"","forecast_date","location","target","target_end_date","type","quantile","value"
"1",2020-12-12,"US","1  day ahead inc hosp",2020-12-13,"quantile",0.01,2991.90140594159
"2",2020-12-12,"US","1  day ahead inc hosp",2020-12-13,"quantile",0.025,3350.18263549173
"3",2020-12-12,"US","1  day ahead inc hosp",2020-12-13,"quantile",0.05,3658.3242585163
"4",2020-12-12,"US","1  day ahead inc hosp",2020-12-13,"quantile",0.1,4013.59181527571
"5",2020-12-12,"US","1  day ahead inc hosp",2020-12-13,"quantile",0.15,4253.28914918478
"6",2020-12-12,"US","1  day ahead inc hosp",2020-12-13,"quantile",0.2,4443.79299161559
"7",2020-12-12,"US","1  day ahead inc hosp",2020-12-13,"quantile",0.25,4607.22832563746
"8",2020-12-12,"US","1  day ahead inc hosp",2020-12-13,"quantile",0.3,4753.99830677044
"9",2020-12-12,"US","1  day ahead inc hosp",2020-12-13,"quantile",0.35,4890.00256738987
"10",2020-12-12,"US","1  day ahead inc hosp",2020-12-13,"quantile",0.4,5019.05731083206
"11",2020-12-12,"US","1  day ahead inc hosp",2020-12-13,"quantile",0.45,5143.91926865076
"12",2020-12-12,"US","1  day ahead inc hosp",2020-12-13,"quantile",0.5,5266.80158730159
"13",2020-12-12,"US","1  day ahead inc hosp",2020-12-13,"quantile",0.55,5389.68390595241
"14",2020-12-12,"US","1  day ahead inc hosp",2020-12-13,"quantile",0.6,5514.54586377111
"15",2020-12-12,"US","1  day ahead inc hosp",2020-12-13,"quantile",0.65,5643.6006072133
"16",2020-12-12,"US","1  day ahead inc hosp",2020-12-13,"quantile",0.7,5779.60486783273
"17",2020-12-12,"US","1  day ahead inc hosp",2020-12-13,"quantile",0.75,5926.37484896571
"18",2020-12-12,"US","1  day ahead inc hosp",2020-12-13,"quantile",0.8,6089.81018298758
"19",2020-12-12,"US","1  day ahead inc hosp",2020-12-13,"quantile",0.85,6280.31402541839
"20",2020-12-12,"US","1  day ahead inc hosp",2020-12-13,"quantile",0.9,6520.01135932746
"21",2020-12-12,"US","1  day ahead inc hosp",2020-12-13,"quantile",0.95,6875.27891608688
"22",2020-12-12,"US","1  day ahead inc hosp",2020-12-13,"quantile",0.975,7183.42053911144
"23",2020-12-12,"US","1  day ahead inc hosp",2020-12-13,"quantile",0.99,7541.70176866159
"24",2020-12-12,"US","2  day ahead inc hosp",2020-12-14,"quantile",0.01,2049.60689777726
"25",2020-12-12,"US","2  day ahead inc hosp",2020-12-14,"quantile",0.025,2556.29307175079
"26",2020-12-12,"US","2  day ahead inc hosp",2020-12-14,"quantile",0.05,2992.07113416378
"27",2020-12-12,"US","2  day ahead inc hosp",2020-12-14,"quantile",0.1,3494.4953312041
"28",2020-12-12,"US","2  day ahead inc hosp",2020-12-14,"quantile",0.15,3833.47855168298
"29",2020-12-12,"US","2  day ahead inc hosp",2020-12-14,"quantile",0.2,4102.89166933282
"30",2020-12-12,"US","2  day ahead inc hosp",2020-12-14,"quantile",0.25,4334.02413527752
"31",2020-12-12,"US","2  day ahead inc hosp",2020-12-14,"quantile",0.3,4541.58823314503
"32",2020-12-12,"US","2  day ahead inc hosp",2020-12-14,"quantile",0.35,4733.92730305355
"33",2020-12-12,"US","2  day ahead inc hosp",2020-12-14,"quantile",0.4,4916.43827151808
"34",2020-12-12,"US","2  day ahead inc hosp",2020-12-14,"quantile",0.45,5093.01974568974
"35",2020-12-12,"US","2  day ahead inc hosp",2020-12-14,"quantile",0.5,5266.80158730159
"36",2020-12-12,"US","2  day ahead inc hosp",2020-12-14,"quantile",0.55,5440.58342891343
"37",2020-12-12,"US","2  day ahead inc hosp",2020-12-14,"quantile",0.6,5617.1649030851
"38",2020-12-12,"US","2  day ahead inc hosp",2020-12-14,"quantile",0.65,5799.67587154963
"39",2020-12-12,"US","2  day ahead inc hosp",2020-12-14,"quantile",0.7,5992.01494145815
"40",2020-12-12,"US","2  day ahead inc hosp",2020-12-14,"quantile",0.75,6199.57903932565
"41",2020-12-12,"US","2  day ahead inc hosp",2020-12-14,"quantile",0.8,6430.71150527035
"42",2020-12-12,"US","2  day ahead inc hosp",2020-12-14,"quantile",0.85,6700.1246229202
"43",2020-12-12,"US","2  day ahead inc hosp",2020-12-14,"quantile",0.9,7039.10784339907
"44",2020-12-12,"US","2  day ahead inc hosp",2020-12-14,"quantile",0.95,7541.53204043939
"45",2020-12-12,"US","2  day ahead inc hosp",2020-12-14,"quantile",0.975,7977.31010285238
"46",2020-12-12,"US","2  day ahead inc hosp",2020-12-14,"quantile",0.99,8483.99627682591
"47",2020-12-12,"US","3  day ahead inc hosp",2020-12-15,"quantile",0.01,1326.55889103842
"48",2020-12-12,"US","3  day ahead inc hosp",2020-12-15,"quantile",0.025,1947.12018401752
"49",2020-12-12,"US","3  day ahead inc hosp",2020-12-15,"quantile",0.05,2480.83713102279
"50",2020-12-12,"US","3  day ahead inc hosp",2020-12-15,"quantile",0.1,3096.17858961096
"51",2020-12-12,"US","3  day ahead inc hosp",2020-12-15,"quantile",0.15,3511.34655038027
"52",2020-12-12,"US","3  day ahead inc hosp",2020-12-15,"quantile",0.2,3841.30888450753
"53",2020-12-12,"US","3  day ahead inc hosp",2020-12-15,"quantile",0.25,4124.3871867854
"54",2020-12-12,"US","3  day ahead inc hosp",2020-12-15,"quantile",0.3,4378.60025113365
"55",2020-12-12,"US","3  day ahead inc hosp",2020-12-15,"quantile",0.35,4614.16654057234
"56",2020-12-12,"US","3  day ahead inc hosp",2020-12-15,"quantile",0.4,4837.69591317198
"57",2020-12-12,"US","3  day ahead inc hosp",2020-12-15,"quantile",0.45,5053.96316804649
"58",2020-12-12,"US","3  day ahead inc hosp",2020-12-15,"quantile",0.5,5266.80158730159
"59",2020-12-12,"US","3  day ahead inc hosp",2020-12-15,"quantile",0.55,5479.64000655668
"60",2020-12-12,"US","3  day ahead inc hosp",2020-12-15,"quantile",0.6,5695.90726143119
"61",2020-12-12,"US","3  day ahead inc hosp",2020-12-15,"quantile",0.65,5919.43663403084
"62",2020-12-12,"US","3  day ahead inc hosp",2020-12-15,"quantile",0.7,6155.00292346953
"63",2020-12-12,"US","3  day ahead inc hosp",2020-12-15,"quantile",0.75,6409.21598781778
"64",2020-12-12,"US","3  day ahead inc hosp",2020-12-15,"quantile",0.8,6692.29429009564
"65",2020-12-12,"US","3  day ahead inc hosp",2020-12-15,"quantile",0.85,7022.2566242229
"66",2020-12-12,"US","3  day ahead inc hosp",2020-12-15,"quantile",0.9,7437.42458499221
"67",2020-12-12,"US","3  day ahead inc hosp",2020-12-15,"quantile",0.95,8052.76604358038
"68",2020-12-12,"US","3  day ahead inc hosp",2020-12-15,"quantile",0.975,8586.48299058565
"69",2020-12-12,"US","3  day ahead inc hosp",2020-12-15,"quantile",0.99,9207.04428356476
"70",2020-12-12,"US","4  day ahead inc hosp",2020-12-16,"quantile",0.01,717.00122458159
"71",2020-12-12,"US","4  day ahead inc hosp",2020-12-16,"quantile",0.025,1433.56368368188
"72",2020-12-12,"US","4  day ahead inc hosp",2020-12-16,"quantile",0.05,2049.846929731
"73",2020-12-12,"US","4  day ahead inc hosp",2020-12-16,"quantile",0.1,2760.38204324984
"74",2020-12-12,"US","4  day ahead inc hosp",2020-12-16,"quantile",0.15,3239.77671106798
"75",2020-12-12,"US","4  day ahead inc hosp",2020-12-16,"quantile",0.2,3620.7843959296
"76",2020-12-12,"US","4  day ahead inc hosp",2020-12-16,"quantile",0.25,3947.65506397333
"77",2020-12-12,"US","4  day ahead inc hosp",2020-12-16,"quantile",0.3,4241.1950262393
"78",2020-12-12,"US","4  day ahead inc hosp",2020-12-16,"quantile",0.35,4513.20354747815
"79",2020-12-12,"US","4  day ahead inc hosp",2020-12-16,"quantile",0.4,4771.31303436254
"80",2020-12-12,"US","4  day ahead inc hosp",2020-12-16,"quantile",0.45,5021.03694999994
"81",2020-12-12,"US","4  day ahead inc hosp",2020-12-16,"quantile",0.5,5266.80158730159
"82",2020-12-12,"US","4  day ahead inc hosp",2020-12-16,"quantile",0.55,5512.56622460323
"83",2020-12-12,"US","4  day ahead inc hosp",2020-12-16,"quantile",0.6,5762.29014024063
"84",2020-12-12,"US","4  day ahead inc hosp",2020-12-16,"quantile",0.65,6020.39962712502
"85",2020-12-12,"US","4  day ahead inc hosp",2020-12-16,"quantile",0.7,6292.40814836388
"86",2020-12-12,"US","4  day ahead inc hosp",2020-12-16,"quantile",0.75,6585.94811062984
"87",2020-12-12,"US","4  day ahead inc hosp",2020-12-16,"quantile",0.8,6912.81877867357
"88",2020-12-12,"US","4  day ahead inc hosp",2020-12-16,"quantile",0.85,7293.8264635352
"89",2020-12-12,"US","4  day ahead inc hosp",2020-12-16,"quantile",0.9,7773.22113135334
"90",2020-12-12,"US","4  day ahead inc hosp",2020-12-16,"quantile",0.95,8483.75624487217
"91",2020-12-12,"US","4  day ahead inc hosp",2020-12-16,"quantile",0.975,9100.03949092129
"92",2020-12-12,"US","4  day ahead inc hosp",2020-12-16,"quantile",0.99,9816.60195002158
"93",2020-12-12,"US","5  day ahead inc hosp",2020-12-17,"quantile",0.01,179.97013975403
"94",2020-12-12,"US","5  day ahead inc hosp",2020-12-17,"quantile",0.025,981.111324090364
"95",2020-12-12,"US","5  day ahead inc hosp",2020-12-17,"quantile",0.05,1670.1369398704
"96",2020-12-12,"US","5  day ahead inc hosp",2020-12-17,"quantile",0.1,2464.53934698471
"97",2020-12-12,"US","5  day ahead inc hosp",2020-12-17,"quantile",0.15,3000.51887963086
"98",2020-12-12,"US","5  day ahead inc hosp",2020-12-17,"quantile",0.2,3426.49842128107
"99",2020-12-12,"US","5  day ahead inc hosp",2020-12-17,"quantile",0.25,3791.95093807934
"100",2020-12-12,"US","5  day ahead inc hosp",2020-12-17,"quantile",0.3,4120.13859294905
"101",2020-12-12,"US","5  day ahead inc hosp",2020-12-17,"quantile",0.35,4424.25336492369
"102",2020-12-12,"US","5  day ahead inc hosp",2020-12-17,"quantile",0.4,4712.82854407923
"103",2020-12-12,"US","5  day ahead inc hosp",2020-12-17,"quantile",0.45,4992.02836956556
"104",2020-12-12,"US","5  day ahead inc hosp",2020-12-17,"quantile",0.5,5266.80158730159
"105",2020-12-12,"US","5  day ahead inc hosp",2020-12-17,"quantile",0.55,5541.57480503762
"106",2020-12-12,"US","5  day ahead inc hosp",2020-12-17,"quantile",0.6,5820.77463052394
"107",2020-12-12,"US","5  day ahead inc hosp",2020-12-17,"quantile",0.65,6109.34980967948
"108",2020-12-12,"US","5  day ahead inc hosp",2020-12-17,"quantile",0.7,6413.46458165412
"109",2020-12-12,"US","5  day ahead inc hosp",2020-12-17,"quantile",0.75,6741.65223652383
"110",2020-12-12,"US","5  day ahead inc hosp",2020-12-17,"quantile",0.8,7107.10475332211
"111",2020-12-12,"US","5  day ahead inc hosp",2020-12-17,"quantile",0.85,7533.08429497231
"112",2020-12-12,"US","5  day ahead inc hosp",2020-12-17,"quantile",0.9,8069.06382761846
"113",2020-12-12,"US","5  day ahead inc hosp",2020-12-17,"quantile",0.95,8863.46623473278
"114",2020-12-12,"US","5  day ahead inc hosp",2020-12-17,"quantile",0.975,9552.49185051281
"115",2020-12-12,"US","5  day ahead inc hosp",2020-12-17,"quantile",0.99,10353.6330348491
"116",2020-12-12,"US","6  day ahead inc hosp",2020-12-18,"quantile",0.01,0
"117",2020-12-12,"US","6  day ahead inc hosp",2020-12-18,"quantile",0.025,572.063124019509
"118",2020-12-12,"US","6  day ahead inc hosp",2020-12-18,"quantile",0.05,1326.85286894273
"119",2020-12-12,"US","6  day ahead inc hosp",2020-12-18,"quantile",0.1,2197.07710516856
"120",2020-12-12,"US","6  day ahead inc hosp",2020-12-18,"quantile",0.15,2784.2132659513
"121",2020-12-12,"US","6  day ahead inc hosp",2020-12-18,"quantile",0.2,3250.85047394636
"122",2020-12-12,"US","6  day ahead inc hosp",2020-12-18,"quantile",0.25,3651.18364824126
"123",2020-12-12,"US","6  day ahead inc hosp",2020-12-18,"quantile",0.3,4010.69521157498
"124",2020-12-12,"US","6  day ahead inc hosp",2020-12-18,"quantile",0.35,4343.83625293708
"125",2020-12-12,"US","6  day ahead inc hosp",2020-12-18,"quantile",0.4,4659.95452325625
"126",2020-12-12,"US","6  day ahead inc hosp",2020-12-18,"quantile",0.45,4965.80260819698
"127",2020-12-12,"US","6  day ahead inc hosp",2020-12-18,"quantile",0.5,5266.80158730159
"128",2020-12-12,"US","6  day ahead inc hosp",2020-12-18,"quantile",0.55,5567.80056640619
"129",2020-12-12,"US","6  day ahead inc hosp",2020-12-18,"quantile",0.6,5873.64865134692
"130",2020-12-12,"US","6  day ahead inc hosp",2020-12-18,"quantile",0.65,6189.76692166609
"131",2020-12-12,"US","6  day ahead inc hosp",2020-12-18,"quantile",0.7,6522.90796302819
"132",2020-12-12,"US","6  day ahead inc hosp",2020-12-18,"quantile",0.75,6882.41952636191
"133",2020-12-12,"US","6  day ahead inc hosp",2020-12-18,"quantile",0.8,7282.75270065681
"134",2020-12-12,"US","6  day ahead inc hosp",2020-12-18,"quantile",0.85,7749.38990865187
"135",2020-12-12,"US","6  day ahead inc hosp",2020-12-18,"quantile",0.9,8336.52606943461
"136",2020-12-12,"US","6  day ahead inc hosp",2020-12-18,"quantile",0.95,9206.75030566044
"137",2020-12-12,"US","6  day ahead inc hosp",2020-12-18,"quantile",0.975,9961.54005058366
"138",2020-12-12,"US","6  day ahead inc hosp",2020-12-18,"quantile",0.99,10839.1462473985
"139",2020-12-12,"US","7  day ahead inc hosp",2020-12-19,"quantile",0.01,0
"140",2020-12-12,"US","7  day ahead inc hosp",2020-12-19,"quantile",0.025,195.904482739431
"141",2020-12-12,"US","7  day ahead inc hosp",2020-12-19,"quantile",0.05,1011.17058585023
"142",2020-12-12,"US","7  day ahead inc hosp",2020-12-19,"quantile",0.1,1951.12018992517
"143",2020-12-12,"US","7  day ahead inc hosp",2020-12-19,"quantile",0.15,2585.29972537378
"144",2020-12-12,"US","7  day ahead inc hosp",2020-12-19,"quantile",0.2,3089.32551624794
"145",2020-12-12,"US","7  day ahead inc hosp",2020-12-19,"quantile",0.25,3521.73476551057
"146",2020-12-12,"US","7  day ahead inc hosp",2020-12-19,"quantile",0.3,3910.05163551809
"147",2020-12-12,"US","7  day ahead inc hosp",2020-12-19,"quantile",0.35,4269.88508636231
"148",2020-12-12,"US","7  day ahead inc hosp",2020-12-19,"quantile",0.4,4611.3318430236
"149",2020-12-12,"US","7  day ahead inc hosp",2020-12-19,"quantile",0.45,4941.68553162452
"150",2020-12-12,"US","7  day ahead inc hosp",2020-12-19,"quantile",0.5,5266.80158730159
"151",2020-12-12,"US","7  day ahead inc hosp",2020-12-19,"quantile",0.55,5591.91764297866
"152",2020-12-12,"US","7  day ahead inc hosp",2020-12-19,"quantile",0.6,5922.27133157958
"153",2020-12-12,"US","7  day ahead inc hosp",2020-12-19,"quantile",0.65,6263.71808824086
"154",2020-12-12,"US","7  day ahead inc hosp",2020-12-19,"quantile",0.7,6623.55153908509
"155",2020-12-12,"US","7  day ahead inc hosp",2020-12-19,"quantile",0.75,7011.8684090926
"156",2020-12-12,"US","7  day ahead inc hosp",2020-12-19,"quantile",0.8,7444.27765835523
"157",2020-12-12,"US","7  day ahead inc hosp",2020-12-19,"quantile",0.85,7948.30344922939
"158",2020-12-12,"US","7  day ahead inc hosp",2020-12-19,"quantile",0.9,8582.482984678
"159",2020-12-12,"US","7  day ahead inc hosp",2020-12-19,"quantile",0.95,9522.43258875294
"160",2020-12-12,"US","7  day ahead inc hosp",2020-12-19,"quantile",0.975,10337.6986918637
"161",2020-12-12,"US","7  day ahead inc hosp",2020-12-19,"quantile",0.99,11285.6217246759
"162",2020-12-12,"US","8  day ahead inc hosp",2020-12-20,"quantile",0.01,0
"163",2020-12-12,"US","8  day ahead inc hosp",2020-12-20,"quantile",0.025,0
"164",2020-12-12,"US","8  day ahead inc hosp",2020-12-20,"quantile",0.05,717.340681025971
"165",2020-12-12,"US","8  day ahead inc hosp",2020-12-20,"quantile",0.1,1722.18907510661
"166",2020-12-12,"US","8  day ahead inc hosp",2020-12-20,"quantile",0.15,2400.15551606437
"167",2020-12-12,"US","8  day ahead inc hosp",2020-12-20,"quantile",0.2,2938.98175136405
"168",2020-12-12,"US","8  day ahead inc hosp",2020-12-20,"quantile",0.25,3401.24668325345
"169",2020-12-12,"US","8  day ahead inc hosp",2020-12-20,"quantile",0.3,3816.37487898847
"170",2020-12-12,"US","8  day ahead inc hosp",2020-12-20,"quantile",0.35,4201.05301880551
"171",2020-12-12,"US","8  day ahead inc hosp",2020-12-20,"quantile",0.4,4566.07495573457
"172",2020-12-12,"US","8  day ahead inc hosp",2020-12-20,"quantile",0.45,4919.2379040779
"173",2020-12-12,"US","8  day ahead inc hosp",2020-12-20,"quantile",0.5,5266.80158730159
"174",2020-12-12,"US","8  day ahead inc hosp",2020-12-20,"quantile",0.55,5614.36527052528
"175",2020-12-12,"US","8  day ahead inc hosp",2020-12-20,"quantile",0.6,5967.52821886861
"176",2020-12-12,"US","8  day ahead inc hosp",2020-12-20,"quantile",0.65,6332.55015579767
"177",2020-12-12,"US","8  day ahead inc hosp",2020-12-20,"quantile",0.7,6717.22829561471
"178",2020-12-12,"US","8  day ahead inc hosp",2020-12-20,"quantile",0.75,7132.35649134972
"179",2020-12-12,"US","8  day ahead inc hosp",2020-12-20,"quantile",0.8,7594.62142323912
"180",2020-12-12,"US","8  day ahead inc hosp",2020-12-20,"quantile",0.85,8133.4476585388
"181",2020-12-12,"US","8  day ahead inc hosp",2020-12-20,"quantile",0.9,8811.41409949656
"182",2020-12-12,"US","8  day ahead inc hosp",2020-12-20,"quantile",0.95,9816.2624935772
"183",2020-12-12,"US","8  day ahead inc hosp",2020-12-20,"quantile",0.975,10687.8186184032
"184",2020-12-12,"US","8  day ahead inc hosp",2020-12-20,"quantile",0.99,11701.1909663502
"185",2020-12-12,"US","9  day ahead inc hosp",2020-12-21,"quantile",0.01,0
"186",2020-12-12,"US","9  day ahead inc hosp",2020-12-21,"quantile",0.025,0
"187",2020-12-12,"US","9  day ahead inc hosp",2020-12-21,"quantile",0.05,441.369600945712
"188",2020-12-12,"US","9  day ahead inc hosp",2020-12-21,"quantile",0.1,1507.17227122396
"189",2020-12-12,"US","9  day ahead inc hosp",2020-12-21,"quantile",0.15,2226.26427295117
"190",2020-12-12,"US","9  day ahead inc hosp",2020-12-21,"quantile",0.2,2797.77580024361
"191",2020-12-12,"US","9  day ahead inc hosp",2020-12-21,"quantile",0.25,3288.0818023092
"192",2020-12-12,"US","9  day ahead inc hosp",2020-12-21,"quantile",0.3,3728.39174570815
"193",2020-12-12,"US","9  day ahead inc hosp",2020-12-21,"quantile",0.35,4136.40452756644
"194",2020-12-12,"US","9  day ahead inc hosp",2020-12-21,"quantile",0.4,4523.56875789302
"195",2020-12-12,"US","9  day ahead inc hosp",2020-12-21,"quantile",0.45,4898.15463134912
"196",2020-12-12,"US","9  day ahead inc hosp",2020-12-21,"quantile",0.5,5266.80158730159
"197",2020-12-12,"US","9  day ahead inc hosp",2020-12-21,"quantile",0.55,5635.44854325405
"198",2020-12-12,"US","9  day ahead inc hosp",2020-12-21,"quantile",0.6,6010.03441671016
"199",2020-12-12,"US","9  day ahead inc hosp",2020-12-21,"quantile",0.65,6397.19864703674
"200",2020-12-12,"US","9  day ahead inc hosp",2020-12-21,"quantile",0.7,6805.21142889502
"201",2020-12-12,"US","9  day ahead inc hosp",2020-12-21,"quantile",0.75,7245.52137229397
"202",2020-12-12,"US","9  day ahead inc hosp",2020-12-21,"quantile",0.8,7735.82737435957
"203",2020-12-12,"US","9  day ahead inc hosp",2020-12-21,"quantile",0.85,8307.338901652
"204",2020-12-12,"US","9  day ahead inc hosp",2020-12-21,"quantile",0.9,9026.43090337921
"205",2020-12-12,"US","9  day ahead inc hosp",2020-12-21,"quantile",0.95,10092.2335736575
"206",2020-12-12,"US","9  day ahead inc hosp",2020-12-21,"quantile",0.975,11016.6584427311
"207",2020-12-12,"US","9  day ahead inc hosp",2020-12-21,"quantile",0.99,12091.5021313816
"208",2020-12-12,"US","10  day ahead inc hosp",2020-12-22,"quantile",0.01,0
"209",2020-12-12,"US","10  day ahead inc hosp",2020-12-22,"quantile",0.025,0
"210",2020-12-12,"US","10  day ahead inc hosp",2020-12-22,"quantile",0.05,180.34966359655
"211",2020-12-12,"US","10  day ahead inc hosp",2020-12-22,"quantile",0.1,1303.80432171945
"212",2020-12-12,"US","10  day ahead inc hosp",2020-12-22,"quantile",0.15,2061.79384594203
"213",2020-12-12,"US","10  day ahead inc hosp",2020-12-22,"quantile",0.2,2664.21989103722
"214",2020-12-12,"US","10  day ahead inc hosp",2020-12-22,"quantile",0.25,3181.04779669672
"215",2020-12-12,"US","10  day ahead inc hosp",2020-12-22,"quantile",0.3,3645.17522921689
"216",2020-12-12,"US","10  day ahead inc hosp",2020-12-22,"quantile",0.35,4075.25846426142
"217",2020-12-12,"US","10  day ahead inc hosp",2020-12-22,"quantile",0.4,4483.36539638743
"218",2020-12-12,"US","10  day ahead inc hosp",2020-12-22,"quantile",0.45,4878.2135762024
"219",2020-12-12,"US","10  day ahead inc hosp",2020-12-22,"quantile",0.5,5266.80158730159
"220",2020-12-12,"US","10  day ahead inc hosp",2020-12-22,"quantile",0.55,5655.38959840077
"221",2020-12-12,"US","10  day ahead inc hosp",2020-12-22,"quantile",0.6,6050.23777821574
"222",2020-12-12,"US","10  day ahead inc hosp",2020-12-22,"quantile",0.65,6458.34471034175
"223",2020-12-12,"US","10  day ahead inc hosp",2020-12-22,"quantile",0.7,6888.42794538628
"224",2020-12-12,"US","10  day ahead inc hosp",2020-12-22,"quantile",0.75,7352.55537790645
"225",2020-12-12,"US","10  day ahead inc hosp",2020-12-22,"quantile",0.8,7869.38328356595
"226",2020-12-12,"US","10  day ahead inc hosp",2020-12-22,"quantile",0.85,8471.80932866115
"227",2020-12-12,"US","10  day ahead inc hosp",2020-12-22,"quantile",0.9,9229.79885288372
"228",2020-12-12,"US","10  day ahead inc hosp",2020-12-22,"quantile",0.95,10353.2535110066
"229",2020-12-12,"US","10  day ahead inc hosp",2020-12-22,"quantile",0.975,11327.6828816652
"230",2020-12-12,"US","10  day ahead inc hosp",2020-12-22,"quantile",0.99,12460.6676099293
"231",2020-12-12,"US","11  day ahead inc hosp",2020-12-23,"quantile",0.01,0
"232",2020-12-12,"US","11  day ahead inc hosp",2020-12-23,"quantile",0.025,0
"233",2020-12-12,"US","11  day ahead inc hosp",2020-12-23,"quantile",0.05,0
"234",2020-12-12,"US","11  day ahead inc hosp",2020-12-23,"quantile",0.1,1110.37498988493
"235",2020-12-12,"US","11  day ahead inc hosp",2020-12-23,"quantile",0.15,1905.36110970985
"236",2020-12-12,"US","11  day ahead inc hosp",2020-12-23,"quantile",0.2,2537.19087617384
"237",2020-12-12,"US","11  day ahead inc hosp",2020-12-23,"quantile",0.25,3079.24455661077
"238",2020-12-12,"US","11  day ahead inc hosp",2020-12-23,"quantile",0.3,3566.02551451642
"239",2020-12-12,"US","11  day ahead inc hosp",2020-12-23,"quantile",0.35,4017.10061688077
"240",2020-12-12,"US","11  day ahead inc hosp",2020-12-23,"quantile",0.4,4445.1267782941
"241",2020-12-12,"US","11  day ahead inc hosp",2020-12-23,"quantile",0.45,4859.24704296792
"242",2020-12-12,"US","11  day ahead inc hosp",2020-12-23,"quantile",0.5,5266.80158730159
"243",2020-12-12,"US","11  day ahead inc hosp",2020-12-23,"quantile",0.55,5674.35613163526
"244",2020-12-12,"US","11  day ahead inc hosp",2020-12-23,"quantile",0.6,6088.47639630907
"245",2020-12-12,"US","11  day ahead inc hosp",2020-12-23,"quantile",0.65,6516.5025577224
"246",2020-12-12,"US","11  day ahead inc hosp",2020-12-23,"quantile",0.7,6967.57766008676
"247",2020-12-12,"US","11  day ahead inc hosp",2020-12-23,"quantile",0.75,7454.3586179924
"248",2020-12-12,"US","11  day ahead inc hosp",2020-12-23,"quantile",0.8,7996.41229842934
"249",2020-12-12,"US","11  day ahead inc hosp",2020-12-23,"quantile",0.85,8628.24206489333
"250",2020-12-12,"US","11  day ahead inc hosp",2020-12-23,"quantile",0.9,9423.22818471824
"251",2020-12-12,"US","11  day ahead inc hosp",2020-12-23,"quantile",0.95,10601.5173706755
"252",2020-12-12,"US","11  day ahead inc hosp",2020-12-23,"quantile",0.975,11623.5075165391
"253",2020-12-12,"US","11  day ahead inc hosp",2020-12-23,"quantile",0.99,12811.7919243842
"254",2020-12-12,"US","12  day ahead inc hosp",2020-12-24,"quantile",0.01,0
"255",2020-12-12,"US","12  day ahead inc hosp",2020-12-24,"quantile",0.025,0
"256",2020-12-12,"US","12  day ahead inc hosp",2020-12-24,"quantile",0.05,0
"257",2020-12-12,"US","12  day ahead inc hosp",2020-12-24,"quantile",0.1,925.555591920334
"258",2020-12-12,"US","12  day ahead inc hosp",2020-12-24,"quantile",0.15,1755.89151345896
"259",2020-12-12,"US","12  day ahead inc hosp",2020-12-24,"quantile",0.2,2415.81618171348
"260",2020-12-12,"US","12  day ahead inc hosp",2020-12-24,"quantile",0.25,2981.97278626921
"261",2020-12-12,"US","12  day ahead inc hosp",2020-12-24,"quantile",0.3,3490.39891496571
"262",2020-12-12,"US","12  day ahead inc hosp",2020-12-24,"quantile",0.35,3961.53149384309
"263",2020-12-12,"US","12  day ahead inc hosp",2020-12-24,"quantile",0.4,4408.59023904238
"264",2020-12-12,"US","12  day ahead inc hosp",2020-12-24,"quantile",0.45,4841.1247487914
"265",2020-12-12,"US","12  day ahead inc hosp",2020-12-24,"quantile",0.5,5266.80158730159
"266",2020-12-12,"US","12  day ahead inc hosp",2020-12-24,"quantile",0.55,5692.47842581177
"267",2020-12-12,"US","12  day ahead inc hosp",2020-12-24,"quantile",0.6,6125.0129355608
"268",2020-12-12,"US","12  day ahead inc hosp",2020-12-24,"quantile",0.65,6572.07168076009
"269",2020-12-12,"US","12  day ahead inc hosp",2020-12-24,"quantile",0.7,7043.20425963746
"270",2020-12-12,"US","12  day ahead inc hosp",2020-12-24,"quantile",0.75,7551.63038833397
"271",2020-12-12,"US","12  day ahead inc hosp",2020-12-24,"quantile",0.8,8117.78699288969
"272",2020-12-12,"US","12  day ahead inc hosp",2020-12-24,"quantile",0.85,8777.71166114421
"273",2020-12-12,"US","12  day ahead inc hosp",2020-12-24,"quantile",0.9,9608.04758268284
"274",2020-12-12,"US","12  day ahead inc hosp",2020-12-24,"quantile",0.95,10838.7304998592
"275",2020-12-12,"US","12  day ahead inc hosp",2020-12-24,"quantile",0.975,11906.1643938697
"276",2020-12-12,"US","12  day ahead inc hosp",2020-12-24,"quantile",0.99,13147.2869798279
"277",2020-12-12,"US","13  day ahead inc hosp",2020-12-25,"quantile",0.01,0
"278",2020-12-12,"US","13  day ahead inc hosp",2020-12-25,"quantile",0.025,0
"279",2020-12-12,"US","13  day ahead inc hosp",2020-12-25,"quantile",0.05,0
"280",2020-12-12,"US","13  day ahead inc hosp",2020-12-25,"quantile",0.1,748.289495349756
"281",2020-12-12,"US","13  day ahead inc hosp",2020-12-25,"quantile",0.15,1612.53052335092
"282",2020-12-12,"US","13  day ahead inc hosp",2020-12-25,"quantile",0.2,2299.40189540813
"283",2020-12-12,"US","13  day ahead inc hosp",2020-12-25,"quantile",0.25,2888.67637244655
"284",2020-12-12,"US","13  day ahead inc hosp",2020-12-25,"quantile",0.3,3417.8630651204
"285",2020-12-12,"US","13  day ahead inc hosp",2020-12-25,"quantile",0.35,3908.23340046531
"286",2020-12-12,"US","13  day ahead inc hosp",2020-12-25,"quantile",0.4,4373.54689528799
"287",2020-12-12,"US","13  day ahead inc hosp",2020-12-25,"quantile",0.45,4823.74308655814
"288",2020-12-12,"US","13  day ahead inc hosp",2020-12-25,"quantile",0.5,5266.80158730159
"289",2020-12-12,"US","13  day ahead inc hosp",2020-12-25,"quantile",0.55,5709.86008804503
"290",2020-12-12,"US","13  day ahead inc hosp",2020-12-25,"quantile",0.6,6160.05627931518
"291",2020-12-12,"US","13  day ahead inc hosp",2020-12-25,"quantile",0.65,6625.36977413786
"292",2020-12-12,"US","13  day ahead inc hosp",2020-12-25,"quantile",0.7,7115.74010948277
"293",2020-12-12,"US","13  day ahead inc hosp",2020-12-25,"quantile",0.75,7644.92680215662
"294",2020-12-12,"US","13  day ahead inc hosp",2020-12-25,"quantile",0.8,8234.20127919505
"295",2020-12-12,"US","13  day ahead inc hosp",2020-12-25,"quantile",0.85,8921.07265125225
"296",2020-12-12,"US","13  day ahead inc hosp",2020-12-25,"quantile",0.9,9785.31367925342
"297",2020-12-12,"US","13  day ahead inc hosp",2020-12-25,"quantile",0.95,11066.2490716583
"298",2020-12-12,"US","13  day ahead inc hosp",2020-12-25,"quantile",0.975,12177.2694935781
"299",2020-12-12,"US","13  day ahead inc hosp",2020-12-25,"quantile",0.99,13469.0708377574
"300",2020-12-12,"US","14  day ahead inc hosp",2020-12-26,"quantile",0.01,0
"301",2020-12-12,"US","14  day ahead inc hosp",2020-12-26,"quantile",0.025,0
"302",2020-12-12,"US","14  day ahead inc hosp",2020-12-26,"quantile",0.05,0
"303",2020-12-12,"US","14  day ahead inc hosp",2020-12-26,"quantile",0.1,577.719986623682
"304",2020-12-12,"US","14  day ahead inc hosp",2020-12-26,"quantile",0.15,1474.58528663457
"305",2020-12-12,"US","14  day ahead inc hosp",2020-12-26,"quantile",0.2,2187.38539587464
"306",2020-12-12,"US","14  day ahead inc hosp",2020-12-26,"quantile",0.25,2798.90442067742
"307",2020-12-12,"US","14  day ahead inc hosp",2020-12-26,"quantile",0.3,3348.06740474032
"308",2020-12-12,"US","14  day ahead inc hosp",2020-12-26,"quantile",0.35,3856.94875111973
"309",2020-12-12,"US","14  day ahead inc hosp",2020-12-26,"quantile",0.4,4339.82738521843
"310",2020-12-12,"US","14  day ahead inc hosp",2020-12-26,"quantile",0.45,4807.01805201783
"311",2020-12-12,"US","14  day ahead inc hosp",2020-12-26,"quantile",0.5,5266.80158730159
"312",2020-12-12,"US","14  day ahead inc hosp",2020-12-26,"quantile",0.55,5726.58512258535
"313",2020-12-12,"US","14  day ahead inc hosp",2020-12-26,"quantile",0.6,6193.77578938474
"314",2020-12-12,"US","14  day ahead inc hosp",2020-12-26,"quantile",0.65,6676.65442348344
"315",2020-12-12,"US","14  day ahead inc hosp",2020-12-26,"quantile",0.7,7185.53576986285
"316",2020-12-12,"US","14  day ahead inc hosp",2020-12-26,"quantile",0.75,7734.69875392575
"317",2020-12-12,"US","14  day ahead inc hosp",2020-12-26,"quantile",0.8,8346.21777872853
"318",2020-12-12,"US","14  day ahead inc hosp",2020-12-26,"quantile",0.85,9059.0178879686
"319",2020-12-12,"US","14  day ahead inc hosp",2020-12-26,"quantile",0.9,9955.88318797949
"320",2020-12-12,"US","14  day ahead inc hosp",2020-12-26,"quantile",0.95,11285.1726660095
"321",2020-12-12,"US","14  day ahead inc hosp",2020-12-26,"quantile",0.975,12438.1330459718
"322",2020-12-12,"US","14  day ahead inc hosp",2020-12-26,"quantile",0.99,13778.6986550606
"323",2020-12-12,"US","15  day ahead inc hosp",2020-12-27,"quantile",0.01,0
"324",2020-12-12,"US","15  day ahead inc hosp",2020-12-27,"quantile",0.025,0
"325",2020-12-12,"US","15  day ahead inc hosp",2020-12-27,"quantile",0.05,0
"326",2020-12-12,"US","15  day ahead inc hosp",2020-12-27,"quantile",0.1,413.141010940977
"327",2020-12-12,"US","15  day ahead inc hosp",2020-12-27,"quantile",0.15,1341.48479330112
"328",2020-12-12,"US","15  day ahead inc hosp",2020-12-27,"quantile",0.2,2079.30300242418
"329",2020-12-12,"US","15  day ahead inc hosp",2020-12-27,"quantile",0.25,2712.28532927271
"330",2020-12-12,"US","15  day ahead inc hosp",2020-12-27,"quantile",0.3,3280.72302192393
"331",2020-12-12,"US","15  day ahead inc hosp",2020-12-27,"quantile",0.35,3807.46525831623
"332",2020-12-12,"US","15  day ahead inc hosp",2020-12-27,"quantile",0.4,4307.29213041692
"333",2020-12-12,"US","15  day ahead inc hosp",2020-12-27,"quantile",0.45,4790.8804136236
"334",2020-12-12,"US","15  day ahead inc hosp",2020-12-27,"quantile",0.5,5266.80158730159
"335",2020-12-12,"US","15  day ahead inc hosp",2020-12-27,"quantile",0.55,5742.72276097957
"336",2020-12-12,"US","15  day ahead inc hosp",2020-12-27,"quantile",0.6,6226.31104418626
"337",2020-12-12,"US","15  day ahead inc hosp",2020-12-27,"quantile",0.65,6726.13791628694
"338",2020-12-12,"US","15  day ahead inc hosp",2020-12-27,"quantile",0.7,7252.88015267924
"339",2020-12-12,"US","15  day ahead inc hosp",2020-12-27,"quantile",0.75,7821.31784533046
"340",2020-12-12,"US","15  day ahead inc hosp",2020-12-27,"quantile",0.8,8454.30017217899
"341",2020-12-12,"US","15  day ahead inc hosp",2020-12-27,"quantile",0.85,9192.11838130205
"342",2020-12-12,"US","15  day ahead inc hosp",2020-12-27,"quantile",0.9,10120.4621636622
"343",2020-12-12,"US","15  day ahead inc hosp",2020-12-27,"quantile",0.95,11496.4074944392
"344",2020-12-12,"US","15  day ahead inc hosp",2020-12-27,"quantile",0.975,12689.8348686867
"345",2020-12-12,"US","15  day ahead inc hosp",2020-12-27,"quantile",0.99,14077.4521039931
"346",2020-12-12,"US","16  day ahead inc hosp",2020-12-28,"quantile",0.01,0
"347",2020-12-12,"US","16  day ahead inc hosp",2020-12-28,"quantile",0.025,0
"348",2020-12-12,"US","16  day ahead inc hosp",2020-12-28,"quantile",0.05,0
"349",2020-12-12,"US","16  day ahead inc hosp",2020-12-28,"quantile",0.1,253.962499198085
"350",2020-12-12,"US","16  day ahead inc hosp",2020-12-28,"quantile",0.15,1212.75183483437
"351",2020-12-12,"US","16  day ahead inc hosp",2020-12-28,"quantile",0.2,1974.76720455761
"352",2020-12-12,"US","16  day ahead inc hosp",2020-12-28,"quantile",0.25,2628.50854064508
"353",2020-12-12,"US","16  day ahead inc hosp",2020-12-28,"quantile",0.3,3215.58846517701
"354",2020-12-12,"US","16  day ahead inc hosp",2020-12-28,"quantile",0.35,3759.60550765472
"355",2020-12-12,"US","16  day ahead inc hosp",2020-12-28,"quantile",0.4,4275.82448142349
"356",2020-12-12,"US","16  day ahead inc hosp",2020-12-28,"quantile",0.45,4775.2723126983
"357",2020-12-12,"US","16  day ahead inc hosp",2020-12-28,"quantile",0.5,5266.80158730159
"358",2020-12-12,"US","16  day ahead inc hosp",2020-12-28,"quantile",0.55,5758.33086190488
"359",2020-12-12,"US","16  day ahead inc hosp",2020-12-28,"quantile",0.6,6257.77869317968
"360",2020-12-12,"US","16  day ahead inc hosp",2020-12-28,"quantile",0.65,6773.99766694845
"361",2020-12-12,"US","16  day ahead inc hosp",2020-12-28,"quantile",0.7,7318.01470942617
"362",2020-12-12,"US","16  day ahead inc hosp",2020-12-28,"quantile",0.75,7905.0946339581
"363",2020-12-12,"US","16  day ahead inc hosp",2020-12-28,"quantile",0.8,8558.83597004556
"364",2020-12-12,"US","16  day ahead inc hosp",2020-12-28,"quantile",0.85,9320.85133976881
"365",2020-12-12,"US","16  day ahead inc hosp",2020-12-28,"quantile",0.9,10279.6406754051
"366",2020-12-12,"US","16  day ahead inc hosp",2020-12-28,"quantile",0.95,11700.7109024428
"367",2020-12-12,"US","16  day ahead inc hosp",2020-12-28,"quantile",0.975,12933.277394541
"368",2020-12-12,"US","16  day ahead inc hosp",2020-12-28,"quantile",0.99,14366.4023127416
"369",2020-12-12,"US","17  day ahead inc hosp",2020-12-29,"quantile",0.01,0
"370",2020-12-12,"US","17  day ahead inc hosp",2020-12-29,"quantile",0.025,0
"371",2020-12-12,"US","17  day ahead inc hosp",2020-12-29,"quantile",0.05,0
"372",2020-12-12,"US","17  day ahead inc hosp",2020-12-29,"quantile",0.1,99.6853261826736
"373",2020-12-12,"US","17  day ahead inc hosp",2020-12-29,"quantile",0.15,1087.98275206872
"374",2020-12-12,"US","17  day ahead inc hosp",2020-12-29,"quantile",0.2,1873.45021649698
"375",2020-12-12,"US","17  day ahead inc hosp",2020-12-29,"quantile",0.25,2547.31136162723
"376",2020-12-12,"US","17  day ahead inc hosp",2020-12-29,"quantile",0.3,3152.45949650843
"377",2020-12-12,"US","17  day ahead inc hosp",2020-12-29,"quantile",0.35,3713.21942857637
"378",2020-12-12,"US","17  day ahead inc hosp",2020-12-29,"quantile",0.4,4245.32576727552
"379",2020-12-12,"US","17  day ahead inc hosp",2020-12-29,"quantile",0.45,4760.14480798344
"380",2020-12-12,"US","17  day ahead inc hosp",2020-12-29,"quantile",0.5,5266.80158730159
"381",2020-12-12,"US","17  day ahead inc hosp",2020-12-29,"quantile",0.55,5773.45836661973
"382",2020-12-12,"US","17  day ahead inc hosp",2020-12-29,"quantile",0.6,6288.27740732765
"383",2020-12-12,"US","17  day ahead inc hosp",2020-12-29,"quantile",0.65,6820.38374602681
"384",2020-12-12,"US","17  day ahead inc hosp",2020-12-29,"quantile",0.7,7381.14367809474
"385",2020-12-12,"US","17  day ahead inc hosp",2020-12-29,"quantile",0.75,7986.29181297594
"386",2020-12-12,"US","17  day ahead inc hosp",2020-12-29,"quantile",0.8,8660.1529581062
"387",2020-12-12,"US","17  day ahead inc hosp",2020-12-29,"quantile",0.85,9445.62042253446
"388",2020-12-12,"US","17  day ahead inc hosp",2020-12-29,"quantile",0.9,10433.9178484205
"389",2020-12-12,"US","17  day ahead inc hosp",2020-12-29,"quantile",0.95,11898.7235102947
"390",2020-12-12,"US","17  day ahead inc hosp",2020-12-29,"quantile",0.975,13169.2239696742
"391",2020-12-12,"US","17  day ahead inc hosp",2020-12-29,"quantile",0.99,14646.4553227856
"392",2020-12-12,"US","18  day ahead inc hosp",2020-12-30,"quantile",0.01,0
"393",2020-12-12,"US","18  day ahead inc hosp",2020-12-30,"quantile",0.025,0
"394",2020-12-12,"US","18  day ahead inc hosp",2020-12-30,"quantile",0.05,0
"395",2020-12-12,"US","18  day ahead inc hosp",2020-12-30,"quantile",0.1,0
"396",2020-12-12,"US","18  day ahead inc hosp",2020-12-30,"quantile",0.15,966.832480445762
"397",2020-12-12,"US","18  day ahead inc hosp",2020-12-30,"quantile",0.2,1775.07183339529
"398",2020-12-12,"US","18  day ahead inc hosp",2020-12-30,"quantile",0.25,2468.46923122938
"399",2020-12-12,"US","18  day ahead inc hosp",2020-12-30,"quantile",0.3,3091.16152483191
"400",2020-12-12,"US","18  day ahead inc hosp",2020-12-30,"quantile",0.35,3668.17873455747
"401",2020-12-12,"US","18  day ahead inc hosp",2020-12-30,"quantile",0.4,4215.71163995106
"402",2020-12-12,"US","18  day ahead inc hosp",2020-12-30,"quantile",0.45,4745.45606246605
"403",2020-12-12,"US","18  day ahead inc hosp",2020-12-30,"quantile",0.5,5266.80158730159
"404",2020-12-12,"US","18  day ahead inc hosp",2020-12-30,"quantile",0.55,5788.14711213712
"405",2020-12-12,"US","18  day ahead inc hosp",2020-12-30,"quantile",0.6,6317.89153465211
"406",2020-12-12,"US","18  day ahead inc hosp",2020-12-30,"quantile",0.65,6865.42444004571
"407",2020-12-12,"US","18  day ahead inc hosp",2020-12-30,"quantile",0.7,7442.44164977127
"408",2020-12-12,"US","18  day ahead inc hosp",2020-12-30,"quantile",0.75,8065.13394337379
"409",2020-12-12,"US","18  day ahead inc hosp",2020-12-30,"quantile",0.8,8758.53134120789
"410",2020-12-12,"US","18  day ahead inc hosp",2020-12-30,"quantile",0.85,9566.77069415741
"411",2020-12-12,"US","18  day ahead inc hosp",2020-12-30,"quantile",0.9,10583.7203555941
"412",2020-12-12,"US","18  day ahead inc hosp",2020-12-30,"quantile",0.95,12090.992946715
"413",2020-12-12,"US","18  day ahead inc hosp",2020-12-30,"quantile",0.975,13398.327133954
"414",2020-12-12,"US","18  day ahead inc hosp",2020-12-30,"quantile",0.99,14918.3856558746
"415",2020-12-12,"US","19  day ahead inc hosp",2020-12-31,"quantile",0.01,0
"416",2020-12-12,"US","19  day ahead inc hosp",2020-12-31,"quantile",0.025,0
"417",2020-12-12,"US","19  day ahead inc hosp",2020-12-31,"quantile",0.05,0
"418",2020-12-12,"US","19  day ahead inc hosp",2020-12-31,"quantile",0.1,0
"419",2020-12-12,"US","19  day ahead inc hosp",2020-12-31,"quantile",0.15,849.003291528912
"420",2020-12-12,"US","19  day ahead inc hosp",2020-12-31,"quantile",0.2,1679.39028904102
"421",2020-12-12,"US","19  day ahead inc hosp",2020-12-31,"quantile",0.25,2391.78839384615
"422",2020-12-12,"US","19  day ahead inc hosp",2020-12-31,"quantile",0.3,3031.54390955019
"423",2020-12-12,"US","19  day ahead inc hosp",2020-12-31,"quantile",0.35,3624.37273748124
"424",2020-12-12,"US","19  day ahead inc hosp",2020-12-31,"quantile",0.4,4186.90932233033
"425",2020-12-12,"US","19  day ahead inc hosp",2020-12-31,"quantile",0.45,4731.16997835469
"426",2020-12-12,"US","19  day ahead inc hosp",2020-12-31,"quantile",0.5,5266.80158730159
"427",2020-12-12,"US","19  day ahead inc hosp",2020-12-31,"quantile",0.55,5802.43319624848
"428",2020-12-12,"US","19  day ahead inc hosp",2020-12-31,"quantile",0.6,6346.69385227284
"429",2020-12-12,"US","19  day ahead inc hosp",2020-12-31,"quantile",0.65,6909.23043712193
"430",2020-12-12,"US","19  day ahead inc hosp",2020-12-31,"quantile",0.7,7502.05926505299
"431",2020-12-12,"US","19  day ahead inc hosp",2020-12-31,"quantile",0.75,8141.81478075703
"432",2020-12-12,"US","19  day ahead inc hosp",2020-12-31,"quantile",0.8,8854.21288556216
"433",2020-12-12,"US","19  day ahead inc hosp",2020-12-31,"quantile",0.85,9684.59988307426
"434",2020-12-12,"US","19  day ahead inc hosp",2020-12-31,"quantile",0.9,10729.41633862
"435",2020-12-12,"US","19  day ahead inc hosp",2020-12-31,"quantile",0.95,12277.9917164529
"436",2020-12-12,"US","19  day ahead inc hosp",2020-12-31,"quantile",0.975,13621.1499115156
"437",2020-12-12,"US","19  day ahead inc hosp",2020-12-31,"quantile",0.99,15182.8615844922
"438",2020-12-12,"US","20  day ahead inc hosp",2021-01-01,"quantile",0.01,0
"439",2020-12-12,"US","20  day ahead inc hosp",2021-01-01,"quantile",0.025,0
"440",2020-12-12,"US","20  day ahead inc hosp",2021-01-01,"quantile",0.05,0
"441",2020-12-12,"US","20  day ahead inc hosp",2021-01-01,"quantile",0.1,0
"442",2020-12-12,"US","20  day ahead inc hosp",2021-01-01,"quantile",0.15,734.236171960135
"443",2020-12-12,"US","20  day ahead inc hosp",2021-01-01,"quantile",0.2,1586.19525526054
"444",2020-12-12,"US","20  day ahead inc hosp",2021-01-01,"quantile",0.25,2317.1002888571
"445",2020-12-12,"US","20  day ahead inc hosp",2021-01-01,"quantile",0.3,2973.47559859652
"446",2020-12-12,"US","20  day ahead inc hosp",2021-01-01,"quantile",0.35,3581.7051425458
"447",2020-12-12,"US","20  day ahead inc hosp",2021-01-01,"quantile",0.4,4158.85550085688
"448",2020-12-12,"US","20  day ahead inc hosp",2021-01-01,"quantile",0.45,4717.25515182953
"449",2020-12-12,"US","20  day ahead inc hosp",2021-01-01,"quantile",0.5,5266.80158730159
"450",2020-12-12,"US","20  day ahead inc hosp",2021-01-01,"quantile",0.55,5816.34802277364
"451",2020-12-12,"US","20  day ahead inc hosp",2021-01-01,"quantile",0.6,6374.7476737463
"452",2020-12-12,"US","20  day ahead inc hosp",2021-01-01,"quantile",0.65,6951.89803205738
"453",2020-12-12,"US","20  day ahead inc hosp",2021-01-01,"quantile",0.7,7560.12757600666
"454",2020-12-12,"US","20  day ahead inc hosp",2021-01-01,"quantile",0.75,8216.50288574608
"455",2020-12-12,"US","20  day ahead inc hosp",2021-01-01,"quantile",0.8,8947.40791934263
"456",2020-12-12,"US","20  day ahead inc hosp",2021-01-01,"quantile",0.85,9799.36700264304
"457",2020-12-12,"US","20  day ahead inc hosp",2021-01-01,"quantile",0.9,10871.3260679353
"458",2020-12-12,"US","20  day ahead inc hosp",2021-01-01,"quantile",0.95,12460.130882164
"459",2020-12-12,"US","20  day ahead inc hosp",2021-01-01,"quantile",0.975,13838.182113724
"460",2020-12-12,"US","20  day ahead inc hosp",2021-01-01,"quantile",0.99,15440.4644823967
"461",2020-12-12,"US","21  day ahead inc hosp",2021-01-02,"quantile",0.01,0
"462",2020-12-12,"US","21  day ahead inc hosp",2021-01-02,"quantile",0.025,0
"463",2020-12-12,"US","21  day ahead inc hosp",2021-01-02,"quantile",0.05,0
"464",2020-12-12,"US","21  day ahead inc hosp",2021-01-02,"quantile",0.1,0
"465",2020-12-12,"US","21  day ahead inc hosp",2021-01-02,"quantile",0.15,622.304121852079
"466",2020-12-12,"US","21  day ahead inc hosp",2021-01-02,"quantile",0.2,1495.30239997122
"467",2020-12-12,"US","21  day ahead inc hosp",2021-01-02,"quantile",0.25,2244.25718935681
"468",2020-12-12,"US","21  day ahead inc hosp",2021-01-02,"quantile",0.3,2916.84173764594
"469",2020-12-12,"US","21  day ahead inc hosp",2021-01-02,"quantile",0.35,3540.09155677097
"470",2020-12-12,"US","21  day ahead inc hosp",2021-01-02,"quantile",0.4,4131.49468738793
"471",2020-12-12,"US","21  day ahead inc hosp",2021-01-02,"quantile",0.45,4703.68406051251
"472",2020-12-12,"US","21  day ahead inc hosp",2021-01-02,"quantile",0.5,5266.80158730159
"473",2020-12-12,"US","21  day ahead inc hosp",2021-01-02,"quantile",0.55,5829.91911409066
"474",2020-12-12,"US","21  day ahead inc hosp",2021-01-02,"quantile",0.6,6402.10848721524
"475",2020-12-12,"US","21  day ahead inc hosp",2021-01-02,"quantile",0.65,6993.5116178322
"476",2020-12-12,"US","21  day ahead inc hosp",2021-01-02,"quantile",0.7,7616.76143695723
"477",2020-12-12,"US","21  day ahead inc hosp",2021-01-02,"quantile",0.75,8289.34598524637
"478",2020-12-12,"US","21  day ahead inc hosp",2021-01-02,"quantile",0.8,9038.30077463196
"479",2020-12-12,"US","21  day ahead inc hosp",2021-01-02,"quantile",0.85,9911.29905275109
"480",2020-12-12,"US","21  day ahead inc hosp",2021-01-02,"quantile",0.9,11009.7302292685
"481",2020-12-12,"US","21  day ahead inc hosp",2021-01-02,"quantile",0.95,12637.7707000806
"482",2020-12-12,"US","21  day ahead inc hosp",2021-01-02,"quantile",0.975,14049.8530123572
"483",2020-12-12,"US","21  day ahead inc hosp",2021-01-02,"quantile",0.99,15691.7038668525
"484",2020-12-12,"US","22  day ahead inc hosp",2021-01-03,"quantile",0.01,0
"485",2020-12-12,"US","22  day ahead inc hosp",2021-01-03,"quantile",0.025,0
"486",2020-12-12,"US","22  day ahead inc hosp",2021-01-03,"quantile",0.05,0
"487",2020-12-12,"US","22  day ahead inc hosp",2021-01-03,"quantile",0.1,0
"488",2020-12-12,"US","22  day ahead inc hosp",2021-01-03,"quantile",0.15,513.006874781455
"489",2020-12-12,"US","22  day ahead inc hosp",2021-01-03,"quantile",0.2,1406.54909962585
"490",2020-12-12,"US","22  day ahead inc hosp",2021-01-03,"quantile",0.25,2173.12876603402
"491",2020-12-12,"US","22  day ahead inc hosp",2021-01-03,"quantile",0.3,2861.54099860915
"492",2020-12-12,"US","22  day ahead inc hosp",2021-01-03,"quantile",0.35,3499.45752602165
"493",2020-12-12,"US","22  day ahead inc hosp",2021-01-03,"quantile",0.4,4104.77792854288
"494",2020-12-12,"US","22  day ahead inc hosp",2021-01-03,"quantile",0.45,4690.43242329813
"495",2020-12-12,"US","22  day ahead inc hosp",2021-01-03,"quantile",0.5,5266.80158730159
"496",2020-12-12,"US","22  day ahead inc hosp",2021-01-03,"quantile",0.55,5843.17075130505
"497",2020-12-12,"US","22  day ahead inc hosp",2021-01-03,"quantile",0.6,6428.82524606029
"498",2020-12-12,"US","22  day ahead inc hosp",2021-01-03,"quantile",0.65,7034.14564858153
"499",2020-12-12,"US","22  day ahead inc hosp",2021-01-03,"quantile",0.7,7672.06217599402
"500",2020-12-12,"US","22  day ahead inc hosp",2021-01-03,"quantile",0.75,8360.47440856915
"501",2020-12-12,"US","22  day ahead inc hosp",2021-01-03,"quantile",0.8,9127.05407497732
"502",2020-12-12,"US","22  day ahead inc hosp",2021-01-03,"quantile",0.85,10020.5962998217
"503",2020-12-12,"US","22  day ahead inc hosp",2021-01-03,"quantile",0.9,11144.8764523765
"504",2020-12-12,"US","22  day ahead inc hosp",2021-01-03,"quantile",0.95,12811.2289995548
"505",2020-12-12,"US","22  day ahead inc hosp",2021-01-03,"quantile",0.975,14256.5413244468
"506",2020-12-12,"US","22  day ahead inc hosp",2021-01-03,"quantile",0.99,15937.0292499777
"507",2020-12-12,"US","23  day ahead inc hosp",2021-01-04,"quantile",0.01,0
"508",2020-12-12,"US","23  day ahead inc hosp",2021-01-04,"quantile",0.025,0
"509",2020-12-12,"US","23  day ahead inc hosp",2021-01-04,"quantile",0.05,0
"510",2020-12-12,"US","23  day ahead inc hosp",2021-01-04,"quantile",0.1,0
"511",2020-12-12,"US","23  day ahead inc hosp",2021-01-04,"quantile",0.15,406.16668731148
"512",2020-12-12,"US","23  day ahead inc hosp",2021-01-04,"quantile",0.2,1319.79102015337
"513",2020-12-12,"US","23  day ahead inc hosp",2021-01-04,"quantile",0.25,2103.59934707857
"514",2020-12-12,"US","23  day ahead inc hosp",2021-01-04,"quantile",0.3,2807.48344927215
"515",2020-12-12,"US","23  day ahead inc hosp",2021-01-04,"quantile",0.35,3459.73696965564
"516",2020-12-12,"US","23  day ahead inc hosp",2021-01-04,"quantile",0.4,4078.66177648875
"517",2020-12-12,"US","23  day ahead inc hosp",2021-01-04,"quantile",0.45,4677.47868985821
"518",2020-12-12,"US","23  day ahead inc hosp",2021-01-04,"quantile",0.5,5266.80158730159
"519",2020-12-12,"US","23  day ahead inc hosp",2021-01-04,"quantile",0.55,5856.12448474496
"520",2020-12-12,"US","23  day ahead inc hosp",2021-01-04,"quantile",0.6,6454.94139811443
"521",2020-12-12,"US","23  day ahead inc hosp",2021-01-04,"quantile",0.65,7073.86620494754
"522",2020-12-12,"US","23  day ahead inc hosp",2021-01-04,"quantile",0.7,7726.11972533103
"523",2020-12-12,"US","23  day ahead inc hosp",2021-01-04,"quantile",0.75,8430.0038275246
"524",2020-12-12,"US","23  day ahead inc hosp",2021-01-04,"quantile",0.8,9213.81215444981
"525",2020-12-12,"US","23  day ahead inc hosp",2021-01-04,"quantile",0.85,10127.4364872917
"526",2020-12-12,"US","23  day ahead inc hosp",2021-01-04,"quantile",0.9,11276.9845173068
"527",2020-12-12,"US","23  day ahead inc hosp",2021-01-04,"quantile",0.95,12980.7878652239
"528",2020-12-12,"US","23  day ahead inc hosp",2021-01-04,"quantile",0.975,14458.5831745699
"529",2020-12-12,"US","23  day ahead inc hosp",2021-01-04,"quantile",0.99,16176.8395894577
"530",2020-12-12,"US","24  day ahead inc hosp",2021-01-05,"quantile",0.01,0
"531",2020-12-12,"US","24  day ahead inc hosp",2021-01-05,"quantile",0.025,0
"532",2020-12-12,"US","24  day ahead inc hosp",2021-01-05,"quantile",0.05,0
"533",2020-12-12,"US","24  day ahead inc hosp",2021-01-05,"quantile",0.1,0
"534",2020-12-12,"US","24  day ahead inc hosp",2021-01-05,"quantile",0.15,301.624944601017
"535",2020-12-12,"US","24  day ahead inc hosp",2021-01-05,"quantile",0.2,1234.89936059113
"536",2020-12-12,"US","24  day ahead inc hosp",2021-01-05,"quantile",0.25,2035.56570918094
"537",2020-12-12,"US","24  day ahead inc hosp",2021-01-05,"quantile",0.3,2754.58883584838
"538",2020-12-12,"US","24  day ahead inc hosp",2021-01-05,"quantile",0.35,3420.87091857258
"539",2020-12-12,"US","24  day ahead inc hosp",2021-01-05,"quantile",0.4,4053.10745921091
"540",2020-12-12,"US","24  day ahead inc hosp",2021-01-05,"quantile",0.45,4664.80362909238
"541",2020-12-12,"US","24  day ahead inc hosp",2021-01-05,"quantile",0.5,5266.80158730159
"542",2020-12-12,"US","24  day ahead inc hosp",2021-01-05,"quantile",0.55,5868.79954551079
"543",2020-12-12,"US","24  day ahead inc hosp",2021-01-05,"quantile",0.6,6480.49571539226
"544",2020-12-12,"US","24  day ahead inc hosp",2021-01-05,"quantile",0.65,7112.7322560306
"545",2020-12-12,"US","24  day ahead inc hosp",2021-01-05,"quantile",0.7,7779.01433875479
"546",2020-12-12,"US","24  day ahead inc hosp",2021-01-05,"quantile",0.75,8498.03746542224
"547",2020-12-12,"US","24  day ahead inc hosp",2021-01-05,"quantile",0.8,9298.70381401204
"548",2020-12-12,"US","24  day ahead inc hosp",2021-01-05,"quantile",0.85,10231.9782300022
"549",2020-12-12,"US","24  day ahead inc hosp",2021-01-05,"quantile",0.9,11406.2505515676
"550",2020-12-12,"US","24  day ahead inc hosp",2021-01-05,"quantile",0.95,13146.6990240193
"551",2020-12-12,"US","24  day ahead inc hosp",2021-01-05,"quantile",0.975,14656.2785138657
"552",2020-12-12,"US","24  day ahead inc hosp",2021-01-05,"quantile",0.99,16411.4909074954
"553",2020-12-12,"US","25  day ahead inc hosp",2021-01-06,"quantile",0.01,0
"554",2020-12-12,"US","25  day ahead inc hosp",2021-01-06,"quantile",0.025,0
"555",2020-12-12,"US","25  day ahead inc hosp",2021-01-06,"quantile",0.05,0
"556",2020-12-12,"US","25  day ahead inc hosp",2021-01-06,"quantile",0.1,0
"557",2020-12-12,"US","25  day ahead inc hosp",2021-01-06,"quantile",0.15,199.239396717559
"558",2020-12-12,"US","25  day ahead inc hosp",2021-01-06,"quantile",0.2,1151.75860887162
"559",2020-12-12,"US","25  day ahead inc hosp",2021-01-06,"quantile",0.25,1968.93527898095
"560",2020-12-12,"US","25  day ahead inc hosp",2021-01-06,"quantile",0.3,2702.78518464586
"561",2020-12-12,"US","25  day ahead inc hosp",2021-01-06,"quantile",0.35,3382.806487743
"562",2020-12-12,"US","25  day ahead inc hosp",2021-01-06,"quantile",0.4,4028.08020495397
"563",2020-12-12,"US","25  day ahead inc hosp",2021-01-06,"quantile",0.45,4652.38999404747
"564",2020-12-12,"US","25  day ahead inc hosp",2021-01-06,"quantile",0.5,5266.80158730159
"565",2020-12-12,"US","25  day ahead inc hosp",2021-01-06,"quantile",0.55,5881.2131805557
"566",2020-12-12,"US","25  day ahead inc hosp",2021-01-06,"quantile",0.6,6505.5229696492
"567",2020-12-12,"US","25  day ahead inc hosp",2021-01-06,"quantile",0.65,7150.79668686017
"568",2020-12-12,"US","25  day ahead inc hosp",2021-01-06,"quantile",0.7,7830.81798995731
"569",2020-12-12,"US","25  day ahead inc hosp",2021-01-06,"quantile",0.75,8564.66789562222
"570",2020-12-12,"US","25  day ahead inc hosp",2021-01-06,"quantile",0.8,9381.84456573155
"571",2020-12-12,"US","25  day ahead inc hosp",2021-01-06,"quantile",0.85,10334.3637778856
"572",2020-12-12,"US","25  day ahead inc hosp",2021-01-06,"quantile",0.9,11532.850447431
"573",2020-12-12,"US","25  day ahead inc hosp",2021-01-06,"quantile",0.95,13309.188231228
"574",2020-12-12,"US","25  day ahead inc hosp",2021-01-06,"quantile",0.975,14849.8963463508
"575",2020-12-12,"US","25  day ahead inc hosp",2021-01-06,"quantile",0.99,16641.3024941016
"576",2020-12-12,"US","26  day ahead inc hosp",2021-01-07,"quantile",0.01,0
"577",2020-12-12,"US","26  day ahead inc hosp",2021-01-07,"quantile",0.025,0
"578",2020-12-12,"US","26  day ahead inc hosp",2021-01-07,"quantile",0.05,0
"579",2020-12-12,"US","26  day ahead inc hosp",2021-01-07,"quantile",0.1,0
"580",2020-12-12,"US","26  day ahead inc hosp",2021-01-07,"quantile",0.15,98.8818880749968
"581",2020-12-12,"US","26  day ahead inc hosp",2021-01-07,"quantile",0.2,1070.26469804411
"582",2020-12-12,"US","26  day ahead inc hosp",2021-01-07,"quantile",0.25,1903.62465543216
"583",2020-12-12,"US","26  day ahead inc hosp",2021-01-07,"quantile",0.3,2652.00765323888
"584",2020-12-12,"US","26  day ahead inc hosp",2021-01-07,"quantile",0.35,3345.49603206911
"585",2020-12-12,"US","26  day ahead inc hosp",2021-01-07,"quantile",0.4,4003.54868720256
"586",2020-12-12,"US","26  day ahead inc hosp",2021-01-07,"quantile",0.45,4640.22224662552
"587",2020-12-12,"US","26  day ahead inc hosp",2021-01-07,"quantile",0.5,5266.80158730159
"588",2020-12-12,"US","26  day ahead inc hosp",2021-01-07,"quantile",0.55,5893.38092797766
"589",2020-12-12,"US","26  day ahead inc hosp",2021-01-07,"quantile",0.6,6530.05448740061
"590",2020-12-12,"US","26  day ahead inc hosp",2021-01-07,"quantile",0.65,7188.10714253407
"591",2020-12-12,"US","26  day ahead inc hosp",2021-01-07,"quantile",0.7,7881.59552136429
"592",2020-12-12,"US","26  day ahead inc hosp",2021-01-07,"quantile",0.75,8629.97851917101
"593",2020-12-12,"US","26  day ahead inc hosp",2021-01-07,"quantile",0.8,9463.33847655906
"594",2020-12-12,"US","26  day ahead inc hosp",2021-01-07,"quantile",0.85,10434.7212865282
"595",2020-12-12,"US","26  day ahead inc hosp",2021-01-07,"quantile",0.9,11656.9426694867
"596",2020-12-12,"US","26  day ahead inc hosp",2021-01-07,"quantile",0.95,13468.4588739494
"597",2020-12-12,"US","26  day ahead inc hosp",2021-01-07,"quantile",0.975,15039.6790227018
"598",2020-12-12,"US","26  day ahead inc hosp",2021-01-07,"quantile",0.99,16866.562003532
"599",2020-12-12,"US","27  day ahead inc hosp",2021-01-08,"quantile",0.01,0
"600",2020-12-12,"US","27  day ahead inc hosp",2021-01-08,"quantile",0.025,0
"601",2020-12-12,"US","27  day ahead inc hosp",2021-01-08,"quantile",0.05,0
"602",2020-12-12,"US","27  day ahead inc hosp",2021-01-08,"quantile",0.1,0
"603",2020-12-12,"US","27  day ahead inc hosp",2021-01-08,"quantile",0.15,0.436476537644012
"604",2020-12-12,"US","27  day ahead inc hosp",2021-01-08,"quantile",0.2,990.323478919429
"605",2020-12-12,"US","27  day ahead inc hosp",2021-01-08,"quantile",0.25,1839.55838575302
"606",2020-12-12,"US","27  day ahead inc hosp",2021-01-08,"quantile",0.3,2602.19757879777
"607",2020-12-12,"US","27  day ahead inc hosp",2021-01-08,"quantile",0.35,3308.89644711384
"608",2020-12-12,"US","27  day ahead inc hosp",2021-01-08,"quantile",0.4,3979.48456491277
"609",2020-12-12,"US","27  day ahead inc hosp",2021-01-08,"quantile",0.45,4628.28632953631
"610",2020-12-12,"US","27  day ahead inc hosp",2021-01-08,"quantile",0.5,5266.80158730159
"611",2020-12-12,"US","27  day ahead inc hosp",2021-01-08,"quantile",0.55,5905.31684506687
"612",2020-12-12,"US","27  day ahead inc hosp",2021-01-08,"quantile",0.6,6554.1186096904
"613",2020-12-12,"US","27  day ahead inc hosp",2021-01-08,"quantile",0.65,7224.70672748934
"614",2020-12-12,"US","27  day ahead inc hosp",2021-01-08,"quantile",0.7,7931.4055958054
"615",2020-12-12,"US","27  day ahead inc hosp",2021-01-08,"quantile",0.75,8694.04478885016
"616",2020-12-12,"US","27  day ahead inc hosp",2021-01-08,"quantile",0.8,9543.27969568374
"617",2020-12-12,"US","27  day ahead inc hosp",2021-01-08,"quantile",0.85,10533.1666980655
"618",2020-12-12,"US","27  day ahead inc hosp",2021-01-08,"quantile",0.9,11778.6705803735
"619",2020-12-12,"US","27  day ahead inc hosp",2021-01-08,"quantile",0.95,13624.694956138
"620",2020-12-12,"US","27  day ahead inc hosp",2021-01-08,"quantile",0.975,15225.8457971538
"621",2020-12-12,"US","27  day ahead inc hosp",2021-01-08,"quantile",0.99,17087.5296760911
"622",2020-12-12,"US","28  day ahead inc hosp",2021-01-09,"quantile",0.01,0
"623",2020-12-12,"US","28  day ahead inc hosp",2021-01-09,"quantile",0.025,0
"624",2020-12-12,"US","28  day ahead inc hosp",2021-01-09,"quantile",0.05,0
"625",2020-12-12,"US","28  day ahead inc hosp",2021-01-09,"quantile",0.1,0
"626",2020-12-12,"US","28  day ahead inc hosp",2021-01-09,"quantile",0.15,0
"627",2020-12-12,"US","28  day ahead inc hosp",2021-01-09,"quantile",0.2,911.849445194298
"628",2020-12-12,"US","28  day ahead inc hosp",2021-01-09,"quantile",0.25,1776.66794371956
"629",2020-12-12,"US","28  day ahead inc hosp",2021-01-09,"quantile",0.3,2553.30168373459
"630",2020-12-12,"US","28  day ahead inc hosp",2021-01-09,"quantile",0.35,3272.96858542303
"631",2020-12-12,"US","28  day ahead inc hosp",2021-01-09,"quantile",0.4,3955.86209874561
"632",2020-12-12,"US","28  day ahead inc hosp",2021-01-09,"quantile",0.45,4616.56947594745
"633",2020-12-12,"US","28  day ahead inc hosp",2021-01-09,"quantile",0.5,5266.80158730159
"634",2020-12-12,"US","28  day ahead inc hosp",2021-01-09,"quantile",0.55,5917.03369865573
"635",2020-12-12,"US","28  day ahead inc hosp",2021-01-09,"quantile",0.6,6577.74107585756
"636",2020-12-12,"US","28  day ahead inc hosp",2021-01-09,"quantile",0.65,7260.63458918014
"637",2020-12-12,"US","28  day ahead inc hosp",2021-01-09,"quantile",0.7,7980.30149086859
"638",2020-12-12,"US","28  day ahead inc hosp",2021-01-09,"quantile",0.75,8756.93523088361
"639",2020-12-12,"US","28  day ahead inc hosp",2021-01-09,"quantile",0.8,9621.75372940888
"640",2020-12-12,"US","28  day ahead inc hosp",2021-01-09,"quantile",0.85,10629.8053111572
"641",2020-12-12,"US","28  day ahead inc hosp",2021-01-09,"quantile",0.9,11898.1643820544
"642",2020-12-12,"US","28  day ahead inc hosp",2021-01-09,"quantile",0.95,13778.0635902043
"643",2020-12-12,"US","28  day ahead inc hosp",2021-01-09,"quantile",0.975,15408.5957964259
"644",2020-12-12,"US","28  day ahead inc hosp",2021-01-09,"quantile",0.99,17304.4418620502
"645",2020-12-12,"US","29  day ahead inc hosp",2021-01-10,"quantile",0.01,0
"646",2020-12-12,"US","29  day ahead inc hosp",2021-01-10,"quantile",0.025,0
"647",2020-12-12,"US","29  day ahead inc hosp",2021-01-10,"quantile",0.05,0
"648",2020-12-12,"US","29  day ahead inc hosp",2021-01-10,"quantile",0.1,0
"649",2020-12-12,"US","29  day ahead inc hosp",2021-01-10,"quantile",0.15,0
"650",2020-12-12,"US","29  day ahead inc hosp",2021-01-10,"quantile",0.2,834.764661844185
"651",2020-12-12,"US","29  day ahead inc hosp",2021-01-10,"quantile",0.25,1714.89087086101
"652",2020-12-12,"US","29  day ahead inc hosp",2021-01-10,"quantile",0.3,2505.27140800214
"653",2020-12-12,"US","29  day ahead inc hosp",2021-01-10,"quantile",0.35,3237.67676591024
"654",2020-12-12,"US","29  day ahead inc hosp",2021-01-10,"quantile",0.4,3932.65782848891
"655",2020-12-12,"US","29  day ahead inc hosp",2021-01-10,"quantile",0.45,4605.06004948409
"656",2020-12-12,"US","29  day ahead inc hosp",2021-01-10,"quantile",0.5,5266.80158730159
"657",2020-12-12,"US","29  day ahead inc hosp",2021-01-10,"quantile",0.55,5928.54312511908
"658",2020-12-12,"US","29  day ahead inc hosp",2021-01-10,"quantile",0.6,6600.94534611426
"659",2020-12-12,"US","29  day ahead inc hosp",2021-01-10,"quantile",0.65,7295.92640869294
"660",2020-12-12,"US","29  day ahead inc hosp",2021-01-10,"quantile",0.7,8028.33176660103
"661",2020-12-12,"US","29  day ahead inc hosp",2021-01-10,"quantile",0.75,8818.71230374216
"662",2020-12-12,"US","29  day ahead inc hosp",2021-01-10,"quantile",0.8,9698.83851275899
"663",2020-12-12,"US","29  day ahead inc hosp",2021-01-10,"quantile",0.85,10724.7331006413
"664",2020-12-12,"US","29  day ahead inc hosp",2021-01-10,"quantile",0.9,12015.5427475724
"665",2020-12-12,"US","29  day ahead inc hosp",2021-01-10,"quantile",0.95,13928.7170913499
"666",2020-12-12,"US","29  day ahead inc hosp",2021-01-10,"quantile",0.975,15588.110515275
"667",2020-12-12,"US","29  day ahead inc hosp",2021-01-10,"quantile",0.99,17517.5139837054
"668",2020-12-12,"US","30  day ahead inc hosp",2021-01-11,"quantile",0.01,0
"669",2020-12-12,"US","30  day ahead inc hosp",2021-01-11,"quantile",0.025,0
"670",2020-12-12,"US","30  day ahead inc hosp",2021-01-11,"quantile",0.05,0
"671",2020-12-12,"US","30  day ahead inc hosp",2021-01-11,"quantile",0.1,0
"672",2020-12-12,"US","30  day ahead inc hosp",2021-01-11,"quantile",0.15,0
"673",2020-12-12,"US","30  day ahead inc hosp",2021-01-11,"quantile",0.2,758.997858522912
"674",2020-12-12,"US","30  day ahead inc hosp",2021-01-11,"quantile",0.25,1654.17004989459
"675",2020-12-12,"US","30  day ahead inc hosp",2021-01-11,"quantile",0.3,2458.06234420601
"676",2020-12-12,"US","30  day ahead inc hosp",2021-01-11,"quantile",0.35,3202.98835878673
"677",2020-12-12,"US","30  day ahead inc hosp",2021-01-11,"quantile",0.4,3909.85030015005
"678",2020-12-12,"US","30  day ahead inc hosp",2021-01-11,"quantile",0.45,4593.74740886565
"679",2020-12-12,"US","30  day ahead inc hosp",2021-01-11,"quantile",0.5,5266.80158730159
"680",2020-12-12,"US","30  day ahead inc hosp",2021-01-11,"quantile",0.55,5939.85576573752
"681",2020-12-12,"US","30  day ahead inc hosp",2021-01-11,"quantile",0.6,6623.75287445313
"682",2020-12-12,"US","30  day ahead inc hosp",2021-01-11,"quantile",0.65,7330.61481581644
"683",2020-12-12,"US","30  day ahead inc hosp",2021-01-11,"quantile",0.7,8075.54083039717
"684",2020-12-12,"US","30  day ahead inc hosp",2021-01-11,"quantile",0.75,8879.43312470859
"685",2020-12-12,"US","30  day ahead inc hosp",2021-01-11,"quantile",0.8,9774.60531608026
"686",2020-12-12,"US","30  day ahead inc hosp",2021-01-11,"quantile",0.85,10818.0378339879
"687",2020-12-12,"US","30  day ahead inc hosp",2021-01-11,"quantile",0.9,12130.9142015464
"688",2020-12-12,"US","30  day ahead inc hosp",2021-01-11,"quantile",0.95,14076.7947494152
"689",2020-12-12,"US","30  day ahead inc hosp",2021-01-11,"quantile",0.975,15764.5559277832
"690",2020-12-12,"US","30  day ahead inc hosp",2021-01-11,"quantile",0.99,17726.9430413362
"691",2020-12-12,"US","31  day ahead inc hosp",2021-01-12,"quantile",0.01,0
"692",2020-12-12,"US","31  day ahead inc hosp",2021-01-12,"quantile",0.025,0
"693",2020-12-12,"US","31  day ahead inc hosp",2021-01-12,"quantile",0.05,0
"694",2020-12-12,"US","31  day ahead inc hosp",2021-01-12,"quantile",0.1,0
"695",2020-12-12,"US","31  day ahead inc hosp",2021-01-12,"quantile",0.15,0
"696",2020-12-12,"US","31  day ahead inc hosp",2021-01-12,"quantile",0.2,684.483657938331
"697",2020-12-12,"US","31  day ahead inc hosp",2021-01-12,"quantile",0.25,1594.4530863325
"698",2020-12-12,"US","31  day ahead inc hosp",2021-01-12,"quantile",0.3,2411.63375681795
"699",2020-12-12,"US","31  day ahead inc hosp",2021-01-12,"quantile",0.35,3168.87343228785
"700",2020-12-12,"US","31  day ahead inc hosp",2021-01-12,"quantile",0.4,3887.41983367947
"701",2020-12-12,"US","31  day ahead inc hosp",2021-01-12,"quantile",0.45,4582.62179269562
"702",2020-12-12,"US","31  day ahead inc hosp",2021-01-12,"quantile",0.5,5266.80158730159
"703",2020-12-12,"US","31  day ahead inc hosp",2021-01-12,"quantile",0.55,5950.98138190756
"704",2020-12-12,"US","31  day ahead inc hosp",2021-01-12,"quantile",0.6,6646.18334092371
"705",2020-12-12,"US","31  day ahead inc hosp",2021-01-12,"quantile",0.65,7364.72974231532
"706",2020-12-12,"US","31  day ahead inc hosp",2021-01-12,"quantile",0.7,8121.96941778522
"707",2020-12-12,"US","31  day ahead inc hosp",2021-01-12,"quantile",0.75,8939.15008827068
"708",2020-12-12,"US","31  day ahead inc hosp",2021-01-12,"quantile",0.8,9849.11951666484
"709",2020-12-12,"US","31  day ahead inc hosp",2021-01-12,"quantile",0.85,10909.8000215333
"710",2020-12-12,"US","31  day ahead inc hosp",2021-01-12,"quantile",0.9,12244.3782951376
"711",2020-12-12,"US","31  day ahead inc hosp",2021-01-12,"quantile",0.95,14222.4243369324
"712",2020-12-12,"US","31  day ahead inc hosp",2021-01-12,"quantile",0.975,15938.0842843131
"713",2020-12-12,"US","31  day ahead inc hosp",2021-01-12,"quantile",0.99,17932.9097460733
"714",2020-12-12,"US","32  day ahead inc hosp",2021-01-13,"quantile",0.01,0
"715",2020-12-12,"US","32  day ahead inc hosp",2021-01-13,"quantile",0.025,0
"716",2020-12-12,"US","32  day ahead inc hosp",2021-01-13,"quantile",0.05,0
"717",2020-12-12,"US","32  day ahead inc hosp",2021-01-13,"quantile",0.1,0
"718",2020-12-12,"US","32  day ahead inc hosp",2021-01-13,"quantile",0.15,0
"719",2020-12-12,"US","32  day ahead inc hosp",2021-01-13,"quantile",0.2,611.161915426519
"720",2020-12-12,"US","32  day ahead inc hosp",2021-01-13,"quantile",0.25,1535.69177920532
"721",2020-12-12,"US","32  day ahead inc hosp",2021-01-13,"quantile",0.3,2365.94817067535
"722",2020-12-12,"US","32  day ahead inc hosp",2021-01-13,"quantile",0.35,3135.30445030943
"723",2020-12-12,"US","32  day ahead inc hosp",2021-01-13,"quantile",0.4,3865.34832416755
"724",2020-12-12,"US","32  day ahead inc hosp",2021-01-13,"quantile",0.45,4571.67422085421
"725",2020-12-12,"US","32  day ahead inc hosp",2021-01-13,"quantile",0.5,5266.80158730159
"726",2020-12-12,"US","32  day ahead inc hosp",2021-01-13,"quantile",0.55,5961.92895374897
"727",2020-12-12,"US","32  day ahead inc hosp",2021-01-13,"quantile",0.6,6668.25485043562
"728",2020-12-12,"US","32  day ahead inc hosp",2021-01-13,"quantile",0.65,7398.29872429375
"729",2020-12-12,"US","32  day ahead inc hosp",2021-01-13,"quantile",0.7,8167.65500392783
"730",2020-12-12,"US","32  day ahead inc hosp",2021-01-13,"quantile",0.75,8997.91139539786
"731",2020-12-12,"US","32  day ahead inc hosp",2021-01-13,"quantile",0.8,9922.44125917665
"732",2020-12-12,"US","32  day ahead inc hosp",2021-01-13,"quantile",0.85,11000.093729776
"733",2020-12-12,"US","32  day ahead inc hosp",2021-01-13,"quantile",0.9,12356.0266116915
"734",2020-12-12,"US","32  day ahead inc hosp",2021-01-13,"quantile",0.95,14365.7233998528
"735",2020-12-12,"US","32  day ahead inc hosp",2021-01-13,"quantile",0.975,16108.8356495048
"736",2020-12-12,"US","32  day ahead inc hosp",2021-01-13,"quantile",0.99,18135.5803453989
"737",2020-12-12,"US","33  day ahead inc hosp",2021-01-14,"quantile",0.01,0
"738",2020-12-12,"US","33  day ahead inc hosp",2021-01-14,"quantile",0.025,0
"739",2020-12-12,"US","33  day ahead inc hosp",2021-01-14,"quantile",0.05,0
"740",2020-12-12,"US","33  day ahead inc hosp",2021-01-14,"quantile",0.1,0
"741",2020-12-12,"US","33  day ahead inc hosp",2021-01-14,"quantile",0.15,0
"742",2020-12-12,"US","33  day ahead inc hosp",2021-01-14,"quantile",0.2,538.97715074411
"743",2020-12-12,"US","33  day ahead inc hosp",2021-01-14,"quantile",0.25,1477.84166569059
"744",2020-12-12,"US","33  day ahead inc hosp",2021-01-14,"quantile",0.3,2320.97101694021
"745",2020-12-12,"US","33  day ahead inc hosp",2021-01-14,"quantile",0.35,3102.2560122646
"746",2020-12-12,"US","33  day ahead inc hosp",2021-01-14,"quantile",0.4,3843.61907080117
"747",2020-12-12,"US","33  day ahead inc hosp",2021-01-14,"quantile",0.45,4560.89640966009
"748",2020-12-12,"US","33  day ahead inc hosp",2021-01-14,"quantile",0.5,5266.80158730159
"749",2020-12-12,"US","33  day ahead inc hosp",2021-01-14,"quantile",0.55,5972.70676494308
"750",2020-12-12,"US","33  day ahead inc hosp",2021-01-14,"quantile",0.6,6689.984103802
"751",2020-12-12,"US","33  day ahead inc hosp",2021-01-14,"quantile",0.65,7431.34716233857
"752",2020-12-12,"US","33  day ahead inc hosp",2021-01-14,"quantile",0.7,8212.63215766296
"753",2020-12-12,"US","33  day ahead inc hosp",2021-01-14,"quantile",0.75,9055.76150891259
"754",2020-12-12,"US","33  day ahead inc hosp",2021-01-14,"quantile",0.8,9994.62602385906
"755",2020-12-12,"US","33  day ahead inc hosp",2021-01-14,"quantile",0.85,11088.9872811091
"756",2020-12-12,"US","33  day ahead inc hosp",2021-01-14,"quantile",0.9,12465.9436319579
"757",2020-12-12,"US","33  day ahead inc hosp",2021-01-14,"quantile",0.95,14506.8003680448
"758",2020-12-12,"US","33  day ahead inc hosp",2021-01-14,"quantile",0.975,16276.9392255153
"759",2020-12-12,"US","33  day ahead inc hosp",2021-01-14,"quantile",0.99,18335.1081937448
"760",2020-12-12,"US","34  day ahead inc hosp",2021-01-15,"quantile",0.01,0
"761",2020-12-12,"US","34  day ahead inc hosp",2021-01-15,"quantile",0.025,0
"762",2020-12-12,"US","34  day ahead inc hosp",2021-01-15,"quantile",0.05,0
"763",2020-12-12,"US","34  day ahead inc hosp",2021-01-15,"quantile",0.1,0
"764",2020-12-12,"US","34  day ahead inc hosp",2021-01-15,"quantile",0.15,0
"765",2020-12-12,"US","34  day ahead inc hosp",2021-01-15,"quantile",0.2,467.878056812374
"766",2020-12-12,"US","34  day ahead inc hosp",2021-01-15,"quantile",0.25,1420.86162741185
"767",2020-12-12,"US","34  day ahead inc hosp",2021-01-15,"quantile",0.3,2276.67032700562
"768",2020-12-12,"US","34  day ahead inc hosp",2021-01-15,"quantile",0.35,3069.70462817151
"769",2020-12-12,"US","34  day ahead inc hosp",2021-01-15,"quantile",0.4,3822.21662898454
"770",2020-12-12,"US","34  day ahead inc hosp",2021-01-15,"quantile",0.45,4550.28069852159
"771",2020-12-12,"US","34  day ahead inc hosp",2021-01-15,"quantile",0.5,5266.80158730159
"772",2020-12-12,"US","34  day ahead inc hosp",2021-01-15,"quantile",0.55,5983.32247608158
"773",2020-12-12,"US","34  day ahead inc hosp",2021-01-15,"quantile",0.6,6711.38654561863
"774",2020-12-12,"US","34  day ahead inc hosp",2021-01-15,"quantile",0.65,7463.89854643166
"775",2020-12-12,"US","34  day ahead inc hosp",2021-01-15,"quantile",0.7,8256.93284759755
"776",2020-12-12,"US","34  day ahead inc hosp",2021-01-15,"quantile",0.75,9112.74154719133
"777",2020-12-12,"US","34  day ahead inc hosp",2021-01-15,"quantile",0.8,10065.7251177908
"778",2020-12-12,"US","34  day ahead inc hosp",2021-01-15,"quantile",0.85,11176.5438587881
"779",2020-12-12,"US","34  day ahead inc hosp",2021-01-15,"quantile",0.9,12574.2074821345
"780",2020-12-12,"US","34  day ahead inc hosp",2021-01-15,"quantile",0.95,14645.7555153979
"781",2020-12-12,"US","34  day ahead inc hosp",2021-01-15,"quantile",0.975,16442.5144960537
"782",2020-12-12,"US","34  day ahead inc hosp",2021-01-15,"quantile",0.99,18531.6351103866
"783",2020-12-12,"US","35  day ahead inc hosp",2021-01-16,"quantile",0.01,0
"784",2020-12-12,"US","35  day ahead inc hosp",2021-01-16,"quantile",0.025,0
"785",2020-12-12,"US","35  day ahead inc hosp",2021-01-16,"quantile",0.05,0
"786",2020-12-12,"US","35  day ahead inc hosp",2021-01-16,"quantile",0.1,0
"787",2020-12-12,"US","35  day ahead inc hosp",2021-01-16,"quantile",0.15,0
"788",2020-12-12,"US","35  day ahead inc hosp",2021-01-16,"quantile",0.2,397.817073046475
"789",2020-12-12,"US","35  day ahead inc hosp",2021-01-16,"quantile",0.25,1364.71354849737
"790",2020-12-12,"US","35  day ahead inc hosp",2021-01-16,"quantile",0.3,2233.01646664412
"791",2020-12-12,"US","35  day ahead inc hosp",2021-01-16,"quantile",0.35,3037.62852331013
"792",2020-12-12,"US","35  day ahead inc hosp",2021-01-16,"quantile",0.4,3801.1266819016
"793",2020-12-12,"US","35  day ahead inc hosp",2021-01-16,"quantile",0.45,4539.81998623105
"794",2020-12-12,"US","35  day ahead inc hosp",2021-01-16,"quantile",0.5,5266.80158730159
"795",2020-12-12,"US","35  day ahead inc hosp",2021-01-16,"quantile",0.55,5993.78318837212
"796",2020-12-12,"US","35  day ahead inc hosp",2021-01-16,"quantile",0.6,6732.47649270157
"797",2020-12-12,"US","35  day ahead inc hosp",2021-01-16,"quantile",0.65,7495.97465129304
"798",2020-12-12,"US","35  day ahead inc hosp",2021-01-16,"quantile",0.7,8300.58670795905
"799",2020-12-12,"US","35  day ahead inc hosp",2021-01-16,"quantile",0.75,9168.8896261058
"800",2020-12-12,"US","35  day ahead inc hosp",2021-01-16,"quantile",0.8,10135.7861015567
"801",2020-12-12,"US","35  day ahead inc hosp",2021-01-16,"quantile",0.85,11262.8220323644
"802",2020-12-12,"US","35  day ahead inc hosp",2021-01-16,"quantile",0.9,12680.8905835667
"803",2020-12-12,"US","35  day ahead inc hosp",2021-01-16,"quantile",0.95,14782.6817937023
"804",2020-12-12,"US","35  day ahead inc hosp",2021-01-16,"quantile",0.975,16605.6722200094
"805",2020-12-12,"US","35  day ahead inc hosp",2021-01-16,"quantile",0.99,18725.2925588151
"806",2020-12-12,"US","36  day ahead inc hosp",2021-01-17,"quantile",0.01,0
"807",2020-12-12,"US","36  day ahead inc hosp",2021-01-17,"quantile",0.025,0
"808",2020-12-12,"US","36  day ahead inc hosp",2021-01-17,"quantile",0.05,0
"809",2020-12-12,"US","36  day ahead inc hosp",2021-01-17,"quantile",0.1,0
"810",2020-12-12,"US","36  day ahead inc hosp",2021-01-17,"quantile",0.15,0
"811",2020-12-12,"US","36  day ahead inc hosp",2021-01-17,"quantile",0.2,328.750013185627
"812",2020-12-12,"US","36  day ahead inc hosp",2021-01-17,"quantile",0.25,1309.36201731682
"813",2020-12-12,"US","36  day ahead inc hosp",2021-01-17,"quantile",0.3,2189.98190411472
"814",2020-12-12,"US","36  day ahead inc hosp",2021-01-17,"quantile",0.35,3006.00746783129
"815",2020-12-12,"US","36  day ahead inc hosp",2021-01-17,"quantile",0.4,3780.33592848445
"816",2020-12-12,"US","36  day ahead inc hosp",2021-01-17,"quantile",0.45,4529.50767539665
"817",2020-12-12,"US","36  day ahead inc hosp",2021-01-17,"quantile",0.5,5266.80158730159
"818",2020-12-12,"US","36  day ahead inc hosp",2021-01-17,"quantile",0.55,6004.09549920652
"819",2020-12-12,"US","36  day ahead inc hosp",2021-01-17,"quantile",0.6,6753.26724611873
"820",2020-12-12,"US","36  day ahead inc hosp",2021-01-17,"quantile",0.65,7527.59570677189
"821",2020-12-12,"US","36  day ahead inc hosp",2021-01-17,"quantile",0.7,8343.62127048846
"822",2020-12-12,"US","36  day ahead inc hosp",2021-01-17,"quantile",0.75,9224.24115728635
"823",2020-12-12,"US","36  day ahead inc hosp",2021-01-17,"quantile",0.8,10204.8531614175
"824",2020-12-12,"US","36  day ahead inc hosp",2021-01-17,"quantile",0.85,11347.8762160024
"825",2020-12-12,"US","36  day ahead inc hosp",2021-01-17,"quantile",0.9,12786.0602194568
"826",2020-12-12,"US","36  day ahead inc hosp",2021-01-17,"quantile",0.95,14917.6655600133
"827",2020-12-12,"US","36  day ahead inc hosp",2021-01-17,"quantile",0.975,16766.5152981607
"828",2020-12-12,"US","36  day ahead inc hosp",2021-01-17,"quantile",0.99,18916.2026754616
"829",2020-12-12,"US","37  day ahead inc hosp",2021-01-18,"quantile",0.01,0
"830",2020-12-12,"US","37  day ahead inc hosp",2021-01-18,"quantile",0.025,0
"831",2020-12-12,"US","37  day ahead inc hosp",2021-01-18,"quantile",0.05,0
"832",2020-12-12,"US","37  day ahead inc hosp",2021-01-18,"quantile",0.1,0
"833",2020-12-12,"US","37  day ahead inc hosp",2021-01-18,"quantile",0.15,0
"834",2020-12-12,"US","37  day ahead inc hosp",2021-01-18,"quantile",0.2,260.63573934947
"835",2020-12-12,"US","37  day ahead inc hosp",2021-01-18,"quantile",0.25,1254.77406526445
"836",2020-12-12,"US","37  day ahead inc hosp",2021-01-18,"quantile",0.3,2147.54100707273
"837",2020-12-12,"US","37  day ahead inc hosp",2021-01-18,"quantile",0.35,2974.8226275295
"838",2020-12-12,"US","37  day ahead inc hosp",2021-01-18,"quantile",0.4,3759.83198529693
"839",2020-12-12,"US","37  day ahead inc hosp",2021-01-18,"quantile",0.45,4519.3376237762
"840",2020-12-12,"US","37  day ahead inc hosp",2021-01-18,"quantile",0.5,5266.80158730159
"841",2020-12-12,"US","37  day ahead inc hosp",2021-01-18,"quantile",0.55,6014.26555082698
"842",2020-12-12,"US","37  day ahead inc hosp",2021-01-18,"quantile",0.6,6773.77118930625
"843",2020-12-12,"US","37  day ahead inc hosp",2021-01-18,"quantile",0.65,7558.78054707367
"844",2020-12-12,"US","37  day ahead inc hosp",2021-01-18,"quantile",0.7,8386.06216753044
"845",2020-12-12,"US","37  day ahead inc hosp",2021-01-18,"quantile",0.75,9278.82910933873
"846",2020-12-12,"US","37  day ahead inc hosp",2021-01-18,"quantile",0.8,10272.9674352537
"847",2020-12-12,"US","37  day ahead inc hosp",2021-01-18,"quantile",0.85,11431.7570698697
"848",2020-12-12,"US","37  day ahead inc hosp",2021-01-18,"quantile",0.9,12889.7790311842
"849",2020-12-12,"US","37  day ahead inc hosp",2021-01-18,"quantile",0.95,15050.7872136709
"850",2020-12-12,"US","37  day ahead inc hosp",2021-01-18,"quantile",0.975,16925.13953223
"851",2020-12-12,"US","37  day ahead inc hosp",2021-01-18,"quantile",0.99,19104.4791706468
"852",2020-12-12,"01","1  day ahead inc hosp",2020-12-13,"quantile",0.01,159.054928569436
"853",2020-12-12,"01","1  day ahead inc hosp",2020-12-13,"quantile",0.025,165.992743343299
"854",2020-12-12,"01","1  day ahead inc hosp",2020-12-13,"quantile",0.05,171.959646793268
"855",2020-12-12,"01","1  day ahead inc hosp",2020-12-13,"quantile",0.1,178.839104327381
"856",2020-12-12,"01","1  day ahead inc hosp",2020-12-13,"quantile",0.15,183.480641665349
"857",2020-12-12,"01","1  day ahead inc hosp",2020-12-13,"quantile",0.2,187.169588401838
"858",2020-12-12,"01","1  day ahead inc hosp",2020-12-13,"quantile",0.25,190.3343762317
"859",2020-12-12,"01","1  day ahead inc hosp",2020-12-13,"quantile",0.3,193.176453514795
"860",2020-12-12,"01","1  day ahead inc hosp",2020-12-13,"quantile",0.35,195.810061671769
"861",2020-12-12,"01","1  day ahead inc hosp",2020-12-13,"quantile",0.4,198.309098271634
"862",2020-12-12,"01","1  day ahead inc hosp",2020-12-13,"quantile",0.45,200.726945103118
"863",2020-12-12,"01","1  day ahead inc hosp",2020-12-13,"quantile",0.5,203.106457886561
"864",2020-12-12,"01","1  day ahead inc hosp",2020-12-13,"quantile",0.55,205.485970670004
"865",2020-12-12,"01","1  day ahead inc hosp",2020-12-13,"quantile",0.6,207.903817501489
"866",2020-12-12,"01","1  day ahead inc hosp",2020-12-13,"quantile",0.65,210.402854101354
"867",2020-12-12,"01","1  day ahead inc hosp",2020-12-13,"quantile",0.7,213.036462258327
"868",2020-12-12,"01","1  day ahead inc hosp",2020-12-13,"quantile",0.75,215.878539541423
"869",2020-12-12,"01","1  day ahead inc hosp",2020-12-13,"quantile",0.8,219.043327371285
"870",2020-12-12,"01","1  day ahead inc hosp",2020-12-13,"quantile",0.85,222.732274107774
"871",2020-12-12,"01","1  day ahead inc hosp",2020-12-13,"quantile",0.9,227.373811445742
"872",2020-12-12,"01","1  day ahead inc hosp",2020-12-13,"quantile",0.95,234.253268979854
"873",2020-12-12,"01","1  day ahead inc hosp",2020-12-13,"quantile",0.975,240.220172429824
"874",2020-12-12,"01","1  day ahead inc hosp",2020-12-13,"quantile",0.99,247.157987203687
"875",2020-12-12,"01","2  day ahead inc hosp",2020-12-14,"quantile",0.01,154.66141458921
"876",2020-12-12,"01","2  day ahead inc hosp",2020-12-14,"quantile",0.025,162.589001522418
"877",2020-12-12,"01","2  day ahead inc hosp",2020-12-14,"quantile",0.05,169.407163633044
"878",2020-12-12,"01","2  day ahead inc hosp",2020-12-14,"quantile",0.1,177.268067884978
"879",2020-12-12,"01","2  day ahead inc hosp",2020-12-14,"quantile",0.15,182.571782664031
"880",2020-12-12,"01","2  day ahead inc hosp",2020-12-14,"quantile",0.2,186.787007039243
"881",2020-12-12,"01","2  day ahead inc hosp",2020-12-14,"quantile",0.25,190.403294222479
"882",2020-12-12,"01","2  day ahead inc hosp",2020-12-14,"quantile",0.3,193.650831879079
"883",2020-12-12,"01","2  day ahead inc hosp",2020-12-14,"quantile",0.35,196.66015949778
"884",2020-12-12,"01","2  day ahead inc hosp",2020-12-14,"quantile",0.4,199.515717125137
"885",2020-12-12,"01","2  day ahead inc hosp",2020-12-14,"quantile",0.45,202.278502176705
"886",2020-12-12,"01","2  day ahead inc hosp",2020-12-14,"quantile",0.5,204.997484315071
"887",2020-12-12,"01","2  day ahead inc hosp",2020-12-14,"quantile",0.55,207.716466453436
"888",2020-12-12,"01","2  day ahead inc hosp",2020-12-14,"quantile",0.6,210.479251505004
"889",2020-12-12,"01","2  day ahead inc hosp",2020-12-14,"quantile",0.65,213.334809132361
"890",2020-12-12,"01","2  day ahead inc hosp",2020-12-14,"quantile",0.7,216.344136751062
"891",2020-12-12,"01","2  day ahead inc hosp",2020-12-14,"quantile",0.75,219.591674407662
"892",2020-12-12,"01","2  day ahead inc hosp",2020-12-14,"quantile",0.8,223.207961590898
"893",2020-12-12,"01","2  day ahead inc hosp",2020-12-14,"quantile",0.85,227.42318596611
"894",2020-12-12,"01","2  day ahead inc hosp",2020-12-14,"quantile",0.9,232.726900745163
"895",2020-12-12,"01","2  day ahead inc hosp",2020-12-14,"quantile",0.95,240.587804997097
"896",2020-12-12,"01","2  day ahead inc hosp",2020-12-14,"quantile",0.975,247.405967107723
"897",2020-12-12,"01","2  day ahead inc hosp",2020-12-14,"quantile",0.99,255.333554040931
"898",2020-12-12,"01","3  day ahead inc hosp",2020-12-15,"quantile",0.01,152.810467649793
"899",2020-12-12,"01","3  day ahead inc hosp",2020-12-15,"quantile",0.025,161.274995140931
"900",2020-12-12,"01","3  day ahead inc hosp",2020-12-15,"quantile",0.05,168.554955753241
"901",2020-12-12,"01","3  day ahead inc hosp",2020-12-15,"quantile",0.1,176.948284102245
"902",2020-12-12,"01","3  day ahead inc hosp",2020-12-15,"quantile",0.15,182.611222891903
"903",2020-12-12,"01","3  day ahead inc hosp",2020-12-15,"quantile",0.2,187.11194712311
"904",2020-12-12,"01","3  day ahead inc hosp",2020-12-15,"quantile",0.25,190.973167761401
"905",2020-12-12,"01","3  day ahead inc hosp",2020-12-15,"quantile",0.3,194.440663230627
"906",2020-12-12,"01","3  day ahead inc hosp",2020-12-15,"quantile",0.35,197.653814542993
"907",2020-12-12,"01","3  day ahead inc hosp",2020-12-15,"quantile",0.4,200.702780923676
"908",2020-12-12,"01","3  day ahead inc hosp",2020-12-15,"quantile",0.45,203.652691182387
"909",2020-12-12,"01","3  day ahead inc hosp",2020-12-15,"quantile",0.5,206.555831728434
"910",2020-12-12,"01","3  day ahead inc hosp",2020-12-15,"quantile",0.55,209.458972274481
"911",2020-12-12,"01","3  day ahead inc hosp",2020-12-15,"quantile",0.6,212.408882533193
"912",2020-12-12,"01","3  day ahead inc hosp",2020-12-15,"quantile",0.65,215.457848913876
"913",2020-12-12,"01","3  day ahead inc hosp",2020-12-15,"quantile",0.7,218.671000226241
"914",2020-12-12,"01","3  day ahead inc hosp",2020-12-15,"quantile",0.75,222.138495695467
"915",2020-12-12,"01","3  day ahead inc hosp",2020-12-15,"quantile",0.8,225.999716333758
"916",2020-12-12,"01","3  day ahead inc hosp",2020-12-15,"quantile",0.85,230.500440564966
"917",2020-12-12,"01","3  day ahead inc hosp",2020-12-15,"quantile",0.9,236.163379354623
"918",2020-12-12,"01","3  day ahead inc hosp",2020-12-15,"quantile",0.95,244.556707703628
"919",2020-12-12,"01","3  day ahead inc hosp",2020-12-15,"quantile",0.975,251.836668315938
"920",2020-12-12,"01","3  day ahead inc hosp",2020-12-15,"quantile",0.99,260.301195807076
"921",2020-12-12,"01","4  day ahead inc hosp",2020-12-16,"quantile",0.01,151.163249347415
"922",2020-12-12,"01","4  day ahead inc hosp",2020-12-16,"quantile",0.025,160.13263152864
"923",2020-12-12,"01","4  day ahead inc hosp",2020-12-16,"quantile",0.05,167.846795026182
"924",2020-12-12,"01","4  day ahead inc hosp",2020-12-16,"quantile",0.1,176.740731493817
"925",2020-12-12,"01","4  day ahead inc hosp",2020-12-16,"quantile",0.15,182.741428204472
"926",2020-12-12,"01","4  day ahead inc hosp",2020-12-16,"quantile",0.2,187.510591724144
"927",2020-12-12,"01","4  day ahead inc hosp",2020-12-16,"quantile",0.25,191.602109369651
"928",2020-12-12,"01","4  day ahead inc hosp",2020-12-16,"quantile",0.3,195.276418668985
"929",2020-12-12,"01","4  day ahead inc hosp",2020-12-16,"quantile",0.35,198.681213816367
"930",2020-12-12,"01","4  day ahead inc hosp",2020-12-16,"quantile",0.4,201.91203145559
"931",2020-12-12,"01","4  day ahead inc hosp",2020-12-16,"quantile",0.45,205.037884911486
"932",2020-12-12,"01","4  day ahead inc hosp",2020-12-16,"quantile",0.5,208.114179141798
"933",2020-12-12,"01","4  day ahead inc hosp",2020-12-16,"quantile",0.55,211.19047337211
"934",2020-12-12,"01","4  day ahead inc hosp",2020-12-16,"quantile",0.6,214.316326828006
"935",2020-12-12,"01","4  day ahead inc hosp",2020-12-16,"quantile",0.65,217.547144467228
"936",2020-12-12,"01","4  day ahead inc hosp",2020-12-16,"quantile",0.7,220.951939614611
"937",2020-12-12,"01","4  day ahead inc hosp",2020-12-16,"quantile",0.75,224.626248913945
"938",2020-12-12,"01","4  day ahead inc hosp",2020-12-16,"quantile",0.8,228.717766559451
"939",2020-12-12,"01","4  day ahead inc hosp",2020-12-16,"quantile",0.85,233.486930079123
"940",2020-12-12,"01","4  day ahead inc hosp",2020-12-16,"quantile",0.9,239.487626789779
"941",2020-12-12,"01","4  day ahead inc hosp",2020-12-16,"quantile",0.95,248.381563257414
"942",2020-12-12,"01","4  day ahead inc hosp",2020-12-16,"quantile",0.975,256.095726754956
"943",2020-12-12,"01","4  day ahead inc hosp",2020-12-16,"quantile",0.99,265.065108936181
"944",2020-12-12,"01","5  day ahead inc hosp",2020-12-17,"quantile",0.01,149.687089581312
"945",2020-12-12,"01","5  day ahead inc hosp",2020-12-17,"quantile",0.025,159.134385902351
"946",2020-12-12,"01","5  day ahead inc hosp",2020-12-17,"quantile",0.05,167.259581925637
"947",2020-12-12,"01","5  day ahead inc hosp",2020-12-17,"quantile",0.1,176.627412571334
"948",2020-12-12,"01","5  day ahead inc hosp",2020-12-17,"quantile",0.15,182.94784343411
"949",2020-12-12,"01","5  day ahead inc hosp",2020-12-17,"quantile",0.2,187.971121522109
"950",2020-12-12,"01","5  day ahead inc hosp",2020-12-17,"quantile",0.25,192.280646840449
"951",2020-12-12,"01","5  day ahead inc hosp",2020-12-17,"quantile",0.3,196.150733767799
"952",2020-12-12,"01","5  day ahead inc hosp",2020-12-17,"quantile",0.35,199.736946064236
"953",2020-12-12,"01","5  day ahead inc hosp",2020-12-17,"quantile",0.4,203.139910837091
"954",2020-12-12,"01","5  day ahead inc hosp",2020-12-17,"quantile",0.45,206.432318637018
"955",2020-12-12,"01","5  day ahead inc hosp",2020-12-17,"quantile",0.5,209.672526555162
"956",2020-12-12,"01","5  day ahead inc hosp",2020-12-17,"quantile",0.55,212.912734473305
"957",2020-12-12,"01","5  day ahead inc hosp",2020-12-17,"quantile",0.6,216.205142273232
"958",2020-12-12,"01","5  day ahead inc hosp",2020-12-17,"quantile",0.65,219.608107046087
"959",2020-12-12,"01","5  day ahead inc hosp",2020-12-17,"quantile",0.7,223.194319342525
"960",2020-12-12,"01","5  day ahead inc hosp",2020-12-17,"quantile",0.75,227.064406269874
"961",2020-12-12,"01","5  day ahead inc hosp",2020-12-17,"quantile",0.8,231.373931588214
"962",2020-12-12,"01","5  day ahead inc hosp",2020-12-17,"quantile",0.85,236.397209676213
"963",2020-12-12,"01","5  day ahead inc hosp",2020-12-17,"quantile",0.9,242.717640538989
"964",2020-12-12,"01","5  day ahead inc hosp",2020-12-17,"quantile",0.95,252.085471184686
"965",2020-12-12,"01","5  day ahead inc hosp",2020-12-17,"quantile",0.975,260.210667207972
"966",2020-12-12,"01","5  day ahead inc hosp",2020-12-17,"quantile",0.99,269.657963529011
"967",2020-12-12,"01","6  day ahead inc hosp",2020-12-18,"quantile",0.01,148.357215784492
"968",2020-12-12,"01","6  day ahead inc hosp",2020-12-18,"quantile",0.025,158.259387205052
"969",2020-12-12,"01","6  day ahead inc hosp",2020-12-18,"quantile",0.05,166.775800908416
"970",2020-12-12,"01","6  day ahead inc hosp",2020-12-18,"quantile",0.1,176.594680484141
"971",2020-12-12,"01","6  day ahead inc hosp",2020-12-18,"quantile",0.15,183.219431918647
"972",2020-12-12,"01","6  day ahead inc hosp",2020-12-18,"quantile",0.2,188.484574349899
"973",2020-12-12,"01","6  day ahead inc hosp",2020-12-18,"quantile",0.25,193.001597738741
"974",2020-12-12,"01","6  day ahead inc hosp",2020-12-18,"quantile",0.3,197.058024346398
"975",2020-12-12,"01","6  day ahead inc hosp",2020-12-18,"quantile",0.35,200.816908126804
"976",2020-12-12,"01","6  day ahead inc hosp",2020-12-18,"quantile",0.4,204.383721252364
"977",2020-12-12,"01","6  day ahead inc hosp",2020-12-18,"quantile",0.45,207.834654229735
"978",2020-12-12,"01","6  day ahead inc hosp",2020-12-18,"quantile",0.5,211.230873968525
"979",2020-12-12,"01","6  day ahead inc hosp",2020-12-18,"quantile",0.55,214.627093707316
"980",2020-12-12,"01","6  day ahead inc hosp",2020-12-18,"quantile",0.6,218.078026684687
"981",2020-12-12,"01","6  day ahead inc hosp",2020-12-18,"quantile",0.65,221.644839810246
"982",2020-12-12,"01","6  day ahead inc hosp",2020-12-18,"quantile",0.7,225.403723590653
"983",2020-12-12,"01","6  day ahead inc hosp",2020-12-18,"quantile",0.75,229.46015019831
"984",2020-12-12,"01","6  day ahead inc hosp",2020-12-18,"quantile",0.8,233.977173587152
"985",2020-12-12,"01","6  day ahead inc hosp",2020-12-18,"quantile",0.85,239.242316018403
"986",2020-12-12,"01","6  day ahead inc hosp",2020-12-18,"quantile",0.9,245.867067452909
"987",2020-12-12,"01","6  day ahead inc hosp",2020-12-18,"quantile",0.95,255.685947028634
"988",2020-12-12,"01","6  day ahead inc hosp",2020-12-18,"quantile",0.975,264.202360731998
"989",2020-12-12,"01","6  day ahead inc hosp",2020-12-18,"quantile",0.99,274.104532152559
"990",2020-12-12,"01","7  day ahead inc hosp",2020-12-19,"quantile",0.01,147.154313459796
"991",2020-12-12,"01","7  day ahead inc hosp",2020-12-19,"quantile",0.025,157.491362840872
"992",2020-12-12,"01","7  day ahead inc hosp",2020-12-19,"quantile",0.05,166.38179558157
"993",2020-12-12,"01","7  day ahead inc hosp",2020-12-19,"quantile",0.1,176.631895153706
"994",2020-12-12,"01","7  day ahead inc hosp",2020-12-19,"quantile",0.15,183.54758867257
"995",2020-12-12,"01","7  day ahead inc hosp",2020-12-19,"quantile",0.2,189.043962649417
"996",2020-12-12,"01","7  day ahead inc hosp",2020-12-19,"quantile",0.25,193.759362115132
"997",2020-12-12,"01","7  day ahead inc hosp",2020-12-19,"quantile",0.3,197.993936570892
"998",2020-12-12,"01","7  day ahead inc hosp",2020-12-19,"quantile",0.35,201.917900881903
"999",2020-12-12,"01","7  day ahead inc hosp",2020-12-19,"quantile",0.4,205.641359287746
"1000",2020-12-12,"01","7  day ahead inc hosp",2020-12-19,"quantile",0.45,209.243848386632
"1001",2020-12-12,"01","7  day ahead inc hosp",2020-12-19,"quantile",0.5,212.789221381889
"1002",2020-12-12,"01","7  day ahead inc hosp",2020-12-19,"quantile",0.55,216.334594377147
"1003",2020-12-12,"01","7  day ahead inc hosp",2020-12-19,"quantile",0.6,219.937083476032
"1004",2020-12-12,"01","7  day ahead inc hosp",2020-12-19,"quantile",0.65,223.660541881875
"1005",2020-12-12,"01","7  day ahead inc hosp",2020-12-19,"quantile",0.7,227.584506192886
"1006",2020-12-12,"01","7  day ahead inc hosp",2020-12-19,"quantile",0.75,231.819080648646
"1007",2020-12-12,"01","7  day ahead inc hosp",2020-12-19,"quantile",0.8,236.534480114361
"1008",2020-12-12,"01","7  day ahead inc hosp",2020-12-19,"quantile",0.85,242.030854091208
"1009",2020-12-12,"01","7  day ahead inc hosp",2020-12-19,"quantile",0.9,248.946547610072
"1010",2020-12-12,"01","7  day ahead inc hosp",2020-12-19,"quantile",0.95,259.196647182208
"1011",2020-12-12,"01","7  day ahead inc hosp",2020-12-19,"quantile",0.975,268.087079922906
"1012",2020-12-12,"01","7  day ahead inc hosp",2020-12-19,"quantile",0.99,278.424129303982
"1013",2020-12-12,"01","8  day ahead inc hosp",2020-12-20,"quantile",0.01,162.799284670503
"1014",2020-12-12,"01","8  day ahead inc hosp",2020-12-20,"quantile",0.025,173.553641042294
"1015",2020-12-12,"01","8  day ahead inc hosp",2020-12-20,"quantile",0.05,182.802980816941
"1016",2020-12-12,"01","8  day ahead inc hosp",2020-12-20,"quantile",0.1,193.466877213421
"1017",2020-12-12,"01","8  day ahead inc hosp",2020-12-20,"quantile",0.15,200.661757485163
"1018",2020-12-12,"01","8  day ahead inc hosp",2020-12-20,"quantile",0.2,206.380020242798
"1019",2020-12-12,"01","8  day ahead inc hosp",2020-12-20,"quantile",0.25,211.285780525079
"1020",2020-12-12,"01","8  day ahead inc hosp",2020-12-20,"quantile",0.3,215.691304877462
"1021",2020-12-12,"01","8  day ahead inc hosp",2020-12-20,"quantile",0.35,219.773679744322
"1022",2020-12-12,"01","8  day ahead inc hosp",2020-12-20,"quantile",0.4,223.647454276663
"1023",2020-12-12,"01","8  day ahead inc hosp",2020-12-20,"quantile",0.45,227.395375967531
"1024",2020-12-12,"01","8  day ahead inc hosp",2020-12-20,"quantile",0.5,231.083875775969
"1025",2020-12-12,"01","8  day ahead inc hosp",2020-12-20,"quantile",0.55,234.772375584408
"1026",2020-12-12,"01","8  day ahead inc hosp",2020-12-20,"quantile",0.6,238.520297275275
"1027",2020-12-12,"01","8  day ahead inc hosp",2020-12-20,"quantile",0.65,242.394071807617
"1028",2020-12-12,"01","8  day ahead inc hosp",2020-12-20,"quantile",0.7,246.476446674477
"1029",2020-12-12,"01","8  day ahead inc hosp",2020-12-20,"quantile",0.75,250.88197102686
"1030",2020-12-12,"01","8  day ahead inc hosp",2020-12-20,"quantile",0.8,255.78773130914
"1031",2020-12-12,"01","8  day ahead inc hosp",2020-12-20,"quantile",0.85,261.505994066775
"1032",2020-12-12,"01","8  day ahead inc hosp",2020-12-20,"quantile",0.9,268.700874338518
"1033",2020-12-12,"01","8  day ahead inc hosp",2020-12-20,"quantile",0.95,279.364770734997
"1034",2020-12-12,"01","8  day ahead inc hosp",2020-12-20,"quantile",0.975,288.614110509645
"1035",2020-12-12,"01","8  day ahead inc hosp",2020-12-20,"quantile",0.99,299.368466881435
"1036",2020-12-12,"01","9  day ahead inc hosp",2020-12-21,"quantile",0.01,161.80699447551
"1037",2020-12-12,"01","9  day ahead inc hosp",2020-12-21,"quantile",0.025,172.963058836928
"1038",2020-12-12,"01","9  day ahead inc hosp",2020-12-21,"quantile",0.05,182.557889644029
"1039",2020-12-12,"01","9  day ahead inc hosp",2020-12-21,"quantile",0.1,193.620115074338
"1040",2020-12-12,"01","9  day ahead inc hosp",2020-12-21,"quantile",0.15,201.083746054134
"1041",2020-12-12,"01","9  day ahead inc hosp",2020-12-21,"quantile",0.2,207.01560335496
"1042",2020-12-12,"01","9  day ahead inc hosp",2020-12-21,"quantile",0.25,212.104608736478
"1043",2020-12-12,"01","9  day ahead inc hosp",2020-12-21,"quantile",0.3,216.674692851406
"1044",2020-12-12,"01","9  day ahead inc hosp",2020-12-21,"quantile",0.35,220.909556862569
"1045",2020-12-12,"01","9  day ahead inc hosp",2020-12-21,"quantile",0.4,224.928028680909
"1046",2020-12-12,"01","9  day ahead inc hosp",2020-12-21,"quantile",0.45,228.815946670549
"1047",2020-12-12,"01","9  day ahead inc hosp",2020-12-21,"quantile",0.5,232.642223189333
"1048",2020-12-12,"01","9  day ahead inc hosp",2020-12-21,"quantile",0.55,236.468499708117
"1049",2020-12-12,"01","9  day ahead inc hosp",2020-12-21,"quantile",0.6,240.356417697757
"1050",2020-12-12,"01","9  day ahead inc hosp",2020-12-21,"quantile",0.65,244.374889516097
"1051",2020-12-12,"01","9  day ahead inc hosp",2020-12-21,"quantile",0.7,248.60975352726
"1052",2020-12-12,"01","9  day ahead inc hosp",2020-12-21,"quantile",0.75,253.179837642188
"1053",2020-12-12,"01","9  day ahead inc hosp",2020-12-21,"quantile",0.8,258.268843023706
"1054",2020-12-12,"01","9  day ahead inc hosp",2020-12-21,"quantile",0.85,264.200700324532
"1055",2020-12-12,"01","9  day ahead inc hosp",2020-12-21,"quantile",0.9,271.664331304328
"1056",2020-12-12,"01","9  day ahead inc hosp",2020-12-21,"quantile",0.95,282.726556734637
"1057",2020-12-12,"01","9  day ahead inc hosp",2020-12-21,"quantile",0.975,292.321387541738
"1058",2020-12-12,"01","9  day ahead inc hosp",2020-12-21,"quantile",0.99,303.477451903156
"1059",2020-12-12,"01","10  day ahead inc hosp",2020-12-22,"quantile",0.01,160.903409188092
"1060",2020-12-12,"01","10  day ahead inc hosp",2020-12-22,"quantile",0.025,172.447211122496
"1061",2020-12-12,"01","10  day ahead inc hosp",2020-12-22,"quantile",0.05,182.37551763302
"1062",2020-12-12,"01","10  day ahead inc hosp",2020-12-22,"quantile",0.1,193.822219192295
"1063",2020-12-12,"01","10  day ahead inc hosp",2020-12-22,"quantile",0.15,201.545254391
"1064",2020-12-12,"01","10  day ahead inc hosp",2020-12-22,"quantile",0.2,207.683277941733
"1065",2020-12-12,"01","10  day ahead inc hosp",2020-12-22,"quantile",0.25,212.949155608281
"1066",2020-12-12,"01","10  day ahead inc hosp",2020-12-22,"quantile",0.3,217.678076501633
"1067",2020-12-12,"01","10  day ahead inc hosp",2020-12-22,"quantile",0.35,222.060126459419
"1068",2020-12-12,"01","10  day ahead inc hosp",2020-12-22,"quantile",0.4,226.218263347758
"1069",2020-12-12,"01","10  day ahead inc hosp",2020-12-22,"quantile",0.45,230.241308908953
"1070",2020-12-12,"01","10  day ahead inc hosp",2020-12-22,"quantile",0.5,234.200570602697
"1071",2020-12-12,"01","10  day ahead inc hosp",2020-12-22,"quantile",0.55,238.159832296441
"1072",2020-12-12,"01","10  day ahead inc hosp",2020-12-22,"quantile",0.6,242.182877857635
"1073",2020-12-12,"01","10  day ahead inc hosp",2020-12-22,"quantile",0.65,246.341014745975
"1074",2020-12-12,"01","10  day ahead inc hosp",2020-12-22,"quantile",0.7,250.723064703761
"1075",2020-12-12,"01","10  day ahead inc hosp",2020-12-22,"quantile",0.75,255.451985597112
"1076",2020-12-12,"01","10  day ahead inc hosp",2020-12-22,"quantile",0.8,260.717863263661
"1077",2020-12-12,"01","10  day ahead inc hosp",2020-12-22,"quantile",0.85,266.855886814394
"1078",2020-12-12,"01","10  day ahead inc hosp",2020-12-22,"quantile",0.9,274.578922013099
"1079",2020-12-12,"01","10  day ahead inc hosp",2020-12-22,"quantile",0.95,286.025623572373
"1080",2020-12-12,"01","10  day ahead inc hosp",2020-12-22,"quantile",0.975,295.953930082897
"1081",2020-12-12,"01","10  day ahead inc hosp",2020-12-22,"quantile",0.99,307.497732017302
"1082",2020-12-12,"01","11  day ahead inc hosp",2020-12-23,"quantile",0.01,160.079871273004
"1083",2020-12-12,"01","11  day ahead inc hosp",2020-12-23,"quantile",0.025,171.998803866379
"1084",2020-12-12,"01","11  day ahead inc hosp",2020-12-23,"quantile",0.05,182.249743438776
"1085",2020-12-12,"01","11  day ahead inc hosp",2020-12-23,"quantile",0.1,194.068420255714
"1086",2020-12-12,"01","11  day ahead inc hosp",2020-12-23,"quantile",0.15,202.042425394808
"1087",2020-12-12,"01","11  day ahead inc hosp",2020-12-23,"quantile",0.2,208.379911898253
"1088",2020-12-12,"01","11  day ahead inc hosp",2020-12-23,"quantile",0.25,213.81691101771
"1089",2020-12-12,"01","11  day ahead inc hosp",2020-12-23,"quantile",0.3,218.699504264505
"1090",2020-12-12,"01","11  day ahead inc hosp",2020-12-23,"quantile",0.35,223.223954559515
"1091",2020-12-12,"01","11  day ahead inc hosp",2020-12-23,"quantile",0.4,227.51721544252
"1092",2020-12-12,"01","11  day ahead inc hosp",2020-12-23,"quantile",0.45,231.670995032331
"1093",2020-12-12,"01","11  day ahead inc hosp",2020-12-23,"quantile",0.5,235.75891801606
"1094",2020-12-12,"01","11  day ahead inc hosp",2020-12-23,"quantile",0.55,239.846840999789
"1095",2020-12-12,"01","11  day ahead inc hosp",2020-12-23,"quantile",0.6,244.000620589601
"1096",2020-12-12,"01","11  day ahead inc hosp",2020-12-23,"quantile",0.65,248.293881472606
"1097",2020-12-12,"01","11  day ahead inc hosp",2020-12-23,"quantile",0.7,252.818331767616
"1098",2020-12-12,"01","11  day ahead inc hosp",2020-12-23,"quantile",0.75,257.700925014411
"1099",2020-12-12,"01","11  day ahead inc hosp",2020-12-23,"quantile",0.8,263.137924133868
"1100",2020-12-12,"01","11  day ahead inc hosp",2020-12-23,"quantile",0.85,269.475410637313
"1101",2020-12-12,"01","11  day ahead inc hosp",2020-12-23,"quantile",0.9,277.449415776407
"1102",2020-12-12,"01","11  day ahead inc hosp",2020-12-23,"quantile",0.95,289.268092593345
"1103",2020-12-12,"01","11  day ahead inc hosp",2020-12-23,"quantile",0.975,299.519032165742
"1104",2020-12-12,"01","11  day ahead inc hosp",2020-12-23,"quantile",0.99,311.437964759116
"1105",2020-12-12,"01","12  day ahead inc hosp",2020-12-24,"quantile",0.01,159.329046059851
"1106",2020-12-12,"01","12  day ahead inc hosp",2020-12-24,"quantile",0.025,171.611657558635
"1107",2020-12-12,"01","12  day ahead inc hosp",2020-12-24,"quantile",0.05,182.175381053073
"1108",2020-12-12,"01","12  day ahead inc hosp",2020-12-24,"quantile",0.1,194.354677700227
"1109",2020-12-12,"01","12  day ahead inc hosp",2020-12-24,"quantile",0.15,202.57199132672
"1110",2020-12-12,"01","12  day ahead inc hosp",2020-12-24,"quantile",0.2,209.102851702914
"1111",2020-12-12,"01","12  day ahead inc hosp",2020-12-24,"quantile",0.25,214.705748386854
"1112",2020-12-12,"01","12  day ahead inc hosp",2020-12-24,"quantile",0.3,219.737322773834
"1113",2020-12-12,"01","12  day ahead inc hosp",2020-12-24,"quantile",0.35,224.399826297854
"1114",2020-12-12,"01","12  day ahead inc hosp",2020-12-24,"quantile",0.4,228.824086194935
"1115",2020-12-12,"01","12  day ahead inc hosp",2020-12-24,"quantile",0.45,233.104608846904
"1116",2020-12-12,"01","12  day ahead inc hosp",2020-12-24,"quantile",0.5,237.317265429424
"1117",2020-12-12,"01","12  day ahead inc hosp",2020-12-24,"quantile",0.55,241.529922011944
"1118",2020-12-12,"01","12  day ahead inc hosp",2020-12-24,"quantile",0.6,245.810444663913
"1119",2020-12-12,"01","12  day ahead inc hosp",2020-12-24,"quantile",0.65,250.234704560994
"1120",2020-12-12,"01","12  day ahead inc hosp",2020-12-24,"quantile",0.7,254.897208085014
"1121",2020-12-12,"01","12  day ahead inc hosp",2020-12-24,"quantile",0.75,259.928782471994
"1122",2020-12-12,"01","12  day ahead inc hosp",2020-12-24,"quantile",0.8,265.531679155934
"1123",2020-12-12,"01","12  day ahead inc hosp",2020-12-24,"quantile",0.85,272.062539532128
"1124",2020-12-12,"01","12  day ahead inc hosp",2020-12-24,"quantile",0.9,280.279853158622
"1125",2020-12-12,"01","12  day ahead inc hosp",2020-12-24,"quantile",0.95,292.459149805775
"1126",2020-12-12,"01","12  day ahead inc hosp",2020-12-24,"quantile",0.975,303.022873300214
"1127",2020-12-12,"01","12  day ahead inc hosp",2020-12-24,"quantile",0.99,315.305484798997
"1128",2020-12-12,"01","13  day ahead inc hosp",2020-12-25,"quantile",0.01,158.644654946626
"1129",2020-12-12,"01","13  day ahead inc hosp",2020-12-25,"quantile",0.025,171.280482434159
"1130",2020-12-12,"01","13  day ahead inc hosp",2020-12-25,"quantile",0.05,182.147991165096
"1131",2020-12-12,"01","13  day ahead inc hosp",2020-12-25,"quantile",0.1,194.677532734342
"1132",2020-12-12,"01","13  day ahead inc hosp",2020-12-25,"quantile",0.15,203.131154946981
"1133",2020-12-12,"01","13  day ahead inc hosp",2020-12-25,"quantile",0.2,209.849825896309
"1134",2020-12-12,"01","13  day ahead inc hosp",2020-12-25,"quantile",0.25,215.613847329027
"1135",2020-12-12,"01","13  day ahead inc hosp",2020-12-25,"quantile",0.3,220.790116720179
"1136",2020-12-12,"01","13  day ahead inc hosp",2020-12-25,"quantile",0.35,225.586701729431
"1137",2020-12-12,"01","13  day ahead inc hosp",2020-12-25,"quantile",0.4,230.138191844141
"1138",2020-12-12,"01","13  day ahead inc hosp",2020-12-25,"quantile",0.45,234.541811204088
"1139",2020-12-12,"01","13  day ahead inc hosp",2020-12-25,"quantile",0.5,238.875612842788
"1140",2020-12-12,"01","13  day ahead inc hosp",2020-12-25,"quantile",0.55,243.209414481488
"1141",2020-12-12,"01","13  day ahead inc hosp",2020-12-25,"quantile",0.6,247.613033841435
"1142",2020-12-12,"01","13  day ahead inc hosp",2020-12-25,"quantile",0.65,252.164523956144
"1143",2020-12-12,"01","13  day ahead inc hosp",2020-12-25,"quantile",0.7,256.961108965396
"1144",2020-12-12,"01","13  day ahead inc hosp",2020-12-25,"quantile",0.75,262.137378356549
"1145",2020-12-12,"01","13  day ahead inc hosp",2020-12-25,"quantile",0.8,267.901399789267
"1146",2020-12-12,"01","13  day ahead inc hosp",2020-12-25,"quantile",0.85,274.620070738594
"1147",2020-12-12,"01","13  day ahead inc hosp",2020-12-25,"quantile",0.9,283.073692951233
"1148",2020-12-12,"01","13  day ahead inc hosp",2020-12-25,"quantile",0.95,295.60323452048
"1149",2020-12-12,"01","13  day ahead inc hosp",2020-12-25,"quantile",0.975,306.470743251416
"1150",2020-12-12,"01","13  day ahead inc hosp",2020-12-25,"quantile",0.99,319.106570738949
"1151",2020-12-12,"01","14  day ahead inc hosp",2020-12-26,"quantile",0.01,158.021274039558
"1152",2020-12-12,"01","14  day ahead inc hosp",2020-12-26,"quantile",0.025,171.000708825378
"1153",2020-12-12,"01","14  day ahead inc hosp",2020-12-26,"quantile",0.05,182.163738788923
"1154",2020-12-12,"01","14  day ahead inc hosp",2020-12-26,"quantile",0.1,195.033997413038
"1155",2020-12-12,"01","14  day ahead inc hosp",2020-12-26,"quantile",0.15,203.717499805038
"1156",2020-12-12,"01","14  day ahead inc hosp",2020-12-26,"quantile",0.2,210.618872233573
"1157",2020-12-12,"01","14  day ahead inc hosp",2020-12-26,"quantile",0.25,216.539635267402
"1158",2020-12-12,"01","14  day ahead inc hosp",2020-12-26,"quantile",0.3,221.856663460655
"1159",2020-12-12,"01","14  day ahead inc hosp",2020-12-26,"quantile",0.35,226.783682477309
"1160",2020-12-12,"01","14  day ahead inc hosp",2020-12-26,"quantile",0.4,231.458941709872
"1161",2020-12-12,"01","14  day ahead inc hosp",2020-12-26,"quantile",0.45,235.982309123712
"1162",2020-12-12,"01","14  day ahead inc hosp",2020-12-26,"quantile",0.5,240.433960256151
"1163",2020-12-12,"01","14  day ahead inc hosp",2020-12-26,"quantile",0.55,244.885611388591
"1164",2020-12-12,"01","14  day ahead inc hosp",2020-12-26,"quantile",0.6,249.408978802431
"1165",2020-12-12,"01","14  day ahead inc hosp",2020-12-26,"quantile",0.65,254.084238034994
"1166",2020-12-12,"01","14  day ahead inc hosp",2020-12-26,"quantile",0.7,259.011257051648
"1167",2020-12-12,"01","14  day ahead inc hosp",2020-12-26,"quantile",0.75,264.328285244901
"1168",2020-12-12,"01","14  day ahead inc hosp",2020-12-26,"quantile",0.8,270.24904827873
"1169",2020-12-12,"01","14  day ahead inc hosp",2020-12-26,"quantile",0.85,277.150420707265
"1170",2020-12-12,"01","14  day ahead inc hosp",2020-12-26,"quantile",0.9,285.833923099265
"1171",2020-12-12,"01","14  day ahead inc hosp",2020-12-26,"quantile",0.95,298.70418172338
"1172",2020-12-12,"01","14  day ahead inc hosp",2020-12-26,"quantile",0.975,309.867211686925
"1173",2020-12-12,"01","14  day ahead inc hosp",2020-12-26,"quantile",0.99,322.846646472745
"1174",2020-12-12,"01","15  day ahead inc hosp",2020-12-27,"quantile",0.01,192.723836471586
"1175",2020-12-12,"01","15  day ahead inc hosp",2020-12-27,"quantile",0.025,206.03801381846
"1176",2020-12-12,"01","15  day ahead inc hosp",2020-12-27,"quantile",0.05,217.488940851544
"1177",2020-12-12,"01","15  day ahead inc hosp",2020-12-27,"quantile",0.1,230.69112635879
"1178",2020-12-12,"01","15  day ahead inc hosp",2020-12-27,"quantile",0.15,239.598578243012
"1179",2020-12-12,"01","15  day ahead inc hosp",2020-12-27,"quantile",0.2,246.677938628621
"1180",2020-12-12,"01","15  day ahead inc hosp",2020-12-27,"quantile",0.25,252.751399481273
"1181",2020-12-12,"01","15  day ahead inc hosp",2020-12-27,"quantile",0.3,258.205555035152
"1182",2020-12-12,"01","15  day ahead inc hosp",2020-12-27,"quantile",0.35,263.259642987488
"1183",2020-12-12,"01","15  day ahead inc hosp",2020-12-27,"quantile",0.4,268.055478213916
"1184",2020-12-12,"01","15  day ahead inc hosp",2020-12-27,"quantile",0.45,272.695504297234
"1185",2020-12-12,"01","15  day ahead inc hosp",2020-12-27,"quantile",0.5,277.261964520021
"1186",2020-12-12,"01","15  day ahead inc hosp",2020-12-27,"quantile",0.55,281.828424742809
"1187",2020-12-12,"01","15  day ahead inc hosp",2020-12-27,"quantile",0.6,286.468450826127
"1188",2020-12-12,"01","15  day ahead inc hosp",2020-12-27,"quantile",0.65,291.264286052555
"1189",2020-12-12,"01","15  day ahead inc hosp",2020-12-27,"quantile",0.7,296.318374004891
"1190",2020-12-12,"01","15  day ahead inc hosp",2020-12-27,"quantile",0.75,301.77252955877
"1191",2020-12-12,"01","15  day ahead inc hosp",2020-12-27,"quantile",0.8,307.845990411422
"1192",2020-12-12,"01","15  day ahead inc hosp",2020-12-27,"quantile",0.85,314.925350797031
"1193",2020-12-12,"01","15  day ahead inc hosp",2020-12-27,"quantile",0.9,323.832802681253
"1194",2020-12-12,"01","15  day ahead inc hosp",2020-12-27,"quantile",0.95,337.034988188499
"1195",2020-12-12,"01","15  day ahead inc hosp",2020-12-27,"quantile",0.975,348.485915221583
"1196",2020-12-12,"01","15  day ahead inc hosp",2020-12-27,"quantile",0.99,361.800092568457
"1197",2020-12-12,"01","16  day ahead inc hosp",2020-12-28,"quantile",0.01,192.208884636333
"1198",2020-12-12,"01","16  day ahead inc hosp",2020-12-28,"quantile",0.025,205.849592443798
"1199",2020-12-12,"01","16  day ahead inc hosp",2020-12-28,"quantile",0.05,217.58135368698
"1200",2020-12-12,"01","16  day ahead inc hosp",2020-12-28,"quantile",0.1,231.107323052754
"1201",2020-12-12,"01","16  day ahead inc hosp",2020-12-28,"quantile",0.15,240.233230369159
"1202",2020-12-12,"01","16  day ahead inc hosp",2020-12-28,"quantile",0.2,247.486212207088
"1203",2020-12-12,"01","16  day ahead inc hosp",2020-12-28,"quantile",0.25,253.708624806282
"1204",2020-12-12,"01","16  day ahead inc hosp",2020-12-28,"quantile",0.3,259.296543632105
"1205",2020-12-12,"01","16  day ahead inc hosp",2020-12-28,"quantile",0.35,264.474583190608
"1206",2020-12-12,"01","16  day ahead inc hosp",2020-12-28,"quantile",0.4,269.388036370036
"1207",2020-12-12,"01","16  day ahead inc hosp",2020-12-28,"quantile",0.45,274.141859184062
"1208",2020-12-12,"01","16  day ahead inc hosp",2020-12-28,"quantile",0.5,278.820311933385
"1209",2020-12-12,"01","16  day ahead inc hosp",2020-12-28,"quantile",0.55,283.498764682708
"1210",2020-12-12,"01","16  day ahead inc hosp",2020-12-28,"quantile",0.6,288.252587496735
"1211",2020-12-12,"01","16  day ahead inc hosp",2020-12-28,"quantile",0.65,293.166040676162
"1212",2020-12-12,"01","16  day ahead inc hosp",2020-12-28,"quantile",0.7,298.344080234666
"1213",2020-12-12,"01","16  day ahead inc hosp",2020-12-28,"quantile",0.75,303.931999060488
"1214",2020-12-12,"01","16  day ahead inc hosp",2020-12-28,"quantile",0.8,310.154411659683
"1215",2020-12-12,"01","16  day ahead inc hosp",2020-12-28,"quantile",0.85,317.407393497612
"1216",2020-12-12,"01","16  day ahead inc hosp",2020-12-28,"quantile",0.9,326.533300814016
"1217",2020-12-12,"01","16  day ahead inc hosp",2020-12-28,"quantile",0.95,340.05927017979
"1218",2020-12-12,"01","16  day ahead inc hosp",2020-12-28,"quantile",0.975,351.791031422973
"1219",2020-12-12,"01","16  day ahead inc hosp",2020-12-28,"quantile",0.99,365.431739230438
"1220",2020-12-12,"01","17  day ahead inc hosp",2020-12-29,"quantile",0.01,191.742416291599
"1221",2020-12-12,"01","17  day ahead inc hosp",2020-12-29,"quantile",0.025,205.702018741285
"1222",2020-12-12,"01","17  day ahead inc hosp",2020-12-29,"quantile",0.05,217.708046969515
"1223",2020-12-12,"01","17  day ahead inc hosp",2020-12-29,"quantile",0.1,231.550228603925
"1224",2020-12-12,"01","17  day ahead inc hosp",2020-12-29,"quantile",0.15,240.889482836756
"1225",2020-12-12,"01","17  day ahead inc hosp",2020-12-29,"quantile",0.2,248.312026040627
"1226",2020-12-12,"01","17  day ahead inc hosp",2020-12-29,"quantile",0.25,254.679907193769
"1227",2020-12-12,"01","17  day ahead inc hosp",2020-12-29,"quantile",0.3,260.398461276931
"1228",2020-12-12,"01","17  day ahead inc hosp",2020-12-29,"quantile",0.35,265.697553869905
"1229",2020-12-12,"01","17  day ahead inc hosp",2020-12-29,"quantile",0.4,270.725874541243
"1230",2020-12-12,"01","17  day ahead inc hosp",2020-12-29,"quantile",0.45,275.590832983043
"1231",2020-12-12,"01","17  day ahead inc hosp",2020-12-29,"quantile",0.5,280.378659346749
"1232",2020-12-12,"01","17  day ahead inc hosp",2020-12-29,"quantile",0.55,285.166485710455
"1233",2020-12-12,"01","17  day ahead inc hosp",2020-12-29,"quantile",0.6,290.031444152255
"1234",2020-12-12,"01","17  day ahead inc hosp",2020-12-29,"quantile",0.65,295.059764823593
"1235",2020-12-12,"01","17  day ahead inc hosp",2020-12-29,"quantile",0.7,300.358857416566
"1236",2020-12-12,"01","17  day ahead inc hosp",2020-12-29,"quantile",0.75,306.077411499729
"1237",2020-12-12,"01","17  day ahead inc hosp",2020-12-29,"quantile",0.8,312.445292652871
"1238",2020-12-12,"01","17  day ahead inc hosp",2020-12-29,"quantile",0.85,319.867835856741
"1239",2020-12-12,"01","17  day ahead inc hosp",2020-12-29,"quantile",0.9,329.207090089573
"1240",2020-12-12,"01","17  day ahead inc hosp",2020-12-29,"quantile",0.95,343.049271723983
"1241",2020-12-12,"01","17  day ahead inc hosp",2020-12-29,"quantile",0.975,355.055299952212
"1242",2020-12-12,"01","17  day ahead inc hosp",2020-12-29,"quantile",0.99,369.014902401899
"1243",2020-12-12,"01","18  day ahead inc hosp",2020-12-30,"quantile",0.01,191.321181280064
"1244",2020-12-12,"01","18  day ahead inc hosp",2020-12-30,"quantile",0.025,205.592554431164
"1245",2020-12-12,"01","18  day ahead inc hosp",2020-12-30,"quantile",0.05,217.866722662334
"1246",2020-12-12,"01","18  day ahead inc hosp",2020-12-30,"quantile",0.1,232.018052547406
"1247",2020-12-12,"01","18  day ahead inc hosp",2020-12-30,"quantile",0.15,241.565887637274
"1248",2020-12-12,"01","18  day ahead inc hosp",2020-12-30,"quantile",0.2,249.15420429417
"1249",2020-12-12,"01","18  day ahead inc hosp",2020-12-30,"quantile",0.25,255.66430430926
"1250",2020-12-12,"01","18  day ahead inc hosp",2020-12-30,"quantile",0.3,261.510575325909
"1251",2020-12-12,"01","18  day ahead inc hosp",2020-12-30,"quantile",0.35,266.928016691387
"1252",2020-12-12,"01","18  day ahead inc hosp",2020-12-30,"quantile",0.4,272.06863877448
"1253",2020-12-12,"01","18  day ahead inc hosp",2020-12-30,"quantile",0.45,277.042250131806
"1254",2020-12-12,"01","18  day ahead inc hosp",2020-12-30,"quantile",0.5,281.937006760113
"1255",2020-12-12,"01","18  day ahead inc hosp",2020-12-30,"quantile",0.55,286.831763388419
"1256",2020-12-12,"01","18  day ahead inc hosp",2020-12-30,"quantile",0.6,291.805374745745
"1257",2020-12-12,"01","18  day ahead inc hosp",2020-12-30,"quantile",0.65,296.945996828838
"1258",2020-12-12,"01","18  day ahead inc hosp",2020-12-30,"quantile",0.7,302.363438194316
"1259",2020-12-12,"01","18  day ahead inc hosp",2020-12-30,"quantile",0.75,308.209709210966
"1260",2020-12-12,"01","18  day ahead inc hosp",2020-12-30,"quantile",0.8,314.719809226055
"1261",2020-12-12,"01","18  day ahead inc hosp",2020-12-30,"quantile",0.85,322.308125882951
"1262",2020-12-12,"01","18  day ahead inc hosp",2020-12-30,"quantile",0.9,331.855960972819
"1263",2020-12-12,"01","18  day ahead inc hosp",2020-12-30,"quantile",0.95,346.007290857891
"1264",2020-12-12,"01","18  day ahead inc hosp",2020-12-30,"quantile",0.975,358.281459089061
"1265",2020-12-12,"01","18  day ahead inc hosp",2020-12-30,"quantile",0.99,372.552832240161
"1266",2020-12-12,"01","19  day ahead inc hosp",2020-12-31,"quantile",0.01,190.942277120741
"1267",2020-12-12,"01","19  day ahead inc hosp",2020-12-31,"quantile",0.025,205.518754153364
"1268",2020-12-12,"01","19  day ahead inc hosp",2020-12-31,"quantile",0.05,218.055328554574
"1269",2020-12-12,"01","19  day ahead inc hosp",2020-12-31,"quantile",0.1,232.509195948191
"1270",2020-12-12,"01","19  day ahead inc hosp",2020-12-31,"quantile",0.15,242.261151658774
"1271",2020-12-12,"01","19  day ahead inc hosp",2020-12-31,"quantile",0.2,250.011696914259
"1272",2020-12-12,"01","19  day ahead inc hosp",2020-12-31,"quantile",0.25,256.66097462183
"1273",2020-12-12,"01","19  day ahead inc hosp",2020-12-31,"quantile",0.3,262.632231507795
"1274",2020-12-12,"01","19  day ahead inc hosp",2020-12-31,"quantile",0.35,268.165490907812
"1275",2020-12-12,"01","19  day ahead inc hosp",2020-12-31,"quantile",0.4,273.416012979811
"1276",2020-12-12,"01","19  day ahead inc hosp",2020-12-31,"quantile",0.45,278.495953848268
"1277",2020-12-12,"01","19  day ahead inc hosp",2020-12-31,"quantile",0.5,283.495354173476
"1278",2020-12-12,"01","19  day ahead inc hosp",2020-12-31,"quantile",0.55,288.494754498685
"1279",2020-12-12,"01","19  day ahead inc hosp",2020-12-31,"quantile",0.6,293.574695367141
"1280",2020-12-12,"01","19  day ahead inc hosp",2020-12-31,"quantile",0.65,298.825217439141
"1281",2020-12-12,"01","19  day ahead inc hosp",2020-12-31,"quantile",0.7,304.358476839158
"1282",2020-12-12,"01","19  day ahead inc hosp",2020-12-31,"quantile",0.75,310.329733725123
"1283",2020-12-12,"01","19  day ahead inc hosp",2020-12-31,"quantile",0.8,316.979011432693
"1284",2020-12-12,"01","19  day ahead inc hosp",2020-12-31,"quantile",0.85,324.729556688178
"1285",2020-12-12,"01","19  day ahead inc hosp",2020-12-31,"quantile",0.9,334.481512398762
"1286",2020-12-12,"01","19  day ahead inc hosp",2020-12-31,"quantile",0.95,348.935379792378
"1287",2020-12-12,"01","19  day ahead inc hosp",2020-12-31,"quantile",0.975,361.471954193589
"1288",2020-12-12,"01","19  day ahead inc hosp",2020-12-31,"quantile",0.99,376.048431226212
"1289",2020-12-12,"01","20  day ahead inc hosp",2021-01-01,"quantile",0.01,190.603099066641
"1290",2020-12-12,"01","20  day ahead inc hosp",2021-01-01,"quantile",0.025,205.478423390743
"1291",2020-12-12,"01","20  day ahead inc hosp",2021-01-01,"quantile",0.05,218.272022949394
"1292",2020-12-12,"01","20  day ahead inc hosp",2021-01-01,"quantile",0.1,233.022223888648
"1293",2020-12-12,"01","20  day ahead inc hosp",2021-01-01,"quantile",0.15,242.974114435627
"1294",2020-12-12,"01","20  day ahead inc hosp",2021-01-01,"quantile",0.2,250.883561561015
"1295",2020-12-12,"01","20  day ahead inc hosp",2021-01-01,"quantile",0.25,257.669162924072
"1296",2020-12-12,"01","20  day ahead inc hosp",2021-01-01,"quantile",0.3,263.762842665924
"1297",2020-12-12,"01","20  day ahead inc hosp",2021-01-01,"quantile",0.35,269.409545086573
"1298",2020-12-12,"01","20  day ahead inc hosp",2021-01-01,"quantile",0.4,274.767713491534
"1299",2020-12-12,"01","20  day ahead inc hosp",2021-01-01,"quantile",0.45,279.951803432913
"1300",2020-12-12,"01","20  day ahead inc hosp",2021-01-01,"quantile",0.5,285.05370158684
"1301",2020-12-12,"01","20  day ahead inc hosp",2021-01-01,"quantile",0.55,290.155599740767
"1302",2020-12-12,"01","20  day ahead inc hosp",2021-01-01,"quantile",0.6,295.339689682145
"1303",2020-12-12,"01","20  day ahead inc hosp",2021-01-01,"quantile",0.65,300.697858087107
"1304",2020-12-12,"01","20  day ahead inc hosp",2021-01-01,"quantile",0.7,306.344560507756
"1305",2020-12-12,"01","20  day ahead inc hosp",2021-01-01,"quantile",0.75,312.438240249607
"1306",2020-12-12,"01","20  day ahead inc hosp",2021-01-01,"quantile",0.8,319.223841612664
"1307",2020-12-12,"01","20  day ahead inc hosp",2021-01-01,"quantile",0.85,327.133288738053
"1308",2020-12-12,"01","20  day ahead inc hosp",2021-01-01,"quantile",0.9,337.085179285032
"1309",2020-12-12,"01","20  day ahead inc hosp",2021-01-01,"quantile",0.95,351.835380224286
"1310",2020-12-12,"01","20  day ahead inc hosp",2021-01-01,"quantile",0.975,364.628979782936
"1311",2020-12-12,"01","20  day ahead inc hosp",2021-01-01,"quantile",0.99,379.504304107039
"1312",2020-12-12,"01","21  day ahead inc hosp",2021-01-02,"quantile",0.01,190.301299024266
"1313",2020-12-12,"01","21  day ahead inc hosp",2021-01-02,"quantile",0.025,205.469583858481
"1314",2020-12-12,"01","21  day ahead inc hosp",2021-01-02,"quantile",0.05,218.515145617835
"1315",2020-12-12,"01","21  day ahead inc hosp",2021-01-02,"quantile",0.1,233.555842837861
"1316",2020-12-12,"01","21  day ahead inc hosp",2021-01-02,"quantile",0.15,243.703729846343
"1317",2020-12-12,"01","21  day ahead inc hosp",2021-01-02,"quantile",0.2,251.768948746119
"1318",2020-12-12,"01","21  day ahead inc hosp",2021-01-02,"quantile",0.25,258.688188421419
"1319",2020-12-12,"01","21  day ahead inc hosp",2021-01-02,"quantile",0.3,264.901879497931
"1320",2020-12-12,"01","21  day ahead inc hosp",2021-01-02,"quantile",0.35,270.659790305406
"1321",2020-12-12,"01","21  day ahead inc hosp",2021-01-02,"quantile",0.4,276.123484594375
"1322",2020-12-12,"01","21  day ahead inc hosp",2021-01-02,"quantile",0.45,281.409672049771
"1323",2020-12-12,"01","21  day ahead inc hosp",2021-01-02,"quantile",0.5,286.612049000204
"1324",2020-12-12,"01","21  day ahead inc hosp",2021-01-02,"quantile",0.55,291.814425950636
"1325",2020-12-12,"01","21  day ahead inc hosp",2021-01-02,"quantile",0.6,297.100613406032
"1326",2020-12-12,"01","21  day ahead inc hosp",2021-01-02,"quantile",0.65,302.564307695001
"1327",2020-12-12,"01","21  day ahead inc hosp",2021-01-02,"quantile",0.7,308.322218502476
"1328",2020-12-12,"01","21  day ahead inc hosp",2021-01-02,"quantile",0.75,314.535909578988
"1329",2020-12-12,"01","21  day ahead inc hosp",2021-01-02,"quantile",0.8,321.455149254288
"1330",2020-12-12,"01","21  day ahead inc hosp",2021-01-02,"quantile",0.85,329.520368154064
"1331",2020-12-12,"01","21  day ahead inc hosp",2021-01-02,"quantile",0.9,339.668255162546
"1332",2020-12-12,"01","21  day ahead inc hosp",2021-01-02,"quantile",0.95,354.708952382572
"1333",2020-12-12,"01","21  day ahead inc hosp",2021-01-02,"quantile",0.975,367.754514141926
"1334",2020-12-12,"01","21  day ahead inc hosp",2021-01-02,"quantile",0.99,382.922798976141
"1335",2020-12-12,"01","22  day ahead inc hosp",2021-01-03,"quantile",0.01,176.325243609844
"1336",2020-12-12,"01","22  day ahead inc hosp",2021-01-03,"quantile",0.025,191.780936925788
"1337",2020-12-12,"01","22  day ahead inc hosp",2021-01-03,"quantile",0.05,205.073685835142
"1338",2020-12-12,"01","22  day ahead inc hosp",2021-01-03,"quantile",0.1,220.399374008292
"1339",2020-12-12,"01","22  day ahead inc hosp",2021-01-03,"quantile",0.15,230.739543059849
"1340",2020-12-12,"01","22  day ahead inc hosp",2021-01-03,"quantile",0.2,238.957581631997
"1341",2020-12-12,"01","22  day ahead inc hosp",2021-01-03,"quantile",0.25,246.00792697887
"1342",2020-12-12,"01","22  day ahead inc hosp",2021-01-03,"quantile",0.3,252.339355000445
"1343",2020-12-12,"01","22  day ahead inc hosp",2021-01-03,"quantile",0.35,258.206366633834
"1344",2020-12-12,"01","22  day ahead inc hosp",2021-01-03,"quantile",0.4,263.773586937602
"1345",2020-12-12,"01","22  day ahead inc hosp",2021-01-03,"quantile",0.45,269.159937010413
"1346",2020-12-12,"01","22  day ahead inc hosp",2021-01-03,"quantile",0.5,274.460888537803
"1347",2020-12-12,"01","22  day ahead inc hosp",2021-01-03,"quantile",0.55,279.761840065194
"1348",2020-12-12,"01","22  day ahead inc hosp",2021-01-03,"quantile",0.6,285.148190138005
"1349",2020-12-12,"01","22  day ahead inc hosp",2021-01-03,"quantile",0.65,290.715410441772
"1350",2020-12-12,"01","22  day ahead inc hosp",2021-01-03,"quantile",0.7,296.582422075161
"1351",2020-12-12,"01","22  day ahead inc hosp",2021-01-03,"quantile",0.75,302.913850096737
"1352",2020-12-12,"01","22  day ahead inc hosp",2021-01-03,"quantile",0.8,309.96419544361
"1353",2020-12-12,"01","22  day ahead inc hosp",2021-01-03,"quantile",0.85,318.182234015757
"1354",2020-12-12,"01","22  day ahead inc hosp",2021-01-03,"quantile",0.9,328.522403067314
"1355",2020-12-12,"01","22  day ahead inc hosp",2021-01-03,"quantile",0.95,343.848091240464
"1356",2020-12-12,"01","22  day ahead inc hosp",2021-01-03,"quantile",0.975,357.140840149819
"1357",2020-12-12,"01","22  day ahead inc hosp",2021-01-03,"quantile",0.99,372.596533465763
"1358",2020-12-12,"01","23  day ahead inc hosp",2021-01-04,"quantile",0.01,176.092017187081
"1359",2020-12-12,"01","23  day ahead inc hosp",2021-01-04,"quantile",0.025,191.829871136751
"1360",2020-12-12,"01","23  day ahead inc hosp",2021-01-04,"quantile",0.05,205.365293757311
"1361",2020-12-12,"01","23  day ahead inc hosp",2021-01-04,"quantile",0.1,220.970769177713
"1362",2020-12-12,"01","23  day ahead inc hosp",2021-01-04,"quantile",0.15,231.499709356697
"1363",2020-12-12,"01","23  day ahead inc hosp",2021-01-04,"quantile",0.2,239.867777236758
"1364",2020-12-12,"01","23  day ahead inc hosp",2021-01-04,"quantile",0.25,247.046834370957
"1365",2020-12-12,"01","23  day ahead inc hosp",2021-01-04,"quantile",0.3,253.493849555557
"1366",2020-12-12,"01","23  day ahead inc hosp",2021-01-04,"quantile",0.35,259.467969921419
"1367",2020-12-12,"01","23  day ahead inc hosp",2021-01-04,"quantile",0.4,265.136825938117
"1368",2020-12-12,"01","23  day ahead inc hosp",2021-01-04,"quantile",0.45,270.621509739409
"1369",2020-12-12,"01","23  day ahead inc hosp",2021-01-04,"quantile",0.5,276.019235951167
"1370",2020-12-12,"01","23  day ahead inc hosp",2021-01-04,"quantile",0.55,281.416962162924
"1371",2020-12-12,"01","23  day ahead inc hosp",2021-01-04,"quantile",0.6,286.901645964216
"1372",2020-12-12,"01","23  day ahead inc hosp",2021-01-04,"quantile",0.65,292.570501980915
"1373",2020-12-12,"01","23  day ahead inc hosp",2021-01-04,"quantile",0.7,298.544622346777
"1374",2020-12-12,"01","23  day ahead inc hosp",2021-01-04,"quantile",0.75,304.991637531376
"1375",2020-12-12,"01","23  day ahead inc hosp",2021-01-04,"quantile",0.8,312.170694665576
"1376",2020-12-12,"01","23  day ahead inc hosp",2021-01-04,"quantile",0.85,320.538762545637
"1377",2020-12-12,"01","23  day ahead inc hosp",2021-01-04,"quantile",0.9,331.067702724621
"1378",2020-12-12,"01","23  day ahead inc hosp",2021-01-04,"quantile",0.95,346.673178145022
"1379",2020-12-12,"01","23  day ahead inc hosp",2021-01-04,"quantile",0.975,360.208600765582
"1380",2020-12-12,"01","23  day ahead inc hosp",2021-01-04,"quantile",0.99,375.946454715253
"1381",2020-12-12,"01","24  day ahead inc hosp",2021-01-05,"quantile",0.01,175.890350663347
"1382",2020-12-12,"01","24  day ahead inc hosp",2021-01-05,"quantile",0.025,191.905394778361
"1383",2020-12-12,"01","24  day ahead inc hosp",2021-01-05,"quantile",0.05,205.679216233105
"1384",2020-12-12,"01","24  day ahead inc hosp",2021-01-05,"quantile",0.1,221.559550241333
"1385",2020-12-12,"01","24  day ahead inc hosp",2021-01-05,"quantile",0.15,232.27393620463
"1386",2020-12-12,"01","24  day ahead inc hosp",2021-01-05,"quantile",0.2,240.789390515311
"1387",2020-12-12,"01","24  day ahead inc hosp",2021-01-05,"quantile",0.25,248.094892083447
"1388",2020-12-12,"01","24  day ahead inc hosp",2021-01-05,"quantile",0.3,254.65545827765
"1389",2020-12-12,"01","24  day ahead inc hosp",2021-01-05,"quantile",0.35,260.734800576393
"1390",2020-12-12,"01","24  day ahead inc hosp",2021-01-05,"quantile",0.4,266.503501917721
"1391",2020-12-12,"01","24  day ahead inc hosp",2021-01-05,"quantile",0.45,272.084787226092
"1392",2020-12-12,"01","24  day ahead inc hosp",2021-01-05,"quantile",0.5,277.57758336453
"1393",2020-12-12,"01","24  day ahead inc hosp",2021-01-05,"quantile",0.55,283.070379502969
"1394",2020-12-12,"01","24  day ahead inc hosp",2021-01-05,"quantile",0.6,288.65166481134
"1395",2020-12-12,"01","24  day ahead inc hosp",2021-01-05,"quantile",0.65,294.420366152668
"1396",2020-12-12,"01","24  day ahead inc hosp",2021-01-05,"quantile",0.7,300.499708451411
"1397",2020-12-12,"01","24  day ahead inc hosp",2021-01-05,"quantile",0.75,307.060274645614
"1398",2020-12-12,"01","24  day ahead inc hosp",2021-01-05,"quantile",0.8,314.36577621375
"1399",2020-12-12,"01","24  day ahead inc hosp",2021-01-05,"quantile",0.85,322.881230524431
"1400",2020-12-12,"01","24  day ahead inc hosp",2021-01-05,"quantile",0.9,333.595616487728
"1401",2020-12-12,"01","24  day ahead inc hosp",2021-01-05,"quantile",0.95,349.475950495956
"1402",2020-12-12,"01","24  day ahead inc hosp",2021-01-05,"quantile",0.975,363.2497719507
"1403",2020-12-12,"01","24  day ahead inc hosp",2021-01-05,"quantile",0.99,379.264816065713
"1404",2020-12-12,"01","25  day ahead inc hosp",2021-01-06,"quantile",0.01,175.718632713578
"1405",2020-12-12,"01","25  day ahead inc hosp",2021-01-06,"quantile",0.025,192.006150298234
"1406",2020-12-12,"01","25  day ahead inc hosp",2021-01-06,"quantile",0.05,206.014313968651
"1407",2020-12-12,"01","25  day ahead inc hosp",2021-01-06,"quantile",0.1,222.164829543363
"1408",2020-12-12,"01","25  day ahead inc hosp",2021-01-06,"quantile",0.15,233.061505726877
"1409",2020-12-12,"01","25  day ahead inc hosp",2021-01-06,"quantile",0.2,241.721838525869
"1410",2020-12-12,"01","25  day ahead inc hosp",2021-01-06,"quantile",0.25,249.15163293675
"1411",2020-12-12,"01","25  day ahead inc hosp",2021-01-06,"quantile",0.3,255.82381794517
"1412",2020-12-12,"01","25  day ahead inc hosp",2021-01-06,"quantile",0.35,262.006591709814
"1413",2020-12-12,"01","25  day ahead inc hosp",2021-01-06,"quantile",0.4,267.873439397697
"1414",2020-12-12,"01","25  day ahead inc hosp",2021-01-06,"quantile",0.45,273.549682432198
"1415",2020-12-12,"01","25  day ahead inc hosp",2021-01-06,"quantile",0.5,279.135930777894
"1416",2020-12-12,"01","25  day ahead inc hosp",2021-01-06,"quantile",0.55,284.72217912359
"1417",2020-12-12,"01","25  day ahead inc hosp",2021-01-06,"quantile",0.6,290.398422158092
"1418",2020-12-12,"01","25  day ahead inc hosp",2021-01-06,"quantile",0.65,296.265269845974
"1419",2020-12-12,"01","25  day ahead inc hosp",2021-01-06,"quantile",0.7,302.448043610618
"1420",2020-12-12,"01","25  day ahead inc hosp",2021-01-06,"quantile",0.75,309.120228619039
"1421",2020-12-12,"01","25  day ahead inc hosp",2021-01-06,"quantile",0.8,316.55002302992
"1422",2020-12-12,"01","25  day ahead inc hosp",2021-01-06,"quantile",0.85,325.210355828912
"1423",2020-12-12,"01","25  day ahead inc hosp",2021-01-06,"quantile",0.9,336.107032012425
"1424",2020-12-12,"01","25  day ahead inc hosp",2021-01-06,"quantile",0.95,352.257547587137
"1425",2020-12-12,"01","25  day ahead inc hosp",2021-01-06,"quantile",0.975,366.265711257554
"1426",2020-12-12,"01","25  day ahead inc hosp",2021-01-06,"quantile",0.99,382.55322884221
"1427",2020-12-12,"01","26  day ahead inc hosp",2021-01-07,"quantile",0.01,175.575384630573
"1428",2020-12-12,"01","26  day ahead inc hosp",2021-01-07,"quantile",0.025,192.130891875448
"1429",2020-12-12,"01","26  day ahead inc hosp",2021-01-07,"quantile",0.05,206.369541438073
"1430",2020-12-12,"01","26  day ahead inc hosp",2021-01-07,"quantile",0.1,222.785792485286
"1431",2020-12-12,"01","26  day ahead inc hosp",2021-01-07,"quantile",0.15,233.861759130515
"1432",2020-12-12,"01","26  day ahead inc hosp",2021-01-07,"quantile",0.2,242.664586304854
"1433",2020-12-12,"01","26  day ahead inc hosp",2021-01-07,"quantile",0.25,250.216628201844
"1434",2020-12-12,"01","26  day ahead inc hosp",2021-01-07,"quantile",0.3,256.998595231007
"1435",2020-12-12,"01","26  day ahead inc hosp",2021-01-07,"quantile",0.35,263.283098398661
"1436",2020-12-12,"01","26  day ahead inc hosp",2021-01-07,"quantile",0.4,269.24647734186
"1437",2020-12-12,"01","26  day ahead inc hosp",2021-01-07,"quantile",0.45,275.016115483027
"1438",2020-12-12,"01","26  day ahead inc hosp",2021-01-07,"quantile",0.5,280.694278191258
"1439",2020-12-12,"01","26  day ahead inc hosp",2021-01-07,"quantile",0.55,286.372440899489
"1440",2020-12-12,"01","26  day ahead inc hosp",2021-01-07,"quantile",0.6,292.142079040656
"1441",2020-12-12,"01","26  day ahead inc hosp",2021-01-07,"quantile",0.65,298.105457983855
"1442",2020-12-12,"01","26  day ahead inc hosp",2021-01-07,"quantile",0.7,304.389961151509
"1443",2020-12-12,"01","26  day ahead inc hosp",2021-01-07,"quantile",0.75,311.171928180672
"1444",2020-12-12,"01","26  day ahead inc hosp",2021-01-07,"quantile",0.8,318.723970077662
"1445",2020-12-12,"01","26  day ahead inc hosp",2021-01-07,"quantile",0.85,327.526797252001
"1446",2020-12-12,"01","26  day ahead inc hosp",2021-01-07,"quantile",0.9,338.60276389723
"1447",2020-12-12,"01","26  day ahead inc hosp",2021-01-07,"quantile",0.95,355.019014944443
"1448",2020-12-12,"01","26  day ahead inc hosp",2021-01-07,"quantile",0.975,369.257664507067
"1449",2020-12-12,"01","26  day ahead inc hosp",2021-01-07,"quantile",0.99,385.813171751942
"1450",2020-12-12,"01","27  day ahead inc hosp",2021-01-08,"quantile",0.01,175.459245529256
"1451",2020-12-12,"01","27  day ahead inc hosp",2021-01-08,"quantile",0.025,192.278472955025
"1452",2020-12-12,"01","27  day ahead inc hosp",2021-01-08,"quantile",0.05,206.743936422099
"1453",2020-12-12,"01","27  day ahead inc hosp",2021-01-08,"quantile",0.1,223.421689375098
"1454",2020-12-12,"01","27  day ahead inc hosp",2021-01-08,"quantile",0.15,234.674090114677
"1455",2020-12-12,"01","27  day ahead inc hosp",2021-01-08,"quantile",0.2,243.617141514132
"1456",2020-12-12,"01","27  day ahead inc hosp",2021-01-08,"quantile",0.25,251.289483310468
"1457",2020-12-12,"01","27  day ahead inc hosp",2021-01-08,"quantile",0.3,258.17948336727
"1458",2020-12-12,"01","27  day ahead inc hosp",2021-01-08,"quantile",0.35,264.56409523517
"1459",2020-12-12,"01","27  day ahead inc hosp",2021-01-08,"quantile",0.4,270.622467545252
"1460",2020-12-12,"01","27  day ahead inc hosp",2021-01-08,"quantile",0.45,276.484012868227
"1461",2020-12-12,"01","27  day ahead inc hosp",2021-01-08,"quantile",0.5,282.252625604622
"1462",2020-12-12,"01","27  day ahead inc hosp",2021-01-08,"quantile",0.55,288.021238341016
"1463",2020-12-12,"01","27  day ahead inc hosp",2021-01-08,"quantile",0.6,293.882783663992
"1464",2020-12-12,"01","27  day ahead inc hosp",2021-01-08,"quantile",0.65,299.941155974073
"1465",2020-12-12,"01","27  day ahead inc hosp",2021-01-08,"quantile",0.7,306.325767841974
"1466",2020-12-12,"01","27  day ahead inc hosp",2021-01-08,"quantile",0.75,313.215767898775
"1467",2020-12-12,"01","27  day ahead inc hosp",2021-01-08,"quantile",0.8,320.888109695112
"1468",2020-12-12,"01","27  day ahead inc hosp",2021-01-08,"quantile",0.85,329.831161094566
"1469",2020-12-12,"01","27  day ahead inc hosp",2021-01-08,"quantile",0.9,341.083561834145
"1470",2020-12-12,"01","27  day ahead inc hosp",2021-01-08,"quantile",0.95,357.761314787144
"1471",2020-12-12,"01","27  day ahead inc hosp",2021-01-08,"quantile",0.975,372.226778254218
"1472",2020-12-12,"01","27  day ahead inc hosp",2021-01-08,"quantile",0.99,389.046005679987
"1473",2020-12-12,"01","28  day ahead inc hosp",2021-01-09,"quantile",0.01,175.368959607958
"1474",2020-12-12,"01","28  day ahead inc hosp",2021-01-09,"quantile",0.025,192.447835515476
"1475",2020-12-12,"01","28  day ahead inc hosp",2021-01-09,"quantile",0.05,207.136611001107
"1476",2020-12-12,"01","28  day ahead inc hosp",2021-01-09,"quantile",0.1,224.071828409732
"1477",2020-12-12,"01","28  day ahead inc hosp",2021-01-09,"quantile",0.15,235.497939195206
"1478",2020-12-12,"01","28  day ahead inc hosp",2021-01-09,"quantile",0.2,244.579049832418
"1479",2020-12-12,"01","28  day ahead inc hosp",2021-01-09,"quantile",0.25,252.369834161723
"1480",2020-12-12,"01","28  day ahead inc hosp",2021-01-09,"quantile",0.3,259.36619927375
"1481",2020-12-12,"01","28  day ahead inc hosp",2021-01-09,"quantile",0.35,265.849374216879
"1482",2020-12-12,"01","28  day ahead inc hosp",2021-01-09,"quantile",0.4,272.001273246849
"1483",2020-12-12,"01","28  day ahead inc hosp",2021-01-09,"quantile",0.45,277.953306753692
"1484",2020-12-12,"01","28  day ahead inc hosp",2021-01-09,"quantile",0.5,283.810973017985
"1485",2020-12-12,"01","28  day ahead inc hosp",2021-01-09,"quantile",0.55,289.668639282279
"1486",2020-12-12,"01","28  day ahead inc hosp",2021-01-09,"quantile",0.6,295.620672789122
"1487",2020-12-12,"01","28  day ahead inc hosp",2021-01-09,"quantile",0.65,301.772571819091
"1488",2020-12-12,"01","28  day ahead inc hosp",2021-01-09,"quantile",0.7,308.25574676222
"1489",2020-12-12,"01","28  day ahead inc hosp",2021-01-09,"quantile",0.75,315.252111874248
"1490",2020-12-12,"01","28  day ahead inc hosp",2021-01-09,"quantile",0.8,323.042896203552
"1491",2020-12-12,"01","28  day ahead inc hosp",2021-01-09,"quantile",0.85,332.124006840764
"1492",2020-12-12,"01","28  day ahead inc hosp",2021-01-09,"quantile",0.9,343.550117626239
"1493",2020-12-12,"01","28  day ahead inc hosp",2021-01-09,"quantile",0.95,360.485335034864
"1494",2020-12-12,"01","28  day ahead inc hosp",2021-01-09,"quantile",0.975,375.174110520494
"1495",2020-12-12,"01","28  day ahead inc hosp",2021-01-09,"quantile",0.99,392.252986428012
"1496",2020-12-12,"01","29  day ahead inc hosp",2021-01-10,"quantile",0.01,186.146808338737
"1497",2020-12-12,"01","29  day ahead inc hosp",2021-01-10,"quantile",0.025,203.481443994817
"1498",2020-12-12,"01","29  day ahead inc hosp",2021-01-10,"quantile",0.05,218.390186973931
"1499",2020-12-12,"01","29  day ahead inc hosp",2021-01-10,"quantile",0.1,235.579012814969
"1500",2020-12-12,"01","29  day ahead inc hosp",2021-01-10,"quantile",0.15,247.176232005783
"1501",2020-12-12,"01","29  day ahead inc hosp",2021-01-10,"quantile",0.2,256.393334179313
"1502",2020-12-12,"01","29  day ahead inc hosp",2021-01-10,"quantile",0.25,264.300787137862
"1503",2020-12-12,"01","29  day ahead inc hosp",2021-01-10,"quantile",0.3,271.401924284746
"1504",2020-12-12,"01","29  day ahead inc hosp",2021-01-10,"quantile",0.35,277.982186132325
"1505",2020-12-12,"01","29  day ahead inc hosp",2021-01-10,"quantile",0.4,284.226211140468
"1506",2020-12-12,"01","29  day ahead inc hosp",2021-01-10,"quantile",0.45,290.267377597359
"1507",2020-12-12,"01","29  day ahead inc hosp",2021-01-10,"quantile",0.5,296.212763642453
"1508",2020-12-12,"01","29  day ahead inc hosp",2021-01-10,"quantile",0.55,302.158149687546
"1509",2020-12-12,"01","29  day ahead inc hosp",2021-01-10,"quantile",0.6,308.199316144437
"1510",2020-12-12,"01","29  day ahead inc hosp",2021-01-10,"quantile",0.65,314.44334115258
"1511",2020-12-12,"01","29  day ahead inc hosp",2021-01-10,"quantile",0.7,321.023603000159
"1512",2020-12-12,"01","29  day ahead inc hosp",2021-01-10,"quantile",0.75,328.124740147043
"1513",2020-12-12,"01","29  day ahead inc hosp",2021-01-10,"quantile",0.8,336.032193105592
"1514",2020-12-12,"01","29  day ahead inc hosp",2021-01-10,"quantile",0.85,345.249295279122
"1515",2020-12-12,"01","29  day ahead inc hosp",2021-01-10,"quantile",0.9,356.846514469936
"1516",2020-12-12,"01","29  day ahead inc hosp",2021-01-10,"quantile",0.95,374.035340310974
"1517",2020-12-12,"01","29  day ahead inc hosp",2021-01-10,"quantile",0.975,388.944083290088
"1518",2020-12-12,"01","29  day ahead inc hosp",2021-01-10,"quantile",0.99,406.278718946168
"1519",2020-12-12,"01","30  day ahead inc hosp",2021-01-11,"quantile",0.01,186.104828045149
"1520",2020-12-12,"01","30  day ahead inc hosp",2021-01-11,"quantile",0.025,203.691504376784
"1521",2020-12-12,"01","30  day ahead inc hosp",2021-01-11,"quantile",0.05,218.817016241422
"1522",2020-12-12,"01","30  day ahead inc hosp",2021-01-11,"quantile",0.1,236.255762724746
"1523",2020-12-12,"01","30  day ahead inc hosp",2021-01-11,"quantile",0.15,248.02160218641
"1524",2020-12-12,"01","30  day ahead inc hosp",2021-01-11,"quantile",0.2,257.37271840584
"1525",2020-12-12,"01","30  day ahead inc hosp",2021-01-11,"quantile",0.25,265.395143482934
"1526",2020-12-12,"01","30  day ahead inc hosp",2021-01-11,"quantile",0.3,272.599529145635
"1527",2020-12-12,"01","30  day ahead inc hosp",2021-01-11,"quantile",0.35,279.275466130222
"1528",2020-12-12,"01","30  day ahead inc hosp",2021-01-11,"quantile",0.4,285.610277487295
"1529",2020-12-12,"01","30  day ahead inc hosp",2021-01-11,"quantile",0.45,291.739280787437
"1530",2020-12-12,"01","30  day ahead inc hosp",2021-01-11,"quantile",0.5,297.771111055816
"1531",2020-12-12,"01","30  day ahead inc hosp",2021-01-11,"quantile",0.55,303.802941324196
"1532",2020-12-12,"01","30  day ahead inc hosp",2021-01-11,"quantile",0.6,309.931944624338
"1533",2020-12-12,"01","30  day ahead inc hosp",2021-01-11,"quantile",0.65,316.26675598141
"1534",2020-12-12,"01","30  day ahead inc hosp",2021-01-11,"quantile",0.7,322.942692965998
"1535",2020-12-12,"01","30  day ahead inc hosp",2021-01-11,"quantile",0.75,330.147078628699
"1536",2020-12-12,"01","30  day ahead inc hosp",2021-01-11,"quantile",0.8,338.169503705793
"1537",2020-12-12,"01","30  day ahead inc hosp",2021-01-11,"quantile",0.85,347.520619925222
"1538",2020-12-12,"01","30  day ahead inc hosp",2021-01-11,"quantile",0.9,359.286459386887
"1539",2020-12-12,"01","30  day ahead inc hosp",2021-01-11,"quantile",0.95,376.725205870211
"1540",2020-12-12,"01","30  day ahead inc hosp",2021-01-11,"quantile",0.975,391.850717734849
"1541",2020-12-12,"01","30  day ahead inc hosp",2021-01-11,"quantile",0.99,409.437394066484
"1542",2020-12-12,"01","31  day ahead inc hosp",2021-01-12,"quantile",0.01,186.085460809624
"1543",2020-12-12,"01","31  day ahead inc hosp",2021-01-12,"quantile",0.025,203.92061641473
"1544",2020-12-12,"01","31  day ahead inc hosp",2021-01-12,"quantile",0.05,219.259834162624
"1545",2020-12-12,"01","31  day ahead inc hosp",2021-01-12,"quantile",0.1,236.944969842788
"1546",2020-12-12,"01","31  day ahead inc hosp",2021-01-12,"quantile",0.15,248.877046925824
"1547",2020-12-12,"01","31  day ahead inc hosp",2021-01-12,"quantile",0.2,258.36028353688
"1548",2020-12-12,"01","31  day ahead inc hosp",2021-01-12,"quantile",0.25,266.496056145767
"1549",2020-12-12,"01","31  day ahead inc hosp",2021-01-12,"quantile",0.3,273.802231395171
"1550",2020-12-12,"01","31  day ahead inc hosp",2021-01-12,"quantile",0.35,280.572491601519
"1551",2020-12-12,"01","31  day ahead inc hosp",2021-01-12,"quantile",0.4,286.996806472155
"1552",2020-12-12,"01","31  day ahead inc hosp",2021-01-12,"quantile",0.45,293.212405457485
"1553",2020-12-12,"01","31  day ahead inc hosp",2021-01-12,"quantile",0.5,299.32945846918
"1554",2020-12-12,"01","31  day ahead inc hosp",2021-01-12,"quantile",0.55,305.446511480875
"1555",2020-12-12,"01","31  day ahead inc hosp",2021-01-12,"quantile",0.6,311.662110466206
"1556",2020-12-12,"01","31  day ahead inc hosp",2021-01-12,"quantile",0.65,318.086425336841
"1557",2020-12-12,"01","31  day ahead inc hosp",2021-01-12,"quantile",0.7,324.856685543189
"1558",2020-12-12,"01","31  day ahead inc hosp",2021-01-12,"quantile",0.75,332.162860792593
"1559",2020-12-12,"01","31  day ahead inc hosp",2021-01-12,"quantile",0.8,340.29863340148
"1560",2020-12-12,"01","31  day ahead inc hosp",2021-01-12,"quantile",0.85,349.781870012536
"1561",2020-12-12,"01","31  day ahead inc hosp",2021-01-12,"quantile",0.9,361.713947095572
"1562",2020-12-12,"01","31  day ahead inc hosp",2021-01-12,"quantile",0.95,379.399082775736
"1563",2020-12-12,"01","31  day ahead inc hosp",2021-01-12,"quantile",0.975,394.73830052363
"1564",2020-12-12,"01","31  day ahead inc hosp",2021-01-12,"quantile",0.99,412.573456128736
"1565",2020-12-12,"01","32  day ahead inc hosp",2021-01-13,"quantile",0.01,186.087774304079
"1566",2020-12-12,"01","32  day ahead inc hosp",2021-01-13,"quantile",0.025,204.167994615873
"1567",2020-12-12,"01","32  day ahead inc hosp",2021-01-13,"quantile",0.05,219.717981531215
"1568",2020-12-12,"01","32  day ahead inc hosp",2021-01-13,"quantile",0.1,237.64612056297
"1569",2020-12-12,"01","32  day ahead inc hosp",2021-01-13,"quantile",0.15,249.742150853663
"1570",2020-12-12,"01","32  day ahead inc hosp",2021-01-13,"quantile",0.2,259.355692276743
"1571",2020-12-12,"01","32  day ahead inc hosp",2021-01-13,"quantile",0.25,267.603254811786
"1572",2020-12-12,"01","32  day ahead inc hosp",2021-01-13,"quantile",0.3,275.009820869891
"1573",2020-12-12,"01","32  day ahead inc hosp",2021-01-13,"quantile",0.35,281.873108121722
"1574",2020-12-12,"01","32  day ahead inc hosp",2021-01-13,"quantile",0.4,288.385696561386
"1575",2020-12-12,"01","32  day ahead inc hosp",2021-01-13,"quantile",0.45,294.686701246332
"1576",2020-12-12,"01","32  day ahead inc hosp",2021-01-13,"quantile",0.5,300.887805882544
"1577",2020-12-12,"01","32  day ahead inc hosp",2021-01-13,"quantile",0.55,307.088910518755
"1578",2020-12-12,"01","32  day ahead inc hosp",2021-01-13,"quantile",0.6,313.389915203702
"1579",2020-12-12,"01","32  day ahead inc hosp",2021-01-13,"quantile",0.65,319.902503643366
"1580",2020-12-12,"01","32  day ahead inc hosp",2021-01-13,"quantile",0.7,326.765790895197
"1581",2020-12-12,"01","32  day ahead inc hosp",2021-01-13,"quantile",0.75,334.172356953301
"1582",2020-12-12,"01","32  day ahead inc hosp",2021-01-13,"quantile",0.8,342.419919488344
"1583",2020-12-12,"01","32  day ahead inc hosp",2021-01-13,"quantile",0.85,352.033460911424
"1584",2020-12-12,"01","32  day ahead inc hosp",2021-01-13,"quantile",0.9,364.129491202118
"1585",2020-12-12,"01","32  day ahead inc hosp",2021-01-13,"quantile",0.95,382.057630233872
"1586",2020-12-12,"01","32  day ahead inc hosp",2021-01-13,"quantile",0.975,397.607617149215
"1587",2020-12-12,"01","32  day ahead inc hosp",2021-01-13,"quantile",0.99,415.687837461008
"1588",2020-12-12,"01","33  day ahead inc hosp",2021-01-14,"quantile",0.01,186.110898558079
"1589",2020-12-12,"01","33  day ahead inc hosp",2021-01-14,"quantile",0.025,204.432906024174
"1590",2020-12-12,"01","33  day ahead inc hosp",2021-01-14,"quantile",0.05,220.190843231097
"1591",2020-12-12,"01","33  day ahead inc hosp",2021-01-14,"quantile",0.1,238.358735631099
"1592",2020-12-12,"01","33  day ahead inc hosp",2021-01-14,"quantile",0.15,250.616526381118
"1593",2020-12-12,"01","33  day ahead inc hosp",2021-01-14,"quantile",0.2,260.358629889358
"1594",2020-12-12,"01","33  day ahead inc hosp",2021-01-14,"quantile",0.25,268.716487246083
"1595",2020-12-12,"01","33  day ahead inc hosp",2021-01-14,"quantile",0.3,276.222101462864
"1596",2020-12-12,"01","33  day ahead inc hosp",2021-01-14,"quantile",0.35,283.177171594834
"1597",2020-12-12,"01","33  day ahead inc hosp",2021-01-14,"quantile",0.4,289.776853012283
"1598",2020-12-12,"01","33  day ahead inc hosp",2021-01-14,"quantile",0.45,296.162121161156
"1599",2020-12-12,"01","33  day ahead inc hosp",2021-01-14,"quantile",0.5,302.446153295907
"1600",2020-12-12,"01","33  day ahead inc hosp",2021-01-14,"quantile",0.55,308.730185430659
"1601",2020-12-12,"01","33  day ahead inc hosp",2021-01-14,"quantile",0.6,315.115453579532
"1602",2020-12-12,"01","33  day ahead inc hosp",2021-01-14,"quantile",0.65,321.715134996981
"1603",2020-12-12,"01","33  day ahead inc hosp",2021-01-14,"quantile",0.7,328.670205128951
"1604",2020-12-12,"01","33  day ahead inc hosp",2021-01-14,"quantile",0.75,336.175819345731
"1605",2020-12-12,"01","33  day ahead inc hosp",2021-01-14,"quantile",0.8,344.533676702457
"1606",2020-12-12,"01","33  day ahead inc hosp",2021-01-14,"quantile",0.85,354.275780210697
"1607",2020-12-12,"01","33  day ahead inc hosp",2021-01-14,"quantile",0.9,366.533570960716
"1608",2020-12-12,"01","33  day ahead inc hosp",2021-01-14,"quantile",0.95,384.701463360717
"1609",2020-12-12,"01","33  day ahead inc hosp",2021-01-14,"quantile",0.975,400.459400567641
"1610",2020-12-12,"01","33  day ahead inc hosp",2021-01-14,"quantile",0.99,418.781408033736
"1611",2020-12-12,"01","34  day ahead inc hosp",2021-01-15,"quantile",0.01,186.154020271496
"1612",2020-12-12,"01","34  day ahead inc hosp",2021-01-15,"quantile",0.025,204.714665428717
"1613",2020-12-12,"01","34  day ahead inc hosp",2021-01-15,"quantile",0.05,220.677844215142
"1614",2020-12-12,"01","34  day ahead inc hosp",2021-01-15,"quantile",0.1,239.08236701184
"1615",2020-12-12,"01","34  day ahead inc hosp",2021-01-15,"quantile",0.15,251.499811167104
"1616",2020-12-12,"01","34  day ahead inc hosp",2021-01-15,"quantile",0.2,261.368802140717
"1617",2020-12-12,"01","34  day ahead inc hosp",2021-01-15,"quantile",0.25,269.835517644459
"1618",2020-12-12,"01","34  day ahead inc hosp",2021-01-15,"quantile",0.3,277.438889841662
"1619",2020-12-12,"01","34  day ahead inc hosp",2021-01-15,"quantile",0.35,284.484547311346
"1620",2020-12-12,"01","34  day ahead inc hosp",2021-01-15,"quantile",0.4,291.17018725373
"1621",2020-12-12,"01","34  day ahead inc hosp",2021-01-15,"quantile",0.45,297.638621270267
"1622",2020-12-12,"01","34  day ahead inc hosp",2021-01-15,"quantile",0.5,304.004500709271
"1623",2020-12-12,"01","34  day ahead inc hosp",2021-01-15,"quantile",0.55,310.370380148276
"1624",2020-12-12,"01","34  day ahead inc hosp",2021-01-15,"quantile",0.6,316.838814164813
"1625",2020-12-12,"01","34  day ahead inc hosp",2021-01-15,"quantile",0.65,323.524454107196
"1626",2020-12-12,"01","34  day ahead inc hosp",2021-01-15,"quantile",0.7,330.57011157688
"1627",2020-12-12,"01","34  day ahead inc hosp",2021-01-15,"quantile",0.75,338.173483774083
"1628",2020-12-12,"01","34  day ahead inc hosp",2021-01-15,"quantile",0.8,346.640199277825
"1629",2020-12-12,"01","34  day ahead inc hosp",2021-01-15,"quantile",0.85,356.509190251438
"1630",2020-12-12,"01","34  day ahead inc hosp",2021-01-15,"quantile",0.9,368.926634406702
"1631",2020-12-12,"01","34  day ahead inc hosp",2021-01-15,"quantile",0.95,387.3311572034
"1632",2020-12-12,"01","34  day ahead inc hosp",2021-01-15,"quantile",0.975,403.294335989825
"1633",2020-12-12,"01","34  day ahead inc hosp",2021-01-15,"quantile",0.99,421.854981147046
"1634",2020-12-12,"01","35  day ahead inc hosp",2021-01-16,"quantile",0.01,186.216377777201
"1635",2020-12-12,"01","35  day ahead inc hosp",2021-01-16,"quantile",0.025,205.012631119741
"1636",2020-12-12,"01","35  day ahead inc hosp",2021-01-16,"quantile",0.05,221.178445943541
"1637",2020-12-12,"01","35  day ahead inc hosp",2021-01-16,"quantile",0.1,239.816595113732
"1638",2020-12-12,"01","35  day ahead inc hosp",2021-01-16,"quantile",0.15,252.391665874048
"1639",2020-12-12,"01","35  day ahead inc hosp",2021-01-16,"quantile",0.2,262.385933476492
"1640",2020-12-12,"01","35  day ahead inc hosp",2021-01-16,"quantile",0.25,270.960125172928
"1641",2020-12-12,"01","35  day ahead inc hosp",2021-01-16,"quantile",0.3,278.660014312861
"1642",2020-12-12,"01","35  day ahead inc hosp",2021-01-16,"quantile",0.35,285.795109113885
"1643",2020-12-12,"01","35  day ahead inc hosp",2021-01-16,"quantile",0.4,292.565616337614
"1644",2020-12-12,"01","35  day ahead inc hosp",2021-01-16,"quantile",0.45,299.116160431014
"1645",2020-12-12,"01","35  day ahead inc hosp",2021-01-16,"quantile",0.5,305.562848122635
"1646",2020-12-12,"01","35  day ahead inc hosp",2021-01-16,"quantile",0.55,312.009535814255
"1647",2020-12-12,"01","35  day ahead inc hosp",2021-01-16,"quantile",0.6,318.560079907655
"1648",2020-12-12,"01","35  day ahead inc hosp",2021-01-16,"quantile",0.65,325.330587131385
"1649",2020-12-12,"01","35  day ahead inc hosp",2021-01-16,"quantile",0.7,332.465681932408
"1650",2020-12-12,"01","35  day ahead inc hosp",2021-01-16,"quantile",0.75,340.165571072342
"1651",2020-12-12,"01","35  day ahead inc hosp",2021-01-16,"quantile",0.8,348.739762768778
"1652",2020-12-12,"01","35  day ahead inc hosp",2021-01-16,"quantile",0.85,358.734030371221
"1653",2020-12-12,"01","35  day ahead inc hosp",2021-01-16,"quantile",0.9,371.309101131538
"1654",2020-12-12,"01","35  day ahead inc hosp",2021-01-16,"quantile",0.95,389.947250301729
"1655",2020-12-12,"01","35  day ahead inc hosp",2021-01-16,"quantile",0.975,406.113065125529
"1656",2020-12-12,"01","35  day ahead inc hosp",2021-01-16,"quantile",0.99,424.909318468068
"1657",2020-12-12,"01","36  day ahead inc hosp",2021-01-17,"quantile",0.01,203.057326332741
"1658",2020-12-12,"01","36  day ahead inc hosp",2021-01-17,"quantile",0.025,222.086270885227
"1659",2020-12-12,"01","36  day ahead inc hosp",2021-01-17,"quantile",0.05,238.452212986658
"1660",2020-12-12,"01","36  day ahead inc hosp",2021-01-17,"quantile",0.1,257.321096091029
"1661",2020-12-12,"01","36  day ahead inc hosp",2021-01-17,"quantile",0.15,270.051841941325
"1662",2020-12-12,"01","36  day ahead inc hosp",2021-01-17,"quantile",0.2,280.169835170284
"1663",2020-12-12,"01","36  day ahead inc hosp",2021-01-17,"quantile",0.25,288.85017243753
"1664",2020-12-12,"01","36  day ahead inc hosp",2021-01-17,"quantile",0.3,296.645383580619
"1665",2020-12-12,"01","36  day ahead inc hosp",2021-01-17,"quantile",0.35,303.868808423384
"1666",2020-12-12,"01","36  day ahead inc hosp",2021-01-17,"quantile",0.4,310.723132218913
"1667",2020-12-12,"01","36  day ahead inc hosp",2021-01-17,"quantile",0.45,317.35476981553
"1668",2020-12-12,"01","36  day ahead inc hosp",2021-01-17,"quantile",0.5,323.881265303511
"1669",2020-12-12,"01","36  day ahead inc hosp",2021-01-17,"quantile",0.55,330.407760791492
"1670",2020-12-12,"01","36  day ahead inc hosp",2021-01-17,"quantile",0.6,337.039398388109
"1671",2020-12-12,"01","36  day ahead inc hosp",2021-01-17,"quantile",0.65,343.893722183638
"1672",2020-12-12,"01","36  day ahead inc hosp",2021-01-17,"quantile",0.7,351.117147026403
"1673",2020-12-12,"01","36  day ahead inc hosp",2021-01-17,"quantile",0.75,358.912358169492
"1674",2020-12-12,"01","36  day ahead inc hosp",2021-01-17,"quantile",0.8,367.592695436739
"1675",2020-12-12,"01","36  day ahead inc hosp",2021-01-17,"quantile",0.85,377.710688665697
"1676",2020-12-12,"01","36  day ahead inc hosp",2021-01-17,"quantile",0.9,390.441434515993
"1677",2020-12-12,"01","36  day ahead inc hosp",2021-01-17,"quantile",0.95,409.310317620364
"1678",2020-12-12,"01","36  day ahead inc hosp",2021-01-17,"quantile",0.975,425.676259721796
"1679",2020-12-12,"01","36  day ahead inc hosp",2021-01-17,"quantile",0.99,444.705204274281
"1680",2020-12-12,"01","37  day ahead inc hosp",2021-01-18,"quantile",0.01,203.156055061271
"1681",2020-12-12,"01","37  day ahead inc hosp",2021-01-18,"quantile",0.025,222.414879580078
"1682",2020-12-12,"01","37  day ahead inc hosp",2021-01-18,"quantile",0.05,238.978531134534
"1683",2020-12-12,"01","37  day ahead inc hosp",2021-01-18,"quantile",0.1,258.07536057616
"1684",2020-12-12,"01","37  day ahead inc hosp",2021-01-18,"quantile",0.15,270.959900738024
"1685",2020-12-12,"01","37  day ahead inc hosp",2021-01-18,"quantile",0.2,281.200124810438
"1686",2020-12-12,"01","37  day ahead inc hosp",2021-01-18,"quantile",0.25,289.985325257729
"1687",2020-12-12,"01","37  day ahead inc hosp",2021-01-18,"quantile",0.3,297.874706777431
"1688",2020-12-12,"01","37  day ahead inc hosp",2021-01-18,"quantile",0.35,305.185394508319
"1689",2020-12-12,"01","37  day ahead inc hosp",2021-01-18,"quantile",0.4,312.122522251219
"1690",2020-12-12,"01","37  day ahead inc hosp",2021-01-18,"quantile",0.45,318.834273625201
"1691",2020-12-12,"01","37  day ahead inc hosp",2021-01-18,"quantile",0.5,325.439612716875
"1692",2020-12-12,"01","37  day ahead inc hosp",2021-01-18,"quantile",0.55,332.044951808548
"1693",2020-12-12,"01","37  day ahead inc hosp",2021-01-18,"quantile",0.6,338.75670318253
"1694",2020-12-12,"01","37  day ahead inc hosp",2021-01-18,"quantile",0.65,345.693830925431
"1695",2020-12-12,"01","37  day ahead inc hosp",2021-01-18,"quantile",0.7,353.004518656319
"1696",2020-12-12,"01","37  day ahead inc hosp",2021-01-18,"quantile",0.75,360.893900176021
"1697",2020-12-12,"01","37  day ahead inc hosp",2021-01-18,"quantile",0.8,369.679100623311
"1698",2020-12-12,"01","37  day ahead inc hosp",2021-01-18,"quantile",0.85,379.919324695726
"1699",2020-12-12,"01","37  day ahead inc hosp",2021-01-18,"quantile",0.9,392.80386485759
"1700",2020-12-12,"01","37  day ahead inc hosp",2021-01-18,"quantile",0.95,411.900694299215
"1701",2020-12-12,"01","37  day ahead inc hosp",2021-01-18,"quantile",0.975,428.464345853671
"1702",2020-12-12,"01","37  day ahead inc hosp",2021-01-18,"quantile",0.99,447.723170372479
"1703",2020-12-12,"02","1  day ahead inc hosp",2020-12-13,"quantile",0.01,3.44353456442537
"1704",2020-12-12,"02","1  day ahead inc hosp",2020-12-13,"quantile",0.025,4.82505064393331
"1705",2020-12-12,"02","1  day ahead inc hosp",2020-12-13,"quantile",0.05,6.01323068760629
"1706",2020-12-12,"02","1  day ahead inc hosp",2020-12-13,"quantile",0.1,7.3831261822904
"1707",2020-12-12,"02","1  day ahead inc hosp",2020-12-13,"quantile",0.15,8.30738816896033
"1708",2020-12-12,"02","1  day ahead inc hosp",2020-12-13,"quantile",0.2,9.04196229626436
"1709",2020-12-12,"02","1  day ahead inc hosp",2020-12-13,"quantile",0.25,9.67216148977069
"1710",2020-12-12,"02","1  day ahead inc hosp",2020-12-13,"quantile",0.3,10.2380998426643
"1711",2020-12-12,"02","1  day ahead inc hosp",2020-12-13,"quantile",0.35,10.762526068295
"1712",2020-12-12,"02","1  day ahead inc hosp",2020-12-13,"quantile",0.4,11.2601552726662
"1713",2020-12-12,"02","1  day ahead inc hosp",2020-12-13,"quantile",0.45,11.7416172869111
"1714",2020-12-12,"02","1  day ahead inc hosp",2020-12-13,"quantile",0.5,12.2154459028185
"1715",2020-12-12,"02","1  day ahead inc hosp",2020-12-13,"quantile",0.55,12.6892745187258
"1716",2020-12-12,"02","1  day ahead inc hosp",2020-12-13,"quantile",0.6,13.1707365329708
"1717",2020-12-12,"02","1  day ahead inc hosp",2020-12-13,"quantile",0.65,13.668365737342
"1718",2020-12-12,"02","1  day ahead inc hosp",2020-12-13,"quantile",0.7,14.1927919629727
"1719",2020-12-12,"02","1  day ahead inc hosp",2020-12-13,"quantile",0.75,14.7587303158663
"1720",2020-12-12,"02","1  day ahead inc hosp",2020-12-13,"quantile",0.8,15.3889295093726
"1721",2020-12-12,"02","1  day ahead inc hosp",2020-12-13,"quantile",0.85,16.1235036366766
"1722",2020-12-12,"02","1  day ahead inc hosp",2020-12-13,"quantile",0.9,17.0477656233466
"1723",2020-12-12,"02","1  day ahead inc hosp",2020-12-13,"quantile",0.95,18.4176611180307
"1724",2020-12-12,"02","1  day ahead inc hosp",2020-12-13,"quantile",0.975,19.6058411617037
"1725",2020-12-12,"02","1  day ahead inc hosp",2020-12-13,"quantile",0.99,20.9873572412116
"1726",2020-12-12,"02","2  day ahead inc hosp",2020-12-14,"quantile",0.01,3.37230155198795
"1727",2020-12-12,"02","2  day ahead inc hosp",2020-12-14,"quantile",0.025,4.78147131873141
"1728",2020-12-12,"02","2  day ahead inc hosp",2020-12-14,"quantile",0.05,5.99343505902189
"1729",2020-12-12,"02","2  day ahead inc hosp",2020-12-14,"quantile",0.1,7.39075163270557
"1730",2020-12-12,"02","2  day ahead inc hosp",2020-12-14,"quantile",0.15,8.33351449119463
"1731",2020-12-12,"02","2  day ahead inc hosp",2020-12-14,"quantile",0.2,9.08279252493094
"1732",2020-12-12,"02","2  day ahead inc hosp",2020-12-14,"quantile",0.25,9.72560636089551
"1733",2020-12-12,"02","2  day ahead inc hosp",2020-12-14,"quantile",0.3,10.3028730525885
"1734",2020-12-12,"02","2  day ahead inc hosp",2020-12-14,"quantile",0.35,10.8377966723769
"1735",2020-12-12,"02","2  day ahead inc hosp",2020-12-14,"quantile",0.4,11.3453868772612
"1736",2020-12-12,"02","2  day ahead inc hosp",2020-12-14,"quantile",0.45,11.8364862747804
"1737",2020-12-12,"02","2  day ahead inc hosp",2020-12-14,"quantile",0.5,12.3197994768912
"1738",2020-12-12,"02","2  day ahead inc hosp",2020-12-14,"quantile",0.55,12.803112679002
"1739",2020-12-12,"02","2  day ahead inc hosp",2020-12-14,"quantile",0.6,13.2942120765212
"1740",2020-12-12,"02","2  day ahead inc hosp",2020-12-14,"quantile",0.65,13.8018022814055
"1741",2020-12-12,"02","2  day ahead inc hosp",2020-12-14,"quantile",0.7,14.3367259011939
"1742",2020-12-12,"02","2  day ahead inc hosp",2020-12-14,"quantile",0.75,14.9139925928869
"1743",2020-12-12,"02","2  day ahead inc hosp",2020-12-14,"quantile",0.8,15.5568064288514
"1744",2020-12-12,"02","2  day ahead inc hosp",2020-12-14,"quantile",0.85,16.3060844625878
"1745",2020-12-12,"02","2  day ahead inc hosp",2020-12-14,"quantile",0.9,17.2488473210768
"1746",2020-12-12,"02","2  day ahead inc hosp",2020-12-14,"quantile",0.95,18.6461638947605
"1747",2020-12-12,"02","2  day ahead inc hosp",2020-12-14,"quantile",0.975,19.858127635051
"1748",2020-12-12,"02","2  day ahead inc hosp",2020-12-14,"quantile",0.99,21.2672974017944
"1749",2020-12-12,"02","3  day ahead inc hosp",2020-12-15,"quantile",0.01,3.30444857638437
"1750",2020-12-12,"02","3  day ahead inc hosp",2020-12-15,"quantile",0.025,4.74073969766468
"1751",2020-12-12,"02","3  day ahead inc hosp",2020-12-15,"quantile",0.05,5.97602929908416
"1752",2020-12-12,"02","3  day ahead inc hosp",2020-12-15,"quantile",0.1,7.40023909677069
"1753",2020-12-12,"02","3  day ahead inc hosp",2020-12-15,"quantile",0.15,8.36114668581862
"1754",2020-12-12,"02","3  day ahead inc hosp",2020-12-15,"quantile",0.2,9.12484557620345
"1755",2020-12-12,"02","3  day ahead inc hosp",2020-12-15,"quantile",0.25,9.78003122311502
"1756",2020-12-12,"02","3  day ahead inc hosp",2020-12-15,"quantile",0.3,10.3684081834053
"1757",2020-12-12,"02","3  day ahead inc hosp",2020-12-15,"quantile",0.35,10.9136271228101
"1758",2020-12-12,"02","3  day ahead inc hosp",2020-12-15,"quantile",0.4,11.4309865792289
"1759",2020-12-12,"02","3  day ahead inc hosp",2020-12-15,"quantile",0.45,11.9315378406663
"1760",2020-12-12,"02","3  day ahead inc hosp",2020-12-15,"quantile",0.5,12.4241530509639
"1761",2020-12-12,"02","3  day ahead inc hosp",2020-12-15,"quantile",0.55,12.9167682612615
"1762",2020-12-12,"02","3  day ahead inc hosp",2020-12-15,"quantile",0.6,13.4173195226989
"1763",2020-12-12,"02","3  day ahead inc hosp",2020-12-15,"quantile",0.65,13.9346789791177
"1764",2020-12-12,"02","3  day ahead inc hosp",2020-12-15,"quantile",0.7,14.4798979185225
"1765",2020-12-12,"02","3  day ahead inc hosp",2020-12-15,"quantile",0.75,15.0682748788128
"1766",2020-12-12,"02","3  day ahead inc hosp",2020-12-15,"quantile",0.8,15.7234605257244
"1767",2020-12-12,"02","3  day ahead inc hosp",2020-12-15,"quantile",0.85,16.4871594161092
"1768",2020-12-12,"02","3  day ahead inc hosp",2020-12-15,"quantile",0.9,17.4480670051571
"1769",2020-12-12,"02","3  day ahead inc hosp",2020-12-15,"quantile",0.95,18.8722768028437
"1770",2020-12-12,"02","3  day ahead inc hosp",2020-12-15,"quantile",0.975,20.1075664042631
"1771",2020-12-12,"02","3  day ahead inc hosp",2020-12-15,"quantile",0.99,21.5438575255434
"1772",2020-12-12,"02","4  day ahead inc hosp",2020-12-16,"quantile",0.01,3.23978764494124
"1773",2020-12-12,"02","4  day ahead inc hosp",2020-12-16,"quantile",0.025,4.70269739562085
"1774",2020-12-12,"02","4  day ahead inc hosp",2020-12-16,"quantile",0.05,5.96088048681674
"1775",2020-12-12,"02","4  day ahead inc hosp",2020-12-16,"quantile",0.1,7.41148501202738
"1776",2020-12-12,"02","4  day ahead inc hosp",2020-12-16,"quantile",0.15,8.39020099842656
"1777",2020-12-12,"02","4  day ahead inc hosp",2020-12-16,"quantile",0.2,9.16805343848849
"1778",2020-12-12,"02","4  day ahead inc hosp",2020-12-16,"quantile",0.25,9.83538157076705
"1779",2020-12-12,"02","4  day ahead inc hosp",2020-12-16,"quantile",0.3,10.4346628581962
"1780",2020-12-12,"02","4  day ahead inc hosp",2020-12-16,"quantile",0.35,10.9899862817647
"1781",2020-12-12,"02","4  day ahead inc hosp",2020-12-16,"quantile",0.4,11.5169339055353
"1782",2020-12-12,"02","4  day ahead inc hosp",2020-12-16,"quantile",0.45,12.0267618298484
"1783",2020-12-12,"02","4  day ahead inc hosp",2020-12-16,"quantile",0.5,12.5285066250366
"1784",2020-12-12,"02","4  day ahead inc hosp",2020-12-16,"quantile",0.55,13.0302514202248
"1785",2020-12-12,"02","4  day ahead inc hosp",2020-12-16,"quantile",0.6,13.540079344538
"1786",2020-12-12,"02","4  day ahead inc hosp",2020-12-16,"quantile",0.65,14.0670269683085
"1787",2020-12-12,"02","4  day ahead inc hosp",2020-12-16,"quantile",0.7,14.6223503918771
"1788",2020-12-12,"02","4  day ahead inc hosp",2020-12-16,"quantile",0.75,15.2216316793062
"1789",2020-12-12,"02","4  day ahead inc hosp",2020-12-16,"quantile",0.8,15.8889598115848
"1790",2020-12-12,"02","4  day ahead inc hosp",2020-12-16,"quantile",0.85,16.6668122516467
"1791",2020-12-12,"02","4  day ahead inc hosp",2020-12-16,"quantile",0.9,17.6455282380459
"1792",2020-12-12,"02","4  day ahead inc hosp",2020-12-16,"quantile",0.95,19.0961327632565
"1793",2020-12-12,"02","4  day ahead inc hosp",2020-12-16,"quantile",0.975,20.3543158544524
"1794",2020-12-12,"02","4  day ahead inc hosp",2020-12-16,"quantile",0.99,21.817225605132
"1795",2020-12-12,"02","5  day ahead inc hosp",2020-12-17,"quantile",0.01,3.1781475710755
"1796",2020-12-12,"02","5  day ahead inc hosp",2020-12-17,"quantile",0.025,4.66720018673363
"1797",2020-12-12,"02","5  day ahead inc hosp",2020-12-17,"quantile",0.05,5.94786758405717
"1798",2020-12-12,"02","5  day ahead inc hosp",2020-12-17,"quantile",0.1,7.42439507425056
"1799",2020-12-12,"02","5  day ahead inc hosp",2020-12-17,"quantile",0.15,8.42060116205407
"1800",2020-12-12,"02","5  day ahead inc hosp",2020-12-17,"quantile",0.2,9.21235418026464
"1801",2020-12-12,"02","5  day ahead inc hosp",2020-12-17,"quantile",0.25,9.89160777086381
"1802",2020-12-12,"02","5  day ahead inc hosp",2020-12-17,"quantile",0.3,10.5015984884366
"1803",2020-12-12,"02","5  day ahead inc hosp",2020-12-17,"quantile",0.35,11.0668457950574
"1804",2020-12-12,"02","5  day ahead inc hosp",2020-12-17,"quantile",0.4,11.6032102133859
"1805",2020-12-12,"02","5  day ahead inc hosp",2020-12-17,"quantile",0.45,12.1221489954136
"1806",2020-12-12,"02","5  day ahead inc hosp",2020-12-17,"quantile",0.5,12.6328601991093
"1807",2020-12-12,"02","5  day ahead inc hosp",2020-12-17,"quantile",0.55,13.1435714028051
"1808",2020-12-12,"02","5  day ahead inc hosp",2020-12-17,"quantile",0.6,13.6625101848327
"1809",2020-12-12,"02","5  day ahead inc hosp",2020-12-17,"quantile",0.65,14.1988746031613
"1810",2020-12-12,"02","5  day ahead inc hosp",2020-12-17,"quantile",0.7,14.7641219097821
"1811",2020-12-12,"02","5  day ahead inc hosp",2020-12-17,"quantile",0.75,15.3741126273549
"1812",2020-12-12,"02","5  day ahead inc hosp",2020-12-17,"quantile",0.8,16.053366217954
"1813",2020-12-12,"02","5  day ahead inc hosp",2020-12-17,"quantile",0.85,16.8451192361646
"1814",2020-12-12,"02","5  day ahead inc hosp",2020-12-17,"quantile",0.9,17.8413253239681
"1815",2020-12-12,"02","5  day ahead inc hosp",2020-12-17,"quantile",0.95,19.3178528141615
"1816",2020-12-12,"02","5  day ahead inc hosp",2020-12-17,"quantile",0.975,20.598520211485
"1817",2020-12-12,"02","5  day ahead inc hosp",2020-12-17,"quantile",0.99,22.0875728271432
"1818",2020-12-12,"02","6  day ahead inc hosp",2020-12-18,"quantile",0.01,3.11937194321725
"1819",2020-12-12,"02","6  day ahead inc hosp",2020-12-18,"quantile",0.025,4.6341162931863
"1820",2020-12-12,"02","6  day ahead inc hosp",2020-12-18,"quantile",0.05,5.93687999937542
"1821",2020-12-12,"02","6  day ahead inc hosp",2020-12-18,"quantile",0.1,7.43888311855728
"1822",2020-12-12,"02","6  day ahead inc hosp",2020-12-18,"quantile",0.15,8.45227749229349
"1823",2020-12-12,"02","6  day ahead inc hosp",2020-12-18,"quantile",0.2,9.25769121528362
"1824",2020-12-12,"02","6  day ahead inc hosp",2020-12-18,"quantile",0.25,9.94866447421142
"1825",2020-12-12,"02","6  day ahead inc hosp",2020-12-18,"quantile",0.3,10.5691798161549
"1826",2020-12-12,"02","6  day ahead inc hosp",2020-12-18,"quantile",0.35,11.1441797557378
"1827",2020-12-12,"02","6  day ahead inc hosp",2020-12-18,"quantile",0.4,11.6897984690352
"1828",2020-12-12,"02","6  day ahead inc hosp",2020-12-18,"quantile",0.45,12.2176908885444
"1829",2020-12-12,"02","6  day ahead inc hosp",2020-12-18,"quantile",0.5,12.737213773182
"1830",2020-12-12,"02","6  day ahead inc hosp",2020-12-18,"quantile",0.55,13.2567366578197
"1831",2020-12-12,"02","6  day ahead inc hosp",2020-12-18,"quantile",0.6,13.7846290773289
"1832",2020-12-12,"02","6  day ahead inc hosp",2020-12-18,"quantile",0.65,14.3302477906263
"1833",2020-12-12,"02","6  day ahead inc hosp",2020-12-18,"quantile",0.7,14.9052477302092
"1834",2020-12-12,"02","6  day ahead inc hosp",2020-12-18,"quantile",0.75,15.5257630721527
"1835",2020-12-12,"02","6  day ahead inc hosp",2020-12-18,"quantile",0.8,16.2167363310805
"1836",2020-12-12,"02","6  day ahead inc hosp",2020-12-18,"quantile",0.85,17.0221500540706
"1837",2020-12-12,"02","6  day ahead inc hosp",2020-12-18,"quantile",0.9,18.0355444278068
"1838",2020-12-12,"02","6  day ahead inc hosp",2020-12-18,"quantile",0.95,19.5375475469887
"1839",2020-12-12,"02","6  day ahead inc hosp",2020-12-18,"quantile",0.975,20.8403112531778
"1840",2020-12-12,"02","6  day ahead inc hosp",2020-12-18,"quantile",0.99,22.3550556031468
"1841",2020-12-12,"02","7  day ahead inc hosp",2020-12-19,"quantile",0.01,3.06331739883665
"1842",2020-12-12,"02","7  day ahead inc hosp",2020-12-19,"quantile",0.025,4.60332493106757
"1843",2020-12-12,"02","7  day ahead inc hosp",2020-12-19,"quantile",0.05,5.9278163677178
"1844",2020-12-12,"02","7  day ahead inc hosp",2020-12-19,"quantile",0.1,7.45487016859297
"1845",2020-12-12,"02","7  day ahead inc hosp",2020-12-19,"quantile",0.15,8.48516611833927
"1846",2020-12-12,"02","7  day ahead inc hosp",2020-12-19,"quantile",0.2,9.30401267815136
"1847",2020-12-12,"02","7  day ahead inc hosp",2020-12-19,"quantile",0.25,10.0065101149899
"1848",2020-12-12,"02","7  day ahead inc hosp",2020-12-19,"quantile",0.3,10.637374524867
"1849",2020-12-12,"02","7  day ahead inc hosp",2020-12-19,"quantile",0.35,11.2219644182097
"1850",2020-12-12,"02","7  day ahead inc hosp",2020-12-19,"quantile",0.4,11.7766830598216
"1851",2020-12-12,"02","7  day ahead inc hosp",2020-12-19,"quantile",0.45,12.3133797652877
"1852",2020-12-12,"02","7  day ahead inc hosp",2020-12-19,"quantile",0.5,12.8415673472548
"1853",2020-12-12,"02","7  day ahead inc hosp",2020-12-19,"quantile",0.55,13.3697549292218
"1854",2020-12-12,"02","7  day ahead inc hosp",2020-12-19,"quantile",0.6,13.9064516346879
"1855",2020-12-12,"02","7  day ahead inc hosp",2020-12-19,"quantile",0.65,14.4611702762998
"1856",2020-12-12,"02","7  day ahead inc hosp",2020-12-19,"quantile",0.7,15.0457601696425
"1857",2020-12-12,"02","7  day ahead inc hosp",2020-12-19,"quantile",0.75,15.6766245795196
"1858",2020-12-12,"02","7  day ahead inc hosp",2020-12-19,"quantile",0.8,16.3791220163582
"1859",2020-12-12,"02","7  day ahead inc hosp",2020-12-19,"quantile",0.85,17.1979685761702
"1860",2020-12-12,"02","7  day ahead inc hosp",2020-12-19,"quantile",0.9,18.2282645259165
"1861",2020-12-12,"02","7  day ahead inc hosp",2020-12-19,"quantile",0.95,19.7553183267917
"1862",2020-12-12,"02","7  day ahead inc hosp",2020-12-19,"quantile",0.975,21.0798097634419
"1863",2020-12-12,"02","7  day ahead inc hosp",2020-12-19,"quantile",0.99,22.6198172956729
"1864",2020-12-12,"02","8  day ahead inc hosp",2020-12-20,"quantile",0.01,2.64461464010602
"1865",2020-12-12,"02","8  day ahead inc hosp",2020-12-20,"quantile",0.025,4.20947755834929
"1866",2020-12-12,"02","8  day ahead inc hosp",2020-12-20,"quantile",0.05,5.55534599818877
"1867",2020-12-12,"02","8  day ahead inc hosp",2020-12-20,"quantile",0.1,7.10704611467473
"1868",2020-12-12,"02","8  day ahead inc hosp",2020-12-20,"quantile",0.15,8.15397081655498
"1869",2020-12-12,"02","8  day ahead inc hosp",2020-12-20,"quantile",0.2,8.98603338142097
"1870",2020-12-12,"02","8  day ahead inc hosp",2020-12-20,"quantile",0.25,9.69986897382038
"1871",2020-12-12,"02","8  day ahead inc hosp",2020-12-20,"quantile",0.3,10.3409153978115
"1872",2020-12-12,"02","8  day ahead inc hosp",2020-12-20,"quantile",0.35,10.9349404446544
"1873",2020-12-12,"02","8  day ahead inc hosp",2020-12-20,"quantile",0.4,11.4986121242722
"1874",2020-12-12,"02","8  day ahead inc hosp",2020-12-20,"quantile",0.45,12.0439709976217
"1875",2020-12-12,"02","8  day ahead inc hosp",2020-12-20,"quantile",0.5,12.580683412073
"1876",2020-12-12,"02","8  day ahead inc hosp",2020-12-20,"quantile",0.55,13.1173958265242
"1877",2020-12-12,"02","8  day ahead inc hosp",2020-12-20,"quantile",0.6,13.6627546998737
"1878",2020-12-12,"02","8  day ahead inc hosp",2020-12-20,"quantile",0.65,14.2264263794916
"1879",2020-12-12,"02","8  day ahead inc hosp",2020-12-20,"quantile",0.7,14.8204514263344
"1880",2020-12-12,"02","8  day ahead inc hosp",2020-12-20,"quantile",0.75,15.4614978503256
"1881",2020-12-12,"02","8  day ahead inc hosp",2020-12-20,"quantile",0.8,16.175333442725
"1882",2020-12-12,"02","8  day ahead inc hosp",2020-12-20,"quantile",0.85,17.007396007591
"1883",2020-12-12,"02","8  day ahead inc hosp",2020-12-20,"quantile",0.9,18.0543207094712
"1884",2020-12-12,"02","8  day ahead inc hosp",2020-12-20,"quantile",0.95,19.6060208259572
"1885",2020-12-12,"02","8  day ahead inc hosp",2020-12-20,"quantile",0.975,20.9518892657967
"1886",2020-12-12,"02","8  day ahead inc hosp",2020-12-20,"quantile",0.99,22.5167521840399
"1887",2020-12-12,"02","9  day ahead inc hosp",2020-12-21,"quantile",0.01,2.59361720353952
"1888",2020-12-12,"02","9  day ahead inc hosp",2020-12-21,"quantile",0.025,4.18294684412943
"1889",2020-12-12,"02","9  day ahead inc hosp",2020-12-21,"quantile",0.05,5.54985801496394
"1890",2020-12-12,"02","9  day ahead inc hosp",2020-12-21,"quantile",0.1,7.12581905262882
"1891",2020-12-12,"02","9  day ahead inc hosp",2020-12-21,"quantile",0.15,8.18911248284951
"1892",2020-12-12,"02","9  day ahead inc hosp",2020-12-21,"quantile",0.2,9.03418439410123
"1893",2020-12-12,"02","9  day ahead inc hosp",2020-12-21,"quantile",0.25,9.75918084732544
"1894",2020-12-12,"02","9  day ahead inc hosp",2020-12-21,"quantile",0.3,10.4102500692781
"1895",2020-12-12,"02","9  day ahead inc hosp",2020-12-21,"quantile",0.35,11.0135627321279
"1896",2020-12-12,"02","9  day ahead inc hosp",2020-12-21,"quantile",0.4,11.5860474510983
"1897",2020-12-12,"02","9  day ahead inc hosp",2020-12-21,"quantile",0.45,12.1399330420139
"1898",2020-12-12,"02","9  day ahead inc hosp",2020-12-21,"quantile",0.5,12.6850369861457
"1899",2020-12-12,"02","9  day ahead inc hosp",2020-12-21,"quantile",0.55,13.2301409302775
"1900",2020-12-12,"02","9  day ahead inc hosp",2020-12-21,"quantile",0.6,13.7840265211931
"1901",2020-12-12,"02","9  day ahead inc hosp",2020-12-21,"quantile",0.65,14.3565112401635
"1902",2020-12-12,"02","9  day ahead inc hosp",2020-12-21,"quantile",0.7,14.9598239030132
"1903",2020-12-12,"02","9  day ahead inc hosp",2020-12-21,"quantile",0.75,15.6108931249659
"1904",2020-12-12,"02","9  day ahead inc hosp",2020-12-21,"quantile",0.8,16.3358895781901
"1905",2020-12-12,"02","9  day ahead inc hosp",2020-12-21,"quantile",0.85,17.1809614894419
"1906",2020-12-12,"02","9  day ahead inc hosp",2020-12-21,"quantile",0.9,18.2442549196626
"1907",2020-12-12,"02","9  day ahead inc hosp",2020-12-21,"quantile",0.95,19.8202159573274
"1908",2020-12-12,"02","9  day ahead inc hosp",2020-12-21,"quantile",0.975,21.1871271281619
"1909",2020-12-12,"02","9  day ahead inc hosp",2020-12-21,"quantile",0.99,22.7764567687519
"1910",2020-12-12,"02","10  day ahead inc hosp",2020-12-22,"quantile",0.01,2.54497531012758
"1911",2020-12-12,"02","10  day ahead inc hosp",2020-12-22,"quantile",0.025,4.15840069111751
"1912",2020-12-12,"02","10  day ahead inc hosp",2020-12-22,"quantile",0.05,5.54603552800664
"1913",2020-12-12,"02","10  day ahead inc hosp",2020-12-22,"quantile",0.1,7.14588962540835
"1914",2020-12-12,"02","10  day ahead inc hosp",2020-12-22,"quantile",0.15,8.22530358960091
"1915",2020-12-12,"02","10  day ahead inc hosp",2020-12-22,"quantile",0.2,9.08318759022216
"1916",2020-12-12,"02","10  day ahead inc hosp",2020-12-22,"quantile",0.25,9.81917567531534
"1917",2020-12-12,"02","10  day ahead inc hosp",2020-12-22,"quantile",0.3,10.4801157223971
"1918",2020-12-12,"02","10  day ahead inc hosp",2020-12-22,"quantile",0.35,11.0925751757758
"1919",2020-12-12,"02","10  day ahead inc hosp",2020-12-22,"quantile",0.4,11.6737393044917
"1920",2020-12-12,"02","10  day ahead inc hosp",2020-12-22,"quantile",0.45,12.2360223247821
"1921",2020-12-12,"02","10  day ahead inc hosp",2020-12-22,"quantile",0.5,12.7893905602184
"1922",2020-12-12,"02","10  day ahead inc hosp",2020-12-22,"quantile",0.55,13.3427587956547
"1923",2020-12-12,"02","10  day ahead inc hosp",2020-12-22,"quantile",0.6,13.9050418159451
"1924",2020-12-12,"02","10  day ahead inc hosp",2020-12-22,"quantile",0.65,14.486205944661
"1925",2020-12-12,"02","10  day ahead inc hosp",2020-12-22,"quantile",0.7,15.0986653980397
"1926",2020-12-12,"02","10  day ahead inc hosp",2020-12-22,"quantile",0.75,15.7596054451215
"1927",2020-12-12,"02","10  day ahead inc hosp",2020-12-22,"quantile",0.8,16.4955935302146
"1928",2020-12-12,"02","10  day ahead inc hosp",2020-12-22,"quantile",0.85,17.3534775308359
"1929",2020-12-12,"02","10  day ahead inc hosp",2020-12-22,"quantile",0.9,18.4328914950285
"1930",2020-12-12,"02","10  day ahead inc hosp",2020-12-22,"quantile",0.95,20.0327455924302
"1931",2020-12-12,"02","10  day ahead inc hosp",2020-12-22,"quantile",0.975,21.4203804293193
"1932",2020-12-12,"02","10  day ahead inc hosp",2020-12-22,"quantile",0.99,23.0338058103092
"1933",2020-12-12,"02","11  day ahead inc hosp",2020-12-23,"quantile",0.01,2.49858495302739
"1934",2020-12-12,"02","11  day ahead inc hosp",2020-12-23,"quantile",0.025,4.13575147283756
"1935",2020-12-12,"02","11  day ahead inc hosp",2020-12-23,"quantile",0.05,5.5438049988601
"1936",2020-12-12,"02","11  day ahead inc hosp",2020-12-23,"quantile",0.1,7.16720053714036
"1937",2020-12-12,"02","11  day ahead inc hosp",2020-12-23,"quantile",0.15,8.26249779973045
"1938",2020-12-12,"02","11  day ahead inc hosp",2020-12-23,"quantile",0.2,9.13300534240724
"1939",2020-12-12,"02","11  day ahead inc hosp",2020-12-23,"quantile",0.25,9.87982330256258
"1940",2020-12-12,"02","11  day ahead inc hosp",2020-12-23,"quantile",0.3,10.5504889121615
"1941",2020-12-12,"02","11  day ahead inc hosp",2020-12-23,"quantile",0.35,11.171960548611
"1942",2020-12-12,"02","11  day ahead inc hosp",2020-12-23,"quantile",0.4,11.7616763577577
"1943",2020-12-12,"02","11  day ahead inc hosp",2020-12-23,"quantile",0.45,12.3322332278326
"1944",2020-12-12,"02","11  day ahead inc hosp",2020-12-23,"quantile",0.5,12.8937441342911
"1945",2020-12-12,"02","11  day ahead inc hosp",2020-12-23,"quantile",0.55,13.4552550407496
"1946",2020-12-12,"02","11  day ahead inc hosp",2020-12-23,"quantile",0.6,14.0258119108245
"1947",2020-12-12,"02","11  day ahead inc hosp",2020-12-23,"quantile",0.65,14.6155277199713
"1948",2020-12-12,"02","11  day ahead inc hosp",2020-12-23,"quantile",0.7,15.2369993564208
"1949",2020-12-12,"02","11  day ahead inc hosp",2020-12-23,"quantile",0.75,15.9076649660196
"1950",2020-12-12,"02","11  day ahead inc hosp",2020-12-23,"quantile",0.8,16.654482926175
"1951",2020-12-12,"02","11  day ahead inc hosp",2020-12-23,"quantile",0.85,17.5249904688518
"1952",2020-12-12,"02","11  day ahead inc hosp",2020-12-23,"quantile",0.9,18.6202877314419
"1953",2020-12-12,"02","11  day ahead inc hosp",2020-12-23,"quantile",0.95,20.2436832697221
"1954",2020-12-12,"02","11  day ahead inc hosp",2020-12-23,"quantile",0.975,21.6517367957447
"1955",2020-12-12,"02","11  day ahead inc hosp",2020-12-23,"quantile",0.99,23.2889033155548
"1956",2020-12-12,"02","12  day ahead inc hosp",2020-12-24,"quantile",0.01,2.45434956117586
"1957",2020-12-12,"02","12  day ahead inc hosp",2020-12-24,"quantile",0.025,4.11491782750885
"1958",2020-12-12,"02","12  day ahead inc hosp",2020-12-24,"quantile",0.05,5.54309814656548
"1959",2020-12-12,"02","12  day ahead inc hosp",2020-12-24,"quantile",0.1,7.18969858821594
"1960",2020-12-12,"02","12  day ahead inc hosp",2020-12-24,"quantile",0.15,8.30065208894438
"1961",2020-12-12,"02","12  day ahead inc hosp",2020-12-24,"quantile",0.2,9.18360271338068
"1962",2020-12-12,"02","12  day ahead inc hosp",2020-12-24,"quantile",0.25,9.94109572973268
"1963",2020-12-12,"02","12  day ahead inc hosp",2020-12-24,"quantile",0.3,10.6213478697226
"1964",2020-12-12,"02","12  day ahead inc hosp",2020-12-24,"quantile",0.35,11.2517028552581
"1965",2020-12-12,"02","12  day ahead inc hosp",2020-12-24,"quantile",0.4,11.8498480939828
"1966",2020-12-12,"02","12  day ahead inc hosp",2020-12-24,"quantile",0.45,12.4285605347274
"1967",2020-12-12,"02","12  day ahead inc hosp",2020-12-24,"quantile",0.5,12.9980977083638
"1968",2020-12-12,"02","12  day ahead inc hosp",2020-12-24,"quantile",0.55,13.5676348820003
"1969",2020-12-12,"02","12  day ahead inc hosp",2020-12-24,"quantile",0.6,14.1463473227449
"1970",2020-12-12,"02","12  day ahead inc hosp",2020-12-24,"quantile",0.65,14.7444925614696
"1971",2020-12-12,"02","12  day ahead inc hosp",2020-12-24,"quantile",0.7,15.374847547005
"1972",2020-12-12,"02","12  day ahead inc hosp",2020-12-24,"quantile",0.75,16.055099686995
"1973",2020-12-12,"02","12  day ahead inc hosp",2020-12-24,"quantile",0.8,16.812592703347
"1974",2020-12-12,"02","12  day ahead inc hosp",2020-12-24,"quantile",0.85,17.6955433277833
"1975",2020-12-12,"02","12  day ahead inc hosp",2020-12-24,"quantile",0.9,18.8064968285117
"1976",2020-12-12,"02","12  day ahead inc hosp",2020-12-24,"quantile",0.95,20.4530972701622
"1977",2020-12-12,"02","12  day ahead inc hosp",2020-12-24,"quantile",0.975,21.8812775892188
"1978",2020-12-12,"02","12  day ahead inc hosp",2020-12-24,"quantile",0.99,23.5418458555518
"1979",2020-12-12,"02","13  day ahead inc hosp",2020-12-25,"quantile",0.01,2.41217927566104
"1980",2020-12-12,"02","13  day ahead inc hosp",2020-12-25,"quantile",0.025,4.0958240483839
"1981",2020-12-12,"02","13  day ahead inc hosp",2020-12-25,"quantile",0.05,5.54385143601745
"1982",2020-12-12,"02","13  day ahead inc hosp",2020-12-25,"quantile",0.1,7.21333427665366
"1983",2020-12-12,"02","13  day ahead inc hosp",2020-12-25,"quantile",0.15,8.33972642334335
"1984",2020-12-12,"02","13  day ahead inc hosp",2020-12-25,"quantile",0.2,9.23494719417461
"1985",2020-12-12,"02","13  day ahead inc hosp",2020-12-25,"quantile",0.25,10.0029669035789
"1986",2020-12-12,"02","13  day ahead inc hosp",2020-12-25,"quantile",0.3,10.692672339271
"1987",2020-12-12,"02","13  day ahead inc hosp",2020-12-25,"quantile",0.35,11.3317872120972
"1988",2020-12-12,"02","13  day ahead inc hosp",2020-12-25,"quantile",0.4,11.9382447272295
"1989",2020-12-12,"02","13  day ahead inc hosp",2020-12-25,"quantile",0.45,12.5249993915957
"1990",2020-12-12,"02","13  day ahead inc hosp",2020-12-25,"quantile",0.5,13.1024512824365
"1991",2020-12-12,"02","13  day ahead inc hosp",2020-12-25,"quantile",0.55,13.6799031732774
"1992",2020-12-12,"02","13  day ahead inc hosp",2020-12-25,"quantile",0.6,14.2666578376436
"1993",2020-12-12,"02","13  day ahead inc hosp",2020-12-25,"quantile",0.65,14.8731153527759
"1994",2020-12-12,"02","13  day ahead inc hosp",2020-12-25,"quantile",0.7,15.5122302256021
"1995",2020-12-12,"02","13  day ahead inc hosp",2020-12-25,"quantile",0.75,16.2019356612941
"1996",2020-12-12,"02","13  day ahead inc hosp",2020-12-25,"quantile",0.8,16.9699553706985
"1997",2020-12-12,"02","13  day ahead inc hosp",2020-12-25,"quantile",0.85,17.8651761415297
"1998",2020-12-12,"02","13  day ahead inc hosp",2020-12-25,"quantile",0.9,18.9915682882194
"1999",2020-12-12,"02","13  day ahead inc hosp",2020-12-25,"quantile",0.95,20.6610511288556
"2000",2020-12-12,"02","13  day ahead inc hosp",2020-12-25,"quantile",0.975,22.1090785164892
"2001",2020-12-12,"02","13  day ahead inc hosp",2020-12-25,"quantile",0.99,23.792723289212
"2002",2020-12-12,"02","14  day ahead inc hosp",2020-12-26,"quantile",0.01,2.371990314194
"2003",2020-12-12,"02","14  day ahead inc hosp",2020-12-26,"quantile",0.025,4.07839954831161
"2004",2020-12-12,"02","14  day ahead inc hosp",2020-12-26,"quantile",0.05,5.54600562861144
"2005",2020-12-12,"02","14  day ahead inc hosp",2020-12-26,"quantile",0.1,7.23806144799624
"2006",2020-12-12,"02","14  day ahead inc hosp",2020-12-26,"quantile",0.15,8.37968347628216
"2007",2020-12-12,"02","14  day ahead inc hosp",2020-12-26,"quantile",0.2,9.28700847420902
"2008",2020-12-12,"02","14  day ahead inc hosp",2020-12-26,"quantile",0.25,10.0654125326806
"2009",2020-12-12,"02","14  day ahead inc hosp",2020-12-26,"quantile",0.3,10.7644434347768
"2010",2020-12-12,"02","14  day ahead inc hosp",2020-12-26,"quantile",0.35,11.4121997419987
"2011",2020-12-12,"02","14  day ahead inc hosp",2020-12-26,"quantile",0.4,12.0268571333249
"2012",2020-12-12,"02","14  day ahead inc hosp",2020-12-26,"quantile",0.45,12.6215452728051
"2013",2020-12-12,"02","14  day ahead inc hosp",2020-12-26,"quantile",0.5,13.2068048565093
"2014",2020-12-12,"02","14  day ahead inc hosp",2020-12-26,"quantile",0.55,13.7920644402134
"2015",2020-12-12,"02","14  day ahead inc hosp",2020-12-26,"quantile",0.6,14.3867525796936
"2016",2020-12-12,"02","14  day ahead inc hosp",2020-12-26,"quantile",0.65,15.0014099710198
"2017",2020-12-12,"02","14  day ahead inc hosp",2020-12-26,"quantile",0.7,15.6491662782417
"2018",2020-12-12,"02","14  day ahead inc hosp",2020-12-26,"quantile",0.75,16.3481971803379
"2019",2020-12-12,"02","14  day ahead inc hosp",2020-12-26,"quantile",0.8,17.1266012388095
"2020",2020-12-12,"02","14  day ahead inc hosp",2020-12-26,"quantile",0.85,18.0339262367363
"2021",2020-12-12,"02","14  day ahead inc hosp",2020-12-26,"quantile",0.9,19.1755482650223
"2022",2020-12-12,"02","14  day ahead inc hosp",2020-12-26,"quantile",0.95,20.8676040844071
"2023",2020-12-12,"02","14  day ahead inc hosp",2020-12-26,"quantile",0.975,22.3352101647069
"2024",2020-12-12,"02","14  day ahead inc hosp",2020-12-26,"quantile",0.99,24.0416193988245
"2025",2020-12-12,"02","15  day ahead inc hosp",2020-12-27,"quantile",0.01,1.76435583150756
"2026",2020-12-12,"02","15  day ahead inc hosp",2020-12-27,"quantile",0.025,3.49322980836263
"2027",2020-12-12,"02","15  day ahead inc hosp",2020-12-27,"quantile",0.05,4.98015680674864
"2028",2020-12-12,"02","15  day ahead inc hosp",2020-12-27,"quantile",0.1,6.69448840730006
"2029",2020-12-12,"02","15  day ahead inc hosp",2020-12-27,"quantile",0.15,7.85113979938459
"2030",2020-12-12,"02","15  day ahead inc hosp",2020-12-27,"quantile",0.2,8.77040965921807
"2031",2020-12-12,"02","15  day ahead inc hosp",2020-12-27,"quantile",0.25,9.55906134561481
"2032",2020-12-12,"02","15  day ahead inc hosp",2020-12-27,"quantile",0.3,10.2672949343041
"2033",2020-12-12,"02","15  day ahead inc hosp",2020-12-27,"quantile",0.35,10.923578902129
"2034",2020-12-12,"02","15  day ahead inc hosp",2020-12-27,"quantile",0.4,11.5463282094457
"2035",2020-12-12,"02","15  day ahead inc hosp",2020-12-27,"quantile",0.45,12.1488453712936
"2036",2020-12-12,"02","15  day ahead inc hosp",2020-12-27,"quantile",0.5,12.7418098511737
"2037",2020-12-12,"02","15  day ahead inc hosp",2020-12-27,"quantile",0.55,13.3347743310538
"2038",2020-12-12,"02","15  day ahead inc hosp",2020-12-27,"quantile",0.6,13.9372914929017
"2039",2020-12-12,"02","15  day ahead inc hosp",2020-12-27,"quantile",0.65,14.5600408002184
"2040",2020-12-12,"02","15  day ahead inc hosp",2020-12-27,"quantile",0.7,15.2163247680433
"2041",2020-12-12,"02","15  day ahead inc hosp",2020-12-27,"quantile",0.75,15.9245583567326
"2042",2020-12-12,"02","15  day ahead inc hosp",2020-12-27,"quantile",0.8,16.7132100431293
"2043",2020-12-12,"02","15  day ahead inc hosp",2020-12-27,"quantile",0.85,17.6324799029628
"2044",2020-12-12,"02","15  day ahead inc hosp",2020-12-27,"quantile",0.9,18.7891312950473
"2045",2020-12-12,"02","15  day ahead inc hosp",2020-12-27,"quantile",0.95,20.5034628955988
"2046",2020-12-12,"02","15  day ahead inc hosp",2020-12-27,"quantile",0.975,21.9903898939848
"2047",2020-12-12,"02","15  day ahead inc hosp",2020-12-27,"quantile",0.99,23.7192638708398
"2048",2020-12-12,"02","16  day ahead inc hosp",2020-12-28,"quantile",0.01,1.72789974149604
"2049",2020-12-12,"02","16  day ahead inc hosp",2020-12-28,"quantile",0.025,3.47895027800591
"2050",2020-12-12,"02","16  day ahead inc hosp",2020-12-28,"quantile",0.05,4.98495034112855
"2051",2020-12-12,"02","16  day ahead inc hosp",2020-12-28,"quantile",0.1,6.72127196380807
"2052",2020-12-12,"02","16  day ahead inc hosp",2020-12-28,"quantile",0.15,7.89275991942456
"2053",2020-12-12,"02","16  day ahead inc hosp",2020-12-28,"quantile",0.2,8.82382140962461
"2054",2020-12-12,"02","16  day ahead inc hosp",2020-12-28,"quantile",0.25,9.62258926492919
"2055",2020-12-12,"02","16  day ahead inc hosp",2020-12-28,"quantile",0.3,10.3399074859511
"2056",2020-12-12,"02","16  day ahead inc hosp",2020-12-28,"quantile",0.35,11.004609719513
"2057",2020-12-12,"02","16  day ahead inc hosp",2020-12-28,"quantile",0.4,11.63534713779
"2058",2020-12-12,"02","16  day ahead inc hosp",2020-12-28,"quantile",0.45,12.2455928894378
"2059",2020-12-12,"02","16  day ahead inc hosp",2020-12-28,"quantile",0.5,12.8461634252464
"2060",2020-12-12,"02","16  day ahead inc hosp",2020-12-28,"quantile",0.55,13.446733961055
"2061",2020-12-12,"02","16  day ahead inc hosp",2020-12-28,"quantile",0.6,14.0569797127028
"2062",2020-12-12,"02","16  day ahead inc hosp",2020-12-28,"quantile",0.65,14.6877171309798
"2063",2020-12-12,"02","16  day ahead inc hosp",2020-12-28,"quantile",0.7,15.3524193645417
"2064",2020-12-12,"02","16  day ahead inc hosp",2020-12-28,"quantile",0.75,16.0697375855636
"2065",2020-12-12,"02","16  day ahead inc hosp",2020-12-28,"quantile",0.8,16.8685054408682
"2066",2020-12-12,"02","16  day ahead inc hosp",2020-12-28,"quantile",0.85,17.7995669310683
"2067",2020-12-12,"02","16  day ahead inc hosp",2020-12-28,"quantile",0.9,18.9710548866847
"2068",2020-12-12,"02","16  day ahead inc hosp",2020-12-28,"quantile",0.95,20.7073765093643
"2069",2020-12-12,"02","16  day ahead inc hosp",2020-12-28,"quantile",0.975,22.2133765724869
"2070",2020-12-12,"02","16  day ahead inc hosp",2020-12-28,"quantile",0.99,23.9644271089968
"2071",2020-12-12,"02","17  day ahead inc hosp",2020-12-29,"quantile",0.01,1.6932048010668
"2072",2020-12-12,"02","17  day ahead inc hosp",2020-12-29,"quantile",0.025,3.46615452820977
"2073",2020-12-12,"02","17  day ahead inc hosp",2020-12-29,"quantile",0.05,4.99098910340853
"2074",2020-12-12,"02","17  day ahead inc hosp",2020-12-29,"quantile",0.1,6.74902571227641
"2075",2020-12-12,"02","17  day ahead inc hosp",2020-12-29,"quantile",0.15,7.93516466598206
"2076",2020-12-12,"02","17  day ahead inc hosp",2020-12-29,"quantile",0.2,8.87787030501728
"2077",2020-12-12,"02","17  day ahead inc hosp",2020-12-29,"quantile",0.25,9.68662780320777
"2078",2020-12-12,"02","17  day ahead inc hosp",2020-12-29,"quantile",0.3,10.4129170322841
"2079",2020-12-12,"02","17  day ahead inc hosp",2020-12-29,"quantile",0.35,11.0859322417559
"2080",2020-12-12,"02","17  day ahead inc hosp",2020-12-29,"quantile",0.4,11.7245578612438
"2081",2020-12-12,"02","17  day ahead inc hosp",2020-12-29,"quantile",0.45,12.3424355388524
"2082",2020-12-12,"02","17  day ahead inc hosp",2020-12-29,"quantile",0.5,12.9505169993191
"2083",2020-12-12,"02","17  day ahead inc hosp",2020-12-29,"quantile",0.55,13.5585984597859
"2084",2020-12-12,"02","17  day ahead inc hosp",2020-12-29,"quantile",0.6,14.1764761373945
"2085",2020-12-12,"02","17  day ahead inc hosp",2020-12-29,"quantile",0.65,14.8151017568824
"2086",2020-12-12,"02","17  day ahead inc hosp",2020-12-29,"quantile",0.7,15.4881169663541
"2087",2020-12-12,"02","17  day ahead inc hosp",2020-12-29,"quantile",0.75,16.2144061954305
"2088",2020-12-12,"02","17  day ahead inc hosp",2020-12-29,"quantile",0.8,17.023163693621
"2089",2020-12-12,"02","17  day ahead inc hosp",2020-12-29,"quantile",0.85,17.9658693326562
"2090",2020-12-12,"02","17  day ahead inc hosp",2020-12-29,"quantile",0.9,19.1520082863618
"2091",2020-12-12,"02","17  day ahead inc hosp",2020-12-29,"quantile",0.95,20.9100448952297
"2092",2020-12-12,"02","17  day ahead inc hosp",2020-12-29,"quantile",0.975,22.4348794704285
"2093",2020-12-12,"02","17  day ahead inc hosp",2020-12-29,"quantile",0.99,24.2078291975714
"2094",2020-12-12,"02","18  day ahead inc hosp",2020-12-30,"quantile",0.01,1.66020653637702
"2095",2020-12-12,"02","18  day ahead inc hosp",2020-12-30,"quantile",0.025,3.45478823932096
"2096",2020-12-12,"02","18  day ahead inc hosp",2020-12-30,"quantile",0.05,4.99822750709852
"2097",2020-12-12,"02","18  day ahead inc hosp",2020-12-30,"quantile",0.1,6.77771413499291
"2098",2020-12-12,"02","18  day ahead inc hosp",2020-12-30,"quantile",0.15,7.97832531470155
"2099",2020-12-12,"02","18  day ahead inc hosp",2020-12-30,"quantile",0.2,8.93253302018504
"2100",2020-12-12,"02","18  day ahead inc hosp",2020-12-30,"quantile",0.25,9.75115826722473
"2101",2020-12-12,"02","18  day ahead inc hosp",2020-12-30,"quantile",0.3,10.4863090397433
"2102",2020-12-12,"02","18  day ahead inc hosp",2020-12-30,"quantile",0.35,11.1675357898482
"2103",2020-12-12,"02","18  day ahead inc hosp",2020-12-30,"quantile",0.4,11.8139533583886
"2104",2020-12-12,"02","18  day ahead inc hosp",2020-12-30,"quantile",0.45,12.4393698368811
"2105",2020-12-12,"02","18  day ahead inc hosp",2020-12-30,"quantile",0.5,13.0548705733918
"2106",2020-12-12,"02","18  day ahead inc hosp",2020-12-30,"quantile",0.55,13.6703713099026
"2107",2020-12-12,"02","18  day ahead inc hosp",2020-12-30,"quantile",0.6,14.295787788395
"2108",2020-12-12,"02","18  day ahead inc hosp",2020-12-30,"quantile",0.65,14.9422053569355
"2109",2020-12-12,"02","18  day ahead inc hosp",2020-12-30,"quantile",0.7,15.6234321070404
"2110",2020-12-12,"02","18  day ahead inc hosp",2020-12-30,"quantile",0.75,16.3585828795589
"2111",2020-12-12,"02","18  day ahead inc hosp",2020-12-30,"quantile",0.8,17.1772081265986
"2112",2020-12-12,"02","18  day ahead inc hosp",2020-12-30,"quantile",0.85,18.1314158320821
"2113",2020-12-12,"02","18  day ahead inc hosp",2020-12-30,"quantile",0.9,19.3320270117907
"2114",2020-12-12,"02","18  day ahead inc hosp",2020-12-30,"quantile",0.95,21.1115136396851
"2115",2020-12-12,"02","18  day ahead inc hosp",2020-12-30,"quantile",0.975,22.6549529074627
"2116",2020-12-12,"02","18  day ahead inc hosp",2020-12-30,"quantile",0.99,24.4495346104066
"2117",2020-12-12,"02","19  day ahead inc hosp",2020-12-31,"quantile",0.01,1.62884431400038
"2118",2020-12-12,"02","19  day ahead inc hosp",2020-12-31,"quantile",0.025,3.44480032726337
"2119",2020-12-12,"02","19  day ahead inc hosp",2020-12-31,"quantile",0.05,5.00662268109044
"2120",2020-12-12,"02","19  day ahead inc hosp",2020-12-31,"quantile",0.1,6.80730382987559
"2121",2020-12-12,"02","19  day ahead inc hosp",2020-12-31,"quantile",0.15,8.022214852208
"2122",2020-12-12,"02","19  day ahead inc hosp",2020-12-31,"quantile",0.2,8.98778761929464
"2123",2020-12-12,"02","19  day ahead inc hosp",2020-12-31,"quantile",0.25,9.81616307722555
"2124",2020-12-12,"02","19  day ahead inc hosp",2020-12-31,"quantile",0.3,10.5600698404673
"2125",2020-12-12,"02","19  day ahead inc hosp",2020-12-31,"quantile",0.35,11.2494103208808
"2126",2020-12-12,"02","19  day ahead inc hosp",2020-12-31,"quantile",0.4,11.9035270260407
"2127",2020-12-12,"02","19  day ahead inc hosp",2020-12-31,"quantile",0.45,12.5363925083138
"2128",2020-12-12,"02","19  day ahead inc hosp",2020-12-31,"quantile",0.5,13.1592241474645
"2129",2020-12-12,"02","19  day ahead inc hosp",2020-12-31,"quantile",0.55,13.7820557866153
"2130",2020-12-12,"02","19  day ahead inc hosp",2020-12-31,"quantile",0.6,14.4149212688884
"2131",2020-12-12,"02","19  day ahead inc hosp",2020-12-31,"quantile",0.65,15.0690379740483
"2132",2020-12-12,"02","19  day ahead inc hosp",2020-12-31,"quantile",0.7,15.7583784544618
"2133",2020-12-12,"02","19  day ahead inc hosp",2020-12-31,"quantile",0.75,16.5022852177035
"2134",2020-12-12,"02","19  day ahead inc hosp",2020-12-31,"quantile",0.8,17.3306606756344
"2135",2020-12-12,"02","19  day ahead inc hosp",2020-12-31,"quantile",0.85,18.2962334427211
"2136",2020-12-12,"02","19  day ahead inc hosp",2020-12-31,"quantile",0.9,19.5111444650535
"2137",2020-12-12,"02","19  day ahead inc hosp",2020-12-31,"quantile",0.95,21.3118256138386
"2138",2020-12-12,"02","19  day ahead inc hosp",2020-12-31,"quantile",0.975,22.8736479676657
"2139",2020-12-12,"02","19  day ahead inc hosp",2020-12-31,"quantile",0.99,24.6896039809287
"2140",2020-12-12,"02","20  day ahead inc hosp",2021-01-01,"quantile",0.01,1.59906102810006
"2141",2020-12-12,"02","20  day ahead inc hosp",2021-01-01,"quantile",0.025,3.43614267997916
"2142",2020-12-12,"02","20  day ahead inc hosp",2021-01-01,"quantile",0.05,5.01613424847252
"2143",2020-12-12,"02","20  day ahead inc hosp",2021-01-01,"quantile",0.1,6.83776333814073
"2144",2020-12-12,"02","20  day ahead inc hosp",2021-01-01,"quantile",0.15,8.06680783673637
"2145",2020-12-12,"02","20  day ahead inc hosp",2021-01-01,"quantile",0.2,9.04361344271671
"2146",2020-12-12,"02","20  day ahead inc hosp",2021-01-01,"quantile",0.25,9.88162567622748
"2147",2020-12-12,"02","20  day ahead inc hosp",2021-01-01,"quantile",0.3,10.634186561777
"2148",2020-12-12,"02","20  day ahead inc hosp",2021-01-01,"quantile",0.35,11.3315463762307
"2149",2020-12-12,"02","20  day ahead inc hosp",2021-01-01,"quantile",0.4,11.9932726451824
"2150",2020-12-12,"02","20  day ahead inc hosp",2021-01-01,"quantile",0.45,12.6335004684888
"2151",2020-12-12,"02","20  day ahead inc hosp",2021-01-01,"quantile",0.5,13.2635777215373
"2152",2020-12-12,"02","20  day ahead inc hosp",2021-01-01,"quantile",0.55,13.8936549745857
"2153",2020-12-12,"02","20  day ahead inc hosp",2021-01-01,"quantile",0.6,14.5338827978921
"2154",2020-12-12,"02","20  day ahead inc hosp",2021-01-01,"quantile",0.65,15.1956090668438
"2155",2020-12-12,"02","20  day ahead inc hosp",2021-01-01,"quantile",0.7,15.8929688812975
"2156",2020-12-12,"02","20  day ahead inc hosp",2021-01-01,"quantile",0.75,16.645529766847
"2157",2020-12-12,"02","20  day ahead inc hosp",2021-01-01,"quantile",0.8,17.4835420003578
"2158",2020-12-12,"02","20  day ahead inc hosp",2021-01-01,"quantile",0.85,18.4603476063381
"2159",2020-12-12,"02","20  day ahead inc hosp",2021-01-01,"quantile",0.9,19.6893921049338
"2160",2020-12-12,"02","20  day ahead inc hosp",2021-01-01,"quantile",0.95,21.511021194602
"2161",2020-12-12,"02","20  day ahead inc hosp",2021-01-01,"quantile",0.975,23.0910127630954
"2162",2020-12-12,"02","20  day ahead inc hosp",2021-01-01,"quantile",0.99,24.9280944149745
"2163",2020-12-12,"02","21  day ahead inc hosp",2021-01-02,"quantile",0.01,1.57080281962085
"2164",2020-12-12,"02","21  day ahead inc hosp",2021-01-02,"quantile",0.025,3.42876992084619
"2165",2020-12-12,"02","21  day ahead inc hosp",2021-01-02,"quantile",0.05,5.02672412798301
"2166",2020-12-12,"02","21  day ahead inc hosp",2021-01-02,"quantile",0.1,6.8690629896099
"2167",2020-12-12,"02","21  day ahead inc hosp",2021-01-02,"quantile",0.15,8.11208027302621
"2168",2020-12-12,"02","21  day ahead inc hosp",2021-01-02,"quantile",0.2,9.09999100543572
"2169",2020-12-12,"02","21  day ahead inc hosp",2021-01-02,"quantile",0.25,9.9475304486035
"2170",2020-12-12,"02","21  day ahead inc hosp",2021-01-02,"quantile",0.3,10.7086470628759
"2171",2020-12-12,"02","21  day ahead inc hosp",2021-01-02,"quantile",0.35,11.4139350350497
"2172",2020-12-12,"02","21  day ahead inc hosp",2021-01-02,"quantile",0.4,12.0831843503815
"2173",2020-12-12,"02","21  day ahead inc hosp",2021-01-02,"quantile",0.45,12.7306908081243
"2174",2020-12-12,"02","21  day ahead inc hosp",2021-01-02,"quantile",0.5,13.36793129561
"2175",2020-12-12,"02","21  day ahead inc hosp",2021-01-02,"quantile",0.55,14.0051717830957
"2176",2020-12-12,"02","21  day ahead inc hosp",2021-01-02,"quantile",0.6,14.6526782408384
"2177",2020-12-12,"02","21  day ahead inc hosp",2021-01-02,"quantile",0.65,15.3219275561702
"2178",2020-12-12,"02","21  day ahead inc hosp",2021-01-02,"quantile",0.7,16.0272155283441
"2179",2020-12-12,"02","21  day ahead inc hosp",2021-01-02,"quantile",0.75,16.7883321426164
"2180",2020-12-12,"02","21  day ahead inc hosp",2021-01-02,"quantile",0.8,17.6358715857842
"2181",2020-12-12,"02","21  day ahead inc hosp",2021-01-02,"quantile",0.85,18.6237823181937
"2182",2020-12-12,"02","21  day ahead inc hosp",2021-01-02,"quantile",0.9,19.86679960161
"2183",2020-12-12,"02","21  day ahead inc hosp",2021-01-02,"quantile",0.95,21.7091384632369
"2184",2020-12-12,"02","21  day ahead inc hosp",2021-01-02,"quantile",0.975,23.3070926703737
"2185",2020-12-12,"02","21  day ahead inc hosp",2021-01-02,"quantile",0.99,25.1650597715991
"2186",2020-12-12,"02","22  day ahead inc hosp",2021-01-03,"quantile",0.01,0.942497698234144
"2187",2020-12-12,"02","22  day ahead inc hosp",2021-01-03,"quantile",0.025,2.82111807042234
"2188",2020-12-12,"02","22  day ahead inc hosp",2021-01-03,"quantile",0.05,4.43683522998414
"2189",2020-12-12,"02","22  day ahead inc hosp",2021-01-03,"quantile",0.1,6.29965363814848
"2190",2020-12-12,"02","22  day ahead inc hosp",2021-01-03,"quantile",0.15,7.55648837438673
"2191",2020-12-12,"02","22  day ahead inc hosp",2021-01-03,"quantile",0.2,8.55538078027696
"2192",2020-12-12,"02","22  day ahead inc hosp",2021-01-03,"quantile",0.25,9.41234152146445
"2193",2020-12-12,"02","22  day ahead inc hosp",2021-01-03,"quantile",0.3,10.181918752536
"2194",2020-12-12,"02","22  day ahead inc hosp",2021-01-03,"quantile",0.35,10.8950467470582
"2195",2020-12-12,"02","22  day ahead inc hosp",2021-01-03,"quantile",0.4,11.5717354769211
"2196",2020-12-12,"02","22  day ahead inc hosp",2021-01-03,"quantile",0.45,12.2264396543184
"2197",2020-12-12,"02","22  day ahead inc hosp",2021-01-03,"quantile",0.5,12.8707637443329
"2198",2020-12-12,"02","22  day ahead inc hosp",2021-01-03,"quantile",0.55,13.5150878343473
"2199",2020-12-12,"02","22  day ahead inc hosp",2021-01-03,"quantile",0.6,14.1697920117446
"2200",2020-12-12,"02","22  day ahead inc hosp",2021-01-03,"quantile",0.65,14.8464807416075
"2201",2020-12-12,"02","22  day ahead inc hosp",2021-01-03,"quantile",0.7,15.5596087361298
"2202",2020-12-12,"02","22  day ahead inc hosp",2021-01-03,"quantile",0.75,16.3291859672013
"2203",2020-12-12,"02","22  day ahead inc hosp",2021-01-03,"quantile",0.8,17.1861467083888
"2204",2020-12-12,"02","22  day ahead inc hosp",2021-01-03,"quantile",0.85,18.185039114279
"2205",2020-12-12,"02","22  day ahead inc hosp",2021-01-03,"quantile",0.9,19.4418738505172
"2206",2020-12-12,"02","22  day ahead inc hosp",2021-01-03,"quantile",0.95,21.3046922586816
"2207",2020-12-12,"02","22  day ahead inc hosp",2021-01-03,"quantile",0.975,22.9204094182434
"2208",2020-12-12,"02","22  day ahead inc hosp",2021-01-03,"quantile",0.99,24.7990297904316
"2209",2020-12-12,"02","23  day ahead inc hosp",2021-01-04,"quantile",0.01,0.917139815771492
"2210",2020-12-12,"02","23  day ahead inc hosp",2021-01-04,"quantile",0.025,2.81618885578214
"2211",2020-12-12,"02","23  day ahead inc hosp",2021-01-04,"quantile",0.05,4.44947579667729
"2212",2020-12-12,"02","23  day ahead inc hosp",2021-01-04,"quantile",0.1,6.33255103748185
"2213",2020-12-12,"02","23  day ahead inc hosp",2021-01-04,"quantile",0.15,7.60305296253293
"2214",2020-12-12,"02","23  day ahead inc hosp",2021-01-04,"quantile",0.2,8.61280761683289
"2215",2020-12-12,"02","23  day ahead inc hosp",2021-01-04,"quantile",0.25,9.479087199963
"2216",2020-12-12,"02","23  day ahead inc hosp",2021-01-04,"quantile",0.3,10.2570330391099
"2217",2020-12-12,"02","23  day ahead inc hosp",2021-01-04,"quantile",0.35,10.9779157961859
"2218",2020-12-12,"02","23  day ahead inc hosp",2021-01-04,"quantile",0.4,11.6619630373725
"2219",2020-12-12,"02","23  day ahead inc hosp",2021-01-04,"quantile",0.45,12.3237866596347
"2220",2020-12-12,"02","23  day ahead inc hosp",2021-01-04,"quantile",0.5,12.9751173184056
"2221",2020-12-12,"02","23  day ahead inc hosp",2021-01-04,"quantile",0.55,13.6264479771764
"2222",2020-12-12,"02","23  day ahead inc hosp",2021-01-04,"quantile",0.6,14.2882715994387
"2223",2020-12-12,"02","23  day ahead inc hosp",2021-01-04,"quantile",0.65,14.9723188406253
"2224",2020-12-12,"02","23  day ahead inc hosp",2021-01-04,"quantile",0.7,15.6932015977013
"2225",2020-12-12,"02","23  day ahead inc hosp",2021-01-04,"quantile",0.75,16.4711474368481
"2226",2020-12-12,"02","23  day ahead inc hosp",2021-01-04,"quantile",0.8,17.3374270199783
"2227",2020-12-12,"02","23  day ahead inc hosp",2021-01-04,"quantile",0.85,18.3471816742782
"2228",2020-12-12,"02","23  day ahead inc hosp",2021-01-04,"quantile",0.9,19.6176835993293
"2229",2020-12-12,"02","23  day ahead inc hosp",2021-01-04,"quantile",0.95,21.5007588401339
"2230",2020-12-12,"02","23  day ahead inc hosp",2021-01-04,"quantile",0.975,23.134045781029
"2231",2020-12-12,"02","23  day ahead inc hosp",2021-01-04,"quantile",0.99,25.0330948210397
"2232",2020-12-12,"02","24  day ahead inc hosp",2021-01-05,"quantile",0.01,0.893162508002376
"2233",2020-12-12,"02","24  day ahead inc hosp",2021-01-05,"quantile",0.025,2.81242278475751
"2234",2020-12-12,"02","24  day ahead inc hosp",2021-01-05,"quantile",0.05,4.46309250426375
"2235",2020-12-12,"02","24  day ahead inc hosp",2021-01-05,"quantile",0.1,6.36620897554616
"2236",2020-12-12,"02","24  day ahead inc hosp",2021-01-05,"quantile",0.15,7.65023262365469
"2237",2020-12-12,"02","24  day ahead inc hosp",2021-01-05,"quantile",0.2,8.67073391479336
"2238",2020-12-12,"02","24  day ahead inc hosp",2021-01-05,"quantile",0.25,9.5462331554324
"2239",2020-12-12,"02","24  day ahead inc hosp",2021-01-05,"quantile",0.3,10.3324585319678
"2240",2020-12-12,"02","24  day ahead inc hosp",2021-01-05,"quantile",0.35,11.061013514332
"2241",2020-12-12,"02","24  day ahead inc hosp",2021-01-05,"quantile",0.4,11.7523409470485
"2242",2020-12-12,"02","24  day ahead inc hosp",2021-01-05,"quantile",0.45,12.421208238869
"2243",2020-12-12,"02","24  day ahead inc hosp",2021-01-05,"quantile",0.5,13.0794708924783
"2244",2020-12-12,"02","24  day ahead inc hosp",2021-01-05,"quantile",0.55,13.7377335460876
"2245",2020-12-12,"02","24  day ahead inc hosp",2021-01-05,"quantile",0.6,14.4066008379081
"2246",2020-12-12,"02","24  day ahead inc hosp",2021-01-05,"quantile",0.65,15.0979282706246
"2247",2020-12-12,"02","24  day ahead inc hosp",2021-01-05,"quantile",0.7,15.8264832529888
"2248",2020-12-12,"02","24  day ahead inc hosp",2021-01-05,"quantile",0.75,16.6127086295242
"2249",2020-12-12,"02","24  day ahead inc hosp",2021-01-05,"quantile",0.8,17.4882078701632
"2250",2020-12-12,"02","24  day ahead inc hosp",2021-01-05,"quantile",0.85,18.5087091613019
"2251",2020-12-12,"02","24  day ahead inc hosp",2021-01-05,"quantile",0.9,19.7927328094104
"2252",2020-12-12,"02","24  day ahead inc hosp",2021-01-05,"quantile",0.95,21.6958492806928
"2253",2020-12-12,"02","24  day ahead inc hosp",2021-01-05,"quantile",0.975,23.3465190001991
"2254",2020-12-12,"02","24  day ahead inc hosp",2021-01-05,"quantile",0.99,25.2657792769542
"2255",2020-12-12,"02","25  day ahead inc hosp",2021-01-06,"quantile",0.01,0.870522609247818
"2256",2020-12-12,"02","25  day ahead inc hosp",2021-01-06,"quantile",0.025,2.80978348996888
"2257",2020-12-12,"02","25  day ahead inc hosp",2021-01-06,"quantile",0.05,4.47765483227649
"2258",2020-12-12,"02","25  day ahead inc hosp",2021-01-06,"quantile",0.1,6.40060367299005
"2259",2020-12-12,"02","25  day ahead inc hosp",2021-01-06,"quantile",0.15,7.6980081265994
"2260",2020-12-12,"02","25  day ahead inc hosp",2021-01-06,"quantile",0.2,8.72914405776996
"2261",2020-12-12,"02","25  day ahead inc hosp",2021-01-06,"quantile",0.25,9.61376687263004
"2262",2020-12-12,"02","25  day ahead inc hosp",2021-01-06,"quantile",0.3,10.4081855007919
"2263",2020-12-12,"02","25  day ahead inc hosp",2021-01-06,"quantile",0.35,11.1443327518265
"2264",2020-12-12,"02","25  day ahead inc hosp",2021-01-06,"quantile",0.4,11.8428645050617
"2265",2020-12-12,"02","25  day ahead inc hosp",2021-01-06,"quantile",0.45,12.5187020603589
"2266",2020-12-12,"02","25  day ahead inc hosp",2021-01-06,"quantile",0.5,13.183824466551
"2267",2020-12-12,"02","25  day ahead inc hosp",2021-01-06,"quantile",0.55,13.848946872743
"2268",2020-12-12,"02","25  day ahead inc hosp",2021-01-06,"quantile",0.6,14.5247844280403
"2269",2020-12-12,"02","25  day ahead inc hosp",2021-01-06,"quantile",0.65,15.2233161812755
"2270",2020-12-12,"02","25  day ahead inc hosp",2021-01-06,"quantile",0.7,15.9594634323101
"2271",2020-12-12,"02","25  day ahead inc hosp",2021-01-06,"quantile",0.75,16.753882060472
"2272",2020-12-12,"02","25  day ahead inc hosp",2021-01-06,"quantile",0.8,17.638504875332
"2273",2020-12-12,"02","25  day ahead inc hosp",2021-01-06,"quantile",0.85,18.6696408065026
"2274",2020-12-12,"02","25  day ahead inc hosp",2021-01-06,"quantile",0.9,19.9670452601119
"2275",2020-12-12,"02","25  day ahead inc hosp",2021-01-06,"quantile",0.95,21.8899941008255
"2276",2020-12-12,"02","25  day ahead inc hosp",2021-01-06,"quantile",0.975,23.5578654431331
"2277",2020-12-12,"02","25  day ahead inc hosp",2021-01-06,"quantile",0.99,25.4971263238542
"2278",2020-12-12,"02","26  day ahead inc hosp",2021-01-07,"quantile",0.01,0.849179157410314
"2279",2020-12-12,"02","26  day ahead inc hosp",2021-01-07,"quantile",0.025,2.80823646056912
"2280",2020-12-12,"02","26  day ahead inc hosp",2021-01-07,"quantile",0.05,4.4931338182996
"2281",2020-12-12,"02","26  day ahead inc hosp",2021-01-07,"quantile",0.1,6.4357125643835
"2282",2020-12-12,"02","26  day ahead inc hosp",2021-01-07,"quantile",0.15,7.74636122195303
"2283",2020-12-12,"02","26  day ahead inc hosp",2021-01-07,"quantile",0.2,8.78802322658132
"2284",2020-12-12,"02","26  day ahead inc hosp",2021-01-07,"quantile",0.25,9.6816764752088
"2285",2020-12-12,"02","26  day ahead inc hosp",2021-01-07,"quantile",0.3,10.484204711991
"2286",2020-12-12,"02","26  day ahead inc hosp",2021-01-07,"quantile",0.35,11.2278667239858
"2287",2020-12-12,"02","26  day ahead inc hosp",2021-01-07,"quantile",0.4,11.933529250502
"2288",2020-12-12,"02","26  day ahead inc hosp",2021-01-07,"quantile",0.45,12.6162659114724
"2289",2020-12-12,"02","26  day ahead inc hosp",2021-01-07,"quantile",0.5,13.2881780406237
"2290",2020-12-12,"02","26  day ahead inc hosp",2021-01-07,"quantile",0.55,13.960090169775
"2291",2020-12-12,"02","26  day ahead inc hosp",2021-01-07,"quantile",0.6,14.6428268307454
"2292",2020-12-12,"02","26  day ahead inc hosp",2021-01-07,"quantile",0.65,15.3484893572617
"2293",2020-12-12,"02","26  day ahead inc hosp",2021-01-07,"quantile",0.7,16.0921513692564
"2294",2020-12-12,"02","26  day ahead inc hosp",2021-01-07,"quantile",0.75,16.8946796060386
"2295",2020-12-12,"02","26  day ahead inc hosp",2021-01-07,"quantile",0.8,17.7883328546661
"2296",2020-12-12,"02","26  day ahead inc hosp",2021-01-07,"quantile",0.85,18.8299948592944
"2297",2020-12-12,"02","26  day ahead inc hosp",2021-01-07,"quantile",0.9,20.1406435168639
"2298",2020-12-12,"02","26  day ahead inc hosp",2021-01-07,"quantile",0.95,22.0832222629478
"2299",2020-12-12,"02","26  day ahead inc hosp",2021-01-07,"quantile",0.975,23.7681196206783
"2300",2020-12-12,"02","26  day ahead inc hosp",2021-01-07,"quantile",0.99,25.7271769238371
"2301",2020-12-12,"02","27  day ahead inc hosp",2021-01-08,"quantile",0.01,0.829093239629573
"2302",2020-12-12,"02","27  day ahead inc hosp",2021-01-08,"quantile",0.025,2.80774891220747
"2303",2020-12-12,"02","27  day ahead inc hosp",2021-01-08,"quantile",0.05,4.50950194883862
"2304",2020-12-12,"02","27  day ahead inc hosp",2021-01-08,"quantile",0.1,6.47151421319176
"2305",2020-12-12,"02","27  day ahead inc hosp",2021-01-08,"quantile",0.15,7.79527457327671
"2306",2020-12-12,"02","27  day ahead inc hosp",2021-01-08,"quantile",0.2,8.84735734341483
"2307",2020-12-12,"02","27  day ahead inc hosp",2021-01-08,"quantile",0.25,9.74995068096718
"2308",2020-12-12,"02","27  day ahead inc hosp",2021-01-08,"quantile",0.3,10.560507393909
"2309",2020-12-12,"02","27  day ahead inc hosp",2021-01-08,"quantile",0.35,11.3116089855477
"2310",2020-12-12,"02","27  day ahead inc hosp",2021-01-08,"quantile",0.4,12.0243309456281
"2311",2020-12-12,"02","27  day ahead inc hosp",2021-01-08,"quantile",0.45,12.7138976902699
"2312",2020-12-12,"02","27  day ahead inc hosp",2021-01-08,"quantile",0.5,13.3925316146964
"2313",2020-12-12,"02","27  day ahead inc hosp",2021-01-08,"quantile",0.55,14.0711655391229
"2314",2020-12-12,"02","27  day ahead inc hosp",2021-01-08,"quantile",0.6,14.7607322837647
"2315",2020-12-12,"02","27  day ahead inc hosp",2021-01-08,"quantile",0.65,15.4734542438451
"2316",2020-12-12,"02","27  day ahead inc hosp",2021-01-08,"quantile",0.7,16.2245558354838
"2317",2020-12-12,"02","27  day ahead inc hosp",2021-01-08,"quantile",0.75,17.0351125484257
"2318",2020-12-12,"02","27  day ahead inc hosp",2021-01-08,"quantile",0.8,17.937705885978
"2319",2020-12-12,"02","27  day ahead inc hosp",2021-01-08,"quantile",0.85,18.9897886561161
"2320",2020-12-12,"02","27  day ahead inc hosp",2021-01-08,"quantile",0.9,20.3135490162011
"2321",2020-12-12,"02","27  day ahead inc hosp",2021-01-08,"quantile",0.95,22.2755612805542
"2322",2020-12-12,"02","27  day ahead inc hosp",2021-01-08,"quantile",0.975,23.9773143171854
"2323",2020-12-12,"02","27  day ahead inc hosp",2021-01-08,"quantile",0.99,25.9559699897633
"2324",2020-12-12,"02","28  day ahead inc hosp",2021-01-09,"quantile",0.01,0.810227851565594
"2325",2020-12-12,"02","28  day ahead inc hosp",2021-01-09,"quantile",0.025,2.80828966847455
"2326",2020-12-12,"02","28  day ahead inc hosp",2021-01-09,"quantile",0.05,4.52673305982602
"2327",2020-12-12,"02","28  day ahead inc hosp",2021-01-09,"quantile",0.1,6.50798823425645
"2328",2020-12-12,"02","28  day ahead inc hosp",2021-01-09,"quantile",0.15,7.84473169441463
"2329",2020-12-12,"02","28  day ahead inc hosp",2021-01-09,"quantile",0.2,8.90713302091831
"2330",2020-12-12,"02","28  day ahead inc hosp",2021-01-09,"quantile",0.25,9.81857876105063
"2331",2020-12-12,"02","28  day ahead inc hosp",2021-01-09,"quantile",0.3,10.6370852051043
"2332",2020-12-12,"02","28  day ahead inc hosp",2021-01-09,"quantile",0.35,11.3955534073649
"2333",2020-12-12,"02","28  day ahead inc hosp",2021-01-09,"quantile",0.4,12.115265560543
"2334",2020-12-12,"02","28  day ahead inc hosp",2021-01-09,"quantile",0.45,12.8115953979037
"2335",2020-12-12,"02","28  day ahead inc hosp",2021-01-09,"quantile",0.5,13.4968851887691
"2336",2020-12-12,"02","28  day ahead inc hosp",2021-01-09,"quantile",0.55,14.1821749796346
"2337",2020-12-12,"02","28  day ahead inc hosp",2021-01-09,"quantile",0.6,14.8785048169953
"2338",2020-12-12,"02","28  day ahead inc hosp",2021-01-09,"quantile",0.65,15.5982169701734
"2339",2020-12-12,"02","28  day ahead inc hosp",2021-01-09,"quantile",0.7,16.356685172434
"2340",2020-12-12,"02","28  day ahead inc hosp",2021-01-09,"quantile",0.75,17.1751916164876
"2341",2020-12-12,"02","28  day ahead inc hosp",2021-01-09,"quantile",0.8,18.08663735662
"2342",2020-12-12,"02","28  day ahead inc hosp",2021-01-09,"quantile",0.85,19.1490386831236
"2343",2020-12-12,"02","28  day ahead inc hosp",2021-01-09,"quantile",0.9,20.4857821432818
"2344",2020-12-12,"02","28  day ahead inc hosp",2021-01-09,"quantile",0.95,22.4670373177123
"2345",2020-12-12,"02","28  day ahead inc hosp",2021-01-09,"quantile",0.975,24.1854807090637
"2346",2020-12-12,"02","28  day ahead inc hosp",2021-01-09,"quantile",0.99,26.1835425259727
"2347",2020-12-12,"02","29  day ahead inc hosp",2021-01-10,"quantile",0.01,0.051128810549784
"2348",2020-12-12,"02","29  day ahead inc hosp",2021-01-10,"quantile",0.025,2.06841009429639
"2349",2020-12-12,"02","29  day ahead inc hosp",2021-01-10,"quantile",0.05,3.80338328742524
"2350",2020-12-12,"02","29  day ahead inc hosp",2021-01-10,"quantile",0.1,5.8036962646722
"2351",2020-12-12,"02","29  day ahead inc hosp",2021-01-10,"quantile",0.15,7.15329793391357
"2352",2020-12-12,"02","29  day ahead inc hosp",2021-01-10,"quantile",0.2,8.22591855738305
"2353",2020-12-12,"02","29  day ahead inc hosp",2021-01-10,"quantile",0.25,9.14613154436856
"2354",2020-12-12,"02","29  day ahead inc hosp",2021-01-10,"quantile",0.3,9.97251124705954
"2355",2020-12-12,"02","29  day ahead inc hosp",2021-01-10,"quantile",0.35,10.7382751967977
"2356",2020-12-12,"02","29  day ahead inc hosp",2021-01-10,"quantile",0.4,11.4649103008793
"2357",2020-12-12,"02","29  day ahead inc hosp",2021-01-10,"quantile",0.45,12.1679381733578
"2358",2020-12-12,"02","29  day ahead inc hosp",2021-01-10,"quantile",0.5,12.8598198045249
"2359",2020-12-12,"02","29  day ahead inc hosp",2021-01-10,"quantile",0.55,13.5517014356919
"2360",2020-12-12,"02","29  day ahead inc hosp",2021-01-10,"quantile",0.6,14.2547293081704
"2361",2020-12-12,"02","29  day ahead inc hosp",2021-01-10,"quantile",0.65,14.981364412252
"2362",2020-12-12,"02","29  day ahead inc hosp",2021-01-10,"quantile",0.7,15.7471283619902
"2363",2020-12-12,"02","29  day ahead inc hosp",2021-01-10,"quantile",0.75,16.5735080646812
"2364",2020-12-12,"02","29  day ahead inc hosp",2021-01-10,"quantile",0.8,17.4937210516667
"2365",2020-12-12,"02","29  day ahead inc hosp",2021-01-10,"quantile",0.85,18.5663416751362
"2366",2020-12-12,"02","29  day ahead inc hosp",2021-01-10,"quantile",0.9,19.9159433443776
"2367",2020-12-12,"02","29  day ahead inc hosp",2021-01-10,"quantile",0.95,21.9162563216245
"2368",2020-12-12,"02","29  day ahead inc hosp",2021-01-10,"quantile",0.975,23.6512295147534
"2369",2020-12-12,"02","29  day ahead inc hosp",2021-01-10,"quantile",0.99,25.6685107985
"2370",2020-12-12,"02","30  day ahead inc hosp",2021-01-11,"quantile",0.01,0.0346004712407151
"2371",2020-12-12,"02","30  day ahead inc hosp",2021-01-11,"quantile",0.025,2.07091983011329
"2372",2020-12-12,"02","30  day ahead inc hosp",2021-01-11,"quantile",0.05,3.82226681814047
"2373",2020-12-12,"02","30  day ahead inc hosp",2021-01-11,"quantile",0.1,5.84145773226371
"2374",2020-12-12,"02","30  day ahead inc hosp",2021-01-11,"quantile",0.15,7.20379625589229
"2375",2020-12-12,"02","30  day ahead inc hosp",2021-01-11,"quantile",0.2,8.28653972746223
"2376",2020-12-12,"02","30  day ahead inc hosp",2021-01-11,"quantile",0.25,9.21543721676246
"2377",2020-12-12,"02","30  day ahead inc hosp",2021-01-11,"quantile",0.3,10.0496158709379
"2378",2020-12-12,"02","30  day ahead inc hosp",2021-01-11,"quantile",0.35,10.8226067115025
"2379",2020-12-12,"02","30  day ahead inc hosp",2021-01-11,"quantile",0.4,11.5560994282592
"2380",2020-12-12,"02","30  day ahead inc hosp",2021-01-11,"quantile",0.45,12.2657621203634
"2381",2020-12-12,"02","30  day ahead inc hosp",2021-01-11,"quantile",0.5,12.9641733785976
"2382",2020-12-12,"02","30  day ahead inc hosp",2021-01-11,"quantile",0.55,13.6625846368318
"2383",2020-12-12,"02","30  day ahead inc hosp",2021-01-11,"quantile",0.6,14.372247328936
"2384",2020-12-12,"02","30  day ahead inc hosp",2021-01-11,"quantile",0.65,15.1057400456927
"2385",2020-12-12,"02","30  day ahead inc hosp",2021-01-11,"quantile",0.7,15.8787308862573
"2386",2020-12-12,"02","30  day ahead inc hosp",2021-01-11,"quantile",0.75,16.7129095404327
"2387",2020-12-12,"02","30  day ahead inc hosp",2021-01-11,"quantile",0.8,17.6418070297329
"2388",2020-12-12,"02","30  day ahead inc hosp",2021-01-11,"quantile",0.85,18.7245505013029
"2389",2020-12-12,"02","30  day ahead inc hosp",2021-01-11,"quantile",0.9,20.0868890249315
"2390",2020-12-12,"02","30  day ahead inc hosp",2021-01-11,"quantile",0.95,22.1060799390547
"2391",2020-12-12,"02","30  day ahead inc hosp",2021-01-11,"quantile",0.975,23.8574269270819
"2392",2020-12-12,"02","30  day ahead inc hosp",2021-01-11,"quantile",0.99,25.8937462859545
"2393",2020-12-12,"02","31  day ahead inc hosp",2021-01-12,"quantile",0.01,0.0191918679169394
"2394",2020-12-12,"02","31  day ahead inc hosp",2021-01-12,"quantile",0.025,2.07437295115122
"2395",2020-12-12,"02","31  day ahead inc hosp",2021-01-12,"quantile",0.05,3.84194206269059
"2396",2020-12-12,"02","31  day ahead inc hosp",2021-01-12,"quantile",0.1,5.87983604629549
"2397",2020-12-12,"02","31  day ahead inc hosp",2021-01-12,"quantile",0.15,7.25479344211034
"2398",2020-12-12,"02","31  day ahead inc hosp",2021-01-12,"quantile",0.2,8.34756599326753
"2399",2020-12-12,"02","31  day ahead inc hosp",2021-01-12,"quantile",0.25,9.28506753984744
"2400",2020-12-12,"02","31  day ahead inc hosp",2021-01-12,"quantile",0.3,10.1269729033796
"2401",2020-12-12,"02","31  day ahead inc hosp",2021-01-12,"quantile",0.35,10.9071236916731
"2402",2020-12-12,"02","31  day ahead inc hosp",2021-01-12,"quantile",0.4,11.6474104986517
"2403",2020-12-12,"02","31  day ahead inc hosp",2021-01-12,"quantile",0.45,12.3636465516729
"2404",2020-12-12,"02","31  day ahead inc hosp",2021-01-12,"quantile",0.5,13.0685269526703
"2405",2020-12-12,"02","31  day ahead inc hosp",2021-01-12,"quantile",0.55,13.7734073536677
"2406",2020-12-12,"02","31  day ahead inc hosp",2021-01-12,"quantile",0.6,14.4896434066889
"2407",2020-12-12,"02","31  day ahead inc hosp",2021-01-12,"quantile",0.65,15.2299302136675
"2408",2020-12-12,"02","31  day ahead inc hosp",2021-01-12,"quantile",0.7,16.010081001961
"2409",2020-12-12,"02","31  day ahead inc hosp",2021-01-12,"quantile",0.75,16.8519863654932
"2410",2020-12-12,"02","31  day ahead inc hosp",2021-01-12,"quantile",0.8,17.7894879120731
"2411",2020-12-12,"02","31  day ahead inc hosp",2021-01-12,"quantile",0.85,18.8822604632303
"2412",2020-12-12,"02","31  day ahead inc hosp",2021-01-12,"quantile",0.9,20.2572178590451
"2413",2020-12-12,"02","31  day ahead inc hosp",2021-01-12,"quantile",0.95,22.29511184265
"2414",2020-12-12,"02","31  day ahead inc hosp",2021-01-12,"quantile",0.975,24.0626809541894
"2415",2020-12-12,"02","31  day ahead inc hosp",2021-01-12,"quantile",0.99,26.1178620374237
"2416",2020-12-12,"02","32  day ahead inc hosp",2021-01-13,"quantile",0.01,0.00487244876504001
"2417",2020-12-12,"02","32  day ahead inc hosp",2021-01-13,"quantile",0.025,2.07874371729857
"2418",2020-12-12,"02","32  day ahead inc hosp",2021-01-13,"quantile",0.05,3.86238741929295
"2419",2020-12-12,"02","32  day ahead inc hosp",2021-01-13,"quantile",0.1,5.91881437621321
"2420",2020-12-12,"02","32  day ahead inc hosp",2021-01-13,"quantile",0.15,7.30627588113844
"2421",2020-12-12,"02","32  day ahead inc hosp",2021-01-13,"quantile",0.2,8.40898630182824
"2422",2020-12-12,"02","32  day ahead inc hosp",2021-01-13,"quantile",0.25,9.35501365558244
"2423",2020-12-12,"02","32  day ahead inc hosp",2021-01-13,"quantile",0.3,10.2045754574582
"2424",2020-12-12,"02","32  day ahead inc hosp",2021-01-13,"quantile",0.35,10.9918210769146
"2425",2020-12-12,"02","32  day ahead inc hosp",2021-01-13,"quantile",0.4,11.7388401848616
"2426",2020-12-12,"02","32  day ahead inc hosp",2021-01-13,"quantile",0.45,12.4615898169821
"2427",2020-12-12,"02","32  day ahead inc hosp",2021-01-13,"quantile",0.5,13.172880526743
"2428",2020-12-12,"02","32  day ahead inc hosp",2021-01-13,"quantile",0.55,13.8841712365039
"2429",2020-12-12,"02","32  day ahead inc hosp",2021-01-13,"quantile",0.6,14.6069208686244
"2430",2020-12-12,"02","32  day ahead inc hosp",2021-01-13,"quantile",0.65,15.3539399765715
"2431",2020-12-12,"02","32  day ahead inc hosp",2021-01-13,"quantile",0.7,16.1411855960278
"2432",2020-12-12,"02","32  day ahead inc hosp",2021-01-13,"quantile",0.75,16.9907473979036
"2433",2020-12-12,"02","32  day ahead inc hosp",2021-01-13,"quantile",0.8,17.9367747516578
"2434",2020-12-12,"02","32  day ahead inc hosp",2021-01-13,"quantile",0.85,19.0394851723476
"2435",2020-12-12,"02","32  day ahead inc hosp",2021-01-13,"quantile",0.9,20.4269466772728
"2436",2020-12-12,"02","32  day ahead inc hosp",2021-01-13,"quantile",0.95,22.4833736341931
"2437",2020-12-12,"02","32  day ahead inc hosp",2021-01-13,"quantile",0.975,24.2670173361875
"2438",2020-12-12,"02","32  day ahead inc hosp",2021-01-13,"quantile",0.99,26.340888604721
"2439",2020-12-12,"02","33  day ahead inc hosp",2021-01-14,"quantile",0.01,0
"2440",2020-12-12,"02","33  day ahead inc hosp",2021-01-14,"quantile",0.025,2.08400753810279
"2441",2020-12-12,"02","33  day ahead inc hosp",2021-01-14,"quantile",0.05,3.88358225098926
"2442",2020-12-12,"02","33  day ahead inc hosp",2021-01-14,"quantile",0.1,5.9583766431842
"2443",2020-12-12,"02","33  day ahead inc hosp",2021-01-14,"quantile",0.15,7.35823056948966
"2444",2020-12-12,"02","33  day ahead inc hosp",2021-01-14,"quantile",0.2,8.47079009384471
"2445",2020-12-12,"02","33  day ahead inc hosp",2021-01-14,"quantile",0.25,9.42526710156288
"2446",2020-12-12,"02","33  day ahead inc hosp",2021-01-14,"quantile",0.3,10.2824169538459
"2447",2020-12-12,"02","33  day ahead inc hosp",2021-01-14,"quantile",0.35,11.07669403285
"2448",2020-12-12,"02","33  day ahead inc hosp",2021-01-14,"quantile",0.4,11.8303853083
"2449",2020-12-12,"02","33  day ahead inc hosp",2021-01-14,"quantile",0.45,12.559590339696
"2450",2020-12-12,"02","33  day ahead inc hosp",2021-01-14,"quantile",0.5,13.2772341008157
"2451",2020-12-12,"02","33  day ahead inc hosp",2021-01-14,"quantile",0.55,13.9948778619354
"2452",2020-12-12,"02","33  day ahead inc hosp",2021-01-14,"quantile",0.6,14.7240828933314
"2453",2020-12-12,"02","33  day ahead inc hosp",2021-01-14,"quantile",0.65,15.4777741687814
"2454",2020-12-12,"02","33  day ahead inc hosp",2021-01-14,"quantile",0.7,16.2720512477856
"2455",2020-12-12,"02","33  day ahead inc hosp",2021-01-14,"quantile",0.75,17.1292011000686
"2456",2020-12-12,"02","33  day ahead inc hosp",2021-01-14,"quantile",0.8,18.0836781077867
"2457",2020-12-12,"02","33  day ahead inc hosp",2021-01-14,"quantile",0.85,19.1962376321418
"2458",2020-12-12,"02","33  day ahead inc hosp",2021-01-14,"quantile",0.9,20.5960915584472
"2459",2020-12-12,"02","33  day ahead inc hosp",2021-01-14,"quantile",0.95,22.6708859506422
"2460",2020-12-12,"02","33  day ahead inc hosp",2021-01-14,"quantile",0.975,24.4704606635287
"2461",2020-12-12,"02","33  day ahead inc hosp",2021-01-14,"quantile",0.99,26.5628551750904
"2462",2020-12-12,"02","34  day ahead inc hosp",2021-01-15,"quantile",0.01,0
"2463",2020-12-12,"02","34  day ahead inc hosp",2021-01-15,"quantile",0.025,2.09014090214162
"2464",2020-12-12,"02","34  day ahead inc hosp",2021-01-15,"quantile",0.05,3.90550682637194
"2465",2020-12-12,"02","34  day ahead inc hosp",2021-01-15,"quantile",0.1,5.99850747391575
"2466",2020-12-12,"02","34  day ahead inc hosp",2021-01-15,"quantile",0.15,7.4106450742707
"2467",2020-12-12,"02","34  day ahead inc hosp",2021-01-15,"quantile",0.2,8.53296727335989
"2468",2020-12-12,"02","34  day ahead inc hosp",2021-01-15,"quantile",0.25,9.49581978671492
"2469",2020-12-12,"02","34  day ahead inc hosp",2021-01-15,"quantile",0.3,10.3604911019157
"2470",2020-12-12,"02","34  day ahead inc hosp",2021-01-15,"quantile",0.35,11.1617379372352
"2471",2020-12-12,"02","34  day ahead inc hosp",2021-01-15,"quantile",0.4,11.9220428298546
"2472",2020-12-12,"02","34  day ahead inc hosp",2021-01-15,"quantile",0.45,12.6576466124006
"2473",2020-12-12,"02","34  day ahead inc hosp",2021-01-15,"quantile",0.5,13.3815876748884
"2474",2020-12-12,"02","34  day ahead inc hosp",2021-01-15,"quantile",0.55,14.1055287373762
"2475",2020-12-12,"02","34  day ahead inc hosp",2021-01-15,"quantile",0.6,14.8411325199223
"2476",2020-12-12,"02","34  day ahead inc hosp",2021-01-15,"quantile",0.65,15.6014374125417
"2477",2020-12-12,"02","34  day ahead inc hosp",2021-01-15,"quantile",0.7,16.4026842478612
"2478",2020-12-12,"02","34  day ahead inc hosp",2021-01-15,"quantile",0.75,17.267355563062
"2479",2020-12-12,"02","34  day ahead inc hosp",2021-01-15,"quantile",0.8,18.230208076417
"2480",2020-12-12,"02","34  day ahead inc hosp",2021-01-15,"quantile",0.85,19.3525302755062
"2481",2020-12-12,"02","34  day ahead inc hosp",2021-01-15,"quantile",0.9,20.7646678758611
"2482",2020-12-12,"02","34  day ahead inc hosp",2021-01-15,"quantile",0.95,22.8576685234049
"2483",2020-12-12,"02","34  day ahead inc hosp",2021-01-15,"quantile",0.975,24.6730344476353
"2484",2020-12-12,"02","34  day ahead inc hosp",2021-01-15,"quantile",0.99,26.7837896550382
"2485",2020-12-12,"02","35  day ahead inc hosp",2021-01-16,"quantile",0.01,0
"2486",2020-12-12,"02","35  day ahead inc hosp",2021-01-16,"quantile",0.025,2.09712131187694
"2487",2020-12-12,"02","35  day ahead inc hosp",2021-01-16,"quantile",0.05,3.92814226491183
"2488",2020-12-12,"02","35  day ahead inc hosp",2021-01-16,"quantile",0.1,6.03919215805837
"2489",2020-12-12,"02","35  day ahead inc hosp",2021-01-16,"quantile",0.15,7.4635074987325
"2490",2020-12-12,"02","35  day ahead inc hosp",2021-01-16,"quantile",0.2,8.59550817978516
"2491",2020-12-12,"02","35  day ahead inc hosp",2021-01-16,"quantile",0.25,9.56666396887646
"2492",2020-12-12,"02","35  day ahead inc hosp",2021-01-16,"quantile",0.3,10.4387918823119
"2493",2020-12-12,"02","35  day ahead inc hosp",2021-01-16,"quantile",0.35,11.2469483671512
"2494",2020-12-12,"02","35  day ahead inc hosp",2021-01-16,"quantile",0.4,12.0138098414687
"2495",2020-12-12,"02","35  day ahead inc hosp",2021-01-16,"quantile",0.45,12.7557571926864
"2496",2020-12-12,"02","35  day ahead inc hosp",2021-01-16,"quantile",0.5,13.4859412489611
"2497",2020-12-12,"02","35  day ahead inc hosp",2021-01-16,"quantile",0.55,14.2161253052359
"2498",2020-12-12,"02","35  day ahead inc hosp",2021-01-16,"quantile",0.6,14.9580726564536
"2499",2020-12-12,"02","35  day ahead inc hosp",2021-01-16,"quantile",0.65,15.7249341307711
"2500",2020-12-12,"02","35  day ahead inc hosp",2021-01-16,"quantile",0.7,16.5330906156104
"2501",2020-12-12,"02","35  day ahead inc hosp",2021-01-16,"quantile",0.75,17.4052185290458
"2502",2020-12-12,"02","35  day ahead inc hosp",2021-01-16,"quantile",0.8,18.3763743181371
"2503",2020-12-12,"02","35  day ahead inc hosp",2021-01-16,"quantile",0.85,19.5083749991898
"2504",2020-12-12,"02","35  day ahead inc hosp",2021-01-16,"quantile",0.9,20.9326903398639
"2505",2020-12-12,"02","35  day ahead inc hosp",2021-01-16,"quantile",0.95,23.0437402330105
"2506",2020-12-12,"02","35  day ahead inc hosp",2021-01-16,"quantile",0.975,24.8747611860454
"2507",2020-12-12,"02","35  day ahead inc hosp",2021-01-16,"quantile",0.99,27.003718747657
"2508",2020-12-12,"02","36  day ahead inc hosp",2021-01-17,"quantile",0.01,0
"2509",2020-12-12,"02","36  day ahead inc hosp",2021-01-17,"quantile",0.025,1.73968971422563
"2510",2020-12-12,"02","36  day ahead inc hosp",2021-01-17,"quantile",0.05,3.5862329772035
"2511",2020-12-12,"02","36  day ahead inc hosp",2021-01-17,"quantile",0.1,5.71517909960521
"2512",2020-12-12,"02","36  day ahead inc hosp",2021-01-17,"quantile",0.15,7.15156894119526
"2513",2020-12-12,"02","36  day ahead inc hosp",2021-01-17,"quantile",0.2,8.29316605280643
"2514",2020-12-12,"02","36  day ahead inc hosp",2021-01-17,"quantile",0.25,9.27255472483455
"2515",2020-12-12,"02","36  day ahead inc hosp",2021-01-17,"quantile",0.3,10.1520760215952
"2516",2020-12-12,"02","36  day ahead inc hosp",2021-01-17,"quantile",0.35,10.9670835779196
"2517",2020-12-12,"02","36  day ahead inc hosp",2021-01-17,"quantile",0.4,11.7404460491088
"2518",2020-12-12,"02","36  day ahead inc hosp",2021-01-17,"quantile",0.45,12.4886831900353
"2519",2020-12-12,"02","36  day ahead inc hosp",2021-01-17,"quantile",0.5,13.2250573137794
"2520",2020-12-12,"02","36  day ahead inc hosp",2021-01-17,"quantile",0.55,13.9614314375234
"2521",2020-12-12,"02","36  day ahead inc hosp",2021-01-17,"quantile",0.6,14.7096685784499
"2522",2020-12-12,"02","36  day ahead inc hosp",2021-01-17,"quantile",0.65,15.4830310496391
"2523",2020-12-12,"02","36  day ahead inc hosp",2021-01-17,"quantile",0.7,16.2980386059635
"2524",2020-12-12,"02","36  day ahead inc hosp",2021-01-17,"quantile",0.75,17.1775599027242
"2525",2020-12-12,"02","36  day ahead inc hosp",2021-01-17,"quantile",0.8,18.1569485747523
"2526",2020-12-12,"02","36  day ahead inc hosp",2021-01-17,"quantile",0.85,19.2985456863635
"2527",2020-12-12,"02","36  day ahead inc hosp",2021-01-17,"quantile",0.9,20.7349355279535
"2528",2020-12-12,"02","36  day ahead inc hosp",2021-01-17,"quantile",0.95,22.8638816503552
"2529",2020-12-12,"02","36  day ahead inc hosp",2021-01-17,"quantile",0.975,24.7104249133331
"2530",2020-12-12,"02","36  day ahead inc hosp",2021-01-17,"quantile",0.99,26.8574305147949
"2531",2020-12-12,"02","37  day ahead inc hosp",2021-01-18,"quantile",0.01,0
"2532",2020-12-12,"02","37  day ahead inc hosp",2021-01-18,"quantile",0.025,1.74830048191816
"2533",2020-12-12,"02","37  day ahead inc hosp",2021-01-18,"quantile",0.05,3.61023665527242
"2534",2020-12-12,"02","37  day ahead inc hosp",2021-01-18,"quantile",0.1,5.75692981751628
"2535",2020-12-12,"02","37  day ahead inc hosp",2021-01-18,"quantile",0.15,7.20529350263357
"2536",2020-12-12,"02","37  day ahead inc hosp",2021-01-18,"quantile",0.2,8.35640704550161
"2537",2020-12-12,"02","37  day ahead inc hosp",2021-01-18,"quantile",0.25,9.34395996818903
"2538",2020-12-12,"02","37  day ahead inc hosp",2021-01-18,"quantile",0.3,10.2308130143685
"2539",2020-12-12,"02","37  day ahead inc hosp",2021-01-18,"quantile",0.35,11.0526145291786
"2540",2020-12-12,"02","37  day ahead inc hosp",2021-01-18,"quantile",0.4,11.832423802588
"2541",2020-12-12,"02","37  day ahead inc hosp",2021-01-18,"quantile",0.45,12.5868982992708
"2542",2020-12-12,"02","37  day ahead inc hosp",2021-01-18,"quantile",0.5,13.3294108878521
"2543",2020-12-12,"02","37  day ahead inc hosp",2021-01-18,"quantile",0.55,14.0719234764334
"2544",2020-12-12,"02","37  day ahead inc hosp",2021-01-18,"quantile",0.6,14.8263979731162
"2545",2020-12-12,"02","37  day ahead inc hosp",2021-01-18,"quantile",0.65,15.6062072465256
"2546",2020-12-12,"02","37  day ahead inc hosp",2021-01-18,"quantile",0.7,16.4280087613356
"2547",2020-12-12,"02","37  day ahead inc hosp",2021-01-18,"quantile",0.75,17.3148618075151
"2548",2020-12-12,"02","37  day ahead inc hosp",2021-01-18,"quantile",0.8,18.3024147302025
"2549",2020-12-12,"02","37  day ahead inc hosp",2021-01-18,"quantile",0.85,19.4535282730706
"2550",2020-12-12,"02","37  day ahead inc hosp",2021-01-18,"quantile",0.9,20.9018919581879
"2551",2020-12-12,"02","37  day ahead inc hosp",2021-01-18,"quantile",0.95,23.0485851204317
"2552",2020-12-12,"02","37  day ahead inc hosp",2021-01-18,"quantile",0.975,24.910521293786
"2553",2020-12-12,"02","37  day ahead inc hosp",2021-01-18,"quantile",0.99,27.0754244801371
"2554",2020-12-12,"04","1  day ahead inc hosp",2020-12-13,"quantile",0.01,176.977413369747
"2555",2020-12-12,"04","1  day ahead inc hosp",2020-12-13,"quantile",0.025,185.518546773227
"2556",2020-12-12,"04","1  day ahead inc hosp",2020-12-13,"quantile",0.05,192.864392696337
"2557",2020-12-12,"04","1  day ahead inc hosp",2020-12-13,"quantile",0.1,201.333682589141
"2558",2020-12-12,"04","1  day ahead inc hosp",2020-12-13,"quantile",0.15,207.047872271772
"2559",2020-12-12,"04","1  day ahead inc hosp",2020-12-13,"quantile",0.2,211.589329088028
"2560",2020-12-12,"04","1  day ahead inc hosp",2020-12-13,"quantile",0.25,215.485494657393
"2561",2020-12-12,"04","1  day ahead inc hosp",2020-12-13,"quantile",0.3,218.984371754742
"2562",2020-12-12,"04","1  day ahead inc hosp",2020-12-13,"quantile",0.35,222.226602822361
"2563",2020-12-12,"04","1  day ahead inc hosp",2020-12-13,"quantile",0.4,225.303163047064
"2564",2020-12-12,"04","1  day ahead inc hosp",2020-12-13,"quantile",0.45,228.279770669206
"2565",2020-12-12,"04","1  day ahead inc hosp",2020-12-13,"quantile",0.5,231.209185302072
"2566",2020-12-12,"04","1  day ahead inc hosp",2020-12-13,"quantile",0.55,234.138599934939
"2567",2020-12-12,"04","1  day ahead inc hosp",2020-12-13,"quantile",0.6,237.11520755708
"2568",2020-12-12,"04","1  day ahead inc hosp",2020-12-13,"quantile",0.65,240.191767781783
"2569",2020-12-12,"04","1  day ahead inc hosp",2020-12-13,"quantile",0.7,243.433998849402
"2570",2020-12-12,"04","1  day ahead inc hosp",2020-12-13,"quantile",0.75,246.932875946751
"2571",2020-12-12,"04","1  day ahead inc hosp",2020-12-13,"quantile",0.8,250.829041516116
"2572",2020-12-12,"04","1  day ahead inc hosp",2020-12-13,"quantile",0.85,255.370498332372
"2573",2020-12-12,"04","1  day ahead inc hosp",2020-12-13,"quantile",0.9,261.084688015004
"2574",2020-12-12,"04","1  day ahead inc hosp",2020-12-13,"quantile",0.95,269.553977907808
"2575",2020-12-12,"04","1  day ahead inc hosp",2020-12-13,"quantile",0.975,276.899823830918
"2576",2020-12-12,"04","1  day ahead inc hosp",2020-12-13,"quantile",0.99,285.440957234398
"2577",2020-12-12,"04","2  day ahead inc hosp",2020-12-14,"quantile",0.01,182.491582477554
"2578",2020-12-12,"04","2  day ahead inc hosp",2020-12-14,"quantile",0.025,191.925215367382
"2579",2020-12-12,"04","2  day ahead inc hosp",2020-12-14,"quantile",0.05,200.038660086044
"2580",2020-12-12,"04","2  day ahead inc hosp",2020-12-14,"quantile",0.1,209.392942230108
"2581",2020-12-12,"04","2  day ahead inc hosp",2020-12-14,"quantile",0.15,215.704231983154
"2582",2020-12-12,"04","2  day ahead inc hosp",2020-12-14,"quantile",0.2,220.720245006919
"2583",2020-12-12,"04","2  day ahead inc hosp",2020-12-14,"quantile",0.25,225.02353754704
"2584",2020-12-12,"04","2  day ahead inc hosp",2020-12-14,"quantile",0.3,228.888027246916
"2585",2020-12-12,"04","2  day ahead inc hosp",2020-12-14,"quantile",0.35,232.469052877946
"2586",2020-12-12,"04","2  day ahead inc hosp",2020-12-14,"quantile",0.4,235.867096012534
"2587",2020-12-12,"04","2  day ahead inc hosp",2020-12-14,"quantile",0.45,239.154742070481
"2588",2020-12-12,"04","2  day ahead inc hosp",2020-12-14,"quantile",0.5,242.390263742264
"2589",2020-12-12,"04","2  day ahead inc hosp",2020-12-14,"quantile",0.55,245.625785414048
"2590",2020-12-12,"04","2  day ahead inc hosp",2020-12-14,"quantile",0.6,248.913431471994
"2591",2020-12-12,"04","2  day ahead inc hosp",2020-12-14,"quantile",0.65,252.311474606582
"2592",2020-12-12,"04","2  day ahead inc hosp",2020-12-14,"quantile",0.7,255.892500237612
"2593",2020-12-12,"04","2  day ahead inc hosp",2020-12-14,"quantile",0.75,259.756989937488
"2594",2020-12-12,"04","2  day ahead inc hosp",2020-12-14,"quantile",0.8,264.06028247761
"2595",2020-12-12,"04","2  day ahead inc hosp",2020-12-14,"quantile",0.85,269.076295501374
"2596",2020-12-12,"04","2  day ahead inc hosp",2020-12-14,"quantile",0.9,275.38758525442
"2597",2020-12-12,"04","2  day ahead inc hosp",2020-12-14,"quantile",0.95,284.741867398484
"2598",2020-12-12,"04","2  day ahead inc hosp",2020-12-14,"quantile",0.975,292.855312117146
"2599",2020-12-12,"04","2  day ahead inc hosp",2020-12-14,"quantile",0.99,302.288945006974
"2600",2020-12-12,"04","3  day ahead inc hosp",2020-12-15,"quantile",0.01,187.3196809945
"2601",2020-12-12,"04","3  day ahead inc hosp",2020-12-15,"quantile",0.025,197.505208817195
"2602",2020-12-12,"04","3  day ahead inc hosp",2020-12-15,"quantile",0.05,206.265324658563
"2603",2020-12-12,"04","3  day ahead inc hosp",2020-12-15,"quantile",0.1,216.365177191774
"2604",2020-12-12,"04","3  day ahead inc hosp",2020-12-15,"quantile",0.15,223.179499746773
"2605",2020-12-12,"04","3  day ahead inc hosp",2020-12-15,"quantile",0.2,228.595307295066
"2606",2020-12-12,"04","3  day ahead inc hosp",2020-12-15,"quantile",0.25,233.241587938853
"2607",2020-12-12,"04","3  day ahead inc hosp",2020-12-15,"quantile",0.3,237.414091556314
"2608",2020-12-12,"04","3  day ahead inc hosp",2020-12-15,"quantile",0.35,241.280537985237
"2609",2020-12-12,"04","3  day ahead inc hosp",2020-12-15,"quantile",0.4,244.949417545664
"2610",2020-12-12,"04","3  day ahead inc hosp",2020-12-15,"quantile",0.45,248.499100979975
"2611",2020-12-12,"04","3  day ahead inc hosp",2020-12-15,"quantile",0.5,251.992505524518
"2612",2020-12-12,"04","3  day ahead inc hosp",2020-12-15,"quantile",0.55,255.485910069062
"2613",2020-12-12,"04","3  day ahead inc hosp",2020-12-15,"quantile",0.6,259.035593503373
"2614",2020-12-12,"04","3  day ahead inc hosp",2020-12-15,"quantile",0.65,262.7044730638
"2615",2020-12-12,"04","3  day ahead inc hosp",2020-12-15,"quantile",0.7,266.570919492723
"2616",2020-12-12,"04","3  day ahead inc hosp",2020-12-15,"quantile",0.75,270.743423110184
"2617",2020-12-12,"04","3  day ahead inc hosp",2020-12-15,"quantile",0.8,275.389703753971
"2618",2020-12-12,"04","3  day ahead inc hosp",2020-12-15,"quantile",0.85,280.805511302264
"2619",2020-12-12,"04","3  day ahead inc hosp",2020-12-15,"quantile",0.9,287.619833857263
"2620",2020-12-12,"04","3  day ahead inc hosp",2020-12-15,"quantile",0.95,297.719686390474
"2621",2020-12-12,"04","3  day ahead inc hosp",2020-12-15,"quantile",0.975,306.479802231842
"2622",2020-12-12,"04","3  day ahead inc hosp",2020-12-15,"quantile",0.99,316.665330054537
"2623",2020-12-12,"04","4  day ahead inc hosp",2020-12-16,"quantile",0.01,191.723501393425
"2624",2020-12-12,"04","4  day ahead inc hosp",2020-12-16,"quantile",0.025,202.703589186023
"2625",2020-12-12,"04","4  day ahead inc hosp",2020-12-16,"quantile",0.05,212.147070435686
"2626",2020-12-12,"04","4  day ahead inc hosp",2020-12-16,"quantile",0.1,223.034799519283
"2627",2020-12-12,"04","4  day ahead inc hosp",2020-12-16,"quantile",0.15,230.380698642376
"2628",2020-12-12,"04","4  day ahead inc hosp",2020-12-16,"quantile",0.2,236.21898639567
"2629",2020-12-12,"04","4  day ahead inc hosp",2020-12-16,"quantile",0.25,241.227717436997
"2630",2020-12-12,"04","4  day ahead inc hosp",2020-12-16,"quantile",0.3,245.725712713449
"2631",2020-12-12,"04","4  day ahead inc hosp",2020-12-16,"quantile",0.35,249.893775672381
"2632",2020-12-12,"04","4  day ahead inc hosp",2020-12-16,"quantile",0.4,253.848859824642
"2633",2020-12-12,"04","4  day ahead inc hosp",2020-12-16,"quantile",0.45,257.675449513771
"2634",2020-12-12,"04","4  day ahead inc hosp",2020-12-16,"quantile",0.5,261.441370069079
"2635",2020-12-12,"04","4  day ahead inc hosp",2020-12-16,"quantile",0.55,265.207290624387
"2636",2020-12-12,"04","4  day ahead inc hosp",2020-12-16,"quantile",0.6,269.033880313516
"2637",2020-12-12,"04","4  day ahead inc hosp",2020-12-16,"quantile",0.65,272.988964465777
"2638",2020-12-12,"04","4  day ahead inc hosp",2020-12-16,"quantile",0.7,277.15702742471
"2639",2020-12-12,"04","4  day ahead inc hosp",2020-12-16,"quantile",0.75,281.655022701162
"2640",2020-12-12,"04","4  day ahead inc hosp",2020-12-16,"quantile",0.8,286.663753742489
"2641",2020-12-12,"04","4  day ahead inc hosp",2020-12-16,"quantile",0.85,292.502041495782
"2642",2020-12-12,"04","4  day ahead inc hosp",2020-12-16,"quantile",0.9,299.847940618875
"2643",2020-12-12,"04","4  day ahead inc hosp",2020-12-16,"quantile",0.95,310.735669702472
"2644",2020-12-12,"04","4  day ahead inc hosp",2020-12-16,"quantile",0.975,320.179150952136
"2645",2020-12-12,"04","4  day ahead inc hosp",2020-12-16,"quantile",0.99,331.159238744734
"2646",2020-12-12,"04","5  day ahead inc hosp",2020-12-17,"quantile",0.01,195.762728865604
"2647",2020-12-12,"04","5  day ahead inc hosp",2020-12-17,"quantile",0.025,207.592450882799
"2648",2020-12-12,"04","5  day ahead inc hosp",2020-12-17,"quantile",0.05,217.766664438125
"2649",2020-12-12,"04","5  day ahead inc hosp",2020-12-17,"quantile",0.1,229.496881071211
"2650",2020-12-12,"04","5  day ahead inc hosp",2020-12-17,"quantile",0.15,237.411202544226
"2651",2020-12-12,"04","5  day ahead inc hosp",2020-12-17,"quantile",0.2,243.701254361882
"2652",2020-12-12,"04","5  day ahead inc hosp",2020-12-17,"quantile",0.25,249.097558744598
"2653",2020-12-12,"04","5  day ahead inc hosp",2020-12-17,"quantile",0.3,253.943606860074
"2654",2020-12-12,"04","5  day ahead inc hosp",2020-12-17,"quantile",0.35,258.434192644605
"2655",2020-12-12,"04","5  day ahead inc hosp",2020-12-17,"quantile",0.4,262.695319418782
"2656",2020-12-12,"04","5  day ahead inc hosp",2020-12-17,"quantile",0.45,266.818008886418
"2657",2020-12-12,"04","5  day ahead inc hosp",2020-12-17,"quantile",0.5,270.875334670113
"2658",2020-12-12,"04","5  day ahead inc hosp",2020-12-17,"quantile",0.55,274.932660453807
"2659",2020-12-12,"04","5  day ahead inc hosp",2020-12-17,"quantile",0.6,279.055349921443
"2660",2020-12-12,"04","5  day ahead inc hosp",2020-12-17,"quantile",0.65,283.316476695621
"2661",2020-12-12,"04","5  day ahead inc hosp",2020-12-17,"quantile",0.7,287.807062480151
"2662",2020-12-12,"04","5  day ahead inc hosp",2020-12-17,"quantile",0.75,292.653110595627
"2663",2020-12-12,"04","5  day ahead inc hosp",2020-12-17,"quantile",0.8,298.049414978343
"2664",2020-12-12,"04","5  day ahead inc hosp",2020-12-17,"quantile",0.85,304.339466795999
"2665",2020-12-12,"04","5  day ahead inc hosp",2020-12-17,"quantile",0.9,312.253788269014
"2666",2020-12-12,"04","5  day ahead inc hosp",2020-12-17,"quantile",0.95,323.984004902101
"2667",2020-12-12,"04","5  day ahead inc hosp",2020-12-17,"quantile",0.975,334.158218457426
"2668",2020-12-12,"04","5  day ahead inc hosp",2020-12-17,"quantile",0.99,345.987940474621
"2669",2020-12-12,"04","6  day ahead inc hosp",2020-12-18,"quantile",0.01,199.466121418675
"2670",2020-12-12,"04","6  day ahead inc hosp",2020-12-18,"quantile",0.025,212.198141398803
"2671",2020-12-12,"04","6  day ahead inc hosp",2020-12-18,"quantile",0.05,223.148380980105
"2672",2020-12-12,"04","6  day ahead inc hosp",2020-12-18,"quantile",0.1,235.773305921419
"2673",2020-12-12,"04","6  day ahead inc hosp",2020-12-18,"quantile",0.15,244.291282842357
"2674",2020-12-12,"04","6  day ahead inc hosp",2020-12-18,"quantile",0.2,251.061100873756
"2675",2020-12-12,"04","6  day ahead inc hosp",2020-12-18,"quantile",0.25,256.869001948668
"2676",2020-12-12,"04","6  day ahead inc hosp",2020-12-18,"quantile",0.3,262.084676614669
"2677",2020-12-12,"04","6  day ahead inc hosp",2020-12-18,"quantile",0.35,266.917776483627
"2678",2020-12-12,"04","6  day ahead inc hosp",2020-12-18,"quantile",0.4,271.503915629402
"2679",2020-12-12,"04","6  day ahead inc hosp",2020-12-18,"quantile",0.45,275.941058327895
"2680",2020-12-12,"04","6  day ahead inc hosp",2020-12-18,"quantile",0.5,280.307851805274
"2681",2020-12-12,"04","6  day ahead inc hosp",2020-12-18,"quantile",0.55,284.674645282652
"2682",2020-12-12,"04","6  day ahead inc hosp",2020-12-18,"quantile",0.6,289.111787981145
"2683",2020-12-12,"04","6  day ahead inc hosp",2020-12-18,"quantile",0.65,293.69792712692
"2684",2020-12-12,"04","6  day ahead inc hosp",2020-12-18,"quantile",0.7,298.531026995879
"2685",2020-12-12,"04","6  day ahead inc hosp",2020-12-18,"quantile",0.75,303.746701661879
"2686",2020-12-12,"04","6  day ahead inc hosp",2020-12-18,"quantile",0.8,309.554602736791
"2687",2020-12-12,"04","6  day ahead inc hosp",2020-12-18,"quantile",0.85,316.32442076819
"2688",2020-12-12,"04","6  day ahead inc hosp",2020-12-18,"quantile",0.9,324.842397689129
"2689",2020-12-12,"04","6  day ahead inc hosp",2020-12-18,"quantile",0.95,337.467322630442
"2690",2020-12-12,"04","6  day ahead inc hosp",2020-12-18,"quantile",0.975,348.417562211745
"2691",2020-12-12,"04","6  day ahead inc hosp",2020-12-18,"quantile",0.99,361.149582191872
"2692",2020-12-12,"04","7  day ahead inc hosp",2020-12-19,"quantile",0.01,202.856952225188
"2693",2020-12-12,"04","7  day ahead inc hosp",2020-12-19,"quantile",0.025,216.540474361041
"2694",2020-12-12,"04","7  day ahead inc hosp",2020-12-19,"quantile",0.05,228.309058288612
"2695",2020-12-12,"04","7  day ahead inc hosp",2020-12-19,"quantile",0.1,241.877481851219
"2696",2020-12-12,"04","7  day ahead inc hosp",2020-12-19,"quantile",0.15,251.032032812674
"2697",2020-12-12,"04","7  day ahead inc hosp",2020-12-19,"quantile",0.2,258.307779711668
"2698",2020-12-12,"04","7  day ahead inc hosp",2020-12-19,"quantile",0.25,264.549722706216
"2699",2020-12-12,"04","7  day ahead inc hosp",2020-12-19,"quantile",0.3,270.155180430679
"2700",2020-12-12,"04","7  day ahead inc hosp",2020-12-19,"quantile",0.35,275.349472392591
"2701",2020-12-12,"04","7  day ahead inc hosp",2020-12-19,"quantile",0.4,280.278347513527
"2702",2020-12-12,"04","7  day ahead inc hosp",2020-12-19,"quantile",0.45,285.04709123444
"2703",2020-12-12,"04","7  day ahead inc hosp",2020-12-19,"quantile",0.5,289.740228325308
"2704",2020-12-12,"04","7  day ahead inc hosp",2020-12-19,"quantile",0.55,294.433365416175
"2705",2020-12-12,"04","7  day ahead inc hosp",2020-12-19,"quantile",0.6,299.202109137088
"2706",2020-12-12,"04","7  day ahead inc hosp",2020-12-19,"quantile",0.65,304.130984258024
"2707",2020-12-12,"04","7  day ahead inc hosp",2020-12-19,"quantile",0.7,309.325276219936
"2708",2020-12-12,"04","7  day ahead inc hosp",2020-12-19,"quantile",0.75,314.930733944399
"2709",2020-12-12,"04","7  day ahead inc hosp",2020-12-19,"quantile",0.8,321.172676938948
"2710",2020-12-12,"04","7  day ahead inc hosp",2020-12-19,"quantile",0.85,328.448423837941
"2711",2020-12-12,"04","7  day ahead inc hosp",2020-12-19,"quantile",0.9,337.602974799397
"2712",2020-12-12,"04","7  day ahead inc hosp",2020-12-19,"quantile",0.95,351.171398362003
"2713",2020-12-12,"04","7  day ahead inc hosp",2020-12-19,"quantile",0.975,362.939982289575
"2714",2020-12-12,"04","7  day ahead inc hosp",2020-12-19,"quantile",0.99,376.623504425428
"2715",2020-12-12,"04","8  day ahead inc hosp",2020-12-20,"quantile",0.01,208.895723215667
"2716",2020-12-12,"04","8  day ahead inc hosp",2020-12-20,"quantile",0.025,223.576767263616
"2717",2020-12-12,"04","8  day ahead inc hosp",2020-12-20,"quantile",0.05,236.203275066746
"2718",2020-12-12,"04","8  day ahead inc hosp",2020-12-20,"quantile",0.1,250.760829913092
"2719",2020-12-12,"04","8  day ahead inc hosp",2020-12-20,"quantile",0.15,260.582743055774
"2720",2020-12-12,"04","8  day ahead inc hosp",2020-12-20,"quantile",0.2,268.388888260595
"2721",2020-12-12,"04","8  day ahead inc hosp",2020-12-20,"quantile",0.25,275.085865773983
"2722",2020-12-12,"04","8  day ahead inc hosp",2020-12-20,"quantile",0.3,281.099958559797
"2723",2020-12-12,"04","8  day ahead inc hosp",2020-12-20,"quantile",0.35,286.672911804848
"2724",2020-12-12,"04","8  day ahead inc hosp",2020-12-20,"quantile",0.4,291.961099454116
"2725",2020-12-12,"04","8  day ahead inc hosp",2020-12-20,"quantile",0.45,297.07748220448
"2726",2020-12-12,"04","8  day ahead inc hosp",2020-12-20,"quantile",0.5,302.112746639326
"2727",2020-12-12,"04","8  day ahead inc hosp",2020-12-20,"quantile",0.55,307.148011074173
"2728",2020-12-12,"04","8  day ahead inc hosp",2020-12-20,"quantile",0.6,312.264393824537
"2729",2020-12-12,"04","8  day ahead inc hosp",2020-12-20,"quantile",0.65,317.552581473804
"2730",2020-12-12,"04","8  day ahead inc hosp",2020-12-20,"quantile",0.7,323.125534718856
"2731",2020-12-12,"04","8  day ahead inc hosp",2020-12-20,"quantile",0.75,329.13962750467
"2732",2020-12-12,"04","8  day ahead inc hosp",2020-12-20,"quantile",0.8,335.836605018058
"2733",2020-12-12,"04","8  day ahead inc hosp",2020-12-20,"quantile",0.85,343.642750222879
"2734",2020-12-12,"04","8  day ahead inc hosp",2020-12-20,"quantile",0.9,353.464663365561
"2735",2020-12-12,"04","8  day ahead inc hosp",2020-12-20,"quantile",0.95,368.022218211906
"2736",2020-12-12,"04","8  day ahead inc hosp",2020-12-20,"quantile",0.975,380.648726015037
"2737",2020-12-12,"04","8  day ahead inc hosp",2020-12-20,"quantile",0.99,395.329770062986
"2738",2020-12-12,"04","9  day ahead inc hosp",2020-12-21,"quantile",0.01,211.719975687173
"2739",2020-12-12,"04","9  day ahead inc hosp",2020-12-21,"quantile",0.025,227.441751745651
"2740",2020-12-12,"04","9  day ahead inc hosp",2020-12-21,"quantile",0.05,240.963346492802
"2741",2020-12-12,"04","9  day ahead inc hosp",2020-12-21,"quantile",0.1,256.552879260754
"2742",2020-12-12,"04","9  day ahead inc hosp",2020-12-21,"quantile",0.15,267.071063007819
"2743",2020-12-12,"04","9  day ahead inc hosp",2020-12-21,"quantile",0.2,275.430582016775
"2744",2020-12-12,"04","9  day ahead inc hosp",2020-12-21,"quantile",0.25,282.602304980773
"2745",2020-12-12,"04","9  day ahead inc hosp",2020-12-21,"quantile",0.3,289.04273385386
"2746",2020-12-12,"04","9  day ahead inc hosp",2020-12-21,"quantile",0.35,295.010751020549
"2747",2020-12-12,"04","9  day ahead inc hosp",2020-12-21,"quantile",0.4,300.673815698065
"2748",2020-12-12,"04","9  day ahead inc hosp",2020-12-21,"quantile",0.45,306.152896311675
"2749",2020-12-12,"04","9  day ahead inc hosp",2020-12-21,"quantile",0.5,311.545108172175
"2750",2020-12-12,"04","9  day ahead inc hosp",2020-12-21,"quantile",0.55,316.937320032675
"2751",2020-12-12,"04","9  day ahead inc hosp",2020-12-21,"quantile",0.6,322.416400646285
"2752",2020-12-12,"04","9  day ahead inc hosp",2020-12-21,"quantile",0.65,328.079465323802
"2753",2020-12-12,"04","9  day ahead inc hosp",2020-12-21,"quantile",0.7,334.04748249049
"2754",2020-12-12,"04","9  day ahead inc hosp",2020-12-21,"quantile",0.75,340.487911363577
"2755",2020-12-12,"04","9  day ahead inc hosp",2020-12-21,"quantile",0.8,347.659634327575
"2756",2020-12-12,"04","9  day ahead inc hosp",2020-12-21,"quantile",0.85,356.019153336532
"2757",2020-12-12,"04","9  day ahead inc hosp",2020-12-21,"quantile",0.9,366.537337083596
"2758",2020-12-12,"04","9  day ahead inc hosp",2020-12-21,"quantile",0.95,382.126869851548
"2759",2020-12-12,"04","9  day ahead inc hosp",2020-12-21,"quantile",0.975,395.648464598699
"2760",2020-12-12,"04","9  day ahead inc hosp",2020-12-21,"quantile",0.99,411.370240657177
"2761",2020-12-12,"04","10  day ahead inc hosp",2020-12-22,"quantile",0.01,214.285503880904
"2762",2020-12-12,"04","10  day ahead inc hosp",2020-12-22,"quantile",0.025,231.088759234968
"2763",2020-12-12,"04","10  day ahead inc hosp",2020-12-22,"quantile",0.05,245.540485839231
"2764",2020-12-12,"04","10  day ahead inc hosp",2020-12-22,"quantile",0.1,262.20240106917
"2765",2020-12-12,"04","10  day ahead inc hosp",2020-12-22,"quantile",0.15,273.444116172191
"2766",2020-12-12,"04","10  day ahead inc hosp",2020-12-22,"quantile",0.2,282.378674966451
"2767",2020-12-12,"04","10  day ahead inc hosp",2020-12-22,"quantile",0.25,290.043730863726
"2768",2020-12-12,"04","10  day ahead inc hosp",2020-12-22,"quantile",0.3,296.92718795799
"2769",2020-12-12,"04","10  day ahead inc hosp",2020-12-22,"quantile",0.35,303.305736796003
"2770",2020-12-12,"04","10  day ahead inc hosp",2020-12-22,"quantile",0.4,309.358355883627
"2771",2020-12-12,"04","10  day ahead inc hosp",2020-12-22,"quantile",0.45,315.214334897293
"2772",2020-12-12,"04","10  day ahead inc hosp",2020-12-22,"quantile",0.5,320.977469576109
"2773",2020-12-12,"04","10  day ahead inc hosp",2020-12-22,"quantile",0.55,326.740604254925
"2774",2020-12-12,"04","10  day ahead inc hosp",2020-12-22,"quantile",0.6,332.596583268591
"2775",2020-12-12,"04","10  day ahead inc hosp",2020-12-22,"quantile",0.65,338.649202356215
"2776",2020-12-12,"04","10  day ahead inc hosp",2020-12-22,"quantile",0.7,345.027751194228
"2777",2020-12-12,"04","10  day ahead inc hosp",2020-12-22,"quantile",0.75,351.911208288492
"2778",2020-12-12,"04","10  day ahead inc hosp",2020-12-22,"quantile",0.8,359.576264185767
"2779",2020-12-12,"04","10  day ahead inc hosp",2020-12-22,"quantile",0.85,368.510822980027
"2780",2020-12-12,"04","10  day ahead inc hosp",2020-12-22,"quantile",0.9,379.752538083047
"2781",2020-12-12,"04","10  day ahead inc hosp",2020-12-22,"quantile",0.95,396.414453312987
"2782",2020-12-12,"04","10  day ahead inc hosp",2020-12-22,"quantile",0.975,410.86617991725
"2783",2020-12-12,"04","10  day ahead inc hosp",2020-12-22,"quantile",0.99,427.669435271314
"2784",2020-12-12,"04","11  day ahead inc hosp",2020-12-23,"quantile",0.01,216.606009660551
"2785",2020-12-12,"04","11  day ahead inc hosp",2020-12-23,"quantile",0.025,234.529333663712
"2786",2020-12-12,"04","11  day ahead inc hosp",2020-12-23,"quantile",0.05,249.944381097996
"2787",2020-12-12,"04","11  day ahead inc hosp",2020-12-23,"quantile",0.1,267.716943550139
"2788",2020-12-12,"04","11  day ahead inc hosp",2020-12-23,"quantile",0.15,279.708007061171
"2789",2020-12-12,"04","11  day ahead inc hosp",2020-12-23,"quantile",0.2,289.23812421529
"2790",2020-12-12,"04","11  day ahead inc hosp",2020-12-23,"quantile",0.25,297.414116155802
"2791",2020-12-12,"04","11  day ahead inc hosp",2020-12-23,"quantile",0.3,304.756409608036
"2792",2020-12-12,"04","11  day ahead inc hosp",2020-12-23,"quantile",0.35,311.560138711994
"2793",2020-12-12,"04","11  day ahead inc hosp",2020-12-23,"quantile",0.4,318.016212293531
"2794",2020-12-12,"04","11  day ahead inc hosp",2020-12-23,"quantile",0.45,324.262538199199
"2795",2020-12-12,"04","11  day ahead inc hosp",2020-12-23,"quantile",0.5,330.409830967519
"2796",2020-12-12,"04","11  day ahead inc hosp",2020-12-23,"quantile",0.55,336.557123735839
"2797",2020-12-12,"04","11  day ahead inc hosp",2020-12-23,"quantile",0.6,342.803449641507
"2798",2020-12-12,"04","11  day ahead inc hosp",2020-12-23,"quantile",0.65,349.259523223044
"2799",2020-12-12,"04","11  day ahead inc hosp",2020-12-23,"quantile",0.7,356.063252327003
"2800",2020-12-12,"04","11  day ahead inc hosp",2020-12-23,"quantile",0.75,363.405545779237
"2801",2020-12-12,"04","11  day ahead inc hosp",2020-12-23,"quantile",0.8,371.581537719749
"2802",2020-12-12,"04","11  day ahead inc hosp",2020-12-23,"quantile",0.85,381.111654873868
"2803",2020-12-12,"04","11  day ahead inc hosp",2020-12-23,"quantile",0.9,393.102718384899
"2804",2020-12-12,"04","11  day ahead inc hosp",2020-12-23,"quantile",0.95,410.875280837042
"2805",2020-12-12,"04","11  day ahead inc hosp",2020-12-23,"quantile",0.975,426.290328271326
"2806",2020-12-12,"04","11  day ahead inc hosp",2020-12-23,"quantile",0.99,444.213652274488
"2807",2020-12-12,"04","12  day ahead inc hosp",2020-12-24,"quantile",0.01,218.693521108257
"2808",2020-12-12,"04","12  day ahead inc hosp",2020-12-24,"quantile",0.025,237.773608775081
"2809",2020-12-12,"04","12  day ahead inc hosp",2020-12-24,"quantile",0.05,254.183536776299
"2810",2020-12-12,"04","12  day ahead inc hosp",2020-12-24,"quantile",0.1,273.103132806096
"2811",2020-12-12,"04","12  day ahead inc hosp",2020-12-24,"quantile",0.15,285.868094426417
"2812",2020-12-12,"04","12  day ahead inc hosp",2020-12-24,"quantile",0.2,296.01328126473
"2813",2020-12-12,"04","12  day ahead inc hosp",2020-12-24,"quantile",0.25,304.716948227437
"2814",2020-12-12,"04","12  day ahead inc hosp",2020-12-24,"quantile",0.3,312.533110158084
"2815",2020-12-12,"04","12  day ahead inc hosp",2020-12-24,"quantile",0.35,319.775949027814
"2816",2020-12-12,"04","12  day ahead inc hosp",2020-12-24,"quantile",0.4,326.648694836429
"2817",2020-12-12,"04","12  day ahead inc hosp",2020-12-24,"quantile",0.45,333.298155943904
"2818",2020-12-12,"04","12  day ahead inc hosp",2020-12-24,"quantile",0.5,339.842192357713
"2819",2020-12-12,"04","12  day ahead inc hosp",2020-12-24,"quantile",0.55,346.386228771521
"2820",2020-12-12,"04","12  day ahead inc hosp",2020-12-24,"quantile",0.6,353.035689878996
"2821",2020-12-12,"04","12  day ahead inc hosp",2020-12-24,"quantile",0.65,359.908435687612
"2822",2020-12-12,"04","12  day ahead inc hosp",2020-12-24,"quantile",0.7,367.151274557341
"2823",2020-12-12,"04","12  day ahead inc hosp",2020-12-24,"quantile",0.75,374.967436487989
"2824",2020-12-12,"04","12  day ahead inc hosp",2020-12-24,"quantile",0.8,383.671103450696
"2825",2020-12-12,"04","12  day ahead inc hosp",2020-12-24,"quantile",0.85,393.816290289009
"2826",2020-12-12,"04","12  day ahead inc hosp",2020-12-24,"quantile",0.9,406.581251909329
"2827",2020-12-12,"04","12  day ahead inc hosp",2020-12-24,"quantile",0.95,425.500847939127
"2828",2020-12-12,"04","12  day ahead inc hosp",2020-12-24,"quantile",0.975,441.910775940345
"2829",2020-12-12,"04","12  day ahead inc hosp",2020-12-24,"quantile",0.99,460.990863607168
"2830",2020-12-12,"04","13  day ahead inc hosp",2020-12-25,"quantile",0.01,220.558630816034
"2831",2020-12-12,"04","13  day ahead inc hosp",2020-12-25,"quantile",0.025,240.830508900417
"2832",2020-12-12,"04","13  day ahead inc hosp",2020-12-25,"quantile",0.05,258.265442409272
"2833",2020-12-12,"04","13  day ahead inc hosp",2020-12-25,"quantile",0.1,278.366804144036
"2834",2020-12-12,"04","13  day ahead inc hosp",2020-12-25,"quantile",0.15,291.929097475053
"2835",2020-12-12,"04","13  day ahead inc hosp",2020-12-25,"quantile",0.2,302.707978281097
"2836",2020-12-12,"04","13  day ahead inc hosp",2020-12-25,"quantile",0.25,311.955298242937
"2837",2020-12-12,"04","13  day ahead inc hosp",2020-12-25,"quantile",0.3,320.259677369108
"2838",2020-12-12,"04","13  day ahead inc hosp",2020-12-25,"quantile",0.35,327.954922229397
"2839",2020-12-12,"04","13  day ahead inc hosp",2020-12-25,"quantile",0.4,335.256957082175
"2840",2020-12-12,"04","13  day ahead inc hosp",2020-12-25,"quantile",0.45,342.321760307999
"2841",2020-12-12,"04","13  day ahead inc hosp",2020-12-25,"quantile",0.5,349.274553747788
"2842",2020-12-12,"04","13  day ahead inc hosp",2020-12-25,"quantile",0.55,356.227347187577
"2843",2020-12-12,"04","13  day ahead inc hosp",2020-12-25,"quantile",0.6,363.292150413401
"2844",2020-12-12,"04","13  day ahead inc hosp",2020-12-25,"quantile",0.65,370.59418526618
"2845",2020-12-12,"04","13  day ahead inc hosp",2020-12-25,"quantile",0.7,378.289430126469
"2846",2020-12-12,"04","13  day ahead inc hosp",2020-12-25,"quantile",0.75,386.593809252639
"2847",2020-12-12,"04","13  day ahead inc hosp",2020-12-25,"quantile",0.8,395.841129214479
"2848",2020-12-12,"04","13  day ahead inc hosp",2020-12-25,"quantile",0.85,406.620010020523
"2849",2020-12-12,"04","13  day ahead inc hosp",2020-12-25,"quantile",0.9,420.18230335154
"2850",2020-12-12,"04","13  day ahead inc hosp",2020-12-25,"quantile",0.95,440.283665086304
"2851",2020-12-12,"04","13  day ahead inc hosp",2020-12-25,"quantile",0.975,457.71859859516
"2852",2020-12-12,"04","13  day ahead inc hosp",2020-12-25,"quantile",0.99,477.990476679543
"2853",2020-12-12,"04","14  day ahead inc hosp",2020-12-26,"quantile",0.01,222.210704846643
"2854",2020-12-12,"04","14  day ahead inc hosp",2020-12-26,"quantile",0.025,243.707925011632
"2855",2020-12-12,"04","14  day ahead inc hosp",2020-12-26,"quantile",0.05,262.196720309319
"2856",2020-12-12,"04","14  day ahead inc hosp",2020-12-26,"quantile",0.1,283.513117193197
"2857",2020-12-12,"04","14  day ahead inc hosp",2020-12-26,"quantile",0.15,297.895188970929
"2858",2020-12-12,"04","14  day ahead inc hosp",2020-12-26,"quantile",0.2,309.325603698917
"2859",2020-12-12,"04","14  day ahead inc hosp",2020-12-26,"quantile",0.25,319.131881752104
"2860",2020-12-12,"04","14  day ahead inc hosp",2020-12-26,"quantile",0.3,327.938222519631
"2861",2020-12-12,"04","14  day ahead inc hosp",2020-12-26,"quantile",0.35,336.098609647875
"2862",2020-12-12,"04","14  day ahead inc hosp",2020-12-26,"quantile",0.4,343.842019026581
"2863",2020-12-12,"04","14  day ahead inc hosp",2020-12-26,"quantile",0.45,351.333857214226
"2864",2020-12-12,"04","14  day ahead inc hosp",2020-12-26,"quantile",0.5,358.706915137852
"2865",2020-12-12,"04","14  day ahead inc hosp",2020-12-26,"quantile",0.55,366.079973061478
"2866",2020-12-12,"04","14  day ahead inc hosp",2020-12-26,"quantile",0.6,373.571811249123
"2867",2020-12-12,"04","14  day ahead inc hosp",2020-12-26,"quantile",0.65,381.315220627829
"2868",2020-12-12,"04","14  day ahead inc hosp",2020-12-26,"quantile",0.7,389.475607756073
"2869",2020-12-12,"04","14  day ahead inc hosp",2020-12-26,"quantile",0.75,398.2819485236
"2870",2020-12-12,"04","14  day ahead inc hosp",2020-12-26,"quantile",0.8,408.088226576787
"2871",2020-12-12,"04","14  day ahead inc hosp",2020-12-26,"quantile",0.85,419.518641304775
"2872",2020-12-12,"04","14  day ahead inc hosp",2020-12-26,"quantile",0.9,433.900713082507
"2873",2020-12-12,"04","14  day ahead inc hosp",2020-12-26,"quantile",0.95,455.217109966386
"2874",2020-12-12,"04","14  day ahead inc hosp",2020-12-26,"quantile",0.975,473.705905264072
"2875",2020-12-12,"04","14  day ahead inc hosp",2020-12-26,"quantile",0.99,495.203125429061
"2876",2020-12-12,"04","15  day ahead inc hosp",2020-12-27,"quantile",0.01,252.23530111634
"2877",2020-12-12,"04","15  day ahead inc hosp",2020-12-27,"quantile",0.025,274.990104808122
"2878",2020-12-12,"04","15  day ahead inc hosp",2020-12-27,"quantile",0.05,294.560491317051
"2879",2020-12-12,"04","15  day ahead inc hosp",2020-12-27,"quantile",0.1,317.123893598186
"2880",2020-12-12,"04","15  day ahead inc hosp",2020-12-27,"quantile",0.15,332.347313997275
"2881",2020-12-12,"04","15  day ahead inc hosp",2020-12-27,"quantile",0.2,344.446405938224
"2882",2020-12-12,"04","15  day ahead inc hosp",2020-12-27,"quantile",0.25,354.826349499983
"2883",2020-12-12,"04","15  day ahead inc hosp",2020-12-27,"quantile",0.3,364.147859624086
"2884",2020-12-12,"04","15  day ahead inc hosp",2020-12-27,"quantile",0.35,372.785627936779
"2885",2020-12-12,"04","15  day ahead inc hosp",2020-12-27,"quantile",0.4,380.98202537632
"2886",2020-12-12,"04","15  day ahead inc hosp",2020-12-27,"quantile",0.45,388.912134755211
"2887",2020-12-12,"04","15  day ahead inc hosp",2020-12-27,"quantile",0.5,396.716515245925
"2888",2020-12-12,"04","15  day ahead inc hosp",2020-12-27,"quantile",0.55,404.52089573664
"2889",2020-12-12,"04","15  day ahead inc hosp",2020-12-27,"quantile",0.6,412.451005115531
"2890",2020-12-12,"04","15  day ahead inc hosp",2020-12-27,"quantile",0.65,420.647402555072
"2891",2020-12-12,"04","15  day ahead inc hosp",2020-12-27,"quantile",0.7,429.285170867765
"2892",2020-12-12,"04","15  day ahead inc hosp",2020-12-27,"quantile",0.75,438.606680991867
"2893",2020-12-12,"04","15  day ahead inc hosp",2020-12-27,"quantile",0.8,448.986624553627
"2894",2020-12-12,"04","15  day ahead inc hosp",2020-12-27,"quantile",0.85,461.085716494575
"2895",2020-12-12,"04","15  day ahead inc hosp",2020-12-27,"quantile",0.9,476.309136893665
"2896",2020-12-12,"04","15  day ahead inc hosp",2020-12-27,"quantile",0.95,498.872539174799
"2897",2020-12-12,"04","15  day ahead inc hosp",2020-12-27,"quantile",0.975,518.442925683729
"2898",2020-12-12,"04","15  day ahead inc hosp",2020-12-27,"quantile",0.99,541.197729375511
"2899",2020-12-12,"04","16  day ahead inc hosp",2020-12-28,"quantile",0.01,253.485367173354
"2900",2020-12-12,"04","16  day ahead inc hosp",2020-12-28,"quantile",0.025,277.528826453846
"2901",2020-12-12,"04","16  day ahead inc hosp",2020-12-28,"quantile",0.05,298.207527861447
"2902",2020-12-12,"04","16  day ahead inc hosp",2020-12-28,"quantile",0.1,322.048746239954
"2903",2020-12-12,"04","16  day ahead inc hosp",2020-12-28,"quantile",0.15,338.134303093494
"2904",2020-12-12,"04","16  day ahead inc hosp",2020-12-28,"quantile",0.2,350.918593758159
"2905",2020-12-12,"04","16  day ahead inc hosp",2020-12-28,"quantile",0.25,361.886376813616
"2906",2020-12-12,"04","16  day ahead inc hosp",2020-12-28,"quantile",0.3,371.735784971001
"2907",2020-12-12,"04","16  day ahead inc hosp",2020-12-28,"quantile",0.35,380.862729484066
"2908",2020-12-12,"04","16  day ahead inc hosp",2020-12-28,"quantile",0.4,389.523307301114
"2909",2020-12-12,"04","16  day ahead inc hosp",2020-12-28,"quantile",0.45,397.902516567159
"2910",2020-12-12,"04","16  day ahead inc hosp",2020-12-28,"quantile",0.5,406.148876635988
"2911",2020-12-12,"04","16  day ahead inc hosp",2020-12-28,"quantile",0.55,414.395236704818
"2912",2020-12-12,"04","16  day ahead inc hosp",2020-12-28,"quantile",0.6,422.774445970862
"2913",2020-12-12,"04","16  day ahead inc hosp",2020-12-28,"quantile",0.65,431.435023787911
"2914",2020-12-12,"04","16  day ahead inc hosp",2020-12-28,"quantile",0.7,440.561968300975
"2915",2020-12-12,"04","16  day ahead inc hosp",2020-12-28,"quantile",0.75,450.411376458361
"2916",2020-12-12,"04","16  day ahead inc hosp",2020-12-28,"quantile",0.8,461.379159513818
"2917",2020-12-12,"04","16  day ahead inc hosp",2020-12-28,"quantile",0.85,474.163450178482
"2918",2020-12-12,"04","16  day ahead inc hosp",2020-12-28,"quantile",0.9,490.249007032023
"2919",2020-12-12,"04","16  day ahead inc hosp",2020-12-28,"quantile",0.95,514.090225410529
"2920",2020-12-12,"04","16  day ahead inc hosp",2020-12-28,"quantile",0.975,534.76892681813
"2921",2020-12-12,"04","16  day ahead inc hosp",2020-12-28,"quantile",0.99,558.812386098623
"2922",2020-12-12,"04","17  day ahead inc hosp",2020-12-29,"quantile",0.01,254.54480132022
"2923",2020-12-12,"04","17  day ahead inc hosp",2020-12-29,"quantile",0.025,279.906939412296
"2924",2020-12-12,"04","17  day ahead inc hosp",2020-12-29,"quantile",0.05,301.719777346557
"2925",2020-12-12,"04","17  day ahead inc hosp",2020-12-29,"quantile",0.1,326.868582505788
"2926",2020-12-12,"04","17  day ahead inc hosp",2020-12-29,"quantile",0.15,343.836361952501
"2927",2020-12-12,"04","17  day ahead inc hosp",2020-12-29,"quantile",0.2,357.321815167194
"2928",2020-12-12,"04","17  day ahead inc hosp",2020-12-29,"quantile",0.25,368.891133257878
"2929",2020-12-12,"04","17  day ahead inc hosp",2020-12-29,"quantile",0.3,379.28073846812
"2930",2020-12-12,"04","17  day ahead inc hosp",2020-12-29,"quantile",0.35,388.908256056109
"2931",2020-12-12,"04","17  day ahead inc hosp",2020-12-29,"quantile",0.4,398.043828770114
"2932",2020-12-12,"04","17  day ahead inc hosp",2020-12-29,"quantile",0.45,406.882601096035
"2933",2020-12-12,"04","17  day ahead inc hosp",2020-12-29,"quantile",0.5,415.581238026051
"2934",2020-12-12,"04","17  day ahead inc hosp",2020-12-29,"quantile",0.55,424.279874956067
"2935",2020-12-12,"04","17  day ahead inc hosp",2020-12-29,"quantile",0.6,433.118647281988
"2936",2020-12-12,"04","17  day ahead inc hosp",2020-12-29,"quantile",0.65,442.254219995993
"2937",2020-12-12,"04","17  day ahead inc hosp",2020-12-29,"quantile",0.7,451.881737583982
"2938",2020-12-12,"04","17  day ahead inc hosp",2020-12-29,"quantile",0.75,462.271342794224
"2939",2020-12-12,"04","17  day ahead inc hosp",2020-12-29,"quantile",0.8,473.840660884908
"2940",2020-12-12,"04","17  day ahead inc hosp",2020-12-29,"quantile",0.85,487.326114099601
"2941",2020-12-12,"04","17  day ahead inc hosp",2020-12-29,"quantile",0.9,504.293893546314
"2942",2020-12-12,"04","17  day ahead inc hosp",2020-12-29,"quantile",0.95,529.442698705546
"2943",2020-12-12,"04","17  day ahead inc hosp",2020-12-29,"quantile",0.975,551.255536639806
"2944",2020-12-12,"04","17  day ahead inc hosp",2020-12-29,"quantile",0.99,576.617674731882
"2945",2020-12-12,"04","18  day ahead inc hosp",2020-12-30,"quantile",0.01,255.419606065726
"2946",2020-12-12,"04","18  day ahead inc hosp",2020-12-30,"quantile",0.025,282.129500838151
"2947",2020-12-12,"04","18  day ahead inc hosp",2020-12-30,"quantile",0.05,305.101483870375
"2948",2020-12-12,"04","18  day ahead inc hosp",2020-12-30,"quantile",0.1,331.586709091397
"2949",2020-12-12,"04","18  day ahead inc hosp",2020-12-30,"quantile",0.15,349.456164809133
"2950",2020-12-12,"04","18  day ahead inc hosp",2020-12-30,"quantile",0.2,363.658241740315
"2951",2020-12-12,"04","18  day ahead inc hosp",2020-12-30,"quantile",0.25,375.842359170361
"2952",2020-12-12,"04","18  day ahead inc hosp",2020-12-30,"quantile",0.3,386.784073188522
"2953",2020-12-12,"04","18  day ahead inc hosp",2020-12-30,"quantile",0.35,396.923201867709
"2954",2020-12-12,"04","18  day ahead inc hosp",2020-12-30,"quantile",0.4,406.544243476703
"2955",2020-12-12,"04","18  day ahead inc hosp",2020-12-30,"quantile",0.45,415.852712576811
"2956",2020-12-12,"04","18  day ahead inc hosp",2020-12-30,"quantile",0.5,425.013599416114
"2957",2020-12-12,"04","18  day ahead inc hosp",2020-12-30,"quantile",0.55,434.174486255417
"2958",2020-12-12,"04","18  day ahead inc hosp",2020-12-30,"quantile",0.6,443.482955355525
"2959",2020-12-12,"04","18  day ahead inc hosp",2020-12-30,"quantile",0.65,453.103996964519
"2960",2020-12-12,"04","18  day ahead inc hosp",2020-12-30,"quantile",0.7,463.243125643706
"2961",2020-12-12,"04","18  day ahead inc hosp",2020-12-30,"quantile",0.75,474.184839661867
"2962",2020-12-12,"04","18  day ahead inc hosp",2020-12-30,"quantile",0.8,486.368957091913
"2963",2020-12-12,"04","18  day ahead inc hosp",2020-12-30,"quantile",0.85,500.571034023095
"2964",2020-12-12,"04","18  day ahead inc hosp",2020-12-30,"quantile",0.9,518.44048974083
"2965",2020-12-12,"04","18  day ahead inc hosp",2020-12-30,"quantile",0.95,544.925714961853
"2966",2020-12-12,"04","18  day ahead inc hosp",2020-12-30,"quantile",0.975,567.897697994077
"2967",2020-12-12,"04","18  day ahead inc hosp",2020-12-30,"quantile",0.99,594.607592766502
"2968",2020-12-12,"04","19  day ahead inc hosp",2020-12-31,"quantile",0.01,256.115217830962
"2969",2020-12-12,"04","19  day ahead inc hosp",2020-12-31,"quantile",0.025,284.201090953339
"2970",2020-12-12,"04","19  day ahead inc hosp",2020-12-31,"quantile",0.05,308.356491276314
"2971",2020-12-12,"04","19  day ahead inc hosp",2020-12-31,"quantile",0.1,336.206120842927
"2972",2020-12-12,"04","19  day ahead inc hosp",2020-12-31,"quantile",0.15,354.996133695108
"2973",2020-12-12,"04","19  day ahead inc hosp",2020-12-31,"quantile",0.2,369.929840254492
"2974",2020-12-12,"04","19  day ahead inc hosp",2020-12-31,"quantile",0.25,382.741630759998
"2975",2020-12-12,"04","19  day ahead inc hosp",2020-12-31,"quantile",0.3,394.247014598974
"2976",2020-12-12,"04","19  day ahead inc hosp",2020-12-31,"quantile",0.35,404.908467370742
"2977",2020-12-12,"04","19  day ahead inc hosp",2020-12-31,"quantile",0.4,415.025143465411
"2978",2020-12-12,"04","19  day ahead inc hosp",2020-12-31,"quantile",0.45,424.813144666342
"2979",2020-12-12,"04","19  day ahead inc hosp",2020-12-31,"quantile",0.5,434.445960806177
"2980",2020-12-12,"04","19  day ahead inc hosp",2020-12-31,"quantile",0.55,444.078776946012
"2981",2020-12-12,"04","19  day ahead inc hosp",2020-12-31,"quantile",0.6,453.866778146942
"2982",2020-12-12,"04","19  day ahead inc hosp",2020-12-31,"quantile",0.65,463.983454241611
"2983",2020-12-12,"04","19  day ahead inc hosp",2020-12-31,"quantile",0.7,474.64490701338
"2984",2020-12-12,"04","19  day ahead inc hosp",2020-12-31,"quantile",0.75,486.150290852356
"2985",2020-12-12,"04","19  day ahead inc hosp",2020-12-31,"quantile",0.8,498.962081357862
"2986",2020-12-12,"04","19  day ahead inc hosp",2020-12-31,"quantile",0.85,513.895787917246
"2987",2020-12-12,"04","19  day ahead inc hosp",2020-12-31,"quantile",0.9,532.685800769427
"2988",2020-12-12,"04","19  day ahead inc hosp",2020-12-31,"quantile",0.95,560.53543033604
"2989",2020-12-12,"04","19  day ahead inc hosp",2020-12-31,"quantile",0.975,584.690830659014
"2990",2020-12-12,"04","19  day ahead inc hosp",2020-12-31,"quantile",0.99,612.776703781392
"2991",2020-12-12,"04","20  day ahead inc hosp",2021-01-01,"quantile",0.01,256.63658341085
"2992",2020-12-12,"04","20  day ahead inc hosp",2021-01-01,"quantile",0.025,286.125877466394
"2993",2020-12-12,"04","20  day ahead inc hosp",2021-01-01,"quantile",0.05,311.488297215633
"2994",2020-12-12,"04","20  day ahead inc hosp",2021-01-01,"quantile",0.1,340.729542878509
"2995",2020-12-12,"04","20  day ahead inc hosp",2021-01-01,"quantile",0.15,360.458472504127
"2996",2020-12-12,"04","20  day ahead inc hosp",2021-01-01,"quantile",0.2,376.138400350772
"2997",2020-12-12,"04","20  day ahead inc hosp",2021-01-01,"quantile",0.25,389.590382275944
"2998",2020-12-12,"04","20  day ahead inc hosp",2021-01-01,"quantile",0.3,401.670677795727
"2999",2020-12-12,"04","20  day ahead inc hosp",2021-01-01,"quantile",0.35,412.864871918732
"3000",2020-12-12,"04","20  day ahead inc hosp",2021-01-01,"quantile",0.4,423.487067458834
"3001",2020-12-12,"04","20  day ahead inc hosp",2021-01-01,"quantile",0.45,433.76416457355
"3002",2020-12-12,"04","20  day ahead inc hosp",2021-01-01,"quantile",0.5,443.87832219624
"3003",2020-12-12,"04","20  day ahead inc hosp",2021-01-01,"quantile",0.55,453.992479818929
"3004",2020-12-12,"04","20  day ahead inc hosp",2021-01-01,"quantile",0.6,464.269576933645
"3005",2020-12-12,"04","20  day ahead inc hosp",2021-01-01,"quantile",0.65,474.891772473747
"3006",2020-12-12,"04","20  day ahead inc hosp",2021-01-01,"quantile",0.7,486.085966596752
"3007",2020-12-12,"04","20  day ahead inc hosp",2021-01-01,"quantile",0.75,498.166262116536
"3008",2020-12-12,"04","20  day ahead inc hosp",2021-01-01,"quantile",0.8,511.618244041708
"3009",2020-12-12,"04","20  day ahead inc hosp",2021-01-01,"quantile",0.85,527.298171888352
"3010",2020-12-12,"04","20  day ahead inc hosp",2021-01-01,"quantile",0.9,547.02710151397
"3011",2020-12-12,"04","20  day ahead inc hosp",2021-01-01,"quantile",0.95,576.268347176846
"3012",2020-12-12,"04","20  day ahead inc hosp",2021-01-01,"quantile",0.975,601.630766926085
"3013",2020-12-12,"04","20  day ahead inc hosp",2021-01-01,"quantile",0.99,631.120060981629
"3014",2020-12-12,"04","21  day ahead inc hosp",2021-01-02,"quantile",0.01,256.988224330704
"3015",2020-12-12,"04","21  day ahead inc hosp",2021-01-02,"quantile",0.025,287.907669793298
"3016",2020-12-12,"04","21  day ahead inc hosp",2021-01-02,"quantile",0.05,314.500098651001
"3017",2020-12-12,"04","21  day ahead inc hosp",2021-01-02,"quantile",0.1,345.159466041372
"3018",2020-12-12,"04","21  day ahead inc hosp",2021-01-02,"quantile",0.15,365.845195663982
"3019",2020-12-12,"04","21  day ahead inc hosp",2021-01-02,"quantile",0.2,382.285557817058
"3020",2020-12-12,"04","21  day ahead inc hosp",2021-01-02,"quantile",0.25,396.389924666794
"3021",2020-12-12,"04","21  day ahead inc hosp",2021-01-02,"quantile",0.3,409.056082011641
"3022",2020-12-12,"04","21  day ahead inc hosp",2021-01-02,"quantile",0.35,420.793164426432
"3023",2020-12-12,"04","21  day ahead inc hosp",2021-01-02,"quantile",0.4,431.930507866277
"3024",2020-12-12,"04","21  day ahead inc hosp",2021-01-02,"quantile",0.45,442.706016535752
"3025",2020-12-12,"04","21  day ahead inc hosp",2021-01-02,"quantile",0.5,453.310683586302
"3026",2020-12-12,"04","21  day ahead inc hosp",2021-01-02,"quantile",0.55,463.915350636853
"3027",2020-12-12,"04","21  day ahead inc hosp",2021-01-02,"quantile",0.6,474.690859306328
"3028",2020-12-12,"04","21  day ahead inc hosp",2021-01-02,"quantile",0.65,485.828202746173
"3029",2020-12-12,"04","21  day ahead inc hosp",2021-01-02,"quantile",0.7,497.565285160964
"3030",2020-12-12,"04","21  day ahead inc hosp",2021-01-02,"quantile",0.75,510.23144250581
"3031",2020-12-12,"04","21  day ahead inc hosp",2021-01-02,"quantile",0.8,524.335809355547
"3032",2020-12-12,"04","21  day ahead inc hosp",2021-01-02,"quantile",0.85,540.776171508623
"3033",2020-12-12,"04","21  day ahead inc hosp",2021-01-02,"quantile",0.9,561.461901131233
"3034",2020-12-12,"04","21  day ahead inc hosp",2021-01-02,"quantile",0.95,592.121268521603
"3035",2020-12-12,"04","21  day ahead inc hosp",2021-01-02,"quantile",0.975,618.713697379307
"3036",2020-12-12,"04","21  day ahead inc hosp",2021-01-02,"quantile",0.99,649.633142841901
"3037",2020-12-12,"04","22  day ahead inc hosp",2021-01-03,"quantile",0.01,199.783506433081
"3038",2020-12-12,"04","22  day ahead inc hosp",2021-01-03,"quantile",0.025,232.159180092823
"3039",2020-12-12,"04","22  day ahead inc hosp",2021-01-03,"quantile",0.05,260.004045537078
"3040",2020-12-12,"04","22  day ahead inc hosp",2021-01-03,"quantile",0.1,292.107392100832
"3041",2020-12-12,"04","22  day ahead inc hosp",2021-01-03,"quantile",0.15,313.767367616418
"3042",2020-12-12,"04","22  day ahead inc hosp",2021-01-03,"quantile",0.2,330.982029521009
"3043",2020-12-12,"04","22  day ahead inc hosp",2021-01-03,"quantile",0.25,345.750676612587
"3044",2020-12-12,"04","22  day ahead inc hosp",2021-01-03,"quantile",0.3,359.013378145051
"3045",2020-12-12,"04","22  day ahead inc hosp",2021-01-03,"quantile",0.35,371.303247652526
"3046",2020-12-12,"04","22  day ahead inc hosp",2021-01-03,"quantile",0.4,382.96513198616
"3047",2020-12-12,"04","22  day ahead inc hosp",2021-01-03,"quantile",0.45,394.248140040839
"3048",2020-12-12,"04","22  day ahead inc hosp",2021-01-03,"quantile",0.5,405.352260265576
"3049",2020-12-12,"04","22  day ahead inc hosp",2021-01-03,"quantile",0.55,416.456380490313
"3050",2020-12-12,"04","22  day ahead inc hosp",2021-01-03,"quantile",0.6,427.739388544992
"3051",2020-12-12,"04","22  day ahead inc hosp",2021-01-03,"quantile",0.65,439.401272878626
"3052",2020-12-12,"04","22  day ahead inc hosp",2021-01-03,"quantile",0.7,451.691142386101
"3053",2020-12-12,"04","22  day ahead inc hosp",2021-01-03,"quantile",0.75,464.953843918565
"3054",2020-12-12,"04","22  day ahead inc hosp",2021-01-03,"quantile",0.8,479.722491010143
"3055",2020-12-12,"04","22  day ahead inc hosp",2021-01-03,"quantile",0.85,496.937152914733
"3056",2020-12-12,"04","22  day ahead inc hosp",2021-01-03,"quantile",0.9,518.597128430319
"3057",2020-12-12,"04","22  day ahead inc hosp",2021-01-03,"quantile",0.95,550.700474994074
"3058",2020-12-12,"04","22  day ahead inc hosp",2021-01-03,"quantile",0.975,578.545340438329
"3059",2020-12-12,"04","22  day ahead inc hosp",2021-01-03,"quantile",0.99,610.92101409807
"3060",2020-12-12,"04","23  day ahead inc hosp",2021-01-04,"quantile",0.01,199.807824667231
"3061",2020-12-12,"04","23  day ahead inc hosp",2021-01-04,"quantile",0.025,233.665200819759
"3062",2020-12-12,"04","23  day ahead inc hosp",2021-01-04,"quantile",0.05,262.784412150177
"3063",2020-12-12,"04","23  day ahead inc hosp",2021-01-04,"quantile",0.1,296.356997906611
"3064",2020-12-12,"04","23  day ahead inc hosp",2021-01-04,"quantile",0.15,319.008262130269
"3065",2020-12-12,"04","23  day ahead inc hosp",2021-01-04,"quantile",0.2,337.010768875544
"3066",2020-12-12,"04","23  day ahead inc hosp",2021-01-04,"quantile",0.25,352.455316689395
"3067",2020-12-12,"04","23  day ahead inc hosp",2021-01-04,"quantile",0.3,366.324997960049
"3068",2020-12-12,"04","23  day ahead inc hosp",2021-01-04,"quantile",0.35,379.177324653022
"3069",2020-12-12,"04","23  day ahead inc hosp",2021-01-04,"quantile",0.4,391.372925852885
"3070",2020-12-12,"04","23  day ahead inc hosp",2021-01-04,"quantile",0.45,403.172311152296
"3071",2020-12-12,"04","23  day ahead inc hosp",2021-01-04,"quantile",0.5,414.784621655639
"3072",2020-12-12,"04","23  day ahead inc hosp",2021-01-04,"quantile",0.55,426.396932158981
"3073",2020-12-12,"04","23  day ahead inc hosp",2021-01-04,"quantile",0.6,438.196317458392
"3074",2020-12-12,"04","23  day ahead inc hosp",2021-01-04,"quantile",0.65,450.391918658255
"3075",2020-12-12,"04","23  day ahead inc hosp",2021-01-04,"quantile",0.7,463.244245351228
"3076",2020-12-12,"04","23  day ahead inc hosp",2021-01-04,"quantile",0.75,477.113926621883
"3077",2020-12-12,"04","23  day ahead inc hosp",2021-01-04,"quantile",0.8,492.558474435733
"3078",2020-12-12,"04","23  day ahead inc hosp",2021-01-04,"quantile",0.85,510.560981181008
"3079",2020-12-12,"04","23  day ahead inc hosp",2021-01-04,"quantile",0.9,533.212245404666
"3080",2020-12-12,"04","23  day ahead inc hosp",2021-01-04,"quantile",0.95,566.7848311611
"3081",2020-12-12,"04","23  day ahead inc hosp",2021-01-04,"quantile",0.975,595.904042491519
"3082",2020-12-12,"04","23  day ahead inc hosp",2021-01-04,"quantile",0.99,629.761418644046
"3083",2020-12-12,"04","24  day ahead inc hosp",2021-01-05,"quantile",0.01,199.673933833751
"3084",2020-12-12,"04","24  day ahead inc hosp",2021-01-05,"quantile",0.025,235.037929325853
"3085",2020-12-12,"04","24  day ahead inc hosp",2021-01-05,"quantile",0.05,265.452916405282
"3086",2020-12-12,"04","24  day ahead inc hosp",2021-01-05,"quantile",0.1,300.519448613806
"3087",2020-12-12,"04","24  day ahead inc hosp",2021-01-05,"quantile",0.15,324.178671416163
"3088",2020-12-12,"04","24  day ahead inc hosp",2021-01-05,"quantile",0.2,342.98227168685
"3089",2020-12-12,"04","24  day ahead inc hosp",2021-01-05,"quantile",0.25,359.114086414784
"3090",2020-12-12,"04","24  day ahead inc hosp",2021-01-05,"quantile",0.3,373.600954615163
"3091",2020-12-12,"04","24  day ahead inc hosp",2021-01-05,"quantile",0.35,387.025196977765
"3092",2020-12-12,"04","24  day ahead inc hosp",2021-01-05,"quantile",0.4,399.763490220351
"3093",2020-12-12,"04","24  day ahead inc hosp",2021-01-05,"quantile",0.45,412.08793635162
"3094",2020-12-12,"04","24  day ahead inc hosp",2021-01-05,"quantile",0.5,424.216983045701
"3095",2020-12-12,"04","24  day ahead inc hosp",2021-01-05,"quantile",0.55,436.346029739783
"3096",2020-12-12,"04","24  day ahead inc hosp",2021-01-05,"quantile",0.6,448.670475871052
"3097",2020-12-12,"04","24  day ahead inc hosp",2021-01-05,"quantile",0.65,461.408769113638
"3098",2020-12-12,"04","24  day ahead inc hosp",2021-01-05,"quantile",0.7,474.83301147624
"3099",2020-12-12,"04","24  day ahead inc hosp",2021-01-05,"quantile",0.75,489.319879676619
"3100",2020-12-12,"04","24  day ahead inc hosp",2021-01-05,"quantile",0.8,505.451694404553
"3101",2020-12-12,"04","24  day ahead inc hosp",2021-01-05,"quantile",0.85,524.25529467524
"3102",2020-12-12,"04","24  day ahead inc hosp",2021-01-05,"quantile",0.9,547.914517477597
"3103",2020-12-12,"04","24  day ahead inc hosp",2021-01-05,"quantile",0.95,582.981049686121
"3104",2020-12-12,"04","24  day ahead inc hosp",2021-01-05,"quantile",0.975,613.39603676555
"3105",2020-12-12,"04","24  day ahead inc hosp",2021-01-05,"quantile",0.99,648.760032257651
"3106",2020-12-12,"04","25  day ahead inc hosp",2021-01-06,"quantile",0.01,199.38512066687
"3107",2020-12-12,"04","25  day ahead inc hosp",2021-01-06,"quantile",0.025,236.280134707157
"3108",2020-12-12,"04","25  day ahead inc hosp",2021-01-06,"quantile",0.05,268.011882201054
"3109",2020-12-12,"04","25  day ahead inc hosp",2021-01-06,"quantile",0.1,304.596554837003
"3110",2020-12-12,"04","25  day ahead inc hosp",2021-01-06,"quantile",0.15,329.280059778355
"3111",2020-12-12,"04","25  day ahead inc hosp",2021-01-06,"quantile",0.2,348.897727022711
"3112",2020-12-12,"04","25  day ahead inc hosp",2021-01-06,"quantile",0.25,365.727938728156
"3113",2020-12-12,"04","25  day ahead inc hosp",2021-01-06,"quantile",0.3,380.841988999205
"3114",2020-12-12,"04","25  day ahead inc hosp",2021-01-06,"quantile",0.35,394.847409019096
"3115",2020-12-12,"04","25  day ahead inc hosp",2021-01-06,"quantile",0.4,408.137183024962
"3116",2020-12-12,"04","25  day ahead inc hosp",2021-01-06,"quantile",0.45,420.99519317694
"3117",2020-12-12,"04","25  day ahead inc hosp",2021-01-06,"quantile",0.5,433.649344435764
"3118",2020-12-12,"04","25  day ahead inc hosp",2021-01-06,"quantile",0.55,446.303495694589
"3119",2020-12-12,"04","25  day ahead inc hosp",2021-01-06,"quantile",0.6,459.161505846566
"3120",2020-12-12,"04","25  day ahead inc hosp",2021-01-06,"quantile",0.65,472.451279852433
"3121",2020-12-12,"04","25  day ahead inc hosp",2021-01-06,"quantile",0.7,486.456699872324
"3122",2020-12-12,"04","25  day ahead inc hosp",2021-01-06,"quantile",0.75,501.570750143373
"3123",2020-12-12,"04","25  day ahead inc hosp",2021-01-06,"quantile",0.8,518.400961848817
"3124",2020-12-12,"04","25  day ahead inc hosp",2021-01-06,"quantile",0.85,538.018629093173
"3125",2020-12-12,"04","25  day ahead inc hosp",2021-01-06,"quantile",0.9,562.702134034525
"3126",2020-12-12,"04","25  day ahead inc hosp",2021-01-06,"quantile",0.95,599.286806670474
"3127",2020-12-12,"04","25  day ahead inc hosp",2021-01-06,"quantile",0.975,631.018554164371
"3128",2020-12-12,"04","25  day ahead inc hosp",2021-01-06,"quantile",0.99,667.913568204659
"3129",2020-12-12,"04","26  day ahead inc hosp",2021-01-07,"quantile",0.01,198.944447552728
"3130",2020-12-12,"04","26  day ahead inc hosp",2021-01-07,"quantile",0.025,237.394397044928
"3131",2020-12-12,"04","26  day ahead inc hosp",2021-01-07,"quantile",0.05,270.463474809942
"3132",2020-12-12,"04","26  day ahead inc hosp",2021-01-07,"quantile",0.1,308.590003600658
"3133",2020-12-12,"04","26  day ahead inc hosp",2021-01-07,"quantile",0.15,334.313791569652
"3134",2020-12-12,"04","26  day ahead inc hosp",2021-01-07,"quantile",0.2,354.758242786736
"3135",2020-12-12,"04","26  day ahead inc hosp",2021-01-07,"quantile",0.25,372.297761522539
"3136",2020-12-12,"04","26  day ahead inc hosp",2021-01-07,"quantile",0.3,388.048791428906
"3137",2020-12-12,"04","26  day ahead inc hosp",2021-01-07,"quantile",0.35,402.644468009862
"3138",2020-12-12,"04","26  day ahead inc hosp",2021-01-07,"quantile",0.4,416.494337770863
"3139",2020-12-12,"04","26  day ahead inc hosp",2021-01-07,"quantile",0.45,429.89424704787
"3140",2020-12-12,"04","26  day ahead inc hosp",2021-01-07,"quantile",0.5,443.081705825827
"3141",2020-12-12,"04","26  day ahead inc hosp",2021-01-07,"quantile",0.55,456.269164603785
"3142",2020-12-12,"04","26  day ahead inc hosp",2021-01-07,"quantile",0.6,469.669073880791
"3143",2020-12-12,"04","26  day ahead inc hosp",2021-01-07,"quantile",0.65,483.518943641793
"3144",2020-12-12,"04","26  day ahead inc hosp",2021-01-07,"quantile",0.7,498.114620222748
"3145",2020-12-12,"04","26  day ahead inc hosp",2021-01-07,"quantile",0.75,513.865650129115
"3146",2020-12-12,"04","26  day ahead inc hosp",2021-01-07,"quantile",0.8,531.405168864918
"3147",2020-12-12,"04","26  day ahead inc hosp",2021-01-07,"quantile",0.85,551.849620082002
"3148",2020-12-12,"04","26  day ahead inc hosp",2021-01-07,"quantile",0.9,577.573408050996
"3149",2020-12-12,"04","26  day ahead inc hosp",2021-01-07,"quantile",0.95,615.699936841712
"3150",2020-12-12,"04","26  day ahead inc hosp",2021-01-07,"quantile",0.975,648.769014606726
"3151",2020-12-12,"04","26  day ahead inc hosp",2021-01-07,"quantile",0.99,687.218964098926
"3152",2020-12-12,"04","27  day ahead inc hosp",2021-01-08,"quantile",0.01,198.354776938372
"3153",2020-12-12,"04","27  day ahead inc hosp",2021-01-08,"quantile",0.025,238.383127970364
"3154",2020-12-12,"04","27  day ahead inc hosp",2021-01-08,"quantile",0.05,272.809718136648
"3155",2020-12-12,"04","27  day ahead inc hosp",2021-01-08,"quantile",0.1,312.501371785654
"3156",2020-12-12,"04","27  day ahead inc hosp",2021-01-08,"quantile",0.15,339.281142066089
"3157",2020-12-12,"04","27  day ahead inc hosp",2021-01-08,"quantile",0.2,360.564854548986
"3158",2020-12-12,"04","27  day ahead inc hosp",2021-01-08,"quantile",0.25,378.824384721617
"3159",2020-12-12,"04","27  day ahead inc hosp",2021-01-08,"quantile",0.3,395.222007151144
"3160",2020-12-12,"04","27  day ahead inc hosp",2021-01-08,"quantile",0.35,410.416848066356
"3161",2020-12-12,"04","27  day ahead inc hosp",2021-01-08,"quantile",0.4,424.83526618816
"3162",2020-12-12,"04","27  day ahead inc hosp",2021-01-08,"quantile",0.45,438.785252583998
"3163",2020-12-12,"04","27  day ahead inc hosp",2021-01-08,"quantile",0.5,452.51406721589
"3164",2020-12-12,"04","27  day ahead inc hosp",2021-01-08,"quantile",0.55,466.242881847782
"3165",2020-12-12,"04","27  day ahead inc hosp",2021-01-08,"quantile",0.6,480.19286824362
"3166",2020-12-12,"04","27  day ahead inc hosp",2021-01-08,"quantile",0.65,494.611286365424
"3167",2020-12-12,"04","27  day ahead inc hosp",2021-01-08,"quantile",0.7,509.806127280636
"3168",2020-12-12,"04","27  day ahead inc hosp",2021-01-08,"quantile",0.75,526.203749710163
"3169",2020-12-12,"04","27  day ahead inc hosp",2021-01-08,"quantile",0.8,544.463279882794
"3170",2020-12-12,"04","27  day ahead inc hosp",2021-01-08,"quantile",0.85,565.746992365691
"3171",2020-12-12,"04","27  day ahead inc hosp",2021-01-08,"quantile",0.9,592.526762646126
"3172",2020-12-12,"04","27  day ahead inc hosp",2021-01-08,"quantile",0.95,632.218416295132
"3173",2020-12-12,"04","27  day ahead inc hosp",2021-01-08,"quantile",0.975,666.645006461416
"3174",2020-12-12,"04","27  day ahead inc hosp",2021-01-08,"quantile",0.99,706.673357493408
"3175",2020-12-12,"04","28  day ahead inc hosp",2021-01-09,"quantile",0.01,197.618792370874
"3176",2020-12-12,"04","28  day ahead inc hosp",2021-01-09,"quantile",0.025,239.248588390219
"3177",2020-12-12,"04","28  day ahead inc hosp",2021-01-09,"quantile",0.05,275.052509593931
"3178",2020-12-12,"04","28  day ahead inc hosp",2021-01-09,"quantile",0.1,316.332137719455
"3179",2020-12-12,"04","28  day ahead inc hosp",2021-01-09,"quantile",0.15,344.183306840272
"3180",2020-12-12,"04","28  day ahead inc hosp",2021-01-09,"quantile",0.2,366.318533157469
"3181",2020-12-12,"04","28  day ahead inc hosp",2021-01-09,"quantile",0.25,385.308586379701
"3182",2020-12-12,"04","28  day ahead inc hosp",2021-01-09,"quantile",0.3,402.362241085533
"3183",2020-12-12,"04","28  day ahead inc hosp",2021-01-09,"quantile",0.35,418.164993673095
"3184",2020-12-12,"04","28  day ahead inc hosp",2021-01-09,"quantile",0.4,433.160260524147
"3185",2020-12-12,"04","28  day ahead inc hosp",2021-01-09,"quantile",0.45,447.66835474135
"3186",2020-12-12,"04","28  day ahead inc hosp",2021-01-09,"quantile",0.5,461.946428605953
"3187",2020-12-12,"04","28  day ahead inc hosp",2021-01-09,"quantile",0.55,476.224502470556
"3188",2020-12-12,"04","28  day ahead inc hosp",2021-01-09,"quantile",0.6,490.732596687758
"3189",2020-12-12,"04","28  day ahead inc hosp",2021-01-09,"quantile",0.65,505.72786353881
"3190",2020-12-12,"04","28  day ahead inc hosp",2021-01-09,"quantile",0.7,521.530616126373
"3191",2020-12-12,"04","28  day ahead inc hosp",2021-01-09,"quantile",0.75,538.584270832205
"3192",2020-12-12,"04","28  day ahead inc hosp",2021-01-09,"quantile",0.8,557.574324054436
"3193",2020-12-12,"04","28  day ahead inc hosp",2021-01-09,"quantile",0.85,579.709550371634
"3194",2020-12-12,"04","28  day ahead inc hosp",2021-01-09,"quantile",0.9,607.560719492451
"3195",2020-12-12,"04","28  day ahead inc hosp",2021-01-09,"quantile",0.95,648.840347617975
"3196",2020-12-12,"04","28  day ahead inc hosp",2021-01-09,"quantile",0.975,684.644268821686
"3197",2020-12-12,"04","28  day ahead inc hosp",2021-01-09,"quantile",0.99,726.274064841031
"3198",2020-12-12,"04","29  day ahead inc hosp",2021-01-10,"quantile",0.01,141.331256619274
"3199",2020-12-12,"04","29  day ahead inc hosp",2021-01-10,"quantile",0.025,184.585143741523
"3200",2020-12-12,"04","29  day ahead inc hosp",2021-01-10,"quantile",0.05,221.785872891375
"3201",2020-12-12,"04","29  day ahead inc hosp",2021-01-10,"quantile",0.1,264.675931121786
"3202",2020-12-12,"04","29  day ahead inc hosp",2021-01-10,"quantile",0.15,293.613649788836
"3203",2020-12-12,"04","29  day ahead inc hosp",2021-01-10,"quantile",0.2,316.612431241058
"3204",2020-12-12,"04","29  day ahead inc hosp",2021-01-10,"quantile",0.25,336.343337876733
"3205",2020-12-12,"04","29  day ahead inc hosp",2021-01-10,"quantile",0.3,354.062301844875
"3206",2020-12-12,"04","29  day ahead inc hosp",2021-01-10,"quantile",0.35,370.481562614869
"3207",2020-12-12,"04","29  day ahead inc hosp",2021-01-10,"quantile",0.4,386.061835442581
"3208",2020-12-12,"04","29  day ahead inc hosp",2021-01-10,"quantile",0.45,401.135929712421
"3209",2020-12-12,"04","29  day ahead inc hosp",2021-01-10,"quantile",0.5,415.971029912665
"3210",2020-12-12,"04","29  day ahead inc hosp",2021-01-10,"quantile",0.55,430.806130112908
"3211",2020-12-12,"04","29  day ahead inc hosp",2021-01-10,"quantile",0.6,445.880224382748
"3212",2020-12-12,"04","29  day ahead inc hosp",2021-01-10,"quantile",0.65,461.46049721046
"3213",2020-12-12,"04","29  day ahead inc hosp",2021-01-10,"quantile",0.7,477.879757980454
"3214",2020-12-12,"04","29  day ahead inc hosp",2021-01-10,"quantile",0.75,495.598721948596
"3215",2020-12-12,"04","29  day ahead inc hosp",2021-01-10,"quantile",0.8,515.329628584271
"3216",2020-12-12,"04","29  day ahead inc hosp",2021-01-10,"quantile",0.85,538.328410036493
"3217",2020-12-12,"04","29  day ahead inc hosp",2021-01-10,"quantile",0.9,567.266128703543
"3218",2020-12-12,"04","29  day ahead inc hosp",2021-01-10,"quantile",0.95,610.156186933954
"3219",2020-12-12,"04","29  day ahead inc hosp",2021-01-10,"quantile",0.975,647.356916083806
"3220",2020-12-12,"04","29  day ahead inc hosp",2021-01-10,"quantile",0.99,690.610803206055
"3221",2020-12-12,"04","30  day ahead inc hosp",2021-01-11,"quantile",0.01,140.31006782212
"3222",2020-12-12,"04","30  day ahead inc hosp",2021-01-11,"quantile",0.025,185.210317648513
"3223",2020-12-12,"04","30  day ahead inc hosp",2021-01-11,"quantile",0.05,223.827009550248
"3224",2020-12-12,"04","30  day ahead inc hosp",2021-01-11,"quantile",0.1,268.349582149819
"3225",2020-12-12,"04","30  day ahead inc hosp",2021-01-11,"quantile",0.15,298.388750511362
"3226",2020-12-12,"04","30  day ahead inc hosp",2021-01-11,"quantile",0.2,322.2629292641
"3227",2020-12-12,"04","30  day ahead inc hosp",2021-01-11,"quantile",0.25,342.744848836765
"3228",2020-12-12,"04","30  day ahead inc hosp",2021-01-11,"quantile",0.3,361.138245633355
"3229",2020-12-12,"04","30  day ahead inc hosp",2021-01-11,"quantile",0.35,378.182468929489
"3230",2020-12-12,"04","30  day ahead inc hosp",2021-01-11,"quantile",0.4,394.35577007929
"3231",2020-12-12,"04","30  day ahead inc hosp",2021-01-11,"quantile",0.45,410.003626113812
"3232",2020-12-12,"04","30  day ahead inc hosp",2021-01-11,"quantile",0.5,425.403391302727
"3233",2020-12-12,"04","30  day ahead inc hosp",2021-01-11,"quantile",0.55,440.803156491643
"3234",2020-12-12,"04","30  day ahead inc hosp",2021-01-11,"quantile",0.6,456.451012526165
"3235",2020-12-12,"04","30  day ahead inc hosp",2021-01-11,"quantile",0.65,472.624313675966
"3236",2020-12-12,"04","30  day ahead inc hosp",2021-01-11,"quantile",0.7,489.6685369721
"3237",2020-12-12,"04","30  day ahead inc hosp",2021-01-11,"quantile",0.75,508.061933768689
"3238",2020-12-12,"04","30  day ahead inc hosp",2021-01-11,"quantile",0.8,528.543853341355
"3239",2020-12-12,"04","30  day ahead inc hosp",2021-01-11,"quantile",0.85,552.418032094093
"3240",2020-12-12,"04","30  day ahead inc hosp",2021-01-11,"quantile",0.9,582.457200455636
"3241",2020-12-12,"04","30  day ahead inc hosp",2021-01-11,"quantile",0.95,626.979773055207
"3242",2020-12-12,"04","30  day ahead inc hosp",2021-01-11,"quantile",0.975,665.596464956942
"3243",2020-12-12,"04","30  day ahead inc hosp",2021-01-11,"quantile",0.99,710.496714783334
"3244",2020-12-12,"04","31  day ahead inc hosp",2021-01-12,"quantile",0.01,139.149712776927
"3245",2020-12-12,"04","31  day ahead inc hosp",2021-01-12,"quantile",0.025,185.718243040323
"3246",2020-12-12,"04","31  day ahead inc hosp",2021-01-12,"quantile",0.05,225.769748153356
"3247",2020-12-12,"04","31  day ahead inc hosp",2021-01-12,"quantile",0.1,271.946568494535
"3248",2020-12-12,"04","31  day ahead inc hosp",2021-01-12,"quantile",0.15,303.101849953782
"3249",2020-12-12,"04","31  day ahead inc hosp",2021-01-12,"quantile",0.2,327.863080015071
"3250",2020-12-12,"04","31  day ahead inc hosp",2021-01-12,"quantile",0.25,349.106010625926
"3251",2020-12-12,"04","31  day ahead inc hosp",2021-01-12,"quantile",0.3,368.182818854845
"3252",2020-12-12,"04","31  day ahead inc hosp",2021-01-12,"quantile",0.35,385.860324691695
"3253",2020-12-12,"04","31  day ahead inc hosp",2021-01-12,"quantile",0.4,402.634549043802
"3254",2020-12-12,"04","31  day ahead inc hosp",2021-01-12,"quantile",0.45,418.863805230982
"3255",2020-12-12,"04","31  day ahead inc hosp",2021-01-12,"quantile",0.5,434.83575269279
"3256",2020-12-12,"04","31  day ahead inc hosp",2021-01-12,"quantile",0.55,450.807700154599
"3257",2020-12-12,"04","31  day ahead inc hosp",2021-01-12,"quantile",0.6,467.036956341779
"3258",2020-12-12,"04","31  day ahead inc hosp",2021-01-12,"quantile",0.65,483.811180693885
"3259",2020-12-12,"04","31  day ahead inc hosp",2021-01-12,"quantile",0.7,501.488686530736
"3260",2020-12-12,"04","31  day ahead inc hosp",2021-01-12,"quantile",0.75,520.565494759654
"3261",2020-12-12,"04","31  day ahead inc hosp",2021-01-12,"quantile",0.8,541.808425370509
"3262",2020-12-12,"04","31  day ahead inc hosp",2021-01-12,"quantile",0.85,566.569655431798
"3263",2020-12-12,"04","31  day ahead inc hosp",2021-01-12,"quantile",0.9,597.724936891045
"3264",2020-12-12,"04","31  day ahead inc hosp",2021-01-12,"quantile",0.95,643.901757232225
"3265",2020-12-12,"04","31  day ahead inc hosp",2021-01-12,"quantile",0.975,683.953262345257
"3266",2020-12-12,"04","31  day ahead inc hosp",2021-01-12,"quantile",0.99,730.521792608654
"3267",2020-12-12,"04","32  day ahead inc hosp",2021-01-13,"quantile",0.01,137.852319342845
"3268",2020-12-12,"04","32  day ahead inc hosp",2021-01-13,"quantile",0.025,186.110712652834
"3269",2020-12-12,"04","32  day ahead inc hosp",2021-01-13,"quantile",0.05,227.615593212077
"3270",2020-12-12,"04","32  day ahead inc hosp",2021-01-13,"quantile",0.1,275.46806236292
"3271",2020-12-12,"04","32  day ahead inc hosp",2021-01-13,"quantile",0.15,307.753896118887
"3272",2020-12-12,"04","32  day ahead inc hosp",2021-01-13,"quantile",0.2,333.413653306372
"3273",2020-12-12,"04","32  day ahead inc hosp",2021-01-13,"quantile",0.25,355.427440185131
"3274",2020-12-12,"04","32  day ahead inc hosp",2021-01-13,"quantile",0.3,375.196501166942
"3275",2020-12-12,"04","32  day ahead inc hosp",2021-01-13,"quantile",0.35,393.51548234563
"3276",2020-12-12,"04","32  day ahead inc hosp",2021-01-13,"quantile",0.4,410.898404067131
"3277",2020-12-12,"04","32  day ahead inc hosp",2021-01-13,"quantile",0.45,427.716582003596
"3278",2020-12-12,"04","32  day ahead inc hosp",2021-01-13,"quantile",0.5,444.268114082853
"3279",2020-12-12,"04","32  day ahead inc hosp",2021-01-13,"quantile",0.55,460.81964616211
"3280",2020-12-12,"04","32  day ahead inc hosp",2021-01-13,"quantile",0.6,477.637824098575
"3281",2020-12-12,"04","32  day ahead inc hosp",2021-01-13,"quantile",0.65,495.020745820076
"3282",2020-12-12,"04","32  day ahead inc hosp",2021-01-13,"quantile",0.7,513.339726998764
"3283",2020-12-12,"04","32  day ahead inc hosp",2021-01-13,"quantile",0.75,533.108787980575
"3284",2020-12-12,"04","32  day ahead inc hosp",2021-01-13,"quantile",0.8,555.122574859334
"3285",2020-12-12,"04","32  day ahead inc hosp",2021-01-13,"quantile",0.85,580.782332046819
"3286",2020-12-12,"04","32  day ahead inc hosp",2021-01-13,"quantile",0.9,613.068165802786
"3287",2020-12-12,"04","32  day ahead inc hosp",2021-01-13,"quantile",0.95,660.92063495363
"3288",2020-12-12,"04","32  day ahead inc hosp",2021-01-13,"quantile",0.975,702.425515512872
"3289",2020-12-12,"04","32  day ahead inc hosp",2021-01-13,"quantile",0.99,750.683908822861
"3290",2020-12-12,"04","33  day ahead inc hosp",2021-01-14,"quantile",0.01,136.419906959689
"3291",2020-12-12,"04","33  day ahead inc hosp",2021-01-14,"quantile",0.025,186.389427877891
"3292",2020-12-12,"04","33  day ahead inc hosp",2021-01-14,"quantile",0.05,229.365972579458
"3293",2020-12-12,"04","33  day ahead inc hosp",2021-01-14,"quantile",0.1,278.915176235306
"3294",2020-12-12,"04","33  day ahead inc hosp",2021-01-14,"quantile",0.15,312.345788706535
"3295",2020-12-12,"04","33  day ahead inc hosp",2021-01-14,"quantile",0.2,338.915379726686
"3296",2020-12-12,"04","33  day ahead inc hosp",2021-01-14,"quantile",0.25,361.709723020731
"3297",2020-12-12,"04","33  day ahead inc hosp",2021-01-14,"quantile",0.3,382.17974778758
"3298",2020-12-12,"04","33  day ahead inc hosp",2021-01-14,"quantile",0.35,401.148276377593
"3299",2020-12-12,"04","33  day ahead inc hosp",2021-01-14,"quantile",0.4,419.147555073061
"3300",2020-12-12,"04","33  day ahead inc hosp",2021-01-14,"quantile",0.45,436.562065514881
"3301",2020-12-12,"04","33  day ahead inc hosp",2021-01-14,"quantile",0.5,453.700475472916
"3302",2020-12-12,"04","33  day ahead inc hosp",2021-01-14,"quantile",0.55,470.838885430951
"3303",2020-12-12,"04","33  day ahead inc hosp",2021-01-14,"quantile",0.6,488.253395872771
"3304",2020-12-12,"04","33  day ahead inc hosp",2021-01-14,"quantile",0.65,506.252674568238
"3305",2020-12-12,"04","33  day ahead inc hosp",2021-01-14,"quantile",0.7,525.221203158252
"3306",2020-12-12,"04","33  day ahead inc hosp",2021-01-14,"quantile",0.75,545.691227925101
"3307",2020-12-12,"04","33  day ahead inc hosp",2021-01-14,"quantile",0.8,568.485571219146
"3308",2020-12-12,"04","33  day ahead inc hosp",2021-01-14,"quantile",0.85,595.055162239297
"3309",2020-12-12,"04","33  day ahead inc hosp",2021-01-14,"quantile",0.9,628.485774710526
"3310",2020-12-12,"04","33  day ahead inc hosp",2021-01-14,"quantile",0.95,678.034978366374
"3311",2020-12-12,"04","33  day ahead inc hosp",2021-01-14,"quantile",0.975,721.011523067941
"3312",2020-12-12,"04","33  day ahead inc hosp",2021-01-14,"quantile",0.99,770.981043986142
"3313",2020-12-12,"04","34  day ahead inc hosp",2021-01-15,"quantile",0.01,134.85439599504
"3314",2020-12-12,"04","34  day ahead inc hosp",2021-01-15,"quantile",0.025,186.556006638306
"3315",2020-12-12,"04","34  day ahead inc hosp",2021-01-15,"quantile",0.05,231.022244059125
"3316",2020-12-12,"04","34  day ahead inc hosp",2021-01-15,"quantile",0.1,282.288968014556
"3317",2020-12-12,"04","34  day ahead inc hosp",2021-01-15,"quantile",0.15,316.878383277968
"3318",2020-12-12,"04","34  day ahead inc hosp",2021-01-15,"quantile",0.2,344.36895402255
"3319",2020-12-12,"04","34  day ahead inc hosp",2021-01-15,"quantile",0.25,367.953415914567
"3320",2020-12-12,"04","34  day ahead inc hosp",2021-01-15,"quantile",0.3,389.132991602037
"3321",2020-12-12,"04","34  day ahead inc hosp",2021-01-15,"quantile",0.35,408.759024864231
"3322",2020-12-12,"04","34  day ahead inc hosp",2021-01-15,"quantile",0.4,427.382211196076
"3323",2020-12-12,"04","34  day ahead inc hosp",2021-01-15,"quantile",0.45,445.400359496516
"3324",2020-12-12,"04","34  day ahead inc hosp",2021-01-15,"quantile",0.5,463.132836862979
"3325",2020-12-12,"04","34  day ahead inc hosp",2021-01-15,"quantile",0.55,480.865314229442
"3326",2020-12-12,"04","34  day ahead inc hosp",2021-01-15,"quantile",0.6,498.883462529882
"3327",2020-12-12,"04","34  day ahead inc hosp",2021-01-15,"quantile",0.65,517.506648861726
"3328",2020-12-12,"04","34  day ahead inc hosp",2021-01-15,"quantile",0.7,537.132682123921
"3329",2020-12-12,"04","34  day ahead inc hosp",2021-01-15,"quantile",0.75,558.31225781139
"3330",2020-12-12,"04","34  day ahead inc hosp",2021-01-15,"quantile",0.8,581.896719703408
"3331",2020-12-12,"04","34  day ahead inc hosp",2021-01-15,"quantile",0.85,609.387290447989
"3332",2020-12-12,"04","34  day ahead inc hosp",2021-01-15,"quantile",0.9,643.976705711401
"3333",2020-12-12,"04","34  day ahead inc hosp",2021-01-15,"quantile",0.95,695.243429666832
"3334",2020-12-12,"04","34  day ahead inc hosp",2021-01-15,"quantile",0.975,739.709667087652
"3335",2020-12-12,"04","34  day ahead inc hosp",2021-01-15,"quantile",0.99,791.411277730918
"3336",2020-12-12,"04","35  day ahead inc hosp",2021-01-16,"quantile",0.01,133.157616013399
"3337",2020-12-12,"04","35  day ahead inc hosp",2021-01-16,"quantile",0.025,186.611990354678
"3338",2020-12-12,"04","35  day ahead inc hosp",2021-01-16,"quantile",0.05,232.585701252025
"3339",2020-12-12,"04","35  day ahead inc hosp",2021-01-16,"quantile",0.1,285.590445581427
"3340",2020-12-12,"04","35  day ahead inc hosp",2021-01-16,"quantile",0.15,321.352494939887
"3341",2020-12-12,"04","35  day ahead inc hosp",2021-01-16,"quantile",0.2,349.775038089956
"3342",2020-12-12,"04","35  day ahead inc hosp",2021-01-16,"quantile",0.25,374.159049321485
"3343",2020-12-12,"04","35  day ahead inc hosp",2021-01-16,"quantile",0.3,396.056645026947
"3344",2020-12-12,"04","35  day ahead inc hosp",2021-01-16,"quantile",0.35,416.348030842185
"3345",2020-12-12,"04","35  day ahead inc hosp",2021-01-16,"quantile",0.4,435.602571681901
"3346",2020-12-12,"04","35  day ahead inc hosp",2021-01-16,"quantile",0.45,454.231562775311
"3347",2020-12-12,"04","35  day ahead inc hosp",2021-01-16,"quantile",0.5,472.565198253042
"3348",2020-12-12,"04","35  day ahead inc hosp",2021-01-16,"quantile",0.55,490.898833730772
"3349",2020-12-12,"04","35  day ahead inc hosp",2021-01-16,"quantile",0.6,509.527824824183
"3350",2020-12-12,"04","35  day ahead inc hosp",2021-01-16,"quantile",0.65,528.782365663898
"3351",2020-12-12,"04","35  day ahead inc hosp",2021-01-16,"quantile",0.7,549.073751479136
"3352",2020-12-12,"04","35  day ahead inc hosp",2021-01-16,"quantile",0.75,570.971347184598
"3353",2020-12-12,"04","35  day ahead inc hosp",2021-01-16,"quantile",0.8,595.355358416127
"3354",2020-12-12,"04","35  day ahead inc hosp",2021-01-16,"quantile",0.85,623.777901566196
"3355",2020-12-12,"04","35  day ahead inc hosp",2021-01-16,"quantile",0.9,659.539950924656
"3356",2020-12-12,"04","35  day ahead inc hosp",2021-01-16,"quantile",0.95,712.544695254059
"3357",2020-12-12,"04","35  day ahead inc hosp",2021-01-16,"quantile",0.975,758.518406151405
"3358",2020-12-12,"04","35  day ahead inc hosp",2021-01-16,"quantile",0.99,811.972780492684
"3359",2020-12-12,"04","36  day ahead inc hosp",2021-01-17,"quantile",0.01,138.432149365463
"3360",2020-12-12,"04","36  day ahead inc hosp",2021-01-17,"quantile",0.025,193.659686378621
"3361",2020-12-12,"04","36  day ahead inc hosp",2021-01-17,"quantile",0.05,241.158414995387
"3362",2020-12-12,"04","36  day ahead inc hosp",2021-01-17,"quantile",0.1,295.921407087215
"3363",2020-12-12,"04","36  day ahead inc hosp",2021-01-17,"quantile",0.15,332.869737863683
"3364",2020-12-12,"04","36  day ahead inc hosp",2021-01-17,"quantile",0.2,362.235099878899
"3365",2020-12-12,"04","36  day ahead inc hosp",2021-01-17,"quantile",0.25,387.42796574654
"3366",2020-12-12,"04","36  day ahead inc hosp",2021-01-17,"quantile",0.3,410.051937913935
"3367",2020-12-12,"04","36  day ahead inc hosp",2021-01-17,"quantile",0.35,431.016419772886
"3368",2020-12-12,"04","36  day ahead inc hosp",2021-01-17,"quantile",0.4,450.909662935879
"3369",2020-12-12,"04","36  day ahead inc hosp",2021-01-17,"quantile",0.45,470.156605918703
"3370",2020-12-12,"04","36  day ahead inc hosp",2021-01-17,"quantile",0.5,489.098395892105
"3371",2020-12-12,"04","36  day ahead inc hosp",2021-01-17,"quantile",0.55,508.040185865507
"3372",2020-12-12,"04","36  day ahead inc hosp",2021-01-17,"quantile",0.6,527.287128848331
"3373",2020-12-12,"04","36  day ahead inc hosp",2021-01-17,"quantile",0.65,547.180372011324
"3374",2020-12-12,"04","36  day ahead inc hosp",2021-01-17,"quantile",0.7,568.144853870275
"3375",2020-12-12,"04","36  day ahead inc hosp",2021-01-17,"quantile",0.75,590.76882603767
"3376",2020-12-12,"04","36  day ahead inc hosp",2021-01-17,"quantile",0.8,615.961691905311
"3377",2020-12-12,"04","36  day ahead inc hosp",2021-01-17,"quantile",0.85,645.327053920527
"3378",2020-12-12,"04","36  day ahead inc hosp",2021-01-17,"quantile",0.9,682.275384696995
"3379",2020-12-12,"04","36  day ahead inc hosp",2021-01-17,"quantile",0.95,737.038376788823
"3380",2020-12-12,"04","36  day ahead inc hosp",2021-01-17,"quantile",0.975,784.537105405589
"3381",2020-12-12,"04","36  day ahead inc hosp",2021-01-17,"quantile",0.99,839.764642418747
"3382",2020-12-12,"04","37  day ahead inc hosp",2021-01-18,"quantile",0.01,136.477992729209
"3383",2020-12-12,"04","37  day ahead inc hosp",2021-01-18,"quantile",0.025,193.498828504305
"3384",2020-12-12,"04","37  day ahead inc hosp",2021-01-18,"quantile",0.05,242.539892988805
"3385",2020-12-12,"04","37  day ahead inc hosp",2021-01-18,"quantile",0.1,299.081099558944
"3386",2020-12-12,"04","37  day ahead inc hosp",2021-01-18,"quantile",0.15,337.229183201837
"3387",2020-12-12,"04","37  day ahead inc hosp",2021-01-18,"quantile",0.2,367.548070762346
"3388",2020-12-12,"04","37  day ahead inc hosp",2021-01-18,"quantile",0.25,393.558976644326
"3389",2020-12-12,"04","37  day ahead inc hosp",2021-01-18,"quantile",0.3,416.917574027185
"3390",2020-12-12,"04","37  day ahead inc hosp",2021-01-18,"quantile",0.35,438.562795629307
"3391",2020-12-12,"04","37  day ahead inc hosp",2021-01-18,"quantile",0.4,459.101994238886
"3392",2020-12-12,"04","37  day ahead inc hosp",2021-01-18,"quantile",0.45,478.973906591862
"3393",2020-12-12,"04","37  day ahead inc hosp",2021-01-18,"quantile",0.5,498.530757282168
"3394",2020-12-12,"04","37  day ahead inc hosp",2021-01-18,"quantile",0.55,518.087607972474
"3395",2020-12-12,"04","37  day ahead inc hosp",2021-01-18,"quantile",0.6,537.95952032545
"3396",2020-12-12,"04","37  day ahead inc hosp",2021-01-18,"quantile",0.65,558.498718935029
"3397",2020-12-12,"04","37  day ahead inc hosp",2021-01-18,"quantile",0.7,580.143940537151
"3398",2020-12-12,"04","37  day ahead inc hosp",2021-01-18,"quantile",0.75,603.50253792001
"3399",2020-12-12,"04","37  day ahead inc hosp",2021-01-18,"quantile",0.8,629.51344380199
"3400",2020-12-12,"04","37  day ahead inc hosp",2021-01-18,"quantile",0.85,659.832331362499
"3401",2020-12-12,"04","37  day ahead inc hosp",2021-01-18,"quantile",0.9,697.980415005391
"3402",2020-12-12,"04","37  day ahead inc hosp",2021-01-18,"quantile",0.95,754.52162157553
"3403",2020-12-12,"04","37  day ahead inc hosp",2021-01-18,"quantile",0.975,803.562686060031
"3404",2020-12-12,"04","37  day ahead inc hosp",2021-01-18,"quantile",0.99,860.583521835126
"3405",2020-12-12,"05","1  day ahead inc hosp",2020-12-13,"quantile",0.01,87.8546765670144
"3406",2020-12-12,"05","1  day ahead inc hosp",2020-12-13,"quantile",0.025,92.7731955786637
"3407",2020-12-12,"05","1  day ahead inc hosp",2020-12-13,"quantile",0.05,97.0033932728878
"3408",2020-12-12,"05","1  day ahead inc hosp",2020-12-13,"quantile",0.1,101.880540296017
"3409",2020-12-12,"05","1  day ahead inc hosp",2020-12-13,"quantile",0.15,105.171128238214
"3410",2020-12-12,"05","1  day ahead inc hosp",2020-12-13,"quantile",0.2,107.786383220912
"3411",2020-12-12,"05","1  day ahead inc hosp",2020-12-13,"quantile",0.25,110.030039129348
"3412",2020-12-12,"05","1  day ahead inc hosp",2020-12-13,"quantile",0.3,112.044911478224
"3413",2020-12-12,"05","1  day ahead inc hosp",2020-12-13,"quantile",0.35,113.911990985465
"3414",2020-12-12,"05","1  day ahead inc hosp",2020-12-13,"quantile",0.4,115.683666855733
"3415",2020-12-12,"05","1  day ahead inc hosp",2020-12-13,"quantile",0.45,117.397783763655
"3416",2020-12-12,"05","1  day ahead inc hosp",2020-12-13,"quantile",0.5,119.084723995602
"3417",2020-12-12,"05","1  day ahead inc hosp",2020-12-13,"quantile",0.55,120.771664227549
"3418",2020-12-12,"05","1  day ahead inc hosp",2020-12-13,"quantile",0.6,122.485781135471
"3419",2020-12-12,"05","1  day ahead inc hosp",2020-12-13,"quantile",0.65,124.257457005739
"3420",2020-12-12,"05","1  day ahead inc hosp",2020-12-13,"quantile",0.7,126.12453651298
"3421",2020-12-12,"05","1  day ahead inc hosp",2020-12-13,"quantile",0.75,128.139408861856
"3422",2020-12-12,"05","1  day ahead inc hosp",2020-12-13,"quantile",0.8,130.383064770292
"3423",2020-12-12,"05","1  day ahead inc hosp",2020-12-13,"quantile",0.85,132.99831975299
"3424",2020-12-12,"05","1  day ahead inc hosp",2020-12-13,"quantile",0.9,136.288907695187
"3425",2020-12-12,"05","1  day ahead inc hosp",2020-12-13,"quantile",0.95,141.166054718316
"3426",2020-12-12,"05","1  day ahead inc hosp",2020-12-13,"quantile",0.975,145.39625241254
"3427",2020-12-12,"05","1  day ahead inc hosp",2020-12-13,"quantile",0.99,150.314771424189
"3428",2020-12-12,"05","2  day ahead inc hosp",2020-12-14,"quantile",0.01,89.6456316527685
"3429",2020-12-12,"05","2  day ahead inc hosp",2020-12-14,"quantile",0.025,94.7949526637584
"3430",2020-12-12,"05","2  day ahead inc hosp",2020-12-14,"quantile",0.05,99.2236528102695
"3431",2020-12-12,"05","2  day ahead inc hosp",2020-12-14,"quantile",0.1,104.329660448016
"3432",2020-12-12,"05","2  day ahead inc hosp",2020-12-14,"quantile",0.15,107.774659560378
"3433",2020-12-12,"05","2  day ahead inc hosp",2020-12-14,"quantile",0.2,110.512635646189
"3434",2020-12-12,"05","2  day ahead inc hosp",2020-12-14,"quantile",0.25,112.861575333802
"3435",2020-12-12,"05","2  day ahead inc hosp",2020-12-14,"quantile",0.3,114.970995770311
"3436",2020-12-12,"05","2  day ahead inc hosp",2020-12-14,"quantile",0.35,116.925688171225
"3437",2020-12-12,"05","2  day ahead inc hosp",2020-12-14,"quantile",0.4,118.780500109905
"3438",2020-12-12,"05","2  day ahead inc hosp",2020-12-14,"quantile",0.45,120.575052126143
"3439",2020-12-12,"05","2  day ahead inc hosp",2020-12-14,"quantile",0.5,122.341152198151
"3440",2020-12-12,"05","2  day ahead inc hosp",2020-12-14,"quantile",0.55,124.10725227016
"3441",2020-12-12,"05","2  day ahead inc hosp",2020-12-14,"quantile",0.6,125.901804286397
"3442",2020-12-12,"05","2  day ahead inc hosp",2020-12-14,"quantile",0.65,127.756616225078
"3443",2020-12-12,"05","2  day ahead inc hosp",2020-12-14,"quantile",0.7,129.711308625992
"3444",2020-12-12,"05","2  day ahead inc hosp",2020-12-14,"quantile",0.75,131.820729062501
"3445",2020-12-12,"05","2  day ahead inc hosp",2020-12-14,"quantile",0.8,134.169668750113
"3446",2020-12-12,"05","2  day ahead inc hosp",2020-12-14,"quantile",0.85,136.907644835924
"3447",2020-12-12,"05","2  day ahead inc hosp",2020-12-14,"quantile",0.9,140.352643948286
"3448",2020-12-12,"05","2  day ahead inc hosp",2020-12-14,"quantile",0.95,145.458651586033
"3449",2020-12-12,"05","2  day ahead inc hosp",2020-12-14,"quantile",0.975,149.887351732544
"3450",2020-12-12,"05","2  day ahead inc hosp",2020-12-14,"quantile",0.99,155.036672743534
"3451",2020-12-12,"05","3  day ahead inc hosp",2020-12-15,"quantile",0.01,93.1428221886931
"3452",2020-12-12,"05","3  day ahead inc hosp",2020-12-15,"quantile",0.025,98.2926808254598
"3453",2020-12-12,"05","3  day ahead inc hosp",2020-12-15,"quantile",0.05,102.721843359799
"3454",2020-12-12,"05","3  day ahead inc hosp",2020-12-15,"quantile",0.1,107.828384101097
"3455",2020-12-12,"05","3  day ahead inc hosp",2020-12-15,"quantile",0.15,111.273742895895
"3456",2020-12-12,"05","3  day ahead inc hosp",2020-12-15,"quantile",0.2,114.012004845904
"3457",2020-12-12,"05","3  day ahead inc hosp",2020-12-15,"quantile",0.25,116.361189779544
"3458",2020-12-12,"05","3  day ahead inc hosp",2020-12-15,"quantile",0.3,118.470830454566
"3459",2020-12-12,"05","3  day ahead inc hosp",2020-12-15,"quantile",0.35,120.425726939284
"3460",2020-12-12,"05","3  day ahead inc hosp",2020-12-15,"quantile",0.4,122.280732533537
"3461",2020-12-12,"05","3  day ahead inc hosp",2020-12-15,"quantile",0.45,124.075471913782
"3462",2020-12-12,"05","3  day ahead inc hosp",2020-12-15,"quantile",0.5,125.841756379213
"3463",2020-12-12,"05","3  day ahead inc hosp",2020-12-15,"quantile",0.55,127.608040844644
"3464",2020-12-12,"05","3  day ahead inc hosp",2020-12-15,"quantile",0.6,129.402780224889
"3465",2020-12-12,"05","3  day ahead inc hosp",2020-12-15,"quantile",0.65,131.257785819142
"3466",2020-12-12,"05","3  day ahead inc hosp",2020-12-15,"quantile",0.7,133.21268230386
"3467",2020-12-12,"05","3  day ahead inc hosp",2020-12-15,"quantile",0.75,135.322322978882
"3468",2020-12-12,"05","3  day ahead inc hosp",2020-12-15,"quantile",0.8,137.671507912522
"3469",2020-12-12,"05","3  day ahead inc hosp",2020-12-15,"quantile",0.85,140.409769862531
"3470",2020-12-12,"05","3  day ahead inc hosp",2020-12-15,"quantile",0.9,143.855128657329
"3471",2020-12-12,"05","3  day ahead inc hosp",2020-12-15,"quantile",0.95,148.961669398628
"3472",2020-12-12,"05","3  day ahead inc hosp",2020-12-15,"quantile",0.975,153.390831932967
"3473",2020-12-12,"05","3  day ahead inc hosp",2020-12-15,"quantile",0.99,158.540690569733
"3474",2020-12-12,"05","4  day ahead inc hosp",2020-12-16,"quantile",0.01,95.0483163913385
"3475",2020-12-12,"05","4  day ahead inc hosp",2020-12-16,"quantile",0.025,100.274143662156
"3476",2020-12-12,"05","4  day ahead inc hosp",2020-12-16,"quantile",0.05,104.768643412806
"3477",2020-12-12,"05","4  day ahead inc hosp",2020-12-16,"quantile",0.1,109.950513780062
"3478",2020-12-12,"05","4  day ahead inc hosp",2020-12-16,"quantile",0.15,113.446697115865
"3479",2020-12-12,"05","4  day ahead inc hosp",2020-12-16,"quantile",0.2,116.225352799894
"3480",2020-12-12,"05","4  day ahead inc hosp",2020-12-16,"quantile",0.25,118.609191960598
"3481",2020-12-12,"05","4  day ahead inc hosp",2020-12-16,"quantile",0.3,120.749953202556
"3482",2020-12-12,"05","4  day ahead inc hosp",2020-12-16,"quantile",0.35,122.733687530433
"3483",2020-12-12,"05","4  day ahead inc hosp",2020-12-16,"quantile",0.4,124.616057417784
"3484",2020-12-12,"05","4  day ahead inc hosp",2020-12-16,"quantile",0.45,126.437272068286
"3485",2020-12-12,"05","4  day ahead inc hosp",2020-12-16,"quantile",0.5,128.229612048567
"3486",2020-12-12,"05","4  day ahead inc hosp",2020-12-16,"quantile",0.55,130.021952028847
"3487",2020-12-12,"05","4  day ahead inc hosp",2020-12-16,"quantile",0.6,131.843166679349
"3488",2020-12-12,"05","4  day ahead inc hosp",2020-12-16,"quantile",0.65,133.725536566701
"3489",2020-12-12,"05","4  day ahead inc hosp",2020-12-16,"quantile",0.7,135.709270894577
"3490",2020-12-12,"05","4  day ahead inc hosp",2020-12-16,"quantile",0.75,137.850032136536
"3491",2020-12-12,"05","4  day ahead inc hosp",2020-12-16,"quantile",0.8,140.233871297239
"3492",2020-12-12,"05","4  day ahead inc hosp",2020-12-16,"quantile",0.85,143.012526981268
"3493",2020-12-12,"05","4  day ahead inc hosp",2020-12-16,"quantile",0.9,146.508710317071
"3494",2020-12-12,"05","4  day ahead inc hosp",2020-12-16,"quantile",0.95,151.690580684328
"3495",2020-12-12,"05","4  day ahead inc hosp",2020-12-16,"quantile",0.975,156.185080434978
"3496",2020-12-12,"05","4  day ahead inc hosp",2020-12-16,"quantile",0.99,161.410907705795
"3497",2020-12-12,"05","5  day ahead inc hosp",2020-12-17,"quantile",0.01,95.6283953393798
"3498",2020-12-12,"05","5  day ahead inc hosp",2020-12-17,"quantile",0.025,101.033108733789
"3499",2020-12-12,"05","5  day ahead inc hosp",2020-12-17,"quantile",0.05,105.681460419494
"3500",2020-12-12,"05","5  day ahead inc hosp",2020-12-17,"quantile",0.1,111.040712214593
"3501",2020-12-12,"05","5  day ahead inc hosp",2020-12-17,"quantile",0.15,114.656573957641
"3502",2020-12-12,"05","5  day ahead inc hosp",2020-12-17,"quantile",0.2,117.530346245865
"3503",2020-12-12,"05","5  day ahead inc hosp",2020-12-17,"quantile",0.25,119.995786983626
"3504",2020-12-12,"05","5  day ahead inc hosp",2020-12-17,"quantile",0.3,122.209828963784
"3505",2020-12-12,"05","5  day ahead inc hosp",2020-12-17,"quantile",0.35,124.261468816615
"3506",2020-12-12,"05","5  day ahead inc hosp",2020-12-17,"quantile",0.4,126.208274406654
"3507",2020-12-12,"05","5  day ahead inc hosp",2020-12-17,"quantile",0.45,128.091831345214
"3508",2020-12-12,"05","5  day ahead inc hosp",2020-12-17,"quantile",0.5,129.945525200128
"3509",2020-12-12,"05","5  day ahead inc hosp",2020-12-17,"quantile",0.55,131.799219055042
"3510",2020-12-12,"05","5  day ahead inc hosp",2020-12-17,"quantile",0.6,133.682775993602
"3511",2020-12-12,"05","5  day ahead inc hosp",2020-12-17,"quantile",0.65,135.62958158364
"3512",2020-12-12,"05","5  day ahead inc hosp",2020-12-17,"quantile",0.7,137.681221436472
"3513",2020-12-12,"05","5  day ahead inc hosp",2020-12-17,"quantile",0.75,139.89526341663
"3514",2020-12-12,"05","5  day ahead inc hosp",2020-12-17,"quantile",0.8,142.36070415439
"3515",2020-12-12,"05","5  day ahead inc hosp",2020-12-17,"quantile",0.85,145.234476442615
"3516",2020-12-12,"05","5  day ahead inc hosp",2020-12-17,"quantile",0.9,148.850338185663
"3517",2020-12-12,"05","5  day ahead inc hosp",2020-12-17,"quantile",0.95,154.209589980761
"3518",2020-12-12,"05","5  day ahead inc hosp",2020-12-17,"quantile",0.975,158.857941666466
"3519",2020-12-12,"05","5  day ahead inc hosp",2020-12-17,"quantile",0.99,164.262655060876
"3520",2020-12-12,"05","6  day ahead inc hosp",2020-12-18,"quantile",0.01,95.3271494982159
"3521",2020-12-12,"05","6  day ahead inc hosp",2020-12-18,"quantile",0.025,100.985647515669
"3522",2020-12-12,"05","6  day ahead inc hosp",2020-12-18,"quantile",0.05,105.852267977948
"3523",2020-12-12,"05","6  day ahead inc hosp",2020-12-18,"quantile",0.1,111.463169693655
"3524",2020-12-12,"05","6  day ahead inc hosp",2020-12-18,"quantile",0.15,115.248818443427
"3525",2020-12-12,"05","6  day ahead inc hosp",2020-12-18,"quantile",0.2,118.257532062238
"3526",2020-12-12,"05","6  day ahead inc hosp",2020-12-18,"quantile",0.25,120.838740446238
"3527",2020-12-12,"05","6  day ahead inc hosp",2020-12-18,"quantile",0.3,123.156745350668
"3528",2020-12-12,"05","6  day ahead inc hosp",2020-12-18,"quantile",0.35,125.304722346411
"3529",2020-12-12,"05","6  day ahead inc hosp",2020-12-18,"quantile",0.4,127.342942464242
"3530",2020-12-12,"05","6  day ahead inc hosp",2020-12-18,"quantile",0.45,129.314944016374
"3531",2020-12-12,"05","6  day ahead inc hosp",2020-12-18,"quantile",0.5,131.255680228926
"3532",2020-12-12,"05","6  day ahead inc hosp",2020-12-18,"quantile",0.55,133.196416441478
"3533",2020-12-12,"05","6  day ahead inc hosp",2020-12-18,"quantile",0.6,135.16841799361
"3534",2020-12-12,"05","6  day ahead inc hosp",2020-12-18,"quantile",0.65,137.206638111441
"3535",2020-12-12,"05","6  day ahead inc hosp",2020-12-18,"quantile",0.7,139.354615107184
"3536",2020-12-12,"05","6  day ahead inc hosp",2020-12-18,"quantile",0.75,141.672620011615
"3537",2020-12-12,"05","6  day ahead inc hosp",2020-12-18,"quantile",0.8,144.253828395614
"3538",2020-12-12,"05","6  day ahead inc hosp",2020-12-18,"quantile",0.85,147.262542014425
"3539",2020-12-12,"05","6  day ahead inc hosp",2020-12-18,"quantile",0.9,151.048190764197
"3540",2020-12-12,"05","6  day ahead inc hosp",2020-12-18,"quantile",0.95,156.659092479904
"3541",2020-12-12,"05","6  day ahead inc hosp",2020-12-18,"quantile",0.975,161.525712942183
"3542",2020-12-12,"05","6  day ahead inc hosp",2020-12-18,"quantile",0.99,167.184210959636
"3543",2020-12-12,"05","7  day ahead inc hosp",2020-12-19,"quantile",0.01,94.5114853913782
"3544",2020-12-12,"05","7  day ahead inc hosp",2020-12-19,"quantile",0.025,100.466196347414
"3545",2020-12-12,"05","7  day ahead inc hosp",2020-12-19,"quantile",0.05,105.58757627831
"3546",2020-12-12,"05","7  day ahead inc hosp",2020-12-19,"quantile",0.1,111.492199345546
"3547",2020-12-12,"05","7  day ahead inc hosp",2020-12-19,"quantile",0.15,115.476020496749
"3548",2020-12-12,"05","7  day ahead inc hosp",2020-12-19,"quantile",0.2,118.642235258025
"3549",2020-12-12,"05","7  day ahead inc hosp",2020-12-19,"quantile",0.25,121.358565598092
"3550",2020-12-12,"05","7  day ahead inc hosp",2020-12-19,"quantile",0.3,123.79791419519
"3551",2020-12-12,"05","7  day ahead inc hosp",2020-12-19,"quantile",0.35,126.058334206014
"3552",2020-12-12,"05","7  day ahead inc hosp",2020-12-19,"quantile",0.4,128.203251749332
"3553",2020-12-12,"05","7  day ahead inc hosp",2020-12-19,"quantile",0.45,130.278484295421
"3554",2020-12-12,"05","7  day ahead inc hosp",2020-12-19,"quantile",0.5,132.320814813522
"3555",2020-12-12,"05","7  day ahead inc hosp",2020-12-19,"quantile",0.55,134.363145331624
"3556",2020-12-12,"05","7  day ahead inc hosp",2020-12-19,"quantile",0.6,136.438377877712
"3557",2020-12-12,"05","7  day ahead inc hosp",2020-12-19,"quantile",0.65,138.58329542103
"3558",2020-12-12,"05","7  day ahead inc hosp",2020-12-19,"quantile",0.7,140.843715431855
"3559",2020-12-12,"05","7  day ahead inc hosp",2020-12-19,"quantile",0.75,143.283064028953
"3560",2020-12-12,"05","7  day ahead inc hosp",2020-12-19,"quantile",0.8,145.99939436902
"3561",2020-12-12,"05","7  day ahead inc hosp",2020-12-19,"quantile",0.85,149.165609130295
"3562",2020-12-12,"05","7  day ahead inc hosp",2020-12-19,"quantile",0.9,153.149430281498
"3563",2020-12-12,"05","7  day ahead inc hosp",2020-12-19,"quantile",0.95,159.054053348734
"3564",2020-12-12,"05","7  day ahead inc hosp",2020-12-19,"quantile",0.975,164.175433279631
"3565",2020-12-12,"05","7  day ahead inc hosp",2020-12-19,"quantile",0.99,170.130144235667
"3566",2020-12-12,"05","8  day ahead inc hosp",2020-12-20,"quantile",0.01,93.3562859887251
"3567",2020-12-12,"05","8  day ahead inc hosp",2020-12-20,"quantile",0.025,99.6261711653251
"3568",2020-12-12,"05","8  day ahead inc hosp",2020-12-20,"quantile",0.05,105.018618313396
"3569",2020-12-12,"05","8  day ahead inc hosp",2020-12-20,"quantile",0.1,111.235764521836
"3570",2020-12-12,"05","8  day ahead inc hosp",2020-12-20,"quantile",0.15,115.430443552702
"3571",2020-12-12,"05","8  day ahead inc hosp",2020-12-20,"quantile",0.2,118.764241472403
"3572",2020-12-12,"05","8  day ahead inc hosp",2020-12-20,"quantile",0.25,121.624343240512
"3573",2020-12-12,"05","8  day ahead inc hosp",2020-12-20,"quantile",0.3,124.192803023434
"3574",2020-12-12,"05","8  day ahead inc hosp",2020-12-20,"quantile",0.35,126.572863789338
"3575",2020-12-12,"05","8  day ahead inc hosp",2020-12-20,"quantile",0.4,128.831308709531
"3576",2020-12-12,"05","8  day ahead inc hosp",2020-12-20,"quantile",0.45,131.016380306589
"3577",2020-12-12,"05","8  day ahead inc hosp",2020-12-20,"quantile",0.5,133.166808419003
"3578",2020-12-12,"05","8  day ahead inc hosp",2020-12-20,"quantile",0.55,135.317236531417
"3579",2020-12-12,"05","8  day ahead inc hosp",2020-12-20,"quantile",0.6,137.502308128474
"3580",2020-12-12,"05","8  day ahead inc hosp",2020-12-20,"quantile",0.65,139.760753048668
"3581",2020-12-12,"05","8  day ahead inc hosp",2020-12-20,"quantile",0.7,142.140813814572
"3582",2020-12-12,"05","8  day ahead inc hosp",2020-12-20,"quantile",0.75,144.709273597494
"3583",2020-12-12,"05","8  day ahead inc hosp",2020-12-20,"quantile",0.8,147.569375365602
"3584",2020-12-12,"05","8  day ahead inc hosp",2020-12-20,"quantile",0.85,150.903173285304
"3585",2020-12-12,"05","8  day ahead inc hosp",2020-12-20,"quantile",0.9,155.09785231617
"3586",2020-12-12,"05","8  day ahead inc hosp",2020-12-20,"quantile",0.95,161.314998524609
"3587",2020-12-12,"05","8  day ahead inc hosp",2020-12-20,"quantile",0.975,166.707445672681
"3588",2020-12-12,"05","8  day ahead inc hosp",2020-12-20,"quantile",0.99,172.977330849281
"3589",2020-12-12,"05","9  day ahead inc hosp",2020-12-21,"quantile",0.01,92.1530491267957
"3590",2020-12-12,"05","9  day ahead inc hosp",2020-12-21,"quantile",0.025,98.7428136829651
"3591",2020-12-12,"05","9  day ahead inc hosp",2020-12-21,"quantile",0.05,104.410374744529
"3592",2020-12-12,"05","9  day ahead inc hosp",2020-12-21,"quantile",0.1,110.944709675861
"3593",2020-12-12,"05","9  day ahead inc hosp",2020-12-21,"quantile",0.15,115.353394432207
"3594",2020-12-12,"05","9  day ahead inc hosp",2020-12-21,"quantile",0.2,118.857277318399
"3595",2020-12-12,"05","9  day ahead inc hosp",2020-12-21,"quantile",0.25,121.863296843104
"3596",2020-12-12,"05","9  day ahead inc hosp",2020-12-21,"quantile",0.3,124.562795281228
"3597",2020-12-12,"05","9  day ahead inc hosp",2020-12-21,"quantile",0.35,127.06428288984
"3598",2020-12-12,"05","9  day ahead inc hosp",2020-12-21,"quantile",0.4,129.437950009406
"3599",2020-12-12,"05","9  day ahead inc hosp",2020-12-21,"quantile",0.45,131.734500417812
"3600",2020-12-12,"05","9  day ahead inc hosp",2020-12-21,"quantile",0.5,133.994639887138
"3601",2020-12-12,"05","9  day ahead inc hosp",2020-12-21,"quantile",0.55,136.254779356465
"3602",2020-12-12,"05","9  day ahead inc hosp",2020-12-21,"quantile",0.6,138.551329764871
"3603",2020-12-12,"05","9  day ahead inc hosp",2020-12-21,"quantile",0.65,140.924996884437
"3604",2020-12-12,"05","9  day ahead inc hosp",2020-12-21,"quantile",0.7,143.426484493049
"3605",2020-12-12,"05","9  day ahead inc hosp",2020-12-21,"quantile",0.75,146.125982931173
"3606",2020-12-12,"05","9  day ahead inc hosp",2020-12-21,"quantile",0.8,149.132002455878
"3607",2020-12-12,"05","9  day ahead inc hosp",2020-12-21,"quantile",0.85,152.63588534207
"3608",2020-12-12,"05","9  day ahead inc hosp",2020-12-21,"quantile",0.9,157.044570098415
"3609",2020-12-12,"05","9  day ahead inc hosp",2020-12-21,"quantile",0.95,163.578905029747
"3610",2020-12-12,"05","9  day ahead inc hosp",2020-12-21,"quantile",0.975,169.246466091311
"3611",2020-12-12,"05","9  day ahead inc hosp",2020-12-21,"quantile",0.99,175.836230647481
"3612",2020-12-12,"05","10  day ahead inc hosp",2020-12-22,"quantile",0.01,90.9156737594597
"3613",2020-12-12,"05","10  day ahead inc hosp",2020-12-22,"quantile",0.025,97.8221972037579
"3614",2020-12-12,"05","10  day ahead inc hosp",2020-12-22,"quantile",0.05,103.762188384025
"3615",2020-12-12,"05","10  day ahead inc hosp",2020-12-22,"quantile",0.1,110.610617794738
"3616",2020-12-12,"05","10  day ahead inc hosp",2020-12-22,"quantile",0.15,115.231220605154
"3617",2020-12-12,"05","10  day ahead inc hosp",2020-12-22,"quantile",0.2,118.903529242783
"3618",2020-12-12,"05","10  day ahead inc hosp",2020-12-22,"quantile",0.25,122.054043065307
"3619",2020-12-12,"05","10  day ahead inc hosp",2020-12-22,"quantile",0.3,124.883301848657
"3620",2020-12-12,"05","10  day ahead inc hosp",2020-12-22,"quantile",0.35,127.505031755278
"3621",2020-12-12,"05","10  day ahead inc hosp",2020-12-22,"quantile",0.4,129.992797057134
"3622",2020-12-12,"05","10  day ahead inc hosp",2020-12-22,"quantile",0.45,132.399738777354
"3623",2020-12-12,"05","10  day ahead inc hosp",2020-12-22,"quantile",0.5,134.768519345951
"3624",2020-12-12,"05","10  day ahead inc hosp",2020-12-22,"quantile",0.55,137.137299914549
"3625",2020-12-12,"05","10  day ahead inc hosp",2020-12-22,"quantile",0.6,139.544241634769
"3626",2020-12-12,"05","10  day ahead inc hosp",2020-12-22,"quantile",0.65,142.032006936625
"3627",2020-12-12,"05","10  day ahead inc hosp",2020-12-22,"quantile",0.7,144.653736843246
"3628",2020-12-12,"05","10  day ahead inc hosp",2020-12-22,"quantile",0.75,147.482995626596
"3629",2020-12-12,"05","10  day ahead inc hosp",2020-12-22,"quantile",0.8,150.63350944912
"3630",2020-12-12,"05","10  day ahead inc hosp",2020-12-22,"quantile",0.85,154.305818086749
"3631",2020-12-12,"05","10  day ahead inc hosp",2020-12-22,"quantile",0.9,158.926420897165
"3632",2020-12-12,"05","10  day ahead inc hosp",2020-12-22,"quantile",0.95,165.774850307878
"3633",2020-12-12,"05","10  day ahead inc hosp",2020-12-22,"quantile",0.975,171.714841488145
"3634",2020-12-12,"05","10  day ahead inc hosp",2020-12-22,"quantile",0.99,178.621364932443
"3635",2020-12-12,"05","11  day ahead inc hosp",2020-12-23,"quantile",0.01,89.6904057486717
"3636",2020-12-12,"05","11  day ahead inc hosp",2020-12-23,"quantile",0.025,96.9066502266065
"3637",2020-12-12,"05","11  day ahead inc hosp",2020-12-23,"quantile",0.05,103.11301858245
"3638",2020-12-12,"05","11  day ahead inc hosp",2020-12-23,"quantile",0.1,110.268563816772
"3639",2020-12-12,"05","11  day ahead inc hosp",2020-12-23,"quantile",0.15,115.096376215342
"3640",2020-12-12,"05","11  day ahead inc hosp",2020-12-23,"quantile",0.2,118.933368464958
"3641",2020-12-12,"05","11  day ahead inc hosp",2020-12-23,"quantile",0.25,122.22516616286
"3642",2020-12-12,"05","11  day ahead inc hosp",2020-12-23,"quantile",0.3,125.181302232861
"3643",2020-12-12,"05","11  day ahead inc hosp",2020-12-23,"quantile",0.35,127.920602854059
"3644",2020-12-12,"05","11  day ahead inc hosp",2020-12-23,"quantile",0.4,130.519931266785
"3645",2020-12-12,"05","11  day ahead inc hosp",2020-12-23,"quantile",0.45,133.03481158788
"3646",2020-12-12,"05","11  day ahead inc hosp",2020-12-23,"quantile",0.5,135.509819431616
"3647",2020-12-12,"05","11  day ahead inc hosp",2020-12-23,"quantile",0.55,137.984827275351
"3648",2020-12-12,"05","11  day ahead inc hosp",2020-12-23,"quantile",0.6,140.499707596446
"3649",2020-12-12,"05","11  day ahead inc hosp",2020-12-23,"quantile",0.65,143.099036009172
"3650",2020-12-12,"05","11  day ahead inc hosp",2020-12-23,"quantile",0.7,145.83833663037
"3651",2020-12-12,"05","11  day ahead inc hosp",2020-12-23,"quantile",0.75,148.794472700371
"3652",2020-12-12,"05","11  day ahead inc hosp",2020-12-23,"quantile",0.8,152.086270398274
"3653",2020-12-12,"05","11  day ahead inc hosp",2020-12-23,"quantile",0.85,155.923262647889
"3654",2020-12-12,"05","11  day ahead inc hosp",2020-12-23,"quantile",0.9,160.751075046459
"3655",2020-12-12,"05","11  day ahead inc hosp",2020-12-23,"quantile",0.95,167.906620280781
"3656",2020-12-12,"05","11  day ahead inc hosp",2020-12-23,"quantile",0.975,174.112988636625
"3657",2020-12-12,"05","11  day ahead inc hosp",2020-12-23,"quantile",0.99,181.32923311456
"3658",2020-12-12,"05","12  day ahead inc hosp",2020-12-24,"quantile",0.01,88.5009655623744
"3659",2020-12-12,"05","12  day ahead inc hosp",2020-12-24,"quantile",0.025,96.0181900218416
"3660",2020-12-12,"05","12  day ahead inc hosp",2020-12-24,"quantile",0.05,102.483417766227
"3661",2020-12-12,"05","12  day ahead inc hosp",2020-12-24,"quantile",0.1,109.937411297175
"3662",2020-12-12,"05","12  day ahead inc hosp",2020-12-24,"quantile",0.15,114.966585344593
"3663",2020-12-12,"05","12  day ahead inc hosp",2020-12-24,"quantile",0.2,118.963613449418
"3664",2020-12-12,"05","12  day ahead inc hosp",2020-12-24,"quantile",0.25,122.392707661228
"3665",2020-12-12,"05","12  day ahead inc hosp",2020-12-24,"quantile",0.3,125.472140244044
"3666",2020-12-12,"05","12  day ahead inc hosp",2020-12-24,"quantile",0.35,128.325693459221
"3667",2020-12-12,"05","12  day ahead inc hosp",2020-12-24,"quantile",0.4,131.033436410846
"3668",2020-12-12,"05","12  day ahead inc hosp",2020-12-24,"quantile",0.45,133.653209052997
"3669",2020-12-12,"05","12  day ahead inc hosp",2020-12-24,"quantile",0.5,136.231446189667
"3670",2020-12-12,"05","12  day ahead inc hosp",2020-12-24,"quantile",0.55,138.809683326337
"3671",2020-12-12,"05","12  day ahead inc hosp",2020-12-24,"quantile",0.6,141.429455968488
"3672",2020-12-12,"05","12  day ahead inc hosp",2020-12-24,"quantile",0.65,144.137198920113
"3673",2020-12-12,"05","12  day ahead inc hosp",2020-12-24,"quantile",0.7,146.990752135289
"3674",2020-12-12,"05","12  day ahead inc hosp",2020-12-24,"quantile",0.75,150.070184718106
"3675",2020-12-12,"05","12  day ahead inc hosp",2020-12-24,"quantile",0.8,153.499278929915
"3676",2020-12-12,"05","12  day ahead inc hosp",2020-12-24,"quantile",0.85,157.496307034741
"3677",2020-12-12,"05","12  day ahead inc hosp",2020-12-24,"quantile",0.9,162.525481082158
"3678",2020-12-12,"05","12  day ahead inc hosp",2020-12-24,"quantile",0.95,169.979474613106
"3679",2020-12-12,"05","12  day ahead inc hosp",2020-12-24,"quantile",0.975,176.444702357492
"3680",2020-12-12,"05","12  day ahead inc hosp",2020-12-24,"quantile",0.99,183.961926816959
"3681",2020-12-12,"05","13  day ahead inc hosp",2020-12-25,"quantile",0.01,87.358368798691
"3682",2020-12-12,"05","13  day ahead inc hosp",2020-12-25,"quantile",0.025,95.1673247171538
"3683",2020-12-12,"05","13  day ahead inc hosp",2020-12-25,"quantile",0.05,101.883457610478
"3684",2020-12-12,"05","13  day ahead inc hosp",2020-12-25,"quantile",0.1,109.626728709211
"3685",2020-12-12,"05","13  day ahead inc hosp",2020-12-25,"quantile",0.15,114.851076958264
"3686",2020-12-12,"05","13  day ahead inc hosp",2020-12-25,"quantile",0.2,119.003223331402
"3687",2020-12-12,"05","13  day ahead inc hosp",2020-12-25,"quantile",0.25,122.565395205431
"3688",2020-12-12,"05","13  day ahead inc hosp",2020-12-25,"quantile",0.3,125.764335641859
"3689",2020-12-12,"05","13  day ahead inc hosp",2020-12-25,"quantile",0.35,128.728630693636
"3690",2020-12-12,"05","13  day ahead inc hosp",2020-12-25,"quantile",0.4,131.541456818728
"3691",2020-12-12,"05","13  day ahead inc hosp",2020-12-25,"quantile",0.45,134.262898647326
"3692",2020-12-12,"05","13  day ahead inc hosp",2020-12-25,"quantile",0.5,136.941193043902
"3693",2020-12-12,"05","13  day ahead inc hosp",2020-12-25,"quantile",0.55,139.619487440479
"3694",2020-12-12,"05","13  day ahead inc hosp",2020-12-25,"quantile",0.6,142.340929269077
"3695",2020-12-12,"05","13  day ahead inc hosp",2020-12-25,"quantile",0.65,145.153755394169
"3696",2020-12-12,"05","13  day ahead inc hosp",2020-12-25,"quantile",0.7,148.118050445946
"3697",2020-12-12,"05","13  day ahead inc hosp",2020-12-25,"quantile",0.75,151.316990882374
"3698",2020-12-12,"05","13  day ahead inc hosp",2020-12-25,"quantile",0.8,154.879162756403
"3699",2020-12-12,"05","13  day ahead inc hosp",2020-12-25,"quantile",0.85,159.03130912954
"3700",2020-12-12,"05","13  day ahead inc hosp",2020-12-25,"quantile",0.9,164.255657378594
"3701",2020-12-12,"05","13  day ahead inc hosp",2020-12-25,"quantile",0.95,171.998928477327
"3702",2020-12-12,"05","13  day ahead inc hosp",2020-12-25,"quantile",0.975,178.715061370651
"3703",2020-12-12,"05","13  day ahead inc hosp",2020-12-25,"quantile",0.99,186.524017289114
"3704",2020-12-12,"05","14  day ahead inc hosp",2020-12-26,"quantile",0.01,86.2666376846322
"3705",2020-12-12,"05","14  day ahead inc hosp",2020-12-26,"quantile",0.025,94.358184248702
"3706",2020-12-12,"05","14  day ahead inc hosp",2020-12-26,"quantile",0.05,101.317360687172
"3707",2020-12-12,"05","14  day ahead inc hosp",2020-12-26,"quantile",0.1,109.340845428004
"3708",2020-12-12,"05","14  day ahead inc hosp",2020-12-26,"quantile",0.15,114.754252491064
"3709",2020-12-12,"05","14  day ahead inc hosp",2020-12-26,"quantile",0.2,119.056656816288
"3710",2020-12-12,"05","14  day ahead inc hosp",2020-12-26,"quantile",0.25,122.747736633985
"3711",2020-12-12,"05","14  day ahead inc hosp",2020-12-26,"quantile",0.3,126.062440387894
"3712",2020-12-12,"05","14  day ahead inc hosp",2020-12-26,"quantile",0.35,129.134007405502
"3713",2020-12-12,"05","14  day ahead inc hosp",2020-12-26,"quantile",0.4,132.048624136017
"3714",2020-12-12,"05","14  day ahead inc hosp",2020-12-26,"quantile",0.45,134.868549553376
"3715",2020-12-12,"05","14  day ahead inc hosp",2020-12-26,"quantile",0.5,137.643766118621
"3716",2020-12-12,"05","14  day ahead inc hosp",2020-12-26,"quantile",0.55,140.418982683867
"3717",2020-12-12,"05","14  day ahead inc hosp",2020-12-26,"quantile",0.6,143.238908101225
"3718",2020-12-12,"05","14  day ahead inc hosp",2020-12-26,"quantile",0.65,146.153524831741
"3719",2020-12-12,"05","14  day ahead inc hosp",2020-12-26,"quantile",0.7,149.225091849348
"3720",2020-12-12,"05","14  day ahead inc hosp",2020-12-26,"quantile",0.75,152.539795603258
"3721",2020-12-12,"05","14  day ahead inc hosp",2020-12-26,"quantile",0.8,156.230875420955
"3722",2020-12-12,"05","14  day ahead inc hosp",2020-12-26,"quantile",0.85,160.533279746179
"3723",2020-12-12,"05","14  day ahead inc hosp",2020-12-26,"quantile",0.9,165.946686809239
"3724",2020-12-12,"05","14  day ahead inc hosp",2020-12-26,"quantile",0.95,173.970171550071
"3725",2020-12-12,"05","14  day ahead inc hosp",2020-12-26,"quantile",0.975,180.929347988541
"3726",2020-12-12,"05","14  day ahead inc hosp",2020-12-26,"quantile",0.99,189.02089455261
"3727",2020-12-12,"05","15  day ahead inc hosp",2020-12-27,"quantile",0.01,82.7455674530395
"3728",2020-12-12,"05","15  day ahead inc hosp",2020-12-27,"quantile",0.025,91.1109660655417
"3729",2020-12-12,"05","15  day ahead inc hosp",2020-12-27,"quantile",0.05,98.3056703734967
"3730",2020-12-12,"05","15  day ahead inc hosp",2020-12-27,"quantile",0.1,106.600703663725
"3731",2020-12-12,"05","15  day ahead inc hosp",2020-12-27,"quantile",0.15,112.197323243883
"3732",2020-12-12,"05","15  day ahead inc hosp",2020-12-27,"quantile",0.2,116.645339069741
"3733",2020-12-12,"05","15  day ahead inc hosp",2020-12-27,"quantile",0.25,120.461340589489
"3734",2020-12-12,"05","15  day ahead inc hosp",2020-12-27,"quantile",0.3,123.888227892707
"3735",2020-12-12,"05","15  day ahead inc hosp",2020-12-27,"quantile",0.35,127.06374968744
"3736",2020-12-12,"05","15  day ahead inc hosp",2020-12-27,"quantile",0.4,130.077009335688
"3737",2020-12-12,"05","15  day ahead inc hosp",2020-12-27,"quantile",0.45,132.992372917538
"3738",2020-12-12,"05","15  day ahead inc hosp",2020-12-27,"quantile",0.5,135.861514511233
"3739",2020-12-12,"05","15  day ahead inc hosp",2020-12-27,"quantile",0.55,138.730656104928
"3740",2020-12-12,"05","15  day ahead inc hosp",2020-12-27,"quantile",0.6,141.646019686778
"3741",2020-12-12,"05","15  day ahead inc hosp",2020-12-27,"quantile",0.65,144.659279335026
"3742",2020-12-12,"05","15  day ahead inc hosp",2020-12-27,"quantile",0.7,147.834801129759
"3743",2020-12-12,"05","15  day ahead inc hosp",2020-12-27,"quantile",0.75,151.261688432977
"3744",2020-12-12,"05","15  day ahead inc hosp",2020-12-27,"quantile",0.8,155.077689952725
"3745",2020-12-12,"05","15  day ahead inc hosp",2020-12-27,"quantile",0.85,159.525705778583
"3746",2020-12-12,"05","15  day ahead inc hosp",2020-12-27,"quantile",0.9,165.122325358741
"3747",2020-12-12,"05","15  day ahead inc hosp",2020-12-27,"quantile",0.95,173.417358648969
"3748",2020-12-12,"05","15  day ahead inc hosp",2020-12-27,"quantile",0.975,180.612062956924
"3749",2020-12-12,"05","15  day ahead inc hosp",2020-12-27,"quantile",0.99,188.977461569427
"3750",2020-12-12,"05","16  day ahead inc hosp",2020-12-28,"quantile",0.01,81.7545321278726
"3751",2020-12-12,"05","16  day ahead inc hosp",2020-12-28,"quantile",0.025,90.3855682518547
"3752",2020-12-12,"05","16  day ahead inc hosp",2020-12-28,"quantile",0.05,97.8087354743374
"3753",2020-12-12,"05","16  day ahead inc hosp",2020-12-28,"quantile",0.1,106.367171873362
"3754",2020-12-12,"05","16  day ahead inc hosp",2020-12-28,"quantile",0.15,112.141508280517
"3755",2020-12-12,"05","16  day ahead inc hosp",2020-12-28,"quantile",0.2,116.730767806733
"3756",2020-12-12,"05","16  day ahead inc hosp",2020-12-28,"quantile",0.25,120.667943844811
"3757",2020-12-12,"05","16  day ahead inc hosp",2020-12-28,"quantile",0.3,124.203649610546
"3758",2020-12-12,"05","16  day ahead inc hosp",2020-12-28,"quantile",0.35,127.480007927993
"3759",2020-12-12,"05","16  day ahead inc hosp",2020-12-28,"quantile",0.4,130.588951575471
"3760",2020-12-12,"05","16  day ahead inc hosp",2020-12-28,"quantile",0.45,133.596890533919
"3761",2020-12-12,"05","16  day ahead inc hosp",2020-12-28,"quantile",0.5,136.557139756591
"3762",2020-12-12,"05","16  day ahead inc hosp",2020-12-28,"quantile",0.55,139.517388979264
"3763",2020-12-12,"05","16  day ahead inc hosp",2020-12-28,"quantile",0.6,142.525327937711
"3764",2020-12-12,"05","16  day ahead inc hosp",2020-12-28,"quantile",0.65,145.63427158519
"3765",2020-12-12,"05","16  day ahead inc hosp",2020-12-28,"quantile",0.7,148.910629902637
"3766",2020-12-12,"05","16  day ahead inc hosp",2020-12-28,"quantile",0.75,152.446335668371
"3767",2020-12-12,"05","16  day ahead inc hosp",2020-12-28,"quantile",0.8,156.383511706449
"3768",2020-12-12,"05","16  day ahead inc hosp",2020-12-28,"quantile",0.85,160.972771232666
"3769",2020-12-12,"05","16  day ahead inc hosp",2020-12-28,"quantile",0.9,166.74710763982
"3770",2020-12-12,"05","16  day ahead inc hosp",2020-12-28,"quantile",0.95,175.305544038845
"3771",2020-12-12,"05","16  day ahead inc hosp",2020-12-28,"quantile",0.975,182.728711261328
"3772",2020-12-12,"05","16  day ahead inc hosp",2020-12-28,"quantile",0.99,191.35974738531
"3773",2020-12-12,"05","17  day ahead inc hosp",2020-12-29,"quantile",0.01,80.8105470118673
"3774",2020-12-12,"05","17  day ahead inc hosp",2020-12-29,"quantile",0.025,89.6995617812208
"3775",2020-12-12,"05","17  day ahead inc hosp",2020-12-29,"quantile",0.05,97.3446048708546
"3776",2020-12-12,"05","17  day ahead inc hosp",2020-12-29,"quantile",0.1,106.158849934911
"3777",2020-12-12,"05","17  day ahead inc hosp",2020-12-29,"quantile",0.15,112.105779233908
"3778",2020-12-12,"05","17  day ahead inc hosp",2020-12-29,"quantile",0.2,116.832210119256
"3779",2020-12-12,"05","17  day ahead inc hosp",2020-12-29,"quantile",0.25,120.887066969498
"3780",2020-12-12,"05","17  day ahead inc hosp",2020-12-29,"quantile",0.3,124.528453741635
"3781",2020-12-12,"05","17  day ahead inc hosp",2020-12-29,"quantile",0.35,127.902741261131
"3782",2020-12-12,"05","17  day ahead inc hosp",2020-12-29,"quantile",0.4,131.104610144838
"3783",2020-12-12,"05","17  day ahead inc hosp",2020-12-29,"quantile",0.45,134.202455344751
"3784",2020-12-12,"05","17  day ahead inc hosp",2020-12-29,"quantile",0.5,137.251185379397
"3785",2020-12-12,"05","17  day ahead inc hosp",2020-12-29,"quantile",0.55,140.299915414044
"3786",2020-12-12,"05","17  day ahead inc hosp",2020-12-29,"quantile",0.6,143.397760613957
"3787",2020-12-12,"05","17  day ahead inc hosp",2020-12-29,"quantile",0.65,146.599629497663
"3788",2020-12-12,"05","17  day ahead inc hosp",2020-12-29,"quantile",0.7,149.97391701716
"3789",2020-12-12,"05","17  day ahead inc hosp",2020-12-29,"quantile",0.75,153.615303789297
"3790",2020-12-12,"05","17  day ahead inc hosp",2020-12-29,"quantile",0.8,157.670160639539
"3791",2020-12-12,"05","17  day ahead inc hosp",2020-12-29,"quantile",0.85,162.396591524887
"3792",2020-12-12,"05","17  day ahead inc hosp",2020-12-29,"quantile",0.9,168.343520823884
"3793",2020-12-12,"05","17  day ahead inc hosp",2020-12-29,"quantile",0.95,177.15776588794
"3794",2020-12-12,"05","17  day ahead inc hosp",2020-12-29,"quantile",0.975,184.802808977574
"3795",2020-12-12,"05","17  day ahead inc hosp",2020-12-29,"quantile",0.99,193.691823746928
"3796",2020-12-12,"05","18  day ahead inc hosp",2020-12-30,"quantile",0.01,79.9107948793696
"3797",2020-12-12,"05","18  day ahead inc hosp",2020-12-30,"quantile",0.025,89.050671673785
"3798",2020-12-12,"05","18  day ahead inc hosp",2020-12-30,"quantile",0.05,96.911469944495
"3799",2020-12-12,"05","18  day ahead inc hosp",2020-12-30,"quantile",0.1,105.974466914532
"3800",2020-12-12,"05","18  day ahead inc hosp",2020-12-30,"quantile",0.15,112.089227943541
"3801",2020-12-12,"05","18  day ahead inc hosp",2020-12-30,"quantile",0.2,116.949046167528
"3802",2020-12-12,"05","18  day ahead inc hosp",2020-12-30,"quantile",0.25,121.118337477289
"3803",2020-12-12,"05","18  day ahead inc hosp",2020-12-30,"quantile",0.3,124.86248993082
"3804",2020-12-12,"05","18  day ahead inc hosp",2020-12-30,"quantile",0.35,128.332005169276
"3805",2020-12-12,"05","18  day ahead inc hosp",2020-12-30,"quantile",0.4,131.624235845936
"3806",2020-12-12,"05","18  day ahead inc hosp",2020-12-30,"quantile",0.45,134.80950712628
"3807",2020-12-12,"05","18  day ahead inc hosp",2020-12-30,"quantile",0.5,137.944277133882
"3808",2020-12-12,"05","18  day ahead inc hosp",2020-12-30,"quantile",0.55,141.079047141485
"3809",2020-12-12,"05","18  day ahead inc hosp",2020-12-30,"quantile",0.6,144.264318421829
"3810",2020-12-12,"05","18  day ahead inc hosp",2020-12-30,"quantile",0.65,147.556549098489
"3811",2020-12-12,"05","18  day ahead inc hosp",2020-12-30,"quantile",0.7,151.026064336945
"3812",2020-12-12,"05","18  day ahead inc hosp",2020-12-30,"quantile",0.75,154.770216790476
"3813",2020-12-12,"05","18  day ahead inc hosp",2020-12-30,"quantile",0.8,158.939508100237
"3814",2020-12-12,"05","18  day ahead inc hosp",2020-12-30,"quantile",0.85,163.799326324224
"3815",2020-12-12,"05","18  day ahead inc hosp",2020-12-30,"quantile",0.9,169.914087353233
"3816",2020-12-12,"05","18  day ahead inc hosp",2020-12-30,"quantile",0.95,178.97708432327
"3817",2020-12-12,"05","18  day ahead inc hosp",2020-12-30,"quantile",0.975,186.83788259398
"3818",2020-12-12,"05","18  day ahead inc hosp",2020-12-30,"quantile",0.99,195.977759388395
"3819",2020-12-12,"05","19  day ahead inc hosp",2020-12-31,"quantile",0.01,79.0524268655974
"3820",2020-12-12,"05","19  day ahead inc hosp",2020-12-31,"quantile",0.025,88.4365572529563
"3821",2020-12-12,"05","19  day ahead inc hosp",2020-12-31,"quantile",0.05,96.5074270885476
"3822",2020-12-12,"05","19  day ahead inc hosp",2020-12-31,"quantile",0.1,105.812623119093
"3823",2020-12-12,"05","19  day ahead inc hosp",2020-12-31,"quantile",0.15,112.090794704384
"3824",2020-12-12,"05","19  day ahead inc hosp",2020-12-31,"quantile",0.2,117.080486458284
"3825",2020-12-12,"05","19  day ahead inc hosp",2020-12-31,"quantile",0.25,121.361197692553
"3826",2020-12-12,"05","19  day ahead inc hosp",2020-12-31,"quantile",0.3,125.205408681868
"3827",2020-12-12,"05","19  day ahead inc hosp",2020-12-31,"quantile",0.35,128.767643065432
"3828",2020-12-12,"05","19  day ahead inc hosp",2020-12-31,"quantile",0.4,132.147855143774
"3829",2020-12-12,"05","19  day ahead inc hosp",2020-12-31,"quantile",0.45,135.418249448446
"3830",2020-12-12,"05","19  day ahead inc hosp",2020-12-31,"quantile",0.5,138.636792886985
"3831",2020-12-12,"05","19  day ahead inc hosp",2020-12-31,"quantile",0.55,141.855336325524
"3832",2020-12-12,"05","19  day ahead inc hosp",2020-12-31,"quantile",0.6,145.125730630195
"3833",2020-12-12,"05","19  day ahead inc hosp",2020-12-31,"quantile",0.65,148.505942708538
"3834",2020-12-12,"05","19  day ahead inc hosp",2020-12-31,"quantile",0.7,152.068177092101
"3835",2020-12-12,"05","19  day ahead inc hosp",2020-12-31,"quantile",0.75,155.912388081417
"3836",2020-12-12,"05","19  day ahead inc hosp",2020-12-31,"quantile",0.8,160.193099315685
"3837",2020-12-12,"05","19  day ahead inc hosp",2020-12-31,"quantile",0.85,165.182791069585
"3838",2020-12-12,"05","19  day ahead inc hosp",2020-12-31,"quantile",0.9,171.460962654877
"3839",2020-12-12,"05","19  day ahead inc hosp",2020-12-31,"quantile",0.95,180.766158685422
"3840",2020-12-12,"05","19  day ahead inc hosp",2020-12-31,"quantile",0.975,188.837028521013
"3841",2020-12-12,"05","19  day ahead inc hosp",2020-12-31,"quantile",0.99,198.221158908372
"3842",2020-12-12,"05","20  day ahead inc hosp",2021-01-01,"quantile",0.01,78.23270973472
"3843",2020-12-12,"05","20  day ahead inc hosp",2021-01-01,"quantile",0.025,87.8549516853598
"3844",2020-12-12,"05","20  day ahead inc hosp",2021-01-01,"quantile",0.05,96.13061060148
"3845",2020-12-12,"05","20  day ahead inc hosp",2021-01-01,"quantile",0.1,105.671915326385
"3846",2020-12-12,"05","20  day ahead inc hosp",2021-01-01,"quantile",0.15,112.109388326833
"3847",2020-12-12,"05","20  day ahead inc hosp",2021-01-01,"quantile",0.2,117.225687795543
"3848",2020-12-12,"05","20  day ahead inc hosp",2021-01-01,"quantile",0.25,121.615017175752
"3849",2020-12-12,"05","20  day ahead inc hosp",2021-01-01,"quantile",0.3,125.556770617108
"3850",2020-12-12,"05","20  day ahead inc hosp",2021-01-01,"quantile",0.35,129.209392619218
"3851",2020-12-12,"05","20  day ahead inc hosp",2021-01-01,"quantile",0.4,132.675373708536
"3852",2020-12-12,"05","20  day ahead inc hosp",2021-01-01,"quantile",0.45,136.028750523924
"3853",2020-12-12,"05","20  day ahead inc hosp",2021-01-01,"quantile",0.5,139.328960816823
"3854",2020-12-12,"05","20  day ahead inc hosp",2021-01-01,"quantile",0.55,142.629171109722
"3855",2020-12-12,"05","20  day ahead inc hosp",2021-01-01,"quantile",0.6,145.98254792511
"3856",2020-12-12,"05","20  day ahead inc hosp",2021-01-01,"quantile",0.65,149.448529014428
"3857",2020-12-12,"05","20  day ahead inc hosp",2021-01-01,"quantile",0.7,153.101151016538
"3858",2020-12-12,"05","20  day ahead inc hosp",2021-01-01,"quantile",0.75,157.042904457894
"3859",2020-12-12,"05","20  day ahead inc hosp",2021-01-01,"quantile",0.8,161.432233838103
"3860",2020-12-12,"05","20  day ahead inc hosp",2021-01-01,"quantile",0.85,166.548533306812
"3861",2020-12-12,"05","20  day ahead inc hosp",2021-01-01,"quantile",0.9,172.98600630726
"3862",2020-12-12,"05","20  day ahead inc hosp",2021-01-01,"quantile",0.95,182.527311032166
"3863",2020-12-12,"05","20  day ahead inc hosp",2021-01-01,"quantile",0.975,190.802969948286
"3864",2020-12-12,"05","20  day ahead inc hosp",2021-01-01,"quantile",0.99,200.425211898926
"3865",2020-12-12,"05","21  day ahead inc hosp",2021-01-02,"quantile",0.01,77.449092338785
"3866",2020-12-12,"05","21  day ahead inc hosp",2021-01-02,"quantile",0.025,87.3037273119617
"3867",2020-12-12,"05","21  day ahead inc hosp",2021-01-02,"quantile",0.05,95.779257048091
"3868",2020-12-12,"05","21  day ahead inc hosp",2021-01-02,"quantile",0.1,105.551000027963
"3869",2020-12-12,"05","21  day ahead inc hosp",2021-01-02,"quantile",0.15,112.143948625028
"3870",2020-12-12,"05","21  day ahead inc hosp",2021-01-02,"quantile",0.2,117.383815169252
"3871",2020-12-12,"05","21  day ahead inc hosp",2021-01-02,"quantile",0.25,121.879154097632
"3872",2020-12-12,"05","21  day ahead inc hosp",2021-01-02,"quantile",0.3,125.916107389608
"3873",2020-12-12,"05","21  day ahead inc hosp",2021-01-02,"quantile",0.35,129.656946240932
"3874",2020-12-12,"05","21  day ahead inc hosp",2021-01-02,"quantile",0.4,133.206636493409
"3875",2020-12-12,"05","21  day ahead inc hosp",2021-01-02,"quantile",0.45,136.641002892912
"3876",2020-12-12,"05","21  day ahead inc hosp",2021-01-02,"quantile",0.5,140.020918710667
"3877",2020-12-12,"05","21  day ahead inc hosp",2021-01-02,"quantile",0.55,143.400834528423
"3878",2020-12-12,"05","21  day ahead inc hosp",2021-01-02,"quantile",0.6,146.835200927925
"3879",2020-12-12,"05","21  day ahead inc hosp",2021-01-02,"quantile",0.65,150.384891180403
"3880",2020-12-12,"05","21  day ahead inc hosp",2021-01-02,"quantile",0.7,154.125730031726
"3881",2020-12-12,"05","21  day ahead inc hosp",2021-01-02,"quantile",0.75,158.162683323702
"3882",2020-12-12,"05","21  day ahead inc hosp",2021-01-02,"quantile",0.8,162.658022252082
"3883",2020-12-12,"05","21  day ahead inc hosp",2021-01-02,"quantile",0.85,167.897888796306
"3884",2020-12-12,"05","21  day ahead inc hosp",2021-01-02,"quantile",0.9,174.490837393372
"3885",2020-12-12,"05","21  day ahead inc hosp",2021-01-02,"quantile",0.95,184.262580373243
"3886",2020-12-12,"05","21  day ahead inc hosp",2021-01-02,"quantile",0.975,192.738110109372
"3887",2020-12-12,"05","21  day ahead inc hosp",2021-01-02,"quantile",0.99,202.592745082549
"3888",2020-12-12,"05","22  day ahead inc hosp",2021-01-03,"quantile",0.01,75.2241826707429
"3889",2020-12-12,"05","22  day ahead inc hosp",2021-01-03,"quantile",0.025,85.3058747537601
"3890",2020-12-12,"05","22  day ahead inc hosp",2021-01-03,"quantile",0.05,93.9766861306089
"3891",2020-12-12,"05","22  day ahead inc hosp",2021-01-03,"quantile",0.1,103.973576335634
"3892",2020-12-12,"05","22  day ahead inc hosp",2021-01-03,"quantile",0.15,110.718430696622
"3893",2020-12-12,"05","22  day ahead inc hosp",2021-01-03,"quantile",0.2,116.079027126501
"3894",2020-12-12,"05","22  day ahead inc hosp",2021-01-03,"quantile",0.25,120.67794154678
"3895",2020-12-12,"05","22  day ahead inc hosp",2021-01-03,"quantile",0.3,124.807908831616
"3896",2020-12-12,"05","22  day ahead inc hosp",2021-01-03,"quantile",0.35,128.634939009181
"3897",2020-12-12,"05","22  day ahead inc hosp",2021-01-03,"quantile",0.4,132.266416401593
"3898",2020-12-12,"05","22  day ahead inc hosp",2021-01-03,"quantile",0.45,135.779912805498
"3899",2020-12-12,"05","22  day ahead inc hosp",2021-01-03,"quantile",0.5,139.237704051331
"3900",2020-12-12,"05","22  day ahead inc hosp",2021-01-03,"quantile",0.55,142.695495297164
"3901",2020-12-12,"05","22  day ahead inc hosp",2021-01-03,"quantile",0.6,146.208991701068
"3902",2020-12-12,"05","22  day ahead inc hosp",2021-01-03,"quantile",0.65,149.84046909348
"3903",2020-12-12,"05","22  day ahead inc hosp",2021-01-03,"quantile",0.7,153.667499271045
"3904",2020-12-12,"05","22  day ahead inc hosp",2021-01-03,"quantile",0.75,157.797466555881
"3905",2020-12-12,"05","22  day ahead inc hosp",2021-01-03,"quantile",0.8,162.39638097616
"3906",2020-12-12,"05","22  day ahead inc hosp",2021-01-03,"quantile",0.85,167.756977406039
"3907",2020-12-12,"05","22  day ahead inc hosp",2021-01-03,"quantile",0.9,174.501831767027
"3908",2020-12-12,"05","22  day ahead inc hosp",2021-01-03,"quantile",0.95,184.498721972052
"3909",2020-12-12,"05","22  day ahead inc hosp",2021-01-03,"quantile",0.975,193.169533348901
"3910",2020-12-12,"05","22  day ahead inc hosp",2021-01-03,"quantile",0.99,203.251225431919
"3911",2020-12-12,"05","23  day ahead inc hosp",2021-01-04,"quantile",0.01,74.5059307371429
"3912",2020-12-12,"05","23  day ahead inc hosp",2021-01-04,"quantile",0.025,84.8096891918064
"3913",2020-12-12,"05","23  day ahead inc hosp",2021-01-04,"quantile",0.05,93.6714898991992
"3914",2020-12-12,"05","23  day ahead inc hosp",2021-01-04,"quantile",0.1,103.888578570642
"3915",2020-12-12,"05","23  day ahead inc hosp",2021-01-04,"quantile",0.15,110.781999791528
"3916",2020-12-12,"05","23  day ahead inc hosp",2021-01-04,"quantile",0.2,116.260672451988
"3917",2020-12-12,"05","23  day ahead inc hosp",2021-01-04,"quantile",0.25,120.960885764399
"3918",2020-12-12,"05","23  day ahead inc hosp",2021-01-04,"quantile",0.3,125.181822585143
"3919",2020-12-12,"05","23  day ahead inc hosp",2021-01-04,"quantile",0.35,129.093149594898
"3920",2020-12-12,"05","23  day ahead inc hosp",2021-01-04,"quantile",0.4,132.804616437653
"3921",2020-12-12,"05","23  day ahead inc hosp",2021-01-04,"quantile",0.45,136.395503560475
"3922",2020-12-12,"05","23  day ahead inc hosp",2021-01-04,"quantile",0.5,139.929458524615
"3923",2020-12-12,"05","23  day ahead inc hosp",2021-01-04,"quantile",0.55,143.463413488755
"3924",2020-12-12,"05","23  day ahead inc hosp",2021-01-04,"quantile",0.6,147.054300611577
"3925",2020-12-12,"05","23  day ahead inc hosp",2021-01-04,"quantile",0.65,150.765767454332
"3926",2020-12-12,"05","23  day ahead inc hosp",2021-01-04,"quantile",0.7,154.677094464087
"3927",2020-12-12,"05","23  day ahead inc hosp",2021-01-04,"quantile",0.75,158.898031284831
"3928",2020-12-12,"05","23  day ahead inc hosp",2021-01-04,"quantile",0.8,163.598244597242
"3929",2020-12-12,"05","23  day ahead inc hosp",2021-01-04,"quantile",0.85,169.076917257702
"3930",2020-12-12,"05","23  day ahead inc hosp",2021-01-04,"quantile",0.9,175.970338478588
"3931",2020-12-12,"05","23  day ahead inc hosp",2021-01-04,"quantile",0.95,186.187427150031
"3932",2020-12-12,"05","23  day ahead inc hosp",2021-01-04,"quantile",0.975,195.049227857423
"3933",2020-12-12,"05","23  day ahead inc hosp",2021-01-04,"quantile",0.99,205.352986312087
"3934",2020-12-12,"05","24  day ahead inc hosp",2021-01-05,"quantile",0.01,73.8173430809558
"3935",2020-12-12,"05","24  day ahead inc hosp",2021-01-05,"quantile",0.025,84.3384887024837
"3936",2020-12-12,"05","24  day ahead inc hosp",2021-01-05,"quantile",0.05,93.3872543661662
"3937",2020-12-12,"05","24  day ahead inc hosp",2021-01-05,"quantile",0.1,103.819901658248
"3938",2020-12-12,"05","24  day ahead inc hosp",2021-01-05,"quantile",0.15,110.858759257112
"3939",2020-12-12,"05","24  day ahead inc hosp",2021-01-05,"quantile",0.2,116.453020140362
"3940",2020-12-12,"05","24  day ahead inc hosp",2021-01-05,"quantile",0.25,121.252397855757
"3941",2020-12-12,"05","24  day ahead inc hosp",2021-01-05,"quantile",0.3,125.562387375185
"3942",2020-12-12,"05","24  day ahead inc hosp",2021-01-05,"quantile",0.35,129.556234981776
"3943",2020-12-12,"05","24  day ahead inc hosp",2021-01-05,"quantile",0.4,133.346005801221
"3944",2020-12-12,"05","24  day ahead inc hosp",2021-01-05,"quantile",0.45,137.012652927695
"3945",2020-12-12,"05","24  day ahead inc hosp",2021-01-05,"quantile",0.5,140.621166749253
"3946",2020-12-12,"05","24  day ahead inc hosp",2021-01-05,"quantile",0.55,144.22968057081
"3947",2020-12-12,"05","24  day ahead inc hosp",2021-01-05,"quantile",0.6,147.896327697284
"3948",2020-12-12,"05","24  day ahead inc hosp",2021-01-05,"quantile",0.65,151.68609851673
"3949",2020-12-12,"05","24  day ahead inc hosp",2021-01-05,"quantile",0.7,155.67994612332
"3950",2020-12-12,"05","24  day ahead inc hosp",2021-01-05,"quantile",0.75,159.989935642749
"3951",2020-12-12,"05","24  day ahead inc hosp",2021-01-05,"quantile",0.8,164.789313358143
"3952",2020-12-12,"05","24  day ahead inc hosp",2021-01-05,"quantile",0.85,170.383574241393
"3953",2020-12-12,"05","24  day ahead inc hosp",2021-01-05,"quantile",0.9,177.422431840257
"3954",2020-12-12,"05","24  day ahead inc hosp",2021-01-05,"quantile",0.95,187.855079132339
"3955",2020-12-12,"05","24  day ahead inc hosp",2021-01-05,"quantile",0.975,196.903844796022
"3956",2020-12-12,"05","24  day ahead inc hosp",2021-01-05,"quantile",0.99,207.42499041755
"3957",2020-12-12,"05","25  day ahead inc hosp",2021-01-06,"quantile",0.01,73.1566497665262
"3958",2020-12-12,"05","25  day ahead inc hosp",2021-01-06,"quantile",0.025,83.8907849883389
"3959",2020-12-12,"05","25  day ahead inc hosp",2021-01-06,"quantile",0.05,93.1227334584486
"3960",2020-12-12,"05","25  day ahead inc hosp",2021-01-06,"quantile",0.1,103.766578794602
"3961",2020-12-12,"05","25  day ahead inc hosp",2021-01-06,"quantile",0.15,110.947930711135
"3962",2020-12-12,"05","25  day ahead inc hosp",2021-01-06,"quantile",0.2,116.655441560908
"3963",2020-12-12,"05","25  day ahead inc hosp",2021-01-06,"quantile",0.25,121.55197766361
"3964",2020-12-12,"05","25  day ahead inc hosp",2021-01-06,"quantile",0.3,125.949218417647
"3965",2020-12-12,"05","25  day ahead inc hosp",2021-01-06,"quantile",0.35,130.023917296136
"3966",2020-12-12,"05","25  day ahead inc hosp",2021-01-06,"quantile",0.4,133.89040806615
"3967",2020-12-12,"05","25  day ahead inc hosp",2021-01-06,"quantile",0.45,137.631282632671
"3968",2020-12-12,"05","25  day ahead inc hosp",2021-01-06,"quantile",0.5,141.312847046258
"3969",2020-12-12,"05","25  day ahead inc hosp",2021-01-06,"quantile",0.55,144.994411459844
"3970",2020-12-12,"05","25  day ahead inc hosp",2021-01-06,"quantile",0.6,148.735286026366
"3971",2020-12-12,"05","25  day ahead inc hosp",2021-01-06,"quantile",0.65,152.601776796379
"3972",2020-12-12,"05","25  day ahead inc hosp",2021-01-06,"quantile",0.7,156.676475674868
"3973",2020-12-12,"05","25  day ahead inc hosp",2021-01-06,"quantile",0.75,161.073716428905
"3974",2020-12-12,"05","25  day ahead inc hosp",2021-01-06,"quantile",0.8,165.970252531607
"3975",2020-12-12,"05","25  day ahead inc hosp",2021-01-06,"quantile",0.85,171.67776338138
"3976",2020-12-12,"05","25  day ahead inc hosp",2021-01-06,"quantile",0.9,178.859115297913
"3977",2020-12-12,"05","25  day ahead inc hosp",2021-01-06,"quantile",0.95,189.502960634067
"3978",2020-12-12,"05","25  day ahead inc hosp",2021-01-06,"quantile",0.975,198.734909104176
"3979",2020-12-12,"05","25  day ahead inc hosp",2021-01-06,"quantile",0.99,209.469044325989
"3980",2020-12-12,"05","26  day ahead inc hosp",2021-01-07,"quantile",0.01,72.5222414204011
"3981",2020-12-12,"05","26  day ahead inc hosp",2021-01-07,"quantile",0.025,83.4652238836318
"3982",2020-12-12,"05","26  day ahead inc hosp",2021-01-07,"quantile",0.05,92.8767925030178
"3983",2020-12-12,"05","26  day ahead inc hosp",2021-01-07,"quantile",0.1,103.727728367714
"3984",2020-12-12,"05","26  day ahead inc hosp",2021-01-07,"quantile",0.15,111.048803280691
"3985",2020-12-12,"05","26  day ahead inc hosp",2021-01-07,"quantile",0.2,116.867361538727
"3986",2020-12-12,"05","26  day ahead inc hosp",2021-01-07,"quantile",0.25,121.859166429871
"3987",2020-12-12,"05","26  day ahead inc hosp",2021-01-07,"quantile",0.3,126.341961500335
"3988",2020-12-12,"05","26  day ahead inc hosp",2021-01-07,"quantile",0.35,130.495939203135
"3989",2020-12-12,"05","26  day ahead inc hosp",2021-01-07,"quantile",0.4,134.437657824727
"3990",2020-12-12,"05","26  day ahead inc hosp",2021-01-07,"quantile",0.45,138.251316208255
"3991",2020-12-12,"05","26  day ahead inc hosp",2021-01-07,"quantile",0.5,142.004510478927
"3992",2020-12-12,"05","26  day ahead inc hosp",2021-01-07,"quantile",0.55,145.757704749599
"3993",2020-12-12,"05","26  day ahead inc hosp",2021-01-07,"quantile",0.6,149.571363133128
"3994",2020-12-12,"05","26  day ahead inc hosp",2021-01-07,"quantile",0.65,153.51308175472
"3995",2020-12-12,"05","26  day ahead inc hosp",2021-01-07,"quantile",0.7,157.66705945752
"3996",2020-12-12,"05","26  day ahead inc hosp",2021-01-07,"quantile",0.75,162.149854527983
"3997",2020-12-12,"05","26  day ahead inc hosp",2021-01-07,"quantile",0.8,167.141659419127
"3998",2020-12-12,"05","26  day ahead inc hosp",2021-01-07,"quantile",0.85,172.960217677163
"3999",2020-12-12,"05","26  day ahead inc hosp",2021-01-07,"quantile",0.9,180.28129259014
"4000",2020-12-12,"05","26  day ahead inc hosp",2021-01-07,"quantile",0.95,191.132228454836
"4001",2020-12-12,"05","26  day ahead inc hosp",2021-01-07,"quantile",0.975,200.543797074222
"4002",2020-12-12,"05","26  day ahead inc hosp",2021-01-07,"quantile",0.99,211.486779537453
"4003",2020-12-12,"05","27  day ahead inc hosp",2021-01-08,"quantile",0.01,71.9126523954784
"4004",2020-12-12,"05","27  day ahead inc hosp",2021-01-08,"quantile",0.025,83.0605716228201
"4005",2020-12-12,"05","27  day ahead inc hosp",2021-01-08,"quantile",0.05,92.6483971652659
"4006",2020-12-12,"05","27  day ahead inc hosp",2021-01-08,"quantile",0.1,103.702545974071
"4007",2020-12-12,"05","27  day ahead inc hosp",2021-01-08,"quantile",0.15,111.160727695683
"4008",2020-12-12,"05","27  day ahead inc hosp",2021-01-08,"quantile",0.2,117.088254098848
"4009",2020-12-12,"05","27  day ahead inc hosp",2021-01-08,"quantile",0.25,122.173543955804
"4010",2020-12-12,"05","27  day ahead inc hosp",2021-01-08,"quantile",0.3,126.740291414842
"4011",2020-12-12,"05","27  day ahead inc hosp",2021-01-08,"quantile",0.35,130.972063517063
"4012",2020-12-12,"05","27  day ahead inc hosp",2021-01-08,"quantile",0.4,134.987601416174
"4013",2020-12-12,"05","27  day ahead inc hosp",2021-01-08,"quantile",0.45,138.872680805006
"4014",2020-12-12,"05","27  day ahead inc hosp",2021-01-08,"quantile",0.5,142.696163727926
"4015",2020-12-12,"05","27  day ahead inc hosp",2021-01-08,"quantile",0.55,146.519646650847
"4016",2020-12-12,"05","27  day ahead inc hosp",2021-01-08,"quantile",0.6,150.404726039678
"4017",2020-12-12,"05","27  day ahead inc hosp",2021-01-08,"quantile",0.65,154.42026393879
"4018",2020-12-12,"05","27  day ahead inc hosp",2021-01-08,"quantile",0.7,158.652036041011
"4019",2020-12-12,"05","27  day ahead inc hosp",2021-01-08,"quantile",0.75,163.218783500048
"4020",2020-12-12,"05","27  day ahead inc hosp",2021-01-08,"quantile",0.8,168.304073357005
"4021",2020-12-12,"05","27  day ahead inc hosp",2021-01-08,"quantile",0.85,174.23159976017
"4022",2020-12-12,"05","27  day ahead inc hosp",2021-01-08,"quantile",0.9,181.689781481782
"4023",2020-12-12,"05","27  day ahead inc hosp",2021-01-08,"quantile",0.95,192.743930290587
"4024",2020-12-12,"05","27  day ahead inc hosp",2021-01-08,"quantile",0.975,202.331755833033
"4025",2020-12-12,"05","27  day ahead inc hosp",2021-01-08,"quantile",0.99,213.479675060374
"4026",2020-12-12,"05","28  day ahead inc hosp",2021-01-09,"quantile",0.01,71.3265451516532
"4027",2020-12-12,"05","28  day ahead inc hosp",2021-01-09,"quantile",0.025,82.6757019545784
"4028",2020-12-12,"05","28  day ahead inc hosp",2021-01-09,"quantile",0.05,92.4366029138738
"4029",2020-12-12,"05","28  day ahead inc hosp",2021-01-09,"quantile",0.1,103.690296593884
"4030",2020-12-12,"05","28  day ahead inc hosp",2021-01-09,"quantile",0.15,111.283110292756
"4031",2020-12-12,"05","28  day ahead inc hosp",2021-01-09,"quantile",0.2,117.317637923527
"4032",2020-12-12,"05","28  day ahead inc hosp",2021-01-09,"quantile",0.25,122.4947253062
"4033",2020-12-12,"05","28  day ahead inc hosp",2021-01-09,"quantile",0.3,127.143909780453
"4034",2020-12-12,"05","28  day ahead inc hosp",2021-01-09,"quantile",0.35,131.452072062841
"4035",2020-12-12,"05","28  day ahead inc hosp",2021-01-09,"quantile",0.4,135.54009677272
"4036",2020-12-12,"05","28  day ahead inc hosp",2021-01-09,"quantile",0.45,139.495307989852
"4037",2020-12-12,"05","28  day ahead inc hosp",2021-01-09,"quantile",0.5,143.387810827431
"4038",2020-12-12,"05","28  day ahead inc hosp",2021-01-09,"quantile",0.55,147.28031366501
"4039",2020-12-12,"05","28  day ahead inc hosp",2021-01-09,"quantile",0.6,151.235524882142
"4040",2020-12-12,"05","28  day ahead inc hosp",2021-01-09,"quantile",0.65,155.323549592021
"4041",2020-12-12,"05","28  day ahead inc hosp",2021-01-09,"quantile",0.7,159.63171187441
"4042",2020-12-12,"05","28  day ahead inc hosp",2021-01-09,"quantile",0.75,164.280896348662
"4043",2020-12-12,"05","28  day ahead inc hosp",2021-01-09,"quantile",0.8,169.457983731335
"4044",2020-12-12,"05","28  day ahead inc hosp",2021-01-09,"quantile",0.85,175.492511362106
"4045",2020-12-12,"05","28  day ahead inc hosp",2021-01-09,"quantile",0.9,183.085325060978
"4046",2020-12-12,"05","28  day ahead inc hosp",2021-01-09,"quantile",0.95,194.339018740988
"4047",2020-12-12,"05","28  day ahead inc hosp",2021-01-09,"quantile",0.975,204.099919700284
"4048",2020-12-12,"05","28  day ahead inc hosp",2021-01-09,"quantile",0.99,215.449076503209
"4049",2020-12-12,"05","29  day ahead inc hosp",2021-01-10,"quantile",0.01,60.5938520758365
"4050",2020-12-12,"05","29  day ahead inc hosp",2021-01-10,"quantile",0.025,72.1407403461382
"4051",2020-12-12,"05","29  day ahead inc hosp",2021-01-10,"quantile",0.05,82.0717012758008
"4052",2020-12-12,"05","29  day ahead inc hosp",2021-01-10,"quantile",0.1,93.5214632103425
"4053",2020-12-12,"05","29  day ahead inc hosp",2021-01-10,"quantile",0.15,101.246563229711
"4054",2020-12-12,"05","29  day ahead inc hosp",2021-01-10,"quantile",0.2,107.386227834451
"4055",2020-12-12,"05","29  day ahead inc hosp",2021-01-10,"quantile",0.25,112.653513379215
"4056",2020-12-12,"05","29  day ahead inc hosp",2021-01-10,"quantile",0.3,117.383698590717
"4057",2020-12-12,"05","29  day ahead inc hosp",2021-01-10,"quantile",0.35,121.766920127691
"4058",2020-12-12,"05","29  day ahead inc hosp",2021-01-10,"quantile",0.4,125.92616873011
"4059",2020-12-12,"05","29  day ahead inc hosp",2021-01-10,"quantile",0.45,129.950289887542
"4060",2020-12-12,"05","29  day ahead inc hosp",2021-01-10,"quantile",0.5,133.910610124353
"4061",2020-12-12,"05","29  day ahead inc hosp",2021-01-10,"quantile",0.55,137.870930361163
"4062",2020-12-12,"05","29  day ahead inc hosp",2021-01-10,"quantile",0.6,141.895051518595
"4063",2020-12-12,"05","29  day ahead inc hosp",2021-01-10,"quantile",0.65,146.054300121014
"4064",2020-12-12,"05","29  day ahead inc hosp",2021-01-10,"quantile",0.7,150.437521657988
"4065",2020-12-12,"05","29  day ahead inc hosp",2021-01-10,"quantile",0.75,155.16770686949
"4066",2020-12-12,"05","29  day ahead inc hosp",2021-01-10,"quantile",0.8,160.434992414254
"4067",2020-12-12,"05","29  day ahead inc hosp",2021-01-10,"quantile",0.85,166.574657018994
"4068",2020-12-12,"05","29  day ahead inc hosp",2021-01-10,"quantile",0.9,174.299757038363
"4069",2020-12-12,"05","29  day ahead inc hosp",2021-01-10,"quantile",0.95,185.749518972904
"4070",2020-12-12,"05","29  day ahead inc hosp",2021-01-10,"quantile",0.975,195.680479902567
"4071",2020-12-12,"05","29  day ahead inc hosp",2021-01-10,"quantile",0.99,207.227368172869
"4072",2020-12-12,"05","30  day ahead inc hosp",2021-01-11,"quantile",0.01,60.0511393252061
"4073",2020-12-12,"05","30  day ahead inc hosp",2021-01-11,"quantile",0.025,71.7924298970171
"4074",2020-12-12,"05","30  day ahead inc hosp",2021-01-11,"quantile",0.05,81.8905875307381
"4075",2020-12-12,"05","30  day ahead inc hosp",2021-01-11,"quantile",0.1,93.5331165571319
"4076",2020-12-12,"05","30  day ahead inc hosp",2021-01-11,"quantile",0.15,101.388275618209
"4077",2020-12-12,"05","30  day ahead inc hosp",2021-01-11,"quantile",0.2,107.631307026344
"4078",2020-12-12,"05","30  day ahead inc hosp",2021-01-11,"quantile",0.25,112.987272084466
"4079",2020-12-12,"05","30  day ahead inc hosp",2021-01-11,"quantile",0.3,117.797094239719
"4080",2020-12-12,"05","30  day ahead inc hosp",2021-01-11,"quantile",0.35,122.254111273355
"4081",2020-12-12,"05","30  day ahead inc hosp",2021-01-11,"quantile",0.4,126.48338458563
"4082",2020-12-12,"05","30  day ahead inc hosp",2021-01-11,"quantile",0.45,130.575255460236
"4083",2020-12-12,"05","30  day ahead inc hosp",2021-01-11,"quantile",0.5,134.602251268051
"4084",2020-12-12,"05","30  day ahead inc hosp",2021-01-11,"quantile",0.55,138.629247075866
"4085",2020-12-12,"05","30  day ahead inc hosp",2021-01-11,"quantile",0.6,142.721117950473
"4086",2020-12-12,"05","30  day ahead inc hosp",2021-01-11,"quantile",0.65,146.950391262747
"4087",2020-12-12,"05","30  day ahead inc hosp",2021-01-11,"quantile",0.7,151.407408296383
"4088",2020-12-12,"05","30  day ahead inc hosp",2021-01-11,"quantile",0.75,156.217230451636
"4089",2020-12-12,"05","30  day ahead inc hosp",2021-01-11,"quantile",0.8,161.573195509758
"4090",2020-12-12,"05","30  day ahead inc hosp",2021-01-11,"quantile",0.85,167.816226917893
"4091",2020-12-12,"05","30  day ahead inc hosp",2021-01-11,"quantile",0.9,175.67138597897
"4092",2020-12-12,"05","30  day ahead inc hosp",2021-01-11,"quantile",0.95,187.313915005364
"4093",2020-12-12,"05","30  day ahead inc hosp",2021-01-11,"quantile",0.975,197.412072639085
"4094",2020-12-12,"05","30  day ahead inc hosp",2021-01-11,"quantile",0.99,209.153363210896
"4095",2020-12-12,"05","31  day ahead inc hosp",2021-01-12,"quantile",0.01,59.5285312756286
"4096",2020-12-12,"05","31  day ahead inc hosp",2021-01-12,"quantile",0.025,71.4610575826907
"4097",2020-12-12,"05","31  day ahead inc hosp",2021-01-12,"quantile",0.05,81.7236884987955
"4098",2020-12-12,"05","31  day ahead inc hosp",2021-01-12,"quantile",0.1,93.555844686269
"4099",2020-12-12,"05","31  day ahead inc hosp",2021-01-12,"quantile",0.15,101.53894429267
"4100",2020-12-12,"05","31  day ahead inc hosp",2021-01-12,"quantile",0.2,107.88365879043
"4101",2020-12-12,"05","31  day ahead inc hosp",2021-01-12,"quantile",0.25,113.326858885417
"4102",2020-12-12,"05","31  day ahead inc hosp",2021-01-12,"quantile",0.3,118.215020799886
"4103",2020-12-12,"05","31  day ahead inc hosp",2021-01-12,"quantile",0.35,122.744631295394
"4104",2020-12-12,"05","31  day ahead inc hosp",2021-01-12,"quantile",0.4,127.042788704055
"4105",2020-12-12,"05","31  day ahead inc hosp",2021-01-12,"quantile",0.45,131.201305739105
"4106",2020-12-12,"05","31  day ahead inc hosp",2021-01-12,"quantile",0.5,135.293891057668
"4107",2020-12-12,"05","31  day ahead inc hosp",2021-01-12,"quantile",0.55,139.386476376232
"4108",2020-12-12,"05","31  day ahead inc hosp",2021-01-12,"quantile",0.6,143.544993411282
"4109",2020-12-12,"05","31  day ahead inc hosp",2021-01-12,"quantile",0.65,147.843150819943
"4110",2020-12-12,"05","31  day ahead inc hosp",2021-01-12,"quantile",0.7,152.372761315451
"4111",2020-12-12,"05","31  day ahead inc hosp",2021-01-12,"quantile",0.75,157.26092322992
"4112",2020-12-12,"05","31  day ahead inc hosp",2021-01-12,"quantile",0.8,162.704123324907
"4113",2020-12-12,"05","31  day ahead inc hosp",2021-01-12,"quantile",0.85,169.048837822667
"4114",2020-12-12,"05","31  day ahead inc hosp",2021-01-12,"quantile",0.9,177.031937429068
"4115",2020-12-12,"05","31  day ahead inc hosp",2021-01-12,"quantile",0.95,188.864093616542
"4116",2020-12-12,"05","31  day ahead inc hosp",2021-01-12,"quantile",0.975,199.126724532646
"4117",2020-12-12,"05","31  day ahead inc hosp",2021-01-12,"quantile",0.99,211.059250839708
"4118",2020-12-12,"05","32  day ahead inc hosp",2021-01-13,"quantile",0.01,59.0250772214658
"4119",2020-12-12,"05","32  day ahead inc hosp",2021-01-13,"quantile",0.025,71.1458225116414
"4120",2020-12-12,"05","32  day ahead inc hosp",2021-01-13,"quantile",0.05,81.5703321368637
"4121",2020-12-12,"05","32  day ahead inc hosp",2021-01-13,"quantile",0.1,93.5891241086078
"4122",2020-12-12,"05","32  day ahead inc hosp",2021-01-13,"quantile",0.15,101.698145992601
"4123",2020-12-12,"05","32  day ahead inc hosp",2021-01-13,"quantile",0.2,108.142939524773
"4124",2020-12-12,"05","32  day ahead inc hosp",2021-01-13,"quantile",0.25,113.67199852008
"4125",2020-12-12,"05","32  day ahead inc hosp",2021-01-13,"quantile",0.3,118.637264380618
"4126",2020-12-12,"05","32  day ahead inc hosp",2021-01-13,"quantile",0.35,123.238323172943
"4127",2020-12-12,"05","32  day ahead inc hosp",2021-01-13,"quantile",0.4,127.604278028339
"4128",2020-12-12,"05","32  day ahead inc hosp",2021-01-13,"quantile",0.45,131.828389877719
"4129",2020-12-12,"05","32  day ahead inc hosp",2021-01-13,"quantile",0.5,135.985530029612
"4130",2020-12-12,"05","32  day ahead inc hosp",2021-01-13,"quantile",0.55,140.142670181506
"4131",2020-12-12,"05","32  day ahead inc hosp",2021-01-13,"quantile",0.6,144.366782030886
"4132",2020-12-12,"05","32  day ahead inc hosp",2021-01-13,"quantile",0.65,148.732736886282
"4133",2020-12-12,"05","32  day ahead inc hosp",2021-01-13,"quantile",0.7,153.333795678607
"4134",2020-12-12,"05","32  day ahead inc hosp",2021-01-13,"quantile",0.75,158.299061539145
"4135",2020-12-12,"05","32  day ahead inc hosp",2021-01-13,"quantile",0.8,163.828120534452
"4136",2020-12-12,"05","32  day ahead inc hosp",2021-01-13,"quantile",0.85,170.272914066624
"4137",2020-12-12,"05","32  day ahead inc hosp",2021-01-13,"quantile",0.9,178.381935950617
"4138",2020-12-12,"05","32  day ahead inc hosp",2021-01-13,"quantile",0.95,190.400727922361
"4139",2020-12-12,"05","32  day ahead inc hosp",2021-01-13,"quantile",0.975,200.825237547584
"4140",2020-12-12,"05","32  day ahead inc hosp",2021-01-13,"quantile",0.99,212.945982837759
"4141",2020-12-12,"05","33  day ahead inc hosp",2021-01-14,"quantile",0.01,58.5398988351818
"4142",2020-12-12,"05","33  day ahead inc hosp",2021-01-14,"quantile",0.025,70.8459847379311
"4143",2020-12-12,"05","33  day ahead inc hosp",2021-01-14,"quantile",0.05,81.4298975148132
"4144",2020-12-12,"05","33  day ahead inc hosp",2021-01-14,"quantile",0.1,93.6324711116233
"4145",2020-12-12,"05","33  day ahead inc hosp",2021-01-14,"quantile",0.15,101.865489585543
"4146",2020-12-12,"05","33  day ahead inc hosp",2021-01-14,"quantile",0.2,108.408831676617
"4147",2020-12-12,"05","33  day ahead inc hosp",2021-01-14,"quantile",0.25,114.022436560532
"4148",2020-12-12,"05","33  day ahead inc hosp",2021-01-14,"quantile",0.3,119.06362724204
"4149",2020-12-12,"05","33  day ahead inc hosp",2021-01-14,"quantile",0.35,123.735041696054
"4150",2020-12-12,"05","33  day ahead inc hosp",2021-01-14,"quantile",0.4,128.167757194298
"4151",2020-12-12,"05","33  day ahead inc hosp",2021-01-14,"quantile",0.45,132.456460738248
"4152",2020-12-12,"05","33  day ahead inc hosp",2021-01-14,"quantile",0.5,136.677168507798
"4153",2020-12-12,"05","33  day ahead inc hosp",2021-01-14,"quantile",0.55,140.897876277347
"4154",2020-12-12,"05","33  day ahead inc hosp",2021-01-14,"quantile",0.6,145.186579821297
"4155",2020-12-12,"05","33  day ahead inc hosp",2021-01-14,"quantile",0.65,149.619295319541
"4156",2020-12-12,"05","33  day ahead inc hosp",2021-01-14,"quantile",0.7,154.290709773555
"4157",2020-12-12,"05","33  day ahead inc hosp",2021-01-14,"quantile",0.75,159.331900455063
"4158",2020-12-12,"05","33  day ahead inc hosp",2021-01-14,"quantile",0.8,164.945505338978
"4159",2020-12-12,"05","33  day ahead inc hosp",2021-01-14,"quantile",0.85,171.488847430052
"4160",2020-12-12,"05","33  day ahead inc hosp",2021-01-14,"quantile",0.9,179.721865903972
"4161",2020-12-12,"05","33  day ahead inc hosp",2021-01-14,"quantile",0.95,191.924439500782
"4162",2020-12-12,"05","33  day ahead inc hosp",2021-01-14,"quantile",0.975,202.508352277664
"4163",2020-12-12,"05","33  day ahead inc hosp",2021-01-14,"quantile",0.99,214.814438180413
"4164",2020-12-12,"05","34  day ahead inc hosp",2021-01-15,"quantile",0.01,58.0721827701548
"4165",2020-12-12,"05","34  day ahead inc hosp",2021-01-15,"quantile",0.025,70.5608590422772
"4166",2020-12-12,"05","34  day ahead inc hosp",2021-01-15,"quantile",0.05,81.3018096099415
"4167",2020-12-12,"05","34  day ahead inc hosp",2021-01-15,"quantile",0.1,93.6854377222124
"4168",2020-12-12,"05","34  day ahead inc hosp",2021-01-15,"quantile",0.15,102.040612818155
"4169",2020-12-12,"05","34  day ahead inc hosp",2021-01-15,"quantile",0.2,108.68104111997
"4170",2020-12-12,"05","34  day ahead inc hosp",2021-01-15,"quantile",0.25,114.37793732798
"4171",2020-12-12,"05","34  day ahead inc hosp",2021-01-15,"quantile",0.3,119.493926192752
"4172",2020-12-12,"05","34  day ahead inc hosp",2021-01-15,"quantile",0.35,124.234652310718
"4173",2020-12-12,"05","34  day ahead inc hosp",2021-01-15,"quantile",0.4,128.73313780005
"4174",2020-12-12,"05","34  day ahead inc hosp",2021-01-15,"quantile",0.45,133.085474571527
"4175",2020-12-12,"05","34  day ahead inc hosp",2021-01-15,"quantile",0.5,137.368806687822
"4176",2020-12-12,"05","34  day ahead inc hosp",2021-01-15,"quantile",0.55,141.652138804118
"4177",2020-12-12,"05","34  day ahead inc hosp",2021-01-15,"quantile",0.6,146.004475575595
"4178",2020-12-12,"05","34  day ahead inc hosp",2021-01-15,"quantile",0.65,150.502961064927
"4179",2020-12-12,"05","34  day ahead inc hosp",2021-01-15,"quantile",0.7,155.243687182893
"4180",2020-12-12,"05","34  day ahead inc hosp",2021-01-15,"quantile",0.75,160.359676047665
"4181",2020-12-12,"05","34  day ahead inc hosp",2021-01-15,"quantile",0.8,166.056572255674
"4182",2020-12-12,"05","34  day ahead inc hosp",2021-01-15,"quantile",0.85,172.697000557489
"4183",2020-12-12,"05","34  day ahead inc hosp",2021-01-15,"quantile",0.9,181.052175653432
"4184",2020-12-12,"05","34  day ahead inc hosp",2021-01-15,"quantile",0.95,193.435803765703
"4185",2020-12-12,"05","34  day ahead inc hosp",2021-01-15,"quantile",0.975,204.176754333367
"4186",2020-12-12,"05","34  day ahead inc hosp",2021-01-15,"quantile",0.99,216.66543060549
"4187",2020-12-12,"05","35  day ahead inc hosp",2021-01-16,"quantile",0.01,57.6211741778757
"4188",2020-12-12,"05","35  day ahead inc hosp",2021-01-16,"quantile",0.025,70.2898094782532
"4189",2020-12-12,"05","35  day ahead inc hosp",2021-01-16,"quantile",0.05,81.1855347381728
"4190",2020-12-12,"05","35  day ahead inc hosp",2021-01-16,"quantile",0.1,93.747608158241
"4191",2020-12-12,"05","35  day ahead inc hosp",2021-01-16,"quantile",0.15,102.223179456184
"4192",2020-12-12,"05","35  day ahead inc hosp",2021-01-16,"quantile",0.2,108.959294842711
"4193",2020-12-12,"05","35  day ahead inc hosp",2021-01-16,"quantile",0.25,114.738282049264
"4194",2020-12-12,"05","35  day ahead inc hosp",2021-01-16,"quantile",0.3,119.927991167857
"4195",2020-12-12,"05","35  day ahead inc hosp",2021-01-16,"quantile",0.35,124.737030087502
"4196",2020-12-12,"05","35  day ahead inc hosp",2021-01-16,"quantile",0.4,129.300337745304
"4197",2020-12-12,"05","35  day ahead inc hosp",2021-01-16,"quantile",0.45,133.715390714957
"4198",2020-12-12,"05","35  day ahead inc hosp",2021-01-16,"quantile",0.5,138.0604446878
"4199",2020-12-12,"05","35  day ahead inc hosp",2021-01-16,"quantile",0.55,142.405498660644
"4200",2020-12-12,"05","35  day ahead inc hosp",2021-01-16,"quantile",0.6,146.820551630296
"4201",2020-12-12,"05","35  day ahead inc hosp",2021-01-16,"quantile",0.65,151.383859288099
"4202",2020-12-12,"05","35  day ahead inc hosp",2021-01-16,"quantile",0.7,156.192898207744
"4203",2020-12-12,"05","35  day ahead inc hosp",2021-01-16,"quantile",0.75,161.382607326337
"4204",2020-12-12,"05","35  day ahead inc hosp",2021-01-16,"quantile",0.8,167.16159453289
"4205",2020-12-12,"05","35  day ahead inc hosp",2021-01-16,"quantile",0.85,173.897709919417
"4206",2020-12-12,"05","35  day ahead inc hosp",2021-01-16,"quantile",0.9,182.37328121736
"4207",2020-12-12,"05","35  day ahead inc hosp",2021-01-16,"quantile",0.95,194.935354637428
"4208",2020-12-12,"05","35  day ahead inc hosp",2021-01-16,"quantile",0.975,205.831079897347
"4209",2020-12-12,"05","35  day ahead inc hosp",2021-01-16,"quantile",0.99,218.499715197725
"4210",2020-12-12,"05","36  day ahead inc hosp",2021-01-17,"quantile",0.01,58.9610549572799
"4211",2020-12-12,"05","36  day ahead inc hosp",2021-01-17,"quantile",0.025,71.8071285230151
"4212",2020-12-12,"05","36  day ahead inc hosp",2021-01-17,"quantile",0.05,82.855460480033
"4213",2020-12-12,"05","36  day ahead inc hosp",2021-01-17,"quantile",0.1,95.5934796483291
"4214",2020-12-12,"05","36  day ahead inc hosp",2021-01-17,"quantile",0.15,104.187760707297
"4215",2020-12-12,"05","36  day ahead inc hosp",2021-01-17,"quantile",0.2,111.018222848711
"4216",2020-12-12,"05","36  day ahead inc hosp",2021-01-17,"quantile",0.25,116.878151170162
"4217",2020-12-12,"05","36  day ahead inc hosp",2021-01-17,"quantile",0.3,122.140547911524
"4218",2020-12-12,"05","36  day ahead inc hosp",2021-01-17,"quantile",0.35,127.016942746286
"4219",2020-12-12,"05","36  day ahead inc hosp",2021-01-17,"quantile",0.4,131.644164580785
"4220",2020-12-12,"05","36  day ahead inc hosp",2021-01-17,"quantile",0.45,136.121055256065
"4221",2020-12-12,"05","36  day ahead inc hosp",2021-01-17,"quantile",0.5,140.526966521075
"4222",2020-12-12,"05","36  day ahead inc hosp",2021-01-17,"quantile",0.55,144.932877786084
"4223",2020-12-12,"05","36  day ahead inc hosp",2021-01-17,"quantile",0.6,149.409768461364
"4224",2020-12-12,"05","36  day ahead inc hosp",2021-01-17,"quantile",0.65,154.036990295863
"4225",2020-12-12,"05","36  day ahead inc hosp",2021-01-17,"quantile",0.7,158.913385130625
"4226",2020-12-12,"05","36  day ahead inc hosp",2021-01-17,"quantile",0.75,164.175781871987
"4227",2020-12-12,"05","36  day ahead inc hosp",2021-01-17,"quantile",0.8,170.035710193438
"4228",2020-12-12,"05","36  day ahead inc hosp",2021-01-17,"quantile",0.85,176.866172334852
"4229",2020-12-12,"05","36  day ahead inc hosp",2021-01-17,"quantile",0.9,185.46045339382
"4230",2020-12-12,"05","36  day ahead inc hosp",2021-01-17,"quantile",0.95,198.198472562116
"4231",2020-12-12,"05","36  day ahead inc hosp",2021-01-17,"quantile",0.975,209.246804519134
"4232",2020-12-12,"05","36  day ahead inc hosp",2021-01-17,"quantile",0.99,222.092878084869
"4233",2020-12-12,"05","37  day ahead inc hosp",2021-01-18,"quantile",0.01,58.5414029757403
"4234",2020-12-12,"05","37  day ahead inc hosp",2021-01-18,"quantile",0.025,71.5624970903997
"4235",2020-12-12,"05","37  day ahead inc hosp",2021-01-18,"quantile",0.05,82.7613563750028
"4236",2020-12-12,"05","37  day ahead inc hosp",2021-01-18,"quantile",0.1,95.6729239116492
"4237",2020-12-12,"05","37  day ahead inc hosp",2021-01-18,"quantile",0.15,104.38429723082
"4238",2020-12-12,"05","37  day ahead inc hosp",2021-01-18,"quantile",0.2,111.307820588743
"4239",2020-12-12,"05","37  day ahead inc hosp",2021-01-18,"quantile",0.25,117.247587147632
"4240",2020-12-12,"05","37  day ahead inc hosp",2021-01-18,"quantile",0.3,122.581681093717
"4241",2020-12-12,"05","37  day ahead inc hosp",2021-01-18,"quantile",0.35,127.524514073675
"4242",2020-12-12,"05","37  day ahead inc hosp",2021-01-18,"quantile",0.4,132.214779210963
"4243",2020-12-12,"05","37  day ahead inc hosp",2021-01-18,"quantile",0.45,136.752665011287
"4244",2020-12-12,"05","37  day ahead inc hosp",2021-01-18,"quantile",0.5,141.218604346677
"4245",2020-12-12,"05","37  day ahead inc hosp",2021-01-18,"quantile",0.55,145.684543682067
"4246",2020-12-12,"05","37  day ahead inc hosp",2021-01-18,"quantile",0.6,150.22242948239
"4247",2020-12-12,"05","37  day ahead inc hosp",2021-01-18,"quantile",0.65,154.912694619679
"4248",2020-12-12,"05","37  day ahead inc hosp",2021-01-18,"quantile",0.7,159.855527599636
"4249",2020-12-12,"05","37  day ahead inc hosp",2021-01-18,"quantile",0.75,165.189621545721
"4250",2020-12-12,"05","37  day ahead inc hosp",2021-01-18,"quantile",0.8,171.12938810461
"4251",2020-12-12,"05","37  day ahead inc hosp",2021-01-18,"quantile",0.85,178.052911462533
"4252",2020-12-12,"05","37  day ahead inc hosp",2021-01-18,"quantile",0.9,186.764284781704
"4253",2020-12-12,"05","37  day ahead inc hosp",2021-01-18,"quantile",0.95,199.675852318351
"4254",2020-12-12,"05","37  day ahead inc hosp",2021-01-18,"quantile",0.975,210.874711602954
"4255",2020-12-12,"05","37  day ahead inc hosp",2021-01-18,"quantile",0.99,223.895805717613
"4256",2020-12-12,"06","1  day ahead inc hosp",2020-12-13,"quantile",0.01,56.9940153845241
"4257",2020-12-12,"06","1  day ahead inc hosp",2020-12-13,"quantile",0.025,73.0197431496488
"4258",2020-12-12,"06","1  day ahead inc hosp",2020-12-13,"quantile",0.05,86.8027531328833
"4259",2020-12-12,"06","1  day ahead inc hosp",2020-12-13,"quantile",0.1,102.693680925991
"4260",2020-12-12,"06","1  day ahead inc hosp",2020-12-13,"quantile",0.15,113.415214465653
"4261",2020-12-12,"06","1  day ahead inc hosp",2020-12-13,"quantile",0.2,121.936349443445
"4262",2020-12-12,"06","1  day ahead inc hosp",2020-12-13,"quantile",0.25,129.246724518146
"4263",2020-12-12,"06","1  day ahead inc hosp",2020-12-13,"quantile",0.3,135.811667271868
"4264",2020-12-12,"06","1  day ahead inc hosp",2020-12-13,"quantile",0.35,141.895065105242
"4265",2020-12-12,"06","1  day ahead inc hosp",2020-12-13,"quantile",0.4,147.667614752343
"4266",2020-12-12,"06","1  day ahead inc hosp",2020-12-13,"quantile",0.45,153.252623341086
"4267",2020-12-12,"06","1  day ahead inc hosp",2020-12-13,"quantile",0.5,158.749083728693
"4268",2020-12-12,"06","1  day ahead inc hosp",2020-12-13,"quantile",0.55,164.245544116299
"4269",2020-12-12,"06","1  day ahead inc hosp",2020-12-13,"quantile",0.6,169.830552705042
"4270",2020-12-12,"06","1  day ahead inc hosp",2020-12-13,"quantile",0.65,175.603102352143
"4271",2020-12-12,"06","1  day ahead inc hosp",2020-12-13,"quantile",0.7,181.686500185517
"4272",2020-12-12,"06","1  day ahead inc hosp",2020-12-13,"quantile",0.75,188.251442939239
"4273",2020-12-12,"06","1  day ahead inc hosp",2020-12-13,"quantile",0.8,195.56181801394
"4274",2020-12-12,"06","1  day ahead inc hosp",2020-12-13,"quantile",0.85,204.082952991733
"4275",2020-12-12,"06","1  day ahead inc hosp",2020-12-13,"quantile",0.9,214.804486531394
"4276",2020-12-12,"06","1  day ahead inc hosp",2020-12-13,"quantile",0.95,230.695414324502
"4277",2020-12-12,"06","1  day ahead inc hosp",2020-12-13,"quantile",0.975,244.478424307736
"4278",2020-12-12,"06","1  day ahead inc hosp",2020-12-13,"quantile",0.99,260.504152072861
"4279",2020-12-12,"06","2  day ahead inc hosp",2020-12-14,"quantile",0.01,169.871485869335
"4280",2020-12-12,"06","2  day ahead inc hosp",2020-12-14,"quantile",0.025,188.270661975974
"4281",2020-12-12,"06","2  day ahead inc hosp",2020-12-14,"quantile",0.05,204.094968470995
"4282",2020-12-12,"06","2  day ahead inc hosp",2020-12-14,"quantile",0.1,222.339380409625
"4283",2020-12-12,"06","2  day ahead inc hosp",2020-12-14,"quantile",0.15,234.648798529079
"4284",2020-12-12,"06","2  day ahead inc hosp",2020-12-14,"quantile",0.2,244.431933833926
"4285",2020-12-12,"06","2  day ahead inc hosp",2020-12-14,"quantile",0.25,252.824992818599
"4286",2020-12-12,"06","2  day ahead inc hosp",2020-12-14,"quantile",0.3,260.362219185228
"4287",2020-12-12,"06","2  day ahead inc hosp",2020-12-14,"quantile",0.35,267.346582685186
"4288",2020-12-12,"06","2  day ahead inc hosp",2020-12-14,"quantile",0.4,273.974060644251
"4289",2020-12-12,"06","2  day ahead inc hosp",2020-12-14,"quantile",0.45,280.386222268823
"4290",2020-12-12,"06","2  day ahead inc hosp",2020-12-14,"quantile",0.5,286.696721493377
"4291",2020-12-12,"06","2  day ahead inc hosp",2020-12-14,"quantile",0.55,293.007220717932
"4292",2020-12-12,"06","2  day ahead inc hosp",2020-12-14,"quantile",0.6,299.419382342504
"4293",2020-12-12,"06","2  day ahead inc hosp",2020-12-14,"quantile",0.65,306.046860301568
"4294",2020-12-12,"06","2  day ahead inc hosp",2020-12-14,"quantile",0.7,313.031223801526
"4295",2020-12-12,"06","2  day ahead inc hosp",2020-12-14,"quantile",0.75,320.568450168156
"4296",2020-12-12,"06","2  day ahead inc hosp",2020-12-14,"quantile",0.8,328.961509152829
"4297",2020-12-12,"06","2  day ahead inc hosp",2020-12-14,"quantile",0.85,338.744644457676
"4298",2020-12-12,"06","2  day ahead inc hosp",2020-12-14,"quantile",0.9,351.054062577129
"4299",2020-12-12,"06","2  day ahead inc hosp",2020-12-14,"quantile",0.95,369.298474515759
"4300",2020-12-12,"06","2  day ahead inc hosp",2020-12-14,"quantile",0.975,385.12278101078
"4301",2020-12-12,"06","2  day ahead inc hosp",2020-12-14,"quantile",0.99,403.521957117419
"4302",2020-12-12,"06","3  day ahead inc hosp",2020-12-15,"quantile",0.01,275.48085806154
"4303",2020-12-12,"06","3  day ahead inc hosp",2020-12-15,"quantile",0.025,295.812398498429
"4304",2020-12-12,"06","3  day ahead inc hosp",2020-12-15,"quantile",0.05,313.298644921884
"4305",2020-12-12,"06","3  day ahead inc hosp",2020-12-15,"quantile",0.1,333.459167160903
"4306",2020-12-12,"06","3  day ahead inc hosp",2020-12-15,"quantile",0.15,347.061375803275
"4307",2020-12-12,"06","3  day ahead inc hosp",2020-12-15,"quantile",0.2,357.871980033444
"4308",2020-12-12,"06","3  day ahead inc hosp",2020-12-15,"quantile",0.25,367.146515868475
"4309",2020-12-12,"06","3  day ahead inc hosp",2020-12-15,"quantile",0.3,375.475335689914
"4310",2020-12-12,"06","3  day ahead inc hosp",2020-12-15,"quantile",0.35,383.19322849676
"4311",2020-12-12,"06","3  day ahead inc hosp",2020-12-15,"quantile",0.4,390.516754036074
"4312",2020-12-12,"06","3  day ahead inc hosp",2020-12-15,"quantile",0.45,397.602349749831
"4313",2020-12-12,"06","3  day ahead inc hosp",2020-12-15,"quantile",0.5,404.575606020511
"4314",2020-12-12,"06","3  day ahead inc hosp",2020-12-15,"quantile",0.55,411.548862291192
"4315",2020-12-12,"06","3  day ahead inc hosp",2020-12-15,"quantile",0.6,418.634458004949
"4316",2020-12-12,"06","3  day ahead inc hosp",2020-12-15,"quantile",0.65,425.957983544263
"4317",2020-12-12,"06","3  day ahead inc hosp",2020-12-15,"quantile",0.7,433.675876351109
"4318",2020-12-12,"06","3  day ahead inc hosp",2020-12-15,"quantile",0.75,442.004696172548
"4319",2020-12-12,"06","3  day ahead inc hosp",2020-12-15,"quantile",0.8,451.279232007579
"4320",2020-12-12,"06","3  day ahead inc hosp",2020-12-15,"quantile",0.85,462.089836237748
"4321",2020-12-12,"06","3  day ahead inc hosp",2020-12-15,"quantile",0.9,475.69204488012
"4322",2020-12-12,"06","3  day ahead inc hosp",2020-12-15,"quantile",0.95,495.852567119139
"4323",2020-12-12,"06","3  day ahead inc hosp",2020-12-15,"quantile",0.975,513.338813542594
"4324",2020-12-12,"06","3  day ahead inc hosp",2020-12-15,"quantile",0.99,533.670353979483
"4325",2020-12-12,"06","4  day ahead inc hosp",2020-12-16,"quantile",0.01,371.803588727627
"4326",2020-12-12,"06","4  day ahead inc hosp",2020-12-16,"quantile",0.025,395.179902866311
"4327",2020-12-12,"06","4  day ahead inc hosp",2020-12-16,"quantile",0.05,415.284822646982
"4328",2020-12-12,"06","4  day ahead inc hosp",2020-12-16,"quantile",0.1,438.464507556845
"4329",2020-12-12,"06","4  day ahead inc hosp",2020-12-16,"quantile",0.15,454.103730919729
"4330",2020-12-12,"06","4  day ahead inc hosp",2020-12-16,"quantile",0.2,466.53328987508
"4331",2020-12-12,"06","4  day ahead inc hosp",2020-12-16,"quantile",0.25,477.196744709856
"4332",2020-12-12,"06","4  day ahead inc hosp",2020-12-16,"quantile",0.3,486.772856719411
"4333",2020-12-12,"06","4  day ahead inc hosp",2020-12-16,"quantile",0.35,495.646551622242
"4334",2020-12-12,"06","4  day ahead inc hosp",2020-12-16,"quantile",0.4,504.066820324512
"4335",2020-12-12,"06","4  day ahead inc hosp",2020-12-16,"quantile",0.45,512.213527740934
"4336",2020-12-12,"06","4  day ahead inc hosp",2020-12-16,"quantile",0.5,520.231072189127
"4337",2020-12-12,"06","4  day ahead inc hosp",2020-12-16,"quantile",0.55,528.24861663732
"4338",2020-12-12,"06","4  day ahead inc hosp",2020-12-16,"quantile",0.6,536.395324053742
"4339",2020-12-12,"06","4  day ahead inc hosp",2020-12-16,"quantile",0.65,544.815592756012
"4340",2020-12-12,"06","4  day ahead inc hosp",2020-12-16,"quantile",0.7,553.689287658843
"4341",2020-12-12,"06","4  day ahead inc hosp",2020-12-16,"quantile",0.75,563.265399668398
"4342",2020-12-12,"06","4  day ahead inc hosp",2020-12-16,"quantile",0.8,573.928854503174
"4343",2020-12-12,"06","4  day ahead inc hosp",2020-12-16,"quantile",0.85,586.358413458525
"4344",2020-12-12,"06","4  day ahead inc hosp",2020-12-16,"quantile",0.9,601.997636821409
"4345",2020-12-12,"06","4  day ahead inc hosp",2020-12-16,"quantile",0.95,625.177321731272
"4346",2020-12-12,"06","4  day ahead inc hosp",2020-12-16,"quantile",0.975,645.282241511943
"4347",2020-12-12,"06","4  day ahead inc hosp",2020-12-16,"quantile",0.99,668.658555650627
"4348",2020-12-12,"06","5  day ahead inc hosp",2020-12-17,"quantile",0.01,467.83139724197
"4349",2020-12-12,"06","5  day ahead inc hosp",2020-12-17,"quantile",0.025,495.223213797367
"4350",2020-12-12,"06","5  day ahead inc hosp",2020-12-17,"quantile",0.05,518.781687183118
"4351",2020-12-12,"06","5  day ahead inc hosp",2020-12-17,"quantile",0.1,545.943098220633
"4352",2020-12-12,"06","5  day ahead inc hosp",2020-12-17,"quantile",0.15,564.268773298557
"4353",2020-12-12,"06","5  day ahead inc hosp",2020-12-17,"quantile",0.2,578.833438914769
"4354",2020-12-12,"06","5  day ahead inc hosp",2020-12-17,"quantile",0.25,591.328625151061
"4355",2020-12-12,"06","5  day ahead inc hosp",2020-12-17,"quantile",0.3,602.549688571218
"4356",2020-12-12,"06","5  day ahead inc hosp",2020-12-17,"quantile",0.35,612.947676102737
"4357",2020-12-12,"06","5  day ahead inc hosp",2020-12-17,"quantile",0.4,622.814349448731
"4358",2020-12-12,"06","5  day ahead inc hosp",2020-12-17,"quantile",0.45,632.360470097061
"4359",2020-12-12,"06","5  day ahead inc hosp",2020-12-17,"quantile",0.5,641.755240609073
"4360",2020-12-12,"06","5  day ahead inc hosp",2020-12-17,"quantile",0.55,651.150011121085
"4361",2020-12-12,"06","5  day ahead inc hosp",2020-12-17,"quantile",0.6,660.696131769415
"4362",2020-12-12,"06","5  day ahead inc hosp",2020-12-17,"quantile",0.65,670.562805115409
"4363",2020-12-12,"06","5  day ahead inc hosp",2020-12-17,"quantile",0.7,680.960792646928
"4364",2020-12-12,"06","5  day ahead inc hosp",2020-12-17,"quantile",0.75,692.181856067084
"4365",2020-12-12,"06","5  day ahead inc hosp",2020-12-17,"quantile",0.8,704.677042303377
"4366",2020-12-12,"06","5  day ahead inc hosp",2020-12-17,"quantile",0.85,719.241707919589
"4367",2020-12-12,"06","5  day ahead inc hosp",2020-12-17,"quantile",0.9,737.567382997512
"4368",2020-12-12,"06","5  day ahead inc hosp",2020-12-17,"quantile",0.95,764.728794035028
"4369",2020-12-12,"06","5  day ahead inc hosp",2020-12-17,"quantile",0.975,788.287267420779
"4370",2020-12-12,"06","5  day ahead inc hosp",2020-12-17,"quantile",0.99,815.679083976175
"4371",2020-12-12,"06","6  day ahead inc hosp",2020-12-18,"quantile",0.01,525.931193328706
"4372",2020-12-12,"06","6  day ahead inc hosp",2020-12-18,"quantile",0.025,556.617084571631
"4373",2020-12-12,"06","6  day ahead inc hosp",2020-12-18,"quantile",0.05,583.008643915732
"4374",2020-12-12,"06","6  day ahead inc hosp",2020-12-18,"quantile",0.1,613.436421621383
"4375",2020-12-12,"06","6  day ahead inc hosp",2020-12-18,"quantile",0.15,633.965898783187
"4376",2020-12-12,"06","6  day ahead inc hosp",2020-12-18,"quantile",0.2,650.282076433719
"4377",2020-12-12,"06","6  day ahead inc hosp",2020-12-18,"quantile",0.25,664.27990403787
"4378",2020-12-12,"06","6  day ahead inc hosp",2020-12-18,"quantile",0.3,676.850385847446
"4379",2020-12-12,"06","6  day ahead inc hosp",2020-12-18,"quantile",0.35,688.498810620305
"4380",2020-12-12,"06","6  day ahead inc hosp",2020-12-18,"quantile",0.4,699.552026627806
"4381",2020-12-12,"06","6  day ahead inc hosp",2020-12-18,"quantile",0.45,710.246141032889
"4382",2020-12-12,"06","6  day ahead inc hosp",2020-12-18,"quantile",0.5,720.770704294359
"4383",2020-12-12,"06","6  day ahead inc hosp",2020-12-18,"quantile",0.55,731.295267555829
"4384",2020-12-12,"06","6  day ahead inc hosp",2020-12-18,"quantile",0.6,741.989381960913
"4385",2020-12-12,"06","6  day ahead inc hosp",2020-12-18,"quantile",0.65,753.042597968413
"4386",2020-12-12,"06","6  day ahead inc hosp",2020-12-18,"quantile",0.7,764.691022741272
"4387",2020-12-12,"06","6  day ahead inc hosp",2020-12-18,"quantile",0.75,777.261504550848
"4388",2020-12-12,"06","6  day ahead inc hosp",2020-12-18,"quantile",0.8,791.259332154999
"4389",2020-12-12,"06","6  day ahead inc hosp",2020-12-18,"quantile",0.85,807.575509805531
"4390",2020-12-12,"06","6  day ahead inc hosp",2020-12-18,"quantile",0.9,828.104986967335
"4391",2020-12-12,"06","6  day ahead inc hosp",2020-12-18,"quantile",0.95,858.532764672986
"4392",2020-12-12,"06","6  day ahead inc hosp",2020-12-18,"quantile",0.975,884.924324017087
"4393",2020-12-12,"06","6  day ahead inc hosp",2020-12-18,"quantile",0.99,915.610215260012
"4394",2020-12-12,"06","7  day ahead inc hosp",2020-12-19,"quantile",0.01,541.26205973011
"4395",2020-12-12,"06","7  day ahead inc hosp",2020-12-19,"quantile",0.025,578.154533945261
"4396",2020-12-12,"06","7  day ahead inc hosp",2020-12-19,"quantile",0.05,609.884097049423
"4397",2020-12-12,"06","7  day ahead inc hosp",2020-12-19,"quantile",0.1,646.466251223905
"4398",2020-12-12,"06","7  day ahead inc hosp",2020-12-19,"quantile",0.15,671.148056971261
"4399",2020-12-12,"06","7  day ahead inc hosp",2020-12-19,"quantile",0.2,690.764373750096
"4400",2020-12-12,"06","7  day ahead inc hosp",2020-12-19,"quantile",0.25,707.59342687637
"4401",2020-12-12,"06","7  day ahead inc hosp",2020-12-19,"quantile",0.3,722.706436707517
"4402",2020-12-12,"06","7  day ahead inc hosp",2020-12-19,"quantile",0.35,736.710892604782
"4403",2020-12-12,"06","7  day ahead inc hosp",2020-12-19,"quantile",0.4,749.999751752558
"4404",2020-12-12,"06","7  day ahead inc hosp",2020-12-19,"quantile",0.45,762.856876768746
"4405",2020-12-12,"06","7  day ahead inc hosp",2020-12-19,"quantile",0.5,775.510156925274
"4406",2020-12-12,"06","7  day ahead inc hosp",2020-12-19,"quantile",0.55,788.163437081802
"4407",2020-12-12,"06","7  day ahead inc hosp",2020-12-19,"quantile",0.6,801.02056209799
"4408",2020-12-12,"06","7  day ahead inc hosp",2020-12-19,"quantile",0.65,814.309421245767
"4409",2020-12-12,"06","7  day ahead inc hosp",2020-12-19,"quantile",0.7,828.313877143032
"4410",2020-12-12,"06","7  day ahead inc hosp",2020-12-19,"quantile",0.75,843.426886974178
"4411",2020-12-12,"06","7  day ahead inc hosp",2020-12-19,"quantile",0.8,860.255940100452
"4412",2020-12-12,"06","7  day ahead inc hosp",2020-12-19,"quantile",0.85,879.872256879287
"4413",2020-12-12,"06","7  day ahead inc hosp",2020-12-19,"quantile",0.9,904.554062626643
"4414",2020-12-12,"06","7  day ahead inc hosp",2020-12-19,"quantile",0.95,941.136216801125
"4415",2020-12-12,"06","7  day ahead inc hosp",2020-12-19,"quantile",0.975,972.865779905287
"4416",2020-12-12,"06","7  day ahead inc hosp",2020-12-19,"quantile",0.99,1009.75825412044
"4417",2020-12-12,"06","8  day ahead inc hosp",2020-12-20,"quantile",0.01,467.649535740866
"4418",2020-12-12,"06","8  day ahead inc hosp",2020-12-20,"quantile",0.025,511.863545653681
"4419",2020-12-12,"06","8  day ahead inc hosp",2020-12-20,"quantile",0.05,549.890033371345
"4420",2020-12-12,"06","8  day ahead inc hosp",2020-12-20,"quantile",0.1,593.732138345654
"4421",2020-12-12,"06","8  day ahead inc hosp",2020-12-20,"quantile",0.15,623.31219843096
"4422",2020-12-12,"06","8  day ahead inc hosp",2020-12-20,"quantile",0.2,646.821492479775
"4423",2020-12-12,"06","8  day ahead inc hosp",2020-12-20,"quantile",0.25,666.990373466423
"4424",2020-12-12,"06","8  day ahead inc hosp",2020-12-20,"quantile",0.3,685.102651937905
"4425",2020-12-12,"06","8  day ahead inc hosp",2020-12-20,"quantile",0.35,701.886377210821
"4426",2020-12-12,"06","8  day ahead inc hosp",2020-12-20,"quantile",0.4,717.812491210746
"4427",2020-12-12,"06","8  day ahead inc hosp",2020-12-20,"quantile",0.45,733.221190817089
"4428",2020-12-12,"06","8  day ahead inc hosp",2020-12-20,"quantile",0.5,748.38559131264
"4429",2020-12-12,"06","8  day ahead inc hosp",2020-12-20,"quantile",0.55,763.549991808192
"4430",2020-12-12,"06","8  day ahead inc hosp",2020-12-20,"quantile",0.6,778.958691414535
"4431",2020-12-12,"06","8  day ahead inc hosp",2020-12-20,"quantile",0.65,794.884805414459
"4432",2020-12-12,"06","8  day ahead inc hosp",2020-12-20,"quantile",0.7,811.668530687376
"4433",2020-12-12,"06","8  day ahead inc hosp",2020-12-20,"quantile",0.75,829.780809158857
"4434",2020-12-12,"06","8  day ahead inc hosp",2020-12-20,"quantile",0.8,849.949690145506
"4435",2020-12-12,"06","8  day ahead inc hosp",2020-12-20,"quantile",0.85,873.45898419432
"4436",2020-12-12,"06","8  day ahead inc hosp",2020-12-20,"quantile",0.9,903.039044279626
"4437",2020-12-12,"06","8  day ahead inc hosp",2020-12-20,"quantile",0.95,946.881149253935
"4438",2020-12-12,"06","8  day ahead inc hosp",2020-12-20,"quantile",0.975,984.9076369716
"4439",2020-12-12,"06","8  day ahead inc hosp",2020-12-20,"quantile",0.99,1029.12164688441
"4440",2020-12-12,"06","9  day ahead inc hosp",2020-12-21,"quantile",0.01,519.703518233872
"4441",2020-12-12,"06","9  day ahead inc hosp",2020-12-21,"quantile",0.025,570.652828569449
"4442",2020-12-12,"06","9  day ahead inc hosp",2020-12-21,"quantile",0.05,614.472046222852
"4443",2020-12-12,"06","9  day ahead inc hosp",2020-12-21,"quantile",0.1,664.992797824114
"4444",2020-12-12,"06","9  day ahead inc hosp",2020-12-21,"quantile",0.15,699.07890908168
"4445",2020-12-12,"06","9  day ahead inc hosp",2020-12-21,"quantile",0.2,726.169469757476
"4446",2020-12-12,"06","9  day ahead inc hosp",2020-12-21,"quantile",0.25,749.410758628049
"4447",2020-12-12,"06","9  day ahead inc hosp",2020-12-21,"quantile",0.3,770.282154336052
"4448",2020-12-12,"06","9  day ahead inc hosp",2020-12-21,"quantile",0.35,789.622612919273
"4449",2020-12-12,"06","9  day ahead inc hosp",2020-12-21,"quantile",0.4,807.97481680718
"4450",2020-12-12,"06","9  day ahead inc hosp",2020-12-21,"quantile",0.45,825.730786457057
"4451",2020-12-12,"06","9  day ahead inc hosp",2020-12-21,"quantile",0.5,843.205241916409
"4452",2020-12-12,"06","9  day ahead inc hosp",2020-12-21,"quantile",0.55,860.679697375761
"4453",2020-12-12,"06","9  day ahead inc hosp",2020-12-21,"quantile",0.6,878.435667025638
"4454",2020-12-12,"06","9  day ahead inc hosp",2020-12-21,"quantile",0.65,896.787870913545
"4455",2020-12-12,"06","9  day ahead inc hosp",2020-12-21,"quantile",0.7,916.128329496766
"4456",2020-12-12,"06","9  day ahead inc hosp",2020-12-21,"quantile",0.75,936.999725204769
"4457",2020-12-12,"06","9  day ahead inc hosp",2020-12-21,"quantile",0.8,960.241014075342
"4458",2020-12-12,"06","9  day ahead inc hosp",2020-12-21,"quantile",0.85,987.331574751139
"4459",2020-12-12,"06","9  day ahead inc hosp",2020-12-21,"quantile",0.9,1021.4176860087
"4460",2020-12-12,"06","9  day ahead inc hosp",2020-12-21,"quantile",0.95,1071.93843760997
"4461",2020-12-12,"06","9  day ahead inc hosp",2020-12-21,"quantile",0.975,1115.75765526337
"4462",2020-12-12,"06","9  day ahead inc hosp",2020-12-21,"quantile",0.99,1166.70696559895
"4463",2020-12-12,"06","10  day ahead inc hosp",2020-12-22,"quantile",0.01,585.542963004262
"4464",2020-12-12,"06","10  day ahead inc hosp",2020-12-22,"quantile",0.025,642.79547082421
"4465",2020-12-12,"06","10  day ahead inc hosp",2020-12-22,"quantile",0.05,692.035786048137
"4466",2020-12-12,"06","10  day ahead inc hosp",2020-12-22,"quantile",0.1,748.806715960041
"4467",2020-12-12,"06","10  day ahead inc hosp",2020-12-22,"quantile",0.15,787.109792851009
"4468",2020-12-12,"06","10  day ahead inc hosp",2020-12-22,"quantile",0.2,817.551864131703
"4469",2020-12-12,"06","10  day ahead inc hosp",2020-12-22,"quantile",0.25,843.668450677115
"4470",2020-12-12,"06","10  day ahead inc hosp",2020-12-22,"quantile",0.3,867.121952561934
"4471",2020-12-12,"06","10  day ahead inc hosp",2020-12-22,"quantile",0.35,888.85511732872
"4472",2020-12-12,"06","10  day ahead inc hosp",2020-12-22,"quantile",0.4,909.477765401584
"4473",2020-12-12,"06","10  day ahead inc hosp",2020-12-22,"quantile",0.45,929.430416076041
"4474",2020-12-12,"06","10  day ahead inc hosp",2020-12-22,"quantile",0.5,949.066725012245
"4475",2020-12-12,"06","10  day ahead inc hosp",2020-12-22,"quantile",0.55,968.703033948449
"4476",2020-12-12,"06","10  day ahead inc hosp",2020-12-22,"quantile",0.6,988.655684622907
"4477",2020-12-12,"06","10  day ahead inc hosp",2020-12-22,"quantile",0.65,1009.27833269577
"4478",2020-12-12,"06","10  day ahead inc hosp",2020-12-22,"quantile",0.7,1031.01149746256
"4479",2020-12-12,"06","10  day ahead inc hosp",2020-12-22,"quantile",0.75,1054.46499934738
"4480",2020-12-12,"06","10  day ahead inc hosp",2020-12-22,"quantile",0.8,1080.58158589279
"4481",2020-12-12,"06","10  day ahead inc hosp",2020-12-22,"quantile",0.85,1111.02365717348
"4482",2020-12-12,"06","10  day ahead inc hosp",2020-12-22,"quantile",0.9,1149.32673406445
"4483",2020-12-12,"06","10  day ahead inc hosp",2020-12-22,"quantile",0.95,1206.09766397635
"4484",2020-12-12,"06","10  day ahead inc hosp",2020-12-22,"quantile",0.975,1255.33797920028
"4485",2020-12-12,"06","10  day ahead inc hosp",2020-12-22,"quantile",0.99,1312.59048702023
"4486",2020-12-12,"06","11  day ahead inc hosp",2020-12-23,"quantile",0.01,662.425457085766
"4487",2020-12-12,"06","11  day ahead inc hosp",2020-12-23,"quantile",0.025,726.185079948849
"4488",2020-12-12,"06","11  day ahead inc hosp",2020-12-23,"quantile",0.05,781.021873093533
"4489",2020-12-12,"06","11  day ahead inc hosp",2020-12-23,"quantile",0.1,844.24518362786
"4490",2020-12-12,"06","11  day ahead inc hosp",2020-12-23,"quantile",0.15,886.901651092031
"4491",2020-12-12,"06","11  day ahead inc hosp",2020-12-23,"quantile",0.2,920.803659195017
"4492",2020-12-12,"06","11  day ahead inc hosp",2020-12-23,"quantile",0.25,949.888563455338
"4493",2020-12-12,"06","11  day ahead inc hosp",2020-12-23,"quantile",0.3,976.007706387862
"4494",2020-12-12,"06","11  day ahead inc hosp",2020-12-23,"quantile",0.35,1000.21098484528
"4495",2020-12-12,"06","11  day ahead inc hosp",2020-12-23,"quantile",0.4,1023.1775292576
"4496",2020-12-12,"06","11  day ahead inc hosp",2020-12-23,"quantile",0.45,1045.39792676618
"4497",2020-12-12,"06","11  day ahead inc hosp",2020-12-23,"quantile",0.5,1067.26602826722
"4498",2020-12-12,"06","11  day ahead inc hosp",2020-12-23,"quantile",0.55,1089.13412976825
"4499",2020-12-12,"06","11  day ahead inc hosp",2020-12-23,"quantile",0.6,1111.35452727683
"4500",2020-12-12,"06","11  day ahead inc hosp",2020-12-23,"quantile",0.65,1134.32107168915
"4501",2020-12-12,"06","11  day ahead inc hosp",2020-12-23,"quantile",0.7,1158.52435014657
"4502",2020-12-12,"06","11  day ahead inc hosp",2020-12-23,"quantile",0.75,1184.64349307909
"4503",2020-12-12,"06","11  day ahead inc hosp",2020-12-23,"quantile",0.8,1213.72839733941
"4504",2020-12-12,"06","11  day ahead inc hosp",2020-12-23,"quantile",0.85,1247.6304054424
"4505",2020-12-12,"06","11  day ahead inc hosp",2020-12-23,"quantile",0.9,1290.28687290657
"4506",2020-12-12,"06","11  day ahead inc hosp",2020-12-23,"quantile",0.95,1353.5101834409
"4507",2020-12-12,"06","11  day ahead inc hosp",2020-12-23,"quantile",0.975,1408.34697658558
"4508",2020-12-12,"06","11  day ahead inc hosp",2020-12-23,"quantile",0.99,1472.10659944867
"4509",2020-12-12,"06","12  day ahead inc hosp",2020-12-24,"quantile",0.01,735.481710879388
"4510",2020-12-12,"06","12  day ahead inc hosp",2020-12-24,"quantile",0.025,805.410336224025
"4511",2020-12-12,"06","12  day ahead inc hosp",2020-12-24,"quantile",0.05,865.552811833557
"4512",2020-12-12,"06","12  day ahead inc hosp",2020-12-24,"quantile",0.1,934.893234453315
"4513",2020-12-12,"06","12  day ahead inc hosp",2020-12-24,"quantile",0.15,981.676888400471
"4514",2020-12-12,"06","12  day ahead inc hosp",2020-12-24,"quantile",0.2,1018.85905348566
"4515",2020-12-12,"06","12  day ahead inc hosp",2020-12-24,"quantile",0.25,1050.758040366
"4516",2020-12-12,"06","12  day ahead inc hosp",2020-12-24,"quantile",0.3,1079.40431646417
"4517",2020-12-12,"06","12  day ahead inc hosp",2020-12-24,"quantile",0.35,1105.94936041769
"4518",2020-12-12,"06","12  day ahead inc hosp",2020-12-24,"quantile",0.4,1131.13801128408
"4519",2020-12-12,"06","12  day ahead inc hosp",2020-12-24,"quantile",0.45,1155.50832250319
"4520",2020-12-12,"06","12  day ahead inc hosp",2020-12-24,"quantile",0.5,1179.49225164511
"4521",2020-12-12,"06","12  day ahead inc hosp",2020-12-24,"quantile",0.55,1203.47618078704
"4522",2020-12-12,"06","12  day ahead inc hosp",2020-12-24,"quantile",0.6,1227.84649200615
"4523",2020-12-12,"06","12  day ahead inc hosp",2020-12-24,"quantile",0.65,1253.03514287254
"4524",2020-12-12,"06","12  day ahead inc hosp",2020-12-24,"quantile",0.7,1279.58018682606
"4525",2020-12-12,"06","12  day ahead inc hosp",2020-12-24,"quantile",0.75,1308.22646292423
"4526",2020-12-12,"06","12  day ahead inc hosp",2020-12-24,"quantile",0.8,1340.12544980457
"4527",2020-12-12,"06","12  day ahead inc hosp",2020-12-24,"quantile",0.85,1377.30761488976
"4528",2020-12-12,"06","12  day ahead inc hosp",2020-12-24,"quantile",0.9,1424.09126883691
"4529",2020-12-12,"06","12  day ahead inc hosp",2020-12-24,"quantile",0.95,1493.43169145667
"4530",2020-12-12,"06","12  day ahead inc hosp",2020-12-24,"quantile",0.975,1553.5741670662
"4531",2020-12-12,"06","12  day ahead inc hosp",2020-12-24,"quantile",0.99,1623.50279241084
"4532",2020-12-12,"06","13  day ahead inc hosp",2020-12-25,"quantile",0.01,783.015710313163
"4533",2020-12-12,"06","13  day ahead inc hosp",2020-12-25,"quantile",0.025,859.560270716452
"4534",2020-12-12,"06","13  day ahead inc hosp",2020-12-25,"quantile",0.05,925.392815463454
"4535",2020-12-12,"06","13  day ahead inc hosp",2020-12-25,"quantile",0.1,1001.29352338456
"4536",2020-12-12,"06","13  day ahead inc hosp",2020-12-25,"quantile",0.15,1052.50337067951
"4537",2020-12-12,"06","13  day ahead inc hosp",2020-12-25,"quantile",0.2,1093.20333392434
"4538",2020-12-12,"06","13  day ahead inc hosp",2020-12-25,"quantile",0.25,1128.12027839496
"4539",2020-12-12,"06","13  day ahead inc hosp",2020-12-25,"quantile",0.3,1159.47677368312
"4540",2020-12-12,"06","13  day ahead inc hosp",2020-12-25,"quantile",0.35,1188.53323961955
"4541",2020-12-12,"06","13  day ahead inc hosp",2020-12-25,"quantile",0.4,1216.10498435523
"4542",2020-12-12,"06","13  day ahead inc hosp",2020-12-25,"quantile",0.45,1242.7809664722
"4543",2020-12-12,"06","13  day ahead inc hosp",2020-12-25,"quantile",0.5,1269.034010971
"4544",2020-12-12,"06","13  day ahead inc hosp",2020-12-25,"quantile",0.55,1295.2870554698
"4545",2020-12-12,"06","13  day ahead inc hosp",2020-12-25,"quantile",0.6,1321.96303758677
"4546",2020-12-12,"06","13  day ahead inc hosp",2020-12-25,"quantile",0.65,1349.53478232245
"4547",2020-12-12,"06","13  day ahead inc hosp",2020-12-25,"quantile",0.7,1378.59124825889
"4548",2020-12-12,"06","13  day ahead inc hosp",2020-12-25,"quantile",0.75,1409.94774354704
"4549",2020-12-12,"06","13  day ahead inc hosp",2020-12-25,"quantile",0.8,1444.86468801766
"4550",2020-12-12,"06","13  day ahead inc hosp",2020-12-25,"quantile",0.85,1485.56465126249
"4551",2020-12-12,"06","13  day ahead inc hosp",2020-12-25,"quantile",0.9,1536.77449855745
"4552",2020-12-12,"06","13  day ahead inc hosp",2020-12-25,"quantile",0.95,1612.67520647855
"4553",2020-12-12,"06","13  day ahead inc hosp",2020-12-25,"quantile",0.975,1678.50775122555
"4554",2020-12-12,"06","13  day ahead inc hosp",2020-12-25,"quantile",0.99,1755.05231162884
"4555",2020-12-12,"06","14  day ahead inc hosp",2020-12-26,"quantile",0.01,810.121718807531
"4556",2020-12-12,"06","14  day ahead inc hosp",2020-12-26,"quantile",0.025,894.274320015786
"4557",2020-12-12,"06","14  day ahead inc hosp",2020-12-26,"quantile",0.05,966.650199574446
"4558",2020-12-12,"06","14  day ahead inc hosp",2020-12-26,"quantile",0.1,1050.09495347278
"4559",2020-12-12,"06","14  day ahead inc hosp",2020-12-26,"quantile",0.15,1106.39473277314
"4560",2020-12-12,"06","14  day ahead inc hosp",2020-12-26,"quantile",0.2,1151.14001262173
"4561",2020-12-12,"06","14  day ahead inc hosp",2020-12-26,"quantile",0.25,1189.52747853656
"4562",2020-12-12,"06","14  day ahead inc hosp",2020-12-26,"quantile",0.3,1224.00060934259
"4563",2020-12-12,"06","14  day ahead inc hosp",2020-12-26,"quantile",0.35,1255.94510255788
"4564",2020-12-12,"06","14  day ahead inc hosp",2020-12-26,"quantile",0.4,1286.25730276039
"4565",2020-12-12,"06","14  day ahead inc hosp",2020-12-26,"quantile",0.45,1315.58470725655
"4566",2020-12-12,"06","14  day ahead inc hosp",2020-12-26,"quantile",0.5,1344.44713683443
"4567",2020-12-12,"06","14  day ahead inc hosp",2020-12-26,"quantile",0.55,1373.30956641232
"4568",2020-12-12,"06","14  day ahead inc hosp",2020-12-26,"quantile",0.6,1402.63697090848
"4569",2020-12-12,"06","14  day ahead inc hosp",2020-12-26,"quantile",0.65,1432.94917111098
"4570",2020-12-12,"06","14  day ahead inc hosp",2020-12-26,"quantile",0.7,1464.89366432627
"4571",2020-12-12,"06","14  day ahead inc hosp",2020-12-26,"quantile",0.75,1499.3667951323
"4572",2020-12-12,"06","14  day ahead inc hosp",2020-12-26,"quantile",0.8,1537.75426104713
"4573",2020-12-12,"06","14  day ahead inc hosp",2020-12-26,"quantile",0.85,1582.49954089573
"4574",2020-12-12,"06","14  day ahead inc hosp",2020-12-26,"quantile",0.9,1638.79932019608
"4575",2020-12-12,"06","14  day ahead inc hosp",2020-12-26,"quantile",0.95,1722.24407409442
"4576",2020-12-12,"06","14  day ahead inc hosp",2020-12-26,"quantile",0.975,1794.61995365308
"4577",2020-12-12,"06","14  day ahead inc hosp",2020-12-26,"quantile",0.99,1878.77255486134
"4578",2020-12-12,"06","15  day ahead inc hosp",2020-12-27,"quantile",0.01,422.93437995786
"4579",2020-12-12,"06","15  day ahead inc hosp",2020-12-27,"quantile",0.025,515.378932339072
"4580",2020-12-12,"06","15  day ahead inc hosp",2020-12-27,"quantile",0.05,594.886347355739
"4581",2020-12-12,"06","15  day ahead inc hosp",2020-12-27,"quantile",0.1,686.553304905895
"4582",2020-12-12,"06","15  day ahead inc hosp",2020-12-27,"quantile",0.15,748.400565975128
"4583",2020-12-12,"06","15  day ahead inc hosp",2020-12-27,"quantile",0.2,797.55480847488
"4584",2020-12-12,"06","15  day ahead inc hosp",2020-12-27,"quantile",0.25,839.724771762924
"4585",2020-12-12,"06","15  day ahead inc hosp",2020-12-27,"quantile",0.3,877.594702113095
"4586",2020-12-12,"06","15  day ahead inc hosp",2020-12-27,"quantile",0.35,912.68683633036
"4587",2020-12-12,"06","15  day ahead inc hosp",2020-12-27,"quantile",0.4,945.985840035258
"4588",2020-12-12,"06","15  day ahead inc hosp",2020-12-27,"quantile",0.45,978.203011485977
"4589",2020-12-12,"06","15  day ahead inc hosp",2020-12-27,"quantile",0.5,1009.90939185512
"4590",2020-12-12,"06","15  day ahead inc hosp",2020-12-27,"quantile",0.55,1041.61577222426
"4591",2020-12-12,"06","15  day ahead inc hosp",2020-12-27,"quantile",0.6,1073.83294367498
"4592",2020-12-12,"06","15  day ahead inc hosp",2020-12-27,"quantile",0.65,1107.13194737988
"4593",2020-12-12,"06","15  day ahead inc hosp",2020-12-27,"quantile",0.7,1142.22408159714
"4594",2020-12-12,"06","15  day ahead inc hosp",2020-12-27,"quantile",0.75,1180.09401194731
"4595",2020-12-12,"06","15  day ahead inc hosp",2020-12-27,"quantile",0.8,1222.26397523536
"4596",2020-12-12,"06","15  day ahead inc hosp",2020-12-27,"quantile",0.85,1271.41821773511
"4597",2020-12-12,"06","15  day ahead inc hosp",2020-12-27,"quantile",0.9,1333.26547880434
"4598",2020-12-12,"06","15  day ahead inc hosp",2020-12-27,"quantile",0.95,1424.9324363545
"4599",2020-12-12,"06","15  day ahead inc hosp",2020-12-27,"quantile",0.975,1504.43985137117
"4600",2020-12-12,"06","15  day ahead inc hosp",2020-12-27,"quantile",0.99,1596.88440375238
"4601",2020-12-12,"06","16  day ahead inc hosp",2020-12-28,"quantile",0.01,455.050137038704
"4602",2020-12-12,"06","16  day ahead inc hosp",2020-12-28,"quantile",0.025,555.936695277464
"4603",2020-12-12,"06","16  day ahead inc hosp",2020-12-28,"quantile",0.05,642.704701059084
"4604",2020-12-12,"06","16  day ahead inc hosp",2020-12-28,"quantile",0.1,742.742654764761
"4605",2020-12-12,"06","16  day ahead inc hosp",2020-12-28,"quantile",0.15,810.237787198731
"4606",2020-12-12,"06","16  day ahead inc hosp",2020-12-28,"quantile",0.2,863.88077881801
"4607",2020-12-12,"06","16  day ahead inc hosp",2020-12-28,"quantile",0.25,909.901689164809
"4608",2020-12-12,"06","16  day ahead inc hosp",2020-12-28,"quantile",0.3,951.229888992263
"4609",2020-12-12,"06","16  day ahead inc hosp",2020-12-28,"quantile",0.35,989.526625265411
"4610",2020-12-12,"06","16  day ahead inc hosp",2020-12-28,"quantile",0.4,1025.86648294262
"4611",2020-12-12,"06","16  day ahead inc hosp",2020-12-28,"quantile",0.45,1061.02571580307
"4612",2020-12-12,"06","16  day ahead inc hosp",2020-12-28,"quantile",0.5,1095.62751230982
"4613",2020-12-12,"06","16  day ahead inc hosp",2020-12-28,"quantile",0.55,1130.22930881656
"4614",2020-12-12,"06","16  day ahead inc hosp",2020-12-28,"quantile",0.6,1165.38854167701
"4615",2020-12-12,"06","16  day ahead inc hosp",2020-12-28,"quantile",0.65,1201.72839935422
"4616",2020-12-12,"06","16  day ahead inc hosp",2020-12-28,"quantile",0.7,1240.02513562737
"4617",2020-12-12,"06","16  day ahead inc hosp",2020-12-28,"quantile",0.75,1281.35333545482
"4618",2020-12-12,"06","16  day ahead inc hosp",2020-12-28,"quantile",0.8,1327.37424580162
"4619",2020-12-12,"06","16  day ahead inc hosp",2020-12-28,"quantile",0.85,1381.0172374209
"4620",2020-12-12,"06","16  day ahead inc hosp",2020-12-28,"quantile",0.9,1448.51236985487
"4621",2020-12-12,"06","16  day ahead inc hosp",2020-12-28,"quantile",0.95,1548.55032356055
"4622",2020-12-12,"06","16  day ahead inc hosp",2020-12-28,"quantile",0.975,1635.31832934217
"4623",2020-12-12,"06","16  day ahead inc hosp",2020-12-28,"quantile",0.99,1736.20488758093
"4624",2020-12-12,"06","17  day ahead inc hosp",2020-12-29,"quantile",0.01,500.055521380227
"4625",2020-12-12,"06","17  day ahead inc hosp",2020-12-29,"quantile",0.025,609.456834088839
"4626",2020-12-12,"06","17  day ahead inc hosp",2020-12-29,"quantile",0.05,703.54799845538
"4627",2020-12-12,"06","17  day ahead inc hosp",2020-12-29,"quantile",0.1,812.029085005915
"4628",2020-12-12,"06","17  day ahead inc hosp",2020-12-29,"quantile",0.15,885.220759086448
"4629",2020-12-12,"06","17  day ahead inc hosp",2020-12-29,"quantile",0.2,943.39118142237
"4630",2020-12-12,"06","17  day ahead inc hosp",2020-12-29,"quantile",0.25,993.296224193973
"4631",2020-12-12,"06","17  day ahead inc hosp",2020-12-29,"quantile",0.3,1038.11249498306
"4632",2020-12-12,"06","17  day ahead inc hosp",2020-12-29,"quantile",0.35,1079.64144882865
"4633",2020-12-12,"06","17  day ahead inc hosp",2020-12-29,"quantile",0.4,1119.04836490287
"4634",2020-12-12,"06","17  day ahead inc hosp",2020-12-29,"quantile",0.45,1157.17501225719
"4635",2020-12-12,"06","17  day ahead inc hosp",2020-12-29,"quantile",0.5,1194.69717602212
"4636",2020-12-12,"06","17  day ahead inc hosp",2020-12-29,"quantile",0.55,1232.21933978704
"4637",2020-12-12,"06","17  day ahead inc hosp",2020-12-29,"quantile",0.6,1270.34598714136
"4638",2020-12-12,"06","17  day ahead inc hosp",2020-12-29,"quantile",0.65,1309.75290321558
"4639",2020-12-12,"06","17  day ahead inc hosp",2020-12-29,"quantile",0.7,1351.28185706117
"4640",2020-12-12,"06","17  day ahead inc hosp",2020-12-29,"quantile",0.75,1396.09812785026
"4641",2020-12-12,"06","17  day ahead inc hosp",2020-12-29,"quantile",0.8,1446.00317062186
"4642",2020-12-12,"06","17  day ahead inc hosp",2020-12-29,"quantile",0.85,1504.17359295778
"4643",2020-12-12,"06","17  day ahead inc hosp",2020-12-29,"quantile",0.9,1577.36526703832
"4644",2020-12-12,"06","17  day ahead inc hosp",2020-12-29,"quantile",0.95,1685.84635358885
"4645",2020-12-12,"06","17  day ahead inc hosp",2020-12-29,"quantile",0.975,1779.93751795539
"4646",2020-12-12,"06","17  day ahead inc hosp",2020-12-29,"quantile",0.99,1889.338830664
"4647",2020-12-12,"06","18  day ahead inc hosp",2020-12-30,"quantile",0.01,556.428223822533
"4648",2020-12-12,"06","18  day ahead inc hosp",2020-12-30,"quantile",0.025,674.204488019304
"4649",2020-12-12,"06","18  day ahead inc hosp",2020-12-30,"quantile",0.05,775.498572693877
"4650",2020-12-12,"06","18  day ahead inc hosp",2020-12-30,"quantile",0.1,892.284165056543
"4651",2020-12-12,"06","18  day ahead inc hosp",2020-12-30,"quantile",0.15,971.078849782791
"4652",2020-12-12,"06","18  day ahead inc hosp",2020-12-30,"quantile",0.2,1033.70236736088
"4653",2020-12-12,"06","18  day ahead inc hosp",2020-12-30,"quantile",0.25,1087.42776933914
"4654",2020-12-12,"06","18  day ahead inc hosp",2020-12-30,"quantile",0.3,1135.67484076896
"4655",2020-12-12,"06","18  day ahead inc hosp",2020-12-30,"quantile",0.35,1180.38294269971
"4656",2020-12-12,"06","18  day ahead inc hosp",2020-12-30,"quantile",0.4,1222.80655941716
"4657",2020-12-12,"06","18  day ahead inc hosp",2020-12-30,"quantile",0.45,1263.85189955582
"4658",2020-12-12,"06","18  day ahead inc hosp",2020-12-30,"quantile",0.5,1304.24648133367
"4659",2020-12-12,"06","18  day ahead inc hosp",2020-12-30,"quantile",0.55,1344.64106311151
"4660",2020-12-12,"06","18  day ahead inc hosp",2020-12-30,"quantile",0.6,1385.68640325017
"4661",2020-12-12,"06","18  day ahead inc hosp",2020-12-30,"quantile",0.65,1428.11001996763
"4662",2020-12-12,"06","18  day ahead inc hosp",2020-12-30,"quantile",0.7,1472.81812189837
"4663",2020-12-12,"06","18  day ahead inc hosp",2020-12-30,"quantile",0.75,1521.0651933282
"4664",2020-12-12,"06","18  day ahead inc hosp",2020-12-30,"quantile",0.8,1574.79059530646
"4665",2020-12-12,"06","18  day ahead inc hosp",2020-12-30,"quantile",0.85,1637.41411288454
"4666",2020-12-12,"06","18  day ahead inc hosp",2020-12-30,"quantile",0.9,1716.20879761079
"4667",2020-12-12,"06","18  day ahead inc hosp",2020-12-30,"quantile",0.95,1832.99438997346
"4668",2020-12-12,"06","18  day ahead inc hosp",2020-12-30,"quantile",0.975,1934.28847464803
"4669",2020-12-12,"06","18  day ahead inc hosp",2020-12-30,"quantile",0.99,2052.0647388448
"4670",2020-12-12,"06","19  day ahead inc hosp",2020-12-31,"quantile",0.01,611.445777646139
"4671",2020-12-12,"06","19  day ahead inc hosp",2020-12-31,"quantile",0.025,737.496001417957
"4672",2020-12-12,"06","19  day ahead inc hosp",2020-12-31,"quantile",0.05,845.906147783776
"4673",2020-12-12,"06","19  day ahead inc hosp",2020-12-31,"quantile",0.1,970.896103536185
"4674",2020-12-12,"06","19  day ahead inc hosp",2020-12-31,"quantile",0.15,1055.22623329119
"4675",2020-12-12,"06","19  day ahead inc hosp",2020-12-31,"quantile",0.2,1122.24914710095
"4676",2020-12-12,"06","19  day ahead inc hosp",2020-12-31,"quantile",0.25,1179.74883931632
"4677",2020-12-12,"06","19  day ahead inc hosp",2020-12-31,"quantile",0.3,1231.38534002842
"4678",2020-12-12,"06","19  day ahead inc hosp",2020-12-31,"quantile",0.35,1279.23425331513
"4679",2020-12-12,"06","19  day ahead inc hosp",2020-12-31,"quantile",0.4,1324.63819286878
"4680",2020-12-12,"06","19  day ahead inc hosp",2020-12-31,"quantile",0.45,1368.56702984245
"4681",2020-12-12,"06","19  day ahead inc hosp",2020-12-31,"quantile",0.5,1411.79939170239
"4682",2020-12-12,"06","19  day ahead inc hosp",2020-12-31,"quantile",0.55,1455.03175356233
"4683",2020-12-12,"06","19  day ahead inc hosp",2020-12-31,"quantile",0.6,1498.960590536
"4684",2020-12-12,"06","19  day ahead inc hosp",2020-12-31,"quantile",0.65,1544.36453008965
"4685",2020-12-12,"06","19  day ahead inc hosp",2020-12-31,"quantile",0.7,1592.21344337636
"4686",2020-12-12,"06","19  day ahead inc hosp",2020-12-31,"quantile",0.75,1643.84994408846
"4687",2020-12-12,"06","19  day ahead inc hosp",2020-12-31,"quantile",0.8,1701.34963630383
"4688",2020-12-12,"06","19  day ahead inc hosp",2020-12-31,"quantile",0.85,1768.37255011359
"4689",2020-12-12,"06","19  day ahead inc hosp",2020-12-31,"quantile",0.9,1852.7026798686
"4690",2020-12-12,"06","19  day ahead inc hosp",2020-12-31,"quantile",0.95,1977.69263562101
"4691",2020-12-12,"06","19  day ahead inc hosp",2020-12-31,"quantile",0.975,2086.10278198682
"4692",2020-12-12,"06","19  day ahead inc hosp",2020-12-31,"quantile",0.99,2212.15300575864
"4693",2020-12-12,"06","20  day ahead inc hosp",2021-01-01,"quantile",0.01,653.596118196275
"4694",2020-12-12,"06","20  day ahead inc hosp",2021-01-01,"quantile",0.025,788.157404182678
"4695",2020-12-12,"06","20  day ahead inc hosp",2021-01-01,"quantile",0.05,903.887533590193
"4696",2020-12-12,"06","20  day ahead inc hosp",2021-01-01,"quantile",0.1,1037.3169609895
"4697",2020-12-12,"06","20  day ahead inc hosp",2021-01-01,"quantile",0.15,1127.34116219818
"4698",2020-12-12,"06","20  day ahead inc hosp",2021-01-01,"quantile",0.2,1198.88954349358
"4699",2020-12-12,"06","20  day ahead inc hosp",2021-01-01,"quantile",0.25,1260.27168385637
"4700",2020-12-12,"06","20  day ahead inc hosp",2021-01-01,"quantile",0.3,1315.39474299696
"4701",2020-12-12,"06","20  day ahead inc hosp",2021-01-01,"quantile",0.35,1366.47447226873
"4702",2020-12-12,"06","20  day ahead inc hosp",2021-01-01,"quantile",0.4,1414.94414025003
"4703",2020-12-12,"06","20  day ahead inc hosp",2021-01-01,"quantile",0.45,1461.83910495683
"4704",2020-12-12,"06","20  day ahead inc hosp",2021-01-01,"quantile",0.5,1507.99056771531
"4705",2020-12-12,"06","20  day ahead inc hosp",2021-01-01,"quantile",0.55,1554.14203047379
"4706",2020-12-12,"06","20  day ahead inc hosp",2021-01-01,"quantile",0.6,1601.0369951806
"4707",2020-12-12,"06","20  day ahead inc hosp",2021-01-01,"quantile",0.65,1649.50666316189
"4708",2020-12-12,"06","20  day ahead inc hosp",2021-01-01,"quantile",0.7,1700.58639243367
"4709",2020-12-12,"06","20  day ahead inc hosp",2021-01-01,"quantile",0.75,1755.70945157425
"4710",2020-12-12,"06","20  day ahead inc hosp",2021-01-01,"quantile",0.8,1817.09159193704
"4711",2020-12-12,"06","20  day ahead inc hosp",2021-01-01,"quantile",0.85,1888.63997323245
"4712",2020-12-12,"06","20  day ahead inc hosp",2021-01-01,"quantile",0.9,1978.66417444113
"4713",2020-12-12,"06","20  day ahead inc hosp",2021-01-01,"quantile",0.95,2112.09360184043
"4714",2020-12-12,"06","20  day ahead inc hosp",2021-01-01,"quantile",0.975,2227.82373124795
"4715",2020-12-12,"06","20  day ahead inc hosp",2021-01-01,"quantile",0.99,2362.38501723435
"4716",2020-12-12,"06","21  day ahead inc hosp",2021-01-02,"quantile",0.01,682.261700792263
"4717",2020-12-12,"06","21  day ahead inc hosp",2021-01-02,"quantile",0.025,825.826595201685
"4718",2020-12-12,"06","21  day ahead inc hosp",2021-01-02,"quantile",0.05,949.300324562874
"4719",2020-12-12,"06","21  day ahead inc hosp",2021-01-02,"quantile",0.1,1091.65762677851
"4720",2020-12-12,"06","21  day ahead inc hosp",2021-01-02,"quantile",0.15,1187.70542274059
"4721",2020-12-12,"06","21  day ahead inc hosp",2021-01-02,"quantile",0.2,1264.04116619415
"4722",2020-12-12,"06","21  day ahead inc hosp",2021-01-02,"quantile",0.25,1329.53043701384
"4723",2020-12-12,"06","21  day ahead inc hosp",2021-01-02,"quantile",0.3,1388.34182624091
"4724",2020-12-12,"06","21  day ahead inc hosp",2021-01-02,"quantile",0.35,1442.83934300889
"4725",2020-12-12,"06","21  day ahead inc hosp",2021-01-02,"quantile",0.4,1494.55215709791
"4726",2020-12-12,"06","21  day ahead inc hosp",2021-01-02,"quantile",0.45,1544.58490319656
"4727",2020-12-12,"06","21  day ahead inc hosp",2021-01-02,"quantile",0.5,1593.82439900839
"4728",2020-12-12,"06","21  day ahead inc hosp",2021-01-02,"quantile",0.55,1643.06389482022
"4729",2020-12-12,"06","21  day ahead inc hosp",2021-01-02,"quantile",0.6,1693.09664091887
"4730",2020-12-12,"06","21  day ahead inc hosp",2021-01-02,"quantile",0.65,1744.80945500789
"4731",2020-12-12,"06","21  day ahead inc hosp",2021-01-02,"quantile",0.7,1799.30697177587
"4732",2020-12-12,"06","21  day ahead inc hosp",2021-01-02,"quantile",0.75,1858.11836100294
"4733",2020-12-12,"06","21  day ahead inc hosp",2021-01-02,"quantile",0.8,1923.60763182263
"4734",2020-12-12,"06","21  day ahead inc hosp",2021-01-02,"quantile",0.85,1999.94337527619
"4735",2020-12-12,"06","21  day ahead inc hosp",2021-01-02,"quantile",0.9,2095.99117123827
"4736",2020-12-12,"06","21  day ahead inc hosp",2021-01-02,"quantile",0.95,2238.34847345391
"4737",2020-12-12,"06","21  day ahead inc hosp",2021-01-02,"quantile",0.975,2361.82220281509
"4738",2020-12-12,"06","21  day ahead inc hosp",2021-01-02,"quantile",0.99,2505.38709722452
"4739",2020-12-12,"06","22  day ahead inc hosp",2021-01-03,"quantile",0.01,243.176366311695
"4740",2020-12-12,"06","22  day ahead inc hosp",2021-01-03,"quantile",0.025,396.192149065311
"4741",2020-12-12,"06","22  day ahead inc hosp",2021-01-03,"quantile",0.05,527.794163787864
"4742",2020-12-12,"06","22  day ahead inc hosp",2021-01-03,"quantile",0.1,679.522858458145
"4743",2020-12-12,"06","22  day ahead inc hosp",2021-01-03,"quantile",0.15,781.89348841859
"4744",2020-12-12,"06","22  day ahead inc hosp",2021-01-03,"quantile",0.2,863.254419896141
"4745",2020-12-12,"06","22  day ahead inc hosp",2021-01-03,"quantile",0.25,933.054854589174
"4746",2020-12-12,"06","22  day ahead inc hosp",2021-01-03,"quantile",0.3,995.737802216642
"4747",2020-12-12,"06","22  day ahead inc hosp",2021-01-03,"quantile",0.35,1053.82289482012
"4748",2020-12-12,"06","22  day ahead inc hosp",2021-01-03,"quantile",0.4,1108.93996754723
"4749",2020-12-12,"06","22  day ahead inc hosp",2021-01-03,"quantile",0.45,1162.2663732754
"4750",2020-12-12,"06","22  day ahead inc hosp",2021-01-03,"quantile",0.5,1214.74730898767
"4751",2020-12-12,"06","22  day ahead inc hosp",2021-01-03,"quantile",0.55,1267.22824469994
"4752",2020-12-12,"06","22  day ahead inc hosp",2021-01-03,"quantile",0.6,1320.55465042811
"4753",2020-12-12,"06","22  day ahead inc hosp",2021-01-03,"quantile",0.65,1375.67172315522
"4754",2020-12-12,"06","22  day ahead inc hosp",2021-01-03,"quantile",0.7,1433.7568157587
"4755",2020-12-12,"06","22  day ahead inc hosp",2021-01-03,"quantile",0.75,1496.43976338617
"4756",2020-12-12,"06","22  day ahead inc hosp",2021-01-03,"quantile",0.8,1566.2401980792
"4757",2020-12-12,"06","22  day ahead inc hosp",2021-01-03,"quantile",0.85,1647.60112955675
"4758",2020-12-12,"06","22  day ahead inc hosp",2021-01-03,"quantile",0.9,1749.9717595172
"4759",2020-12-12,"06","22  day ahead inc hosp",2021-01-03,"quantile",0.95,1901.70045418748
"4760",2020-12-12,"06","22  day ahead inc hosp",2021-01-03,"quantile",0.975,2033.30246891003
"4761",2020-12-12,"06","22  day ahead inc hosp",2021-01-03,"quantile",0.99,2186.31825166365
"4762",2020-12-12,"06","23  day ahead inc hosp",2021-01-04,"quantile",0.01,266.135608508163
"4763",2020-12-12,"06","23  day ahead inc hosp",2021-01-04,"quantile",0.025,428.925967302564
"4764",2020-12-12,"06","23  day ahead inc hosp",2021-01-04,"quantile",0.05,568.934656662709
"4765",2020-12-12,"06","23  day ahead inc hosp",2021-01-04,"quantile",0.1,730.355708793996
"4766",2020-12-12,"06","23  day ahead inc hosp",2021-01-04,"quantile",0.15,839.265726318811
"4767",2020-12-12,"06","23  day ahead inc hosp",2021-01-04,"quantile",0.2,925.82395572972
"4768",2020-12-12,"06","23  day ahead inc hosp",2021-01-04,"quantile",0.25,1000.08320927339
"4769",2020-12-12,"06","23  day ahead inc hosp",2021-01-04,"quantile",0.3,1066.77031403432
"4770",2020-12-12,"06","23  day ahead inc hosp",2021-01-04,"quantile",0.35,1128.56585496066
"4771",2020-12-12,"06","23  day ahead inc hosp",2021-01-04,"quantile",0.4,1187.20378030063
"4772",2020-12-12,"06","23  day ahead inc hosp",2021-01-04,"quantile",0.45,1243.93665167823
"4773",2020-12-12,"06","23  day ahead inc hosp",2021-01-04,"quantile",0.5,1299.77004481404
"4774",2020-12-12,"06","23  day ahead inc hosp",2021-01-04,"quantile",0.55,1355.60343794985
"4775",2020-12-12,"06","23  day ahead inc hosp",2021-01-04,"quantile",0.6,1412.33630932745
"4776",2020-12-12,"06","23  day ahead inc hosp",2021-01-04,"quantile",0.65,1470.97423466742
"4777",2020-12-12,"06","23  day ahead inc hosp",2021-01-04,"quantile",0.7,1532.76977559376
"4778",2020-12-12,"06","23  day ahead inc hosp",2021-01-04,"quantile",0.75,1599.45688035469
"4779",2020-12-12,"06","23  day ahead inc hosp",2021-01-04,"quantile",0.8,1673.71613389836
"4780",2020-12-12,"06","23  day ahead inc hosp",2021-01-04,"quantile",0.85,1760.27436330927
"4781",2020-12-12,"06","23  day ahead inc hosp",2021-01-04,"quantile",0.9,1869.18438083409
"4782",2020-12-12,"06","23  day ahead inc hosp",2021-01-04,"quantile",0.95,2030.60543296537
"4783",2020-12-12,"06","23  day ahead inc hosp",2021-01-04,"quantile",0.975,2170.61412232552
"4784",2020-12-12,"06","23  day ahead inc hosp",2021-01-04,"quantile",0.99,2333.40448111992
"4785",2020-12-12,"06","24  day ahead inc hosp",2021-01-05,"quantile",0.01,297.297377585028
"4786",2020-12-12,"06","24  day ahead inc hosp",2021-01-05,"quantile",0.025,470.006376789281
"4787",2020-12-12,"06","24  day ahead inc hosp",2021-01-05,"quantile",0.05,618.54564409214
"4788",2020-12-12,"06","24  day ahead inc hosp",2021-01-05,"quantile",0.1,789.801906259989
"4789",2020-12-12,"06","24  day ahead inc hosp",2021-01-05,"quantile",0.15,905.347693303708
"4790",2020-12-12,"06","24  day ahead inc hosp",2021-01-05,"quantile",0.2,997.179821970067
"4791",2020-12-12,"06","24  day ahead inc hosp",2021-01-05,"quantile",0.25,1075.96361147802
"4792",2020-12-12,"06","24  day ahead inc hosp",2021-01-05,"quantile",0.3,1146.71388937154
"4793",2020-12-12,"06","24  day ahead inc hosp",2021-01-05,"quantile",0.35,1212.27456573906
"4794",2020-12-12,"06","24  day ahead inc hosp",2021-01-05,"quantile",0.4,1274.48523641932
"4795",2020-12-12,"06","24  day ahead inc hosp",2021-01-05,"quantile",0.45,1334.6747802607
"4796",2020-12-12,"06","24  day ahead inc hosp",2021-01-05,"quantile",0.5,1393.91004162432
"4797",2020-12-12,"06","24  day ahead inc hosp",2021-01-05,"quantile",0.55,1453.14530298794
"4798",2020-12-12,"06","24  day ahead inc hosp",2021-01-05,"quantile",0.6,1513.33484682932
"4799",2020-12-12,"06","24  day ahead inc hosp",2021-01-05,"quantile",0.65,1575.54551750958
"4800",2020-12-12,"06","24  day ahead inc hosp",2021-01-05,"quantile",0.7,1641.1061938771
"4801",2020-12-12,"06","24  day ahead inc hosp",2021-01-05,"quantile",0.75,1711.85647177062
"4802",2020-12-12,"06","24  day ahead inc hosp",2021-01-05,"quantile",0.8,1790.64026127858
"4803",2020-12-12,"06","24  day ahead inc hosp",2021-01-05,"quantile",0.85,1882.47238994494
"4804",2020-12-12,"06","24  day ahead inc hosp",2021-01-05,"quantile",0.9,1998.01817698865
"4805",2020-12-12,"06","24  day ahead inc hosp",2021-01-05,"quantile",0.95,2169.2744391565
"4806",2020-12-12,"06","24  day ahead inc hosp",2021-01-05,"quantile",0.975,2317.81370645936
"4807",2020-12-12,"06","24  day ahead inc hosp",2021-01-05,"quantile",0.99,2490.52270566362
"4808",2020-12-12,"06","25  day ahead inc hosp",2021-01-06,"quantile",0.01,336.727292288676
"4809",2020-12-12,"06","25  day ahead inc hosp",2021-01-06,"quantile",0.025,519.337238502455
"4810",2020-12-12,"06","25  day ahead inc hosp",2021-01-06,"quantile",0.05,676.391866447639
"4811",2020-12-12,"06","25  day ahead inc hosp",2021-01-06,"quantile",0.1,857.465794079276
"4812",2020-12-12,"06","25  day ahead inc hosp",2021-01-06,"quantile",0.15,979.635513401943
"4813",2020-12-12,"06","25  day ahead inc hosp",2021-01-06,"quantile",0.2,1076.73213346068
"4814",2020-12-12,"06","25  day ahead inc hosp",2021-01-06,"quantile",0.25,1160.0323878241
"4815",2020-12-12,"06","25  day ahead inc hosp",2021-01-06,"quantile",0.3,1234.83859074503
"4816",2020-12-12,"06","25  day ahead inc hosp",2021-01-06,"quantile",0.35,1304.15768610412
"4817",2020-12-12,"06","25  day ahead inc hosp",2021-01-06,"quantile",0.4,1369.93472887078
"4818",2020-12-12,"06","25  day ahead inc hosp",2021-01-06,"quantile",0.45,1433.57477897904
"4819",2020-12-12,"06","25  day ahead inc hosp",2021-01-06,"quantile",0.5,1496.2058401363
"4820",2020-12-12,"06","25  day ahead inc hosp",2021-01-06,"quantile",0.55,1558.83690129355
"4821",2020-12-12,"06","25  day ahead inc hosp",2021-01-06,"quantile",0.6,1622.47695140181
"4822",2020-12-12,"06","25  day ahead inc hosp",2021-01-06,"quantile",0.65,1688.25399416847
"4823",2020-12-12,"06","25  day ahead inc hosp",2021-01-06,"quantile",0.7,1757.57308952756
"4824",2020-12-12,"06","25  day ahead inc hosp",2021-01-06,"quantile",0.75,1832.3792924485
"4825",2020-12-12,"06","25  day ahead inc hosp",2021-01-06,"quantile",0.8,1915.67954681191
"4826",2020-12-12,"06","25  day ahead inc hosp",2021-01-06,"quantile",0.85,2012.77616687065
"4827",2020-12-12,"06","25  day ahead inc hosp",2021-01-06,"quantile",0.9,2134.94588619332
"4828",2020-12-12,"06","25  day ahead inc hosp",2021-01-06,"quantile",0.95,2316.01981382496
"4829",2020-12-12,"06","25  day ahead inc hosp",2021-01-06,"quantile",0.975,2473.07444177014
"4830",2020-12-12,"06","25  day ahead inc hosp",2021-01-06,"quantile",0.99,2655.68438798392
"4831",2020-12-12,"06","26  day ahead inc hosp",2021-01-07,"quantile",0.01,377.630415259978
"4832",2020-12-12,"06","26  day ahead inc hosp",2021-01-07,"quantile",0.025,570.124722646583
"4833",2020-12-12,"06","26  day ahead inc hosp",2021-01-07,"quantile",0.05,735.680446499525
"4834",2020-12-12,"06","26  day ahead inc hosp",2021-01-07,"quantile",0.1,926.555593269566
"4835",2020-12-12,"06","26  day ahead inc hosp",2021-01-07,"quantile",0.15,1055.33814861352
"4836",2020-12-12,"06","26  day ahead inc hosp",2021-01-07,"quantile",0.2,1157.69044111081
"4837",2020-12-12,"06","26  day ahead inc hosp",2021-01-07,"quantile",0.25,1245.49959445256
"4838",2020-12-12,"06","26  day ahead inc hosp",2021-01-07,"quantile",0.3,1324.35492800942
"4839",2020-12-12,"06","26  day ahead inc hosp",2021-01-07,"quantile",0.35,1397.42614634378
"4840",2020-12-12,"06","26  day ahead inc hosp",2021-01-07,"quantile",0.4,1466.76358689308
"4841",2020-12-12,"06","26  day ahead inc hosp",2021-01-07,"quantile",0.45,1533.84836306018
"4842",2020-12-12,"06","26  day ahead inc hosp",2021-01-07,"quantile",0.5,1599.86953544605
"4843",2020-12-12,"06","26  day ahead inc hosp",2021-01-07,"quantile",0.55,1665.89070783191
"4844",2020-12-12,"06","26  day ahead inc hosp",2021-01-07,"quantile",0.6,1732.97548399901
"4845",2020-12-12,"06","26  day ahead inc hosp",2021-01-07,"quantile",0.65,1802.31292454831
"4846",2020-12-12,"06","26  day ahead inc hosp",2021-01-07,"quantile",0.7,1875.38414288267
"4847",2020-12-12,"06","26  day ahead inc hosp",2021-01-07,"quantile",0.75,1954.23947643953
"4848",2020-12-12,"06","26  day ahead inc hosp",2021-01-07,"quantile",0.8,2042.04862978128
"4849",2020-12-12,"06","26  day ahead inc hosp",2021-01-07,"quantile",0.85,2144.40092227857
"4850",2020-12-12,"06","26  day ahead inc hosp",2021-01-07,"quantile",0.9,2273.18347762252
"4851",2020-12-12,"06","26  day ahead inc hosp",2021-01-07,"quantile",0.95,2464.05862439257
"4852",2020-12-12,"06","26  day ahead inc hosp",2021-01-07,"quantile",0.975,2629.61434824551
"4853",2020-12-12,"06","26  day ahead inc hosp",2021-01-07,"quantile",0.99,2822.10865563211
"4854",2020-12-12,"06","27  day ahead inc hosp",2021-01-08,"quantile",0.01,412.632725572359
"4855",2020-12-12,"06","27  day ahead inc hosp",2021-01-08,"quantile",0.025,615.146615787878
"4856",2020-12-12,"06","27  day ahead inc hosp",2021-01-08,"quantile",0.05,789.319733632706
"4857",2020-12-12,"06","27  day ahead inc hosp",2021-01-08,"quantile",0.1,990.130183783966
"4858",2020-12-12,"06","27  day ahead inc hosp",2021-01-08,"quantile",0.15,1125.61604115127
"4859",2020-12-12,"06","27  day ahead inc hosp",2021-01-08,"quantile",0.2,1233.29590559772
"4860",2020-12-12,"06","27  day ahead inc hosp",2021-01-08,"quantile",0.25,1325.67564129585
"4861",2020-12-12,"06","27  day ahead inc hosp",2021-01-08,"quantile",0.3,1408.63549906852
"4862",2020-12-12,"06","27  day ahead inc hosp",2021-01-08,"quantile",0.35,1485.51017078523
"4863",2020-12-12,"06","27  day ahead inc hosp",2021-01-08,"quantile",0.4,1558.45671665384
"4864",2020-12-12,"06","27  day ahead inc hosp",2021-01-08,"quantile",0.45,1629.03334398523
"4865",2020-12-12,"06","27  day ahead inc hosp",2021-01-08,"quantile",0.5,1698.4910055544
"4866",2020-12-12,"06","27  day ahead inc hosp",2021-01-08,"quantile",0.55,1767.94866712357
"4867",2020-12-12,"06","27  day ahead inc hosp",2021-01-08,"quantile",0.6,1838.52529445496
"4868",2020-12-12,"06","27  day ahead inc hosp",2021-01-08,"quantile",0.65,1911.47184032357
"4869",2020-12-12,"06","27  day ahead inc hosp",2021-01-08,"quantile",0.7,1988.34651204028
"4870",2020-12-12,"06","27  day ahead inc hosp",2021-01-08,"quantile",0.75,2071.30636981296
"4871",2020-12-12,"06","27  day ahead inc hosp",2021-01-08,"quantile",0.8,2163.68610551108
"4872",2020-12-12,"06","27  day ahead inc hosp",2021-01-08,"quantile",0.85,2271.36596995753
"4873",2020-12-12,"06","27  day ahead inc hosp",2021-01-08,"quantile",0.9,2406.85182732483
"4874",2020-12-12,"06","27  day ahead inc hosp",2021-01-08,"quantile",0.95,2607.6622774761
"4875",2020-12-12,"06","27  day ahead inc hosp",2021-01-08,"quantile",0.975,2781.83539532092
"4876",2020-12-12,"06","27  day ahead inc hosp",2021-01-08,"quantile",0.99,2984.34928553644
"4877",2020-12-12,"06","28  day ahead inc hosp",2021-01-09,"quantile",0.01,438.608757678826
"4878",2020-12-12,"06","28  day ahead inc hosp",2021-01-09,"quantile",0.025,651.414045799597
"4879",2020-12-12,"06","28  day ahead inc hosp",2021-01-09,"quantile",0.05,834.438333597419
"4880",2020-12-12,"06","28  day ahead inc hosp",2021-01-09,"quantile",0.1,1045.45361584114
"4881",2020-12-12,"06","28  day ahead inc hosp",2021-01-09,"quantile",0.15,1187.82462497367
"4882",2020-12-12,"06","28  day ahead inc hosp",2021-01-09,"quantile",0.2,1300.97658977938
"4883",2020-12-12,"06","28  day ahead inc hosp",2021-01-09,"quantile",0.25,1398.05090034068
"4884",2020-12-12,"06","28  day ahead inc hosp",2021-01-09,"quantile",0.3,1485.22663143243
"4885",2020-12-12,"06","28  day ahead inc hosp",2021-01-09,"quantile",0.35,1566.00793806998
"4886",2020-12-12,"06","28  day ahead inc hosp",2021-01-09,"quantile",0.4,1642.66149844782
"4887",2020-12-12,"06","28  day ahead inc hosp",2021-01-09,"quantile",0.45,1716.82470521781
"4888",2020-12-12,"06","28  day ahead inc hosp",2021-01-09,"quantile",0.5,1789.81208236361
"4889",2020-12-12,"06","28  day ahead inc hosp",2021-01-09,"quantile",0.55,1862.7994595094
"4890",2020-12-12,"06","28  day ahead inc hosp",2021-01-09,"quantile",0.6,1936.96266627939
"4891",2020-12-12,"06","28  day ahead inc hosp",2021-01-09,"quantile",0.65,2013.61622665723
"4892",2020-12-12,"06","28  day ahead inc hosp",2021-01-09,"quantile",0.7,2094.39753329478
"4893",2020-12-12,"06","28  day ahead inc hosp",2021-01-09,"quantile",0.75,2181.57326438653
"4894",2020-12-12,"06","28  day ahead inc hosp",2021-01-09,"quantile",0.8,2278.64757494783
"4895",2020-12-12,"06","28  day ahead inc hosp",2021-01-09,"quantile",0.85,2391.79953975354
"4896",2020-12-12,"06","28  day ahead inc hosp",2021-01-09,"quantile",0.9,2534.17054888608
"4897",2020-12-12,"06","28  day ahead inc hosp",2021-01-09,"quantile",0.95,2745.18583112979
"4898",2020-12-12,"06","28  day ahead inc hosp",2021-01-09,"quantile",0.975,2928.21011892761
"4899",2020-12-12,"06","28  day ahead inc hosp",2021-01-09,"quantile",0.99,3141.01540704838
"4900",2020-12-12,"06","29  day ahead inc hosp",2021-01-10,"quantile",0.01,0
"4901",2020-12-12,"06","29  day ahead inc hosp",2021-01-10,"quantile",0.025,7.09304025228903
"4902",2020-12-12,"06","29  day ahead inc hosp",2021-01-10,"quantile",0.05,199.25051236347
"4903",2020-12-12,"06","29  day ahead inc hosp",2021-01-10,"quantile",0.1,420.795771195847
"4904",2020-12-12,"06","29  day ahead inc hosp",2021-01-10,"quantile",0.15,570.271305541577
"4905",2020-12-12,"06","29  day ahead inc hosp",2021-01-10,"quantile",0.2,689.069721768695
"4906",2020-12-12,"06","29  day ahead inc hosp",2021-01-10,"quantile",0.25,790.988184880006
"4907",2020-12-12,"06","29  day ahead inc hosp",2021-01-10,"quantile",0.3,882.514114676488
"4908",2020-12-12,"06","29  day ahead inc hosp",2021-01-10,"quantile",0.35,967.326528723183
"4909",2020-12-12,"06","29  day ahead inc hosp",2021-01-10,"quantile",0.4,1047.80521582944
"4910",2020-12-12,"06","29  day ahead inc hosp",2021-01-10,"quantile",0.45,1125.66927697701
"4911",2020-12-12,"06","29  day ahead inc hosp",2021-01-10,"quantile",0.5,1202.29883285243
"4912",2020-12-12,"06","29  day ahead inc hosp",2021-01-10,"quantile",0.55,1278.92838872785
"4913",2020-12-12,"06","29  day ahead inc hosp",2021-01-10,"quantile",0.6,1356.79244987541
"4914",2020-12-12,"06","29  day ahead inc hosp",2021-01-10,"quantile",0.65,1437.27113698167
"4915",2020-12-12,"06","29  day ahead inc hosp",2021-01-10,"quantile",0.7,1522.08355102837
"4916",2020-12-12,"06","29  day ahead inc hosp",2021-01-10,"quantile",0.75,1613.60948082485
"4917",2020-12-12,"06","29  day ahead inc hosp",2021-01-10,"quantile",0.8,1715.52794393616
"4918",2020-12-12,"06","29  day ahead inc hosp",2021-01-10,"quantile",0.85,1834.32636016328
"4919",2020-12-12,"06","29  day ahead inc hosp",2021-01-10,"quantile",0.9,1983.80189450901
"4920",2020-12-12,"06","29  day ahead inc hosp",2021-01-10,"quantile",0.95,2205.34715334139
"4921",2020-12-12,"06","29  day ahead inc hosp",2021-01-10,"quantile",0.975,2397.50462545257
"4922",2020-12-12,"06","29  day ahead inc hosp",2021-01-10,"quantile",0.99,2620.92921411891
"4923",2020-12-12,"06","30  day ahead inc hosp",2021-01-11,"quantile",0.01,0
"4924",2020-12-12,"06","30  day ahead inc hosp",2021-01-11,"quantile",0.025,35.307950278991
"4925",2020-12-12,"06","30  day ahead inc hosp",2021-01-11,"quantile",0.05,236.850764888314
"4926",2020-12-12,"06","30  day ahead inc hosp",2021-01-11,"quantile",0.1,469.216722547215
"4927",2020-12-12,"06","30  day ahead inc hosp",2021-01-11,"quantile",0.15,625.992931019817
"4928",2020-12-12,"06","30  day ahead inc hosp",2021-01-11,"quantile",0.2,750.593691606895
"4929",2020-12-12,"06","30  day ahead inc hosp",2021-01-11,"quantile",0.25,857.490049528513
"4930",2020-12-12,"06","30  day ahead inc hosp",2021-01-11,"quantile",0.3,953.486282712956
"4931",2020-12-12,"06","30  day ahead inc hosp",2021-01-11,"quantile",0.35,1042.44109905698
"4932",2020-12-12,"06","30  day ahead inc hosp",2021-01-11,"quantile",0.4,1126.850520857
"4933",2020-12-12,"06","30  day ahead inc hosp",2021-01-11,"quantile",0.45,1208.51761331081
"4934",2020-12-12,"06","30  day ahead inc hosp",2021-01-11,"quantile",0.5,1288.8899048679
"4935",2020-12-12,"06","30  day ahead inc hosp",2021-01-11,"quantile",0.55,1369.262196425
"4936",2020-12-12,"06","30  day ahead inc hosp",2021-01-11,"quantile",0.6,1450.9292888788
"4937",2020-12-12,"06","30  day ahead inc hosp",2021-01-11,"quantile",0.65,1535.33871067882
"4938",2020-12-12,"06","30  day ahead inc hosp",2021-01-11,"quantile",0.7,1624.29352702285
"4939",2020-12-12,"06","30  day ahead inc hosp",2021-01-11,"quantile",0.75,1720.28976020729
"4940",2020-12-12,"06","30  day ahead inc hosp",2021-01-11,"quantile",0.8,1827.18611812891
"4941",2020-12-12,"06","30  day ahead inc hosp",2021-01-11,"quantile",0.85,1951.78687871598
"4942",2020-12-12,"06","30  day ahead inc hosp",2021-01-11,"quantile",0.9,2108.56308718859
"4943",2020-12-12,"06","30  day ahead inc hosp",2021-01-11,"quantile",0.95,2340.92904484749
"4944",2020-12-12,"06","30  day ahead inc hosp",2021-01-11,"quantile",0.975,2542.47185945681
"4945",2020-12-12,"06","30  day ahead inc hosp",2021-01-11,"quantile",0.99,2776.80893705269
"4946",2020-12-12,"06","31  day ahead inc hosp",2021-01-12,"quantile",0.01,0
"4947",2020-12-12,"06","31  day ahead inc hosp",2021-01-12,"quantile",0.025,67.6133896205588
"4948",2020-12-12,"06","31  day ahead inc hosp",2021-01-12,"quantile",0.05,278.698593887384
"4949",2020-12-12,"06","31  day ahead inc hosp",2021-01-12,"quantile",0.1,522.066315689641
"4950",2020-12-12,"06","31  day ahead inc hosp",2021-01-12,"quantile",0.15,686.265362198773
"4951",2020-12-12,"06","31  day ahead inc hosp",2021-01-12,"quantile",0.2,816.765559148531
"4952",2020-12-12,"06","31  day ahead inc hosp",2021-01-12,"quantile",0.25,928.723108173554
"4953",2020-12-12,"06","31  day ahead inc hosp",2021-01-12,"quantile",0.3,1029.26444739154
"4954",2020-12-12,"06","31  day ahead inc hosp",2021-01-12,"quantile",0.35,1122.43098183185
"4955",2020-12-12,"06","31  day ahead inc hosp",2021-01-12,"quantile",0.4,1210.83691224044
"4956",2020-12-12,"06","31  day ahead inc hosp",2021-01-12,"quantile",0.45,1296.37067302424
"4957",2020-12-12,"06","31  day ahead inc hosp",2021-01-12,"quantile",0.5,1380.54832834581
"4958",2020-12-12,"06","31  day ahead inc hosp",2021-01-12,"quantile",0.55,1464.72598366738
"4959",2020-12-12,"06","31  day ahead inc hosp",2021-01-12,"quantile",0.6,1550.25974445118
"4960",2020-12-12,"06","31  day ahead inc hosp",2021-01-12,"quantile",0.65,1638.66567485977
"4961",2020-12-12,"06","31  day ahead inc hosp",2021-01-12,"quantile",0.7,1731.83220930008
"4962",2020-12-12,"06","31  day ahead inc hosp",2021-01-12,"quantile",0.75,1832.37354851807
"4963",2020-12-12,"06","31  day ahead inc hosp",2021-01-12,"quantile",0.8,1944.33109754309
"4964",2020-12-12,"06","31  day ahead inc hosp",2021-01-12,"quantile",0.85,2074.83129449285
"4965",2020-12-12,"06","31  day ahead inc hosp",2021-01-12,"quantile",0.9,2239.03034100198
"4966",2020-12-12,"06","31  day ahead inc hosp",2021-01-12,"quantile",0.95,2482.39806280424
"4967",2020-12-12,"06","31  day ahead inc hosp",2021-01-12,"quantile",0.975,2693.48326707106
"4968",2020-12-12,"06","31  day ahead inc hosp",2021-01-12,"quantile",0.99,2938.91543485884
"4969",2020-12-12,"06","32  day ahead inc hosp",2021-01-13,"quantile",0.01,0
"4970",2020-12-12,"06","32  day ahead inc hosp",2021-01-13,"quantile",0.025,105.413650663856
"4971",2020-12-12,"06","32  day ahead inc hosp",2021-01-13,"quantile",0.05,326.102070363448
"4972",2020-12-12,"06","32  day ahead inc hosp",2021-01-13,"quantile",0.1,580.541684532423
"4973",2020-12-12,"06","32  day ahead inc hosp",2021-01-13,"quantile",0.15,752.210884257453
"4974",2020-12-12,"06","32  day ahead inc hosp",2021-01-13,"quantile",0.2,888.64812217453
"4975",2020-12-12,"06","32  day ahead inc hosp",2021-01-13,"quantile",0.25,1005.69912370536
"4976",2020-12-12,"06","32  day ahead inc hosp",2021-01-13,"quantile",0.3,1110.81454069333
"4977",2020-12-12,"06","32  day ahead inc hosp",2021-01-13,"quantile",0.35,1208.21963986139
"4978",2020-12-12,"06","32  day ahead inc hosp",2021-01-13,"quantile",0.4,1300.64755370646
"4979",2020-12-12,"06","32  day ahead inc hosp",2021-01-13,"quantile",0.45,1390.0726300111
"4980",2020-12-12,"06","32  day ahead inc hosp",2021-01-13,"quantile",0.5,1478.07990551607
"4981",2020-12-12,"06","32  day ahead inc hosp",2021-01-13,"quantile",0.55,1566.08718102104
"4982",2020-12-12,"06","32  day ahead inc hosp",2021-01-13,"quantile",0.6,1655.51225732568
"4983",2020-12-12,"06","32  day ahead inc hosp",2021-01-13,"quantile",0.65,1747.94017117075
"4984",2020-12-12,"06","32  day ahead inc hosp",2021-01-13,"quantile",0.7,1845.34527033881
"4985",2020-12-12,"06","32  day ahead inc hosp",2021-01-13,"quantile",0.75,1950.46068732678
"4986",2020-12-12,"06","32  day ahead inc hosp",2021-01-13,"quantile",0.8,2067.51168885761
"4987",2020-12-12,"06","32  day ahead inc hosp",2021-01-13,"quantile",0.85,2203.94892677469
"4988",2020-12-12,"06","32  day ahead inc hosp",2021-01-13,"quantile",0.9,2375.61812649972
"4989",2020-12-12,"06","32  day ahead inc hosp",2021-01-13,"quantile",0.95,2630.05774066869
"4990",2020-12-12,"06","32  day ahead inc hosp",2021-01-13,"quantile",0.975,2850.74616036828
"4991",2020-12-12,"06","32  day ahead inc hosp",2021-01-13,"quantile",0.99,3107.34414145683
"4992",2020-12-12,"06","33  day ahead inc hosp",2021-01-14,"quantile",0.01,0
"4993",2020-12-12,"06","33  day ahead inc hosp",2021-01-14,"quantile",0.025,145.736495663451
"4994",2020-12-12,"06","33  day ahead inc hosp",2021-01-14,"quantile",0.05,376.064577461899
"4995",2020-12-12,"06","33  day ahead inc hosp",2021-01-14,"quantile",0.1,641.618104669404
"4996",2020-12-12,"06","33  day ahead inc hosp",2021-01-14,"quantile",0.15,820.78580875811
"4997",2020-12-12,"06","33  day ahead inc hosp",2021-01-14,"quantile",0.2,963.182620236011
"4998",2020-12-12,"06","33  day ahead inc hosp",2021-01-14,"quantile",0.25,1085.34640523154
"4999",2020-12-12,"06","33  day ahead inc hosp",2021-01-14,"quantile",0.3,1195.05325978802
"5000",2020-12-12,"06","33  day ahead inc hosp",2021-01-14,"quantile",0.35,1296.71301012429
"5001",2020-12-12,"06","33  day ahead inc hosp",2021-01-14,"quantile",0.4,1393.17817186475
"5002",2020-12-12,"06","33  day ahead inc hosp",2021-01-14,"quantile",0.45,1486.50933223086
"5003",2020-12-12,"06","33  day ahead inc hosp",2021-01-14,"quantile",0.5,1578.36076231025
"5004",2020-12-12,"06","33  day ahead inc hosp",2021-01-14,"quantile",0.55,1670.21219238964
"5005",2020-12-12,"06","33  day ahead inc hosp",2021-01-14,"quantile",0.6,1763.54335275575
"5006",2020-12-12,"06","33  day ahead inc hosp",2021-01-14,"quantile",0.65,1860.00851449621
"5007",2020-12-12,"06","33  day ahead inc hosp",2021-01-14,"quantile",0.7,1961.66826483248
"5008",2020-12-12,"06","33  day ahead inc hosp",2021-01-14,"quantile",0.75,2071.37511938896
"5009",2020-12-12,"06","33  day ahead inc hosp",2021-01-14,"quantile",0.8,2193.53890438449
"5010",2020-12-12,"06","33  day ahead inc hosp",2021-01-14,"quantile",0.85,2335.93571586239
"5011",2020-12-12,"06","33  day ahead inc hosp",2021-01-14,"quantile",0.9,2515.10341995109
"5012",2020-12-12,"06","33  day ahead inc hosp",2021-01-14,"quantile",0.95,2780.6569471586
"5013",2020-12-12,"06","33  day ahead inc hosp",2021-01-14,"quantile",0.975,3010.98502895705
"5014",2020-12-12,"06","33  day ahead inc hosp",2021-01-14,"quantile",0.99,3278.7912004722
"5015",2020-12-12,"06","34  day ahead inc hosp",2021-01-15,"quantile",0.01,0
"5016",2020-12-12,"06","34  day ahead inc hosp",2021-01-15,"quantile",0.025,183.90421013372
"5017",2020-12-12,"06","34  day ahead inc hosp",2021-01-15,"quantile",0.05,423.95421179643
"5018",2020-12-12,"06","34  day ahead inc hosp",2021-01-15,"quantile",0.1,700.716489977873
"5019",2020-12-12,"06","34  day ahead inc hosp",2021-01-15,"quantile",0.15,887.446685135031
"5020",2020-12-12,"06","34  day ahead inc hosp",2021-01-15,"quantile",0.2,1035.85392477829
"5021",2020-12-12,"06","34  day ahead inc hosp",2021-01-15,"quantile",0.25,1163.17412196103
"5022",2020-12-12,"06","34  day ahead inc hosp",2021-01-15,"quantile",0.3,1277.51159402724
"5023",2020-12-12,"06","34  day ahead inc hosp",2021-01-15,"quantile",0.35,1383.46230158623
"5024",2020-12-12,"06","34  day ahead inc hosp",2021-01-15,"quantile",0.4,1483.99916211744
"5025",2020-12-12,"06","34  day ahead inc hosp",2021-01-15,"quantile",0.45,1581.26973818499
"5026",2020-12-12,"06","34  day ahead inc hosp",2021-01-15,"quantile",0.5,1676.99812601819
"5027",2020-12-12,"06","34  day ahead inc hosp",2021-01-15,"quantile",0.55,1772.72651385139
"5028",2020-12-12,"06","34  day ahead inc hosp",2021-01-15,"quantile",0.6,1869.99708991894
"5029",2020-12-12,"06","34  day ahead inc hosp",2021-01-15,"quantile",0.65,1970.53395045015
"5030",2020-12-12,"06","34  day ahead inc hosp",2021-01-15,"quantile",0.7,2076.48465800914
"5031",2020-12-12,"06","34  day ahead inc hosp",2021-01-15,"quantile",0.75,2190.82213007535
"5032",2020-12-12,"06","34  day ahead inc hosp",2021-01-15,"quantile",0.8,2318.14232725809
"5033",2020-12-12,"06","34  day ahead inc hosp",2021-01-15,"quantile",0.85,2466.54956690135
"5034",2020-12-12,"06","34  day ahead inc hosp",2021-01-15,"quantile",0.9,2653.27976205851
"5035",2020-12-12,"06","34  day ahead inc hosp",2021-01-15,"quantile",0.95,2930.04204023995
"5036",2020-12-12,"06","34  day ahead inc hosp",2021-01-15,"quantile",0.975,3170.09204190266
"5037",2020-12-12,"06","34  day ahead inc hosp",2021-01-15,"quantile",0.99,3449.20204627352
"5038",2020-12-12,"06","35  day ahead inc hosp",2021-01-16,"quantile",0.01,0
"5039",2020-12-12,"06","35  day ahead inc hosp",2021-01-16,"quantile",0.025,216.603873583038
"5040",2020-12-12,"06","35  day ahead inc hosp",2021-01-16,"quantile",0.05,466.529089518667
"5041",2020-12-12,"06","35  day ahead inc hosp",2021-01-16,"quantile",0.1,754.676857309659
"5042",2020-12-12,"06","35  day ahead inc hosp",2021-01-16,"quantile",0.15,949.088788253648
"5043",2020-12-12,"06","35  day ahead inc hosp",2021-01-16,"quantile",0.2,1103.6012279843
"5044",2020-12-12,"06","35  day ahead inc hosp",2021-01-16,"quantile",0.25,1236.15914322469
"5045",2020-12-12,"06","35  day ahead inc hosp",2021-01-16,"quantile",0.3,1355.20024798516
"5046",2020-12-12,"06","35  day ahead inc hosp",2021-01-16,"quantile",0.35,1465.50957221679
"5047",2020-12-12,"06","35  day ahead inc hosp",2021-01-16,"quantile",0.4,1570.18233374027
"5048",2020-12-12,"06","35  day ahead inc hosp",2021-01-16,"quantile",0.45,1671.45444188224
"5049",2020-12-12,"06","35  day ahead inc hosp",2021-01-16,"quantile",0.5,1771.12091901061
"5050",2020-12-12,"06","35  day ahead inc hosp",2021-01-16,"quantile",0.55,1870.78739613899
"5051",2020-12-12,"06","35  day ahead inc hosp",2021-01-16,"quantile",0.6,1972.05950428095
"5052",2020-12-12,"06","35  day ahead inc hosp",2021-01-16,"quantile",0.65,2076.73226580443
"5053",2020-12-12,"06","35  day ahead inc hosp",2021-01-16,"quantile",0.7,2187.04159003606
"5054",2020-12-12,"06","35  day ahead inc hosp",2021-01-16,"quantile",0.75,2306.08269479653
"5055",2020-12-12,"06","35  day ahead inc hosp",2021-01-16,"quantile",0.8,2438.64061003693
"5056",2020-12-12,"06","35  day ahead inc hosp",2021-01-16,"quantile",0.85,2593.15304976758
"5057",2020-12-12,"06","35  day ahead inc hosp",2021-01-16,"quantile",0.9,2787.56498071157
"5058",2020-12-12,"06","35  day ahead inc hosp",2021-01-16,"quantile",0.95,3075.71274850256
"5059",2020-12-12,"06","35  day ahead inc hosp",2021-01-16,"quantile",0.975,3325.63796443819
"5060",2020-12-12,"06","35  day ahead inc hosp",2021-01-16,"quantile",0.99,3616.23003954343
"5061",2020-12-12,"06","36  day ahead inc hosp",2021-01-17,"quantile",0.01,0
"5062",2020-12-12,"06","36  day ahead inc hosp",2021-01-17,"quantile",0.025,142.856807407548
"5063",2020-12-12,"06","36  day ahead inc hosp",2021-01-17,"quantile",0.05,402.862697661257
"5064",2020-12-12,"06","36  day ahead inc hosp",2021-01-17,"quantile",0.1,702.632837335409
"5065",2020-12-12,"06","36  day ahead inc hosp",2021-01-17,"quantile",0.15,904.886327411629
"5066",2020-12-12,"06","36  day ahead inc hosp",2021-01-17,"quantile",0.2,1065.6309897581
"5067",2020-12-12,"06","36  day ahead inc hosp",2021-01-17,"quantile",0.25,1203.53559707524
"5068",2020-12-12,"06","36  day ahead inc hosp",2021-01-17,"quantile",0.3,1327.37819656709
"5069",2020-12-12,"06","36  day ahead inc hosp",2021-01-17,"quantile",0.35,1442.13682123311
"5070",2020-12-12,"06","36  day ahead inc hosp",2021-01-17,"quantile",0.4,1551.03153377078
"5071",2020-12-12,"06","36  day ahead inc hosp",2021-01-17,"quantile",0.45,1656.38842837922
"5072",2020-12-12,"06","36  day ahead inc hosp",2021-01-17,"quantile",0.5,1760.07492922789
"5073",2020-12-12,"06","36  day ahead inc hosp",2021-01-17,"quantile",0.55,1863.76143007656
"5074",2020-12-12,"06","36  day ahead inc hosp",2021-01-17,"quantile",0.6,1969.118324685
"5075",2020-12-12,"06","36  day ahead inc hosp",2021-01-17,"quantile",0.65,2078.01303722268
"5076",2020-12-12,"06","36  day ahead inc hosp",2021-01-17,"quantile",0.7,2192.77166188869
"5077",2020-12-12,"06","36  day ahead inc hosp",2021-01-17,"quantile",0.75,2316.61426138055
"5078",2020-12-12,"06","36  day ahead inc hosp",2021-01-17,"quantile",0.8,2454.51886869768
"5079",2020-12-12,"06","36  day ahead inc hosp",2021-01-17,"quantile",0.85,2615.26353104415
"5080",2020-12-12,"06","36  day ahead inc hosp",2021-01-17,"quantile",0.9,2817.51702112037
"5081",2020-12-12,"06","36  day ahead inc hosp",2021-01-17,"quantile",0.95,3117.28716079452
"5082",2020-12-12,"06","36  day ahead inc hosp",2021-01-17,"quantile",0.975,3377.29305104823
"5083",2020-12-12,"06","36  day ahead inc hosp",2021-01-17,"quantile",0.99,3679.60608859251
"5084",2020-12-12,"06","37  day ahead inc hosp",2021-01-18,"quantile",0.01,0
"5085",2020-12-12,"06","37  day ahead inc hosp",2021-01-18,"quantile",0.025,167.51860086351
"5086",2020-12-12,"06","37  day ahead inc hosp",2021-01-18,"quantile",0.05,437.813489334512
"5087",2020-12-12,"06","37  day ahead inc hosp",2021-01-18,"quantile",0.1,749.446185005743
"5088",2020-12-12,"06","37  day ahead inc hosp",2021-01-18,"quantile",0.15,959.703285295582
"5089",2020-12-12,"06","37  day ahead inc hosp",2021-01-18,"quantile",0.2,1126.80896332023
"5090",2020-12-12,"06","37  day ahead inc hosp",2021-01-18,"quantile",0.25,1270.17075569367
"5091",2020-12-12,"06","37  day ahead inc hosp",2021-01-18,"quantile",0.3,1398.91407602747
"5092",2020-12-12,"06","37  day ahead inc hosp",2021-01-18,"quantile",0.35,1518.21394890696
"5093",2020-12-12,"06","37  day ahead inc hosp",2021-01-18,"quantile",0.4,1631.41786190959
"5094",2020-12-12,"06","37  day ahead inc hosp",2021-01-18,"quantile",0.45,1740.94395783785
"5095",2020-12-12,"06","37  day ahead inc hosp",2021-01-18,"quantile",0.5,1848.73355889455
"5096",2020-12-12,"06","37  day ahead inc hosp",2021-01-18,"quantile",0.55,1956.52315995126
"5097",2020-12-12,"06","37  day ahead inc hosp",2021-01-18,"quantile",0.6,2066.04925587951
"5098",2020-12-12,"06","37  day ahead inc hosp",2021-01-18,"quantile",0.65,2179.25316888214
"5099",2020-12-12,"06","37  day ahead inc hosp",2021-01-18,"quantile",0.7,2298.55304176163
"5100",2020-12-12,"06","37  day ahead inc hosp",2021-01-18,"quantile",0.75,2427.29636209544
"5101",2020-12-12,"06","37  day ahead inc hosp",2021-01-18,"quantile",0.8,2570.65815446888
"5102",2020-12-12,"06","37  day ahead inc hosp",2021-01-18,"quantile",0.85,2737.76383249353
"5103",2020-12-12,"06","37  day ahead inc hosp",2021-01-18,"quantile",0.9,2948.02093278336
"5104",2020-12-12,"06","37  day ahead inc hosp",2021-01-18,"quantile",0.95,3259.6536284546
"5105",2020-12-12,"06","37  day ahead inc hosp",2021-01-18,"quantile",0.975,3529.9485169256
"5106",2020-12-12,"06","37  day ahead inc hosp",2021-01-18,"quantile",0.99,3844.22473846284
"5107",2020-12-12,"08","1  day ahead inc hosp",2020-12-13,"quantile",0.01,123.569336060422
"5108",2020-12-12,"08","1  day ahead inc hosp",2020-12-13,"quantile",0.025,130.611283498813
"5109",2020-12-12,"08","1  day ahead inc hosp",2020-12-13,"quantile",0.05,136.667746785053
"5110",2020-12-12,"08","1  day ahead inc hosp",2020-12-13,"quantile",0.1,143.650461074625
"5111",2020-12-12,"08","1  day ahead inc hosp",2020-12-13,"quantile",0.15,148.361665255289
"5112",2020-12-12,"08","1  day ahead inc hosp",2020-12-13,"quantile",0.2,152.105980989869
"5113",2020-12-12,"08","1  day ahead inc hosp",2020-12-13,"quantile",0.25,155.318270489944
"5114",2020-12-12,"08","1  day ahead inc hosp",2020-12-13,"quantile",0.3,158.203005740992
"5115",2020-12-12,"08","1  day ahead inc hosp",2020-12-13,"quantile",0.35,160.876142862581
"5116",2020-12-12,"08","1  day ahead inc hosp",2020-12-13,"quantile",0.4,163.412688584321
"5117",2020-12-12,"08","1  day ahead inc hosp",2020-12-13,"quantile",0.45,165.866825925308
"5118",2020-12-12,"08","1  day ahead inc hosp",2020-12-13,"quantile",0.5,168.282053845937
"5119",2020-12-12,"08","1  day ahead inc hosp",2020-12-13,"quantile",0.55,170.697281766565
"5120",2020-12-12,"08","1  day ahead inc hosp",2020-12-13,"quantile",0.6,173.151419107552
"5121",2020-12-12,"08","1  day ahead inc hosp",2020-12-13,"quantile",0.65,175.687964829292
"5122",2020-12-12,"08","1  day ahead inc hosp",2020-12-13,"quantile",0.7,178.361101950881
"5123",2020-12-12,"08","1  day ahead inc hosp",2020-12-13,"quantile",0.75,181.245837201929
"5124",2020-12-12,"08","1  day ahead inc hosp",2020-12-13,"quantile",0.8,184.458126702004
"5125",2020-12-12,"08","1  day ahead inc hosp",2020-12-13,"quantile",0.85,188.202442436584
"5126",2020-12-12,"08","1  day ahead inc hosp",2020-12-13,"quantile",0.9,192.913646617248
"5127",2020-12-12,"08","1  day ahead inc hosp",2020-12-13,"quantile",0.95,199.89636090682
"5128",2020-12-12,"08","1  day ahead inc hosp",2020-12-13,"quantile",0.975,205.95282419306
"5129",2020-12-12,"08","1  day ahead inc hosp",2020-12-13,"quantile",0.99,212.994771631451
"5130",2020-12-12,"08","2  day ahead inc hosp",2020-12-14,"quantile",0.01,123.989034920783
"5131",2020-12-12,"08","2  day ahead inc hosp",2020-12-14,"quantile",0.025,131.591063766474
"5132",2020-12-12,"08","2  day ahead inc hosp",2020-12-14,"quantile",0.05,138.129227961489
"5133",2020-12-12,"08","2  day ahead inc hosp",2020-12-14,"quantile",0.1,145.667312548879
"5134",2020-12-12,"08","2  day ahead inc hosp",2020-12-14,"quantile",0.15,150.753222432855
"5135",2020-12-12,"08","2  day ahead inc hosp",2020-12-14,"quantile",0.2,154.795342382014
"5136",2020-12-12,"08","2  day ahead inc hosp",2020-12-14,"quantile",0.25,158.263121381208
"5137",2020-12-12,"08","2  day ahead inc hosp",2020-12-14,"quantile",0.3,161.377294098699
"5138",2020-12-12,"08","2  day ahead inc hosp",2020-12-14,"quantile",0.35,164.263039225967
"5139",2020-12-12,"08","2  day ahead inc hosp",2020-12-14,"quantile",0.4,167.001329154112
"5140",2020-12-12,"08","2  day ahead inc hosp",2020-12-14,"quantile",0.45,169.650656349564
"5141",2020-12-12,"08","2  day ahead inc hosp",2020-12-14,"quantile",0.5,172.257979463259
"5142",2020-12-12,"08","2  day ahead inc hosp",2020-12-14,"quantile",0.55,174.865302576953
"5143",2020-12-12,"08","2  day ahead inc hosp",2020-12-14,"quantile",0.6,177.514629772405
"5144",2020-12-12,"08","2  day ahead inc hosp",2020-12-14,"quantile",0.65,180.252919700551
"5145",2020-12-12,"08","2  day ahead inc hosp",2020-12-14,"quantile",0.7,183.138664827818
"5146",2020-12-12,"08","2  day ahead inc hosp",2020-12-14,"quantile",0.75,186.25283754531
"5147",2020-12-12,"08","2  day ahead inc hosp",2020-12-14,"quantile",0.8,189.720616544504
"5148",2020-12-12,"08","2  day ahead inc hosp",2020-12-14,"quantile",0.85,193.762736493663
"5149",2020-12-12,"08","2  day ahead inc hosp",2020-12-14,"quantile",0.9,198.848646377638
"5150",2020-12-12,"08","2  day ahead inc hosp",2020-12-14,"quantile",0.95,206.386730965028
"5151",2020-12-12,"08","2  day ahead inc hosp",2020-12-14,"quantile",0.975,212.924895160043
"5152",2020-12-12,"08","2  day ahead inc hosp",2020-12-14,"quantile",0.99,220.526924005734
"5153",2020-12-12,"08","3  day ahead inc hosp",2020-12-15,"quantile",0.01,135.983252836899
"5154",2020-12-12,"08","3  day ahead inc hosp",2020-12-15,"quantile",0.025,143.587638510075
"5155",2020-12-12,"08","3  day ahead inc hosp",2020-12-15,"quantile",0.05,150.127829706749
"5156",2020-12-12,"08","3  day ahead inc hosp",2020-12-15,"quantile",0.1,157.668251297235
"5157",2020-12-12,"08","3  day ahead inc hosp",2020-12-15,"quantile",0.15,162.755737946104
"5158",2020-12-12,"08","3  day ahead inc hosp",2020-12-15,"quantile",0.2,166.799111058017
"5159",2020-12-12,"08","3  day ahead inc hosp",2020-12-15,"quantile",0.25,170.267965159269
"5160",2020-12-12,"08","3  day ahead inc hosp",2020-12-15,"quantile",0.3,173.383103351636
"5161",2020-12-12,"08","3  day ahead inc hosp",2020-12-15,"quantile",0.35,176.269743135261
"5162",2020-12-12,"08","3  day ahead inc hosp",2020-12-15,"quantile",0.4,179.008882004801
"5163",2020-12-12,"08","3  day ahead inc hosp",2020-12-15,"quantile",0.45,181.659030560876
"5164",2020-12-12,"08","3  day ahead inc hosp",2020-12-15,"quantile",0.5,184.267162012832
"5165",2020-12-12,"08","3  day ahead inc hosp",2020-12-15,"quantile",0.55,186.875293464787
"5166",2020-12-12,"08","3  day ahead inc hosp",2020-12-15,"quantile",0.6,189.525442020863
"5167",2020-12-12,"08","3  day ahead inc hosp",2020-12-15,"quantile",0.65,192.264580890403
"5168",2020-12-12,"08","3  day ahead inc hosp",2020-12-15,"quantile",0.7,195.151220674027
"5169",2020-12-12,"08","3  day ahead inc hosp",2020-12-15,"quantile",0.75,198.266358866395
"5170",2020-12-12,"08","3  day ahead inc hosp",2020-12-15,"quantile",0.8,201.735212967647
"5171",2020-12-12,"08","3  day ahead inc hosp",2020-12-15,"quantile",0.85,205.778586079559
"5172",2020-12-12,"08","3  day ahead inc hosp",2020-12-15,"quantile",0.9,210.866072728429
"5173",2020-12-12,"08","3  day ahead inc hosp",2020-12-15,"quantile",0.95,218.406494318914
"5174",2020-12-12,"08","3  day ahead inc hosp",2020-12-15,"quantile",0.975,224.946685515588
"5175",2020-12-12,"08","3  day ahead inc hosp",2020-12-15,"quantile",0.99,232.551071188765
"5176",2020-12-12,"08","4  day ahead inc hosp",2020-12-16,"quantile",0.01,133.33861121597
"5177",2020-12-12,"08","4  day ahead inc hosp",2020-12-16,"quantile",0.025,141.022049206158
"5178",2020-12-12,"08","4  day ahead inc hosp",2020-12-16,"quantile",0.05,147.630229756609
"5179",2020-12-12,"08","4  day ahead inc hosp",2020-12-16,"quantile",0.1,155.249038717697
"5180",2020-12-12,"08","4  day ahead inc hosp",2020-12-16,"quantile",0.15,160.389412953367
"5181",2020-12-12,"08","4  day ahead inc hosp",2020-12-16,"quantile",0.2,164.474819442698
"5182",2020-12-12,"08","4  day ahead inc hosp",2020-12-16,"quantile",0.25,167.979734439052
"5183",2020-12-12,"08","4  day ahead inc hosp",2020-12-16,"quantile",0.3,171.12725642973
"5184",2020-12-12,"08","4  day ahead inc hosp",2020-12-16,"quantile",0.35,174.04390462864
"5185",2020-12-12,"08","4  day ahead inc hosp",2020-12-16,"quantile",0.4,176.811518549757
"5186",2020-12-12,"08","4  day ahead inc hosp",2020-12-16,"quantile",0.45,179.489217047772
"5187",2020-12-12,"08","4  day ahead inc hosp",2020-12-16,"quantile",0.5,182.124461647746
"5188",2020-12-12,"08","4  day ahead inc hosp",2020-12-16,"quantile",0.55,184.75970624772
"5189",2020-12-12,"08","4  day ahead inc hosp",2020-12-16,"quantile",0.6,187.437404745735
"5190",2020-12-12,"08","4  day ahead inc hosp",2020-12-16,"quantile",0.65,190.205018666851
"5191",2020-12-12,"08","4  day ahead inc hosp",2020-12-16,"quantile",0.7,193.121666865761
"5192",2020-12-12,"08","4  day ahead inc hosp",2020-12-16,"quantile",0.75,196.269188856439
"5193",2020-12-12,"08","4  day ahead inc hosp",2020-12-16,"quantile",0.8,199.774103852794
"5194",2020-12-12,"08","4  day ahead inc hosp",2020-12-16,"quantile",0.85,203.859510342124
"5195",2020-12-12,"08","4  day ahead inc hosp",2020-12-16,"quantile",0.9,208.999884577794
"5196",2020-12-12,"08","4  day ahead inc hosp",2020-12-16,"quantile",0.95,216.618693538882
"5197",2020-12-12,"08","4  day ahead inc hosp",2020-12-16,"quantile",0.975,223.226874089333
"5198",2020-12-12,"08","4  day ahead inc hosp",2020-12-16,"quantile",0.99,230.910312079521
"5199",2020-12-12,"08","5  day ahead inc hosp",2020-12-17,"quantile",0.01,134.155839280617
"5200",2020-12-12,"08","5  day ahead inc hosp",2020-12-17,"quantile",0.025,141.945690581456
"5201",2020-12-12,"08","5  day ahead inc hosp",2020-12-17,"quantile",0.05,148.645392449662
"5202",2020-12-12,"08","5  day ahead inc hosp",2020-12-17,"quantile",0.1,156.369719628742
"5203",2020-12-12,"08","5  day ahead inc hosp",2020-12-17,"quantile",0.15,161.581286505141
"5204",2020-12-12,"08","5  day ahead inc hosp",2020-12-17,"quantile",0.2,165.723274648471
"5205",2020-12-12,"08","5  day ahead inc hosp",2020-12-17,"quantile",0.25,169.27673166583
"5206",2020-12-12,"08","5  day ahead inc hosp",2020-12-17,"quantile",0.3,172.467845891625
"5207",2020-12-12,"08","5  day ahead inc hosp",2020-12-17,"quantile",0.35,175.424888792913
"5208",2020-12-12,"08","5  day ahead inc hosp",2020-12-17,"quantile",0.4,178.230833336379
"5209",2020-12-12,"08","5  day ahead inc hosp",2020-12-17,"quantile",0.45,180.945617155114
"5210",2020-12-12,"08","5  day ahead inc hosp",2020-12-17,"quantile",0.5,183.617359102059
"5211",2020-12-12,"08","5  day ahead inc hosp",2020-12-17,"quantile",0.55,186.289101049004
"5212",2020-12-12,"08","5  day ahead inc hosp",2020-12-17,"quantile",0.6,189.003884867739
"5213",2020-12-12,"08","5  day ahead inc hosp",2020-12-17,"quantile",0.65,191.809829411206
"5214",2020-12-12,"08","5  day ahead inc hosp",2020-12-17,"quantile",0.7,194.766872312493
"5215",2020-12-12,"08","5  day ahead inc hosp",2020-12-17,"quantile",0.75,197.957986538288
"5216",2020-12-12,"08","5  day ahead inc hosp",2020-12-17,"quantile",0.8,201.511443555648
"5217",2020-12-12,"08","5  day ahead inc hosp",2020-12-17,"quantile",0.85,205.653431698978
"5218",2020-12-12,"08","5  day ahead inc hosp",2020-12-17,"quantile",0.9,210.864998575377
"5219",2020-12-12,"08","5  day ahead inc hosp",2020-12-17,"quantile",0.95,218.589325754456
"5220",2020-12-12,"08","5  day ahead inc hosp",2020-12-17,"quantile",0.975,225.289027622663
"5221",2020-12-12,"08","5  day ahead inc hosp",2020-12-17,"quantile",0.99,233.078878923501
"5222",2020-12-12,"08","6  day ahead inc hosp",2020-12-18,"quantile",0.01,131.251587339212
"5223",2020-12-12,"08","6  day ahead inc hosp",2020-12-18,"quantile",0.025,139.717830237214
"5224",2020-12-12,"08","6  day ahead inc hosp",2020-12-18,"quantile",0.05,146.999266194063
"5225",2020-12-12,"08","6  day ahead inc hosp",2020-12-18,"quantile",0.1,155.394295520833
"5226",2020-12-12,"08","6  day ahead inc hosp",2020-12-18,"quantile",0.15,161.058381952114
"5227",2020-12-12,"08","6  day ahead inc hosp",2020-12-18,"quantile",0.2,165.560018292502
"5228",2020-12-12,"08","6  day ahead inc hosp",2020-12-18,"quantile",0.25,169.422021439255
"5229",2020-12-12,"08","6  day ahead inc hosp",2020-12-18,"quantile",0.3,172.890219625265
"5230",2020-12-12,"08","6  day ahead inc hosp",2020-12-18,"quantile",0.35,176.104022109456
"5231",2020-12-12,"08","6  day ahead inc hosp",2020-12-18,"quantile",0.4,179.153606388523
"5232",2020-12-12,"08","6  day ahead inc hosp",2020-12-18,"quantile",0.45,182.104114471071
"5233",2020-12-12,"08","6  day ahead inc hosp",2020-12-18,"quantile",0.5,185.007843362685
"5234",2020-12-12,"08","6  day ahead inc hosp",2020-12-18,"quantile",0.55,187.911572254298
"5235",2020-12-12,"08","6  day ahead inc hosp",2020-12-18,"quantile",0.6,190.862080336847
"5236",2020-12-12,"08","6  day ahead inc hosp",2020-12-18,"quantile",0.65,193.911664615914
"5237",2020-12-12,"08","6  day ahead inc hosp",2020-12-18,"quantile",0.7,197.125467100105
"5238",2020-12-12,"08","6  day ahead inc hosp",2020-12-18,"quantile",0.75,200.593665286114
"5239",2020-12-12,"08","6  day ahead inc hosp",2020-12-18,"quantile",0.8,204.455668432867
"5240",2020-12-12,"08","6  day ahead inc hosp",2020-12-18,"quantile",0.85,208.957304773255
"5241",2020-12-12,"08","6  day ahead inc hosp",2020-12-18,"quantile",0.9,214.621391204536
"5242",2020-12-12,"08","6  day ahead inc hosp",2020-12-18,"quantile",0.95,223.016420531307
"5243",2020-12-12,"08","6  day ahead inc hosp",2020-12-18,"quantile",0.975,230.297856488156
"5244",2020-12-12,"08","6  day ahead inc hosp",2020-12-18,"quantile",0.99,238.764099386158
"5245",2020-12-12,"08","7  day ahead inc hosp",2020-12-19,"quantile",0.01,128.665943467834
"5246",2020-12-12,"08","7  day ahead inc hosp",2020-12-19,"quantile",0.025,137.758399369666
"5247",2020-12-12,"08","7  day ahead inc hosp",2020-12-19,"quantile",0.05,145.578413056645
"5248",2020-12-12,"08","7  day ahead inc hosp",2020-12-19,"quantile",0.1,154.594388013643
"5249",2020-12-12,"08","7  day ahead inc hosp",2020-12-19,"quantile",0.15,160.677423513693
"5250",2020-12-12,"08","7  day ahead inc hosp",2020-12-19,"quantile",0.2,165.512027292982
"5251",2020-12-12,"08","7  day ahead inc hosp",2020-12-19,"quantile",0.25,169.65968685433
"5252",2020-12-12,"08","7  day ahead inc hosp",2020-12-19,"quantile",0.3,173.384413329227
"5253",2020-12-12,"08","7  day ahead inc hosp",2020-12-19,"quantile",0.35,176.835927503431
"5254",2020-12-12,"08","7  day ahead inc hosp",2020-12-19,"quantile",0.4,180.111076930443
"5255",2020-12-12,"08","7  day ahead inc hosp",2020-12-19,"quantile",0.45,183.279821904073
"5256",2020-12-12,"08","7  day ahead inc hosp",2020-12-19,"quantile",0.5,186.39832762331
"5257",2020-12-12,"08","7  day ahead inc hosp",2020-12-19,"quantile",0.55,189.516833342547
"5258",2020-12-12,"08","7  day ahead inc hosp",2020-12-19,"quantile",0.6,192.685578316177
"5259",2020-12-12,"08","7  day ahead inc hosp",2020-12-19,"quantile",0.65,195.960727743189
"5260",2020-12-12,"08","7  day ahead inc hosp",2020-12-19,"quantile",0.7,199.412241917393
"5261",2020-12-12,"08","7  day ahead inc hosp",2020-12-19,"quantile",0.75,203.136968392291
"5262",2020-12-12,"08","7  day ahead inc hosp",2020-12-19,"quantile",0.8,207.284627953638
"5263",2020-12-12,"08","7  day ahead inc hosp",2020-12-19,"quantile",0.85,212.119231732928
"5264",2020-12-12,"08","7  day ahead inc hosp",2020-12-19,"quantile",0.9,218.202267232977
"5265",2020-12-12,"08","7  day ahead inc hosp",2020-12-19,"quantile",0.95,227.218242189975
"5266",2020-12-12,"08","7  day ahead inc hosp",2020-12-19,"quantile",0.975,235.038255876954
"5267",2020-12-12,"08","7  day ahead inc hosp",2020-12-19,"quantile",0.99,244.130711778786
"5268",2020-12-12,"08","8  day ahead inc hosp",2020-12-20,"quantile",0.01,111.996555495074
"5269",2020-12-12,"08","8  day ahead inc hosp",2020-12-20,"quantile",0.025,121.674790863443
"5270",2020-12-12,"08","8  day ahead inc hosp",2020-12-20,"quantile",0.05,129.998607207847
"5271",2020-12-12,"08","8  day ahead inc hosp",2020-12-20,"quantile",0.1,139.595434363376
"5272",2020-12-12,"08","8  day ahead inc hosp",2020-12-20,"quantile",0.15,146.070368084172
"5273",2020-12-12,"08","8  day ahead inc hosp",2020-12-20,"quantile",0.2,151.216440145885
"5274",2020-12-12,"08","8  day ahead inc hosp",2020-12-20,"quantile",0.25,155.63131175989
"5275",2020-12-12,"08","8  day ahead inc hosp",2020-12-20,"quantile",0.3,159.596002916609
"5276",2020-12-12,"08","8  day ahead inc hosp",2020-12-20,"quantile",0.35,163.269880130407
"5277",2020-12-12,"08","8  day ahead inc hosp",2020-12-20,"quantile",0.4,166.756030337066
"5278",2020-12-12,"08","8  day ahead inc hosp",2020-12-20,"quantile",0.45,170.128921006895
"5279",2020-12-12,"08","8  day ahead inc hosp",2020-12-20,"quantile",0.5,173.448335769446
"5280",2020-12-12,"08","8  day ahead inc hosp",2020-12-20,"quantile",0.55,176.767750531997
"5281",2020-12-12,"08","8  day ahead inc hosp",2020-12-20,"quantile",0.6,180.140641201826
"5282",2020-12-12,"08","8  day ahead inc hosp",2020-12-20,"quantile",0.65,183.626791408485
"5283",2020-12-12,"08","8  day ahead inc hosp",2020-12-20,"quantile",0.7,187.300668622283
"5284",2020-12-12,"08","8  day ahead inc hosp",2020-12-20,"quantile",0.75,191.265359779002
"5285",2020-12-12,"08","8  day ahead inc hosp",2020-12-20,"quantile",0.8,195.680231393007
"5286",2020-12-12,"08","8  day ahead inc hosp",2020-12-20,"quantile",0.85,200.82630345472
"5287",2020-12-12,"08","8  day ahead inc hosp",2020-12-20,"quantile",0.9,207.301237175516
"5288",2020-12-12,"08","8  day ahead inc hosp",2020-12-20,"quantile",0.95,216.898064331044
"5289",2020-12-12,"08","8  day ahead inc hosp",2020-12-20,"quantile",0.975,225.221880675449
"5290",2020-12-12,"08","8  day ahead inc hosp",2020-12-20,"quantile",0.99,234.900116043818
"5291",2020-12-12,"08","9  day ahead inc hosp",2020-12-21,"quantile",0.01,109.880260798019
"5292",2020-12-12,"08","9  day ahead inc hosp",2020-12-21,"quantile",0.025,120.110789883279
"5293",2020-12-12,"08","9  day ahead inc hosp",2020-12-21,"quantile",0.05,128.909609293076
"5294",2020-12-12,"08","9  day ahead inc hosp",2020-12-21,"quantile",0.1,139.054084561959
"5295",2020-12-12,"08","9  day ahead inc hosp",2020-12-21,"quantile",0.15,145.898513864869
"5296",2020-12-12,"08","9  day ahead inc hosp",2020-12-21,"quantile",0.2,151.338249301998
"5297",2020-12-12,"08","9  day ahead inc hosp",2020-12-21,"quantile",0.25,156.005057943828
"5298",2020-12-12,"08","9  day ahead inc hosp",2020-12-21,"quantile",0.3,160.195996337975
"5299",2020-12-12,"08","9  day ahead inc hosp",2020-12-21,"quantile",0.35,164.079525334828
"5300",2020-12-12,"08","9  day ahead inc hosp",2020-12-21,"quantile",0.4,167.764614581713
"5301",2020-12-12,"08","9  day ahead inc hosp",2020-12-21,"quantile",0.45,171.329981075265
"5302",2020-12-12,"08","9  day ahead inc hosp",2020-12-21,"quantile",0.5,174.838820030071
"5303",2020-12-12,"08","9  day ahead inc hosp",2020-12-21,"quantile",0.55,178.347658984877
"5304",2020-12-12,"08","9  day ahead inc hosp",2020-12-21,"quantile",0.6,181.913025478429
"5305",2020-12-12,"08","9  day ahead inc hosp",2020-12-21,"quantile",0.65,185.598114725315
"5306",2020-12-12,"08","9  day ahead inc hosp",2020-12-21,"quantile",0.7,189.481643722168
"5307",2020-12-12,"08","9  day ahead inc hosp",2020-12-21,"quantile",0.75,193.672582116315
"5308",2020-12-12,"08","9  day ahead inc hosp",2020-12-21,"quantile",0.8,198.339390758144
"5309",2020-12-12,"08","9  day ahead inc hosp",2020-12-21,"quantile",0.85,203.779126195273
"5310",2020-12-12,"08","9  day ahead inc hosp",2020-12-21,"quantile",0.9,210.623555498184
"5311",2020-12-12,"08","9  day ahead inc hosp",2020-12-21,"quantile",0.95,220.768030767067
"5312",2020-12-12,"08","9  day ahead inc hosp",2020-12-21,"quantile",0.975,229.566850176864
"5313",2020-12-12,"08","9  day ahead inc hosp",2020-12-21,"quantile",0.99,239.797379262123
"5314",2020-12-12,"08","10  day ahead inc hosp",2020-12-22,"quantile",0.01,107.943818745683
"5315",2020-12-12,"08","10  day ahead inc hosp",2020-12-22,"quantile",0.025,118.698315985588
"5316",2020-12-12,"08","10  day ahead inc hosp",2020-12-22,"quantile",0.05,127.947776914587
"5317",2020-12-12,"08","10  day ahead inc hosp",2020-12-22,"quantile",0.1,138.611812994273
"5318",2020-12-12,"08","10  day ahead inc hosp",2020-12-22,"quantile",0.15,145.806787509612
"5319",2020-12-12,"08","10  day ahead inc hosp",2020-12-22,"quantile",0.2,151.52512516907
"5320",2020-12-12,"08","10  day ahead inc hosp",2020-12-22,"quantile",0.25,156.430949710445
"5321",2020-12-12,"08","10  day ahead inc hosp",2020-12-22,"quantile",0.3,160.836531769482
"5322",2020-12-12,"08","10  day ahead inc hosp",2020-12-22,"quantile",0.35,164.918960110156
"5323",2020-12-12,"08","10  day ahead inc hosp",2020-12-22,"quantile",0.4,168.792785383917
"5324",2020-12-12,"08","10  day ahead inc hosp",2020-12-22,"quantile",0.45,172.540756167697
"5325",2020-12-12,"08","10  day ahead inc hosp",2020-12-22,"quantile",0.5,176.229304290697
"5326",2020-12-12,"08","10  day ahead inc hosp",2020-12-22,"quantile",0.55,179.917852413697
"5327",2020-12-12,"08","10  day ahead inc hosp",2020-12-22,"quantile",0.6,183.665823197476
"5328",2020-12-12,"08","10  day ahead inc hosp",2020-12-22,"quantile",0.65,187.539648471238
"5329",2020-12-12,"08","10  day ahead inc hosp",2020-12-22,"quantile",0.7,191.622076811912
"5330",2020-12-12,"08","10  day ahead inc hosp",2020-12-22,"quantile",0.75,196.027658870948
"5331",2020-12-12,"08","10  day ahead inc hosp",2020-12-22,"quantile",0.8,200.933483412323
"5332",2020-12-12,"08","10  day ahead inc hosp",2020-12-22,"quantile",0.85,206.651821071781
"5333",2020-12-12,"08","10  day ahead inc hosp",2020-12-22,"quantile",0.9,213.846795587121
"5334",2020-12-12,"08","10  day ahead inc hosp",2020-12-22,"quantile",0.95,224.510831666807
"5335",2020-12-12,"08","10  day ahead inc hosp",2020-12-22,"quantile",0.975,233.760292595805
"5336",2020-12-12,"08","10  day ahead inc hosp",2020-12-22,"quantile",0.99,244.514789835711
"5337",2020-12-12,"08","11  day ahead inc hosp",2020-12-23,"quantile",0.01,106.16210418685
"5338",2020-12-12,"08","11  day ahead inc hosp",2020-12-23,"quantile",0.025,117.416201058742
"5339",2020-12-12,"08","11  day ahead inc hosp",2020-12-23,"quantile",0.05,127.095345233095
"5340",2020-12-12,"08","11  day ahead inc hosp",2020-12-23,"quantile",0.1,138.254778576088
"5341",2020-12-12,"08","11  day ahead inc hosp",2020-12-23,"quantile",0.15,145.783995273078
"5342",2020-12-12,"08","11  day ahead inc hosp",2020-12-23,"quantile",0.2,151.767978022819
"5343",2020-12-12,"08","11  day ahead inc hosp",2020-12-23,"quantile",0.25,156.901702398169
"5344",2020-12-12,"08","11  day ahead inc hosp",2020-12-23,"quantile",0.3,161.511945551655
"5345",2020-12-12,"08","11  day ahead inc hosp",2020-12-23,"quantile",0.35,165.784022896938
"5346",2020-12-12,"08","11  day ahead inc hosp",2020-12-23,"quantile",0.4,169.837806530256
"5347",2020-12-12,"08","11  day ahead inc hosp",2020-12-23,"quantile",0.45,173.759889109547
"5348",2020-12-12,"08","11  day ahead inc hosp",2020-12-23,"quantile",0.5,177.619788551322
"5349",2020-12-12,"08","11  day ahead inc hosp",2020-12-23,"quantile",0.55,181.479687993097
"5350",2020-12-12,"08","11  day ahead inc hosp",2020-12-23,"quantile",0.6,185.401770572389
"5351",2020-12-12,"08","11  day ahead inc hosp",2020-12-23,"quantile",0.65,189.455554205707
"5352",2020-12-12,"08","11  day ahead inc hosp",2020-12-23,"quantile",0.7,193.727631550989
"5353",2020-12-12,"08","11  day ahead inc hosp",2020-12-23,"quantile",0.75,198.337874704476
"5354",2020-12-12,"08","11  day ahead inc hosp",2020-12-23,"quantile",0.8,203.471599079826
"5355",2020-12-12,"08","11  day ahead inc hosp",2020-12-23,"quantile",0.85,209.455581829567
"5356",2020-12-12,"08","11  day ahead inc hosp",2020-12-23,"quantile",0.9,216.984798526556
"5357",2020-12-12,"08","11  day ahead inc hosp",2020-12-23,"quantile",0.95,228.14423186955
"5358",2020-12-12,"08","11  day ahead inc hosp",2020-12-23,"quantile",0.975,237.823376043903
"5359",2020-12-12,"08","11  day ahead inc hosp",2020-12-23,"quantile",0.99,249.077472915795
"5360",2020-12-12,"08","12  day ahead inc hosp",2020-12-24,"quantile",0.01,104.515348331505
"5361",2020-12-12,"08","12  day ahead inc hosp",2020-12-24,"quantile",0.025,116.247789762031
"5362",2020-12-12,"08","12  day ahead inc hosp",2020-12-24,"quantile",0.05,126.338336646058
"5363",2020-12-12,"08","12  day ahead inc hosp",2020-12-24,"quantile",0.1,137.972090965477
"5364",2020-12-12,"08","12  day ahead inc hosp",2020-12-24,"quantile",0.15,145.821329773417
"5365",2020-12-12,"08","12  day ahead inc hosp",2020-12-24,"quantile",0.2,152.059655952033
"5366",2020-12-12,"08","12  day ahead inc hosp",2020-12-24,"quantile",0.25,157.411584342191
"5367",2020-12-12,"08","12  day ahead inc hosp",2020-12-24,"quantile",0.3,162.217781444853
"5368",2020-12-12,"08","12  day ahead inc hosp",2020-12-24,"quantile",0.35,166.671439327022
"5369",2020-12-12,"08","12  day ahead inc hosp",2020-12-24,"quantile",0.4,170.897525133047
"5370",2020-12-12,"08","12  day ahead inc hosp",2020-12-24,"quantile",0.45,174.986312058469
"5371",2020-12-12,"08","12  day ahead inc hosp",2020-12-24,"quantile",0.5,179.010272811948
"5372",2020-12-12,"08","12  day ahead inc hosp",2020-12-24,"quantile",0.55,183.034233565427
"5373",2020-12-12,"08","12  day ahead inc hosp",2020-12-24,"quantile",0.6,187.123020490848
"5374",2020-12-12,"08","12  day ahead inc hosp",2020-12-24,"quantile",0.65,191.349106296873
"5375",2020-12-12,"08","12  day ahead inc hosp",2020-12-24,"quantile",0.7,195.802764179043
"5376",2020-12-12,"08","12  day ahead inc hosp",2020-12-24,"quantile",0.75,200.608961281705
"5377",2020-12-12,"08","12  day ahead inc hosp",2020-12-24,"quantile",0.8,205.960889671862
"5378",2020-12-12,"08","12  day ahead inc hosp",2020-12-24,"quantile",0.85,212.199215850479
"5379",2020-12-12,"08","12  day ahead inc hosp",2020-12-24,"quantile",0.9,220.048454658418
"5380",2020-12-12,"08","12  day ahead inc hosp",2020-12-24,"quantile",0.95,231.682208977837
"5381",2020-12-12,"08","12  day ahead inc hosp",2020-12-24,"quantile",0.975,241.772755861865
"5382",2020-12-12,"08","12  day ahead inc hosp",2020-12-24,"quantile",0.99,253.50519729239
"5383",2020-12-12,"08","13  day ahead inc hosp",2020-12-25,"quantile",0.01,102.987664562578
"5384",2020-12-12,"08","13  day ahead inc hosp",2020-12-25,"quantile",0.025,115.179697511988
"5385",2020-12-12,"08","13  day ahead inc hosp",2020-12-25,"quantile",0.05,125.66551845694
"5386",2020-12-12,"08","13  day ahead inc hosp",2020-12-25,"quantile",0.1,137.754998453718
"5387",2020-12-12,"08","13  day ahead inc hosp",2020-12-25,"quantile",0.15,145.911713212608
"5388",2020-12-12,"08","13  day ahead inc hosp",2020-12-25,"quantile",0.2,152.394411529855
"5389",2020-12-12,"08","13  day ahead inc hosp",2020-12-25,"quantile",0.25,157.955989455649
"5390",2020-12-12,"08","13  day ahead inc hosp",2020-12-25,"quantile",0.3,162.950458320804
"5391",2020-12-12,"08","13  day ahead inc hosp",2020-12-25,"quantile",0.35,167.578578049025
"5392",2020-12-12,"08","13  day ahead inc hosp",2020-12-25,"quantile",0.4,171.970211086291
"5393",2020-12-12,"08","13  day ahead inc hosp",2020-12-25,"quantile",0.45,176.219166873802
"5394",2020-12-12,"08","13  day ahead inc hosp",2020-12-25,"quantile",0.5,180.400757072573
"5395",2020-12-12,"08","13  day ahead inc hosp",2020-12-25,"quantile",0.55,184.582347271345
"5396",2020-12-12,"08","13  day ahead inc hosp",2020-12-25,"quantile",0.6,188.831303058855
"5397",2020-12-12,"08","13  day ahead inc hosp",2020-12-25,"quantile",0.65,193.222936096122
"5398",2020-12-12,"08","13  day ahead inc hosp",2020-12-25,"quantile",0.7,197.851055824343
"5399",2020-12-12,"08","13  day ahead inc hosp",2020-12-25,"quantile",0.75,202.845524689498
"5400",2020-12-12,"08","13  day ahead inc hosp",2020-12-25,"quantile",0.8,208.407102615292
"5401",2020-12-12,"08","13  day ahead inc hosp",2020-12-25,"quantile",0.85,214.889800932538
"5402",2020-12-12,"08","13  day ahead inc hosp",2020-12-25,"quantile",0.9,223.046515691429
"5403",2020-12-12,"08","13  day ahead inc hosp",2020-12-25,"quantile",0.95,235.135995688206
"5404",2020-12-12,"08","13  day ahead inc hosp",2020-12-25,"quantile",0.975,245.621816633159
"5405",2020-12-12,"08","13  day ahead inc hosp",2020-12-25,"quantile",0.99,257.813849582569
"5406",2020-12-12,"08","14  day ahead inc hosp",2020-12-26,"quantile",0.01,101.566058188656
"5407",2020-12-12,"08","14  day ahead inc hosp",2020-12-26,"quantile",0.025,114.20097619228
"5408",2020-12-12,"08","14  day ahead inc hosp",2020-12-26,"quantile",0.05,125.06770271688
"5409",2020-12-12,"08","14  day ahead inc hosp",2020-12-26,"quantile",0.1,137.596342452316
"5410",2020-12-12,"08","14  day ahead inc hosp",2020-12-26,"quantile",0.15,146.049356201965
"5411",2020-12-12,"08","14  day ahead inc hosp",2020-12-26,"quantile",0.2,152.767543564196
"5412",2020-12-12,"08","14  day ahead inc hosp",2020-12-26,"quantile",0.25,158.531150122245
"5413",2020-12-12,"08","14  day ahead inc hosp",2020-12-26,"quantile",0.3,163.707046943123
"5414",2020-12-12,"08","14  day ahead inc hosp",2020-12-26,"quantile",0.35,168.503286710491
"5415",2020-12-12,"08","14  day ahead inc hosp",2020-12-26,"quantile",0.4,173.054449224414
"5416",2020-12-12,"08","14  day ahead inc hosp",2020-12-26,"quantile",0.45,177.457751626809
"5417",2020-12-12,"08","14  day ahead inc hosp",2020-12-26,"quantile",0.5,181.791241333199
"5418",2020-12-12,"08","14  day ahead inc hosp",2020-12-26,"quantile",0.55,186.124731039589
"5419",2020-12-12,"08","14  day ahead inc hosp",2020-12-26,"quantile",0.6,190.528033441984
"5420",2020-12-12,"08","14  day ahead inc hosp",2020-12-26,"quantile",0.65,195.079195955907
"5421",2020-12-12,"08","14  day ahead inc hosp",2020-12-26,"quantile",0.7,199.875435723275
"5422",2020-12-12,"08","14  day ahead inc hosp",2020-12-26,"quantile",0.75,205.051332544152
"5423",2020-12-12,"08","14  day ahead inc hosp",2020-12-26,"quantile",0.8,210.814939102201
"5424",2020-12-12,"08","14  day ahead inc hosp",2020-12-26,"quantile",0.85,217.533126464433
"5425",2020-12-12,"08","14  day ahead inc hosp",2020-12-26,"quantile",0.9,225.986140214081
"5426",2020-12-12,"08","14  day ahead inc hosp",2020-12-26,"quantile",0.95,238.514779949518
"5427",2020-12-12,"08","14  day ahead inc hosp",2020-12-26,"quantile",0.975,249.381506474118
"5428",2020-12-12,"08","14  day ahead inc hosp",2020-12-26,"quantile",0.99,262.016424477741
"5429",2020-12-12,"08","15  day ahead inc hosp",2020-12-27,"quantile",0.01,88.7529745720523
"5430",2020-12-12,"08","15  day ahead inc hosp",2020-12-27,"quantile",0.025,101.815770539114
"5431",2020-12-12,"08","15  day ahead inc hosp",2020-12-27,"quantile",0.05,113.050495717386
"5432",2020-12-12,"08","15  day ahead inc hosp",2020-12-27,"quantile",0.1,126.003414332441
"5433",2020-12-12,"08","15  day ahead inc hosp",2020-12-27,"quantile",0.15,134.742687027899
"5434",2020-12-12,"08","15  day ahead inc hosp",2020-12-27,"quantile",0.2,141.688383925667
"5435",2020-12-12,"08","15  day ahead inc hosp",2020-12-27,"quantile",0.25,147.647173407374
"5436",2020-12-12,"08","15  day ahead inc hosp",2020-12-27,"quantile",0.3,152.998350526077
"5437",2020-12-12,"08","15  day ahead inc hosp",2020-12-27,"quantile",0.35,157.957013611367
"5438",2020-12-12,"08","15  day ahead inc hosp",2020-12-27,"quantile",0.4,162.662299970587
"5439",2020-12-12,"08","15  day ahead inc hosp",2020-12-27,"quantile",0.45,167.214718976968
"5440",2020-12-12,"08","15  day ahead inc hosp",2020-12-27,"quantile",0.5,171.694961099924
"5441",2020-12-12,"08","15  day ahead inc hosp",2020-12-27,"quantile",0.55,176.175203222881
"5442",2020-12-12,"08","15  day ahead inc hosp",2020-12-27,"quantile",0.6,180.727622229262
"5443",2020-12-12,"08","15  day ahead inc hosp",2020-12-27,"quantile",0.65,185.432908588482
"5444",2020-12-12,"08","15  day ahead inc hosp",2020-12-27,"quantile",0.7,190.391571673772
"5445",2020-12-12,"08","15  day ahead inc hosp",2020-12-27,"quantile",0.75,195.742748792475
"5446",2020-12-12,"08","15  day ahead inc hosp",2020-12-27,"quantile",0.8,201.701538274182
"5447",2020-12-12,"08","15  day ahead inc hosp",2020-12-27,"quantile",0.85,208.64723517195
"5448",2020-12-12,"08","15  day ahead inc hosp",2020-12-27,"quantile",0.9,217.386507867408
"5449",2020-12-12,"08","15  day ahead inc hosp",2020-12-27,"quantile",0.95,230.339426482463
"5450",2020-12-12,"08","15  day ahead inc hosp",2020-12-27,"quantile",0.975,241.574151660735
"5451",2020-12-12,"08","15  day ahead inc hosp",2020-12-27,"quantile",0.99,254.636947627796
"5452",2020-12-12,"08","16  day ahead inc hosp",2020-12-28,"quantile",0.01,87.5128665294547
"5453",2020-12-12,"08","16  day ahead inc hosp",2020-12-28,"quantile",0.025,100.989962804093
"5454",2020-12-12,"08","16  day ahead inc hosp",2020-12-28,"quantile",0.05,112.581009102945
"5455",2020-12-12,"08","16  day ahead inc hosp",2020-12-28,"quantile",0.1,125.944743149839
"5456",2020-12-12,"08","16  day ahead inc hosp",2020-12-28,"quantile",0.15,134.961191066809
"5457",2020-12-12,"08","16  day ahead inc hosp",2020-12-28,"quantile",0.2,142.127178044001
"5458",2020-12-12,"08","16  day ahead inc hosp",2020-12-28,"quantile",0.25,148.274956798852
"5459",2020-12-12,"08","16  day ahead inc hosp",2020-12-28,"quantile",0.3,153.795852125799
"5460",2020-12-12,"08","16  day ahead inc hosp",2020-12-28,"quantile",0.35,158.911784424096
"5461",2020-12-12,"08","16  day ahead inc hosp",2020-12-28,"quantile",0.4,163.766303887069
"5462",2020-12-12,"08","16  day ahead inc hosp",2020-12-28,"quantile",0.45,168.463107648392
"5463",2020-12-12,"08","16  day ahead inc hosp",2020-12-28,"quantile",0.5,173.08544536055
"5464",2020-12-12,"08","16  day ahead inc hosp",2020-12-28,"quantile",0.55,177.707783072708
"5465",2020-12-12,"08","16  day ahead inc hosp",2020-12-28,"quantile",0.6,182.404586834031
"5466",2020-12-12,"08","16  day ahead inc hosp",2020-12-28,"quantile",0.65,187.259106297004
"5467",2020-12-12,"08","16  day ahead inc hosp",2020-12-28,"quantile",0.7,192.375038595301
"5468",2020-12-12,"08","16  day ahead inc hosp",2020-12-28,"quantile",0.75,197.895933922247
"5469",2020-12-12,"08","16  day ahead inc hosp",2020-12-28,"quantile",0.8,204.043712677099
"5470",2020-12-12,"08","16  day ahead inc hosp",2020-12-28,"quantile",0.85,211.209699654291
"5471",2020-12-12,"08","16  day ahead inc hosp",2020-12-28,"quantile",0.9,220.22614757126
"5472",2020-12-12,"08","16  day ahead inc hosp",2020-12-28,"quantile",0.95,233.589881618154
"5473",2020-12-12,"08","16  day ahead inc hosp",2020-12-28,"quantile",0.975,245.180927917006
"5474",2020-12-12,"08","16  day ahead inc hosp",2020-12-28,"quantile",0.99,258.658024191645
"5475",2020-12-12,"08","17  day ahead inc hosp",2020-12-29,"quantile",0.01,86.3512488193802
"5476",2020-12-12,"08","17  day ahead inc hosp",2020-12-29,"quantile",0.025,100.230283710707
"5477",2020-12-12,"08","17  day ahead inc hosp",2020-12-29,"quantile",0.05,112.167019394008
"5478",2020-12-12,"08","17  day ahead inc hosp",2020-12-29,"quantile",0.1,125.929311161878
"5479",2020-12-12,"08","17  day ahead inc hosp",2020-12-29,"quantile",0.15,135.214664081033
"5480",2020-12-12,"08","17  day ahead inc hosp",2020-12-29,"quantile",0.2,142.5943682295
"5481",2020-12-12,"08","17  day ahead inc hosp",2020-12-29,"quantile",0.25,148.925497287568
"5482",2020-12-12,"08","17  day ahead inc hosp",2020-12-29,"quantile",0.3,154.611046853482
"5483",2020-12-12,"08","17  day ahead inc hosp",2020-12-29,"quantile",0.35,159.879555842569
"5484",2020-12-12,"08","17  day ahead inc hosp",2020-12-29,"quantile",0.4,164.878855664596
"5485",2020-12-12,"08","17  day ahead inc hosp",2020-12-29,"quantile",0.45,169.715736098832
"5486",2020-12-12,"08","17  day ahead inc hosp",2020-12-29,"quantile",0.5,174.475929621175
"5487",2020-12-12,"08","17  day ahead inc hosp",2020-12-29,"quantile",0.55,179.236123143519
"5488",2020-12-12,"08","17  day ahead inc hosp",2020-12-29,"quantile",0.6,184.073003577755
"5489",2020-12-12,"08","17  day ahead inc hosp",2020-12-29,"quantile",0.65,189.072303399781
"5490",2020-12-12,"08","17  day ahead inc hosp",2020-12-29,"quantile",0.7,194.340812388869
"5491",2020-12-12,"08","17  day ahead inc hosp",2020-12-29,"quantile",0.75,200.026361954783
"5492",2020-12-12,"08","17  day ahead inc hosp",2020-12-29,"quantile",0.8,206.357491012851
"5493",2020-12-12,"08","17  day ahead inc hosp",2020-12-29,"quantile",0.85,213.737195161318
"5494",2020-12-12,"08","17  day ahead inc hosp",2020-12-29,"quantile",0.9,223.022548080473
"5495",2020-12-12,"08","17  day ahead inc hosp",2020-12-29,"quantile",0.95,236.784839848343
"5496",2020-12-12,"08","17  day ahead inc hosp",2020-12-29,"quantile",0.975,248.721575531644
"5497",2020-12-12,"08","17  day ahead inc hosp",2020-12-29,"quantile",0.99,262.60061042297
"5498",2020-12-12,"08","18  day ahead inc hosp",2020-12-30,"quantile",0.01,85.2614886015901
"5499",2020-12-12,"08","18  day ahead inc hosp",2020-12-30,"quantile",0.025,99.5311450457187
"5500",2020-12-12,"08","18  day ahead inc hosp",2020-12-30,"quantile",0.05,111.803836814187
"5501",2020-12-12,"08","18  day ahead inc hosp",2020-12-30,"quantile",0.1,125.953464432321
"5502",2020-12-12,"08","18  day ahead inc hosp",2020-12-30,"quantile",0.15,135.500151010768
"5503",2020-12-12,"08","18  day ahead inc hosp",2020-12-30,"quantile",0.2,143.087554867195
"5504",2020-12-12,"08","18  day ahead inc hosp",2020-12-30,"quantile",0.25,149.596871780759
"5505",2020-12-12,"08","18  day ahead inc hosp",2020-12-30,"quantile",0.3,155.442439548037
"5506",2020-12-12,"08","18  day ahead inc hosp",2020-12-30,"quantile",0.35,160.859229248166
"5507",2020-12-12,"08","18  day ahead inc hosp",2020-12-30,"quantile",0.4,165.99923296457
"5508",2020-12-12,"08","18  day ahead inc hosp",2020-12-30,"quantile",0.45,170.972246044968
"5509",2020-12-12,"08","18  day ahead inc hosp",2020-12-30,"quantile",0.5,175.866413881801
"5510",2020-12-12,"08","18  day ahead inc hosp",2020-12-30,"quantile",0.55,180.760581718633
"5511",2020-12-12,"08","18  day ahead inc hosp",2020-12-30,"quantile",0.6,185.733594799032
"5512",2020-12-12,"08","18  day ahead inc hosp",2020-12-30,"quantile",0.65,190.873598515435
"5513",2020-12-12,"08","18  day ahead inc hosp",2020-12-30,"quantile",0.7,196.290388215565
"5514",2020-12-12,"08","18  day ahead inc hosp",2020-12-30,"quantile",0.75,202.135955982842
"5515",2020-12-12,"08","18  day ahead inc hosp",2020-12-30,"quantile",0.8,208.645272896407
"5516",2020-12-12,"08","18  day ahead inc hosp",2020-12-30,"quantile",0.85,216.232676752833
"5517",2020-12-12,"08","18  day ahead inc hosp",2020-12-30,"quantile",0.9,225.779363331281
"5518",2020-12-12,"08","18  day ahead inc hosp",2020-12-30,"quantile",0.95,239.928990949415
"5519",2020-12-12,"08","18  day ahead inc hosp",2020-12-30,"quantile",0.975,252.201682717883
"5520",2020-12-12,"08","18  day ahead inc hosp",2020-12-30,"quantile",0.99,266.471339162011
"5521",2020-12-12,"08","19  day ahead inc hosp",2020-12-31,"quantile",0.01,84.2378377104544
"5522",2020-12-12,"08","19  day ahead inc hosp",2020-12-31,"quantile",0.025,98.8877039402959
"5523",2020-12-12,"08","19  day ahead inc hosp",2020-12-31,"quantile",0.05,111.48739709984
"5524",2020-12-12,"08","19  day ahead inc hosp",2020-12-31,"quantile",0.1,126.014036379444
"5525",2020-12-12,"08","19  day ahead inc hosp",2020-12-31,"quantile",0.15,135.815090936019
"5526",2020-12-12,"08","19  day ahead inc hosp",2020-12-31,"quantile",0.2,143.604658397832
"5527",2020-12-12,"08","19  day ahead inc hosp",2020-12-31,"quantile",0.25,150.287413683829
"5528",2020-12-12,"08","19  day ahead inc hosp",2020-12-31,"quantile",0.3,156.28873446989
"5529",2020-12-12,"08","19  day ahead inc hosp",2020-12-31,"quantile",0.35,161.849852553761
"5530",2020-12-12,"08","19  day ahead inc hosp",2020-12-31,"quantile",0.4,167.126809792432
"5531",2020-12-12,"08","19  day ahead inc hosp",2020-12-31,"quantile",0.45,172.232326990575
"5532",2020-12-12,"08","19  day ahead inc hosp",2020-12-31,"quantile",0.5,177.256898142426
"5533",2020-12-12,"08","19  day ahead inc hosp",2020-12-31,"quantile",0.55,182.281469294277
"5534",2020-12-12,"08","19  day ahead inc hosp",2020-12-31,"quantile",0.6,187.38698649242
"5535",2020-12-12,"08","19  day ahead inc hosp",2020-12-31,"quantile",0.65,192.663943731091
"5536",2020-12-12,"08","19  day ahead inc hosp",2020-12-31,"quantile",0.7,198.225061814963
"5537",2020-12-12,"08","19  day ahead inc hosp",2020-12-31,"quantile",0.75,204.226382601023
"5538",2020-12-12,"08","19  day ahead inc hosp",2020-12-31,"quantile",0.8,210.909137887021
"5539",2020-12-12,"08","19  day ahead inc hosp",2020-12-31,"quantile",0.85,218.698705348834
"5540",2020-12-12,"08","19  day ahead inc hosp",2020-12-31,"quantile",0.9,228.499759905408
"5541",2020-12-12,"08","19  day ahead inc hosp",2020-12-31,"quantile",0.95,243.026399185012
"5542",2020-12-12,"08","19  day ahead inc hosp",2020-12-31,"quantile",0.975,255.626092344557
"5543",2020-12-12,"08","19  day ahead inc hosp",2020-12-31,"quantile",0.99,270.275958574398
"5544",2020-12-12,"08","20  day ahead inc hosp",2021-01-01,"quantile",0.01,83.2752757771565
"5545",2020-12-12,"08","20  day ahead inc hosp",2021-01-01,"quantile",0.025,98.2957306993965
"5546",2020-12-12,"08","20  day ahead inc hosp",2021-01-01,"quantile",0.05,111.214150578991
"5547",2020-12-12,"08","20  day ahead inc hosp",2021-01-01,"quantile",0.1,126.108261354315
"5548",2020-12-12,"08","20  day ahead inc hosp",2021-01-01,"quantile",0.15,136.157247184477
"5549",2020-12-12,"08","20  day ahead inc hosp",2021-01-01,"quantile",0.2,144.143862562956
"5550",2020-12-12,"08","20  day ahead inc hosp",2021-01-01,"quantile",0.25,150.995667415973
"5551",2020-12-12,"08","20  day ahead inc hosp",2021-01-01,"quantile",0.3,157.148799937914
"5552",2020-12-12,"08","20  day ahead inc hosp",2021-01-01,"quantile",0.35,162.85059421955
"5553",2020-12-12,"08","20  day ahead inc hosp",2021-01-01,"quantile",0.4,168.261039413145
"5554",2020-12-12,"08","20  day ahead inc hosp",2021-01-01,"quantile",0.45,173.495707752519
"5555",2020-12-12,"08","20  day ahead inc hosp",2021-01-01,"quantile",0.5,178.647382403052
"5556",2020-12-12,"08","20  day ahead inc hosp",2021-01-01,"quantile",0.55,183.799057053584
"5557",2020-12-12,"08","20  day ahead inc hosp",2021-01-01,"quantile",0.6,189.033725392959
"5558",2020-12-12,"08","20  day ahead inc hosp",2021-01-01,"quantile",0.65,194.444170586553
"5559",2020-12-12,"08","20  day ahead inc hosp",2021-01-01,"quantile",0.7,200.14596486819
"5560",2020-12-12,"08","20  day ahead inc hosp",2021-01-01,"quantile",0.75,206.299097390131
"5561",2020-12-12,"08","20  day ahead inc hosp",2021-01-01,"quantile",0.8,213.150902243148
"5562",2020-12-12,"08","20  day ahead inc hosp",2021-01-01,"quantile",0.85,221.137517621627
"5563",2020-12-12,"08","20  day ahead inc hosp",2021-01-01,"quantile",0.9,231.186503451788
"5564",2020-12-12,"08","20  day ahead inc hosp",2021-01-01,"quantile",0.95,246.080614227112
"5565",2020-12-12,"08","20  day ahead inc hosp",2021-01-01,"quantile",0.975,258.999034106707
"5566",2020-12-12,"08","20  day ahead inc hosp",2021-01-01,"quantile",0.99,274.019489028947
"5567",2020-12-12,"08","21  day ahead inc hosp",2021-01-02,"quantile",0.01,82.3693874041157
"5568",2020-12-12,"08","21  day ahead inc hosp",2021-01-02,"quantile",0.025,97.7515053203792
"5569",2020-12-12,"08","21  day ahead inc hosp",2021-01-02,"quantile",0.05,110.98097532701
"5570",2020-12-12,"08","21  day ahead inc hosp",2021-01-02,"quantile",0.1,126.233706977947
"5571",2020-12-12,"08","21  day ahead inc hosp",2021-01-02,"quantile",0.15,136.524652610329
"5572",2020-12-12,"08","21  day ahead inc hosp",2021-01-02,"quantile",0.2,144.70356996933
"5573",2020-12-12,"08","21  day ahead inc hosp",2021-01-02,"quantile",0.25,151.720352798743
"5574",2020-12-12,"08","21  day ahead inc hosp",2021-01-02,"quantile",0.3,158.021640642345
"5575",2020-12-12,"08","21  day ahead inc hosp",2021-01-02,"quantile",0.35,163.860722909058
"5576",2020-12-12,"08","21  day ahead inc hosp",2021-01-02,"quantile",0.4,169.401440975068
"5577",2020-12-12,"08","21  day ahead inc hosp",2021-01-02,"quantile",0.45,174.762149826141
"5578",2020-12-12,"08","21  day ahead inc hosp",2021-01-02,"quantile",0.5,180.037866663677
"5579",2020-12-12,"08","21  day ahead inc hosp",2021-01-02,"quantile",0.55,185.313583501213
"5580",2020-12-12,"08","21  day ahead inc hosp",2021-01-02,"quantile",0.6,190.674292352286
"5581",2020-12-12,"08","21  day ahead inc hosp",2021-01-02,"quantile",0.65,196.215010418297
"5582",2020-12-12,"08","21  day ahead inc hosp",2021-01-02,"quantile",0.7,202.054092685009
"5583",2020-12-12,"08","21  day ahead inc hosp",2021-01-02,"quantile",0.75,208.355380528612
"5584",2020-12-12,"08","21  day ahead inc hosp",2021-01-02,"quantile",0.8,215.372163358024
"5585",2020-12-12,"08","21  day ahead inc hosp",2021-01-02,"quantile",0.85,223.551080717026
"5586",2020-12-12,"08","21  day ahead inc hosp",2021-01-02,"quantile",0.9,233.842026349407
"5587",2020-12-12,"08","21  day ahead inc hosp",2021-01-02,"quantile",0.95,249.094758000344
"5588",2020-12-12,"08","21  day ahead inc hosp",2021-01-02,"quantile",0.975,262.324228006975
"5589",2020-12-12,"08","21  day ahead inc hosp",2021-01-02,"quantile",0.99,277.706345923239
"5590",2020-12-12,"08","22  day ahead inc hosp",2021-01-03,"quantile",0.01,70.4294264980938
"5591",2020-12-12,"08","22  day ahead inc hosp",2021-01-03,"quantile",0.025,86.1648971649861
"5592",2020-12-12,"08","22  day ahead inc hosp",2021-01-03,"quantile",0.05,99.6982700308757
"5593",2020-12-12,"08","22  day ahead inc hosp",2021-01-03,"quantile",0.1,115.301382215417
"5594",2020-12-12,"08","22  day ahead inc hosp",2021-01-03,"quantile",0.15,125.828727930385
"5595",2020-12-12,"08","22  day ahead inc hosp",2021-01-03,"quantile",0.2,134.195528580992
"5596",2020-12-12,"08","22  day ahead inc hosp",2021-01-03,"quantile",0.25,141.373498545156
"5597",2020-12-12,"08","22  day ahead inc hosp",2021-01-03,"quantile",0.3,147.819537417464
"5598",2020-12-12,"08","22  day ahead inc hosp",2021-01-03,"quantile",0.35,153.792753084487
"5599",2020-12-12,"08","22  day ahead inc hosp",2021-01-03,"quantile",0.4,159.460750630459
"5600",2020-12-12,"08","22  day ahead inc hosp",2021-01-03,"quantile",0.45,164.944603851388
"5601",2020-12-12,"08","22  day ahead inc hosp",2021-01-03,"quantile",0.5,170.34151265132
"5602",2020-12-12,"08","22  day ahead inc hosp",2021-01-03,"quantile",0.55,175.738421451252
"5603",2020-12-12,"08","22  day ahead inc hosp",2021-01-03,"quantile",0.6,181.222274672181
"5604",2020-12-12,"08","22  day ahead inc hosp",2021-01-03,"quantile",0.65,186.890272218153
"5605",2020-12-12,"08","22  day ahead inc hosp",2021-01-03,"quantile",0.7,192.863487885176
"5606",2020-12-12,"08","22  day ahead inc hosp",2021-01-03,"quantile",0.75,199.309526757484
"5607",2020-12-12,"08","22  day ahead inc hosp",2021-01-03,"quantile",0.8,206.487496721648
"5608",2020-12-12,"08","22  day ahead inc hosp",2021-01-03,"quantile",0.85,214.854297372255
"5609",2020-12-12,"08","22  day ahead inc hosp",2021-01-03,"quantile",0.9,225.381643087223
"5610",2020-12-12,"08","22  day ahead inc hosp",2021-01-03,"quantile",0.95,240.984755271764
"5611",2020-12-12,"08","22  day ahead inc hosp",2021-01-03,"quantile",0.975,254.518128137654
"5612",2020-12-12,"08","22  day ahead inc hosp",2021-01-03,"quantile",0.99,270.253598804546
"5613",2020-12-12,"08","23  day ahead inc hosp",2021-01-04,"quantile",0.01,69.6255912455821
"5614",2020-12-12,"08","23  day ahead inc hosp",2021-01-04,"quantile",0.025,85.7066522375508
"5615",2020-12-12,"08","23  day ahead inc hosp",2021-01-04,"quantile",0.05,99.5372518484874
"5616",2020-12-12,"08","23  day ahead inc hosp",2021-01-04,"quantile",0.1,115.483047434511
"5617",2020-12-12,"08","23  day ahead inc hosp",2021-01-04,"quantile",0.15,126.241600013567
"5618",2020-12-12,"08","23  day ahead inc hosp",2021-01-04,"quantile",0.2,134.792156550343
"5619",2020-12-12,"08","23  day ahead inc hosp",2021-01-04,"quantile",0.25,142.127772702907
"5620",2020-12-12,"08","23  day ahead inc hosp",2021-01-04,"quantile",0.3,148.715382724657
"5621",2020-12-12,"08","23  day ahead inc hosp",2021-01-04,"quantile",0.35,154.819785159958
"5622",2020-12-12,"08","23  day ahead inc hosp",2021-01-04,"quantile",0.4,160.612266120244
"5623",2020-12-12,"08","23  day ahead inc hosp",2021-01-04,"quantile",0.45,166.216558485156
"5624",2020-12-12,"08","23  day ahead inc hosp",2021-01-04,"quantile",0.5,171.731996911945
"5625",2020-12-12,"08","23  day ahead inc hosp",2021-01-04,"quantile",0.55,177.247435338735
"5626",2020-12-12,"08","23  day ahead inc hosp",2021-01-04,"quantile",0.6,182.851727703647
"5627",2020-12-12,"08","23  day ahead inc hosp",2021-01-04,"quantile",0.65,188.644208663932
"5628",2020-12-12,"08","23  day ahead inc hosp",2021-01-04,"quantile",0.7,194.748611099234
"5629",2020-12-12,"08","23  day ahead inc hosp",2021-01-04,"quantile",0.75,201.336221120984
"5630",2020-12-12,"08","23  day ahead inc hosp",2021-01-04,"quantile",0.8,208.671837273548
"5631",2020-12-12,"08","23  day ahead inc hosp",2021-01-04,"quantile",0.85,217.222393810324
"5632",2020-12-12,"08","23  day ahead inc hosp",2021-01-04,"quantile",0.9,227.98094638938
"5633",2020-12-12,"08","23  day ahead inc hosp",2021-01-04,"quantile",0.95,243.926741975404
"5634",2020-12-12,"08","23  day ahead inc hosp",2021-01-04,"quantile",0.975,257.75734158634
"5635",2020-12-12,"08","23  day ahead inc hosp",2021-01-04,"quantile",0.99,273.838402578309
"5636",2020-12-12,"08","24  day ahead inc hosp",2021-01-05,"quantile",0.01,68.8679311676995
"5637",2020-12-12,"08","24  day ahead inc hosp",2021-01-05,"quantile",0.025,85.2873102103493
"5638",2020-12-12,"08","24  day ahead inc hosp",2021-01-05,"quantile",0.05,99.4088820091571
"5639",2020-12-12,"08","24  day ahead inc hosp",2021-01-05,"quantile",0.1,115.690149892806
"5640",2020-12-12,"08","24  day ahead inc hosp",2021-01-05,"quantile",0.15,126.675044038411
"5641",2020-12-12,"08","24  day ahead inc hosp",2021-01-05,"quantile",0.2,135.405489677107
"5642",2020-12-12,"08","24  day ahead inc hosp",2021-01-05,"quantile",0.25,142.895434661488
"5643",2020-12-12,"08","24  day ahead inc hosp",2021-01-05,"quantile",0.3,149.621636743944
"5644",2020-12-12,"08","24  day ahead inc hosp",2021-01-05,"quantile",0.35,155.854465377835
"5645",2020-12-12,"08","24  day ahead inc hosp",2021-01-05,"quantile",0.4,161.768810241756
"5646",2020-12-12,"08","24  day ahead inc hosp",2021-01-05,"quantile",0.45,167.491007343755
"5647",2020-12-12,"08","24  day ahead inc hosp",2021-01-05,"quantile",0.5,173.122481172571
"5648",2020-12-12,"08","24  day ahead inc hosp",2021-01-05,"quantile",0.55,178.753955001387
"5649",2020-12-12,"08","24  day ahead inc hosp",2021-01-05,"quantile",0.6,184.476152103386
"5650",2020-12-12,"08","24  day ahead inc hosp",2021-01-05,"quantile",0.65,190.390496967307
"5651",2020-12-12,"08","24  day ahead inc hosp",2021-01-05,"quantile",0.7,196.623325601198
"5652",2020-12-12,"08","24  day ahead inc hosp",2021-01-05,"quantile",0.75,203.349527683654
"5653",2020-12-12,"08","24  day ahead inc hosp",2021-01-05,"quantile",0.8,210.839472668035
"5654",2020-12-12,"08","24  day ahead inc hosp",2021-01-05,"quantile",0.85,219.569918306731
"5655",2020-12-12,"08","24  day ahead inc hosp",2021-01-05,"quantile",0.9,230.554812452336
"5656",2020-12-12,"08","24  day ahead inc hosp",2021-01-05,"quantile",0.95,246.836080335985
"5657",2020-12-12,"08","24  day ahead inc hosp",2021-01-05,"quantile",0.975,260.957652134793
"5658",2020-12-12,"08","24  day ahead inc hosp",2021-01-05,"quantile",0.99,277.377031177442
"5659",2020-12-12,"08","25  day ahead inc hosp",2021-01-06,"quantile",0.01,68.1536484208513
"5660",2020-12-12,"08","25  day ahead inc hosp",2021-01-06,"quantile",0.025,84.9045138810297
"5661",2020-12-12,"08","25  day ahead inc hosp",2021-01-06,"quantile",0.05,99.311182286311
"5662",2020-12-12,"08","25  day ahead inc hosp",2021-01-06,"quantile",0.1,115.921148298528
"5663",2020-12-12,"08","25  day ahead inc hosp",2021-01-06,"quantile",0.15,127.12781351098
"5664",2020-12-12,"08","25  day ahead inc hosp",2021-01-06,"quantile",0.2,136.034515763321
"5665",2020-12-12,"08","25  day ahead inc hosp",2021-01-06,"quantile",0.25,143.675673228023
"5666",2020-12-12,"08","25  day ahead inc hosp",2021-01-06,"quantile",0.3,150.537668791224
"5667",2020-12-12,"08","25  day ahead inc hosp",2021-01-06,"quantile",0.35,156.8963303223
"5668",2020-12-12,"08","25  day ahead inc hosp",2021-01-06,"quantile",0.4,162.930078300424
"5669",2020-12-12,"08","25  day ahead inc hosp",2021-01-06,"quantile",0.45,168.767799297256
"5670",2020-12-12,"08","25  day ahead inc hosp",2021-01-06,"quantile",0.5,174.512965433196
"5671",2020-12-12,"08","25  day ahead inc hosp",2021-01-06,"quantile",0.55,180.258131569137
"5672",2020-12-12,"08","25  day ahead inc hosp",2021-01-06,"quantile",0.6,186.095852565969
"5673",2020-12-12,"08","25  day ahead inc hosp",2021-01-06,"quantile",0.65,192.129600544093
"5674",2020-12-12,"08","25  day ahead inc hosp",2021-01-06,"quantile",0.7,198.488262075169
"5675",2020-12-12,"08","25  day ahead inc hosp",2021-01-06,"quantile",0.75,205.35025763837
"5676",2020-12-12,"08","25  day ahead inc hosp",2021-01-06,"quantile",0.8,212.991415103072
"5677",2020-12-12,"08","25  day ahead inc hosp",2021-01-06,"quantile",0.85,221.898117355412
"5678",2020-12-12,"08","25  day ahead inc hosp",2021-01-06,"quantile",0.9,233.104782567865
"5679",2020-12-12,"08","25  day ahead inc hosp",2021-01-06,"quantile",0.95,249.714748580082
"5680",2020-12-12,"08","25  day ahead inc hosp",2021-01-06,"quantile",0.975,264.121416985363
"5681",2020-12-12,"08","25  day ahead inc hosp",2021-01-06,"quantile",0.99,280.872282445542
"5682",2020-12-12,"08","26  day ahead inc hosp",2021-01-07,"quantile",0.01,67.4802167870928
"5683",2020-12-12,"08","26  day ahead inc hosp",2021-01-07,"quantile",0.025,84.5561348937069
"5684",2020-12-12,"08","26  day ahead inc hosp",2021-01-07,"quantile",0.05,99.2423665073842
"5685",2020-12-12,"08","26  day ahead inc hosp",2021-01-07,"quantile",0.1,116.174650994567
"5686",2020-12-12,"08","26  day ahead inc hosp",2021-01-07,"quantile",0.15,127.598782951868
"5687",2020-12-12,"08","26  day ahead inc hosp",2021-01-07,"quantile",0.2,136.678320879178
"5688",2020-12-12,"08","26  day ahead inc hosp",2021-01-07,"quantile",0.25,144.467755963423
"5689",2020-12-12,"08","26  day ahead inc hosp",2021-01-07,"quantile",0.3,151.462909411688
"5690",2020-12-12,"08","26  day ahead inc hosp",2021-01-07,"quantile",0.35,157.944961567766
"5691",2020-12-12,"08","26  day ahead inc hosp",2021-01-07,"quantile",0.4,164.095795182622
"5692",2020-12-12,"08","26  day ahead inc hosp",2021-01-07,"quantile",0.45,170.046797888013
"5693",2020-12-12,"08","26  day ahead inc hosp",2021-01-07,"quantile",0.5,175.903449693822
"5694",2020-12-12,"08","26  day ahead inc hosp",2021-01-07,"quantile",0.55,181.760101499631
"5695",2020-12-12,"08","26  day ahead inc hosp",2021-01-07,"quantile",0.6,187.711104205021
"5696",2020-12-12,"08","26  day ahead inc hosp",2021-01-07,"quantile",0.65,193.861937819877
"5697",2020-12-12,"08","26  day ahead inc hosp",2021-01-07,"quantile",0.7,200.343989975956
"5698",2020-12-12,"08","26  day ahead inc hosp",2021-01-07,"quantile",0.75,207.33914342422
"5699",2020-12-12,"08","26  day ahead inc hosp",2021-01-07,"quantile",0.8,215.128578508466
"5700",2020-12-12,"08","26  day ahead inc hosp",2021-01-07,"quantile",0.85,224.208116435776
"5701",2020-12-12,"08","26  day ahead inc hosp",2021-01-07,"quantile",0.9,235.632248393077
"5702",2020-12-12,"08","26  day ahead inc hosp",2021-01-07,"quantile",0.95,252.56453288026
"5703",2020-12-12,"08","26  day ahead inc hosp",2021-01-07,"quantile",0.975,267.250764493937
"5704",2020-12-12,"08","26  day ahead inc hosp",2021-01-07,"quantile",0.99,284.326682600551
"5705",2020-12-12,"08","27  day ahead inc hosp",2021-01-08,"quantile",0.01,66.8453461293371
"5706",2020-12-12,"08","27  day ahead inc hosp",2021-01-08,"quantile",0.025,84.2402437922319
"5707",2020-12-12,"08","27  day ahead inc hosp",2021-01-08,"quantile",0.05,99.2008154217324
"5708",2020-12-12,"08","27  day ahead inc hosp",2021-01-08,"quantile",0.1,116.449396377358
"5709",2020-12-12,"08","27  day ahead inc hosp",2021-01-08,"quantile",0.15,128.086932060297
"5710",2020-12-12,"08","27  day ahead inc hosp",2021-01-08,"quantile",0.2,137.336076503707
"5711",2020-12-12,"08","27  day ahead inc hosp",2021-01-08,"quantile",0.25,145.271018876717
"5712",2020-12-12,"08","27  day ahead inc hosp",2021-01-08,"quantile",0.3,152.396842367383
"5713",2020-12-12,"08","27  day ahead inc hosp",2021-01-08,"quantile",0.35,158.999979791476
"5714",2020-12-12,"08","27  day ahead inc hosp",2021-01-08,"quantile",0.4,165.265711484724
"5715",2020-12-12,"08","27  day ahead inc hosp",2021-01-08,"quantile",0.45,171.327879410663
"5716",2020-12-12,"08","27  day ahead inc hosp",2021-01-08,"quantile",0.5,177.293933954447
"5717",2020-12-12,"08","27  day ahead inc hosp",2021-01-08,"quantile",0.55,183.259988498232
"5718",2020-12-12,"08","27  day ahead inc hosp",2021-01-08,"quantile",0.6,189.322156424171
"5719",2020-12-12,"08","27  day ahead inc hosp",2021-01-08,"quantile",0.65,195.587888117419
"5720",2020-12-12,"08","27  day ahead inc hosp",2021-01-08,"quantile",0.7,202.191025541512
"5721",2020-12-12,"08","27  day ahead inc hosp",2021-01-08,"quantile",0.75,209.316849032178
"5722",2020-12-12,"08","27  day ahead inc hosp",2021-01-08,"quantile",0.8,217.251791405187
"5723",2020-12-12,"08","27  day ahead inc hosp",2021-01-08,"quantile",0.85,226.500935848598
"5724",2020-12-12,"08","27  day ahead inc hosp",2021-01-08,"quantile",0.9,238.138471531537
"5725",2020-12-12,"08","27  day ahead inc hosp",2021-01-08,"quantile",0.95,255.387052487162
"5726",2020-12-12,"08","27  day ahead inc hosp",2021-01-08,"quantile",0.975,270.347624116663
"5727",2020-12-12,"08","27  day ahead inc hosp",2021-01-08,"quantile",0.99,287.742521779558
"5728",2020-12-12,"08","28  day ahead inc hosp",2021-01-09,"quantile",0.01,66.2469526122971
"5729",2020-12-12,"08","28  day ahead inc hosp",2021-01-09,"quantile",0.025,83.9550849311322
"5730",2020-12-12,"08","28  day ahead inc hosp",2021-01-09,"quantile",0.05,99.1850556452295
"5731",2020-12-12,"08","28  day ahead inc hosp",2021-01-09,"quantile",0.1,116.74423649203
"5732",2020-12-12,"08","28  day ahead inc hosp",2021-01-09,"quantile",0.15,128.591332446968
"5733",2020-12-12,"08","28  day ahead inc hosp",2021-01-09,"quantile",0.2,138.007028751368
"5734",2020-12-12,"08","28  day ahead inc hosp",2021-01-09,"quantile",0.25,146.084857791048
"5735",2020-12-12,"08","28  day ahead inc hosp",2021-01-09,"quantile",0.3,153.338997924482
"5736",2020-12-12,"08","28  day ahead inc hosp",2021-01-09,"quantile",0.35,160.061039841101
"5737",2020-12-12,"08","28  day ahead inc hosp",2021-01-09,"quantile",0.4,166.439600270061
"5738",2020-12-12,"08","28  day ahead inc hosp",2021-01-09,"quantile",0.45,172.610931303559
"5739",2020-12-12,"08","28  day ahead inc hosp",2021-01-09,"quantile",0.5,178.684418215073
"5740",2020-12-12,"08","28  day ahead inc hosp",2021-01-09,"quantile",0.55,184.757905126587
"5741",2020-12-12,"08","28  day ahead inc hosp",2021-01-09,"quantile",0.6,190.929236160084
"5742",2020-12-12,"08","28  day ahead inc hosp",2021-01-09,"quantile",0.65,197.307796589044
"5743",2020-12-12,"08","28  day ahead inc hosp",2021-01-09,"quantile",0.7,204.029838505664
"5744",2020-12-12,"08","28  day ahead inc hosp",2021-01-09,"quantile",0.75,211.283978639098
"5745",2020-12-12,"08","28  day ahead inc hosp",2021-01-09,"quantile",0.8,219.361807678777
"5746",2020-12-12,"08","28  day ahead inc hosp",2021-01-09,"quantile",0.85,228.777503983178
"5747",2020-12-12,"08","28  day ahead inc hosp",2021-01-09,"quantile",0.9,240.624599938116
"5748",2020-12-12,"08","28  day ahead inc hosp",2021-01-09,"quantile",0.95,258.183780784916
"5749",2020-12-12,"08","28  day ahead inc hosp",2021-01-09,"quantile",0.975,273.413751499013
"5750",2020-12-12,"08","28  day ahead inc hosp",2021-01-09,"quantile",0.99,291.121883817849
"5751",2020-12-12,"08","29  day ahead inc hosp",2021-01-10,"quantile",0.01,56.0401356727608
"5752",2020-12-12,"08","29  day ahead inc hosp",2021-01-10,"quantile",0.025,74.0560574016139
"5753",2020-12-12,"08","29  day ahead inc hosp",2021-01-10,"quantile",0.05,89.5507439884122
"5754",2020-12-12,"08","29  day ahead inc hosp",2021-01-10,"quantile",0.1,107.415125283003
"5755",2020-12-12,"08","29  day ahead inc hosp",2021-01-10,"quantile",0.15,119.468138531123
"5756",2020-12-12,"08","29  day ahead inc hosp",2021-01-10,"quantile",0.2,129.047491372433
"5757",2020-12-12,"08","29  day ahead inc hosp",2021-01-10,"quantile",0.25,137.265723148526
"5758",2020-12-12,"08","29  day ahead inc hosp",2021-01-10,"quantile",0.3,144.645949278589
"5759",2020-12-12,"08","29  day ahead inc hosp",2021-01-10,"quantile",0.35,151.484828661656
"5760",2020-12-12,"08","29  day ahead inc hosp",2021-01-10,"quantile",0.4,157.974256420713
"5761",2020-12-12,"08","29  day ahead inc hosp",2021-01-10,"quantile",0.45,164.252852879136
"5762",2020-12-12,"08","29  day ahead inc hosp",2021-01-10,"quantile",0.5,170.431904562789
"5763",2020-12-12,"08","29  day ahead inc hosp",2021-01-10,"quantile",0.55,176.610956246442
"5764",2020-12-12,"08","29  day ahead inc hosp",2021-01-10,"quantile",0.6,182.889552704866
"5765",2020-12-12,"08","29  day ahead inc hosp",2021-01-10,"quantile",0.65,189.378980463923
"5766",2020-12-12,"08","29  day ahead inc hosp",2021-01-10,"quantile",0.7,196.217859846989
"5767",2020-12-12,"08","29  day ahead inc hosp",2021-01-10,"quantile",0.75,203.598085977052
"5768",2020-12-12,"08","29  day ahead inc hosp",2021-01-10,"quantile",0.8,211.816317753146
"5769",2020-12-12,"08","29  day ahead inc hosp",2021-01-10,"quantile",0.85,221.395670594456
"5770",2020-12-12,"08","29  day ahead inc hosp",2021-01-10,"quantile",0.9,233.448683842576
"5771",2020-12-12,"08","29  day ahead inc hosp",2021-01-10,"quantile",0.95,251.313065137166
"5772",2020-12-12,"08","29  day ahead inc hosp",2021-01-10,"quantile",0.975,266.807751723964
"5773",2020-12-12,"08","29  day ahead inc hosp",2021-01-10,"quantile",0.99,284.823673452818
"5774",2020-12-12,"08","30  day ahead inc hosp",2021-01-11,"quantile",0.01,55.5091483543952
"5775",2020-12-12,"08","30  day ahead inc hosp",2021-01-11,"quantile",0.025,73.827688723621
"5776",2020-12-12,"08","30  day ahead inc hosp",2021-01-11,"quantile",0.05,89.5826440359647
"5777",2020-12-12,"08","30  day ahead inc hosp",2021-01-11,"quantile",0.1,107.747098502488
"5778",2020-12-12,"08","30  day ahead inc hosp",2021-01-11,"quantile",0.15,120.00256969511
"5779",2020-12-12,"08","30  day ahead inc hosp",2021-01-11,"quantile",0.2,129.742829692663
"5780",2020-12-12,"08","30  day ahead inc hosp",2021-01-11,"quantile",0.25,138.099105481369
"5781",2020-12-12,"08","30  day ahead inc hosp",2021-01-11,"quantile",0.3,145.603299401186
"5782",2020-12-12,"08","30  day ahead inc hosp",2021-01-11,"quantile",0.35,152.557053416354
"5783",2020-12-12,"08","30  day ahead inc hosp",2021-01-11,"quantile",0.4,159.155485967661
"5784",2020-12-12,"08","30  day ahead inc hosp",2021-01-11,"quantile",0.45,165.539545824088
"5785",2020-12-12,"08","30  day ahead inc hosp",2021-01-11,"quantile",0.5,171.822388823415
"5786",2020-12-12,"08","30  day ahead inc hosp",2021-01-11,"quantile",0.55,178.105231822741
"5787",2020-12-12,"08","30  day ahead inc hosp",2021-01-11,"quantile",0.6,184.489291679168
"5788",2020-12-12,"08","30  day ahead inc hosp",2021-01-11,"quantile",0.65,191.087724230475
"5789",2020-12-12,"08","30  day ahead inc hosp",2021-01-11,"quantile",0.7,198.041478245643
"5790",2020-12-12,"08","30  day ahead inc hosp",2021-01-11,"quantile",0.75,205.545672165461
"5791",2020-12-12,"08","30  day ahead inc hosp",2021-01-11,"quantile",0.8,213.901947954166
"5792",2020-12-12,"08","30  day ahead inc hosp",2021-01-11,"quantile",0.85,223.642207951719
"5793",2020-12-12,"08","30  day ahead inc hosp",2021-01-11,"quantile",0.9,235.897679144341
"5794",2020-12-12,"08","30  day ahead inc hosp",2021-01-11,"quantile",0.95,254.062133610864
"5795",2020-12-12,"08","30  day ahead inc hosp",2021-01-11,"quantile",0.975,269.817088923208
"5796",2020-12-12,"08","30  day ahead inc hosp",2021-01-11,"quantile",0.99,288.135629292434
"5797",2020-12-12,"08","31  day ahead inc hosp",2021-01-12,"quantile",0.01,55.0093916335421
"5798",2020-12-12,"08","31  day ahead inc hosp",2021-01-12,"quantile",0.025,73.6256320374944
"5799",2020-12-12,"08","31  day ahead inc hosp",2021-01-12,"quantile",0.05,89.6366258031791
"5800",2020-12-12,"08","31  day ahead inc hosp",2021-01-12,"quantile",0.1,108.096276208706
"5801",2020-12-12,"08","31  day ahead inc hosp",2021-01-12,"quantile",0.15,120.550914699928
"5802",2020-12-12,"08","31  day ahead inc hosp",2021-01-12,"quantile",0.2,130.449466552677
"5803",2020-12-12,"08","31  day ahead inc hosp",2021-01-12,"quantile",0.25,138.941542658566
"5804",2020-12-12,"08","31  day ahead inc hosp",2021-01-12,"quantile",0.3,146.5676894603
"5805",2020-12-12,"08","31  day ahead inc hosp",2021-01-12,"quantile",0.35,153.634450995176
"5806",2020-12-12,"08","31  day ahead inc hosp",2021-01-12,"quantile",0.4,160.340116631656
"5807",2020-12-12,"08","31  day ahead inc hosp",2021-01-12,"quantile",0.45,166.827925738986
"5808",2020-12-12,"08","31  day ahead inc hosp",2021-01-12,"quantile",0.5,173.21287308404
"5809",2020-12-12,"08","31  day ahead inc hosp",2021-01-12,"quantile",0.55,179.597820429094
"5810",2020-12-12,"08","31  day ahead inc hosp",2021-01-12,"quantile",0.6,186.085629536424
"5811",2020-12-12,"08","31  day ahead inc hosp",2021-01-12,"quantile",0.65,192.791295172905
"5812",2020-12-12,"08","31  day ahead inc hosp",2021-01-12,"quantile",0.7,199.858056707781
"5813",2020-12-12,"08","31  day ahead inc hosp",2021-01-12,"quantile",0.75,207.484203509514
"5814",2020-12-12,"08","31  day ahead inc hosp",2021-01-12,"quantile",0.8,215.976279615403
"5815",2020-12-12,"08","31  day ahead inc hosp",2021-01-12,"quantile",0.85,225.874831468152
"5816",2020-12-12,"08","31  day ahead inc hosp",2021-01-12,"quantile",0.9,238.329469959374
"5817",2020-12-12,"08","31  day ahead inc hosp",2021-01-12,"quantile",0.95,256.789120364901
"5818",2020-12-12,"08","31  day ahead inc hosp",2021-01-12,"quantile",0.975,272.800114130586
"5819",2020-12-12,"08","31  day ahead inc hosp",2021-01-12,"quantile",0.99,291.416354534538
"5820",2020-12-12,"08","32  day ahead inc hosp",2021-01-13,"quantile",0.01,54.5393904535433
"5821",2020-12-12,"08","32  day ahead inc hosp",2021-01-13,"quantile",0.025,73.4486445979176
"5822",2020-12-12,"08","32  day ahead inc hosp",2021-01-13,"quantile",0.05,89.7116463453085
"5823",2020-12-12,"08","32  day ahead inc hosp",2021-01-13,"quantile",0.1,108.461845814171
"5824",2020-12-12,"08","32  day ahead inc hosp",2021-01-13,"quantile",0.15,121.112516379042
"5825",2020-12-12,"08","32  day ahead inc hosp",2021-01-13,"quantile",0.2,131.166868309582
"5826",2020-12-12,"08","32  day ahead inc hosp",2021-01-13,"quantile",0.25,139.792607009515
"5827",2020-12-12,"08","32  day ahead inc hosp",2021-01-13,"quantile",0.3,147.538786951716
"5828",2020-12-12,"08","32  day ahead inc hosp",2021-01-13,"quantile",0.35,154.716777079749
"5829",2020-12-12,"08","32  day ahead inc hosp",2021-01-13,"quantile",0.4,161.527987774068
"5830",2020-12-12,"08","32  day ahead inc hosp",2021-01-13,"quantile",0.45,168.11791294632
"5831",2020-12-12,"08","32  day ahead inc hosp",2021-01-13,"quantile",0.5,174.603357344666
"5832",2020-12-12,"08","32  day ahead inc hosp",2021-01-13,"quantile",0.55,181.088801743011
"5833",2020-12-12,"08","32  day ahead inc hosp",2021-01-13,"quantile",0.6,187.678726915263
"5834",2020-12-12,"08","32  day ahead inc hosp",2021-01-13,"quantile",0.65,194.489937609582
"5835",2020-12-12,"08","32  day ahead inc hosp",2021-01-13,"quantile",0.7,201.667927737615
"5836",2020-12-12,"08","32  day ahead inc hosp",2021-01-13,"quantile",0.75,209.414107679816
"5837",2020-12-12,"08","32  day ahead inc hosp",2021-01-13,"quantile",0.8,218.039846379749
"5838",2020-12-12,"08","32  day ahead inc hosp",2021-01-13,"quantile",0.85,228.094198310289
"5839",2020-12-12,"08","32  day ahead inc hosp",2021-01-13,"quantile",0.9,240.74486887516
"5840",2020-12-12,"08","32  day ahead inc hosp",2021-01-13,"quantile",0.95,259.495068344023
"5841",2020-12-12,"08","32  day ahead inc hosp",2021-01-13,"quantile",0.975,275.758070091414
"5842",2020-12-12,"08","32  day ahead inc hosp",2021-01-13,"quantile",0.99,294.667324235788
"5843",2020-12-12,"08","33  day ahead inc hosp",2021-01-14,"quantile",0.01,54.0977823406586
"5844",2020-12-12,"08","33  day ahead inc hosp",2021-01-14,"quantile",0.025,73.2955785114519
"5845",2020-12-12,"08","33  day ahead inc hosp",2021-01-14,"quantile",0.05,89.8067423198115
"5846",2020-12-12,"08","33  day ahead inc hosp",2021-01-14,"quantile",0.1,108.843056751708
"5847",2020-12-12,"08","33  day ahead inc hosp",2021-01-14,"quantile",0.15,121.686767723803
"5848",2020-12-12,"08","33  day ahead inc hosp",2021-01-14,"quantile",0.2,131.894542050501
"5849",2020-12-12,"08","33  day ahead inc hosp",2021-01-14,"quantile",0.25,140.651903505347
"5850",2020-12-12,"08","33  day ahead inc hosp",2021-01-14,"quantile",0.3,148.516284749432
"5851",2020-12-12,"08","33  day ahead inc hosp",2021-01-14,"quantile",0.35,155.803805999177
"5852",2020-12-12,"08","33  day ahead inc hosp",2021-01-14,"quantile",0.4,162.718951016927
"5853",2020-12-12,"08","33  day ahead inc hosp",2021-01-14,"quantile",0.45,169.409433849922
"5854",2020-12-12,"08","33  day ahead inc hosp",2021-01-14,"quantile",0.5,175.993841605291
"5855",2020-12-12,"08","33  day ahead inc hosp",2021-01-14,"quantile",0.55,182.57824936066
"5856",2020-12-12,"08","33  day ahead inc hosp",2021-01-14,"quantile",0.6,189.268732193655
"5857",2020-12-12,"08","33  day ahead inc hosp",2021-01-14,"quantile",0.65,196.183877211405
"5858",2020-12-12,"08","33  day ahead inc hosp",2021-01-14,"quantile",0.7,203.47139846115
"5859",2020-12-12,"08","33  day ahead inc hosp",2021-01-14,"quantile",0.75,211.335779705235
"5860",2020-12-12,"08","33  day ahead inc hosp",2021-01-14,"quantile",0.8,220.093141160082
"5861",2020-12-12,"08","33  day ahead inc hosp",2021-01-14,"quantile",0.85,230.300915486779
"5862",2020-12-12,"08","33  day ahead inc hosp",2021-01-14,"quantile",0.9,243.144626458874
"5863",2020-12-12,"08","33  day ahead inc hosp",2021-01-14,"quantile",0.95,262.180940890771
"5864",2020-12-12,"08","33  day ahead inc hosp",2021-01-14,"quantile",0.975,278.69210469913
"5865",2020-12-12,"08","33  day ahead inc hosp",2021-01-14,"quantile",0.99,297.889900869923
"5866",2020-12-12,"08","34  day ahead inc hosp",2021-01-15,"quantile",0.01,53.6833057292132
"5867",2020-12-12,"08","34  day ahead inc hosp",2021-01-15,"quantile",0.025,73.1653709003936
"5868",2020-12-12,"08","34  day ahead inc hosp",2021-01-15,"quantile",0.05,89.9210217316005
"5869",2020-12-12,"08","34  day ahead inc hosp",2021-01-15,"quantile",0.1,109.23921404294
"5870",2020-12-12,"08","34  day ahead inc hosp",2021-01-15,"quantile",0.15,122.273106682077
"5871",2020-12-12,"08","34  day ahead inc hosp",2021-01-15,"quantile",0.2,132.632031368859
"5872",2020-12-12,"08","34  day ahead inc hosp",2021-01-15,"quantile",0.25,141.519066373973
"5873",2020-12-12,"08","34  day ahead inc hosp",2021-01-15,"quantile",0.3,149.49989847393
"5874",2020-12-12,"08","34  day ahead inc hosp",2021-01-15,"quantile",0.35,156.895328796285
"5875",2020-12-12,"08","34  day ahead inc hosp",2021-01-15,"quantile",0.4,163.912868971492
"5876",2020-12-12,"08","34  day ahead inc hosp",2021-01-15,"quantile",0.45,170.702420304336
"5877",2020-12-12,"08","34  day ahead inc hosp",2021-01-15,"quantile",0.5,177.384325865916
"5878",2020-12-12,"08","34  day ahead inc hosp",2021-01-15,"quantile",0.55,184.066231427497
"5879",2020-12-12,"08","34  day ahead inc hosp",2021-01-15,"quantile",0.6,190.855782760341
"5880",2020-12-12,"08","34  day ahead inc hosp",2021-01-15,"quantile",0.65,197.873322935548
"5881",2020-12-12,"08","34  day ahead inc hosp",2021-01-15,"quantile",0.7,205.268753257903
"5882",2020-12-12,"08","34  day ahead inc hosp",2021-01-15,"quantile",0.75,213.24958535786
"5883",2020-12-12,"08","34  day ahead inc hosp",2021-01-15,"quantile",0.8,222.136620362974
"5884",2020-12-12,"08","34  day ahead inc hosp",2021-01-15,"quantile",0.85,232.495545049756
"5885",2020-12-12,"08","34  day ahead inc hosp",2021-01-15,"quantile",0.9,245.529437688893
"5886",2020-12-12,"08","34  day ahead inc hosp",2021-01-15,"quantile",0.95,264.847630000232
"5887",2020-12-12,"08","34  day ahead inc hosp",2021-01-15,"quantile",0.975,281.603280831439
"5888",2020-12-12,"08","34  day ahead inc hosp",2021-01-15,"quantile",0.99,301.08534600262
"5889",2020-12-12,"08","35  day ahead inc hosp",2021-01-16,"quantile",0.01,53.2947897987012
"5890",2020-12-12,"08","35  day ahead inc hosp",2021-01-16,"quantile",0.025,73.0570353404636
"5891",2020-12-12,"08","35  day ahead inc hosp",2021-01-16,"quantile",0.05,90.0536567473247
"5892",2020-12-12,"08","35  day ahead inc hosp",2021-01-16,"quantile",0.1,109.649672699701
"5893",2020-12-12,"08","35  day ahead inc hosp",2021-01-16,"quantile",0.15,122.871011630475
"5894",2020-12-12,"08","35  day ahead inc hosp",2021-01-16,"quantile",0.2,133.37891268768
"5895",2020-12-12,"08","35  day ahead inc hosp",2021-01-16,"quantile",0.25,142.393756153511
"5896",2020-12-12,"08","35  day ahead inc hosp",2021-01-16,"quantile",0.3,150.489364201278
"5897",2020-12-12,"08","35  day ahead inc hosp",2021-01-16,"quantile",0.35,157.991151544315
"5898",2020-12-12,"08","35  day ahead inc hosp",2021-01-16,"quantile",0.4,165.109614131473
"5899",2020-12-12,"08","35  day ahead inc hosp",2021-01-16,"quantile",0.45,171.996809065845
"5900",2020-12-12,"08","35  day ahead inc hosp",2021-01-16,"quantile",0.5,178.774810126542
"5901",2020-12-12,"08","35  day ahead inc hosp",2021-01-16,"quantile",0.55,185.552811187239
"5902",2020-12-12,"08","35  day ahead inc hosp",2021-01-16,"quantile",0.6,192.440006121611
"5903",2020-12-12,"08","35  day ahead inc hosp",2021-01-16,"quantile",0.65,199.558468708769
"5904",2020-12-12,"08","35  day ahead inc hosp",2021-01-16,"quantile",0.7,207.060256051806
"5905",2020-12-12,"08","35  day ahead inc hosp",2021-01-16,"quantile",0.75,215.155864099573
"5906",2020-12-12,"08","35  day ahead inc hosp",2021-01-16,"quantile",0.8,224.170707565404
"5907",2020-12-12,"08","35  day ahead inc hosp",2021-01-16,"quantile",0.85,234.678608622609
"5908",2020-12-12,"08","35  day ahead inc hosp",2021-01-16,"quantile",0.9,247.899947553383
"5909",2020-12-12,"08","35  day ahead inc hosp",2021-01-16,"quantile",0.95,267.495963505759
"5910",2020-12-12,"08","35  day ahead inc hosp",2021-01-16,"quantile",0.975,284.49258491262
"5911",2020-12-12,"08","35  day ahead inc hosp",2021-01-16,"quantile",0.99,304.254830454383
"5912",2020-12-12,"08","36  day ahead inc hosp",2021-01-17,"quantile",0.01,39.5644506780078
"5913",2020-12-12,"08","36  day ahead inc hosp",2021-01-17,"quantile",0.025,59.6029594641351
"5914",2020-12-12,"08","36  day ahead inc hosp",2021-01-17,"quantile",0.05,76.8371825020041
"5915",2020-12-12,"08","36  day ahead inc hosp",2021-01-17,"quantile",0.1,96.7071379179998
"5916",2020-12-12,"08","36  day ahead inc hosp",2021-01-17,"quantile",0.15,110.113302504347
"5917",2020-12-12,"08","36  day ahead inc hosp",2021-01-17,"quantile",0.2,120.76809713351
"5918",2020-12-12,"08","36  day ahead inc hosp",2021-01-17,"quantile",0.25,129.908962204429
"5919",2020-12-12,"08","36  day ahead inc hosp",2021-01-17,"quantile",0.3,138.117741548426
"5920",2020-12-12,"08","36  day ahead inc hosp",2021-01-17,"quantile",0.35,145.724398963315
"5921",2020-12-12,"08","36  day ahead inc hosp",2021-01-17,"quantile",0.4,152.942372993394
"5922",2020-12-12,"08","36  day ahead inc hosp",2021-01-17,"quantile",0.45,159.925846400429
"5923",2020-12-12,"08","36  day ahead inc hosp",2021-01-17,"quantile",0.5,166.798599474978
"5924",2020-12-12,"08","36  day ahead inc hosp",2021-01-17,"quantile",0.55,173.671352549528
"5925",2020-12-12,"08","36  day ahead inc hosp",2021-01-17,"quantile",0.6,180.654825956562
"5926",2020-12-12,"08","36  day ahead inc hosp",2021-01-17,"quantile",0.65,187.872799986642
"5927",2020-12-12,"08","36  day ahead inc hosp",2021-01-17,"quantile",0.7,195.479457401531
"5928",2020-12-12,"08","36  day ahead inc hosp",2021-01-17,"quantile",0.75,203.688236745527
"5929",2020-12-12,"08","36  day ahead inc hosp",2021-01-17,"quantile",0.8,212.829101816446
"5930",2020-12-12,"08","36  day ahead inc hosp",2021-01-17,"quantile",0.85,223.483896445609
"5931",2020-12-12,"08","36  day ahead inc hosp",2021-01-17,"quantile",0.9,236.890061031957
"5932",2020-12-12,"08","36  day ahead inc hosp",2021-01-17,"quantile",0.95,256.760016447952
"5933",2020-12-12,"08","36  day ahead inc hosp",2021-01-17,"quantile",0.975,273.994239485821
"5934",2020-12-12,"08","36  day ahead inc hosp",2021-01-17,"quantile",0.99,294.032748271949
"5935",2020-12-12,"08","37  day ahead inc hosp",2021-01-18,"quantile",0.01,39.2246632983998
"5936",2020-12-12,"08","37  day ahead inc hosp",2021-01-18,"quantile",0.025,59.535678041403
"5937",2020-12-12,"08","37  day ahead inc hosp",2021-01-18,"quantile",0.05,77.0042712357578
"5938",2020-12-12,"08","37  day ahead inc hosp",2021-01-18,"quantile",0.1,97.1444404322053
"5939",2020-12-12,"08","37  day ahead inc hosp",2021-01-18,"quantile",0.15,110.732916973381
"5940",2020-12-12,"08","37  day ahead inc hosp",2021-01-18,"quantile",0.2,121.532607364835
"5941",2020-12-12,"08","37  day ahead inc hosp",2021-01-18,"quantile",0.25,130.797780098036
"5942",2020-12-12,"08","37  day ahead inc hosp",2021-01-18,"quantile",0.3,139.118191564652
"5943",2020-12-12,"08","37  day ahead inc hosp",2021-01-18,"quantile",0.35,146.828292777659
"5944",2020-12-12,"08","37  day ahead inc hosp",2021-01-18,"quantile",0.4,154.144424856362
"5945",2020-12-12,"08","37  day ahead inc hosp",2021-01-18,"quantile",0.45,161.222867311414
"5946",2020-12-12,"08","37  day ahead inc hosp",2021-01-18,"quantile",0.5,168.189083735604
"5947",2020-12-12,"08","37  day ahead inc hosp",2021-01-18,"quantile",0.55,175.155300159794
"5948",2020-12-12,"08","37  day ahead inc hosp",2021-01-18,"quantile",0.6,182.233742614846
"5949",2020-12-12,"08","37  day ahead inc hosp",2021-01-18,"quantile",0.65,189.549874693548
"5950",2020-12-12,"08","37  day ahead inc hosp",2021-01-18,"quantile",0.7,197.259975906556
"5951",2020-12-12,"08","37  day ahead inc hosp",2021-01-18,"quantile",0.75,205.580387373172
"5952",2020-12-12,"08","37  day ahead inc hosp",2021-01-18,"quantile",0.8,214.845560106373
"5953",2020-12-12,"08","37  day ahead inc hosp",2021-01-18,"quantile",0.85,225.645250497827
"5954",2020-12-12,"08","37  day ahead inc hosp",2021-01-18,"quantile",0.9,239.233727039002
"5955",2020-12-12,"08","37  day ahead inc hosp",2021-01-18,"quantile",0.95,259.37389623545
"5956",2020-12-12,"08","37  day ahead inc hosp",2021-01-18,"quantile",0.975,276.842489429805
"5957",2020-12-12,"08","37  day ahead inc hosp",2021-01-18,"quantile",0.99,297.153504172808
"5958",2020-12-12,"09","1  day ahead inc hosp",2020-12-13,"quantile",0.01,68.2052068380897
"5959",2020-12-12,"09","1  day ahead inc hosp",2020-12-13,"quantile",0.025,72.5135403728846
"5960",2020-12-12,"09","1  day ahead inc hosp",2020-12-13,"quantile",0.05,76.2189448943822
"5961",2020-12-12,"09","1  day ahead inc hosp",2020-12-13,"quantile",0.1,80.4910389991531
"5962",2020-12-12,"09","1  day ahead inc hosp",2020-12-13,"quantile",0.15,83.3734006098297
"5963",2020-12-12,"09","1  day ahead inc hosp",2020-12-13,"quantile",0.2,85.664210245273
"5964",2020-12-12,"09","1  day ahead inc hosp",2020-12-13,"quantile",0.25,87.6295209349257
"5965",2020-12-12,"09","1  day ahead inc hosp",2020-12-13,"quantile",0.3,89.3944306747142
"5966",2020-12-12,"09","1  day ahead inc hosp",2020-12-13,"quantile",0.35,91.0298825727591
"5967",2020-12-12,"09","1  day ahead inc hosp",2020-12-13,"quantile",0.4,92.581766492814
"5968",2020-12-12,"09","1  day ahead inc hosp",2020-12-13,"quantile",0.45,94.0832321452734
"5969",2020-12-12,"09","1  day ahead inc hosp",2020-12-13,"quantile",0.5,95.5608926270726
"5970",2020-12-12,"09","1  day ahead inc hosp",2020-12-13,"quantile",0.55,97.0385531088718
"5971",2020-12-12,"09","1  day ahead inc hosp",2020-12-13,"quantile",0.6,98.5400187613312
"5972",2020-12-12,"09","1  day ahead inc hosp",2020-12-13,"quantile",0.65,100.091902681386
"5973",2020-12-12,"09","1  day ahead inc hosp",2020-12-13,"quantile",0.7,101.727354579431
"5974",2020-12-12,"09","1  day ahead inc hosp",2020-12-13,"quantile",0.75,103.492264319219
"5975",2020-12-12,"09","1  day ahead inc hosp",2020-12-13,"quantile",0.8,105.457575008872
"5976",2020-12-12,"09","1  day ahead inc hosp",2020-12-13,"quantile",0.85,107.748384644315
"5977",2020-12-12,"09","1  day ahead inc hosp",2020-12-13,"quantile",0.9,110.630746254992
"5978",2020-12-12,"09","1  day ahead inc hosp",2020-12-13,"quantile",0.95,114.902840359763
"5979",2020-12-12,"09","1  day ahead inc hosp",2020-12-13,"quantile",0.975,118.608244881261
"5980",2020-12-12,"09","1  day ahead inc hosp",2020-12-13,"quantile",0.99,122.916578416056
"5981",2020-12-12,"09","2  day ahead inc hosp",2020-12-14,"quantile",0.01,65.3589986342135
"5982",2020-12-12,"09","2  day ahead inc hosp",2020-12-14,"quantile",0.025,70.2067653934356
"5983",2020-12-12,"09","2  day ahead inc hosp",2020-12-14,"quantile",0.05,74.3761122473213
"5984",2020-12-12,"09","2  day ahead inc hosp",2020-12-14,"quantile",0.1,79.1831021486644
"5985",2020-12-12,"09","2  day ahead inc hosp",2020-12-14,"quantile",0.15,82.4263554138649
"5986",2020-12-12,"09","2  day ahead inc hosp",2020-12-14,"quantile",0.2,85.0039902958254
"5987",2020-12-12,"09","2  day ahead inc hosp",2020-12-14,"quantile",0.25,87.2153715075857
"5988",2020-12-12,"09","2  day ahead inc hosp",2020-12-14,"quantile",0.3,89.201260181356
"5989",2020-12-12,"09","2  day ahead inc hosp",2020-12-14,"quantile",0.35,91.0414819941796
"5990",2020-12-12,"09","2  day ahead inc hosp",2020-12-14,"quantile",0.4,92.7876725388658
"5991",2020-12-12,"09","2  day ahead inc hosp",2020-12-14,"quantile",0.45,94.4771320993482
"5992",2020-12-12,"09","2  day ahead inc hosp",2020-12-14,"quantile",0.5,96.1398059167836
"5993",2020-12-12,"09","2  day ahead inc hosp",2020-12-14,"quantile",0.55,97.802479734219
"5994",2020-12-12,"09","2  day ahead inc hosp",2020-12-14,"quantile",0.6,99.4919392947014
"5995",2020-12-12,"09","2  day ahead inc hosp",2020-12-14,"quantile",0.65,101.238129839388
"5996",2020-12-12,"09","2  day ahead inc hosp",2020-12-14,"quantile",0.7,103.078351652211
"5997",2020-12-12,"09","2  day ahead inc hosp",2020-12-14,"quantile",0.75,105.064240325981
"5998",2020-12-12,"09","2  day ahead inc hosp",2020-12-14,"quantile",0.8,107.275621537742
"5999",2020-12-12,"09","2  day ahead inc hosp",2020-12-14,"quantile",0.85,109.853256419702
"6000",2020-12-12,"09","2  day ahead inc hosp",2020-12-14,"quantile",0.9,113.096509684903
"6001",2020-12-12,"09","2  day ahead inc hosp",2020-12-14,"quantile",0.95,117.903499586246
"6002",2020-12-12,"09","2  day ahead inc hosp",2020-12-14,"quantile",0.975,122.072846440132
"6003",2020-12-12,"09","2  day ahead inc hosp",2020-12-14,"quantile",0.99,126.920613199354
"6004",2020-12-12,"09","3  day ahead inc hosp",2020-12-15,"quantile",0.01,64.8008900376105
"6005",2020-12-12,"09","3  day ahead inc hosp",2020-12-15,"quantile",0.025,69.9172897163145
"6006",2020-12-12,"09","3  day ahead inc hosp",2020-12-15,"quantile",0.05,74.3176757008599
"6007",2020-12-12,"09","3  day ahead inc hosp",2020-12-15,"quantile",0.1,79.3910389232093
"6008",2020-12-12,"09","3  day ahead inc hosp",2020-12-15,"quantile",0.15,82.8140130034825
"6009",2020-12-12,"09","3  day ahead inc hosp",2020-12-15,"quantile",0.2,85.5344842919971
"6010",2020-12-12,"09","3  day ahead inc hosp",2020-12-15,"quantile",0.25,87.8684064221859
"6011",2020-12-12,"09","3  day ahead inc hosp",2020-12-15,"quantile",0.3,89.9643406279913
"6012",2020-12-12,"09","3  day ahead inc hosp",2020-12-15,"quantile",0.35,91.9065360263082
"6013",2020-12-12,"09","3  day ahead inc hosp",2020-12-15,"quantile",0.4,93.7494895316089
"6014",2020-12-12,"09","3  day ahead inc hosp",2020-12-15,"quantile",0.45,95.5325683763144
"6015",2020-12-12,"09","3  day ahead inc hosp",2020-12-15,"quantile",0.5,97.2873771795913
"6016",2020-12-12,"09","3  day ahead inc hosp",2020-12-15,"quantile",0.55,99.0421859828682
"6017",2020-12-12,"09","3  day ahead inc hosp",2020-12-15,"quantile",0.6,100.825264827574
"6018",2020-12-12,"09","3  day ahead inc hosp",2020-12-15,"quantile",0.65,102.668218332874
"6019",2020-12-12,"09","3  day ahead inc hosp",2020-12-15,"quantile",0.7,104.610413731191
"6020",2020-12-12,"09","3  day ahead inc hosp",2020-12-15,"quantile",0.75,106.706347936997
"6021",2020-12-12,"09","3  day ahead inc hosp",2020-12-15,"quantile",0.8,109.040270067186
"6022",2020-12-12,"09","3  day ahead inc hosp",2020-12-15,"quantile",0.85,111.7607413557
"6023",2020-12-12,"09","3  day ahead inc hosp",2020-12-15,"quantile",0.9,115.183715435973
"6024",2020-12-12,"09","3  day ahead inc hosp",2020-12-15,"quantile",0.95,120.257078658323
"6025",2020-12-12,"09","3  day ahead inc hosp",2020-12-15,"quantile",0.975,124.657464642868
"6026",2020-12-12,"09","3  day ahead inc hosp",2020-12-15,"quantile",0.99,129.773864321572
"6027",2020-12-12,"09","4  day ahead inc hosp",2020-12-16,"quantile",0.01,64.327975596873
"6028",2020-12-12,"09","4  day ahead inc hosp",2020-12-16,"quantile",0.025,69.6995906978148
"6029",2020-12-12,"09","4  day ahead inc hosp",2020-12-16,"quantile",0.05,74.3194760251753
"6030",2020-12-12,"09","4  day ahead inc hosp",2020-12-16,"quantile",0.1,79.645907932199
"6031",2020-12-12,"09","4  day ahead inc hosp",2020-12-16,"quantile",0.15,83.2396262525757
"6032",2020-12-12,"09","4  day ahead inc hosp",2020-12-16,"quantile",0.2,86.0957996504219
"6033",2020-12-12,"09","4  day ahead inc hosp",2020-12-16,"quantile",0.25,88.5461421072724
"6034",2020-12-12,"09","4  day ahead inc hosp",2020-12-16,"quantile",0.3,90.7466253645415
"6035",2020-12-12,"09","4  day ahead inc hosp",2020-12-16,"quantile",0.35,92.7857010399628
"6036",2020-12-12,"09","4  day ahead inc hosp",2020-12-16,"quantile",0.4,94.7205844542925
"6037",2020-12-12,"09","4  day ahead inc hosp",2020-12-16,"quantile",0.45,96.5926065498799
"6038",2020-12-12,"09","4  day ahead inc hosp",2020-12-16,"quantile",0.5,98.434948442399
"6039",2020-12-12,"09","4  day ahead inc hosp",2020-12-16,"quantile",0.55,100.277290334918
"6040",2020-12-12,"09","4  day ahead inc hosp",2020-12-16,"quantile",0.6,102.149312430506
"6041",2020-12-12,"09","4  day ahead inc hosp",2020-12-16,"quantile",0.65,104.084195844835
"6042",2020-12-12,"09","4  day ahead inc hosp",2020-12-16,"quantile",0.7,106.123271520257
"6043",2020-12-12,"09","4  day ahead inc hosp",2020-12-16,"quantile",0.75,108.323754777526
"6044",2020-12-12,"09","4  day ahead inc hosp",2020-12-16,"quantile",0.8,110.774097234376
"6045",2020-12-12,"09","4  day ahead inc hosp",2020-12-16,"quantile",0.85,113.630270632222
"6046",2020-12-12,"09","4  day ahead inc hosp",2020-12-16,"quantile",0.9,117.223988952599
"6047",2020-12-12,"09","4  day ahead inc hosp",2020-12-16,"quantile",0.95,122.550420859623
"6048",2020-12-12,"09","4  day ahead inc hosp",2020-12-16,"quantile",0.975,127.170306186983
"6049",2020-12-12,"09","4  day ahead inc hosp",2020-12-16,"quantile",0.99,132.541921287925
"6050",2020-12-12,"09","5  day ahead inc hosp",2020-12-17,"quantile",0.01,63.9286370758939
"6051",2020-12-12,"09","5  day ahead inc hosp",2020-12-17,"quantile",0.025,69.5438798946052
"6052",2020-12-12,"09","5  day ahead inc hosp",2020-12-17,"quantile",0.05,74.3732984996693
"6053",2020-12-12,"09","5  day ahead inc hosp",2020-12-17,"quantile",0.1,79.9413088565591
"6054",2020-12-12,"09","5  day ahead inc hosp",2020-12-17,"quantile",0.15,83.6980190101642
"6055",2020-12-12,"09","5  day ahead inc hosp",2020-12-17,"quantile",0.2,86.6837331501142
"6056",2020-12-12,"09","5  day ahead inc hosp",2020-12-17,"quantile",0.25,89.2452100291632
"6057",2020-12-12,"09","5  day ahead inc hosp",2020-12-17,"quantile",0.3,91.5454954323203
"6058",2020-12-12,"09","5  day ahead inc hosp",2020-12-17,"quantile",0.35,93.6770526693999
"6059",2020-12-12,"09","5  day ahead inc hosp",2020-12-17,"quantile",0.4,95.6996920419517
"6060",2020-12-12,"09","5  day ahead inc hosp",2020-12-17,"quantile",0.45,97.6566190427104
"6061",2020-12-12,"09","5  day ahead inc hosp",2020-12-17,"quantile",0.5,99.5825197052067
"6062",2020-12-12,"09","5  day ahead inc hosp",2020-12-17,"quantile",0.55,101.508420367703
"6063",2020-12-12,"09","5  day ahead inc hosp",2020-12-17,"quantile",0.6,103.465347368462
"6064",2020-12-12,"09","5  day ahead inc hosp",2020-12-17,"quantile",0.65,105.487986741014
"6065",2020-12-12,"09","5  day ahead inc hosp",2020-12-17,"quantile",0.7,107.619543978093
"6066",2020-12-12,"09","5  day ahead inc hosp",2020-12-17,"quantile",0.75,109.91982938125
"6067",2020-12-12,"09","5  day ahead inc hosp",2020-12-17,"quantile",0.8,112.481306260299
"6068",2020-12-12,"09","5  day ahead inc hosp",2020-12-17,"quantile",0.85,115.467020400249
"6069",2020-12-12,"09","5  day ahead inc hosp",2020-12-17,"quantile",0.9,119.223730553854
"6070",2020-12-12,"09","5  day ahead inc hosp",2020-12-17,"quantile",0.95,124.791740910744
"6071",2020-12-12,"09","5  day ahead inc hosp",2020-12-17,"quantile",0.975,129.621159515808
"6072",2020-12-12,"09","5  day ahead inc hosp",2020-12-17,"quantile",0.99,135.23640233452
"6073",2020-12-12,"09","6  day ahead inc hosp",2020-12-18,"quantile",0.01,63.5936789657197
"6074",2020-12-12,"09","6  day ahead inc hosp",2020-12-18,"quantile",0.025,69.442410027541
"6075",2020-12-12,"09","6  day ahead inc hosp",2020-12-18,"quantile",0.05,74.4726414027281
"6076",2020-12-12,"09","6  day ahead inc hosp",2020-12-18,"quantile",0.1,80.2721760227389
"6077",2020-12-12,"09","6  day ahead inc hosp",2020-12-18,"quantile",0.15,84.1850944975079
"6078",2020-12-12,"09","6  day ahead inc hosp",2020-12-18,"quantile",0.2,87.2949580592144
"6079",2020-12-12,"09","6  day ahead inc hosp",2020-12-18,"quantile",0.25,89.9629440876563
"6080",2020-12-12,"09","6  day ahead inc hosp",2020-12-18,"quantile",0.3,92.3588779987719
"6081",2020-12-12,"09","6  day ahead inc hosp",2020-12-18,"quantile",0.35,94.5790678329523
"6082",2020-12-12,"09","6  day ahead inc hosp",2020-12-18,"quantile",0.4,96.6858108727522
"6083",2020-12-12,"09","6  day ahead inc hosp",2020-12-18,"quantile",0.45,98.7241091448972
"6084",2020-12-12,"09","6  day ahead inc hosp",2020-12-18,"quantile",0.5,100.730090968014
"6085",2020-12-12,"09","6  day ahead inc hosp",2020-12-18,"quantile",0.55,102.736072791132
"6086",2020-12-12,"09","6  day ahead inc hosp",2020-12-18,"quantile",0.6,104.774371063277
"6087",2020-12-12,"09","6  day ahead inc hosp",2020-12-18,"quantile",0.65,106.881114103077
"6088",2020-12-12,"09","6  day ahead inc hosp",2020-12-18,"quantile",0.7,109.101303937257
"6089",2020-12-12,"09","6  day ahead inc hosp",2020-12-18,"quantile",0.75,111.497237848373
"6090",2020-12-12,"09","6  day ahead inc hosp",2020-12-18,"quantile",0.8,114.165223876815
"6091",2020-12-12,"09","6  day ahead inc hosp",2020-12-18,"quantile",0.85,117.275087438521
"6092",2020-12-12,"09","6  day ahead inc hosp",2020-12-18,"quantile",0.9,121.18800591329
"6093",2020-12-12,"09","6  day ahead inc hosp",2020-12-18,"quantile",0.95,126.987540533301
"6094",2020-12-12,"09","6  day ahead inc hosp",2020-12-18,"quantile",0.975,132.017771908488
"6095",2020-12-12,"09","6  day ahead inc hosp",2020-12-18,"quantile",0.99,137.866502970309
"6096",2020-12-12,"09","7  day ahead inc hosp",2020-12-19,"quantile",0.01,63.3156751676074
"6097",2020-12-12,"09","7  day ahead inc hosp",2020-12-19,"quantile",0.025,69.3889245576733
"6098",2020-12-12,"09","7  day ahead inc hosp",2020-12-19,"quantile",0.05,74.6122540813482
"6099",2020-12-12,"09","7  day ahead inc hosp",2020-12-19,"quantile",0.1,80.6344184998091
"6100",2020-12-12,"09","7  day ahead inc hosp",2020-12-19,"quantile",0.15,84.697544242655
"6101",2020-12-12,"09","7  day ahead inc hosp",2020-12-19,"quantile",0.2,87.9267877793617
"6102",2020-12-12,"09","7  day ahead inc hosp",2020-12-19,"quantile",0.25,90.6971911965594
"6103",2020-12-12,"09","7  day ahead inc hosp",2020-12-19,"quantile",0.3,93.1850990881201
"6104",2020-12-12,"09","7  day ahead inc hosp",2020-12-19,"quantile",0.35,95.490516522046
"6105",2020-12-12,"09","7  day ahead inc hosp",2020-12-19,"quantile",0.4,97.6781322195792
"6106",2020-12-12,"09","7  day ahead inc hosp",2020-12-19,"quantile",0.45,99.7946757240129
"6107",2020-12-12,"09","7  day ahead inc hosp",2020-12-19,"quantile",0.5,101.877662230822
"6108",2020-12-12,"09","7  day ahead inc hosp",2020-12-19,"quantile",0.55,103.960648737631
"6109",2020-12-12,"09","7  day ahead inc hosp",2020-12-19,"quantile",0.6,106.077192242065
"6110",2020-12-12,"09","7  day ahead inc hosp",2020-12-19,"quantile",0.65,108.264807939598
"6111",2020-12-12,"09","7  day ahead inc hosp",2020-12-19,"quantile",0.7,110.570225373524
"6112",2020-12-12,"09","7  day ahead inc hosp",2020-12-19,"quantile",0.75,113.058133265085
"6113",2020-12-12,"09","7  day ahead inc hosp",2020-12-19,"quantile",0.8,115.828536682283
"6114",2020-12-12,"09","7  day ahead inc hosp",2020-12-19,"quantile",0.85,119.057780218989
"6115",2020-12-12,"09","7  day ahead inc hosp",2020-12-19,"quantile",0.9,123.120905961835
"6116",2020-12-12,"09","7  day ahead inc hosp",2020-12-19,"quantile",0.95,129.143070380296
"6117",2020-12-12,"09","7  day ahead inc hosp",2020-12-19,"quantile",0.975,134.366399903971
"6118",2020-12-12,"09","7  day ahead inc hosp",2020-12-19,"quantile",0.99,140.439649294037
"6119",2020-12-12,"09","8  day ahead inc hosp",2020-12-20,"quantile",0.01,69.8955204896049
"6120",2020-12-12,"09","8  day ahead inc hosp",2020-12-20,"quantile",0.025,76.1852789328489
"6121",2020-12-12,"09","8  day ahead inc hosp",2020-12-20,"quantile",0.05,81.5948181865997
"6122",2020-12-12,"09","8  day ahead inc hosp",2020-12-20,"quantile",0.1,87.831670498243
"6123",2020-12-12,"09","8  day ahead inc hosp",2020-12-20,"quantile",0.15,92.0396451433859
"6124",2020-12-12,"09","8  day ahead inc hosp",2020-12-20,"quantile",0.2,95.3840099958346
"6125",2020-12-12,"09","8  day ahead inc hosp",2020-12-20,"quantile",0.25,98.2531772513427
"6126",2020-12-12,"09","8  day ahead inc hosp",2020-12-20,"quantile",0.3,100.829778122131
"6127",2020-12-12,"09","8  day ahead inc hosp",2020-12-20,"quantile",0.35,103.217382819207
"6128",2020-12-12,"09","8  day ahead inc hosp",2020-12-20,"quantile",0.4,105.48298619236
"6129",2020-12-12,"09","8  day ahead inc hosp",2020-12-20,"quantile",0.45,107.6749836755
"6130",2020-12-12,"09","8  day ahead inc hosp",2020-12-20,"quantile",0.5,109.83222786669
"6131",2020-12-12,"09","8  day ahead inc hosp",2020-12-20,"quantile",0.55,111.98947205788
"6132",2020-12-12,"09","8  day ahead inc hosp",2020-12-20,"quantile",0.6,114.181469541019
"6133",2020-12-12,"09","8  day ahead inc hosp",2020-12-20,"quantile",0.65,116.447072914172
"6134",2020-12-12,"09","8  day ahead inc hosp",2020-12-20,"quantile",0.7,118.834677611249
"6135",2020-12-12,"09","8  day ahead inc hosp",2020-12-20,"quantile",0.75,121.411278482037
"6136",2020-12-12,"09","8  day ahead inc hosp",2020-12-20,"quantile",0.8,124.280445737545
"6137",2020-12-12,"09","8  day ahead inc hosp",2020-12-20,"quantile",0.85,127.624810589994
"6138",2020-12-12,"09","8  day ahead inc hosp",2020-12-20,"quantile",0.9,131.832785235137
"6139",2020-12-12,"09","8  day ahead inc hosp",2020-12-20,"quantile",0.95,138.06963754678
"6140",2020-12-12,"09","8  day ahead inc hosp",2020-12-20,"quantile",0.975,143.479176800531
"6141",2020-12-12,"09","8  day ahead inc hosp",2020-12-20,"quantile",0.99,149.768935243775
"6142",2020-12-12,"09","9  day ahead inc hosp",2020-12-21,"quantile",0.01,69.7141433612649
"6143",2020-12-12,"09","9  day ahead inc hosp",2020-12-21,"quantile",0.025,76.2132020927107
"6144",2020-12-12,"09","9  day ahead inc hosp",2020-12-21,"quantile",0.05,81.8027511409658
"6145",2020-12-12,"09","9  day ahead inc hosp",2020-12-21,"quantile",0.1,88.247143217145
"6146",2020-12-12,"09","9  day ahead inc hosp",2020-12-21,"quantile",0.15,92.5951439561232
"6147",2020-12-12,"09","9  day ahead inc hosp",2020-12-21,"quantile",0.2,96.0507971090346
"6148",2020-12-12,"09","9  day ahead inc hosp",2020-12-21,"quantile",0.25,99.0154398170415
"6149",2020-12-12,"09","9  day ahead inc hosp",2020-12-21,"quantile",0.3,101.677780594966
"6150",2020-12-12,"09","9  day ahead inc hosp",2020-12-21,"quantile",0.35,104.144836093806
"6151",2020-12-12,"09","9  day ahead inc hosp",2020-12-21,"quantile",0.4,106.485830508321
"6152",2020-12-12,"09","9  day ahead inc hosp",2020-12-21,"quantile",0.45,108.750769696472
"6153",2020-12-12,"09","9  day ahead inc hosp",2020-12-21,"quantile",0.5,110.979799129497
"6154",2020-12-12,"09","9  day ahead inc hosp",2020-12-21,"quantile",0.55,113.208828562523
"6155",2020-12-12,"09","9  day ahead inc hosp",2020-12-21,"quantile",0.6,115.473767750674
"6156",2020-12-12,"09","9  day ahead inc hosp",2020-12-21,"quantile",0.65,117.814762165189
"6157",2020-12-12,"09","9  day ahead inc hosp",2020-12-21,"quantile",0.7,120.281817664028
"6158",2020-12-12,"09","9  day ahead inc hosp",2020-12-21,"quantile",0.75,122.944158441953
"6159",2020-12-12,"09","9  day ahead inc hosp",2020-12-21,"quantile",0.8,125.90880114996
"6160",2020-12-12,"09","9  day ahead inc hosp",2020-12-21,"quantile",0.85,129.364454302872
"6161",2020-12-12,"09","9  day ahead inc hosp",2020-12-21,"quantile",0.9,133.71245504185
"6162",2020-12-12,"09","9  day ahead inc hosp",2020-12-21,"quantile",0.95,140.156847118029
"6163",2020-12-12,"09","9  day ahead inc hosp",2020-12-21,"quantile",0.975,145.746396166284
"6164",2020-12-12,"09","9  day ahead inc hosp",2020-12-21,"quantile",0.99,152.24545489773
"6165",2020-12-12,"09","10  day ahead inc hosp",2020-12-22,"quantile",0.01,69.5742495215437
"6166",2020-12-12,"09","10  day ahead inc hosp",2020-12-22,"quantile",0.025,76.2760752067736
"6167",2020-12-12,"09","10  day ahead inc hosp",2020-12-22,"quantile",0.05,82.0400150215033
"6168",2020-12-12,"09","10  day ahead inc hosp",2020-12-22,"quantile",0.1,88.6854684827649
"6169",2020-12-12,"09","10  day ahead inc hosp",2020-12-22,"quantile",0.15,93.1691243837171
"6170",2020-12-12,"09","10  day ahead inc hosp",2020-12-22,"quantile",0.2,96.7325919590093
"6171",2020-12-12,"09","10  day ahead inc hosp",2020-12-22,"quantile",0.25,99.7897298414407
"6172",2020-12-12,"09","10  day ahead inc hosp",2020-12-22,"quantile",0.3,102.535134144683
"6173",2020-12-12,"09","10  day ahead inc hosp",2020-12-22,"quantile",0.35,105.079160378667
"6174",2020-12-12,"09","10  day ahead inc hosp",2020-12-22,"quantile",0.4,107.493192493851
"6175",2020-12-12,"09","10  day ahead inc hosp",2020-12-22,"quantile",0.45,109.828796502658
"6176",2020-12-12,"09","10  day ahead inc hosp",2020-12-22,"quantile",0.5,112.127370392305
"6177",2020-12-12,"09","10  day ahead inc hosp",2020-12-22,"quantile",0.55,114.425944281952
"6178",2020-12-12,"09","10  day ahead inc hosp",2020-12-22,"quantile",0.6,116.761548290759
"6179",2020-12-12,"09","10  day ahead inc hosp",2020-12-22,"quantile",0.65,119.175580405943
"6180",2020-12-12,"09","10  day ahead inc hosp",2020-12-22,"quantile",0.7,121.719606639928
"6181",2020-12-12,"09","10  day ahead inc hosp",2020-12-22,"quantile",0.75,124.46501094317
"6182",2020-12-12,"09","10  day ahead inc hosp",2020-12-22,"quantile",0.8,127.522148825601
"6183",2020-12-12,"09","10  day ahead inc hosp",2020-12-22,"quantile",0.85,131.085616400893
"6184",2020-12-12,"09","10  day ahead inc hosp",2020-12-22,"quantile",0.9,135.569272301845
"6185",2020-12-12,"09","10  day ahead inc hosp",2020-12-22,"quantile",0.95,142.214725763107
"6186",2020-12-12,"09","10  day ahead inc hosp",2020-12-22,"quantile",0.975,147.978665577837
"6187",2020-12-12,"09","10  day ahead inc hosp",2020-12-22,"quantile",0.99,154.680491263067
"6188",2020-12-12,"09","11  day ahead inc hosp",2020-12-23,"quantile",0.01,69.4721809464429
"6189",2020-12-12,"09","11  day ahead inc hosp",2020-12-23,"quantile",0.025,76.3708163648159
"6190",2020-12-12,"09","11  day ahead inc hosp",2020-12-23,"quantile",0.05,82.304023407622
"6191",2020-12-12,"09","11  day ahead inc hosp",2020-12-23,"quantile",0.1,89.1446311423241
"6192",2020-12-12,"09","11  day ahead inc hosp",2020-12-23,"quantile",0.15,93.7599567050696
"6193",2020-12-12,"09","11  day ahead inc hosp",2020-12-23,"quantile",0.2,97.428071153542
"6194",2020-12-12,"09","11  day ahead inc hosp",2020-12-23,"quantile",0.25,100.574986735228
"6195",2020-12-12,"09","11  day ahead inc hosp",2020-12-23,"quantile",0.3,103.401014187096
"6196",2020-12-12,"09","11  day ahead inc hosp",2020-12-23,"quantile",0.35,106.019749783535
"6197",2020-12-12,"09","11  day ahead inc hosp",2020-12-23,"quantile",0.4,108.504673777843
"6198",2020-12-12,"09","11  day ahead inc hosp",2020-12-23,"quantile",0.45,110.908866500127
"6199",2020-12-12,"09","11  day ahead inc hosp",2020-12-23,"quantile",0.5,113.274941655113
"6200",2020-12-12,"09","11  day ahead inc hosp",2020-12-23,"quantile",0.55,115.641016810099
"6201",2020-12-12,"09","11  day ahead inc hosp",2020-12-23,"quantile",0.6,118.045209532383
"6202",2020-12-12,"09","11  day ahead inc hosp",2020-12-23,"quantile",0.65,120.530133526691
"6203",2020-12-12,"09","11  day ahead inc hosp",2020-12-23,"quantile",0.7,123.14886912313
"6204",2020-12-12,"09","11  day ahead inc hosp",2020-12-23,"quantile",0.75,125.974896574998
"6205",2020-12-12,"09","11  day ahead inc hosp",2020-12-23,"quantile",0.8,129.121812156684
"6206",2020-12-12,"09","11  day ahead inc hosp",2020-12-23,"quantile",0.85,132.789926605156
"6207",2020-12-12,"09","11  day ahead inc hosp",2020-12-23,"quantile",0.9,137.405252167902
"6208",2020-12-12,"09","11  day ahead inc hosp",2020-12-23,"quantile",0.95,144.245859902604
"6209",2020-12-12,"09","11  day ahead inc hosp",2020-12-23,"quantile",0.975,150.17906694541
"6210",2020-12-12,"09","11  day ahead inc hosp",2020-12-23,"quantile",0.99,157.077702363783
"6211",2020-12-12,"09","12  day ahead inc hosp",2020-12-24,"quantile",0.01,69.4047875693386
"6212",2020-12-12,"09","12  day ahead inc hosp",2020-12-24,"quantile",0.025,76.4947716141763
"6213",2020-12-12,"09","12  day ahead inc hosp",2020-12-24,"quantile",0.05,82.5925490320377
"6214",2020-12-12,"09","12  day ahead inc hosp",2020-12-24,"quantile",0.1,89.6228958694519
"6215",2020-12-12,"09","12  day ahead inc hosp",2020-12-24,"quantile",0.15,94.3662375040088
"6216",2020-12-12,"09","12  day ahead inc hosp",2020-12-24,"quantile",0.2,98.1360950681648
"6217",2020-12-12,"09","12  day ahead inc hosp",2020-12-24,"quantile",0.25,101.370297183728
"6218",2020-12-12,"09","12  day ahead inc hosp",2020-12-24,"quantile",0.3,104.274710640723
"6219",2020-12-12,"09","12  day ahead inc hosp",2020-12-24,"quantile",0.35,106.966082552761
"6220",2020-12-12,"09","12  day ahead inc hosp",2020-12-24,"quantile",0.4,109.519931307452
"6221",2020-12-12,"09","12  day ahead inc hosp",2020-12-24,"quantile",0.45,111.990809533066
"6222",2020-12-12,"09","12  day ahead inc hosp",2020-12-24,"quantile",0.5,114.422512917921
"6223",2020-12-12,"09","12  day ahead inc hosp",2020-12-24,"quantile",0.55,116.854216302775
"6224",2020-12-12,"09","12  day ahead inc hosp",2020-12-24,"quantile",0.6,119.32509452839
"6225",2020-12-12,"09","12  day ahead inc hosp",2020-12-24,"quantile",0.65,121.878943283081
"6226",2020-12-12,"09","12  day ahead inc hosp",2020-12-24,"quantile",0.7,124.570315195118
"6227",2020-12-12,"09","12  day ahead inc hosp",2020-12-24,"quantile",0.75,127.474728652113
"6228",2020-12-12,"09","12  day ahead inc hosp",2020-12-24,"quantile",0.8,130.708930767676
"6229",2020-12-12,"09","12  day ahead inc hosp",2020-12-24,"quantile",0.85,134.478788331832
"6230",2020-12-12,"09","12  day ahead inc hosp",2020-12-24,"quantile",0.9,139.222129966389
"6231",2020-12-12,"09","12  day ahead inc hosp",2020-12-24,"quantile",0.95,146.252476803803
"6232",2020-12-12,"09","12  day ahead inc hosp",2020-12-24,"quantile",0.975,152.350254221665
"6233",2020-12-12,"09","12  day ahead inc hosp",2020-12-24,"quantile",0.99,159.440238266503
"6234",2020-12-12,"09","13  day ahead inc hosp",2020-12-25,"quantile",0.01,69.3693336952684
"6235",2020-12-12,"09","13  day ahead inc hosp",2020-12-25,"quantile",0.025,76.6456361131505
"6236",2020-12-12,"09","13  day ahead inc hosp",2020-12-25,"quantile",0.05,82.9036576106174
"6237",2020-12-12,"09","13  day ahead inc hosp",2020-12-25,"quantile",0.1,90.1187556091627
"6238",2020-12-12,"09","13  day ahead inc hosp",2020-12-25,"quantile",0.15,94.9867479750266
"6239",2020-12-12,"09","13  day ahead inc hosp",2020-12-25,"quantile",0.2,98.8556739889168
"6240",2020-12-12,"09","13  day ahead inc hosp",2020-12-25,"quantile",0.25,102.17486801313
"6241",2020-12-12,"09","13  day ahead inc hosp",2020-12-25,"quantile",0.3,105.155606830878
"6242",2020-12-12,"09","13  day ahead inc hosp",2020-12-25,"quantile",0.35,107.917705564406
"6243",2020-12-12,"09","13  day ahead inc hosp",2020-12-25,"quantile",0.4,110.5386671563
"6244",2020-12-12,"09","13  day ahead inc hosp",2020-12-25,"quantile",0.45,113.074477828599
"6245",2020-12-12,"09","13  day ahead inc hosp",2020-12-25,"quantile",0.5,115.570084180728
"6246",2020-12-12,"09","13  day ahead inc hosp",2020-12-25,"quantile",0.55,118.065690532857
"6247",2020-12-12,"09","13  day ahead inc hosp",2020-12-25,"quantile",0.6,120.601501205156
"6248",2020-12-12,"09","13  day ahead inc hosp",2020-12-25,"quantile",0.65,123.222462797051
"6249",2020-12-12,"09","13  day ahead inc hosp",2020-12-25,"quantile",0.7,125.984561530579
"6250",2020-12-12,"09","13  day ahead inc hosp",2020-12-25,"quantile",0.75,128.965300348326
"6251",2020-12-12,"09","13  day ahead inc hosp",2020-12-25,"quantile",0.8,132.28449437254
"6252",2020-12-12,"09","13  day ahead inc hosp",2020-12-25,"quantile",0.85,136.15342038643
"6253",2020-12-12,"09","13  day ahead inc hosp",2020-12-25,"quantile",0.9,141.021412752294
"6254",2020-12-12,"09","13  day ahead inc hosp",2020-12-25,"quantile",0.95,148.236510750839
"6255",2020-12-12,"09","13  day ahead inc hosp",2020-12-25,"quantile",0.975,154.494532248306
"6256",2020-12-12,"09","13  day ahead inc hosp",2020-12-25,"quantile",0.99,161.770834666188
"6257",2020-12-12,"09","14  day ahead inc hosp",2020-12-26,"quantile",0.01,69.3634254816932
"6258",2020-12-12,"09","14  day ahead inc hosp",2020-12-26,"quantile",0.025,76.8213930330372
"6259",2020-12-12,"09","14  day ahead inc hosp",2020-12-26,"quantile",0.05,83.2356565673595
"6260",2020-12-12,"09","14  day ahead inc hosp",2020-12-26,"quantile",0.1,90.6308916280512
"6261",2020-12-12,"09","14  day ahead inc hosp",2020-12-26,"quantile",0.15,95.6204216145427
"6262",2020-12-12,"09","14  day ahead inc hosp",2020-12-26,"quantile",0.2,99.5859418764868
"6263",2020-12-12,"09","14  day ahead inc hosp",2020-12-26,"quantile",0.25,102.988005164615
"6264",2020-12-12,"09","14  day ahead inc hosp",2020-12-26,"quantile",0.3,106.043163142541
"6265",2020-12-12,"09","14  day ahead inc hosp",2020-12-26,"quantile",0.35,108.874222318646
"6266",2020-12-12,"09","14  day ahead inc hosp",2020-12-26,"quantile",0.4,111.56062062689
"6267",2020-12-12,"09","14  day ahead inc hosp",2020-12-26,"quantile",0.45,114.15974207955
"6268",2020-12-12,"09","14  day ahead inc hosp",2020-12-26,"quantile",0.5,116.717655443536
"6269",2020-12-12,"09","14  day ahead inc hosp",2020-12-26,"quantile",0.55,119.275568807522
"6270",2020-12-12,"09","14  day ahead inc hosp",2020-12-26,"quantile",0.6,121.874690260182
"6271",2020-12-12,"09","14  day ahead inc hosp",2020-12-26,"quantile",0.65,124.561088568426
"6272",2020-12-12,"09","14  day ahead inc hosp",2020-12-26,"quantile",0.7,127.392147744531
"6273",2020-12-12,"09","14  day ahead inc hosp",2020-12-26,"quantile",0.75,130.447305722457
"6274",2020-12-12,"09","14  day ahead inc hosp",2020-12-26,"quantile",0.8,133.849369010585
"6275",2020-12-12,"09","14  day ahead inc hosp",2020-12-26,"quantile",0.85,137.814889272529
"6276",2020-12-12,"09","14  day ahead inc hosp",2020-12-26,"quantile",0.9,142.804419259021
"6277",2020-12-12,"09","14  day ahead inc hosp",2020-12-26,"quantile",0.95,150.199654319713
"6278",2020-12-12,"09","14  day ahead inc hosp",2020-12-26,"quantile",0.975,156.613917854035
"6279",2020-12-12,"09","14  day ahead inc hosp",2020-12-26,"quantile",0.99,164.071885405379
"6280",2020-12-12,"09","15  day ahead inc hosp",2020-12-27,"quantile",0.01,78.5193370598742
"6281",2020-12-12,"09","15  day ahead inc hosp",2020-12-27,"quantile",0.025,86.1546486525548
"6282",2020-12-12,"09","15  day ahead inc hosp",2020-12-27,"quantile",0.05,92.7214378461192
"6283",2020-12-12,"09","15  day ahead inc hosp",2020-12-27,"quantile",0.1,100.292525223581
"6284",2020-12-12,"09","15  day ahead inc hosp",2020-12-27,"quantile",0.15,105.400701933336
"6285",2020-12-12,"09","15  day ahead inc hosp",2020-12-27,"quantile",0.2,109.460518849752
"6286",2020-12-12,"09","15  day ahead inc hosp",2020-12-27,"quantile",0.25,112.943480271085
"6287",2020-12-12,"09","15  day ahead inc hosp",2020-12-27,"quantile",0.3,116.07128727289
"6288",2020-12-12,"09","15  day ahead inc hosp",2020-12-27,"quantile",0.35,118.969666596488
"6289",2020-12-12,"09","15  day ahead inc hosp",2020-12-27,"quantile",0.4,121.719945141451
"6290",2020-12-12,"09","15  day ahead inc hosp",2020-12-27,"quantile",0.45,124.380871462416
"6291",2020-12-12,"09","15  day ahead inc hosp",2020-12-27,"quantile",0.5,126.999609801872
"6292",2020-12-12,"09","15  day ahead inc hosp",2020-12-27,"quantile",0.55,129.618348141327
"6293",2020-12-12,"09","15  day ahead inc hosp",2020-12-27,"quantile",0.6,132.279274462292
"6294",2020-12-12,"09","15  day ahead inc hosp",2020-12-27,"quantile",0.65,135.029553007255
"6295",2020-12-12,"09","15  day ahead inc hosp",2020-12-27,"quantile",0.7,137.927932330853
"6296",2020-12-12,"09","15  day ahead inc hosp",2020-12-27,"quantile",0.75,141.055739332658
"6297",2020-12-12,"09","15  day ahead inc hosp",2020-12-27,"quantile",0.8,144.538700753991
"6298",2020-12-12,"09","15  day ahead inc hosp",2020-12-27,"quantile",0.85,148.598517670407
"6299",2020-12-12,"09","15  day ahead inc hosp",2020-12-27,"quantile",0.9,153.706694380162
"6300",2020-12-12,"09","15  day ahead inc hosp",2020-12-27,"quantile",0.95,161.277781757624
"6301",2020-12-12,"09","15  day ahead inc hosp",2020-12-27,"quantile",0.975,167.844570951188
"6302",2020-12-12,"09","15  day ahead inc hosp",2020-12-27,"quantile",0.99,175.479882543869
"6303",2020-12-12,"09","16  day ahead inc hosp",2020-12-28,"quantile",0.01,78.5664328351717
"6304",2020-12-12,"09","16  day ahead inc hosp",2020-12-28,"quantile",0.025,86.3750617953507
"6305",2020-12-12,"09","16  day ahead inc hosp",2020-12-28,"quantile",0.05,93.0909134865133
"6306",2020-12-12,"09","16  day ahead inc hosp",2020-12-28,"quantile",0.1,100.833860377163
"6307",2020-12-12,"09","16  day ahead inc hosp",2020-12-28,"quantile",0.15,106.057989884562
"6308",2020-12-12,"09","16  day ahead inc hosp",2020-12-28,"quantile",0.2,110.209962408767
"6309",2020-12-12,"09","16  day ahead inc hosp",2020-12-28,"quantile",0.25,113.771985135892
"6310",2020-12-12,"09","16  day ahead inc hosp",2020-12-28,"quantile",0.3,116.97079163379
"6311",2020-12-12,"09","16  day ahead inc hosp",2020-12-28,"quantile",0.35,119.934962571559
"6312",2020-12-12,"09","16  day ahead inc hosp",2020-12-28,"quantile",0.4,122.747670924593
"6313",2020-12-12,"09","16  day ahead inc hosp",2020-12-28,"quantile",0.45,125.468998807363
"6314",2020-12-12,"09","16  day ahead inc hosp",2020-12-28,"quantile",0.5,128.147181064679
"6315",2020-12-12,"09","16  day ahead inc hosp",2020-12-28,"quantile",0.55,130.825363321996
"6316",2020-12-12,"09","16  day ahead inc hosp",2020-12-28,"quantile",0.6,133.546691204765
"6317",2020-12-12,"09","16  day ahead inc hosp",2020-12-28,"quantile",0.65,136.3593995578
"6318",2020-12-12,"09","16  day ahead inc hosp",2020-12-28,"quantile",0.7,139.323570495569
"6319",2020-12-12,"09","16  day ahead inc hosp",2020-12-28,"quantile",0.75,142.522376993467
"6320",2020-12-12,"09","16  day ahead inc hosp",2020-12-28,"quantile",0.8,146.084399720591
"6321",2020-12-12,"09","16  day ahead inc hosp",2020-12-28,"quantile",0.85,150.236372244796
"6322",2020-12-12,"09","16  day ahead inc hosp",2020-12-28,"quantile",0.9,155.460501752195
"6323",2020-12-12,"09","16  day ahead inc hosp",2020-12-28,"quantile",0.95,163.203448642845
"6324",2020-12-12,"09","16  day ahead inc hosp",2020-12-28,"quantile",0.975,169.919300334008
"6325",2020-12-12,"09","16  day ahead inc hosp",2020-12-28,"quantile",0.99,177.727929294187
"6326",2020-12-12,"09","17  day ahead inc hosp",2020-12-29,"quantile",0.01,78.6374296104584
"6327",2020-12-12,"09","17  day ahead inc hosp",2020-12-29,"quantile",0.025,86.6156116940016
"6328",2020-12-12,"09","17  day ahead inc hosp",2020-12-29,"quantile",0.05,93.4772884251416
"6329",2020-12-12,"09","17  day ahead inc hosp",2020-12-29,"quantile",0.1,101.388362247683
"6330",2020-12-12,"09","17  day ahead inc hosp",2020-12-29,"quantile",0.15,106.725926197845
"6331",2020-12-12,"09","17  day ahead inc hosp",2020-12-29,"quantile",0.2,110.968052821213
"6332",2020-12-12,"09","17  day ahead inc hosp",2020-12-29,"quantile",0.25,114.607419737945
"6333",2020-12-12,"09","17  day ahead inc hosp",2020-12-29,"quantile",0.3,117.875683708535
"6334",2020-12-12,"09","17  day ahead inc hosp",2020-12-29,"quantile",0.35,120.904217345984
"6335",2020-12-12,"09","17  day ahead inc hosp",2020-12-29,"quantile",0.4,123.777999606974
"6336",2020-12-12,"09","17  day ahead inc hosp",2020-12-29,"quantile",0.45,126.558417202493
"6337",2020-12-12,"09","17  day ahead inc hosp",2020-12-29,"quantile",0.5,129.294752327487
"6338",2020-12-12,"09","17  day ahead inc hosp",2020-12-29,"quantile",0.55,132.031087452481
"6339",2020-12-12,"09","17  day ahead inc hosp",2020-12-29,"quantile",0.6,134.811505048
"6340",2020-12-12,"09","17  day ahead inc hosp",2020-12-29,"quantile",0.65,137.68528730899
"6341",2020-12-12,"09","17  day ahead inc hosp",2020-12-29,"quantile",0.7,140.713820946439
"6342",2020-12-12,"09","17  day ahead inc hosp",2020-12-29,"quantile",0.75,143.982084917029
"6343",2020-12-12,"09","17  day ahead inc hosp",2020-12-29,"quantile",0.8,147.621451833761
"6344",2020-12-12,"09","17  day ahead inc hosp",2020-12-29,"quantile",0.85,151.863578457129
"6345",2020-12-12,"09","17  day ahead inc hosp",2020-12-29,"quantile",0.9,157.201142407291
"6346",2020-12-12,"09","17  day ahead inc hosp",2020-12-29,"quantile",0.95,165.112216229832
"6347",2020-12-12,"09","17  day ahead inc hosp",2020-12-29,"quantile",0.975,171.973892960972
"6348",2020-12-12,"09","17  day ahead inc hosp",2020-12-29,"quantile",0.99,179.952075044516
"6349",2020-12-12,"09","18  day ahead inc hosp",2020-12-30,"quantile",0.01,78.73083458914
"6350",2020-12-12,"09","18  day ahead inc hosp",2020-12-30,"quantile",0.025,86.8750406571735
"6351",2020-12-12,"09","18  day ahead inc hosp",2020-12-30,"quantile",0.05,93.8795071741643
"6352",2020-12-12,"09","18  day ahead inc hosp",2020-12-30,"quantile",0.1,101.955208474979
"6353",2020-12-12,"09","18  day ahead inc hosp",2020-12-30,"quantile",0.15,107.40384580316
"6354",2020-12-12,"09","18  day ahead inc hosp",2020-12-30,"quantile",0.2,111.734250026281
"6355",2020-12-12,"09","18  day ahead inc hosp",2020-12-30,"quantile",0.25,115.449351263214
"6356",2020-12-12,"09","18  day ahead inc hosp",2020-12-30,"quantile",0.3,118.785626994012
"6357",2020-12-12,"09","18  day ahead inc hosp",2020-12-30,"quantile",0.35,121.877183663073
"6358",2020-12-12,"09","18  day ahead inc hosp",2020-12-30,"quantile",0.4,124.810768618026
"6359",2020-12-12,"09","18  day ahead inc hosp",2020-12-30,"quantile",0.45,127.649046012045
"6360",2020-12-12,"09","18  day ahead inc hosp",2020-12-30,"quantile",0.5,130.442323590295
"6361",2020-12-12,"09","18  day ahead inc hosp",2020-12-30,"quantile",0.55,133.235601168544
"6362",2020-12-12,"09","18  day ahead inc hosp",2020-12-30,"quantile",0.6,136.073878562563
"6363",2020-12-12,"09","18  day ahead inc hosp",2020-12-30,"quantile",0.65,139.007463517516
"6364",2020-12-12,"09","18  day ahead inc hosp",2020-12-30,"quantile",0.7,142.099020186578
"6365",2020-12-12,"09","18  day ahead inc hosp",2020-12-30,"quantile",0.75,145.435295917375
"6366",2020-12-12,"09","18  day ahead inc hosp",2020-12-30,"quantile",0.8,149.150397154309
"6367",2020-12-12,"09","18  day ahead inc hosp",2020-12-30,"quantile",0.85,153.480801377429
"6368",2020-12-12,"09","18  day ahead inc hosp",2020-12-30,"quantile",0.9,158.929438705611
"6369",2020-12-12,"09","18  day ahead inc hosp",2020-12-30,"quantile",0.95,167.005140006425
"6370",2020-12-12,"09","18  day ahead inc hosp",2020-12-30,"quantile",0.975,174.009606523416
"6371",2020-12-12,"09","18  day ahead inc hosp",2020-12-30,"quantile",0.99,182.153812591449
"6372",2020-12-12,"09","19  day ahead inc hosp",2020-12-31,"quantile",0.01,78.8453041866093
"6373",2020-12-12,"09","19  day ahead inc hosp",2020-12-31,"quantile",0.025,87.1522167056513
"6374",2020-12-12,"09","19  day ahead inc hosp",2020-12-31,"quantile",0.05,94.2966197466775
"6375",2020-12-12,"09","19  day ahead inc hosp",2020-12-31,"quantile",0.1,102.533658897625
"6376",2020-12-12,"09","19  day ahead inc hosp",2020-12-31,"quantile",0.15,108.091150107339
"6377",2020-12-12,"09","19  day ahead inc hosp",2020-12-31,"quantile",0.2,112.508067944762
"6378",2020-12-12,"09","19  day ahead inc hosp",2020-12-31,"quantile",0.25,116.29739015945
"6379",2020-12-12,"09","19  day ahead inc hosp",2020-12-31,"quantile",0.3,119.700318622166
"6380",2020-12-12,"09","19  day ahead inc hosp",2020-12-31,"quantile",0.35,122.853638980593
"6381",2020-12-12,"09","19  day ahead inc hosp",2020-12-31,"quantile",0.4,125.84583163687
"6382",2020-12-12,"09","19  day ahead inc hosp",2020-12-31,"quantile",0.45,128.740812660181
"6383",2020-12-12,"09","19  day ahead inc hosp",2020-12-31,"quantile",0.5,131.589894853102
"6384",2020-12-12,"09","19  day ahead inc hosp",2020-12-31,"quantile",0.55,134.438977046024
"6385",2020-12-12,"09","19  day ahead inc hosp",2020-12-31,"quantile",0.6,137.333958069335
"6386",2020-12-12,"09","19  day ahead inc hosp",2020-12-31,"quantile",0.65,140.326150725612
"6387",2020-12-12,"09","19  day ahead inc hosp",2020-12-31,"quantile",0.7,143.479471084039
"6388",2020-12-12,"09","19  day ahead inc hosp",2020-12-31,"quantile",0.75,146.882399546755
"6389",2020-12-12,"09","19  day ahead inc hosp",2020-12-31,"quantile",0.8,150.671721761443
"6390",2020-12-12,"09","19  day ahead inc hosp",2020-12-31,"quantile",0.85,155.088639598866
"6391",2020-12-12,"09","19  day ahead inc hosp",2020-12-31,"quantile",0.9,160.64613080858
"6392",2020-12-12,"09","19  day ahead inc hosp",2020-12-31,"quantile",0.95,168.883169959527
"6393",2020-12-12,"09","19  day ahead inc hosp",2020-12-31,"quantile",0.975,176.027573000553
"6394",2020-12-12,"09","19  day ahead inc hosp",2020-12-31,"quantile",0.99,184.334485519595
"6395",2020-12-12,"09","20  day ahead inc hosp",2021-01-01,"quantile",0.01,78.9796239490665
"6396",2020-12-12,"09","20  day ahead inc hosp",2021-01-01,"quantile",0.025,87.4461166538079
"6397",2020-12-12,"09","20  day ahead inc hosp",2021-01-01,"quantile",0.05,94.7277674582341
"6398",2020-12-12,"09","20  day ahead inc hosp",2021-01-01,"quantile",0.1,103.123044490502
"6399",2020-12-12,"09","20  day ahead inc hosp",2021-01-01,"quantile",0.15,108.787298047505
"6400",2020-12-12,"09","20  day ahead inc hosp",2021-01-01,"quantile",0.2,113.28906721412
"6401",2020-12-12,"09","20  day ahead inc hosp",2021-01-01,"quantile",0.25,117.151184313949
"6402",2020-12-12,"09","20  day ahead inc hosp",2021-01-01,"quantile",0.3,120.619484833341
"6403",2020-12-12,"09","20  day ahead inc hosp",2021-01-01,"quantile",0.35,123.833382144663
"6404",2020-12-12,"09","20  day ahead inc hosp",2021-01-01,"quantile",0.4,126.883056405403
"6405",2020-12-12,"09","20  day ahead inc hosp",2021-01-01,"quantile",0.45,129.833651546263
"6406",2020-12-12,"09","20  day ahead inc hosp",2021-01-01,"quantile",0.5,132.73746611591
"6407",2020-12-12,"09","20  day ahead inc hosp",2021-01-01,"quantile",0.55,135.641280685558
"6408",2020-12-12,"09","20  day ahead inc hosp",2021-01-01,"quantile",0.6,138.591875826417
"6409",2020-12-12,"09","20  day ahead inc hosp",2021-01-01,"quantile",0.65,141.641550087158
"6410",2020-12-12,"09","20  day ahead inc hosp",2021-01-01,"quantile",0.7,144.855447398479
"6411",2020-12-12,"09","20  day ahead inc hosp",2021-01-01,"quantile",0.75,148.323747917872
"6412",2020-12-12,"09","20  day ahead inc hosp",2021-01-01,"quantile",0.8,152.1858650177
"6413",2020-12-12,"09","20  day ahead inc hosp",2021-01-01,"quantile",0.85,156.687634184315
"6414",2020-12-12,"09","20  day ahead inc hosp",2021-01-01,"quantile",0.9,162.351887741319
"6415",2020-12-12,"09","20  day ahead inc hosp",2021-01-01,"quantile",0.95,170.747164773586
"6416",2020-12-12,"09","20  day ahead inc hosp",2021-01-01,"quantile",0.975,178.028815578012
"6417",2020-12-12,"09","20  day ahead inc hosp",2021-01-01,"quantile",0.99,186.495308282754
"6418",2020-12-12,"09","21  day ahead inc hosp",2021-01-02,"quantile",0.01,79.1326918189645
"6419",2020-12-12,"09","21  day ahead inc hosp",2021-01-02,"quantile",0.025,87.7558120106274
"6420",2020-12-12,"09","21  day ahead inc hosp",2021-01-02,"quantile",0.05,95.1721710946105
"6421",2020-12-12,"09","21  day ahead inc hosp",2021-01-02,"quantile",0.1,103.722758145965
"6422",2020-12-12,"09","21  day ahead inc hosp",2021-01-02,"quantile",0.15,109.491798635511
"6423",2020-12-12,"09","21  day ahead inc hosp",2021-01-02,"quantile",0.2,114.076849134297
"6424",2020-12-12,"09","21  day ahead inc hosp",2021-01-02,"quantile",0.25,118.010414201617
"6425",2020-12-12,"09","21  day ahead inc hosp",2021-01-02,"quantile",0.3,121.54287720401
"6426",2020-12-12,"09","21  day ahead inc hosp",2021-01-02,"quantile",0.35,124.816230617953
"6427",2020-12-12,"09","21  day ahead inc hosp",2021-01-02,"quantile",0.4,127.922322905856
"6428",2020-12-12,"09","21  day ahead inc hosp",2021-01-02,"quantile",0.45,130.927503140916
"6429",2020-12-12,"09","21  day ahead inc hosp",2021-01-02,"quantile",0.5,133.885037378718
"6430",2020-12-12,"09","21  day ahead inc hosp",2021-01-02,"quantile",0.55,136.84257161652
"6431",2020-12-12,"09","21  day ahead inc hosp",2021-01-02,"quantile",0.6,139.847751851579
"6432",2020-12-12,"09","21  day ahead inc hosp",2021-01-02,"quantile",0.65,142.953844139483
"6433",2020-12-12,"09","21  day ahead inc hosp",2021-01-02,"quantile",0.7,146.227197553425
"6434",2020-12-12,"09","21  day ahead inc hosp",2021-01-02,"quantile",0.75,149.759660555818
"6435",2020-12-12,"09","21  day ahead inc hosp",2021-01-02,"quantile",0.8,153.693225623139
"6436",2020-12-12,"09","21  day ahead inc hosp",2021-01-02,"quantile",0.85,158.278276121925
"6437",2020-12-12,"09","21  day ahead inc hosp",2021-01-02,"quantile",0.9,164.047316611471
"6438",2020-12-12,"09","21  day ahead inc hosp",2021-01-02,"quantile",0.95,172.597903662825
"6439",2020-12-12,"09","21  day ahead inc hosp",2021-01-02,"quantile",0.975,180.014262746808
"6440",2020-12-12,"09","21  day ahead inc hosp",2021-01-02,"quantile",0.99,188.637382938471
"6441",2020-12-12,"09","22  day ahead inc hosp",2021-01-03,"quantile",0.01,91.167325210877
"6442",2020-12-12,"09","22  day ahead inc hosp",2021-01-03,"quantile",0.025,99.9442782676209
"6443",2020-12-12,"09","22  day ahead inc hosp",2021-01-03,"quantile",0.05,107.492942102205
"6444",2020-12-12,"09","22  day ahead inc hosp",2021-01-03,"quantile",0.1,116.196068057691
"6445",2020-12-12,"09","22  day ahead inc hosp",2021-01-03,"quantile",0.15,122.068025821675
"6446",2020-12-12,"09","22  day ahead inc hosp",2021-01-03,"quantile",0.2,126.73487170764
"6447",2020-12-12,"09","22  day ahead inc hosp",2021-01-03,"quantile",0.25,130.738609933961
"6448",2020-12-12,"09","22  day ahead inc hosp",2021-01-03,"quantile",0.3,134.334090601929
"6449",2020-12-12,"09","22  day ahead inc hosp",2021-01-03,"quantile",0.35,137.665839274537
"6450",2020-12-12,"09","22  day ahead inc hosp",2021-01-03,"quantile",0.4,140.827342952428
"6451",2020-12-12,"09","22  day ahead inc hosp",2021-01-03,"quantile",0.45,143.886134348572
"6452",2020-12-12,"09","22  day ahead inc hosp",2021-01-03,"quantile",0.5,146.896429762754
"6453",2020-12-12,"09","22  day ahead inc hosp",2021-01-03,"quantile",0.55,149.906725176935
"6454",2020-12-12,"09","22  day ahead inc hosp",2021-01-03,"quantile",0.6,152.965516573079
"6455",2020-12-12,"09","22  day ahead inc hosp",2021-01-03,"quantile",0.65,156.127020250971
"6456",2020-12-12,"09","22  day ahead inc hosp",2021-01-03,"quantile",0.7,159.458768923578
"6457",2020-12-12,"09","22  day ahead inc hosp",2021-01-03,"quantile",0.75,163.054249591546
"6458",2020-12-12,"09","22  day ahead inc hosp",2021-01-03,"quantile",0.8,167.057987817867
"6459",2020-12-12,"09","22  day ahead inc hosp",2021-01-03,"quantile",0.85,171.724833703832
"6460",2020-12-12,"09","22  day ahead inc hosp",2021-01-03,"quantile",0.9,177.596791467816
"6461",2020-12-12,"09","22  day ahead inc hosp",2021-01-03,"quantile",0.95,186.299917423302
"6462",2020-12-12,"09","22  day ahead inc hosp",2021-01-03,"quantile",0.975,193.848581257886
"6463",2020-12-12,"09","22  day ahead inc hosp",2021-01-03,"quantile",0.99,202.62553431463
"6464",2020-12-12,"09","23  day ahead inc hosp",2021-01-04,"quantile",0.01,91.3549646603755
"6465",2020-12-12,"09","23  day ahead inc hosp",2021-01-04,"quantile",0.025,100.283100416552
"6466",2020-12-12,"09","23  day ahead inc hosp",2021-01-04,"quantile",0.05,107.961789713074
"6467",2020-12-12,"09","23  day ahead inc hosp",2021-01-04,"quantile",0.1,116.81482669884
"6468",2020-12-12,"09","23  day ahead inc hosp",2021-01-04,"quantile",0.15,122.787928723249
"6469",2020-12-12,"09","23  day ahead inc hosp",2021-01-04,"quantile",0.2,127.535160861062
"6470",2020-12-12,"09","23  day ahead inc hosp",2021-01-04,"quantile",0.25,131.60786333374
"6471",2020-12-12,"09","23  day ahead inc hosp",2021-01-04,"quantile",0.3,135.265276026367
"6472",2020-12-12,"09","23  day ahead inc hosp",2021-01-04,"quantile",0.35,138.654413949538
"6473",2020-12-12,"09","23  day ahead inc hosp",2021-01-04,"quantile",0.4,141.870374414107
"6474",2020-12-12,"09","23  day ahead inc hosp",2021-01-04,"quantile",0.45,144.981853381584
"6475",2020-12-12,"09","23  day ahead inc hosp",2021-01-04,"quantile",0.5,148.044001025561
"6476",2020-12-12,"09","23  day ahead inc hosp",2021-01-04,"quantile",0.55,151.106148669539
"6477",2020-12-12,"09","23  day ahead inc hosp",2021-01-04,"quantile",0.6,154.217627637016
"6478",2020-12-12,"09","23  day ahead inc hosp",2021-01-04,"quantile",0.65,157.433588101585
"6479",2020-12-12,"09","23  day ahead inc hosp",2021-01-04,"quantile",0.7,160.822726024756
"6480",2020-12-12,"09","23  day ahead inc hosp",2021-01-04,"quantile",0.75,164.480138717383
"6481",2020-12-12,"09","23  day ahead inc hosp",2021-01-04,"quantile",0.8,168.552841190061
"6482",2020-12-12,"09","23  day ahead inc hosp",2021-01-04,"quantile",0.85,173.300073327874
"6483",2020-12-12,"09","23  day ahead inc hosp",2021-01-04,"quantile",0.9,179.273175352283
"6484",2020-12-12,"09","23  day ahead inc hosp",2021-01-04,"quantile",0.95,188.126212338048
"6485",2020-12-12,"09","23  day ahead inc hosp",2021-01-04,"quantile",0.975,195.804901634571
"6486",2020-12-12,"09","23  day ahead inc hosp",2021-01-04,"quantile",0.99,204.733037390747
"6487",2020-12-12,"09","24  day ahead inc hosp",2021-01-05,"quantile",0.01,91.558590464827
"6488",2020-12-12,"09","24  day ahead inc hosp",2021-01-05,"quantile",0.025,100.635391178797
"6489",2020-12-12,"09","24  day ahead inc hosp",2021-01-05,"quantile",0.05,108.441940540552
"6490",2020-12-12,"09","24  day ahead inc hosp",2021-01-05,"quantile",0.1,117.442391992874
"6491",2020-12-12,"09","24  day ahead inc hosp",2021-01-05,"quantile",0.15,123.514953858017
"6492",2020-12-12,"09","24  day ahead inc hosp",2021-01-05,"quantile",0.2,128.341233524304
"6493",2020-12-12,"09","24  day ahead inc hosp",2021-01-05,"quantile",0.25,132.481751737888
"6494",2020-12-12,"09","24  day ahead inc hosp",2021-01-05,"quantile",0.3,136.200065061781
"6495",2020-12-12,"09","24  day ahead inc hosp",2021-01-05,"quantile",0.35,139.645636495829
"6496",2020-12-12,"09","24  day ahead inc hosp",2021-01-05,"quantile",0.4,142.915146843575
"6497",2020-12-12,"09","24  day ahead inc hosp",2021-01-05,"quantile",0.45,146.078435942754
"6498",2020-12-12,"09","24  day ahead inc hosp",2021-01-05,"quantile",0.5,149.191572288369
"6499",2020-12-12,"09","24  day ahead inc hosp",2021-01-05,"quantile",0.55,152.304708633984
"6500",2020-12-12,"09","24  day ahead inc hosp",2021-01-05,"quantile",0.6,155.467997733163
"6501",2020-12-12,"09","24  day ahead inc hosp",2021-01-05,"quantile",0.65,158.737508080909
"6502",2020-12-12,"09","24  day ahead inc hosp",2021-01-05,"quantile",0.7,162.183079514957
"6503",2020-12-12,"09","24  day ahead inc hosp",2021-01-05,"quantile",0.75,165.90139283885
"6504",2020-12-12,"09","24  day ahead inc hosp",2021-01-05,"quantile",0.8,170.041911052434
"6505",2020-12-12,"09","24  day ahead inc hosp",2021-01-05,"quantile",0.85,174.868190718721
"6506",2020-12-12,"09","24  day ahead inc hosp",2021-01-05,"quantile",0.9,180.940752583864
"6507",2020-12-12,"09","24  day ahead inc hosp",2021-01-05,"quantile",0.95,189.941204036186
"6508",2020-12-12,"09","24  day ahead inc hosp",2021-01-05,"quantile",0.975,197.747753397941
"6509",2020-12-12,"09","24  day ahead inc hosp",2021-01-05,"quantile",0.99,206.824554111911
"6510",2020-12-12,"09","25  day ahead inc hosp",2021-01-06,"quantile",0.01,91.7774295758149
"6511",2020-12-12,"09","25  day ahead inc hosp",2021-01-06,"quantile",0.025,101.000499255784
"6512",2020-12-12,"09","25  day ahead inc hosp",2021-01-06,"quantile",0.05,108.932847997644
"6513",2020-12-12,"09","25  day ahead inc hosp",2021-01-06,"quantile",0.1,118.078338078546
"6514",2020-12-12,"09","25  day ahead inc hosp",2021-01-06,"quantile",0.15,124.248756817819
"6515",2020-12-12,"09","25  day ahead inc hosp",2021-01-06,"quantile",0.2,129.152810025539
"6516",2020-12-12,"09","25  day ahead inc hosp",2021-01-06,"quantile",0.25,133.360051012585
"6517",2020-12-12,"09","25  day ahead inc hosp",2021-01-06,"quantile",0.3,137.138283449201
"6518",2020-12-12,"09","25  day ahead inc hosp",2021-01-06,"quantile",0.35,140.639378870919
"6519",2020-12-12,"09","25  day ahead inc hosp",2021-01-06,"quantile",0.4,143.961576053262
"6520",2020-12-12,"09","25  day ahead inc hosp",2021-01-06,"quantile",0.45,147.175840274654
"6521",2020-12-12,"09","25  day ahead inc hosp",2021-01-06,"quantile",0.5,150.339143551177
"6522",2020-12-12,"09","25  day ahead inc hosp",2021-01-06,"quantile",0.55,153.5024468277
"6523",2020-12-12,"09","25  day ahead inc hosp",2021-01-06,"quantile",0.6,156.716711049091
"6524",2020-12-12,"09","25  day ahead inc hosp",2021-01-06,"quantile",0.65,160.038908231434
"6525",2020-12-12,"09","25  day ahead inc hosp",2021-01-06,"quantile",0.7,163.540003653152
"6526",2020-12-12,"09","25  day ahead inc hosp",2021-01-06,"quantile",0.75,167.318236089769
"6527",2020-12-12,"09","25  day ahead inc hosp",2021-01-06,"quantile",0.8,171.525477076815
"6528",2020-12-12,"09","25  day ahead inc hosp",2021-01-06,"quantile",0.85,176.429530284534
"6529",2020-12-12,"09","25  day ahead inc hosp",2021-01-06,"quantile",0.9,182.599949023808
"6530",2020-12-12,"09","25  day ahead inc hosp",2021-01-06,"quantile",0.95,191.74543910471
"6531",2020-12-12,"09","25  day ahead inc hosp",2021-01-06,"quantile",0.975,199.67778784657
"6532",2020-12-12,"09","25  day ahead inc hosp",2021-01-06,"quantile",0.99,208.900857526539
"6533",2020-12-12,"09","26  day ahead inc hosp",2021-01-07,"quantile",0.01,92.0107693100124
"6534",2020-12-12,"09","26  day ahead inc hosp",2021-01-07,"quantile",0.025,101.377824206936
"6535",2020-12-12,"09","26  day ahead inc hosp",2021-01-07,"quantile",0.05,109.434008178735
"6536",2020-12-12,"09","26  day ahead inc hosp",2021-01-07,"quantile",0.1,118.722272348866
"6537",2020-12-12,"09","26  day ahead inc hosp",2021-01-07,"quantile",0.15,124.989020088321
"6538",2020-12-12,"09","26  day ahead inc hosp",2021-01-07,"quantile",0.2,129.969632531694
"6539",2020-12-12,"09","26  day ahead inc hosp",2021-01-07,"quantile",0.25,134.242554525967
"6540",2020-12-12,"09","26  day ahead inc hosp",2021-01-07,"quantile",0.3,138.079770537029
"6541",2020-12-12,"09","26  day ahead inc hosp",2021-01-07,"quantile",0.35,141.635523030782
"6542",2020-12-12,"09","26  day ahead inc hosp",2021-01-07,"quantile",0.4,145.009584429559
"6543",2020-12-12,"09","26  day ahead inc hosp",2021-01-07,"quantile",0.45,148.27402788057
"6544",2020-12-12,"09","26  day ahead inc hosp",2021-01-07,"quantile",0.5,151.486714813984
"6545",2020-12-12,"09","26  day ahead inc hosp",2021-01-07,"quantile",0.55,154.699401747399
"6546",2020-12-12,"09","26  day ahead inc hosp",2021-01-07,"quantile",0.6,157.96384519841
"6547",2020-12-12,"09","26  day ahead inc hosp",2021-01-07,"quantile",0.65,161.337906597187
"6548",2020-12-12,"09","26  day ahead inc hosp",2021-01-07,"quantile",0.7,164.89365909094
"6549",2020-12-12,"09","26  day ahead inc hosp",2021-01-07,"quantile",0.75,168.730875102002
"6550",2020-12-12,"09","26  day ahead inc hosp",2021-01-07,"quantile",0.8,173.003797096275
"6551",2020-12-12,"09","26  day ahead inc hosp",2021-01-07,"quantile",0.85,177.984409539648
"6552",2020-12-12,"09","26  day ahead inc hosp",2021-01-07,"quantile",0.9,184.251157279103
"6553",2020-12-12,"09","26  day ahead inc hosp",2021-01-07,"quantile",0.95,193.539421449234
"6554",2020-12-12,"09","26  day ahead inc hosp",2021-01-07,"quantile",0.975,201.595605421033
"6555",2020-12-12,"09","26  day ahead inc hosp",2021-01-07,"quantile",0.99,210.962660317957
"6556",2020-12-12,"09","27  day ahead inc hosp",2021-01-08,"quantile",0.01,92.2579509491048
"6557",2020-12-12,"09","27  day ahead inc hosp",2021-01-08,"quantile",0.025,101.766811057572
"6558",2020-12-12,"09","27  day ahead inc hosp",2021-01-08,"quantile",0.05,109.94495533439
"6559",2020-12-12,"09","27  day ahead inc hosp",2021-01-08,"quantile",0.1,119.373831925396
"6560",2020-12-12,"09","27  day ahead inc hosp",2021-01-08,"quantile",0.15,125.735450197656
"6561",2020-12-12,"09","27  day ahead inc hosp",2021-01-08,"quantile",0.2,130.791462733045
"6562",2020-12-12,"09","27  day ahead inc hosp",2021-01-08,"quantile",0.25,135.129071292516
"6563",2020-12-12,"09","27  day ahead inc hosp",2021-01-08,"quantile",0.3,139.02437783835
"6564",2020-12-12,"09","27  day ahead inc hosp",2021-01-08,"quantile",0.35,142.633959869788
"6565",2020-12-12,"09","27  day ahead inc hosp",2021-01-08,"quantile",0.4,146.059100235826
"6566",2020-12-12,"09","27  day ahead inc hosp",2021-01-08,"quantile",0.45,149.372963178794
"6567",2020-12-12,"09","27  day ahead inc hosp",2021-01-08,"quantile",0.5,152.634286076792
"6568",2020-12-12,"09","27  day ahead inc hosp",2021-01-08,"quantile",0.55,155.89560897479
"6569",2020-12-12,"09","27  day ahead inc hosp",2021-01-08,"quantile",0.6,159.209471917759
"6570",2020-12-12,"09","27  day ahead inc hosp",2021-01-08,"quantile",0.65,162.634612283797
"6571",2020-12-12,"09","27  day ahead inc hosp",2021-01-08,"quantile",0.7,166.244194315235
"6572",2020-12-12,"09","27  day ahead inc hosp",2021-01-08,"quantile",0.75,170.139500861068
"6573",2020-12-12,"09","27  day ahead inc hosp",2021-01-08,"quantile",0.8,174.477109420539
"6574",2020-12-12,"09","27  day ahead inc hosp",2021-01-08,"quantile",0.85,179.533121955928
"6575",2020-12-12,"09","27  day ahead inc hosp",2021-01-08,"quantile",0.9,185.894740228188
"6576",2020-12-12,"09","27  day ahead inc hosp",2021-01-08,"quantile",0.95,195.323616819195
"6577",2020-12-12,"09","27  day ahead inc hosp",2021-01-08,"quantile",0.975,203.501761096012
"6578",2020-12-12,"09","27  day ahead inc hosp",2021-01-08,"quantile",0.99,213.01062120448
"6579",2020-12-12,"09","28  day ahead inc hosp",2021-01-09,"quantile",0.01,92.5183641865794
"6580",2020-12-12,"09","28  day ahead inc hosp",2021-01-09,"quantile",0.025,102.166945620284
"6581",2020-12-12,"09","28  day ahead inc hosp",2021-01-09,"quantile",0.05,110.465257944933
"6582",2020-12-12,"09","28  day ahead inc hosp",2021-01-09,"quantile",0.1,120.03268059906
"6583",2020-12-12,"09","28  day ahead inc hosp",2021-01-09,"quantile",0.15,126.487775242358
"6584",2020-12-12,"09","28  day ahead inc hosp",2021-01-09,"quantile",0.2,131.618079834187
"6585",2020-12-12,"09","28  day ahead inc hosp",2021-01-09,"quantile",0.25,136.019424362994
"6586",2020-12-12,"09","28  day ahead inc hosp",2021-01-09,"quantile",0.3,139.971967779134
"6587",2020-12-12,"09","28  day ahead inc hosp",2021-01-09,"quantile",0.35,143.634588300909
"6588",2020-12-12,"09","28  day ahead inc hosp",2021-01-09,"quantile",0.4,147.110057007632
"6589",2020-12-12,"09","28  day ahead inc hosp",2021-01-09,"quantile",0.45,150.472613202659
"6590",2020-12-12,"09","28  day ahead inc hosp",2021-01-09,"quantile",0.5,153.7818573396
"6591",2020-12-12,"09","28  day ahead inc hosp",2021-01-09,"quantile",0.55,157.091101476541
"6592",2020-12-12,"09","28  day ahead inc hosp",2021-01-09,"quantile",0.6,160.453657671567
"6593",2020-12-12,"09","28  day ahead inc hosp",2021-01-09,"quantile",0.65,163.929126378291
"6594",2020-12-12,"09","28  day ahead inc hosp",2021-01-09,"quantile",0.7,167.591746900066
"6595",2020-12-12,"09","28  day ahead inc hosp",2021-01-09,"quantile",0.75,171.544290316206
"6596",2020-12-12,"09","28  day ahead inc hosp",2021-01-09,"quantile",0.8,175.945634845013
"6597",2020-12-12,"09","28  day ahead inc hosp",2021-01-09,"quantile",0.85,181.075939436842
"6598",2020-12-12,"09","28  day ahead inc hosp",2021-01-09,"quantile",0.9,187.53103408014
"6599",2020-12-12,"09","28  day ahead inc hosp",2021-01-09,"quantile",0.95,197.098456734267
"6600",2020-12-12,"09","28  day ahead inc hosp",2021-01-09,"quantile",0.975,205.396769058916
"6601",2020-12-12,"09","28  day ahead inc hosp",2021-01-09,"quantile",0.99,215.04535049262
"6602",2020-12-12,"09","29  day ahead inc hosp",2021-01-10,"quantile",0.01,86.6393579304916
"6603",2020-12-12,"09","29  day ahead inc hosp",2021-01-10,"quantile",0.025,96.4256660598758
"6604",2020-12-12,"09","29  day ahead inc hosp",2021-01-10,"quantile",0.05,104.842430940897
"6605",2020-12-12,"09","29  day ahead inc hosp",2021-01-10,"quantile",0.1,114.546421806359
"6606",2020-12-12,"09","29  day ahead inc hosp",2021-01-10,"quantile",0.15,121.093658373487
"6607",2020-12-12,"09","29  day ahead inc hosp",2021-01-10,"quantile",0.2,126.297194445417
"6608",2020-12-12,"09","29  day ahead inc hosp",2021-01-10,"quantile",0.25,130.761365063495
"6609",2020-12-12,"09","29  day ahead inc hosp",2021-01-10,"quantile",0.3,134.770328249523
"6610",2020-12-12,"09","29  day ahead inc hosp",2021-01-10,"quantile",0.35,138.485230096326
"6611",2020-12-12,"09","29  day ahead inc hosp",2021-01-10,"quantile",0.4,142.010308667899
"6612",2020-12-12,"09","29  day ahead inc hosp",2021-01-10,"quantile",0.45,145.420862981297
"6613",2020-12-12,"09","29  day ahead inc hosp",2021-01-10,"quantile",0.5,148.777344244578
"6614",2020-12-12,"09","29  day ahead inc hosp",2021-01-10,"quantile",0.55,152.133825507858
"6615",2020-12-12,"09","29  day ahead inc hosp",2021-01-10,"quantile",0.6,155.544379821257
"6616",2020-12-12,"09","29  day ahead inc hosp",2021-01-10,"quantile",0.65,159.069458392829
"6617",2020-12-12,"09","29  day ahead inc hosp",2021-01-10,"quantile",0.7,162.784360239633
"6618",2020-12-12,"09","29  day ahead inc hosp",2021-01-10,"quantile",0.75,166.79332342566
"6619",2020-12-12,"09","29  day ahead inc hosp",2021-01-10,"quantile",0.8,171.257494043739
"6620",2020-12-12,"09","29  day ahead inc hosp",2021-01-10,"quantile",0.85,176.461030115669
"6621",2020-12-12,"09","29  day ahead inc hosp",2021-01-10,"quantile",0.9,183.008266682796
"6622",2020-12-12,"09","29  day ahead inc hosp",2021-01-10,"quantile",0.95,192.712257548258
"6623",2020-12-12,"09","29  day ahead inc hosp",2021-01-10,"quantile",0.975,201.12902242928
"6624",2020-12-12,"09","29  day ahead inc hosp",2021-01-10,"quantile",0.99,210.915330558664
"6625",2020-12-12,"09","30  day ahead inc hosp",2021-01-11,"quantile",0.01,86.9245735001478
"6626",2020-12-12,"09","30  day ahead inc hosp",2021-01-11,"quantile",0.025,96.8466967569751
"6627",2020-12-12,"09","30  day ahead inc hosp",2021-01-11,"quantile",0.05,105.380270140229
"6628",2020-12-12,"09","30  day ahead inc hosp",2021-01-11,"quantile",0.1,115.218933727894
"6629",2020-12-12,"09","30  day ahead inc hosp",2021-01-11,"quantile",0.15,121.857033341331
"6630",2020-12-12,"09","30  day ahead inc hosp",2021-01-11,"quantile",0.2,127.132784482051
"6631",2020-12-12,"09","30  day ahead inc hosp",2021-01-11,"quantile",0.25,131.658909199
"6632",2020-12-12,"09","30  day ahead inc hosp",2021-01-11,"quantile",0.3,135.723509080585
"6633",2020-12-12,"09","30  day ahead inc hosp",2021-01-11,"quantile",0.35,139.489966617347
"6634",2020-12-12,"09","30  day ahead inc hosp",2021-01-11,"quantile",0.4,143.063966497049
"6635",2020-12-12,"09","30  day ahead inc hosp",2021-01-11,"quantile",0.45,146.521852742224
"6636",2020-12-12,"09","30  day ahead inc hosp",2021-01-11,"quantile",0.5,149.924915507385
"6637",2020-12-12,"09","30  day ahead inc hosp",2021-01-11,"quantile",0.55,153.327978272546
"6638",2020-12-12,"09","30  day ahead inc hosp",2021-01-11,"quantile",0.6,156.785864517722
"6639",2020-12-12,"09","30  day ahead inc hosp",2021-01-11,"quantile",0.65,160.359864397424
"6640",2020-12-12,"09","30  day ahead inc hosp",2021-01-11,"quantile",0.7,164.126321934186
"6641",2020-12-12,"09","30  day ahead inc hosp",2021-01-11,"quantile",0.75,168.190921815771
"6642",2020-12-12,"09","30  day ahead inc hosp",2021-01-11,"quantile",0.8,172.71704653272
"6643",2020-12-12,"09","30  day ahead inc hosp",2021-01-11,"quantile",0.85,177.99279767344
"6644",2020-12-12,"09","30  day ahead inc hosp",2021-01-11,"quantile",0.9,184.630897286877
"6645",2020-12-12,"09","30  day ahead inc hosp",2021-01-11,"quantile",0.95,194.469560874542
"6646",2020-12-12,"09","30  day ahead inc hosp",2021-01-11,"quantile",0.975,203.003134257796
"6647",2020-12-12,"09","30  day ahead inc hosp",2021-01-11,"quantile",0.99,212.925257514623
"6648",2020-12-12,"09","31  day ahead inc hosp",2021-01-12,"quantile",0.01,87.2214347593744
"6649",2020-12-12,"09","31  day ahead inc hosp",2021-01-12,"quantile",0.025,97.2775390271362
"6650",2020-12-12,"09","31  day ahead inc hosp",2021-01-12,"quantile",0.05,105.92634347124
"6651",2020-12-12,"09","31  day ahead inc hosp",2021-01-12,"quantile",0.1,115.89786109222
"6652",2020-12-12,"09","31  day ahead inc hosp",2021-01-12,"quantile",0.15,122.625596691209
"6653",2020-12-12,"09","31  day ahead inc hosp",2021-01-12,"quantile",0.2,127.972587671727
"6654",2020-12-12,"09","31  day ahead inc hosp",2021-01-12,"quantile",0.25,132.559829827907
"6655",2020-12-12,"09","31  day ahead inc hosp",2021-01-12,"quantile",0.3,136.679315058836
"6656",2020-12-12,"09","31  day ahead inc hosp",2021-01-12,"quantile",0.35,140.496632051317
"6657",2020-12-12,"09","31  day ahead inc hosp",2021-01-12,"quantile",0.4,144.118892580939
"6658",2020-12-12,"09","31  day ahead inc hosp",2021-01-12,"quantile",0.45,147.623471563428
"6659",2020-12-12,"09","31  day ahead inc hosp",2021-01-12,"quantile",0.5,151.072486770193
"6660",2020-12-12,"09","31  day ahead inc hosp",2021-01-12,"quantile",0.55,154.521501976958
"6661",2020-12-12,"09","31  day ahead inc hosp",2021-01-12,"quantile",0.6,158.026080959447
"6662",2020-12-12,"09","31  day ahead inc hosp",2021-01-12,"quantile",0.65,161.648341489069
"6663",2020-12-12,"09","31  day ahead inc hosp",2021-01-12,"quantile",0.7,165.465658481551
"6664",2020-12-12,"09","31  day ahead inc hosp",2021-01-12,"quantile",0.75,169.585143712479
"6665",2020-12-12,"09","31  day ahead inc hosp",2021-01-12,"quantile",0.8,174.172385868659
"6666",2020-12-12,"09","31  day ahead inc hosp",2021-01-12,"quantile",0.85,179.519376849177
"6667",2020-12-12,"09","31  day ahead inc hosp",2021-01-12,"quantile",0.9,186.247112448166
"6668",2020-12-12,"09","31  day ahead inc hosp",2021-01-12,"quantile",0.95,196.218630069146
"6669",2020-12-12,"09","31  day ahead inc hosp",2021-01-12,"quantile",0.975,204.86743451325
"6670",2020-12-12,"09","31  day ahead inc hosp",2021-01-12,"quantile",0.99,214.923538781012
"6671",2020-12-12,"09","32  day ahead inc hosp",2021-01-13,"quantile",0.01,87.5294822684612
"6672",2020-12-12,"09","32  day ahead inc hosp",2021-01-13,"quantile",0.025,97.7178057892629
"6673",2020-12-12,"09","32  day ahead inc hosp",2021-01-13,"quantile",0.05,106.480326085235
"6674",2020-12-12,"09","32  day ahead inc hosp",2021-01-13,"quantile",0.1,116.582950800614
"6675",2020-12-12,"09","32  day ahead inc hosp",2021-01-13,"quantile",0.15,123.399143733762
"6676",2020-12-12,"09","32  day ahead inc hosp",2021-01-13,"quantile",0.2,128.816437799315
"6677",2020-12-12,"09","32  day ahead inc hosp",2021-01-13,"quantile",0.25,133.463993742549
"6678",2020-12-12,"09","32  day ahead inc hosp",2021-01-13,"quantile",0.3,137.637642618329
"6679",2020-12-12,"09","32  day ahead inc hosp",2021-01-13,"quantile",0.35,141.505150299761
"6680",2020-12-12,"09","32  day ahead inc hosp",2021-01-13,"quantile",0.4,145.175036885039
"6681",2020-12-12,"09","32  day ahead inc hosp",2021-01-13,"quantile",0.45,148.725694627548
"6682",2020-12-12,"09","32  day ahead inc hosp",2021-01-13,"quantile",0.5,152.220058033001
"6683",2020-12-12,"09","32  day ahead inc hosp",2021-01-13,"quantile",0.55,155.714421438454
"6684",2020-12-12,"09","32  day ahead inc hosp",2021-01-13,"quantile",0.6,159.265079180962
"6685",2020-12-12,"09","32  day ahead inc hosp",2021-01-13,"quantile",0.65,162.934965766241
"6686",2020-12-12,"09","32  day ahead inc hosp",2021-01-13,"quantile",0.7,166.802473447673
"6687",2020-12-12,"09","32  day ahead inc hosp",2021-01-13,"quantile",0.75,170.976122323452
"6688",2020-12-12,"09","32  day ahead inc hosp",2021-01-13,"quantile",0.8,175.623678266687
"6689",2020-12-12,"09","32  day ahead inc hosp",2021-01-13,"quantile",0.85,181.040972332239
"6690",2020-12-12,"09","32  day ahead inc hosp",2021-01-13,"quantile",0.9,187.857165265387
"6691",2020-12-12,"09","32  day ahead inc hosp",2021-01-13,"quantile",0.95,197.959789980766
"6692",2020-12-12,"09","32  day ahead inc hosp",2021-01-13,"quantile",0.975,206.722310276739
"6693",2020-12-12,"09","32  day ahead inc hosp",2021-01-13,"quantile",0.99,216.91063379754
"6694",2020-12-12,"09","33  day ahead inc hosp",2021-01-14,"quantile",0.01,87.8482860252368
"6695",2020-12-12,"09","33  day ahead inc hosp",2021-01-14,"quantile",0.025,98.1671347635867
"6696",2020-12-12,"09","33  day ahead inc hosp",2021-01-14,"quantile",0.05,107.041913947449
"6697",2020-12-12,"09","33  day ahead inc hosp",2021-01-14,"quantile",0.1,117.273965971068
"6698",2020-12-12,"09","33  day ahead inc hosp",2021-01-14,"quantile",0.15,124.177482894629
"6699",2020-12-12,"09","33  day ahead inc hosp",2021-01-14,"quantile",0.2,129.664179299534
"6700",2020-12-12,"09","33  day ahead inc hosp",2021-01-14,"quantile",0.25,134.371276270232
"6701",2020-12-12,"09","33  day ahead inc hosp",2021-01-14,"quantile",0.3,138.598394828866
"6702",2020-12-12,"09","33  day ahead inc hosp",2021-01-14,"quantile",0.35,142.515450140039
"6703",2020-12-12,"09","33  day ahead inc hosp",2021-01-14,"quantile",0.4,146.232352580668
"6704",2020-12-12,"09","33  day ahead inc hosp",2021-01-14,"quantile",0.45,149.828498707339
"6705",2020-12-12,"09","33  day ahead inc hosp",2021-01-14,"quantile",0.5,153.367629295809
"6706",2020-12-12,"09","33  day ahead inc hosp",2021-01-14,"quantile",0.55,156.906759884278
"6707",2020-12-12,"09","33  day ahead inc hosp",2021-01-14,"quantile",0.6,160.502906010949
"6708",2020-12-12,"09","33  day ahead inc hosp",2021-01-14,"quantile",0.65,164.219808451578
"6709",2020-12-12,"09","33  day ahead inc hosp",2021-01-14,"quantile",0.7,168.136863762751
"6710",2020-12-12,"09","33  day ahead inc hosp",2021-01-14,"quantile",0.75,172.363982321385
"6711",2020-12-12,"09","33  day ahead inc hosp",2021-01-14,"quantile",0.8,177.071079292083
"6712",2020-12-12,"09","33  day ahead inc hosp",2021-01-14,"quantile",0.85,182.557775696988
"6713",2020-12-12,"09","33  day ahead inc hosp",2021-01-14,"quantile",0.9,189.461292620549
"6714",2020-12-12,"09","33  day ahead inc hosp",2021-01-14,"quantile",0.95,199.693344644168
"6715",2020-12-12,"09","33  day ahead inc hosp",2021-01-14,"quantile",0.975,208.56812382803
"6716",2020-12-12,"09","33  day ahead inc hosp",2021-01-14,"quantile",0.99,218.88697256638
"6717",2020-12-12,"09","34  day ahead inc hosp",2021-01-15,"quantile",0.01,88.1774428902539
"6718",2020-12-12,"09","34  day ahead inc hosp",2021-01-15,"quantile",0.025,98.6251863023678
"6719",2020-12-12,"09","34  day ahead inc hosp",2021-01-15,"quantile",0.05,107.610822016511
"6720",2020-12-12,"09","34  day ahead inc hosp",2021-01-15,"quantile",0.1,117.970684519862
"6721",2020-12-12,"09","34  day ahead inc hosp",2021-01-15,"quantile",0.15,124.960434567315
"6722",2020-12-12,"09","34  day ahead inc hosp",2021-01-15,"quantile",0.2,130.515666325445
"6723",2020-12-12,"09","34  day ahead inc hosp",2021-01-15,"quantile",0.25,135.281560526706
"6724",2020-12-12,"09","34  day ahead inc hosp",2021-01-15,"quantile",0.3,139.56148081559
"6725",2020-12-12,"09","34  day ahead inc hosp",2021-01-15,"quantile",0.35,143.527464798871
"6726",2020-12-12,"09","34  day ahead inc hosp",2021-01-15,"quantile",0.4,147.290795764585
"6727",2020-12-12,"09","34  day ahead inc hosp",2021-01-15,"quantile",0.45,150.931862026588
"6728",2020-12-12,"09","34  day ahead inc hosp",2021-01-15,"quantile",0.5,154.515200558616
"6729",2020-12-12,"09","34  day ahead inc hosp",2021-01-15,"quantile",0.55,158.098539090644
"6730",2020-12-12,"09","34  day ahead inc hosp",2021-01-15,"quantile",0.6,161.739605352647
"6731",2020-12-12,"09","34  day ahead inc hosp",2021-01-15,"quantile",0.65,165.502936318361
"6732",2020-12-12,"09","34  day ahead inc hosp",2021-01-15,"quantile",0.7,169.468920301642
"6733",2020-12-12,"09","34  day ahead inc hosp",2021-01-15,"quantile",0.75,173.748840590527
"6734",2020-12-12,"09","34  day ahead inc hosp",2021-01-15,"quantile",0.8,178.514734791787
"6735",2020-12-12,"09","34  day ahead inc hosp",2021-01-15,"quantile",0.85,184.069966549918
"6736",2020-12-12,"09","34  day ahead inc hosp",2021-01-15,"quantile",0.9,191.059716597371
"6737",2020-12-12,"09","34  day ahead inc hosp",2021-01-15,"quantile",0.95,201.419579100722
"6738",2020-12-12,"09","34  day ahead inc hosp",2021-01-15,"quantile",0.975,210.405214814865
"6739",2020-12-12,"09","34  day ahead inc hosp",2021-01-15,"quantile",0.99,220.852958226979
"6740",2020-12-12,"09","35  day ahead inc hosp",2021-01-16,"quantile",0.01,88.5165742944922
"6741",2020-12-12,"09","35  day ahead inc hosp",2021-01-16,"quantile",0.025,99.091641458619
"6742",2020-12-12,"09","35  day ahead inc hosp",2021-01-16,"quantile",0.05,108.186782623673
"6743",2020-12-12,"09","35  day ahead inc hosp",2021-01-16,"quantile",0.1,118.672897898769
"6744",2020-12-12,"09","35  day ahead inc hosp",2021-01-16,"quantile",0.15,125.747830091933
"6745",2020-12-12,"09","35  day ahead inc hosp",2021-01-16,"quantile",0.2,131.370761919144
"6746",2020-12-12,"09","35  day ahead inc hosp",2021-01-16,"quantile",0.25,136.194736751549
"6747",2020-12-12,"09","35  day ahead inc hosp",2021-01-16,"quantile",0.3,140.526815242257
"6748",2020-12-12,"09","35  day ahead inc hosp",2021-01-16,"quantile",0.35,144.541131572654
"6749",2020-12-12,"09","35  day ahead inc hosp",2021-01-16,"quantile",0.4,148.350325209351
"6750",2020-12-12,"09","35  day ahead inc hosp",2021-01-16,"quantile",0.45,152.035764136294
"6751",2020-12-12,"09","35  day ahead inc hosp",2021-01-16,"quantile",0.5,155.662771821424
"6752",2020-12-12,"09","35  day ahead inc hosp",2021-01-16,"quantile",0.55,159.289779506554
"6753",2020-12-12,"09","35  day ahead inc hosp",2021-01-16,"quantile",0.6,162.975218433497
"6754",2020-12-12,"09","35  day ahead inc hosp",2021-01-16,"quantile",0.65,166.784412070193
"6755",2020-12-12,"09","35  day ahead inc hosp",2021-01-16,"quantile",0.7,170.79872840059
"6756",2020-12-12,"09","35  day ahead inc hosp",2021-01-16,"quantile",0.75,175.130806891299
"6757",2020-12-12,"09","35  day ahead inc hosp",2021-01-16,"quantile",0.8,179.954781723703
"6758",2020-12-12,"09","35  day ahead inc hosp",2021-01-16,"quantile",0.85,185.577713550915
"6759",2020-12-12,"09","35  day ahead inc hosp",2021-01-16,"quantile",0.9,192.652645744079
"6760",2020-12-12,"09","35  day ahead inc hosp",2021-01-16,"quantile",0.95,203.138761019175
"6761",2020-12-12,"09","35  day ahead inc hosp",2021-01-16,"quantile",0.975,212.233902184229
"6762",2020-12-12,"09","35  day ahead inc hosp",2021-01-16,"quantile",0.99,222.808969348356
"6763",2020-12-12,"09","36  day ahead inc hosp",2021-01-17,"quantile",0.01,95.483631754622
"6764",2020-12-12,"09","36  day ahead inc hosp",2021-01-17,"quantile",0.025,106.184507823721
"6765",2020-12-12,"09","36  day ahead inc hosp",2021-01-17,"quantile",0.05,115.38785158766
"6766",2020-12-12,"09","36  day ahead inc hosp",2021-01-17,"quantile",0.1,125.998717529556
"6767",2020-12-12,"09","36  day ahead inc hosp",2021-01-17,"quantile",0.15,133.157818405354
"6768",2020-12-12,"09","36  day ahead inc hosp",2021-01-17,"quantile",0.2,138.847644833322
"6769",2020-12-12,"09","36  day ahead inc hosp",2021-01-17,"quantile",0.25,143.729009276766
"6770",2020-12-12,"09","36  day ahead inc hosp",2021-01-17,"quantile",0.3,148.11262541189
"6771",2020-12-12,"09","36  day ahead inc hosp",2021-01-17,"quantile",0.35,152.174699050482
"6772",2020-12-12,"09","36  day ahead inc hosp",2021-01-17,"quantile",0.4,156.029209702459
"6773",2020-12-12,"09","36  day ahead inc hosp",2021-01-17,"quantile",0.45,159.758493366134
"6774",2020-12-12,"09","36  day ahead inc hosp",2021-01-17,"quantile",0.5,163.42865064626
"6775",2020-12-12,"09","36  day ahead inc hosp",2021-01-17,"quantile",0.55,167.098807926386
"6776",2020-12-12,"09","36  day ahead inc hosp",2021-01-17,"quantile",0.6,170.828091590062
"6777",2020-12-12,"09","36  day ahead inc hosp",2021-01-17,"quantile",0.65,174.682602242039
"6778",2020-12-12,"09","36  day ahead inc hosp",2021-01-17,"quantile",0.7,178.74467588063
"6779",2020-12-12,"09","36  day ahead inc hosp",2021-01-17,"quantile",0.75,183.128292015754
"6780",2020-12-12,"09","36  day ahead inc hosp",2021-01-17,"quantile",0.8,188.009656459199
"6781",2020-12-12,"09","36  day ahead inc hosp",2021-01-17,"quantile",0.85,193.699482887167
"6782",2020-12-12,"09","36  day ahead inc hosp",2021-01-17,"quantile",0.9,200.858583762965
"6783",2020-12-12,"09","36  day ahead inc hosp",2021-01-17,"quantile",0.95,211.469449704861
"6784",2020-12-12,"09","36  day ahead inc hosp",2021-01-17,"quantile",0.975,220.6727934688
"6785",2020-12-12,"09","36  day ahead inc hosp",2021-01-17,"quantile",0.99,231.373669537899
"6786",2020-12-12,"09","37  day ahead inc hosp",2021-01-18,"quantile",0.01,95.8416647922549
"6787",2020-12-12,"09","37  day ahead inc hosp",2021-01-18,"quantile",0.025,106.6668877353
"6788",2020-12-12,"09","37  day ahead inc hosp",2021-01-18,"quantile",0.05,115.977176670786
"6789",2020-12-12,"09","37  day ahead inc hosp",2021-01-18,"quantile",0.1,126.711343546289
"6790",2020-12-12,"09","37  day ahead inc hosp",2021-01-18,"quantile",0.15,133.953634976619
"6791",2020-12-12,"09","37  day ahead inc hosp",2021-01-18,"quantile",0.2,139.709578620136
"6792",2020-12-12,"09","37  day ahead inc hosp",2021-01-18,"quantile",0.25,144.647665747332
"6793",2020-12-12,"09","37  day ahead inc hosp",2021-01-18,"quantile",0.3,149.082220605554
"6794",2020-12-12,"09","37  day ahead inc hosp",2021-01-18,"quantile",0.35,153.191496562483
"6795",2020-12-12,"09","37  day ahead inc hosp",2021-01-18,"quantile",0.4,157.090797598636
"6796",2020-12-12,"09","37  day ahead inc hosp",2021-01-18,"quantile",0.45,160.863416477358
"6797",2020-12-12,"09","37  day ahead inc hosp",2021-01-18,"quantile",0.5,164.576221909068
"6798",2020-12-12,"09","37  day ahead inc hosp",2021-01-18,"quantile",0.55,168.289027340778
"6799",2020-12-12,"09","37  day ahead inc hosp",2021-01-18,"quantile",0.6,172.0616462195
"6800",2020-12-12,"09","37  day ahead inc hosp",2021-01-18,"quantile",0.65,175.960947255654
"6801",2020-12-12,"09","37  day ahead inc hosp",2021-01-18,"quantile",0.7,180.070223212583
"6802",2020-12-12,"09","37  day ahead inc hosp",2021-01-18,"quantile",0.75,184.504778070804
"6803",2020-12-12,"09","37  day ahead inc hosp",2021-01-18,"quantile",0.8,189.442865198001
"6804",2020-12-12,"09","37  day ahead inc hosp",2021-01-18,"quantile",0.85,195.198808841517
"6805",2020-12-12,"09","37  day ahead inc hosp",2021-01-18,"quantile",0.9,202.441100271847
"6806",2020-12-12,"09","37  day ahead inc hosp",2021-01-18,"quantile",0.95,213.175267147351
"6807",2020-12-12,"09","37  day ahead inc hosp",2021-01-18,"quantile",0.975,222.485556082836
"6808",2020-12-12,"09","37  day ahead inc hosp",2021-01-18,"quantile",0.99,233.310779025881
"6809",2020-12-12,"10","1  day ahead inc hosp",2020-12-13,"quantile",0.01,18.1847739302271
"6810",2020-12-12,"10","1  day ahead inc hosp",2020-12-13,"quantile",0.025,19.9119668355701
"6811",2020-12-12,"10","1  day ahead inc hosp",2020-12-13,"quantile",0.05,21.3974480197145
"6812",2020-12-12,"10","1  day ahead inc hosp",2020-12-13,"quantile",0.1,23.110112689041
"6813",2020-12-12,"10","1  day ahead inc hosp",2020-12-13,"quantile",0.15,24.2656394105418
"6814",2020-12-12,"10","1  day ahead inc hosp",2020-12-13,"quantile",0.2,25.1840154178481
"6815",2020-12-12,"10","1  day ahead inc hosp",2020-12-13,"quantile",0.25,25.9719002583667
"6816",2020-12-12,"10","1  day ahead inc hosp",2020-12-13,"quantile",0.3,26.6794451957571
"6817",2020-12-12,"10","1  day ahead inc hosp",2020-12-13,"quantile",0.35,27.3350910255239
"6818",2020-12-12,"10","1  day ahead inc hosp",2020-12-13,"quantile",0.4,27.9572348022272
"6819",2020-12-12,"10","1  day ahead inc hosp",2020-12-13,"quantile",0.45,28.5591661061988
"6820",2020-12-12,"10","1  day ahead inc hosp",2020-12-13,"quantile",0.5,29.151554016758
"6821",2020-12-12,"10","1  day ahead inc hosp",2020-12-13,"quantile",0.55,29.7439419273172
"6822",2020-12-12,"10","1  day ahead inc hosp",2020-12-13,"quantile",0.6,30.3458732312889
"6823",2020-12-12,"10","1  day ahead inc hosp",2020-12-13,"quantile",0.65,30.9680170079921
"6824",2020-12-12,"10","1  day ahead inc hosp",2020-12-13,"quantile",0.7,31.6236628377589
"6825",2020-12-12,"10","1  day ahead inc hosp",2020-12-13,"quantile",0.75,32.3312077751493
"6826",2020-12-12,"10","1  day ahead inc hosp",2020-12-13,"quantile",0.8,33.1190926156679
"6827",2020-12-12,"10","1  day ahead inc hosp",2020-12-13,"quantile",0.85,34.0374686229742
"6828",2020-12-12,"10","1  day ahead inc hosp",2020-12-13,"quantile",0.9,35.1929953444751
"6829",2020-12-12,"10","1  day ahead inc hosp",2020-12-13,"quantile",0.95,36.9056600138015
"6830",2020-12-12,"10","1  day ahead inc hosp",2020-12-13,"quantile",0.975,38.391141197946
"6831",2020-12-12,"10","1  day ahead inc hosp",2020-12-13,"quantile",0.99,40.1183341032889
"6832",2020-12-12,"10","2  day ahead inc hosp",2020-12-14,"quantile",0.01,12.7735804851962
"6833",2020-12-12,"10","2  day ahead inc hosp",2020-12-14,"quantile",0.025,14.5501028081093
"6834",2020-12-12,"10","2  day ahead inc hosp",2020-12-14,"quantile",0.05,16.0780100127628
"6835",2020-12-12,"10","2  day ahead inc hosp",2020-12-14,"quantile",0.1,17.839589166609
"6836",2020-12-12,"10","2  day ahead inc hosp",2020-12-14,"quantile",0.15,19.0281182585932
"6837",2020-12-12,"10","2  day ahead inc hosp",2020-12-14,"quantile",0.2,19.9727235037633
"6838",2020-12-12,"10","2  day ahead inc hosp",2020-12-14,"quantile",0.25,20.7831106948733
"6839",2020-12-12,"10","2  day ahead inc hosp",2020-12-14,"quantile",0.3,21.5108634385592
"6840",2020-12-12,"10","2  day ahead inc hosp",2020-12-14,"quantile",0.35,22.185234812424
"6841",2020-12-12,"10","2  day ahead inc hosp",2020-12-14,"quantile",0.4,22.8251472993013
"6842",2020-12-12,"10","2  day ahead inc hosp",2020-12-14,"quantile",0.45,23.444270036002
"6843",2020-12-12,"10","2  day ahead inc hosp",2020-12-14,"quantile",0.5,24.0535768156192
"6844",2020-12-12,"10","2  day ahead inc hosp",2020-12-14,"quantile",0.55,24.6628835952364
"6845",2020-12-12,"10","2  day ahead inc hosp",2020-12-14,"quantile",0.6,25.2820063319371
"6846",2020-12-12,"10","2  day ahead inc hosp",2020-12-14,"quantile",0.65,25.9219188188144
"6847",2020-12-12,"10","2  day ahead inc hosp",2020-12-14,"quantile",0.7,26.5962901926792
"6848",2020-12-12,"10","2  day ahead inc hosp",2020-12-14,"quantile",0.75,27.3240429363651
"6849",2020-12-12,"10","2  day ahead inc hosp",2020-12-14,"quantile",0.8,28.1344301274751
"6850",2020-12-12,"10","2  day ahead inc hosp",2020-12-14,"quantile",0.85,29.0790353726452
"6851",2020-12-12,"10","2  day ahead inc hosp",2020-12-14,"quantile",0.9,30.2675644646294
"6852",2020-12-12,"10","2  day ahead inc hosp",2020-12-14,"quantile",0.95,32.0291436184756
"6853",2020-12-12,"10","2  day ahead inc hosp",2020-12-14,"quantile",0.975,33.5570508231291
"6854",2020-12-12,"10","2  day ahead inc hosp",2020-12-14,"quantile",0.99,35.3335731460422
"6855",2020-12-12,"10","3  day ahead inc hosp",2020-12-15,"quantile",0.01,19.8692420115054
"6856",2020-12-12,"10","3  day ahead inc hosp",2020-12-15,"quantile",0.025,21.8139973404852
"6857",2020-12-12,"10","3  day ahead inc hosp",2020-12-15,"quantile",0.05,23.4865942114124
"6858",2020-12-12,"10","3  day ahead inc hosp",2020-12-15,"quantile",0.1,25.414991283983
"6859",2020-12-12,"10","3  day ahead inc hosp",2020-12-15,"quantile",0.15,26.7160716337607
"6860",2020-12-12,"10","3  day ahead inc hosp",2020-12-15,"quantile",0.2,27.7501290506777
"6861",2020-12-12,"10","3  day ahead inc hosp",2020-12-15,"quantile",0.25,28.6372582401741
"6862",2020-12-12,"10","3  day ahead inc hosp",2020-12-15,"quantile",0.3,29.4339276702222
"6863",2020-12-12,"10","3  day ahead inc hosp",2020-12-15,"quantile",0.35,30.1721606246409
"6864",2020-12-12,"10","3  day ahead inc hosp",2020-12-15,"quantile",0.4,30.8726715064263
"6865",2020-12-12,"10","3  day ahead inc hosp",2020-12-15,"quantile",0.45,31.5504238915001
"6866",2020-12-12,"10","3  day ahead inc hosp",2020-12-15,"quantile",0.5,32.217430768566
"6867",2020-12-12,"10","3  day ahead inc hosp",2020-12-15,"quantile",0.55,32.8844376456319
"6868",2020-12-12,"10","3  day ahead inc hosp",2020-12-15,"quantile",0.6,33.5621900307056
"6869",2020-12-12,"10","3  day ahead inc hosp",2020-12-15,"quantile",0.65,34.262700912491
"6870",2020-12-12,"10","3  day ahead inc hosp",2020-12-15,"quantile",0.7,35.0009338669098
"6871",2020-12-12,"10","3  day ahead inc hosp",2020-12-15,"quantile",0.75,35.7976032969578
"6872",2020-12-12,"10","3  day ahead inc hosp",2020-12-15,"quantile",0.8,36.6847324864543
"6873",2020-12-12,"10","3  day ahead inc hosp",2020-12-15,"quantile",0.85,37.7187899033712
"6874",2020-12-12,"10","3  day ahead inc hosp",2020-12-15,"quantile",0.9,39.019870253149
"6875",2020-12-12,"10","3  day ahead inc hosp",2020-12-15,"quantile",0.95,40.9482673257196
"6876",2020-12-12,"10","3  day ahead inc hosp",2020-12-15,"quantile",0.975,42.6208641966467
"6877",2020-12-12,"10","3  day ahead inc hosp",2020-12-15,"quantile",0.99,44.5656195256265
"6878",2020-12-12,"10","4  day ahead inc hosp",2020-12-16,"quantile",0.01,19.7817507050781
"6879",2020-12-12,"10","4  day ahead inc hosp",2020-12-16,"quantile",0.025,22.0397576747761
"6880",2020-12-12,"10","4  day ahead inc hosp",2020-12-16,"quantile",0.05,23.9817682381459
"6881",2020-12-12,"10","4  day ahead inc hosp",2020-12-16,"quantile",0.1,26.2207820438023
"6882",2020-12-12,"10","4  day ahead inc hosp",2020-12-16,"quantile",0.15,27.7314340287369
"6883",2020-12-12,"10","4  day ahead inc hosp",2020-12-16,"quantile",0.2,28.9320523377204
"6884",2020-12-12,"10","4  day ahead inc hosp",2020-12-16,"quantile",0.25,29.9620759417469
"6885",2020-12-12,"10","4  day ahead inc hosp",2020-12-16,"quantile",0.3,30.8870689723805
"6886",2020-12-12,"10","4  day ahead inc hosp",2020-12-16,"quantile",0.35,31.7442128667812
"6887",2020-12-12,"10","4  day ahead inc hosp",2020-12-16,"quantile",0.4,32.5575586022833
"6888",2020-12-12,"10","4  day ahead inc hosp",2020-12-16,"quantile",0.45,33.3444800141551
"6889",2020-12-12,"10","4  day ahead inc hosp",2020-12-16,"quantile",0.5,34.1189250843437
"6890",2020-12-12,"10","4  day ahead inc hosp",2020-12-16,"quantile",0.55,34.8933701545322
"6891",2020-12-12,"10","4  day ahead inc hosp",2020-12-16,"quantile",0.6,35.680291566404
"6892",2020-12-12,"10","4  day ahead inc hosp",2020-12-16,"quantile",0.65,36.4936373019061
"6893",2020-12-12,"10","4  day ahead inc hosp",2020-12-16,"quantile",0.7,37.3507811963069
"6894",2020-12-12,"10","4  day ahead inc hosp",2020-12-16,"quantile",0.75,38.2757742269405
"6895",2020-12-12,"10","4  day ahead inc hosp",2020-12-16,"quantile",0.8,39.305797830967
"6896",2020-12-12,"10","4  day ahead inc hosp",2020-12-16,"quantile",0.85,40.5064161399505
"6897",2020-12-12,"10","4  day ahead inc hosp",2020-12-16,"quantile",0.9,42.017068124885
"6898",2020-12-12,"10","4  day ahead inc hosp",2020-12-16,"quantile",0.95,44.2560819305415
"6899",2020-12-12,"10","4  day ahead inc hosp",2020-12-16,"quantile",0.975,46.1980924939113
"6900",2020-12-12,"10","4  day ahead inc hosp",2020-12-16,"quantile",0.99,48.4560994636093
"6901",2020-12-12,"10","5  day ahead inc hosp",2020-12-17,"quantile",0.01,14.2797064026638
"6902",2020-12-12,"10","5  day ahead inc hosp",2020-12-17,"quantile",0.025,16.6829329801682
"6903",2020-12-12,"10","5  day ahead inc hosp",2020-12-17,"quantile",0.05,18.7498404177077
"6904",2020-12-12,"10","5  day ahead inc hosp",2020-12-17,"quantile",0.1,21.1328523204002
"6905",2020-12-12,"10","5  day ahead inc hosp",2020-12-17,"quantile",0.15,22.7406591377724
"6906",2020-12-12,"10","5  day ahead inc hosp",2020-12-17,"quantile",0.2,24.0184930277065
"6907",2020-12-12,"10","5  day ahead inc hosp",2020-12-17,"quantile",0.25,25.114760724783
"6908",2020-12-12,"10","5  day ahead inc hosp",2020-12-17,"quantile",0.3,26.0992429983352
"6909",2020-12-12,"10","5  day ahead inc hosp",2020-12-17,"quantile",0.35,27.0115125419695
"6910",2020-12-12,"10","5  day ahead inc hosp",2020-12-17,"quantile",0.4,27.8771671278453
"6911",2020-12-12,"10","5  day ahead inc hosp",2020-12-17,"quantile",0.45,28.714697957819
"6912",2020-12-12,"10","5  day ahead inc hosp",2020-12-17,"quantile",0.5,29.5389500529059
"6913",2020-12-12,"10","5  day ahead inc hosp",2020-12-17,"quantile",0.55,30.3632021479928
"6914",2020-12-12,"10","5  day ahead inc hosp",2020-12-17,"quantile",0.6,31.2007329779665
"6915",2020-12-12,"10","5  day ahead inc hosp",2020-12-17,"quantile",0.65,32.0663875638423
"6916",2020-12-12,"10","5  day ahead inc hosp",2020-12-17,"quantile",0.7,32.9786571074766
"6917",2020-12-12,"10","5  day ahead inc hosp",2020-12-17,"quantile",0.75,33.9631393810288
"6918",2020-12-12,"10","5  day ahead inc hosp",2020-12-17,"quantile",0.8,35.0594070781053
"6919",2020-12-12,"10","5  day ahead inc hosp",2020-12-17,"quantile",0.85,36.3372409680394
"6920",2020-12-12,"10","5  day ahead inc hosp",2020-12-17,"quantile",0.9,37.9450477854116
"6921",2020-12-12,"10","5  day ahead inc hosp",2020-12-17,"quantile",0.95,40.3280596881041
"6922",2020-12-12,"10","5  day ahead inc hosp",2020-12-17,"quantile",0.975,42.3949671256436
"6923",2020-12-12,"10","5  day ahead inc hosp",2020-12-17,"quantile",0.99,44.798193703148
"6924",2020-12-12,"10","6  day ahead inc hosp",2020-12-18,"quantile",0.01,10.4869458797365
"6925",2020-12-12,"10","6  day ahead inc hosp",2020-12-18,"quantile",0.025,13.0430581778072
"6926",2020-12-12,"10","6  day ahead inc hosp",2020-12-18,"quantile",0.05,15.2414557694129
"6927",2020-12-12,"10","6  day ahead inc hosp",2020-12-18,"quantile",0.1,17.7760673986029
"6928",2020-12-12,"10","6  day ahead inc hosp",2020-12-18,"quantile",0.15,19.4861578317217
"6929",2020-12-12,"10","6  day ahead inc hosp",2020-12-18,"quantile",0.2,20.8452834969946
"6930",2020-12-12,"10","6  day ahead inc hosp",2020-12-18,"quantile",0.25,22.0112922989548
"6931",2020-12-12,"10","6  day ahead inc hosp",2020-12-18,"quantile",0.3,23.058404240132
"6932",2020-12-12,"10","6  day ahead inc hosp",2020-12-18,"quantile",0.35,24.0287095045073
"6933",2020-12-12,"10","6  day ahead inc hosp",2020-12-18,"quantile",0.4,24.9494343140407
"6934",2020-12-12,"10","6  day ahead inc hosp",2020-12-18,"quantile",0.45,25.8402462227257
"6935",2020-12-12,"10","6  day ahead inc hosp",2020-12-18,"quantile",0.5,26.7169346451507
"6936",2020-12-12,"10","6  day ahead inc hosp",2020-12-18,"quantile",0.55,27.5936230675757
"6937",2020-12-12,"10","6  day ahead inc hosp",2020-12-18,"quantile",0.6,28.4844349762607
"6938",2020-12-12,"10","6  day ahead inc hosp",2020-12-18,"quantile",0.65,29.4051597857941
"6939",2020-12-12,"10","6  day ahead inc hosp",2020-12-18,"quantile",0.7,30.3754650501694
"6940",2020-12-12,"10","6  day ahead inc hosp",2020-12-18,"quantile",0.75,31.4225769913466
"6941",2020-12-12,"10","6  day ahead inc hosp",2020-12-18,"quantile",0.8,32.5885857933068
"6942",2020-12-12,"10","6  day ahead inc hosp",2020-12-18,"quantile",0.85,33.9477114585797
"6943",2020-12-12,"10","6  day ahead inc hosp",2020-12-18,"quantile",0.9,35.6578018916985
"6944",2020-12-12,"10","6  day ahead inc hosp",2020-12-18,"quantile",0.95,38.1924135208885
"6945",2020-12-12,"10","6  day ahead inc hosp",2020-12-18,"quantile",0.975,40.3908111124942
"6946",2020-12-12,"10","6  day ahead inc hosp",2020-12-18,"quantile",0.99,42.9469234105649
"6947",2020-12-12,"10","7  day ahead inc hosp",2020-12-19,"quantile",0.01,17.3539520615363
"6948",2020-12-12,"10","7  day ahead inc hosp",2020-12-19,"quantile",0.025,20.0003456611511
"6949",2020-12-12,"10","7  day ahead inc hosp",2020-12-19,"quantile",0.05,22.2763901527116
"6950",2020-12-12,"10","7  day ahead inc hosp",2020-12-19,"quantile",0.1,24.90052368474
"6951",2020-12-12,"10","7  day ahead inc hosp",2020-12-19,"quantile",0.15,26.6710141206977
"6952",2020-12-12,"10","7  day ahead inc hosp",2020-12-19,"quantile",0.2,28.0781437935079
"6953",2020-12-12,"10","7  day ahead inc hosp",2020-12-19,"quantile",0.25,29.2853357595772
"6954",2020-12-12,"10","7  day ahead inc hosp",2020-12-19,"quantile",0.3,30.3694314549437
"6955",2020-12-12,"10","7  day ahead inc hosp",2020-12-19,"quantile",0.35,31.3740076792564
"6956",2020-12-12,"10","7  day ahead inc hosp",2020-12-19,"quantile",0.4,32.327252278406
"6957",2020-12-12,"10","7  day ahead inc hosp",2020-12-19,"quantile",0.45,33.2495274598931
"6958",2020-12-12,"10","7  day ahead inc hosp",2020-12-19,"quantile",0.5,34.1571803168169
"6959",2020-12-12,"10","7  day ahead inc hosp",2020-12-19,"quantile",0.55,35.0648331737407
"6960",2020-12-12,"10","7  day ahead inc hosp",2020-12-19,"quantile",0.6,35.9871083552278
"6961",2020-12-12,"10","7  day ahead inc hosp",2020-12-19,"quantile",0.65,36.9403529543774
"6962",2020-12-12,"10","7  day ahead inc hosp",2020-12-19,"quantile",0.7,37.9449291786902
"6963",2020-12-12,"10","7  day ahead inc hosp",2020-12-19,"quantile",0.75,39.0290248740566
"6964",2020-12-12,"10","7  day ahead inc hosp",2020-12-19,"quantile",0.8,40.2362168401259
"6965",2020-12-12,"10","7  day ahead inc hosp",2020-12-19,"quantile",0.85,41.6433465129361
"6966",2020-12-12,"10","7  day ahead inc hosp",2020-12-19,"quantile",0.9,43.4138369488938
"6967",2020-12-12,"10","7  day ahead inc hosp",2020-12-19,"quantile",0.95,46.0379704809223
"6968",2020-12-12,"10","7  day ahead inc hosp",2020-12-19,"quantile",0.975,48.3140149724827
"6969",2020-12-12,"10","7  day ahead inc hosp",2020-12-19,"quantile",0.99,50.9604085720976
"6970",2020-12-12,"10","8  day ahead inc hosp",2020-12-20,"quantile",0.01,16.7265890338236
"6971",2020-12-12,"10","8  day ahead inc hosp",2020-12-20,"quantile",0.025,19.6080306280373
"6972",2020-12-12,"10","8  day ahead inc hosp",2020-12-20,"quantile",0.05,22.0862293620493
"6973",2020-12-12,"10","8  day ahead inc hosp",2020-12-20,"quantile",0.1,24.9434337888806
"6974",2020-12-12,"10","8  day ahead inc hosp",2020-12-20,"quantile",0.15,26.8711760510553
"6975",2020-12-12,"10","8  day ahead inc hosp",2020-12-20,"quantile",0.2,28.4032844903583
"6976",2020-12-12,"10","8  day ahead inc hosp",2020-12-20,"quantile",0.25,29.7176971097582
"6977",2020-12-12,"10","8  day ahead inc hosp",2020-12-20,"quantile",0.3,30.898080265609
"6978",2020-12-12,"10","8  day ahead inc hosp",2020-12-20,"quantile",0.35,31.9918811717607
"6979",2020-12-12,"10","8  day ahead inc hosp",2020-12-20,"quantile",0.4,33.0297912686748
"6980",2020-12-12,"10","8  day ahead inc hosp",2020-12-20,"quantile",0.45,34.0339812990749
"6981",2020-12-12,"10","8  day ahead inc hosp",2020-12-20,"quantile",0.5,35.02225027593
"6982",2020-12-12,"10","8  day ahead inc hosp",2020-12-20,"quantile",0.55,36.010519252785
"6983",2020-12-12,"10","8  day ahead inc hosp",2020-12-20,"quantile",0.6,37.0147092831852
"6984",2020-12-12,"10","8  day ahead inc hosp",2020-12-20,"quantile",0.65,38.0526193800993
"6985",2020-12-12,"10","8  day ahead inc hosp",2020-12-20,"quantile",0.7,39.146420286251
"6986",2020-12-12,"10","8  day ahead inc hosp",2020-12-20,"quantile",0.75,40.3268034421018
"6987",2020-12-12,"10","8  day ahead inc hosp",2020-12-20,"quantile",0.8,41.6412160615017
"6988",2020-12-12,"10","8  day ahead inc hosp",2020-12-20,"quantile",0.85,43.1733245008047
"6989",2020-12-12,"10","8  day ahead inc hosp",2020-12-20,"quantile",0.9,45.1010667629794
"6990",2020-12-12,"10","8  day ahead inc hosp",2020-12-20,"quantile",0.95,47.9582711898106
"6991",2020-12-12,"10","8  day ahead inc hosp",2020-12-20,"quantile",0.975,50.4364699238227
"6992",2020-12-12,"10","8  day ahead inc hosp",2020-12-20,"quantile",0.99,53.3179115180364
"6993",2020-12-12,"10","9  day ahead inc hosp",2020-12-21,"quantile",0.01,9.86027798025432
"6994",2020-12-12,"10","9  day ahead inc hosp",2020-12-21,"quantile",0.025,12.8717033714767
"6995",2020-12-12,"10","9  day ahead inc hosp",2020-12-21,"quantile",0.05,15.4616953418452
"6996",2020-12-12,"10","9  day ahead inc hosp",2020-12-21,"quantile",0.1,18.4477902105219
"6997",2020-12-12,"10","9  day ahead inc hosp",2020-12-21,"quantile",0.15,20.4624942419008
"6998",2020-12-12,"10","9  day ahead inc hosp",2020-12-21,"quantile",0.2,22.0637171386233
"6999",2020-12-12,"10","9  day ahead inc hosp",2020-12-21,"quantile",0.25,23.437423808421
"7000",2020-12-12,"10","9  day ahead inc hosp",2020-12-21,"quantile",0.3,24.6710548540888
"7001",2020-12-12,"10","9  day ahead inc hosp",2020-12-21,"quantile",0.35,25.8141978656778
"7002",2020-12-12,"10","9  day ahead inc hosp",2020-12-21,"quantile",0.4,26.898928795477
"7003",2020-12-12,"10","9  day ahead inc hosp",2020-12-21,"quantile",0.45,27.9484185235465
"7004",2020-12-12,"10","9  day ahead inc hosp",2020-12-21,"quantile",0.5,28.9812689884787
"7005",2020-12-12,"10","9  day ahead inc hosp",2020-12-21,"quantile",0.55,30.014119453411
"7006",2020-12-12,"10","9  day ahead inc hosp",2020-12-21,"quantile",0.6,31.0636091814804
"7007",2020-12-12,"10","9  day ahead inc hosp",2020-12-21,"quantile",0.65,32.1483401112796
"7008",2020-12-12,"10","9  day ahead inc hosp",2020-12-21,"quantile",0.7,33.2914831228686
"7009",2020-12-12,"10","9  day ahead inc hosp",2020-12-21,"quantile",0.75,34.5251141685364
"7010",2020-12-12,"10","9  day ahead inc hosp",2020-12-21,"quantile",0.8,35.8988208383341
"7011",2020-12-12,"10","9  day ahead inc hosp",2020-12-21,"quantile",0.85,37.5000437350566
"7012",2020-12-12,"10","9  day ahead inc hosp",2020-12-21,"quantile",0.9,39.5147477664355
"7013",2020-12-12,"10","9  day ahead inc hosp",2020-12-21,"quantile",0.95,42.5008426351122
"7014",2020-12-12,"10","9  day ahead inc hosp",2020-12-21,"quantile",0.975,45.0908346054807
"7015",2020-12-12,"10","9  day ahead inc hosp",2020-12-21,"quantile",0.99,48.1022599967031
"7016",2020-12-12,"10","10  day ahead inc hosp",2020-12-22,"quantile",0.01,10.5307994381007
"7017",2020-12-12,"10","10  day ahead inc hosp",2020-12-22,"quantile",0.025,13.6245920587175
"7018",2020-12-12,"10","10  day ahead inc hosp",2020-12-22,"quantile",0.05,16.2854243903895
"7019",2020-12-12,"10","10  day ahead inc hosp",2020-12-22,"quantile",0.1,19.353193658757
"7020",2020-12-12,"10","10  day ahead inc hosp",2020-12-22,"quantile",0.15,21.4230030198572
"7021",2020-12-12,"10","10  day ahead inc hosp",2020-12-22,"quantile",0.2,23.0680218857676
"7022",2020-12-12,"10","10  day ahead inc hosp",2020-12-22,"quantile",0.25,24.4793015974616
"7023",2020-12-12,"10","10  day ahead inc hosp",2020-12-22,"quantile",0.3,25.7466743959959
"7024",2020-12-12,"10","10  day ahead inc hosp",2020-12-22,"quantile",0.35,26.9210841701422
"7025",2020-12-12,"10","10  day ahead inc hosp",2020-12-22,"quantile",0.4,28.0354842000247
"7026",2020-12-12,"10","10  day ahead inc hosp",2020-12-22,"quantile",0.45,29.1136791257826
"7027",2020-12-12,"10","10  day ahead inc hosp",2020-12-22,"quantile",0.5,30.1747796783389
"7028",2020-12-12,"10","10  day ahead inc hosp",2020-12-22,"quantile",0.55,31.2358802308951
"7029",2020-12-12,"10","10  day ahead inc hosp",2020-12-22,"quantile",0.6,32.314075156653
"7030",2020-12-12,"10","10  day ahead inc hosp",2020-12-22,"quantile",0.65,33.4284751865356
"7031",2020-12-12,"10","10  day ahead inc hosp",2020-12-22,"quantile",0.7,34.6028849606818
"7032",2020-12-12,"10","10  day ahead inc hosp",2020-12-22,"quantile",0.75,35.8702577592161
"7033",2020-12-12,"10","10  day ahead inc hosp",2020-12-22,"quantile",0.8,37.2815374709101
"7034",2020-12-12,"10","10  day ahead inc hosp",2020-12-22,"quantile",0.85,38.9265563368205
"7035",2020-12-12,"10","10  day ahead inc hosp",2020-12-22,"quantile",0.9,40.9963656979208
"7036",2020-12-12,"10","10  day ahead inc hosp",2020-12-22,"quantile",0.95,44.0641349662882
"7037",2020-12-12,"10","10  day ahead inc hosp",2020-12-22,"quantile",0.975,46.7249672979603
"7038",2020-12-12,"10","10  day ahead inc hosp",2020-12-22,"quantile",0.99,49.818759918577
"7039",2020-12-12,"10","11  day ahead inc hosp",2020-12-23,"quantile",0.01,15.4915912756569
"7040",2020-12-12,"10","11  day ahead inc hosp",2020-12-23,"quantile",0.025,18.7153871425806
"7041",2020-12-12,"10","11  day ahead inc hosp",2020-12-23,"quantile",0.05,21.4880294380785
"7042",2020-12-12,"10","11  day ahead inc hosp",2020-12-23,"quantile",0.1,24.6847084339922
"7043",2020-12-12,"10","11  day ahead inc hosp",2020-12-23,"quantile",0.15,26.8414925762676
"7044",2020-12-12,"10","11  day ahead inc hosp",2020-12-23,"quantile",0.2,28.5556362410994
"7045",2020-12-12,"10","11  day ahead inc hosp",2020-12-23,"quantile",0.25,30.026218875279
"7046",2020-12-12,"10","11  day ahead inc hosp",2020-12-23,"quantile",0.3,31.3468475310394
"7047",2020-12-12,"10","11  day ahead inc hosp",2020-12-23,"quantile",0.35,32.5706067936149
"7048",2020-12-12,"10","11  day ahead inc hosp",2020-12-23,"quantile",0.4,33.7318346621198
"7049",2020-12-12,"10","11  day ahead inc hosp",2020-12-23,"quantile",0.45,34.8553360636789
"7050",2020-12-12,"10","11  day ahead inc hosp",2020-12-23,"quantile",0.5,35.9610247749796
"7051",2020-12-12,"10","11  day ahead inc hosp",2020-12-23,"quantile",0.55,37.0667134862803
"7052",2020-12-12,"10","11  day ahead inc hosp",2020-12-23,"quantile",0.6,38.1902148878394
"7053",2020-12-12,"10","11  day ahead inc hosp",2020-12-23,"quantile",0.65,39.3514427563443
"7054",2020-12-12,"10","11  day ahead inc hosp",2020-12-23,"quantile",0.7,40.5752020189198
"7055",2020-12-12,"10","11  day ahead inc hosp",2020-12-23,"quantile",0.75,41.8958306746802
"7056",2020-12-12,"10","11  day ahead inc hosp",2020-12-23,"quantile",0.8,43.3664133088598
"7057",2020-12-12,"10","11  day ahead inc hosp",2020-12-23,"quantile",0.85,45.0805569736916
"7058",2020-12-12,"10","11  day ahead inc hosp",2020-12-23,"quantile",0.9,47.237341115967
"7059",2020-12-12,"10","11  day ahead inc hosp",2020-12-23,"quantile",0.95,50.4340201118807
"7060",2020-12-12,"10","11  day ahead inc hosp",2020-12-23,"quantile",0.975,53.2066624073786
"7061",2020-12-12,"10","11  day ahead inc hosp",2020-12-23,"quantile",0.99,56.4304582743023
"7062",2020-12-12,"10","12  day ahead inc hosp",2020-12-24,"quantile",0.01,13.3257033998912
"7063",2020-12-12,"10","12  day ahead inc hosp",2020-12-24,"quantile",0.025,16.7064931494721
"7064",2020-12-12,"10","12  day ahead inc hosp",2020-12-24,"quantile",0.05,19.614158845073
"7065",2020-12-12,"10","12  day ahead inc hosp",2020-12-24,"quantile",0.1,22.9665111738816
"7066",2020-12-12,"10","12  day ahead inc hosp",2020-12-24,"quantile",0.15,25.2283273748005
"7067",2020-12-12,"10","12  day ahead inc hosp",2020-12-24,"quantile",0.2,27.0259471902581
"7068",2020-12-12,"10","12  day ahead inc hosp",2020-12-24,"quantile",0.25,28.5681449288173
"7069",2020-12-12,"10","12  day ahead inc hosp",2020-12-24,"quantile",0.3,29.9530861616684
"7070",2020-12-12,"10","12  day ahead inc hosp",2020-12-24,"quantile",0.35,31.2364406114083
"7071",2020-12-12,"10","12  day ahead inc hosp",2020-12-24,"quantile",0.4,32.4542184847063
"7072",2020-12-12,"10","12  day ahead inc hosp",2020-12-24,"quantile",0.45,33.6324326703506
"7073",2020-12-12,"10","12  day ahead inc hosp",2020-12-24,"quantile",0.5,34.7919667152154
"7074",2020-12-12,"10","12  day ahead inc hosp",2020-12-24,"quantile",0.55,35.9515007600803
"7075",2020-12-12,"10","12  day ahead inc hosp",2020-12-24,"quantile",0.6,37.1297149457246
"7076",2020-12-12,"10","12  day ahead inc hosp",2020-12-24,"quantile",0.65,38.3474928190225
"7077",2020-12-12,"10","12  day ahead inc hosp",2020-12-24,"quantile",0.7,39.6308472687625
"7078",2020-12-12,"10","12  day ahead inc hosp",2020-12-24,"quantile",0.75,41.0157885016135
"7079",2020-12-12,"10","12  day ahead inc hosp",2020-12-24,"quantile",0.8,42.5579862401727
"7080",2020-12-12,"10","12  day ahead inc hosp",2020-12-24,"quantile",0.85,44.3556060556304
"7081",2020-12-12,"10","12  day ahead inc hosp",2020-12-24,"quantile",0.9,46.6174222565492
"7082",2020-12-12,"10","12  day ahead inc hosp",2020-12-24,"quantile",0.95,49.9697745853579
"7083",2020-12-12,"10","12  day ahead inc hosp",2020-12-24,"quantile",0.975,52.8774402809587
"7084",2020-12-12,"10","12  day ahead inc hosp",2020-12-24,"quantile",0.99,56.2582300305396
"7085",2020-12-12,"10","13  day ahead inc hosp",2020-12-25,"quantile",0.01,7.75871460549813
"7086",2020-12-12,"10","13  day ahead inc hosp",2020-12-25,"quantile",0.025,11.2486085338979
"7087",2020-12-12,"10","13  day ahead inc hosp",2020-12-25,"quantile",0.05,14.2501098423278
"7088",2020-12-12,"10","13  day ahead inc hosp",2020-12-25,"quantile",0.1,17.7106486231309
"7089",2020-12-12,"10","13  day ahead inc hosp",2020-12-25,"quantile",0.15,20.0454577095941
"7090",2020-12-12,"10","13  day ahead inc hosp",2020-12-25,"quantile",0.2,21.9010899565607
"7091",2020-12-12,"10","13  day ahead inc hosp",2020-12-25,"quantile",0.25,23.4930571958299
"7092",2020-12-12,"10","13  day ahead inc hosp",2020-12-25,"quantile",0.3,24.9226929785095
"7093",2020-12-12,"10","13  day ahead inc hosp",2020-12-25,"quantile",0.35,26.2474635894851
"7094",2020-12-12,"10","13  day ahead inc hosp",2020-12-25,"quantile",0.4,27.5045413497004
"7095",2020-12-12,"10","13  day ahead inc hosp",2020-12-25,"quantile",0.45,28.7207786307512
"7096",2020-12-12,"10","13  day ahead inc hosp",2020-12-25,"quantile",0.5,29.9177329292101
"7097",2020-12-12,"10","13  day ahead inc hosp",2020-12-25,"quantile",0.55,31.114687227669
"7098",2020-12-12,"10","13  day ahead inc hosp",2020-12-25,"quantile",0.6,32.3309245087197
"7099",2020-12-12,"10","13  day ahead inc hosp",2020-12-25,"quantile",0.65,33.5880022689351
"7100",2020-12-12,"10","13  day ahead inc hosp",2020-12-25,"quantile",0.7,34.9127728799107
"7101",2020-12-12,"10","13  day ahead inc hosp",2020-12-25,"quantile",0.75,36.3424086625903
"7102",2020-12-12,"10","13  day ahead inc hosp",2020-12-25,"quantile",0.8,37.9343759018595
"7103",2020-12-12,"10","13  day ahead inc hosp",2020-12-25,"quantile",0.85,39.7900081488261
"7104",2020-12-12,"10","13  day ahead inc hosp",2020-12-25,"quantile",0.9,42.1248172352893
"7105",2020-12-12,"10","13  day ahead inc hosp",2020-12-25,"quantile",0.95,45.5853560160924
"7106",2020-12-12,"10","13  day ahead inc hosp",2020-12-25,"quantile",0.975,48.5868573245223
"7107",2020-12-12,"10","13  day ahead inc hosp",2020-12-25,"quantile",0.99,52.0767512529221
"7108",2020-12-12,"10","14  day ahead inc hosp",2020-12-26,"quantile",0.01,10.2475326496239
"7109",2020-12-12,"10","14  day ahead inc hosp",2020-12-26,"quantile",0.025,13.8111273633659
"7110",2020-12-12,"10","14  day ahead inc hosp",2020-12-26,"quantile",0.05,16.8760154131053
"7111",2020-12-12,"10","14  day ahead inc hosp",2020-12-26,"quantile",0.1,20.4096350471047
"7112",2020-12-12,"10","14  day ahead inc hosp",2020-12-26,"quantile",0.15,22.7937514382673
"7113",2020-12-12,"10","14  day ahead inc hosp",2020-12-26,"quantile",0.2,24.6885715679358
"7114",2020-12-12,"10","14  day ahead inc hosp",2020-12-26,"quantile",0.25,26.3141585212078
"7115",2020-12-12,"10","14  day ahead inc hosp",2020-12-26,"quantile",0.3,27.7739858461229
"7116",2020-12-12,"10","14  day ahead inc hosp",2020-12-26,"quantile",0.35,29.126733420419
"7117",2020-12-12,"10","14  day ahead inc hosp",2020-12-26,"quantile",0.4,30.4103585829522
"7118",2020-12-12,"10","14  day ahead inc hosp",2020-12-26,"quantile",0.45,31.6522807829762
"7119",2020-12-12,"10","14  day ahead inc hosp",2020-12-26,"quantile",0.5,32.8745127757218
"7120",2020-12-12,"10","14  day ahead inc hosp",2020-12-26,"quantile",0.55,34.0967447684674
"7121",2020-12-12,"10","14  day ahead inc hosp",2020-12-26,"quantile",0.6,35.3386669684913
"7122",2020-12-12,"10","14  day ahead inc hosp",2020-12-26,"quantile",0.65,36.6222921310246
"7123",2020-12-12,"10","14  day ahead inc hosp",2020-12-26,"quantile",0.7,37.9750397053206
"7124",2020-12-12,"10","14  day ahead inc hosp",2020-12-26,"quantile",0.75,39.4348670302358
"7125",2020-12-12,"10","14  day ahead inc hosp",2020-12-26,"quantile",0.8,41.0604539835078
"7126",2020-12-12,"10","14  day ahead inc hosp",2020-12-26,"quantile",0.85,42.9552741131762
"7127",2020-12-12,"10","14  day ahead inc hosp",2020-12-26,"quantile",0.9,45.3393905043388
"7128",2020-12-12,"10","14  day ahead inc hosp",2020-12-26,"quantile",0.95,48.8730101383383
"7129",2020-12-12,"10","14  day ahead inc hosp",2020-12-26,"quantile",0.975,51.9378981880777
"7130",2020-12-12,"10","14  day ahead inc hosp",2020-12-26,"quantile",0.99,55.5014929018196
"7131",2020-12-12,"10","15  day ahead inc hosp",2020-12-27,"quantile",0.01,20.3481361454617
"7132",2020-12-12,"10","15  day ahead inc hosp",2020-12-27,"quantile",0.025,24.0372853644672
"7133",2020-12-12,"10","15  day ahead inc hosp",2020-12-27,"quantile",0.05,27.2101572153076
"7134",2020-12-12,"10","15  day ahead inc hosp",2020-12-27,"quantile",0.1,30.868275256274
"7135",2020-12-12,"10","15  day ahead inc hosp",2020-12-27,"quantile",0.15,33.3363901315596
"7136",2020-12-12,"10","15  day ahead inc hosp",2020-12-27,"quantile",0.2,35.2979695936029
"7137",2020-12-12,"10","15  day ahead inc hosp",2020-12-27,"quantile",0.25,36.9808301096888
"7138",2020-12-12,"10","15  day ahead inc hosp",2020-12-27,"quantile",0.3,38.4920908641248
"7139",2020-12-12,"10","15  day ahead inc hosp",2020-12-27,"quantile",0.35,39.8924991759852
"7140",2020-12-12,"10","15  day ahead inc hosp",2020-12-27,"quantile",0.4,41.2213497177133
"7141",2020-12-12,"10","15  day ahead inc hosp",2020-12-27,"quantile",0.45,42.5070279954973
"7142",2020-12-12,"10","15  day ahead inc hosp",2020-12-27,"quantile",0.5,43.7723223299213
"7143",2020-12-12,"10","15  day ahead inc hosp",2020-12-27,"quantile",0.55,45.0376166643453
"7144",2020-12-12,"10","15  day ahead inc hosp",2020-12-27,"quantile",0.6,46.3232949421293
"7145",2020-12-12,"10","15  day ahead inc hosp",2020-12-27,"quantile",0.65,47.6521454838574
"7146",2020-12-12,"10","15  day ahead inc hosp",2020-12-27,"quantile",0.7,49.0525537957178
"7147",2020-12-12,"10","15  day ahead inc hosp",2020-12-27,"quantile",0.75,50.5638145501537
"7148",2020-12-12,"10","15  day ahead inc hosp",2020-12-27,"quantile",0.8,52.2466750662397
"7149",2020-12-12,"10","15  day ahead inc hosp",2020-12-27,"quantile",0.85,54.208254528283
"7150",2020-12-12,"10","15  day ahead inc hosp",2020-12-27,"quantile",0.9,56.6763694035686
"7151",2020-12-12,"10","15  day ahead inc hosp",2020-12-27,"quantile",0.95,60.334487444535
"7152",2020-12-12,"10","15  day ahead inc hosp",2020-12-27,"quantile",0.975,63.5073592953754
"7153",2020-12-12,"10","15  day ahead inc hosp",2020-12-27,"quantile",0.99,67.1965085143809
"7154",2020-12-12,"10","16  day ahead inc hosp",2020-12-28,"quantile",0.01,16.5598834521915
"7155",2020-12-12,"10","16  day ahead inc hosp",2020-12-28,"quantile",0.025,20.3823225947347
"7156",2020-12-12,"10","16  day ahead inc hosp",2020-12-28,"quantile",0.05,23.6698311331384
"7157",2020-12-12,"10","16  day ahead inc hosp",2020-12-28,"quantile",0.1,27.4601179330859
"7158",2020-12-12,"10","16  day ahead inc hosp",2020-12-28,"quantile",0.15,30.0174064425835
"7159",2020-12-12,"10","16  day ahead inc hosp",2020-12-28,"quantile",0.2,32.0498582822367
"7160",2020-12-12,"10","16  day ahead inc hosp",2020-12-28,"quantile",0.25,33.7935209877159
"7161",2020-12-12,"10","16  day ahead inc hosp",2020-12-28,"quantile",0.3,35.3593839873976
"7162",2020-12-12,"10","16  day ahead inc hosp",2020-12-28,"quantile",0.35,36.8103894168394
"7163",2020-12-12,"10","16  day ahead inc hosp",2020-12-28,"quantile",0.4,38.1872516752493
"7164",2020-12-12,"10","16  day ahead inc hosp",2020-12-28,"quantile",0.45,39.5193818445581
"7165",2020-12-12,"10","16  day ahead inc hosp",2020-12-28,"quantile",0.5,40.8303915933164
"7166",2020-12-12,"10","16  day ahead inc hosp",2020-12-28,"quantile",0.55,42.1414013420748
"7167",2020-12-12,"10","16  day ahead inc hosp",2020-12-28,"quantile",0.6,43.4735315113835
"7168",2020-12-12,"10","16  day ahead inc hosp",2020-12-28,"quantile",0.65,44.8503937697934
"7169",2020-12-12,"10","16  day ahead inc hosp",2020-12-28,"quantile",0.7,46.3013991992352
"7170",2020-12-12,"10","16  day ahead inc hosp",2020-12-28,"quantile",0.75,47.8672621989169
"7171",2020-12-12,"10","16  day ahead inc hosp",2020-12-28,"quantile",0.8,49.6109249043961
"7172",2020-12-12,"10","16  day ahead inc hosp",2020-12-28,"quantile",0.85,51.6433767440493
"7173",2020-12-12,"10","16  day ahead inc hosp",2020-12-28,"quantile",0.9,54.200665253547
"7174",2020-12-12,"10","16  day ahead inc hosp",2020-12-28,"quantile",0.95,57.9909520534944
"7175",2020-12-12,"10","16  day ahead inc hosp",2020-12-28,"quantile",0.975,61.2784605918981
"7176",2020-12-12,"10","16  day ahead inc hosp",2020-12-28,"quantile",0.99,65.1008997344413
"7177",2020-12-12,"10","17  day ahead inc hosp",2020-12-29,"quantile",0.01,13.0381235412855
"7178",2020-12-12,"10","17  day ahead inc hosp",2020-12-29,"quantile",0.025,16.9428271834291
"7179",2020-12-12,"10","17  day ahead inc hosp",2020-12-29,"quantile",0.05,20.3010877298462
"7180",2020-12-12,"10","17  day ahead inc hosp",2020-12-29,"quantile",0.1,24.1729470637993
"7181",2020-12-12,"10","17  day ahead inc hosp",2020-12-29,"quantile",0.15,26.7852721747241
"7182",2020-12-12,"10","17  day ahead inc hosp",2020-12-29,"quantile",0.2,28.8614653604959
"7183",2020-12-12,"10","17  day ahead inc hosp",2020-12-29,"quantile",0.25,30.6426542461414
"7184",2020-12-12,"10","17  day ahead inc hosp",2020-12-29,"quantile",0.3,32.2422169154079
"7185",2020-12-12,"10","17  day ahead inc hosp",2020-12-29,"quantile",0.35,33.7244501109747
"7186",2020-12-12,"10","17  day ahead inc hosp",2020-12-29,"quantile",0.4,35.1309444656674
"7187",2020-12-12,"10","17  day ahead inc hosp",2020-12-29,"quantile",0.45,36.4917440310592
"7188",2020-12-12,"10","17  day ahead inc hosp",2020-12-29,"quantile",0.5,37.830968633457
"7189",2020-12-12,"10","17  day ahead inc hosp",2020-12-29,"quantile",0.55,39.1701932358549
"7190",2020-12-12,"10","17  day ahead inc hosp",2020-12-29,"quantile",0.6,40.5309928012467
"7191",2020-12-12,"10","17  day ahead inc hosp",2020-12-29,"quantile",0.65,41.9374871559394
"7192",2020-12-12,"10","17  day ahead inc hosp",2020-12-29,"quantile",0.7,43.4197203515062
"7193",2020-12-12,"10","17  day ahead inc hosp",2020-12-29,"quantile",0.75,45.0192830207727
"7194",2020-12-12,"10","17  day ahead inc hosp",2020-12-29,"quantile",0.8,46.8004719064182
"7195",2020-12-12,"10","17  day ahead inc hosp",2020-12-29,"quantile",0.85,48.87666509219
"7196",2020-12-12,"10","17  day ahead inc hosp",2020-12-29,"quantile",0.9,51.4889902031148
"7197",2020-12-12,"10","17  day ahead inc hosp",2020-12-29,"quantile",0.95,55.3608495370679
"7198",2020-12-12,"10","17  day ahead inc hosp",2020-12-29,"quantile",0.975,58.719110083485
"7199",2020-12-12,"10","17  day ahead inc hosp",2020-12-29,"quantile",0.99,62.6238137256286
"7200",2020-12-12,"10","18  day ahead inc hosp",2020-12-30,"quantile",0.01,16.5067040909721
"7201",2020-12-12,"10","18  day ahead inc hosp",2020-12-30,"quantile",0.025,20.4895798743764
"7202",2020-12-12,"10","18  day ahead inc hosp",2020-12-30,"quantile",0.05,23.9150727748679
"7203",2020-12-12,"10","18  day ahead inc hosp",2020-12-30,"quantile",0.1,27.8644467072476
"7204",2020-12-12,"10","18  day ahead inc hosp",2020-12-30,"quantile",0.15,30.5290705497293
"7205",2020-12-12,"10","18  day ahead inc hosp",2020-12-30,"quantile",0.2,32.646829109439
"7206",2020-12-12,"10","18  day ahead inc hosp",2020-12-30,"quantile",0.25,34.4636773848723
"7207",2020-12-12,"10","18  day ahead inc hosp",2020-12-30,"quantile",0.3,36.0952632882678
"7208",2020-12-12,"10","18  day ahead inc hosp",2020-12-30,"quantile",0.35,37.6071707826712
"7209",2020-12-12,"10","18  day ahead inc hosp",2020-12-30,"quantile",0.4,39.0418231451038
"7210",2020-12-12,"10","18  day ahead inc hosp",2020-12-30,"quantile",0.45,40.4298659088538
"7211",2020-12-12,"10","18  day ahead inc hosp",2020-12-30,"quantile",0.5,41.7959017789926
"7212",2020-12-12,"10","18  day ahead inc hosp",2020-12-30,"quantile",0.55,43.1619376491314
"7213",2020-12-12,"10","18  day ahead inc hosp",2020-12-30,"quantile",0.6,44.5499804128814
"7214",2020-12-12,"10","18  day ahead inc hosp",2020-12-30,"quantile",0.65,45.984632775314
"7215",2020-12-12,"10","18  day ahead inc hosp",2020-12-30,"quantile",0.7,47.4965402697174
"7216",2020-12-12,"10","18  day ahead inc hosp",2020-12-30,"quantile",0.75,49.1281261731129
"7217",2020-12-12,"10","18  day ahead inc hosp",2020-12-30,"quantile",0.8,50.9449744485462
"7218",2020-12-12,"10","18  day ahead inc hosp",2020-12-30,"quantile",0.85,53.0627330082559
"7219",2020-12-12,"10","18  day ahead inc hosp",2020-12-30,"quantile",0.9,55.7273568507376
"7220",2020-12-12,"10","18  day ahead inc hosp",2020-12-30,"quantile",0.95,59.6767307831173
"7221",2020-12-12,"10","18  day ahead inc hosp",2020-12-30,"quantile",0.975,63.1022236836088
"7222",2020-12-12,"10","18  day ahead inc hosp",2020-12-30,"quantile",0.99,67.0850994670131
"7223",2020-12-12,"10","19  day ahead inc hosp",2020-12-31,"quantile",0.01,18.5367644619635
"7224",2020-12-12,"10","19  day ahead inc hosp",2020-12-31,"quantile",0.025,22.637292394065
"7225",2020-12-12,"10","19  day ahead inc hosp",2020-12-31,"quantile",0.05,26.1639726330542
"7226",2020-12-12,"10","19  day ahead inc hosp",2020-12-31,"quantile",0.1,30.2300090862911
"7227",2020-12-12,"10","19  day ahead inc hosp",2020-12-31,"quantile",0.15,32.9733445777386
"7228",2020-12-12,"10","19  day ahead inc hosp",2020-12-31,"quantile",0.2,35.1536606608363
"7229",2020-12-12,"10","19  day ahead inc hosp",2020-12-31,"quantile",0.25,37.0241777211089
"7230",2020-12-12,"10","19  day ahead inc hosp",2020-12-31,"quantile",0.3,38.7039598519937
"7231",2020-12-12,"10","19  day ahead inc hosp",2020-12-31,"quantile",0.35,40.2605283338397
"7232",2020-12-12,"10","19  day ahead inc hosp",2020-12-31,"quantile",0.4,41.7375596059478
"7233",2020-12-12,"10","19  day ahead inc hosp",2020-12-31,"quantile",0.45,43.166604455256
"7234",2020-12-12,"10","19  day ahead inc hosp",2020-12-31,"quantile",0.5,44.5729923383771
"7235",2020-12-12,"10","19  day ahead inc hosp",2020-12-31,"quantile",0.55,45.9793802214983
"7236",2020-12-12,"10","19  day ahead inc hosp",2020-12-31,"quantile",0.6,47.4084250708065
"7237",2020-12-12,"10","19  day ahead inc hosp",2020-12-31,"quantile",0.65,48.8854563429146
"7238",2020-12-12,"10","19  day ahead inc hosp",2020-12-31,"quantile",0.7,50.4420248247606
"7239",2020-12-12,"10","19  day ahead inc hosp",2020-12-31,"quantile",0.75,52.1218069556454
"7240",2020-12-12,"10","19  day ahead inc hosp",2020-12-31,"quantile",0.8,53.992324015918
"7241",2020-12-12,"10","19  day ahead inc hosp",2020-12-31,"quantile",0.85,56.1726400990157
"7242",2020-12-12,"10","19  day ahead inc hosp",2020-12-31,"quantile",0.9,58.9159755904632
"7243",2020-12-12,"10","19  day ahead inc hosp",2020-12-31,"quantile",0.95,62.9820120437001
"7244",2020-12-12,"10","19  day ahead inc hosp",2020-12-31,"quantile",0.975,66.5086922826893
"7245",2020-12-12,"10","19  day ahead inc hosp",2020-12-31,"quantile",0.99,70.6092202147908
"7246",2020-12-12,"10","20  day ahead inc hosp",2021-01-01,"quantile",0.01,14.2070210270624
"7247",2020-12-12,"10","20  day ahead inc hosp",2021-01-01,"quantile",0.025,18.4180513061575
"7248",2020-12-12,"10","20  day ahead inc hosp",2021-01-01,"quantile",0.05,22.0397696597402
"7249",2020-12-12,"10","20  day ahead inc hosp",2021-01-01,"quantile",0.1,26.2153789724927
"7250",2020-12-12,"10","20  day ahead inc hosp",2021-01-01,"quantile",0.15,29.0326427520572
"7251",2020-12-12,"10","20  day ahead inc hosp",2021-01-01,"quantile",0.2,31.2717146949758
"7252",2020-12-12,"10","20  day ahead inc hosp",2021-01-01,"quantile",0.25,33.1926390512538
"7253",2020-12-12,"10","20  day ahead inc hosp",2021-01-01,"quantile",0.3,34.9176884918544
"7254",2020-12-12,"10","20  day ahead inc hosp",2021-01-01,"quantile",0.35,36.5162038823298
"7255",2020-12-12,"10","20  day ahead inc hosp",2021-01-01,"quantile",0.4,38.0330386687301
"7256",2020-12-12,"10","20  day ahead inc hosp",2021-01-01,"quantile",0.45,39.5005938787583
"7257",2020-12-12,"10","20  day ahead inc hosp",2021-01-01,"quantile",0.5,40.9448815553797
"7258",2020-12-12,"10","20  day ahead inc hosp",2021-01-01,"quantile",0.55,42.389169232001
"7259",2020-12-12,"10","20  day ahead inc hosp",2021-01-01,"quantile",0.6,43.8567244420293
"7260",2020-12-12,"10","20  day ahead inc hosp",2021-01-01,"quantile",0.65,45.3735592284296
"7261",2020-12-12,"10","20  day ahead inc hosp",2021-01-01,"quantile",0.7,46.9720746189049
"7262",2020-12-12,"10","20  day ahead inc hosp",2021-01-01,"quantile",0.75,48.6971240595056
"7263",2020-12-12,"10","20  day ahead inc hosp",2021-01-01,"quantile",0.8,50.6180484157836
"7264",2020-12-12,"10","20  day ahead inc hosp",2021-01-01,"quantile",0.85,52.8571203587022
"7265",2020-12-12,"10","20  day ahead inc hosp",2021-01-01,"quantile",0.9,55.6743841382667
"7266",2020-12-12,"10","20  day ahead inc hosp",2021-01-01,"quantile",0.95,59.8499934510192
"7267",2020-12-12,"10","20  day ahead inc hosp",2021-01-01,"quantile",0.975,63.4717118046019
"7268",2020-12-12,"10","20  day ahead inc hosp",2021-01-01,"quantile",0.99,67.682742083697
"7269",2020-12-12,"10","21  day ahead inc hosp",2021-01-02,"quantile",0.01,12.5609081351469
"7270",2020-12-12,"10","21  day ahead inc hosp",2021-01-02,"quantile",0.025,16.8424116271574
"7271",2020-12-12,"10","21  day ahead inc hosp",2021-01-02,"quantile",0.05,20.5247408317041
"7272",2020-12-12,"10","21  day ahead inc hosp",2021-01-02,"quantile",0.1,24.7702305738637
"7273",2020-12-12,"10","21  day ahead inc hosp",2021-01-02,"quantile",0.15,27.634642347391
"7274",2020-12-12,"10","21  day ahead inc hosp",2021-01-02,"quantile",0.2,29.9111860212894
"7275",2020-12-12,"10","21  day ahead inc hosp",2021-01-02,"quantile",0.25,31.8642577862019
"7276",2020-12-12,"10","21  day ahead inc hosp",2021-01-02,"quantile",0.3,33.6181765933138
"7277",2020-12-12,"10","21  day ahead inc hosp",2021-01-02,"quantile",0.35,35.2434437542575
"7278",2020-12-12,"10","21  day ahead inc hosp",2021-01-02,"quantile",0.4,36.7856633547709
"7279",2020-12-12,"10","21  day ahead inc hosp",2021-01-02,"quantile",0.45,38.2777786662296
"7280",2020-12-12,"10","21  day ahead inc hosp",2021-01-02,"quantile",0.5,39.7462370531521
"7281",2020-12-12,"10","21  day ahead inc hosp",2021-01-02,"quantile",0.55,41.2146954400747
"7282",2020-12-12,"10","21  day ahead inc hosp",2021-01-02,"quantile",0.6,42.7068107515334
"7283",2020-12-12,"10","21  day ahead inc hosp",2021-01-02,"quantile",0.65,44.2490303520468
"7284",2020-12-12,"10","21  day ahead inc hosp",2021-01-02,"quantile",0.7,45.8742975129905
"7285",2020-12-12,"10","21  day ahead inc hosp",2021-01-02,"quantile",0.75,47.6282163201024
"7286",2020-12-12,"10","21  day ahead inc hosp",2021-01-02,"quantile",0.8,49.5812880850148
"7287",2020-12-12,"10","21  day ahead inc hosp",2021-01-02,"quantile",0.85,51.8578317589133
"7288",2020-12-12,"10","21  day ahead inc hosp",2021-01-02,"quantile",0.9,54.7222435324406
"7289",2020-12-12,"10","21  day ahead inc hosp",2021-01-02,"quantile",0.95,58.9677332746001
"7290",2020-12-12,"10","21  day ahead inc hosp",2021-01-02,"quantile",0.975,62.6500624791469
"7291",2020-12-12,"10","21  day ahead inc hosp",2021-01-02,"quantile",0.99,66.9315659711574
"7292",2020-12-12,"10","22  day ahead inc hosp",2021-01-03,"quantile",0.01,12.2873221150601
"7293",2020-12-12,"10","22  day ahead inc hosp",2021-01-03,"quantile",0.025,16.6491827176467
"7294",2020-12-12,"10","22  day ahead inc hosp",2021-01-03,"quantile",0.05,20.4006234704193
"7295",2020-12-12,"10","22  day ahead inc hosp",2021-01-03,"quantile",0.1,24.725794401511
"7296",2020-12-12,"10","22  day ahead inc hosp",2021-01-03,"quantile",0.15,27.6439666949236
"7297",2020-12-12,"10","22  day ahead inc hosp",2021-01-03,"quantile",0.2,29.9632375257836
"7298",2020-12-12,"10","22  day ahead inc hosp",2021-01-03,"quantile",0.25,31.952965386871
"7299",2020-12-12,"10","22  day ahead inc hosp",2021-01-03,"quantile",0.3,33.7398025012522
"7300",2020-12-12,"10","22  day ahead inc hosp",2021-01-03,"quantile",0.35,35.3955733796893
"7301",2020-12-12,"10","22  day ahead inc hosp",2021-01-03,"quantile",0.4,36.966738025139
"7302",2020-12-12,"10","22  day ahead inc hosp",2021-01-03,"quantile",0.45,38.4868580025519
"7303",2020-12-12,"10","22  day ahead inc hosp",2021-01-03,"quantile",0.5,39.9828770520301
"7304",2020-12-12,"10","22  day ahead inc hosp",2021-01-03,"quantile",0.55,41.4788961015084
"7305",2020-12-12,"10","22  day ahead inc hosp",2021-01-03,"quantile",0.6,42.9990160789212
"7306",2020-12-12,"10","22  day ahead inc hosp",2021-01-03,"quantile",0.65,44.5701807243709
"7307",2020-12-12,"10","22  day ahead inc hosp",2021-01-03,"quantile",0.7,46.2259516028081
"7308",2020-12-12,"10","22  day ahead inc hosp",2021-01-03,"quantile",0.75,48.0127887171893
"7309",2020-12-12,"10","22  day ahead inc hosp",2021-01-03,"quantile",0.8,50.0025165782766
"7310",2020-12-12,"10","22  day ahead inc hosp",2021-01-03,"quantile",0.85,52.3217874091367
"7311",2020-12-12,"10","22  day ahead inc hosp",2021-01-03,"quantile",0.9,55.2399597025492
"7312",2020-12-12,"10","22  day ahead inc hosp",2021-01-03,"quantile",0.95,59.5651306336409
"7313",2020-12-12,"10","22  day ahead inc hosp",2021-01-03,"quantile",0.975,63.3165713864136
"7314",2020-12-12,"10","22  day ahead inc hosp",2021-01-03,"quantile",0.99,67.6784319890002
"7315",2020-12-12,"10","23  day ahead inc hosp",2021-01-04,"quantile",0.01,12.5540823599624
"7316",2020-12-12,"10","23  day ahead inc hosp",2021-01-04,"quantile",0.025,17.0268001208969
"7317",2020-12-12,"10","23  day ahead inc hosp",2021-01-04,"quantile",0.05,20.8735841456019
"7318",2020-12-12,"10","23  day ahead inc hosp",2021-01-04,"quantile",0.1,25.3086797630776
"7319",2020-12-12,"10","23  day ahead inc hosp",2021-01-04,"quantile",0.15,28.3010177205248
"7320",2020-12-12,"10","23  day ahead inc hosp",2021-01-04,"quantile",0.2,30.6792330700602
"7321",2020-12-12,"10","23  day ahead inc hosp",2021-01-04,"quantile",0.25,32.7195300796515
"7322",2020-12-12,"10","23  day ahead inc hosp",2021-01-04,"quantile",0.3,34.5517798522945
"7323",2020-12-12,"10","23  day ahead inc hosp",2021-01-04,"quantile",0.35,36.2496323264503
"7324",2020-12-12,"10","23  day ahead inc hosp",2021-01-04,"quantile",0.4,37.8607282910687
"7325",2020-12-12,"10","23  day ahead inc hosp",2021-01-04,"quantile",0.45,39.4194822818987
"7326",2020-12-12,"10","23  day ahead inc hosp",2021-01-04,"quantile",0.5,40.9535228171074
"7327",2020-12-12,"10","23  day ahead inc hosp",2021-01-04,"quantile",0.55,42.4875633523162
"7328",2020-12-12,"10","23  day ahead inc hosp",2021-01-04,"quantile",0.6,44.0463173431461
"7329",2020-12-12,"10","23  day ahead inc hosp",2021-01-04,"quantile",0.65,45.6574133077645
"7330",2020-12-12,"10","23  day ahead inc hosp",2021-01-04,"quantile",0.7,47.3552657819203
"7331",2020-12-12,"10","23  day ahead inc hosp",2021-01-04,"quantile",0.75,49.1875155545633
"7332",2020-12-12,"10","23  day ahead inc hosp",2021-01-04,"quantile",0.8,51.2278125641547
"7333",2020-12-12,"10","23  day ahead inc hosp",2021-01-04,"quantile",0.85,53.60602791369
"7334",2020-12-12,"10","23  day ahead inc hosp",2021-01-04,"quantile",0.9,56.5983658711373
"7335",2020-12-12,"10","23  day ahead inc hosp",2021-01-04,"quantile",0.95,61.033461488613
"7336",2020-12-12,"10","23  day ahead inc hosp",2021-01-04,"quantile",0.975,64.8802455133179
"7337",2020-12-12,"10","23  day ahead inc hosp",2021-01-04,"quantile",0.99,69.3529632742525
"7338",2020-12-12,"10","24  day ahead inc hosp",2021-01-05,"quantile",0.01,8.43766248982401
"7339",2020-12-12,"10","24  day ahead inc hosp",2021-01-05,"quantile",0.025,13.0012374291835
"7340",2020-12-12,"10","24  day ahead inc hosp",2021-01-05,"quantile",0.05,16.9261636397307
"7341",2020-12-12,"10","24  day ahead inc hosp",2021-01-05,"quantile",0.1,21.451352192953
"7342",2020-12-12,"10","24  day ahead inc hosp",2021-01-05,"quantile",0.15,24.5044754264313
"7343",2020-12-12,"10","24  day ahead inc hosp",2021-01-05,"quantile",0.2,26.9310009864237
"7344",2020-12-12,"10","24  day ahead inc hosp",2021-01-05,"quantile",0.25,29.0127438549644
"7345",2020-12-12,"10","24  day ahead inc hosp",2021-01-05,"quantile",0.3,30.8822132898822
"7346",2020-12-12,"10","24  day ahead inc hosp",2021-01-05,"quantile",0.35,32.614555327974
"7347",2020-12-12,"10","24  day ahead inc hosp",2021-01-05,"quantile",0.4,34.2583785160258
"7348",2020-12-12,"10","24  day ahead inc hosp",2021-01-05,"quantile",0.45,35.8487964742768
"7349",2020-12-12,"10","24  day ahead inc hosp",2021-01-05,"quantile",0.5,37.4139989566658
"7350",2020-12-12,"10","24  day ahead inc hosp",2021-01-05,"quantile",0.55,38.9792014390548
"7351",2020-12-12,"10","24  day ahead inc hosp",2021-01-05,"quantile",0.6,40.5696193973058
"7352",2020-12-12,"10","24  day ahead inc hosp",2021-01-05,"quantile",0.65,42.2134425853576
"7353",2020-12-12,"10","24  day ahead inc hosp",2021-01-05,"quantile",0.7,43.9457846234494
"7354",2020-12-12,"10","24  day ahead inc hosp",2021-01-05,"quantile",0.75,45.8152540583672
"7355",2020-12-12,"10","24  day ahead inc hosp",2021-01-05,"quantile",0.8,47.8969969269079
"7356",2020-12-12,"10","24  day ahead inc hosp",2021-01-05,"quantile",0.85,50.3235224869004
"7357",2020-12-12,"10","24  day ahead inc hosp",2021-01-05,"quantile",0.9,53.3766457203786
"7358",2020-12-12,"10","24  day ahead inc hosp",2021-01-05,"quantile",0.95,57.9018342736009
"7359",2020-12-12,"10","24  day ahead inc hosp",2021-01-05,"quantile",0.975,61.8267604841481
"7360",2020-12-12,"10","24  day ahead inc hosp",2021-01-05,"quantile",0.99,66.3903354235076
"7361",2020-12-12,"10","25  day ahead inc hosp",2021-01-06,"quantile",0.01,8.46438058155963
"7362",2020-12-12,"10","25  day ahead inc hosp",2021-01-06,"quantile",0.025,13.0933021796116
"7363",2020-12-12,"10","25  day ahead inc hosp",2021-01-06,"quantile",0.05,17.0744301216701
"7364",2020-12-12,"10","25  day ahead inc hosp",2021-01-06,"quantile",0.1,21.6644156719476
"7365",2020-12-12,"10","25  day ahead inc hosp",2021-01-06,"quantile",0.15,24.7612571317145
"7366",2020-12-12,"10","25  day ahead inc hosp",2021-01-06,"quantile",0.2,27.2225285520652
"7367",2020-12-12,"10","25  day ahead inc hosp",2021-01-06,"quantile",0.25,29.3340802749633
"7368",2020-12-12,"10","25  day ahead inc hosp",2021-01-06,"quantile",0.3,31.2303189823752
"7369",2020-12-12,"10","25  day ahead inc hosp",2021-01-06,"quantile",0.35,32.9874667408521
"7370",2020-12-12,"10","25  day ahead inc hosp",2021-01-06,"quantile",0.4,34.6548281317926
"7371",2020-12-12,"10","25  day ahead inc hosp",2021-01-06,"quantile",0.45,36.2680195737438
"7372",2020-12-12,"10","25  day ahead inc hosp",2021-01-06,"quantile",0.5,37.8556344748529
"7373",2020-12-12,"10","25  day ahead inc hosp",2021-01-06,"quantile",0.55,39.4432493759619
"7374",2020-12-12,"10","25  day ahead inc hosp",2021-01-06,"quantile",0.6,41.0564408179131
"7375",2020-12-12,"10","25  day ahead inc hosp",2021-01-06,"quantile",0.65,42.7238022088537
"7376",2020-12-12,"10","25  day ahead inc hosp",2021-01-06,"quantile",0.7,44.4809499673305
"7377",2020-12-12,"10","25  day ahead inc hosp",2021-01-06,"quantile",0.75,46.3771886747425
"7378",2020-12-12,"10","25  day ahead inc hosp",2021-01-06,"quantile",0.8,48.4887403976405
"7379",2020-12-12,"10","25  day ahead inc hosp",2021-01-06,"quantile",0.85,50.9500118179912
"7380",2020-12-12,"10","25  day ahead inc hosp",2021-01-06,"quantile",0.9,54.0468532777581
"7381",2020-12-12,"10","25  day ahead inc hosp",2021-01-06,"quantile",0.95,58.6368388280356
"7382",2020-12-12,"10","25  day ahead inc hosp",2021-01-06,"quantile",0.975,62.6179667700941
"7383",2020-12-12,"10","25  day ahead inc hosp",2021-01-06,"quantile",0.99,67.2468883681461
"7384",2020-12-12,"10","26  day ahead inc hosp",2021-01-07,"quantile",0.01,11.8582601457282
"7385",2020-12-12,"10","26  day ahead inc hosp",2021-01-07,"quantile",0.025,16.5697279969223
"7386",2020-12-12,"10","26  day ahead inc hosp",2021-01-07,"quantile",0.05,20.6218502705839
"7387",2020-12-12,"10","26  day ahead inc hosp",2021-01-07,"quantile",0.1,25.2936877384466
"7388",2020-12-12,"10","26  day ahead inc hosp",2021-01-07,"quantile",0.15,28.4457542984154
"7389",2020-12-12,"10","26  day ahead inc hosp",2021-01-07,"quantile",0.2,30.9509168777353
"7390",2020-12-12,"10","26  day ahead inc hosp",2021-01-07,"quantile",0.25,33.100123306886
"7391",2020-12-12,"10","26  day ahead inc hosp",2021-01-07,"quantile",0.3,35.0301771042805
"7392",2020-12-12,"10","26  day ahead inc hosp",2021-01-07,"quantile",0.35,36.8186595830819
"7393",2020-12-12,"10","26  day ahead inc hosp",2021-01-07,"quantile",0.4,38.5157545593815
"7394",2020-12-12,"10","26  day ahead inc hosp",2021-01-07,"quantile",0.45,40.1577135892715
"7395",2020-12-12,"10","26  day ahead inc hosp",2021-01-07,"quantile",0.5,41.7736399790812
"7396",2020-12-12,"10","26  day ahead inc hosp",2021-01-07,"quantile",0.55,43.3895663688909
"7397",2020-12-12,"10","26  day ahead inc hosp",2021-01-07,"quantile",0.6,45.031525398781
"7398",2020-12-12,"10","26  day ahead inc hosp",2021-01-07,"quantile",0.65,46.7286203750806
"7399",2020-12-12,"10","26  day ahead inc hosp",2021-01-07,"quantile",0.7,48.517102853882
"7400",2020-12-12,"10","26  day ahead inc hosp",2021-01-07,"quantile",0.75,50.4471566512765
"7401",2020-12-12,"10","26  day ahead inc hosp",2021-01-07,"quantile",0.8,52.5963630804272
"7402",2020-12-12,"10","26  day ahead inc hosp",2021-01-07,"quantile",0.85,55.1015256597471
"7403",2020-12-12,"10","26  day ahead inc hosp",2021-01-07,"quantile",0.9,58.2535922197159
"7404",2020-12-12,"10","26  day ahead inc hosp",2021-01-07,"quantile",0.95,62.9254296875786
"7405",2020-12-12,"10","26  day ahead inc hosp",2021-01-07,"quantile",0.975,66.9775519612402
"7406",2020-12-12,"10","26  day ahead inc hosp",2021-01-07,"quantile",0.99,71.6890198124343
"7407",2020-12-12,"10","27  day ahead inc hosp",2021-01-08,"quantile",0.01,10.7112813636756
"7408",2020-12-12,"10","27  day ahead inc hosp",2021-01-08,"quantile",0.025,15.5240807291394
"7409",2020-12-12,"10","27  day ahead inc hosp",2021-01-08,"quantile",0.05,19.6633536953164
"7410",2020-12-12,"10","27  day ahead inc hosp",2021-01-08,"quantile",0.1,24.4356703301802
"7411",2020-12-12,"10","27  day ahead inc hosp",2021-01-08,"quantile",0.15,27.6555297070987
"7412",2020-12-12,"10","27  day ahead inc hosp",2021-01-08,"quantile",0.2,30.2145718682541
"7413",2020-12-12,"10","27  day ahead inc hosp",2021-01-08,"quantile",0.25,32.4100021810909
"7414",2020-12-12,"10","27  day ahead inc hosp",2021-01-08,"quantile",0.3,34.3815664546445
"7415",2020-12-12,"10","27  day ahead inc hosp",2021-01-08,"quantile",0.35,36.2085145759051
"7416",2020-12-12,"10","27  day ahead inc hosp",2021-01-08,"quantile",0.4,37.9421096853351
"7417",2020-12-12,"10","27  day ahead inc hosp",2021-01-08,"quantile",0.45,39.6193830164413
"7418",2020-12-12,"10","27  day ahead inc hosp",2021-01-08,"quantile",0.5,41.2700638125633
"7419",2020-12-12,"10","27  day ahead inc hosp",2021-01-08,"quantile",0.55,42.9207446086853
"7420",2020-12-12,"10","27  day ahead inc hosp",2021-01-08,"quantile",0.6,44.5980179397915
"7421",2020-12-12,"10","27  day ahead inc hosp",2021-01-08,"quantile",0.65,46.3316130492215
"7422",2020-12-12,"10","27  day ahead inc hosp",2021-01-08,"quantile",0.7,48.158561170482
"7423",2020-12-12,"10","27  day ahead inc hosp",2021-01-08,"quantile",0.75,50.1301254440357
"7424",2020-12-12,"10","27  day ahead inc hosp",2021-01-08,"quantile",0.8,52.3255557568724
"7425",2020-12-12,"10","27  day ahead inc hosp",2021-01-08,"quantile",0.85,54.8845979180278
"7426",2020-12-12,"10","27  day ahead inc hosp",2021-01-08,"quantile",0.9,58.1044572949464
"7427",2020-12-12,"10","27  day ahead inc hosp",2021-01-08,"quantile",0.95,62.8767739298101
"7428",2020-12-12,"10","27  day ahead inc hosp",2021-01-08,"quantile",0.975,67.0160468959872
"7429",2020-12-12,"10","27  day ahead inc hosp",2021-01-08,"quantile",0.99,71.828846261451
"7430",2020-12-12,"10","28  day ahead inc hosp",2021-01-09,"quantile",0.01,7.32249385816047
"7431",2020-12-12,"10","28  day ahead inc hosp",2021-01-09,"quantile",0.025,12.2122663728585
"7432",2020-12-12,"10","28  day ahead inc hosp",2021-01-09,"quantile",0.05,16.4177404938215
"7433",2020-12-12,"10","28  day ahead inc hosp",2021-01-09,"quantile",0.1,21.266382820374
"7434",2020-12-12,"10","28  day ahead inc hosp",2021-01-09,"quantile",0.15,24.5377387791179
"7435",2020-12-12,"10","28  day ahead inc hosp",2021-01-09,"quantile",0.2,27.1377087910332
"7436",2020-12-12,"10","28  day ahead inc hosp",2021-01-09,"quantile",0.25,29.3682515555371
"7437",2020-12-12,"10","28  day ahead inc hosp",2021-01-09,"quantile",0.3,31.3713478958837
"7438",2020-12-12,"10","28  day ahead inc hosp",2021-01-09,"quantile",0.35,33.2275151762453
"7439",2020-12-12,"10","28  day ahead inc hosp",2021-01-09,"quantile",0.4,34.9888364103144
"7440",2020-12-12,"10","28  day ahead inc hosp",2021-01-09,"quantile",0.45,36.6929350878808
"7441",2020-12-12,"10","28  day ahead inc hosp",2021-01-09,"quantile",0.5,38.3700159247295
"7442",2020-12-12,"10","28  day ahead inc hosp",2021-01-09,"quantile",0.55,40.0470967615783
"7443",2020-12-12,"10","28  day ahead inc hosp",2021-01-09,"quantile",0.6,41.7511954391447
"7444",2020-12-12,"10","28  day ahead inc hosp",2021-01-09,"quantile",0.65,43.5125166732137
"7445",2020-12-12,"10","28  day ahead inc hosp",2021-01-09,"quantile",0.7,45.3686839535753
"7446",2020-12-12,"10","28  day ahead inc hosp",2021-01-09,"quantile",0.75,47.371780293922
"7447",2020-12-12,"10","28  day ahead inc hosp",2021-01-09,"quantile",0.8,49.6023230584258
"7448",2020-12-12,"10","28  day ahead inc hosp",2021-01-09,"quantile",0.85,52.2022930703412
"7449",2020-12-12,"10","28  day ahead inc hosp",2021-01-09,"quantile",0.9,55.4736490290851
"7450",2020-12-12,"10","28  day ahead inc hosp",2021-01-09,"quantile",0.95,60.3222913556376
"7451",2020-12-12,"10","28  day ahead inc hosp",2021-01-09,"quantile",0.975,64.5277654766006
"7452",2020-12-12,"10","28  day ahead inc hosp",2021-01-09,"quantile",0.99,69.4175379912986
"7453",2020-12-12,"10","29  day ahead inc hosp",2021-01-10,"quantile",0.01,10.2717211218899
"7454",2020-12-12,"10","29  day ahead inc hosp",2021-01-10,"quantile",0.025,15.2249407659119
"7455",2020-12-12,"10","29  day ahead inc hosp",2021-01-10,"quantile",0.05,19.4849829183362
"7456",2020-12-12,"10","29  day ahead inc hosp",2021-01-10,"quantile",0.1,24.3965386904147
"7457",2020-12-12,"10","29  day ahead inc hosp",2021-01-10,"quantile",0.15,27.7103420521728
"7458",2020-12-12,"10","29  day ahead inc hosp",2021-01-10,"quantile",0.2,30.3440479143938
"7459",2020-12-12,"10","29  day ahead inc hosp",2021-01-10,"quantile",0.25,32.6035330345627
"7460",2020-12-12,"10","29  day ahead inc hosp",2021-01-10,"quantile",0.3,34.6326205047978
"7461",2020-12-12,"10","29  day ahead inc hosp",2021-01-10,"quantile",0.35,36.5128724404537
"7462",2020-12-12,"10","29  day ahead inc hosp",2021-01-10,"quantile",0.4,38.2970476571534
"7463",2020-12-12,"10","29  day ahead inc hosp",2021-01-10,"quantile",0.45,40.023257827402
"7464",2020-12-12,"10","29  day ahead inc hosp",2021-01-10,"quantile",0.5,41.7220995875702
"7465",2020-12-12,"10","29  day ahead inc hosp",2021-01-10,"quantile",0.55,43.4209413477385
"7466",2020-12-12,"10","29  day ahead inc hosp",2021-01-10,"quantile",0.6,45.1471515179871
"7467",2020-12-12,"10","29  day ahead inc hosp",2021-01-10,"quantile",0.65,46.9313267346868
"7468",2020-12-12,"10","29  day ahead inc hosp",2021-01-10,"quantile",0.7,48.8115786703427
"7469",2020-12-12,"10","29  day ahead inc hosp",2021-01-10,"quantile",0.75,50.8406661405778
"7470",2020-12-12,"10","29  day ahead inc hosp",2021-01-10,"quantile",0.8,53.1001512607467
"7471",2020-12-12,"10","29  day ahead inc hosp",2021-01-10,"quantile",0.85,55.7338571229677
"7472",2020-12-12,"10","29  day ahead inc hosp",2021-01-10,"quantile",0.9,59.0476604847257
"7473",2020-12-12,"10","29  day ahead inc hosp",2021-01-10,"quantile",0.95,63.9592162568043
"7474",2020-12-12,"10","29  day ahead inc hosp",2021-01-10,"quantile",0.975,68.2192584092286
"7475",2020-12-12,"10","29  day ahead inc hosp",2021-01-10,"quantile",0.99,73.1724780532506
"7476",2020-12-12,"10","30  day ahead inc hosp",2021-01-11,"quantile",0.01,12.8053942173624
"7477",2020-12-12,"10","30  day ahead inc hosp",2021-01-11,"quantile",0.025,17.8423812313967
"7478",2020-12-12,"10","30  day ahead inc hosp",2021-01-11,"quantile",0.05,22.1744679432988
"7479",2020-12-12,"10","30  day ahead inc hosp",2021-01-11,"quantile",0.1,27.1690864784414
"7480",2020-12-12,"10","30  day ahead inc hosp",2021-01-11,"quantile",0.15,30.5389318920975
"7481",2020-12-12,"10","30  day ahead inc hosp",2021-01-11,"quantile",0.2,33.2171782005978
"7482",2020-12-12,"10","30  day ahead inc hosp",2021-01-11,"quantile",0.25,35.5148750577179
"7483",2020-12-12,"10","30  day ahead inc hosp",2021-01-11,"quantile",0.3,37.5782778487184
"7484",2020-12-12,"10","30  day ahead inc hosp",2021-01-11,"quantile",0.35,39.4903280430686
"7485",2020-12-12,"10","30  day ahead inc hosp",2021-01-11,"quantile",0.4,41.3046766977108
"7486",2020-12-12,"10","30  day ahead inc hosp",2021-01-11,"quantile",0.45,43.060080018363
"7487",2020-12-12,"10","30  day ahead inc hosp",2021-01-11,"quantile",0.5,44.7876520825646
"7488",2020-12-12,"10","30  day ahead inc hosp",2021-01-11,"quantile",0.55,46.5152241467661
"7489",2020-12-12,"10","30  day ahead inc hosp",2021-01-11,"quantile",0.6,48.2706274674183
"7490",2020-12-12,"10","30  day ahead inc hosp",2021-01-11,"quantile",0.65,50.0849761220605
"7491",2020-12-12,"10","30  day ahead inc hosp",2021-01-11,"quantile",0.7,51.9970263164107
"7492",2020-12-12,"10","30  day ahead inc hosp",2021-01-11,"quantile",0.75,54.0604291074113
"7493",2020-12-12,"10","30  day ahead inc hosp",2021-01-11,"quantile",0.8,56.3581259645313
"7494",2020-12-12,"10","30  day ahead inc hosp",2021-01-11,"quantile",0.85,59.0363722730316
"7495",2020-12-12,"10","30  day ahead inc hosp",2021-01-11,"quantile",0.9,62.4062176866877
"7496",2020-12-12,"10","30  day ahead inc hosp",2021-01-11,"quantile",0.95,67.4008362218303
"7497",2020-12-12,"10","30  day ahead inc hosp",2021-01-11,"quantile",0.975,71.7329229337325
"7498",2020-12-12,"10","30  day ahead inc hosp",2021-01-11,"quantile",0.99,76.7699099477667
"7499",2020-12-12,"10","31  day ahead inc hosp",2021-01-12,"quantile",0.01,10.7100196243209
"7500",2020-12-12,"10","31  day ahead inc hosp",2021-01-12,"quantile",0.025,15.8377432808434
"7501",2020-12-12,"10","31  day ahead inc hosp",2021-01-12,"quantile",0.05,20.2478685110324
"7502",2020-12-12,"10","31  day ahead inc hosp",2021-01-12,"quantile",0.1,25.3324604598697
"7503",2020-12-12,"10","31  day ahead inc hosp",2021-01-12,"quantile",0.15,28.7630105085958
"7504",2020-12-12,"10","31  day ahead inc hosp",2021-01-12,"quantile",0.2,31.4895029366736
"7505",2020-12-12,"10","31  day ahead inc hosp",2021-01-12,"quantile",0.25,33.8285906684753
"7506",2020-12-12,"10","31  day ahead inc hosp",2021-01-12,"quantile",0.3,35.9291637441787
"7507",2020-12-12,"10","31  day ahead inc hosp",2021-01-12,"quantile",0.35,37.8756577467859
"7508",2020-12-12,"10","31  day ahead inc hosp",2021-01-12,"quantile",0.4,39.7226902071966
"7509",2020-12-12,"10","31  day ahead inc hosp",2021-01-12,"quantile",0.45,41.5097154881764
"7510",2020-12-12,"10","31  day ahead inc hosp",2021-01-12,"quantile",0.5,43.2684081584715
"7511",2020-12-12,"10","31  day ahead inc hosp",2021-01-12,"quantile",0.55,45.0271008287666
"7512",2020-12-12,"10","31  day ahead inc hosp",2021-01-12,"quantile",0.6,46.8141261097465
"7513",2020-12-12,"10","31  day ahead inc hosp",2021-01-12,"quantile",0.65,48.6611585701572
"7514",2020-12-12,"10","31  day ahead inc hosp",2021-01-12,"quantile",0.7,50.6076525727643
"7515",2020-12-12,"10","31  day ahead inc hosp",2021-01-12,"quantile",0.75,52.7082256484677
"7516",2020-12-12,"10","31  day ahead inc hosp",2021-01-12,"quantile",0.8,55.0473133802694
"7517",2020-12-12,"10","31  day ahead inc hosp",2021-01-12,"quantile",0.85,57.7738058083473
"7518",2020-12-12,"10","31  day ahead inc hosp",2021-01-12,"quantile",0.9,61.2043558570734
"7519",2020-12-12,"10","31  day ahead inc hosp",2021-01-12,"quantile",0.95,66.2889478059106
"7520",2020-12-12,"10","31  day ahead inc hosp",2021-01-12,"quantile",0.975,70.6990730360997
"7521",2020-12-12,"10","31  day ahead inc hosp",2021-01-12,"quantile",0.99,75.8267966926222
"7522",2020-12-12,"10","32  day ahead inc hosp",2021-01-13,"quantile",0.01,8.37310386099808
"7523",2020-12-12,"10","32  day ahead inc hosp",2021-01-13,"quantile",0.025,13.5683163499582
"7524",2020-12-12,"10","32  day ahead inc hosp",2021-01-13,"quantile",0.05,18.0364856992586
"7525",2020-12-12,"10","32  day ahead inc hosp",2021-01-13,"quantile",0.1,23.1879988000602
"7526",2020-12-12,"10","32  day ahead inc hosp",2021-01-13,"quantile",0.15,26.6637002323077
"7527",2020-12-12,"10","32  day ahead inc hosp",2021-01-13,"quantile",0.2,29.4260775486804
"7528",2020-12-12,"10","32  day ahead inc hosp",2021-01-13,"quantile",0.25,31.795951319388
"7529",2020-12-12,"10","32  day ahead inc hosp",2021-01-13,"quantile",0.3,33.9241712095114
"7530",2020-12-12,"10","32  day ahead inc hosp",2021-01-13,"quantile",0.35,35.8962841058778
"7531",2020-12-12,"10","32  day ahead inc hosp",2021-01-13,"quantile",0.4,37.7676263911888
"7532",2020-12-12,"10","32  day ahead inc hosp",2021-01-13,"quantile",0.45,39.5781717090951
"7533",2020-12-12,"10","32  day ahead inc hosp",2021-01-13,"quantile",0.5,41.3600115150171
"7534",2020-12-12,"10","32  day ahead inc hosp",2021-01-13,"quantile",0.55,43.1418513209391
"7535",2020-12-12,"10","32  day ahead inc hosp",2021-01-13,"quantile",0.6,44.9523966388454
"7536",2020-12-12,"10","32  day ahead inc hosp",2021-01-13,"quantile",0.65,46.8237389241565
"7537",2020-12-12,"10","32  day ahead inc hosp",2021-01-13,"quantile",0.7,48.7958518205228
"7538",2020-12-12,"10","32  day ahead inc hosp",2021-01-13,"quantile",0.75,50.9240717106463
"7539",2020-12-12,"10","32  day ahead inc hosp",2021-01-13,"quantile",0.8,53.2939454813539
"7540",2020-12-12,"10","32  day ahead inc hosp",2021-01-13,"quantile",0.85,56.0563227977266
"7541",2020-12-12,"10","32  day ahead inc hosp",2021-01-13,"quantile",0.9,59.5320242299741
"7542",2020-12-12,"10","32  day ahead inc hosp",2021-01-13,"quantile",0.95,64.6835373307756
"7543",2020-12-12,"10","32  day ahead inc hosp",2021-01-13,"quantile",0.975,69.1517066800761
"7544",2020-12-12,"10","32  day ahead inc hosp",2021-01-13,"quantile",0.99,74.3469191690362
"7545",2020-12-12,"10","33  day ahead inc hosp",2021-01-14,"quantile",0.01,10.439302065458
"7546",2020-12-12,"10","33  day ahead inc hosp",2021-01-14,"quantile",0.025,15.698224776599
"7547",2020-12-12,"10","33  day ahead inc hosp",2021-01-14,"quantile",0.05,20.2211884317321
"7548",2020-12-12,"10","33  day ahead inc hosp",2021-01-14,"quantile",0.1,25.4358758579182
"7549",2020-12-12,"10","33  day ahead inc hosp",2021-01-14,"quantile",0.15,28.9542007075819
"7550",2020-12-12,"10","33  day ahead inc hosp",2021-01-14,"quantile",0.2,31.7504537649272
"7551",2020-12-12,"10","33  day ahead inc hosp",2021-01-14,"quantile",0.25,34.1493899050361
"7552",2020-12-12,"10","33  day ahead inc hosp",2021-01-14,"quantile",0.3,36.3037087010922
"7553",2020-12-12,"10","33  day ahead inc hosp",2021-01-14,"quantile",0.35,38.3000061233197
"7554",2020-12-12,"10","33  day ahead inc hosp",2021-01-14,"quantile",0.4,40.194297158663
"7555",2020-12-12,"10","33  day ahead inc hosp",2021-01-14,"quantile",0.45,42.0270456578092
"7556",2020-12-12,"10","33  day ahead inc hosp",2021-01-14,"quantile",0.5,43.830736621921
"7557",2020-12-12,"10","33  day ahead inc hosp",2021-01-14,"quantile",0.55,45.6344275860328
"7558",2020-12-12,"10","33  day ahead inc hosp",2021-01-14,"quantile",0.6,47.4671760851791
"7559",2020-12-12,"10","33  day ahead inc hosp",2021-01-14,"quantile",0.65,49.3614671205224
"7560",2020-12-12,"10","33  day ahead inc hosp",2021-01-14,"quantile",0.7,51.3577645427498
"7561",2020-12-12,"10","33  day ahead inc hosp",2021-01-14,"quantile",0.75,53.512083338806
"7562",2020-12-12,"10","33  day ahead inc hosp",2021-01-14,"quantile",0.8,55.9110194789149
"7563",2020-12-12,"10","33  day ahead inc hosp",2021-01-14,"quantile",0.85,58.7072725362601
"7564",2020-12-12,"10","33  day ahead inc hosp",2021-01-14,"quantile",0.9,62.2255973859238
"7565",2020-12-12,"10","33  day ahead inc hosp",2021-01-14,"quantile",0.95,67.44028481211
"7566",2020-12-12,"10","33  day ahead inc hosp",2021-01-14,"quantile",0.975,71.963248467243
"7567",2020-12-12,"10","33  day ahead inc hosp",2021-01-14,"quantile",0.99,77.222171178384
"7568",2020-12-12,"10","34  day ahead inc hosp",2021-01-15,"quantile",0.01,11.8990706441725
"7569",2020-12-12,"10","34  day ahead inc hosp",2021-01-15,"quantile",0.025,17.2409607975568
"7570",2020-12-12,"10","34  day ahead inc hosp",2021-01-15,"quantile",0.05,21.8352810301559
"7571",2020-12-12,"10","34  day ahead inc hosp",2021-01-15,"quantile",0.1,27.1322380202077
"7572",2020-12-12,"10","34  day ahead inc hosp",2021-01-15,"quantile",0.15,30.706069754036
"7573",2020-12-12,"10","34  day ahead inc hosp",2021-01-15,"quantile",0.2,33.5464379233112
"7574",2020-12-12,"10","34  day ahead inc hosp",2021-01-15,"quantile",0.25,35.9832209013719
"7575",2020-12-12,"10","34  day ahead inc hosp",2021-01-15,"quantile",0.3,38.1715273276145
"7576",2020-12-12,"10","34  day ahead inc hosp",2021-01-15,"quantile",0.35,40.1993193543792
"7577",2020-12-12,"10","34  day ahead inc hosp",2021-01-15,"quantile",0.4,42.1234956895642
"7578",2020-12-12,"10","34  day ahead inc hosp",2021-01-15,"quantile",0.45,43.985158562167
"7579",2020-12-12,"10","34  day ahead inc hosp",2021-01-15,"quantile",0.5,45.8173054732682
"7580",2020-12-12,"10","34  day ahead inc hosp",2021-01-15,"quantile",0.55,47.6494523843695
"7581",2020-12-12,"10","34  day ahead inc hosp",2021-01-15,"quantile",0.6,49.5111152569723
"7582",2020-12-12,"10","34  day ahead inc hosp",2021-01-15,"quantile",0.65,51.4352915921573
"7583",2020-12-12,"10","34  day ahead inc hosp",2021-01-15,"quantile",0.7,53.463083618922
"7584",2020-12-12,"10","34  day ahead inc hosp",2021-01-15,"quantile",0.75,55.6513900451645
"7585",2020-12-12,"10","34  day ahead inc hosp",2021-01-15,"quantile",0.8,58.0881730232253
"7586",2020-12-12,"10","34  day ahead inc hosp",2021-01-15,"quantile",0.85,60.9285411925005
"7587",2020-12-12,"10","34  day ahead inc hosp",2021-01-15,"quantile",0.9,64.5023729263287
"7588",2020-12-12,"10","34  day ahead inc hosp",2021-01-15,"quantile",0.95,69.7993299163805
"7589",2020-12-12,"10","34  day ahead inc hosp",2021-01-15,"quantile",0.975,74.3936501489797
"7590",2020-12-12,"10","34  day ahead inc hosp",2021-01-15,"quantile",0.99,79.7355403023639
"7591",2020-12-12,"10","35  day ahead inc hosp",2021-01-16,"quantile",0.01,9.35999023738082
"7592",2020-12-12,"10","35  day ahead inc hosp",2021-01-16,"quantile",0.025,14.7824894360777
"7593",2020-12-12,"10","35  day ahead inc hosp",2021-01-16,"quantile",0.05,19.4461378946748
"7594",2020-12-12,"10","35  day ahead inc hosp",2021-01-16,"quantile",0.1,24.823025889253
"7595",2020-12-12,"10","35  day ahead inc hosp",2021-01-16,"quantile",0.15,28.4507866923619
"7596",2020-12-12,"10","35  day ahead inc hosp",2021-01-16,"quantile",0.2,31.3340159763152
"7597",2020-12-12,"10","35  day ahead inc hosp",2021-01-16,"quantile",0.25,33.8075699743436
"7598",2020-12-12,"10","35  day ahead inc hosp",2021-01-16,"quantile",0.3,36.0288979129733
"7599",2020-12-12,"10","35  day ahead inc hosp",2021-01-16,"quantile",0.35,38.0872892921538
"7600",2020-12-12,"10","35  day ahead inc hosp",2021-01-16,"quantile",0.4,40.0405014204642
"7601",2020-12-12,"10","35  day ahead inc hosp",2021-01-16,"quantile",0.45,41.9302567589444
"7602",2020-12-12,"10","35  day ahead inc hosp",2021-01-16,"quantile",0.5,43.7900507404899
"7603",2020-12-12,"10","35  day ahead inc hosp",2021-01-16,"quantile",0.55,45.6498447220354
"7604",2020-12-12,"10","35  day ahead inc hosp",2021-01-16,"quantile",0.6,47.5396000605156
"7605",2020-12-12,"10","35  day ahead inc hosp",2021-01-16,"quantile",0.65,49.492812188826
"7606",2020-12-12,"10","35  day ahead inc hosp",2021-01-16,"quantile",0.7,51.5512035680065
"7607",2020-12-12,"10","35  day ahead inc hosp",2021-01-16,"quantile",0.75,53.7725315066362
"7608",2020-12-12,"10","35  day ahead inc hosp",2021-01-16,"quantile",0.8,56.2460855046646
"7609",2020-12-12,"10","35  day ahead inc hosp",2021-01-16,"quantile",0.85,59.1293147886179
"7610",2020-12-12,"10","35  day ahead inc hosp",2021-01-16,"quantile",0.9,62.7570755917268
"7611",2020-12-12,"10","35  day ahead inc hosp",2021-01-16,"quantile",0.95,68.133963586305
"7612",2020-12-12,"10","35  day ahead inc hosp",2021-01-16,"quantile",0.975,72.7976120449022
"7613",2020-12-12,"10","35  day ahead inc hosp",2021-01-16,"quantile",0.99,78.220111243599
"7614",2020-12-12,"10","36  day ahead inc hosp",2021-01-17,"quantile",0.01,8.43476123542055
"7615",2020-12-12,"10","36  day ahead inc hosp",2021-01-17,"quantile",0.025,13.9187115798222
"7616",2020-12-12,"10","36  day ahead inc hosp",2021-01-17,"quantile",0.05,18.6352114138541
"7617",2020-12-12,"10","36  day ahead inc hosp",2021-01-17,"quantile",0.1,24.073033659501
"7618",2020-12-12,"10","36  day ahead inc hosp",2021-01-17,"quantile",0.15,27.74190651252
"7619",2020-12-12,"10","36  day ahead inc hosp",2021-01-17,"quantile",0.2,30.6578103504633
"7620",2020-12-12,"10","36  day ahead inc hosp",2021-01-17,"quantile",0.25,33.1593962064177
"7621",2020-12-12,"10","36  day ahead inc hosp",2021-01-17,"quantile",0.3,35.4058976198259
"7622",2020-12-12,"10","36  day ahead inc hosp",2021-01-17,"quantile",0.35,37.4876159749864
"7623",2020-12-12,"10","36  day ahead inc hosp",2021-01-17,"quantile",0.4,39.4629631223519
"7624",2020-12-12,"10","36  day ahead inc hosp",2021-01-17,"quantile",0.45,41.3741343479343
"7625",2020-12-12,"10","36  day ahead inc hosp",2021-01-17,"quantile",0.5,43.2550046757831
"7626",2020-12-12,"10","36  day ahead inc hosp",2021-01-17,"quantile",0.55,45.1358750036318
"7627",2020-12-12,"10","36  day ahead inc hosp",2021-01-17,"quantile",0.6,47.0470462292143
"7628",2020-12-12,"10","36  day ahead inc hosp",2021-01-17,"quantile",0.65,49.0223933765797
"7629",2020-12-12,"10","36  day ahead inc hosp",2021-01-17,"quantile",0.7,51.1041117317402
"7630",2020-12-12,"10","36  day ahead inc hosp",2021-01-17,"quantile",0.75,53.3506131451484
"7631",2020-12-12,"10","36  day ahead inc hosp",2021-01-17,"quantile",0.8,55.8521990011029
"7632",2020-12-12,"10","36  day ahead inc hosp",2021-01-17,"quantile",0.85,58.7681028390461
"7633",2020-12-12,"10","36  day ahead inc hosp",2021-01-17,"quantile",0.9,62.4369756920651
"7634",2020-12-12,"10","36  day ahead inc hosp",2021-01-17,"quantile",0.95,67.874797937712
"7635",2020-12-12,"10","36  day ahead inc hosp",2021-01-17,"quantile",0.975,72.5912977717439
"7636",2020-12-12,"10","36  day ahead inc hosp",2021-01-17,"quantile",0.99,78.0752481161456
"7637",2020-12-12,"10","37  day ahead inc hosp",2021-01-18,"quantile",0.01,10.7536858199251
"7638",2020-12-12,"10","37  day ahead inc hosp",2021-01-18,"quantile",0.025,16.3025619817878
"7639",2020-12-12,"10","37  day ahead inc hosp",2021-01-18,"quantile",0.05,21.0749016006551
"7640",2020-12-12,"10","37  day ahead inc hosp",2021-01-18,"quantile",0.1,26.5771035420203
"7641",2020-12-12,"10","37  day ahead inc hosp",2021-01-18,"quantile",0.15,30.2894130700971
"7642",2020-12-12,"10","37  day ahead inc hosp",2021-01-18,"quantile",0.2,33.2398390004056
"7643",2020-12-12,"10","37  day ahead inc hosp",2021-01-18,"quantile",0.25,35.7710417377041
"7644",2020-12-12,"10","37  day ahead inc hosp",2021-01-18,"quantile",0.3,38.0441400259074
"7645",2020-12-12,"10","37  day ahead inc hosp",2021-01-18,"quantile",0.35,40.1505043492923
"7646",2020-12-12,"10","37  day ahead inc hosp",2021-01-18,"quantile",0.4,42.1492381103683
"7647",2020-12-12,"10","37  day ahead inc hosp",2021-01-18,"quantile",0.45,44.0830361553667
"7648",2020-12-12,"10","37  day ahead inc hosp",2021-01-18,"quantile",0.5,45.9861745629581
"7649",2020-12-12,"10","37  day ahead inc hosp",2021-01-18,"quantile",0.55,47.8893129705495
"7650",2020-12-12,"10","37  day ahead inc hosp",2021-01-18,"quantile",0.6,49.8231110155479
"7651",2020-12-12,"10","37  day ahead inc hosp",2021-01-18,"quantile",0.65,51.8218447766239
"7652",2020-12-12,"10","37  day ahead inc hosp",2021-01-18,"quantile",0.7,53.9282091000088
"7653",2020-12-12,"10","37  day ahead inc hosp",2021-01-18,"quantile",0.75,56.2013073882121
"7654",2020-12-12,"10","37  day ahead inc hosp",2021-01-18,"quantile",0.8,58.7325101255106
"7655",2020-12-12,"10","37  day ahead inc hosp",2021-01-18,"quantile",0.85,61.6829360558191
"7656",2020-12-12,"10","37  day ahead inc hosp",2021-01-18,"quantile",0.9,65.3952455838959
"7657",2020-12-12,"10","37  day ahead inc hosp",2021-01-18,"quantile",0.95,70.8974475252611
"7658",2020-12-12,"10","37  day ahead inc hosp",2021-01-18,"quantile",0.975,75.6697871441284
"7659",2020-12-12,"10","37  day ahead inc hosp",2021-01-18,"quantile",0.99,81.2186633059911
"7660",2020-12-12,"11","1  day ahead inc hosp",2020-12-13,"quantile",0.01,9.79599878165543
"7661",2020-12-12,"11","1  day ahead inc hosp",2020-12-13,"quantile",0.025,11.8703320736337
"7662",2020-12-12,"11","1  day ahead inc hosp",2020-12-13,"quantile",0.05,13.6543731412794
"7663",2020-12-12,"11","1  day ahead inc hosp",2020-12-13,"quantile",0.1,15.7112582353467
"7664",2020-12-12,"11","1  day ahead inc hosp",2020-12-13,"quantile",0.15,17.0990288432301
"7665",2020-12-12,"11","1  day ahead inc hosp",2020-12-13,"quantile",0.2,18.2019849291523
"7666",2020-12-12,"11","1  day ahead inc hosp",2020-12-13,"quantile",0.25,19.1482230418014
"7667",2020-12-12,"11","1  day ahead inc hosp",2020-12-13,"quantile",0.3,19.9979741116786
"7668",2020-12-12,"11","1  day ahead inc hosp",2020-12-13,"quantile",0.35,20.7853951161448
"7669",2020-12-12,"11","1  day ahead inc hosp",2020-12-13,"quantile",0.4,21.5325806473154
"7670",2020-12-12,"11","1  day ahead inc hosp",2020-12-13,"quantile",0.45,22.2554912958306
"7671",2020-12-12,"11","1  day ahead inc hosp",2020-12-13,"quantile",0.5,22.966940469132
"7672",2020-12-12,"11","1  day ahead inc hosp",2020-12-13,"quantile",0.55,23.6783896424335
"7673",2020-12-12,"11","1  day ahead inc hosp",2020-12-13,"quantile",0.6,24.4013002909486
"7674",2020-12-12,"11","1  day ahead inc hosp",2020-12-13,"quantile",0.65,25.1484858221192
"7675",2020-12-12,"11","1  day ahead inc hosp",2020-12-13,"quantile",0.7,25.9359068265854
"7676",2020-12-12,"11","1  day ahead inc hosp",2020-12-13,"quantile",0.75,26.7856578964626
"7677",2020-12-12,"11","1  day ahead inc hosp",2020-12-13,"quantile",0.8,27.7318960091117
"7678",2020-12-12,"11","1  day ahead inc hosp",2020-12-13,"quantile",0.85,28.8348520950339
"7679",2020-12-12,"11","1  day ahead inc hosp",2020-12-13,"quantile",0.9,30.2226227029173
"7680",2020-12-12,"11","1  day ahead inc hosp",2020-12-13,"quantile",0.95,32.2795077969846
"7681",2020-12-12,"11","1  day ahead inc hosp",2020-12-13,"quantile",0.975,34.0635488646303
"7682",2020-12-12,"11","1  day ahead inc hosp",2020-12-13,"quantile",0.99,36.1378821566086
"7683",2020-12-12,"11","2  day ahead inc hosp",2020-12-14,"quantile",0.01,9.07921122615215
"7684",2020-12-12,"11","2  day ahead inc hosp",2020-12-14,"quantile",0.025,11.2629506139794
"7685",2020-12-12,"11","2  day ahead inc hosp",2020-12-14,"quantile",0.05,13.1410869597562
"7686",2020-12-12,"11","2  day ahead inc hosp",2020-12-14,"quantile",0.1,15.3064578832812
"7687",2020-12-12,"11","2  day ahead inc hosp",2020-12-14,"quantile",0.15,16.767423365262
"7688",2020-12-12,"11","2  day ahead inc hosp",2020-12-14,"quantile",0.2,17.928552416792
"7689",2020-12-12,"11","2  day ahead inc hosp",2020-12-14,"quantile",0.25,18.9246977541137
"7690",2020-12-12,"11","2  day ahead inc hosp",2020-12-14,"quantile",0.3,19.8192670541944
"7691",2020-12-12,"11","2  day ahead inc hosp",2020-12-14,"quantile",0.35,20.6482188281957
"7692",2020-12-12,"11","2  day ahead inc hosp",2020-12-14,"quantile",0.4,21.4348129983523
"7693",2020-12-12,"11","2  day ahead inc hosp",2020-12-14,"quantile",0.45,22.1958519611589
"7694",2020-12-12,"11","2  day ahead inc hosp",2020-12-14,"quantile",0.5,22.9448249387337
"7695",2020-12-12,"11","2  day ahead inc hosp",2020-12-14,"quantile",0.55,23.6937979163085
"7696",2020-12-12,"11","2  day ahead inc hosp",2020-12-14,"quantile",0.6,24.454836879115
"7697",2020-12-12,"11","2  day ahead inc hosp",2020-12-14,"quantile",0.65,25.2414310492716
"7698",2020-12-12,"11","2  day ahead inc hosp",2020-12-14,"quantile",0.7,26.0703828232729
"7699",2020-12-12,"11","2  day ahead inc hosp",2020-12-14,"quantile",0.75,26.9649521233536
"7700",2020-12-12,"11","2  day ahead inc hosp",2020-12-14,"quantile",0.8,27.9610974606753
"7701",2020-12-12,"11","2  day ahead inc hosp",2020-12-14,"quantile",0.85,29.1222265122053
"7702",2020-12-12,"11","2  day ahead inc hosp",2020-12-14,"quantile",0.9,30.5831919941862
"7703",2020-12-12,"11","2  day ahead inc hosp",2020-12-14,"quantile",0.95,32.7485629177111
"7704",2020-12-12,"11","2  day ahead inc hosp",2020-12-14,"quantile",0.975,34.626699263488
"7705",2020-12-12,"11","2  day ahead inc hosp",2020-12-14,"quantile",0.99,36.8104386513152
"7706",2020-12-12,"11","3  day ahead inc hosp",2020-12-15,"quantile",0.01,8.3141091784414
"7707",2020-12-12,"11","3  day ahead inc hosp",2020-12-15,"quantile",0.025,10.5025829707451
"7708",2020-12-12,"11","3  day ahead inc hosp",2020-12-15,"quantile",0.05,12.3847911655588
"7709",2020-12-12,"11","3  day ahead inc hosp",2020-12-15,"quantile",0.1,14.5548566702462
"7710",2020-12-12,"11","3  day ahead inc hosp",2020-12-15,"quantile",0.15,16.0189895638497
"7711",2020-12-12,"11","3  day ahead inc hosp",2020-12-15,"quantile",0.2,17.1826359737285
"7712",2020-12-12,"11","3  day ahead inc hosp",2020-12-15,"quantile",0.25,18.1809409803635
"7713",2020-12-12,"11","3  day ahead inc hosp",2020-12-15,"quantile",0.3,19.0774497302351
"7714",2020-12-12,"11","3  day ahead inc hosp",2020-12-15,"quantile",0.35,19.9081986935034
"7715",2020-12-12,"11","3  day ahead inc hosp",2020-12-15,"quantile",0.4,20.6964982205267
"7716",2020-12-12,"11","3  day ahead inc hosp",2020-12-15,"quantile",0.45,21.4591871358379
"7717",2020-12-12,"11","3  day ahead inc hosp",2020-12-15,"quantile",0.5,22.2097839065437
"7718",2020-12-12,"11","3  day ahead inc hosp",2020-12-15,"quantile",0.55,22.9603806772495
"7719",2020-12-12,"11","3  day ahead inc hosp",2020-12-15,"quantile",0.6,23.7230695925607
"7720",2020-12-12,"11","3  day ahead inc hosp",2020-12-15,"quantile",0.65,24.511369119584
"7721",2020-12-12,"11","3  day ahead inc hosp",2020-12-15,"quantile",0.7,25.3421180828523
"7722",2020-12-12,"11","3  day ahead inc hosp",2020-12-15,"quantile",0.75,26.2386268327239
"7723",2020-12-12,"11","3  day ahead inc hosp",2020-12-15,"quantile",0.8,27.2369318393589
"7724",2020-12-12,"11","3  day ahead inc hosp",2020-12-15,"quantile",0.85,28.4005782492377
"7725",2020-12-12,"11","3  day ahead inc hosp",2020-12-15,"quantile",0.9,29.8647111428412
"7726",2020-12-12,"11","3  day ahead inc hosp",2020-12-15,"quantile",0.95,32.0347766475286
"7727",2020-12-12,"11","3  day ahead inc hosp",2020-12-15,"quantile",0.975,33.9169848423422
"7728",2020-12-12,"11","3  day ahead inc hosp",2020-12-15,"quantile",0.99,36.105458634646
"7729",2020-12-12,"11","4  day ahead inc hosp",2020-12-16,"quantile",0.01,8.07605888777231
"7730",2020-12-12,"11","4  day ahead inc hosp",2020-12-16,"quantile",0.025,10.2883891442248
"7731",2020-12-12,"11","4  day ahead inc hosp",2020-12-16,"quantile",0.05,12.1911152143166
"7732",2020-12-12,"11","4  day ahead inc hosp",2020-12-16,"quantile",0.1,14.3848365151552
"7733",2020-12-12,"11","4  day ahead inc hosp",2020-12-16,"quantile",0.15,15.8649298621158
"7734",2020-12-12,"11","4  day ahead inc hosp",2020-12-16,"quantile",0.2,17.0412611343661
"7735",2020-12-12,"11","4  day ahead inc hosp",2020-12-16,"quantile",0.25,18.0504486234344
"7736",2020-12-12,"11","4  day ahead inc hosp",2020-12-16,"quantile",0.3,18.9567301788682
"7737",2020-12-12,"11","4  day ahead inc hosp",2020-12-16,"quantile",0.35,19.7965351029291
"7738",2020-12-12,"11","4  day ahead inc hosp",2020-12-16,"quantile",0.4,20.5934278511604
"7739",2020-12-12,"11","4  day ahead inc hosp",2020-12-16,"quantile",0.45,21.3644308074387
"7740",2020-12-12,"11","4  day ahead inc hosp",2020-12-16,"quantile",0.5,22.1232098031332
"7741",2020-12-12,"11","4  day ahead inc hosp",2020-12-16,"quantile",0.55,22.8819887988277
"7742",2020-12-12,"11","4  day ahead inc hosp",2020-12-16,"quantile",0.6,23.652991755106
"7743",2020-12-12,"11","4  day ahead inc hosp",2020-12-16,"quantile",0.65,24.4498845033373
"7744",2020-12-12,"11","4  day ahead inc hosp",2020-12-16,"quantile",0.7,25.2896894273982
"7745",2020-12-12,"11","4  day ahead inc hosp",2020-12-16,"quantile",0.75,26.195970982832
"7746",2020-12-12,"11","4  day ahead inc hosp",2020-12-16,"quantile",0.8,27.2051584719003
"7747",2020-12-12,"11","4  day ahead inc hosp",2020-12-16,"quantile",0.85,28.3814897441506
"7748",2020-12-12,"11","4  day ahead inc hosp",2020-12-16,"quantile",0.9,29.8615830911112
"7749",2020-12-12,"11","4  day ahead inc hosp",2020-12-16,"quantile",0.95,32.0553043919498
"7750",2020-12-12,"11","4  day ahead inc hosp",2020-12-16,"quantile",0.975,33.9580304620416
"7751",2020-12-12,"11","4  day ahead inc hosp",2020-12-16,"quantile",0.99,36.1703607184941
"7752",2020-12-12,"11","5  day ahead inc hosp",2020-12-17,"quantile",0.01,7.91847328068716
"7753",2020-12-12,"11","5  day ahead inc hosp",2020-12-17,"quantile",0.025,10.1744430280756
"7754",2020-12-12,"11","5  day ahead inc hosp",2020-12-17,"quantile",0.05,12.1147014678701
"7755",2020-12-12,"11","5  day ahead inc hosp",2020-12-17,"quantile",0.1,14.3516951872569
"7756",2020-12-12,"11","5  day ahead inc hosp",2020-12-17,"quantile",0.15,15.8609842295757
"7757",2020-12-12,"11","5  day ahead inc hosp",2020-12-17,"quantile",0.2,17.0605193149743
"7758",2020-12-12,"11","5  day ahead inc hosp",2020-12-17,"quantile",0.25,18.0896136096171
"7759",2020-12-12,"11","5  day ahead inc hosp",2020-12-17,"quantile",0.3,19.0137720917026
"7760",2020-12-12,"11","5  day ahead inc hosp",2020-12-17,"quantile",0.35,19.8701426525009
"7761",2020-12-12,"11","5  day ahead inc hosp",2020-12-17,"quantile",0.4,20.6827545700388
"7762",2020-12-12,"11","5  day ahead inc hosp",2020-12-17,"quantile",0.45,21.4689660045378
"7763",2020-12-12,"11","5  day ahead inc hosp",2020-12-17,"quantile",0.5,22.2427123537766
"7764",2020-12-12,"11","5  day ahead inc hosp",2020-12-17,"quantile",0.55,23.0164587030154
"7765",2020-12-12,"11","5  day ahead inc hosp",2020-12-17,"quantile",0.6,23.8026701375144
"7766",2020-12-12,"11","5  day ahead inc hosp",2020-12-17,"quantile",0.65,24.6152820550522
"7767",2020-12-12,"11","5  day ahead inc hosp",2020-12-17,"quantile",0.7,25.4716526158505
"7768",2020-12-12,"11","5  day ahead inc hosp",2020-12-17,"quantile",0.75,26.395811097936
"7769",2020-12-12,"11","5  day ahead inc hosp",2020-12-17,"quantile",0.8,27.4249053925788
"7770",2020-12-12,"11","5  day ahead inc hosp",2020-12-17,"quantile",0.85,28.6244404779775
"7771",2020-12-12,"11","5  day ahead inc hosp",2020-12-17,"quantile",0.9,30.1337295202963
"7772",2020-12-12,"11","5  day ahead inc hosp",2020-12-17,"quantile",0.95,32.3707232396831
"7773",2020-12-12,"11","5  day ahead inc hosp",2020-12-17,"quantile",0.975,34.3109816794775
"7774",2020-12-12,"11","5  day ahead inc hosp",2020-12-17,"quantile",0.99,36.566951426866
"7775",2020-12-12,"11","6  day ahead inc hosp",2020-12-18,"quantile",0.01,7.69753728353863
"7776",2020-12-12,"11","6  day ahead inc hosp",2020-12-18,"quantile",0.025,9.99303440548522
"7777",2020-12-12,"11","6  day ahead inc hosp",2020-12-18,"quantile",0.05,11.9672885680406
"7778",2020-12-12,"11","6  day ahead inc hosp",2020-12-18,"quantile",0.1,14.2434771785524
"7779",2020-12-12,"11","6  day ahead inc hosp",2020-12-18,"quantile",0.15,15.7792108278351
"7780",2020-12-12,"11","6  day ahead inc hosp",2020-12-18,"quantile",0.2,16.9997632485376
"7781",2020-12-12,"11","6  day ahead inc hosp",2020-12-18,"quantile",0.25,18.0468885454521
"7782",2020-12-12,"11","6  day ahead inc hosp",2020-12-18,"quantile",0.3,18.9872394248491
"7783",2020-12-12,"11","6  day ahead inc hosp",2020-12-18,"quantile",0.35,19.8586146549061
"7784",2020-12-12,"11","6  day ahead inc hosp",2020-12-18,"quantile",0.4,20.6854645362607
"7785",2020-12-12,"11","6  day ahead inc hosp",2020-12-18,"quantile",0.45,21.4854513655269
"7786",2020-12-12,"11","6  day ahead inc hosp",2020-12-18,"quantile",0.5,22.2727547058534
"7787",2020-12-12,"11","6  day ahead inc hosp",2020-12-18,"quantile",0.55,23.0600580461798
"7788",2020-12-12,"11","6  day ahead inc hosp",2020-12-18,"quantile",0.6,23.860044875446
"7789",2020-12-12,"11","6  day ahead inc hosp",2020-12-18,"quantile",0.65,24.6868947568006
"7790",2020-12-12,"11","6  day ahead inc hosp",2020-12-18,"quantile",0.7,25.5582699868576
"7791",2020-12-12,"11","6  day ahead inc hosp",2020-12-18,"quantile",0.75,26.4986208662546
"7792",2020-12-12,"11","6  day ahead inc hosp",2020-12-18,"quantile",0.8,27.5457461631691
"7793",2020-12-12,"11","6  day ahead inc hosp",2020-12-18,"quantile",0.85,28.7662985838716
"7794",2020-12-12,"11","6  day ahead inc hosp",2020-12-18,"quantile",0.9,30.3020322331543
"7795",2020-12-12,"11","6  day ahead inc hosp",2020-12-18,"quantile",0.95,32.5782208436661
"7796",2020-12-12,"11","6  day ahead inc hosp",2020-12-18,"quantile",0.975,34.5524750062215
"7797",2020-12-12,"11","6  day ahead inc hosp",2020-12-18,"quantile",0.99,36.8479721281681
"7798",2020-12-12,"11","7  day ahead inc hosp",2020-12-19,"quantile",0.01,7.45914360707558
"7799",2020-12-12,"11","7  day ahead inc hosp",2020-12-19,"quantile",0.025,9.78943580849357
"7800",2020-12-12,"11","7  day ahead inc hosp",2020-12-19,"quantile",0.05,11.7936156589647
"7801",2020-12-12,"11","7  day ahead inc hosp",2020-12-19,"quantile",0.1,14.104306671086
"7802",2020-12-12,"11","7  day ahead inc hosp",2020-12-19,"quantile",0.15,15.663318926934
"7803",2020-12-12,"11","7  day ahead inc hosp",2020-12-19,"quantile",0.2,16.9023724461878
"7804",2020-12-12,"11","7  day ahead inc hosp",2020-12-19,"quantile",0.25,17.9653700382902
"7805",2020-12-12,"11","7  day ahead inc hosp",2020-12-19,"quantile",0.3,18.9199747293199
"7806",2020-12-12,"11","7  day ahead inc hosp",2020-12-19,"quantile",0.35,19.8045582400972
"7807",2020-12-12,"11","7  day ahead inc hosp",2020-12-19,"quantile",0.4,20.6439414882147
"7808",2020-12-12,"11","7  day ahead inc hosp",2020-12-19,"quantile",0.45,21.4560544948716
"7809",2020-12-12,"11","7  day ahead inc hosp",2020-12-19,"quantile",0.5,22.2552917566275
"7810",2020-12-12,"11","7  day ahead inc hosp",2020-12-19,"quantile",0.55,23.0545290183833
"7811",2020-12-12,"11","7  day ahead inc hosp",2020-12-19,"quantile",0.6,23.8666420250402
"7812",2020-12-12,"11","7  day ahead inc hosp",2020-12-19,"quantile",0.65,24.7060252731577
"7813",2020-12-12,"11","7  day ahead inc hosp",2020-12-19,"quantile",0.7,25.590608783935
"7814",2020-12-12,"11","7  day ahead inc hosp",2020-12-19,"quantile",0.75,26.5452134749647
"7815",2020-12-12,"11","7  day ahead inc hosp",2020-12-19,"quantile",0.8,27.6082110670671
"7816",2020-12-12,"11","7  day ahead inc hosp",2020-12-19,"quantile",0.85,28.8472645863209
"7817",2020-12-12,"11","7  day ahead inc hosp",2020-12-19,"quantile",0.9,30.406276842169
"7818",2020-12-12,"11","7  day ahead inc hosp",2020-12-19,"quantile",0.95,32.7169678542903
"7819",2020-12-12,"11","7  day ahead inc hosp",2020-12-19,"quantile",0.975,34.7211477047614
"7820",2020-12-12,"11","7  day ahead inc hosp",2020-12-19,"quantile",0.99,37.0514399061794
"7821",2020-12-12,"11","8  day ahead inc hosp",2020-12-20,"quantile",0.01,7.32381495856711
"7822",2020-12-12,"11","8  day ahead inc hosp",2020-12-20,"quantile",0.025,9.68843421523804
"7823",2020-12-12,"11","8  day ahead inc hosp",2020-12-20,"quantile",0.05,11.7221372269771
"7824",2020-12-12,"11","8  day ahead inc hosp",2020-12-20,"quantile",0.1,14.0668665532623
"7825",2020-12-12,"11","8  day ahead inc hosp",2020-12-20,"quantile",0.15,15.6488442980795
"7826",2020-12-12,"11","8  day ahead inc hosp",2020-12-20,"quantile",0.2,16.9061500599451
"7827",2020-12-12,"11","8  day ahead inc hosp",2020-12-20,"quantile",0.25,17.984806450998
"7828",2020-12-12,"11","8  day ahead inc hosp",2020-12-20,"quantile",0.3,18.9534732274408
"7829",2020-12-12,"11","8  day ahead inc hosp",2020-12-20,"quantile",0.35,19.8510873560229
"7830",2020-12-12,"11","8  day ahead inc hosp",2020-12-20,"quantile",0.4,20.7028353861703
"7831",2020-12-12,"11","8  day ahead inc hosp",2020-12-20,"quantile",0.45,21.5269114625376
"7832",2020-12-12,"11","8  day ahead inc hosp",2020-12-20,"quantile",0.5,22.3379221240533
"7833",2020-12-12,"11","8  day ahead inc hosp",2020-12-20,"quantile",0.55,23.1489327855689
"7834",2020-12-12,"11","8  day ahead inc hosp",2020-12-20,"quantile",0.6,23.9730088619362
"7835",2020-12-12,"11","8  day ahead inc hosp",2020-12-20,"quantile",0.65,24.8247568920837
"7836",2020-12-12,"11","8  day ahead inc hosp",2020-12-20,"quantile",0.7,25.7223710206658
"7837",2020-12-12,"11","8  day ahead inc hosp",2020-12-20,"quantile",0.75,26.6910377971085
"7838",2020-12-12,"11","8  day ahead inc hosp",2020-12-20,"quantile",0.8,27.7696941881614
"7839",2020-12-12,"11","8  day ahead inc hosp",2020-12-20,"quantile",0.85,29.0269999500271
"7840",2020-12-12,"11","8  day ahead inc hosp",2020-12-20,"quantile",0.9,30.6089776948442
"7841",2020-12-12,"11","8  day ahead inc hosp",2020-12-20,"quantile",0.95,32.9537070211294
"7842",2020-12-12,"11","8  day ahead inc hosp",2020-12-20,"quantile",0.975,34.9874100328685
"7843",2020-12-12,"11","8  day ahead inc hosp",2020-12-20,"quantile",0.99,37.3520292895395
"7844",2020-12-12,"11","9  day ahead inc hosp",2020-12-21,"quantile",0.01,7.10677075244626
"7845",2020-12-12,"11","9  day ahead inc hosp",2020-12-21,"quantile",0.025,9.50591517912565
"7846",2020-12-12,"11","9  day ahead inc hosp",2020-12-21,"quantile",0.05,11.569311741752
"7847",2020-12-12,"11","9  day ahead inc hosp",2020-12-21,"quantile",0.1,13.9482758305198
"7848",2020-12-12,"11","9  day ahead inc hosp",2020-12-21,"quantile",0.15,15.553351607054
"7849",2020-12-12,"11","9  day ahead inc hosp",2020-12-21,"quantile",0.2,16.8290149523059
"7850",2020-12-12,"11","9  day ahead inc hosp",2020-12-21,"quantile",0.25,17.9234205153139
"7851",2020-12-12,"11","9  day ahead inc hosp",2020-12-21,"quantile",0.3,18.906230534921
"7852",2020-12-12,"11","9  day ahead inc hosp",2020-12-21,"quantile",0.35,19.8169504860595
"7853",2020-12-12,"11","9  day ahead inc hosp",2020-12-21,"quantile",0.4,20.6811346601918
"7854",2020-12-12,"11","9  day ahead inc hosp",2020-12-21,"quantile",0.45,21.5172428497867
"7855",2020-12-12,"11","9  day ahead inc hosp",2020-12-21,"quantile",0.5,22.3400948599205
"7856",2020-12-12,"11","9  day ahead inc hosp",2020-12-21,"quantile",0.55,23.1629468700544
"7857",2020-12-12,"11","9  day ahead inc hosp",2020-12-21,"quantile",0.6,23.9990550596493
"7858",2020-12-12,"11","9  day ahead inc hosp",2020-12-21,"quantile",0.65,24.8632392337815
"7859",2020-12-12,"11","9  day ahead inc hosp",2020-12-21,"quantile",0.7,25.77395918492
"7860",2020-12-12,"11","9  day ahead inc hosp",2020-12-21,"quantile",0.75,26.7567692045271
"7861",2020-12-12,"11","9  day ahead inc hosp",2020-12-21,"quantile",0.8,27.8511747675352
"7862",2020-12-12,"11","9  day ahead inc hosp",2020-12-21,"quantile",0.85,29.126838112787
"7863",2020-12-12,"11","9  day ahead inc hosp",2020-12-21,"quantile",0.9,30.7319138893213
"7864",2020-12-12,"11","9  day ahead inc hosp",2020-12-21,"quantile",0.95,33.1108779780891
"7865",2020-12-12,"11","9  day ahead inc hosp",2020-12-21,"quantile",0.975,35.1742745407154
"7866",2020-12-12,"11","9  day ahead inc hosp",2020-12-21,"quantile",0.99,37.5734189673948
"7867",2020-12-12,"11","10  day ahead inc hosp",2020-12-22,"quantile",0.01,6.89176856030144
"7868",2020-12-12,"11","10  day ahead inc hosp",2020-12-22,"quantile",0.025,9.32502481134831
"7869",2020-12-12,"11","10  day ahead inc hosp",2020-12-22,"quantile",0.05,11.4177594248073
"7870",2020-12-12,"11","10  day ahead inc hosp",2020-12-22,"quantile",0.1,13.8305484072622
"7871",2020-12-12,"11","10  day ahead inc hosp",2020-12-22,"quantile",0.15,15.4584456789832
"7872",2020-12-12,"11","10  day ahead inc hosp",2020-12-22,"quantile",0.2,16.7522468251533
"7873",2020-12-12,"11","10  day ahead inc hosp",2020-12-22,"quantile",0.25,17.8622130063288
"7874",2020-12-12,"11","10  day ahead inc hosp",2020-12-22,"quantile",0.3,18.8589969419714
"7875",2020-12-12,"11","10  day ahead inc hosp",2020-12-22,"quantile",0.35,19.7826658088466
"7876",2020-12-12,"11","10  day ahead inc hosp",2020-12-22,"quantile",0.4,20.6591372377357
"7877",2020-12-12,"11","10  day ahead inc hosp",2020-12-22,"quantile",0.45,21.5071334885071
"7878",2020-12-12,"11","10  day ahead inc hosp",2020-12-22,"quantile",0.5,22.3416850790989
"7879",2020-12-12,"11","10  day ahead inc hosp",2020-12-22,"quantile",0.55,23.1762366696907
"7880",2020-12-12,"11","10  day ahead inc hosp",2020-12-22,"quantile",0.6,24.0242329204621
"7881",2020-12-12,"11","10  day ahead inc hosp",2020-12-22,"quantile",0.65,24.9007043493512
"7882",2020-12-12,"11","10  day ahead inc hosp",2020-12-22,"quantile",0.7,25.8243732162264
"7883",2020-12-12,"11","10  day ahead inc hosp",2020-12-22,"quantile",0.75,26.821157151869
"7884",2020-12-12,"11","10  day ahead inc hosp",2020-12-22,"quantile",0.8,27.9311233330445
"7885",2020-12-12,"11","10  day ahead inc hosp",2020-12-22,"quantile",0.85,29.2249244792146
"7886",2020-12-12,"11","10  day ahead inc hosp",2020-12-22,"quantile",0.9,30.8528217509356
"7887",2020-12-12,"11","10  day ahead inc hosp",2020-12-22,"quantile",0.95,33.2656107333905
"7888",2020-12-12,"11","10  day ahead inc hosp",2020-12-22,"quantile",0.975,35.3583453468495
"7889",2020-12-12,"11","10  day ahead inc hosp",2020-12-22,"quantile",0.99,37.7916015978964
"7890",2020-12-12,"11","11  day ahead inc hosp",2020-12-23,"quantile",0.01,6.67868069549723
"7891",2020-12-12,"11","11  day ahead inc hosp",2020-12-23,"quantile",0.025,9.14546706633723
"7892",2020-12-12,"11","11  day ahead inc hosp",2020-12-23,"quantile",0.05,11.2670394326035
"7893",2020-12-12,"11","11  day ahead inc hosp",2020-12-23,"quantile",0.1,13.7130764971634
"7894",2020-12-12,"11","11  day ahead inc hosp",2020-12-23,"quantile",0.15,15.363406092035
"7895",2020-12-12,"11","11  day ahead inc hosp",2020-12-23,"quantile",0.2,16.6750357375261
"7896",2020-12-12,"11","11  day ahead inc hosp",2020-12-23,"quantile",0.25,17.8002971836393
"7897",2020-12-12,"11","11  day ahead inc hosp",2020-12-23,"quantile",0.3,18.810816739916
"7898",2020-12-12,"11","11  day ahead inc hosp",2020-12-23,"quantile",0.35,19.7472137063254
"7899",2020-12-12,"11","11  day ahead inc hosp",2020-12-23,"quantile",0.4,20.6357628569889
"7900",2020-12-12,"11","11  day ahead inc hosp",2020-12-23,"quantile",0.45,21.4954444433514
"7901",2020-12-12,"11","11  day ahead inc hosp",2020-12-23,"quantile",0.5,22.3414961029531
"7902",2020-12-12,"11","11  day ahead inc hosp",2020-12-23,"quantile",0.55,23.1875477625549
"7903",2020-12-12,"11","11  day ahead inc hosp",2020-12-23,"quantile",0.6,24.0472293489174
"7904",2020-12-12,"11","11  day ahead inc hosp",2020-12-23,"quantile",0.65,24.9357784995809
"7905",2020-12-12,"11","11  day ahead inc hosp",2020-12-23,"quantile",0.7,25.8721754659903
"7906",2020-12-12,"11","11  day ahead inc hosp",2020-12-23,"quantile",0.75,26.882695022267
"7907",2020-12-12,"11","11  day ahead inc hosp",2020-12-23,"quantile",0.8,28.0079564683802
"7908",2020-12-12,"11","11  day ahead inc hosp",2020-12-23,"quantile",0.85,29.3195861138713
"7909",2020-12-12,"11","11  day ahead inc hosp",2020-12-23,"quantile",0.9,30.9699157087429
"7910",2020-12-12,"11","11  day ahead inc hosp",2020-12-23,"quantile",0.95,33.4159527733028
"7911",2020-12-12,"11","11  day ahead inc hosp",2020-12-23,"quantile",0.975,35.5375251395691
"7912",2020-12-12,"11","11  day ahead inc hosp",2020-12-23,"quantile",0.99,38.0043115104091
"7913",2020-12-12,"11","12  day ahead inc hosp",2020-12-24,"quantile",0.01,6.46850066527033
"7914",2020-12-12,"11","12  day ahead inc hosp",2020-12-24,"quantile",0.025,8.96834094095786
"7915",2020-12-12,"11","12  day ahead inc hosp",2020-12-24,"quantile",0.05,11.1183414889065
"7916",2020-12-12,"11","12  day ahead inc hosp",2020-12-24,"quantile",0.1,13.5971544262948
"7917",2020-12-12,"11","12  day ahead inc hosp",2020-12-24,"quantile",0.15,15.2695977469599
"7918",2020-12-12,"11","12  day ahead inc hosp",2020-12-24,"quantile",0.2,16.5988026806923
"7919",2020-12-12,"11","12  day ahead inc hosp",2020-12-24,"quantile",0.25,17.7391421591832
"7920",2020-12-12,"11","12  day ahead inc hosp",2020-12-24,"quantile",0.3,18.7632022545413
"7921",2020-12-12,"11","12  day ahead inc hosp",2020-12-24,"quantile",0.35,19.7121465483533
"7922",2020-12-12,"11","12  day ahead inc hosp",2020-12-24,"quantile",0.4,20.612601885716
"7923",2020-12-12,"11","12  day ahead inc hosp",2020-12-24,"quantile",0.45,21.4838028454992
"7924",2020-12-12,"11","12  day ahead inc hosp",2020-12-24,"quantile",0.5,22.3411912432081
"7925",2020-12-12,"11","12  day ahead inc hosp",2020-12-24,"quantile",0.55,23.1985796409171
"7926",2020-12-12,"11","12  day ahead inc hosp",2020-12-24,"quantile",0.6,24.0697806007003
"7927",2020-12-12,"11","12  day ahead inc hosp",2020-12-24,"quantile",0.65,24.970235938063
"7928",2020-12-12,"11","12  day ahead inc hosp",2020-12-24,"quantile",0.7,25.919180231875
"7929",2020-12-12,"11","12  day ahead inc hosp",2020-12-24,"quantile",0.75,26.943240327233
"7930",2020-12-12,"11","12  day ahead inc hosp",2020-12-24,"quantile",0.8,28.083579805724
"7931",2020-12-12,"11","12  day ahead inc hosp",2020-12-24,"quantile",0.85,29.4127847394564
"7932",2020-12-12,"11","12  day ahead inc hosp",2020-12-24,"quantile",0.9,31.0852280601215
"7933",2020-12-12,"11","12  day ahead inc hosp",2020-12-24,"quantile",0.95,33.5640409975098
"7934",2020-12-12,"11","12  day ahead inc hosp",2020-12-24,"quantile",0.975,35.7140415454584
"7935",2020-12-12,"11","12  day ahead inc hosp",2020-12-24,"quantile",0.99,38.2138818211459
"7936",2020-12-12,"11","13  day ahead inc hosp",2020-12-25,"quantile",0.01,6.2612605621999
"7937",2020-12-12,"11","13  day ahead inc hosp",2020-12-25,"quantile",0.025,8.79373909706336
"7938",2020-12-12,"11","13  day ahead inc hosp",2020-12-25,"quantile",0.05,10.9718103484864
"7939",2020-12-12,"11","13  day ahead inc hosp",2020-12-25,"quantile",0.1,13.4829870092238
"7940",2020-12-12,"11","13  day ahead inc hosp",2020-12-25,"quantile",0.15,15.1772659803853
"7941",2020-12-12,"11","13  day ahead inc hosp",2020-12-25,"quantile",0.2,16.5238251969282
"7942",2020-12-12,"11","13  day ahead inc hosp",2020-12-25,"quantile",0.25,17.6790531048158
"7943",2020-12-12,"11","13  day ahead inc hosp",2020-12-25,"quantile",0.3,18.7164834699183
"7944",2020-12-12,"11","13  day ahead inc hosp",2020-12-25,"quantile",0.35,19.677817311217
"7945",2020-12-12,"11","13  day ahead inc hosp",2020-12-25,"quantile",0.4,20.5900291175682
"7946",2020-12-12,"11","13  day ahead inc hosp",2020-12-25,"quantile",0.45,21.4726045971543
"7947",2020-12-12,"11","13  day ahead inc hosp",2020-12-25,"quantile",0.5,22.3411871759519
"7948",2020-12-12,"11","13  day ahead inc hosp",2020-12-25,"quantile",0.55,23.2097697547496
"7949",2020-12-12,"11","13  day ahead inc hosp",2020-12-25,"quantile",0.6,24.0923452343356
"7950",2020-12-12,"11","13  day ahead inc hosp",2020-12-25,"quantile",0.65,25.0045570406868
"7951",2020-12-12,"11","13  day ahead inc hosp",2020-12-25,"quantile",0.7,25.9658908819855
"7952",2020-12-12,"11","13  day ahead inc hosp",2020-12-25,"quantile",0.75,27.003321247088
"7953",2020-12-12,"11","13  day ahead inc hosp",2020-12-25,"quantile",0.8,28.1585491549757
"7954",2020-12-12,"11","13  day ahead inc hosp",2020-12-25,"quantile",0.85,29.5051083715185
"7955",2020-12-12,"11","13  day ahead inc hosp",2020-12-25,"quantile",0.9,31.19938734268
"7956",2020-12-12,"11","13  day ahead inc hosp",2020-12-25,"quantile",0.95,33.7105640034174
"7957",2020-12-12,"11","13  day ahead inc hosp",2020-12-25,"quantile",0.975,35.8886352548405
"7958",2020-12-12,"11","13  day ahead inc hosp",2020-12-25,"quantile",0.99,38.4211137897039
"7959",2020-12-12,"11","14  day ahead inc hosp",2020-12-26,"quantile",0.01,6.05667384976049
"7960",2020-12-12,"11","14  day ahead inc hosp",2020-12-26,"quantile",0.025,8.62138181678769
"7961",2020-12-12,"11","14  day ahead inc hosp",2020-12-26,"quantile",0.05,10.8271721579006
"7962",2020-12-12,"11","14  day ahead inc hosp",2020-12-26,"quantile",0.1,13.3703071538121
"7963",2020-12-12,"11","14  day ahead inc hosp",2020-12-26,"quantile",0.15,15.0861482619931
"7964",2020-12-12,"11","14  day ahead inc hosp",2020-12-26,"quantile",0.2,16.4498443815053
"7965",2020-12-12,"11","14  day ahead inc hosp",2020-12-26,"quantile",0.25,17.6197742262418
"7966",2020-12-12,"11","14  day ahead inc hosp",2020-12-26,"quantile",0.3,18.6704073850172
"7967",2020-12-12,"11","14  day ahead inc hosp",2020-12-26,"quantile",0.35,19.6439755822634
"7968",2020-12-12,"11","14  day ahead inc hosp",2020-12-26,"quantile",0.4,20.5677965960085
"7969",2020-12-12,"11","14  day ahead inc hosp",2020-12-26,"quantile",0.45,21.4616041181003
"7970",2020-12-12,"11","14  day ahead inc hosp",2020-12-26,"quantile",0.5,22.3412406596134
"7971",2020-12-12,"11","14  day ahead inc hosp",2020-12-26,"quantile",0.55,23.2208772011264
"7972",2020-12-12,"11","14  day ahead inc hosp",2020-12-26,"quantile",0.6,24.1146847232183
"7973",2020-12-12,"11","14  day ahead inc hosp",2020-12-26,"quantile",0.65,25.0385057369634
"7974",2020-12-12,"11","14  day ahead inc hosp",2020-12-26,"quantile",0.7,26.0120739342096
"7975",2020-12-12,"11","14  day ahead inc hosp",2020-12-26,"quantile",0.75,27.0627070929849
"7976",2020-12-12,"11","14  day ahead inc hosp",2020-12-26,"quantile",0.8,28.2326369377215
"7977",2020-12-12,"11","14  day ahead inc hosp",2020-12-26,"quantile",0.85,29.5963330572337
"7978",2020-12-12,"11","14  day ahead inc hosp",2020-12-26,"quantile",0.9,31.3121741654147
"7979",2020-12-12,"11","14  day ahead inc hosp",2020-12-26,"quantile",0.95,33.8553091613261
"7980",2020-12-12,"11","14  day ahead inc hosp",2020-12-26,"quantile",0.975,36.0610995024391
"7981",2020-12-12,"11","14  day ahead inc hosp",2020-12-26,"quantile",0.99,38.6258074694663
"7982",2020-12-12,"11","15  day ahead inc hosp",2020-12-27,"quantile",0.01,9.30941434096199
"7983",2020-12-12,"11","15  day ahead inc hosp",2020-12-27,"quantile",0.025,11.905949794725
"7984",2020-12-12,"11","15  day ahead inc hosp",2020-12-27,"quantile",0.05,14.1391135302853
"7985",2020-12-12,"11","15  day ahead inc hosp",2020-12-27,"quantile",0.1,16.713808296896
"7986",2020-12-12,"11","15  day ahead inc hosp",2020-12-27,"quantile",0.15,18.4509426325374
"7987",2020-12-12,"11","15  day ahead inc hosp",2020-12-27,"quantile",0.2,19.8315619342261
"7988",2020-12-12,"11","15  day ahead inc hosp",2020-12-27,"quantile",0.25,21.0160103624013
"7989",2020-12-12,"11","15  day ahead inc hosp",2020-12-27,"quantile",0.3,22.0796816578203
"7990",2020-12-12,"11","15  day ahead inc hosp",2020-12-27,"quantile",0.35,23.0653316317377
"7991",2020-12-12,"11","15  day ahead inc hosp",2020-12-27,"quantile",0.4,24.0006170700641
"7992",2020-12-12,"11","15  day ahead inc hosp",2020-12-27,"quantile",0.45,24.9055165556152
"7993",2020-12-12,"11","15  day ahead inc hosp",2020-12-27,"quantile",0.5,25.7960692016973
"7994",2020-12-12,"11","15  day ahead inc hosp",2020-12-27,"quantile",0.55,26.6866218477795
"7995",2020-12-12,"11","15  day ahead inc hosp",2020-12-27,"quantile",0.6,27.5915213333306
"7996",2020-12-12,"11","15  day ahead inc hosp",2020-12-27,"quantile",0.65,28.526806771657
"7997",2020-12-12,"11","15  day ahead inc hosp",2020-12-27,"quantile",0.7,29.5124567455744
"7998",2020-12-12,"11","15  day ahead inc hosp",2020-12-27,"quantile",0.75,30.5761280409934
"7999",2020-12-12,"11","15  day ahead inc hosp",2020-12-27,"quantile",0.8,31.7605764691686
"8000",2020-12-12,"11","15  day ahead inc hosp",2020-12-27,"quantile",0.85,33.1411957708573
"8001",2020-12-12,"11","15  day ahead inc hosp",2020-12-27,"quantile",0.9,34.8783301064987
"8002",2020-12-12,"11","15  day ahead inc hosp",2020-12-27,"quantile",0.95,37.4530248731094
"8003",2020-12-12,"11","15  day ahead inc hosp",2020-12-27,"quantile",0.975,39.6861886086697
"8004",2020-12-12,"11","15  day ahead inc hosp",2020-12-27,"quantile",0.99,42.2827240624327
"8005",2020-12-12,"11","16  day ahead inc hosp",2020-12-28,"quantile",0.01,9.1097736453777
"8006",2020-12-12,"11","16  day ahead inc hosp",2020-12-28,"quantile",0.025,11.7377497941771
"8007",2020-12-12,"11","16  day ahead inc hosp",2020-12-28,"quantile",0.05,13.9979542619847
"8008",2020-12-12,"11","16  day ahead inc hosp",2020-12-28,"quantile",0.1,16.6038252610829
"8009",2020-12-12,"11","16  day ahead inc hosp",2020-12-28,"quantile",0.15,18.3619940527741
"8010",2020-12-12,"11","16  day ahead inc hosp",2020-12-28,"quantile",0.2,19.7593308733254
"8011",2020-12-12,"11","16  day ahead inc hosp",2020-12-28,"quantile",0.25,20.9581214441287
"8012",2020-12-12,"11","16  day ahead inc hosp",2020-12-28,"quantile",0.3,22.0346724268902
"8013",2020-12-12,"11","16  day ahead inc hosp",2020-12-28,"quantile",0.35,23.0322573505874
"8014",2020-12-12,"11","16  day ahead inc hosp",2020-12-28,"quantile",0.4,23.9788678891338
"8015",2020-12-12,"11","16  day ahead inc hosp",2020-12-28,"quantile",0.45,24.8947245402118
"8016",2020-12-12,"11","16  day ahead inc hosp",2020-12-28,"quantile",0.5,25.7960606301013
"8017",2020-12-12,"11","16  day ahead inc hosp",2020-12-28,"quantile",0.55,26.6973967199908
"8018",2020-12-12,"11","16  day ahead inc hosp",2020-12-28,"quantile",0.6,27.6132533710689
"8019",2020-12-12,"11","16  day ahead inc hosp",2020-12-28,"quantile",0.65,28.5598639096152
"8020",2020-12-12,"11","16  day ahead inc hosp",2020-12-28,"quantile",0.7,29.5574488333125
"8021",2020-12-12,"11","16  day ahead inc hosp",2020-12-28,"quantile",0.75,30.633999816074
"8022",2020-12-12,"11","16  day ahead inc hosp",2020-12-28,"quantile",0.8,31.8327903868772
"8023",2020-12-12,"11","16  day ahead inc hosp",2020-12-28,"quantile",0.85,33.2301272074285
"8024",2020-12-12,"11","16  day ahead inc hosp",2020-12-28,"quantile",0.9,34.9882959991197
"8025",2020-12-12,"11","16  day ahead inc hosp",2020-12-28,"quantile",0.95,37.5941669982179
"8026",2020-12-12,"11","16  day ahead inc hosp",2020-12-28,"quantile",0.975,39.8543714660256
"8027",2020-12-12,"11","16  day ahead inc hosp",2020-12-28,"quantile",0.99,42.4823476148249
"8028",2020-12-12,"11","17  day ahead inc hosp",2020-12-29,"quantile",0.01,8.91249839852106
"8029",2020-12-12,"11","17  day ahead inc hosp",2020-12-29,"quantile",0.025,11.5715436804091
"8030",2020-12-12,"11","17  day ahead inc hosp",2020-12-29,"quantile",0.05,13.8584693166908
"8031",2020-12-12,"11","17  day ahead inc hosp",2020-12-29,"quantile",0.1,16.4951481117121
"8032",2020-12-12,"11","17  day ahead inc hosp",2020-12-29,"quantile",0.15,18.2741027770523
"8033",2020-12-12,"11","17  day ahead inc hosp",2020-12-29,"quantile",0.2,19.6879595510541
"8034",2020-12-12,"11","17  day ahead inc hosp",2020-12-29,"quantile",0.25,20.9009227709535
"8035",2020-12-12,"11","17  day ahead inc hosp",2020-12-29,"quantile",0.3,21.9902012306273
"8036",2020-12-12,"11","17  day ahead inc hosp",2020-12-29,"quantile",0.35,22.9995800584572
"8037",2020-12-12,"11","17  day ahead inc hosp",2020-12-29,"quantile",0.4,23.9573818586969
"8038",2020-12-12,"11","17  day ahead inc hosp",2020-12-29,"quantile",0.45,24.8840661849788
"8039",2020-12-12,"11","17  day ahead inc hosp",2020-12-29,"quantile",0.5,25.7960582813724
"8040",2020-12-12,"11","17  day ahead inc hosp",2020-12-29,"quantile",0.55,26.7080503777661
"8041",2020-12-12,"11","17  day ahead inc hosp",2020-12-29,"quantile",0.6,27.6347347040479
"8042",2020-12-12,"11","17  day ahead inc hosp",2020-12-29,"quantile",0.65,28.5925365042877
"8043",2020-12-12,"11","17  day ahead inc hosp",2020-12-29,"quantile",0.7,29.6019153321175
"8044",2020-12-12,"11","17  day ahead inc hosp",2020-12-29,"quantile",0.75,30.6911937917914
"8045",2020-12-12,"11","17  day ahead inc hosp",2020-12-29,"quantile",0.8,31.9041570116907
"8046",2020-12-12,"11","17  day ahead inc hosp",2020-12-29,"quantile",0.85,33.3180137856926
"8047",2020-12-12,"11","17  day ahead inc hosp",2020-12-29,"quantile",0.9,35.0969684510328
"8048",2020-12-12,"11","17  day ahead inc hosp",2020-12-29,"quantile",0.95,37.733647246054
"8049",2020-12-12,"11","17  day ahead inc hosp",2020-12-29,"quantile",0.975,40.0205728823358
"8050",2020-12-12,"11","17  day ahead inc hosp",2020-12-29,"quantile",0.99,42.6796181642238
"8051",2020-12-12,"11","18  day ahead inc hosp",2020-12-30,"quantile",0.01,8.71750363864075
"8052",2020-12-12,"11","18  day ahead inc hosp",2020-12-30,"quantile",0.025,11.4072594559269
"8053",2020-12-12,"11","18  day ahead inc hosp",2020-12-30,"quantile",0.05,13.7205978468858
"8054",2020-12-12,"11","18  day ahead inc hosp",2020-12-30,"quantile",0.1,16.3877288564743
"8055",2020-12-12,"11","18  day ahead inc hosp",2020-12-30,"quantile",0.15,18.1872294864108
"8056",2020-12-12,"11","18  day ahead inc hosp",2020-12-30,"quantile",0.2,19.6174155417535
"8057",2020-12-12,"11","18  day ahead inc hosp",2020-12-30,"quantile",0.25,20.8443878310565
"8058",2020-12-12,"11","18  day ahead inc hosp",2020-12-30,"quantile",0.3,21.9462468680233
"8059",2020-12-12,"11","18  day ahead inc hosp",2020-12-30,"quantile",0.35,22.9672834755959
"8060",2020-12-12,"11","18  day ahead inc hosp",2020-12-30,"quantile",0.4,23.9361473687947
"8061",2020-12-12,"11","18  day ahead inc hosp",2020-12-30,"quantile",0.45,24.8735343980351
"8062",2020-12-12,"11","18  day ahead inc hosp",2020-12-30,"quantile",0.5,25.7960595100753
"8063",2020-12-12,"11","18  day ahead inc hosp",2020-12-30,"quantile",0.55,26.7185846221156
"8064",2020-12-12,"11","18  day ahead inc hosp",2020-12-30,"quantile",0.6,27.6559716513559
"8065",2020-12-12,"11","18  day ahead inc hosp",2020-12-30,"quantile",0.65,28.6248355445547
"8066",2020-12-12,"11","18  day ahead inc hosp",2020-12-30,"quantile",0.7,29.6458721521273
"8067",2020-12-12,"11","18  day ahead inc hosp",2020-12-30,"quantile",0.75,30.7477311890942
"8068",2020-12-12,"11","18  day ahead inc hosp",2020-12-30,"quantile",0.8,31.9747034783971
"8069",2020-12-12,"11","18  day ahead inc hosp",2020-12-30,"quantile",0.85,33.4048895337398
"8070",2020-12-12,"11","18  day ahead inc hosp",2020-12-30,"quantile",0.9,35.2043901636763
"8071",2020-12-12,"11","18  day ahead inc hosp",2020-12-30,"quantile",0.95,37.8715211732648
"8072",2020-12-12,"11","18  day ahead inc hosp",2020-12-30,"quantile",0.975,40.1848595642237
"8073",2020-12-12,"11","18  day ahead inc hosp",2020-12-30,"quantile",0.99,42.8746153815099
"8074",2020-12-12,"11","19  day ahead inc hosp",2020-12-31,"quantile",0.01,8.52470959721418
"8075",2020-12-12,"11","19  day ahead inc hosp",2020-12-31,"quantile",0.025,11.2448292475981
"8076",2020-12-12,"11","19  day ahead inc hosp",2020-12-31,"quantile",0.05,13.584282210129
"8077",2020-12-12,"11","19  day ahead inc hosp",2020-12-31,"quantile",0.1,16.2815216482612
"8078",2020-12-12,"11","19  day ahead inc hosp",2020-12-31,"quantile",0.15,18.1013362919961
"8079",2020-12-12,"11","19  day ahead inc hosp",2020-12-31,"quantile",0.2,19.5476672815384
"8080",2020-12-12,"11","19  day ahead inc hosp",2020-12-31,"quantile",0.25,20.7884904868124
"8081",2020-12-12,"11","19  day ahead inc hosp",2020-12-31,"quantile",0.3,21.9027880744019
"8082",2020-12-12,"11","19  day ahead inc hosp",2020-12-31,"quantile",0.35,22.9353508528409
"8083",2020-12-12,"11","19  day ahead inc hosp",2020-12-31,"quantile",0.4,23.9151519550452
"8084",2020-12-12,"11","19  day ahead inc hosp",2020-12-31,"quantile",0.45,24.8631208605737
"8085",2020-12-12,"11","19  day ahead inc hosp",2020-12-31,"quantile",0.5,25.7960600772514
"8086",2020-12-12,"11","19  day ahead inc hosp",2020-12-31,"quantile",0.55,26.7289992939291
"8087",2020-12-12,"11","19  day ahead inc hosp",2020-12-31,"quantile",0.6,27.6769681994576
"8088",2020-12-12,"11","19  day ahead inc hosp",2020-12-31,"quantile",0.65,28.656769301662
"8089",2020-12-12,"11","19  day ahead inc hosp",2020-12-31,"quantile",0.7,29.689332080101
"8090",2020-12-12,"11","19  day ahead inc hosp",2020-12-31,"quantile",0.75,30.8036296676904
"8091",2020-12-12,"11","19  day ahead inc hosp",2020-12-31,"quantile",0.8,32.0444528729644
"8092",2020-12-12,"11","19  day ahead inc hosp",2020-12-31,"quantile",0.85,33.4907838625067
"8093",2020-12-12,"11","19  day ahead inc hosp",2020-12-31,"quantile",0.9,35.3105985062416
"8094",2020-12-12,"11","19  day ahead inc hosp",2020-12-31,"quantile",0.95,38.0078379443739
"8095",2020-12-12,"11","19  day ahead inc hosp",2020-12-31,"quantile",0.975,40.3472909069047
"8096",2020-12-12,"11","19  day ahead inc hosp",2020-12-31,"quantile",0.99,43.0674105572887
"8097",2020-12-12,"11","20  day ahead inc hosp",2021-01-01,"quantile",0.01,8.33404359679106
"8098",2020-12-12,"11","20  day ahead inc hosp",2021-01-01,"quantile",0.025,11.0841918157634
"8099",2020-12-12,"11","20  day ahead inc hosp",2021-01-01,"quantile",0.05,13.4494710038924
"8100",2020-12-12,"11","20  day ahead inc hosp",2021-01-01,"quantile",0.1,16.1764864261273
"8101",2020-12-12,"11","20  day ahead inc hosp",2021-01-01,"quantile",0.15,18.0163907849745
"8102",2020-12-12,"11","20  day ahead inc hosp",2021-01-01,"quantile",0.2,19.4786884432311
"8103",2020-12-12,"11","20  day ahead inc hosp",2021-01-01,"quantile",0.25,20.7332096285629
"8104",2020-12-12,"11","20  day ahead inc hosp",2021-01-01,"quantile",0.3,21.8598084255981
"8105",2020-12-12,"11","20  day ahead inc hosp",2021-01-01,"quantile",0.35,22.9037701078352
"8106",2020-12-12,"11","20  day ahead inc hosp",2021-01-01,"quantile",0.4,23.8943876550428
"8107",2020-12-12,"11","20  day ahead inc hosp",2021-01-01,"quantile",0.45,24.8528215962896
"8108",2020-12-12,"11","20  day ahead inc hosp",2021-01-01,"quantile",0.5,25.7960599294981
"8109",2020-12-12,"11","20  day ahead inc hosp",2021-01-01,"quantile",0.55,26.7392982627065
"8110",2020-12-12,"11","20  day ahead inc hosp",2021-01-01,"quantile",0.6,27.6977322039533
"8111",2020-12-12,"11","20  day ahead inc hosp",2021-01-01,"quantile",0.65,28.6883497511609
"8112",2020-12-12,"11","20  day ahead inc hosp",2021-01-01,"quantile",0.7,29.732311433398
"8113",2020-12-12,"11","20  day ahead inc hosp",2021-01-01,"quantile",0.75,30.8589102304332
"8114",2020-12-12,"11","20  day ahead inc hosp",2021-01-01,"quantile",0.8,32.113431415765
"8115",2020-12-12,"11","20  day ahead inc hosp",2021-01-01,"quantile",0.85,33.5757290740216
"8116",2020-12-12,"11","20  day ahead inc hosp",2021-01-01,"quantile",0.9,35.4156334328688
"8117",2020-12-12,"11","20  day ahead inc hosp",2021-01-01,"quantile",0.95,38.1426488551037
"8118",2020-12-12,"11","20  day ahead inc hosp",2021-01-01,"quantile",0.975,40.5079280432327
"8119",2020-12-12,"11","20  day ahead inc hosp",2021-01-01,"quantile",0.99,43.2580762622051
"8120",2020-12-12,"11","21  day ahead inc hosp",2021-01-02,"quantile",0.01,8.14543715530409
"8121",2020-12-12,"11","21  day ahead inc hosp",2021-01-02,"quantile",0.025,10.925289580997
"8122",2020-12-12,"11","21  day ahead inc hosp",2021-01-02,"quantile",0.05,13.3161160256235
"8123",2020-12-12,"11","21  day ahead inc hosp",2021-01-02,"quantile",0.1,16.0725857984544
"8124",2020-12-12,"11","21  day ahead inc hosp",2021-01-02,"quantile",0.15,17.9323628678139
"8125",2020-12-12,"11","21  day ahead inc hosp",2021-01-02,"quantile",0.2,19.4104547264079
"8126",2020-12-12,"11","21  day ahead inc hosp",2021-01-02,"quantile",0.25,20.6785259292869
"8127",2020-12-12,"11","21  day ahead inc hosp",2021-01-02,"quantile",0.3,21.8172930608603
"8128",2020-12-12,"11","21  day ahead inc hosp",2021-01-02,"quantile",0.35,22.8725305184916
"8129",2020-12-12,"11","21  day ahead inc hosp",2021-01-02,"quantile",0.4,23.8738476738876
"8130",2020-12-12,"11","21  day ahead inc hosp",2021-01-02,"quantile",0.45,24.8426336098824
"8131",2020-12-12,"11","21  day ahead inc hosp",2021-01-02,"quantile",0.5,25.7960598108731
"8132",2020-12-12,"11","21  day ahead inc hosp",2021-01-02,"quantile",0.55,26.7494860118637
"8133",2020-12-12,"11","21  day ahead inc hosp",2021-01-02,"quantile",0.6,27.7182719478585
"8134",2020-12-12,"11","21  day ahead inc hosp",2021-01-02,"quantile",0.65,28.7195891032546
"8135",2020-12-12,"11","21  day ahead inc hosp",2021-01-02,"quantile",0.7,29.7748265608858
"8136",2020-12-12,"11","21  day ahead inc hosp",2021-01-02,"quantile",0.75,30.9135936924592
"8137",2020-12-12,"11","21  day ahead inc hosp",2021-01-02,"quantile",0.8,32.1816648953382
"8138",2020-12-12,"11","21  day ahead inc hosp",2021-01-02,"quantile",0.85,33.6597567539322
"8139",2020-12-12,"11","21  day ahead inc hosp",2021-01-02,"quantile",0.9,35.5195338232917
"8140",2020-12-12,"11","21  day ahead inc hosp",2021-01-02,"quantile",0.95,38.2760035961226
"8141",2020-12-12,"11","21  day ahead inc hosp",2021-01-02,"quantile",0.975,40.6668300407491
"8142",2020-12-12,"11","21  day ahead inc hosp",2021-01-02,"quantile",0.99,43.446682466442
"8143",2020-12-12,"11","22  day ahead inc hosp",2021-01-03,"quantile",0.01,7.03207798330427
"8144",2020-12-12,"11","22  day ahead inc hosp",2021-01-03,"quantile",0.025,9.84132055557979
"8145",2020-12-12,"11","22  day ahead inc hosp",2021-01-03,"quantile",0.05,12.257424147659
"8146",2020-12-12,"11","22  day ahead inc hosp",2021-01-03,"quantile",0.1,15.0430368526561
"8147",2020-12-12,"11","22  day ahead inc hosp",2021-01-03,"quantile",0.15,16.9224765199916
"8148",2020-12-12,"11","22  day ahead inc hosp",2021-01-03,"quantile",0.2,18.41619558814
"8149",2020-12-12,"11","22  day ahead inc hosp",2021-01-03,"quantile",0.25,19.6976735453436
"8150",2020-12-12,"11","22  day ahead inc hosp",2021-01-03,"quantile",0.3,20.8484803566536
"8151",2020-12-12,"11","22  day ahead inc hosp",2021-01-03,"quantile",0.35,21.9148743718318
"8152",2020-12-12,"11","22  day ahead inc hosp",2021-01-03,"quantile",0.4,22.9267780093378
"8153",2020-12-12,"11","22  day ahead inc hosp",2021-01-03,"quantile",0.45,23.9058064892902
"8154",2020-12-12,"11","22  day ahead inc hosp",2021-01-03,"quantile",0.5,24.8693128425738
"8155",2020-12-12,"11","22  day ahead inc hosp",2021-01-03,"quantile",0.55,25.8328191958573
"8156",2020-12-12,"11","22  day ahead inc hosp",2021-01-03,"quantile",0.6,26.8118476758098
"8157",2020-12-12,"11","22  day ahead inc hosp",2021-01-03,"quantile",0.65,27.8237513133157
"8158",2020-12-12,"11","22  day ahead inc hosp",2021-01-03,"quantile",0.7,28.8901453284939
"8159",2020-12-12,"11","22  day ahead inc hosp",2021-01-03,"quantile",0.75,30.0409521398039
"8160",2020-12-12,"11","22  day ahead inc hosp",2021-01-03,"quantile",0.8,31.3224300970075
"8161",2020-12-12,"11","22  day ahead inc hosp",2021-01-03,"quantile",0.85,32.8161491651559
"8162",2020-12-12,"11","22  day ahead inc hosp",2021-01-03,"quantile",0.9,34.6955888324914
"8163",2020-12-12,"11","22  day ahead inc hosp",2021-01-03,"quantile",0.95,37.4812015374885
"8164",2020-12-12,"11","22  day ahead inc hosp",2021-01-03,"quantile",0.975,39.8973051295677
"8165",2020-12-12,"11","22  day ahead inc hosp",2021-01-03,"quantile",0.99,42.7065477018432
"8166",2020-12-12,"11","23  day ahead inc hosp",2021-01-04,"quantile",0.01,6.84739800727933
"8167",2020-12-12,"11","23  day ahead inc hosp",2021-01-04,"quantile",0.025,9.6857264170178
"8168",2020-12-12,"11","23  day ahead inc hosp",2021-01-04,"quantile",0.05,12.1268454339188
"8169",2020-12-12,"11","23  day ahead inc hosp",2021-01-04,"quantile",0.1,14.9412993216503
"8170",2020-12-12,"11","23  day ahead inc hosp",2021-01-04,"quantile",0.15,16.8401979980529
"8171",2020-12-12,"11","23  day ahead inc hosp",2021-01-04,"quantile",0.2,18.3493824697447
"8172",2020-12-12,"11","23  day ahead inc hosp",2021-01-04,"quantile",0.25,19.6441283661228
"8173",2020-12-12,"11","23  day ahead inc hosp",2021-01-04,"quantile",0.3,20.8068501968745
"8174",2020-12-12,"11","23  day ahead inc hosp",2021-01-04,"quantile",0.35,21.8842852532583
"8175",2020-12-12,"11","23  day ahead inc hosp",2021-01-04,"quantile",0.4,22.9066657591625
"8176",2020-12-12,"11","23  day ahead inc hosp",2021-01-04,"quantile",0.45,23.8958307305381
"8177",2020-12-12,"11","23  day ahead inc hosp",2021-01-04,"quantile",0.5,24.869312865003
"8178",2020-12-12,"11","23  day ahead inc hosp",2021-01-04,"quantile",0.55,25.8427949994678
"8179",2020-12-12,"11","23  day ahead inc hosp",2021-01-04,"quantile",0.6,26.8319599708434
"8180",2020-12-12,"11","23  day ahead inc hosp",2021-01-04,"quantile",0.65,27.8543404767477
"8181",2020-12-12,"11","23  day ahead inc hosp",2021-01-04,"quantile",0.7,28.9317755331314
"8182",2020-12-12,"11","23  day ahead inc hosp",2021-01-04,"quantile",0.75,30.0944973638832
"8183",2020-12-12,"11","23  day ahead inc hosp",2021-01-04,"quantile",0.8,31.3892432602613
"8184",2020-12-12,"11","23  day ahead inc hosp",2021-01-04,"quantile",0.85,32.898427731953
"8185",2020-12-12,"11","23  day ahead inc hosp",2021-01-04,"quantile",0.9,34.7973264083557
"8186",2020-12-12,"11","23  day ahead inc hosp",2021-01-04,"quantile",0.95,37.6117802960872
"8187",2020-12-12,"11","23  day ahead inc hosp",2021-01-04,"quantile",0.975,40.0528993129881
"8188",2020-12-12,"11","23  day ahead inc hosp",2021-01-04,"quantile",0.99,42.8912277227266
"8189",2020-12-12,"11","24  day ahead inc hosp",2021-01-05,"quantile",0.01,6.66459142794419
"8190",2020-12-12,"11","24  day ahead inc hosp",2021-01-05,"quantile",0.025,9.53171062455172
"8191",2020-12-12,"11","24  day ahead inc hosp",2021-01-05,"quantile",0.05,11.9975913064864
"8192",2020-12-12,"11","24  day ahead inc hosp",2021-01-05,"quantile",0.1,14.8405938081684
"8193",2020-12-12,"11","24  day ahead inc hosp",2021-01-05,"quantile",0.15,16.7587540988687
"8194",2020-12-12,"11","24  day ahead inc hosp",2021-01-05,"quantile",0.2,18.2832470909985
"8195",2020-12-12,"11","24  day ahead inc hosp",2021-01-05,"quantile",0.25,19.5911263348161
"8196",2020-12-12,"11","24  day ahead inc hosp",2021-01-05,"quantile",0.3,20.7656423174715
"8197",2020-12-12,"11","24  day ahead inc hosp",2021-01-05,"quantile",0.35,21.8540064132741
"8198",2020-12-12,"11","24  day ahead inc hosp",2021-01-05,"quantile",0.4,22.8867575088337
"8199",2020-12-12,"11","24  day ahead inc hosp",2021-01-05,"quantile",0.45,23.8859561457188
"8200",2020-12-12,"11","24  day ahead inc hosp",2021-01-05,"quantile",0.5,24.8693128657171
"8201",2020-12-12,"11","24  day ahead inc hosp",2021-01-05,"quantile",0.55,25.8526695857155
"8202",2020-12-12,"11","24  day ahead inc hosp",2021-01-05,"quantile",0.6,26.8518682226005
"8203",2020-12-12,"11","24  day ahead inc hosp",2021-01-05,"quantile",0.65,27.8846193181602
"8204",2020-12-12,"11","24  day ahead inc hosp",2021-01-05,"quantile",0.7,28.9729834139627
"8205",2020-12-12,"11","24  day ahead inc hosp",2021-01-05,"quantile",0.75,30.1474993966182
"8206",2020-12-12,"11","24  day ahead inc hosp",2021-01-05,"quantile",0.8,31.4553786404357
"8207",2020-12-12,"11","24  day ahead inc hosp",2021-01-05,"quantile",0.85,32.9798716325656
"8208",2020-12-12,"11","24  day ahead inc hosp",2021-01-05,"quantile",0.9,34.8980319232658
"8209",2020-12-12,"11","24  day ahead inc hosp",2021-01-05,"quantile",0.95,37.7410344249478
"8210",2020-12-12,"11","24  day ahead inc hosp",2021-01-05,"quantile",0.975,40.2069151068825
"8211",2020-12-12,"11","24  day ahead inc hosp",2021-01-05,"quantile",0.99,43.0740343034901
"8212",2020-12-12,"11","25  day ahead inc hosp",2021-01-06,"quantile",0.01,6.48360237752691
"8213",2020-12-12,"11","25  day ahead inc hosp",2021-01-06,"quantile",0.025,9.37922611189765
"8214",2020-12-12,"11","25  day ahead inc hosp",2021-01-06,"quantile",0.05,11.8696222688433
"8215",2020-12-12,"11","25  day ahead inc hosp",2021-01-06,"quantile",0.1,14.7408895431465
"8216",2020-12-12,"11","25  day ahead inc hosp",2021-01-06,"quantile",0.15,16.678119941747
"8217",2020-12-12,"11","25  day ahead inc hosp",2021-01-06,"quantile",0.2,18.2177692511013
"8218",2020-12-12,"11","25  day ahead inc hosp",2021-01-06,"quantile",0.25,19.5386512655532
"8219",2020-12-12,"11","25  day ahead inc hosp",2021-01-06,"quantile",0.3,20.724844138106
"8220",2020-12-12,"11","25  day ahead inc hosp",2021-01-06,"quantile",0.35,21.8240286126028
"8221",2020-12-12,"11","25  day ahead inc hosp",2021-01-06,"quantile",0.4,22.8670471894162
"8222",2020-12-12,"11","25  day ahead inc hosp",2021-01-06,"quantile",0.45,23.8761797332388
"8223",2020-12-12,"11","25  day ahead inc hosp",2021-01-06,"quantile",0.5,24.8693128618333
"8224",2020-12-12,"11","25  day ahead inc hosp",2021-01-06,"quantile",0.55,25.8624459904278
"8225",2020-12-12,"11","25  day ahead inc hosp",2021-01-06,"quantile",0.6,26.8715785342504
"8226",2020-12-12,"11","25  day ahead inc hosp",2021-01-06,"quantile",0.65,27.9145971110638
"8227",2020-12-12,"11","25  day ahead inc hosp",2021-01-06,"quantile",0.7,29.0137815855607
"8228",2020-12-12,"11","25  day ahead inc hosp",2021-01-06,"quantile",0.75,30.1999744581134
"8229",2020-12-12,"11","25  day ahead inc hosp",2021-01-06,"quantile",0.8,31.5208564725653
"8230",2020-12-12,"11","25  day ahead inc hosp",2021-01-06,"quantile",0.85,33.0605057819196
"8231",2020-12-12,"11","25  day ahead inc hosp",2021-01-06,"quantile",0.9,34.9977361805201
"8232",2020-12-12,"11","25  day ahead inc hosp",2021-01-06,"quantile",0.95,37.8690034548233
"8233",2020-12-12,"11","25  day ahead inc hosp",2021-01-06,"quantile",0.975,40.3593996117689
"8234",2020-12-12,"11","25  day ahead inc hosp",2021-01-06,"quantile",0.99,43.2550233461397
"8235",2020-12-12,"11","26  day ahead inc hosp",2021-01-07,"quantile",0.01,6.30437770308468
"8236",2020-12-12,"11","26  day ahead inc hosp",2021-01-07,"quantile",0.025,9.22822809857858
"8237",2020-12-12,"11","26  day ahead inc hosp",2021-01-07,"quantile",0.05,11.7429007412948
"8238",2020-12-12,"11","26  day ahead inc hosp",2021-01-07,"quantile",0.1,14.6421572489311
"8239",2020-12-12,"11","26  day ahead inc hosp",2021-01-07,"quantile",0.15,16.5982718503821
"8240",2020-12-12,"11","26  day ahead inc hosp",2021-01-07,"quantile",0.2,18.1529297255206
"8241",2020-12-12,"11","26  day ahead inc hosp",2021-01-07,"quantile",0.25,19.4866877530274
"8242",2020-12-12,"11","26  day ahead inc hosp",2021-01-07,"quantile",0.3,20.6844436832532
"8243",2020-12-12,"11","26  day ahead inc hosp",2021-01-07,"quantile",0.35,21.7943430539243
"8244",2020-12-12,"11","26  day ahead inc hosp",2021-01-07,"quantile",0.4,22.8475290193951
"8245",2020-12-12,"11","26  day ahead inc hosp",2021-01-07,"quantile",0.45,23.8664986294099
"8246",2020-12-12,"11","26  day ahead inc hosp",2021-01-07,"quantile",0.5,24.8693128612287
"8247",2020-12-12,"11","26  day ahead inc hosp",2021-01-07,"quantile",0.55,25.8721270930475
"8248",2020-12-12,"11","26  day ahead inc hosp",2021-01-07,"quantile",0.6,26.8910967030623
"8249",2020-12-12,"11","26  day ahead inc hosp",2021-01-07,"quantile",0.65,27.9442826685331
"8250",2020-12-12,"11","26  day ahead inc hosp",2021-01-07,"quantile",0.7,29.0541820392042
"8251",2020-12-12,"11","26  day ahead inc hosp",2021-01-07,"quantile",0.75,30.25193796943
"8252",2020-12-12,"11","26  day ahead inc hosp",2021-01-07,"quantile",0.8,31.5856959969368
"8253",2020-12-12,"11","26  day ahead inc hosp",2021-01-07,"quantile",0.85,33.1403538720753
"8254",2020-12-12,"11","26  day ahead inc hosp",2021-01-07,"quantile",0.9,35.0964684735264
"8255",2020-12-12,"11","26  day ahead inc hosp",2021-01-07,"quantile",0.95,37.9957249811626
"8256",2020-12-12,"11","26  day ahead inc hosp",2021-01-07,"quantile",0.975,40.5103976238788
"8257",2020-12-12,"11","26  day ahead inc hosp",2021-01-07,"quantile",0.99,43.4342480193727
"8258",2020-12-12,"11","27  day ahead inc hosp",2021-01-08,"quantile",0.01,6.12686678719877
"8259",2020-12-12,"11","27  day ahead inc hosp",2021-01-08,"quantile",0.025,9.07867393874863
"8260",2020-12-12,"11","27  day ahead inc hosp",2021-01-08,"quantile",0.05,11.6173909339876
"8261",2020-12-12,"11","27  day ahead inc hosp",2021-01-08,"quantile",0.1,14.5443690401887
"8262",2020-12-12,"11","27  day ahead inc hosp",2021-01-08,"quantile",0.15,16.5191872725829
"8263",2020-12-12,"11","27  day ahead inc hosp",2021-01-08,"quantile",0.2,18.0887102006778
"8264",2020-12-12,"11","27  day ahead inc hosp",2021-01-08,"quantile",0.25,19.4352211200118
"8265",2020-12-12,"11","27  day ahead inc hosp",2021-01-08,"quantile",0.3,20.6444295412432
"8266",2020-12-12,"11","27  day ahead inc hosp",2021-01-08,"quantile",0.35,21.7649413515932
"8267",2020-12-12,"11","27  day ahead inc hosp",2021-01-08,"quantile",0.4,22.8281974845266
"8268",2020-12-12,"11","27  day ahead inc hosp",2021-01-08,"quantile",0.45,23.8569100981026
"8269",2020-12-12,"11","27  day ahead inc hosp",2021-01-08,"quantile",0.5,24.869312861842
"8270",2020-12-12,"11","27  day ahead inc hosp",2021-01-08,"quantile",0.55,25.8817156255814
"8271",2020-12-12,"11","27  day ahead inc hosp",2021-01-08,"quantile",0.6,26.9104282391574
"8272",2020-12-12,"11","27  day ahead inc hosp",2021-01-08,"quantile",0.65,27.9736843720908
"8273",2020-12-12,"11","27  day ahead inc hosp",2021-01-08,"quantile",0.7,29.0941961824409
"8274",2020-12-12,"11","27  day ahead inc hosp",2021-01-08,"quantile",0.75,30.3034046036723
"8275",2020-12-12,"11","27  day ahead inc hosp",2021-01-08,"quantile",0.8,31.6499155230062
"8276",2020-12-12,"11","27  day ahead inc hosp",2021-01-08,"quantile",0.85,33.2194384511012
"8277",2020-12-12,"11","27  day ahead inc hosp",2021-01-08,"quantile",0.9,35.1942566834953
"8278",2020-12-12,"11","27  day ahead inc hosp",2021-01-08,"quantile",0.95,38.1212347896964
"8279",2020-12-12,"11","27  day ahead inc hosp",2021-01-08,"quantile",0.975,40.6599517849354
"8280",2020-12-12,"11","27  day ahead inc hosp",2021-01-08,"quantile",0.99,43.6117589364853
"8281",2020-12-12,"11","28  day ahead inc hosp",2021-01-09,"quantile",0.01,5.95102138807023
"8282",2020-12-12,"11","28  day ahead inc hosp",2021-01-09,"quantile",0.025,8.93052298810277
"8283",2020-12-12,"11","28  day ahead inc hosp",2021-01-09,"quantile",0.05,11.4930587368805
"8284",2020-12-12,"11","28  day ahead inc hosp",2021-01-09,"quantile",0.1,14.4474983404662
"8285",2020-12-12,"11","28  day ahead inc hosp",2021-01-09,"quantile",0.15,16.440844714772
"8286",2020-12-12,"11","28  day ahead inc hosp",2021-01-09,"quantile",0.2,18.0250932227043
"8287",2020-12-12,"11","28  day ahead inc hosp",2021-01-09,"quantile",0.25,19.3842373783482
"8288",2020-12-12,"11","28  day ahead inc hosp",2021-01-09,"quantile",0.3,20.6047908362325
"8289",2020-12-12,"11","28  day ahead inc hosp",2021-01-09,"quantile",0.35,21.7358155137899
"8290",2020-12-12,"11","28  day ahead inc hosp",2021-01-09,"quantile",0.4,22.8090473296475
"8291",2020-12-12,"11","28  day ahead inc hosp",2021-01-09,"quantile",0.45,23.8474115319004
"8292",2020-12-12,"11","28  day ahead inc hosp",2021-01-09,"quantile",0.5,24.8693128620246
"8293",2020-12-12,"11","28  day ahead inc hosp",2021-01-09,"quantile",0.55,25.8912141921488
"8294",2020-12-12,"11","28  day ahead inc hosp",2021-01-09,"quantile",0.6,26.9295783944017
"8295",2020-12-12,"11","28  day ahead inc hosp",2021-01-09,"quantile",0.65,28.0028102102593
"8296",2020-12-12,"11","28  day ahead inc hosp",2021-01-09,"quantile",0.7,29.1338348878167
"8297",2020-12-12,"11","28  day ahead inc hosp",2021-01-09,"quantile",0.75,30.354388345701
"8298",2020-12-12,"11","28  day ahead inc hosp",2021-01-09,"quantile",0.8,31.7135325013449
"8299",2020-12-12,"11","28  day ahead inc hosp",2021-01-09,"quantile",0.85,33.2977810092772
"8300",2020-12-12,"11","28  day ahead inc hosp",2021-01-09,"quantile",0.9,35.291127383583
"8301",2020-12-12,"11","28  day ahead inc hosp",2021-01-09,"quantile",0.95,38.2455669871687
"8302",2020-12-12,"11","28  day ahead inc hosp",2021-01-09,"quantile",0.975,40.8081027359464
"8303",2020-12-12,"11","28  day ahead inc hosp",2021-01-09,"quantile",0.99,43.7876043359789
"8304",2020-12-12,"11","29  day ahead inc hosp",2021-01-10,"quantile",0.01,6.53683772756487
"8305",2020-12-12,"11","29  day ahead inc hosp",2021-01-10,"quantile",0.025,9.54377871620281
"8306",2020-12-12,"11","29  day ahead inc hosp",2021-01-10,"quantile",0.05,12.1299138529538
"8307",2020-12-12,"11","29  day ahead inc hosp",2021-01-10,"quantile",0.1,15.111562039476
"8308",2020-12-12,"11","29  day ahead inc hosp",2021-01-10,"quantile",0.15,17.123265915516
"8309",2020-12-12,"11","29  day ahead inc hosp",2021-01-10,"quantile",0.2,18.722104383882
"8310",2020-12-12,"11","29  day ahead inc hosp",2021-01-10,"quantile",0.25,20.0937654264634
"8311",2020-12-12,"11","29  day ahead inc hosp",2021-01-10,"quantile",0.3,21.3255594356681
"8312",2020-12-12,"11","29  day ahead inc hosp",2021-01-10,"quantile",0.35,22.467000159201
"8313",2020-12-12,"11","29  day ahead inc hosp",2021-01-10,"quantile",0.4,23.5501157841019
"8314",2020-12-12,"11","29  day ahead inc hosp",2021-01-10,"quantile",0.45,24.5980426859886
"8315",2020-12-12,"11","29  day ahead inc hosp",2021-01-10,"quantile",0.5,25.6293551027567
"8316",2020-12-12,"11","29  day ahead inc hosp",2021-01-10,"quantile",0.55,26.6606675195249
"8317",2020-12-12,"11","29  day ahead inc hosp",2021-01-10,"quantile",0.6,27.7085944214116
"8318",2020-12-12,"11","29  day ahead inc hosp",2021-01-10,"quantile",0.65,28.7917100463125
"8319",2020-12-12,"11","29  day ahead inc hosp",2021-01-10,"quantile",0.7,29.9331507698453
"8320",2020-12-12,"11","29  day ahead inc hosp",2021-01-10,"quantile",0.75,31.1649447790501
"8321",2020-12-12,"11","29  day ahead inc hosp",2021-01-10,"quantile",0.8,32.5366058216314
"8322",2020-12-12,"11","29  day ahead inc hosp",2021-01-10,"quantile",0.85,34.1354442899974
"8323",2020-12-12,"11","29  day ahead inc hosp",2021-01-10,"quantile",0.9,36.1471481660375
"8324",2020-12-12,"11","29  day ahead inc hosp",2021-01-10,"quantile",0.95,39.1287963525597
"8325",2020-12-12,"11","29  day ahead inc hosp",2021-01-10,"quantile",0.975,41.7149314893106
"8326",2020-12-12,"11","29  day ahead inc hosp",2021-01-10,"quantile",0.99,44.7218724779486
"8327",2020-12-12,"11","30  day ahead inc hosp",2021-01-11,"quantile",0.01,6.36418738607021
"8328",2020-12-12,"11","30  day ahead inc hosp",2021-01-11,"quantile",0.025,9.39831962341631
"8329",2020-12-12,"11","30  day ahead inc hosp",2021-01-11,"quantile",0.05,12.0078407341395
"8330",2020-12-12,"11","30  day ahead inc hosp",2021-01-11,"quantile",0.1,15.016451450923
"8331",2020-12-12,"11","30  day ahead inc hosp",2021-01-11,"quantile",0.15,17.0463468181254
"8332",2020-12-12,"11","30  day ahead inc hosp",2021-01-11,"quantile",0.2,18.6596433069852
"8333",2020-12-12,"11","30  day ahead inc hosp",2021-01-11,"quantile",0.25,20.0437080437837
"8334",2020-12-12,"11","30  day ahead inc hosp",2021-01-11,"quantile",0.3,21.2866409537477
"8335",2020-12-12,"11","30  day ahead inc hosp",2021-01-11,"quantile",0.35,22.4384035288621
"8336",2020-12-12,"11","30  day ahead inc hosp",2021-01-11,"quantile",0.4,23.5313135815379
"8337",2020-12-12,"11","30  day ahead inc hosp",2021-01-11,"quantile",0.45,24.5887167056467
"8338",2020-12-12,"11","30  day ahead inc hosp",2021-01-11,"quantile",0.5,25.6293551027138
"8339",2020-12-12,"11","30  day ahead inc hosp",2021-01-11,"quantile",0.55,26.6699934997809
"8340",2020-12-12,"11","30  day ahead inc hosp",2021-01-11,"quantile",0.6,27.7273966238897
"8341",2020-12-12,"11","30  day ahead inc hosp",2021-01-11,"quantile",0.65,28.8203066765655
"8342",2020-12-12,"11","30  day ahead inc hosp",2021-01-11,"quantile",0.7,29.9720692516799
"8343",2020-12-12,"11","30  day ahead inc hosp",2021-01-11,"quantile",0.75,31.2150021616439
"8344",2020-12-12,"11","30  day ahead inc hosp",2021-01-11,"quantile",0.8,32.5990668984424
"8345",2020-12-12,"11","30  day ahead inc hosp",2021-01-11,"quantile",0.85,34.2123633873022
"8346",2020-12-12,"11","30  day ahead inc hosp",2021-01-11,"quantile",0.9,36.2422587545046
"8347",2020-12-12,"11","30  day ahead inc hosp",2021-01-11,"quantile",0.95,39.2508694712881
"8348",2020-12-12,"11","30  day ahead inc hosp",2021-01-11,"quantile",0.975,41.8603905820113
"8349",2020-12-12,"11","30  day ahead inc hosp",2021-01-11,"quantile",0.99,44.8945228193574
"8350",2020-12-12,"11","31  day ahead inc hosp",2021-01-12,"quantile",0.01,6.1930706177838
"8351",2020-12-12,"11","31  day ahead inc hosp",2021-01-12,"quantile",0.025,9.2541525765481
"8352",2020-12-12,"11","31  day ahead inc hosp",2021-01-12,"quantile",0.05,11.8868519344496
"8353",2020-12-12,"11","31  day ahead inc hosp",2021-01-12,"quantile",0.1,14.9221856858046
"8354",2020-12-12,"11","31  day ahead inc hosp",2021-01-12,"quantile",0.15,16.9701109575645
"8355",2020-12-12,"11","31  day ahead inc hosp",2021-01-12,"quantile",0.2,18.597737043007
"8356",2020-12-12,"11","31  day ahead inc hosp",2021-01-12,"quantile",0.25,19.994095297742
"8357",2020-12-12,"11","31  day ahead inc hosp",2021-01-12,"quantile",0.3,21.2480681667601
"8358",2020-12-12,"11","31  day ahead inc hosp",2021-01-12,"quantile",0.35,22.410060909221
"8359",2020-12-12,"11","31  day ahead inc hosp",2021-01-12,"quantile",0.4,23.5126783902983
"8360",2020-12-12,"11","31  day ahead inc hosp",2021-01-12,"quantile",0.45,24.5794735637287
"8361",2020-12-12,"11","31  day ahead inc hosp",2021-01-12,"quantile",0.5,25.6293551027238
"8362",2020-12-12,"11","31  day ahead inc hosp",2021-01-12,"quantile",0.55,26.6792366417188
"8363",2020-12-12,"11","31  day ahead inc hosp",2021-01-12,"quantile",0.6,27.7460318151493
"8364",2020-12-12,"11","31  day ahead inc hosp",2021-01-12,"quantile",0.65,28.8486492962265
"8365",2020-12-12,"11","31  day ahead inc hosp",2021-01-12,"quantile",0.7,30.0106420386874
"8366",2020-12-12,"11","31  day ahead inc hosp",2021-01-12,"quantile",0.75,31.2646149077055
"8367",2020-12-12,"11","31  day ahead inc hosp",2021-01-12,"quantile",0.8,32.6609731624405
"8368",2020-12-12,"11","31  day ahead inc hosp",2021-01-12,"quantile",0.85,34.288599247883
"8369",2020-12-12,"11","31  day ahead inc hosp",2021-01-12,"quantile",0.9,36.3365245196429
"8370",2020-12-12,"11","31  day ahead inc hosp",2021-01-12,"quantile",0.95,39.3718582709979
"8371",2020-12-12,"11","31  day ahead inc hosp",2021-01-12,"quantile",0.975,42.0045576288994
"8372",2020-12-12,"11","31  day ahead inc hosp",2021-01-12,"quantile",0.99,45.0656395876637
"8373",2020-12-12,"11","32  day ahead inc hosp",2021-01-13,"quantile",0.01,6.02344726839003
"8374",2020-12-12,"11","32  day ahead inc hosp",2021-01-13,"quantile",0.025,9.11124374530433
"8375",2020-12-12,"11","32  day ahead inc hosp",2021-01-13,"quantile",0.05,11.7669190625978
"8376",2020-12-12,"11","32  day ahead inc hosp",2021-01-13,"quantile",0.1,14.828742623662
"8377",2020-12-12,"11","32  day ahead inc hosp",2021-01-13,"quantile",0.15,16.894540444272
"8378",2020-12-12,"11","32  day ahead inc hosp",2021-01-13,"quantile",0.2,18.5363710649693
"8379",2020-12-12,"11","32  day ahead inc hosp",2021-01-13,"quantile",0.25,19.9449155461571
"8380",2020-12-12,"11","32  day ahead inc hosp",2021-01-13,"quantile",0.3,21.209832023161
"8381",2020-12-12,"11","32  day ahead inc hosp",2021-01-13,"quantile",0.35,22.3819656493442
"8382",2020-12-12,"11","32  day ahead inc hosp",2021-01-13,"quantile",0.4,23.4942058373949
"8383",2020-12-12,"11","32  day ahead inc hosp",2021-01-13,"quantile",0.45,24.5703110911848
"8384",2020-12-12,"11","32  day ahead inc hosp",2021-01-13,"quantile",0.5,25.6293551027326
"8385",2020-12-12,"11","32  day ahead inc hosp",2021-01-13,"quantile",0.55,26.6883991142804
"8386",2020-12-12,"11","32  day ahead inc hosp",2021-01-13,"quantile",0.6,27.7645043680703
"8387",2020-12-12,"11","32  day ahead inc hosp",2021-01-13,"quantile",0.65,28.876744556121
"8388",2020-12-12,"11","32  day ahead inc hosp",2021-01-13,"quantile",0.7,30.0488781823042
"8389",2020-12-12,"11","32  day ahead inc hosp",2021-01-13,"quantile",0.75,31.3137946593081
"8390",2020-12-12,"11","32  day ahead inc hosp",2021-01-13,"quantile",0.8,32.7223391404959
"8391",2020-12-12,"11","32  day ahead inc hosp",2021-01-13,"quantile",0.85,34.3641697611932
"8392",2020-12-12,"11","32  day ahead inc hosp",2021-01-13,"quantile",0.9,36.4299675818032
"8393",2020-12-12,"11","32  day ahead inc hosp",2021-01-13,"quantile",0.95,39.4917911428674
"8394",2020-12-12,"11","32  day ahead inc hosp",2021-01-13,"quantile",0.975,42.1474664601608
"8395",2020-12-12,"11","32  day ahead inc hosp",2021-01-13,"quantile",0.99,45.2352629370751
"8396",2020-12-12,"11","33  day ahead inc hosp",2021-01-14,"quantile",0.01,5.85527890590693
"8397",2020-12-12,"11","33  day ahead inc hosp",2021-01-14,"quantile",0.025,8.96956075047618
"8398",2020-12-12,"11","33  day ahead inc hosp",2021-01-14,"quantile",0.05,11.6480149450942
"8399",2020-12-12,"11","33  day ahead inc hosp",2021-01-14,"quantile",0.1,14.7361010928656
"8400",2020-12-12,"11","33  day ahead inc hosp",2021-01-14,"quantile",0.15,16.8196181560452
"8401",2020-12-12,"11","33  day ahead inc hosp",2021-01-14,"quantile",0.2,18.4755314690252
"8402",2020-12-12,"11","33  day ahead inc hosp",2021-01-14,"quantile",0.25,19.896157646245
"8403",2020-12-12,"11","33  day ahead inc hosp",2021-01-14,"quantile",0.3,21.1719238596861
"8404",2020-12-12,"11","33  day ahead inc hosp",2021-01-14,"quantile",0.35,22.3541113836124
"8405",2020-12-12,"11","33  day ahead inc hosp",2021-01-14,"quantile",0.4,23.4758917374484
"8406",2020-12-12,"11","33  day ahead inc hosp",2021-01-14,"quantile",0.45,24.561227212043
"8407",2020-12-12,"11","33  day ahead inc hosp",2021-01-14,"quantile",0.5,25.6293551027319
"8408",2020-12-12,"11","33  day ahead inc hosp",2021-01-14,"quantile",0.55,26.6974829934208
"8409",2020-12-12,"11","33  day ahead inc hosp",2021-01-14,"quantile",0.6,27.7828184680154
"8410",2020-12-12,"11","33  day ahead inc hosp",2021-01-14,"quantile",0.65,28.9045988218515
"8411",2020-12-12,"11","33  day ahead inc hosp",2021-01-14,"quantile",0.7,30.0867863457777
"8412",2020-12-12,"11","33  day ahead inc hosp",2021-01-14,"quantile",0.75,31.3625525592189
"8413",2020-12-12,"11","33  day ahead inc hosp",2021-01-14,"quantile",0.8,32.7831787364386
"8414",2020-12-12,"11","33  day ahead inc hosp",2021-01-14,"quantile",0.85,34.4390920494187
"8415",2020-12-12,"11","33  day ahead inc hosp",2021-01-14,"quantile",0.9,36.5226091125982
"8416",2020-12-12,"11","33  day ahead inc hosp",2021-01-14,"quantile",0.95,39.6106952603696
"8417",2020-12-12,"11","33  day ahead inc hosp",2021-01-14,"quantile",0.975,42.2891494549876
"8418",2020-12-12,"11","33  day ahead inc hosp",2021-01-14,"quantile",0.99,45.4034312995569
"8419",2020-12-12,"11","34  day ahead inc hosp",2021-01-15,"quantile",0.01,5.68852871897894
"8420",2020-12-12,"11","34  day ahead inc hosp",2021-01-15,"quantile",0.025,8.82907257824634
"8421",2020-12-12,"11","34  day ahead inc hosp",2021-01-15,"quantile",0.05,11.5301135543241
"8422",2020-12-12,"11","34  day ahead inc hosp",2021-01-15,"quantile",0.1,14.6442408145733
"8423",2020-12-12,"11","34  day ahead inc hosp",2021-01-15,"quantile",0.15,16.7453276927111
"8424",2020-12-12,"11","34  day ahead inc hosp",2021-01-15,"quantile",0.2,18.4152049376456
"8425",2020-12-12,"11","34  day ahead inc hosp",2021-01-15,"quantile",0.25,19.8478109251101
"8426",2020-12-12,"11","34  day ahead inc hosp",2021-01-15,"quantile",0.3,21.1343353784026
"8427",2020-12-12,"11","34  day ahead inc hosp",2021-01-15,"quantile",0.35,22.3264920148495
"8428",2020-12-12,"11","34  day ahead inc hosp",2021-01-15,"quantile",0.4,23.4577320815859
"8429",2020-12-12,"11","34  day ahead inc hosp",2021-01-15,"quantile",0.45,24.552219937888
"8430",2020-12-12,"11","34  day ahead inc hosp",2021-01-15,"quantile",0.5,25.6293551027303
"8431",2020-12-12,"11","34  day ahead inc hosp",2021-01-15,"quantile",0.55,26.7064902675725
"8432",2020-12-12,"11","34  day ahead inc hosp",2021-01-15,"quantile",0.6,27.8009781238746
"8433",2020-12-12,"11","34  day ahead inc hosp",2021-01-15,"quantile",0.65,28.932218190611
"8434",2020-12-12,"11","34  day ahead inc hosp",2021-01-15,"quantile",0.7,30.1243748270579
"8435",2020-12-12,"11","34  day ahead inc hosp",2021-01-15,"quantile",0.75,31.4108992803504
"8436",2020-12-12,"11","34  day ahead inc hosp",2021-01-15,"quantile",0.8,32.8435052678149
"8437",2020-12-12,"11","34  day ahead inc hosp",2021-01-15,"quantile",0.85,34.5133825127494
"8438",2020-12-12,"11","34  day ahead inc hosp",2021-01-15,"quantile",0.9,36.6144693908872
"8439",2020-12-12,"11","34  day ahead inc hosp",2021-01-15,"quantile",0.95,39.7285966511364
"8440",2020-12-12,"11","34  day ahead inc hosp",2021-01-15,"quantile",0.975,42.4296376272142
"8441",2020-12-12,"11","34  day ahead inc hosp",2021-01-15,"quantile",0.99,45.5701814864816
"8442",2020-12-12,"11","35  day ahead inc hosp",2021-01-16,"quantile",0.01,5.52316142277174
"8443",2020-12-12,"11","35  day ahead inc hosp",2021-01-16,"quantile",0.025,8.6897495009011
"8444",2020-12-12,"11","35  day ahead inc hosp",2021-01-16,"quantile",0.05,11.4131899420042
"8445",2020-12-12,"11","35  day ahead inc hosp",2021-01-16,"quantile",0.1,14.5531423508787
"8446",2020-12-12,"11","35  day ahead inc hosp",2021-01-16,"quantile",0.15,16.6716533341889
"8447",2020-12-12,"11","35  day ahead inc hosp",2021-01-16,"quantile",0.2,18.3553787055589
"8448",2020-12-12,"11","35  day ahead inc hosp",2021-01-16,"quantile",0.25,19.7998651524446
"8449",2020-12-12,"11","35  day ahead inc hosp",2021-01-16,"quantile",0.3,21.0970586254784
"8450",2020-12-12,"11","35  day ahead inc hosp",2021-01-16,"quantile",0.35,22.2991016987174
"8451",2020-12-12,"11","35  day ahead inc hosp",2021-01-16,"quantile",0.4,23.4397230271727
"8452",2020-12-12,"11","35  day ahead inc hosp",2021-01-16,"quantile",0.45,24.5432873627563
"8453",2020-12-12,"11","35  day ahead inc hosp",2021-01-16,"quantile",0.5,25.6293551027302
"8454",2020-12-12,"11","35  day ahead inc hosp",2021-01-16,"quantile",0.55,26.7154228427041
"8455",2020-12-12,"11","35  day ahead inc hosp",2021-01-16,"quantile",0.6,27.8189871782877
"8456",2020-12-12,"11","35  day ahead inc hosp",2021-01-16,"quantile",0.65,28.959608506743
"8457",2020-12-12,"11","35  day ahead inc hosp",2021-01-16,"quantile",0.7,30.1616515799819
"8458",2020-12-12,"11","35  day ahead inc hosp",2021-01-16,"quantile",0.75,31.4588450530157
"8459",2020-12-12,"11","35  day ahead inc hosp",2021-01-16,"quantile",0.8,32.9033314999014
"8460",2020-12-12,"11","35  day ahead inc hosp",2021-01-16,"quantile",0.85,34.5870568712715
"8461",2020-12-12,"11","35  day ahead inc hosp",2021-01-16,"quantile",0.9,36.7055678545816
"8462",2020-12-12,"11","35  day ahead inc hosp",2021-01-16,"quantile",0.95,39.8455202634562
"8463",2020-12-12,"11","35  day ahead inc hosp",2021-01-16,"quantile",0.975,42.5689607045593
"8464",2020-12-12,"11","35  day ahead inc hosp",2021-01-16,"quantile",0.99,45.7355487826886
"8465",2020-12-12,"11","36  day ahead inc hosp",2021-01-17,"quantile",0.01,5.35914317179398
"8466",2020-12-12,"11","36  day ahead inc hosp",2021-01-17,"quantile",0.025,8.55156300338257
"8467",2020-12-12,"11","36  day ahead inc hosp",2021-01-17,"quantile",0.05,11.2972201775433
"8468",2020-12-12,"11","36  day ahead inc hosp",2021-01-17,"quantile",0.1,14.4627870567874
"8469",2020-12-12,"11","36  day ahead inc hosp",2021-01-17,"quantile",0.15,16.5985800016509
"8470",2020-12-12,"11","36  day ahead inc hosp",2021-01-17,"quantile",0.2,18.2960405282142
"8471",2020-12-12,"11","36  day ahead inc hosp",2021-01-17,"quantile",0.25,19.7523105152544
"8472",2020-12-12,"11","36  day ahead inc hosp",2021-01-17,"quantile",0.3,21.0600859715324
"8473",2020-12-12,"11","36  day ahead inc hosp",2021-01-17,"quantile",0.35,22.271934829278
"8474",2020-12-12,"11","36  day ahead inc hosp",2021-01-17,"quantile",0.4,23.4218608883203
"8475",2020-12-12,"11","36  day ahead inc hosp",2021-01-17,"quantile",0.45,24.5344276584296
"8476",2020-12-12,"11","36  day ahead inc hosp",2021-01-17,"quantile",0.5,25.6293551027309
"8477",2020-12-12,"11","36  day ahead inc hosp",2021-01-17,"quantile",0.55,26.7242825470322
"8478",2020-12-12,"11","36  day ahead inc hosp",2021-01-17,"quantile",0.6,27.8368493171415
"8479",2020-12-12,"11","36  day ahead inc hosp",2021-01-17,"quantile",0.65,28.9867753761838
"8480",2020-12-12,"11","36  day ahead inc hosp",2021-01-17,"quantile",0.7,30.1986242339293
"8481",2020-12-12,"11","36  day ahead inc hosp",2021-01-17,"quantile",0.75,31.5063996902074
"8482",2020-12-12,"11","36  day ahead inc hosp",2021-01-17,"quantile",0.8,32.9626696772475
"8483",2020-12-12,"11","36  day ahead inc hosp",2021-01-17,"quantile",0.85,34.6601302038109
"8484",2020-12-12,"11","36  day ahead inc hosp",2021-01-17,"quantile",0.9,36.7959231486744
"8485",2020-12-12,"11","36  day ahead inc hosp",2021-01-17,"quantile",0.95,39.9614900279184
"8486",2020-12-12,"11","36  day ahead inc hosp",2021-01-17,"quantile",0.975,42.7071472020792
"8487",2020-12-12,"11","36  day ahead inc hosp",2021-01-17,"quantile",0.99,45.8995670336678
"8488",2020-12-12,"11","37  day ahead inc hosp",2021-01-18,"quantile",0.01,5.19644147901611
"8489",2020-12-12,"11","37  day ahead inc hosp",2021-01-18,"quantile",0.025,8.41448571514604
"8490",2020-12-12,"11","37  day ahead inc hosp",2021-01-18,"quantile",0.05,11.1821812908561
"8491",2020-12-12,"11","37  day ahead inc hosp",2021-01-18,"quantile",0.1,14.3731570356616
"8492",2020-12-12,"11","37  day ahead inc hosp",2021-01-18,"quantile",0.15,16.5260932214906
"8493",2020-12-12,"11","37  day ahead inc hosp",2021-01-18,"quantile",0.2,18.2371786525214
"8494",2020-12-12,"11","37  day ahead inc hosp",2021-01-18,"quantile",0.25,19.7051375944102
"8495",2020-12-12,"11","37  day ahead inc hosp",2021-01-18,"quantile",0.3,21.0234100934047
"8496",2020-12-12,"11","37  day ahead inc hosp",2021-01-18,"quantile",0.35,22.244986025599
"8497",2020-12-12,"11","37  day ahead inc hosp",2021-01-18,"quantile",0.4,23.4041421270806
"8498",2020-12-12,"11","37  day ahead inc hosp",2021-01-18,"quantile",0.45,24.5256390700684
"8499",2020-12-12,"11","37  day ahead inc hosp",2021-01-18,"quantile",0.5,25.6293551027309
"8500",2020-12-12,"11","37  day ahead inc hosp",2021-01-18,"quantile",0.55,26.7330711353935
"8501",2020-12-12,"11","37  day ahead inc hosp",2021-01-18,"quantile",0.6,27.8545680783812
"8502",2020-12-12,"11","37  day ahead inc hosp",2021-01-18,"quantile",0.65,29.0137241798628
"8503",2020-12-12,"11","37  day ahead inc hosp",2021-01-18,"quantile",0.7,30.2353001120572
"8504",2020-12-12,"11","37  day ahead inc hosp",2021-01-18,"quantile",0.75,31.5535726110517
"8505",2020-12-12,"11","37  day ahead inc hosp",2021-01-18,"quantile",0.8,33.0215315529405
"8506",2020-12-12,"11","37  day ahead inc hosp",2021-01-18,"quantile",0.85,34.7326169839713
"8507",2020-12-12,"11","37  day ahead inc hosp",2021-01-18,"quantile",0.9,36.8855531698003
"8508",2020-12-12,"11","37  day ahead inc hosp",2021-01-18,"quantile",0.95,40.0765289146057
"8509",2020-12-12,"11","37  day ahead inc hosp",2021-01-18,"quantile",0.975,42.8442244903158
"8510",2020-12-12,"11","37  day ahead inc hosp",2021-01-18,"quantile",0.99,46.0622687264458
"8511",2020-12-12,"12","1  day ahead inc hosp",2020-12-13,"quantile",0.01,362.598982729099
"8512",2020-12-12,"12","1  day ahead inc hosp",2020-12-13,"quantile",0.025,382.319958428552
"8513",2020-12-12,"12","1  day ahead inc hosp",2020-12-13,"quantile",0.05,399.281085494258
"8514",2020-12-12,"12","1  day ahead inc hosp",2020-12-13,"quantile",0.1,418.836178744478
"8515",2020-12-12,"12","1  day ahead inc hosp",2020-12-13,"quantile",0.15,432.029907322388
"8516",2020-12-12,"12","1  day ahead inc hosp",2020-12-13,"quantile",0.2,442.515864546404
"8517",2020-12-12,"12","1  day ahead inc hosp",2020-12-13,"quantile",0.25,451.511882157274
"8518",2020-12-12,"12","1  day ahead inc hosp",2020-12-13,"quantile",0.3,459.590584005448
"8519",2020-12-12,"12","1  day ahead inc hosp",2020-12-13,"quantile",0.35,467.076705235035
"8520",2020-12-12,"12","1  day ahead inc hosp",2020-12-13,"quantile",0.4,474.180302212522
"8521",2020-12-12,"12","1  day ahead inc hosp",2020-12-13,"quantile",0.45,481.053114497498
"8522",2020-12-12,"12","1  day ahead inc hosp",2020-12-13,"quantile",0.5,487.816960940272
"8523",2020-12-12,"12","1  day ahead inc hosp",2020-12-13,"quantile",0.55,494.580807383046
"8524",2020-12-12,"12","1  day ahead inc hosp",2020-12-13,"quantile",0.6,501.453619668022
"8525",2020-12-12,"12","1  day ahead inc hosp",2020-12-13,"quantile",0.65,508.557216645509
"8526",2020-12-12,"12","1  day ahead inc hosp",2020-12-13,"quantile",0.7,516.043337875096
"8527",2020-12-12,"12","1  day ahead inc hosp",2020-12-13,"quantile",0.75,524.12203972327
"8528",2020-12-12,"12","1  day ahead inc hosp",2020-12-13,"quantile",0.8,533.11805733414
"8529",2020-12-12,"12","1  day ahead inc hosp",2020-12-13,"quantile",0.85,543.604014558156
"8530",2020-12-12,"12","1  day ahead inc hosp",2020-12-13,"quantile",0.9,556.797743136066
"8531",2020-12-12,"12","1  day ahead inc hosp",2020-12-13,"quantile",0.95,576.352836386286
"8532",2020-12-12,"12","1  day ahead inc hosp",2020-12-13,"quantile",0.975,593.313963451992
"8533",2020-12-12,"12","1  day ahead inc hosp",2020-12-13,"quantile",0.99,613.034939151445
"8534",2020-12-12,"12","2  day ahead inc hosp",2020-12-14,"quantile",0.01,361.374019538388
"8535",2020-12-12,"12","2  day ahead inc hosp",2020-12-14,"quantile",0.025,383.900045198848
"8536",2020-12-12,"12","2  day ahead inc hosp",2020-12-14,"quantile",0.05,403.273669979646
"8537",2020-12-12,"12","2  day ahead inc hosp",2020-12-14,"quantile",0.1,425.61021858963
"8538",2020-12-12,"12","2  day ahead inc hosp",2020-12-14,"quantile",0.15,440.680581893784
"8539",2020-12-12,"12","2  day ahead inc hosp",2020-12-14,"quantile",0.2,452.658028907687
"8540",2020-12-12,"12","2  day ahead inc hosp",2020-12-14,"quantile",0.25,462.933611953511
"8541",2020-12-12,"12","2  day ahead inc hosp",2020-12-14,"quantile",0.3,472.161403108906
"8542",2020-12-12,"12","2  day ahead inc hosp",2020-12-14,"quantile",0.35,480.712326830174
"8543",2020-12-12,"12","2  day ahead inc hosp",2020-12-14,"quantile",0.4,488.826317245003
"8544",2020-12-12,"12","2  day ahead inc hosp",2020-12-14,"quantile",0.45,496.676696873796
"8545",2020-12-12,"12","2  day ahead inc hosp",2020-12-14,"quantile",0.5,504.402611699479
"8546",2020-12-12,"12","2  day ahead inc hosp",2020-12-14,"quantile",0.55,512.128526525162
"8547",2020-12-12,"12","2  day ahead inc hosp",2020-12-14,"quantile",0.6,519.978906153955
"8548",2020-12-12,"12","2  day ahead inc hosp",2020-12-14,"quantile",0.65,528.092896568784
"8549",2020-12-12,"12","2  day ahead inc hosp",2020-12-14,"quantile",0.7,536.643820290051
"8550",2020-12-12,"12","2  day ahead inc hosp",2020-12-14,"quantile",0.75,545.871611445446
"8551",2020-12-12,"12","2  day ahead inc hosp",2020-12-14,"quantile",0.8,556.14719449127
"8552",2020-12-12,"12","2  day ahead inc hosp",2020-12-14,"quantile",0.85,568.124641505173
"8553",2020-12-12,"12","2  day ahead inc hosp",2020-12-14,"quantile",0.9,583.195004809327
"8554",2020-12-12,"12","2  day ahead inc hosp",2020-12-14,"quantile",0.95,605.531553419312
"8555",2020-12-12,"12","2  day ahead inc hosp",2020-12-14,"quantile",0.975,624.905178200109
"8556",2020-12-12,"12","2  day ahead inc hosp",2020-12-14,"quantile",0.99,647.43120386057
"8557",2020-12-12,"12","3  day ahead inc hosp",2020-12-15,"quantile",0.01,365.320250694053
"8558",2020-12-12,"12","3  day ahead inc hosp",2020-12-15,"quantile",0.025,388.21694328761
"8559",2020-12-12,"12","3  day ahead inc hosp",2020-12-15,"quantile",0.05,407.909362079775
"8560",2020-12-12,"12","3  day ahead inc hosp",2020-12-15,"quantile",0.1,430.613459768058
"8561",2020-12-12,"12","3  day ahead inc hosp",2020-12-15,"quantile",0.15,445.931806690397
"8562",2020-12-12,"12","3  day ahead inc hosp",2020-12-15,"quantile",0.2,458.106343222792
"8563",2020-12-12,"12","3  day ahead inc hosp",2020-12-15,"quantile",0.25,468.5510115263
"8564",2020-12-12,"12","3  day ahead inc hosp",2020-12-15,"quantile",0.3,477.930646468894
"8565",2020-12-12,"12","3  day ahead inc hosp",2020-12-15,"quantile",0.35,486.622276088249
"8566",2020-12-12,"12","3  day ahead inc hosp",2020-12-15,"quantile",0.4,494.869782640704
"8567",2020-12-12,"12","3  day ahead inc hosp",2020-12-15,"quantile",0.45,502.849340677819
"8568",2020-12-12,"12","3  day ahead inc hosp",2020-12-15,"quantile",0.5,510.702385836965
"8569",2020-12-12,"12","3  day ahead inc hosp",2020-12-15,"quantile",0.55,518.55543099611
"8570",2020-12-12,"12","3  day ahead inc hosp",2020-12-15,"quantile",0.6,526.534989033226
"8571",2020-12-12,"12","3  day ahead inc hosp",2020-12-15,"quantile",0.65,534.782495585681
"8572",2020-12-12,"12","3  day ahead inc hosp",2020-12-15,"quantile",0.7,543.474125205036
"8573",2020-12-12,"12","3  day ahead inc hosp",2020-12-15,"quantile",0.75,552.85376014763
"8574",2020-12-12,"12","3  day ahead inc hosp",2020-12-15,"quantile",0.8,563.298428451138
"8575",2020-12-12,"12","3  day ahead inc hosp",2020-12-15,"quantile",0.85,575.472964983533
"8576",2020-12-12,"12","3  day ahead inc hosp",2020-12-15,"quantile",0.9,590.791311905872
"8577",2020-12-12,"12","3  day ahead inc hosp",2020-12-15,"quantile",0.95,613.495409594155
"8578",2020-12-12,"12","3  day ahead inc hosp",2020-12-15,"quantile",0.975,633.18782838632
"8579",2020-12-12,"12","3  day ahead inc hosp",2020-12-15,"quantile",0.99,656.084520979877
"8580",2020-12-12,"12","4  day ahead inc hosp",2020-12-16,"quantile",0.01,355.02220717697
"8581",2020-12-12,"12","4  day ahead inc hosp",2020-12-16,"quantile",0.025,378.424817561056
"8582",2020-12-12,"12","4  day ahead inc hosp",2020-12-16,"quantile",0.05,398.552353563481
"8583",2020-12-12,"12","4  day ahead inc hosp",2020-12-16,"quantile",0.1,421.758113528595
"8584",2020-12-12,"12","4  day ahead inc hosp",2020-12-16,"quantile",0.15,437.414929607465
"8585",2020-12-12,"12","4  day ahead inc hosp",2020-12-16,"quantile",0.2,449.858470695781
"8586",2020-12-12,"12","4  day ahead inc hosp",2020-12-16,"quantile",0.25,460.533920955648
"8587",2020-12-12,"12","4  day ahead inc hosp",2020-12-16,"quantile",0.3,470.120805227669
"8588",2020-12-12,"12","4  day ahead inc hosp",2020-12-16,"quantile",0.35,479.004482237063
"8589",2020-12-12,"12","4  day ahead inc hosp",2020-12-16,"quantile",0.4,487.43422298231
"8590",2020-12-12,"12","4  day ahead inc hosp",2020-12-16,"quantile",0.45,495.59009470993
"8591",2020-12-12,"12","4  day ahead inc hosp",2020-12-16,"quantile",0.5,503.61665817263
"8592",2020-12-12,"12","4  day ahead inc hosp",2020-12-16,"quantile",0.55,511.643221635329
"8593",2020-12-12,"12","4  day ahead inc hosp",2020-12-16,"quantile",0.6,519.79909336295
"8594",2020-12-12,"12","4  day ahead inc hosp",2020-12-16,"quantile",0.65,528.228834108196
"8595",2020-12-12,"12","4  day ahead inc hosp",2020-12-16,"quantile",0.7,537.11251111759
"8596",2020-12-12,"12","4  day ahead inc hosp",2020-12-16,"quantile",0.75,546.699395389612
"8597",2020-12-12,"12","4  day ahead inc hosp",2020-12-16,"quantile",0.8,557.374845649479
"8598",2020-12-12,"12","4  day ahead inc hosp",2020-12-16,"quantile",0.85,569.818386737795
"8599",2020-12-12,"12","4  day ahead inc hosp",2020-12-16,"quantile",0.9,585.475202816665
"8600",2020-12-12,"12","4  day ahead inc hosp",2020-12-16,"quantile",0.95,608.680962781779
"8601",2020-12-12,"12","4  day ahead inc hosp",2020-12-16,"quantile",0.975,628.808498784204
"8602",2020-12-12,"12","4  day ahead inc hosp",2020-12-16,"quantile",0.99,652.211109168289
"8603",2020-12-12,"12","5  day ahead inc hosp",2020-12-17,"quantile",0.01,343.45806627467
"8604",2020-12-12,"12","5  day ahead inc hosp",2020-12-17,"quantile",0.025,368.681949809602
"8605",2020-12-12,"12","5  day ahead inc hosp",2020-12-17,"quantile",0.05,390.375881197511
"8606",2020-12-12,"12","5  day ahead inc hosp",2020-12-17,"quantile",0.1,415.387594724036
"8607",2020-12-12,"12","5  day ahead inc hosp",2020-12-17,"quantile",0.15,432.262879097007
"8608",2020-12-12,"12","5  day ahead inc hosp",2020-12-17,"quantile",0.2,445.674820159243
"8609",2020-12-12,"12","5  day ahead inc hosp",2020-12-17,"quantile",0.25,457.181071368764
"8610",2020-12-12,"12","5  day ahead inc hosp",2020-12-17,"quantile",0.3,467.514040570558
"8611",2020-12-12,"12","5  day ahead inc hosp",2020-12-17,"quantile",0.35,477.089076456269
"8612",2020-12-12,"12","5  day ahead inc hosp",2020-12-17,"quantile",0.4,486.174849167007
"8613",2020-12-12,"12","5  day ahead inc hosp",2020-12-17,"quantile",0.45,494.965439413437
"8614",2020-12-12,"12","5  day ahead inc hosp",2020-12-17,"quantile",0.5,503.61665817263
"8615",2020-12-12,"12","5  day ahead inc hosp",2020-12-17,"quantile",0.55,512.267876931822
"8616",2020-12-12,"12","5  day ahead inc hosp",2020-12-17,"quantile",0.6,521.058467178253
"8617",2020-12-12,"12","5  day ahead inc hosp",2020-12-17,"quantile",0.65,530.144239888991
"8618",2020-12-12,"12","5  day ahead inc hosp",2020-12-17,"quantile",0.7,539.719275774701
"8619",2020-12-12,"12","5  day ahead inc hosp",2020-12-17,"quantile",0.75,550.052244976495
"8620",2020-12-12,"12","5  day ahead inc hosp",2020-12-17,"quantile",0.8,561.558496186017
"8621",2020-12-12,"12","5  day ahead inc hosp",2020-12-17,"quantile",0.85,574.970437248253
"8622",2020-12-12,"12","5  day ahead inc hosp",2020-12-17,"quantile",0.9,591.845721621223
"8623",2020-12-12,"12","5  day ahead inc hosp",2020-12-17,"quantile",0.95,616.857435147749
"8624",2020-12-12,"12","5  day ahead inc hosp",2020-12-17,"quantile",0.975,638.551366535658
"8625",2020-12-12,"12","5  day ahead inc hosp",2020-12-17,"quantile",0.99,663.77525007059
"8626",2020-12-12,"12","6  day ahead inc hosp",2020-12-18,"quantile",0.01,332.674450831162
"8627",2020-12-12,"12","6  day ahead inc hosp",2020-12-18,"quantile",0.025,359.596680092098
"8628",2020-12-12,"12","6  day ahead inc hosp",2020-12-18,"quantile",0.05,382.751282498481
"8629",2020-12-12,"12","6  day ahead inc hosp",2020-12-18,"quantile",0.1,409.447056162255
"8630",2020-12-12,"12","6  day ahead inc hosp",2020-12-18,"quantile",0.15,427.458567914734
"8631",2020-12-12,"12","6  day ahead inc hosp",2020-12-18,"quantile",0.2,441.773546479062
"8632",2020-12-12,"12","6  day ahead inc hosp",2020-12-18,"quantile",0.25,454.054523457395
"8633",2020-12-12,"12","6  day ahead inc hosp",2020-12-18,"quantile",0.3,465.083220343488
"8634",2020-12-12,"12","6  day ahead inc hosp",2020-12-18,"quantile",0.35,475.302951612853
"8635",2020-12-12,"12","6  day ahead inc hosp",2020-12-18,"quantile",0.4,485.000477197781
"8636",2020-12-12,"12","6  day ahead inc hosp",2020-12-18,"quantile",0.45,494.382945429748
"8637",2020-12-12,"12","6  day ahead inc hosp",2020-12-18,"quantile",0.5,503.61665817263
"8638",2020-12-12,"12","6  day ahead inc hosp",2020-12-18,"quantile",0.55,512.850370915512
"8639",2020-12-12,"12","6  day ahead inc hosp",2020-12-18,"quantile",0.6,522.232839147479
"8640",2020-12-12,"12","6  day ahead inc hosp",2020-12-18,"quantile",0.65,531.930364732407
"8641",2020-12-12,"12","6  day ahead inc hosp",2020-12-18,"quantile",0.7,542.150096001772
"8642",2020-12-12,"12","6  day ahead inc hosp",2020-12-18,"quantile",0.75,553.178792887865
"8643",2020-12-12,"12","6  day ahead inc hosp",2020-12-18,"quantile",0.8,565.459769866198
"8644",2020-12-12,"12","6  day ahead inc hosp",2020-12-18,"quantile",0.85,579.774748430526
"8645",2020-12-12,"12","6  day ahead inc hosp",2020-12-18,"quantile",0.9,597.786260183005
"8646",2020-12-12,"12","6  day ahead inc hosp",2020-12-18,"quantile",0.95,624.482033846779
"8647",2020-12-12,"12","6  day ahead inc hosp",2020-12-18,"quantile",0.975,647.636636253162
"8648",2020-12-12,"12","6  day ahead inc hosp",2020-12-18,"quantile",0.99,674.558865514097
"8649",2020-12-12,"12","7  day ahead inc hosp",2020-12-19,"quantile",0.01,322.531866036986
"8650",2020-12-12,"12","7  day ahead inc hosp",2020-12-19,"quantile",0.025,351.051483078119
"8651",2020-12-12,"12","7  day ahead inc hosp",2020-12-19,"quantile",0.05,375.579927099951
"8652",2020-12-12,"12","7  day ahead inc hosp",2020-12-19,"quantile",0.1,403.859652160176
"8653",2020-12-12,"12","7  day ahead inc hosp",2020-12-19,"quantile",0.15,422.939848400014
"8654",2020-12-12,"12","7  day ahead inc hosp",2020-12-19,"quantile",0.2,438.104183516907
"8655",2020-12-12,"12","7  day ahead inc hosp",2020-12-19,"quantile",0.25,451.1138327892
"8656",2020-12-12,"12","7  day ahead inc hosp",2020-12-19,"quantile",0.3,462.796899915833
"8657",2020-12-12,"12","7  day ahead inc hosp",2020-12-19,"quantile",0.35,473.623002733719
"8658",2020-12-12,"12","7  day ahead inc hosp",2020-12-19,"quantile",0.4,483.89591562099
"8659",2020-12-12,"12","7  day ahead inc hosp",2020-12-19,"quantile",0.45,493.835077726877
"8660",2020-12-12,"12","7  day ahead inc hosp",2020-12-19,"quantile",0.5,503.61665817263
"8661",2020-12-12,"12","7  day ahead inc hosp",2020-12-19,"quantile",0.55,513.398238618382
"8662",2020-12-12,"12","7  day ahead inc hosp",2020-12-19,"quantile",0.6,523.33740072427
"8663",2020-12-12,"12","7  day ahead inc hosp",2020-12-19,"quantile",0.65,533.610313611541
"8664",2020-12-12,"12","7  day ahead inc hosp",2020-12-19,"quantile",0.7,544.436416429427
"8665",2020-12-12,"12","7  day ahead inc hosp",2020-12-19,"quantile",0.75,556.11948355606
"8666",2020-12-12,"12","7  day ahead inc hosp",2020-12-19,"quantile",0.8,569.129132828353
"8667",2020-12-12,"12","7  day ahead inc hosp",2020-12-19,"quantile",0.85,584.293467945246
"8668",2020-12-12,"12","7  day ahead inc hosp",2020-12-19,"quantile",0.9,603.373664185084
"8669",2020-12-12,"12","7  day ahead inc hosp",2020-12-19,"quantile",0.95,631.653389245309
"8670",2020-12-12,"12","7  day ahead inc hosp",2020-12-19,"quantile",0.975,656.18183326714
"8671",2020-12-12,"12","7  day ahead inc hosp",2020-12-19,"quantile",0.99,684.701450308273
"8672",2020-12-12,"12","8  day ahead inc hosp",2020-12-20,"quantile",0.01,321.357992578551
"8673",2020-12-12,"12","8  day ahead inc hosp",2020-12-20,"quantile",0.025,351.390153406027
"8674",2020-12-12,"12","8  day ahead inc hosp",2020-12-20,"quantile",0.05,377.219468527929
"8675",2020-12-12,"12","8  day ahead inc hosp",2020-12-20,"quantile",0.1,406.999014653691
"8676",2020-12-12,"12","8  day ahead inc hosp",2020-12-20,"quantile",0.15,427.09113304603
"8677",2020-12-12,"12","8  day ahead inc hosp",2020-12-20,"quantile",0.2,443.059711811147
"8678",2020-12-12,"12","8  day ahead inc hosp",2020-12-20,"quantile",0.25,456.759330522403
"8679",2020-12-12,"12","8  day ahead inc hosp",2020-12-20,"quantile",0.3,469.062011529627
"8680",2020-12-12,"12","8  day ahead inc hosp",2020-12-20,"quantile",0.35,480.462278948808
"8681",2020-12-12,"12","8  day ahead inc hosp",2020-12-20,"quantile",0.4,491.280017895029
"8682",2020-12-12,"12","8  day ahead inc hosp",2020-12-20,"quantile",0.45,501.746305518171
"8683",2020-12-12,"12","8  day ahead inc hosp",2020-12-20,"quantile",0.5,512.046654105253
"8684",2020-12-12,"12","8  day ahead inc hosp",2020-12-20,"quantile",0.55,522.347002692334
"8685",2020-12-12,"12","8  day ahead inc hosp",2020-12-20,"quantile",0.6,532.813290315476
"8686",2020-12-12,"12","8  day ahead inc hosp",2020-12-20,"quantile",0.65,543.631029261697
"8687",2020-12-12,"12","8  day ahead inc hosp",2020-12-20,"quantile",0.7,555.031296680878
"8688",2020-12-12,"12","8  day ahead inc hosp",2020-12-20,"quantile",0.75,567.333977688102
"8689",2020-12-12,"12","8  day ahead inc hosp",2020-12-20,"quantile",0.8,581.033596399358
"8690",2020-12-12,"12","8  day ahead inc hosp",2020-12-20,"quantile",0.85,597.002175164475
"8691",2020-12-12,"12","8  day ahead inc hosp",2020-12-20,"quantile",0.9,617.094293556814
"8692",2020-12-12,"12","8  day ahead inc hosp",2020-12-20,"quantile",0.95,646.873839682576
"8693",2020-12-12,"12","8  day ahead inc hosp",2020-12-20,"quantile",0.975,672.703154804478
"8694",2020-12-12,"12","8  day ahead inc hosp",2020-12-20,"quantile",0.99,702.735315631955
"8695",2020-12-12,"12","9  day ahead inc hosp",2020-12-21,"quantile",0.01,312.215151766705
"8696",2020-12-12,"12","9  day ahead inc hosp",2020-12-21,"quantile",0.025,343.687247530443
"8697",2020-12-12,"12","9  day ahead inc hosp",2020-12-21,"quantile",0.05,370.75498613567
"8698",2020-12-12,"12","9  day ahead inc hosp",2020-12-21,"quantile",0.1,401.962355224251
"8699",2020-12-12,"12","9  day ahead inc hosp",2020-12-21,"quantile",0.15,423.017818990999
"8700",2020-12-12,"12","9  day ahead inc hosp",2020-12-21,"quantile",0.2,439.752034121026
"8701",2020-12-12,"12","9  day ahead inc hosp",2020-12-21,"quantile",0.25,454.10850065982
"8702",2020-12-12,"12","9  day ahead inc hosp",2020-12-21,"quantile",0.3,467.001051316909
"8703",2020-12-12,"12","9  day ahead inc hosp",2020-12-21,"quantile",0.35,478.947920874841
"8704",2020-12-12,"12","9  day ahead inc hosp",2020-12-21,"quantile",0.4,490.284331798397
"8705",2020-12-12,"12","9  day ahead inc hosp",2020-12-21,"quantile",0.45,501.252440562152
"8706",2020-12-12,"12","9  day ahead inc hosp",2020-12-21,"quantile",0.5,512.046654105253
"8707",2020-12-12,"12","9  day ahead inc hosp",2020-12-21,"quantile",0.55,522.840867648353
"8708",2020-12-12,"12","9  day ahead inc hosp",2020-12-21,"quantile",0.6,533.808976412109
"8709",2020-12-12,"12","9  day ahead inc hosp",2020-12-21,"quantile",0.65,545.145387335665
"8710",2020-12-12,"12","9  day ahead inc hosp",2020-12-21,"quantile",0.7,557.092256893597
"8711",2020-12-12,"12","9  day ahead inc hosp",2020-12-21,"quantile",0.75,569.984807550686
"8712",2020-12-12,"12","9  day ahead inc hosp",2020-12-21,"quantile",0.8,584.34127408948
"8713",2020-12-12,"12","9  day ahead inc hosp",2020-12-21,"quantile",0.85,601.075489219506
"8714",2020-12-12,"12","9  day ahead inc hosp",2020-12-21,"quantile",0.9,622.130952986255
"8715",2020-12-12,"12","9  day ahead inc hosp",2020-12-21,"quantile",0.95,653.338322074835
"8716",2020-12-12,"12","9  day ahead inc hosp",2020-12-21,"quantile",0.975,680.406060680062
"8717",2020-12-12,"12","9  day ahead inc hosp",2020-12-21,"quantile",0.99,711.8781564438
"8718",2020-12-12,"12","10  day ahead inc hosp",2020-12-22,"quantile",0.01,303.472703145606
"8719",2020-12-12,"12","10  day ahead inc hosp",2020-12-22,"quantile",0.025,336.321674812257
"8720",2020-12-12,"12","10  day ahead inc hosp",2020-12-22,"quantile",0.05,364.573602653297
"8721",2020-12-12,"12","10  day ahead inc hosp",2020-12-22,"quantile",0.1,397.146266090685
"8722",2020-12-12,"12","10  day ahead inc hosp",2020-12-22,"quantile",0.15,419.122887472824
"8723",2020-12-12,"12","10  day ahead inc hosp",2020-12-22,"quantile",0.2,436.589209474273
"8724",2020-12-12,"12","10  day ahead inc hosp",2020-12-22,"quantile",0.25,451.573758520716
"8725",2020-12-12,"12","10  day ahead inc hosp",2020-12-22,"quantile",0.3,465.030346681378
"8726",2020-12-12,"12","10  day ahead inc hosp",2020-12-22,"quantile",0.35,477.499881044764
"8727",2020-12-12,"12","10  day ahead inc hosp",2020-12-22,"quantile",0.4,489.332249757192
"8728",2020-12-12,"12","10  day ahead inc hosp",2020-12-22,"quantile",0.45,500.780203421354
"8729",2020-12-12,"12","10  day ahead inc hosp",2020-12-22,"quantile",0.5,512.046654105253
"8730",2020-12-12,"12","10  day ahead inc hosp",2020-12-22,"quantile",0.55,523.313104789151
"8731",2020-12-12,"12","10  day ahead inc hosp",2020-12-22,"quantile",0.6,534.761058453313
"8732",2020-12-12,"12","10  day ahead inc hosp",2020-12-22,"quantile",0.65,546.593427165742
"8733",2020-12-12,"12","10  day ahead inc hosp",2020-12-22,"quantile",0.7,559.062961529127
"8734",2020-12-12,"12","10  day ahead inc hosp",2020-12-22,"quantile",0.75,572.51954968979
"8735",2020-12-12,"12","10  day ahead inc hosp",2020-12-22,"quantile",0.8,587.504098736232
"8736",2020-12-12,"12","10  day ahead inc hosp",2020-12-22,"quantile",0.85,604.970420737681
"8737",2020-12-12,"12","10  day ahead inc hosp",2020-12-22,"quantile",0.9,626.94704211982
"8738",2020-12-12,"12","10  day ahead inc hosp",2020-12-22,"quantile",0.95,659.519705557208
"8739",2020-12-12,"12","10  day ahead inc hosp",2020-12-22,"quantile",0.975,687.771633398248
"8740",2020-12-12,"12","10  day ahead inc hosp",2020-12-22,"quantile",0.99,720.620605064899
"8741",2020-12-12,"12","11  day ahead inc hosp",2020-12-23,"quantile",0.01,295.082240638544
"8742",2020-12-12,"12","11  day ahead inc hosp",2020-12-23,"quantile",0.025,329.252652800983
"8743",2020-12-12,"12","11  day ahead inc hosp",2020-12-23,"quantile",0.05,358.641092369455
"8744",2020-12-12,"12","11  day ahead inc hosp",2020-12-23,"quantile",0.1,392.524081041941
"8745",2020-12-12,"12","11  day ahead inc hosp",2020-12-23,"quantile",0.15,415.384772639418
"8746",2020-12-12,"12","11  day ahead inc hosp",2020-12-23,"quantile",0.2,433.553725622421
"8747",2020-12-12,"12","11  day ahead inc hosp",2020-12-23,"quantile",0.25,449.141069487588
"8748",2020-12-12,"12","11  day ahead inc hosp",2020-12-23,"quantile",0.3,463.138986025623
"8749",2020-12-12,"12","11  day ahead inc hosp",2020-12-23,"quantile",0.35,476.110141804699
"8750",2020-12-12,"12","11  day ahead inc hosp",2020-12-23,"quantile",0.4,488.418500186952
"8751",2020-12-12,"12","11  day ahead inc hosp",2020-12-23,"quantile",0.45,500.326979365253
"8752",2020-12-12,"12","11  day ahead inc hosp",2020-12-23,"quantile",0.5,512.046654105253
"8753",2020-12-12,"12","11  day ahead inc hosp",2020-12-23,"quantile",0.55,523.766328845252
"8754",2020-12-12,"12","11  day ahead inc hosp",2020-12-23,"quantile",0.6,535.674808023553
"8755",2020-12-12,"12","11  day ahead inc hosp",2020-12-23,"quantile",0.65,547.983166405807
"8756",2020-12-12,"12","11  day ahead inc hosp",2020-12-23,"quantile",0.7,560.954322184882
"8757",2020-12-12,"12","11  day ahead inc hosp",2020-12-23,"quantile",0.75,574.952238722917
"8758",2020-12-12,"12","11  day ahead inc hosp",2020-12-23,"quantile",0.8,590.539582588084
"8759",2020-12-12,"12","11  day ahead inc hosp",2020-12-23,"quantile",0.85,608.708535571088
"8760",2020-12-12,"12","11  day ahead inc hosp",2020-12-23,"quantile",0.9,631.569227168564
"8761",2020-12-12,"12","11  day ahead inc hosp",2020-12-23,"quantile",0.95,665.45221584105
"8762",2020-12-12,"12","11  day ahead inc hosp",2020-12-23,"quantile",0.975,694.840655409522
"8763",2020-12-12,"12","11  day ahead inc hosp",2020-12-23,"quantile",0.99,729.011067571961
"8764",2020-12-12,"12","12  day ahead inc hosp",2020-12-24,"quantile",0.01,287.004390512414
"8765",2020-12-12,"12","12  day ahead inc hosp",2020-12-24,"quantile",0.025,322.44700885736
"8766",2020-12-12,"12","12  day ahead inc hosp",2020-12-24,"quantile",0.05,352.929615927689
"8767",2020-12-12,"12","12  day ahead inc hosp",2020-12-24,"quantile",0.1,388.074109655075
"8768",2020-12-12,"12","12  day ahead inc hosp",2020-12-24,"quantile",0.15,411.785932724085
"8769",2020-12-12,"12","12  day ahead inc hosp",2020-12-24,"quantile",0.2,430.631338019245
"8770",2020-12-12,"12","12  day ahead inc hosp",2020-12-24,"quantile",0.25,446.799017735788
"8771",2020-12-12,"12","12  day ahead inc hosp",2020-12-24,"quantile",0.3,461.318093804391
"8772",2020-12-12,"12","12  day ahead inc hosp",2020-12-24,"quantile",0.35,474.772181556834
"8773",2020-12-12,"12","12  day ahead inc hosp",2020-12-24,"quantile",0.4,487.538795155793
"8774",2020-12-12,"12","12  day ahead inc hosp",2020-12-24,"quantile",0.45,499.890641559601
"8775",2020-12-12,"12","12  day ahead inc hosp",2020-12-24,"quantile",0.5,512.046654105253
"8776",2020-12-12,"12","12  day ahead inc hosp",2020-12-24,"quantile",0.55,524.202666650904
"8777",2020-12-12,"12","12  day ahead inc hosp",2020-12-24,"quantile",0.6,536.554513054713
"8778",2020-12-12,"12","12  day ahead inc hosp",2020-12-24,"quantile",0.65,549.321126653671
"8779",2020-12-12,"12","12  day ahead inc hosp",2020-12-24,"quantile",0.7,562.775214406115
"8780",2020-12-12,"12","12  day ahead inc hosp",2020-12-24,"quantile",0.75,577.294290474718
"8781",2020-12-12,"12","12  day ahead inc hosp",2020-12-24,"quantile",0.8,593.46197019126
"8782",2020-12-12,"12","12  day ahead inc hosp",2020-12-24,"quantile",0.85,612.30737548642
"8783",2020-12-12,"12","12  day ahead inc hosp",2020-12-24,"quantile",0.9,636.01919855543
"8784",2020-12-12,"12","12  day ahead inc hosp",2020-12-24,"quantile",0.95,671.163692282816
"8785",2020-12-12,"12","12  day ahead inc hosp",2020-12-24,"quantile",0.975,701.646299353146
"8786",2020-12-12,"12","12  day ahead inc hosp",2020-12-24,"quantile",0.99,737.088917698092
"8787",2020-12-12,"12","13  day ahead inc hosp",2020-12-25,"quantile",0.01,279.206614389089
"8788",2020-12-12,"12","13  day ahead inc hosp",2020-12-25,"quantile",0.025,315.877329175414
"8789",2020-12-12,"12","13  day ahead inc hosp",2020-12-25,"quantile",0.05,347.416166936792
"8790",2020-12-12,"12","13  day ahead inc hosp",2020-12-25,"quantile",0.1,383.778427005836
"8791",2020-12-12,"12","13  day ahead inc hosp",2020-12-25,"quantile",0.15,408.311871244203
"8792",2020-12-12,"12","13  day ahead inc hosp",2020-12-25,"quantile",0.2,427.810274998847
"8793",2020-12-12,"12","13  day ahead inc hosp",2020-12-25,"quantile",0.25,444.538169249542
"8794",2020-12-12,"12","13  day ahead inc hosp",2020-12-25,"quantile",0.3,459.560335283972
"8795",2020-12-12,"12","13  day ahead inc hosp",2020-12-25,"quantile",0.35,473.480610865146
"8796",2020-12-12,"12","13  day ahead inc hosp",2020-12-25,"quantile",0.4,486.689591124964
"8797",2020-12-12,"12","13  day ahead inc hosp",2020-12-25,"quantile",0.45,499.46943239262
"8798",2020-12-12,"12","13  day ahead inc hosp",2020-12-25,"quantile",0.5,512.046654105253
"8799",2020-12-12,"12","13  day ahead inc hosp",2020-12-25,"quantile",0.55,524.623875817885
"8800",2020-12-12,"12","13  day ahead inc hosp",2020-12-25,"quantile",0.6,537.403717085541
"8801",2020-12-12,"12","13  day ahead inc hosp",2020-12-25,"quantile",0.65,550.612697345359
"8802",2020-12-12,"12","13  day ahead inc hosp",2020-12-25,"quantile",0.7,564.532972926534
"8803",2020-12-12,"12","13  day ahead inc hosp",2020-12-25,"quantile",0.75,579.555138960963
"8804",2020-12-12,"12","13  day ahead inc hosp",2020-12-25,"quantile",0.8,596.283033211658
"8805",2020-12-12,"12","13  day ahead inc hosp",2020-12-25,"quantile",0.85,615.781436966303
"8806",2020-12-12,"12","13  day ahead inc hosp",2020-12-25,"quantile",0.9,640.31488120467
"8807",2020-12-12,"12","13  day ahead inc hosp",2020-12-25,"quantile",0.95,676.677141273713
"8808",2020-12-12,"12","13  day ahead inc hosp",2020-12-25,"quantile",0.975,708.215979035091
"8809",2020-12-12,"12","13  day ahead inc hosp",2020-12-25,"quantile",0.99,744.886693821416
"8810",2020-12-12,"12","14  day ahead inc hosp",2020-12-26,"quantile",0.01,271.661655016165
"8811",2020-12-12,"12","14  day ahead inc hosp",2020-12-26,"quantile",0.025,309.520649333692
"8812",2020-12-12,"12","14  day ahead inc hosp",2020-12-26,"quantile",0.05,342.081473046751
"8813",2020-12-12,"12","14  day ahead inc hosp",2020-12-26,"quantile",0.1,379.622017466128
"8814",2020-12-12,"12","14  day ahead inc hosp",2020-12-26,"quantile",0.15,404.950444561748
"8815",2020-12-12,"12","14  day ahead inc hosp",2020-12-26,"quantile",0.2,425.080675489868
"8816",2020-12-12,"12","14  day ahead inc hosp",2020-12-26,"quantile",0.25,442.350621196445
"8817",2020-12-12,"12","14  day ahead inc hosp",2020-12-26,"quantile",0.3,457.859566191063
"8818",2020-12-12,"12","14  day ahead inc hosp",2020-12-26,"quantile",0.35,472.230915023418
"8819",2020-12-12,"12","14  day ahead inc hosp",2020-12-26,"quantile",0.4,485.867919688057
"8820",2020-12-12,"12","14  day ahead inc hosp",2020-12-26,"quantile",0.45,499.061879520865
"8821",2020-12-12,"12","14  day ahead inc hosp",2020-12-26,"quantile",0.5,512.046654105253
"8822",2020-12-12,"12","14  day ahead inc hosp",2020-12-26,"quantile",0.55,525.031428689641
"8823",2020-12-12,"12","14  day ahead inc hosp",2020-12-26,"quantile",0.6,538.225388522448
"8824",2020-12-12,"12","14  day ahead inc hosp",2020-12-26,"quantile",0.65,551.862393187087
"8825",2020-12-12,"12","14  day ahead inc hosp",2020-12-26,"quantile",0.7,566.233742019442
"8826",2020-12-12,"12","14  day ahead inc hosp",2020-12-26,"quantile",0.75,581.74268701406
"8827",2020-12-12,"12","14  day ahead inc hosp",2020-12-26,"quantile",0.8,599.012632720637
"8828",2020-12-12,"12","14  day ahead inc hosp",2020-12-26,"quantile",0.85,619.142863648757
"8829",2020-12-12,"12","14  day ahead inc hosp",2020-12-26,"quantile",0.9,644.471290744377
"8830",2020-12-12,"12","14  day ahead inc hosp",2020-12-26,"quantile",0.95,682.011835163754
"8831",2020-12-12,"12","14  day ahead inc hosp",2020-12-26,"quantile",0.975,714.572658876813
"8832",2020-12-12,"12","14  day ahead inc hosp",2020-12-26,"quantile",0.99,752.43165319434
"8833",2020-12-12,"12","15  day ahead inc hosp",2020-12-27,"quantile",0.01,283.030422630317
"8834",2020-12-12,"12","15  day ahead inc hosp",2020-12-27,"quantile",0.025,322.041518212587
"8835",2020-12-12,"12","15  day ahead inc hosp",2020-12-27,"quantile",0.05,355.593212572296
"8836",2020-12-12,"12","15  day ahead inc hosp",2020-12-27,"quantile",0.1,394.276167388051
"8837",2020-12-12,"12","15  day ahead inc hosp",2020-12-27,"quantile",0.15,420.3753733545
"8838",2020-12-12,"12","15  day ahead inc hosp",2020-12-27,"quantile",0.2,441.118194894969
"8839",2020-12-12,"12","15  day ahead inc hosp",2020-12-27,"quantile",0.25,458.913688800839
"8840",2020-12-12,"12","15  day ahead inc hosp",2020-12-27,"quantile",0.3,474.894592321171
"8841",2020-12-12,"12","15  day ahead inc hosp",2020-12-27,"quantile",0.35,489.703281063482
"8842",2020-12-12,"12","15  day ahead inc hosp",2020-12-27,"quantile",0.4,503.755278535106
"8843",2020-12-12,"12","15  day ahead inc hosp",2020-12-27,"quantile",0.45,517.350748711343
"8844",2020-12-12,"12","15  day ahead inc hosp",2020-12-27,"quantile",0.5,530.730667844359
"8845",2020-12-12,"12","15  day ahead inc hosp",2020-12-27,"quantile",0.55,544.110586977374
"8846",2020-12-12,"12","15  day ahead inc hosp",2020-12-27,"quantile",0.6,557.706057153612
"8847",2020-12-12,"12","15  day ahead inc hosp",2020-12-27,"quantile",0.65,571.758054625235
"8848",2020-12-12,"12","15  day ahead inc hosp",2020-12-27,"quantile",0.7,586.566743367546
"8849",2020-12-12,"12","15  day ahead inc hosp",2020-12-27,"quantile",0.75,602.547646887878
"8850",2020-12-12,"12","15  day ahead inc hosp",2020-12-27,"quantile",0.8,620.343140793748
"8851",2020-12-12,"12","15  day ahead inc hosp",2020-12-27,"quantile",0.85,641.085962334217
"8852",2020-12-12,"12","15  day ahead inc hosp",2020-12-27,"quantile",0.9,667.185168300667
"8853",2020-12-12,"12","15  day ahead inc hosp",2020-12-27,"quantile",0.95,705.868123116421
"8854",2020-12-12,"12","15  day ahead inc hosp",2020-12-27,"quantile",0.975,739.41981747613
"8855",2020-12-12,"12","15  day ahead inc hosp",2020-12-27,"quantile",0.99,778.430913058401
"8856",2020-12-12,"12","16  day ahead inc hosp",2020-12-28,"quantile",0.01,275.925104382466
"8857",2020-12-12,"12","16  day ahead inc hosp",2020-12-28,"quantile",0.025,316.0552390237
"8858",2020-12-12,"12","16  day ahead inc hosp",2020-12-28,"quantile",0.05,350.569368709116
"8859",2020-12-12,"12","16  day ahead inc hosp",2020-12-28,"quantile",0.1,390.36194981731
"8860",2020-12-12,"12","16  day ahead inc hosp",2020-12-28,"quantile",0.15,417.209815375306
"8861",2020-12-12,"12","16  day ahead inc hosp",2020-12-28,"quantile",0.2,438.547647826143
"8862",2020-12-12,"12","16  day ahead inc hosp",2020-12-28,"quantile",0.25,456.853608112334
"8863",2020-12-12,"12","16  day ahead inc hosp",2020-12-28,"quantile",0.3,473.292926218821
"8864",2020-12-12,"12","16  day ahead inc hosp",2020-12-28,"quantile",0.35,488.526404392634
"8865",2020-12-12,"12","16  day ahead inc hosp",2020-12-28,"quantile",0.4,502.981485494504
"8866",2020-12-12,"12","16  day ahead inc hosp",2020-12-28,"quantile",0.45,516.966943747854
"8867",2020-12-12,"12","16  day ahead inc hosp",2020-12-28,"quantile",0.5,530.730667844359
"8868",2020-12-12,"12","16  day ahead inc hosp",2020-12-28,"quantile",0.55,544.494391940863
"8869",2020-12-12,"12","16  day ahead inc hosp",2020-12-28,"quantile",0.6,558.479850194213
"8870",2020-12-12,"12","16  day ahead inc hosp",2020-12-28,"quantile",0.65,572.934931296083
"8871",2020-12-12,"12","16  day ahead inc hosp",2020-12-28,"quantile",0.7,588.168409469897
"8872",2020-12-12,"12","16  day ahead inc hosp",2020-12-28,"quantile",0.75,604.607727576383
"8873",2020-12-12,"12","16  day ahead inc hosp",2020-12-28,"quantile",0.8,622.913687862574
"8874",2020-12-12,"12","16  day ahead inc hosp",2020-12-28,"quantile",0.85,644.251520313411
"8875",2020-12-12,"12","16  day ahead inc hosp",2020-12-28,"quantile",0.9,671.099385871407
"8876",2020-12-12,"12","16  day ahead inc hosp",2020-12-28,"quantile",0.95,710.891966979601
"8877",2020-12-12,"12","16  day ahead inc hosp",2020-12-28,"quantile",0.975,745.406096665017
"8878",2020-12-12,"12","16  day ahead inc hosp",2020-12-28,"quantile",0.99,785.536231306251
"8879",2020-12-12,"12","17  day ahead inc hosp",2020-12-29,"quantile",0.01,269.012615614161
"8880",2020-12-12,"12","17  day ahead inc hosp",2020-12-29,"quantile",0.025,310.231419989326
"8881",2020-12-12,"12","17  day ahead inc hosp",2020-12-29,"quantile",0.05,345.68186570551
"8882",2020-12-12,"12","17  day ahead inc hosp",2020-12-29,"quantile",0.1,386.553959231859
"8883",2020-12-12,"12","17  day ahead inc hosp",2020-12-29,"quantile",0.15,414.130166693388
"8884",2020-12-12,"12","17  day ahead inc hosp",2020-12-29,"quantile",0.2,436.046862200245
"8885",2020-12-12,"12","17  day ahead inc hosp",2020-12-29,"quantile",0.25,454.849435445557
"8886",2020-12-12,"12","17  day ahead inc hosp",2020-12-29,"quantile",0.3,471.734727337803
"8887",2020-12-12,"12","17  day ahead inc hosp",2020-12-29,"quantile",0.35,487.381466687503
"8888",2020-12-12,"12","17  day ahead inc hosp",2020-12-29,"quantile",0.4,502.228692232391
"8889",2020-12-12,"12","17  day ahead inc hosp",2020-12-29,"quantile",0.45,516.593554772612
"8890",2020-12-12,"12","17  day ahead inc hosp",2020-12-29,"quantile",0.5,530.730667844359
"8891",2020-12-12,"12","17  day ahead inc hosp",2020-12-29,"quantile",0.55,544.867780916105
"8892",2020-12-12,"12","17  day ahead inc hosp",2020-12-29,"quantile",0.6,559.232643456326
"8893",2020-12-12,"12","17  day ahead inc hosp",2020-12-29,"quantile",0.65,574.079869001214
"8894",2020-12-12,"12","17  day ahead inc hosp",2020-12-29,"quantile",0.7,589.726608350914
"8895",2020-12-12,"12","17  day ahead inc hosp",2020-12-29,"quantile",0.75,606.61190024316
"8896",2020-12-12,"12","17  day ahead inc hosp",2020-12-29,"quantile",0.8,625.414473488472
"8897",2020-12-12,"12","17  day ahead inc hosp",2020-12-29,"quantile",0.85,647.331168995329
"8898",2020-12-12,"12","17  day ahead inc hosp",2020-12-29,"quantile",0.9,674.907376456858
"8899",2020-12-12,"12","17  day ahead inc hosp",2020-12-29,"quantile",0.95,715.779469983207
"8900",2020-12-12,"12","17  day ahead inc hosp",2020-12-29,"quantile",0.975,751.229915699391
"8901",2020-12-12,"12","17  day ahead inc hosp",2020-12-29,"quantile",0.99,792.448720074556
"8902",2020-12-12,"12","18  day ahead inc hosp",2020-12-30,"quantile",0.01,262.278060192274
"8903",2020-12-12,"12","18  day ahead inc hosp",2020-12-30,"quantile",0.025,304.557511015488
"8904",2020-12-12,"12","18  day ahead inc hosp",2020-12-30,"quantile",0.05,340.920171190598
"8905",2020-12-12,"12","18  day ahead inc hosp",2020-12-30,"quantile",0.1,382.843989566327
"8906",2020-12-12,"12","18  day ahead inc hosp",2020-12-30,"quantile",0.15,411.129790790658
"8907",2020-12-12,"12","18  day ahead inc hosp",2020-12-30,"quantile",0.2,433.610448925609
"8908",2020-12-12,"12","18  day ahead inc hosp",2020-12-30,"quantile",0.25,452.896851889642
"8909",2020-12-12,"12","18  day ahead inc hosp",2020-12-30,"quantile",0.3,470.216637822685
"8910",2020-12-12,"12","18  day ahead inc hosp",2020-12-30,"quantile",0.35,486.26600065374
"8911",2020-12-12,"12","18  day ahead inc hosp",2020-12-30,"quantile",0.4,501.495276509798
"8912",2020-12-12,"12","18  day ahead inc hosp",2020-12-30,"quantile",0.45,516.229777147508
"8913",2020-12-12,"12","18  day ahead inc hosp",2020-12-30,"quantile",0.5,530.730667844359
"8914",2020-12-12,"12","18  day ahead inc hosp",2020-12-30,"quantile",0.55,545.231558541209
"8915",2020-12-12,"12","18  day ahead inc hosp",2020-12-30,"quantile",0.6,559.966059178919
"8916",2020-12-12,"12","18  day ahead inc hosp",2020-12-30,"quantile",0.65,575.195335034977
"8917",2020-12-12,"12","18  day ahead inc hosp",2020-12-30,"quantile",0.7,591.244697866032
"8918",2020-12-12,"12","18  day ahead inc hosp",2020-12-30,"quantile",0.75,608.564483799075
"8919",2020-12-12,"12","18  day ahead inc hosp",2020-12-30,"quantile",0.8,627.850886763108
"8920",2020-12-12,"12","18  day ahead inc hosp",2020-12-30,"quantile",0.85,650.331544898059
"8921",2020-12-12,"12","18  day ahead inc hosp",2020-12-30,"quantile",0.9,678.61734612239
"8922",2020-12-12,"12","18  day ahead inc hosp",2020-12-30,"quantile",0.95,720.541164498119
"8923",2020-12-12,"12","18  day ahead inc hosp",2020-12-30,"quantile",0.975,756.903824673229
"8924",2020-12-12,"12","18  day ahead inc hosp",2020-12-30,"quantile",0.99,799.183275496444
"8925",2020-12-12,"12","19  day ahead inc hosp",2020-12-31,"quantile",0.01,255.708366480923
"8926",2020-12-12,"12","19  day ahead inc hosp",2020-12-31,"quantile",0.025,299.022499159613
"8927",2020-12-12,"12","19  day ahead inc hosp",2020-12-31,"quantile",0.05,336.275042811623
"8928",2020-12-12,"12","19  day ahead inc hosp",2020-12-31,"quantile",0.1,379.22483984462
"8929",2020-12-12,"12","19  day ahead inc hosp",2020-12-31,"quantile",0.15,408.202863998164
"8930",2020-12-12,"12","19  day ahead inc hosp",2020-12-31,"quantile",0.2,431.233678973341
"8931",2020-12-12,"12","19  day ahead inc hosp",2020-12-31,"quantile",0.25,450.992067519393
"8932",2020-12-12,"12","19  day ahead inc hosp",2020-12-31,"quantile",0.3,468.735711092418
"8933",2020-12-12,"12","19  day ahead inc hosp",2020-12-31,"quantile",0.35,485.177841194331
"8934",2020-12-12,"12","19  day ahead inc hosp",2020-12-31,"quantile",0.4,500.779814781639
"8935",2020-12-12,"12","19  day ahead inc hosp",2020-12-31,"quantile",0.45,515.874904787528
"8936",2020-12-12,"12","19  day ahead inc hosp",2020-12-31,"quantile",0.5,530.730667844359
"8937",2020-12-12,"12","19  day ahead inc hosp",2020-12-31,"quantile",0.55,545.586430901189
"8938",2020-12-12,"12","19  day ahead inc hosp",2020-12-31,"quantile",0.6,560.681520907078
"8939",2020-12-12,"12","19  day ahead inc hosp",2020-12-31,"quantile",0.65,576.283494494386
"8940",2020-12-12,"12","19  day ahead inc hosp",2020-12-31,"quantile",0.7,592.725624596299
"8941",2020-12-12,"12","19  day ahead inc hosp",2020-12-31,"quantile",0.75,610.469268169324
"8942",2020-12-12,"12","19  day ahead inc hosp",2020-12-31,"quantile",0.8,630.227656715376
"8943",2020-12-12,"12","19  day ahead inc hosp",2020-12-31,"quantile",0.85,653.258471690553
"8944",2020-12-12,"12","19  day ahead inc hosp",2020-12-31,"quantile",0.9,682.236495844097
"8945",2020-12-12,"12","19  day ahead inc hosp",2020-12-31,"quantile",0.95,725.186292877094
"8946",2020-12-12,"12","19  day ahead inc hosp",2020-12-31,"quantile",0.975,762.438836529104
"8947",2020-12-12,"12","19  day ahead inc hosp",2020-12-31,"quantile",0.99,805.752969207794
"8948",2020-12-12,"12","20  day ahead inc hosp",2021-01-01,"quantile",0.01,249.291989018444
"8949",2020-12-12,"12","20  day ahead inc hosp",2021-01-01,"quantile",0.025,293.616657291333
"8950",2020-12-12,"12","20  day ahead inc hosp",2021-01-01,"quantile",0.05,331.738317303449
"8951",2020-12-12,"12","20  day ahead inc hosp",2021-01-01,"quantile",0.1,375.690149838055
"8952",2020-12-12,"12","20  day ahead inc hosp",2021-01-01,"quantile",0.15,405.344242587361
"8953",2020-12-12,"12","20  day ahead inc hosp",2021-01-01,"quantile",0.2,428.912375450639
"8954",2020-12-12,"12","20  day ahead inc hosp",2021-01-01,"quantile",0.25,449.13173490099
"8955",2020-12-12,"12","20  day ahead inc hosp",2021-01-01,"quantile",0.3,467.28934459298
"8956",2020-12-12,"12","20  day ahead inc hosp",2021-01-01,"quantile",0.35,484.115075997399
"8957",2020-12-12,"12","20  day ahead inc hosp",2021-01-01,"quantile",0.4,500.081049708331
"8958",2020-12-12,"12","20  day ahead inc hosp",2021-01-01,"quantile",0.45,515.528314046366
"8959",2020-12-12,"12","20  day ahead inc hosp",2021-01-01,"quantile",0.5,530.730667844359
"8960",2020-12-12,"12","20  day ahead inc hosp",2021-01-01,"quantile",0.55,545.933021642351
"8961",2020-12-12,"12","20  day ahead inc hosp",2021-01-01,"quantile",0.6,561.380285980386
"8962",2020-12-12,"12","20  day ahead inc hosp",2021-01-01,"quantile",0.65,577.346259691319
"8963",2020-12-12,"12","20  day ahead inc hosp",2021-01-01,"quantile",0.7,594.171991095737
"8964",2020-12-12,"12","20  day ahead inc hosp",2021-01-01,"quantile",0.75,612.329600787727
"8965",2020-12-12,"12","20  day ahead inc hosp",2021-01-01,"quantile",0.8,632.548960238078
"8966",2020-12-12,"12","20  day ahead inc hosp",2021-01-01,"quantile",0.85,656.117093101356
"8967",2020-12-12,"12","20  day ahead inc hosp",2021-01-01,"quantile",0.9,685.771185850662
"8968",2020-12-12,"12","20  day ahead inc hosp",2021-01-01,"quantile",0.95,729.723018385268
"8969",2020-12-12,"12","20  day ahead inc hosp",2021-01-01,"quantile",0.975,767.844678397384
"8970",2020-12-12,"12","20  day ahead inc hosp",2021-01-01,"quantile",0.99,812.169346670273
"8971",2020-12-12,"12","21  day ahead inc hosp",2021-01-02,"quantile",0.01,243.018670125612
"8972",2020-12-12,"12","21  day ahead inc hosp",2021-01-02,"quantile",0.025,288.331343245791
"8973",2020-12-12,"12","21  day ahead inc hosp",2021-01-02,"quantile",0.05,327.302741932696
"8974",2020-12-12,"12","21  day ahead inc hosp",2021-01-02,"quantile",0.1,372.234268738766
"8975",2020-12-12,"12","21  day ahead inc hosp",2021-01-02,"quantile",0.15,402.549356561919
"8976",2020-12-12,"12","21  day ahead inc hosp",2021-01-02,"quantile",0.2,426.642827355921
"8977",2020-12-12,"12","21  day ahead inc hosp",2021-01-02,"quantile",0.25,447.312879973856
"8978",2020-12-12,"12","21  day ahead inc hosp",2021-01-02,"quantile",0.3,465.875226059595
"8979",2020-12-12,"12","21  day ahead inc hosp",2021-01-02,"quantile",0.35,483.076006050602
"8980",2020-12-12,"12","21  day ahead inc hosp",2021-01-02,"quantile",0.4,499.397864194126
"8981",2020-12-12,"12","21  day ahead inc hosp",2021-01-02,"quantile",0.45,515.18945083931
"8982",2020-12-12,"12","21  day ahead inc hosp",2021-01-02,"quantile",0.5,530.730667844359
"8983",2020-12-12,"12","21  day ahead inc hosp",2021-01-02,"quantile",0.55,546.271884849407
"8984",2020-12-12,"12","21  day ahead inc hosp",2021-01-02,"quantile",0.6,562.063471494591
"8985",2020-12-12,"12","21  day ahead inc hosp",2021-01-02,"quantile",0.65,578.385329638115
"8986",2020-12-12,"12","21  day ahead inc hosp",2021-01-02,"quantile",0.7,595.586109629123
"8987",2020-12-12,"12","21  day ahead inc hosp",2021-01-02,"quantile",0.75,614.148455714861
"8988",2020-12-12,"12","21  day ahead inc hosp",2021-01-02,"quantile",0.8,634.818508332796
"8989",2020-12-12,"12","21  day ahead inc hosp",2021-01-02,"quantile",0.85,658.911979126798
"8990",2020-12-12,"12","21  day ahead inc hosp",2021-01-02,"quantile",0.9,689.227066949951
"8991",2020-12-12,"12","21  day ahead inc hosp",2021-01-02,"quantile",0.95,734.158593756021
"8992",2020-12-12,"12","21  day ahead inc hosp",2021-01-02,"quantile",0.975,773.129992442926
"8993",2020-12-12,"12","21  day ahead inc hosp",2021-01-02,"quantile",0.99,818.442665563105
"8994",2020-12-12,"12","22  day ahead inc hosp",2021-01-03,"quantile",0.01,230.069793442475
"8995",2020-12-12,"12","22  day ahead inc hosp",2021-01-03,"quantile",0.025,276.349383685807
"8996",2020-12-12,"12","22  day ahead inc hosp",2021-01-03,"quantile",0.05,316.152384441379
"8997",2020-12-12,"12","22  day ahead inc hosp",2021-01-03,"quantile",0.1,362.042695173592
"8998",2020-12-12,"12","22  day ahead inc hosp",2021-01-03,"quantile",0.15,393.004669959877
"8999",2020-12-12,"12","22  day ahead inc hosp",2021-01-03,"quantile",0.2,417.612266005442
"9000",2020-12-12,"12","22  day ahead inc hosp",2021-01-03,"quantile",0.25,438.723392310638
"9001",2020-12-12,"12","22  day ahead inc hosp",2021-01-03,"quantile",0.3,457.681836199492
"9002",2020-12-12,"12","22  day ahead inc hosp",2021-01-03,"quantile",0.35,475.249659835459
"9003",2020-12-12,"12","22  day ahead inc hosp",2021-01-03,"quantile",0.4,491.919806504773
"9004",2020-12-12,"12","22  day ahead inc hosp",2021-01-03,"quantile",0.45,508.04836632937
"9005",2020-12-12,"12","22  day ahead inc hosp",2021-01-03,"quantile",0.5,523.921213931381
"9006",2020-12-12,"12","22  day ahead inc hosp",2021-01-03,"quantile",0.55,539.794061533392
"9007",2020-12-12,"12","22  day ahead inc hosp",2021-01-03,"quantile",0.6,555.922621357989
"9008",2020-12-12,"12","22  day ahead inc hosp",2021-01-03,"quantile",0.65,572.592768027303
"9009",2020-12-12,"12","22  day ahead inc hosp",2021-01-03,"quantile",0.7,590.16059166327
"9010",2020-12-12,"12","22  day ahead inc hosp",2021-01-03,"quantile",0.75,609.119035552124
"9011",2020-12-12,"12","22  day ahead inc hosp",2021-01-03,"quantile",0.8,630.23016185732
"9012",2020-12-12,"12","22  day ahead inc hosp",2021-01-03,"quantile",0.85,654.837757902885
"9013",2020-12-12,"12","22  day ahead inc hosp",2021-01-03,"quantile",0.9,685.79973268917
"9014",2020-12-12,"12","22  day ahead inc hosp",2021-01-03,"quantile",0.95,731.690043421383
"9015",2020-12-12,"12","22  day ahead inc hosp",2021-01-03,"quantile",0.975,771.493044176955
"9016",2020-12-12,"12","22  day ahead inc hosp",2021-01-03,"quantile",0.99,817.772634420287
"9017",2020-12-12,"12","23  day ahead inc hosp",2021-01-04,"quantile",0.01,224.056042536996
"9018",2020-12-12,"12","23  day ahead inc hosp",2021-01-04,"quantile",0.025,271.282757443765
"9019",2020-12-12,"12","23  day ahead inc hosp",2021-01-04,"quantile",0.05,311.900337660741
"9020",2020-12-12,"12","23  day ahead inc hosp",2021-01-04,"quantile",0.1,358.729806343116
"9021",2020-12-12,"12","23  day ahead inc hosp",2021-01-04,"quantile",0.15,390.325426539713
"9022",2020-12-12,"12","23  day ahead inc hosp",2021-01-04,"quantile",0.2,415.436623870425
"9023",2020-12-12,"12","23  day ahead inc hosp",2021-01-04,"quantile",0.25,436.979795236769
"9024",2020-12-12,"12","23  day ahead inc hosp",2021-01-04,"quantile",0.3,456.326228943448
"9025",2020-12-12,"12","23  day ahead inc hosp",2021-01-04,"quantile",0.35,474.253582967672
"9026",2020-12-12,"12","23  day ahead inc hosp",2021-01-04,"quantile",0.4,491.264888816888
"9027",2020-12-12,"12","23  day ahead inc hosp",2021-01-04,"quantile",0.45,507.723524096243
"9028",2020-12-12,"12","23  day ahead inc hosp",2021-01-04,"quantile",0.5,523.921213931381
"9029",2020-12-12,"12","23  day ahead inc hosp",2021-01-04,"quantile",0.55,540.118903766519
"9030",2020-12-12,"12","23  day ahead inc hosp",2021-01-04,"quantile",0.6,556.577539045874
"9031",2020-12-12,"12","23  day ahead inc hosp",2021-01-04,"quantile",0.65,573.58884489509
"9032",2020-12-12,"12","23  day ahead inc hosp",2021-01-04,"quantile",0.7,591.516198919314
"9033",2020-12-12,"12","23  day ahead inc hosp",2021-01-04,"quantile",0.75,610.862632625992
"9034",2020-12-12,"12","23  day ahead inc hosp",2021-01-04,"quantile",0.8,632.405803992336
"9035",2020-12-12,"12","23  day ahead inc hosp",2021-01-04,"quantile",0.85,657.517001323049
"9036",2020-12-12,"12","23  day ahead inc hosp",2021-01-04,"quantile",0.9,689.112621519646
"9037",2020-12-12,"12","23  day ahead inc hosp",2021-01-04,"quantile",0.95,735.942090202021
"9038",2020-12-12,"12","23  day ahead inc hosp",2021-01-04,"quantile",0.975,776.559670418997
"9039",2020-12-12,"12","23  day ahead inc hosp",2021-01-04,"quantile",0.99,823.786385325766
"9040",2020-12-12,"12","24  day ahead inc hosp",2021-01-05,"quantile",0.01,218.160548201762
"9041",2020-12-12,"12","24  day ahead inc hosp",2021-01-05,"quantile",0.025,266.315763170442
"9042",2020-12-12,"12","24  day ahead inc hosp",2021-01-05,"quantile",0.05,307.73190466403
"9043",2020-12-12,"12","24  day ahead inc hosp",2021-01-05,"quantile",0.1,355.482063355368
"9044",2020-12-12,"12","24  day ahead inc hosp",2021-01-05,"quantile",0.15,387.698868730027
"9045",2020-12-12,"12","24  day ahead inc hosp",2021-01-05,"quantile",0.2,413.303764348292
"9046",2020-12-12,"12","24  day ahead inc hosp",2021-01-05,"quantile",0.25,435.270484885628
"9047",2020-12-12,"12","24  day ahead inc hosp",2021-01-05,"quantile",0.3,454.997278838194
"9048",2020-12-12,"12","24  day ahead inc hosp",2021-01-05,"quantile",0.35,473.277093315241
"9049",2020-12-12,"12","24  day ahead inc hosp",2021-01-05,"quantile",0.4,490.622849667003
"9050",2020-12-12,"12","24  day ahead inc hosp",2021-01-05,"quantile",0.45,507.405069678136
"9051",2020-12-12,"12","24  day ahead inc hosp",2021-01-05,"quantile",0.5,523.921213931381
"9052",2020-12-12,"12","24  day ahead inc hosp",2021-01-05,"quantile",0.55,540.437358184626
"9053",2020-12-12,"12","24  day ahead inc hosp",2021-01-05,"quantile",0.6,557.219578195759
"9054",2020-12-12,"12","24  day ahead inc hosp",2021-01-05,"quantile",0.65,574.565334547521
"9055",2020-12-12,"12","24  day ahead inc hosp",2021-01-05,"quantile",0.7,592.845149024568
"9056",2020-12-12,"12","24  day ahead inc hosp",2021-01-05,"quantile",0.75,612.571942977134
"9057",2020-12-12,"12","24  day ahead inc hosp",2021-01-05,"quantile",0.8,634.538663514469
"9058",2020-12-12,"12","24  day ahead inc hosp",2021-01-05,"quantile",0.85,660.143559132734
"9059",2020-12-12,"12","24  day ahead inc hosp",2021-01-05,"quantile",0.9,692.360364507394
"9060",2020-12-12,"12","24  day ahead inc hosp",2021-01-05,"quantile",0.95,740.110523198732
"9061",2020-12-12,"12","24  day ahead inc hosp",2021-01-05,"quantile",0.975,781.52666469232
"9062",2020-12-12,"12","24  day ahead inc hosp",2021-01-05,"quantile",0.99,829.681879661
"9063",2020-12-12,"12","25  day ahead inc hosp",2021-01-06,"quantile",0.01,212.376596902847
"9064",2020-12-12,"12","25  day ahead inc hosp",2021-01-06,"quantile",0.025,261.442744667618
"9065",2020-12-12,"12","25  day ahead inc hosp",2021-01-06,"quantile",0.05,303.642338620063
"9066",2020-12-12,"12","25  day ahead inc hosp",2021-01-06,"quantile",0.1,352.295767821122
"9067",2020-12-12,"12","25  day ahead inc hosp",2021-01-06,"quantile",0.15,385.122005520404
"9068",2020-12-12,"12","25  day ahead inc hosp",2021-01-06,"quantile",0.2,411.211258630881
"9069",2020-12-12,"12","25  day ahead inc hosp",2021-01-06,"quantile",0.25,433.593514768525
"9070",2020-12-12,"12","25  day ahead inc hosp",2021-01-06,"quantile",0.3,453.693472532837
"9071",2020-12-12,"12","25  day ahead inc hosp",2021-01-06,"quantile",0.35,472.31907889399
"9072",2020-12-12,"12","25  day ahead inc hosp",2021-01-06,"quantile",0.4,489.992957928708
"9073",2020-12-12,"12","25  day ahead inc hosp",2021-01-06,"quantile",0.45,507.092640432933
"9074",2020-12-12,"12","25  day ahead inc hosp",2021-01-06,"quantile",0.5,523.921213931381
"9075",2020-12-12,"12","25  day ahead inc hosp",2021-01-06,"quantile",0.55,540.749787429829
"9076",2020-12-12,"12","25  day ahead inc hosp",2021-01-06,"quantile",0.6,557.849469934054
"9077",2020-12-12,"12","25  day ahead inc hosp",2021-01-06,"quantile",0.65,575.523348968771
"9078",2020-12-12,"12","25  day ahead inc hosp",2021-01-06,"quantile",0.7,594.148955329925
"9079",2020-12-12,"12","25  day ahead inc hosp",2021-01-06,"quantile",0.75,614.248913094236
"9080",2020-12-12,"12","25  day ahead inc hosp",2021-01-06,"quantile",0.8,636.631169231881
"9081",2020-12-12,"12","25  day ahead inc hosp",2021-01-06,"quantile",0.85,662.720422342358
"9082",2020-12-12,"12","25  day ahead inc hosp",2021-01-06,"quantile",0.9,695.546660041639
"9083",2020-12-12,"12","25  day ahead inc hosp",2021-01-06,"quantile",0.95,744.200089242698
"9084",2020-12-12,"12","25  day ahead inc hosp",2021-01-06,"quantile",0.975,786.399683195144
"9085",2020-12-12,"12","25  day ahead inc hosp",2021-01-06,"quantile",0.99,835.465830959914
"9086",2020-12-12,"12","26  day ahead inc hosp",2021-01-07,"quantile",0.01,206.698087265793
"9087",2020-12-12,"12","26  day ahead inc hosp",2021-01-07,"quantile",0.025,256.658561485608
"9088",2020-12-12,"12","26  day ahead inc hosp",2021-01-07,"quantile",0.05,299.627325527476
"9089",2020-12-12,"12","26  day ahead inc hosp",2021-01-07,"quantile",0.1,349.167558580994
"9090",2020-12-12,"12","26  day ahead inc hosp",2021-01-07,"quantile",0.15,382.59211862942
"9091",2020-12-12,"12","26  day ahead inc hosp",2021-01-07,"quantile",0.2,409.156899375792
"9092",2020-12-12,"12","26  day ahead inc hosp",2021-01-07,"quantile",0.25,431.94711588325
"9093",2020-12-12,"12","26  day ahead inc hosp",2021-01-07,"quantile",0.3,452.4134346682
"9094",2020-12-12,"12","26  day ahead inc hosp",2021-01-07,"quantile",0.35,471.378529113682
"9095",2020-12-12,"12","26  day ahead inc hosp",2021-01-07,"quantile",0.4,489.374549141815
"9096",2020-12-12,"12","26  day ahead inc hosp",2021-01-07,"quantile",0.45,506.785906785277
"9097",2020-12-12,"12","26  day ahead inc hosp",2021-01-07,"quantile",0.5,523.921213931381
"9098",2020-12-12,"12","26  day ahead inc hosp",2021-01-07,"quantile",0.55,541.056521077485
"9099",2020-12-12,"12","26  day ahead inc hosp",2021-01-07,"quantile",0.6,558.467878720946
"9100",2020-12-12,"12","26  day ahead inc hosp",2021-01-07,"quantile",0.65,576.463898749079
"9101",2020-12-12,"12","26  day ahead inc hosp",2021-01-07,"quantile",0.7,595.428993194561
"9102",2020-12-12,"12","26  day ahead inc hosp",2021-01-07,"quantile",0.75,615.895311979511
"9103",2020-12-12,"12","26  day ahead inc hosp",2021-01-07,"quantile",0.8,638.68552848697
"9104",2020-12-12,"12","26  day ahead inc hosp",2021-01-07,"quantile",0.85,665.250309233342
"9105",2020-12-12,"12","26  day ahead inc hosp",2021-01-07,"quantile",0.9,698.674869281767
"9106",2020-12-12,"12","26  day ahead inc hosp",2021-01-07,"quantile",0.95,748.215102335286
"9107",2020-12-12,"12","26  day ahead inc hosp",2021-01-07,"quantile",0.975,791.183866377154
"9108",2020-12-12,"12","26  day ahead inc hosp",2021-01-07,"quantile",0.99,841.144340596969
"9109",2020-12-12,"12","27  day ahead inc hosp",2021-01-08,"quantile",0.01,201.119454668009
"9110",2020-12-12,"12","27  day ahead inc hosp",2021-01-08,"quantile",0.025,251.958525391847
"9111",2020-12-12,"12","27  day ahead inc hosp",2021-01-08,"quantile",0.05,295.682930897469
"9112",2020-12-12,"12","27  day ahead inc hosp",2021-01-08,"quantile",0.1,346.094370164479
"9113",2020-12-12,"12","27  day ahead inc hosp",2021-01-08,"quantile",0.15,380.106728909086
"9114",2020-12-12,"12","27  day ahead inc hosp",2021-01-08,"quantile",0.2,407.138673425585
"9115",2020-12-12,"12","27  day ahead inc hosp",2021-01-08,"quantile",0.25,430.329674850762
"9116",2020-12-12,"12","27  day ahead inc hosp",2021-01-08,"quantile",0.3,451.155910878602
"9117",2020-12-12,"12","27  day ahead inc hosp",2021-01-08,"quantile",0.35,470.454522288013
"9118",2020-12-12,"12","27  day ahead inc hosp",2021-01-08,"quantile",0.4,488.76701730022
"9119",2020-12-12,"12","27  day ahead inc hosp",2021-01-08,"quantile",0.45,506.484568153308
"9120",2020-12-12,"12","27  day ahead inc hosp",2021-01-08,"quantile",0.5,523.921213931381
"9121",2020-12-12,"12","27  day ahead inc hosp",2021-01-08,"quantile",0.55,541.357859709454
"9122",2020-12-12,"12","27  day ahead inc hosp",2021-01-08,"quantile",0.6,559.075410562542
"9123",2020-12-12,"12","27  day ahead inc hosp",2021-01-08,"quantile",0.65,577.387905574749
"9124",2020-12-12,"12","27  day ahead inc hosp",2021-01-08,"quantile",0.7,596.68651698416
"9125",2020-12-12,"12","27  day ahead inc hosp",2021-01-08,"quantile",0.75,617.512753011999
"9126",2020-12-12,"12","27  day ahead inc hosp",2021-01-08,"quantile",0.8,640.703754437176
"9127",2020-12-12,"12","27  day ahead inc hosp",2021-01-08,"quantile",0.85,667.735698953676
"9128",2020-12-12,"12","27  day ahead inc hosp",2021-01-08,"quantile",0.9,701.748057698283
"9129",2020-12-12,"12","27  day ahead inc hosp",2021-01-08,"quantile",0.95,752.159496965293
"9130",2020-12-12,"12","27  day ahead inc hosp",2021-01-08,"quantile",0.975,795.883902470915
"9131",2020-12-12,"12","27  day ahead inc hosp",2021-01-08,"quantile",0.99,846.722973194752
"9132",2020-12-12,"12","28  day ahead inc hosp",2021-01-09,"quantile",0.01,195.635607369711
"9133",2020-12-12,"12","28  day ahead inc hosp",2021-01-09,"quantile",0.025,247.338346560762
"9134",2020-12-12,"12","28  day ahead inc hosp",2021-01-09,"quantile",0.05,291.805554594936
"9135",2020-12-12,"12","28  day ahead inc hosp",2021-01-09,"quantile",0.1,343.073397605403
"9136",2020-12-12,"12","28  day ahead inc hosp",2021-01-09,"quantile",0.15,377.663567889935
"9137",2020-12-12,"12","28  day ahead inc hosp",2021-01-09,"quantile",0.2,405.154738701368
"9138",2020-12-12,"12","28  day ahead inc hosp",2021-01-09,"quantile",0.25,428.739715397313
"9139",2020-12-12,"12","28  day ahead inc hosp",2021-01-09,"quantile",0.3,449.91975339462
"9140",2020-12-12,"12","28  day ahead inc hosp",2021-01-09,"quantile",0.35,469.546215055777
"9141",2020-12-12,"12","28  day ahead inc hosp",2021-01-09,"quantile",0.4,488.169807896344
"9142",2020-12-12,"12","28  day ahead inc hosp",2021-01-09,"quantile",0.45,506.188349498677
"9143",2020-12-12,"12","28  day ahead inc hosp",2021-01-09,"quantile",0.5,523.921213931381
"9144",2020-12-12,"12","28  day ahead inc hosp",2021-01-09,"quantile",0.55,541.654078364084
"9145",2020-12-12,"12","28  day ahead inc hosp",2021-01-09,"quantile",0.6,559.672619966417
"9146",2020-12-12,"12","28  day ahead inc hosp",2021-01-09,"quantile",0.65,578.296212806985
"9147",2020-12-12,"12","28  day ahead inc hosp",2021-01-09,"quantile",0.7,597.922674468141
"9148",2020-12-12,"12","28  day ahead inc hosp",2021-01-09,"quantile",0.75,619.102712465449
"9149",2020-12-12,"12","28  day ahead inc hosp",2021-01-09,"quantile",0.8,642.687689161394
"9150",2020-12-12,"12","28  day ahead inc hosp",2021-01-09,"quantile",0.85,670.178859972827
"9151",2020-12-12,"12","28  day ahead inc hosp",2021-01-09,"quantile",0.9,704.769030257359
"9152",2020-12-12,"12","28  day ahead inc hosp",2021-01-09,"quantile",0.95,756.036873267826
"9153",2020-12-12,"12","28  day ahead inc hosp",2021-01-09,"quantile",0.975,800.504081302
"9154",2020-12-12,"12","28  day ahead inc hosp",2021-01-09,"quantile",0.99,852.206820493051
"9155",2020-12-12,"12","29  day ahead inc hosp",2021-01-10,"quantile",0.01,189.873836153597
"9156",2020-12-12,"12","29  day ahead inc hosp",2021-01-10,"quantile",0.025,242.426051783886
"9157",2020-12-12,"12","29  day ahead inc hosp",2021-01-10,"quantile",0.05,287.623856419608
"9158",2020-12-12,"12","29  day ahead inc hosp",2021-01-10,"quantile",0.1,339.734030521412
"9159",2020-12-12,"12","29  day ahead inc hosp",2021-01-10,"quantile",0.15,374.892517594294
"9160",2020-12-12,"12","29  day ahead inc hosp",2021-01-10,"quantile",0.2,402.835368573098
"9161",2020-12-12,"12","29  day ahead inc hosp",2021-01-10,"quantile",0.25,426.807846634283
"9162",2020-12-12,"12","29  day ahead inc hosp",2021-01-10,"quantile",0.3,448.335872833809
"9163",2020-12-12,"12","29  day ahead inc hosp",2021-01-10,"quantile",0.35,468.284797424931
"9164",2020-12-12,"12","29  day ahead inc hosp",2021-01-10,"quantile",0.4,487.214376052316
"9165",2020-12-12,"12","29  day ahead inc hosp",2021-01-10,"quantile",0.45,505.52896244454
"9166",2020-12-12,"12","29  day ahead inc hosp",2021-01-10,"quantile",0.5,523.553177988838
"9167",2020-12-12,"12","29  day ahead inc hosp",2021-01-10,"quantile",0.55,541.577393533136
"9168",2020-12-12,"12","29  day ahead inc hosp",2021-01-10,"quantile",0.6,559.891979925359
"9169",2020-12-12,"12","29  day ahead inc hosp",2021-01-10,"quantile",0.65,578.821558552745
"9170",2020-12-12,"12","29  day ahead inc hosp",2021-01-10,"quantile",0.7,598.770483143866
"9171",2020-12-12,"12","29  day ahead inc hosp",2021-01-10,"quantile",0.75,620.298509343392
"9172",2020-12-12,"12","29  day ahead inc hosp",2021-01-10,"quantile",0.8,644.270987404577
"9173",2020-12-12,"12","29  day ahead inc hosp",2021-01-10,"quantile",0.85,672.213838383382
"9174",2020-12-12,"12","29  day ahead inc hosp",2021-01-10,"quantile",0.9,707.372325456263
"9175",2020-12-12,"12","29  day ahead inc hosp",2021-01-10,"quantile",0.95,759.482499558068
"9176",2020-12-12,"12","29  day ahead inc hosp",2021-01-10,"quantile",0.975,804.68030419379
"9177",2020-12-12,"12","29  day ahead inc hosp",2021-01-10,"quantile",0.99,857.232519824078
"9178",2020-12-12,"12","30  day ahead inc hosp",2021-01-11,"quantile",0.01,184.56591147336
"9179",2020-12-12,"12","30  day ahead inc hosp",2021-01-11,"quantile",0.025,237.954088960955
"9180",2020-12-12,"12","30  day ahead inc hosp",2021-01-11,"quantile",0.05,283.870866912193
"9181",2020-12-12,"12","30  day ahead inc hosp",2021-01-11,"quantile",0.1,336.80997120094
"9182",2020-12-12,"12","30  day ahead inc hosp",2021-01-11,"quantile",0.15,372.527733535597
"9183",2020-12-12,"12","30  day ahead inc hosp",2021-01-11,"quantile",0.2,400.915078763074
"9184",2020-12-12,"12","30  day ahead inc hosp",2021-01-11,"quantile",0.25,425.268893311101
"9185",2020-12-12,"12","30  day ahead inc hosp",2021-01-11,"quantile",0.3,447.139371461511
"9186",2020-12-12,"12","30  day ahead inc hosp",2021-01-11,"quantile",0.35,467.40562882067
"9187",2020-12-12,"12","30  day ahead inc hosp",2021-01-11,"quantile",0.4,486.636325212884
"9188",2020-12-12,"12","30  day ahead inc hosp",2021-01-11,"quantile",0.45,505.242246527386
"9189",2020-12-12,"12","30  day ahead inc hosp",2021-01-11,"quantile",0.5,523.553177988838
"9190",2020-12-12,"12","30  day ahead inc hosp",2021-01-11,"quantile",0.55,541.864109450289
"9191",2020-12-12,"12","30  day ahead inc hosp",2021-01-11,"quantile",0.6,560.470030764792
"9192",2020-12-12,"12","30  day ahead inc hosp",2021-01-11,"quantile",0.65,579.700727157005
"9193",2020-12-12,"12","30  day ahead inc hosp",2021-01-11,"quantile",0.7,599.966984516164
"9194",2020-12-12,"12","30  day ahead inc hosp",2021-01-11,"quantile",0.75,621.837462666574
"9195",2020-12-12,"12","30  day ahead inc hosp",2021-01-11,"quantile",0.8,646.191277214602
"9196",2020-12-12,"12","30  day ahead inc hosp",2021-01-11,"quantile",0.85,674.578622442079
"9197",2020-12-12,"12","30  day ahead inc hosp",2021-01-11,"quantile",0.9,710.296384776735
"9198",2020-12-12,"12","30  day ahead inc hosp",2021-01-11,"quantile",0.95,763.235489065483
"9199",2020-12-12,"12","30  day ahead inc hosp",2021-01-11,"quantile",0.975,809.152267016721
"9200",2020-12-12,"12","30  day ahead inc hosp",2021-01-11,"quantile",0.99,862.540444504315
"9201",2020-12-12,"12","31  day ahead inc hosp",2021-01-12,"quantile",0.01,179.339827649733
"9202",2020-12-12,"12","31  day ahead inc hosp",2021-01-12,"quantile",0.025,233.551077619102
"9203",2020-12-12,"12","31  day ahead inc hosp",2021-01-12,"quantile",0.05,280.17574331182
"9204",2020-12-12,"12","31  day ahead inc hosp",2021-01-12,"quantile",0.1,333.930996830609
"9205",2020-12-12,"12","31  day ahead inc hosp",2021-01-12,"quantile",0.15,370.199411176098
"9206",2020-12-12,"12","31  day ahead inc hosp",2021-01-12,"quantile",0.2,399.024397165761
"9207",2020-12-12,"12","31  day ahead inc hosp",2021-01-12,"quantile",0.25,423.753668519471
"9208",2020-12-12,"12","31  day ahead inc hosp",2021-01-12,"quantile",0.3,445.961318485365
"9209",2020-12-12,"12","31  day ahead inc hosp",2021-01-12,"quantile",0.35,466.540015780215
"9210",2020-12-12,"12","31  day ahead inc hosp",2021-01-12,"quantile",0.4,486.067187117831
"9211",2020-12-12,"12","31  day ahead inc hosp",2021-01-12,"quantile",0.45,504.959951373088
"9212",2020-12-12,"12","31  day ahead inc hosp",2021-01-12,"quantile",0.5,523.553177988838
"9213",2020-12-12,"12","31  day ahead inc hosp",2021-01-12,"quantile",0.55,542.146404604588
"9214",2020-12-12,"12","31  day ahead inc hosp",2021-01-12,"quantile",0.6,561.039168859844
"9215",2020-12-12,"12","31  day ahead inc hosp",2021-01-12,"quantile",0.65,580.566340197461
"9216",2020-12-12,"12","31  day ahead inc hosp",2021-01-12,"quantile",0.7,601.14503749231
"9217",2020-12-12,"12","31  day ahead inc hosp",2021-01-12,"quantile",0.75,623.352687458204
"9218",2020-12-12,"12","31  day ahead inc hosp",2021-01-12,"quantile",0.8,648.081958811915
"9219",2020-12-12,"12","31  day ahead inc hosp",2021-01-12,"quantile",0.85,676.906944801577
"9220",2020-12-12,"12","31  day ahead inc hosp",2021-01-12,"quantile",0.9,713.175359147066
"9221",2020-12-12,"12","31  day ahead inc hosp",2021-01-12,"quantile",0.95,766.930612665856
"9222",2020-12-12,"12","31  day ahead inc hosp",2021-01-12,"quantile",0.975,813.555278358573
"9223",2020-12-12,"12","31  day ahead inc hosp",2021-01-12,"quantile",0.99,867.766528327942
"9224",2020-12-12,"12","32  day ahead inc hosp",2021-01-13,"quantile",0.01,174.191911899268
"9225",2020-12-12,"12","32  day ahead inc hosp",2021-01-13,"quantile",0.025,229.21392341317
"9226",2020-12-12,"12","32  day ahead inc hosp",2021-01-13,"quantile",0.05,276.535888762171
"9227",2020-12-12,"12","32  day ahead inc hosp",2021-01-13,"quantile",0.1,331.095084126874
"9228",2020-12-12,"12","32  day ahead inc hosp",2021-01-13,"quantile",0.15,367.905914219078
"9229",2020-12-12,"12","32  day ahead inc hosp",2021-01-13,"quantile",0.2,397.161995049301
"9230",2020-12-12,"12","32  day ahead inc hosp",2021-01-13,"quantile",0.25,422.2611073908
"9231",2020-12-12,"12","32  day ahead inc hosp",2021-01-13,"quantile",0.3,444.800885994144
"9232",2020-12-12,"12","32  day ahead inc hosp",2021-01-13,"quantile",0.35,465.687349968652
"9233",2020-12-12,"12","32  day ahead inc hosp",2021-01-13,"quantile",0.4,485.506561788696
"9234",2020-12-12,"12","32  day ahead inc hosp",2021-01-13,"quantile",0.45,504.681878590458
"9235",2020-12-12,"12","32  day ahead inc hosp",2021-01-13,"quantile",0.5,523.553177988838
"9236",2020-12-12,"12","32  day ahead inc hosp",2021-01-13,"quantile",0.55,542.424477387218
"9237",2020-12-12,"12","32  day ahead inc hosp",2021-01-13,"quantile",0.6,561.59979418898
"9238",2020-12-12,"12","32  day ahead inc hosp",2021-01-13,"quantile",0.65,581.419006009023
"9239",2020-12-12,"12","32  day ahead inc hosp",2021-01-13,"quantile",0.7,602.305469983532
"9240",2020-12-12,"12","32  day ahead inc hosp",2021-01-13,"quantile",0.75,624.845248586876
"9241",2020-12-12,"12","32  day ahead inc hosp",2021-01-13,"quantile",0.8,649.944360928375
"9242",2020-12-12,"12","32  day ahead inc hosp",2021-01-13,"quantile",0.85,679.200441758597
"9243",2020-12-12,"12","32  day ahead inc hosp",2021-01-13,"quantile",0.9,716.011271850802
"9244",2020-12-12,"12","32  day ahead inc hosp",2021-01-13,"quantile",0.95,770.570467215504
"9245",2020-12-12,"12","32  day ahead inc hosp",2021-01-13,"quantile",0.975,817.892432564506
"9246",2020-12-12,"12","32  day ahead inc hosp",2021-01-13,"quantile",0.99,872.914444078407
"9247",2020-12-12,"12","33  day ahead inc hosp",2021-01-14,"quantile",0.01,169.11875819338
"9248",2020-12-12,"12","33  day ahead inc hosp",2021-01-14,"quantile",0.025,224.939756740794
"9249",2020-12-12,"12","33  day ahead inc hosp",2021-01-14,"quantile",0.05,272.948895017028
"9250",2020-12-12,"12","33  day ahead inc hosp",2021-01-14,"quantile",0.1,328.300356757602
"9251",2020-12-12,"12","33  day ahead inc hosp",2021-01-14,"quantile",0.15,365.645725212314
"9252",2020-12-12,"12","33  day ahead inc hosp",2021-01-14,"quantile",0.2,395.326640187846
"9253",2020-12-12,"12","33  day ahead inc hosp",2021-01-14,"quantile",0.25,420.790222398072
"9254",2020-12-12,"12","33  day ahead inc hosp",2021-01-14,"quantile",0.3,443.657306207947
"9255",2020-12-12,"12","33  day ahead inc hosp",2021-01-14,"quantile",0.35,464.847067234534
"9256",2020-12-12,"12","33  day ahead inc hosp",2021-01-14,"quantile",0.4,484.954078297516
"9257",2020-12-12,"12","33  day ahead inc hosp",2021-01-14,"quantile",0.45,504.407844197494
"9258",2020-12-12,"12","33  day ahead inc hosp",2021-01-14,"quantile",0.5,523.553177988838
"9259",2020-12-12,"12","33  day ahead inc hosp",2021-01-14,"quantile",0.55,542.698511780181
"9260",2020-12-12,"12","33  day ahead inc hosp",2021-01-14,"quantile",0.6,562.15227768016
"9261",2020-12-12,"12","33  day ahead inc hosp",2021-01-14,"quantile",0.65,582.259288743142
"9262",2020-12-12,"12","33  day ahead inc hosp",2021-01-14,"quantile",0.7,603.449049769729
"9263",2020-12-12,"12","33  day ahead inc hosp",2021-01-14,"quantile",0.75,626.316133579604
"9264",2020-12-12,"12","33  day ahead inc hosp",2021-01-14,"quantile",0.8,651.779715789829
"9265",2020-12-12,"12","33  day ahead inc hosp",2021-01-14,"quantile",0.85,681.460630765362
"9266",2020-12-12,"12","33  day ahead inc hosp",2021-01-14,"quantile",0.9,718.805999220074
"9267",2020-12-12,"12","33  day ahead inc hosp",2021-01-14,"quantile",0.95,774.157460960648
"9268",2020-12-12,"12","33  day ahead inc hosp",2021-01-14,"quantile",0.975,822.166599236881
"9269",2020-12-12,"12","33  day ahead inc hosp",2021-01-14,"quantile",0.99,877.987597784296
"9270",2020-12-12,"12","34  day ahead inc hosp",2021-01-15,"quantile",0.01,164.117200897258
"9271",2020-12-12,"12","34  day ahead inc hosp",2021-01-15,"quantile",0.025,220.72591053301
"9272",2020-12-12,"12","34  day ahead inc hosp",2021-01-15,"quantile",0.05,269.412523801556
"9273",2020-12-12,"12","34  day ahead inc hosp",2021-01-15,"quantile",0.1,325.545070820133
"9274",2020-12-12,"12","34  day ahead inc hosp",2021-01-15,"quantile",0.15,363.417433803702
"9275",2020-12-12,"12","34  day ahead inc hosp",2021-01-15,"quantile",0.2,393.517187324704
"9276",2020-12-12,"12","34  day ahead inc hosp",2021-01-15,"quantile",0.25,419.340095712851
"9277",2020-12-12,"12","34  day ahead inc hosp",2021-01-15,"quantile",0.3,442.529865535942
"9278",2020-12-12,"12","34  day ahead inc hosp",2021-01-15,"quantile",0.35,464.018643243603
"9279",2020-12-12,"12","34  day ahead inc hosp",2021-01-15,"quantile",0.4,484.409391896019
"9280",2020-12-12,"12","34  day ahead inc hosp",2021-01-15,"quantile",0.45,504.137677197444
"9281",2020-12-12,"12","34  day ahead inc hosp",2021-01-15,"quantile",0.5,523.553177988838
"9282",2020-12-12,"12","34  day ahead inc hosp",2021-01-15,"quantile",0.55,542.968678780232
"9283",2020-12-12,"12","34  day ahead inc hosp",2021-01-15,"quantile",0.6,562.696964081656
"9284",2020-12-12,"12","34  day ahead inc hosp",2021-01-15,"quantile",0.65,583.087712734073
"9285",2020-12-12,"12","34  day ahead inc hosp",2021-01-15,"quantile",0.7,604.576490441733
"9286",2020-12-12,"12","34  day ahead inc hosp",2021-01-15,"quantile",0.75,627.766260264824
"9287",2020-12-12,"12","34  day ahead inc hosp",2021-01-15,"quantile",0.8,653.589168652971
"9288",2020-12-12,"12","34  day ahead inc hosp",2021-01-15,"quantile",0.85,683.688922173974
"9289",2020-12-12,"12","34  day ahead inc hosp",2021-01-15,"quantile",0.9,721.561285157543
"9290",2020-12-12,"12","34  day ahead inc hosp",2021-01-15,"quantile",0.95,777.69383217612
"9291",2020-12-12,"12","34  day ahead inc hosp",2021-01-15,"quantile",0.975,826.380445444665
"9292",2020-12-12,"12","34  day ahead inc hosp",2021-01-15,"quantile",0.99,882.989155080418
"9293",2020-12-12,"12","35  day ahead inc hosp",2021-01-16,"quantile",0.01,159.184291666453
"9294",2020-12-12,"12","35  day ahead inc hosp",2021-01-16,"quantile",0.025,216.569900789468
"9295",2020-12-12,"12","35  day ahead inc hosp",2021-01-16,"quantile",0.05,265.924690476948
"9296",2020-12-12,"12","35  day ahead inc hosp",2021-01-16,"quantile",0.1,322.827602113939
"9297",2020-12-12,"12","35  day ahead inc hosp",2021-01-16,"quantile",0.15,361.219726448238
"9298",2020-12-12,"12","35  day ahead inc hosp",2021-01-16,"quantile",0.2,391.73256981403
"9299",2020-12-12,"12","35  day ahead inc hosp",2021-01-16,"quantile",0.25,417.90987250679
"9300",2020-12-12,"12","35  day ahead inc hosp",2021-01-16,"quantile",0.3,441.417899368439
"9301",2020-12-12,"12","35  day ahead inc hosp",2021-01-16,"quantile",0.35,463.201589652105
"9302",2020-12-12,"12","35  day ahead inc hosp",2021-01-16,"quantile",0.4,483.872181499586
"9303",2020-12-12,"12","35  day ahead inc hosp",2021-01-16,"quantile",0.45,503.871218330834
"9304",2020-12-12,"12","35  day ahead inc hosp",2021-01-16,"quantile",0.5,523.553177988838
"9305",2020-12-12,"12","35  day ahead inc hosp",2021-01-16,"quantile",0.55,543.235137646841
"9306",2020-12-12,"12","35  day ahead inc hosp",2021-01-16,"quantile",0.6,563.23417447809
"9307",2020-12-12,"12","35  day ahead inc hosp",2021-01-16,"quantile",0.65,583.904766325571
"9308",2020-12-12,"12","35  day ahead inc hosp",2021-01-16,"quantile",0.7,605.688456609236
"9309",2020-12-12,"12","35  day ahead inc hosp",2021-01-16,"quantile",0.75,629.196483470886
"9310",2020-12-12,"12","35  day ahead inc hosp",2021-01-16,"quantile",0.8,655.373786163645
"9311",2020-12-12,"12","35  day ahead inc hosp",2021-01-16,"quantile",0.85,685.886629529438
"9312",2020-12-12,"12","35  day ahead inc hosp",2021-01-16,"quantile",0.9,724.278753863737
"9313",2020-12-12,"12","35  day ahead inc hosp",2021-01-16,"quantile",0.95,781.181665500728
"9314",2020-12-12,"12","35  day ahead inc hosp",2021-01-16,"quantile",0.975,830.536455188207
"9315",2020-12-12,"12","35  day ahead inc hosp",2021-01-16,"quantile",0.99,887.922064311222
"9316",2020-12-12,"12","36  day ahead inc hosp",2021-01-17,"quantile",0.01,138.258627845677
"9317",2020-12-12,"12","36  day ahead inc hosp",2021-01-17,"quantile",0.025,196.410758178228
"9318",2020-12-12,"12","36  day ahead inc hosp",2021-01-17,"quantile",0.05,246.424798393249
"9319",2020-12-12,"12","36  day ahead inc hosp",2021-01-17,"quantile",0.1,304.087783667527
"9320",2020-12-12,"12","36  day ahead inc hosp",2021-01-17,"quantile",0.15,342.992726076447
"9321",2020-12-12,"12","36  day ahead inc hosp",2021-01-17,"quantile",0.2,373.913140991284
"9322",2020-12-12,"12","36  day ahead inc hosp",2021-01-17,"quantile",0.25,400.440103782264
"9323",2020-12-12,"12","36  day ahead inc hosp",2021-01-17,"quantile",0.3,424.262136218816
"9324",2020-12-12,"12","36  day ahead inc hosp",2021-01-17,"quantile",0.35,446.336799463814
"9325",2020-12-12,"12","36  day ahead inc hosp",2021-01-17,"quantile",0.4,467.283496197292
"9326",2020-12-12,"12","36  day ahead inc hosp",2021-01-17,"quantile",0.45,487.549667701078
"9327",2020-12-12,"12","36  day ahead inc hosp",2021-01-17,"quantile",0.5,507.49452671231
"9328",2020-12-12,"12","36  day ahead inc hosp",2021-01-17,"quantile",0.55,527.439385723543
"9329",2020-12-12,"12","36  day ahead inc hosp",2021-01-17,"quantile",0.6,547.705557227329
"9330",2020-12-12,"12","36  day ahead inc hosp",2021-01-17,"quantile",0.65,568.652253960806
"9331",2020-12-12,"12","36  day ahead inc hosp",2021-01-17,"quantile",0.7,590.726917205804
"9332",2020-12-12,"12","36  day ahead inc hosp",2021-01-17,"quantile",0.75,614.548949642356
"9333",2020-12-12,"12","36  day ahead inc hosp",2021-01-17,"quantile",0.8,641.075912433337
"9334",2020-12-12,"12","36  day ahead inc hosp",2021-01-17,"quantile",0.85,671.996327348174
"9335",2020-12-12,"12","36  day ahead inc hosp",2021-01-17,"quantile",0.9,710.901269757093
"9336",2020-12-12,"12","36  day ahead inc hosp",2021-01-17,"quantile",0.95,768.564255031372
"9337",2020-12-12,"12","36  day ahead inc hosp",2021-01-17,"quantile",0.975,818.578295246393
"9338",2020-12-12,"12","36  day ahead inc hosp",2021-01-17,"quantile",0.99,876.730425578944
"9339",2020-12-12,"12","37  day ahead inc hosp",2021-01-18,"quantile",0.01,133.454939631094
"9340",2020-12-12,"12","37  day ahead inc hosp",2021-01-18,"quantile",0.025,192.363618024083
"9341",2020-12-12,"12","37  day ahead inc hosp",2021-01-18,"quantile",0.05,243.028331308222
"9342",2020-12-12,"12","37  day ahead inc hosp",2021-01-18,"quantile",0.1,301.441500959562
"9343",2020-12-12,"12","37  day ahead inc hosp",2021-01-18,"quantile",0.15,340.852589206176
"9344",2020-12-12,"12","37  day ahead inc hosp",2021-01-18,"quantile",0.2,372.175272787663
"9345",2020-12-12,"12","37  day ahead inc hosp",2021-01-18,"quantile",0.25,399.047346275948
"9346",2020-12-12,"12","37  day ahead inc hosp",2021-01-18,"quantile",0.3,423.179298784774
"9347",2020-12-12,"12","37  day ahead inc hosp",2021-01-18,"quantile",0.35,445.541149164057
"9348",2020-12-12,"12","37  day ahead inc hosp",2021-01-18,"quantile",0.4,466.760358403881
"9349",2020-12-12,"12","37  day ahead inc hosp",2021-01-18,"quantile",0.45,487.290188911318
"9350",2020-12-12,"12","37  day ahead inc hosp",2021-01-18,"quantile",0.5,507.49452671231
"9351",2020-12-12,"12","37  day ahead inc hosp",2021-01-18,"quantile",0.55,527.698864513303
"9352",2020-12-12,"12","37  day ahead inc hosp",2021-01-18,"quantile",0.6,548.22869502074
"9353",2020-12-12,"12","37  day ahead inc hosp",2021-01-18,"quantile",0.65,569.447904260563
"9354",2020-12-12,"12","37  day ahead inc hosp",2021-01-18,"quantile",0.7,591.809754639847
"9355",2020-12-12,"12","37  day ahead inc hosp",2021-01-18,"quantile",0.75,615.941707148673
"9356",2020-12-12,"12","37  day ahead inc hosp",2021-01-18,"quantile",0.8,642.813780636958
"9357",2020-12-12,"12","37  day ahead inc hosp",2021-01-18,"quantile",0.85,674.136464218445
"9358",2020-12-12,"12","37  day ahead inc hosp",2021-01-18,"quantile",0.9,713.547552465059
"9359",2020-12-12,"12","37  day ahead inc hosp",2021-01-18,"quantile",0.95,771.960722116398
"9360",2020-12-12,"12","37  day ahead inc hosp",2021-01-18,"quantile",0.975,822.625435400538
"9361",2020-12-12,"12","37  day ahead inc hosp",2021-01-18,"quantile",0.99,881.534113793527
"9362",2020-12-12,"13","1  day ahead inc hosp",2020-12-13,"quantile",0.01,171.189909345687
"9363",2020-12-12,"13","1  day ahead inc hosp",2020-12-13,"quantile",0.025,206.450577609514
"9364",2020-12-12,"13","1  day ahead inc hosp",2020-12-13,"quantile",0.05,236.776697572284
"9365",2020-12-12,"13","1  day ahead inc hosp",2020-12-13,"quantile",0.1,271.740771686696
"9366",2020-12-12,"13","1  day ahead inc hosp",2020-12-13,"quantile",0.15,295.330866499376
"9367",2020-12-12,"13","1  day ahead inc hosp",2020-12-13,"quantile",0.2,314.079526035271
"9368",2020-12-12,"13","1  day ahead inc hosp",2020-12-13,"quantile",0.25,330.164206504768
"9369",2020-12-12,"13","1  day ahead inc hosp",2020-12-13,"quantile",0.3,344.608746684326
"9370",2020-12-12,"13","1  day ahead inc hosp",2020-12-13,"quantile",0.35,357.9937658275
"9371",2020-12-12,"13","1  day ahead inc hosp",2020-12-13,"quantile",0.4,370.694840070496
"9372",2020-12-12,"13","1  day ahead inc hosp",2020-12-13,"quantile",0.45,382.98327638893
"9373",2020-12-12,"13","1  day ahead inc hosp",2020-12-13,"quantile",0.5,395.076884192155
"9374",2020-12-12,"13","1  day ahead inc hosp",2020-12-13,"quantile",0.55,407.17049199538
"9375",2020-12-12,"13","1  day ahead inc hosp",2020-12-13,"quantile",0.6,419.458928313814
"9376",2020-12-12,"13","1  day ahead inc hosp",2020-12-13,"quantile",0.65,432.16000255681
"9377",2020-12-12,"13","1  day ahead inc hosp",2020-12-13,"quantile",0.7,445.545021699985
"9378",2020-12-12,"13","1  day ahead inc hosp",2020-12-13,"quantile",0.75,459.989561879542
"9379",2020-12-12,"13","1  day ahead inc hosp",2020-12-13,"quantile",0.8,476.074242349039
"9380",2020-12-12,"13","1  day ahead inc hosp",2020-12-13,"quantile",0.85,494.822901884934
"9381",2020-12-12,"13","1  day ahead inc hosp",2020-12-13,"quantile",0.9,518.412996697614
"9382",2020-12-12,"13","1  day ahead inc hosp",2020-12-13,"quantile",0.95,553.377070812026
"9383",2020-12-12,"13","1  day ahead inc hosp",2020-12-13,"quantile",0.975,583.703190774796
"9384",2020-12-12,"13","1  day ahead inc hosp",2020-12-13,"quantile",0.99,618.963859038623
"9385",2020-12-12,"13","2  day ahead inc hosp",2020-12-14,"quantile",0.01,110.875531214157
"9386",2020-12-12,"13","2  day ahead inc hosp",2020-12-14,"quantile",0.025,153.406479356667
"9387",2020-12-12,"13","2  day ahead inc hosp",2020-12-14,"quantile",0.05,189.985441100941
"9388",2020-12-12,"13","2  day ahead inc hosp",2020-12-14,"quantile",0.1,232.158641333123
"9389",2020-12-12,"13","2  day ahead inc hosp",2020-12-14,"quantile",0.15,260.612699312059
"9390",2020-12-12,"13","2  day ahead inc hosp",2020-12-14,"quantile",0.2,283.227082581724
"9391",2020-12-12,"13","2  day ahead inc hosp",2020-12-14,"quantile",0.25,302.628209804228
"9392",2020-12-12,"13","2  day ahead inc hosp",2020-12-14,"quantile",0.3,320.051021667082
"9393",2020-12-12,"13","2  day ahead inc hosp",2020-12-14,"quantile",0.35,336.195853376039
"9394",2020-12-12,"13","2  day ahead inc hosp",2020-12-14,"quantile",0.4,351.515719861304
"9395",2020-12-12,"13","2  day ahead inc hosp",2020-12-14,"quantile",0.45,366.337867981168
"9396",2020-12-12,"13","2  day ahead inc hosp",2020-12-14,"quantile",0.5,380.925016542458
"9397",2020-12-12,"13","2  day ahead inc hosp",2020-12-14,"quantile",0.55,395.512165103747
"9398",2020-12-12,"13","2  day ahead inc hosp",2020-12-14,"quantile",0.6,410.334313223611
"9399",2020-12-12,"13","2  day ahead inc hosp",2020-12-14,"quantile",0.65,425.654179708876
"9400",2020-12-12,"13","2  day ahead inc hosp",2020-12-14,"quantile",0.7,441.799011417833
"9401",2020-12-12,"13","2  day ahead inc hosp",2020-12-14,"quantile",0.75,459.221823280687
"9402",2020-12-12,"13","2  day ahead inc hosp",2020-12-14,"quantile",0.8,478.622950503191
"9403",2020-12-12,"13","2  day ahead inc hosp",2020-12-14,"quantile",0.85,501.237333772856
"9404",2020-12-12,"13","2  day ahead inc hosp",2020-12-14,"quantile",0.9,529.691391751792
"9405",2020-12-12,"13","2  day ahead inc hosp",2020-12-14,"quantile",0.95,571.864591983974
"9406",2020-12-12,"13","2  day ahead inc hosp",2020-12-14,"quantile",0.975,608.443553728249
"9407",2020-12-12,"13","2  day ahead inc hosp",2020-12-14,"quantile",0.99,650.974501870758
"9408",2020-12-12,"13","3  day ahead inc hosp",2020-12-15,"quantile",0.01,82.2139422088026
"9409",2020-12-12,"13","3  day ahead inc hosp",2020-12-15,"quantile",0.025,127.8585517486
"9410",2020-12-12,"13","3  day ahead inc hosp",2020-12-15,"quantile",0.05,167.115434068601
"9411",2020-12-12,"13","3  day ahead inc hosp",2020-12-15,"quantile",0.1,212.376105220148
"9412",2020-12-12,"13","3  day ahead inc hosp",2020-12-15,"quantile",0.15,242.913265170579
"9413",2020-12-12,"13","3  day ahead inc hosp",2020-12-15,"quantile",0.2,267.183231851511
"9414",2020-12-12,"13","3  day ahead inc hosp",2020-12-15,"quantile",0.25,288.004702224941
"9415",2020-12-12,"13","3  day ahead inc hosp",2020-12-15,"quantile",0.3,306.703026134876
"9416",2020-12-12,"13","3  day ahead inc hosp",2020-12-15,"quantile",0.35,324.029809844749
"9417",2020-12-12,"13","3  day ahead inc hosp",2020-12-15,"quantile",0.4,340.471233195545
"9418",2020-12-12,"13","3  day ahead inc hosp",2020-12-15,"quantile",0.45,356.378500562482
"9419",2020-12-12,"13","3  day ahead inc hosp",2020-12-15,"quantile",0.5,372.033564215144
"9420",2020-12-12,"13","3  day ahead inc hosp",2020-12-15,"quantile",0.55,387.688627867807
"9421",2020-12-12,"13","3  day ahead inc hosp",2020-12-15,"quantile",0.6,403.595895234744
"9422",2020-12-12,"13","3  day ahead inc hosp",2020-12-15,"quantile",0.65,420.03731858554
"9423",2020-12-12,"13","3  day ahead inc hosp",2020-12-15,"quantile",0.7,437.364102295413
"9424",2020-12-12,"13","3  day ahead inc hosp",2020-12-15,"quantile",0.75,456.062426205347
"9425",2020-12-12,"13","3  day ahead inc hosp",2020-12-15,"quantile",0.8,476.883896578777
"9426",2020-12-12,"13","3  day ahead inc hosp",2020-12-15,"quantile",0.85,501.15386325971
"9427",2020-12-12,"13","3  day ahead inc hosp",2020-12-15,"quantile",0.9,531.69102321014
"9428",2020-12-12,"13","3  day ahead inc hosp",2020-12-15,"quantile",0.95,576.951694361688
"9429",2020-12-12,"13","3  day ahead inc hosp",2020-12-15,"quantile",0.975,616.208576681689
"9430",2020-12-12,"13","3  day ahead inc hosp",2020-12-15,"quantile",0.99,661.853186221486
"9431",2020-12-12,"13","4  day ahead inc hosp",2020-12-16,"quantile",0.01,66.7173888442401
"9432",2020-12-12,"13","4  day ahead inc hosp",2020-12-16,"quantile",0.025,113.92278057007
"9433",2020-12-12,"13","4  day ahead inc hosp",2020-12-16,"quantile",0.05,154.522021675085
"9434",2020-12-12,"13","4  day ahead inc hosp",2020-12-16,"quantile",0.1,201.330346535875
"9435",2020-12-12,"13","4  day ahead inc hosp",2020-12-16,"quantile",0.15,232.91170109643
"9436",2020-12-12,"13","4  day ahead inc hosp",2020-12-16,"quantile",0.2,258.011560551846
"9437",2020-12-12,"13","4  day ahead inc hosp",2020-12-16,"quantile",0.25,279.545005030729
"9438",2020-12-12,"13","4  day ahead inc hosp",2020-12-16,"quantile",0.3,298.882703691846
"9439",2020-12-12,"13","4  day ahead inc hosp",2020-12-16,"quantile",0.35,316.801963394575
"9440",2020-12-12,"13","4  day ahead inc hosp",2020-12-16,"quantile",0.4,333.805588524237
"9441",2020-12-12,"13","4  day ahead inc hosp",2020-12-16,"quantile",0.45,350.256792618536
"9442",2020-12-12,"13","4  day ahead inc hosp",2020-12-16,"quantile",0.5,366.447169087249
"9443",2020-12-12,"13","4  day ahead inc hosp",2020-12-16,"quantile",0.55,382.637545555963
"9444",2020-12-12,"13","4  day ahead inc hosp",2020-12-16,"quantile",0.6,399.088749650262
"9445",2020-12-12,"13","4  day ahead inc hosp",2020-12-16,"quantile",0.65,416.092374779924
"9446",2020-12-12,"13","4  day ahead inc hosp",2020-12-16,"quantile",0.7,434.011634482653
"9447",2020-12-12,"13","4  day ahead inc hosp",2020-12-16,"quantile",0.75,453.34933314377
"9448",2020-12-12,"13","4  day ahead inc hosp",2020-12-16,"quantile",0.8,474.882777622653
"9449",2020-12-12,"13","4  day ahead inc hosp",2020-12-16,"quantile",0.85,499.982637078069
"9450",2020-12-12,"13","4  day ahead inc hosp",2020-12-16,"quantile",0.9,531.563991638624
"9451",2020-12-12,"13","4  day ahead inc hosp",2020-12-16,"quantile",0.95,578.372316499414
"9452",2020-12-12,"13","4  day ahead inc hosp",2020-12-16,"quantile",0.975,618.971557604429
"9453",2020-12-12,"13","4  day ahead inc hosp",2020-12-16,"quantile",0.99,666.176949330259
"9454",2020-12-12,"13","5  day ahead inc hosp",2020-12-17,"quantile",0.01,57.5788338679912
"9455",2020-12-12,"13","5  day ahead inc hosp",2020-12-17,"quantile",0.025,105.67070555896
"9456",2020-12-12,"13","5  day ahead inc hosp",2020-12-17,"quantile",0.05,147.032368339203
"9457",2020-12-12,"13","5  day ahead inc hosp",2020-12-17,"quantile",0.1,194.719716563083
"9458",2020-12-12,"13","5  day ahead inc hosp",2020-12-17,"quantile",0.15,226.894144013541
"9459",2020-12-12,"13","5  day ahead inc hosp",2020-12-17,"quantile",0.2,252.465359001059
"9460",2020-12-12,"13","5  day ahead inc hosp",2020-12-17,"quantile",0.25,274.403184556194
"9461",2020-12-12,"13","5  day ahead inc hosp",2020-12-17,"quantile",0.3,294.104029921707
"9462",2020-12-12,"13","5  day ahead inc hosp",2020-12-17,"quantile",0.35,312.359799165736
"9463",2020-12-12,"13","5  day ahead inc hosp",2020-12-17,"quantile",0.4,329.682738942753
"9464",2020-12-12,"13","5  day ahead inc hosp",2020-12-17,"quantile",0.45,346.442883653766
"9465",2020-12-12,"13","5  day ahead inc hosp",2020-12-17,"quantile",0.5,362.937302602434
"9466",2020-12-12,"13","5  day ahead inc hosp",2020-12-17,"quantile",0.55,379.431721551103
"9467",2020-12-12,"13","5  day ahead inc hosp",2020-12-17,"quantile",0.6,396.191866262116
"9468",2020-12-12,"13","5  day ahead inc hosp",2020-12-17,"quantile",0.65,413.514806039133
"9469",2020-12-12,"13","5  day ahead inc hosp",2020-12-17,"quantile",0.7,431.770575283162
"9470",2020-12-12,"13","5  day ahead inc hosp",2020-12-17,"quantile",0.75,451.471420648675
"9471",2020-12-12,"13","5  day ahead inc hosp",2020-12-17,"quantile",0.8,473.409246203809
"9472",2020-12-12,"13","5  day ahead inc hosp",2020-12-17,"quantile",0.85,498.980461191327
"9473",2020-12-12,"13","5  day ahead inc hosp",2020-12-17,"quantile",0.9,531.154888641786
"9474",2020-12-12,"13","5  day ahead inc hosp",2020-12-17,"quantile",0.95,578.842236865666
"9475",2020-12-12,"13","5  day ahead inc hosp",2020-12-17,"quantile",0.975,620.203899645909
"9476",2020-12-12,"13","5  day ahead inc hosp",2020-12-17,"quantile",0.99,668.295771336878
"9477",2020-12-12,"13","6  day ahead inc hosp",2020-12-18,"quantile",0.01,51.7773913212808
"9478",2020-12-12,"13","6  day ahead inc hosp",2020-12-18,"quantile",0.025,100.435645386681
"9479",2020-12-12,"13","6  day ahead inc hosp",2020-12-18,"quantile",0.05,142.284428255043
"9480",2020-12-12,"13","6  day ahead inc hosp",2020-12-18,"quantile",0.1,190.533394743459
"9481",2020-12-12,"13","6  day ahead inc hosp",2020-12-18,"quantile",0.15,223.086743370712
"9482",2020-12-12,"13","6  day ahead inc hosp",2020-12-18,"quantile",0.2,248.9591128975
"9483",2020-12-12,"13","6  day ahead inc hosp",2020-12-18,"quantile",0.25,271.155302232019
"9484",2020-12-12,"13","6  day ahead inc hosp",2020-12-18,"quantile",0.3,291.088166256488
"9485",2020-12-12,"13","6  day ahead inc hosp",2020-12-18,"quantile",0.35,309.558935365733
"9486",2020-12-12,"13","6  day ahead inc hosp",2020-12-18,"quantile",0.4,327.085888989957
"9487",2020-12-12,"13","6  day ahead inc hosp",2020-12-18,"quantile",0.45,344.043419459175
"9488",2020-12-12,"13","6  day ahead inc hosp",2020-12-18,"quantile",0.5,360.732094689425
"9489",2020-12-12,"13","6  day ahead inc hosp",2020-12-18,"quantile",0.55,377.420769919676
"9490",2020-12-12,"13","6  day ahead inc hosp",2020-12-18,"quantile",0.6,394.378300388894
"9491",2020-12-12,"13","6  day ahead inc hosp",2020-12-18,"quantile",0.65,411.905254013118
"9492",2020-12-12,"13","6  day ahead inc hosp",2020-12-18,"quantile",0.7,430.376023122363
"9493",2020-12-12,"13","6  day ahead inc hosp",2020-12-18,"quantile",0.75,450.308887146832
"9494",2020-12-12,"13","6  day ahead inc hosp",2020-12-18,"quantile",0.8,472.505076481351
"9495",2020-12-12,"13","6  day ahead inc hosp",2020-12-18,"quantile",0.85,498.377446008139
"9496",2020-12-12,"13","6  day ahead inc hosp",2020-12-18,"quantile",0.9,530.930794635392
"9497",2020-12-12,"13","6  day ahead inc hosp",2020-12-18,"quantile",0.95,579.179761123808
"9498",2020-12-12,"13","6  day ahead inc hosp",2020-12-18,"quantile",0.975,621.02854399217
"9499",2020-12-12,"13","6  day ahead inc hosp",2020-12-18,"quantile",0.99,669.68679805757
"9500",2020-12-12,"13","7  day ahead inc hosp",2020-12-19,"quantile",0.01,47.830376143869
"9501",2020-12-12,"13","7  day ahead inc hosp",2020-12-19,"quantile",0.025,96.8920503578713
"9502",2020-12-12,"13","7  day ahead inc hosp",2020-12-19,"quantile",0.05,139.08779680986
"9503",2020-12-12,"13","7  day ahead inc hosp",2020-12-19,"quantile",0.1,187.736790089302
"9504",2020-12-12,"13","7  day ahead inc hosp",2020-12-19,"quantile",0.15,220.560034893327
"9505",2020-12-12,"13","7  day ahead inc hosp",2020-12-19,"quantile",0.2,246.646909345532
"9506",2020-12-12,"13","7  day ahead inc hosp",2020-12-19,"quantile",0.25,269.027124806177
"9507",2020-12-12,"13","7  day ahead inc hosp",2020-12-19,"quantile",0.3,289.125249979475
"9508",2020-12-12,"13","7  day ahead inc hosp",2020-12-19,"quantile",0.35,307.749158171943
"9509",2020-12-12,"13","7  day ahead inc hosp",2020-12-19,"quantile",0.4,325.421425810643
"9510",2020-12-12,"13","7  day ahead inc hosp",2020-12-19,"quantile",0.45,342.519549270572
"9511",2020-12-12,"13","7  day ahead inc hosp",2020-12-19,"quantile",0.5,359.346588442782
"9512",2020-12-12,"13","7  day ahead inc hosp",2020-12-19,"quantile",0.55,376.173627614992
"9513",2020-12-12,"13","7  day ahead inc hosp",2020-12-19,"quantile",0.6,393.271751074921
"9514",2020-12-12,"13","7  day ahead inc hosp",2020-12-19,"quantile",0.65,410.94401871362
"9515",2020-12-12,"13","7  day ahead inc hosp",2020-12-19,"quantile",0.7,429.567926906089
"9516",2020-12-12,"13","7  day ahead inc hosp",2020-12-19,"quantile",0.75,449.666052079386
"9517",2020-12-12,"13","7  day ahead inc hosp",2020-12-19,"quantile",0.8,472.046267540032
"9518",2020-12-12,"13","7  day ahead inc hosp",2020-12-19,"quantile",0.85,498.133141992236
"9519",2020-12-12,"13","7  day ahead inc hosp",2020-12-19,"quantile",0.9,530.956386796262
"9520",2020-12-12,"13","7  day ahead inc hosp",2020-12-19,"quantile",0.95,579.605380075703
"9521",2020-12-12,"13","7  day ahead inc hosp",2020-12-19,"quantile",0.975,621.801126527692
"9522",2020-12-12,"13","7  day ahead inc hosp",2020-12-19,"quantile",0.99,670.862800741694
"9523",2020-12-12,"13","8  day ahead inc hosp",2020-12-20,"quantile",0.01,51.7182732319238
"9524",2020-12-12,"13","8  day ahead inc hosp",2020-12-20,"quantile",0.025,101.09541343447
"9525",2020-12-12,"13","8  day ahead inc hosp",2020-12-20,"quantile",0.05,143.562478040193
"9526",2020-12-12,"13","8  day ahead inc hosp",2020-12-20,"quantile",0.1,192.524283774619
"9527",2020-12-12,"13","8  day ahead inc hosp",2020-12-20,"quantile",0.15,225.558581656943
"9528",2020-12-12,"13","8  day ahead inc hosp",2020-12-20,"quantile",0.2,251.81319440526
"9529",2020-12-12,"13","8  day ahead inc hosp",2020-12-20,"quantile",0.25,274.337314388269
"9530",2020-12-12,"13","8  day ahead inc hosp",2020-12-20,"quantile",0.3,294.564670270205
"9531",2020-12-12,"13","8  day ahead inc hosp",2020-12-20,"quantile",0.35,313.308329973453
"9532",2020-12-12,"13","8  day ahead inc hosp",2020-12-20,"quantile",0.4,331.094230085356
"9533",2020-12-12,"13","8  day ahead inc hosp",2020-12-20,"quantile",0.45,348.302294278168
"9534",2020-12-12,"13","8  day ahead inc hosp",2020-12-20,"quantile",0.5,365.237531114476
"9535",2020-12-12,"13","8  day ahead inc hosp",2020-12-20,"quantile",0.55,382.172767950785
"9536",2020-12-12,"13","8  day ahead inc hosp",2020-12-20,"quantile",0.6,399.380832143597
"9537",2020-12-12,"13","8  day ahead inc hosp",2020-12-20,"quantile",0.65,417.1667322555
"9538",2020-12-12,"13","8  day ahead inc hosp",2020-12-20,"quantile",0.7,435.910391958748
"9539",2020-12-12,"13","8  day ahead inc hosp",2020-12-20,"quantile",0.75,456.137747840683
"9540",2020-12-12,"13","8  day ahead inc hosp",2020-12-20,"quantile",0.8,478.661867823693
"9541",2020-12-12,"13","8  day ahead inc hosp",2020-12-20,"quantile",0.85,504.91648057201
"9542",2020-12-12,"13","8  day ahead inc hosp",2020-12-20,"quantile",0.9,537.950778454333
"9543",2020-12-12,"13","8  day ahead inc hosp",2020-12-20,"quantile",0.95,586.91258418876
"9544",2020-12-12,"13","8  day ahead inc hosp",2020-12-20,"quantile",0.975,629.379648794483
"9545",2020-12-12,"13","8  day ahead inc hosp",2020-12-20,"quantile",0.99,678.756788997029
"9546",2020-12-12,"13","9  day ahead inc hosp",2020-12-21,"quantile",0.01,49.484487081706
"9547",2020-12-12,"13","9  day ahead inc hosp",2020-12-21,"quantile",0.025,99.1272966624178
"9548",2020-12-12,"13","9  day ahead inc hosp",2020-12-21,"quantile",0.05,141.822851589776
"9549",2020-12-12,"13","9  day ahead inc hosp",2020-12-21,"quantile",0.1,191.048092031639
"9550",2020-12-12,"13","9  day ahead inc hosp",2020-12-21,"quantile",0.15,224.260128060411
"9551",2020-12-12,"13","9  day ahead inc hosp",2020-12-21,"quantile",0.2,250.656001453112
"9552",2020-12-12,"13","9  day ahead inc hosp",2020-12-21,"quantile",0.25,273.301310490916
"9553",2020-12-12,"13","9  day ahead inc hosp",2020-12-21,"quantile",0.3,293.637497889563
"9554",2020-12-12,"13","9  day ahead inc hosp",2020-12-21,"quantile",0.35,312.482006212181
"9555",2020-12-12,"13","9  day ahead inc hosp",2020-12-21,"quantile",0.4,330.36360180186
"9556",2020-12-12,"13","9  day ahead inc hosp",2020-12-21,"quantile",0.45,347.664252476893
"9557",2020-12-12,"13","9  day ahead inc hosp",2020-12-21,"quantile",0.5,364.690607871728
"9558",2020-12-12,"13","9  day ahead inc hosp",2020-12-21,"quantile",0.55,381.716963266563
"9559",2020-12-12,"13","9  day ahead inc hosp",2020-12-21,"quantile",0.6,399.017613941596
"9560",2020-12-12,"13","9  day ahead inc hosp",2020-12-21,"quantile",0.65,416.899209531275
"9561",2020-12-12,"13","9  day ahead inc hosp",2020-12-21,"quantile",0.7,435.743717853893
"9562",2020-12-12,"13","9  day ahead inc hosp",2020-12-21,"quantile",0.75,456.07990525254
"9563",2020-12-12,"13","9  day ahead inc hosp",2020-12-21,"quantile",0.8,478.725214290344
"9564",2020-12-12,"13","9  day ahead inc hosp",2020-12-21,"quantile",0.85,505.121087683044
"9565",2020-12-12,"13","9  day ahead inc hosp",2020-12-21,"quantile",0.9,538.333123711816
"9566",2020-12-12,"13","9  day ahead inc hosp",2020-12-21,"quantile",0.95,587.55836415368
"9567",2020-12-12,"13","9  day ahead inc hosp",2020-12-21,"quantile",0.975,630.253919081038
"9568",2020-12-12,"13","9  day ahead inc hosp",2020-12-21,"quantile",0.99,679.89672866175
"9569",2020-12-12,"13","10  day ahead inc hosp",2020-12-22,"quantile",0.01,47.6399660711033
"9570",2020-12-12,"13","10  day ahead inc hosp",2020-12-22,"quantile",0.025,97.5191564433839
"9571",2020-12-12,"13","10  day ahead inc hosp",2020-12-22,"quantile",0.05,140.418011892116
"9572",2020-12-12,"13","10  day ahead inc hosp",2020-12-22,"quantile",0.1,189.877644814966
"9573",2020-12-12,"13","10  day ahead inc hosp",2020-12-22,"quantile",0.15,223.24782433788
"9574",2020-12-12,"13","10  day ahead inc hosp",2020-12-22,"quantile",0.2,249.769385166473
"9575",2020-12-12,"13","10  day ahead inc hosp",2020-12-22,"quantile",0.25,272.522522832852
"9576",2020-12-12,"13","10  day ahead inc hosp",2020-12-22,"quantile",0.3,292.955543672543
"9577",2020-12-12,"13","10  day ahead inc hosp",2020-12-22,"quantile",0.35,311.889782609356
"9578",2020-12-12,"13","10  day ahead inc hosp",2020-12-22,"quantile",0.4,329.856523777129
"9579",2020-12-12,"13","10  day ahead inc hosp",2020-12-22,"quantile",0.45,347.239553784351
"9580",2020-12-12,"13","10  day ahead inc hosp",2020-12-22,"quantile",0.5,364.346982418186
"9581",2020-12-12,"13","10  day ahead inc hosp",2020-12-22,"quantile",0.55,381.45441105202
"9582",2020-12-12,"13","10  day ahead inc hosp",2020-12-22,"quantile",0.6,398.837441059242
"9583",2020-12-12,"13","10  day ahead inc hosp",2020-12-22,"quantile",0.65,416.804182227016
"9584",2020-12-12,"13","10  day ahead inc hosp",2020-12-22,"quantile",0.7,435.738421163829
"9585",2020-12-12,"13","10  day ahead inc hosp",2020-12-22,"quantile",0.75,456.171442003519
"9586",2020-12-12,"13","10  day ahead inc hosp",2020-12-22,"quantile",0.8,478.924579669898
"9587",2020-12-12,"13","10  day ahead inc hosp",2020-12-22,"quantile",0.85,505.446140498491
"9588",2020-12-12,"13","10  day ahead inc hosp",2020-12-22,"quantile",0.9,538.816320021405
"9589",2020-12-12,"13","10  day ahead inc hosp",2020-12-22,"quantile",0.95,588.275952944256
"9590",2020-12-12,"13","10  day ahead inc hosp",2020-12-22,"quantile",0.975,631.174808392987
"9591",2020-12-12,"13","10  day ahead inc hosp",2020-12-22,"quantile",0.99,681.053998765268
"9592",2020-12-12,"13","11  day ahead inc hosp",2020-12-23,"quantile",0.01,46.0359450007683
"9593",2020-12-12,"13","11  day ahead inc hosp",2020-12-23,"quantile",0.025,96.1337556091162
"9594",2020-12-12,"13","11  day ahead inc hosp",2020-12-23,"quantile",0.05,139.220636521678
"9595",2020-12-12,"13","11  day ahead inc hosp",2020-12-23,"quantile",0.1,188.897050762443
"9596",2020-12-12,"13","11  day ahead inc hosp",2020-12-23,"quantile",0.15,222.413491611381
"9597",2020-12-12,"13","11  day ahead inc hosp",2020-12-23,"quantile",0.2,249.051296305321
"9598",2020-12-12,"13","11  day ahead inc hosp",2020-12-23,"quantile",0.25,271.904160857617
"9599",2020-12-12,"13","11  day ahead inc hosp",2020-12-23,"quantile",0.3,292.42673952305
"9600",2020-12-12,"13","11  day ahead inc hosp",2020-12-23,"quantile",0.35,311.443967132198
"9601",2020-12-12,"13","11  day ahead inc hosp",2020-12-23,"quantile",0.4,329.489456434536
"9602",2020-12-12,"13","11  day ahead inc hosp",2020-12-23,"quantile",0.45,346.948676173295
"9603",2020-12-12,"13","11  day ahead inc hosp",2020-12-23,"quantile",0.5,364.131086579258
"9604",2020-12-12,"13","11  day ahead inc hosp",2020-12-23,"quantile",0.55,381.313496985221
"9605",2020-12-12,"13","11  day ahead inc hosp",2020-12-23,"quantile",0.6,398.77271672398
"9606",2020-12-12,"13","11  day ahead inc hosp",2020-12-23,"quantile",0.65,416.818206026319
"9607",2020-12-12,"13","11  day ahead inc hosp",2020-12-23,"quantile",0.7,435.835433635467
"9608",2020-12-12,"13","11  day ahead inc hosp",2020-12-23,"quantile",0.75,456.3580123009
"9609",2020-12-12,"13","11  day ahead inc hosp",2020-12-23,"quantile",0.8,479.210876853195
"9610",2020-12-12,"13","11  day ahead inc hosp",2020-12-23,"quantile",0.85,505.848681547135
"9611",2020-12-12,"13","11  day ahead inc hosp",2020-12-23,"quantile",0.9,539.365122396074
"9612",2020-12-12,"13","11  day ahead inc hosp",2020-12-23,"quantile",0.95,589.041536636839
"9613",2020-12-12,"13","11  day ahead inc hosp",2020-12-23,"quantile",0.975,632.1284175494
"9614",2020-12-12,"13","11  day ahead inc hosp",2020-12-23,"quantile",0.99,682.226228157748
"9615",2020-12-12,"13","12  day ahead inc hosp",2020-12-24,"quantile",0.01,44.5823612640185
"9616",2020-12-12,"13","12  day ahead inc hosp",2020-12-24,"quantile",0.025,94.8877382433838
"9617",2020-12-12,"13","12  day ahead inc hosp",2020-12-24,"quantile",0.05,138.153137686015
"9618",2020-12-12,"13","12  day ahead inc hosp",2020-12-24,"quantile",0.1,188.035372358928
"9619",2020-12-12,"13","12  day ahead inc hosp",2020-12-24,"quantile",0.15,221.690679276303
"9620",2020-12-12,"13","12  day ahead inc hosp",2020-12-24,"quantile",0.2,248.438850319292
"9621",2020-12-12,"13","12  day ahead inc hosp",2020-12-24,"quantile",0.25,271.386399371865
"9622",2020-12-12,"13","12  day ahead inc hosp",2020-12-24,"quantile",0.3,291.994007644896
"9623",2020-12-12,"13","12  day ahead inc hosp",2020-12-24,"quantile",0.35,311.090027857427
"9624",2020-12-12,"13","12  day ahead inc hosp",2020-12-24,"quantile",0.4,329.210283635231
"9625",2020-12-12,"13","12  day ahead inc hosp",2020-12-24,"quantile",0.45,346.741840804268
"9626",2020-12-12,"13","12  day ahead inc hosp",2020-12-24,"quantile",0.5,363.995441757882
"9627",2020-12-12,"13","12  day ahead inc hosp",2020-12-24,"quantile",0.55,381.249042711495
"9628",2020-12-12,"13","12  day ahead inc hosp",2020-12-24,"quantile",0.6,398.780599880532
"9629",2020-12-12,"13","12  day ahead inc hosp",2020-12-24,"quantile",0.65,416.900855658336
"9630",2020-12-12,"13","12  day ahead inc hosp",2020-12-24,"quantile",0.7,435.996875870867
"9631",2020-12-12,"13","12  day ahead inc hosp",2020-12-24,"quantile",0.75,456.604484143898
"9632",2020-12-12,"13","12  day ahead inc hosp",2020-12-24,"quantile",0.8,479.552033196471
"9633",2020-12-12,"13","12  day ahead inc hosp",2020-12-24,"quantile",0.85,506.30020423946
"9634",2020-12-12,"13","12  day ahead inc hosp",2020-12-24,"quantile",0.9,539.955511156835
"9635",2020-12-12,"13","12  day ahead inc hosp",2020-12-24,"quantile",0.95,589.837745829749
"9636",2020-12-12,"13","12  day ahead inc hosp",2020-12-24,"quantile",0.975,633.103145272379
"9637",2020-12-12,"13","12  day ahead inc hosp",2020-12-24,"quantile",0.99,683.408522251745
"9638",2020-12-12,"13","13  day ahead inc hosp",2020-12-25,"quantile",0.01,43.223984920045
"9639",2020-12-12,"13","13  day ahead inc hosp",2020-12-25,"quantile",0.025,93.729874683825
"9640",2020-12-12,"13","13  day ahead inc hosp",2020-12-25,"quantile",0.05,137.167726182915
"9641",2020-12-12,"13","13  day ahead inc hosp",2020-12-25,"quantile",0.1,187.248787032426
"9642",2020-12-12,"13","13  day ahead inc hosp",2020-12-25,"quantile",0.15,221.038241027222
"9643",2020-12-12,"13","13  day ahead inc hosp",2020-12-25,"quantile",0.2,247.893027914796
"9644",2020-12-12,"13","13  day ahead inc hosp",2020-12-25,"quantile",0.25,270.932043868769
"9645",2020-12-12,"13","13  day ahead inc hosp",2020-12-25,"quantile",0.3,291.621792246159
"9646",2020-12-12,"13","13  day ahead inc hosp",2020-12-25,"quantile",0.35,310.793927506702
"9647",2020-12-12,"13","13  day ahead inc hosp",2020-12-25,"quantile",0.4,328.986409021763
"9648",2020-12-12,"13","13  day ahead inc hosp",2020-12-25,"quantile",0.45,346.587845427458
"9649",2020-12-12,"13","13  day ahead inc hosp",2020-12-25,"quantile",0.5,363.910217708832
"9650",2020-12-12,"13","13  day ahead inc hosp",2020-12-25,"quantile",0.55,381.232589990206
"9651",2020-12-12,"13","13  day ahead inc hosp",2020-12-25,"quantile",0.6,398.834026395901
"9652",2020-12-12,"13","13  day ahead inc hosp",2020-12-25,"quantile",0.65,417.026507910962
"9653",2020-12-12,"13","13  day ahead inc hosp",2020-12-25,"quantile",0.7,436.198643171506
"9654",2020-12-12,"13","13  day ahead inc hosp",2020-12-25,"quantile",0.75,456.888391548896
"9655",2020-12-12,"13","13  day ahead inc hosp",2020-12-25,"quantile",0.8,479.927407502869
"9656",2020-12-12,"13","13  day ahead inc hosp",2020-12-25,"quantile",0.85,506.782194390443
"9657",2020-12-12,"13","13  day ahead inc hosp",2020-12-25,"quantile",0.9,540.571648385238
"9658",2020-12-12,"13","13  day ahead inc hosp",2020-12-25,"quantile",0.95,590.652709234749
"9659",2020-12-12,"13","13  day ahead inc hosp",2020-12-25,"quantile",0.975,634.09056073384
"9660",2020-12-12,"13","13  day ahead inc hosp",2020-12-25,"quantile",0.99,684.596450497619
"9661",2020-12-12,"13","14  day ahead inc hosp",2020-12-26,"quantile",0.01,41.9266571412329
"9662",2020-12-12,"13","14  day ahead inc hosp",2020-12-26,"quantile",0.025,92.6284341489145
"9663",2020-12-12,"13","14  day ahead inc hosp",2020-12-26,"quantile",0.05,136.234759484442
"9664",2020-12-12,"13","14  day ahead inc hosp",2020-12-26,"quantile",0.1,186.510059877645
"9665",2020-12-12,"13","14  day ahead inc hosp",2020-12-26,"quantile",0.15,220.430566370415
"9666",2020-12-12,"13","14  day ahead inc hosp",2020-12-26,"quantile",0.2,247.38950962893
"9667",2020-12-12,"13","14  day ahead inc hosp",2020-12-26,"quantile",0.25,270.517882474912
"9668",2020-12-12,"13","14  day ahead inc hosp",2020-12-26,"quantile",0.3,291.287876103017
"9669",2020-12-12,"13","14  day ahead inc hosp",2020-12-26,"quantile",0.35,310.534370547281
"9670",2020-12-12,"13","14  day ahead inc hosp",2020-12-26,"quantile",0.4,328.797411656092
"9671",2020-12-12,"13","14  day ahead inc hosp",2020-12-26,"quantile",0.45,346.467115285319
"9672",2020-12-12,"13","14  day ahead inc hosp",2020-12-26,"quantile",0.5,363.856672439189
"9673",2020-12-12,"13","14  day ahead inc hosp",2020-12-26,"quantile",0.55,381.246229593058
"9674",2020-12-12,"13","14  day ahead inc hosp",2020-12-26,"quantile",0.6,398.915933222286
"9675",2020-12-12,"13","14  day ahead inc hosp",2020-12-26,"quantile",0.65,417.178974331097
"9676",2020-12-12,"13","14  day ahead inc hosp",2020-12-26,"quantile",0.7,436.42546877536
"9677",2020-12-12,"13","14  day ahead inc hosp",2020-12-26,"quantile",0.75,457.195462403465
"9678",2020-12-12,"13","14  day ahead inc hosp",2020-12-26,"quantile",0.8,480.323835249447
"9679",2020-12-12,"13","14  day ahead inc hosp",2020-12-26,"quantile",0.85,507.282778507962
"9680",2020-12-12,"13","14  day ahead inc hosp",2020-12-26,"quantile",0.9,541.203285000733
"9681",2020-12-12,"13","14  day ahead inc hosp",2020-12-26,"quantile",0.95,591.478585393936
"9682",2020-12-12,"13","14  day ahead inc hosp",2020-12-26,"quantile",0.975,635.084910729463
"9683",2020-12-12,"13","14  day ahead inc hosp",2020-12-26,"quantile",0.99,685.786687737145
"9684",2020-12-12,"13","15  day ahead inc hosp",2020-12-27,"quantile",0.01,42.0576176858836
"9685",2020-12-12,"13","15  day ahead inc hosp",2020-12-27,"quantile",0.025,92.9521480785521
"9686",2020-12-12,"13","15  day ahead inc hosp",2020-12-27,"quantile",0.05,136.724251958961
"9687",2020-12-12,"13","15  day ahead inc hosp",2020-12-27,"quantile",0.1,187.19068439731
"9688",2020-12-12,"13","15  day ahead inc hosp",2020-12-27,"quantile",0.15,221.240146773539
"9689",2020-12-12,"13","15  day ahead inc hosp",2020-12-27,"quantile",0.2,248.301580080243
"9690",2020-12-12,"13","15  day ahead inc hosp",2020-12-27,"quantile",0.25,271.517880261683
"9691",2020-12-12,"13","15  day ahead inc hosp",2020-12-27,"quantile",0.3,292.366835354539
"9692",2020-12-12,"13","15  day ahead inc hosp",2020-12-27,"quantile",0.35,311.686499363504
"9693",2020-12-12,"13","15  day ahead inc hosp",2020-12-27,"quantile",0.4,330.01897123395
"9694",2020-12-12,"13","15  day ahead inc hosp",2020-12-27,"quantile",0.45,347.755849928575
"9695",2020-12-12,"13","15  day ahead inc hosp",2020-12-27,"quantile",0.5,365.211517112558
"9696",2020-12-12,"13","15  day ahead inc hosp",2020-12-27,"quantile",0.55,382.667184296542
"9697",2020-12-12,"13","15  day ahead inc hosp",2020-12-27,"quantile",0.6,400.404062991167
"9698",2020-12-12,"13","15  day ahead inc hosp",2020-12-27,"quantile",0.65,418.736534861613
"9699",2020-12-12,"13","15  day ahead inc hosp",2020-12-27,"quantile",0.7,438.056198870578
"9700",2020-12-12,"13","15  day ahead inc hosp",2020-12-27,"quantile",0.75,458.905153963433
"9701",2020-12-12,"13","15  day ahead inc hosp",2020-12-27,"quantile",0.8,482.121454144874
"9702",2020-12-12,"13","15  day ahead inc hosp",2020-12-27,"quantile",0.85,509.182887451578
"9703",2020-12-12,"13","15  day ahead inc hosp",2020-12-27,"quantile",0.9,543.232349827807
"9704",2020-12-12,"13","15  day ahead inc hosp",2020-12-27,"quantile",0.95,593.698782266156
"9705",2020-12-12,"13","15  day ahead inc hosp",2020-12-27,"quantile",0.975,637.470886146565
"9706",2020-12-12,"13","15  day ahead inc hosp",2020-12-27,"quantile",0.99,688.365416539233
"9707",2020-12-12,"13","16  day ahead inc hosp",2020-12-28,"quantile",0.01,40.8266262257779
"9708",2020-12-12,"13","16  day ahead inc hosp",2020-12-28,"quantile",0.025,91.911700459829
"9709",2020-12-12,"13","16  day ahead inc hosp",2020-12-28,"quantile",0.05,135.847682555724
"9710",2020-12-12,"13","16  day ahead inc hosp",2020-12-28,"quantile",0.1,186.503056081131
"9711",2020-12-12,"13","16  day ahead inc hosp",2020-12-28,"quantile",0.15,220.679996111798
"9712",2020-12-12,"13","16  day ahead inc hosp",2020-12-28,"quantile",0.2,247.842744617125
"9713",2020-12-12,"13","16  day ahead inc hosp",2020-12-28,"quantile",0.25,271.145964217708
"9714",2020-12-12,"13","16  day ahead inc hosp",2020-12-28,"quantile",0.3,292.072975635311
"9715",2020-12-12,"13","16  day ahead inc hosp",2020-12-28,"quantile",0.35,311.464970461873
"9716",2020-12-12,"13","16  day ahead inc hosp",2020-12-28,"quantile",0.4,329.866077204972
"9717",2020-12-12,"13","16  day ahead inc hosp",2020-12-28,"quantile",0.45,347.669360933193
"9718",2020-12-12,"13","16  day ahead inc hosp",2020-12-28,"quantile",0.5,365.190380324054
"9719",2020-12-12,"13","16  day ahead inc hosp",2020-12-28,"quantile",0.55,382.711399714915
"9720",2020-12-12,"13","16  day ahead inc hosp",2020-12-28,"quantile",0.6,400.514683443136
"9721",2020-12-12,"13","16  day ahead inc hosp",2020-12-28,"quantile",0.65,418.915790186235
"9722",2020-12-12,"13","16  day ahead inc hosp",2020-12-28,"quantile",0.7,438.307785012797
"9723",2020-12-12,"13","16  day ahead inc hosp",2020-12-28,"quantile",0.75,459.234796430399
"9724",2020-12-12,"13","16  day ahead inc hosp",2020-12-28,"quantile",0.8,482.538016030982
"9725",2020-12-12,"13","16  day ahead inc hosp",2020-12-28,"quantile",0.85,509.700764536309
"9726",2020-12-12,"13","16  day ahead inc hosp",2020-12-28,"quantile",0.9,543.877704566976
"9727",2020-12-12,"13","16  day ahead inc hosp",2020-12-28,"quantile",0.95,594.533078092383
"9728",2020-12-12,"13","16  day ahead inc hosp",2020-12-28,"quantile",0.975,638.469060188278
"9729",2020-12-12,"13","16  day ahead inc hosp",2020-12-28,"quantile",0.99,689.55413442233
"9730",2020-12-12,"13","17  day ahead inc hosp",2020-12-29,"quantile",0.01,39.6138603724739
"9731",2020-12-12,"13","17  day ahead inc hosp",2020-12-29,"quantile",0.025,90.8878454305095
"9732",2020-12-12,"13","17  day ahead inc hosp",2020-12-29,"quantile",0.05,134.986301256839
"9733",2020-12-12,"13","17  day ahead inc hosp",2020-12-29,"quantile",0.1,185.828996587987
"9734",2020-12-12,"13","17  day ahead inc hosp",2020-12-29,"quantile",0.15,220.132321751675
"9735",2020-12-12,"13","17  day ahead inc hosp",2020-12-29,"quantile",0.2,247.395517154237
"9736",2020-12-12,"13","17  day ahead inc hosp",2020-12-29,"quantile",0.25,270.784911248686
"9737",2020-12-12,"13","17  day ahead inc hosp",2020-12-29,"quantile",0.3,291.789310025115
"9738",2020-12-12,"13","17  day ahead inc hosp",2020-12-29,"quantile",0.35,311.253015772652
"9739",2020-12-12,"13","17  day ahead inc hosp",2020-12-29,"quantile",0.4,329.72216916713
"9740",2020-12-12,"13","17  day ahead inc hosp",2020-12-29,"quantile",0.45,347.591288818057
"9741",2020-12-12,"13","17  day ahead inc hosp",2020-12-29,"quantile",0.5,365.177100327943
"9742",2020-12-12,"13","17  day ahead inc hosp",2020-12-29,"quantile",0.55,382.762911837829
"9743",2020-12-12,"13","17  day ahead inc hosp",2020-12-29,"quantile",0.6,400.632031488757
"9744",2020-12-12,"13","17  day ahead inc hosp",2020-12-29,"quantile",0.65,419.101184883235
"9745",2020-12-12,"13","17  day ahead inc hosp",2020-12-29,"quantile",0.7,438.564890630771
"9746",2020-12-12,"13","17  day ahead inc hosp",2020-12-29,"quantile",0.75,459.569289407201
"9747",2020-12-12,"13","17  day ahead inc hosp",2020-12-29,"quantile",0.8,482.95868350165
"9748",2020-12-12,"13","17  day ahead inc hosp",2020-12-29,"quantile",0.85,510.221878904212
"9749",2020-12-12,"13","17  day ahead inc hosp",2020-12-29,"quantile",0.9,544.5252040679
"9750",2020-12-12,"13","17  day ahead inc hosp",2020-12-29,"quantile",0.95,595.367899399048
"9751",2020-12-12,"13","17  day ahead inc hosp",2020-12-29,"quantile",0.975,639.466355225377
"9752",2020-12-12,"13","17  day ahead inc hosp",2020-12-29,"quantile",0.99,690.740340283413
"9753",2020-12-12,"13","18  day ahead inc hosp",2020-12-30,"quantile",0.01,38.4141030666617
"9754",2020-12-12,"13","18  day ahead inc hosp",2020-12-30,"quantile",0.025,89.8757276296696
"9755",2020-12-12,"13","18  day ahead inc hosp",2020-12-30,"quantile",0.05,134.135563781947
"9756",2020-12-12,"13","18  day ahead inc hosp",2020-12-30,"quantile",0.1,185.164320293488
"9757",2020-12-12,"13","18  day ahead inc hosp",2020-12-30,"quantile",0.15,219.59318005226
"9758",2020-12-12,"13","18  day ahead inc hosp",2020-12-30,"quantile",0.2,246.956146371468
"9759",2020-12-12,"13","18  day ahead inc hosp",2020-12-30,"quantile",0.25,270.431135028628
"9760",2020-12-12,"13","18  day ahead inc hosp",2020-12-30,"quantile",0.3,291.512400367783
"9761",2020-12-12,"13","18  day ahead inc hosp",2020-12-30,"quantile",0.35,311.047334441093
"9762",2020-12-12,"13","18  day ahead inc hosp",2020-12-30,"quantile",0.4,329.584076551295
"9763",2020-12-12,"13","18  day ahead inc hosp",2020-12-30,"quantile",0.45,347.518589066886
"9764",2020-12-12,"13","18  day ahead inc hosp",2020-12-30,"quantile",0.5,365.16875666227
"9765",2020-12-12,"13","18  day ahead inc hosp",2020-12-30,"quantile",0.55,382.818924257655
"9766",2020-12-12,"13","18  day ahead inc hosp",2020-12-30,"quantile",0.6,400.753436773245
"9767",2020-12-12,"13","18  day ahead inc hosp",2020-12-30,"quantile",0.65,419.290178883448
"9768",2020-12-12,"13","18  day ahead inc hosp",2020-12-30,"quantile",0.7,438.825112956757
"9769",2020-12-12,"13","18  day ahead inc hosp",2020-12-30,"quantile",0.75,459.906378295912
"9770",2020-12-12,"13","18  day ahead inc hosp",2020-12-30,"quantile",0.8,483.381366953072
"9771",2020-12-12,"13","18  day ahead inc hosp",2020-12-30,"quantile",0.85,510.74433327228
"9772",2020-12-12,"13","18  day ahead inc hosp",2020-12-30,"quantile",0.9,545.173193031052
"9773",2020-12-12,"13","18  day ahead inc hosp",2020-12-30,"quantile",0.95,596.201949542594
"9774",2020-12-12,"13","18  day ahead inc hosp",2020-12-30,"quantile",0.975,640.461785694871
"9775",2020-12-12,"13","18  day ahead inc hosp",2020-12-30,"quantile",0.99,691.923410257878
"9776",2020-12-12,"13","19  day ahead inc hosp",2020-12-31,"quantile",0.01,37.2240696269272
"9777",2020-12-12,"13","19  day ahead inc hosp",2020-12-31,"quantile",0.025,88.8722907078237
"9778",2020-12-12,"13","19  day ahead inc hosp",2020-12-31,"quantile",0.05,133.292610159617
"9779",2020-12-12,"13","19  day ahead inc hosp",2020-12-31,"quantile",0.1,184.506393637526
"9780",2020-12-12,"13","19  day ahead inc hosp",2020-12-31,"quantile",0.15,219.060090212089
"9781",2020-12-12,"13","19  day ahead inc hosp",2020-12-31,"quantile",0.2,246.522272875079
"9782",2020-12-12,"13","19  day ahead inc hosp",2020-12-31,"quantile",0.25,270.082380320814
"9783",2020-12-12,"13","19  day ahead inc hosp",2020-12-31,"quantile",0.3,291.240084962816
"9784",2020-12-12,"13","19  day ahead inc hosp",2020-12-31,"quantile",0.35,310.845851441947
"9785",2020-12-12,"13","19  day ahead inc hosp",2020-12-31,"quantile",0.4,329.449806578558
"9786",2020-12-12,"13","19  day ahead inc hosp",2020-12-31,"quantile",0.45,347.449348475048
"9787",2020-12-12,"13","19  day ahead inc hosp",2020-12-31,"quantile",0.5,365.163514435067
"9788",2020-12-12,"13","19  day ahead inc hosp",2020-12-31,"quantile",0.55,382.877680395086
"9789",2020-12-12,"13","19  day ahead inc hosp",2020-12-31,"quantile",0.6,400.877222291576
"9790",2020-12-12,"13","19  day ahead inc hosp",2020-12-31,"quantile",0.65,419.481177428187
"9791",2020-12-12,"13","19  day ahead inc hosp",2020-12-31,"quantile",0.7,439.086943907318
"9792",2020-12-12,"13","19  day ahead inc hosp",2020-12-31,"quantile",0.75,460.24464854932
"9793",2020-12-12,"13","19  day ahead inc hosp",2020-12-31,"quantile",0.8,483.804755995055
"9794",2020-12-12,"13","19  day ahead inc hosp",2020-12-31,"quantile",0.85,511.266938658045
"9795",2020-12-12,"13","19  day ahead inc hosp",2020-12-31,"quantile",0.9,545.820635232608
"9796",2020-12-12,"13","19  day ahead inc hosp",2020-12-31,"quantile",0.95,597.034418710517
"9797",2020-12-12,"13","19  day ahead inc hosp",2020-12-31,"quantile",0.975,641.45473816231
"9798",2020-12-12,"13","19  day ahead inc hosp",2020-12-31,"quantile",0.99,693.102959243206
"9799",2020-12-12,"13","20  day ahead inc hosp",2021-01-01,"quantile",0.01,36.0416848861664
"9800",2020-12-12,"13","20  day ahead inc hosp",2021-01-01,"quantile",0.025,87.8756047579118
"9801",2020-12-12,"13","20  day ahead inc hosp",2021-01-01,"quantile",0.05,132.455635414441
"9802",2020-12-12,"13","20  day ahead inc hosp",2021-01-01,"quantile",0.1,183.853555682885
"9803",2020-12-12,"13","20  day ahead inc hosp",2021-01-01,"quantile",0.15,218.53148847583
"9804",2020-12-12,"13","20  day ahead inc hosp",2021-01-01,"quantile",0.2,246.092410146822
"9805",2020-12-12,"13","20  day ahead inc hosp",2021-01-01,"quantile",0.25,269.737226869534
"9806",2020-12-12,"13","20  day ahead inc hosp",2021-01-01,"quantile",0.3,290.971003060312
"9807",2020-12-12,"13","20  day ahead inc hosp",2021-01-01,"quantile",0.35,310.647261166312
"9808",2020-12-12,"13","20  day ahead inc hosp",2021-01-01,"quantile",0.4,329.318105963429
"9809",2020-12-12,"13","20  day ahead inc hosp",2021-01-01,"quantile",0.45,347.382364380567
"9810",2020-12-12,"13","20  day ahead inc hosp",2021-01-01,"quantile",0.5,365.160220805249
"9811",2020-12-12,"13","20  day ahead inc hosp",2021-01-01,"quantile",0.55,382.938077229931
"9812",2020-12-12,"13","20  day ahead inc hosp",2021-01-01,"quantile",0.6,401.002335647069
"9813",2020-12-12,"13","20  day ahead inc hosp",2021-01-01,"quantile",0.65,419.673180444187
"9814",2020-12-12,"13","20  day ahead inc hosp",2021-01-01,"quantile",0.7,439.349438550186
"9815",2020-12-12,"13","20  day ahead inc hosp",2021-01-01,"quantile",0.75,460.583214740964
"9816",2020-12-12,"13","20  day ahead inc hosp",2021-01-01,"quantile",0.8,484.228031463677
"9817",2020-12-12,"13","20  day ahead inc hosp",2021-01-01,"quantile",0.85,511.788953134669
"9818",2020-12-12,"13","20  day ahead inc hosp",2021-01-01,"quantile",0.9,546.466885927614
"9819",2020-12-12,"13","20  day ahead inc hosp",2021-01-01,"quantile",0.95,597.864806196057
"9820",2020-12-12,"13","20  day ahead inc hosp",2021-01-01,"quantile",0.975,642.444836852587
"9821",2020-12-12,"13","20  day ahead inc hosp",2021-01-01,"quantile",0.99,694.278756724332
"9822",2020-12-12,"13","21  day ahead inc hosp",2021-01-02,"quantile",0.01,34.8656315146744
"9823",2020-12-12,"13","21  day ahead inc hosp",2021-01-02,"quantile",0.025,86.8844458457519
"9824",2020-12-12,"13","21  day ahead inc hosp",2021-01-02,"quantile",0.05,131.62349593754
"9825",2020-12-12,"13","21  day ahead inc hosp",2021-01-02,"quantile",0.1,183.204755430614
"9826",2020-12-12,"13","21  day ahead inc hosp",2021-01-02,"quantile",0.15,218.006386328012
"9827",2020-12-12,"13","21  day ahead inc hosp",2021-01-02,"quantile",0.2,245.665619331114
"9828",2020-12-12,"13","21  day ahead inc hosp",2021-01-02,"quantile",0.25,269.39477842297
"9829",2020-12-12,"13","21  day ahead inc hosp",2021-01-02,"quantile",0.3,290.704296667949
"9830",2020-12-12,"13","21  day ahead inc hosp",2021-01-02,"quantile",0.35,310.450741074988
"9831",2020-12-12,"13","21  day ahead inc hosp",2021-01-02,"quantile",0.4,329.188185808259
"9832",2020-12-12,"13","21  day ahead inc hosp",2021-01-02,"quantile",0.45,347.31688043438
"9833",2020-12-12,"13","21  day ahead inc hosp",2021-01-02,"quantile",0.5,365.158151456296
"9834",2020-12-12,"13","21  day ahead inc hosp",2021-01-02,"quantile",0.55,382.999422478212
"9835",2020-12-12,"13","21  day ahead inc hosp",2021-01-02,"quantile",0.6,401.128117104333
"9836",2020-12-12,"13","21  day ahead inc hosp",2021-01-02,"quantile",0.65,419.865561837604
"9837",2020-12-12,"13","21  day ahead inc hosp",2021-01-02,"quantile",0.7,439.612006244643
"9838",2020-12-12,"13","21  day ahead inc hosp",2021-01-02,"quantile",0.75,460.921524489622
"9839",2020-12-12,"13","21  day ahead inc hosp",2021-01-02,"quantile",0.8,484.650683581478
"9840",2020-12-12,"13","21  day ahead inc hosp",2021-01-02,"quantile",0.85,512.30991658458
"9841",2020-12-12,"13","21  day ahead inc hosp",2021-01-02,"quantile",0.9,547.111547481978
"9842",2020-12-12,"13","21  day ahead inc hosp",2021-01-02,"quantile",0.95,598.692806975052
"9843",2020-12-12,"13","21  day ahead inc hosp",2021-01-02,"quantile",0.975,643.43185706684
"9844",2020-12-12,"13","21  day ahead inc hosp",2021-01-02,"quantile",0.99,695.450671397918
"9845",2020-12-12,"13","22  day ahead inc hosp",2021-01-03,"quantile",0.01,34.2362452265503
"9846",2020-12-12,"13","22  day ahead inc hosp",2021-01-03,"quantile",0.025,86.4392106426534
"9847",2020-12-12,"13","22  day ahead inc hosp",2021-01-03,"quantile",0.05,131.336640826786
"9848",2020-12-12,"13","22  day ahead inc hosp",2021-01-03,"quantile",0.1,183.100502423056
"9849",2020-12-12,"13","22  day ahead inc hosp",2021-01-03,"quantile",0.15,218.025334092576
"9850",2020-12-12,"13","22  day ahead inc hosp",2021-01-03,"quantile",0.2,245.782483163815
"9851",2020-12-12,"13","22  day ahead inc hosp",2021-01-03,"quantile",0.25,269.595645523521
"9852",2020-12-12,"13","22  day ahead inc hosp",2021-01-03,"quantile",0.3,290.98060129926
"9853",2020-12-12,"13","22  day ahead inc hosp",2021-01-03,"quantile",0.35,310.796949820987
"9854",2020-12-12,"13","22  day ahead inc hosp",2021-01-03,"quantile",0.4,329.60072672316
"9855",2020-12-12,"13","22  day ahead inc hosp",2021-01-03,"quantile",0.45,347.793598490349
"9856",2020-12-12,"13","22  day ahead inc hosp",2021-01-03,"quantile",0.5,365.698029149007
"9857",2020-12-12,"13","22  day ahead inc hosp",2021-01-03,"quantile",0.55,383.602459807665
"9858",2020-12-12,"13","22  day ahead inc hosp",2021-01-03,"quantile",0.6,401.795331574854
"9859",2020-12-12,"13","22  day ahead inc hosp",2021-01-03,"quantile",0.65,420.599108477026
"9860",2020-12-12,"13","22  day ahead inc hosp",2021-01-03,"quantile",0.7,440.415456998753
"9861",2020-12-12,"13","22  day ahead inc hosp",2021-01-03,"quantile",0.75,461.800412774492
"9862",2020-12-12,"13","22  day ahead inc hosp",2021-01-03,"quantile",0.8,485.613575134198
"9863",2020-12-12,"13","22  day ahead inc hosp",2021-01-03,"quantile",0.85,513.370724205438
"9864",2020-12-12,"13","22  day ahead inc hosp",2021-01-03,"quantile",0.9,548.295555874957
"9865",2020-12-12,"13","22  day ahead inc hosp",2021-01-03,"quantile",0.95,600.059417471227
"9866",2020-12-12,"13","22  day ahead inc hosp",2021-01-03,"quantile",0.975,644.95684765536
"9867",2020-12-12,"13","22  day ahead inc hosp",2021-01-03,"quantile",0.99,697.159813071463
"9868",2020-12-12,"13","23  day ahead inc hosp",2021-01-04,"quantile",0.01,33.0706263989749
"9869",2020-12-12,"13","23  day ahead inc hosp",2021-01-04,"quantile",0.025,85.4570401623303
"9870",2020-12-12,"13","23  day ahead inc hosp",2021-01-04,"quantile",0.05,130.512246045554
"9871",2020-12-12,"13","23  day ahead inc hosp",2021-01-04,"quantile",0.1,182.458012918307
"9872",2020-12-12,"13","23  day ahead inc hosp",2021-01-04,"quantile",0.15,217.505575214272
"9873",2020-12-12,"13","23  day ahead inc hosp",2021-01-04,"quantile",0.2,245.36026669677
"9874",2020-12-12,"13","23  day ahead inc hosp",2021-01-04,"quantile",0.25,269.257111759995
"9875",2020-12-12,"13","23  day ahead inc hosp",2021-01-04,"quantile",0.3,290.717217189817
"9876",2020-12-12,"13","23  day ahead inc hosp",2021-01-04,"quantile",0.35,310.603203065589
"9877",2020-12-12,"13","23  day ahead inc hosp",2021-01-04,"quantile",0.4,329.473059006899
"9878",2020-12-12,"13","23  day ahead inc hosp",2021-01-04,"quantile",0.45,347.729863009179
"9879",2020-12-12,"13","23  day ahead inc hosp",2021-01-04,"quantile",0.5,365.697212281495
"9880",2020-12-12,"13","23  day ahead inc hosp",2021-01-04,"quantile",0.55,383.664561553812
"9881",2020-12-12,"13","23  day ahead inc hosp",2021-01-04,"quantile",0.6,401.921365556092
"9882",2020-12-12,"13","23  day ahead inc hosp",2021-01-04,"quantile",0.65,420.791221497401
"9883",2020-12-12,"13","23  day ahead inc hosp",2021-01-04,"quantile",0.7,440.677207373174
"9884",2020-12-12,"13","23  day ahead inc hosp",2021-01-04,"quantile",0.75,462.137312802995
"9885",2020-12-12,"13","23  day ahead inc hosp",2021-01-04,"quantile",0.8,486.034157866221
"9886",2020-12-12,"13","23  day ahead inc hosp",2021-01-04,"quantile",0.85,513.888849348719
"9887",2020-12-12,"13","23  day ahead inc hosp",2021-01-04,"quantile",0.9,548.936411644684
"9888",2020-12-12,"13","23  day ahead inc hosp",2021-01-04,"quantile",0.95,600.882178517437
"9889",2020-12-12,"13","23  day ahead inc hosp",2021-01-04,"quantile",0.975,645.93738440066
"9890",2020-12-12,"13","23  day ahead inc hosp",2021-01-04,"quantile",0.99,698.323798164016
"9891",2020-12-12,"13","24  day ahead inc hosp",2021-01-05,"quantile",0.01,31.90959617752
"9892",2020-12-12,"13","24  day ahead inc hosp",2021-01-05,"quantile",0.025,84.4787834351321
"9893",2020-12-12,"13","24  day ahead inc hosp",2021-01-05,"quantile",0.05,129.691184606641
"9894",2020-12-12,"13","24  day ahead inc hosp",2021-01-05,"quantile",0.1,181.818187579388
"9895",2020-12-12,"13","24  day ahead inc hosp",2021-01-05,"quantile",0.15,216.988029011599
"9896",2020-12-12,"13","24  day ahead inc hosp",2021-01-05,"quantile",0.2,244.939904075258
"9897",2020-12-12,"13","24  day ahead inc hosp",2021-01-05,"quantile",0.25,268.920123997729
"9898",2020-12-12,"13","24  day ahead inc hosp",2021-01-05,"quantile",0.3,290.455102627962
"9899",2020-12-12,"13","24  day ahead inc hosp",2021-01-05,"quantile",0.35,310.410469682253
"9900",2020-12-12,"13","24  day ahead inc hosp",2021-01-05,"quantile",0.4,329.346161577176
"9901",2020-12-12,"13","24  day ahead inc hosp",2021-01-05,"quantile",0.45,347.666662626491
"9902",2020-12-12,"13","24  day ahead inc hosp",2021-01-05,"quantile",0.5,365.696699053226
"9903",2020-12-12,"13","24  day ahead inc hosp",2021-01-05,"quantile",0.55,383.726735479962
"9904",2020-12-12,"13","24  day ahead inc hosp",2021-01-05,"quantile",0.6,402.047236529277
"9905",2020-12-12,"13","24  day ahead inc hosp",2021-01-05,"quantile",0.65,420.9829284242
"9906",2020-12-12,"13","24  day ahead inc hosp",2021-01-05,"quantile",0.7,440.93829547849
"9907",2020-12-12,"13","24  day ahead inc hosp",2021-01-05,"quantile",0.75,462.473274108723
"9908",2020-12-12,"13","24  day ahead inc hosp",2021-01-05,"quantile",0.8,486.453494031194
"9909",2020-12-12,"13","24  day ahead inc hosp",2021-01-05,"quantile",0.85,514.405369094854
"9910",2020-12-12,"13","24  day ahead inc hosp",2021-01-05,"quantile",0.9,549.575210527065
"9911",2020-12-12,"13","24  day ahead inc hosp",2021-01-05,"quantile",0.95,601.702213499812
"9912",2020-12-12,"13","24  day ahead inc hosp",2021-01-05,"quantile",0.975,646.914614671321
"9913",2020-12-12,"13","24  day ahead inc hosp",2021-01-05,"quantile",0.99,699.483801928933
"9914",2020-12-12,"13","25  day ahead inc hosp",2021-01-06,"quantile",0.01,30.7529155633425
"9915",2020-12-12,"13","25  day ahead inc hosp",2021-01-06,"quantile",0.025,83.504221327234
"9916",2020-12-12,"13","25  day ahead inc hosp",2021-01-06,"quantile",0.05,128.873254461233
"9917",2020-12-12,"13","25  day ahead inc hosp",2021-01-06,"quantile",0.1,181.180844055411
"9918",2020-12-12,"13","25  day ahead inc hosp",2021-01-06,"quantile",0.15,216.472526423764
"9919",2020-12-12,"13","25  day ahead inc hosp",2021-01-06,"quantile",0.2,244.521236801033
"9920",2020-12-12,"13","25  day ahead inc hosp",2021-01-06,"quantile",0.25,268.584532800202
"9921",2020-12-12,"13","25  day ahead inc hosp",2021-01-06,"quantile",0.3,290.194116314883
"9922",2020-12-12,"13","25  day ahead inc hosp",2021-01-06,"quantile",0.35,310.218615912966
"9923",2020-12-12,"13","25  day ahead inc hosp",2021-01-06,"quantile",0.4,329.219907831461
"9924",2020-12-12,"13","25  day ahead inc hosp",2021-01-06,"quantile",0.45,347.603877662765
"9925",2020-12-12,"13","25  day ahead inc hosp",2021-01-06,"quantile",0.5,365.696376597929
"9926",2020-12-12,"13","25  day ahead inc hosp",2021-01-06,"quantile",0.55,383.788875533094
"9927",2020-12-12,"13","25  day ahead inc hosp",2021-01-06,"quantile",0.6,402.172845364398
"9928",2020-12-12,"13","25  day ahead inc hosp",2021-01-06,"quantile",0.65,421.174137282893
"9929",2020-12-12,"13","25  day ahead inc hosp",2021-01-06,"quantile",0.7,441.198636880976
"9930",2020-12-12,"13","25  day ahead inc hosp",2021-01-06,"quantile",0.75,462.808220395657
"9931",2020-12-12,"13","25  day ahead inc hosp",2021-01-06,"quantile",0.8,486.871516394825
"9932",2020-12-12,"13","25  day ahead inc hosp",2021-01-06,"quantile",0.85,514.920226772094
"9933",2020-12-12,"13","25  day ahead inc hosp",2021-01-06,"quantile",0.9,550.211909140448
"9934",2020-12-12,"13","25  day ahead inc hosp",2021-01-06,"quantile",0.95,602.519498734626
"9935",2020-12-12,"13","25  day ahead inc hosp",2021-01-06,"quantile",0.975,647.888531868625
"9936",2020-12-12,"13","25  day ahead inc hosp",2021-01-06,"quantile",0.99,700.639837632516
"9937",2020-12-12,"13","26  day ahead inc hosp",2021-01-07,"quantile",0.01,29.6004196361548
"9938",2020-12-12,"13","26  day ahead inc hosp",2021-01-07,"quantile",0.025,82.533203723924
"9939",2020-12-12,"13","26  day ahead inc hosp",2021-01-07,"quantile",0.05,128.058318228229
"9940",2020-12-12,"13","26  day ahead inc hosp",2021-01-07,"quantile",0.1,180.545859646314
"9941",2020-12-12,"13","26  day ahead inc hosp",2021-01-07,"quantile",0.15,215.958954655933
"9942",2020-12-12,"13","26  day ahead inc hosp",2021-01-07,"quantile",0.2,244.104159951622
"9943",2020-12-12,"13","26  day ahead inc hosp",2021-01-07,"quantile",0.25,268.250239998724
"9944",2020-12-12,"13","26  day ahead inc hosp",2021-01-07,"quantile",0.3,289.934166146997
"9945",2020-12-12,"13","26  day ahead inc hosp",2021-01-07,"quantile",0.35,310.027555274371
"9946",2020-12-12,"13","26  day ahead inc hosp",2021-01-07,"quantile",0.4,329.094216619441
"9947",2020-12-12,"13","26  day ahead inc hosp",2021-01-07,"quantile",0.45,347.541432127471
"9948",2020-12-12,"13","26  day ahead inc hosp",2021-01-07,"quantile",0.5,365.696174003051
"9949",2020-12-12,"13","26  day ahead inc hosp",2021-01-07,"quantile",0.55,383.850915878632
"9950",2020-12-12,"13","26  day ahead inc hosp",2021-01-07,"quantile",0.6,402.298131386661
"9951",2020-12-12,"13","26  day ahead inc hosp",2021-01-07,"quantile",0.65,421.364792731732
"9952",2020-12-12,"13","26  day ahead inc hosp",2021-01-07,"quantile",0.7,441.458181859105
"9953",2020-12-12,"13","26  day ahead inc hosp",2021-01-07,"quantile",0.75,463.142108007379
"9954",2020-12-12,"13","26  day ahead inc hosp",2021-01-07,"quantile",0.8,487.288188054481
"9955",2020-12-12,"13","26  day ahead inc hosp",2021-01-07,"quantile",0.85,515.433393350169
"9956",2020-12-12,"13","26  day ahead inc hosp",2021-01-07,"quantile",0.9,550.846488359789
"9957",2020-12-12,"13","26  day ahead inc hosp",2021-01-07,"quantile",0.95,603.334029777873
"9958",2020-12-12,"13","26  day ahead inc hosp",2021-01-07,"quantile",0.975,648.859144282179
"9959",2020-12-12,"13","26  day ahead inc hosp",2021-01-07,"quantile",0.99,701.791928369948
"9960",2020-12-12,"13","27  day ahead inc hosp",2021-01-08,"quantile",0.01,28.4519901942795
"9961",2020-12-12,"13","27  day ahead inc hosp",2021-01-08,"quantile",0.025,81.5656240226053
"9962",2020-12-12,"13","27  day ahead inc hosp",2021-01-08,"quantile",0.05,127.246279280884
"9963",2020-12-12,"13","27  day ahead inc hosp",2021-01-08,"quantile",0.1,179.913149226865
"9964",2020-12-12,"13","27  day ahead inc hosp",2021-01-08,"quantile",0.15,215.447236342892
"9965",2020-12-12,"13","27  day ahead inc hosp",2021-01-08,"quantile",0.2,243.688602329226
"9966",2020-12-12,"13","27  day ahead inc hosp",2021-01-08,"quantile",0.25,267.91717968659
"9967",2020-12-12,"13","27  day ahead inc hosp",2021-01-08,"quantile",0.3,289.675190969167
"9968",2020-12-12,"13","27  day ahead inc hosp",2021-01-08,"quantile",0.35,309.837231014364
"9969",2020-12-12,"13","27  day ahead inc hosp",2021-01-08,"quantile",0.4,328.969035367062
"9970",2020-12-12,"13","27  day ahead inc hosp",2021-01-08,"quantile",0.45,347.479277488864
"9971",2020-12-12,"13","27  day ahead inc hosp",2021-01-08,"quantile",0.5,365.696046715067
"9972",2020-12-12,"13","27  day ahead inc hosp",2021-01-08,"quantile",0.55,383.912815941271
"9973",2020-12-12,"13","27  day ahead inc hosp",2021-01-08,"quantile",0.6,402.423058063073
"9974",2020-12-12,"13","27  day ahead inc hosp",2021-01-08,"quantile",0.65,421.554862415771
"9975",2020-12-12,"13","27  day ahead inc hosp",2021-01-08,"quantile",0.7,441.716902460968
"9976",2020-12-12,"13","27  day ahead inc hosp",2021-01-08,"quantile",0.75,463.474913743545
"9977",2020-12-12,"13","27  day ahead inc hosp",2021-01-08,"quantile",0.8,487.703491100909
"9978",2020-12-12,"13","27  day ahead inc hosp",2021-01-08,"quantile",0.85,515.944857087243
"9979",2020-12-12,"13","27  day ahead inc hosp",2021-01-08,"quantile",0.9,551.47894420327
"9980",2020-12-12,"13","27  day ahead inc hosp",2021-01-08,"quantile",0.95,604.145814149251
"9981",2020-12-12,"13","27  day ahead inc hosp",2021-01-08,"quantile",0.975,649.82646940753
"9982",2020-12-12,"13","27  day ahead inc hosp",2021-01-08,"quantile",0.99,702.940103235856
"9983",2020-12-12,"13","28  day ahead inc hosp",2021-01-09,"quantile",0.01,27.3075385886914
"9984",2020-12-12,"13","28  day ahead inc hosp",2021-01-09,"quantile",0.025,80.601403127248
"9985",2020-12-12,"13","28  day ahead inc hosp",2021-01-09,"quantile",0.05,126.437066739269
"9986",2020-12-12,"13","28  day ahead inc hosp",2021-01-09,"quantile",0.1,179.282651389777
"9987",2020-12-12,"13","28  day ahead inc hosp",2021-01-09,"quantile",0.15,214.937316468499
"9988",2020-12-12,"13","28  day ahead inc hosp",2021-01-09,"quantile",0.2,243.274513997182
"9989",2020-12-12,"13","28  day ahead inc hosp",2021-01-09,"quantile",0.25,267.585306284881
"9990",2020-12-12,"13","28  day ahead inc hosp",2021-01-09,"quantile",0.3,289.417149115858
"9991",2020-12-12,"13","28  day ahead inc hosp",2021-01-09,"quantile",0.35,309.647605093747
"9992",2020-12-12,"13","28  day ahead inc hosp",2021-01-09,"quantile",0.4,328.844329476161
"9993",2020-12-12,"13","28  day ahead inc hosp",2021-01-09,"quantile",0.45,347.417382478027
"9994",2020-12-12,"13","28  day ahead inc hosp",2021-01-09,"quantile",0.5,365.695966741521
"9995",2020-12-12,"13","28  day ahead inc hosp",2021-01-09,"quantile",0.55,383.974551005016
"9996",2020-12-12,"13","28  day ahead inc hosp",2021-01-09,"quantile",0.6,402.547604006882
"9997",2020-12-12,"13","28  day ahead inc hosp",2021-01-09,"quantile",0.65,421.744328389296
"9998",2020-12-12,"13","28  day ahead inc hosp",2021-01-09,"quantile",0.7,441.974784367185
"9999",2020-12-12,"13","28  day ahead inc hosp",2021-01-09,"quantile",0.75,463.806627198161
"10000",2020-12-12,"13","28  day ahead inc hosp",2021-01-09,"quantile",0.8,488.11741948586
"10001",2020-12-12,"13","28  day ahead inc hosp",2021-01-09,"quantile",0.85,516.454617014544
"10002",2020-12-12,"13","28  day ahead inc hosp",2021-01-09,"quantile",0.9,552.109282093266
"10003",2020-12-12,"13","28  day ahead inc hosp",2021-01-09,"quantile",0.95,604.954866743774
"10004",2020-12-12,"13","28  day ahead inc hosp",2021-01-09,"quantile",0.975,650.790530355795
"10005",2020-12-12,"13","28  day ahead inc hosp",2021-01-09,"quantile",0.99,704.084394894351
"10006",2020-12-12,"13","29  day ahead inc hosp",2021-01-10,"quantile",0.01,26.3079232144057
"10007",2020-12-12,"13","29  day ahead inc hosp",2021-01-10,"quantile",0.025,79.7814076669171
"10008",2020-12-12,"13","29  day ahead inc hosp",2021-01-10,"quantile",0.05,125.771554314187
"10009",2020-12-12,"13","29  day ahead inc hosp",2021-01-10,"quantile",0.1,178.795248010642
"10010",2020-12-12,"13","29  day ahead inc hosp",2021-01-10,"quantile",0.15,214.57008241709
"10011",2020-12-12,"13","29  day ahead inc hosp",2021-01-10,"quantile",0.2,243.002786718005
"10012",2020-12-12,"13","29  day ahead inc hosp",2021-01-10,"quantile",0.25,267.395515312195
"10013",2020-12-12,"13","29  day ahead inc hosp",2021-01-10,"quantile",0.3,289.300939478748
"10014",2020-12-12,"13","29  day ahead inc hosp",2021-01-10,"quantile",0.35,309.59957952986
"10015",2020-12-12,"13","29  day ahead inc hosp",2021-01-10,"quantile",0.4,328.861003930026
"10016",2020-12-12,"13","29  day ahead inc hosp",2021-01-10,"quantile",0.45,347.496654947836
"10017",2020-12-12,"13","29  day ahead inc hosp",2021-01-10,"quantile",0.5,365.836844759381
"10018",2020-12-12,"13","29  day ahead inc hosp",2021-01-10,"quantile",0.55,384.177034570926
"10019",2020-12-12,"13","29  day ahead inc hosp",2021-01-10,"quantile",0.6,402.812685588736
"10020",2020-12-12,"13","29  day ahead inc hosp",2021-01-10,"quantile",0.65,422.074109988903
"10021",2020-12-12,"13","29  day ahead inc hosp",2021-01-10,"quantile",0.7,442.372750040015
"10022",2020-12-12,"13","29  day ahead inc hosp",2021-01-10,"quantile",0.75,464.278174206567
"10023",2020-12-12,"13","29  day ahead inc hosp",2021-01-10,"quantile",0.8,488.670902800757
"10024",2020-12-12,"13","29  day ahead inc hosp",2021-01-10,"quantile",0.85,517.103607101672
"10025",2020-12-12,"13","29  day ahead inc hosp",2021-01-10,"quantile",0.9,552.87844150812
"10026",2020-12-12,"13","29  day ahead inc hosp",2021-01-10,"quantile",0.95,605.902135204575
"10027",2020-12-12,"13","29  day ahead inc hosp",2021-01-10,"quantile",0.975,651.892281851845
"10028",2020-12-12,"13","29  day ahead inc hosp",2021-01-10,"quantile",0.99,705.365766304357
"10029",2020-12-12,"13","30  day ahead inc hosp",2021-01-11,"quantile",0.01,25.1712296901714
"10030",2020-12-12,"13","30  day ahead inc hosp",2021-01-11,"quantile",0.025,78.8237306314729
"10031",2020-12-12,"13","30  day ahead inc hosp",2021-01-11,"quantile",0.05,124.96784133506
"10032",2020-12-12,"13","30  day ahead inc hosp",2021-01-11,"quantile",0.1,178.169045727993
"10033",2020-12-12,"13","30  day ahead inc hosp",2021-01-11,"quantile",0.15,214.06364575862
"10034",2020-12-12,"13","30  day ahead inc hosp",2021-01-11,"quantile",0.2,242.591535980985
"10035",2020-12-12,"13","30  day ahead inc hosp",2021-01-11,"quantile",0.25,267.065925620264
"10036",2020-12-12,"13","30  day ahead inc hosp",2021-01-11,"quantile",0.3,289.044683929147
"10037",2020-12-12,"13","30  day ahead inc hosp",2021-01-11,"quantile",0.35,309.4112789921
"10038",2020-12-12,"13","30  day ahead inc hosp",2021-01-11,"quantile",0.4,328.737186053169
"10039",2020-12-12,"13","30  day ahead inc hosp",2021-01-11,"quantile",0.45,347.435224791654
"10040",2020-12-12,"13","30  day ahead inc hosp",2021-01-11,"quantile",0.5,365.836813190132
"10041",2020-12-12,"13","30  day ahead inc hosp",2021-01-11,"quantile",0.55,384.238401588611
"10042",2020-12-12,"13","30  day ahead inc hosp",2021-01-11,"quantile",0.6,402.936440327096
"10043",2020-12-12,"13","30  day ahead inc hosp",2021-01-11,"quantile",0.65,422.262347388165
"10044",2020-12-12,"13","30  day ahead inc hosp",2021-01-11,"quantile",0.7,442.628942451118
"10045",2020-12-12,"13","30  day ahead inc hosp",2021-01-11,"quantile",0.75,464.607700760001
"10046",2020-12-12,"13","30  day ahead inc hosp",2021-01-11,"quantile",0.8,489.08209039928
"10047",2020-12-12,"13","30  day ahead inc hosp",2021-01-11,"quantile",0.85,517.609980621645
"10048",2020-12-12,"13","30  day ahead inc hosp",2021-01-11,"quantile",0.9,553.504580652272
"10049",2020-12-12,"13","30  day ahead inc hosp",2021-01-11,"quantile",0.95,606.705785045205
"10050",2020-12-12,"13","30  day ahead inc hosp",2021-01-11,"quantile",0.975,652.849895748792
"10051",2020-12-12,"13","30  day ahead inc hosp",2021-01-11,"quantile",0.99,706.502396690094
"10052",2020-12-12,"13","31  day ahead inc hosp",2021-01-12,"quantile",0.01,24.0383361964076
"10053",2020-12-12,"13","31  day ahead inc hosp",2021-01-12,"quantile",0.025,77.8692569958022
"10054",2020-12-12,"13","31  day ahead inc hosp",2021-01-12,"quantile",0.05,124.166818620393
"10055",2020-12-12,"13","31  day ahead inc hosp",2021-01-12,"quantile",0.1,177.544942097648
"10056",2020-12-12,"13","31  day ahead inc hosp",2021-01-12,"quantile",0.15,213.558908594543
"10057",2020-12-12,"13","31  day ahead inc hosp",2021-01-12,"quantile",0.2,242.181667500304
"10058",2020-12-12,"13","31  day ahead inc hosp",2021-01-12,"quantile",0.25,266.737446022668
"10059",2020-12-12,"13","31  day ahead inc hosp",2021-01-12,"quantile",0.3,288.789294063991
"10060",2020-12-12,"13","31  day ahead inc hosp",2021-01-12,"quantile",0.35,309.223617656597
"10061",2020-12-12,"13","31  day ahead inc hosp",2021-01-12,"quantile",0.4,328.61379246912
"10062",2020-12-12,"13","31  day ahead inc hosp",2021-01-12,"quantile",0.45,347.374011000901
"10063",2020-12-12,"13","31  day ahead inc hosp",2021-01-12,"quantile",0.5,365.836793355544
"10064",2020-12-12,"13","31  day ahead inc hosp",2021-01-12,"quantile",0.55,384.299575710188
"10065",2020-12-12,"13","31  day ahead inc hosp",2021-01-12,"quantile",0.6,403.059794241968
"10066",2020-12-12,"13","31  day ahead inc hosp",2021-01-12,"quantile",0.65,422.449969054491
"10067",2020-12-12,"13","31  day ahead inc hosp",2021-01-12,"quantile",0.7,442.884292647098
"10068",2020-12-12,"13","31  day ahead inc hosp",2021-01-12,"quantile",0.75,464.936140688421
"10069",2020-12-12,"13","31  day ahead inc hosp",2021-01-12,"quantile",0.8,489.491919210785
"10070",2020-12-12,"13","31  day ahead inc hosp",2021-01-12,"quantile",0.85,518.114678116546
"10071",2020-12-12,"13","31  day ahead inc hosp",2021-01-12,"quantile",0.9,554.12864461344
"10072",2020-12-12,"13","31  day ahead inc hosp",2021-01-12,"quantile",0.95,607.506768090695
"10073",2020-12-12,"13","31  day ahead inc hosp",2021-01-12,"quantile",0.975,653.804329715286
"10074",2020-12-12,"13","31  day ahead inc hosp",2021-01-12,"quantile",0.99,707.635250514681
"10075",2020-12-12,"13","32  day ahead inc hosp",2021-01-13,"quantile",0.01,22.9091977480135
"10076",2020-12-12,"13","32  day ahead inc hosp",2021-01-13,"quantile",0.025,76.917948172679
"10077",2020-12-12,"13","32  day ahead inc hosp",2021-01-13,"quantile",0.05,123.368453085484
"10078",2020-12-12,"13","32  day ahead inc hosp",2021-01-13,"quantile",0.1,176.922910378967
"10079",2020-12-12,"13","32  day ahead inc hosp",2021-01-13,"quantile",0.15,213.055848464524
"10080",2020-12-12,"13","32  day ahead inc hosp",2021-01-13,"quantile",0.2,241.773162217478
"10081",2020-12-12,"13","32  day ahead inc hosp",2021-01-13,"quantile",0.25,266.41006037941
"10082",2020-12-12,"13","32  day ahead inc hosp",2021-01-13,"quantile",0.3,288.534756364173
"10083",2020-12-12,"13","32  day ahead inc hosp",2021-01-13,"quantile",0.35,309.036584432891
"10084",2020-12-12,"13","32  day ahead inc hosp",2021-01-13,"quantile",0.4,328.490814391966
"10085",2020-12-12,"13","32  day ahead inc hosp",2021-01-13,"quantile",0.45,347.31300701934
"10086",2020-12-12,"13","32  day ahead inc hosp",2021-01-13,"quantile",0.5,365.836780893705
"10087",2020-12-12,"13","32  day ahead inc hosp",2021-01-13,"quantile",0.55,384.36055476807
"10088",2020-12-12,"13","32  day ahead inc hosp",2021-01-13,"quantile",0.6,403.182747395445
"10089",2020-12-12,"13","32  day ahead inc hosp",2021-01-13,"quantile",0.65,422.63697735452
"10090",2020-12-12,"13","32  day ahead inc hosp",2021-01-13,"quantile",0.7,443.138805423237
"10091",2020-12-12,"13","32  day ahead inc hosp",2021-01-13,"quantile",0.75,465.263501408
"10092",2020-12-12,"13","32  day ahead inc hosp",2021-01-13,"quantile",0.8,489.900399569933
"10093",2020-12-12,"13","32  day ahead inc hosp",2021-01-13,"quantile",0.85,518.617713322886
"10094",2020-12-12,"13","32  day ahead inc hosp",2021-01-13,"quantile",0.9,554.750651408443
"10095",2020-12-12,"13","32  day ahead inc hosp",2021-01-13,"quantile",0.95,608.305108701926
"10096",2020-12-12,"13","32  day ahead inc hosp",2021-01-13,"quantile",0.975,654.755613614731
"10097",2020-12-12,"13","32  day ahead inc hosp",2021-01-13,"quantile",0.99,708.764364039397
"10098",2020-12-12,"13","33  day ahead inc hosp",2021-01-14,"quantile",0.01,21.783772778612
"10099",2020-12-12,"13","33  day ahead inc hosp",2021-01-14,"quantile",0.025,75.9697687105306
"10100",2020-12-12,"13","33  day ahead inc hosp",2021-01-14,"quantile",0.05,122.57271453783
"10101",2020-12-12,"13","33  day ahead inc hosp",2021-01-14,"quantile",0.1,176.302926442816
"10102",2020-12-12,"13","33  day ahead inc hosp",2021-01-14,"quantile",0.15,212.554445330357
"10103",2020-12-12,"13","33  day ahead inc hosp",2021-01-14,"quantile",0.2,241.36600334564
"10104",2020-12-12,"13","33  day ahead inc hosp",2021-01-14,"quantile",0.25,266.083754692982
"10105",2020-12-12,"13","33  day ahead inc hosp",2021-01-14,"quantile",0.3,288.281059337116
"10106",2020-12-12,"13","33  day ahead inc hosp",2021-01-14,"quantile",0.35,308.850170149594
"10107",2020-12-12,"13","33  day ahead inc hosp",2021-01-14,"quantile",0.4,328.368244852904
"10108",2020-12-12,"13","33  day ahead inc hosp",2021-01-14,"quantile",0.45,347.252208009195
"10109",2020-12-12,"13","33  day ahead inc hosp",2021-01-14,"quantile",0.5,365.836773064078
"10110",2020-12-12,"13","33  day ahead inc hosp",2021-01-14,"quantile",0.55,384.421338118961
"10111",2020-12-12,"13","33  day ahead inc hosp",2021-01-14,"quantile",0.6,403.305301275252
"10112",2020-12-12,"13","33  day ahead inc hosp",2021-01-14,"quantile",0.65,422.823375978562
"10113",2020-12-12,"13","33  day ahead inc hosp",2021-01-14,"quantile",0.7,443.39248679104
"10114",2020-12-12,"13","33  day ahead inc hosp",2021-01-14,"quantile",0.75,465.589791435174
"10115",2020-12-12,"13","33  day ahead inc hosp",2021-01-14,"quantile",0.8,490.307542782516
"10116",2020-12-12,"13","33  day ahead inc hosp",2021-01-14,"quantile",0.85,519.119100797799
"10117",2020-12-12,"13","33  day ahead inc hosp",2021-01-14,"quantile",0.9,555.37061968534
"10118",2020-12-12,"13","33  day ahead inc hosp",2021-01-14,"quantile",0.95,609.100831590326
"10119",2020-12-12,"13","33  day ahead inc hosp",2021-01-14,"quantile",0.975,655.703777417625
"10120",2020-12-12,"13","33  day ahead inc hosp",2021-01-14,"quantile",0.99,709.889773349544
"10121",2020-12-12,"13","34  day ahead inc hosp",2021-01-15,"quantile",0.01,20.6620220816282
"10122",2020-12-12,"13","34  day ahead inc hosp",2021-01-15,"quantile",0.025,75.0246853063703
"10123",2020-12-12,"13","34  day ahead inc hosp",2021-01-15,"quantile",0.05,121.779574751855
"10124",2020-12-12,"13","34  day ahead inc hosp",2021-01-15,"quantile",0.1,175.68496791755
"10125",2020-12-12,"13","34  day ahead inc hosp",2021-01-15,"quantile",0.15,212.054680770016
"10126",2020-12-12,"13","34  day ahead inc hosp",2021-01-15,"quantile",0.2,240.960175601796
"10127",2020-12-12,"13","34  day ahead inc hosp",2021-01-15,"quantile",0.25,265.7585163734
"10128",2020-12-12,"13","34  day ahead inc hosp",2021-01-15,"quantile",0.3,288.028192811243
"10129",2020-12-12,"13","34  day ahead inc hosp",2021-01-15,"quantile",0.35,308.664366876145
"10130",2020-12-12,"13","34  day ahead inc hosp",2021-01-15,"quantile",0.4,328.246078047875
"10131",2020-12-12,"13","34  day ahead inc hosp",2021-01-15,"quantile",0.45,347.191610223822
"10132",2020-12-12,"13","34  day ahead inc hosp",2021-01-15,"quantile",0.5,365.836768144815
"10133",2020-12-12,"13","34  day ahead inc hosp",2021-01-15,"quantile",0.55,384.481926065808
"10134",2020-12-12,"13","34  day ahead inc hosp",2021-01-15,"quantile",0.6,403.427458241755
"10135",2020-12-12,"13","34  day ahead inc hosp",2021-01-15,"quantile",0.65,423.009169413485
"10136",2020-12-12,"13","34  day ahead inc hosp",2021-01-15,"quantile",0.7,443.645343478388
"10137",2020-12-12,"13","34  day ahead inc hosp",2021-01-15,"quantile",0.75,465.91501991623
"10138",2020-12-12,"13","34  day ahead inc hosp",2021-01-15,"quantile",0.8,490.713360687834
"10139",2020-12-12,"13","34  day ahead inc hosp",2021-01-15,"quantile",0.85,519.618855519614
"10140",2020-12-12,"13","34  day ahead inc hosp",2021-01-15,"quantile",0.9,555.98856837208
"10141",2020-12-12,"13","34  day ahead inc hosp",2021-01-15,"quantile",0.95,609.893961537775
"10142",2020-12-12,"13","34  day ahead inc hosp",2021-01-15,"quantile",0.975,656.64885098326
"10143",2020-12-12,"13","34  day ahead inc hosp",2021-01-15,"quantile",0.99,711.011514208002
"10144",2020-12-12,"13","35  day ahead inc hosp",2021-01-16,"quantile",0.01,19.5439081411594
"10145",2020-12-12,"13","35  day ahead inc hosp",2021-01-16,"quantile",0.025,74.082666182415
"10146",2020-12-12,"13","35  day ahead inc hosp",2021-01-16,"quantile",0.05,120.989006884877
"10147",2020-12-12,"13","35  day ahead inc hosp",2021-01-16,"quantile",0.1,175.069013650339
"10148",2020-12-12,"13","35  day ahead inc hosp",2021-01-16,"quantile",0.15,211.556537469588
"10149",2020-12-12,"13","35  day ahead inc hosp",2021-01-16,"quantile",0.2,240.555664723083
"10150",2020-12-12,"13","35  day ahead inc hosp",2021-01-16,"quantile",0.25,265.434333775331
"10151",2020-12-12,"13","35  day ahead inc hosp",2021-01-16,"quantile",0.3,287.77614749184
"10152",2020-12-12,"13","35  day ahead inc hosp",2021-01-16,"quantile",0.35,308.479167496031
"10153",2020-12-12,"13","35  day ahead inc hosp",2021-01-16,"quantile",0.4,328.124308927268
"10154",2020-12-12,"13","35  day ahead inc hosp",2021-01-16,"quantile",0.45,347.13121061336
"10155",2020-12-12,"13","35  day ahead inc hosp",2021-01-16,"quantile",0.5,365.8367650541
"10156",2020-12-12,"13","35  day ahead inc hosp",2021-01-16,"quantile",0.55,384.54231949484
"10157",2020-12-12,"13","35  day ahead inc hosp",2021-01-16,"quantile",0.6,403.549221180932
"10158",2020-12-12,"13","35  day ahead inc hosp",2021-01-16,"quantile",0.65,423.194362612169
"10159",2020-12-12,"13","35  day ahead inc hosp",2021-01-16,"quantile",0.7,443.89738261636
"10160",2020-12-12,"13","35  day ahead inc hosp",2021-01-16,"quantile",0.75,466.239196332869
"10161",2020-12-12,"13","35  day ahead inc hosp",2021-01-16,"quantile",0.8,491.117865385117
"10162",2020-12-12,"13","35  day ahead inc hosp",2021-01-16,"quantile",0.85,520.116992638612
"10163",2020-12-12,"13","35  day ahead inc hosp",2021-01-16,"quantile",0.9,556.604516457861
"10164",2020-12-12,"13","35  day ahead inc hosp",2021-01-16,"quantile",0.95,610.684523223323
"10165",2020-12-12,"13","35  day ahead inc hosp",2021-01-16,"quantile",0.975,657.590863925785
"10166",2020-12-12,"13","35  day ahead inc hosp",2021-01-16,"quantile",0.99,712.129621967041
"10167",2020-12-12,"13","36  day ahead inc hosp",2021-01-17,"quantile",0.01,18.4294097905806
"10168",2020-12-12,"13","36  day ahead inc hosp",2021-01-17,"quantile",0.025,73.1436957740715
"10169",2020-12-12,"13","36  day ahead inc hosp",2021-01-17,"quantile",0.05,120.201000190359
"10170",2020-12-12,"13","36  day ahead inc hosp",2021-01-17,"quantile",0.1,174.455058449557
"10171",2020-12-12,"13","36  day ahead inc hosp",2021-01-17,"quantile",0.15,211.060013985319
"10172",2020-12-12,"13","36  day ahead inc hosp",2021-01-17,"quantile",0.2,240.152472244437
"10173",2020-12-12,"13","36  day ahead inc hosp",2021-01-17,"quantile",0.25,265.111210989159
"10174",2020-12-12,"13","36  day ahead inc hosp",2021-01-17,"quantile",0.3,287.524929764168
"10175",2020-12-12,"13","36  day ahead inc hosp",2021-01-17,"quantile",0.35,308.294580521055
"10176",2020-12-12,"13","36  day ahead inc hosp",2021-01-17,"quantile",0.4,328.002948020765
"10177",2020-12-12,"13","36  day ahead inc hosp",2021-01-17,"quantile",0.45,347.071021659814
"10178",2020-12-12,"13","36  day ahead inc hosp",2021-01-17,"quantile",0.5,365.836778195308
"10179",2020-12-12,"13","36  day ahead inc hosp",2021-01-17,"quantile",0.55,384.602534730802
"10180",2020-12-12,"13","36  day ahead inc hosp",2021-01-17,"quantile",0.6,403.67060836985
"10181",2020-12-12,"13","36  day ahead inc hosp",2021-01-17,"quantile",0.65,423.37897586956
"10182",2020-12-12,"13","36  day ahead inc hosp",2021-01-17,"quantile",0.7,444.148626626447
"10183",2020-12-12,"13","36  day ahead inc hosp",2021-01-17,"quantile",0.75,466.562345401457
"10184",2020-12-12,"13","36  day ahead inc hosp",2021-01-17,"quantile",0.8,491.521084146179
"10185",2020-12-12,"13","36  day ahead inc hosp",2021-01-17,"quantile",0.85,520.613542405297
"10186",2020-12-12,"13","36  day ahead inc hosp",2021-01-17,"quantile",0.9,557.218497941059
"10187",2020-12-12,"13","36  day ahead inc hosp",2021-01-17,"quantile",0.95,611.472556200257
"10188",2020-12-12,"13","36  day ahead inc hosp",2021-01-17,"quantile",0.975,658.529860616544
"10189",2020-12-12,"13","36  day ahead inc hosp",2021-01-17,"quantile",0.99,713.244146600035
"10190",2020-12-12,"13","37  day ahead inc hosp",2021-01-18,"quantile",0.01,17.3184616094318
"10191",2020-12-12,"13","37  day ahead inc hosp",2021-01-18,"quantile",0.025,72.2077141459389
"10192",2020-12-12,"13","37  day ahead inc hosp",2021-01-18,"quantile",0.05,119.415499450351
"10193",2020-12-12,"13","37  day ahead inc hosp",2021-01-18,"quantile",0.1,173.843052536177
"10194",2020-12-12,"13","37  day ahead inc hosp",2021-01-18,"quantile",0.15,210.565064207796
"10195",2020-12-12,"13","37  day ahead inc hosp",2021-01-18,"quantile",0.2,239.750554972938
"10196",2020-12-12,"13","37  day ahead inc hosp",2021-01-18,"quantile",0.25,264.789107324057
"10197",2020-12-12,"13","37  day ahead inc hosp",2021-01-18,"quantile",0.3,287.274501184355
"10198",2020-12-12,"13","37  day ahead inc hosp",2021-01-18,"quantile",0.35,308.110569589484
"10199",2020-12-12,"13","37  day ahead inc hosp",2021-01-18,"quantile",0.4,327.88196094238
"10200",2020-12-12,"13","37  day ahead inc hosp",2021-01-18,"quantile",0.45,347.011010888755
"10201",2020-12-12,"13","37  day ahead inc hosp",2021-01-18,"quantile",0.5,365.83677697526
"10202",2020-12-12,"13","37  day ahead inc hosp",2021-01-18,"quantile",0.55,384.662543061765
"10203",2020-12-12,"13","37  day ahead inc hosp",2021-01-18,"quantile",0.6,403.79159300814
"10204",2020-12-12,"13","37  day ahead inc hosp",2021-01-18,"quantile",0.65,423.562984361036
"10205",2020-12-12,"13","37  day ahead inc hosp",2021-01-18,"quantile",0.7,444.399052766165
"10206",2020-12-12,"13","37  day ahead inc hosp",2021-01-18,"quantile",0.75,466.884446626463
"10207",2020-12-12,"13","37  day ahead inc hosp",2021-01-18,"quantile",0.8,491.922998977581
"10208",2020-12-12,"13","37  day ahead inc hosp",2021-01-18,"quantile",0.85,521.108489742724
"10209",2020-12-12,"13","37  day ahead inc hosp",2021-01-18,"quantile",0.9,557.830501414343
"10210",2020-12-12,"13","37  day ahead inc hosp",2021-01-18,"quantile",0.95,612.258054500169
"10211",2020-12-12,"13","37  day ahead inc hosp",2021-01-18,"quantile",0.975,659.465839804581
"10212",2020-12-12,"13","37  day ahead inc hosp",2021-01-18,"quantile",0.99,714.355092341088
"10213",2020-12-12,"15","1  day ahead inc hosp",2020-12-13,"quantile",0.01,0
"10214",2020-12-12,"15","1  day ahead inc hosp",2020-12-13,"quantile",0.025,0
"10215",2020-12-12,"15","1  day ahead inc hosp",2020-12-13,"quantile",0.05,0
"10216",2020-12-12,"15","1  day ahead inc hosp",2020-12-13,"quantile",0.1,0
"10217",2020-12-12,"15","1  day ahead inc hosp",2020-12-13,"quantile",0.15,0
"10218",2020-12-12,"15","1  day ahead inc hosp",2020-12-13,"quantile",0.2,0
"10219",2020-12-12,"15","1  day ahead inc hosp",2020-12-13,"quantile",0.25,0
"10220",2020-12-12,"15","1  day ahead inc hosp",2020-12-13,"quantile",0.3,1.66972102216855
"10221",2020-12-12,"15","1  day ahead inc hosp",2020-12-13,"quantile",0.35,3.39660989481902
"10222",2020-12-12,"15","1  day ahead inc hosp",2020-12-13,"quantile",0.4,5.03525856213327
"10223",2020-12-12,"15","1  day ahead inc hosp",2020-12-13,"quantile",0.45,6.62067011168633
"10224",2020-12-12,"15","1  day ahead inc hosp",2020-12-13,"quantile",0.5,8.18094556009593
"10225",2020-12-12,"15","1  day ahead inc hosp",2020-12-13,"quantile",0.55,9.74122100850553
"10226",2020-12-12,"15","1  day ahead inc hosp",2020-12-13,"quantile",0.6,11.3266325580586
"10227",2020-12-12,"15","1  day ahead inc hosp",2020-12-13,"quantile",0.65,12.9652812253728
"10228",2020-12-12,"15","1  day ahead inc hosp",2020-12-13,"quantile",0.7,14.6921700980233
"10229",2020-12-12,"15","1  day ahead inc hosp",2020-12-13,"quantile",0.75,16.5557547100297
"10230",2020-12-12,"15","1  day ahead inc hosp",2020-12-13,"quantile",0.8,18.6309445491924
"10231",2020-12-12,"15","1  day ahead inc hosp",2020-12-13,"quantile",0.85,21.0498317531123
"10232",2020-12-12,"15","1  day ahead inc hosp",2020-12-13,"quantile",0.9,24.0933441904898
"10233",2020-12-12,"15","1  day ahead inc hosp",2020-12-13,"quantile",0.95,28.6042880961244
"10234",2020-12-12,"15","1  day ahead inc hosp",2020-12-13,"quantile",0.975,32.5168591992502
"10235",2020-12-12,"15","1  day ahead inc hosp",2020-12-13,"quantile",0.99,37.0660686561582
"10236",2020-12-12,"15","2  day ahead inc hosp",2020-12-14,"quantile",0.01,0
"10237",2020-12-12,"15","2  day ahead inc hosp",2020-12-14,"quantile",0.025,0
"10238",2020-12-12,"15","2  day ahead inc hosp",2020-12-14,"quantile",0.05,0
"10239",2020-12-12,"15","2  day ahead inc hosp",2020-12-14,"quantile",0.1,0
"10240",2020-12-12,"15","2  day ahead inc hosp",2020-12-14,"quantile",0.15,0
"10241",2020-12-12,"15","2  day ahead inc hosp",2020-12-14,"quantile",0.2,0
"10242",2020-12-12,"15","2  day ahead inc hosp",2020-12-14,"quantile",0.25,0
"10243",2020-12-12,"15","2  day ahead inc hosp",2020-12-14,"quantile",0.3,1.55576833569537
"10244",2020-12-12,"15","2  day ahead inc hosp",2020-12-14,"quantile",0.35,3.40562172198799
"10245",2020-12-12,"15","2  day ahead inc hosp",2020-12-14,"quantile",0.4,5.16095168802263
"10246",2020-12-12,"15","2  day ahead inc hosp",2020-12-14,"quantile",0.45,6.85925374442934
"10247",2020-12-12,"15","2  day ahead inc hosp",2020-12-14,"quantile",0.5,8.5306298633569
"10248",2020-12-12,"15","2  day ahead inc hosp",2020-12-14,"quantile",0.55,10.2020059822845
"10249",2020-12-12,"15","2  day ahead inc hosp",2020-12-14,"quantile",0.6,11.9003080386912
"10250",2020-12-12,"15","2  day ahead inc hosp",2020-12-14,"quantile",0.65,13.6556380047258
"10251",2020-12-12,"15","2  day ahead inc hosp",2020-12-14,"quantile",0.7,15.5054913910184
"10252",2020-12-12,"15","2  day ahead inc hosp",2020-12-14,"quantile",0.75,17.5017740469323
"10253",2020-12-12,"15","2  day ahead inc hosp",2020-12-14,"quantile",0.8,19.724729450706
"10254",2020-12-12,"15","2  day ahead inc hosp",2020-12-14,"quantile",0.85,22.3158554670336
"10255",2020-12-12,"15","2  day ahead inc hosp",2020-12-14,"quantile",0.9,25.5760836598676
"10256",2020-12-12,"15","2  day ahead inc hosp",2020-12-14,"quantile",0.95,30.4082329610597
"10257",2020-12-12,"15","2  day ahead inc hosp",2020-12-14,"quantile",0.975,34.5994018421929
"10258",2020-12-12,"15","2  day ahead inc hosp",2020-12-14,"quantile",0.99,39.4725414240697
"10259",2020-12-12,"15","3  day ahead inc hosp",2020-12-15,"quantile",0.01,0
"10260",2020-12-12,"15","3  day ahead inc hosp",2020-12-15,"quantile",0.025,0
"10261",2020-12-12,"15","3  day ahead inc hosp",2020-12-15,"quantile",0.05,0
"10262",2020-12-12,"15","3  day ahead inc hosp",2020-12-15,"quantile",0.1,0
"10263",2020-12-12,"15","3  day ahead inc hosp",2020-12-15,"quantile",0.15,0
"10264",2020-12-12,"15","3  day ahead inc hosp",2020-12-15,"quantile",0.2,0
"10265",2020-12-12,"15","3  day ahead inc hosp",2020-12-15,"quantile",0.25,0
"10266",2020-12-12,"15","3  day ahead inc hosp",2020-12-15,"quantile",0.3,1.34202267977777
"10267",2020-12-12,"15","3  day ahead inc hosp",2020-12-15,"quantile",0.35,3.24856509478249
"10268",2020-12-12,"15","3  day ahead inc hosp",2020-12-15,"quantile",0.4,5.0576874054327
"10269",2020-12-12,"15","3  day ahead inc hosp",2020-12-15,"quantile",0.45,6.80803417778872
"10270",2020-12-12,"15","3  day ahead inc hosp",2020-12-15,"quantile",0.5,8.5306298633569
"10271",2020-12-12,"15","3  day ahead inc hosp",2020-12-15,"quantile",0.55,10.2532255489251
"10272",2020-12-12,"15","3  day ahead inc hosp",2020-12-15,"quantile",0.6,12.0035723212811
"10273",2020-12-12,"15","3  day ahead inc hosp",2020-12-15,"quantile",0.65,13.8126946319313
"10274",2020-12-12,"15","3  day ahead inc hosp",2020-12-15,"quantile",0.7,15.719237046936
"10275",2020-12-12,"15","3  day ahead inc hosp",2020-12-15,"quantile",0.75,17.7766960780357
"10276",2020-12-12,"15","3  day ahead inc hosp",2020-12-15,"quantile",0.8,20.067774276645
"10277",2020-12-12,"15","3  day ahead inc hosp",2020-12-15,"quantile",0.85,22.7383057303032
"10278",2020-12-12,"15","3  day ahead inc hosp",2020-12-15,"quantile",0.9,26.0984440949385
"10279",2020-12-12,"15","3  day ahead inc hosp",2020-12-15,"quantile",0.95,31.0786753211664
"10280",2020-12-12,"15","3  day ahead inc hosp",2020-12-15,"quantile",0.975,35.3982831882217
"10281",2020-12-12,"15","3  day ahead inc hosp",2020-12-15,"quantile",0.99,40.4207608483063
"10282",2020-12-12,"15","4  day ahead inc hosp",2020-12-16,"quantile",0.01,0
"10283",2020-12-12,"15","4  day ahead inc hosp",2020-12-16,"quantile",0.025,0
"10284",2020-12-12,"15","4  day ahead inc hosp",2020-12-16,"quantile",0.05,0
"10285",2020-12-12,"15","4  day ahead inc hosp",2020-12-16,"quantile",0.1,0
"10286",2020-12-12,"15","4  day ahead inc hosp",2020-12-16,"quantile",0.15,0
"10287",2020-12-12,"15","4  day ahead inc hosp",2020-12-16,"quantile",0.2,0
"10288",2020-12-12,"15","4  day ahead inc hosp",2020-12-16,"quantile",0.25,0
"10289",2020-12-12,"15","4  day ahead inc hosp",2020-12-16,"quantile",0.3,1.13445158335594
"10290",2020-12-12,"15","4  day ahead inc hosp",2020-12-16,"quantile",0.35,3.09604542756675
"10291",2020-12-12,"15","4  day ahead inc hosp",2020-12-16,"quantile",0.4,4.95740616104256
"10292",2020-12-12,"15","4  day ahead inc hosp",2020-12-16,"quantile",0.45,6.75829421203267
"10293",2020-12-12,"15","4  day ahead inc hosp",2020-12-16,"quantile",0.5,8.5306298633569
"10294",2020-12-12,"15","4  day ahead inc hosp",2020-12-16,"quantile",0.55,10.3029655146811
"10295",2020-12-12,"15","4  day ahead inc hosp",2020-12-16,"quantile",0.6,12.1038535656712
"10296",2020-12-12,"15","4  day ahead inc hosp",2020-12-16,"quantile",0.65,13.965214299147
"10297",2020-12-12,"15","4  day ahead inc hosp",2020-12-16,"quantile",0.7,15.9268081433579
"10298",2020-12-12,"15","4  day ahead inc hosp",2020-12-16,"quantile",0.75,18.0436763222969
"10299",2020-12-12,"15","4  day ahead inc hosp",2020-12-16,"quantile",0.8,20.4009094242872
"10300",2020-12-12,"15","4  day ahead inc hosp",2020-12-16,"quantile",0.85,23.148552497444
"10301",2020-12-12,"15","4  day ahead inc hosp",2020-12-16,"quantile",0.9,26.6057148872714
"10302",2020-12-12,"15","4  day ahead inc hosp",2020-12-16,"quantile",0.95,31.7297503344928
"10303",2020-12-12,"15","4  day ahead inc hosp",2020-12-16,"quantile",0.975,36.1740869171643
"10304",2020-12-12,"15","4  day ahead inc hosp",2020-12-16,"quantile",0.99,41.3415886643959
"10305",2020-12-12,"15","5  day ahead inc hosp",2020-12-17,"quantile",0.01,0
"10306",2020-12-12,"15","5  day ahead inc hosp",2020-12-17,"quantile",0.025,0
"10307",2020-12-12,"15","5  day ahead inc hosp",2020-12-17,"quantile",0.05,0
"10308",2020-12-12,"15","5  day ahead inc hosp",2020-12-17,"quantile",0.1,0
"10309",2020-12-12,"15","5  day ahead inc hosp",2020-12-17,"quantile",0.15,0
"10310",2020-12-12,"15","5  day ahead inc hosp",2020-12-17,"quantile",0.2,0
"10311",2020-12-12,"15","5  day ahead inc hosp",2020-12-17,"quantile",0.25,0
"10312",2020-12-12,"15","5  day ahead inc hosp",2020-12-17,"quantile",0.3,0.932548983337891
"10313",2020-12-12,"15","5  day ahead inc hosp",2020-12-17,"quantile",0.35,2.94769087389535
"10314",2020-12-12,"15","5  day ahead inc hosp",2020-12-17,"quantile",0.4,4.85986346687925
"10315",2020-12-12,"15","5  day ahead inc hosp",2020-12-17,"quantile",0.45,6.70991257998431
"10316",2020-12-12,"15","5  day ahead inc hosp",2020-12-17,"quantile",0.5,8.5306298633569
"10317",2020-12-12,"15","5  day ahead inc hosp",2020-12-17,"quantile",0.55,10.3513471467295
"10318",2020-12-12,"15","5  day ahead inc hosp",2020-12-17,"quantile",0.6,12.2013962598345
"10319",2020-12-12,"15","5  day ahead inc hosp",2020-12-17,"quantile",0.65,14.1135688528184
"10320",2020-12-12,"15","5  day ahead inc hosp",2020-12-17,"quantile",0.7,16.1287107433759
"10321",2020-12-12,"15","5  day ahead inc hosp",2020-12-17,"quantile",0.75,18.3033656836723
"10322",2020-12-12,"15","5  day ahead inc hosp",2020-12-17,"quantile",0.8,20.7249470847602
"10323",2020-12-12,"15","5  day ahead inc hosp",2020-12-17,"quantile",0.85,23.5475959594797
"10324",2020-12-12,"15","5  day ahead inc hosp",2020-12-17,"quantile",0.9,27.0991327746882
"10325",2020-12-12,"15","5  day ahead inc hosp",2020-12-17,"quantile",0.95,32.3630453368482
"10326",2020-12-12,"15","5  day ahead inc hosp",2020-12-17,"quantile",0.975,36.9287044562983
"10327",2020-12-12,"15","5  day ahead inc hosp",2020-12-17,"quantile",0.99,42.2372698716659
"10328",2020-12-12,"15","6  day ahead inc hosp",2020-12-18,"quantile",0.01,0
"10329",2020-12-12,"15","6  day ahead inc hosp",2020-12-18,"quantile",0.025,0
"10330",2020-12-12,"15","6  day ahead inc hosp",2020-12-18,"quantile",0.05,0
"10331",2020-12-12,"15","6  day ahead inc hosp",2020-12-18,"quantile",0.1,0
"10332",2020-12-12,"15","6  day ahead inc hosp",2020-12-18,"quantile",0.15,0
"10333",2020-12-12,"15","6  day ahead inc hosp",2020-12-18,"quantile",0.2,0
"10334",2020-12-12,"15","6  day ahead inc hosp",2020-12-18,"quantile",0.25,0
"10335",2020-12-12,"15","6  day ahead inc hosp",2020-12-18,"quantile",0.3,0.73587438489172
"10336",2020-12-12,"15","6  day ahead inc hosp",2020-12-18,"quantile",0.35,2.80317776575125
"10337",2020-12-12,"15","6  day ahead inc hosp",2020-12-18,"quantile",0.4,4.76484651214856
"10338",2020-12-12,"15","6  day ahead inc hosp",2020-12-18,"quantile",0.45,6.6627837264954
"10339",2020-12-12,"15","6  day ahead inc hosp",2020-12-18,"quantile",0.5,8.5306298633569
"10340",2020-12-12,"15","6  day ahead inc hosp",2020-12-18,"quantile",0.55,10.3984760002184
"10341",2020-12-12,"15","6  day ahead inc hosp",2020-12-18,"quantile",0.6,12.2964132145652
"10342",2020-12-12,"15","6  day ahead inc hosp",2020-12-18,"quantile",0.65,14.2580819609625
"10343",2020-12-12,"15","6  day ahead inc hosp",2020-12-18,"quantile",0.7,16.3253853418221
"10344",2020-12-12,"15","6  day ahead inc hosp",2020-12-18,"quantile",0.75,18.5563307314959
"10345",2020-12-12,"15","6  day ahead inc hosp",2020-12-18,"quantile",0.8,21.0405942173344
"10346",2020-12-12,"15","6  day ahead inc hosp",2020-12-18,"quantile",0.85,23.9363067172977
"10347",2020-12-12,"15","6  day ahead inc hosp",2020-12-18,"quantile",0.9,27.5797742565966
"10348",2020-12-12,"15","6  day ahead inc hosp",2020-12-18,"quantile",0.95,32.9799420002646
"10349",2020-12-12,"15","6  day ahead inc hosp",2020-12-18,"quantile",0.975,37.6637821693954
"10350",2020-12-12,"15","6  day ahead inc hosp",2020-12-18,"quantile",0.99,43.1097585952378
"10351",2020-12-12,"15","7  day ahead inc hosp",2020-12-19,"quantile",0.01,0
"10352",2020-12-12,"15","7  day ahead inc hosp",2020-12-19,"quantile",0.025,0
"10353",2020-12-12,"15","7  day ahead inc hosp",2020-12-19,"quantile",0.05,0
"10354",2020-12-12,"15","7  day ahead inc hosp",2020-12-19,"quantile",0.1,0
"10355",2020-12-12,"15","7  day ahead inc hosp",2020-12-19,"quantile",0.15,0
"10356",2020-12-12,"15","7  day ahead inc hosp",2020-12-19,"quantile",0.2,0
"10357",2020-12-12,"15","7  day ahead inc hosp",2020-12-19,"quantile",0.25,0
"10358",2020-12-12,"15","7  day ahead inc hosp",2020-12-19,"quantile",0.3,0.544041550515463
"10359",2020-12-12,"15","7  day ahead inc hosp",2020-12-19,"quantile",0.35,2.66222230246913
"10360",2020-12-12,"15","7  day ahead inc hosp",2020-12-19,"quantile",0.4,4.6721686987258
"10361",2020-12-12,"15","7  day ahead inc hosp",2020-12-19,"quantile",0.45,6.61681509802427
"10362",2020-12-12,"15","7  day ahead inc hosp",2020-12-19,"quantile",0.5,8.5306298633569
"10363",2020-12-12,"15","7  day ahead inc hosp",2020-12-19,"quantile",0.55,10.4444446286895
"10364",2020-12-12,"15","7  day ahead inc hosp",2020-12-19,"quantile",0.6,12.389091027988
"10365",2020-12-12,"15","7  day ahead inc hosp",2020-12-19,"quantile",0.65,14.3990374242447
"10366",2020-12-12,"15","7  day ahead inc hosp",2020-12-19,"quantile",0.7,16.5172181761983
"10367",2020-12-12,"15","7  day ahead inc hosp",2020-12-19,"quantile",0.75,18.8030682487223
"10368",2020-12-12,"15","7  day ahead inc hosp",2020-12-19,"quantile",0.8,21.3484707025685
"10369",2020-12-12,"15","7  day ahead inc hosp",2020-12-19,"quantile",0.85,24.3154481367484
"10370",2020-12-12,"15","7  day ahead inc hosp",2020-12-19,"quantile",0.9,28.0485832361077
"10371",2020-12-12,"15","7  day ahead inc hosp",2020-12-19,"quantile",0.95,33.581651811269
"10372",2020-12-12,"15","7  day ahead inc hosp",2020-12-19,"quantile",0.975,38.3807636316905
"10373",2020-12-12,"15","7  day ahead inc hosp",2020-12-19,"quantile",0.99,43.9607682636263
"10374",2020-12-12,"15","8  day ahead inc hosp",2020-12-20,"quantile",0.01,0
"10375",2020-12-12,"15","8  day ahead inc hosp",2020-12-20,"quantile",0.025,0
"10376",2020-12-12,"15","8  day ahead inc hosp",2020-12-20,"quantile",0.05,0
"10377",2020-12-12,"15","8  day ahead inc hosp",2020-12-20,"quantile",0.1,0
"10378",2020-12-12,"15","8  day ahead inc hosp",2020-12-20,"quantile",0.15,0
"10379",2020-12-12,"15","8  day ahead inc hosp",2020-12-20,"quantile",0.2,0
"10380",2020-12-12,"15","8  day ahead inc hosp",2020-12-20,"quantile",0.25,0
"10381",2020-12-12,"15","8  day ahead inc hosp",2020-12-20,"quantile",0.3,0.331732130385225
"10382",2020-12-12,"15","8  day ahead inc hosp",2020-12-20,"quantile",0.35,2.499596546667
"10383",2020-12-12,"15","8  day ahead inc hosp",2020-12-20,"quantile",0.4,4.55668788179493
"10384",2020-12-12,"15","8  day ahead inc hosp",2020-12-20,"quantile",0.45,6.54694755505527
"10385",2020-12-12,"15","8  day ahead inc hosp",2020-12-20,"quantile",0.5,8.50565241312398
"10386",2020-12-12,"15","8  day ahead inc hosp",2020-12-20,"quantile",0.55,10.4643572711927
"10387",2020-12-12,"15","8  day ahead inc hosp",2020-12-20,"quantile",0.6,12.454616944453
"10388",2020-12-12,"15","8  day ahead inc hosp",2020-12-20,"quantile",0.65,14.5117082795809
"10389",2020-12-12,"15","8  day ahead inc hosp",2020-12-20,"quantile",0.7,16.6795726958627
"10390",2020-12-12,"15","8  day ahead inc hosp",2020-12-20,"quantile",0.75,19.01903925395
"10391",2020-12-12,"15","8  day ahead inc hosp",2020-12-20,"quantile",0.8,21.624146207037
"10392",2020-12-12,"15","8  day ahead inc hosp",2020-12-20,"quantile",0.85,24.6607165268915
"10393",2020-12-12,"15","8  day ahead inc hosp",2020-12-20,"quantile",0.9,28.4814153674457
"10394",2020-12-12,"15","8  day ahead inc hosp",2020-12-20,"quantile",0.95,34.1442665976232
"10395",2020-12-12,"15","8  day ahead inc hosp",2020-12-20,"quantile",0.975,39.0559455162675
"10396",2020-12-12,"15","8  day ahead inc hosp",2020-12-20,"quantile",0.99,44.7668337268718
"10397",2020-12-12,"15","9  day ahead inc hosp",2020-12-21,"quantile",0.01,0
"10398",2020-12-12,"15","9  day ahead inc hosp",2020-12-21,"quantile",0.025,0
"10399",2020-12-12,"15","9  day ahead inc hosp",2020-12-21,"quantile",0.05,0
"10400",2020-12-12,"15","9  day ahead inc hosp",2020-12-21,"quantile",0.1,0
"10401",2020-12-12,"15","9  day ahead inc hosp",2020-12-21,"quantile",0.15,0
"10402",2020-12-12,"15","9  day ahead inc hosp",2020-12-21,"quantile",0.2,0
"10403",2020-12-12,"15","9  day ahead inc hosp",2020-12-21,"quantile",0.25,0
"10404",2020-12-12,"15","9  day ahead inc hosp",2020-12-21,"quantile",0.3,0.148598344953756
"10405",2020-12-12,"15","9  day ahead inc hosp",2020-12-21,"quantile",0.35,2.36503299474934
"10406",2020-12-12,"15","9  day ahead inc hosp",2020-12-21,"quantile",0.4,4.46821273178838
"10407",2020-12-12,"15","9  day ahead inc hosp",2020-12-21,"quantile",0.45,6.50306346727445
"10408",2020-12-12,"15","9  day ahead inc hosp",2020-12-21,"quantile",0.5,8.50565241312398
"10409",2020-12-12,"15","9  day ahead inc hosp",2020-12-21,"quantile",0.55,10.5082413589735
"10410",2020-12-12,"15","9  day ahead inc hosp",2020-12-21,"quantile",0.6,12.5430920944596
"10411",2020-12-12,"15","9  day ahead inc hosp",2020-12-21,"quantile",0.65,14.6462718314986
"10412",2020-12-12,"15","9  day ahead inc hosp",2020-12-21,"quantile",0.7,16.8627064812942
"10413",2020-12-12,"15","9  day ahead inc hosp",2020-12-21,"quantile",0.75,19.2545879580317
"10414",2020-12-12,"15","9  day ahead inc hosp",2020-12-21,"quantile",0.8,21.9180614086217
"10415",2020-12-12,"15","9  day ahead inc hosp",2020-12-21,"quantile",0.85,25.0226650097131
"10416",2020-12-12,"15","9  day ahead inc hosp",2020-12-21,"quantile",0.9,28.9289652529556
"10417",2020-12-12,"15","9  day ahead inc hosp",2020-12-21,"quantile",0.95,34.7186906568766
"10418",2020-12-12,"15","9  day ahead inc hosp",2020-12-21,"quantile",0.975,39.7404139999931
"10419",2020-12-12,"15","9  day ahead inc hosp",2020-12-21,"quantile",0.99,45.5792526358532
"10420",2020-12-12,"15","10  day ahead inc hosp",2020-12-22,"quantile",0.01,0
"10421",2020-12-12,"15","10  day ahead inc hosp",2020-12-22,"quantile",0.025,0
"10422",2020-12-12,"15","10  day ahead inc hosp",2020-12-22,"quantile",0.05,0
"10423",2020-12-12,"15","10  day ahead inc hosp",2020-12-22,"quantile",0.1,0
"10424",2020-12-12,"15","10  day ahead inc hosp",2020-12-22,"quantile",0.15,0
"10425",2020-12-12,"15","10  day ahead inc hosp",2020-12-22,"quantile",0.2,0
"10426",2020-12-12,"15","10  day ahead inc hosp",2020-12-22,"quantile",0.25,0
"10427",2020-12-12,"15","10  day ahead inc hosp",2020-12-22,"quantile",0.3,0
"10428",2020-12-12,"15","10  day ahead inc hosp",2020-12-22,"quantile",0.35,2.2333556558239
"10429",2020-12-12,"15","10  day ahead inc hosp",2020-12-22,"quantile",0.4,4.38163525855833
"10430",2020-12-12,"15","10  day ahead inc hosp",2020-12-22,"quantile",0.45,6.46012063604118
"10431",2020-12-12,"15","10  day ahead inc hosp",2020-12-22,"quantile",0.5,8.50565241312398
"10432",2020-12-12,"15","10  day ahead inc hosp",2020-12-22,"quantile",0.55,10.5511841902068
"10433",2020-12-12,"15","10  day ahead inc hosp",2020-12-22,"quantile",0.6,12.6296695676896
"10434",2020-12-12,"15","10  day ahead inc hosp",2020-12-22,"quantile",0.65,14.7779491704241
"10435",2020-12-12,"15","10  day ahead inc hosp",2020-12-22,"quantile",0.7,17.0419122854611
"10436",2020-12-12,"15","10  day ahead inc hosp",2020-12-22,"quantile",0.75,19.4850844490859
"10437",2020-12-12,"15","10  day ahead inc hosp",2020-12-22,"quantile",0.8,22.2056725117984
"10438",2020-12-12,"15","10  day ahead inc hosp",2020-12-22,"quantile",0.85,25.3768501688208
"10439",2020-12-12,"15","10  day ahead inc hosp",2020-12-22,"quantile",0.9,29.3669157761135
"10440",2020-12-12,"15","10  day ahead inc hosp",2020-12-22,"quantile",0.95,35.2807940679363
"10441",2020-12-12,"15","10  day ahead inc hosp",2020-12-22,"quantile",0.975,40.4102015258935
"10442",2020-12-12,"15","10  day ahead inc hosp",2020-12-22,"quantile",0.99,46.3742462169742
"10443",2020-12-12,"15","11  day ahead inc hosp",2020-12-23,"quantile",0.01,0
"10444",2020-12-12,"15","11  day ahead inc hosp",2020-12-23,"quantile",0.025,0
"10445",2020-12-12,"15","11  day ahead inc hosp",2020-12-23,"quantile",0.05,0
"10446",2020-12-12,"15","11  day ahead inc hosp",2020-12-23,"quantile",0.1,0
"10447",2020-12-12,"15","11  day ahead inc hosp",2020-12-23,"quantile",0.15,0
"10448",2020-12-12,"15","11  day ahead inc hosp",2020-12-23,"quantile",0.2,0
"10449",2020-12-12,"15","11  day ahead inc hosp",2020-12-23,"quantile",0.25,0
"10450",2020-12-12,"15","11  day ahead inc hosp",2020-12-23,"quantile",0.3,0
"10451",2020-12-12,"15","11  day ahead inc hosp",2020-12-23,"quantile",0.35,2.10438641474877
"10452",2020-12-12,"15","11  day ahead inc hosp",2020-12-23,"quantile",0.4,4.29683835190908
"10453",2020-12-12,"15","11  day ahead inc hosp",2020-12-23,"quantile",0.45,6.41806097415124
"10454",2020-12-12,"15","11  day ahead inc hosp",2020-12-23,"quantile",0.5,8.50565241312398
"10455",2020-12-12,"15","11  day ahead inc hosp",2020-12-23,"quantile",0.55,10.5932438520967
"10456",2020-12-12,"15","11  day ahead inc hosp",2020-12-23,"quantile",0.6,12.7144664743389
"10457",2020-12-12,"15","11  day ahead inc hosp",2020-12-23,"quantile",0.65,14.9069184114992
"10458",2020-12-12,"15","11  day ahead inc hosp",2020-12-23,"quantile",0.7,17.2174325135297
"10459",2020-12-12,"15","11  day ahead inc hosp",2020-12-23,"quantile",0.75,19.7108405113235
"10460",2020-12-12,"15","11  day ahead inc hosp",2020-12-23,"quantile",0.8,22.4873685576342
"10461",2020-12-12,"15","11  day ahead inc hosp",2020-12-23,"quantile",0.85,25.7237510975832
"10462",2020-12-12,"15","11  day ahead inc hosp",2020-12-23,"quantile",0.9,29.7958593366461
"10463",2020-12-12,"15","11  day ahead inc hosp",2020-12-23,"quantile",0.95,35.83133716762
"10464",2020-12-12,"15","11  day ahead inc hosp",2020-12-23,"quantile",0.975,41.0662140911678
"10465",2020-12-12,"15","11  day ahead inc hosp",2020-12-23,"quantile",0.99,47.1528898291057
"10466",2020-12-12,"15","12  day ahead inc hosp",2020-12-24,"quantile",0.01,0
"10467",2020-12-12,"15","12  day ahead inc hosp",2020-12-24,"quantile",0.025,0
"10468",2020-12-12,"15","12  day ahead inc hosp",2020-12-24,"quantile",0.05,0
"10469",2020-12-12,"15","12  day ahead inc hosp",2020-12-24,"quantile",0.1,0
"10470",2020-12-12,"15","12  day ahead inc hosp",2020-12-24,"quantile",0.15,0
"10471",2020-12-12,"15","12  day ahead inc hosp",2020-12-24,"quantile",0.2,0
"10472",2020-12-12,"15","12  day ahead inc hosp",2020-12-24,"quantile",0.25,0
"10473",2020-12-12,"15","12  day ahead inc hosp",2020-12-24,"quantile",0.3,0
"10474",2020-12-12,"15","12  day ahead inc hosp",2020-12-24,"quantile",0.35,1.97796475574698
"10475",2020-12-12,"15","12  day ahead inc hosp",2020-12-24,"quantile",0.4,4.21371647317699
"10476",2020-12-12,"15","12  day ahead inc hosp",2020-12-24,"quantile",0.45,6.37683213393435
"10477",2020-12-12,"15","12  day ahead inc hosp",2020-12-24,"quantile",0.5,8.50565241312398
"10478",2020-12-12,"15","12  day ahead inc hosp",2020-12-24,"quantile",0.55,10.6344726923136
"10479",2020-12-12,"15","12  day ahead inc hosp",2020-12-24,"quantile",0.6,12.797588353071
"10480",2020-12-12,"15","12  day ahead inc hosp",2020-12-24,"quantile",0.65,15.033340070501
"10481",2020-12-12,"15","12  day ahead inc hosp",2020-12-24,"quantile",0.7,17.3894856188735
"10482",2020-12-12,"15","12  day ahead inc hosp",2020-12-24,"quantile",0.75,19.9321371218941
"10483",2020-12-12,"15","12  day ahead inc hosp",2020-12-24,"quantile",0.8,22.7635001464683
"10484",2020-12-12,"15","12  day ahead inc hosp",2020-12-24,"quantile",0.85,26.0637995506702
"10485",2020-12-12,"15","12  day ahead inc hosp",2020-12-24,"quantile",0.9,30.2163297999023
"10486",2020-12-12,"15","12  day ahead inc hosp",2020-12-24,"quantile",0.95,36.371005164685
"10487",2020-12-12,"15","12  day ahead inc hosp",2020-12-24,"quantile",0.975,41.7092681724094
"10488",2020-12-12,"15","12  day ahead inc hosp",2020-12-24,"quantile",0.99,47.9161525760693
"10489",2020-12-12,"15","13  day ahead inc hosp",2020-12-25,"quantile",0.01,0
"10490",2020-12-12,"15","13  day ahead inc hosp",2020-12-25,"quantile",0.025,0
"10491",2020-12-12,"15","13  day ahead inc hosp",2020-12-25,"quantile",0.05,0
"10492",2020-12-12,"15","13  day ahead inc hosp",2020-12-25,"quantile",0.1,0
"10493",2020-12-12,"15","13  day ahead inc hosp",2020-12-25,"quantile",0.15,0
"10494",2020-12-12,"15","13  day ahead inc hosp",2020-12-25,"quantile",0.2,0
"10495",2020-12-12,"15","13  day ahead inc hosp",2020-12-25,"quantile",0.25,0
"10496",2020-12-12,"15","13  day ahead inc hosp",2020-12-25,"quantile",0.3,0
"10497",2020-12-12,"15","13  day ahead inc hosp",2020-12-25,"quantile",0.35,1.85394541998384
"10498",2020-12-12,"15","13  day ahead inc hosp",2020-12-25,"quantile",0.4,4.13217411509424
"10499",2020-12-12,"15","13  day ahead inc hosp",2020-12-25,"quantile",0.45,6.33638674333943
"10500",2020-12-12,"15","13  day ahead inc hosp",2020-12-25,"quantile",0.5,8.50565241312398
"10501",2020-12-12,"15","13  day ahead inc hosp",2020-12-25,"quantile",0.55,10.6749180829085
"10502",2020-12-12,"15","13  day ahead inc hosp",2020-12-25,"quantile",0.6,12.8791307111537
"10503",2020-12-12,"15","13  day ahead inc hosp",2020-12-25,"quantile",0.65,15.1573594062641
"10504",2020-12-12,"15","13  day ahead inc hosp",2020-12-25,"quantile",0.7,17.5582692909848
"10505",2020-12-12,"15","13  day ahead inc hosp",2020-12-25,"quantile",0.75,20.1492285512133
"10506",2020-12-12,"15","13  day ahead inc hosp",2020-12-25,"quantile",0.8,23.0343845542575
"10507",2020-12-12,"15","13  day ahead inc hosp",2020-12-25,"quantile",0.85,26.3973862446918
"10508",2020-12-12,"15","13  day ahead inc hosp",2020-12-25,"quantile",0.9,30.6288102876035
"10509",2020-12-12,"15","13  day ahead inc hosp",2020-12-25,"quantile",0.95,36.9004181391475
"10510",2020-12-12,"15","13  day ahead inc hosp",2020-12-25,"quantile",0.975,42.3401026405304
"10511",2020-12-12,"15","13  day ahead inc hosp",2020-12-25,"quantile",0.99,48.6649114488652
"10512",2020-12-12,"15","14  day ahead inc hosp",2020-12-26,"quantile",0.01,0
"10513",2020-12-12,"15","14  day ahead inc hosp",2020-12-26,"quantile",0.025,0
"10514",2020-12-12,"15","14  day ahead inc hosp",2020-12-26,"quantile",0.05,0
"10515",2020-12-12,"15","14  day ahead inc hosp",2020-12-26,"quantile",0.1,0
"10516",2020-12-12,"15","14  day ahead inc hosp",2020-12-26,"quantile",0.15,0
"10517",2020-12-12,"15","14  day ahead inc hosp",2020-12-26,"quantile",0.2,0
"10518",2020-12-12,"15","14  day ahead inc hosp",2020-12-26,"quantile",0.25,0
"10519",2020-12-12,"15","14  day ahead inc hosp",2020-12-26,"quantile",0.3,0
"10520",2020-12-12,"15","14  day ahead inc hosp",2020-12-26,"quantile",0.35,1.73219644937055
"10521",2020-12-12,"15","14  day ahead inc hosp",2020-12-26,"quantile",0.4,4.05212451559537
"10522",2020-12-12,"15","14  day ahead inc hosp",2020-12-26,"quantile",0.45,6.29668176797666
"10523",2020-12-12,"15","14  day ahead inc hosp",2020-12-26,"quantile",0.5,8.50565241312398
"10524",2020-12-12,"15","14  day ahead inc hosp",2020-12-26,"quantile",0.55,10.7146230582713
"10525",2020-12-12,"15","14  day ahead inc hosp",2020-12-26,"quantile",0.6,12.9591803106526
"10526",2020-12-12,"15","14  day ahead inc hosp",2020-12-26,"quantile",0.65,15.2791083768774
"10527",2020-12-12,"15","14  day ahead inc hosp",2020-12-26,"quantile",0.7,17.7239631177533
"10528",2020-12-12,"15","14  day ahead inc hosp",2020-12-26,"quantile",0.75,20.3623457872148
"10529",2020-12-12,"15","14  day ahead inc hosp",2020-12-26,"quantile",0.8,23.3003100053219
"10530",2020-12-12,"15","14  day ahead inc hosp",2020-12-26,"quantile",0.85,26.7248661199669
"10531",2020-12-12,"15","14  day ahead inc hosp",2020-12-26,"quantile",0.9,31.0337396840293
"10532",2020-12-12,"15","14  day ahead inc hosp",2020-12-26,"quantile",0.95,37.420139392882
"10533",2020-12-12,"15","14  day ahead inc hosp",2020-12-26,"quantile",0.975,42.9593887111137
"10534",2020-12-12,"15","14  day ahead inc hosp",2020-12-26,"quantile",0.99,49.3999631360842
"10535",2020-12-12,"15","15  day ahead inc hosp",2020-12-27,"quantile",0.01,0
"10536",2020-12-12,"15","15  day ahead inc hosp",2020-12-27,"quantile",0.025,0
"10537",2020-12-12,"15","15  day ahead inc hosp",2020-12-27,"quantile",0.05,0
"10538",2020-12-12,"15","15  day ahead inc hosp",2020-12-27,"quantile",0.1,0
"10539",2020-12-12,"15","15  day ahead inc hosp",2020-12-27,"quantile",0.15,0
"10540",2020-12-12,"15","15  day ahead inc hosp",2020-12-27,"quantile",0.2,0
"10541",2020-12-12,"15","15  day ahead inc hosp",2020-12-27,"quantile",0.25,0
"10542",2020-12-12,"15","15  day ahead inc hosp",2020-12-27,"quantile",0.3,0
"10543",2020-12-12,"15","15  day ahead inc hosp",2020-12-27,"quantile",0.35,1.60873662951732
"10544",2020-12-12,"15","15  day ahead inc hosp",2020-12-27,"quantile",0.4,3.96962766420969
"10545",2020-12-12,"15","15  day ahead inc hosp",2020-12-27,"quantile",0.45,6.25381706264392
"10546",2020-12-12,"15","15  day ahead inc hosp",2020-12-27,"quantile",0.5,8.50179150114167
"10547",2020-12-12,"15","15  day ahead inc hosp",2020-12-27,"quantile",0.55,10.7497659396394
"10548",2020-12-12,"15","15  day ahead inc hosp",2020-12-27,"quantile",0.6,13.0339553380737
"10549",2020-12-12,"15","15  day ahead inc hosp",2020-12-27,"quantile",0.65,15.394846372766
"10550",2020-12-12,"15","15  day ahead inc hosp",2020-12-27,"quantile",0.7,17.8828699123285
"10551",2020-12-12,"15","15  day ahead inc hosp",2020-12-27,"quantile",0.75,20.5678385029951
"10552",2020-12-12,"15","15  day ahead inc hosp",2020-12-27,"quantile",0.8,23.5576783535311
"10553",2020-12-12,"15","15  day ahead inc hosp",2020-12-27,"quantile",0.85,27.0427018534291
"10554",2020-12-12,"15","15  day ahead inc hosp",2020-12-27,"quantile",0.9,31.427657195416
"10555",2020-12-12,"15","15  day ahead inc hosp",2020-12-27,"quantile",0.95,37.92682156008
"10556",2020-12-12,"15","15  day ahead inc hosp",2020-12-27,"quantile",0.975,43.5638774001863
"10557",2020-12-12,"15","15  day ahead inc hosp",2020-12-27,"quantile",0.99,50.118173043898
"10558",2020-12-12,"15","16  day ahead inc hosp",2020-12-28,"quantile",0.01,0
"10559",2020-12-12,"15","16  day ahead inc hosp",2020-12-28,"quantile",0.025,0
"10560",2020-12-12,"15","16  day ahead inc hosp",2020-12-28,"quantile",0.05,0
"10561",2020-12-12,"15","16  day ahead inc hosp",2020-12-28,"quantile",0.1,0
"10562",2020-12-12,"15","16  day ahead inc hosp",2020-12-28,"quantile",0.15,0
"10563",2020-12-12,"15","16  day ahead inc hosp",2020-12-28,"quantile",0.2,0
"10564",2020-12-12,"15","16  day ahead inc hosp",2020-12-28,"quantile",0.25,0
"10565",2020-12-12,"15","16  day ahead inc hosp",2020-12-28,"quantile",0.3,0
"10566",2020-12-12,"15","16  day ahead inc hosp",2020-12-28,"quantile",0.35,1.49117774530391
"10567",2020-12-12,"15","16  day ahead inc hosp",2020-12-28,"quantile",0.4,3.89233303451867
"10568",2020-12-12,"15","16  day ahead inc hosp",2020-12-28,"quantile",0.45,6.21547856517773
"10569",2020-12-12,"15","16  day ahead inc hosp",2020-12-28,"quantile",0.5,8.50179150114167
"10570",2020-12-12,"15","16  day ahead inc hosp",2020-12-28,"quantile",0.55,10.7881044371056
"10571",2020-12-12,"15","16  day ahead inc hosp",2020-12-28,"quantile",0.6,13.1112499677647
"10572",2020-12-12,"15","16  day ahead inc hosp",2020-12-28,"quantile",0.65,15.5124052569794
"10573",2020-12-12,"15","16  day ahead inc hosp",2020-12-28,"quantile",0.7,18.0428612559746
"10574",2020-12-12,"15","16  day ahead inc hosp",2020-12-28,"quantile",0.75,20.7736211420168
"10575",2020-12-12,"15","16  day ahead inc hosp",2020-12-28,"quantile",0.8,23.8144517714385
"10576",2020-12-12,"15","16  day ahead inc hosp",2020-12-28,"quantile",0.85,27.3589112517162
"10577",2020-12-12,"15","16  day ahead inc hosp",2020-12-28,"quantile",0.9,31.8186506287832
"10578",2020-12-12,"15","16  day ahead inc hosp",2020-12-28,"quantile",0.95,38.428656198872
"10579",2020-12-12,"15","16  day ahead inc hosp",2020-12-28,"quantile",0.975,44.1618502544943
"10580",2020-12-12,"15","16  day ahead inc hosp",2020-12-28,"quantile",0.99,50.827927350266
"10581",2020-12-12,"15","17  day ahead inc hosp",2020-12-29,"quantile",0.01,0
"10582",2020-12-12,"15","17  day ahead inc hosp",2020-12-29,"quantile",0.025,0
"10583",2020-12-12,"15","17  day ahead inc hosp",2020-12-29,"quantile",0.05,0
"10584",2020-12-12,"15","17  day ahead inc hosp",2020-12-29,"quantile",0.1,0
"10585",2020-12-12,"15","17  day ahead inc hosp",2020-12-29,"quantile",0.15,0
"10586",2020-12-12,"15","17  day ahead inc hosp",2020-12-29,"quantile",0.2,0
"10587",2020-12-12,"15","17  day ahead inc hosp",2020-12-29,"quantile",0.25,0
"10588",2020-12-12,"15","17  day ahead inc hosp",2020-12-29,"quantile",0.3,0
"10589",2020-12-12,"15","17  day ahead inc hosp",2020-12-29,"quantile",0.35,1.37555792344728
"10590",2020-12-12,"15","17  day ahead inc hosp",2020-12-29,"quantile",0.4,3.81631333277391
"10591",2020-12-12,"15","17  day ahead inc hosp",2020-12-29,"quantile",0.45,6.17777243792966
"10592",2020-12-12,"15","17  day ahead inc hosp",2020-12-29,"quantile",0.5,8.50179150114167
"10593",2020-12-12,"15","17  day ahead inc hosp",2020-12-29,"quantile",0.55,10.8258105643537
"10594",2020-12-12,"15","17  day ahead inc hosp",2020-12-29,"quantile",0.6,13.1872696695094
"10595",2020-12-12,"15","17  day ahead inc hosp",2020-12-29,"quantile",0.65,15.6280250788361
"10596",2020-12-12,"15","17  day ahead inc hosp",2020-12-29,"quantile",0.7,18.200213639631
"10597",2020-12-12,"15","17  day ahead inc hosp",2020-12-29,"quantile",0.75,20.9760095214581
"10598",2020-12-12,"15","17  day ahead inc hosp",2020-12-29,"quantile",0.8,24.0669898678539
"10599",2020-12-12,"15","17  day ahead inc hosp",2020-12-29,"quantile",0.85,27.669904968133
"10600",2020-12-12,"15","17  day ahead inc hosp",2020-12-29,"quantile",0.9,32.2031948630665
"10601",2020-12-12,"15","17  day ahead inc hosp",2020-12-29,"quantile",0.95,38.9222133802526
"10602",2020-12-12,"15","17  day ahead inc hosp",2020-12-29,"quantile",0.975,44.7499599099473
"10603",2020-12-12,"15","17  day ahead inc hosp",2020-12-29,"quantile",0.99,51.5259746906548
"10604",2020-12-12,"15","18  day ahead inc hosp",2020-12-30,"quantile",0.01,0
"10605",2020-12-12,"15","18  day ahead inc hosp",2020-12-30,"quantile",0.025,0
"10606",2020-12-12,"15","18  day ahead inc hosp",2020-12-30,"quantile",0.05,0
"10607",2020-12-12,"15","18  day ahead inc hosp",2020-12-30,"quantile",0.1,0
"10608",2020-12-12,"15","18  day ahead inc hosp",2020-12-30,"quantile",0.15,0
"10609",2020-12-12,"15","18  day ahead inc hosp",2020-12-30,"quantile",0.2,0
"10610",2020-12-12,"15","18  day ahead inc hosp",2020-12-30,"quantile",0.25,0
"10611",2020-12-12,"15","18  day ahead inc hosp",2020-12-30,"quantile",0.3,0
"10612",2020-12-12,"15","18  day ahead inc hosp",2020-12-30,"quantile",0.35,1.26178426535962
"10613",2020-12-12,"15","18  day ahead inc hosp",2020-12-30,"quantile",0.4,3.74150747841999
"10614",2020-12-12,"15","18  day ahead inc hosp",2020-12-30,"quantile",0.45,6.14066838465884
"10615",2020-12-12,"15","18  day ahead inc hosp",2020-12-30,"quantile",0.5,8.50179150114167
"10616",2020-12-12,"15","18  day ahead inc hosp",2020-12-30,"quantile",0.55,10.8629146176245
"10617",2020-12-12,"15","18  day ahead inc hosp",2020-12-30,"quantile",0.6,13.2620755238634
"10618",2020-12-12,"15","18  day ahead inc hosp",2020-12-30,"quantile",0.65,15.7417987369237
"10619",2020-12-12,"15","18  day ahead inc hosp",2020-12-30,"quantile",0.7,18.355053493299
"10620",2020-12-12,"15","18  day ahead inc hosp",2020-12-30,"quantile",0.75,21.1751662569876
"10621",2020-12-12,"15","18  day ahead inc hosp",2020-12-30,"quantile",0.8,24.3154955529025
"10622",2020-12-12,"15","18  day ahead inc hosp",2020-12-30,"quantile",0.85,27.975932880915
"10623",2020-12-12,"15","18  day ahead inc hosp",2020-12-30,"quantile",0.9,32.5815988731087
"10624",2020-12-12,"15","18  day ahead inc hosp",2020-12-30,"quantile",0.95,39.4078896691395
"10625",2020-12-12,"15","18  day ahead inc hosp",2020-12-30,"quantile",0.975,45.3286789027903
"10626",2020-12-12,"15","18  day ahead inc hosp",2020-12-30,"quantile",0.99,52.2128759343954
"10627",2020-12-12,"15","19  day ahead inc hosp",2020-12-31,"quantile",0.01,0
"10628",2020-12-12,"15","19  day ahead inc hosp",2020-12-31,"quantile",0.025,0
"10629",2020-12-12,"15","19  day ahead inc hosp",2020-12-31,"quantile",0.05,0
"10630",2020-12-12,"15","19  day ahead inc hosp",2020-12-31,"quantile",0.1,0
"10631",2020-12-12,"15","19  day ahead inc hosp",2020-12-31,"quantile",0.15,0
"10632",2020-12-12,"15","19  day ahead inc hosp",2020-12-31,"quantile",0.2,0
"10633",2020-12-12,"15","19  day ahead inc hosp",2020-12-31,"quantile",0.25,0
"10634",2020-12-12,"15","19  day ahead inc hosp",2020-12-31,"quantile",0.3,0
"10635",2020-12-12,"15","19  day ahead inc hosp",2020-12-31,"quantile",0.35,1.14977106152822
"10636",2020-12-12,"15","19  day ahead inc hosp",2020-12-31,"quantile",0.4,3.66785911769775
"10637",2020-12-12,"15","19  day ahead inc hosp",2020-12-31,"quantile",0.45,6.10413845363743
"10638",2020-12-12,"15","19  day ahead inc hosp",2020-12-31,"quantile",0.5,8.50179150114167
"10639",2020-12-12,"15","19  day ahead inc hosp",2020-12-31,"quantile",0.55,10.8994445486459
"10640",2020-12-12,"15","19  day ahead inc hosp",2020-12-31,"quantile",0.6,13.3357238845856
"10641",2020-12-12,"15","19  day ahead inc hosp",2020-12-31,"quantile",0.65,15.8538119407551
"10642",2020-12-12,"15","19  day ahead inc hosp",2020-12-31,"quantile",0.7,18.5074974630339
"10643",2020-12-12,"15","19  day ahead inc hosp",2020-12-31,"quantile",0.75,21.3712413800541
"10644",2020-12-12,"15","19  day ahead inc hosp",2020-12-31,"quantile",0.8,24.5601560342518
"10645",2020-12-12,"15","19  day ahead inc hosp",2020-12-31,"quantile",0.85,28.2772255311534
"10646",2020-12-12,"15","19  day ahead inc hosp",2020-12-31,"quantile",0.9,32.9541477233428
"10647",2020-12-12,"15","19  day ahead inc hosp",2020-12-31,"quantile",0.95,39.8860509417714
"10648",2020-12-12,"15","19  day ahead inc hosp",2020-12-31,"quantile",0.975,45.8984432014514
"10649",2020-12-12,"15","19  day ahead inc hosp",2020-12-31,"quantile",0.99,52.8891485472341
"10650",2020-12-12,"15","20  day ahead inc hosp",2021-01-01,"quantile",0.01,0
"10651",2020-12-12,"15","20  day ahead inc hosp",2021-01-01,"quantile",0.025,0
"10652",2020-12-12,"15","20  day ahead inc hosp",2021-01-01,"quantile",0.05,0
"10653",2020-12-12,"15","20  day ahead inc hosp",2021-01-01,"quantile",0.1,0
"10654",2020-12-12,"15","20  day ahead inc hosp",2021-01-01,"quantile",0.15,0
"10655",2020-12-12,"15","20  day ahead inc hosp",2021-01-01,"quantile",0.2,0
"10656",2020-12-12,"15","20  day ahead inc hosp",2021-01-01,"quantile",0.25,0
"10657",2020-12-12,"15","20  day ahead inc hosp",2021-01-01,"quantile",0.3,0
"10658",2020-12-12,"15","20  day ahead inc hosp",2021-01-01,"quantile",0.35,1.03943903594604
"10659",2020-12-12,"15","20  day ahead inc hosp",2021-01-01,"quantile",0.4,3.59531612685961
"10660",2020-12-12,"15","20  day ahead inc hosp",2021-01-01,"quantile",0.45,6.06815679124309
"10661",2020-12-12,"15","20  day ahead inc hosp",2021-01-01,"quantile",0.5,8.50179150114167
"10662",2020-12-12,"15","20  day ahead inc hosp",2021-01-01,"quantile",0.55,10.9354262110403
"10663",2020-12-12,"15","20  day ahead inc hosp",2021-01-01,"quantile",0.6,13.4082668754237
"10664",2020-12-12,"15","20  day ahead inc hosp",2021-01-01,"quantile",0.65,15.9641439663373
"10665",2020-12-12,"15","20  day ahead inc hosp",2021-01-01,"quantile",0.7,18.6576534392343
"10666",2020-12-12,"15","20  day ahead inc hosp",2021-01-01,"quantile",0.75,21.5643736604839
"10667",2020-12-12,"15","20  day ahead inc hosp",2021-01-01,"quantile",0.8,24.8011444674353
"10668",2020-12-12,"15","20  day ahead inc hosp",2021-01-01,"quantile",0.85,28.5739961551225
"10669",2020-12-12,"15","20  day ahead inc hosp",2021-01-01,"quantile",0.9,33.3211050807675
"10670",2020-12-12,"15","20  day ahead inc hosp",2021-01-01,"quantile",0.95,40.3570356110773
"10671",2020-12-12,"15","20  day ahead inc hosp",2021-01-01,"quantile",0.975,46.4596560498074
"10672",2020-12-12,"15","20  day ahead inc hosp",2021-01-01,"quantile",0.99,53.5552711530348
"10673",2020-12-12,"15","21  day ahead inc hosp",2021-01-02,"quantile",0.01,0
"10674",2020-12-12,"15","21  day ahead inc hosp",2021-01-02,"quantile",0.025,0
"10675",2020-12-12,"15","21  day ahead inc hosp",2021-01-02,"quantile",0.05,0
"10676",2020-12-12,"15","21  day ahead inc hosp",2021-01-02,"quantile",0.1,0
"10677",2020-12-12,"15","21  day ahead inc hosp",2021-01-02,"quantile",0.15,0
"10678",2020-12-12,"15","21  day ahead inc hosp",2021-01-02,"quantile",0.2,0
"10679",2020-12-12,"15","21  day ahead inc hosp",2021-01-02,"quantile",0.25,0
"10680",2020-12-12,"15","21  day ahead inc hosp",2021-01-02,"quantile",0.3,0
"10681",2020-12-12,"15","21  day ahead inc hosp",2021-01-02,"quantile",0.35,0.930714689674971
"10682",2020-12-12,"15","21  day ahead inc hosp",2021-01-02,"quantile",0.4,3.52383018056427
"10683",2020-12-12,"15","21  day ahead inc hosp",2021-01-02,"quantile",0.45,6.03269942788075
"10684",2020-12-12,"15","21  day ahead inc hosp",2021-01-02,"quantile",0.5,8.50179150114167
"10685",2020-12-12,"15","21  day ahead inc hosp",2021-01-02,"quantile",0.55,10.9708835744026
"10686",2020-12-12,"15","21  day ahead inc hosp",2021-01-02,"quantile",0.6,13.4797528217191
"10687",2020-12-12,"15","21  day ahead inc hosp",2021-01-02,"quantile",0.65,16.0728683126084
"10688",2020-12-12,"15","21  day ahead inc hosp",2021-01-02,"quantile",0.7,18.8056214500175
"10689",2020-12-12,"15","21  day ahead inc hosp",2021-01-02,"quantile",0.75,21.7546917555498
"10690",2020-12-12,"15","21  day ahead inc hosp",2021-01-02,"quantile",0.8,25.0386213896481
"10691",2020-12-12,"15","21  day ahead inc hosp",2021-01-02,"quantile",0.85,28.8664424499607
"10692",2020-12-12,"15","21  day ahead inc hosp",2021-01-02,"quantile",0.9,33.6827153982145
"10693",2020-12-12,"15","21  day ahead inc hosp",2021-01-02,"quantile",0.95,40.8211574288702
"10694",2020-12-12,"15","21  day ahead inc hosp",2021-01-02,"quantile",0.975,47.0126913062024
"10695",2020-12-12,"15","21  day ahead inc hosp",2021-01-02,"quantile",0.99,54.2116874969739
"10696",2020-12-12,"15","22  day ahead inc hosp",2021-01-03,"quantile",0.01,0
"10697",2020-12-12,"15","22  day ahead inc hosp",2021-01-03,"quantile",0.025,0
"10698",2020-12-12,"15","22  day ahead inc hosp",2021-01-03,"quantile",0.05,0
"10699",2020-12-12,"15","22  day ahead inc hosp",2021-01-03,"quantile",0.1,0
"10700",2020-12-12,"15","22  day ahead inc hosp",2021-01-03,"quantile",0.15,0
"10701",2020-12-12,"15","22  day ahead inc hosp",2021-01-03,"quantile",0.2,0
"10702",2020-12-12,"15","22  day ahead inc hosp",2021-01-03,"quantile",0.25,0
"10703",2020-12-12,"15","22  day ahead inc hosp",2021-01-03,"quantile",0.3,0
"10704",2020-12-12,"15","22  day ahead inc hosp",2021-01-03,"quantile",0.35,0.821717749754805
"10705",2020-12-12,"15","22  day ahead inc hosp",2021-01-03,"quantile",0.4,3.45154439695482
"10706",2020-12-12,"15","22  day ahead inc hosp",2021-01-03,"quantile",0.45,5.99593211285667
"10707",2020-12-12,"15","22  day ahead inc hosp",2021-01-03,"quantile",0.5,8.49997952280255
"10708",2020-12-12,"15","22  day ahead inc hosp",2021-01-03,"quantile",0.55,11.0040269327484
"10709",2020-12-12,"15","22  day ahead inc hosp",2021-01-03,"quantile",0.6,13.5484146486503
"10710",2020-12-12,"15","22  day ahead inc hosp",2021-01-03,"quantile",0.65,16.1782412958503
"10711",2020-12-12,"15","22  day ahead inc hosp",2021-01-03,"quantile",0.7,18.9496824623651
"10712",2020-12-12,"15","22  day ahead inc hosp",2021-01-03,"quantile",0.75,21.9405032342142
"10713",2020-12-12,"15","22  day ahead inc hosp",2021-01-03,"quantile",0.8,25.2709239924194
"10714",2020-12-12,"15","22  day ahead inc hosp",2021-01-03,"quantile",0.85,29.1529361359169
"10715",2020-12-12,"15","22  day ahead inc hosp",2021-01-03,"quantile",0.9,34.0373938409467
"10716",2020-12-12,"15","22  day ahead inc hosp",2021-01-03,"quantile",0.95,41.2768959524676
"10717",2020-12-12,"15","22  day ahead inc hosp",2021-01-03,"quantile",0.975,47.5560843784585
"10718",2020-12-12,"15","22  day ahead inc hosp",2021-01-03,"quantile",0.99,54.8569979251551
"10719",2020-12-12,"15","23  day ahead inc hosp",2021-01-04,"quantile",0.01,0
"10720",2020-12-12,"15","23  day ahead inc hosp",2021-01-04,"quantile",0.025,0
"10721",2020-12-12,"15","23  day ahead inc hosp",2021-01-04,"quantile",0.05,0
"10722",2020-12-12,"15","23  day ahead inc hosp",2021-01-04,"quantile",0.1,0
"10723",2020-12-12,"15","23  day ahead inc hosp",2021-01-04,"quantile",0.15,0
"10724",2020-12-12,"15","23  day ahead inc hosp",2021-01-04,"quantile",0.2,0
"10725",2020-12-12,"15","23  day ahead inc hosp",2021-01-04,"quantile",0.25,0
"10726",2020-12-12,"15","23  day ahead inc hosp",2021-01-04,"quantile",0.3,0
"10727",2020-12-12,"15","23  day ahead inc hosp",2021-01-04,"quantile",0.35,0.716008580811327
"10728",2020-12-12,"15","23  day ahead inc hosp",2021-01-04,"quantile",0.4,3.38204092111713
"10729",2020-12-12,"15","23  day ahead inc hosp",2021-01-04,"quantile",0.45,5.96145806410391
"10730",2020-12-12,"15","23  day ahead inc hosp",2021-01-04,"quantile",0.5,8.49997952280255
"10731",2020-12-12,"15","23  day ahead inc hosp",2021-01-04,"quantile",0.55,11.0385009815012
"10732",2020-12-12,"15","23  day ahead inc hosp",2021-01-04,"quantile",0.6,13.617918124488
"10733",2020-12-12,"15","23  day ahead inc hosp",2021-01-04,"quantile",0.65,16.2839504647938
"10734",2020-12-12,"15","23  day ahead inc hosp",2021-01-04,"quantile",0.7,19.0935469783321
"10735",2020-12-12,"15","23  day ahead inc hosp",2021-01-04,"quantile",0.75,22.1255433687776
"10736",2020-12-12,"15","23  day ahead inc hosp",2021-01-04,"quantile",0.8,25.5018151308934
"10737",2020-12-12,"15","23  day ahead inc hosp",2021-01-04,"quantile",0.85,29.4372722193077
"10738",2020-12-12,"15","23  day ahead inc hosp",2021-01-04,"quantile",0.9,34.3889758687973
"10739",2020-12-12,"15","23  day ahead inc hosp",2021-01-04,"quantile",0.95,41.7281465999087
"10740",2020-12-12,"15","23  day ahead inc hosp",2021-01-04,"quantile",0.975,48.0937826894165
"10741",2020-12-12,"15","23  day ahead inc hosp",2021-01-04,"quantile",0.99,55.4952103272396
"10742",2020-12-12,"15","24  day ahead inc hosp",2021-01-05,"quantile",0.01,0
"10743",2020-12-12,"15","24  day ahead inc hosp",2021-01-05,"quantile",0.025,0
"10744",2020-12-12,"15","24  day ahead inc hosp",2021-01-05,"quantile",0.05,0
"10745",2020-12-12,"15","24  day ahead inc hosp",2021-01-05,"quantile",0.1,0
"10746",2020-12-12,"15","24  day ahead inc hosp",2021-01-05,"quantile",0.15,0
"10747",2020-12-12,"15","24  day ahead inc hosp",2021-01-05,"quantile",0.2,0
"10748",2020-12-12,"15","24  day ahead inc hosp",2021-01-05,"quantile",0.25,0
"10749",2020-12-12,"15","24  day ahead inc hosp",2021-01-05,"quantile",0.3,0
"10750",2020-12-12,"15","24  day ahead inc hosp",2021-01-05,"quantile",0.35,0.611715873805949
"10751",2020-12-12,"15","24  day ahead inc hosp",2021-01-05,"quantile",0.4,3.31346876494712
"10752",2020-12-12,"15","24  day ahead inc hosp",2021-01-05,"quantile",0.45,5.92744595425768
"10753",2020-12-12,"15","24  day ahead inc hosp",2021-01-05,"quantile",0.5,8.49997952280255
"10754",2020-12-12,"15","24  day ahead inc hosp",2021-01-05,"quantile",0.55,11.0725130913474
"10755",2020-12-12,"15","24  day ahead inc hosp",2021-01-05,"quantile",0.6,13.686490280658
"10756",2020-12-12,"15","24  day ahead inc hosp",2021-01-05,"quantile",0.65,16.3882431717991
"10757",2020-12-12,"15","24  day ahead inc hosp",2021-01-05,"quantile",0.7,19.2354837654829
"10758",2020-12-12,"15","24  day ahead inc hosp",2021-01-05,"quantile",0.75,22.308104037177
"10759",2020-12-12,"15","24  day ahead inc hosp",2021-01-05,"quantile",0.8,25.7296124175023
"10760",2020-12-12,"15","24  day ahead inc hosp",2021-01-05,"quantile",0.85,29.717798309263
"10761",2020-12-12,"15","24  day ahead inc hosp",2021-01-05,"quantile",0.9,34.7358468335912
"10762",2020-12-12,"15","24  day ahead inc hosp",2021-01-05,"quantile",0.95,42.1733506633776
"10763",2020-12-12,"15","24  day ahead inc hosp",2021-01-05,"quantile",0.975,48.6242760511797
"10764",2020-12-12,"15","24  day ahead inc hosp",2021-01-05,"quantile",0.99,56.1248709302227
"10765",2020-12-12,"15","25  day ahead inc hosp",2021-01-06,"quantile",0.01,0
"10766",2020-12-12,"15","25  day ahead inc hosp",2021-01-06,"quantile",0.025,0
"10767",2020-12-12,"15","25  day ahead inc hosp",2021-01-06,"quantile",0.05,0
"10768",2020-12-12,"15","25  day ahead inc hosp",2021-01-06,"quantile",0.1,0
"10769",2020-12-12,"15","25  day ahead inc hosp",2021-01-06,"quantile",0.15,0
"10770",2020-12-12,"15","25  day ahead inc hosp",2021-01-06,"quantile",0.2,0
"10771",2020-12-12,"15","25  day ahead inc hosp",2021-01-06,"quantile",0.25,0
"10772",2020-12-12,"15","25  day ahead inc hosp",2021-01-06,"quantile",0.3,0
"10773",2020-12-12,"15","25  day ahead inc hosp",2021-01-06,"quantile",0.35,0.508784170015921
"10774",2020-12-12,"15","25  day ahead inc hosp",2021-01-06,"quantile",0.4,3.24579146449339
"10775",2020-12-12,"15","25  day ahead inc hosp",2021-01-06,"quantile",0.45,5.8938776970277
"10776",2020-12-12,"15","25  day ahead inc hosp",2021-01-06,"quantile",0.5,8.49997952280255
"10777",2020-12-12,"15","25  day ahead inc hosp",2021-01-06,"quantile",0.55,11.1060813485774
"10778",2020-12-12,"15","25  day ahead inc hosp",2021-01-06,"quantile",0.6,13.7541675811117
"10779",2020-12-12,"15","25  day ahead inc hosp",2021-01-06,"quantile",0.65,16.4911748755892
"10780",2020-12-12,"15","25  day ahead inc hosp",2021-01-06,"quantile",0.7,19.3755683001681
"10781",2020-12-12,"15","25  day ahead inc hosp",2021-01-06,"quantile",0.75,22.4882823179309
"10782",2020-12-12,"15","25  day ahead inc hosp",2021-01-06,"quantile",0.8,25.9544369858031
"10783",2020-12-12,"15","25  day ahead inc hosp",2021-01-06,"quantile",0.85,29.9946635784248
"10784",2020-12-12,"15","25  day ahead inc hosp",2021-01-06,"quantile",0.9,35.0781911875419
"10785",2020-12-12,"15","25  day ahead inc hosp",2021-01-06,"quantile",0.95,42.6127448847275
"10786",2020-12-12,"15","25  day ahead inc hosp",2021-01-06,"quantile",0.975,49.1478465590655
"10787",2020-12-12,"15","25  day ahead inc hosp",2021-01-06,"quantile",0.99,56.7463145626251
"10788",2020-12-12,"15","26  day ahead inc hosp",2021-01-07,"quantile",0.01,0
"10789",2020-12-12,"15","26  day ahead inc hosp",2021-01-07,"quantile",0.025,0
"10790",2020-12-12,"15","26  day ahead inc hosp",2021-01-07,"quantile",0.05,0
"10791",2020-12-12,"15","26  day ahead inc hosp",2021-01-07,"quantile",0.1,0
"10792",2020-12-12,"15","26  day ahead inc hosp",2021-01-07,"quantile",0.15,0
"10793",2020-12-12,"15","26  day ahead inc hosp",2021-01-07,"quantile",0.2,0
"10794",2020-12-12,"15","26  day ahead inc hosp",2021-01-07,"quantile",0.25,0
"10795",2020-12-12,"15","26  day ahead inc hosp",2021-01-07,"quantile",0.3,0
"10796",2020-12-12,"15","26  day ahead inc hosp",2021-01-07,"quantile",0.35,0.407161537902851
"10797",2020-12-12,"15","26  day ahead inc hosp",2021-01-07,"quantile",0.4,3.17897487491818
"10798",2020-12-12,"15","26  day ahead inc hosp",2021-01-07,"quantile",0.45,5.86073635641493
"10799",2020-12-12,"15","26  day ahead inc hosp",2021-01-07,"quantile",0.5,8.49997952280255
"10800",2020-12-12,"15","26  day ahead inc hosp",2021-01-07,"quantile",0.55,11.1392226891902
"10801",2020-12-12,"15","26  day ahead inc hosp",2021-01-07,"quantile",0.6,13.8209841706869
"10802",2020-12-12,"15","26  day ahead inc hosp",2021-01-07,"quantile",0.65,16.5927975077022
"10803",2020-12-12,"15","26  day ahead inc hosp",2021-01-07,"quantile",0.7,19.5138712584296
"10804",2020-12-12,"15","26  day ahead inc hosp",2021-01-07,"quantile",0.75,22.6661691153472
"10805",2020-12-12,"15","26  day ahead inc hosp",2021-01-07,"quantile",0.8,26.1764022652374
"10806",2020-12-12,"15","26  day ahead inc hosp",2021-01-07,"quantile",0.85,30.2680077120292
"10807",2020-12-12,"15","26  day ahead inc hosp",2021-01-07,"quantile",0.9,35.4161816516703
"10808",2020-12-12,"15","26  day ahead inc hosp",2021-01-07,"quantile",0.95,43.0465509489886
"10809",2020-12-12,"15","26  day ahead inc hosp",2021-01-07,"quantile",0.975,49.6647583670801
"10810",2020-12-12,"15","26  day ahead inc hosp",2021-01-07,"quantile",0.99,57.3598547578159
"10811",2020-12-12,"15","27  day ahead inc hosp",2021-01-08,"quantile",0.01,0
"10812",2020-12-12,"15","27  day ahead inc hosp",2021-01-08,"quantile",0.025,0
"10813",2020-12-12,"15","27  day ahead inc hosp",2021-01-08,"quantile",0.05,0
"10814",2020-12-12,"15","27  day ahead inc hosp",2021-01-08,"quantile",0.1,0
"10815",2020-12-12,"15","27  day ahead inc hosp",2021-01-08,"quantile",0.15,0
"10816",2020-12-12,"15","27  day ahead inc hosp",2021-01-08,"quantile",0.2,0
"10817",2020-12-12,"15","27  day ahead inc hosp",2021-01-08,"quantile",0.25,0
"10818",2020-12-12,"15","27  day ahead inc hosp",2021-01-08,"quantile",0.3,0
"10819",2020-12-12,"15","27  day ahead inc hosp",2021-01-08,"quantile",0.35,0.306799266819318
"10820",2020-12-12,"15","27  day ahead inc hosp",2021-01-08,"quantile",0.4,3.11298696911032
"10821",2020-12-12,"15","27  day ahead inc hosp",2021-01-08,"quantile",0.45,5.82800604682257
"10822",2020-12-12,"15","27  day ahead inc hosp",2021-01-08,"quantile",0.5,8.49997952280255
"10823",2020-12-12,"15","27  day ahead inc hosp",2021-01-08,"quantile",0.55,11.1719529987825
"10824",2020-12-12,"15","27  day ahead inc hosp",2021-01-08,"quantile",0.6,13.8869720764948
"10825",2020-12-12,"15","27  day ahead inc hosp",2021-01-08,"quantile",0.65,16.6931597787858
"10826",2020-12-12,"15","27  day ahead inc hosp",2021-01-08,"quantile",0.7,19.6504589328488
"10827",2020-12-12,"15","27  day ahead inc hosp",2021-01-08,"quantile",0.75,22.8418496956792
"10828",2020-12-12,"15","27  day ahead inc hosp",2021-01-08,"quantile",0.8,26.3956146501414
"10829",2020-12-12,"15","27  day ahead inc hosp",2021-01-08,"quantile",0.85,30.5379617317733
"10830",2020-12-12,"15","27  day ahead inc hosp",2021-01-08,"quantile",0.9,35.7499802345172
"10831",2020-12-12,"15","27  day ahead inc hosp",2021-01-08,"quantile",0.95,43.4749767918719
"10832",2020-12-12,"15","27  day ahead inc hosp",2021-01-08,"quantile",0.975,50.1752592459053
"10833",2020-12-12,"15","27  day ahead inc hosp",2021-01-08,"quantile",0.99,57.9657856032388
"10834",2020-12-12,"15","28  day ahead inc hosp",2021-01-09,"quantile",0.01,0
"10835",2020-12-12,"15","28  day ahead inc hosp",2021-01-09,"quantile",0.025,0
"10836",2020-12-12,"15","28  day ahead inc hosp",2021-01-09,"quantile",0.05,0
"10837",2020-12-12,"15","28  day ahead inc hosp",2021-01-09,"quantile",0.1,0
"10838",2020-12-12,"15","28  day ahead inc hosp",2021-01-09,"quantile",0.15,0
"10839",2020-12-12,"15","28  day ahead inc hosp",2021-01-09,"quantile",0.2,0
"10840",2020-12-12,"15","28  day ahead inc hosp",2021-01-09,"quantile",0.25,0
"10841",2020-12-12,"15","28  day ahead inc hosp",2021-01-09,"quantile",0.3,0
"10842",2020-12-12,"15","28  day ahead inc hosp",2021-01-09,"quantile",0.35,0.207651594087302
"10843",2020-12-12,"15","28  day ahead inc hosp",2021-01-09,"quantile",0.4,3.04779765824007
"10844",2020-12-12,"15","28  day ahead inc hosp",2021-01-09,"quantile",0.45,5.7956718440505
"10845",2020-12-12,"15","28  day ahead inc hosp",2021-01-09,"quantile",0.5,8.49997952280255
"10846",2020-12-12,"15","28  day ahead inc hosp",2021-01-09,"quantile",0.55,11.2042872015546
"10847",2020-12-12,"15","28  day ahead inc hosp",2021-01-09,"quantile",0.6,13.952161387365
"10848",2020-12-12,"15","28  day ahead inc hosp",2021-01-09,"quantile",0.65,16.7923074515178
"10849",2020-12-12,"15","28  day ahead inc hosp",2021-01-09,"quantile",0.7,19.7853936039791
"10850",2020-12-12,"15","28  day ahead inc hosp",2021-01-09,"quantile",0.75,23.0154041648643
"10851",2020-12-12,"15","28  day ahead inc hosp",2021-01-09,"quantile",0.8,26.6121740958635
"10852",2020-12-12,"15","28  day ahead inc hosp",2021-01-09,"quantile",0.85,30.8046487299183
"10853",2020-12-12,"15","28  day ahead inc hosp",2021-01-09,"quantile",0.9,36.0797391398628
"10854",2020-12-12,"15","28  day ahead inc hosp",2021-01-09,"quantile",0.95,43.8982177648145
"10855",2020-12-12,"15","28  day ahead inc hosp",2021-01-09,"quantile",0.975,50.6795819711357
"10856",2020-12-12,"15","28  day ahead inc hosp",2021-01-09,"quantile",0.99,58.5643833881596
"10857",2020-12-12,"15","29  day ahead inc hosp",2021-01-10,"quantile",0.01,0
"10858",2020-12-12,"15","29  day ahead inc hosp",2021-01-10,"quantile",0.025,0
"10859",2020-12-12,"15","29  day ahead inc hosp",2021-01-10,"quantile",0.05,0
"10860",2020-12-12,"15","29  day ahead inc hosp",2021-01-10,"quantile",0.1,0
"10861",2020-12-12,"15","29  day ahead inc hosp",2021-01-10,"quantile",0.15,0
"10862",2020-12-12,"15","29  day ahead inc hosp",2021-01-10,"quantile",0.2,0
"10863",2020-12-12,"15","29  day ahead inc hosp",2021-01-10,"quantile",0.25,0
"10864",2020-12-12,"15","29  day ahead inc hosp",2021-01-10,"quantile",0.3,0
"10865",2020-12-12,"15","29  day ahead inc hosp",2021-01-10,"quantile",0.35,0.109201550501085
"10866",2020-12-12,"15","29  day ahead inc hosp",2021-01-10,"quantile",0.4,2.98290472079472
"10867",2020-12-12,"15","29  day ahead inc hosp",2021-01-10,"quantile",0.45,5.76324579514966
"10868",2020-12-12,"15","29  day ahead inc hosp",2021-01-10,"quantile",0.5,8.49950561219446
"10869",2020-12-12,"15","29  day ahead inc hosp",2021-01-10,"quantile",0.55,11.2357654292393
"10870",2020-12-12,"15","29  day ahead inc hosp",2021-01-10,"quantile",0.6,14.0161065035942
"10871",2020-12-12,"15","29  day ahead inc hosp",2021-01-10,"quantile",0.65,16.8898096738878
"10872",2020-12-12,"15","29  day ahead inc hosp",2021-01-10,"quantile",0.7,19.918259961657
"10873",2020-12-12,"15","29  day ahead inc hosp",2021-01-10,"quantile",0.75,23.1864339848359
"10874",2020-12-12,"15","29  day ahead inc hosp",2021-01-10,"quantile",0.8,26.8257007408618
"10875",2020-12-12,"15","29  day ahead inc hosp",2021-01-10,"quantile",0.85,31.0677106146931
"10876",2020-12-12,"15","29  day ahead inc hosp",2021-01-10,"quantile",0.9,36.4051276672787
"10877",2020-12-12,"15","29  day ahead inc hosp",2021-01-10,"quantile",0.95,44.3159837654841
"10878",2020-12-12,"15","29  day ahead inc hosp",2021-01-10,"quantile",0.975,51.1774716532326
"10879",2020-12-12,"15","29  day ahead inc hosp",2021-01-10,"quantile",0.99,59.155434165522
"10880",2020-12-12,"15","30  day ahead inc hosp",2021-01-11,"quantile",0.01,0
"10881",2020-12-12,"15","30  day ahead inc hosp",2021-01-11,"quantile",0.025,0
"10882",2020-12-12,"15","30  day ahead inc hosp",2021-01-11,"quantile",0.05,0
"10883",2020-12-12,"15","30  day ahead inc hosp",2021-01-11,"quantile",0.1,0
"10884",2020-12-12,"15","30  day ahead inc hosp",2021-01-11,"quantile",0.15,0
"10885",2020-12-12,"15","30  day ahead inc hosp",2021-01-11,"quantile",0.2,0
"10886",2020-12-12,"15","30  day ahead inc hosp",2021-01-11,"quantile",0.25,0
"10887",2020-12-12,"15","30  day ahead inc hosp",2021-01-11,"quantile",0.3,0
"10888",2020-12-12,"15","30  day ahead inc hosp",2021-01-11,"quantile",0.35,0.0123563842153871
"10889",2020-12-12,"15","30  day ahead inc hosp",2021-01-11,"quantile",0.4,2.91922930131873
"10890",2020-12-12,"15","30  day ahead inc hosp",2021-01-11,"quantile",0.45,5.73166248958241
"10891",2020-12-12,"15","30  day ahead inc hosp",2021-01-11,"quantile",0.5,8.49950561219446
"10892",2020-12-12,"15","30  day ahead inc hosp",2021-01-11,"quantile",0.55,11.2673487348065
"10893",2020-12-12,"15","30  day ahead inc hosp",2021-01-11,"quantile",0.6,14.0797819230702
"10894",2020-12-12,"15","30  day ahead inc hosp",2021-01-11,"quantile",0.65,16.9866548401735
"10895",2020-12-12,"15","30  day ahead inc hosp",2021-01-11,"quantile",0.7,20.0500610448619
"10896",2020-12-12,"15","30  day ahead inc hosp",2021-01-11,"quantile",0.75,23.3559579985088
"10897",2020-12-12,"15","30  day ahead inc hosp",2021-01-11,"quantile",0.8,27.0372310264832
"10898",2020-12-12,"15","30  day ahead inc hosp",2021-01-11,"quantile",0.85,31.3282043405659
"10899",2020-12-12,"15","30  day ahead inc hosp",2021-01-11,"quantile",0.9,36.7272285814242
"10900",2020-12-12,"15","30  day ahead inc hosp",2021-01-11,"quantile",0.95,44.7293958131308
"10901",2020-12-12,"15","30  day ahead inc hosp",2021-01-11,"quantile",0.975,51.670082491599
"10902",2020-12-12,"15","30  day ahead inc hosp",2021-01-11,"quantile",0.99,59.7401307138273
"10903",2020-12-12,"15","31  day ahead inc hosp",2021-01-12,"quantile",0.01,0
"10904",2020-12-12,"15","31  day ahead inc hosp",2021-01-12,"quantile",0.025,0
"10905",2020-12-12,"15","31  day ahead inc hosp",2021-01-12,"quantile",0.05,0
"10906",2020-12-12,"15","31  day ahead inc hosp",2021-01-12,"quantile",0.1,0
"10907",2020-12-12,"15","31  day ahead inc hosp",2021-01-12,"quantile",0.15,0
"10908",2020-12-12,"15","31  day ahead inc hosp",2021-01-12,"quantile",0.2,0
"10909",2020-12-12,"15","31  day ahead inc hosp",2021-01-12,"quantile",0.25,0
"10910",2020-12-12,"15","31  day ahead inc hosp",2021-01-12,"quantile",0.3,0
"10911",2020-12-12,"15","31  day ahead inc hosp",2021-01-12,"quantile",0.35,0
"10912",2020-12-12,"15","31  day ahead inc hosp",2021-01-12,"quantile",0.4,2.85627231766823
"10913",2020-12-12,"15","31  day ahead inc hosp",2021-01-12,"quantile",0.45,5.70043553154132
"10914",2020-12-12,"15","31  day ahead inc hosp",2021-01-12,"quantile",0.5,8.49950561219446
"10915",2020-12-12,"15","31  day ahead inc hosp",2021-01-12,"quantile",0.55,11.2985756928476
"10916",2020-12-12,"15","31  day ahead inc hosp",2021-01-12,"quantile",0.6,14.1427389067207
"10917",2020-12-12,"15","31  day ahead inc hosp",2021-01-12,"quantile",0.65,17.0824073236382
"10918",2020-12-12,"15","31  day ahead inc hosp",2021-01-12,"quantile",0.7,20.1803750452836
"10919",2020-12-12,"15","31  day ahead inc hosp",2021-01-12,"quantile",0.75,23.5235693098281
"10920",2020-12-12,"15","31  day ahead inc hosp",2021-01-12,"quantile",0.8,27.2463746621756
"10921",2020-12-12,"15","31  day ahead inc hosp",2021-01-12,"quantile",0.85,31.5857589727269
"10922",2020-12-12,"15","31  day ahead inc hosp",2021-01-12,"quantile",0.9,37.0456953014325
"10923",2020-12-12,"15","31  day ahead inc hosp",2021-01-12,"quantile",0.95,45.1381434231002
"10924",2020-12-12,"15","31  day ahead inc hosp",2021-01-12,"quantile",0.975,52.1571353096614
"10925",2020-12-12,"15","31  day ahead inc hosp",2021-01-12,"quantile",0.99,60.3182302589121
"10926",2020-12-12,"15","32  day ahead inc hosp",2021-01-13,"quantile",0.01,0
"10927",2020-12-12,"15","32  day ahead inc hosp",2021-01-13,"quantile",0.025,0
"10928",2020-12-12,"15","32  day ahead inc hosp",2021-01-13,"quantile",0.05,0
"10929",2020-12-12,"15","32  day ahead inc hosp",2021-01-13,"quantile",0.1,0
"10930",2020-12-12,"15","32  day ahead inc hosp",2021-01-13,"quantile",0.15,0
"10931",2020-12-12,"15","32  day ahead inc hosp",2021-01-13,"quantile",0.2,0
"10932",2020-12-12,"15","32  day ahead inc hosp",2021-01-13,"quantile",0.25,0
"10933",2020-12-12,"15","32  day ahead inc hosp",2021-01-13,"quantile",0.3,0
"10934",2020-12-12,"15","32  day ahead inc hosp",2021-01-13,"quantile",0.35,0
"10935",2020-12-12,"15","32  day ahead inc hosp",2021-01-13,"quantile",0.4,2.7940099871696
"10936",2020-12-12,"15","32  day ahead inc hosp",2021-01-13,"quantile",0.45,5.66955312470914
"10937",2020-12-12,"15","32  day ahead inc hosp",2021-01-13,"quantile",0.5,8.49950561219446
"10938",2020-12-12,"15","32  day ahead inc hosp",2021-01-13,"quantile",0.55,11.3294580996798
"10939",2020-12-12,"15","32  day ahead inc hosp",2021-01-13,"quantile",0.6,14.2050012372193
"10940",2020-12-12,"15","32  day ahead inc hosp",2021-01-13,"quantile",0.65,17.177103295806
"10941",2020-12-12,"15","32  day ahead inc hosp",2021-01-13,"quantile",0.7,20.3092511904289
"10942",2020-12-12,"15","32  day ahead inc hosp",2021-01-13,"quantile",0.75,23.6893312357583
"10943",2020-12-12,"15","32  day ahead inc hosp",2021-01-13,"quantile",0.8,27.4532106541833
"10944",2020-12-12,"15","32  day ahead inc hosp",2021-01-13,"quantile",0.85,31.8404718051917
"10945",2020-12-12,"15","32  day ahead inc hosp",2021-01-13,"quantile",0.9,37.3606481315117
"10946",2020-12-12,"15","32  day ahead inc hosp",2021-01-13,"quantile",0.95,45.5423810041719
"10947",2020-12-12,"15","32  day ahead inc hosp",2021-01-13,"quantile",0.975,52.6388140968289
"10948",2020-12-12,"15","32  day ahead inc hosp",2021-01-13,"quantile",0.99,60.8899511840599
"10949",2020-12-12,"15","33  day ahead inc hosp",2021-01-14,"quantile",0.01,0
"10950",2020-12-12,"15","33  day ahead inc hosp",2021-01-14,"quantile",0.025,0
"10951",2020-12-12,"15","33  day ahead inc hosp",2021-01-14,"quantile",0.05,0
"10952",2020-12-12,"15","33  day ahead inc hosp",2021-01-14,"quantile",0.1,0
"10953",2020-12-12,"15","33  day ahead inc hosp",2021-01-14,"quantile",0.15,0
"10954",2020-12-12,"15","33  day ahead inc hosp",2021-01-14,"quantile",0.2,0
"10955",2020-12-12,"15","33  day ahead inc hosp",2021-01-14,"quantile",0.25,0
"10956",2020-12-12,"15","33  day ahead inc hosp",2021-01-14,"quantile",0.3,0
"10957",2020-12-12,"15","33  day ahead inc hosp",2021-01-14,"quantile",0.35,0
"10958",2020-12-12,"15","33  day ahead inc hosp",2021-01-14,"quantile",0.4,2.7324198110375
"10959",2020-12-12,"15","33  day ahead inc hosp",2021-01-14,"quantile",0.45,5.63900410958323
"10960",2020-12-12,"15","33  day ahead inc hosp",2021-01-14,"quantile",0.5,8.49950561219446
"10961",2020-12-12,"15","33  day ahead inc hosp",2021-01-14,"quantile",0.55,11.3600071148057
"10962",2020-12-12,"15","33  day ahead inc hosp",2021-01-14,"quantile",0.6,14.2665914133514
"10963",2020-12-12,"15","33  day ahead inc hosp",2021-01-14,"quantile",0.65,17.2707769755111
"10964",2020-12-12,"15","33  day ahead inc hosp",2021-01-14,"quantile",0.7,20.4367360502978
"10965",2020-12-12,"15","33  day ahead inc hosp",2021-01-14,"quantile",0.75,23.8533036751496
"10966",2020-12-12,"15","33  day ahead inc hosp",2021-01-14,"quantile",0.8,27.6578137436629
"10967",2020-12-12,"15","33  day ahead inc hosp",2021-01-14,"quantile",0.85,32.0924348796379
"10968",2020-12-12,"15","33  day ahead inc hosp",2021-01-14,"quantile",0.9,37.672200881345
"10969",2020-12-12,"15","33  day ahead inc hosp",2021-01-14,"quantile",0.95,45.9422546294928
"10970",2020-12-12,"15","33  day ahead inc hosp",2021-01-14,"quantile",0.975,53.1152929099918
"10971",2020-12-12,"15","33  day ahead inc hosp",2021-01-14,"quantile",0.99,61.4555000833102
"10972",2020-12-12,"15","34  day ahead inc hosp",2021-01-15,"quantile",0.01,0
"10973",2020-12-12,"15","34  day ahead inc hosp",2021-01-15,"quantile",0.025,0
"10974",2020-12-12,"15","34  day ahead inc hosp",2021-01-15,"quantile",0.05,0
"10975",2020-12-12,"15","34  day ahead inc hosp",2021-01-15,"quantile",0.1,0
"10976",2020-12-12,"15","34  day ahead inc hosp",2021-01-15,"quantile",0.15,0
"10977",2020-12-12,"15","34  day ahead inc hosp",2021-01-15,"quantile",0.2,0
"10978",2020-12-12,"15","34  day ahead inc hosp",2021-01-15,"quantile",0.25,0
"10979",2020-12-12,"15","34  day ahead inc hosp",2021-01-15,"quantile",0.3,0
"10980",2020-12-12,"15","34  day ahead inc hosp",2021-01-15,"quantile",0.35,0
"10981",2020-12-12,"15","34  day ahead inc hosp",2021-01-15,"quantile",0.4,2.67148047938706
"10982",2020-12-12,"15","34  day ahead inc hosp",2021-01-15,"quantile",0.45,5.60877791636113
"10983",2020-12-12,"15","34  day ahead inc hosp",2021-01-15,"quantile",0.5,8.49950561219446
"10984",2020-12-12,"15","34  day ahead inc hosp",2021-01-15,"quantile",0.55,11.3902333080278
"10985",2020-12-12,"15","34  day ahead inc hosp",2021-01-15,"quantile",0.6,14.3275307450019
"10986",2020-12-12,"15","34  day ahead inc hosp",2021-01-15,"quantile",0.65,17.3634607733658
"10987",2020-12-12,"15","34  day ahead inc hosp",2021-01-15,"quantile",0.7,20.5628737339975
"10988",2020-12-12,"15","34  day ahead inc hosp",2021-01-15,"quantile",0.75,24.0155433616242
"10989",2020-12-12,"15","34  day ahead inc hosp",2021-01-15,"quantile",0.8,27.8602547222331
"10990",2020-12-12,"15","34  day ahead inc hosp",2021-01-15,"quantile",0.85,32.341735373996
"10991",2020-12-12,"15","34  day ahead inc hosp",2021-01-15,"quantile",0.9,37.980461346585
"10992",2020-12-12,"15","34  day ahead inc hosp",2021-01-15,"quantile",0.95,46.3379026532853
"10993",2020-12-12,"15","34  day ahead inc hosp",2021-01-15,"quantile",0.975,53.5867366083741
"10994",2020-12-12,"15","34  day ahead inc hosp",2021-01-15,"quantile",0.99,62.0150726336799
"10995",2020-12-12,"15","35  day ahead inc hosp",2021-01-16,"quantile",0.01,0
"10996",2020-12-12,"15","35  day ahead inc hosp",2021-01-16,"quantile",0.025,0
"10997",2020-12-12,"15","35  day ahead inc hosp",2021-01-16,"quantile",0.05,0
"10998",2020-12-12,"15","35  day ahead inc hosp",2021-01-16,"quantile",0.1,0
"10999",2020-12-12,"15","35  day ahead inc hosp",2021-01-16,"quantile",0.15,0
"11000",2020-12-12,"15","35  day ahead inc hosp",2021-01-16,"quantile",0.2,0
"11001",2020-12-12,"15","35  day ahead inc hosp",2021-01-16,"quantile",0.25,0
"11002",2020-12-12,"15","35  day ahead inc hosp",2021-01-16,"quantile",0.3,0
"11003",2020-12-12,"15","35  day ahead inc hosp",2021-01-16,"quantile",0.35,0
"11004",2020-12-12,"15","35  day ahead inc hosp",2021-01-16,"quantile",0.4,2.61117178509505
"11005",2020-12-12,"15","35  day ahead inc hosp",2021-01-16,"quantile",0.45,5.5788645222153
"11006",2020-12-12,"15","35  day ahead inc hosp",2021-01-16,"quantile",0.5,8.49950561219446
"11007",2020-12-12,"15","35  day ahead inc hosp",2021-01-16,"quantile",0.55,11.4201467021736
"11008",2020-12-12,"15","35  day ahead inc hosp",2021-01-16,"quantile",0.6,14.3878394392939
"11009",2020-12-12,"15","35  day ahead inc hosp",2021-01-16,"quantile",0.65,17.4551854227713
"11010",2020-12-12,"15","35  day ahead inc hosp",2021-01-16,"quantile",0.7,20.6877060680405
"11011",2020-12-12,"15","35  day ahead inc hosp",2021-01-16,"quantile",0.75,24.1761040929063
"11012",2020-12-12,"15","35  day ahead inc hosp",2021-01-16,"quantile",0.8,28.0606007181295
"11013",2020-12-12,"15","35  day ahead inc hosp",2021-01-16,"quantile",0.85,32.5884559548408
"11014",2020-12-12,"15","35  day ahead inc hosp",2021-01-16,"quantile",0.9,38.2855317445854
"11015",2020-12-12,"15","35  day ahead inc hosp",2021-01-16,"quantile",0.95,46.7294562701022
"11016",2020-12-12,"15","35  day ahead inc hosp",2021-01-16,"quantile",0.975,54.053301519928
"11017",2020-12-12,"15","35  day ahead inc hosp",2021-01-16,"quantile",0.99,62.5688543861288
"11018",2020-12-12,"15","36  day ahead inc hosp",2021-01-17,"quantile",0.01,0
"11019",2020-12-12,"15","36  day ahead inc hosp",2021-01-17,"quantile",0.025,0
"11020",2020-12-12,"15","36  day ahead inc hosp",2021-01-17,"quantile",0.05,0
"11021",2020-12-12,"15","36  day ahead inc hosp",2021-01-17,"quantile",0.1,0
"11022",2020-12-12,"15","36  day ahead inc hosp",2021-01-17,"quantile",0.15,0
"11023",2020-12-12,"15","36  day ahead inc hosp",2021-01-17,"quantile",0.2,0
"11024",2020-12-12,"15","36  day ahead inc hosp",2021-01-17,"quantile",0.25,0
"11025",2020-12-12,"15","36  day ahead inc hosp",2021-01-17,"quantile",0.3,0
"11026",2020-12-12,"15","36  day ahead inc hosp",2021-01-17,"quantile",0.35,0
"11027",2020-12-12,"15","36  day ahead inc hosp",2021-01-17,"quantile",0.4,2.55147454552277
"11028",2020-12-12,"15","36  day ahead inc hosp",2021-01-17,"quantile",0.45,5.54925441246732
"11029",2020-12-12,"15","36  day ahead inc hosp",2021-01-17,"quantile",0.5,8.49950561219446
"11030",2020-12-12,"15","36  day ahead inc hosp",2021-01-17,"quantile",0.55,11.4497568119216
"11031",2020-12-12,"15","36  day ahead inc hosp",2021-01-17,"quantile",0.6,14.4475366788662
"11032",2020-12-12,"15","36  day ahead inc hosp",2021-01-17,"quantile",0.65,17.5459800989705
"11033",2020-12-12,"15","36  day ahead inc hosp",2021-01-17,"quantile",0.7,20.8112727583696
"11034",2020-12-12,"15","36  day ahead inc hosp",2021-01-17,"quantile",0.75,24.3350369392192
"11035",2020-12-12,"15","36  day ahead inc hosp",2021-01-17,"quantile",0.8,28.2589154562412
"11036",2020-12-12,"15","36  day ahead inc hosp",2021-01-17,"quantile",0.85,32.8326750976196
"11037",2020-12-12,"15","36  day ahead inc hosp",2021-01-17,"quantile",0.9,38.5875091103639
"11038",2020-12-12,"15","36  day ahead inc hosp",2021-01-17,"quantile",0.95,47.1170400230407
"11039",2020-12-12,"15","36  day ahead inc hosp",2021-01-17,"quantile",0.975,54.5151360469066
"11040",2020-12-12,"15","36  day ahead inc hosp",2021-01-17,"quantile",0.99,63.1170214843358
"11041",2020-12-12,"15","37  day ahead inc hosp",2021-01-18,"quantile",0.01,0
"11042",2020-12-12,"15","37  day ahead inc hosp",2021-01-18,"quantile",0.025,0
"11043",2020-12-12,"15","37  day ahead inc hosp",2021-01-18,"quantile",0.05,0
"11044",2020-12-12,"15","37  day ahead inc hosp",2021-01-18,"quantile",0.1,0
"11045",2020-12-12,"15","37  day ahead inc hosp",2021-01-18,"quantile",0.15,0
"11046",2020-12-12,"15","37  day ahead inc hosp",2021-01-18,"quantile",0.2,0
"11047",2020-12-12,"15","37  day ahead inc hosp",2021-01-18,"quantile",0.25,0
"11048",2020-12-12,"15","37  day ahead inc hosp",2021-01-18,"quantile",0.3,0
"11049",2020-12-12,"15","37  day ahead inc hosp",2021-01-18,"quantile",0.35,0
"11050",2020-12-12,"15","37  day ahead inc hosp",2021-01-18,"quantile",0.4,2.49237053124114
"11051",2020-12-12,"15","37  day ahead inc hosp",2021-01-18,"quantile",0.45,5.5199385452352
"11052",2020-12-12,"15","37  day ahead inc hosp",2021-01-18,"quantile",0.5,8.49950561219446
"11053",2020-12-12,"15","37  day ahead inc hosp",2021-01-18,"quantile",0.55,11.4790726791537
"11054",2020-12-12,"15","37  day ahead inc hosp",2021-01-18,"quantile",0.6,14.5066406931478
"11055",2020-12-12,"15","37  day ahead inc hosp",2021-01-18,"quantile",0.65,17.6358725274517
"11056",2020-12-12,"15","37  day ahead inc hosp",2021-01-18,"quantile",0.7,20.9336115378889
"11057",2020-12-12,"15","37  day ahead inc hosp",2021-01-18,"quantile",0.75,24.4923904330424
"11058",2020-12-12,"15","37  day ahead inc hosp",2021-01-18,"quantile",0.8,28.4552594948867
"11059",2020-12-12,"15","37  day ahead inc hosp",2021-01-18,"quantile",0.85,33.0744673782353
"11060",2020-12-12,"15","37  day ahead inc hosp",2021-01-18,"quantile",0.9,38.8864856571452
"11061",2020-12-12,"15","37  day ahead inc hosp",2021-01-18,"quantile",0.95,47.5007722664933
"11062",2020-12-12,"15","37  day ahead inc hosp",2021-01-18,"quantile",0.975,54.9723812172674
"11063",2020-12-12,"15","37  day ahead inc hosp",2021-01-18,"quantile",0.99,63.6597413191769
"11064",2020-12-12,"16","1  day ahead inc hosp",2020-12-13,"quantile",0.01,29.0510587296851
"11065",2020-12-12,"16","1  day ahead inc hosp",2020-12-13,"quantile",0.025,31.4886480096809
"11066",2020-12-12,"16","1  day ahead inc hosp",2020-12-13,"quantile",0.05,33.58510926708
"11067",2020-12-12,"16","1  day ahead inc hosp",2020-12-13,"quantile",0.1,36.002194831329
"11068",2020-12-12,"16","1  day ahead inc hosp",2020-12-13,"quantile",0.15,37.6329909863884
"11069",2020-12-12,"16","1  day ahead inc hosp",2020-12-13,"quantile",0.2,38.9290960731394
"11070",2020-12-12,"16","1  day ahead inc hosp",2020-12-13,"quantile",0.25,40.0410388301866
"11071",2020-12-12,"16","1  day ahead inc hosp",2020-12-13,"quantile",0.3,41.0395977920506
"11072",2020-12-12,"16","1  day ahead inc hosp",2020-12-13,"quantile",0.35,41.9649114852517
"11073",2020-12-12,"16","1  day ahead inc hosp",2020-12-13,"quantile",0.4,42.8429436934762
"11074",2020-12-12,"16","1  day ahead inc hosp",2020-12-13,"quantile",0.45,43.6924500163173
"11075",2020-12-12,"16","1  day ahead inc hosp",2020-12-13,"quantile",0.5,44.5284877373566
"11076",2020-12-12,"16","1  day ahead inc hosp",2020-12-13,"quantile",0.55,45.364525458396
"11077",2020-12-12,"16","1  day ahead inc hosp",2020-12-13,"quantile",0.6,46.2140317812371
"11078",2020-12-12,"16","1  day ahead inc hosp",2020-12-13,"quantile",0.65,47.0920639894616
"11079",2020-12-12,"16","1  day ahead inc hosp",2020-12-13,"quantile",0.7,48.0173776826627
"11080",2020-12-12,"16","1  day ahead inc hosp",2020-12-13,"quantile",0.75,49.0159366445267
"11081",2020-12-12,"16","1  day ahead inc hosp",2020-12-13,"quantile",0.8,50.1278794015739
"11082",2020-12-12,"16","1  day ahead inc hosp",2020-12-13,"quantile",0.85,51.4239844883249
"11083",2020-12-12,"16","1  day ahead inc hosp",2020-12-13,"quantile",0.9,53.0547806433843
"11084",2020-12-12,"16","1  day ahead inc hosp",2020-12-13,"quantile",0.95,55.4718662076333
"11085",2020-12-12,"16","1  day ahead inc hosp",2020-12-13,"quantile",0.975,57.5683274650324
"11086",2020-12-12,"16","1  day ahead inc hosp",2020-12-13,"quantile",0.99,60.0059167450282
"11087",2020-12-12,"16","2  day ahead inc hosp",2020-12-14,"quantile",0.01,28.938553573913
"11088",2020-12-12,"16","2  day ahead inc hosp",2020-12-14,"quantile",0.025,31.4442840128324
"11089",2020-12-12,"16","2  day ahead inc hosp",2020-12-14,"quantile",0.05,33.5993504261082
"11090",2020-12-12,"16","2  day ahead inc hosp",2020-12-14,"quantile",0.1,36.084003981781
"11091",2020-12-12,"16","2  day ahead inc hosp",2020-12-14,"quantile",0.15,37.7603879398742
"11092",2020-12-12,"16","2  day ahead inc hosp",2020-12-14,"quantile",0.2,39.0927247673138
"11093",2020-12-12,"16","2  day ahead inc hosp",2020-12-14,"quantile",0.25,40.2357511317363
"11094",2020-12-12,"16","2  day ahead inc hosp",2020-12-14,"quantile",0.3,41.2622241337027
"11095",2020-12-12,"16","2  day ahead inc hosp",2020-12-14,"quantile",0.35,42.2134043450822
"11096",2020-12-12,"16","2  day ahead inc hosp",2020-12-14,"quantile",0.4,43.1159813495657
"11097",2020-12-12,"16","2  day ahead inc hosp",2020-12-14,"quantile",0.45,43.9892350468421
"11098",2020-12-12,"16","2  day ahead inc hosp",2020-12-14,"quantile",0.5,44.8486436366668
"11099",2020-12-12,"16","2  day ahead inc hosp",2020-12-14,"quantile",0.55,45.7080522264916
"11100",2020-12-12,"16","2  day ahead inc hosp",2020-12-14,"quantile",0.6,46.5813059237679
"11101",2020-12-12,"16","2  day ahead inc hosp",2020-12-14,"quantile",0.65,47.4838829282514
"11102",2020-12-12,"16","2  day ahead inc hosp",2020-12-14,"quantile",0.7,48.4350631396309
"11103",2020-12-12,"16","2  day ahead inc hosp",2020-12-14,"quantile",0.75,49.4615361415973
"11104",2020-12-12,"16","2  day ahead inc hosp",2020-12-14,"quantile",0.8,50.6045625060199
"11105",2020-12-12,"16","2  day ahead inc hosp",2020-12-14,"quantile",0.85,51.9368993334594
"11106",2020-12-12,"16","2  day ahead inc hosp",2020-12-14,"quantile",0.9,53.6132832915527
"11107",2020-12-12,"16","2  day ahead inc hosp",2020-12-14,"quantile",0.95,56.0979368472255
"11108",2020-12-12,"16","2  day ahead inc hosp",2020-12-14,"quantile",0.975,58.2530032605012
"11109",2020-12-12,"16","2  day ahead inc hosp",2020-12-14,"quantile",0.99,60.7587336994206
"11110",2020-12-12,"16","3  day ahead inc hosp",2020-12-15,"quantile",0.01,28.8375067848699
"11111",2020-12-12,"16","3  day ahead inc hosp",2020-12-15,"quantile",0.025,31.4095737682714
"11112",2020-12-12,"16","3  day ahead inc hosp",2020-12-15,"quantile",0.05,33.6216932694474
"11113",2020-12-12,"16","3  day ahead inc hosp",2020-12-15,"quantile",0.1,36.1721253815676
"11114",2020-12-12,"16","3  day ahead inc hosp",2020-12-15,"quantile",0.15,37.8928898194115
"11115",2020-12-12,"16","3  day ahead inc hosp",2020-12-15,"quantile",0.2,39.2604988452671
"11116",2020-12-12,"16","3  day ahead inc hosp",2020-12-15,"quantile",0.25,40.4337856152344
"11117",2020-12-12,"16","3  day ahead inc hosp",2020-12-15,"quantile",0.3,41.4874333966172
"11118",2020-12-12,"16","3  day ahead inc hosp",2020-12-15,"quantile",0.35,42.4637950909777
"11119",2020-12-12,"16","3  day ahead inc hosp",2020-12-15,"quantile",0.4,43.3902668603076
"11120",2020-12-12,"16","3  day ahead inc hosp",2020-12-15,"quantile",0.45,44.2866390191047
"11121",2020-12-12,"16","3  day ahead inc hosp",2020-12-15,"quantile",0.5,45.168799535977
"11122",2020-12-12,"16","3  day ahead inc hosp",2020-12-15,"quantile",0.55,46.0509600528493
"11123",2020-12-12,"16","3  day ahead inc hosp",2020-12-15,"quantile",0.6,46.9473322116464
"11124",2020-12-12,"16","3  day ahead inc hosp",2020-12-15,"quantile",0.65,47.8738039809763
"11125",2020-12-12,"16","3  day ahead inc hosp",2020-12-15,"quantile",0.7,48.8501656753368
"11126",2020-12-12,"16","3  day ahead inc hosp",2020-12-15,"quantile",0.75,49.9038134567196
"11127",2020-12-12,"16","3  day ahead inc hosp",2020-12-15,"quantile",0.8,51.077100226687
"11128",2020-12-12,"16","3  day ahead inc hosp",2020-12-15,"quantile",0.85,52.4447092525425
"11129",2020-12-12,"16","3  day ahead inc hosp",2020-12-15,"quantile",0.9,54.1654736903864
"11130",2020-12-12,"16","3  day ahead inc hosp",2020-12-15,"quantile",0.95,56.7159058025066
"11131",2020-12-12,"16","3  day ahead inc hosp",2020-12-15,"quantile",0.975,58.9280253036826
"11132",2020-12-12,"16","3  day ahead inc hosp",2020-12-15,"quantile",0.99,61.5000922870841
"11133",2020-12-12,"16","4  day ahead inc hosp",2020-12-16,"quantile",0.01,28.7470535110796
"11134",2020-12-12,"16","4  day ahead inc hosp",2020-12-16,"quantile",0.025,31.3837886327178
"11135",2020-12-12,"16","4  day ahead inc hosp",2020-12-16,"quantile",0.05,33.6515263003807
"11136",2020-12-12,"16","4  day ahead inc hosp",2020-12-16,"quantile",0.1,36.2660825964566
"11137",2020-12-12,"16","4  day ahead inc hosp",2020-12-16,"quantile",0.15,38.0301113167852
"11138",2020-12-12,"16","4  day ahead inc hosp",2020-12-16,"quantile",0.2,39.4321054228539
"11139",2020-12-12,"16","4  day ahead inc hosp",2020-12-16,"quantile",0.25,40.6348915299386
"11140",2020-12-12,"16","4  day ahead inc hosp",2020-12-16,"quantile",0.3,41.715030627768
"11141",2020-12-12,"16","4  day ahead inc hosp",2020-12-16,"quantile",0.35,42.7159404748118
"11142",2020-12-12,"16","4  day ahead inc hosp",2020-12-16,"quantile",0.4,43.6657060404689
"11143",2020-12-12,"16","4  day ahead inc hosp",2020-12-16,"quantile",0.45,44.5846152167896
"11144",2020-12-12,"16","4  day ahead inc hosp",2020-12-16,"quantile",0.5,45.4889554352872
"11145",2020-12-12,"16","4  day ahead inc hosp",2020-12-16,"quantile",0.55,46.3932956537848
"11146",2020-12-12,"16","4  day ahead inc hosp",2020-12-16,"quantile",0.6,47.3122048301054
"11147",2020-12-12,"16","4  day ahead inc hosp",2020-12-16,"quantile",0.65,48.2619703957626
"11148",2020-12-12,"16","4  day ahead inc hosp",2020-12-16,"quantile",0.7,49.2628802428064
"11149",2020-12-12,"16","4  day ahead inc hosp",2020-12-16,"quantile",0.75,50.3430193406358
"11150",2020-12-12,"16","4  day ahead inc hosp",2020-12-16,"quantile",0.8,51.5458054477204
"11151",2020-12-12,"16","4  day ahead inc hosp",2020-12-16,"quantile",0.85,52.9477995537892
"11152",2020-12-12,"16","4  day ahead inc hosp",2020-12-16,"quantile",0.9,54.7118282741177
"11153",2020-12-12,"16","4  day ahead inc hosp",2020-12-16,"quantile",0.95,57.3263845701936
"11154",2020-12-12,"16","4  day ahead inc hosp",2020-12-16,"quantile",0.975,59.5941222378566
"11155",2020-12-12,"16","4  day ahead inc hosp",2020-12-16,"quantile",0.99,62.2308573594948
"11156",2020-12-12,"16","5  day ahead inc hosp",2020-12-17,"quantile",0.01,28.6664325136776
"11157",2020-12-12,"16","5  day ahead inc hosp",2020-12-17,"quantile",0.025,31.3662872572253
"11158",2020-12-12,"16","5  day ahead inc hosp",2020-12-17,"quantile",0.05,33.6883112819054
"11159",2020-12-12,"16","5  day ahead inc hosp",2020-12-17,"quantile",0.1,36.3654562709126
"11160",2020-12-12,"16","5  day ahead inc hosp",2020-12-17,"quantile",0.15,38.1717132852215
"11161",2020-12-12,"16","5  day ahead inc hosp",2020-12-17,"quantile",0.2,39.6072691006815
"11162",2020-12-12,"16","5  day ahead inc hosp",2020-12-17,"quantile",0.25,40.8388481660327
"11163",2020-12-12,"16","5  day ahead inc hosp",2020-12-17,"quantile",0.3,41.9448442302693
"11164",2020-12-12,"16","5  day ahead inc hosp",2020-12-17,"quantile",0.35,42.9697144101475
"11165",2020-12-12,"16","5  day ahead inc hosp",2020-12-17,"quantile",0.4,43.9422159885786
"11166",2020-12-12,"16","5  day ahead inc hosp",2020-12-17,"quantile",0.45,44.8831225203798
"11167",2020-12-12,"16","5  day ahead inc hosp",2020-12-17,"quantile",0.5,45.8091113345974
"11168",2020-12-12,"16","5  day ahead inc hosp",2020-12-17,"quantile",0.55,46.735100148815
"11169",2020-12-12,"16","5  day ahead inc hosp",2020-12-17,"quantile",0.6,47.6760066806161
"11170",2020-12-12,"16","5  day ahead inc hosp",2020-12-17,"quantile",0.65,48.6485082590472
"11171",2020-12-12,"16","5  day ahead inc hosp",2020-12-17,"quantile",0.7,49.6733784389255
"11172",2020-12-12,"16","5  day ahead inc hosp",2020-12-17,"quantile",0.75,50.779374503162
"11173",2020-12-12,"16","5  day ahead inc hosp",2020-12-17,"quantile",0.8,52.0109535685132
"11174",2020-12-12,"16","5  day ahead inc hosp",2020-12-17,"quantile",0.85,53.4465093839733
"11175",2020-12-12,"16","5  day ahead inc hosp",2020-12-17,"quantile",0.9,55.2527663982821
"11176",2020-12-12,"16","5  day ahead inc hosp",2020-12-17,"quantile",0.95,57.9299113872893
"11177",2020-12-12,"16","5  day ahead inc hosp",2020-12-17,"quantile",0.975,60.2519354119694
"11178",2020-12-12,"16","5  day ahead inc hosp",2020-12-17,"quantile",0.99,62.9517901555172
"11179",2020-12-12,"16","6  day ahead inc hosp",2020-12-18,"quantile",0.01,28.594969578323
"11180",2020-12-12,"16","6  day ahead inc hosp",2020-12-18,"quantile",0.025,31.3565016116034
"11181",2020-12-12,"16","6  day ahead inc hosp",2020-12-18,"quantile",0.05,33.7315715080582
"11182",2020-12-12,"16","6  day ahead inc hosp",2020-12-18,"quantile",0.1,36.4698749899577
"11183",2020-12-12,"16","6  day ahead inc hosp",2020-12-18,"quantile",0.15,38.3173953490703
"11184",2020-12-12,"16","6  day ahead inc hosp",2020-12-18,"quantile",0.2,39.7857459629058
"11185",2020-12-12,"16","6  day ahead inc hosp",2020-12-18,"quantile",0.25,41.0454600451589
"11186",2020-12-12,"16","6  day ahead inc hosp",2020-12-18,"quantile",0.3,42.1767222241226
"11187",2020-12-12,"16","6  day ahead inc hosp",2020-12-18,"quantile",0.35,43.2250052246994
"11188",2020-12-12,"16","6  day ahead inc hosp",2020-12-18,"quantile",0.4,44.2197232804286
"11189",2020-12-12,"16","6  day ahead inc hosp",2020-12-18,"quantile",0.45,45.1821245111249
"11190",2020-12-12,"16","6  day ahead inc hosp",2020-12-18,"quantile",0.5,46.1292672339075
"11191",2020-12-12,"16","6  day ahead inc hosp",2020-12-18,"quantile",0.55,47.0764099566901
"11192",2020-12-12,"16","6  day ahead inc hosp",2020-12-18,"quantile",0.6,48.0388111873864
"11193",2020-12-12,"16","6  day ahead inc hosp",2020-12-18,"quantile",0.65,49.0335292431157
"11194",2020-12-12,"16","6  day ahead inc hosp",2020-12-18,"quantile",0.7,50.0818122436925
"11195",2020-12-12,"16","6  day ahead inc hosp",2020-12-18,"quantile",0.75,51.2130744226562
"11196",2020-12-12,"16","6  day ahead inc hosp",2020-12-18,"quantile",0.8,52.4727885049093
"11197",2020-12-12,"16","6  day ahead inc hosp",2020-12-18,"quantile",0.85,53.9411391187447
"11198",2020-12-12,"16","6  day ahead inc hosp",2020-12-18,"quantile",0.9,55.7886594778574
"11199",2020-12-12,"16","6  day ahead inc hosp",2020-12-18,"quantile",0.95,58.5269629597569
"11200",2020-12-12,"16","6  day ahead inc hosp",2020-12-18,"quantile",0.975,60.9020328562116
"11201",2020-12-12,"16","6  day ahead inc hosp",2020-12-18,"quantile",0.99,63.663564889492
"11202",2020-12-12,"16","7  day ahead inc hosp",2020-12-19,"quantile",0.01,28.532064193015
"11203",2020-12-12,"16","7  day ahead inc hosp",2020-12-19,"quantile",0.025,31.3539257603869
"11204",2020-12-12,"16","7  day ahead inc hosp",2020-12-19,"quantile",0.05,33.7808823844121
"11205",2020-12-12,"16","7  day ahead inc hosp",2020-12-19,"quantile",0.1,36.5790079401724
"11206",2020-12-12,"16","7  day ahead inc hosp",2020-12-19,"quantile",0.15,38.4668899685131
"11207",2020-12-12,"16","7  day ahead inc hosp",2020-12-19,"quantile",0.2,39.96731875756
"11208",2020-12-12,"16","7  day ahead inc hosp",2020-12-19,"quantile",0.25,41.2545530578497
"11209",2020-12-12,"16","7  day ahead inc hosp",2020-12-19,"quantile",0.3,42.4105292431583
"11210",2020-12-12,"16","7  day ahead inc hosp",2020-12-19,"quantile",0.35,43.4817134537369
"11211",2020-12-12,"16","7  day ahead inc hosp",2020-12-19,"quantile",0.4,44.4981625182436
"11212",2020-12-12,"16","7  day ahead inc hosp",2020-12-19,"quantile",0.45,45.481588751423
"11213",2020-12-12,"16","7  day ahead inc hosp",2020-12-19,"quantile",0.5,46.4494231332177
"11214",2020-12-12,"16","7  day ahead inc hosp",2020-12-19,"quantile",0.55,47.4172575150124
"11215",2020-12-12,"16","7  day ahead inc hosp",2020-12-19,"quantile",0.6,48.4006837481918
"11216",2020-12-12,"16","7  day ahead inc hosp",2020-12-19,"quantile",0.65,49.4171328126986
"11217",2020-12-12,"16","7  day ahead inc hosp",2020-12-19,"quantile",0.7,50.4883170232771
"11218",2020-12-12,"16","7  day ahead inc hosp",2020-12-19,"quantile",0.75,51.6442932085858
"11219",2020-12-12,"16","7  day ahead inc hosp",2020-12-19,"quantile",0.8,52.9315275088754
"11220",2020-12-12,"16","7  day ahead inc hosp",2020-12-19,"quantile",0.85,54.4319562979223
"11221",2020-12-12,"16","7  day ahead inc hosp",2020-12-19,"quantile",0.9,56.319838326263
"11222",2020-12-12,"16","7  day ahead inc hosp",2020-12-19,"quantile",0.95,59.1179638820234
"11223",2020-12-12,"16","7  day ahead inc hosp",2020-12-19,"quantile",0.975,61.5449205060485
"11224",2020-12-12,"16","7  day ahead inc hosp",2020-12-19,"quantile",0.99,64.3667820734204
"11225",2020-12-12,"16","8  day ahead inc hosp",2020-12-20,"quantile",0.01,28.5272680117477
"11226",2020-12-12,"16","8  day ahead inc hosp",2020-12-20,"quantile",0.025,31.4081960288955
"11227",2020-12-12,"16","8  day ahead inc hosp",2020-12-20,"quantile",0.05,33.885953058298
"11228",2020-12-12,"16","8  day ahead inc hosp",2020-12-20,"quantile",0.1,36.742648228003
"11229",2020-12-12,"16","8  day ahead inc hosp",2020-12-20,"quantile",0.15,38.6700468968122
"11230",2020-12-12,"16","8  day ahead inc hosp",2020-12-20,"quantile",0.2,40.2018822590005
"11231",2020-12-12,"16","8  day ahead inc hosp",2020-12-20,"quantile",0.25,41.5160606025512
"11232",2020-12-12,"16","8  day ahead inc hosp",2020-12-20,"quantile",0.3,42.6962333714489
"11233",2020-12-12,"16","8  day ahead inc hosp",2020-12-20,"quantile",0.35,43.7898393227345
"11234",2020-12-12,"16","8  day ahead inc hosp",2020-12-20,"quantile",0.4,44.8275644265455
"11235",2020-12-12,"16","8  day ahead inc hosp",2020-12-20,"quantile",0.45,45.8315754739773
"11236",2020-12-12,"16","8  day ahead inc hosp",2020-12-20,"quantile",0.5,46.8196683055715
"11237",2020-12-12,"16","8  day ahead inc hosp",2020-12-20,"quantile",0.55,47.8077611371657
"11238",2020-12-12,"16","8  day ahead inc hosp",2020-12-20,"quantile",0.6,48.8117721845975
"11239",2020-12-12,"16","8  day ahead inc hosp",2020-12-20,"quantile",0.65,49.8494972884085
"11240",2020-12-12,"16","8  day ahead inc hosp",2020-12-20,"quantile",0.7,50.9431032396941
"11241",2020-12-12,"16","8  day ahead inc hosp",2020-12-20,"quantile",0.75,52.1232760085918
"11242",2020-12-12,"16","8  day ahead inc hosp",2020-12-20,"quantile",0.8,53.4374543521425
"11243",2020-12-12,"16","8  day ahead inc hosp",2020-12-20,"quantile",0.85,54.9692897143308
"11244",2020-12-12,"16","8  day ahead inc hosp",2020-12-20,"quantile",0.9,56.89668838314
"11245",2020-12-12,"16","8  day ahead inc hosp",2020-12-20,"quantile",0.95,59.753383552845
"11246",2020-12-12,"16","8  day ahead inc hosp",2020-12-20,"quantile",0.975,62.2311405822475
"11247",2020-12-12,"16","8  day ahead inc hosp",2020-12-20,"quantile",0.99,65.1120685993953
"11248",2020-12-12,"16","9  day ahead inc hosp",2020-12-21,"quantile",0.01,28.4799189096528
"11249",2020-12-12,"16","9  day ahead inc hosp",2020-12-21,"quantile",0.025,31.4187264526137
"11250",2020-12-12,"16","9  day ahead inc hosp",2020-12-21,"quantile",0.05,33.9462630673055
"11251",2020-12-12,"16","9  day ahead inc hosp",2020-12-21,"quantile",0.1,36.8603509107708
"11252",2020-12-12,"16","9  day ahead inc hosp",2020-12-21,"quantile",0.15,38.8264721440937
"11253",2020-12-12,"16","9  day ahead inc hosp",2020-12-21,"quantile",0.2,40.3890829730273
"11254",2020-12-12,"16","9  day ahead inc hosp",2020-12-21,"quantile",0.25,41.7296639267459
"11255",2020-12-12,"16","9  day ahead inc hosp",2020-12-21,"quantile",0.3,42.9335470555813
"11256",2020-12-12,"16","9  day ahead inc hosp",2020-12-21,"quantile",0.35,44.0491241888993
"11257",2020-12-12,"16","9  day ahead inc hosp",2020-12-21,"quantile",0.4,45.1076977958923
"11258",2020-12-12,"16","9  day ahead inc hosp",2020-12-21,"quantile",0.45,46.1318800114307
"11259",2020-12-12,"16","9  day ahead inc hosp",2020-12-21,"quantile",0.5,47.1398242048817
"11260",2020-12-12,"16","9  day ahead inc hosp",2020-12-21,"quantile",0.55,48.1477683983327
"11261",2020-12-12,"16","9  day ahead inc hosp",2020-12-21,"quantile",0.6,49.171950613871
"11262",2020-12-12,"16","9  day ahead inc hosp",2020-12-21,"quantile",0.65,50.2305242208641
"11263",2020-12-12,"16","9  day ahead inc hosp",2020-12-21,"quantile",0.7,51.3461013541821
"11264",2020-12-12,"16","9  day ahead inc hosp",2020-12-21,"quantile",0.75,52.5499844830175
"11265",2020-12-12,"16","9  day ahead inc hosp",2020-12-21,"quantile",0.8,53.8905654367361
"11266",2020-12-12,"16","9  day ahead inc hosp",2020-12-21,"quantile",0.85,55.4531762656697
"11267",2020-12-12,"16","9  day ahead inc hosp",2020-12-21,"quantile",0.9,57.4192974989926
"11268",2020-12-12,"16","9  day ahead inc hosp",2020-12-21,"quantile",0.95,60.3333853424579
"11269",2020-12-12,"16","9  day ahead inc hosp",2020-12-21,"quantile",0.975,62.8609219571496
"11270",2020-12-12,"16","9  day ahead inc hosp",2020-12-21,"quantile",0.99,65.7997295001105
"11271",2020-12-12,"16","10  day ahead inc hosp",2020-12-22,"quantile",0.01,28.4396693090357
"11272",2020-12-12,"16","10  day ahead inc hosp",2020-12-22,"quantile",0.025,31.4352382548522
"11273",2020-12-12,"16","10  day ahead inc hosp",2020-12-22,"quantile",0.05,34.0115928074055
"11274",2020-12-12,"16","10  day ahead inc hosp",2020-12-22,"quantile",0.1,36.9819646067343
"11275",2020-12-12,"16","10  day ahead inc hosp",2020-12-22,"quantile",0.15,38.9860603578698
"11276",2020-12-12,"16","10  day ahead inc hosp",2020-12-22,"quantile",0.2,40.5788521297441
"11277",2020-12-12,"16","10  day ahead inc hosp",2020-12-22,"quantile",0.25,41.9453256451436
"11278",2020-12-12,"16","10  day ahead inc hosp",2020-12-22,"quantile",0.3,43.1724610946118
"11279",2020-12-12,"16","10  day ahead inc hosp",2020-12-22,"quantile",0.35,44.3095849682846
"11280",2020-12-12,"16","10  day ahead inc hosp",2020-12-22,"quantile",0.4,45.388604324814
"11281",2020-12-12,"16","10  day ahead inc hosp",2020-12-22,"quantile",0.45,46.4325680396455
"11282",2020-12-12,"16","10  day ahead inc hosp",2020-12-22,"quantile",0.5,47.4599801041919
"11283",2020-12-12,"16","10  day ahead inc hosp",2020-12-22,"quantile",0.55,48.4873921687383
"11284",2020-12-12,"16","10  day ahead inc hosp",2020-12-22,"quantile",0.6,49.5313558835697
"11285",2020-12-12,"16","10  day ahead inc hosp",2020-12-22,"quantile",0.65,50.6103752400991
"11286",2020-12-12,"16","10  day ahead inc hosp",2020-12-22,"quantile",0.7,51.7474991137719
"11287",2020-12-12,"16","10  day ahead inc hosp",2020-12-22,"quantile",0.75,52.9746345632401
"11288",2020-12-12,"16","10  day ahead inc hosp",2020-12-22,"quantile",0.8,54.3411080786397
"11289",2020-12-12,"16","10  day ahead inc hosp",2020-12-22,"quantile",0.85,55.9338998505139
"11290",2020-12-12,"16","10  day ahead inc hosp",2020-12-22,"quantile",0.9,57.9379956016494
"11291",2020-12-12,"16","10  day ahead inc hosp",2020-12-22,"quantile",0.95,60.9083674009783
"11292",2020-12-12,"16","10  day ahead inc hosp",2020-12-22,"quantile",0.975,63.4847219535315
"11293",2020-12-12,"16","10  day ahead inc hosp",2020-12-22,"quantile",0.99,66.4802908993481
"11294",2020-12-12,"16","11  day ahead inc hosp",2020-12-23,"quantile",0.01,28.4061229999511
"11295",2020-12-12,"16","11  day ahead inc hosp",2020-12-23,"quantile",0.025,31.4573976260242
"11296",2020-12-12,"16","11  day ahead inc hosp",2020-12-23,"quantile",0.05,34.0816621367616
"11297",2020-12-12,"16","11  day ahead inc hosp",2020-12-23,"quantile",0.1,37.1072710495368
"11298",2020-12-12,"16","11  day ahead inc hosp",2020-12-23,"quantile",0.15,39.1486350188757
"11299",2020-12-12,"16","11  day ahead inc hosp",2020-12-23,"quantile",0.2,40.7710463891515
"11300",2020-12-12,"16","11  day ahead inc hosp",2020-12-23,"quantile",0.25,42.1629308826005
"11301",2020-12-12,"16","11  day ahead inc hosp",2020-12-23,"quantile",0.3,43.4128861757164
"11302",2020-12-12,"16","11  day ahead inc hosp",2020-12-23,"quantile",0.35,44.5711560353653
"11303",2020-12-12,"16","11  day ahead inc hosp",2020-12-23,"quantile",0.4,45.6702408647156
"11304",2020-12-12,"16","11  day ahead inc hosp",2020-12-23,"quantile",0.45,46.7336181567171
"11305",2020-12-12,"16","11  day ahead inc hosp",2020-12-23,"quantile",0.5,47.780136003502
"11306",2020-12-12,"16","11  day ahead inc hosp",2020-12-23,"quantile",0.55,48.826653850287
"11307",2020-12-12,"16","11  day ahead inc hosp",2020-12-23,"quantile",0.6,49.8900311422885
"11308",2020-12-12,"16","11  day ahead inc hosp",2020-12-23,"quantile",0.65,50.9891159716388
"11309",2020-12-12,"16","11  day ahead inc hosp",2020-12-23,"quantile",0.7,52.1473858312877
"11310",2020-12-12,"16","11  day ahead inc hosp",2020-12-23,"quantile",0.75,53.3973411244036
"11311",2020-12-12,"16","11  day ahead inc hosp",2020-12-23,"quantile",0.8,54.7892256178526
"11312",2020-12-12,"16","11  day ahead inc hosp",2020-12-23,"quantile",0.85,56.4116369881284
"11313",2020-12-12,"16","11  day ahead inc hosp",2020-12-23,"quantile",0.9,58.4530009574673
"11314",2020-12-12,"16","11  day ahead inc hosp",2020-12-23,"quantile",0.95,61.4786098702425
"11315",2020-12-12,"16","11  day ahead inc hosp",2020-12-23,"quantile",0.975,64.1028743809799
"11316",2020-12-12,"16","11  day ahead inc hosp",2020-12-23,"quantile",0.99,67.154149007053
"11317",2020-12-12,"16","12  day ahead inc hosp",2020-12-24,"quantile",0.01,28.3789193091213
"11318",2020-12-12,"16","12  day ahead inc hosp",2020-12-24,"quantile",0.025,31.4849006964277
"11319",2020-12-12,"16","12  day ahead inc hosp",2020-12-24,"quantile",0.05,34.1562160398811
"11320",2020-12-12,"16","12  day ahead inc hosp",2020-12-24,"quantile",0.1,37.2360715494596
"11321",2020-12-12,"16","12  day ahead inc hosp",2020-12-24,"quantile",0.15,39.3140354401254
"11322",2020-12-12,"16","12  day ahead inc hosp",2020-12-24,"quantile",0.2,40.9655352676307
"11323",2020-12-12,"16","12  day ahead inc hosp",2020-12-24,"quantile",0.25,42.3823750672973
"11324",2020-12-12,"16","12  day ahead inc hosp",2020-12-24,"quantile",0.3,43.6547409966728
"11325",2020-12-12,"16","12  day ahead inc hosp",2020-12-24,"quantile",0.35,44.8337776506686
"11326",2020-12-12,"16","12  day ahead inc hosp",2020-12-24,"quantile",0.4,45.9525681370649
"11327",2020-12-12,"16","12  day ahead inc hosp",2020-12-24,"quantile",0.45,47.03501088031
"11328",2020-12-12,"16","12  day ahead inc hosp",2020-12-24,"quantile",0.5,48.1002919028122
"11329",2020-12-12,"16","12  day ahead inc hosp",2020-12-24,"quantile",0.55,49.1655729253144
"11330",2020-12-12,"16","12  day ahead inc hosp",2020-12-24,"quantile",0.6,50.2480156685596
"11331",2020-12-12,"16","12  day ahead inc hosp",2020-12-24,"quantile",0.65,51.3668061549558
"11332",2020-12-12,"16","12  day ahead inc hosp",2020-12-24,"quantile",0.7,52.5458428089517
"11333",2020-12-12,"16","12  day ahead inc hosp",2020-12-24,"quantile",0.75,53.8182087383271
"11334",2020-12-12,"16","12  day ahead inc hosp",2020-12-24,"quantile",0.8,55.2350485379937
"11335",2020-12-12,"16","12  day ahead inc hosp",2020-12-24,"quantile",0.85,56.886548365499
"11336",2020-12-12,"16","12  day ahead inc hosp",2020-12-24,"quantile",0.9,58.9645122561648
"11337",2020-12-12,"16","12  day ahead inc hosp",2020-12-24,"quantile",0.95,62.0443677657433
"11338",2020-12-12,"16","12  day ahead inc hosp",2020-12-24,"quantile",0.975,64.7156831091967
"11339",2020-12-12,"16","12  day ahead inc hosp",2020-12-24,"quantile",0.99,67.8216644965032
"11340",2020-12-12,"16","13  day ahead inc hosp",2020-12-25,"quantile",0.01,28.3577287915643
"11341",2020-12-12,"16","13  day ahead inc hosp",2020-12-25,"quantile",0.025,31.5174699064138
"11342",2020-12-12,"16","13  day ahead inc hosp",2020-12-25,"quantile",0.05,34.2350215813639
"11343",2020-12-12,"16","13  day ahead inc hosp",2020-12-25,"quantile",0.1,37.3681846200035
"11344",2020-12-12,"16","13  day ahead inc hosp",2020-12-25,"quantile",0.15,39.4821148474487
"11345",2020-12-12,"16","13  day ahead inc hosp",2020-12-25,"quantile",0.2,41.1621995792703
"11346",2020-12-12,"16","13  day ahead inc hosp",2020-12-25,"quantile",0.25,42.6035626815921
"11347",2020-12-12,"16","13  day ahead inc hosp",2020-12-25,"quantile",0.3,43.8979512946764
"11348",2020-12-12,"16","13  day ahead inc hosp",2020-12-25,"quantile",0.35,45.0973952471645
"11349",2020-12-12,"16","13  day ahead inc hosp",2020-12-25,"quantile",0.4,46.2355502641959
"11350",2020-12-12,"16","13  day ahead inc hosp",2020-12-25,"quantile",0.45,47.3367284149344
"11351",2020-12-12,"16","13  day ahead inc hosp",2020-12-25,"quantile",0.5,48.4204478021224
"11352",2020-12-12,"16","13  day ahead inc hosp",2020-12-25,"quantile",0.55,49.5041671893104
"11353",2020-12-12,"16","13  day ahead inc hosp",2020-12-25,"quantile",0.6,50.6053453400489
"11354",2020-12-12,"16","13  day ahead inc hosp",2020-12-25,"quantile",0.65,51.7435003570803
"11355",2020-12-12,"16","13  day ahead inc hosp",2020-12-25,"quantile",0.7,52.9429443095683
"11356",2020-12-12,"16","13  day ahead inc hosp",2020-12-25,"quantile",0.75,54.2373329226527
"11357",2020-12-12,"16","13  day ahead inc hosp",2020-12-25,"quantile",0.8,55.6786960249745
"11358",2020-12-12,"16","13  day ahead inc hosp",2020-12-25,"quantile",0.85,57.358780756796
"11359",2020-12-12,"16","13  day ahead inc hosp",2020-12-25,"quantile",0.9,59.4727109842413
"11360",2020-12-12,"16","13  day ahead inc hosp",2020-12-25,"quantile",0.95,62.6058740228809
"11361",2020-12-12,"16","13  day ahead inc hosp",2020-12-25,"quantile",0.975,65.3234256978309
"11362",2020-12-12,"16","13  day ahead inc hosp",2020-12-25,"quantile",0.99,68.4831668126805
"11363",2020-12-12,"16","14  day ahead inc hosp",2020-12-26,"quantile",0.01,28.3422495714045
"11364",2020-12-12,"16","14  day ahead inc hosp",2020-12-26,"quantile",0.025,31.554850923494
"11365",2020-12-12,"16","14  day ahead inc hosp",2020-12-26,"quantile",0.05,34.317865318657
"11366",2020-12-12,"16","14  day ahead inc hosp",2020-12-26,"quantile",0.1,37.5034439620927
"11367",2020-12-12,"16","14  day ahead inc hosp",2020-12-26,"quantile",0.15,39.6527387492502
"11368",2020-12-12,"16","14  day ahead inc hosp",2020-12-26,"quantile",0.2,41.3609301120518
"11369",2020-12-12,"16","14  day ahead inc hosp",2020-12-26,"quantile",0.25,42.8264062010925
"11370",2020-12-12,"16","14  day ahead inc hosp",2020-12-26,"quantile",0.3,44.1424490214936
"11371",2020-12-12,"16","14  day ahead inc hosp",2020-12-26,"quantile",0.35,45.3619588241827
"11372",2020-12-12,"16","14  day ahead inc hosp",2020-12-26,"quantile",0.4,46.5191543708111
"11373",2020-12-12,"16","14  day ahead inc hosp",2020-12-26,"quantile",0.45,47.6387544542889
"11374",2020-12-12,"16","14  day ahead inc hosp",2020-12-26,"quantile",0.5,48.7406037014326
"11375",2020-12-12,"16","14  day ahead inc hosp",2020-12-26,"quantile",0.55,49.8424529485762
"11376",2020-12-12,"16","14  day ahead inc hosp",2020-12-26,"quantile",0.6,50.9620530320541
"11377",2020-12-12,"16","14  day ahead inc hosp",2020-12-26,"quantile",0.65,52.1192485786824
"11378",2020-12-12,"16","14  day ahead inc hosp",2020-12-26,"quantile",0.7,53.3387583813715
"11379",2020-12-12,"16","14  day ahead inc hosp",2020-12-26,"quantile",0.75,54.6548012017727
"11380",2020-12-12,"16","14  day ahead inc hosp",2020-12-26,"quantile",0.8,56.1202772908134
"11381",2020-12-12,"16","14  day ahead inc hosp",2020-12-26,"quantile",0.85,57.8284686536149
"11382",2020-12-12,"16","14  day ahead inc hosp",2020-12-26,"quantile",0.9,59.9777634407725
"11383",2020-12-12,"16","14  day ahead inc hosp",2020-12-26,"quantile",0.95,63.1633420842082
"11384",2020-12-12,"16","14  day ahead inc hosp",2020-12-26,"quantile",0.975,65.9263564793712
"11385",2020-12-12,"16","14  day ahead inc hosp",2020-12-26,"quantile",0.99,69.1389578314607
"11386",2020-12-12,"16","15  day ahead inc hosp",2020-12-27,"quantile",0.01,29.0080937657353
"11387",2020-12-12,"16","15  day ahead inc hosp",2020-12-27,"quantile",0.025,32.2726995584802
"11388",2020-12-12,"16","15  day ahead inc hosp",2020-12-27,"quantile",0.05,35.080440641581
"11389",2020-12-12,"16","15  day ahead inc hosp",2020-12-27,"quantile",0.1,38.317586291738
"11390",2020-12-12,"16","15  day ahead inc hosp",2020-12-27,"quantile",0.15,40.5016730935154
"11391",2020-12-12,"16","15  day ahead inc hosp",2020-12-27,"quantile",0.2,42.2375160466076
"11392",2020-12-12,"16","15  day ahead inc hosp",2020-12-27,"quantile",0.25,43.7267147379733
"11393",2020-12-12,"16","15  day ahead inc hosp",2020-12-27,"quantile",0.3,45.0640611884402
"11394",2020-12-12,"16","15  day ahead inc hosp",2020-12-27,"quantile",0.35,46.3033119792608
"11395",2020-12-12,"16","15  day ahead inc hosp",2020-12-27,"quantile",0.4,47.4792397931504
"11396",2020-12-12,"16","15  day ahead inc hosp",2020-12-27,"quantile",0.45,48.6169635619904
"11397",2020-12-12,"16","15  day ahead inc hosp",2020-12-27,"quantile",0.5,49.7366491503119
"11398",2020-12-12,"16","15  day ahead inc hosp",2020-12-27,"quantile",0.55,50.8563347386334
"11399",2020-12-12,"16","15  day ahead inc hosp",2020-12-27,"quantile",0.6,51.9940585074733
"11400",2020-12-12,"16","15  day ahead inc hosp",2020-12-27,"quantile",0.65,53.169986321363
"11401",2020-12-12,"16","15  day ahead inc hosp",2020-12-27,"quantile",0.7,54.4092371121835
"11402",2020-12-12,"16","15  day ahead inc hosp",2020-12-27,"quantile",0.75,55.7465835626504
"11403",2020-12-12,"16","15  day ahead inc hosp",2020-12-27,"quantile",0.8,57.2357822540162
"11404",2020-12-12,"16","15  day ahead inc hosp",2020-12-27,"quantile",0.85,58.9716252071083
"11405",2020-12-12,"16","15  day ahead inc hosp",2020-12-27,"quantile",0.9,61.1557120088858
"11406",2020-12-12,"16","15  day ahead inc hosp",2020-12-27,"quantile",0.95,64.3928576590427
"11407",2020-12-12,"16","15  day ahead inc hosp",2020-12-27,"quantile",0.975,67.2005987421435
"11408",2020-12-12,"16","15  day ahead inc hosp",2020-12-27,"quantile",0.99,70.4652045348884
"11409",2020-12-12,"16","16  day ahead inc hosp",2020-12-28,"quantile",0.01,29.0032266020307
"11410",2020-12-12,"16","16  day ahead inc hosp",2020-12-28,"quantile",0.025,32.3190213056576
"11411",2020-12-12,"16","16  day ahead inc hosp",2020-12-28,"quantile",0.05,35.1707876761
"11412",2020-12-12,"16","16  day ahead inc hosp",2020-12-28,"quantile",0.1,38.4586916630112
"11413",2020-12-12,"16","16  day ahead inc hosp",2020-12-28,"quantile",0.15,40.677024873621
"11414",2020-12-12,"16","16  day ahead inc hosp",2020-12-28,"quantile",0.2,42.4400857868198
"11415",2020-12-12,"16","16  day ahead inc hosp",2020-12-28,"quantile",0.25,43.952635064424
"11416",2020-12-12,"16","16  day ahead inc hosp",2020-12-28,"quantile",0.3,45.3109510630131
"11417",2020-12-12,"16","16  day ahead inc hosp",2020-12-28,"quantile",0.35,46.5696332652564
"11418",2020-12-12,"16","16  day ahead inc hosp",2020-12-28,"quantile",0.4,47.7639995883843
"11419",2020-12-12,"16","16  day ahead inc hosp",2020-12-28,"quantile",0.45,48.9195628282995
"11420",2020-12-12,"16","16  day ahead inc hosp",2020-12-28,"quantile",0.5,50.056805049622
"11421",2020-12-12,"16","16  day ahead inc hosp",2020-12-28,"quantile",0.55,51.1940472709446
"11422",2020-12-12,"16","16  day ahead inc hosp",2020-12-28,"quantile",0.6,52.3496105108598
"11423",2020-12-12,"16","16  day ahead inc hosp",2020-12-28,"quantile",0.65,53.5439768339877
"11424",2020-12-12,"16","16  day ahead inc hosp",2020-12-28,"quantile",0.7,54.802659036231
"11425",2020-12-12,"16","16  day ahead inc hosp",2020-12-28,"quantile",0.75,56.1609750348201
"11426",2020-12-12,"16","16  day ahead inc hosp",2020-12-28,"quantile",0.8,57.6735243124243
"11427",2020-12-12,"16","16  day ahead inc hosp",2020-12-28,"quantile",0.85,59.4365852256231
"11428",2020-12-12,"16","16  day ahead inc hosp",2020-12-28,"quantile",0.9,61.6549184362329
"11429",2020-12-12,"16","16  day ahead inc hosp",2020-12-28,"quantile",0.95,64.9428224231441
"11430",2020-12-12,"16","16  day ahead inc hosp",2020-12-28,"quantile",0.975,67.7945887935865
"11431",2020-12-12,"16","16  day ahead inc hosp",2020-12-28,"quantile",0.99,71.1103834972134
"11432",2020-12-12,"16","17  day ahead inc hosp",2020-12-29,"quantile",0.01,29.0033013987684
"11433",2020-12-12,"16","17  day ahead inc hosp",2020-12-29,"quantile",0.025,32.3695066882862
"11434",2020-12-12,"16","17  day ahead inc hosp",2020-12-29,"quantile",0.05,35.2646289436391
"11435",2020-12-12,"16","17  day ahead inc hosp",2020-12-29,"quantile",0.1,38.6025194891728
"11436",2020-12-12,"16","17  day ahead inc hosp",2020-12-29,"quantile",0.15,40.8545783935734
"11437",2020-12-12,"16","17  day ahead inc hosp",2020-12-29,"quantile",0.2,42.6444434190709
"11438",2020-12-12,"16","17  day ahead inc hosp",2020-12-29,"quantile",0.25,44.179988238344
"11439",2020-12-12,"16","17  day ahead inc hosp",2020-12-29,"quantile",0.3,45.5589549440589
"11440",2020-12-12,"16","17  day ahead inc hosp",2020-12-29,"quantile",0.35,46.8367731040248
"11441",2020-12-12,"16","17  day ahead inc hosp",2020-12-29,"quantile",0.4,48.049297579722
"11442",2020-12-12,"16","17  day ahead inc hosp",2020-12-29,"quantile",0.45,49.2224290423906
"11443",2020-12-12,"16","17  day ahead inc hosp",2020-12-29,"quantile",0.5,50.3769609489322
"11444",2020-12-12,"16","17  day ahead inc hosp",2020-12-29,"quantile",0.55,51.5314928554738
"11445",2020-12-12,"16","17  day ahead inc hosp",2020-12-29,"quantile",0.6,52.7046243181424
"11446",2020-12-12,"16","17  day ahead inc hosp",2020-12-29,"quantile",0.65,53.9171487938397
"11447",2020-12-12,"16","17  day ahead inc hosp",2020-12-29,"quantile",0.7,55.1949669538055
"11448",2020-12-12,"16","17  day ahead inc hosp",2020-12-29,"quantile",0.75,56.5739336595205
"11449",2020-12-12,"16","17  day ahead inc hosp",2020-12-29,"quantile",0.8,58.1094784787935
"11450",2020-12-12,"16","17  day ahead inc hosp",2020-12-29,"quantile",0.85,59.899343504291
"11451",2020-12-12,"16","17  day ahead inc hosp",2020-12-29,"quantile",0.9,62.1514024086917
"11452",2020-12-12,"16","17  day ahead inc hosp",2020-12-29,"quantile",0.95,65.4892929542253
"11453",2020-12-12,"16","17  day ahead inc hosp",2020-12-29,"quantile",0.975,68.3844152095783
"11454",2020-12-12,"16","17  day ahead inc hosp",2020-12-29,"quantile",0.99,71.750620499096
"11455",2020-12-12,"16","18  day ahead inc hosp",2020-12-30,"quantile",0.01,29.0080993581915
"11456",2020-12-12,"16","18  day ahead inc hosp",2020-12-30,"quantile",0.025,32.4239713677601
"11457",2020-12-12,"16","18  day ahead inc hosp",2020-12-30,"quantile",0.05,35.3618097423638
"11458",2020-12-12,"16","18  day ahead inc hosp",2020-12-30,"quantile",0.1,38.7489492376871
"11459",2020-12-12,"16","18  day ahead inc hosp",2020-12-30,"quantile",0.15,41.0342361747009
"11460",2020-12-12,"16","18  day ahead inc hosp",2020-12-30,"quantile",0.2,42.8505097871694
"11461",2020-12-12,"16","18  day ahead inc hosp",2020-12-30,"quantile",0.25,44.4087108225983
"11462",2020-12-12,"16","18  day ahead inc hosp",2020-12-30,"quantile",0.3,45.808023510641
"11463",2020-12-12,"16","18  day ahead inc hosp",2020-12-30,"quantile",0.35,47.104695255391
"11464",2020-12-12,"16","18  day ahead inc hosp",2020-12-30,"quantile",0.4,48.3351099393524
"11465",2020-12-12,"16","18  day ahead inc hosp",2020-12-30,"quantile",0.45,49.5255503855581
"11466",2020-12-12,"16","18  day ahead inc hosp",2020-12-30,"quantile",0.5,50.6971168482424
"11467",2020-12-12,"16","18  day ahead inc hosp",2020-12-30,"quantile",0.55,51.8686833109266
"11468",2020-12-12,"16","18  day ahead inc hosp",2020-12-30,"quantile",0.6,53.0591237571324
"11469",2020-12-12,"16","18  day ahead inc hosp",2020-12-30,"quantile",0.65,54.2895384410938
"11470",2020-12-12,"16","18  day ahead inc hosp",2020-12-30,"quantile",0.7,55.5862101858438
"11471",2020-12-12,"16","18  day ahead inc hosp",2020-12-30,"quantile",0.75,56.9855228738865
"11472",2020-12-12,"16","18  day ahead inc hosp",2020-12-30,"quantile",0.8,58.5437239093154
"11473",2020-12-12,"16","18  day ahead inc hosp",2020-12-30,"quantile",0.85,60.3599975217839
"11474",2020-12-12,"16","18  day ahead inc hosp",2020-12-30,"quantile",0.9,62.6452844587977
"11475",2020-12-12,"16","18  day ahead inc hosp",2020-12-30,"quantile",0.95,66.032423954121
"11476",2020-12-12,"16","18  day ahead inc hosp",2020-12-30,"quantile",0.975,68.9702623287247
"11477",2020-12-12,"16","18  day ahead inc hosp",2020-12-30,"quantile",0.99,72.3861343382933
"11478",2020-12-12,"16","19  day ahead inc hosp",2020-12-31,"quantile",0.01,29.0174173661834
"11479",2020-12-12,"16","19  day ahead inc hosp",2020-12-31,"quantile",0.025,32.4822442190479
"11480",2020-12-12,"16","19  day ahead inc hosp",2020-12-31,"quantile",0.05,35.4621864596204
"11481",2020-12-12,"16","19  day ahead inc hosp",2020-12-31,"quantile",0.1,38.8978690159104
"11482",2020-12-12,"16","19  day ahead inc hosp",2020-12-31,"quantile",0.15,41.2159077256997
"11483",2020-12-12,"16","19  day ahead inc hosp",2020-12-31,"quantile",0.2,43.0582114089178
"11484",2020-12-12,"16","19  day ahead inc hosp",2020-12-31,"quantile",0.25,44.6387439272885
"11485",2020-12-12,"16","19  day ahead inc hosp",2020-12-31,"quantile",0.3,46.0581109771964
"11486",2020-12-12,"16","19  day ahead inc hosp",2020-12-31,"quantile",0.35,47.3733660769119
"11487",2020-12-12,"16","19  day ahead inc hosp",2020-12-31,"quantile",0.4,48.6214145474653
"11488",2020-12-12,"16","19  day ahead inc hosp",2020-12-31,"quantile",0.45,49.8289158862729
"11489",2020-12-12,"16","19  day ahead inc hosp",2020-12-31,"quantile",0.5,51.0172727475526
"11490",2020-12-12,"16","19  day ahead inc hosp",2020-12-31,"quantile",0.55,52.2056296088322
"11491",2020-12-12,"16","19  day ahead inc hosp",2020-12-31,"quantile",0.6,53.4131309476399
"11492",2020-12-12,"16","19  day ahead inc hosp",2020-12-31,"quantile",0.65,54.6611794181933
"11493",2020-12-12,"16","19  day ahead inc hosp",2020-12-31,"quantile",0.7,55.9764345179088
"11494",2020-12-12,"16","19  day ahead inc hosp",2020-12-31,"quantile",0.75,57.3958015678167
"11495",2020-12-12,"16","19  day ahead inc hosp",2020-12-31,"quantile",0.8,58.9763340861873
"11496",2020-12-12,"16","19  day ahead inc hosp",2020-12-31,"quantile",0.85,60.8186377694054
"11497",2020-12-12,"16","19  day ahead inc hosp",2020-12-31,"quantile",0.9,63.1366764791948
"11498",2020-12-12,"16","19  day ahead inc hosp",2020-12-31,"quantile",0.95,66.5723590354848
"11499",2020-12-12,"16","19  day ahead inc hosp",2020-12-31,"quantile",0.975,69.5523012760573
"11500",2020-12-12,"16","19  day ahead inc hosp",2020-12-31,"quantile",0.99,73.0171281289217
"11501",2020-12-12,"16","20  day ahead inc hosp",2021-01-01,"quantile",0.01,29.0310664620828
"11502",2020-12-12,"16","20  day ahead inc hosp",2021-01-01,"quantile",0.025,32.5441660415008
"11503",2020-12-12,"16","20  day ahead inc hosp",2021-01-01,"quantile",0.05,35.5656254900128
"11504",2020-12-12,"16","20  day ahead inc hosp",2021-01-01,"quantile",0.1,39.0491747281336
"11505",2020-12-12,"16","20  day ahead inc hosp",2021-01-01,"quantile",0.15,41.3995088609066
"11506",2020-12-12,"16","20  day ahead inc hosp",2021-01-01,"quantile",0.2,43.2674799225263
"11507",2020-12-12,"16","20  day ahead inc hosp",2021-01-01,"quantile",0.25,44.8700327660989
"11508",2020-12-12,"16","20  day ahead inc hosp",2021-01-01,"quantile",0.3,46.3091747486048
"11509",2020-12-12,"16","20  day ahead inc hosp",2021-01-01,"quantile",0.35,47.6427542704265
"11510",2020-12-12,"16","20  day ahead inc hosp",2021-01-01,"quantile",0.4,48.9081908256096
"11511",2020-12-12,"16","20  day ahead inc hosp",2021-01-01,"quantile",0.45,50.1325153375271
"11512",2020-12-12,"16","20  day ahead inc hosp",2021-01-01,"quantile",0.5,51.3374286468628
"11513",2020-12-12,"16","20  day ahead inc hosp",2021-01-01,"quantile",0.55,52.5423419561984
"11514",2020-12-12,"16","20  day ahead inc hosp",2021-01-01,"quantile",0.6,53.7666664681159
"11515",2020-12-12,"16","20  day ahead inc hosp",2021-01-01,"quantile",0.65,55.032103023299
"11516",2020-12-12,"16","20  day ahead inc hosp",2021-01-01,"quantile",0.7,56.3656825451207
"11517",2020-12-12,"16","20  day ahead inc hosp",2021-01-01,"quantile",0.75,57.8048245276266
"11518",2020-12-12,"16","20  day ahead inc hosp",2021-01-01,"quantile",0.8,59.4073773711992
"11519",2020-12-12,"16","20  day ahead inc hosp",2021-01-01,"quantile",0.85,61.275348432819
"11520",2020-12-12,"16","20  day ahead inc hosp",2021-01-01,"quantile",0.9,63.6256825655919
"11521",2020-12-12,"16","20  day ahead inc hosp",2021-01-01,"quantile",0.95,67.1092318037127
"11522",2020-12-12,"16","20  day ahead inc hosp",2021-01-01,"quantile",0.975,70.1306912522247
"11523",2020-12-12,"16","20  day ahead inc hosp",2021-01-01,"quantile",0.99,73.6437908316427
"11524",2020-12-12,"16","21  day ahead inc hosp",2021-01-02,"quantile",0.01,29.0488704952587
"11525",2020-12-12,"16","21  day ahead inc hosp",2021-01-02,"quantile",0.025,32.6095884270084
"11526",2020-12-12,"16","21  day ahead inc hosp",2021-01-02,"quantile",0.05,35.6720022855286
"11527",2020-12-12,"16","21  day ahead inc hosp",2021-01-02,"quantile",0.1,39.2027693355091
"11528",2020-12-12,"16","21  day ahead inc hosp",2021-01-02,"quantile",0.15,41.5849611017768
"11529",2020-12-12,"16","21  day ahead inc hosp",2021-01-02,"quantile",0.2,43.4782516005906
"11530",2020-12-12,"16","21  day ahead inc hosp",2021-01-02,"quantile",0.25,45.1025262667902
"11531",2020-12-12,"16","21  day ahead inc hosp",2021-01-02,"quantile",0.3,46.5611751173564
"11532",2020-12-12,"16","21  day ahead inc hosp",2021-01-02,"quantile",0.35,47.9128306595405
"11533",2020-12-12,"16","21  day ahead inc hosp",2021-01-02,"quantile",0.4,49.1954195903894
"11534",2020-12-12,"16","21  day ahead inc hosp",2021-01-02,"quantile",0.45,50.4363392242666
"11535",2020-12-12,"16","21  day ahead inc hosp",2021-01-02,"quantile",0.5,51.6575845461729
"11536",2020-12-12,"16","21  day ahead inc hosp",2021-01-02,"quantile",0.55,52.8788298680793
"11537",2020-12-12,"16","21  day ahead inc hosp",2021-01-02,"quantile",0.6,54.1197495019564
"11538",2020-12-12,"16","21  day ahead inc hosp",2021-01-02,"quantile",0.65,55.4023384328054
"11539",2020-12-12,"16","21  day ahead inc hosp",2021-01-02,"quantile",0.7,56.7539939749894
"11540",2020-12-12,"16","21  day ahead inc hosp",2021-01-02,"quantile",0.75,58.2126428255557
"11541",2020-12-12,"16","21  day ahead inc hosp",2021-01-02,"quantile",0.8,59.8369174917553
"11542",2020-12-12,"16","21  day ahead inc hosp",2021-01-02,"quantile",0.85,61.7302079905691
"11543",2020-12-12,"16","21  day ahead inc hosp",2021-01-02,"quantile",0.9,64.1123997568368
"11544",2020-12-12,"16","21  day ahead inc hosp",2021-01-02,"quantile",0.95,67.6431668068173
"11545",2020-12-12,"16","21  day ahead inc hosp",2021-01-02,"quantile",0.975,70.7055806653375
"11546",2020-12-12,"16","21  day ahead inc hosp",2021-01-02,"quantile",0.99,74.2662985970872
"11547",2020-12-12,"16","22  day ahead inc hosp",2021-01-03,"quantile",0.01,26.9333731392052
"11548",2020-12-12,"16","22  day ahead inc hosp",2021-01-03,"quantile",0.025,30.5410809605318
"11549",2020-12-12,"16","22  day ahead inc hosp",2021-01-03,"quantile",0.05,33.64390871642
"11550",2020-12-12,"16","22  day ahead inc hosp",2021-01-03,"quantile",0.1,37.2212704018028
"11551",2020-12-12,"16","22  day ahead inc hosp",2021-01-03,"quantile",0.15,39.6348993473678
"11552",2020-12-12,"16","22  day ahead inc hosp",2021-01-03,"quantile",0.2,41.5531751197083
"11553",2020-12-12,"16","22  day ahead inc hosp",2021-01-03,"quantile",0.25,43.1988849258629
"11554",2020-12-12,"16","22  day ahead inc hosp",2021-01-03,"quantile",0.3,44.6767831945895
"11555",2020-12-12,"16","22  day ahead inc hosp",2021-01-03,"quantile",0.35,46.0462761914359
"11556",2020-12-12,"16","22  day ahead inc hosp",2021-01-03,"quantile",0.4,47.345791122431
"11557",2020-12-12,"16","22  day ahead inc hosp",2021-01-03,"quantile",0.45,48.6030868573325
"11558",2020-12-12,"16","22  day ahead inc hosp",2021-01-03,"quantile",0.5,49.8404486433684
"11559",2020-12-12,"16","22  day ahead inc hosp",2021-01-03,"quantile",0.55,51.0778104294043
"11560",2020-12-12,"16","22  day ahead inc hosp",2021-01-03,"quantile",0.6,52.3351061643058
"11561",2020-12-12,"16","22  day ahead inc hosp",2021-01-03,"quantile",0.65,53.6346210953009
"11562",2020-12-12,"16","22  day ahead inc hosp",2021-01-03,"quantile",0.7,55.0041140921473
"11563",2020-12-12,"16","22  day ahead inc hosp",2021-01-03,"quantile",0.75,56.4820123608739
"11564",2020-12-12,"16","22  day ahead inc hosp",2021-01-03,"quantile",0.8,58.1277221670285
"11565",2020-12-12,"16","22  day ahead inc hosp",2021-01-03,"quantile",0.85,60.045997939369
"11566",2020-12-12,"16","22  day ahead inc hosp",2021-01-03,"quantile",0.9,62.459626884934
"11567",2020-12-12,"16","22  day ahead inc hosp",2021-01-03,"quantile",0.95,66.0369885703168
"11568",2020-12-12,"16","22  day ahead inc hosp",2021-01-03,"quantile",0.975,69.139816326205
"11569",2020-12-12,"16","22  day ahead inc hosp",2021-01-03,"quantile",0.99,72.7475241475315
"11570",2020-12-12,"16","23  day ahead inc hosp",2021-01-04,"quantile",0.01,26.9590040532542
"11571",2020-12-12,"16","23  day ahead inc hosp",2021-01-04,"quantile",0.025,30.6130975466719
"11572",2020-12-12,"16","23  day ahead inc hosp",2021-01-04,"quantile",0.05,33.7558195395571
"11573",2020-12-12,"16","23  day ahead inc hosp",2021-01-04,"quantile",0.1,37.3791767252153
"11574",2020-12-12,"16","23  day ahead inc hosp",2021-01-04,"quantile",0.15,39.8238386164521
"11575",2020-12-12,"16","23  day ahead inc hosp",2021-01-04,"quantile",0.2,41.766778390248
"11576",2020-12-12,"16","23  day ahead inc hosp",2021-01-04,"quantile",0.25,43.4336477135271
"11577",2020-12-12,"16","23  day ahead inc hosp",2021-01-04,"quantile",0.3,44.9305478825938
"11578",2020-12-12,"16","23  day ahead inc hosp",2021-01-04,"quantile",0.35,46.3176489719546
"11579",2020-12-12,"16","23  day ahead inc hosp",2021-01-04,"quantile",0.4,47.6338722608468
"11580",2020-12-12,"16","23  day ahead inc hosp",2021-01-04,"quantile",0.45,48.9073335253779
"11581",2020-12-12,"16","23  day ahead inc hosp",2021-01-04,"quantile",0.5,50.1606045426786
"11582",2020-12-12,"16","23  day ahead inc hosp",2021-01-04,"quantile",0.55,51.4138755599792
"11583",2020-12-12,"16","23  day ahead inc hosp",2021-01-04,"quantile",0.6,52.6873368245104
"11584",2020-12-12,"16","23  day ahead inc hosp",2021-01-04,"quantile",0.65,54.0035601134025
"11585",2020-12-12,"16","23  day ahead inc hosp",2021-01-04,"quantile",0.7,55.3906612027633
"11586",2020-12-12,"16","23  day ahead inc hosp",2021-01-04,"quantile",0.75,56.8875613718301
"11587",2020-12-12,"16","23  day ahead inc hosp",2021-01-04,"quantile",0.8,58.5544306951091
"11588",2020-12-12,"16","23  day ahead inc hosp",2021-01-04,"quantile",0.85,60.4973704689051
"11589",2020-12-12,"16","23  day ahead inc hosp",2021-01-04,"quantile",0.9,62.9420323601419
"11590",2020-12-12,"16","23  day ahead inc hosp",2021-01-04,"quantile",0.95,66.5653895458
"11591",2020-12-12,"16","23  day ahead inc hosp",2021-01-04,"quantile",0.975,69.7081115386853
"11592",2020-12-12,"16","23  day ahead inc hosp",2021-01-04,"quantile",0.99,73.3622050321029
"11593",2020-12-12,"16","24  day ahead inc hosp",2021-01-05,"quantile",0.01,26.9883271412793
"11594",2020-12-12,"16","24  day ahead inc hosp",2021-01-05,"quantile",0.025,30.688224814623
"11595",2020-12-12,"16","24  day ahead inc hosp",2021-01-05,"quantile",0.05,33.8703409291635
"11596",2020-12-12,"16","24  day ahead inc hosp",2021-01-05,"quantile",0.1,37.5391170141376
"11597",2020-12-12,"16","24  day ahead inc hosp",2021-01-05,"quantile",0.15,40.014422821116
"11598",2020-12-12,"16","24  day ahead inc hosp",2021-01-05,"quantile",0.2,41.9817174077115
"11599",2020-12-12,"16","24  day ahead inc hosp",2021-01-05,"quantile",0.25,43.669480991779
"11600",2020-12-12,"16","24  day ahead inc hosp",2021-01-05,"quantile",0.3,45.185144852798
"11601",2020-12-12,"16","24  day ahead inc hosp",2021-01-05,"quantile",0.35,46.5896332991017
"11602",2020-12-12,"16","24  day ahead inc hosp",2021-01-05,"quantile",0.4,47.9223554894192
"11603",2020-12-12,"16","24  day ahead inc hosp",2021-01-05,"quantile",0.45,49.2117796320197
"11604",2020-12-12,"16","24  day ahead inc hosp",2021-01-05,"quantile",0.5,50.4807604419888
"11605",2020-12-12,"16","24  day ahead inc hosp",2021-01-05,"quantile",0.55,51.7497412519578
"11606",2020-12-12,"16","24  day ahead inc hosp",2021-01-05,"quantile",0.6,53.0391653945583
"11607",2020-12-12,"16","24  day ahead inc hosp",2021-01-05,"quantile",0.65,54.3718875848759
"11608",2020-12-12,"16","24  day ahead inc hosp",2021-01-05,"quantile",0.7,55.7763760311795
"11609",2020-12-12,"16","24  day ahead inc hosp",2021-01-05,"quantile",0.75,57.2920398921986
"11610",2020-12-12,"16","24  day ahead inc hosp",2021-01-05,"quantile",0.8,58.979803476266
"11611",2020-12-12,"16","24  day ahead inc hosp",2021-01-05,"quantile",0.85,60.9470980628615
"11612",2020-12-12,"16","24  day ahead inc hosp",2021-01-05,"quantile",0.9,63.42240386984
"11613",2020-12-12,"16","24  day ahead inc hosp",2021-01-05,"quantile",0.95,67.091179954814
"11614",2020-12-12,"16","24  day ahead inc hosp",2021-01-05,"quantile",0.975,70.2732960693545
"11615",2020-12-12,"16","24  day ahead inc hosp",2021-01-05,"quantile",0.99,73.9731937426982
"11616",2020-12-12,"16","25  day ahead inc hosp",2021-01-06,"quantile",0.01,27.0212069337871
"11617",2020-12-12,"16","25  day ahead inc hosp",2021-01-06,"quantile",0.025,30.766348630411
"11618",2020-12-12,"16","25  day ahead inc hosp",2021-01-06,"quantile",0.05,33.9873771009888
"11619",2020-12-12,"16","25  day ahead inc hosp",2021-01-06,"quantile",0.1,37.7010166403751
"11620",2020-12-12,"16","25  day ahead inc hosp",2021-01-06,"quantile",0.15,40.2065916070558
"11621",2020-12-12,"16","25  day ahead inc hosp",2021-01-06,"quantile",0.2,42.1979431622308
"11622",2020-12-12,"16","25  day ahead inc hosp",2021-01-06,"quantile",0.25,43.9063454832663
"11623",2020-12-12,"16","25  day ahead inc hosp",2021-01-06,"quantile",0.3,45.4405435679497
"11624",2020-12-12,"16","25  day ahead inc hosp",2021-01-06,"quantile",0.35,46.8622067346298
"11625",2020-12-12,"16","25  day ahead inc hosp",2021-01-06,"quantile",0.4,48.2112260550651
"11626",2020-12-12,"16","25  day ahead inc hosp",2021-01-06,"quantile",0.45,49.5164178596597
"11627",2020-12-12,"16","25  day ahead inc hosp",2021-01-06,"quantile",0.5,50.8009163412989
"11628",2020-12-12,"16","25  day ahead inc hosp",2021-01-06,"quantile",0.55,52.0854148229382
"11629",2020-12-12,"16","25  day ahead inc hosp",2021-01-06,"quantile",0.6,53.3906066275328
"11630",2020-12-12,"16","25  day ahead inc hosp",2021-01-06,"quantile",0.65,54.739625947968
"11631",2020-12-12,"16","25  day ahead inc hosp",2021-01-06,"quantile",0.7,56.1612891146482
"11632",2020-12-12,"16","25  day ahead inc hosp",2021-01-06,"quantile",0.75,57.6954871993315
"11633",2020-12-12,"16","25  day ahead inc hosp",2021-01-06,"quantile",0.8,59.4038895203671
"11634",2020-12-12,"16","25  day ahead inc hosp",2021-01-06,"quantile",0.85,61.3952410755421
"11635",2020-12-12,"16","25  day ahead inc hosp",2021-01-06,"quantile",0.9,63.9008160422228
"11636",2020-12-12,"16","25  day ahead inc hosp",2021-01-06,"quantile",0.95,67.6144555816091
"11637",2020-12-12,"16","25  day ahead inc hosp",2021-01-06,"quantile",0.975,70.8354840521869
"11638",2020-12-12,"16","25  day ahead inc hosp",2021-01-06,"quantile",0.99,74.5806257488107
"11639",2020-12-12,"16","26  day ahead inc hosp",2021-01-07,"quantile",0.01,27.0575160482436
"11640",2020-12-12,"16","26  day ahead inc hosp",2021-01-07,"quantile",0.025,30.8473616733803
"11641",2020-12-12,"16","26  day ahead inc hosp",2021-01-07,"quantile",0.05,34.1068379886995
"11642",2020-12-12,"16","26  day ahead inc hosp",2021-01-07,"quantile",0.1,37.8648054307231
"11643",2020-12-12,"16","26  day ahead inc hosp",2021-01-07,"quantile",0.15,40.400288222866
"11644",2020-12-12,"16","26  day ahead inc hosp",2021-01-07,"quantile",0.2,42.4154095696211
"11645",2020-12-12,"16","26  day ahead inc hosp",2021-01-07,"quantile",0.25,44.1442042553299
"11646",2020-12-12,"16","26  day ahead inc hosp",2021-01-07,"quantile",0.3,45.6967153137424
"11647",2020-12-12,"16","26  day ahead inc hosp",2021-01-07,"quantile",0.35,47.1353481797612
"11648",2020-12-12,"16","26  day ahead inc hosp",2021-01-07,"quantile",0.4,48.5004700853984
"11649",2020-12-12,"16","26  day ahead inc hosp",2021-01-07,"quantile",0.45,49.8212413275295
"11650",2020-12-12,"16","26  day ahead inc hosp",2021-01-07,"quantile",0.5,51.1210722406091
"11651",2020-12-12,"16","26  day ahead inc hosp",2021-01-07,"quantile",0.55,52.4209031536888
"11652",2020-12-12,"16","26  day ahead inc hosp",2021-01-07,"quantile",0.6,53.7416743958198
"11653",2020-12-12,"16","26  day ahead inc hosp",2021-01-07,"quantile",0.65,55.106796301457
"11654",2020-12-12,"16","26  day ahead inc hosp",2021-01-07,"quantile",0.7,56.5454291674759
"11655",2020-12-12,"16","26  day ahead inc hosp",2021-01-07,"quantile",0.75,58.0979402258884
"11656",2020-12-12,"16","26  day ahead inc hosp",2021-01-07,"quantile",0.8,59.8267349115972
"11657",2020-12-12,"16","26  day ahead inc hosp",2021-01-07,"quantile",0.85,61.8418562583522
"11658",2020-12-12,"16","26  day ahead inc hosp",2021-01-07,"quantile",0.9,64.3773390504951
"11659",2020-12-12,"16","26  day ahead inc hosp",2021-01-07,"quantile",0.95,68.1353064925188
"11660",2020-12-12,"16","26  day ahead inc hosp",2021-01-07,"quantile",0.975,71.3947828078379
"11661",2020-12-12,"16","26  day ahead inc hosp",2021-01-07,"quantile",0.99,75.1846284329746
"11662",2020-12-12,"16","27  day ahead inc hosp",2021-01-08,"quantile",0.01,27.0971345289311
"11663",2020-12-12,"16","27  day ahead inc hosp",2021-01-08,"quantile",0.025,30.9311628800188
"11664",2020-12-12,"16","27  day ahead inc hosp",2021-01-08,"quantile",0.05,34.2286387771226
"11665",2020-12-12,"16","27  day ahead inc hosp",2021-01-08,"quantile",0.1,38.030417303303
"11666",2020-12-12,"16","27  day ahead inc hosp",2021-01-08,"quantile",0.15,40.5954592259328
"11667",2020-12-12,"16","27  day ahead inc hosp",2021-01-08,"quantile",0.2,42.6340732325554
"11668",2020-12-12,"16","27  day ahead inc hosp",2021-01-08,"quantile",0.25,44.3830225286044
"11669",2020-12-12,"16","27  day ahead inc hosp",2021-01-08,"quantile",0.3,45.9536330500069
"11670",2020-12-12,"16","27  day ahead inc hosp",2021-01-08,"quantile",0.35,47.4090377658451
"11671",2020-12-12,"16","27  day ahead inc hosp",2021-01-08,"quantile",0.4,48.7900745168381
"11672",2020-12-12,"16","27  day ahead inc hosp",2021-01-08,"quantile",0.45,50.1262435560319
"11673",2020-12-12,"16","27  day ahead inc hosp",2021-01-08,"quantile",0.5,51.4412281399193
"11674",2020-12-12,"16","27  day ahead inc hosp",2021-01-08,"quantile",0.55,52.7562127238066
"11675",2020-12-12,"16","27  day ahead inc hosp",2021-01-08,"quantile",0.6,54.0923817630005
"11676",2020-12-12,"16","27  day ahead inc hosp",2021-01-08,"quantile",0.65,55.4734185139935
"11677",2020-12-12,"16","27  day ahead inc hosp",2021-01-08,"quantile",0.7,56.9288232298317
"11678",2020-12-12,"16","27  day ahead inc hosp",2021-01-08,"quantile",0.75,58.4994337512341
"11679",2020-12-12,"16","27  day ahead inc hosp",2021-01-08,"quantile",0.8,60.2483830472832
"11680",2020-12-12,"16","27  day ahead inc hosp",2021-01-08,"quantile",0.85,62.2869970539057
"11681",2020-12-12,"16","27  day ahead inc hosp",2021-01-08,"quantile",0.9,64.8520389765356
"11682",2020-12-12,"16","27  day ahead inc hosp",2021-01-08,"quantile",0.95,68.653817502716
"11683",2020-12-12,"16","27  day ahead inc hosp",2021-01-08,"quantile",0.975,71.9512933998198
"11684",2020-12-12,"16","27  day ahead inc hosp",2021-01-08,"quantile",0.99,75.7853217509075
"11685",2020-12-12,"16","28  day ahead inc hosp",2021-01-09,"quantile",0.01,27.1399492545143
"11686",2020-12-12,"16","28  day ahead inc hosp",2021-01-09,"quantile",0.025,31.0176569448284
"11687",2020-12-12,"16","28  day ahead inc hosp",2021-01-09,"quantile",0.05,34.3526994833629
"11688",2020-12-12,"16","28  day ahead inc hosp",2021-01-09,"quantile",0.1,38.197789941199
"11689",2020-12-12,"16","28  day ahead inc hosp",2021-01-09,"quantile",0.15,40.7920542184932
"11690",2020-12-12,"16","28  day ahead inc hosp",2021-01-09,"quantile",0.2,42.8538932262354
"11691",2020-12-12,"16","28  day ahead inc hosp",2021-01-09,"quantile",0.25,44.6227675052519
"11692",2020-12-12,"16","28  day ahead inc hosp",2021-01-09,"quantile",0.3,46.2112712771665
"11693",2020-12-12,"16","28  day ahead inc hosp",2021-01-09,"quantile",0.35,47.6832567562316
"11694",2020-12-12,"16","28  day ahead inc hosp",2021-01-09,"quantile",0.4,49.0800270300906
"11695",2020-12-12,"16","28  day ahead inc hosp",2021-01-09,"quantile",0.45,50.4314184347399
"11696",2020-12-12,"16","28  day ahead inc hosp",2021-01-09,"quantile",0.5,51.7613840392295
"11697",2020-12-12,"16","28  day ahead inc hosp",2021-01-09,"quantile",0.55,53.091349643719
"11698",2020-12-12,"16","28  day ahead inc hosp",2021-01-09,"quantile",0.6,54.4427410483683
"11699",2020-12-12,"16","28  day ahead inc hosp",2021-01-09,"quantile",0.65,55.8395113222273
"11700",2020-12-12,"16","28  day ahead inc hosp",2021-01-09,"quantile",0.7,57.3114968012925
"11701",2020-12-12,"16","28  day ahead inc hosp",2021-01-09,"quantile",0.75,58.9000005732071
"11702",2020-12-12,"16","28  day ahead inc hosp",2021-01-09,"quantile",0.8,60.6688748522235
"11703",2020-12-12,"16","28  day ahead inc hosp",2021-01-09,"quantile",0.85,62.7307138599657
"11704",2020-12-12,"16","28  day ahead inc hosp",2021-01-09,"quantile",0.9,65.3249781372599
"11705",2020-12-12,"16","28  day ahead inc hosp",2021-01-09,"quantile",0.95,69.170068595096
"11706",2020-12-12,"16","28  day ahead inc hosp",2021-01-09,"quantile",0.975,72.5051111336305
"11707",2020-12-12,"16","28  day ahead inc hosp",2021-01-09,"quantile",0.99,76.3828188239446
"11708",2020-12-12,"16","29  day ahead inc hosp",2021-01-10,"quantile",0.01,26.1430446827809
"11709",2020-12-12,"16","29  day ahead inc hosp",2021-01-10,"quantile",0.025,30.0639451490128
"11710",2020-12-12,"16","29  day ahead inc hosp",2021-01-10,"quantile",0.05,33.43613585769
"11711",2020-12-12,"16","29  day ahead inc hosp",2021-01-10,"quantile",0.1,37.3240557765874
"11712",2020-12-12,"16","29  day ahead inc hosp",2021-01-10,"quantile",0.15,39.9472168879262
"11713",2020-12-12,"16","29  day ahead inc hosp",2021-01-10,"quantile",0.2,42.0320221833188
"11714",2020-12-12,"16","29  day ahead inc hosp",2021-01-10,"quantile",0.25,43.8205994921823
"11715",2020-12-12,"16","29  day ahead inc hosp",2021-01-10,"quantile",0.3,45.4267971938473
"11716",2020-12-12,"16","29  day ahead inc hosp",2021-01-10,"quantile",0.35,46.9151787357489
"11717",2020-12-12,"16","29  day ahead inc hosp",2021-01-10,"quantile",0.4,48.3275072698652
"11718",2020-12-12,"16","29  day ahead inc hosp",2021-01-10,"quantile",0.45,49.6939514713676
"11719",2020-12-12,"16","29  day ahead inc hosp",2021-01-10,"quantile",0.5,51.0387312163032
"11720",2020-12-12,"16","29  day ahead inc hosp",2021-01-10,"quantile",0.55,52.3835109612388
"11721",2020-12-12,"16","29  day ahead inc hosp",2021-01-10,"quantile",0.6,53.7499551627413
"11722",2020-12-12,"16","29  day ahead inc hosp",2021-01-10,"quantile",0.65,55.1622836968576
"11723",2020-12-12,"16","29  day ahead inc hosp",2021-01-10,"quantile",0.7,56.6506652387591
"11724",2020-12-12,"16","29  day ahead inc hosp",2021-01-10,"quantile",0.75,58.2568629404241
"11725",2020-12-12,"16","29  day ahead inc hosp",2021-01-10,"quantile",0.8,60.0454402492876
"11726",2020-12-12,"16","29  day ahead inc hosp",2021-01-10,"quantile",0.85,62.1302455446803
"11727",2020-12-12,"16","29  day ahead inc hosp",2021-01-10,"quantile",0.9,64.7534066560191
"11728",2020-12-12,"16","29  day ahead inc hosp",2021-01-10,"quantile",0.95,68.6413265749165
"11729",2020-12-12,"16","29  day ahead inc hosp",2021-01-10,"quantile",0.975,72.0135172835937
"11730",2020-12-12,"16","29  day ahead inc hosp",2021-01-10,"quantile",0.99,75.9344177498256
"11731",2020-12-12,"16","30  day ahead inc hosp",2021-01-11,"quantile",0.01,26.1919372588503
"11732",2020-12-12,"16","30  day ahead inc hosp",2021-01-11,"quantile",0.025,30.1555598443993
"11733",2020-12-12,"16","30  day ahead inc hosp",2021-01-11,"quantile",0.05,33.5644939325774
"11734",2020-12-12,"16","30  day ahead inc hosp",2021-01-11,"quantile",0.1,37.4947766148504
"11735",2020-12-12,"16","30  day ahead inc hosp",2021-01-11,"quantile",0.15,40.1465196815212
"11736",2020-12-12,"16","30  day ahead inc hosp",2021-01-11,"quantile",0.2,42.2540410089452
"11737",2020-12-12,"16","30  day ahead inc hosp",2021-01-11,"quantile",0.25,44.0621066506177
"11738",2020-12-12,"16","30  day ahead inc hosp",2021-01-11,"quantile",0.3,45.6858054774575
"11739",2020-12-12,"16","30  day ahead inc hosp",2021-01-11,"quantile",0.35,47.1904044200225
"11740",2020-12-12,"16","30  day ahead inc hosp",2021-01-11,"quantile",0.4,48.6181216814654
"11741",2020-12-12,"16","30  day ahead inc hosp",2021-01-11,"quantile",0.45,49.9994546547486
"11742",2020-12-12,"16","30  day ahead inc hosp",2021-01-11,"quantile",0.5,51.3588871156134
"11743",2020-12-12,"16","30  day ahead inc hosp",2021-01-11,"quantile",0.55,52.7183195764782
"11744",2020-12-12,"16","30  day ahead inc hosp",2021-01-11,"quantile",0.6,54.0996525497614
"11745",2020-12-12,"16","30  day ahead inc hosp",2021-01-11,"quantile",0.65,55.5273698112043
"11746",2020-12-12,"16","30  day ahead inc hosp",2021-01-11,"quantile",0.7,57.0319687537693
"11747",2020-12-12,"16","30  day ahead inc hosp",2021-01-11,"quantile",0.75,58.6556675806091
"11748",2020-12-12,"16","30  day ahead inc hosp",2021-01-11,"quantile",0.8,60.4637332222816
"11749",2020-12-12,"16","30  day ahead inc hosp",2021-01-11,"quantile",0.85,62.5712545497057
"11750",2020-12-12,"16","30  day ahead inc hosp",2021-01-11,"quantile",0.9,65.2229976163764
"11751",2020-12-12,"16","30  day ahead inc hosp",2021-01-11,"quantile",0.95,69.1532802986494
"11752",2020-12-12,"16","30  day ahead inc hosp",2021-01-11,"quantile",0.975,72.5622143868275
"11753",2020-12-12,"16","30  day ahead inc hosp",2021-01-11,"quantile",0.99,76.5258369723765
"11754",2020-12-12,"16","31  day ahead inc hosp",2021-01-12,"quantile",0.01,26.2437226471701
"11755",2020-12-12,"16","31  day ahead inc hosp",2021-01-12,"quantile",0.025,30.2496117538792
"11756",2020-12-12,"16","31  day ahead inc hosp",2021-01-12,"quantile",0.05,33.6948973820089
"11757",2020-12-12,"16","31  day ahead inc hosp",2021-01-12,"quantile",0.1,37.6670910617521
"11758",2020-12-12,"16","31  day ahead inc hosp",2021-01-12,"quantile",0.15,40.347111279443
"11759",2020-12-12,"16","31  day ahead inc hosp",2021-01-12,"quantile",0.2,42.477106390094
"11760",2020-12-12,"16","31  day ahead inc hosp",2021-01-12,"quantile",0.25,44.3044525366716
"11761",2020-12-12,"16","31  day ahead inc hosp",2021-01-12,"quantile",0.3,45.9454658528052
"11762",2020-12-12,"16","31  day ahead inc hosp",2021-01-12,"quantile",0.35,47.4661092500757
"11763",2020-12-12,"16","31  day ahead inc hosp",2021-01-12,"quantile",0.4,48.9090511300434
"11764",2020-12-12,"16","31  day ahead inc hosp",2021-01-12,"quantile",0.45,50.3051140979425
"11765",2020-12-12,"16","31  day ahead inc hosp",2021-01-12,"quantile",0.5,51.6790430149236
"11766",2020-12-12,"16","31  day ahead inc hosp",2021-01-12,"quantile",0.55,53.0529719319047
"11767",2020-12-12,"16","31  day ahead inc hosp",2021-01-12,"quantile",0.6,54.4490348998037
"11768",2020-12-12,"16","31  day ahead inc hosp",2021-01-12,"quantile",0.65,55.8919767797714
"11769",2020-12-12,"16","31  day ahead inc hosp",2021-01-12,"quantile",0.7,57.412620177042
"11770",2020-12-12,"16","31  day ahead inc hosp",2021-01-12,"quantile",0.75,59.0536334931756
"11771",2020-12-12,"16","31  day ahead inc hosp",2021-01-12,"quantile",0.8,60.8809796397532
"11772",2020-12-12,"16","31  day ahead inc hosp",2021-01-12,"quantile",0.85,63.0109747504042
"11773",2020-12-12,"16","31  day ahead inc hosp",2021-01-12,"quantile",0.9,65.6909949680951
"11774",2020-12-12,"16","31  day ahead inc hosp",2021-01-12,"quantile",0.95,69.6631886478383
"11775",2020-12-12,"16","31  day ahead inc hosp",2021-01-12,"quantile",0.975,73.108474275968
"11776",2020-12-12,"16","31  day ahead inc hosp",2021-01-12,"quantile",0.99,77.1143633826771
"11777",2020-12-12,"16","32  day ahead inc hosp",2021-01-13,"quantile",0.01,26.2983102267257
"11778",2020-12-12,"16","32  day ahead inc hosp",2021-01-13,"quantile",0.025,30.3460245286284
"11779",2020-12-12,"16","32  day ahead inc hosp",2021-01-13,"quantile",0.05,33.8272821320314
"11780",2020-12-12,"16","32  day ahead inc hosp",2021-01-13,"quantile",0.1,37.8409491954794
"11781",2020-12-12,"16","32  day ahead inc hosp",2021-01-13,"quantile",0.15,40.5489513082608
"11782",2020-12-12,"16","32  day ahead inc hosp",2021-01-13,"quantile",0.2,42.7011855420854
"11783",2020-12-12,"16","32  day ahead inc hosp",2021-01-13,"quantile",0.25,44.547610876137
"11784",2020-12-12,"16","32  day ahead inc hosp",2021-01-13,"quantile",0.3,46.2057578922893
"11785",2020-12-12,"16","32  day ahead inc hosp",2021-01-13,"quantile",0.35,47.7422782160589
"11786",2020-12-12,"16","32  day ahead inc hosp",2021-01-13,"quantile",0.4,49.2002857466662
"11787",2020-12-12,"16","32  day ahead inc hosp",2021-01-13,"quantile",0.45,50.6109249059124
"11788",2020-12-12,"16","32  day ahead inc hosp",2021-01-13,"quantile",0.5,51.9991989142338
"11789",2020-12-12,"16","32  day ahead inc hosp",2021-01-13,"quantile",0.55,53.3874729225551
"11790",2020-12-12,"16","32  day ahead inc hosp",2021-01-13,"quantile",0.6,54.7981120818014
"11791",2020-12-12,"16","32  day ahead inc hosp",2021-01-13,"quantile",0.65,56.2561196124087
"11792",2020-12-12,"16","32  day ahead inc hosp",2021-01-13,"quantile",0.7,57.7926399361782
"11793",2020-12-12,"16","32  day ahead inc hosp",2021-01-13,"quantile",0.75,59.4507869523306
"11794",2020-12-12,"16","32  day ahead inc hosp",2021-01-13,"quantile",0.8,61.2972122863821
"11795",2020-12-12,"16","32  day ahead inc hosp",2021-01-13,"quantile",0.85,63.4494465202068
"11796",2020-12-12,"16","32  day ahead inc hosp",2021-01-13,"quantile",0.9,66.1574486329881
"11797",2020-12-12,"16","32  day ahead inc hosp",2021-01-13,"quantile",0.95,70.1711156964362
"11798",2020-12-12,"16","32  day ahead inc hosp",2021-01-13,"quantile",0.975,73.6523732998392
"11799",2020-12-12,"16","32  day ahead inc hosp",2021-01-13,"quantile",0.99,77.7000876017418
"11800",2020-12-12,"16","33  day ahead inc hosp",2021-01-14,"quantile",0.01,26.3556140113193
"11801",2020-12-12,"16","33  day ahead inc hosp",2021-01-14,"quantile",0.025,30.4447257246874
"11802",2020-12-12,"16","33  day ahead inc hosp",2021-01-14,"quantile",0.05,33.9615873857575
"11803",2020-12-12,"16","33  day ahead inc hosp",2021-01-14,"quantile",0.1,38.0163036474736
"11804",2020-12-12,"16","33  day ahead inc hosp",2021-01-14,"quantile",0.15,40.7520014594447
"11805",2020-12-12,"16","33  day ahead inc hosp",2021-01-14,"quantile",0.2,42.9262473570139
"11806",2020-12-12,"16","33  day ahead inc hosp",2021-01-14,"quantile",0.25,44.7915567386027
"11807",2020-12-12,"16","33  day ahead inc hosp",2021-01-14,"quantile",0.3,46.4666622130794
"11808",2020-12-12,"16","33  day ahead inc hosp",2021-01-14,"quantile",0.35,48.018897075802
"11809",2020-12-12,"16","33  day ahead inc hosp",2021-01-14,"quantile",0.4,49.4918161671476
"11810",2020-12-12,"16","33  day ahead inc hosp",2021-01-14,"quantile",0.45,50.9168824339783
"11811",2020-12-12,"16","33  day ahead inc hosp",2021-01-14,"quantile",0.5,52.3193548135439
"11812",2020-12-12,"16","33  day ahead inc hosp",2021-01-14,"quantile",0.55,53.7218271931096
"11813",2020-12-12,"16","33  day ahead inc hosp",2021-01-14,"quantile",0.6,55.1468934599402
"11814",2020-12-12,"16","33  day ahead inc hosp",2021-01-14,"quantile",0.65,56.6198125512858
"11815",2020-12-12,"16","33  day ahead inc hosp",2021-01-14,"quantile",0.7,58.1720474140085
"11816",2020-12-12,"16","33  day ahead inc hosp",2021-01-14,"quantile",0.75,59.8471528884852
"11817",2020-12-12,"16","33  day ahead inc hosp",2021-01-14,"quantile",0.8,61.7124622700739
"11818",2020-12-12,"16","33  day ahead inc hosp",2021-01-14,"quantile",0.85,63.8867081676431
"11819",2020-12-12,"16","33  day ahead inc hosp",2021-01-14,"quantile",0.9,66.6224059796143
"11820",2020-12-12,"16","33  day ahead inc hosp",2021-01-14,"quantile",0.95,70.6771222413303
"11821",2020-12-12,"16","33  day ahead inc hosp",2021-01-14,"quantile",0.975,74.1939839024005
"11822",2020-12-12,"16","33  day ahead inc hosp",2021-01-14,"quantile",0.99,78.2830956157686
"11823",2020-12-12,"16","34  day ahead inc hosp",2021-01-15,"quantile",0.01,26.4155523243398
"11824",2020-12-12,"16","34  day ahead inc hosp",2021-01-15,"quantile",0.025,30.5456465289532
"11825",2020-12-12,"16","34  day ahead inc hosp",2021-01-15,"quantile",0.05,34.0977553934109
"11826",2020-12-12,"16","34  day ahead inc hosp",2021-01-15,"quantile",0.1,38.1931094232648
"11827",2020-12-12,"16","34  day ahead inc hosp",2021-01-15,"quantile",0.15,40.9562253444704
"11828",2020-12-12,"16","34  day ahead inc hosp",2021-01-15,"quantile",0.2,43.1522622860874
"11829",2020-12-12,"16","34  day ahead inc hosp",2021-01-15,"quantile",0.25,45.0362664431577
"11830",2020-12-12,"16","34  day ahead inc hosp",2021-01-15,"quantile",0.3,46.7281604038032
"11831",2020-12-12,"16","34  day ahead inc hosp",2021-01-15,"quantile",0.35,48.2959523009459
"11832",2020-12-12,"16","34  day ahead inc hosp",2021-01-15,"quantile",0.4,49.7836334966303
"11833",2020-12-12,"16","34  day ahead inc hosp",2021-01-15,"quantile",0.45,51.2229822702493
"11834",2020-12-12,"16","34  day ahead inc hosp",2021-01-15,"quantile",0.5,52.6395107128541
"11835",2020-12-12,"16","34  day ahead inc hosp",2021-01-15,"quantile",0.55,54.0560391554589
"11836",2020-12-12,"16","34  day ahead inc hosp",2021-01-15,"quantile",0.6,55.4953879290779
"11837",2020-12-12,"16","34  day ahead inc hosp",2021-01-15,"quantile",0.65,56.9830691247624
"11838",2020-12-12,"16","34  day ahead inc hosp",2021-01-15,"quantile",0.7,58.550861021905
"11839",2020-12-12,"16","34  day ahead inc hosp",2021-01-15,"quantile",0.75,60.2427549825505
"11840",2020-12-12,"16","34  day ahead inc hosp",2021-01-15,"quantile",0.8,62.1267591396209
"11841",2020-12-12,"16","34  day ahead inc hosp",2021-01-15,"quantile",0.85,64.3227960812378
"11842",2020-12-12,"16","34  day ahead inc hosp",2021-01-15,"quantile",0.9,67.0859120024434
"11843",2020-12-12,"16","34  day ahead inc hosp",2021-01-15,"quantile",0.95,71.1812660322973
"11844",2020-12-12,"16","34  day ahead inc hosp",2021-01-15,"quantile",0.975,74.7333748967551
"11845",2020-12-12,"16","34  day ahead inc hosp",2021-01-15,"quantile",0.99,78.8634691013684
"11846",2020-12-12,"16","35  day ahead inc hosp",2021-01-16,"quantile",0.01,26.4780475022996
"11847",2020-12-12,"16","35  day ahead inc hosp",2021-01-16,"quantile",0.025,30.6487215094065
"11848",2020-12-12,"16","35  day ahead inc hosp",2021-01-16,"quantile",0.05,34.2357312427099
"11849",2020-12-12,"16","35  day ahead inc hosp",2021-01-16,"quantile",0.1,38.3713237391555
"11850",2020-12-12,"16","35  day ahead inc hosp",2021-01-16,"quantile",0.15,41.1615883627379
"11851",2020-12-12,"16","35  day ahead inc hosp",2021-01-16,"quantile",0.2,43.3792022323726
"11852",2020-12-12,"16","35  day ahead inc hosp",2021-01-16,"quantile",0.25,45.2817174724361
"11853",2020-12-12,"16","35  day ahead inc hosp",2021-01-16,"quantile",0.3,46.9902349577185
"11854",2020-12-12,"16","35  day ahead inc hosp",2021-01-16,"quantile",0.35,48.5734310278376
"11855",2020-12-12,"16","35  day ahead inc hosp",2021-01-16,"quantile",0.4,50.0757292772994
"11856",2020-12-12,"16","35  day ahead inc hosp",2021-01-16,"quantile",0.45,51.5292202196097
"11857",2020-12-12,"16","35  day ahead inc hosp",2021-01-16,"quantile",0.5,52.9596666121643
"11858",2020-12-12,"16","35  day ahead inc hosp",2021-01-16,"quantile",0.55,54.3901130047189
"11859",2020-12-12,"16","35  day ahead inc hosp",2021-01-16,"quantile",0.6,55.8436039470292
"11860",2020-12-12,"16","35  day ahead inc hosp",2021-01-16,"quantile",0.65,57.345902196491
"11861",2020-12-12,"16","35  day ahead inc hosp",2021-01-16,"quantile",0.7,58.9290982666101
"11862",2020-12-12,"16","35  day ahead inc hosp",2021-01-16,"quantile",0.75,60.6376157518925
"11863",2020-12-12,"16","35  day ahead inc hosp",2021-01-16,"quantile",0.8,62.540130991956
"11864",2020-12-12,"16","35  day ahead inc hosp",2021-01-16,"quantile",0.85,64.7577448615907
"11865",2020-12-12,"16","35  day ahead inc hosp",2021-01-16,"quantile",0.9,67.5480094851731
"11866",2020-12-12,"16","35  day ahead inc hosp",2021-01-16,"quantile",0.95,71.6836019816187
"11867",2020-12-12,"16","35  day ahead inc hosp",2021-01-16,"quantile",0.975,75.2706117149221
"11868",2020-12-12,"16","35  day ahead inc hosp",2021-01-16,"quantile",0.99,79.441285722029
"11869",2020-12-12,"16","36  day ahead inc hosp",2021-01-17,"quantile",0.01,26.5931148971313
"11870",2020-12-12,"16","36  day ahead inc hosp",2021-01-17,"quantile",0.025,30.8039776600498
"11871",2020-12-12,"16","36  day ahead inc hosp",2021-01-17,"quantile",0.05,34.4255519404792
"11872",2020-12-12,"16","36  day ahead inc hosp",2021-01-17,"quantile",0.1,38.6009951461129
"11873",2020-12-12,"16","36  day ahead inc hosp",2021-01-17,"quantile",0.15,41.418146853993
"11874",2020-12-12,"16","36  day ahead inc hosp",2021-01-17,"quantile",0.2,43.6571297258895
"11875",2020-12-12,"16","36  day ahead inc hosp",2021-01-17,"quantile",0.25,45.5779776671616
"11876",2020-12-12,"16","36  day ahead inc hosp",2021-01-17,"quantile",0.3,47.3029584847253
"11877",2020-12-12,"16","36  day ahead inc hosp",2021-01-17,"quantile",0.35,48.90141028573
"11878",2020-12-12,"16","36  day ahead inc hosp",2021-01-17,"quantile",0.4,50.4181847319411
"11879",2020-12-12,"16","36  day ahead inc hosp",2021-01-17,"quantile",0.45,51.885681562138
"11880",2020-12-12,"16","36  day ahead inc hosp",2021-01-17,"quantile",0.5,53.3299117845181
"11881",2020-12-12,"16","36  day ahead inc hosp",2021-01-17,"quantile",0.55,54.7741420068982
"11882",2020-12-12,"16","36  day ahead inc hosp",2021-01-17,"quantile",0.6,56.2416388370951
"11883",2020-12-12,"16","36  day ahead inc hosp",2021-01-17,"quantile",0.65,57.7584132833062
"11884",2020-12-12,"16","36  day ahead inc hosp",2021-01-17,"quantile",0.7,59.3568650843109
"11885",2020-12-12,"16","36  day ahead inc hosp",2021-01-17,"quantile",0.75,61.0818459018746
"11886",2020-12-12,"16","36  day ahead inc hosp",2021-01-17,"quantile",0.8,63.0026938431467
"11887",2020-12-12,"16","36  day ahead inc hosp",2021-01-17,"quantile",0.85,65.2416767150432
"11888",2020-12-12,"16","36  day ahead inc hosp",2021-01-17,"quantile",0.9,68.0588284229233
"11889",2020-12-12,"16","36  day ahead inc hosp",2021-01-17,"quantile",0.95,72.2342716285571
"11890",2020-12-12,"16","36  day ahead inc hosp",2021-01-17,"quantile",0.975,75.8558459089864
"11891",2020-12-12,"16","36  day ahead inc hosp",2021-01-17,"quantile",0.99,80.0667086719049
"11892",2020-12-12,"16","37  day ahead inc hosp",2021-01-18,"quantile",0.01,26.6605055363091
"11893",2020-12-12,"16","37  day ahead inc hosp",2021-01-18,"quantile",0.025,30.91117710004
"11894",2020-12-12,"16","37  day ahead inc hosp",2021-01-18,"quantile",0.05,34.5669891453346
"11895",2020-12-12,"16","37  day ahead inc hosp",2021-01-18,"quantile",0.1,38.7819063011385
"11896",2020-12-12,"16","37  day ahead inc hosp",2021-01-18,"quantile",0.15,41.6256908957953
"11897",2020-12-12,"16","37  day ahead inc hosp",2021-01-18,"quantile",0.2,43.8858407418223
"11898",2020-12-12,"16","37  day ahead inc hosp",2021-01-18,"quantile",0.25,45.8248480621552
"11899",2020-12-12,"16","37  day ahead inc hosp",2021-01-18,"quantile",0.3,47.5661365633547
"11900",2020-12-12,"16","37  day ahead inc hosp",2021-01-18,"quantile",0.35,49.1796998635787
"11901",2020-12-12,"16","37  day ahead inc hosp",2021-01-18,"quantile",0.4,50.7108136447922
"11902",2020-12-12,"16","37  day ahead inc hosp",2021-01-18,"quantile",0.45,52.1921839475516
"11903",2020-12-12,"16","37  day ahead inc hosp",2021-01-18,"quantile",0.5,53.6500676838283
"11904",2020-12-12,"16","37  day ahead inc hosp",2021-01-18,"quantile",0.55,55.107951420105
"11905",2020-12-12,"16","37  day ahead inc hosp",2021-01-18,"quantile",0.6,56.5893217228644
"11906",2020-12-12,"16","37  day ahead inc hosp",2021-01-18,"quantile",0.65,58.1204355040778
"11907",2020-12-12,"16","37  day ahead inc hosp",2021-01-18,"quantile",0.7,59.7339988043019
"11908",2020-12-12,"16","37  day ahead inc hosp",2021-01-18,"quantile",0.75,61.4752873055014
"11909",2020-12-12,"16","37  day ahead inc hosp",2021-01-18,"quantile",0.8,63.4142946258343
"11910",2020-12-12,"16","37  day ahead inc hosp",2021-01-18,"quantile",0.85,65.6744444718613
"11911",2020-12-12,"16","37  day ahead inc hosp",2021-01-18,"quantile",0.9,68.5182290665181
"11912",2020-12-12,"16","37  day ahead inc hosp",2021-01-18,"quantile",0.95,72.7331462223219
"11913",2020-12-12,"16","37  day ahead inc hosp",2021-01-18,"quantile",0.975,76.3889582676166
"11914",2020-12-12,"16","37  day ahead inc hosp",2021-01-18,"quantile",0.99,80.6396298313475
"11915",2020-12-12,"17","1  day ahead inc hosp",2020-12-13,"quantile",0.01,291.218072133575
"11916",2020-12-12,"17","1  day ahead inc hosp",2020-12-13,"quantile",0.025,307.10216245679
"11917",2020-12-12,"17","1  day ahead inc hosp",2020-12-13,"quantile",0.05,320.763356426148
"11918",2020-12-12,"17","1  day ahead inc hosp",2020-12-13,"quantile",0.1,336.513838156826
"11919",2020-12-12,"17","1  day ahead inc hosp",2020-12-13,"quantile",0.15,347.140613404935
"11920",2020-12-12,"17","1  day ahead inc hosp",2020-12-13,"quantile",0.2,355.586437496502
"11921",2020-12-12,"17","1  day ahead inc hosp",2020-12-13,"quantile",0.25,362.832202536629
"11922",2020-12-12,"17","1  day ahead inc hosp",2020-12-13,"quantile",0.3,369.339123482446
"11923",2020-12-12,"17","1  day ahead inc hosp",2020-12-13,"quantile",0.35,375.368755463818
"11924",2020-12-12,"17","1  day ahead inc hosp",2020-12-13,"quantile",0.4,381.090286575144
"11925",2020-12-12,"17","1  day ahead inc hosp",2020-12-13,"quantile",0.45,386.625934140092
"11926",2020-12-12,"17","1  day ahead inc hosp",2020-12-13,"quantile",0.5,392.073816104287
"11927",2020-12-12,"17","1  day ahead inc hosp",2020-12-13,"quantile",0.55,397.521698068482
"11928",2020-12-12,"17","1  day ahead inc hosp",2020-12-13,"quantile",0.6,403.057345633429
"11929",2020-12-12,"17","1  day ahead inc hosp",2020-12-13,"quantile",0.65,408.778876744755
"11930",2020-12-12,"17","1  day ahead inc hosp",2020-12-13,"quantile",0.7,414.808508726128
"11931",2020-12-12,"17","1  day ahead inc hosp",2020-12-13,"quantile",0.75,421.315429671945
"11932",2020-12-12,"17","1  day ahead inc hosp",2020-12-13,"quantile",0.8,428.561194712072
"11933",2020-12-12,"17","1  day ahead inc hosp",2020-12-13,"quantile",0.85,437.007018803638
"11934",2020-12-12,"17","1  day ahead inc hosp",2020-12-13,"quantile",0.9,447.633794051747
"11935",2020-12-12,"17","1  day ahead inc hosp",2020-12-13,"quantile",0.95,463.384275782426
"11936",2020-12-12,"17","1  day ahead inc hosp",2020-12-13,"quantile",0.975,477.045469751783
"11937",2020-12-12,"17","1  day ahead inc hosp",2020-12-13,"quantile",0.99,492.929560074998
"11938",2020-12-12,"17","2  day ahead inc hosp",2020-12-14,"quantile",0.01,277.159549959279
"11939",2020-12-12,"17","2  day ahead inc hosp",2020-12-14,"quantile",0.025,297.494287397722
"11940",2020-12-12,"17","2  day ahead inc hosp",2020-12-14,"quantile",0.05,314.983283418886
"11941",2020-12-12,"17","2  day ahead inc hosp",2020-12-14,"quantile",0.1,335.146975767967
"11942",2020-12-12,"17","2  day ahead inc hosp",2020-12-14,"quantile",0.15,348.751323268549
"11943",2020-12-12,"17","2  day ahead inc hosp",2020-12-14,"quantile",0.2,359.563627395418
"11944",2020-12-12,"17","2  day ahead inc hosp",2020-12-14,"quantile",0.25,368.839621590458
"11945",2020-12-12,"17","2  day ahead inc hosp",2020-12-14,"quantile",0.3,377.169751064257
"11946",2020-12-12,"17","2  day ahead inc hosp",2020-12-14,"quantile",0.35,384.888857459191
"11947",2020-12-12,"17","2  day ahead inc hosp",2020-12-14,"quantile",0.4,392.213534574924
"11948",2020-12-12,"17","2  day ahead inc hosp",2020-12-14,"quantile",0.45,399.300244452194
"11949",2020-12-12,"17","2  day ahead inc hosp",2020-12-14,"quantile",0.5,406.274597221746
"11950",2020-12-12,"17","2  day ahead inc hosp",2020-12-14,"quantile",0.55,413.248949991298
"11951",2020-12-12,"17","2  day ahead inc hosp",2020-12-14,"quantile",0.6,420.335659868567
"11952",2020-12-12,"17","2  day ahead inc hosp",2020-12-14,"quantile",0.65,427.6603369843
"11953",2020-12-12,"17","2  day ahead inc hosp",2020-12-14,"quantile",0.7,435.379443379235
"11954",2020-12-12,"17","2  day ahead inc hosp",2020-12-14,"quantile",0.75,443.709572853033
"11955",2020-12-12,"17","2  day ahead inc hosp",2020-12-14,"quantile",0.8,452.985567048073
"11956",2020-12-12,"17","2  day ahead inc hosp",2020-12-14,"quantile",0.85,463.797871174943
"11957",2020-12-12,"17","2  day ahead inc hosp",2020-12-14,"quantile",0.9,477.402218675524
"11958",2020-12-12,"17","2  day ahead inc hosp",2020-12-14,"quantile",0.95,497.565911024605
"11959",2020-12-12,"17","2  day ahead inc hosp",2020-12-14,"quantile",0.975,515.054907045769
"11960",2020-12-12,"17","2  day ahead inc hosp",2020-12-14,"quantile",0.99,535.389644484212
"11961",2020-12-12,"17","3  day ahead inc hosp",2020-12-15,"quantile",0.01,275.439821240859
"11962",2020-12-12,"17","3  day ahead inc hosp",2020-12-15,"quantile",0.025,298.01297138045
"11963",2020-12-12,"17","3  day ahead inc hosp",2020-12-15,"quantile",0.05,317.427125813056
"11964",2020-12-12,"17","3  day ahead inc hosp",2020-12-15,"quantile",0.1,339.8104025159
"11965",2020-12-12,"17","3  day ahead inc hosp",2020-12-15,"quantile",0.15,354.912293042464
"11966",2020-12-12,"17","3  day ahead inc hosp",2020-12-15,"quantile",0.2,366.914796893305
"11967",2020-12-12,"17","3  day ahead inc hosp",2020-12-15,"quantile",0.25,377.211876474119
"11968",2020-12-12,"17","3  day ahead inc hosp",2020-12-15,"quantile",0.3,386.458972182313
"11969",2020-12-12,"17","3  day ahead inc hosp",2020-12-15,"quantile",0.35,395.027784448703
"11970",2020-12-12,"17","3  day ahead inc hosp",2020-12-15,"quantile",0.4,403.158749343528
"11971",2020-12-12,"17","3  day ahead inc hosp",2020-12-15,"quantile",0.45,411.025551978161
"11972",2020-12-12,"17","3  day ahead inc hosp",2020-12-15,"quantile",0.5,418.767629429131
"11973",2020-12-12,"17","3  day ahead inc hosp",2020-12-15,"quantile",0.55,426.509706880101
"11974",2020-12-12,"17","3  day ahead inc hosp",2020-12-15,"quantile",0.6,434.376509514735
"11975",2020-12-12,"17","3  day ahead inc hosp",2020-12-15,"quantile",0.65,442.50747440956
"11976",2020-12-12,"17","3  day ahead inc hosp",2020-12-15,"quantile",0.7,451.076286675949
"11977",2020-12-12,"17","3  day ahead inc hosp",2020-12-15,"quantile",0.75,460.323382384144
"11978",2020-12-12,"17","3  day ahead inc hosp",2020-12-15,"quantile",0.8,470.620461964958
"11979",2020-12-12,"17","3  day ahead inc hosp",2020-12-15,"quantile",0.85,482.622965815799
"11980",2020-12-12,"17","3  day ahead inc hosp",2020-12-15,"quantile",0.9,497.724856342363
"11981",2020-12-12,"17","3  day ahead inc hosp",2020-12-15,"quantile",0.95,520.108133045206
"11982",2020-12-12,"17","3  day ahead inc hosp",2020-12-15,"quantile",0.975,539.522287477812
"11983",2020-12-12,"17","3  day ahead inc hosp",2020-12-15,"quantile",0.99,562.095437617403
"11984",2020-12-12,"17","4  day ahead inc hosp",2020-12-16,"quantile",0.01,275.066370990012
"11985",2020-12-12,"17","4  day ahead inc hosp",2020-12-16,"quantile",0.025,298.967242623227
"11986",2020-12-12,"17","4  day ahead inc hosp",2020-12-16,"quantile",0.05,319.523310787914
"11987",2020-12-12,"17","4  day ahead inc hosp",2020-12-16,"quantile",0.1,343.22314089125
"11988",2020-12-12,"17","4  day ahead inc hosp",2020-12-16,"quantile",0.15,359.213303746775
"11989",2020-12-12,"17","4  day ahead inc hosp",2020-12-16,"quantile",0.2,371.921778285868
"11990",2020-12-12,"17","4  day ahead inc hosp",2020-12-16,"quantile",0.25,382.824517856381
"11991",2020-12-12,"17","4  day ahead inc hosp",2020-12-16,"quantile",0.3,392.615514954033
"11992",2020-12-12,"17","4  day ahead inc hosp",2020-12-16,"quantile",0.35,401.688332915266
"11993",2020-12-12,"17","4  day ahead inc hosp",2020-12-16,"quantile",0.4,410.297549927674
"11994",2020-12-12,"17","4  day ahead inc hosp",2020-12-16,"quantile",0.45,418.627067020835
"11995",2020-12-12,"17","4  day ahead inc hosp",2020-12-16,"quantile",0.5,426.824522767408
"11996",2020-12-12,"17","4  day ahead inc hosp",2020-12-16,"quantile",0.55,435.021978513981
"11997",2020-12-12,"17","4  day ahead inc hosp",2020-12-16,"quantile",0.6,443.351495607142
"11998",2020-12-12,"17","4  day ahead inc hosp",2020-12-16,"quantile",0.65,451.96071261955
"11999",2020-12-12,"17","4  day ahead inc hosp",2020-12-16,"quantile",0.7,461.033530580783
"12000",2020-12-12,"17","4  day ahead inc hosp",2020-12-16,"quantile",0.75,470.824527678435
"12001",2020-12-12,"17","4  day ahead inc hosp",2020-12-16,"quantile",0.8,481.727267248948
"12002",2020-12-12,"17","4  day ahead inc hosp",2020-12-16,"quantile",0.85,494.435741788041
"12003",2020-12-12,"17","4  day ahead inc hosp",2020-12-16,"quantile",0.9,510.425904643566
"12004",2020-12-12,"17","4  day ahead inc hosp",2020-12-16,"quantile",0.95,534.125734746902
"12005",2020-12-12,"17","4  day ahead inc hosp",2020-12-16,"quantile",0.975,554.681802911589
"12006",2020-12-12,"17","4  day ahead inc hosp",2020-12-16,"quantile",0.99,578.582674544804
"12007",2020-12-12,"17","5  day ahead inc hosp",2020-12-17,"quantile",0.01,271.215164983299
"12008",2020-12-12,"17","5  day ahead inc hosp",2020-12-17,"quantile",0.025,296.151003248067
"12009",2020-12-12,"17","5  day ahead inc hosp",2020-12-17,"quantile",0.05,317.59719981279
"12010",2020-12-12,"17","5  day ahead inc hosp",2020-12-17,"quantile",0.1,342.323290954084
"12011",2020-12-12,"17","5  day ahead inc hosp",2020-12-17,"quantile",0.15,359.005867259734
"12012",2020-12-12,"17","5  day ahead inc hosp",2020-12-17,"quantile",0.2,372.264650059034
"12013",2020-12-12,"17","5  day ahead inc hosp",2020-12-17,"quantile",0.25,383.639505116427
"12014",2020-12-12,"17","5  day ahead inc hosp",2020-12-17,"quantile",0.3,393.85447651264
"12015",2020-12-12,"17","5  day ahead inc hosp",2020-12-17,"quantile",0.35,403.320169846292
"12016",2020-12-12,"17","5  day ahead inc hosp",2020-12-17,"quantile",0.4,412.302187167758
"12017",2020-12-12,"17","5  day ahead inc hosp",2020-12-17,"quantile",0.45,420.992392874316
"12018",2020-12-12,"17","5  day ahead inc hosp",2020-12-17,"quantile",0.5,429.54481865259
"12019",2020-12-12,"17","5  day ahead inc hosp",2020-12-17,"quantile",0.55,438.097244430864
"12020",2020-12-12,"17","5  day ahead inc hosp",2020-12-17,"quantile",0.6,446.787450137422
"12021",2020-12-12,"17","5  day ahead inc hosp",2020-12-17,"quantile",0.65,455.769467458888
"12022",2020-12-12,"17","5  day ahead inc hosp",2020-12-17,"quantile",0.7,465.23516079254
"12023",2020-12-12,"17","5  day ahead inc hosp",2020-12-17,"quantile",0.75,475.450132188754
"12024",2020-12-12,"17","5  day ahead inc hosp",2020-12-17,"quantile",0.8,486.824987246147
"12025",2020-12-12,"17","5  day ahead inc hosp",2020-12-17,"quantile",0.85,500.083770045446
"12026",2020-12-12,"17","5  day ahead inc hosp",2020-12-17,"quantile",0.9,516.766346351096
"12027",2020-12-12,"17","5  day ahead inc hosp",2020-12-17,"quantile",0.95,541.49243749239
"12028",2020-12-12,"17","5  day ahead inc hosp",2020-12-17,"quantile",0.975,562.938634057114
"12029",2020-12-12,"17","5  day ahead inc hosp",2020-12-17,"quantile",0.99,587.874472321881
"12030",2020-12-12,"17","6  day ahead inc hosp",2020-12-18,"quantile",0.01,262.380877829104
"12031",2020-12-12,"17","6  day ahead inc hosp",2020-12-18,"quantile",0.025,288.403877299252
"12032",2020-12-12,"17","6  day ahead inc hosp",2020-12-18,"quantile",0.05,310.785092476969
"12033",2020-12-12,"17","6  day ahead inc hosp",2020-12-18,"quantile",0.1,336.589200196815
"12034",2020-12-12,"17","6  day ahead inc hosp",2020-12-18,"quantile",0.15,353.999109170119
"12035",2020-12-12,"17","6  day ahead inc hosp",2020-12-18,"quantile",0.2,367.835952916756
"12036",2020-12-12,"17","6  day ahead inc hosp",2020-12-18,"quantile",0.25,379.706732795441
"12037",2020-12-12,"17","6  day ahead inc hosp",2020-12-18,"quantile",0.3,390.367060008376
"12038",2020-12-12,"17","6  day ahead inc hosp",2020-12-18,"quantile",0.35,400.245441877505
"12039",2020-12-12,"17","6  day ahead inc hosp",2020-12-18,"quantile",0.4,409.619060262238
"12040",2020-12-12,"17","6  day ahead inc hosp",2020-12-18,"quantile",0.45,418.68814452947
"12041",2020-12-12,"17","6  day ahead inc hosp",2020-12-18,"quantile",0.5,427.613441891981
"12042",2020-12-12,"17","6  day ahead inc hosp",2020-12-18,"quantile",0.55,436.538739254491
"12043",2020-12-12,"17","6  day ahead inc hosp",2020-12-18,"quantile",0.6,445.607823521723
"12044",2020-12-12,"17","6  day ahead inc hosp",2020-12-18,"quantile",0.65,454.981441906456
"12045",2020-12-12,"17","6  day ahead inc hosp",2020-12-18,"quantile",0.7,464.859823775585
"12046",2020-12-12,"17","6  day ahead inc hosp",2020-12-18,"quantile",0.75,475.52015098852
"12047",2020-12-12,"17","6  day ahead inc hosp",2020-12-18,"quantile",0.8,487.390930867205
"12048",2020-12-12,"17","6  day ahead inc hosp",2020-12-18,"quantile",0.85,501.227774613842
"12049",2020-12-12,"17","6  day ahead inc hosp",2020-12-18,"quantile",0.9,518.637683587146
"12050",2020-12-12,"17","6  day ahead inc hosp",2020-12-18,"quantile",0.95,544.441791306993
"12051",2020-12-12,"17","6  day ahead inc hosp",2020-12-18,"quantile",0.975,566.823006484709
"12052",2020-12-12,"17","6  day ahead inc hosp",2020-12-18,"quantile",0.99,592.846005954857
"12053",2020-12-12,"17","7  day ahead inc hosp",2020-12-19,"quantile",0.01,248.907664880094
"12054",2020-12-12,"17","7  day ahead inc hosp",2020-12-19,"quantile",0.025,276.281694603088
"12055",2020-12-12,"17","7  day ahead inc hosp",2020-12-19,"quantile",0.05,299.82487033171
"12056",2020-12-12,"17","7  day ahead inc hosp",2020-12-19,"quantile",0.1,326.968644150278
"12057",2020-12-12,"17","7  day ahead inc hosp",2020-12-19,"quantile",0.15,345.282419480311
"12058",2020-12-12,"17","7  day ahead inc hosp",2020-12-19,"quantile",0.2,359.837627554128
"12059",2020-12-12,"17","7  day ahead inc hosp",2020-12-19,"quantile",0.25,372.324700061162
"12060",2020-12-12,"17","7  day ahead inc hosp",2020-12-19,"quantile",0.3,383.538477101679
"12061",2020-12-12,"17","7  day ahead inc hosp",2020-12-19,"quantile",0.35,393.929712716575
"12062",2020-12-12,"17","7  day ahead inc hosp",2020-12-19,"quantile",0.4,403.789979153964
"12063",2020-12-12,"17","7  day ahead inc hosp",2020-12-19,"quantile",0.45,413.329901044072
"12064",2020-12-12,"17","7  day ahead inc hosp",2020-12-19,"quantile",0.5,422.718571076833
"12065",2020-12-12,"17","7  day ahead inc hosp",2020-12-19,"quantile",0.55,432.107241109593
"12066",2020-12-12,"17","7  day ahead inc hosp",2020-12-19,"quantile",0.6,441.647162999702
"12067",2020-12-12,"17","7  day ahead inc hosp",2020-12-19,"quantile",0.65,451.507429437091
"12068",2020-12-12,"17","7  day ahead inc hosp",2020-12-19,"quantile",0.7,461.898665051987
"12069",2020-12-12,"17","7  day ahead inc hosp",2020-12-19,"quantile",0.75,473.112442092503
"12070",2020-12-12,"17","7  day ahead inc hosp",2020-12-19,"quantile",0.8,485.599514599537
"12071",2020-12-12,"17","7  day ahead inc hosp",2020-12-19,"quantile",0.85,500.154722673355
"12072",2020-12-12,"17","7  day ahead inc hosp",2020-12-19,"quantile",0.9,518.468498003388
"12073",2020-12-12,"17","7  day ahead inc hosp",2020-12-19,"quantile",0.95,545.612271821956
"12074",2020-12-12,"17","7  day ahead inc hosp",2020-12-19,"quantile",0.975,569.155447550578
"12075",2020-12-12,"17","7  day ahead inc hosp",2020-12-19,"quantile",0.99,596.529477273572
"12076",2020-12-12,"17","8  day ahead inc hosp",2020-12-20,"quantile",0.01,234.292324184166
"12077",2020-12-12,"17","8  day ahead inc hosp",2020-12-20,"quantile",0.025,263.370977554748
"12078",2020-12-12,"17","8  day ahead inc hosp",2020-12-20,"quantile",0.05,288.380223660749
"12079",2020-12-12,"17","8  day ahead inc hosp",2020-12-20,"quantile",0.1,317.214282731585
"12080",2020-12-12,"17","8  day ahead inc hosp",2020-12-20,"quantile",0.15,336.668485496676
"12081",2020-12-12,"17","8  day ahead inc hosp",2020-12-20,"quantile",0.2,352.130069143593
"12082",2020-12-12,"17","8  day ahead inc hosp",2020-12-20,"quantile",0.25,365.394731187134
"12083",2020-12-12,"17","8  day ahead inc hosp",2020-12-20,"quantile",0.3,377.30680766385
"12084",2020-12-12,"17","8  day ahead inc hosp",2020-12-20,"quantile",0.35,388.345121773803
"12085",2020-12-12,"17","8  day ahead inc hosp",2020-12-20,"quantile",0.4,398.819402425058
"12086",2020-12-12,"17","8  day ahead inc hosp",2020-12-20,"quantile",0.45,408.95339017301
"12087",2020-12-12,"17","8  day ahead inc hosp",2020-12-20,"quantile",0.5,418.926707373878
"12088",2020-12-12,"17","8  day ahead inc hosp",2020-12-20,"quantile",0.55,428.900024574747
"12089",2020-12-12,"17","8  day ahead inc hosp",2020-12-20,"quantile",0.6,439.034012322699
"12090",2020-12-12,"17","8  day ahead inc hosp",2020-12-20,"quantile",0.65,449.508292973954
"12091",2020-12-12,"17","8  day ahead inc hosp",2020-12-20,"quantile",0.7,460.546607083907
"12092",2020-12-12,"17","8  day ahead inc hosp",2020-12-20,"quantile",0.75,472.458683560623
"12093",2020-12-12,"17","8  day ahead inc hosp",2020-12-20,"quantile",0.8,485.723345604164
"12094",2020-12-12,"17","8  day ahead inc hosp",2020-12-20,"quantile",0.85,501.184929251081
"12095",2020-12-12,"17","8  day ahead inc hosp",2020-12-20,"quantile",0.9,520.639132016172
"12096",2020-12-12,"17","8  day ahead inc hosp",2020-12-20,"quantile",0.95,549.473191087008
"12097",2020-12-12,"17","8  day ahead inc hosp",2020-12-20,"quantile",0.975,574.482437193009
"12098",2020-12-12,"17","8  day ahead inc hosp",2020-12-20,"quantile",0.99,603.561090563591
"12099",2020-12-12,"17","9  day ahead inc hosp",2020-12-21,"quantile",0.01,216.466641186587
"12100",2020-12-12,"17","9  day ahead inc hosp",2020-12-21,"quantile",0.025,247.552540697652
"12101",2020-12-12,"17","9  day ahead inc hosp",2020-12-21,"quantile",0.05,274.288129219956
"12102",2020-12-12,"17","9  day ahead inc hosp",2020-12-21,"quantile",0.1,305.112550535109
"12103",2020-12-12,"17","9  day ahead inc hosp",2020-12-21,"quantile",0.15,325.909641257174
"12104",2020-12-12,"17","9  day ahead inc hosp",2020-12-21,"quantile",0.2,342.43850968188
"12105",2020-12-12,"17","9  day ahead inc hosp",2020-12-21,"quantile",0.25,356.618807031925
"12106",2020-12-12,"17","9  day ahead inc hosp",2020-12-21,"quantile",0.3,369.35315231278
"12107",2020-12-12,"17","9  day ahead inc hosp",2020-12-21,"quantile",0.35,381.153421012317
"12108",2020-12-12,"17","9  day ahead inc hosp",2020-12-21,"quantile",0.4,392.350722057386
"12109",2020-12-12,"17","9  day ahead inc hosp",2020-12-21,"quantile",0.45,403.184240403799
"12110",2020-12-12,"17","9  day ahead inc hosp",2020-12-21,"quantile",0.5,413.845997409775
"12111",2020-12-12,"17","9  day ahead inc hosp",2020-12-21,"quantile",0.55,424.507754415752
"12112",2020-12-12,"17","9  day ahead inc hosp",2020-12-21,"quantile",0.6,435.341272762165
"12113",2020-12-12,"17","9  day ahead inc hosp",2020-12-21,"quantile",0.65,446.538573807234
"12114",2020-12-12,"17","9  day ahead inc hosp",2020-12-21,"quantile",0.7,458.338842506771
"12115",2020-12-12,"17","9  day ahead inc hosp",2020-12-21,"quantile",0.75,471.073187787625
"12116",2020-12-12,"17","9  day ahead inc hosp",2020-12-21,"quantile",0.8,485.253485137671
"12117",2020-12-12,"17","9  day ahead inc hosp",2020-12-21,"quantile",0.85,501.782353562376
"12118",2020-12-12,"17","9  day ahead inc hosp",2020-12-21,"quantile",0.9,522.579444284442
"12119",2020-12-12,"17","9  day ahead inc hosp",2020-12-21,"quantile",0.95,553.403865599595
"12120",2020-12-12,"17","9  day ahead inc hosp",2020-12-21,"quantile",0.975,580.139454121899
"12121",2020-12-12,"17","9  day ahead inc hosp",2020-12-21,"quantile",0.99,611.225353632964
"12122",2020-12-12,"17","10  day ahead inc hosp",2020-12-22,"quantile",0.01,199.57736383911
"12123",2020-12-12,"17","10  day ahead inc hosp",2020-12-22,"quantile",0.025,232.816321439733
"12124",2020-12-12,"17","10  day ahead inc hosp",2020-12-22,"quantile",0.05,261.403658698681
"12125",2020-12-12,"17","10  day ahead inc hosp",2020-12-22,"quantile",0.1,294.363027713994
"12126",2020-12-12,"17","10  day ahead inc hosp",2020-12-22,"quantile",0.15,316.60055751367
"12127",2020-12-12,"17","10  day ahead inc hosp",2020-12-22,"quantile",0.2,334.274241254412
"12128",2020-12-12,"17","10  day ahead inc hosp",2020-12-22,"quantile",0.25,349.436688209329
"12129",2020-12-12,"17","10  day ahead inc hosp",2020-12-22,"quantile",0.3,363.053034189968
"12130",2020-12-12,"17","10  day ahead inc hosp",2020-12-22,"quantile",0.35,375.670607982235
"12131",2020-12-12,"17","10  day ahead inc hosp",2020-12-22,"quantile",0.4,387.643451635866
"12132",2020-12-12,"17","10  day ahead inc hosp",2020-12-22,"quantile",0.45,399.227316431344
"12133",2020-12-12,"17","10  day ahead inc hosp",2020-12-22,"quantile",0.5,410.62752342692
"12134",2020-12-12,"17","10  day ahead inc hosp",2020-12-22,"quantile",0.55,422.027730422495
"12135",2020-12-12,"17","10  day ahead inc hosp",2020-12-22,"quantile",0.6,433.611595217973
"12136",2020-12-12,"17","10  day ahead inc hosp",2020-12-22,"quantile",0.65,445.584438871604
"12137",2020-12-12,"17","10  day ahead inc hosp",2020-12-22,"quantile",0.7,458.202012663871
"12138",2020-12-12,"17","10  day ahead inc hosp",2020-12-22,"quantile",0.75,471.81835864451
"12139",2020-12-12,"17","10  day ahead inc hosp",2020-12-22,"quantile",0.8,486.980805599427
"12140",2020-12-12,"17","10  day ahead inc hosp",2020-12-22,"quantile",0.85,504.654489340169
"12141",2020-12-12,"17","10  day ahead inc hosp",2020-12-22,"quantile",0.9,526.892019139846
"12142",2020-12-12,"17","10  day ahead inc hosp",2020-12-22,"quantile",0.95,559.851388155158
"12143",2020-12-12,"17","10  day ahead inc hosp",2020-12-22,"quantile",0.975,588.438725414106
"12144",2020-12-12,"17","10  day ahead inc hosp",2020-12-22,"quantile",0.99,621.67768301473
"12145",2020-12-12,"17","11  day ahead inc hosp",2020-12-23,"quantile",0.01,185.111377886204
"12146",2020-12-12,"17","11  day ahead inc hosp",2020-12-23,"quantile",0.025,220.468024976116
"12147",2020-12-12,"17","11  day ahead inc hosp",2020-12-23,"quantile",0.05,250.876692024266
"12148",2020-12-12,"17","11  day ahead inc hosp",2020-12-23,"quantile",0.1,285.935937641486
"12149",2020-12-12,"17","11  day ahead inc hosp",2020-12-23,"quantile",0.15,309.590244215283
"12150",2020-12-12,"17","11  day ahead inc hosp",2020-12-23,"quantile",0.2,328.389937223358
"12151",2020-12-12,"17","11  day ahead inc hosp",2020-12-23,"quantile",0.25,344.51839986788
"12152",2020-12-12,"17","11  day ahead inc hosp",2020-12-23,"quantile",0.3,359.002257793755
"12153",2020-12-12,"17","11  day ahead inc hosp",2020-12-23,"quantile",0.35,372.423710688408
"12154",2020-12-12,"17","11  day ahead inc hosp",2020-12-23,"quantile",0.4,385.159356998693
"12155",2020-12-12,"17","11  day ahead inc hosp",2020-12-23,"quantile",0.45,397.481242192328
"12156",2020-12-12,"17","11  day ahead inc hosp",2020-12-23,"quantile",0.5,409.607768551475
"12157",2020-12-12,"17","11  day ahead inc hosp",2020-12-23,"quantile",0.55,421.734294910622
"12158",2020-12-12,"17","11  day ahead inc hosp",2020-12-23,"quantile",0.6,434.056180104257
"12159",2020-12-12,"17","11  day ahead inc hosp",2020-12-23,"quantile",0.65,446.791826414542
"12160",2020-12-12,"17","11  day ahead inc hosp",2020-12-23,"quantile",0.7,460.213279309195
"12161",2020-12-12,"17","11  day ahead inc hosp",2020-12-23,"quantile",0.75,474.69713723507
"12162",2020-12-12,"17","11  day ahead inc hosp",2020-12-23,"quantile",0.8,490.825599879592
"12163",2020-12-12,"17","11  day ahead inc hosp",2020-12-23,"quantile",0.85,509.625292887667
"12164",2020-12-12,"17","11  day ahead inc hosp",2020-12-23,"quantile",0.9,533.279599461464
"12165",2020-12-12,"17","11  day ahead inc hosp",2020-12-23,"quantile",0.95,568.338845078684
"12166",2020-12-12,"17","11  day ahead inc hosp",2020-12-23,"quantile",0.975,598.747512126834
"12167",2020-12-12,"17","11  day ahead inc hosp",2020-12-23,"quantile",0.99,634.104159216746
"12168",2020-12-12,"17","12  day ahead inc hosp",2020-12-24,"quantile",0.01,173.613725789756
"12169",2020-12-12,"17","12  day ahead inc hosp",2020-12-24,"quantile",0.025,210.918374417905
"12170",2020-12-12,"17","12  day ahead inc hosp",2020-12-24,"quantile",0.05,243.00243025603
"12171",2020-12-12,"17","12  day ahead inc hosp",2020-12-24,"quantile",0.1,279.993291849677
"12172",2020-12-12,"17","12  day ahead inc hosp",2020-12-24,"quantile",0.15,304.950850552401
"12173",2020-12-12,"17","12  day ahead inc hosp",2020-12-24,"quantile",0.2,324.786327038615
"12174",2020-12-12,"17","12  day ahead inc hosp",2020-12-24,"quantile",0.25,341.803399679471
"12175",2020-12-12,"17","12  day ahead inc hosp",2020-12-24,"quantile",0.3,357.085256845699
"12176",2020-12-12,"17","12  day ahead inc hosp",2020-12-24,"quantile",0.35,371.246174962201
"12177",2020-12-12,"17","12  day ahead inc hosp",2020-12-24,"quantile",0.4,384.683501455558
"12178",2020-12-12,"17","12  day ahead inc hosp",2020-12-24,"quantile",0.45,397.684270346795
"12179",2020-12-12,"17","12  day ahead inc hosp",2020-12-24,"quantile",0.5,410.478916959002
"12180",2020-12-12,"17","12  day ahead inc hosp",2020-12-24,"quantile",0.55,423.273563571209
"12181",2020-12-12,"17","12  day ahead inc hosp",2020-12-24,"quantile",0.6,436.274332462445
"12182",2020-12-12,"17","12  day ahead inc hosp",2020-12-24,"quantile",0.65,449.711658955803
"12183",2020-12-12,"17","12  day ahead inc hosp",2020-12-24,"quantile",0.7,463.872577072304
"12184",2020-12-12,"17","12  day ahead inc hosp",2020-12-24,"quantile",0.75,479.154434238533
"12185",2020-12-12,"17","12  day ahead inc hosp",2020-12-24,"quantile",0.8,496.171506879389
"12186",2020-12-12,"17","12  day ahead inc hosp",2020-12-24,"quantile",0.85,516.006983365603
"12187",2020-12-12,"17","12  day ahead inc hosp",2020-12-24,"quantile",0.9,540.964542068327
"12188",2020-12-12,"17","12  day ahead inc hosp",2020-12-24,"quantile",0.95,577.955403661974
"12189",2020-12-12,"17","12  day ahead inc hosp",2020-12-24,"quantile",0.975,610.039459500099
"12190",2020-12-12,"17","12  day ahead inc hosp",2020-12-24,"quantile",0.99,647.344108128248
"12191",2020-12-12,"17","13  day ahead inc hosp",2020-12-25,"quantile",0.01,164.752157802744
"12192",2020-12-12,"17","13  day ahead inc hosp",2020-12-25,"quantile",0.025,203.775931588362
"12193",2020-12-12,"17","13  day ahead inc hosp",2020-12-25,"quantile",0.05,237.338529902379
"12194",2020-12-12,"17","13  day ahead inc hosp",2020-12-25,"quantile",0.1,276.034056279119
"12195",2020-12-12,"17","13  day ahead inc hosp",2020-12-25,"quantile",0.15,302.141744218083
"12196",2020-12-12,"17","13  day ahead inc hosp",2020-12-25,"quantile",0.2,322.891306961421
"12197",2020-12-12,"17","13  day ahead inc hosp",2020-12-25,"quantile",0.25,340.692584219105
"12198",2020-12-12,"17","13  day ahead inc hosp",2020-12-25,"quantile",0.3,356.678681368108
"12199",2020-12-12,"17","13  day ahead inc hosp",2020-12-25,"quantile",0.35,371.492182781388
"12200",2020-12-12,"17","13  day ahead inc hosp",2020-12-25,"quantile",0.4,385.548747007129
"12201",2020-12-12,"17","13  day ahead inc hosp",2020-12-25,"quantile",0.45,399.148635570826
"12202",2020-12-12,"17","13  day ahead inc hosp",2020-12-25,"quantile",0.5,412.532903039437
"12203",2020-12-12,"17","13  day ahead inc hosp",2020-12-25,"quantile",0.55,425.917170508048
"12204",2020-12-12,"17","13  day ahead inc hosp",2020-12-25,"quantile",0.6,439.517059071745
"12205",2020-12-12,"17","13  day ahead inc hosp",2020-12-25,"quantile",0.65,453.573623297486
"12206",2020-12-12,"17","13  day ahead inc hosp",2020-12-25,"quantile",0.7,468.387124710766
"12207",2020-12-12,"17","13  day ahead inc hosp",2020-12-25,"quantile",0.75,484.373221859769
"12208",2020-12-12,"17","13  day ahead inc hosp",2020-12-25,"quantile",0.8,502.174499117453
"12209",2020-12-12,"17","13  day ahead inc hosp",2020-12-25,"quantile",0.85,522.924061860791
"12210",2020-12-12,"17","13  day ahead inc hosp",2020-12-25,"quantile",0.9,549.031749799755
"12211",2020-12-12,"17","13  day ahead inc hosp",2020-12-25,"quantile",0.95,587.727276176495
"12212",2020-12-12,"17","13  day ahead inc hosp",2020-12-25,"quantile",0.975,621.289874490512
"12213",2020-12-12,"17","13  day ahead inc hosp",2020-12-25,"quantile",0.99,660.31364827613
"12214",2020-12-12,"17","14  day ahead inc hosp",2020-12-26,"quantile",0.01,157.658628843737
"12215",2020-12-12,"17","14  day ahead inc hosp",2020-12-26,"quantile",0.025,198.179331266071
"12216",2020-12-12,"17","14  day ahead inc hosp",2020-12-26,"quantile",0.05,233.029370790025
"12217",2020-12-12,"17","14  day ahead inc hosp",2020-12-26,"quantile",0.1,273.20923442908
"12218",2020-12-12,"17","14  day ahead inc hosp",2020-12-26,"quantile",0.15,300.318397672021
"12219",2020-12-12,"17","14  day ahead inc hosp",2020-12-26,"quantile",0.2,321.863901239546
"12220",2020-12-12,"17","14  day ahead inc hosp",2020-12-26,"quantile",0.25,340.348024852469
"12221",2020-12-12,"17","14  day ahead inc hosp",2020-12-26,"quantile",0.3,356.94733913273
"12222",2020-12-12,"17","14  day ahead inc hosp",2020-12-26,"quantile",0.35,372.329077605742
"12223",2020-12-12,"17","14  day ahead inc hosp",2020-12-26,"quantile",0.4,386.924843233145
"12224",2020-12-12,"17","14  day ahead inc hosp",2020-12-26,"quantile",0.45,401.046415393077
"12225",2020-12-12,"17","14  day ahead inc hosp",2020-12-26,"quantile",0.5,414.944095361599
"12226",2020-12-12,"17","14  day ahead inc hosp",2020-12-26,"quantile",0.55,428.841775330121
"12227",2020-12-12,"17","14  day ahead inc hosp",2020-12-26,"quantile",0.6,442.963347490053
"12228",2020-12-12,"17","14  day ahead inc hosp",2020-12-26,"quantile",0.65,457.559113117457
"12229",2020-12-12,"17","14  day ahead inc hosp",2020-12-26,"quantile",0.7,472.940851590468
"12230",2020-12-12,"17","14  day ahead inc hosp",2020-12-26,"quantile",0.75,489.540165870729
"12231",2020-12-12,"17","14  day ahead inc hosp",2020-12-26,"quantile",0.8,508.024289483652
"12232",2020-12-12,"17","14  day ahead inc hosp",2020-12-26,"quantile",0.85,529.569793051178
"12233",2020-12-12,"17","14  day ahead inc hosp",2020-12-26,"quantile",0.9,556.678956294118
"12234",2020-12-12,"17","14  day ahead inc hosp",2020-12-26,"quantile",0.95,596.858819933174
"12235",2020-12-12,"17","14  day ahead inc hosp",2020-12-26,"quantile",0.975,631.708859457127
"12236",2020-12-12,"17","14  day ahead inc hosp",2020-12-26,"quantile",0.99,672.229561879462
"12237",2020-12-12,"17","15  day ahead inc hosp",2020-12-27,"quantile",0.01,148.896901698698
"12238",2020-12-12,"17","15  day ahead inc hosp",2020-12-27,"quantile",0.025,190.738882723293
"12239",2020-12-12,"17","15  day ahead inc hosp",2020-12-27,"quantile",0.05,226.725294737314
"12240",2020-12-12,"17","15  day ahead inc hosp",2020-12-27,"quantile",0.1,268.215323079704
"12241",2020-12-12,"17","15  day ahead inc hosp",2020-12-27,"quantile",0.15,296.208448227963
"12242",2020-12-12,"17","15  day ahead inc hosp",2020-12-27,"quantile",0.2,318.456496695673
"12243",2020-12-12,"17","15  day ahead inc hosp",2020-12-27,"quantile",0.25,337.54334127717
"12244",2020-12-12,"17","15  day ahead inc hosp",2020-12-27,"quantile",0.3,354.683917615086
"12245",2020-12-12,"17","15  day ahead inc hosp",2020-12-27,"quantile",0.35,370.567216048686
"12246",2020-12-12,"17","15  day ahead inc hosp",2020-12-27,"quantile",0.4,385.638913031032
"12247",2020-12-12,"17","15  day ahead inc hosp",2020-12-27,"quantile",0.45,400.22095428478
"12248",2020-12-12,"17","15  day ahead inc hosp",2020-12-27,"quantile",0.5,414.571802783603
"12249",2020-12-12,"17","15  day ahead inc hosp",2020-12-27,"quantile",0.55,428.922651282425
"12250",2020-12-12,"17","15  day ahead inc hosp",2020-12-27,"quantile",0.6,443.504692536173
"12251",2020-12-12,"17","15  day ahead inc hosp",2020-12-27,"quantile",0.65,458.57638951852
"12252",2020-12-12,"17","15  day ahead inc hosp",2020-12-27,"quantile",0.7,474.45968795212
"12253",2020-12-12,"17","15  day ahead inc hosp",2020-12-27,"quantile",0.75,491.600264290035
"12254",2020-12-12,"17","15  day ahead inc hosp",2020-12-27,"quantile",0.8,510.687108871532
"12255",2020-12-12,"17","15  day ahead inc hosp",2020-12-27,"quantile",0.85,532.935157339243
"12256",2020-12-12,"17","15  day ahead inc hosp",2020-12-27,"quantile",0.9,560.928282487502
"12257",2020-12-12,"17","15  day ahead inc hosp",2020-12-27,"quantile",0.95,602.418310829891
"12258",2020-12-12,"17","15  day ahead inc hosp",2020-12-27,"quantile",0.975,638.404722843912
"12259",2020-12-12,"17","15  day ahead inc hosp",2020-12-27,"quantile",0.99,680.246703868507
"12260",2020-12-12,"17","16  day ahead inc hosp",2020-12-28,"quantile",0.01,142.520554182375
"12261",2020-12-12,"17","16  day ahead inc hosp",2020-12-28,"quantile",0.025,185.569004472332
"12262",2020-12-12,"17","16  day ahead inc hosp",2020-12-28,"quantile",0.05,222.593046612901
"12263",2020-12-12,"17","16  day ahead inc hosp",2020-12-28,"quantile",0.1,265.279396037332
"12264",2020-12-12,"17","16  day ahead inc hosp",2020-12-28,"quantile",0.15,294.079673340097
"12265",2020-12-12,"17","16  day ahead inc hosp",2020-12-28,"quantile",0.2,316.969220752964
"12266",2020-12-12,"17","16  day ahead inc hosp",2020-12-28,"quantile",0.25,336.606414309257
"12267",2020-12-12,"17","16  day ahead inc hosp",2020-12-28,"quantile",0.3,354.241221035789
"12268",2020-12-12,"17","16  day ahead inc hosp",2020-12-28,"quantile",0.35,370.582497579495
"12269",2020-12-12,"17","16  day ahead inc hosp",2020-12-28,"quantile",0.4,386.088771002554
"12270",2020-12-12,"17","16  day ahead inc hosp",2020-12-28,"quantile",0.45,401.091269992005
"12271",2020-12-12,"17","16  day ahead inc hosp",2020-12-28,"quantile",0.5,415.85591002798
"12272",2020-12-12,"17","16  day ahead inc hosp",2020-12-28,"quantile",0.55,430.620550063955
"12273",2020-12-12,"17","16  day ahead inc hosp",2020-12-28,"quantile",0.6,445.623049053406
"12274",2020-12-12,"17","16  day ahead inc hosp",2020-12-28,"quantile",0.65,461.129322476465
"12275",2020-12-12,"17","16  day ahead inc hosp",2020-12-28,"quantile",0.7,477.47059902017
"12276",2020-12-12,"17","16  day ahead inc hosp",2020-12-28,"quantile",0.75,495.105405746703
"12277",2020-12-12,"17","16  day ahead inc hosp",2020-12-28,"quantile",0.8,514.742599302995
"12278",2020-12-12,"17","16  day ahead inc hosp",2020-12-28,"quantile",0.85,537.632146715863
"12279",2020-12-12,"17","16  day ahead inc hosp",2020-12-28,"quantile",0.9,566.432424018628
"12280",2020-12-12,"17","16  day ahead inc hosp",2020-12-28,"quantile",0.95,609.118773443059
"12281",2020-12-12,"17","16  day ahead inc hosp",2020-12-28,"quantile",0.975,646.142815583628
"12282",2020-12-12,"17","16  day ahead inc hosp",2020-12-28,"quantile",0.99,689.191265873585
"12283",2020-12-12,"17","17  day ahead inc hosp",2020-12-29,"quantile",0.01,135.603417684484
"12284",2020-12-12,"17","17  day ahead inc hosp",2020-12-29,"quantile",0.025,179.800931210266
"12285",2020-12-12,"17","17  day ahead inc hosp",2020-12-29,"quantile",0.05,217.813231125013
"12286",2020-12-12,"17","17  day ahead inc hosp",2020-12-29,"quantile",0.1,261.6389784712
"12287",2020-12-12,"17","17  day ahead inc hosp",2020-12-29,"quantile",0.15,291.208002142471
"12288",2020-12-12,"17","17  day ahead inc hosp",2020-12-29,"quantile",0.2,314.708524799271
"12289",2020-12-12,"17","17  day ahead inc hosp",2020-12-29,"quantile",0.25,334.86988071259
"12290",2020-12-12,"17","17  day ahead inc hosp",2020-12-29,"quantile",0.3,352.975401435651
"12291",2020-12-12,"17","17  day ahead inc hosp",2020-12-29,"quantile",0.35,369.752864647549
"12292",2020-12-12,"17","17  day ahead inc hosp",2020-12-29,"quantile",0.4,385.673036563936
"12293",2020-12-12,"17","17  day ahead inc hosp",2020-12-29,"quantile",0.45,401.075987135688
"12294",2020-12-12,"17","17  day ahead inc hosp",2020-12-29,"quantile",0.5,416.234729745421
"12295",2020-12-12,"17","17  day ahead inc hosp",2020-12-29,"quantile",0.55,431.393472355154
"12296",2020-12-12,"17","17  day ahead inc hosp",2020-12-29,"quantile",0.6,446.796422926907
"12297",2020-12-12,"17","17  day ahead inc hosp",2020-12-29,"quantile",0.65,462.716594843293
"12298",2020-12-12,"17","17  day ahead inc hosp",2020-12-29,"quantile",0.7,479.494058055191
"12299",2020-12-12,"17","17  day ahead inc hosp",2020-12-29,"quantile",0.75,497.599578778252
"12300",2020-12-12,"17","17  day ahead inc hosp",2020-12-29,"quantile",0.8,517.760934691571
"12301",2020-12-12,"17","17  day ahead inc hosp",2020-12-29,"quantile",0.85,541.261457348371
"12302",2020-12-12,"17","17  day ahead inc hosp",2020-12-29,"quantile",0.9,570.830481019642
"12303",2020-12-12,"17","17  day ahead inc hosp",2020-12-29,"quantile",0.95,614.656228365829
"12304",2020-12-12,"17","17  day ahead inc hosp",2020-12-29,"quantile",0.975,652.668528280576
"12305",2020-12-12,"17","17  day ahead inc hosp",2020-12-29,"quantile",0.99,696.866041806359
"12306",2020-12-12,"17","18  day ahead inc hosp",2020-12-30,"quantile",0.01,128.002860062364
"12307",2020-12-12,"17","18  day ahead inc hosp",2020-12-30,"quantile",0.025,173.336094318476
"12308",2020-12-12,"17","18  day ahead inc hosp",2020-12-30,"quantile",0.05,212.325176716598
"12309",2020-12-12,"17","18  day ahead inc hosp",2020-12-30,"quantile",0.1,257.277091709167
"12310",2020-12-12,"17","18  day ahead inc hosp",2020-12-30,"quantile",0.15,287.605935344958
"12311",2020-12-12,"17","18  day ahead inc hosp",2020-12-30,"quantile",0.2,311.710338822776
"12312",2020-12-12,"17","18  day ahead inc hosp",2020-12-30,"quantile",0.25,332.389770709961
"12313",2020-12-12,"17","18  day ahead inc hosp",2020-12-30,"quantile",0.3,350.960539669364
"12314",2020-12-12,"17","18  day ahead inc hosp",2020-12-30,"quantile",0.35,368.169124708082
"12315",2020-12-12,"17","18  day ahead inc hosp",2020-12-30,"quantile",0.4,384.498389078625
"12316",2020-12-12,"17","18  day ahead inc hosp",2020-12-30,"quantile",0.45,400.297141334162
"12317",2020-12-12,"17","18  day ahead inc hosp",2020-12-30,"quantile",0.5,415.845410341518
"12318",2020-12-12,"17","18  day ahead inc hosp",2020-12-30,"quantile",0.55,431.393679348874
"12319",2020-12-12,"17","18  day ahead inc hosp",2020-12-30,"quantile",0.6,447.192431604411
"12320",2020-12-12,"17","18  day ahead inc hosp",2020-12-30,"quantile",0.65,463.521695974954
"12321",2020-12-12,"17","18  day ahead inc hosp",2020-12-30,"quantile",0.7,480.730281013671
"12322",2020-12-12,"17","18  day ahead inc hosp",2020-12-30,"quantile",0.75,499.301049973074
"12323",2020-12-12,"17","18  day ahead inc hosp",2020-12-30,"quantile",0.8,519.980481860259
"12324",2020-12-12,"17","18  day ahead inc hosp",2020-12-30,"quantile",0.85,544.084885338077
"12325",2020-12-12,"17","18  day ahead inc hosp",2020-12-30,"quantile",0.9,574.413728973869
"12326",2020-12-12,"17","18  day ahead inc hosp",2020-12-30,"quantile",0.95,619.365643966438
"12327",2020-12-12,"17","18  day ahead inc hosp",2020-12-30,"quantile",0.975,658.354726364559
"12328",2020-12-12,"17","18  day ahead inc hosp",2020-12-30,"quantile",0.99,703.687960620672
"12329",2020-12-12,"17","19  day ahead inc hosp",2020-12-31,"quantile",0.01,119.848561337434
"12330",2020-12-12,"17","19  day ahead inc hosp",2020-12-31,"quantile",0.025,166.330466181253
"12331",2020-12-12,"17","19  day ahead inc hosp",2020-12-31,"quantile",0.05,206.30746865451
"12332",2020-12-12,"17","19  day ahead inc hosp",2020-12-31,"quantile",0.1,252.398392223466
"12333",2020-12-12,"17","19  day ahead inc hosp",2020-12-31,"quantile",0.15,283.49571953829
"12334",2020-12-12,"17","19  day ahead inc hosp",2020-12-31,"quantile",0.2,308.210889482775
"12335",2020-12-12,"17","19  day ahead inc hosp",2020-12-31,"quantile",0.25,329.414304614683
"12336",2020-12-12,"17","19  day ahead inc hosp",2020-12-31,"quantile",0.3,348.455626722231
"12337",2020-12-12,"17","19  day ahead inc hosp",2020-12-31,"quantile",0.35,366.100249379141
"12338",2020-12-12,"17","19  day ahead inc hosp",2020-12-31,"quantile",0.4,382.843270809138
"12339",2020-12-12,"17","19  day ahead inc hosp",2020-12-31,"quantile",0.45,399.042337808068
"12340",2020-12-12,"17","19  day ahead inc hosp",2020-12-31,"quantile",0.5,414.984574719801
"12341",2020-12-12,"17","19  day ahead inc hosp",2020-12-31,"quantile",0.55,430.926811631534
"12342",2020-12-12,"17","19  day ahead inc hosp",2020-12-31,"quantile",0.6,447.125878630464
"12343",2020-12-12,"17","19  day ahead inc hosp",2020-12-31,"quantile",0.65,463.86890006046
"12344",2020-12-12,"17","19  day ahead inc hosp",2020-12-31,"quantile",0.7,481.513522717371
"12345",2020-12-12,"17","19  day ahead inc hosp",2020-12-31,"quantile",0.75,500.554844824918
"12346",2020-12-12,"17","19  day ahead inc hosp",2020-12-31,"quantile",0.8,521.758259956826
"12347",2020-12-12,"17","19  day ahead inc hosp",2020-12-31,"quantile",0.85,546.473429901311
"12348",2020-12-12,"17","19  day ahead inc hosp",2020-12-31,"quantile",0.9,577.570757216135
"12349",2020-12-12,"17","19  day ahead inc hosp",2020-12-31,"quantile",0.95,623.661680785091
"12350",2020-12-12,"17","19  day ahead inc hosp",2020-12-31,"quantile",0.975,663.638683258348
"12351",2020-12-12,"17","19  day ahead inc hosp",2020-12-31,"quantile",0.99,710.120588102168
"12352",2020-12-12,"17","20  day ahead inc hosp",2021-01-01,"quantile",0.01,111.428608470224
"12353",2020-12-12,"17","20  day ahead inc hosp",2021-01-01,"quantile",0.025,159.080276229271
"12354",2020-12-12,"17","20  day ahead inc hosp",2021-01-01,"quantile",0.05,200.06333934295
"12355",2020-12-12,"17","20  day ahead inc hosp",2021-01-01,"quantile",0.1,247.314186398276
"12356",2020-12-12,"17","20  day ahead inc hosp",2021-01-01,"quantile",0.15,279.194108582604
"12357",2020-12-12,"17","20  day ahead inc hosp",2021-01-01,"quantile",0.2,304.53126012061
"12358",2020-12-12,"17","20  day ahead inc hosp",2021-01-01,"quantile",0.25,326.268280077467
"12359",2020-12-12,"17","20  day ahead inc hosp",2021-01-01,"quantile",0.3,345.788795809569
"12360",2020-12-12,"17","20  day ahead inc hosp",2021-01-01,"quantile",0.35,363.877462773755
"12361",2020-12-12,"17","20  day ahead inc hosp",2021-01-01,"quantile",0.4,381.041838828169
"12362",2020-12-12,"17","20  day ahead inc hosp",2021-01-01,"quantile",0.45,397.64857130252
"12363",2020-12-12,"17","20  day ahead inc hosp",2021-01-01,"quantile",0.5,413.992010307579
"12364",2020-12-12,"17","20  day ahead inc hosp",2021-01-01,"quantile",0.55,430.335449312638
"12365",2020-12-12,"17","20  day ahead inc hosp",2021-01-01,"quantile",0.6,446.942181786989
"12366",2020-12-12,"17","20  day ahead inc hosp",2021-01-01,"quantile",0.65,464.106557841403
"12367",2020-12-12,"17","20  day ahead inc hosp",2021-01-01,"quantile",0.7,482.19522480559
"12368",2020-12-12,"17","20  day ahead inc hosp",2021-01-01,"quantile",0.75,501.715740537692
"12369",2020-12-12,"17","20  day ahead inc hosp",2021-01-01,"quantile",0.8,523.452760494549
"12370",2020-12-12,"17","20  day ahead inc hosp",2021-01-01,"quantile",0.85,548.789912032554
"12371",2020-12-12,"17","20  day ahead inc hosp",2021-01-01,"quantile",0.9,580.669834216883
"12372",2020-12-12,"17","20  day ahead inc hosp",2021-01-01,"quantile",0.95,627.920681272209
"12373",2020-12-12,"17","20  day ahead inc hosp",2021-01-01,"quantile",0.975,668.903744385887
"12374",2020-12-12,"17","20  day ahead inc hosp",2021-01-01,"quantile",0.99,716.555412144934
"12375",2020-12-12,"17","21  day ahead inc hosp",2021-01-02,"quantile",0.01,103.071519885705
"12376",2020-12-12,"17","21  day ahead inc hosp",2021-01-02,"quantile",0.025,151.907292802126
"12377",2020-12-12,"17","21  day ahead inc hosp",2021-01-02,"quantile",0.05,193.908751675702
"12378",2020-12-12,"17","21  day ahead inc hosp",2021-01-02,"quantile",0.1,242.333743820166
"12379",2020-12-12,"17","21  day ahead inc hosp",2021-01-02,"quantile",0.15,275.005856121869
"12380",2020-12-12,"17","21  day ahead inc hosp",2021-01-02,"quantile",0.2,300.972615252226
"12381",2020-12-12,"17","21  day ahead inc hosp",2021-01-02,"quantile",0.25,323.249782461998
"12382",2020-12-12,"17","21  day ahead inc hosp",2021-01-02,"quantile",0.3,343.25536712117
"12383",2020-12-12,"17","21  day ahead inc hosp",2021-01-02,"quantile",0.35,361.793522736008
"12384",2020-12-12,"17","21  day ahead inc hosp",2021-01-02,"quantile",0.4,379.384419564299
"12385",2020-12-12,"17","21  day ahead inc hosp",2021-01-02,"quantile",0.45,396.403815823461
"12386",2020-12-12,"17","21  day ahead inc hosp",2021-01-02,"quantile",0.5,413.153375984929
"12387",2020-12-12,"17","21  day ahead inc hosp",2021-01-02,"quantile",0.55,429.902936146397
"12388",2020-12-12,"17","21  day ahead inc hosp",2021-01-02,"quantile",0.6,446.922332405559
"12389",2020-12-12,"17","21  day ahead inc hosp",2021-01-02,"quantile",0.65,464.51322923385
"12390",2020-12-12,"17","21  day ahead inc hosp",2021-01-02,"quantile",0.7,483.051384848688
"12391",2020-12-12,"17","21  day ahead inc hosp",2021-01-02,"quantile",0.75,503.05696950786
"12392",2020-12-12,"17","21  day ahead inc hosp",2021-01-02,"quantile",0.8,525.334136717632
"12393",2020-12-12,"17","21  day ahead inc hosp",2021-01-02,"quantile",0.85,551.300895847989
"12394",2020-12-12,"17","21  day ahead inc hosp",2021-01-02,"quantile",0.9,583.973008149693
"12395",2020-12-12,"17","21  day ahead inc hosp",2021-01-02,"quantile",0.95,632.398000294156
"12396",2020-12-12,"17","21  day ahead inc hosp",2021-01-02,"quantile",0.975,674.399459167732
"12397",2020-12-12,"17","21  day ahead inc hosp",2021-01-02,"quantile",0.99,723.235232084153
"12398",2020-12-12,"17","22  day ahead inc hosp",2021-01-03,"quantile",0.01,96.0570177949579
"12399",2020-12-12,"17","22  day ahead inc hosp",2021-01-03,"quantile",0.025,146.075640775326
"12400",2020-12-12,"17","22  day ahead inc hosp",2021-01-03,"quantile",0.05,189.094415959212
"12401",2020-12-12,"17","22  day ahead inc hosp",2021-01-03,"quantile",0.1,238.692308656571
"12402",2020-12-12,"17","22  day ahead inc hosp",2021-01-03,"quantile",0.15,272.155771392954
"12403",2020-12-12,"17","22  day ahead inc hosp",2021-01-03,"quantile",0.2,298.751470762476
"12404",2020-12-12,"17","22  day ahead inc hosp",2021-01-03,"quantile",0.25,321.56821269555
"12405",2020-12-12,"17","22  day ahead inc hosp",2021-01-03,"quantile",0.3,342.058352132506
"12406",2020-12-12,"17","22  day ahead inc hosp",2021-01-03,"quantile",0.35,361.045519962058
"12407",2020-12-12,"17","22  day ahead inc hosp",2021-01-03,"quantile",0.4,379.062485473112
"12408",2020-12-12,"17","22  day ahead inc hosp",2021-01-03,"quantile",0.45,396.494108113701
"12409",2020-12-12,"17","22  day ahead inc hosp",2021-01-03,"quantile",0.5,413.649358963058
"12410",2020-12-12,"17","22  day ahead inc hosp",2021-01-03,"quantile",0.55,430.804609812415
"12411",2020-12-12,"17","22  day ahead inc hosp",2021-01-03,"quantile",0.6,448.236232453004
"12412",2020-12-12,"17","22  day ahead inc hosp",2021-01-03,"quantile",0.65,466.253197964058
"12413",2020-12-12,"17","22  day ahead inc hosp",2021-01-03,"quantile",0.7,485.24036579361
"12414",2020-12-12,"17","22  day ahead inc hosp",2021-01-03,"quantile",0.75,505.730505230566
"12415",2020-12-12,"17","22  day ahead inc hosp",2021-01-03,"quantile",0.8,528.54724716364
"12416",2020-12-12,"17","22  day ahead inc hosp",2021-01-03,"quantile",0.85,555.142946533162
"12417",2020-12-12,"17","22  day ahead inc hosp",2021-01-03,"quantile",0.9,588.606409269546
"12418",2020-12-12,"17","22  day ahead inc hosp",2021-01-03,"quantile",0.95,638.204301966904
"12419",2020-12-12,"17","22  day ahead inc hosp",2021-01-03,"quantile",0.975,681.22307715079
"12420",2020-12-12,"17","22  day ahead inc hosp",2021-01-03,"quantile",0.99,731.241700131158
"12421",2020-12-12,"17","23  day ahead inc hosp",2021-01-04,"quantile",0.01,88.5265174029895
"12422",2020-12-12,"17","23  day ahead inc hosp",2021-01-04,"quantile",0.025,139.709222575575
"12423",2020-12-12,"17","23  day ahead inc hosp",2021-01-04,"quantile",0.05,183.7291726647
"12424",2020-12-12,"17","23  day ahead inc hosp",2021-01-04,"quantile",0.1,234.481355908664
"12425",2020-12-12,"17","23  day ahead inc hosp",2021-01-04,"quantile",0.15,268.723612996836
"12426",2020-12-12,"17","23  day ahead inc hosp",2021-01-04,"quantile",0.2,295.938273428876
"12427",2020-12-12,"17","23  day ahead inc hosp",2021-01-04,"quantile",0.25,319.286028840252
"12428",2020-12-12,"17","23  day ahead inc hosp",2021-01-04,"quantile",0.3,340.253034792385
"12429",2020-12-12,"17","23  day ahead inc hosp",2021-01-04,"quantile",0.35,359.682090515566
"12430",2020-12-12,"17","23  day ahead inc hosp",2021-01-04,"quantile",0.4,378.118364425363
"12431",2020-12-12,"17","23  day ahead inc hosp",2021-01-04,"quantile",0.45,395.955672794352
"12432",2020-12-12,"17","23  day ahead inc hosp",2021-01-04,"quantile",0.5,413.510177378155
"12433",2020-12-12,"17","23  day ahead inc hosp",2021-01-04,"quantile",0.55,431.064681961958
"12434",2020-12-12,"17","23  day ahead inc hosp",2021-01-04,"quantile",0.6,448.901990330946
"12435",2020-12-12,"17","23  day ahead inc hosp",2021-01-04,"quantile",0.65,467.338264240744
"12436",2020-12-12,"17","23  day ahead inc hosp",2021-01-04,"quantile",0.7,486.767319963925
"12437",2020-12-12,"17","23  day ahead inc hosp",2021-01-04,"quantile",0.75,507.734325916057
"12438",2020-12-12,"17","23  day ahead inc hosp",2021-01-04,"quantile",0.8,531.082081327434
"12439",2020-12-12,"17","23  day ahead inc hosp",2021-01-04,"quantile",0.85,558.296741759473
"12440",2020-12-12,"17","23  day ahead inc hosp",2021-01-04,"quantile",0.9,592.538998847646
"12441",2020-12-12,"17","23  day ahead inc hosp",2021-01-04,"quantile",0.95,643.29118209161
"12442",2020-12-12,"17","23  day ahead inc hosp",2021-01-04,"quantile",0.975,687.311132180735
"12443",2020-12-12,"17","23  day ahead inc hosp",2021-01-04,"quantile",0.99,738.49383735332
"12444",2020-12-12,"17","24  day ahead inc hosp",2021-01-05,"quantile",0.01,81.5146616884637
"12445",2020-12-12,"17","24  day ahead inc hosp",2021-01-05,"quantile",0.025,133.828877017061
"12446",2020-12-12,"17","24  day ahead inc hosp",2021-01-05,"quantile",0.05,178.821988263358
"12447",2020-12-12,"17","24  day ahead inc hosp",2021-01-05,"quantile",0.1,230.696163996517
"12448",2020-12-12,"17","24  day ahead inc hosp",2021-01-05,"quantile",0.15,265.695424090478
"12449",2020-12-12,"17","24  day ahead inc hosp",2021-01-05,"quantile",0.2,293.511726514035
"12450",2020-12-12,"17","24  day ahead inc hosp",2021-01-05,"quantile",0.25,317.375637182914
"12451",2020-12-12,"17","24  day ahead inc hosp",2021-01-05,"quantile",0.3,338.806166508733
"12452",2020-12-12,"17","24  day ahead inc hosp",2021-01-05,"quantile",0.35,358.664745716427
"12453",2020-12-12,"17","24  day ahead inc hosp",2021-01-05,"quantile",0.4,377.508595409833
"12454",2020-12-12,"17","24  day ahead inc hosp",2021-01-05,"quantile",0.45,395.7402380663
"12455",2020-12-12,"17","24  day ahead inc hosp",2021-01-05,"quantile",0.5,413.682824916434
"12456",2020-12-12,"17","24  day ahead inc hosp",2021-01-05,"quantile",0.55,431.625411766568
"12457",2020-12-12,"17","24  day ahead inc hosp",2021-01-05,"quantile",0.6,449.857054423034
"12458",2020-12-12,"17","24  day ahead inc hosp",2021-01-05,"quantile",0.65,468.700904116441
"12459",2020-12-12,"17","24  day ahead inc hosp",2021-01-05,"quantile",0.7,488.559483324134
"12460",2020-12-12,"17","24  day ahead inc hosp",2021-01-05,"quantile",0.75,509.990012649953
"12461",2020-12-12,"17","24  day ahead inc hosp",2021-01-05,"quantile",0.8,533.853923318833
"12462",2020-12-12,"17","24  day ahead inc hosp",2021-01-05,"quantile",0.85,561.670225742389
"12463",2020-12-12,"17","24  day ahead inc hosp",2021-01-05,"quantile",0.9,596.66948583635
"12464",2020-12-12,"17","24  day ahead inc hosp",2021-01-05,"quantile",0.95,648.543661569509
"12465",2020-12-12,"17","24  day ahead inc hosp",2021-01-05,"quantile",0.975,693.536772815807
"12466",2020-12-12,"17","24  day ahead inc hosp",2021-01-05,"quantile",0.99,745.850988144404
"12467",2020-12-12,"17","25  day ahead inc hosp",2021-01-06,"quantile",0.01,74.9426833511068
"12468",2020-12-12,"17","25  day ahead inc hosp",2021-01-06,"quantile",0.025,128.348694314124
"12469",2020-12-12,"17","25  day ahead inc hosp",2021-01-06,"quantile",0.05,174.280810038061
"12470",2020-12-12,"17","25  day ahead inc hosp",2021-01-06,"quantile",0.1,227.237597796439
"12471",2020-12-12,"17","25  day ahead inc hosp",2021-01-06,"quantile",0.15,262.967291084103
"12472",2020-12-12,"17","25  day ahead inc hosp",2021-01-06,"quantile",0.2,291.364118654811
"12473",2020-12-12,"17","25  day ahead inc hosp",2021-01-06,"quantile",0.25,315.726068209008
"12474",2020-12-12,"17","25  day ahead inc hosp",2021-01-06,"quantile",0.3,337.60385184638
"12475",2020-12-12,"17","25  day ahead inc hosp",2021-01-06,"quantile",0.35,357.876878827945
"12476",2020-12-12,"17","25  day ahead inc hosp",2021-01-06,"quantile",0.4,377.113998929819
"12477",2020-12-12,"17","25  day ahead inc hosp",2021-01-06,"quantile",0.45,395.726135257759
"12478",2020-12-12,"17","25  day ahead inc hosp",2021-01-06,"quantile",0.5,414.043183195958
"12479",2020-12-12,"17","25  day ahead inc hosp",2021-01-06,"quantile",0.55,432.360231134156
"12480",2020-12-12,"17","25  day ahead inc hosp",2021-01-06,"quantile",0.6,450.972367462096
"12481",2020-12-12,"17","25  day ahead inc hosp",2021-01-06,"quantile",0.65,470.20948756397
"12482",2020-12-12,"17","25  day ahead inc hosp",2021-01-06,"quantile",0.7,490.482514545535
"12483",2020-12-12,"17","25  day ahead inc hosp",2021-01-06,"quantile",0.75,512.360298182907
"12484",2020-12-12,"17","25  day ahead inc hosp",2021-01-06,"quantile",0.8,536.722247737104
"12485",2020-12-12,"17","25  day ahead inc hosp",2021-01-06,"quantile",0.85,565.119075307812
"12486",2020-12-12,"17","25  day ahead inc hosp",2021-01-06,"quantile",0.9,600.848768595476
"12487",2020-12-12,"17","25  day ahead inc hosp",2021-01-06,"quantile",0.95,653.805556353854
"12488",2020-12-12,"17","25  day ahead inc hosp",2021-01-06,"quantile",0.975,699.737672077791
"12489",2020-12-12,"17","25  day ahead inc hosp",2021-01-06,"quantile",0.99,753.143683040808
"12490",2020-12-12,"17","26  day ahead inc hosp",2021-01-07,"quantile",0.01,68.6726141829816
"12491",2020-12-12,"17","26  day ahead inc hosp",2021-01-07,"quantile",0.025,123.130425947298
"12492",2020-12-12,"17","26  day ahead inc hosp",2021-01-07,"quantile",0.05,169.967148385959
"12493",2020-12-12,"17","26  day ahead inc hosp",2021-01-07,"quantile",0.1,223.966889751883
"12494",2020-12-12,"17","26  day ahead inc hosp",2021-01-07,"quantile",0.15,260.400258887124
"12495",2020-12-12,"17","26  day ahead inc hosp",2021-01-07,"quantile",0.2,289.356345714509
"12496",2020-12-12,"17","26  day ahead inc hosp",2021-01-07,"quantile",0.25,314.198089913546
"12497",2020-12-12,"17","26  day ahead inc hosp",2021-01-07,"quantile",0.3,336.506743970661
"12498",2020-12-12,"17","26  day ahead inc hosp",2021-01-07,"quantile",0.35,357.179036608647
"12499",2020-12-12,"17","26  day ahead inc hosp",2021-01-07,"quantile",0.4,376.79502077419
"12500",2020-12-12,"17","26  day ahead inc hosp",2021-01-07,"quantile",0.45,395.773712468289
"12501",2020-12-12,"17","26  day ahead inc hosp",2021-01-07,"quantile",0.5,414.451504175802
"12502",2020-12-12,"17","26  day ahead inc hosp",2021-01-07,"quantile",0.55,433.129295883315
"12503",2020-12-12,"17","26  day ahead inc hosp",2021-01-07,"quantile",0.6,452.107987577413
"12504",2020-12-12,"17","26  day ahead inc hosp",2021-01-07,"quantile",0.65,471.723971742957
"12505",2020-12-12,"17","26  day ahead inc hosp",2021-01-07,"quantile",0.7,492.396264380943
"12506",2020-12-12,"17","26  day ahead inc hosp",2021-01-07,"quantile",0.75,514.704918438058
"12507",2020-12-12,"17","26  day ahead inc hosp",2021-01-07,"quantile",0.8,539.546662637095
"12508",2020-12-12,"17","26  day ahead inc hosp",2021-01-07,"quantile",0.85,568.502749464479
"12509",2020-12-12,"17","26  day ahead inc hosp",2021-01-07,"quantile",0.9,604.936118599721
"12510",2020-12-12,"17","26  day ahead inc hosp",2021-01-07,"quantile",0.95,658.935859965644
"12511",2020-12-12,"17","26  day ahead inc hosp",2021-01-07,"quantile",0.975,705.772582404305
"12512",2020-12-12,"17","26  day ahead inc hosp",2021-01-07,"quantile",0.99,760.230394168622
"12513",2020-12-12,"17","27  day ahead inc hosp",2021-01-08,"quantile",0.01,62.5575885359124
"12514",2020-12-12,"17","27  day ahead inc hosp",2021-01-08,"quantile",0.025,118.032081590727
"12515",2020-12-12,"17","27  day ahead inc hosp",2021-01-08,"quantile",0.05,165.743206027355
"12516",2020-12-12,"17","27  day ahead inc hosp",2021-01-08,"quantile",0.1,220.75107689683
"12517",2020-12-12,"17","27  day ahead inc hosp",2021-01-08,"quantile",0.15,257.864626222012
"12518",2020-12-12,"17","27  day ahead inc hosp",2021-01-08,"quantile",0.2,287.361298702211
"12519",2020-12-12,"17","27  day ahead inc hosp",2021-01-08,"quantile",0.25,312.666817256702
"12520",2020-12-12,"17","27  day ahead inc hosp",2021-01-08,"quantile",0.3,335.391955018566
"12521",2020-12-12,"17","27  day ahead inc hosp",2021-01-08,"quantile",0.35,356.45018187748
"12522",2020-12-12,"17","27  day ahead inc hosp",2021-01-08,"quantile",0.4,376.432379878095
"12523",2020-12-12,"17","27  day ahead inc hosp",2021-01-08,"quantile",0.45,395.765387695783
"12524",2020-12-12,"17","27  day ahead inc hosp",2021-01-08,"quantile",0.5,414.791877978609
"12525",2020-12-12,"17","27  day ahead inc hosp",2021-01-08,"quantile",0.55,433.818368261434
"12526",2020-12-12,"17","27  day ahead inc hosp",2021-01-08,"quantile",0.6,453.151376079123
"12527",2020-12-12,"17","27  day ahead inc hosp",2021-01-08,"quantile",0.65,473.133574079738
"12528",2020-12-12,"17","27  day ahead inc hosp",2021-01-08,"quantile",0.7,494.191800938652
"12529",2020-12-12,"17","27  day ahead inc hosp",2021-01-08,"quantile",0.75,516.916938700515
"12530",2020-12-12,"17","27  day ahead inc hosp",2021-01-08,"quantile",0.8,542.222457255007
"12531",2020-12-12,"17","27  day ahead inc hosp",2021-01-08,"quantile",0.85,571.719129735205
"12532",2020-12-12,"17","27  day ahead inc hosp",2021-01-08,"quantile",0.9,608.832679060388
"12533",2020-12-12,"17","27  day ahead inc hosp",2021-01-08,"quantile",0.95,663.840549929862
"12534",2020-12-12,"17","27  day ahead inc hosp",2021-01-08,"quantile",0.975,711.551674366491
"12535",2020-12-12,"17","27  day ahead inc hosp",2021-01-08,"quantile",0.99,767.026167421305
"12536",2020-12-12,"17","28  day ahead inc hosp",2021-01-09,"quantile",0.01,56.4809693845752
"12537",2020-12-12,"17","28  day ahead inc hosp",2021-01-09,"quantile",0.025,112.944555520562
"12538",2020-12-12,"17","28  day ahead inc hosp",2021-01-09,"quantile",0.05,161.506354573154
"12539",2020-12-12,"17","28  day ahead inc hosp",2021-01-09,"quantile",0.1,217.494998794324
"12540",2020-12-12,"17","28  day ahead inc hosp",2021-01-09,"quantile",0.15,255.270271243664
"12541",2020-12-12,"17","28  day ahead inc hosp",2021-01-09,"quantile",0.2,285.292860285892
"12542",2020-12-12,"17","28  day ahead inc hosp",2021-01-09,"quantile",0.25,311.049568422107
"12543",2020-12-12,"17","28  day ahead inc hosp",2021-01-09,"quantile",0.3,334.179888372959
"12544",2020-12-12,"17","28  day ahead inc hosp",2021-01-09,"quantile",0.35,355.613576914187
"12545",2020-12-12,"17","28  day ahead inc hosp",2021-01-09,"quantile",0.4,375.95205133484
"12546",2020-12-12,"17","28  day ahead inc hosp",2021-01-09,"quantile",0.45,395.62976071207
"12547",2020-12-12,"17","28  day ahead inc hosp",2021-01-09,"quantile",0.5,414.995487441438
"12548",2020-12-12,"17","28  day ahead inc hosp",2021-01-09,"quantile",0.55,434.361214170807
"12549",2020-12-12,"17","28  day ahead inc hosp",2021-01-09,"quantile",0.6,454.038923548037
"12550",2020-12-12,"17","28  day ahead inc hosp",2021-01-09,"quantile",0.65,474.37739796869
"12551",2020-12-12,"17","28  day ahead inc hosp",2021-01-09,"quantile",0.7,495.811086509918
"12552",2020-12-12,"17","28  day ahead inc hosp",2021-01-09,"quantile",0.75,518.941406460769
"12553",2020-12-12,"17","28  day ahead inc hosp",2021-01-09,"quantile",0.8,544.698114596984
"12554",2020-12-12,"17","28  day ahead inc hosp",2021-01-09,"quantile",0.85,574.720703639213
"12555",2020-12-12,"17","28  day ahead inc hosp",2021-01-09,"quantile",0.9,612.495976088553
"12556",2020-12-12,"17","28  day ahead inc hosp",2021-01-09,"quantile",0.95,668.484620309723
"12557",2020-12-12,"17","28  day ahead inc hosp",2021-01-09,"quantile",0.975,717.046419362315
"12558",2020-12-12,"17","28  day ahead inc hosp",2021-01-09,"quantile",0.99,773.510005498302
"12559",2020-12-12,"17","29  day ahead inc hosp",2021-01-10,"quantile",0.01,50.2290614314613
"12560",2020-12-12,"17","29  day ahead inc hosp",2021-01-10,"quantile",0.025,107.661948255935
"12561",2020-12-12,"17","29  day ahead inc hosp",2021-01-10,"quantile",0.05,157.057399374878
"12562",2020-12-12,"17","29  day ahead inc hosp",2021-01-10,"quantile",0.1,214.007191038231
"12563",2020-12-12,"17","29  day ahead inc hosp",2021-01-10,"quantile",0.15,252.430945103753
"12564",2020-12-12,"17","29  day ahead inc hosp",2021-01-10,"quantile",0.2,282.968926777238
"12565",2020-12-12,"17","29  day ahead inc hosp",2021-01-10,"quantile",0.25,309.167795899641
"12566",2020-12-12,"17","29  day ahead inc hosp",2021-01-10,"quantile",0.3,332.695190081649
"12567",2020-12-12,"17","29  day ahead inc hosp",2021-01-10,"quantile",0.35,354.496827073934
"12568",2020-12-12,"17","29  day ahead inc hosp",2021-01-10,"quantile",0.4,375.184448592882
"12569",2020-12-12,"17","29  day ahead inc hosp",2021-01-10,"quantile",0.45,395.199961828358
"12570",2020-12-12,"17","29  day ahead inc hosp",2021-01-10,"quantile",0.5,414.898136663425
"12571",2020-12-12,"17","29  day ahead inc hosp",2021-01-10,"quantile",0.55,434.596311498492
"12572",2020-12-12,"17","29  day ahead inc hosp",2021-01-10,"quantile",0.6,454.611824733969
"12573",2020-12-12,"17","29  day ahead inc hosp",2021-01-10,"quantile",0.65,475.299446252917
"12574",2020-12-12,"17","29  day ahead inc hosp",2021-01-10,"quantile",0.7,497.101083245202
"12575",2020-12-12,"17","29  day ahead inc hosp",2021-01-10,"quantile",0.75,520.62847742721
"12576",2020-12-12,"17","29  day ahead inc hosp",2021-01-10,"quantile",0.8,546.827346549613
"12577",2020-12-12,"17","29  day ahead inc hosp",2021-01-10,"quantile",0.85,577.365328223098
"12578",2020-12-12,"17","29  day ahead inc hosp",2021-01-10,"quantile",0.9,615.78908228862
"12579",2020-12-12,"17","29  day ahead inc hosp",2021-01-10,"quantile",0.95,672.738873951973
"12580",2020-12-12,"17","29  day ahead inc hosp",2021-01-10,"quantile",0.975,722.134325070916
"12581",2020-12-12,"17","29  day ahead inc hosp",2021-01-10,"quantile",0.99,779.56721189539
"12582",2020-12-12,"17","30  day ahead inc hosp",2021-01-11,"quantile",0.01,44.0840760251924
"12583",2020-12-12,"17","30  day ahead inc hosp",2021-01-11,"quantile",0.025,102.472777111869
"12584",2020-12-12,"17","30  day ahead inc hosp",2021-01-11,"quantile",0.05,152.690281226542
"12585",2020-12-12,"17","30  day ahead inc hosp",2021-01-11,"quantile",0.1,210.5878473465
"12586",2020-12-12,"17","30  day ahead inc hosp",2021-01-11,"quantile",0.15,249.651060338325
"12587",2020-12-12,"17","30  day ahead inc hosp",2021-01-11,"quantile",0.2,280.697263695174
"12588",2020-12-12,"17","30  day ahead inc hosp",2021-01-11,"quantile",0.25,307.332141768987
"12589",2020-12-12,"17","30  day ahead inc hosp",2021-01-11,"quantile",0.3,331.251085464784
"12590",2020-12-12,"17","30  day ahead inc hosp",2021-01-11,"quantile",0.35,353.415551434138
"12591",2020-12-12,"17","30  day ahead inc hosp",2021-01-11,"quantile",0.4,374.447462171201
"12592",2020-12-12,"17","30  day ahead inc hosp",2021-01-11,"quantile",0.45,394.79607920963
"12593",2020-12-12,"17","30  day ahead inc hosp",2021-01-11,"quantile",0.5,414.822076612702
"12594",2020-12-12,"17","30  day ahead inc hosp",2021-01-11,"quantile",0.55,434.848074015774
"12595",2020-12-12,"17","30  day ahead inc hosp",2021-01-11,"quantile",0.6,455.196691054203
"12596",2020-12-12,"17","30  day ahead inc hosp",2021-01-11,"quantile",0.65,476.228601791266
"12597",2020-12-12,"17","30  day ahead inc hosp",2021-01-11,"quantile",0.7,498.393067760619
"12598",2020-12-12,"17","30  day ahead inc hosp",2021-01-11,"quantile",0.75,522.312011456417
"12599",2020-12-12,"17","30  day ahead inc hosp",2021-01-11,"quantile",0.8,548.946889530229
"12600",2020-12-12,"17","30  day ahead inc hosp",2021-01-11,"quantile",0.85,579.993092887079
"12601",2020-12-12,"17","30  day ahead inc hosp",2021-01-11,"quantile",0.9,619.056305878904
"12602",2020-12-12,"17","30  day ahead inc hosp",2021-01-11,"quantile",0.95,676.953871998862
"12603",2020-12-12,"17","30  day ahead inc hosp",2021-01-11,"quantile",0.975,727.171376113535
"12604",2020-12-12,"17","30  day ahead inc hosp",2021-01-11,"quantile",0.99,785.560077200212
"12605",2020-12-12,"17","31  day ahead inc hosp",2021-01-12,"quantile",0.01,37.9253269151375
"12606",2020-12-12,"17","31  day ahead inc hosp",2021-01-12,"quantile",0.025,97.2602574135245
"12607",2020-12-12,"17","31  day ahead inc hosp",2021-01-12,"quantile",0.05,148.291571023727
"12608",2020-12-12,"17","31  day ahead inc hosp",2021-01-12,"quantile",0.1,207.127407372506
"12609",2020-12-12,"17","31  day ahead inc hosp",2021-01-12,"quantile",0.15,246.823666833267
"12610",2020-12-12,"17","31  day ahead inc hosp",2021-01-12,"quantile",0.2,278.372995455647
"12611",2020-12-12,"17","31  day ahead inc hosp",2021-01-12,"quantile",0.25,305.439510208162
"12612",2020-12-12,"17","31  day ahead inc hosp",2021-01-12,"quantile",0.3,329.746076981725
"12613",2020-12-12,"17","31  day ahead inc hosp",2021-01-12,"quantile",0.35,352.269733500016
"12614",2020-12-12,"17","31  day ahead inc hosp",2021-01-12,"quantile",0.4,373.6424809427
"12615",2020-12-12,"17","31  day ahead inc hosp",2021-01-12,"quantile",0.45,394.320861438288
"12616",2020-12-12,"17","31  day ahead inc hosp",2021-01-12,"quantile",0.5,414.671394023492
"12617",2020-12-12,"17","31  day ahead inc hosp",2021-01-12,"quantile",0.55,435.021926608696
"12618",2020-12-12,"17","31  day ahead inc hosp",2021-01-12,"quantile",0.6,455.700307104285
"12619",2020-12-12,"17","31  day ahead inc hosp",2021-01-12,"quantile",0.65,477.073054546969
"12620",2020-12-12,"17","31  day ahead inc hosp",2021-01-12,"quantile",0.7,499.596711065259
"12621",2020-12-12,"17","31  day ahead inc hosp",2021-01-12,"quantile",0.75,523.903277838823
"12622",2020-12-12,"17","31  day ahead inc hosp",2021-01-12,"quantile",0.8,550.969792591337
"12623",2020-12-12,"17","31  day ahead inc hosp",2021-01-12,"quantile",0.85,582.519121213717
"12624",2020-12-12,"17","31  day ahead inc hosp",2021-01-12,"quantile",0.9,622.215380674479
"12625",2020-12-12,"17","31  day ahead inc hosp",2021-01-12,"quantile",0.95,681.051217023258
"12626",2020-12-12,"17","31  day ahead inc hosp",2021-01-12,"quantile",0.975,732.08253063346
"12627",2020-12-12,"17","31  day ahead inc hosp",2021-01-12,"quantile",0.99,791.417461131847
"12628",2020-12-12,"17","32  day ahead inc hosp",2021-01-13,"quantile",0.01,31.8014041667311
"12629",2020-12-12,"17","32  day ahead inc hosp",2021-01-13,"quantile",0.025,92.0743728219003
"12630",2020-12-12,"17","32  day ahead inc hosp",2021-01-13,"quantile",0.05,143.9124509965
"12631",2020-12-12,"17","32  day ahead inc hosp",2021-01-13,"quantile",0.1,203.678435219689
"12632",2020-12-12,"17","32  day ahead inc hosp",2021-01-13,"quantile",0.15,244.002261035429
"12633",2020-12-12,"17","32  day ahead inc hosp",2021-01-13,"quantile",0.2,276.050359502486
"12634",2020-12-12,"17","32  day ahead inc hosp",2021-01-13,"quantile",0.25,303.544774370426
"12635",2020-12-12,"17","32  day ahead inc hosp",2021-01-13,"quantile",0.3,328.235608672449
"12636",2020-12-12,"17","32  day ahead inc hosp",2021-01-13,"quantile",0.35,351.115346323168
"12637",2020-12-12,"17","32  day ahead inc hosp",2021-01-13,"quantile",0.4,372.825979939277
"12638",2020-12-12,"17","32  day ahead inc hosp",2021-01-13,"quantile",0.45,393.831269217978
"12639",2020-12-12,"17","32  day ahead inc hosp",2021-01-13,"quantile",0.5,414.503527571046
"12640",2020-12-12,"17","32  day ahead inc hosp",2021-01-13,"quantile",0.55,435.175785924115
"12641",2020-12-12,"17","32  day ahead inc hosp",2021-01-13,"quantile",0.6,456.181075202816
"12642",2020-12-12,"17","32  day ahead inc hosp",2021-01-13,"quantile",0.65,477.891708818925
"12643",2020-12-12,"17","32  day ahead inc hosp",2021-01-13,"quantile",0.7,500.771446469643
"12644",2020-12-12,"17","32  day ahead inc hosp",2021-01-13,"quantile",0.75,525.462280771667
"12645",2020-12-12,"17","32  day ahead inc hosp",2021-01-13,"quantile",0.8,552.956695639606
"12646",2020-12-12,"17","32  day ahead inc hosp",2021-01-13,"quantile",0.85,585.004794106664
"12647",2020-12-12,"17","32  day ahead inc hosp",2021-01-13,"quantile",0.9,625.328619922403
"12648",2020-12-12,"17","32  day ahead inc hosp",2021-01-13,"quantile",0.95,685.094604145592
"12649",2020-12-12,"17","32  day ahead inc hosp",2021-01-13,"quantile",0.975,736.932682320192
"12650",2020-12-12,"17","32  day ahead inc hosp",2021-01-13,"quantile",0.99,797.205650975362
"12651",2020-12-12,"17","33  day ahead inc hosp",2021-01-14,"quantile",0.01,25.7630800861834
"12652",2020-12-12,"17","33  day ahead inc hosp",2021-01-14,"quantile",0.025,86.9653014186731
"12653",2020-12-12,"17","33  day ahead inc hosp",2021-01-14,"quantile",0.05,139.602588160657
"12654",2020-12-12,"17","33  day ahead inc hosp",2021-01-14,"quantile",0.1,200.290008677615
"12655",2020-12-12,"17","33  day ahead inc hosp",2021-01-14,"quantile",0.15,241.235523186232
"12656",2020-12-12,"17","33  day ahead inc hosp",2021-01-14,"quantile",0.2,273.777720118456
"12657",2020-12-12,"17","33  day ahead inc hosp",2021-01-14,"quantile",0.25,301.696027474147
"12658",2020-12-12,"17","33  day ahead inc hosp",2021-01-14,"quantile",0.3,326.767530331119
"12659",2020-12-12,"17","33  day ahead inc hosp",2021-01-14,"quantile",0.35,350.000014128953
"12660",2020-12-12,"17","33  day ahead inc hosp",2021-01-14,"quantile",0.4,372.045369343554
"12661",2020-12-12,"17","33  day ahead inc hosp",2021-01-14,"quantile",0.45,393.374505642497
"12662",2020-12-12,"17","33  day ahead inc hosp",2021-01-14,"quantile",0.5,414.365476543652
"12663",2020-12-12,"17","33  day ahead inc hosp",2021-01-14,"quantile",0.55,435.356447444807
"12664",2020-12-12,"17","33  day ahead inc hosp",2021-01-14,"quantile",0.6,456.68558374375
"12665",2020-12-12,"17","33  day ahead inc hosp",2021-01-14,"quantile",0.65,478.730938958351
"12666",2020-12-12,"17","33  day ahead inc hosp",2021-01-14,"quantile",0.7,501.963422756185
"12667",2020-12-12,"17","33  day ahead inc hosp",2021-01-14,"quantile",0.75,527.034925613157
"12668",2020-12-12,"17","33  day ahead inc hosp",2021-01-14,"quantile",0.8,554.953232968848
"12669",2020-12-12,"17","33  day ahead inc hosp",2021-01-14,"quantile",0.85,587.495429901072
"12670",2020-12-12,"17","33  day ahead inc hosp",2021-01-14,"quantile",0.9,628.440944409689
"12671",2020-12-12,"17","33  day ahead inc hosp",2021-01-14,"quantile",0.95,689.128364926647
"12672",2020-12-12,"17","33  day ahead inc hosp",2021-01-14,"quantile",0.975,741.765651668631
"12673",2020-12-12,"17","33  day ahead inc hosp",2021-01-14,"quantile",0.99,802.967873001121
"12674",2020-12-12,"17","34  day ahead inc hosp",2021-01-15,"quantile",0.01,19.8486082803847
"12675",2020-12-12,"17","34  day ahead inc hosp",2021-01-15,"quantile",0.025,81.9695763974554
"12676",2020-12-12,"17","34  day ahead inc hosp",2021-01-15,"quantile",0.05,135.39703605948
"12677",2020-12-12,"17","34  day ahead inc hosp",2021-01-15,"quantile",0.1,196.995475347499
"12678",2020-12-12,"17","34  day ahead inc hosp",2021-01-15,"quantile",0.15,238.555649895878
"12679",2020-12-12,"17","34  day ahead inc hosp",2021-01-15,"quantile",0.2,271.586359142586
"12680",2020-12-12,"17","34  day ahead inc hosp",2021-01-15,"quantile",0.25,299.923766566142
"12681",2020-12-12,"17","34  day ahead inc hosp",2021-01-15,"quantile",0.3,325.371634236891
"12682",2020-12-12,"17","34  day ahead inc hosp",2021-01-15,"quantile",0.35,348.952876124258
"12683",2020-12-12,"17","34  day ahead inc hosp",2021-01-15,"quantile",0.4,371.329168660697
"12684",2020-12-12,"17","34  day ahead inc hosp",2021-01-15,"quantile",0.45,392.978490648426
"12685",2020-12-12,"17","34  day ahead inc hosp",2021-01-15,"quantile",0.5,414.284570815238
"12686",2020-12-12,"17","34  day ahead inc hosp",2021-01-15,"quantile",0.55,435.59065098205
"12687",2020-12-12,"17","34  day ahead inc hosp",2021-01-15,"quantile",0.6,457.239972969779
"12688",2020-12-12,"17","34  day ahead inc hosp",2021-01-15,"quantile",0.65,479.616265506218
"12689",2020-12-12,"17","34  day ahead inc hosp",2021-01-15,"quantile",0.7,503.197507393586
"12690",2020-12-12,"17","34  day ahead inc hosp",2021-01-15,"quantile",0.75,528.645375064334
"12691",2020-12-12,"17","34  day ahead inc hosp",2021-01-15,"quantile",0.8,556.98278248789
"12692",2020-12-12,"17","34  day ahead inc hosp",2021-01-15,"quantile",0.85,590.013491734598
"12693",2020-12-12,"17","34  day ahead inc hosp",2021-01-15,"quantile",0.9,631.573666282978
"12694",2020-12-12,"17","34  day ahead inc hosp",2021-01-15,"quantile",0.95,693.172105570996
"12695",2020-12-12,"17","34  day ahead inc hosp",2021-01-15,"quantile",0.975,746.599565233021
"12696",2020-12-12,"17","34  day ahead inc hosp",2021-01-15,"quantile",0.99,808.720533350092
"12697",2020-12-12,"17","35  day ahead inc hosp",2021-01-16,"quantile",0.01,14.076134690734
"12698",2020-12-12,"17","35  day ahead inc hosp",2021-01-16,"quantile",0.025,77.1033987638093
"12699",2020-12-12,"17","35  day ahead inc hosp",2021-01-16,"quantile",0.05,131.310322946413
"12700",2020-12-12,"17","35  day ahead inc hosp",2021-01-16,"quantile",0.1,193.80743490672
"12701",2020-12-12,"17","35  day ahead inc hosp",2021-01-16,"quantile",0.15,235.973939640635
"12702",2020-12-12,"17","35  day ahead inc hosp",2021-01-16,"quantile",0.2,269.486540897748
"12703",2020-12-12,"17","35  day ahead inc hosp",2021-01-16,"quantile",0.25,298.237368757754
"12704",2020-12-12,"17","35  day ahead inc hosp",2021-01-16,"quantile",0.3,324.05650075773
"12705",2020-12-12,"17","35  day ahead inc hosp",2021-01-16,"quantile",0.35,347.981774375571
"12706",2020-12-12,"17","35  day ahead inc hosp",2021-01-16,"quantile",0.4,370.684519381295
"12707",2020-12-12,"17","35  day ahead inc hosp",2021-01-16,"quantile",0.45,392.64968791106
"12708",2020-12-12,"17","35  day ahead inc hosp",2021-01-16,"quantile",0.5,414.266606992313
"12709",2020-12-12,"17","35  day ahead inc hosp",2021-01-16,"quantile",0.55,435.883526073565
"12710",2020-12-12,"17","35  day ahead inc hosp",2021-01-16,"quantile",0.6,457.84869460333
"12711",2020-12-12,"17","35  day ahead inc hosp",2021-01-16,"quantile",0.65,480.551439609054
"12712",2020-12-12,"17","35  day ahead inc hosp",2021-01-16,"quantile",0.7,504.476713226896
"12713",2020-12-12,"17","35  day ahead inc hosp",2021-01-16,"quantile",0.75,530.295845226871
"12714",2020-12-12,"17","35  day ahead inc hosp",2021-01-16,"quantile",0.8,559.046673086877
"12715",2020-12-12,"17","35  day ahead inc hosp",2021-01-16,"quantile",0.85,592.55927434399
"12716",2020-12-12,"17","35  day ahead inc hosp",2021-01-16,"quantile",0.9,634.725779077905
"12717",2020-12-12,"17","35  day ahead inc hosp",2021-01-16,"quantile",0.95,697.222891038212
"12718",2020-12-12,"17","35  day ahead inc hosp",2021-01-16,"quantile",0.975,751.429815220816
"12719",2020-12-12,"17","35  day ahead inc hosp",2021-01-16,"quantile",0.99,814.457079293892
"12720",2020-12-12,"17","36  day ahead inc hosp",2021-01-17,"quantile",0.01,8.41975458165899
"12721",2020-12-12,"17","36  day ahead inc hosp",2021-01-17,"quantile",0.025,72.3393952849553
"12722",2020-12-12,"17","36  day ahead inc hosp",2021-01-17,"quantile",0.05,127.313812600065
"12723",2020-12-12,"17","36  day ahead inc hosp",2021-01-17,"quantile",0.1,190.695794988907
"12724",2020-12-12,"17","36  day ahead inc hosp",2021-01-17,"quantile",0.15,233.459317600022
"12725",2020-12-12,"17","36  day ahead inc hosp",2021-01-17,"quantile",0.2,267.446409740082
"12726",2020-12-12,"17","36  day ahead inc hosp",2021-01-17,"quantile",0.25,296.604308528187
"12727",2020-12-12,"17","36  day ahead inc hosp",2021-01-17,"quantile",0.3,322.789002802651
"12728",2020-12-12,"17","36  day ahead inc hosp",2021-01-17,"quantile",0.35,347.053024347477
"12729",2020-12-12,"17","36  day ahead inc hosp",2021-01-17,"quantile",0.4,370.077208009676
"12730",2020-12-12,"17","36  day ahead inc hosp",2021-01-17,"quantile",0.45,392.35337215956
"12731",2020-12-12,"17","36  day ahead inc hosp",2021-01-17,"quantile",0.5,414.276356142871
"12732",2020-12-12,"17","36  day ahead inc hosp",2021-01-17,"quantile",0.55,436.199340126181
"12733",2020-12-12,"17","36  day ahead inc hosp",2021-01-17,"quantile",0.6,458.475504276065
"12734",2020-12-12,"17","36  day ahead inc hosp",2021-01-17,"quantile",0.65,481.499687938264
"12735",2020-12-12,"17","36  day ahead inc hosp",2021-01-17,"quantile",0.7,505.76370948309
"12736",2020-12-12,"17","36  day ahead inc hosp",2021-01-17,"quantile",0.75,531.948403757554
"12737",2020-12-12,"17","36  day ahead inc hosp",2021-01-17,"quantile",0.8,561.106302545659
"12738",2020-12-12,"17","36  day ahead inc hosp",2021-01-17,"quantile",0.85,595.093394685719
"12739",2020-12-12,"17","36  day ahead inc hosp",2021-01-17,"quantile",0.9,637.856917296834
"12740",2020-12-12,"17","36  day ahead inc hosp",2021-01-17,"quantile",0.95,701.238899685676
"12741",2020-12-12,"17","36  day ahead inc hosp",2021-01-17,"quantile",0.975,756.213317000786
"12742",2020-12-12,"17","36  day ahead inc hosp",2021-01-17,"quantile",0.99,820.132957704082
"12743",2020-12-12,"17","37  day ahead inc hosp",2021-01-18,"quantile",0.01,2.90887076782542
"12744",2020-12-12,"17","37  day ahead inc hosp",2021-01-18,"quantile",0.025,67.7063506221413
"12745",2020-12-12,"17","37  day ahead inc hosp",2021-01-18,"quantile",0.05,123.435758035642
"12746",2020-12-12,"17","37  day ahead inc hosp",2021-01-18,"quantile",0.1,187.688195655426
"12747",2020-12-12,"17","37  day ahead inc hosp",2021-01-18,"quantile",0.15,231.039010278362
"12748",2020-12-12,"17","37  day ahead inc hosp",2021-01-18,"quantile",0.2,265.492863491883
"12749",2020-12-12,"17","37  day ahead inc hosp",2021-01-18,"quantile",0.25,295.051201719822
"12750",2020-12-12,"17","37  day ahead inc hosp",2021-01-18,"quantile",0.3,321.595502987359
"12751",2020-12-12,"17","37  day ahead inc hosp",2021-01-18,"quantile",0.35,346.192754003422
"12752",2020-12-12,"17","37  day ahead inc hosp",2021-01-18,"quantile",0.4,369.533139847244
"12753",2020-12-12,"17","37  day ahead inc hosp",2021-01-18,"quantile",0.45,392.115233267227
"12754",2020-12-12,"17","37  day ahead inc hosp",2021-01-18,"quantile",0.5,414.339296127639
"12755",2020-12-12,"17","37  day ahead inc hosp",2021-01-18,"quantile",0.55,436.563358988052
"12756",2020-12-12,"17","37  day ahead inc hosp",2021-01-18,"quantile",0.6,459.145452408034
"12757",2020-12-12,"17","37  day ahead inc hosp",2021-01-18,"quantile",0.65,482.485838251856
"12758",2020-12-12,"17","37  day ahead inc hosp",2021-01-18,"quantile",0.7,507.083089267919
"12759",2020-12-12,"17","37  day ahead inc hosp",2021-01-18,"quantile",0.75,533.627390535456
"12760",2020-12-12,"17","37  day ahead inc hosp",2021-01-18,"quantile",0.8,563.185728763396
"12761",2020-12-12,"17","37  day ahead inc hosp",2021-01-18,"quantile",0.85,597.639581976916
"12762",2020-12-12,"17","37  day ahead inc hosp",2021-01-18,"quantile",0.9,640.990396599852
"12763",2020-12-12,"17","37  day ahead inc hosp",2021-01-18,"quantile",0.95,705.242834219636
"12764",2020-12-12,"17","37  day ahead inc hosp",2021-01-18,"quantile",0.975,760.972241633137
"12765",2020-12-12,"17","37  day ahead inc hosp",2021-01-18,"quantile",0.99,825.769721487453
"12766",2020-12-12,"18","1  day ahead inc hosp",2020-12-13,"quantile",0.01,186.958079946988
"12767",2020-12-12,"18","1  day ahead inc hosp",2020-12-13,"quantile",0.025,198.269298698967
"12768",2020-12-12,"18","1  day ahead inc hosp",2020-12-13,"quantile",0.05,207.997570841487
"12769",2020-12-12,"18","1  day ahead inc hosp",2020-12-13,"quantile",0.1,219.213645585431
"12770",2020-12-12,"18","1  day ahead inc hosp",2020-12-13,"quantile",0.15,226.781077966736
"12771",2020-12-12,"18","1  day ahead inc hosp",2020-12-13,"quantile",0.2,232.795433330909
"12772",2020-12-12,"18","1  day ahead inc hosp",2020-12-13,"quantile",0.25,237.955214705014
"12773",2020-12-12,"18","1  day ahead inc hosp",2020-12-13,"quantile",0.3,242.588857848707
"12774",2020-12-12,"18","1  day ahead inc hosp",2020-12-13,"quantile",0.35,246.882618772211
"12775",2020-12-12,"18","1  day ahead inc hosp",2020-12-13,"quantile",0.4,250.95697800082
"12776",2020-12-12,"18","1  day ahead inc hosp",2020-12-13,"quantile",0.45,254.898967706675
"12777",2020-12-12,"18","1  day ahead inc hosp",2020-12-13,"quantile",0.5,258.778458655042
"12778",2020-12-12,"18","1  day ahead inc hosp",2020-12-13,"quantile",0.55,262.65794960341
"12779",2020-12-12,"18","1  day ahead inc hosp",2020-12-13,"quantile",0.6,266.599939309265
"12780",2020-12-12,"18","1  day ahead inc hosp",2020-12-13,"quantile",0.65,270.674298537874
"12781",2020-12-12,"18","1  day ahead inc hosp",2020-12-13,"quantile",0.7,274.968059461378
"12782",2020-12-12,"18","1  day ahead inc hosp",2020-12-13,"quantile",0.75,279.601702605071
"12783",2020-12-12,"18","1  day ahead inc hosp",2020-12-13,"quantile",0.8,284.761483979176
"12784",2020-12-12,"18","1  day ahead inc hosp",2020-12-13,"quantile",0.85,290.775839343348
"12785",2020-12-12,"18","1  day ahead inc hosp",2020-12-13,"quantile",0.9,298.343271724653
"12786",2020-12-12,"18","1  day ahead inc hosp",2020-12-13,"quantile",0.95,309.559346468598
"12787",2020-12-12,"18","1  day ahead inc hosp",2020-12-13,"quantile",0.975,319.287618611118
"12788",2020-12-12,"18","1  day ahead inc hosp",2020-12-13,"quantile",0.99,330.598837363097
"12789",2020-12-12,"18","2  day ahead inc hosp",2020-12-14,"quantile",0.01,181.817930138627
"12790",2020-12-12,"18","2  day ahead inc hosp",2020-12-14,"quantile",0.025,194.561484947295
"12791",2020-12-12,"18","2  day ahead inc hosp",2020-12-14,"quantile",0.05,205.521645117493
"12792",2020-12-12,"18","2  day ahead inc hosp",2020-12-14,"quantile",0.1,218.158007862451
"12793",2020-12-12,"18","2  day ahead inc hosp",2020-12-14,"quantile",0.15,226.683701815207
"12794",2020-12-12,"18","2  day ahead inc hosp",2020-12-14,"quantile",0.2,233.459653098859
"12795",2020-12-12,"18","2  day ahead inc hosp",2020-12-14,"quantile",0.25,239.27281595809
"12796",2020-12-12,"18","2  day ahead inc hosp",2020-12-14,"quantile",0.3,244.493215869031
"12797",2020-12-12,"18","2  day ahead inc hosp",2020-12-14,"quantile",0.35,249.330694381629
"12798",2020-12-12,"18","2  day ahead inc hosp",2020-12-14,"quantile",0.4,253.920988432029
"12799",2020-12-12,"18","2  day ahead inc hosp",2020-12-14,"quantile",0.45,258.362151048831
"12800",2020-12-12,"18","2  day ahead inc hosp",2020-12-14,"quantile",0.5,262.732900710233
"12801",2020-12-12,"18","2  day ahead inc hosp",2020-12-14,"quantile",0.55,267.103650371635
"12802",2020-12-12,"18","2  day ahead inc hosp",2020-12-14,"quantile",0.6,271.544812988437
"12803",2020-12-12,"18","2  day ahead inc hosp",2020-12-14,"quantile",0.65,276.135107038838
"12804",2020-12-12,"18","2  day ahead inc hosp",2020-12-14,"quantile",0.7,280.972585551435
"12805",2020-12-12,"18","2  day ahead inc hosp",2020-12-14,"quantile",0.75,286.192985462376
"12806",2020-12-12,"18","2  day ahead inc hosp",2020-12-14,"quantile",0.8,292.006148321607
"12807",2020-12-12,"18","2  day ahead inc hosp",2020-12-14,"quantile",0.85,298.782099605259
"12808",2020-12-12,"18","2  day ahead inc hosp",2020-12-14,"quantile",0.9,307.307793558015
"12809",2020-12-12,"18","2  day ahead inc hosp",2020-12-14,"quantile",0.95,319.944156302973
"12810",2020-12-12,"18","2  day ahead inc hosp",2020-12-14,"quantile",0.975,330.904316473171
"12811",2020-12-12,"18","2  day ahead inc hosp",2020-12-14,"quantile",0.99,343.647871281839
"12812",2020-12-12,"18","3  day ahead inc hosp",2020-12-15,"quantile",0.01,177.854974337037
"12813",2020-12-12,"18","3  day ahead inc hosp",2020-12-15,"quantile",0.025,191.828165018276
"12814",2020-12-12,"18","3  day ahead inc hosp",2020-12-15,"quantile",0.05,203.845879875274
"12815",2020-12-12,"18","3  day ahead inc hosp",2020-12-15,"quantile",0.1,217.701535444197
"12816",2020-12-12,"18","3  day ahead inc hosp",2020-12-15,"quantile",0.15,227.049880476677
"12817",2020-12-12,"18","3  day ahead inc hosp",2020-12-15,"quantile",0.2,234.479648759924
"12818",2020-12-12,"18","3  day ahead inc hosp",2020-12-15,"quantile",0.25,240.853728387837
"12819",2020-12-12,"18","3  day ahead inc hosp",2020-12-15,"quantile",0.3,246.577848892916
"12820",2020-12-12,"18","3  day ahead inc hosp",2020-12-15,"quantile",0.35,251.882099605359
"12821",2020-12-12,"18","3  day ahead inc hosp",2020-12-15,"quantile",0.4,256.915314827658
"12822",2020-12-12,"18","3  day ahead inc hosp",2020-12-15,"quantile",0.45,261.785008804159
"12823",2020-12-12,"18","3  day ahead inc hosp",2020-12-15,"quantile",0.5,266.577495622451
"12824",2020-12-12,"18","3  day ahead inc hosp",2020-12-15,"quantile",0.55,271.369982440743
"12825",2020-12-12,"18","3  day ahead inc hosp",2020-12-15,"quantile",0.6,276.239676417244
"12826",2020-12-12,"18","3  day ahead inc hosp",2020-12-15,"quantile",0.65,281.272891639543
"12827",2020-12-12,"18","3  day ahead inc hosp",2020-12-15,"quantile",0.7,286.577142351986
"12828",2020-12-12,"18","3  day ahead inc hosp",2020-12-15,"quantile",0.75,292.301262857065
"12829",2020-12-12,"18","3  day ahead inc hosp",2020-12-15,"quantile",0.8,298.675342484978
"12830",2020-12-12,"18","3  day ahead inc hosp",2020-12-15,"quantile",0.85,306.105110768225
"12831",2020-12-12,"18","3  day ahead inc hosp",2020-12-15,"quantile",0.9,315.453455800705
"12832",2020-12-12,"18","3  day ahead inc hosp",2020-12-15,"quantile",0.95,329.309111369628
"12833",2020-12-12,"18","3  day ahead inc hosp",2020-12-15,"quantile",0.975,341.326826226626
"12834",2020-12-12,"18","3  day ahead inc hosp",2020-12-15,"quantile",0.99,355.300016907865
"12835",2020-12-12,"18","4  day ahead inc hosp",2020-12-16,"quantile",0.01,175.894141277191
"12836",2020-12-12,"18","4  day ahead inc hosp",2020-12-16,"quantile",0.025,190.685051489341
"12837",2020-12-12,"18","4  day ahead inc hosp",2020-12-16,"quantile",0.05,203.406050254766
"12838",2020-12-12,"18","4  day ahead inc hosp",2020-12-16,"quantile",0.1,218.072547129069
"12839",2020-12-12,"18","4  day ahead inc hosp",2020-12-16,"quantile",0.15,227.967962940811
"12840",2020-12-12,"18","4  day ahead inc hosp",2020-12-16,"quantile",0.2,235.832525736919
"12841",2020-12-12,"18","4  day ahead inc hosp",2020-12-16,"quantile",0.25,242.579620342029
"12842",2020-12-12,"18","4  day ahead inc hosp",2020-12-16,"quantile",0.3,248.638719825144
"12843",2020-12-12,"18","4  day ahead inc hosp",2020-12-16,"quantile",0.35,254.253378482584
"12844",2020-12-12,"18","4  day ahead inc hosp",2020-12-16,"quantile",0.4,259.581140489827
"12845",2020-12-12,"18","4  day ahead inc hosp",2020-12-16,"quantile",0.45,264.735811889522
"12846",2020-12-12,"18","4  day ahead inc hosp",2020-12-16,"quantile",0.5,269.80875792163
"12847",2020-12-12,"18","4  day ahead inc hosp",2020-12-16,"quantile",0.55,274.881703953737
"12848",2020-12-12,"18","4  day ahead inc hosp",2020-12-16,"quantile",0.6,280.036375353432
"12849",2020-12-12,"18","4  day ahead inc hosp",2020-12-16,"quantile",0.65,285.364137360675
"12850",2020-12-12,"18","4  day ahead inc hosp",2020-12-16,"quantile",0.7,290.978796018115
"12851",2020-12-12,"18","4  day ahead inc hosp",2020-12-16,"quantile",0.75,297.03789550123
"12852",2020-12-12,"18","4  day ahead inc hosp",2020-12-16,"quantile",0.8,303.78499010634
"12853",2020-12-12,"18","4  day ahead inc hosp",2020-12-16,"quantile",0.85,311.649552902448
"12854",2020-12-12,"18","4  day ahead inc hosp",2020-12-16,"quantile",0.9,321.54496871419
"12855",2020-12-12,"18","4  day ahead inc hosp",2020-12-16,"quantile",0.95,336.211465588493
"12856",2020-12-12,"18","4  day ahead inc hosp",2020-12-16,"quantile",0.975,348.932464353918
"12857",2020-12-12,"18","4  day ahead inc hosp",2020-12-16,"quantile",0.99,363.723374566069
"12858",2020-12-12,"18","5  day ahead inc hosp",2020-12-17,"quantile",0.01,174.600454131253
"12859",2020-12-12,"18","5  day ahead inc hosp",2020-12-17,"quantile",0.025,190.068122179541
"12860",2020-12-12,"18","5  day ahead inc hosp",2020-12-17,"quantile",0.05,203.371170019331
"12861",2020-12-12,"18","5  day ahead inc hosp",2020-12-17,"quantile",0.1,218.708732199689
"12862",2020-12-12,"18","5  day ahead inc hosp",2020-12-17,"quantile",0.15,229.056912587538
"12863",2020-12-12,"18","5  day ahead inc hosp",2020-12-17,"quantile",0.2,237.281318315805
"12864",2020-12-12,"18","5  day ahead inc hosp",2020-12-17,"quantile",0.25,244.337126115687
"12865",2020-12-12,"18","5  day ahead inc hosp",2020-12-17,"quantile",0.3,250.673459588889
"12866",2020-12-12,"18","5  day ahead inc hosp",2020-12-17,"quantile",0.35,256.545016854267
"12867",2020-12-12,"18","5  day ahead inc hosp",2020-12-17,"quantile",0.4,262.116550518275
"12868",2020-12-12,"18","5  day ahead inc hosp",2020-12-17,"quantile",0.45,267.507073817037
"12869",2020-12-12,"18","5  day ahead inc hosp",2020-12-17,"quantile",0.5,272.812132405457
"12870",2020-12-12,"18","5  day ahead inc hosp",2020-12-17,"quantile",0.55,278.117190993877
"12871",2020-12-12,"18","5  day ahead inc hosp",2020-12-17,"quantile",0.6,283.507714292638
"12872",2020-12-12,"18","5  day ahead inc hosp",2020-12-17,"quantile",0.65,289.079247956646
"12873",2020-12-12,"18","5  day ahead inc hosp",2020-12-17,"quantile",0.7,294.950805222025
"12874",2020-12-12,"18","5  day ahead inc hosp",2020-12-17,"quantile",0.75,301.287138695227
"12875",2020-12-12,"18","5  day ahead inc hosp",2020-12-17,"quantile",0.8,308.342946495108
"12876",2020-12-12,"18","5  day ahead inc hosp",2020-12-17,"quantile",0.85,316.567352223376
"12877",2020-12-12,"18","5  day ahead inc hosp",2020-12-17,"quantile",0.9,326.915532611224
"12878",2020-12-12,"18","5  day ahead inc hosp",2020-12-17,"quantile",0.95,342.253094791583
"12879",2020-12-12,"18","5  day ahead inc hosp",2020-12-17,"quantile",0.975,355.556142631373
"12880",2020-12-12,"18","5  day ahead inc hosp",2020-12-17,"quantile",0.99,371.02381067966
"12881",2020-12-12,"18","6  day ahead inc hosp",2020-12-18,"quantile",0.01,173.74367976465
"12882",2020-12-12,"18","6  day ahead inc hosp",2020-12-18,"quantile",0.025,189.792134907147
"12883",2020-12-12,"18","6  day ahead inc hosp",2020-12-18,"quantile",0.05,203.594691688744
"12884",2020-12-12,"18","6  day ahead inc hosp",2020-12-18,"quantile",0.1,219.50815568851
"12885",2020-12-12,"18","6  day ahead inc hosp",2020-12-18,"quantile",0.15,230.244894299812
"12886",2020-12-12,"18","6  day ahead inc hosp",2020-12-18,"quantile",0.2,238.778113786535
"12887",2020-12-12,"18","6  day ahead inc hosp",2020-12-18,"quantile",0.25,246.098856293872
"12888",2020-12-12,"18","6  day ahead inc hosp",2020-12-18,"quantile",0.3,252.673109322521
"12889",2020-12-12,"18","6  day ahead inc hosp",2020-12-18,"quantile",0.35,258.765134513123
"12890",2020-12-12,"18","6  day ahead inc hosp",2020-12-18,"quantile",0.4,264.545870678562
"12891",2020-12-12,"18","6  day ahead inc hosp",2020-12-18,"quantile",0.45,270.138799818539
"12892",2020-12-12,"18","6  day ahead inc hosp",2020-12-18,"quantile",0.5,275.643055180032
"12893",2020-12-12,"18","6  day ahead inc hosp",2020-12-18,"quantile",0.55,281.147310541526
"12894",2020-12-12,"18","6  day ahead inc hosp",2020-12-18,"quantile",0.6,286.740239681503
"12895",2020-12-12,"18","6  day ahead inc hosp",2020-12-18,"quantile",0.65,292.520975846942
"12896",2020-12-12,"18","6  day ahead inc hosp",2020-12-18,"quantile",0.7,298.613001037544
"12897",2020-12-12,"18","6  day ahead inc hosp",2020-12-18,"quantile",0.75,305.187254066192
"12898",2020-12-12,"18","6  day ahead inc hosp",2020-12-18,"quantile",0.8,312.50799657353
"12899",2020-12-12,"18","6  day ahead inc hosp",2020-12-18,"quantile",0.85,321.041216060253
"12900",2020-12-12,"18","6  day ahead inc hosp",2020-12-18,"quantile",0.9,331.777954671555
"12901",2020-12-12,"18","6  day ahead inc hosp",2020-12-18,"quantile",0.95,347.691418671321
"12902",2020-12-12,"18","6  day ahead inc hosp",2020-12-18,"quantile",0.975,361.493975452917
"12903",2020-12-12,"18","6  day ahead inc hosp",2020-12-18,"quantile",0.99,377.542430595415
"12904",2020-12-12,"18","7  day ahead inc hosp",2020-12-19,"quantile",0.01,173.138607468113
"12905",2020-12-12,"18","7  day ahead inc hosp",2020-12-19,"quantile",0.025,189.713359907669
"12906",2020-12-12,"18","7  day ahead inc hosp",2020-12-19,"quantile",0.05,203.968561399435
"12907",2020-12-12,"18","7  day ahead inc hosp",2020-12-19,"quantile",0.1,220.4038957609
"12908",2020-12-12,"18","7  day ahead inc hosp",2020-12-19,"quantile",0.15,231.492737827656
"12909",2020-12-12,"18","7  day ahead inc hosp",2020-12-19,"quantile",0.2,240.305797978866
"12910",2020-12-12,"18","7  day ahead inc hosp",2020-12-19,"quantile",0.25,247.866618858848
"12911",2020-12-12,"18","7  day ahead inc hosp",2020-12-19,"quantile",0.3,254.656469686066
"12912",2020-12-12,"18","7  day ahead inc hosp",2020-12-19,"quantile",0.35,260.948278367537
"12913",2020-12-12,"18","7  day ahead inc hosp",2020-12-19,"quantile",0.4,266.918589528942
"12914",2020-12-12,"18","7  day ahead inc hosp",2020-12-19,"quantile",0.45,272.694934671448
"12915",2020-12-12,"18","7  day ahead inc hosp",2020-12-19,"quantile",0.5,278.379698044046
"12916",2020-12-12,"18","7  day ahead inc hosp",2020-12-19,"quantile",0.55,284.064461416644
"12917",2020-12-12,"18","7  day ahead inc hosp",2020-12-19,"quantile",0.6,289.840806559151
"12918",2020-12-12,"18","7  day ahead inc hosp",2020-12-19,"quantile",0.65,295.811117720555
"12919",2020-12-12,"18","7  day ahead inc hosp",2020-12-19,"quantile",0.7,302.102926402027
"12920",2020-12-12,"18","7  day ahead inc hosp",2020-12-19,"quantile",0.75,308.892777229244
"12921",2020-12-12,"18","7  day ahead inc hosp",2020-12-19,"quantile",0.8,316.453598109227
"12922",2020-12-12,"18","7  day ahead inc hosp",2020-12-19,"quantile",0.85,325.266658260437
"12923",2020-12-12,"18","7  day ahead inc hosp",2020-12-19,"quantile",0.9,336.355500327192
"12924",2020-12-12,"18","7  day ahead inc hosp",2020-12-19,"quantile",0.95,352.790834688657
"12925",2020-12-12,"18","7  day ahead inc hosp",2020-12-19,"quantile",0.975,367.046036180423
"12926",2020-12-12,"18","7  day ahead inc hosp",2020-12-19,"quantile",0.99,383.62078861998
"12927",2020-12-12,"18","8  day ahead inc hosp",2020-12-20,"quantile",0.01,171.646066244891
"12928",2020-12-12,"18","8  day ahead inc hosp",2020-12-20,"quantile",0.025,188.710682423083
"12929",2020-12-12,"18","8  day ahead inc hosp",2020-12-20,"quantile",0.05,203.387193754815
"12930",2020-12-12,"18","8  day ahead inc hosp",2020-12-20,"quantile",0.1,220.308271379438
"12931",2020-12-12,"18","8  day ahead inc hosp",2020-12-20,"quantile",0.15,231.724842119775
"12932",2020-12-12,"18","8  day ahead inc hosp",2020-12-20,"quantile",0.2,240.798370631538
"12933",2020-12-12,"18","8  day ahead inc hosp",2020-12-20,"quantile",0.25,248.582650172332
"12934",2020-12-12,"18","8  day ahead inc hosp",2020-12-20,"quantile",0.3,255.573173783238
"12935",2020-12-12,"18","8  day ahead inc hosp",2020-12-20,"quantile",0.35,262.050935705021
"12936",2020-12-12,"18","8  day ahead inc hosp",2020-12-20,"quantile",0.4,268.197698307073
"12937",2020-12-12,"18","8  day ahead inc hosp",2020-12-20,"quantile",0.45,274.144762260463
"12938",2020-12-12,"18","8  day ahead inc hosp",2020-12-20,"quantile",0.5,279.997537761695
"12939",2020-12-12,"18","8  day ahead inc hosp",2020-12-20,"quantile",0.55,285.850313262928
"12940",2020-12-12,"18","8  day ahead inc hosp",2020-12-20,"quantile",0.6,291.797377216317
"12941",2020-12-12,"18","8  day ahead inc hosp",2020-12-20,"quantile",0.65,297.944139818369
"12942",2020-12-12,"18","8  day ahead inc hosp",2020-12-20,"quantile",0.7,304.421901740152
"12943",2020-12-12,"18","8  day ahead inc hosp",2020-12-20,"quantile",0.75,311.412425351058
"12944",2020-12-12,"18","8  day ahead inc hosp",2020-12-20,"quantile",0.8,319.196704891853
"12945",2020-12-12,"18","8  day ahead inc hosp",2020-12-20,"quantile",0.85,328.270233403615
"12946",2020-12-12,"18","8  day ahead inc hosp",2020-12-20,"quantile",0.9,339.686804143952
"12947",2020-12-12,"18","8  day ahead inc hosp",2020-12-20,"quantile",0.95,356.607881768576
"12948",2020-12-12,"18","8  day ahead inc hosp",2020-12-20,"quantile",0.975,371.284393100307
"12949",2020-12-12,"18","8  day ahead inc hosp",2020-12-20,"quantile",0.99,388.349009278499
"12950",2020-12-12,"18","9  day ahead inc hosp",2020-12-21,"quantile",0.01,171.338071442575
"12951",2020-12-12,"18","9  day ahead inc hosp",2020-12-21,"quantile",0.025,188.867456231001
"12952",2020-12-12,"18","9  day ahead inc hosp",2020-12-21,"quantile",0.05,203.943694207826
"12953",2020-12-12,"18","9  day ahead inc hosp",2020-12-21,"quantile",0.1,221.325631054194
"12954",2020-12-12,"18","9  day ahead inc hosp",2020-12-21,"quantile",0.15,233.053141323508
"12955",2020-12-12,"18","9  day ahead inc hosp",2020-12-21,"quantile",0.2,242.373794715918
"12956",2020-12-12,"18","9  day ahead inc hosp",2020-12-21,"quantile",0.25,250.370085399891
"12957",2020-12-12,"18","9  day ahead inc hosp",2020-12-21,"quantile",0.3,257.551001569851
"12958",2020-12-12,"18","9  day ahead inc hosp",2020-12-21,"quantile",0.35,264.205190571761
"12959",2020-12-12,"18","9  day ahead inc hosp",2020-12-21,"quantile",0.4,270.519365220012
"12960",2020-12-12,"18","9  day ahead inc hosp",2020-12-21,"quantile",0.45,276.628402265543
"12961",2020-12-12,"18","9  day ahead inc hosp",2020-12-21,"quantile",0.5,282.640582836735
"12962",2020-12-12,"18","9  day ahead inc hosp",2020-12-21,"quantile",0.55,288.652763407927
"12963",2020-12-12,"18","9  day ahead inc hosp",2020-12-21,"quantile",0.6,294.761800453458
"12964",2020-12-12,"18","9  day ahead inc hosp",2020-12-21,"quantile",0.65,301.075975101709
"12965",2020-12-12,"18","9  day ahead inc hosp",2020-12-21,"quantile",0.7,307.730164103619
"12966",2020-12-12,"18","9  day ahead inc hosp",2020-12-21,"quantile",0.75,314.91108027358
"12967",2020-12-12,"18","9  day ahead inc hosp",2020-12-21,"quantile",0.8,322.907370957552
"12968",2020-12-12,"18","9  day ahead inc hosp",2020-12-21,"quantile",0.85,332.228024349962
"12969",2020-12-12,"18","9  day ahead inc hosp",2020-12-21,"quantile",0.9,343.955534619276
"12970",2020-12-12,"18","9  day ahead inc hosp",2020-12-21,"quantile",0.95,361.337471465644
"12971",2020-12-12,"18","9  day ahead inc hosp",2020-12-21,"quantile",0.975,376.413709442469
"12972",2020-12-12,"18","9  day ahead inc hosp",2020-12-21,"quantile",0.99,393.943094230895
"12973",2020-12-12,"18","10  day ahead inc hosp",2020-12-22,"quantile",0.01,171.12766129464
"12974",2020-12-12,"18","10  day ahead inc hosp",2020-12-22,"quantile",0.025,189.103142603498
"12975",2020-12-12,"18","10  day ahead inc hosp",2020-12-22,"quantile",0.05,204.563048198089
"12976",2020-12-12,"18","10  day ahead inc hosp",2020-12-22,"quantile",0.1,222.387329236174
"12977",2020-12-12,"18","10  day ahead inc hosp",2020-12-22,"quantile",0.15,234.413287031606
"12978",2020-12-12,"18","10  day ahead inc hosp",2020-12-22,"quantile",0.2,243.971137056795
"12979",2020-12-12,"18","10  day ahead inc hosp",2020-12-22,"quantile",0.25,252.170921331304
"12980",2020-12-12,"18","10  day ahead inc hosp",2020-12-22,"quantile",0.3,259.5345810348
"12981",2020-12-12,"18","10  day ahead inc hosp",2020-12-22,"quantile",0.35,266.358109154761
"12982",2020-12-12,"18","10  day ahead inc hosp",2020-12-22,"quantile",0.4,272.832970066334
"12983",2020-12-12,"18","10  day ahead inc hosp",2020-12-22,"quantile",0.45,279.097472931236
"12984",2020-12-12,"18","10  day ahead inc hosp",2020-12-22,"quantile",0.5,285.262654469969
"12985",2020-12-12,"18","10  day ahead inc hosp",2020-12-22,"quantile",0.55,291.427836008701
"12986",2020-12-12,"18","10  day ahead inc hosp",2020-12-22,"quantile",0.6,297.692338873603
"12987",2020-12-12,"18","10  day ahead inc hosp",2020-12-22,"quantile",0.65,304.167199785176
"12988",2020-12-12,"18","10  day ahead inc hosp",2020-12-22,"quantile",0.7,310.990727905137
"12989",2020-12-12,"18","10  day ahead inc hosp",2020-12-22,"quantile",0.75,318.354387608633
"12990",2020-12-12,"18","10  day ahead inc hosp",2020-12-22,"quantile",0.8,326.554171883142
"12991",2020-12-12,"18","10  day ahead inc hosp",2020-12-22,"quantile",0.85,336.112021908331
"12992",2020-12-12,"18","10  day ahead inc hosp",2020-12-22,"quantile",0.9,348.137979703763
"12993",2020-12-12,"18","10  day ahead inc hosp",2020-12-22,"quantile",0.95,365.962260741849
"12994",2020-12-12,"18","10  day ahead inc hosp",2020-12-22,"quantile",0.975,381.422166336439
"12995",2020-12-12,"18","10  day ahead inc hosp",2020-12-22,"quantile",0.99,399.397647645297
"12996",2020-12-12,"18","11  day ahead inc hosp",2020-12-23,"quantile",0.01,170.997878951049
"12997",2020-12-12,"18","11  day ahead inc hosp",2020-12-23,"quantile",0.025,189.40478355634
"12998",2020-12-12,"18","11  day ahead inc hosp",2020-12-23,"quantile",0.05,205.235736986566
"12999",2020-12-12,"18","11  day ahead inc hosp",2020-12-23,"quantile",0.1,223.487812415792
"13000",2020-12-12,"18","11  day ahead inc hosp",2020-12-23,"quantile",0.15,235.802401055968
"13001",2020-12-12,"18","11  day ahead inc hosp",2020-12-23,"quantile",0.2,245.589645726776
"13002",2020-12-12,"18","11  day ahead inc hosp",2020-12-23,"quantile",0.25,253.98623018154
"13003",2020-12-12,"18","11  day ahead inc hosp",2020-12-23,"quantile",0.3,261.526622529269
"13004",2020-12-12,"18","11  day ahead inc hosp",2020-12-23,"quantile",0.35,268.513919782542
"13005",2020-12-12,"18","11  day ahead inc hosp",2020-12-23,"quantile",0.4,275.144181586609
"13006",2020-12-12,"18","11  day ahead inc hosp",2020-12-23,"quantile",0.45,281.559036613439
"13007",2020-12-12,"18","11  day ahead inc hosp",2020-12-23,"quantile",0.5,287.872186537376
"13008",2020-12-12,"18","11  day ahead inc hosp",2020-12-23,"quantile",0.55,294.185336461314
"13009",2020-12-12,"18","11  day ahead inc hosp",2020-12-23,"quantile",0.6,300.600191488144
"13010",2020-12-12,"18","11  day ahead inc hosp",2020-12-23,"quantile",0.65,307.230453292211
"13011",2020-12-12,"18","11  day ahead inc hosp",2020-12-23,"quantile",0.7,314.217750545484
"13012",2020-12-12,"18","11  day ahead inc hosp",2020-12-23,"quantile",0.75,321.758142893213
"13013",2020-12-12,"18","11  day ahead inc hosp",2020-12-23,"quantile",0.8,330.154727347977
"13014",2020-12-12,"18","11  day ahead inc hosp",2020-12-23,"quantile",0.85,339.941972018785
"13015",2020-12-12,"18","11  day ahead inc hosp",2020-12-23,"quantile",0.9,352.256560658961
"13016",2020-12-12,"18","11  day ahead inc hosp",2020-12-23,"quantile",0.95,370.508636088187
"13017",2020-12-12,"18","11  day ahead inc hosp",2020-12-23,"quantile",0.975,386.339589518413
"13018",2020-12-12,"18","11  day ahead inc hosp",2020-12-23,"quantile",0.99,404.746494123704
"13019",2020-12-12,"18","12  day ahead inc hosp",2020-12-24,"quantile",0.01,170.937683878738
"13020",2020-12-12,"18","12  day ahead inc hosp",2020-12-24,"quantile",0.025,189.763866262126
"13021",2020-12-12,"18","12  day ahead inc hosp",2020-12-24,"quantile",0.05,205.955421712178
"13022",2020-12-12,"18","12  day ahead inc hosp",2020-12-24,"quantile",0.1,224.623248175907
"13023",2020-12-12,"18","12  day ahead inc hosp",2020-12-24,"quantile",0.15,237.21834206528
"13024",2020-12-12,"18","12  day ahead inc hosp",2020-12-24,"quantile",0.2,247.228523415952
"13025",2020-12-12,"18","12  day ahead inc hosp",2020-12-24,"quantile",0.25,255.81636769138
"13026",2020-12-12,"18","12  day ahead inc hosp",2020-12-24,"quantile",0.3,263.528517269201
"13027",2020-12-12,"18","12  day ahead inc hosp",2020-12-24,"quantile",0.35,270.674973193096
"13028",2020-12-12,"18","12  day ahead inc hosp",2020-12-24,"quantile",0.4,277.456261011425
"13029",2020-12-12,"18","12  day ahead inc hosp",2020-12-24,"quantile",0.45,284.017235454862
"13030",2020-12-12,"18","12  day ahead inc hosp",2020-12-24,"quantile",0.5,290.474188127261
"13031",2020-12-12,"18","12  day ahead inc hosp",2020-12-24,"quantile",0.55,296.931140799659
"13032",2020-12-12,"18","12  day ahead inc hosp",2020-12-24,"quantile",0.6,303.492115243097
"13033",2020-12-12,"18","12  day ahead inc hosp",2020-12-24,"quantile",0.65,310.273403061425
"13034",2020-12-12,"18","12  day ahead inc hosp",2020-12-24,"quantile",0.7,317.419858985321
"13035",2020-12-12,"18","12  day ahead inc hosp",2020-12-24,"quantile",0.75,325.132008563141
"13036",2020-12-12,"18","12  day ahead inc hosp",2020-12-24,"quantile",0.8,333.719852838569
"13037",2020-12-12,"18","12  day ahead inc hosp",2020-12-24,"quantile",0.85,343.730034189241
"13038",2020-12-12,"18","12  day ahead inc hosp",2020-12-24,"quantile",0.9,356.325128078615
"13039",2020-12-12,"18","12  day ahead inc hosp",2020-12-24,"quantile",0.95,374.992954542344
"13040",2020-12-12,"18","12  day ahead inc hosp",2020-12-24,"quantile",0.975,391.184509992395
"13041",2020-12-12,"18","12  day ahead inc hosp",2020-12-24,"quantile",0.99,410.010692375783
"13042",2020-12-12,"18","13  day ahead inc hosp",2020-12-25,"quantile",0.01,170.939397390865
"13043",2020-12-12,"18","13  day ahead inc hosp",2020-12-25,"quantile",0.025,190.174396483569
"13044",2020-12-12,"18","13  day ahead inc hosp",2020-12-25,"quantile",0.05,206.717556857178
"13045",2020-12-12,"18","13  day ahead inc hosp",2020-12-25,"quantile",0.1,225.790761279623
"13046",2020-12-12,"18","13  day ahead inc hosp",2020-12-25,"quantile",0.15,238.659361753205
"13047",2020-12-12,"18","13  day ahead inc hosp",2020-12-25,"quantile",0.2,248.886917466672
"13048",2020-12-12,"18","13  day ahead inc hosp",2020-12-25,"quantile",0.25,257.661249589998
"13049",2020-12-12,"18","13  day ahead inc hosp",2020-12-25,"quantile",0.3,265.540871018879
"13050",2020-12-12,"18","13  day ahead inc hosp",2020-12-25,"quantile",0.35,272.842514571077
"13051",2020-12-12,"18","13  day ahead inc hosp",2020-12-25,"quantile",0.4,279.771060272834
"13052",2020-12-12,"18","13  day ahead inc hosp",2020-12-25,"quantile",0.45,286.47450842269
"13053",2020-12-12,"18","13  day ahead inc hosp",2020-12-25,"quantile",0.5,293.071675934719
"13054",2020-12-12,"18","13  day ahead inc hosp",2020-12-25,"quantile",0.55,299.668843446748
"13055",2020-12-12,"18","13  day ahead inc hosp",2020-12-25,"quantile",0.6,306.372291596604
"13056",2020-12-12,"18","13  day ahead inc hosp",2020-12-25,"quantile",0.65,313.300837298361
"13057",2020-12-12,"18","13  day ahead inc hosp",2020-12-25,"quantile",0.7,320.602480850559
"13058",2020-12-12,"18","13  day ahead inc hosp",2020-12-25,"quantile",0.75,328.48210227944
"13059",2020-12-12,"18","13  day ahead inc hosp",2020-12-25,"quantile",0.8,337.256434402766
"13060",2020-12-12,"18","13  day ahead inc hosp",2020-12-25,"quantile",0.85,347.483990116233
"13061",2020-12-12,"18","13  day ahead inc hosp",2020-12-25,"quantile",0.9,360.352590589815
"13062",2020-12-12,"18","13  day ahead inc hosp",2020-12-25,"quantile",0.95,379.42579501226
"13063",2020-12-12,"18","13  day ahead inc hosp",2020-12-25,"quantile",0.975,395.968955385869
"13064",2020-12-12,"18","13  day ahead inc hosp",2020-12-25,"quantile",0.99,415.203954478573
"13065",2020-12-12,"18","14  day ahead inc hosp",2020-12-26,"quantile",0.01,170.997373047506
"13066",2020-12-12,"18","14  day ahead inc hosp",2020-12-26,"quantile",0.025,190.631901493779
"13067",2020-12-12,"18","14  day ahead inc hosp",2020-12-26,"quantile",0.05,207.518679152639
"13068",2020-12-12,"18","14  day ahead inc hosp",2020-12-26,"quantile",0.1,226.988052298391
"13069",2020-12-12,"18","14  day ahead inc hosp",2020-12-26,"quantile",0.15,240.123945928773
"13070",2020-12-12,"18","14  day ahead inc hosp",2020-12-26,"quantile",0.2,250.563937769899
"13071",2020-12-12,"18","14  day ahead inc hosp",2020-12-26,"quantile",0.25,259.520521175085
"13072",2020-12-12,"18","14  day ahead inc hosp",2020-12-26,"quantile",0.3,267.563809887789
"13073",2020-12-12,"18","14  day ahead inc hosp",2020-12-26,"quantile",0.35,275.017115569751
"13074",2020-12-12,"18","14  day ahead inc hosp",2020-12-26,"quantile",0.4,282.089573801581
"13075",2020-12-12,"18","14  day ahead inc hosp",2020-12-26,"quantile",0.45,288.932258989769
"13076",2020-12-12,"18","14  day ahead inc hosp",2020-12-26,"quantile",0.5,295.666455989492
"13077",2020-12-12,"18","14  day ahead inc hosp",2020-12-26,"quantile",0.55,302.400652989214
"13078",2020-12-12,"18","14  day ahead inc hosp",2020-12-26,"quantile",0.6,309.243338177402
"13079",2020-12-12,"18","14  day ahead inc hosp",2020-12-26,"quantile",0.65,316.315796409233
"13080",2020-12-12,"18","14  day ahead inc hosp",2020-12-26,"quantile",0.7,323.769102091195
"13081",2020-12-12,"18","14  day ahead inc hosp",2020-12-26,"quantile",0.75,331.812390803899
"13082",2020-12-12,"18","14  day ahead inc hosp",2020-12-26,"quantile",0.8,340.768974209085
"13083",2020-12-12,"18","14  day ahead inc hosp",2020-12-26,"quantile",0.85,351.20896605021
"13084",2020-12-12,"18","14  day ahead inc hosp",2020-12-26,"quantile",0.9,364.344859680593
"13085",2020-12-12,"18","14  day ahead inc hosp",2020-12-26,"quantile",0.95,383.814232826344
"13086",2020-12-12,"18","14  day ahead inc hosp",2020-12-26,"quantile",0.975,400.701010485205
"13087",2020-12-12,"18","14  day ahead inc hosp",2020-12-26,"quantile",0.99,420.335538931477
"13088",2020-12-12,"18","15  day ahead inc hosp",2020-12-27,"quantile",0.01,174.521217636816
"13089",2020-12-12,"18","15  day ahead inc hosp",2020-12-27,"quantile",0.025,194.546849483945
"13090",2020-12-12,"18","15  day ahead inc hosp",2020-12-27,"quantile",0.05,211.769997643883
"13091",2020-12-12,"18","15  day ahead inc hosp",2020-12-27,"quantile",0.1,231.627184434902
"13092",2020-12-12,"18","15  day ahead inc hosp",2020-12-27,"quantile",0.15,245.024734090597
"13093",2020-12-12,"18","15  day ahead inc hosp",2020-12-27,"quantile",0.2,255.672681845977
"13094",2020-12-12,"18","15  day ahead inc hosp",2020-12-27,"quantile",0.25,264.807672908846
"13095",2020-12-12,"18","15  day ahead inc hosp",2020-12-27,"quantile",0.3,273.011177212071
"13096",2020-12-12,"18","15  day ahead inc hosp",2020-12-27,"quantile",0.35,280.612946515547
"13097",2020-12-12,"18","15  day ahead inc hosp",2020-12-27,"quantile",0.4,287.826282205904
"13098",2020-12-12,"18","15  day ahead inc hosp",2020-12-27,"quantile",0.45,294.805267965578
"13099",2020-12-12,"18","15  day ahead inc hosp",2020-12-27,"quantile",0.5,301.673604542721
"13100",2020-12-12,"18","15  day ahead inc hosp",2020-12-27,"quantile",0.55,308.541941119864
"13101",2020-12-12,"18","15  day ahead inc hosp",2020-12-27,"quantile",0.6,315.520926879539
"13102",2020-12-12,"18","15  day ahead inc hosp",2020-12-27,"quantile",0.65,322.734262569896
"13103",2020-12-12,"18","15  day ahead inc hosp",2020-12-27,"quantile",0.7,330.336031873371
"13104",2020-12-12,"18","15  day ahead inc hosp",2020-12-27,"quantile",0.75,338.539536176596
"13105",2020-12-12,"18","15  day ahead inc hosp",2020-12-27,"quantile",0.8,347.674527239466
"13106",2020-12-12,"18","15  day ahead inc hosp",2020-12-27,"quantile",0.85,358.322474994845
"13107",2020-12-12,"18","15  day ahead inc hosp",2020-12-27,"quantile",0.9,371.72002465054
"13108",2020-12-12,"18","15  day ahead inc hosp",2020-12-27,"quantile",0.95,391.577211441559
"13109",2020-12-12,"18","15  day ahead inc hosp",2020-12-27,"quantile",0.975,408.800359601497
"13110",2020-12-12,"18","15  day ahead inc hosp",2020-12-27,"quantile",0.99,428.825991448627
"13111",2020-12-12,"18","16  day ahead inc hosp",2020-12-28,"quantile",0.01,174.679380941782
"13112",2020-12-12,"18","16  day ahead inc hosp",2020-12-28,"quantile",0.025,195.088354156578
"13113",2020-12-12,"18","16  day ahead inc hosp",2020-12-28,"quantile",0.05,212.641197040835
"13114",2020-12-12,"18","16  day ahead inc hosp",2020-12-28,"quantile",0.1,232.878500734062
"13115",2020-12-12,"18","16  day ahead inc hosp",2020-12-28,"quantile",0.15,246.532513459067
"13116",2020-12-12,"18","16  day ahead inc hosp",2020-12-28,"quantile",0.2,257.384289931889
"13117",2020-12-12,"18","16  day ahead inc hosp",2020-12-28,"quantile",0.25,266.694147885072
"13118",2020-12-12,"18","16  day ahead inc hosp",2020-12-28,"quantile",0.3,275.054688060286
"13119",2020-12-12,"18","16  day ahead inc hosp",2020-12-28,"quantile",0.35,282.801974502183
"13120",2020-12-12,"18","16  day ahead inc hosp",2020-12-28,"quantile",0.4,290.15339172675
"13121",2020-12-12,"18","16  day ahead inc hosp",2020-12-28,"quantile",0.45,297.265972968778
"13122",2020-12-12,"18","16  day ahead inc hosp",2020-12-28,"quantile",0.5,304.265786922374
"13123",2020-12-12,"18","16  day ahead inc hosp",2020-12-28,"quantile",0.55,311.26560087597
"13124",2020-12-12,"18","16  day ahead inc hosp",2020-12-28,"quantile",0.6,318.378182117997
"13125",2020-12-12,"18","16  day ahead inc hosp",2020-12-28,"quantile",0.65,325.729599342565
"13126",2020-12-12,"18","16  day ahead inc hosp",2020-12-28,"quantile",0.7,333.476885784462
"13127",2020-12-12,"18","16  day ahead inc hosp",2020-12-28,"quantile",0.75,341.837425959676
"13128",2020-12-12,"18","16  day ahead inc hosp",2020-12-28,"quantile",0.8,351.147283912859
"13129",2020-12-12,"18","16  day ahead inc hosp",2020-12-28,"quantile",0.85,361.999060385681
"13130",2020-12-12,"18","16  day ahead inc hosp",2020-12-28,"quantile",0.9,375.653073110686
"13131",2020-12-12,"18","16  day ahead inc hosp",2020-12-28,"quantile",0.95,395.890376803913
"13132",2020-12-12,"18","16  day ahead inc hosp",2020-12-28,"quantile",0.975,413.44321968817
"13133",2020-12-12,"18","16  day ahead inc hosp",2020-12-28,"quantile",0.99,433.852192902966
"13134",2020-12-12,"18","17  day ahead inc hosp",2020-12-29,"quantile",0.01,174.882847354183
"13135",2020-12-12,"18","17  day ahead inc hosp",2020-12-29,"quantile",0.025,195.667935019538
"13136",2020-12-12,"18","17  day ahead inc hosp",2020-12-29,"quantile",0.05,213.544257080708
"13137",2020-12-12,"18","17  day ahead inc hosp",2020-12-29,"quantile",0.1,234.154511548052
"13138",2020-12-12,"18","17  day ahead inc hosp",2020-12-29,"quantile",0.15,248.060152389766
"13139",2020-12-12,"18","17  day ahead inc hosp",2020-12-29,"quantile",0.2,259.111914912974
"13140",2020-12-12,"18","17  day ahead inc hosp",2020-12-29,"quantile",0.25,268.593343090293
"13141",2020-12-12,"18","17  day ahead inc hosp",2020-12-29,"quantile",0.3,277.107958629382
"13142",2020-12-12,"18","17  day ahead inc hosp",2020-12-29,"quantile",0.35,284.998018857729
"13143",2020-12-12,"18","17  day ahead inc hosp",2020-12-29,"quantile",0.4,292.484914443757
"13144",2020-12-12,"18","17  day ahead inc hosp",2020-12-29,"quantile",0.45,299.728572568377
"13145",2020-12-12,"18","17  day ahead inc hosp",2020-12-29,"quantile",0.5,306.857385230113
"13146",2020-12-12,"18","17  day ahead inc hosp",2020-12-29,"quantile",0.55,313.986197891849
"13147",2020-12-12,"18","17  day ahead inc hosp",2020-12-29,"quantile",0.6,321.229856016469
"13148",2020-12-12,"18","17  day ahead inc hosp",2020-12-29,"quantile",0.65,328.716751602498
"13149",2020-12-12,"18","17  day ahead inc hosp",2020-12-29,"quantile",0.7,336.606811830844
"13150",2020-12-12,"18","17  day ahead inc hosp",2020-12-29,"quantile",0.75,345.121427369933
"13151",2020-12-12,"18","17  day ahead inc hosp",2020-12-29,"quantile",0.8,354.602855547252
"13152",2020-12-12,"18","17  day ahead inc hosp",2020-12-29,"quantile",0.85,365.654618070461
"13153",2020-12-12,"18","17  day ahead inc hosp",2020-12-29,"quantile",0.9,379.560258912175
"13154",2020-12-12,"18","17  day ahead inc hosp",2020-12-29,"quantile",0.95,400.170513379518
"13155",2020-12-12,"18","17  day ahead inc hosp",2020-12-29,"quantile",0.975,418.046835440688
"13156",2020-12-12,"18","17  day ahead inc hosp",2020-12-29,"quantile",0.99,438.831923106043
"13157",2020-12-12,"18","18  day ahead inc hosp",2020-12-30,"quantile",0.01,175.129008010623
"13158",2020-12-12,"18","18  day ahead inc hosp",2020-12-30,"quantile",0.025,196.283430905911
"13159",2020-12-12,"18","18  day ahead inc hosp",2020-12-30,"quantile",0.05,214.47740164026
"13160",2020-12-12,"18","18  day ahead inc hosp",2020-12-30,"quantile",0.1,235.453884684322
"13161",2020-12-12,"18","18  day ahead inc hosp",2020-12-30,"quantile",0.15,249.606618208075
"13162",2020-12-12,"18","18  day ahead inc hosp",2020-12-30,"quantile",0.2,260.85476216197
"13163",2020-12-12,"18","18  day ahead inc hosp",2020-12-30,"quantile",0.25,270.504668120684
"13164",2020-12-12,"18","18  day ahead inc hosp",2020-12-30,"quantile",0.3,279.17058191449
"13165",2020-12-12,"18","18  day ahead inc hosp",2020-12-30,"quantile",0.35,287.20084252378
"13166",2020-12-12,"18","18  day ahead inc hosp",2020-12-30,"quantile",0.4,294.820774561098
"13167",2020-12-12,"18","18  day ahead inc hosp",2020-12-30,"quantile",0.45,302.193146991959
"13168",2020-12-12,"18","18  day ahead inc hosp",2020-12-30,"quantile",0.5,309.44863324324
"13169",2020-12-12,"18","18  day ahead inc hosp",2020-12-30,"quantile",0.55,316.704119494521
"13170",2020-12-12,"18","18  day ahead inc hosp",2020-12-30,"quantile",0.6,324.076491925382
"13171",2020-12-12,"18","18  day ahead inc hosp",2020-12-30,"quantile",0.65,331.6964239627
"13172",2020-12-12,"18","18  day ahead inc hosp",2020-12-30,"quantile",0.7,339.72668457199
"13173",2020-12-12,"18","18  day ahead inc hosp",2020-12-30,"quantile",0.75,348.392598365796
"13174",2020-12-12,"18","18  day ahead inc hosp",2020-12-30,"quantile",0.8,358.04250432451
"13175",2020-12-12,"18","18  day ahead inc hosp",2020-12-30,"quantile",0.85,369.290648278405
"13176",2020-12-12,"18","18  day ahead inc hosp",2020-12-30,"quantile",0.9,383.443381802158
"13177",2020-12-12,"18","18  day ahead inc hosp",2020-12-30,"quantile",0.95,404.41986484622
"13178",2020-12-12,"18","18  day ahead inc hosp",2020-12-30,"quantile",0.975,422.613835580569
"13179",2020-12-12,"18","18  day ahead inc hosp",2020-12-30,"quantile",0.99,443.768258475857
"13180",2020-12-12,"18","19  day ahead inc hosp",2020-12-31,"quantile",0.01,175.415553701299
"13181",2020-12-12,"18","19  day ahead inc hosp",2020-12-31,"quantile",0.025,196.932918372662
"13182",2020-12-12,"18","19  day ahead inc hosp",2020-12-31,"quantile",0.05,215.439039057159
"13183",2020-12-12,"18","19  day ahead inc hosp",2020-12-31,"quantile",0.1,236.775411002445
"13184",2020-12-12,"18","19  day ahead inc hosp",2020-12-31,"quantile",0.15,251.170959859277
"13185",2020-12-12,"18","19  day ahead inc hosp",2020-12-31,"quantile",0.2,262.612085742501
"13186",2020-12-12,"18","19  day ahead inc hosp",2020-12-31,"quantile",0.25,272.427553013142
"13187",2020-12-12,"18","19  day ahead inc hosp",2020-12-31,"quantile",0.3,281.242145981947
"13188",2020-12-12,"18","19  day ahead inc hosp",2020-12-31,"quantile",0.35,289.410180004499
"13189",2020-12-12,"18","19  day ahead inc hosp",2020-12-31,"quantile",0.4,297.160845538112
"13190",2020-12-12,"18","19  day ahead inc hosp",2020-12-31,"quantile",0.45,304.659704139604
"13191",2020-12-12,"18","19  day ahead inc hosp",2020-12-31,"quantile",0.5,312.039671171068
"13192",2020-12-12,"18","19  day ahead inc hosp",2020-12-31,"quantile",0.55,319.419638202531
"13193",2020-12-12,"18","19  day ahead inc hosp",2020-12-31,"quantile",0.6,326.918496804023
"13194",2020-12-12,"18","19  day ahead inc hosp",2020-12-31,"quantile",0.65,334.669162337637
"13195",2020-12-12,"18","19  day ahead inc hosp",2020-12-31,"quantile",0.7,342.837196360188
"13196",2020-12-12,"18","19  day ahead inc hosp",2020-12-31,"quantile",0.75,351.651789328993
"13197",2020-12-12,"18","19  day ahead inc hosp",2020-12-31,"quantile",0.8,361.467256599634
"13198",2020-12-12,"18","19  day ahead inc hosp",2020-12-31,"quantile",0.85,372.908382482858
"13199",2020-12-12,"18","19  day ahead inc hosp",2020-12-31,"quantile",0.9,387.30393133969
"13200",2020-12-12,"18","19  day ahead inc hosp",2020-12-31,"quantile",0.95,408.640303284976
"13201",2020-12-12,"18","19  day ahead inc hosp",2020-12-31,"quantile",0.975,427.146423969473
"13202",2020-12-12,"18","19  day ahead inc hosp",2020-12-31,"quantile",0.99,448.663788640836
"13203",2020-12-12,"18","20  day ahead inc hosp",2021-01-01,"quantile",0.01,175.740410446457
"13204",2020-12-12,"18","20  day ahead inc hosp",2021-01-01,"quantile",0.025,197.614663321015
"13205",2020-12-12,"18","20  day ahead inc hosp",2021-01-01,"quantile",0.05,216.427727549021
"13206",2020-12-12,"18","20  day ahead inc hosp",2021-01-01,"quantile",0.1,238.117985742115
"13207",2020-12-12,"18","20  day ahead inc hosp",2021-01-01,"quantile",0.15,252.752299970264
"13208",2020-12-12,"18","20  day ahead inc hosp",2021-01-01,"quantile",0.2,264.383189001595
"13209",2020-12-12,"18","20  day ahead inc hosp",2021-01-01,"quantile",0.25,274.361456156481
"13210",2020-12-12,"18","20  day ahead inc hosp",2021-01-01,"quantile",0.3,283.322248452879
"13211",2020-12-12,"18","20  day ahead inc hosp",2021-01-01,"quantile",0.35,291.625757940501
"13212",2020-12-12,"18","20  day ahead inc hosp",2021-01-01,"quantile",0.4,299.504976442292
"13213",2020-12-12,"18","20  day ahead inc hosp",2021-01-01,"quantile",0.45,307.128211528227
"13214",2020-12-12,"18","20  day ahead inc hosp",2021-01-01,"quantile",0.5,314.630583101963
"13215",2020-12-12,"18","20  day ahead inc hosp",2021-01-01,"quantile",0.55,322.132954675699
"13216",2020-12-12,"18","20  day ahead inc hosp",2021-01-01,"quantile",0.6,329.756189761634
"13217",2020-12-12,"18","20  day ahead inc hosp",2021-01-01,"quantile",0.65,337.635408263425
"13218",2020-12-12,"18","20  day ahead inc hosp",2021-01-01,"quantile",0.7,345.938917751047
"13219",2020-12-12,"18","20  day ahead inc hosp",2021-01-01,"quantile",0.75,354.899710047445
"13220",2020-12-12,"18","20  day ahead inc hosp",2021-01-01,"quantile",0.8,364.877977202331
"13221",2020-12-12,"18","20  day ahead inc hosp",2021-01-01,"quantile",0.85,376.508866233662
"13222",2020-12-12,"18","20  day ahead inc hosp",2021-01-01,"quantile",0.9,391.143180461811
"13223",2020-12-12,"18","20  day ahead inc hosp",2021-01-01,"quantile",0.95,412.833438654905
"13224",2020-12-12,"18","20  day ahead inc hosp",2021-01-01,"quantile",0.975,431.646502882911
"13225",2020-12-12,"18","20  day ahead inc hosp",2021-01-01,"quantile",0.99,453.520755757469
"13226",2020-12-12,"18","21  day ahead inc hosp",2021-01-02,"quantile",0.01,176.101695960291
"13227",2020-12-12,"18","21  day ahead inc hosp",2021-01-02,"quantile",0.025,198.327087854925
"13228",2020-12-12,"18","21  day ahead inc hosp",2021-01-02,"quantile",0.05,217.442151011788
"13229",2020-12-12,"18","21  day ahead inc hosp",2021-01-02,"quantile",0.1,239.480594628667
"13230",2020-12-12,"18","21  day ahead inc hosp",2021-01-02,"quantile",0.15,254.34982790923
"13231",2020-12-12,"18","21  day ahead inc hosp",2021-01-02,"quantile",0.2,266.167423156334
"13232",2020-12-12,"18","21  day ahead inc hosp",2021-01-02,"quantile",0.25,276.305867619716
"13233",2020-12-12,"18","21  day ahead inc hosp",2021-01-02,"quantile",0.3,285.410504089632
"13234",2020-12-12,"18","21  day ahead inc hosp",2021-01-02,"quantile",0.35,293.847306641086
"13235",2020-12-12,"18","21  day ahead inc hosp",2021-01-02,"quantile",0.4,301.853007225695
"13236",2020-12-12,"18","21  day ahead inc hosp",2021-01-02,"quantile",0.45,309.598615190523
"13237",2020-12-12,"18","21  day ahead inc hosp",2021-01-02,"quantile",0.5,317.221419467389
"13238",2020-12-12,"18","21  day ahead inc hosp",2021-01-02,"quantile",0.55,324.844223744256
"13239",2020-12-12,"18","21  day ahead inc hosp",2021-01-02,"quantile",0.6,332.589831709083
"13240",2020-12-12,"18","21  day ahead inc hosp",2021-01-02,"quantile",0.65,340.595532293693
"13241",2020-12-12,"18","21  day ahead inc hosp",2021-01-02,"quantile",0.7,349.032334845147
"13242",2020-12-12,"18","21  day ahead inc hosp",2021-01-02,"quantile",0.75,358.136971315063
"13243",2020-12-12,"18","21  day ahead inc hosp",2021-01-02,"quantile",0.8,368.275415778445
"13244",2020-12-12,"18","21  day ahead inc hosp",2021-01-02,"quantile",0.85,380.093011025549
"13245",2020-12-12,"18","21  day ahead inc hosp",2021-01-02,"quantile",0.9,394.962244306112
"13246",2020-12-12,"18","21  day ahead inc hosp",2021-01-02,"quantile",0.95,417.000687922991
"13247",2020-12-12,"18","21  day ahead inc hosp",2021-01-02,"quantile",0.975,436.115751079854
"13248",2020-12-12,"18","21  day ahead inc hosp",2021-01-02,"quantile",0.99,458.341142974488
"13249",2020-12-12,"18","22  day ahead inc hosp",2021-01-03,"quantile",0.01,159.487937836374
"13250",2020-12-12,"18","22  day ahead inc hosp",2021-01-03,"quantile",0.025,182.058995430769
"13251",2020-12-12,"18","22  day ahead inc hosp",2021-01-03,"quantile",0.05,201.471350159067
"13252",2020-12-12,"18","22  day ahead inc hosp",2021-01-03,"quantile",0.1,223.852551918102
"13253",2020-12-12,"18","22  day ahead inc hosp",2021-01-03,"quantile",0.15,238.953042489929
"13254",2020-12-12,"18","22  day ahead inc hosp",2021-01-03,"quantile",0.2,250.954433701125
"13255",2020-12-12,"18","22  day ahead inc hosp",2021-01-03,"quantile",0.25,261.250558736195
"13256",2020-12-12,"18","22  day ahead inc hosp",2021-01-03,"quantile",0.3,270.496797232809
"13257",2020-12-12,"18","22  day ahead inc hosp",2021-01-03,"quantile",0.35,279.06481516492
"13258",2020-12-12,"18","22  day ahead inc hosp",2021-01-03,"quantile",0.4,287.195026314192
"13259",2020-12-12,"18","22  day ahead inc hosp",2021-01-03,"quantile",0.45,295.061099691281
"13260",2020-12-12,"18","22  day ahead inc hosp",2021-01-03,"quantile",0.5,302.802459446809
"13261",2020-12-12,"18","22  day ahead inc hosp",2021-01-03,"quantile",0.55,310.543819202337
"13262",2020-12-12,"18","22  day ahead inc hosp",2021-01-03,"quantile",0.6,318.409892579425
"13263",2020-12-12,"18","22  day ahead inc hosp",2021-01-03,"quantile",0.65,326.540103728698
"13264",2020-12-12,"18","22  day ahead inc hosp",2021-01-03,"quantile",0.7,335.108121660808
"13265",2020-12-12,"18","22  day ahead inc hosp",2021-01-03,"quantile",0.75,344.354360157423
"13266",2020-12-12,"18","22  day ahead inc hosp",2021-01-03,"quantile",0.8,354.650485192493
"13267",2020-12-12,"18","22  day ahead inc hosp",2021-01-03,"quantile",0.85,366.651876403688
"13268",2020-12-12,"18","22  day ahead inc hosp",2021-01-03,"quantile",0.9,381.752366975516
"13269",2020-12-12,"18","22  day ahead inc hosp",2021-01-03,"quantile",0.95,404.133568734551
"13270",2020-12-12,"18","22  day ahead inc hosp",2021-01-03,"quantile",0.975,423.545923462848
"13271",2020-12-12,"18","22  day ahead inc hosp",2021-01-03,"quantile",0.99,446.116981057244
"13272",2020-12-12,"18","23  day ahead inc hosp",2021-01-04,"quantile",0.01,159.917055108893
"13273",2020-12-12,"18","23  day ahead inc hosp",2021-01-04,"quantile",0.025,182.828557266781
"13274",2020-12-12,"18","23  day ahead inc hosp",2021-01-04,"quantile",0.05,202.533713101282
"13275",2020-12-12,"18","23  day ahead inc hosp",2021-01-04,"quantile",0.1,225.252495783648
"13276",2020-12-12,"18","23  day ahead inc hosp",2021-01-04,"quantile",0.15,240.580750601778
"13277",2020-12-12,"18","23  day ahead inc hosp",2021-01-04,"quantile",0.2,252.763161615662
"13278",2020-12-12,"18","23  day ahead inc hosp",2021-01-04,"quantile",0.25,263.214585523129
"13279",2020-12-12,"18","23  day ahead inc hosp",2021-01-04,"quantile",0.3,272.60028720687
"13280",2020-12-12,"18","23  day ahead inc hosp",2021-01-04,"quantile",0.35,281.297538566022
"13281",2020-12-12,"18","23  day ahead inc hosp",2021-01-04,"quantile",0.4,289.550379599794
"13282",2020-12-12,"18","23  day ahead inc hosp",2021-01-04,"quantile",0.45,297.535098809319
"13283",2020-12-12,"18","23  day ahead inc hosp",2021-01-04,"quantile",0.5,305.393223312435
"13284",2020-12-12,"18","23  day ahead inc hosp",2021-01-04,"quantile",0.55,313.251347815551
"13285",2020-12-12,"18","23  day ahead inc hosp",2021-01-04,"quantile",0.6,321.236067025076
"13286",2020-12-12,"18","23  day ahead inc hosp",2021-01-04,"quantile",0.65,329.488908058847
"13287",2020-12-12,"18","23  day ahead inc hosp",2021-01-04,"quantile",0.7,338.186159418
"13288",2020-12-12,"18","23  day ahead inc hosp",2021-01-04,"quantile",0.75,347.57186110174
"13289",2020-12-12,"18","23  day ahead inc hosp",2021-01-04,"quantile",0.8,358.023285009208
"13290",2020-12-12,"18","23  day ahead inc hosp",2021-01-04,"quantile",0.85,370.205696023091
"13291",2020-12-12,"18","23  day ahead inc hosp",2021-01-04,"quantile",0.9,385.533950841221
"13292",2020-12-12,"18","23  day ahead inc hosp",2021-01-04,"quantile",0.95,408.252733523588
"13293",2020-12-12,"18","23  day ahead inc hosp",2021-01-04,"quantile",0.975,427.957889358089
"13294",2020-12-12,"18","23  day ahead inc hosp",2021-01-04,"quantile",0.99,450.869391515977
"13295",2020-12-12,"18","24  day ahead inc hosp",2021-01-05,"quantile",0.01,160.377834383255
"13296",2020-12-12,"18","24  day ahead inc hosp",2021-01-05,"quantile",0.025,183.624791988458
"13297",2020-12-12,"18","24  day ahead inc hosp",2021-01-05,"quantile",0.05,203.618458014011
"13298",2020-12-12,"18","24  day ahead inc hosp",2021-01-05,"quantile",0.1,226.669874469347
"13299",2020-12-12,"18","24  day ahead inc hosp",2021-01-05,"quantile",0.15,242.222555714917
"13300",2020-12-12,"18","24  day ahead inc hosp",2021-01-05,"quantile",0.2,254.583333738867
"13301",2020-12-12,"18","24  day ahead inc hosp",2021-01-05,"quantile",0.25,265.187780658872
"13302",2020-12-12,"18","24  day ahead inc hosp",2021-01-05,"quantile",0.3,274.710901737246
"13303",2020-12-12,"18","24  day ahead inc hosp",2021-01-05,"quantile",0.35,283.535492645111
"13304",2020-12-12,"18","24  day ahead inc hosp",2021-01-05,"quantile",0.4,291.909166458048
"13305",2020-12-12,"18","24  day ahead inc hosp",2021-01-05,"quantile",0.45,300.010792779802
"13306",2020-12-12,"18","24  day ahead inc hosp",2021-01-05,"quantile",0.5,307.983970877051
"13307",2020-12-12,"18","24  day ahead inc hosp",2021-01-05,"quantile",0.55,315.9571489743
"13308",2020-12-12,"18","24  day ahead inc hosp",2021-01-05,"quantile",0.6,324.058775296054
"13309",2020-12-12,"18","24  day ahead inc hosp",2021-01-05,"quantile",0.65,332.432449108992
"13310",2020-12-12,"18","24  day ahead inc hosp",2021-01-05,"quantile",0.7,341.257040016856
"13311",2020-12-12,"18","24  day ahead inc hosp",2021-01-05,"quantile",0.75,350.78016109523
"13312",2020-12-12,"18","24  day ahead inc hosp",2021-01-05,"quantile",0.8,361.384608015235
"13313",2020-12-12,"18","24  day ahead inc hosp",2021-01-05,"quantile",0.85,373.745386039185
"13314",2020-12-12,"18","24  day ahead inc hosp",2021-01-05,"quantile",0.9,389.298067284755
"13315",2020-12-12,"18","24  day ahead inc hosp",2021-01-05,"quantile",0.95,412.349483740091
"13316",2020-12-12,"18","24  day ahead inc hosp",2021-01-05,"quantile",0.975,432.343149765644
"13317",2020-12-12,"18","24  day ahead inc hosp",2021-01-05,"quantile",0.99,455.590107370847
"13318",2020-12-12,"18","25  day ahead inc hosp",2021-01-06,"quantile",0.01,160.868920163933
"13319",2020-12-12,"18","25  day ahead inc hosp",2021-01-06,"quantile",0.025,184.446558609138
"13320",2020-12-12,"18","25  day ahead inc hosp",2021-01-06,"quantile",0.05,204.724628400051
"13321",2020-12-12,"18","25  day ahead inc hosp",2021-01-06,"quantile",0.1,228.103944182523
"13322",2020-12-12,"18","25  day ahead inc hosp",2021-01-06,"quantile",0.15,243.877857547406
"13323",2020-12-12,"18","25  day ahead inc hosp",2021-01-06,"quantile",0.2,256.414463846585
"13324",2020-12-12,"18","25  day ahead inc hosp",2021-01-06,"quantile",0.25,267.16975577069
"13325",2020-12-12,"18","25  day ahead inc hosp",2021-01-06,"quantile",0.3,276.828340324807
"13326",2020-12-12,"18","25  day ahead inc hosp",2021-01-06,"quantile",0.35,285.778458331041
"13327",2020-12-12,"18","25  day ahead inc hosp",2021-01-06,"quantile",0.4,294.271245085009
"13328",2020-12-12,"18","25  day ahead inc hosp",2021-01-06,"quantile",0.45,302.488114555693
"13329",2020-12-12,"18","25  day ahead inc hosp",2021-01-06,"quantile",0.5,310.574708665285
"13330",2020-12-12,"18","25  day ahead inc hosp",2021-01-06,"quantile",0.55,318.661302774877
"13331",2020-12-12,"18","25  day ahead inc hosp",2021-01-06,"quantile",0.6,326.878172245561
"13332",2020-12-12,"18","25  day ahead inc hosp",2021-01-06,"quantile",0.65,335.370958999529
"13333",2020-12-12,"18","25  day ahead inc hosp",2021-01-06,"quantile",0.7,344.321077005763
"13334",2020-12-12,"18","25  day ahead inc hosp",2021-01-06,"quantile",0.75,353.97966155988
"13335",2020-12-12,"18","25  day ahead inc hosp",2021-01-06,"quantile",0.8,364.734953483985
"13336",2020-12-12,"18","25  day ahead inc hosp",2021-01-06,"quantile",0.85,377.271559783164
"13337",2020-12-12,"18","25  day ahead inc hosp",2021-01-06,"quantile",0.9,393.045473148047
"13338",2020-12-12,"18","25  day ahead inc hosp",2021-01-06,"quantile",0.95,416.424788930519
"13339",2020-12-12,"18","25  day ahead inc hosp",2021-01-06,"quantile",0.975,436.702858721432
"13340",2020-12-12,"18","25  day ahead inc hosp",2021-01-06,"quantile",0.99,460.280497166637
"13341",2020-12-12,"18","26  day ahead inc hosp",2021-01-07,"quantile",0.01,161.389052337627
"13342",2020-12-12,"18","26  day ahead inc hosp",2021-01-07,"quantile",0.025,185.292796091039
"13343",2020-12-12,"18","26  day ahead inc hosp",2021-01-07,"quantile",0.05,205.851334437544
"13344",2020-12-12,"18","26  day ahead inc hosp",2021-01-07,"quantile",0.1,229.554012502316
"13345",2020-12-12,"18","26  day ahead inc hosp",2021-01-07,"quantile",0.15,245.546096863902
"13346",2020-12-12,"18","26  day ahead inc hosp",2021-01-07,"quantile",0.2,258.256098555099
"13347",2020-12-12,"18","26  day ahead inc hosp",2021-01-07,"quantile",0.25,269.160148286136
"13348",2020-12-12,"18","26  day ahead inc hosp",2021-01-07,"quantile",0.3,278.952321948432
"13349",2020-12-12,"18","26  day ahead inc hosp",2021-01-07,"quantile",0.35,288.026230172151
"13350",2020-12-12,"18","26  day ahead inc hosp",2021-01-07,"quantile",0.4,296.63648173704
"13351",2020-12-12,"18","26  day ahead inc hosp",2021-01-07,"quantile",0.45,304.9669997717
"13352",2020-12-12,"18","26  day ahead inc hosp",2021-01-07,"quantile",0.5,313.165440590222
"13353",2020-12-12,"18","26  day ahead inc hosp",2021-01-07,"quantile",0.55,321.363881408745
"13354",2020-12-12,"18","26  day ahead inc hosp",2021-01-07,"quantile",0.6,329.694399443405
"13355",2020-12-12,"18","26  day ahead inc hosp",2021-01-07,"quantile",0.65,338.304651008294
"13356",2020-12-12,"18","26  day ahead inc hosp",2021-01-07,"quantile",0.7,347.378559232013
"13357",2020-12-12,"18","26  day ahead inc hosp",2021-01-07,"quantile",0.75,357.170732894309
"13358",2020-12-12,"18","26  day ahead inc hosp",2021-01-07,"quantile",0.8,368.074782625346
"13359",2020-12-12,"18","26  day ahead inc hosp",2021-01-07,"quantile",0.85,380.784784316543
"13360",2020-12-12,"18","26  day ahead inc hosp",2021-01-07,"quantile",0.9,396.776868678129
"13361",2020-12-12,"18","26  day ahead inc hosp",2021-01-07,"quantile",0.95,420.479546742901
"13362",2020-12-12,"18","26  day ahead inc hosp",2021-01-07,"quantile",0.975,441.038085089406
"13363",2020-12-12,"18","26  day ahead inc hosp",2021-01-07,"quantile",0.99,464.941828842818
"13364",2020-12-12,"18","27  day ahead inc hosp",2021-01-08,"quantile",0.01,161.937056545507
"13365",2020-12-12,"18","27  day ahead inc hosp",2021-01-08,"quantile",0.025,186.16251539843
"13366",2020-12-12,"18","27  day ahead inc hosp",2021-01-08,"quantile",0.05,206.99774647885
"13367",2020-12-12,"18","27  day ahead inc hosp",2021-01-08,"quantile",0.1,231.019433545347
"13368",2020-12-12,"18","27  day ahead inc hosp",2021-01-08,"quantile",0.15,247.226751765898
"13369",2020-12-12,"18","27  day ahead inc hosp",2021-01-08,"quantile",0.2,260.107814505148
"13370",2020-12-12,"18","27  day ahead inc hosp",2021-01-08,"quantile",0.25,271.158619383851
"13371",2020-12-12,"18","27  day ahead inc hosp",2021-01-08,"quantile",0.3,281.082583704409
"13372",2020-12-12,"18","27  day ahead inc hosp",2021-01-08,"quantile",0.35,290.278615613742
"13373",2020-12-12,"18","27  day ahead inc hosp",2021-01-08,"quantile",0.4,299.004750613777
"13374",2020-12-12,"18","27  day ahead inc hosp",2021-01-08,"quantile",0.45,307.447387213049
"13375",2020-12-12,"18","27  day ahead inc hosp",2021-01-08,"quantile",0.5,315.756168998701
"13376",2020-12-12,"18","27  day ahead inc hosp",2021-01-08,"quantile",0.55,324.064950784353
"13377",2020-12-12,"18","27  day ahead inc hosp",2021-01-08,"quantile",0.6,332.507587383625
"13378",2020-12-12,"18","27  day ahead inc hosp",2021-01-08,"quantile",0.65,341.233722383661
"13379",2020-12-12,"18","27  day ahead inc hosp",2021-01-08,"quantile",0.7,350.429754292993
"13380",2020-12-12,"18","27  day ahead inc hosp",2021-01-08,"quantile",0.75,360.353718613551
"13381",2020-12-12,"18","27  day ahead inc hosp",2021-01-08,"quantile",0.8,371.404523492254
"13382",2020-12-12,"18","27  day ahead inc hosp",2021-01-08,"quantile",0.85,384.285586231505
"13383",2020-12-12,"18","27  day ahead inc hosp",2021-01-08,"quantile",0.9,400.492904452055
"13384",2020-12-12,"18","27  day ahead inc hosp",2021-01-08,"quantile",0.95,424.514591518553
"13385",2020-12-12,"18","27  day ahead inc hosp",2021-01-08,"quantile",0.975,445.349822598973
"13386",2020-12-12,"18","27  day ahead inc hosp",2021-01-08,"quantile",0.99,469.575281451895
"13387",2020-12-12,"18","28  day ahead inc hosp",2021-01-09,"quantile",0.01,162.511835943765
"13388",2020-12-12,"18","28  day ahead inc hosp",2021-01-09,"quantile",0.025,187.054792654575
"13389",2020-12-12,"18","28  day ahead inc hosp",2021-01-09,"quantile",0.05,208.163089408458
"13390",2020-12-12,"18","28  day ahead inc hosp",2021-01-09,"quantile",0.1,232.499603708271
"13391",2020-12-12,"18","28  day ahead inc hosp",2021-01-09,"quantile",0.15,248.919334368494
"13392",2020-12-12,"18","28  day ahead inc hosp",2021-01-09,"quantile",0.2,261.969215781185
"13393",2020-12-12,"18","28  day ahead inc hosp",2021-01-09,"quantile",0.25,273.164852049799
"13394",2020-12-12,"18","28  day ahead inc hosp",2021-01-09,"quantile",0.3,283.2188794347
"13395",2020-12-12,"18","28  day ahead inc hosp",2021-01-09,"quantile",0.35,292.535434156418
"13396",2020-12-12,"18","28  day ahead inc hosp",2021-01-09,"quantile",0.4,301.375933519456
"13397",2020-12-12,"18","28  day ahead inc hosp",2021-01-09,"quantile",0.45,309.929218963461
"13398",2020-12-12,"18","28  day ahead inc hosp",2021-01-09,"quantile",0.5,318.346895298216
"13399",2020-12-12,"18","28  day ahead inc hosp",2021-01-09,"quantile",0.55,326.76457163297
"13400",2020-12-12,"18","28  day ahead inc hosp",2021-01-09,"quantile",0.6,335.317857076975
"13401",2020-12-12,"18","28  day ahead inc hosp",2021-01-09,"quantile",0.65,344.158356440013
"13402",2020-12-12,"18","28  day ahead inc hosp",2021-01-09,"quantile",0.7,353.474911161731
"13403",2020-12-12,"18","28  day ahead inc hosp",2021-01-09,"quantile",0.75,363.528938546632
"13404",2020-12-12,"18","28  day ahead inc hosp",2021-01-09,"quantile",0.8,374.724574815247
"13405",2020-12-12,"18","28  day ahead inc hosp",2021-01-09,"quantile",0.85,387.774456227937
"13406",2020-12-12,"18","28  day ahead inc hosp",2021-01-09,"quantile",0.9,404.19418688816
"13407",2020-12-12,"18","28  day ahead inc hosp",2021-01-09,"quantile",0.95,428.530701187973
"13408",2020-12-12,"18","28  day ahead inc hosp",2021-01-09,"quantile",0.975,449.638997941856
"13409",2020-12-12,"18","28  day ahead inc hosp",2021-01-09,"quantile",0.99,474.181954652666
"13410",2020-12-12,"18","29  day ahead inc hosp",2021-01-10,"quantile",0.01,153.616146138573
"13411",2020-12-12,"18","29  day ahead inc hosp",2021-01-10,"quantile",0.025,178.472545261331
"13412",2020-12-12,"18","29  day ahead inc hosp",2021-01-10,"quantile",0.05,199.850419781438
"13413",2020-12-12,"18","29  day ahead inc hosp",2021-01-10,"quantile",0.1,224.497739980899
"13414",2020-12-12,"18","29  day ahead inc hosp",2021-01-10,"quantile",0.15,241.127169906061
"13415",2020-12-12,"18","29  day ahead inc hosp",2021-01-10,"quantile",0.2,254.343713646923
"13416",2020-12-12,"18","29  day ahead inc hosp",2021-01-10,"quantile",0.25,265.682331353213
"13417",2020-12-12,"18","29  day ahead inc hosp",2021-01-10,"quantile",0.3,275.864760488174
"13418",2020-12-12,"18","29  day ahead inc hosp",2021-01-10,"quantile",0.35,285.300298567009
"13419",2020-12-12,"18","29  day ahead inc hosp",2021-01-10,"quantile",0.4,294.253701500542
"13420",2020-12-12,"18","29  day ahead inc hosp",2021-01-10,"quantile",0.45,302.916222455624
"13421",2020-12-12,"18","29  day ahead inc hosp",2021-01-10,"quantile",0.5,311.441402413697
"13422",2020-12-12,"18","29  day ahead inc hosp",2021-01-10,"quantile",0.55,319.966582371771
"13423",2020-12-12,"18","29  day ahead inc hosp",2021-01-10,"quantile",0.6,328.629103326852
"13424",2020-12-12,"18","29  day ahead inc hosp",2021-01-10,"quantile",0.65,337.582506260386
"13425",2020-12-12,"18","29  day ahead inc hosp",2021-01-10,"quantile",0.7,347.018044339221
"13426",2020-12-12,"18","29  day ahead inc hosp",2021-01-10,"quantile",0.75,357.200473474182
"13427",2020-12-12,"18","29  day ahead inc hosp",2021-01-10,"quantile",0.8,368.539091180472
"13428",2020-12-12,"18","29  day ahead inc hosp",2021-01-10,"quantile",0.85,381.755634921334
"13429",2020-12-12,"18","29  day ahead inc hosp",2021-01-10,"quantile",0.9,398.385064846495
"13430",2020-12-12,"18","29  day ahead inc hosp",2021-01-10,"quantile",0.95,423.032385045956
"13431",2020-12-12,"18","29  day ahead inc hosp",2021-01-10,"quantile",0.975,444.410259566064
"13432",2020-12-12,"18","29  day ahead inc hosp",2021-01-10,"quantile",0.99,469.266658688822
"13433",2020-12-12,"18","30  day ahead inc hosp",2021-01-11,"quantile",0.01,154.241460602976
"13434",2020-12-12,"18","30  day ahead inc hosp",2021-01-11,"quantile",0.025,179.407398337441
"13435",2020-12-12,"18","30  day ahead inc hosp",2021-01-11,"quantile",0.05,201.051493140201
"13436",2020-12-12,"18","30  day ahead inc hosp",2021-01-11,"quantile",0.1,226.005748275778
"13437",2020-12-12,"18","30  day ahead inc hosp",2021-01-11,"quantile",0.15,242.84226574516
"13438",2020-12-12,"18","30  day ahead inc hosp",2021-01-11,"quantile",0.2,256.223396101359
"13439",2020-12-12,"18","30  day ahead inc hosp",2021-01-11,"quantile",0.25,267.70321446854
"13440",2020-12-12,"18","30  day ahead inc hosp",2021-01-11,"quantile",0.3,278.012446160969
"13441",2020-12-12,"18","30  day ahead inc hosp",2021-01-11,"quantile",0.35,287.565485706658
"13442",2020-12-12,"18","30  day ahead inc hosp",2021-01-11,"quantile",0.4,296.630386041742
"13443",2020-12-12,"18","30  day ahead inc hosp",2021-01-11,"quantile",0.45,305.400782023173
"13444",2020-12-12,"18","30  day ahead inc hosp",2021-01-11,"quantile",0.5,314.032126689808
"13445",2020-12-12,"18","30  day ahead inc hosp",2021-01-11,"quantile",0.55,322.663471356443
"13446",2020-12-12,"18","30  day ahead inc hosp",2021-01-11,"quantile",0.6,331.433867337874
"13447",2020-12-12,"18","30  day ahead inc hosp",2021-01-11,"quantile",0.65,340.498767672958
"13448",2020-12-12,"18","30  day ahead inc hosp",2021-01-11,"quantile",0.7,350.051807218647
"13449",2020-12-12,"18","30  day ahead inc hosp",2021-01-11,"quantile",0.75,360.361038911076
"13450",2020-12-12,"18","30  day ahead inc hosp",2021-01-11,"quantile",0.8,371.840857278256
"13451",2020-12-12,"18","30  day ahead inc hosp",2021-01-11,"quantile",0.85,385.221987634456
"13452",2020-12-12,"18","30  day ahead inc hosp",2021-01-11,"quantile",0.9,402.058505103838
"13453",2020-12-12,"18","30  day ahead inc hosp",2021-01-11,"quantile",0.95,427.012760239415
"13454",2020-12-12,"18","30  day ahead inc hosp",2021-01-11,"quantile",0.975,448.656855042175
"13455",2020-12-12,"18","30  day ahead inc hosp",2021-01-11,"quantile",0.99,473.82279277664
"13456",2020-12-12,"18","31  day ahead inc hosp",2021-01-12,"quantile",0.01,154.890657635702
"13457",2020-12-12,"18","31  day ahead inc hosp",2021-01-12,"quantile",0.025,180.362372568949
"13458",2020-12-12,"18","31  day ahead inc hosp",2021-01-12,"quantile",0.05,202.269452631738
"13459",2020-12-12,"18","31  day ahead inc hosp",2021-01-12,"quantile",0.1,227.52691292953
"13460",2020-12-12,"18","31  day ahead inc hosp",2021-01-12,"quantile",0.15,244.568001482388
"13461",2020-12-12,"18","31  day ahead inc hosp",2021-01-12,"quantile",0.2,258.1117184507
"13462",2020-12-12,"18","31  day ahead inc hosp",2021-01-12,"quantile",0.25,269.731021654085
"13463",2020-12-12,"18","31  day ahead inc hosp",2021-01-12,"quantile",0.3,280.165515040388
"13464",2020-12-12,"18","31  day ahead inc hosp",2021-01-12,"quantile",0.35,289.834628213173
"13465",2020-12-12,"18","31  day ahead inc hosp",2021-01-12,"quantile",0.4,299.009671069508
"13466",2020-12-12,"18","31  day ahead inc hosp",2021-01-12,"quantile",0.45,307.886631214918
"13467",2020-12-12,"18","31  day ahead inc hosp",2021-01-12,"quantile",0.5,316.622850510972
"13468",2020-12-12,"18","31  day ahead inc hosp",2021-01-12,"quantile",0.55,325.359069807027
"13469",2020-12-12,"18","31  day ahead inc hosp",2021-01-12,"quantile",0.6,334.236029952436
"13470",2020-12-12,"18","31  day ahead inc hosp",2021-01-12,"quantile",0.65,343.411072808771
"13471",2020-12-12,"18","31  day ahead inc hosp",2021-01-12,"quantile",0.7,353.080185981556
"13472",2020-12-12,"18","31  day ahead inc hosp",2021-01-12,"quantile",0.75,363.514679367859
"13473",2020-12-12,"18","31  day ahead inc hosp",2021-01-12,"quantile",0.8,375.133982571245
"13474",2020-12-12,"18","31  day ahead inc hosp",2021-01-12,"quantile",0.85,388.677699539556
"13475",2020-12-12,"18","31  day ahead inc hosp",2021-01-12,"quantile",0.9,405.718788092415
"13476",2020-12-12,"18","31  day ahead inc hosp",2021-01-12,"quantile",0.95,430.976248390207
"13477",2020-12-12,"18","31  day ahead inc hosp",2021-01-12,"quantile",0.975,452.883328452996
"13478",2020-12-12,"18","31  day ahead inc hosp",2021-01-12,"quantile",0.99,478.355043386243
"13479",2020-12-12,"18","32  day ahead inc hosp",2021-01-13,"quantile",0.01,155.5628871306
"13480",2020-12-12,"18","32  day ahead inc hosp",2021-01-13,"quantile",0.025,181.336751764293
"13481",2020-12-12,"18","32  day ahead inc hosp",2021-01-13,"quantile",0.05,203.50369723842
"13482",2020-12-12,"18","32  day ahead inc hosp",2021-01-13,"quantile",0.1,229.060765712694
"13483",2020-12-12,"18","32  day ahead inc hosp",2021-01-13,"quantile",0.15,246.303998479831
"13484",2020-12-12,"18","32  day ahead inc hosp",2021-01-13,"quantile",0.2,260.00837326155
"13485",2020-12-12,"18","32  day ahead inc hosp",2021-01-13,"quantile",0.25,271.765506563596
"13486",2020-12-12,"18","32  day ahead inc hosp",2021-01-13,"quantile",0.3,282.323775638313
"13487",2020-12-12,"18","32  day ahead inc hosp",2021-01-13,"quantile",0.35,292.10758543268
"13488",2020-12-12,"18","32  day ahead inc hosp",2021-01-13,"quantile",0.4,301.391464166689
"13489",2020-12-12,"18","32  day ahead inc hosp",2021-01-13,"quantile",0.45,310.373724283296
"13490",2020-12-12,"18","32  day ahead inc hosp",2021-01-13,"quantile",0.5,319.213574059286
"13491",2020-12-12,"18","32  day ahead inc hosp",2021-01-13,"quantile",0.55,328.053423835277
"13492",2020-12-12,"18","32  day ahead inc hosp",2021-01-13,"quantile",0.6,337.035683951884
"13493",2020-12-12,"18","32  day ahead inc hosp",2021-01-13,"quantile",0.65,346.319562685893
"13494",2020-12-12,"18","32  day ahead inc hosp",2021-01-13,"quantile",0.7,356.10337248026
"13495",2020-12-12,"18","32  day ahead inc hosp",2021-01-13,"quantile",0.75,366.661641554977
"13496",2020-12-12,"18","32  day ahead inc hosp",2021-01-13,"quantile",0.8,378.418774857023
"13497",2020-12-12,"18","32  day ahead inc hosp",2021-01-13,"quantile",0.85,392.123149638742
"13498",2020-12-12,"18","32  day ahead inc hosp",2021-01-13,"quantile",0.9,409.366382405879
"13499",2020-12-12,"18","32  day ahead inc hosp",2021-01-13,"quantile",0.95,434.923450880153
"13500",2020-12-12,"18","32  day ahead inc hosp",2021-01-13,"quantile",0.975,457.09039635428
"13501",2020-12-12,"18","32  day ahead inc hosp",2021-01-13,"quantile",0.99,482.864260987973
"13502",2020-12-12,"18","33  day ahead inc hosp",2021-01-14,"quantile",0.01,156.257348278535
"13503",2020-12-12,"18","33  day ahead inc hosp",2021-01-14,"quantile",0.025,182.329861253502
"13504",2020-12-12,"18","33  day ahead inc hosp",2021-01-14,"quantile",0.05,204.753660776918
"13505",2020-12-12,"18","33  day ahead inc hosp",2021-01-14,"quantile",0.1,230.606865520089
"13506",2020-12-12,"18","33  day ahead inc hosp",2021-01-14,"quantile",0.15,248.049900021941
"13507",2020-12-12,"18","33  day ahead inc hosp",2021-01-14,"quantile",0.2,261.913070888567
"13508",2020-12-12,"18","33  day ahead inc hosp",2021-01-14,"quantile",0.25,273.806437091992
"13509",2020-12-12,"18","33  day ahead inc hosp",2021-01-14,"quantile",0.3,284.487047522603
"13510",2020-12-12,"18","33  day ahead inc hosp",2021-01-14,"quantile",0.35,294.384224815713
"13511",2020-12-12,"18","33  day ahead inc hosp",2021-01-14,"quantile",0.4,303.775678219795
"13512",2020-12-12,"18","33  day ahead inc hosp",2021-01-14,"quantile",0.45,312.86201807465
"13513",2020-12-12,"18","33  day ahead inc hosp",2021-01-14,"quantile",0.5,321.804297443961
"13514",2020-12-12,"18","33  day ahead inc hosp",2021-01-14,"quantile",0.55,330.746576813272
"13515",2020-12-12,"18","33  day ahead inc hosp",2021-01-14,"quantile",0.6,339.832916668127
"13516",2020-12-12,"18","33  day ahead inc hosp",2021-01-14,"quantile",0.65,349.22437007221
"13517",2020-12-12,"18","33  day ahead inc hosp",2021-01-14,"quantile",0.7,359.121547365319
"13518",2020-12-12,"18","33  day ahead inc hosp",2021-01-14,"quantile",0.75,369.80215779593
"13519",2020-12-12,"18","33  day ahead inc hosp",2021-01-14,"quantile",0.8,381.695523999355
"13520",2020-12-12,"18","33  day ahead inc hosp",2021-01-14,"quantile",0.85,395.558694865981
"13521",2020-12-12,"18","33  day ahead inc hosp",2021-01-14,"quantile",0.9,413.001729367834
"13522",2020-12-12,"18","33  day ahead inc hosp",2021-01-14,"quantile",0.95,438.854934111005
"13523",2020-12-12,"18","33  day ahead inc hosp",2021-01-14,"quantile",0.975,461.278733634421
"13524",2020-12-12,"18","33  day ahead inc hosp",2021-01-14,"quantile",0.99,487.351246609388
"13525",2020-12-12,"18","34  day ahead inc hosp",2021-01-15,"quantile",0.01,156.973285644496
"13526",2020-12-12,"18","34  day ahead inc hosp",2021-01-15,"quantile",0.025,183.341064587733
"13527",2020-12-12,"18","34  day ahead inc hosp",2021-01-15,"quantile",0.05,206.018809133055
"13528",2020-12-12,"18","34  day ahead inc hosp",2021-01-15,"quantile",0.1,232.164796222856
"13529",2020-12-12,"18","34  day ahead inc hosp",2021-01-15,"quantile",0.15,249.805369583993
"13530",2020-12-12,"18","34  day ahead inc hosp",2021-01-15,"quantile",0.2,263.825538073869
"13531",2020-12-12,"18","34  day ahead inc hosp",2021-01-15,"quantile",0.25,275.853594258709
"13532",2020-12-12,"18","34  day ahead inc hosp",2021-01-15,"quantile",0.3,286.655160455399
"13533",2020-12-12,"18","34  day ahead inc hosp",2021-01-15,"quantile",0.35,296.664421291794
"13534",2020-12-12,"18","34  day ahead inc hosp",2021-01-15,"quantile",0.4,306.162231017781
"13535",2020-12-12,"18","34  day ahead inc hosp",2021-01-15,"quantile",0.45,315.35147184493
"13536",2020-12-12,"18","34  day ahead inc hosp",2021-01-15,"quantile",0.5,324.395020730495
"13537",2020-12-12,"18","34  day ahead inc hosp",2021-01-15,"quantile",0.55,333.438569616061
"13538",2020-12-12,"18","34  day ahead inc hosp",2021-01-15,"quantile",0.6,342.62781044321
"13539",2020-12-12,"18","34  day ahead inc hosp",2021-01-15,"quantile",0.65,352.125620169197
"13540",2020-12-12,"18","34  day ahead inc hosp",2021-01-15,"quantile",0.7,362.134881005591
"13541",2020-12-12,"18","34  day ahead inc hosp",2021-01-15,"quantile",0.75,372.936447202282
"13542",2020-12-12,"18","34  day ahead inc hosp",2021-01-15,"quantile",0.8,384.964503387122
"13543",2020-12-12,"18","34  day ahead inc hosp",2021-01-15,"quantile",0.85,398.984671876997
"13544",2020-12-12,"18","34  day ahead inc hosp",2021-01-15,"quantile",0.9,416.625245238134
"13545",2020-12-12,"18","34  day ahead inc hosp",2021-01-15,"quantile",0.95,442.771232327936
"13546",2020-12-12,"18","34  day ahead inc hosp",2021-01-15,"quantile",0.975,465.448976873257
"13547",2020-12-12,"18","34  day ahead inc hosp",2021-01-15,"quantile",0.99,491.816755816495
"13548",2020-12-12,"18","35  day ahead inc hosp",2021-01-16,"quantile",0.01,157.709985641362
"13549",2020-12-12,"18","35  day ahead inc hosp",2021-01-16,"quantile",0.025,184.369760571145
"13550",2020-12-12,"18","35  day ahead inc hosp",2021-01-16,"quantile",0.05,207.298637773691
"13551",2020-12-12,"18","35  day ahead inc hosp",2021-01-16,"quantile",0.1,233.734164733761
"13552",2020-12-12,"18","35  day ahead inc hosp",2021-01-16,"quantile",0.15,251.570089270774
"13553",2020-12-12,"18","35  day ahead inc hosp",2021-01-16,"quantile",0.2,265.745516682479
"13554",2020-12-12,"18","35  day ahead inc hosp",2021-01-16,"quantile",0.25,277.906771197731
"13555",2020-12-12,"18","35  day ahead inc hosp",2021-01-16,"quantile",0.3,288.827953611799
"13556",2020-12-12,"18","35  day ahead inc hosp",2021-01-16,"quantile",0.35,298.948056699973
"13557",2020-12-12,"18","35  day ahead inc hosp",2021-01-16,"quantile",0.4,308.551044883612
"13558",2020-12-12,"18","35  day ahead inc hosp",2021-01-16,"quantile",0.45,317.84204708576
"13559",2020-12-12,"18","35  day ahead inc hosp",2021-01-16,"quantile",0.5,326.98574395817
"13560",2020-12-12,"18","35  day ahead inc hosp",2021-01-16,"quantile",0.55,336.129440830579
"13561",2020-12-12,"18","35  day ahead inc hosp",2021-01-16,"quantile",0.6,345.420443032727
"13562",2020-12-12,"18","35  day ahead inc hosp",2021-01-16,"quantile",0.65,355.023431216366
"13563",2020-12-12,"18","35  day ahead inc hosp",2021-01-16,"quantile",0.7,365.143534304541
"13564",2020-12-12,"18","35  day ahead inc hosp",2021-01-16,"quantile",0.75,376.064716718609
"13565",2020-12-12,"18","35  day ahead inc hosp",2021-01-16,"quantile",0.8,388.225971233861
"13566",2020-12-12,"18","35  day ahead inc hosp",2021-01-16,"quantile",0.85,402.401398645565
"13567",2020-12-12,"18","35  day ahead inc hosp",2021-01-16,"quantile",0.9,420.237323182578
"13568",2020-12-12,"18","35  day ahead inc hosp",2021-01-16,"quantile",0.95,446.672850142648
"13569",2020-12-12,"18","35  day ahead inc hosp",2021-01-16,"quantile",0.975,469.601727345194
"13570",2020-12-12,"18","35  day ahead inc hosp",2021-01-16,"quantile",0.99,496.261502274977
"13571",2020-12-12,"18","36  day ahead inc hosp",2021-01-17,"quantile",0.01,158.17305140756
"13572",2020-12-12,"18","36  day ahead inc hosp",2021-01-17,"quantile",0.025,185.121658640897
"13573",2020-12-12,"18","36  day ahead inc hosp",2021-01-17,"quantile",0.05,208.298947558763
"13574",2020-12-12,"18","36  day ahead inc hosp",2021-01-17,"quantile",0.1,235.020877317343
"13575",2020-12-12,"18","36  day ahead inc hosp",2021-01-17,"quantile",0.15,253.050036462812
"13576",2020-12-12,"18","36  day ahead inc hosp",2021-01-17,"quantile",0.2,267.379040615654
"13577",2020-12-12,"18","36  day ahead inc hosp",2021-01-17,"quantile",0.25,279.67205030007
"13578",2020-12-12,"18","36  day ahead inc hosp",2021-01-17,"quantile",0.3,290.711552928113
"13579",2020-12-12,"18","36  day ahead inc hosp",2021-01-17,"quantile",0.35,300.941297327771
"13580",2020-12-12,"18","36  day ahead inc hosp",2021-01-17,"quantile",0.4,310.648324394161
"13581",2020-12-12,"18","36  day ahead inc hosp",2021-01-17,"quantile",0.45,320.039985419403
"13582",2020-12-12,"18","36  day ahead inc hosp",2021-01-17,"quantile",0.5,329.282745207295
"13583",2020-12-12,"18","36  day ahead inc hosp",2021-01-17,"quantile",0.55,338.525504995188
"13584",2020-12-12,"18","36  day ahead inc hosp",2021-01-17,"quantile",0.6,347.917166020429
"13585",2020-12-12,"18","36  day ahead inc hosp",2021-01-17,"quantile",0.65,357.624193086819
"13586",2020-12-12,"18","36  day ahead inc hosp",2021-01-17,"quantile",0.7,367.853937486478
"13587",2020-12-12,"18","36  day ahead inc hosp",2021-01-17,"quantile",0.75,378.89344011452
"13588",2020-12-12,"18","36  day ahead inc hosp",2021-01-17,"quantile",0.8,391.186449798936
"13589",2020-12-12,"18","36  day ahead inc hosp",2021-01-17,"quantile",0.85,405.515453951779
"13590",2020-12-12,"18","36  day ahead inc hosp",2021-01-17,"quantile",0.9,423.544613097247
"13591",2020-12-12,"18","36  day ahead inc hosp",2021-01-17,"quantile",0.95,450.266542855827
"13592",2020-12-12,"18","36  day ahead inc hosp",2021-01-17,"quantile",0.975,473.443831773693
"13593",2020-12-12,"18","36  day ahead inc hosp",2021-01-17,"quantile",0.99,500.39243900703
"13594",2020-12-12,"18","37  day ahead inc hosp",2021-01-18,"quantile",0.01,158.949287706322
"13595",2020-12-12,"18","37  day ahead inc hosp",2021-01-18,"quantile",0.025,186.183664219994
"13596",2020-12-12,"18","37  day ahead inc hosp",2021-01-18,"quantile",0.05,209.60673048423
"13597",2020-12-12,"18","37  day ahead inc hosp",2021-01-18,"quantile",0.1,236.612025782637
"13598",2020-12-12,"18","37  day ahead inc hosp",2021-01-18,"quantile",0.15,254.832370312546
"13599",2020-12-12,"18","37  day ahead inc hosp",2021-01-18,"quantile",0.2,269.313322548242
"13600",2020-12-12,"18","37  day ahead inc hosp",2021-01-18,"quantile",0.25,281.736690158032
"13601",2020-12-12,"18","37  day ahead inc hosp",2021-01-18,"quantile",0.3,292.893258231942
"13602",2020-12-12,"18","37  day ahead inc hosp",2021-01-18,"quantile",0.35,303.231481213435
"13603",2020-12-12,"18","37  day ahead inc hosp",2021-01-18,"quantile",0.4,313.041443845843
"13604",2020-12-12,"18","37  day ahead inc hosp",2021-01-18,"quantile",0.45,322.53269622247
"13605",2020-12-12,"18","37  day ahead inc hosp",2021-01-18,"quantile",0.5,331.873468378498
"13606",2020-12-12,"18","37  day ahead inc hosp",2021-01-18,"quantile",0.55,341.214240534526
"13607",2020-12-12,"18","37  day ahead inc hosp",2021-01-18,"quantile",0.6,350.705492911154
"13608",2020-12-12,"18","37  day ahead inc hosp",2021-01-18,"quantile",0.65,360.515455543561
"13609",2020-12-12,"18","37  day ahead inc hosp",2021-01-18,"quantile",0.7,370.853678525055
"13610",2020-12-12,"18","37  day ahead inc hosp",2021-01-18,"quantile",0.75,382.010246598964
"13611",2020-12-12,"18","37  day ahead inc hosp",2021-01-18,"quantile",0.8,394.433614208755
"13612",2020-12-12,"18","37  day ahead inc hosp",2021-01-18,"quantile",0.85,408.914566444451
"13613",2020-12-12,"18","37  day ahead inc hosp",2021-01-18,"quantile",0.9,427.13491097436
"13614",2020-12-12,"18","37  day ahead inc hosp",2021-01-18,"quantile",0.95,454.140206272767
"13615",2020-12-12,"18","37  day ahead inc hosp",2021-01-18,"quantile",0.975,477.563272537003
"13616",2020-12-12,"18","37  day ahead inc hosp",2021-01-18,"quantile",0.99,504.797649050675
"13617",2020-12-12,"19","1  day ahead inc hosp",2020-12-13,"quantile",0.01,52.8732208490347
"13618",2020-12-12,"19","1  day ahead inc hosp",2020-12-13,"quantile",0.025,59.5004205084623
"13619",2020-12-12,"19","1  day ahead inc hosp",2020-12-13,"quantile",0.05,65.2001778240434
"13620",2020-12-12,"19","1  day ahead inc hosp",2020-12-13,"quantile",0.1,71.7716329742836
"13621",2020-12-12,"19","1  day ahead inc hosp",2020-12-13,"quantile",0.15,76.2053625660974
"13622",2020-12-12,"19","1  day ahead inc hosp",2020-12-13,"quantile",0.2,79.7291502935826
"13623",2020-12-12,"19","1  day ahead inc hosp",2020-12-13,"quantile",0.25,82.7522463997563
"13624",2020-12-12,"19","1  day ahead inc hosp",2020-12-13,"quantile",0.3,85.4670801358132
"13625",2020-12-12,"19","1  day ahead inc hosp",2020-12-13,"quantile",0.35,87.9827781833763
"13626",2020-12-12,"19","1  day ahead inc hosp",2020-12-13,"quantile",0.4,90.3699296198651
"13627",2020-12-12,"19","1  day ahead inc hosp",2020-12-13,"quantile",0.45,92.6795262609466
"13628",2020-12-12,"19","1  day ahead inc hosp",2020-12-13,"quantile",0.5,94.9525051198584
"13629",2020-12-12,"19","1  day ahead inc hosp",2020-12-13,"quantile",0.55,97.2254839787702
"13630",2020-12-12,"19","1  day ahead inc hosp",2020-12-13,"quantile",0.6,99.5350806198517
"13631",2020-12-12,"19","1  day ahead inc hosp",2020-12-13,"quantile",0.65,101.922232056341
"13632",2020-12-12,"19","1  day ahead inc hosp",2020-12-13,"quantile",0.7,104.437930103904
"13633",2020-12-12,"19","1  day ahead inc hosp",2020-12-13,"quantile",0.75,107.152763839961
"13634",2020-12-12,"19","1  day ahead inc hosp",2020-12-13,"quantile",0.8,110.175859946134
"13635",2020-12-12,"19","1  day ahead inc hosp",2020-12-13,"quantile",0.85,113.699647673619
"13636",2020-12-12,"19","1  day ahead inc hosp",2020-12-13,"quantile",0.9,118.133377265433
"13637",2020-12-12,"19","1  day ahead inc hosp",2020-12-13,"quantile",0.95,124.704832415673
"13638",2020-12-12,"19","1  day ahead inc hosp",2020-12-13,"quantile",0.975,130.404589731255
"13639",2020-12-12,"19","1  day ahead inc hosp",2020-12-13,"quantile",0.99,137.031789390682
"13640",2020-12-12,"19","2  day ahead inc hosp",2020-12-14,"quantile",0.01,46.6495141891288
"13641",2020-12-12,"19","2  day ahead inc hosp",2020-12-14,"quantile",0.025,54.2569051082615
"13642",2020-12-12,"19","2  day ahead inc hosp",2020-12-14,"quantile",0.05,60.7996809822506
"13643",2020-12-12,"19","2  day ahead inc hosp",2020-12-14,"quantile",0.1,68.3430825401482
"13644",2020-12-12,"19","2  day ahead inc hosp",2020-12-14,"quantile",0.15,73.4325797588825
"13645",2020-12-12,"19","2  day ahead inc hosp",2020-12-14,"quantile",0.2,77.4775508079874
"13646",2020-12-12,"19","2  day ahead inc hosp",2020-12-14,"quantile",0.25,80.9477757970678
"13647",2020-12-12,"19","2  day ahead inc hosp",2020-12-14,"quantile",0.3,84.0641450890741
"13648",2020-12-12,"19","2  day ahead inc hosp",2020-12-14,"quantile",0.35,86.9519256699844
"13649",2020-12-12,"19","2  day ahead inc hosp",2020-12-14,"quantile",0.4,89.6921470445896
"13650",2020-12-12,"19","2  day ahead inc hosp",2020-12-14,"quantile",0.45,92.3433429368438
"13651",2020-12-12,"19","2  day ahead inc hosp",2020-12-14,"quantile",0.5,94.9525051198584
"13652",2020-12-12,"19","2  day ahead inc hosp",2020-12-14,"quantile",0.55,97.5616673028731
"13653",2020-12-12,"19","2  day ahead inc hosp",2020-12-14,"quantile",0.6,100.212863195127
"13654",2020-12-12,"19","2  day ahead inc hosp",2020-12-14,"quantile",0.65,102.953084569732
"13655",2020-12-12,"19","2  day ahead inc hosp",2020-12-14,"quantile",0.7,105.840865150643
"13656",2020-12-12,"19","2  day ahead inc hosp",2020-12-14,"quantile",0.75,108.957234442649
"13657",2020-12-12,"19","2  day ahead inc hosp",2020-12-14,"quantile",0.8,112.427459431729
"13658",2020-12-12,"19","2  day ahead inc hosp",2020-12-14,"quantile",0.85,116.472430480834
"13659",2020-12-12,"19","2  day ahead inc hosp",2020-12-14,"quantile",0.9,121.561927699569
"13660",2020-12-12,"19","2  day ahead inc hosp",2020-12-14,"quantile",0.95,129.105329257466
"13661",2020-12-12,"19","2  day ahead inc hosp",2020-12-14,"quantile",0.975,135.648105131455
"13662",2020-12-12,"19","2  day ahead inc hosp",2020-12-14,"quantile",0.99,143.255496050588
"13663",2020-12-12,"19","3  day ahead inc hosp",2020-12-15,"quantile",0.01,41.1408734686671
"13664",2020-12-12,"19","3  day ahead inc hosp",2020-12-15,"quantile",0.025,49.6158376495405
"13665",2020-12-12,"19","3  day ahead inc hosp",2020-12-15,"quantile",0.05,56.9047743907935
"13666",2020-12-12,"19","3  day ahead inc hosp",2020-12-15,"quantile",0.1,65.3084516416025
"13667",2020-12-12,"19","3  day ahead inc hosp",2020-12-15,"quantile",0.15,70.9783727861762
"13668",2020-12-12,"19","3  day ahead inc hosp",2020-12-15,"quantile",0.2,75.4846463717253
"13669",2020-12-12,"19","3  day ahead inc hosp",2020-12-15,"quantile",0.25,79.3506278619181
"13670",2020-12-12,"19","3  day ahead inc hosp",2020-12-15,"quantile",0.3,82.8223987232922
"13671",2020-12-12,"19","3  day ahead inc hosp",2020-12-15,"quantile",0.35,86.0395118236437
"13672",2020-12-12,"19","3  day ahead inc hosp",2020-12-15,"quantile",0.4,89.0922375537013
"13673",2020-12-12,"19","3  day ahead inc hosp",2020-12-15,"quantile",0.45,92.0457850264391
"13674",2020-12-12,"19","3  day ahead inc hosp",2020-12-15,"quantile",0.5,94.9525051198584
"13675",2020-12-12,"19","3  day ahead inc hosp",2020-12-15,"quantile",0.55,97.8592252132777
"13676",2020-12-12,"19","3  day ahead inc hosp",2020-12-15,"quantile",0.6,100.812772686016
"13677",2020-12-12,"19","3  day ahead inc hosp",2020-12-15,"quantile",0.65,103.865498416073
"13678",2020-12-12,"19","3  day ahead inc hosp",2020-12-15,"quantile",0.7,107.082611516425
"13679",2020-12-12,"19","3  day ahead inc hosp",2020-12-15,"quantile",0.75,110.554382377799
"13680",2020-12-12,"19","3  day ahead inc hosp",2020-12-15,"quantile",0.8,114.420363867992
"13681",2020-12-12,"19","3  day ahead inc hosp",2020-12-15,"quantile",0.85,118.926637453541
"13682",2020-12-12,"19","3  day ahead inc hosp",2020-12-15,"quantile",0.9,124.596558598114
"13683",2020-12-12,"19","3  day ahead inc hosp",2020-12-15,"quantile",0.95,133.000235848923
"13684",2020-12-12,"19","3  day ahead inc hosp",2020-12-15,"quantile",0.975,140.289172590176
"13685",2020-12-12,"19","3  day ahead inc hosp",2020-12-15,"quantile",0.99,148.76413677105
"13686",2020-12-12,"19","4  day ahead inc hosp",2020-12-16,"quantile",0.01,36.1460048917982
"13687",2020-12-12,"19","4  day ahead inc hosp",2020-12-16,"quantile",0.025,45.4076267334452
"13688",2020-12-12,"19","4  day ahead inc hosp",2020-12-16,"quantile",0.05,53.373132461189
"13689",2020-12-12,"19","4  day ahead inc hosp",2020-12-16,"quantile",0.1,62.5568504233131
"13690",2020-12-12,"19","4  day ahead inc hosp",2020-12-16,"quantile",0.15,68.7530613325593
"13691",2020-12-12,"19","4  day ahead inc hosp",2020-12-16,"quantile",0.2,73.6776133393452
"13692",2020-12-12,"19","4  day ahead inc hosp",2020-12-16,"quantile",0.25,77.9024404707423
"13693",2020-12-12,"19","4  day ahead inc hosp",2020-12-16,"quantile",0.3,81.6964658085087
"13694",2020-12-12,"19","4  day ahead inc hosp",2020-12-16,"quantile",0.35,85.2121957067551
"13695",2020-12-12,"19","4  day ahead inc hosp",2020-12-16,"quantile",0.4,88.5482795762146
"13696",2020-12-12,"19","4  day ahead inc hosp",2020-12-16,"quantile",0.45,91.7759793281008
"13697",2020-12-12,"19","4  day ahead inc hosp",2020-12-16,"quantile",0.5,94.9525051198584
"13698",2020-12-12,"19","4  day ahead inc hosp",2020-12-16,"quantile",0.55,98.1290309116161
"13699",2020-12-12,"19","4  day ahead inc hosp",2020-12-16,"quantile",0.6,101.356730663502
"13700",2020-12-12,"19","4  day ahead inc hosp",2020-12-16,"quantile",0.65,104.692814532962
"13701",2020-12-12,"19","4  day ahead inc hosp",2020-12-16,"quantile",0.7,108.208544431208
"13702",2020-12-12,"19","4  day ahead inc hosp",2020-12-16,"quantile",0.75,112.002569768975
"13703",2020-12-12,"19","4  day ahead inc hosp",2020-12-16,"quantile",0.8,116.227396900372
"13704",2020-12-12,"19","4  day ahead inc hosp",2020-12-16,"quantile",0.85,121.151948907158
"13705",2020-12-12,"19","4  day ahead inc hosp",2020-12-16,"quantile",0.9,127.348159816404
"13706",2020-12-12,"19","4  day ahead inc hosp",2020-12-16,"quantile",0.95,136.531877778528
"13707",2020-12-12,"19","4  day ahead inc hosp",2020-12-16,"quantile",0.975,144.497383506272
"13708",2020-12-12,"19","4  day ahead inc hosp",2020-12-16,"quantile",0.99,153.759005347919
"13709",2020-12-12,"19","5  day ahead inc hosp",2020-12-17,"quantile",0.01,31.543379300445
"13710",2020-12-12,"19","5  day ahead inc hosp",2020-12-17,"quantile",0.025,41.5298832136399
"13711",2020-12-12,"19","5  day ahead inc hosp",2020-12-17,"quantile",0.05,50.1188275131132
"13712",2020-12-12,"19","5  day ahead inc hosp",2020-12-17,"quantile",0.1,60.0213302210104
"13713",2020-12-12,"19","5  day ahead inc hosp",2020-12-17,"quantile",0.15,66.7025017857917
"13714",2020-12-12,"19","5  day ahead inc hosp",2020-12-17,"quantile",0.2,72.0124851480311
"13715",2020-12-12,"19","5  day ahead inc hosp",2020-12-17,"quantile",0.25,76.5679780629488
"13716",2020-12-12,"19","5  day ahead inc hosp",2020-12-17,"quantile",0.3,80.6589514939723
"13717",2020-12-12,"19","5  day ahead inc hosp",2020-12-17,"quantile",0.35,84.4498480547339
"13718",2020-12-12,"19","5  day ahead inc hosp",2020-12-17,"quantile",0.4,88.0470381783137
"13719",2020-12-12,"19","5  day ahead inc hosp",2020-12-17,"quantile",0.45,91.5273612528194
"13720",2020-12-12,"19","5  day ahead inc hosp",2020-12-17,"quantile",0.5,94.9525051198584
"13721",2020-12-12,"19","5  day ahead inc hosp",2020-12-17,"quantile",0.55,98.3776489868975
"13722",2020-12-12,"19","5  day ahead inc hosp",2020-12-17,"quantile",0.6,101.857972061403
"13723",2020-12-12,"19","5  day ahead inc hosp",2020-12-17,"quantile",0.65,105.455162184983
"13724",2020-12-12,"19","5  day ahead inc hosp",2020-12-17,"quantile",0.7,109.246058745745
"13725",2020-12-12,"19","5  day ahead inc hosp",2020-12-17,"quantile",0.75,113.337032176768
"13726",2020-12-12,"19","5  day ahead inc hosp",2020-12-17,"quantile",0.8,117.892525091686
"13727",2020-12-12,"19","5  day ahead inc hosp",2020-12-17,"quantile",0.85,123.202508453925
"13728",2020-12-12,"19","5  day ahead inc hosp",2020-12-17,"quantile",0.9,129.883680018706
"13729",2020-12-12,"19","5  day ahead inc hosp",2020-12-17,"quantile",0.95,139.786182726604
"13730",2020-12-12,"19","5  day ahead inc hosp",2020-12-17,"quantile",0.975,148.375127026077
"13731",2020-12-12,"19","5  day ahead inc hosp",2020-12-17,"quantile",0.99,158.361630939272
"13732",2020-12-12,"19","6  day ahead inc hosp",2020-12-18,"quantile",0.01,27.2529482136899
"13733",2020-12-12,"19","6  day ahead inc hosp",2020-12-18,"quantile",0.025,37.9151656978178
"13734",2020-12-12,"19","6  day ahead inc hosp",2020-12-18,"quantile",0.05,47.0852609459701
"13735",2020-12-12,"19","6  day ahead inc hosp",2020-12-18,"quantile",0.1,57.6577934785277
"13736",2020-12-12,"19","6  day ahead inc hosp",2020-12-18,"quantile",0.15,64.7910309850334
"13737",2020-12-12,"19","6  day ahead inc hosp",2020-12-18,"quantile",0.2,70.4603020269735
"13738",2020-12-12,"19","6  day ahead inc hosp",2020-12-18,"quantile",0.25,75.3240317794927
"13739",2020-12-12,"19","6  day ahead inc hosp",2020-12-18,"quantile",0.3,79.6918114171424
"13740",2020-12-12,"19","6  day ahead inc hosp",2020-12-18,"quantile",0.35,83.7392101807144
"13741",2020-12-12,"19","6  day ahead inc hosp",2020-12-18,"quantile",0.4,87.5797958113563
"13742",2020-12-12,"19","6  day ahead inc hosp",2020-12-18,"quantile",0.45,91.2956068557377
"13743",2020-12-12,"19","6  day ahead inc hosp",2020-12-18,"quantile",0.5,94.9525051198584
"13744",2020-12-12,"19","6  day ahead inc hosp",2020-12-18,"quantile",0.55,98.6094033839791
"13745",2020-12-12,"19","6  day ahead inc hosp",2020-12-18,"quantile",0.6,102.325214428361
"13746",2020-12-12,"19","6  day ahead inc hosp",2020-12-18,"quantile",0.65,106.165800059002
"13747",2020-12-12,"19","6  day ahead inc hosp",2020-12-18,"quantile",0.7,110.213198822574
"13748",2020-12-12,"19","6  day ahead inc hosp",2020-12-18,"quantile",0.75,114.580978460224
"13749",2020-12-12,"19","6  day ahead inc hosp",2020-12-18,"quantile",0.8,119.444708212743
"13750",2020-12-12,"19","6  day ahead inc hosp",2020-12-18,"quantile",0.85,125.113979254683
"13751",2020-12-12,"19","6  day ahead inc hosp",2020-12-18,"quantile",0.9,132.247216761189
"13752",2020-12-12,"19","6  day ahead inc hosp",2020-12-18,"quantile",0.95,142.819749293747
"13753",2020-12-12,"19","6  day ahead inc hosp",2020-12-18,"quantile",0.975,151.989844541899
"13754",2020-12-12,"19","6  day ahead inc hosp",2020-12-18,"quantile",0.99,162.652062026027
"13755",2020-12-12,"19","7  day ahead inc hosp",2020-12-19,"quantile",0.01,23.2186722834562
"13756",2020-12-12,"19","7  day ahead inc hosp",2020-12-19,"quantile",0.025,34.5162606521934
"13757",2020-12-12,"19","7  day ahead inc hosp",2020-12-19,"quantile",0.05,44.2328099131667
"13758",2020-12-12,"19","7  day ahead inc hosp",2020-12-19,"quantile",0.1,55.4353689254665
"13759",2020-12-12,"19","7  day ahead inc hosp",2020-12-19,"quantile",0.15,62.993682306797
"13760",2020-12-12,"19","7  day ahead inc hosp",2020-12-19,"quantile",0.2,69.0007901788684
"13761",2020-12-12,"19","7  day ahead inc hosp",2020-12-19,"quantile",0.25,74.1543538500785
"13762",2020-12-12,"19","7  day ahead inc hosp",2020-12-19,"quantile",0.3,78.7824133044063
"13763",2020-12-12,"19","7  day ahead inc hosp",2020-12-19,"quantile",0.35,83.0710001075776
"13764",2020-12-12,"19","7  day ahead inc hosp",2020-12-19,"quantile",0.4,87.1404496019694
"13765",2020-12-12,"19","7  day ahead inc hosp",2020-12-19,"quantile",0.45,91.0776890831487
"13766",2020-12-12,"19","7  day ahead inc hosp",2020-12-19,"quantile",0.5,94.9525051198584
"13767",2020-12-12,"19","7  day ahead inc hosp",2020-12-19,"quantile",0.55,98.8273211565681
"13768",2020-12-12,"19","7  day ahead inc hosp",2020-12-19,"quantile",0.6,102.764560637747
"13769",2020-12-12,"19","7  day ahead inc hosp",2020-12-19,"quantile",0.65,106.834010132139
"13770",2020-12-12,"19","7  day ahead inc hosp",2020-12-19,"quantile",0.7,111.122596935311
"13771",2020-12-12,"19","7  day ahead inc hosp",2020-12-19,"quantile",0.75,115.750656389638
"13772",2020-12-12,"19","7  day ahead inc hosp",2020-12-19,"quantile",0.8,120.904220060848
"13773",2020-12-12,"19","7  day ahead inc hosp",2020-12-19,"quantile",0.85,126.91132793292
"13774",2020-12-12,"19","7  day ahead inc hosp",2020-12-19,"quantile",0.9,134.46964131425
"13775",2020-12-12,"19","7  day ahead inc hosp",2020-12-19,"quantile",0.95,145.67220032655
"13776",2020-12-12,"19","7  day ahead inc hosp",2020-12-19,"quantile",0.975,155.388749587523
"13777",2020-12-12,"19","7  day ahead inc hosp",2020-12-19,"quantile",0.99,166.686337956261
"13778",2020-12-12,"19","8  day ahead inc hosp",2020-12-20,"quantile",0.01,21.7384966129193
"13779",2020-12-12,"19","8  day ahead inc hosp",2020-12-20,"quantile",0.025,33.6375774269995
"13780",2020-12-12,"19","8  day ahead inc hosp",2020-12-20,"quantile",0.05,43.8714433740233
"13781",2020-12-12,"19","8  day ahead inc hosp",2020-12-20,"quantile",0.1,55.670435394367
"13782",2020-12-12,"19","8  day ahead inc hosp",2020-12-20,"quantile",0.15,63.6311592946526
"13783",2020-12-12,"19","8  day ahead inc hosp",2020-12-20,"quantile",0.2,69.9580902905165
"13784",2020-12-12,"19","8  day ahead inc hosp",2020-12-20,"quantile",0.25,75.3860337243496
"13785",2020-12-12,"19","8  day ahead inc hosp",2020-12-20,"quantile",0.3,80.260494685576
"13786",2020-12-12,"19","8  day ahead inc hosp",2020-12-20,"quantile",0.35,84.777409206054
"13787",2020-12-12,"19","8  day ahead inc hosp",2020-12-20,"quantile",0.4,89.0635193759537
"13788",2020-12-12,"19","8  day ahead inc hosp",2020-12-20,"quantile",0.45,93.2103805680806
"13789",2020-12-12,"19","8  day ahead inc hosp",2020-12-20,"quantile",0.5,97.2914948427066
"13790",2020-12-12,"19","8  day ahead inc hosp",2020-12-20,"quantile",0.55,101.372609117333
"13791",2020-12-12,"19","8  day ahead inc hosp",2020-12-20,"quantile",0.6,105.51947030946
"13792",2020-12-12,"19","8  day ahead inc hosp",2020-12-20,"quantile",0.65,109.805580479359
"13793",2020-12-12,"19","8  day ahead inc hosp",2020-12-20,"quantile",0.7,114.322494999837
"13794",2020-12-12,"19","8  day ahead inc hosp",2020-12-20,"quantile",0.75,119.196955961064
"13795",2020-12-12,"19","8  day ahead inc hosp",2020-12-20,"quantile",0.8,124.624899394897
"13796",2020-12-12,"19","8  day ahead inc hosp",2020-12-20,"quantile",0.85,130.951830390761
"13797",2020-12-12,"19","8  day ahead inc hosp",2020-12-20,"quantile",0.9,138.912554291046
"13798",2020-12-12,"19","8  day ahead inc hosp",2020-12-20,"quantile",0.95,150.71154631139
"13799",2020-12-12,"19","8  day ahead inc hosp",2020-12-20,"quantile",0.975,160.945412258414
"13800",2020-12-12,"19","8  day ahead inc hosp",2020-12-20,"quantile",0.99,172.844493072494
"13801",2020-12-12,"19","9  day ahead inc hosp",2020-12-21,"quantile",0.01,18.1033119514469
"13802",2020-12-12,"19","9  day ahead inc hosp",2020-12-21,"quantile",0.025,30.5749095031079
"13803",2020-12-12,"19","9  day ahead inc hosp",2020-12-21,"quantile",0.05,41.3011714289787
"13804",2020-12-12,"19","9  day ahead inc hosp",2020-12-21,"quantile",0.1,53.6678644779797
"13805",2020-12-12,"19","9  day ahead inc hosp",2020-12-21,"quantile",0.15,62.0116135671337
"13806",2020-12-12,"19","9  day ahead inc hosp",2020-12-21,"quantile",0.2,68.6429608409645
"13807",2020-12-12,"19","9  day ahead inc hosp",2020-12-21,"quantile",0.25,74.3320663355539
"13808",2020-12-12,"19","9  day ahead inc hosp",2020-12-21,"quantile",0.3,79.4410588988923
"13809",2020-12-12,"19","9  day ahead inc hosp",2020-12-21,"quantile",0.35,84.175301900923
"13810",2020-12-12,"19","9  day ahead inc hosp",2020-12-21,"quantile",0.4,88.6676355472175
"13811",2020-12-12,"19","9  day ahead inc hosp",2020-12-21,"quantile",0.45,93.0140203393612
"13812",2020-12-12,"19","9  day ahead inc hosp",2020-12-21,"quantile",0.5,97.2914948427066
"13813",2020-12-12,"19","9  day ahead inc hosp",2020-12-21,"quantile",0.55,101.568969346052
"13814",2020-12-12,"19","9  day ahead inc hosp",2020-12-21,"quantile",0.6,105.915354138196
"13815",2020-12-12,"19","9  day ahead inc hosp",2020-12-21,"quantile",0.65,110.40768778449
"13816",2020-12-12,"19","9  day ahead inc hosp",2020-12-21,"quantile",0.7,115.141930786521
"13817",2020-12-12,"19","9  day ahead inc hosp",2020-12-21,"quantile",0.75,120.250923349859
"13818",2020-12-12,"19","9  day ahead inc hosp",2020-12-21,"quantile",0.8,125.940028844449
"13819",2020-12-12,"19","9  day ahead inc hosp",2020-12-21,"quantile",0.85,132.57137611828
"13820",2020-12-12,"19","9  day ahead inc hosp",2020-12-21,"quantile",0.9,140.915125207434
"13821",2020-12-12,"19","9  day ahead inc hosp",2020-12-21,"quantile",0.95,153.281818256435
"13822",2020-12-12,"19","9  day ahead inc hosp",2020-12-21,"quantile",0.975,164.008080182305
"13823",2020-12-12,"19","9  day ahead inc hosp",2020-12-21,"quantile",0.99,176.479677733966
"13824",2020-12-12,"19","10  day ahead inc hosp",2020-12-22,"quantile",0.01,14.6278324647975
"13825",2020-12-12,"19","10  day ahead inc hosp",2020-12-22,"quantile",0.025,27.6467942805945
"13826",2020-12-12,"19","10  day ahead inc hosp",2020-12-22,"quantile",0.05,38.8438196705416
"13827",2020-12-12,"19","10  day ahead inc hosp",2020-12-22,"quantile",0.1,51.7532728440994
"13828",2020-12-12,"19","10  day ahead inc hosp",2020-12-22,"quantile",0.15,60.4632196125325
"13829",2020-12-12,"19","10  day ahead inc hosp",2020-12-22,"quantile",0.2,67.3856091931516
"13830",2020-12-12,"19","10  day ahead inc hosp",2020-12-22,"quantile",0.25,73.324403072067
"13831",2020-12-12,"19","10  day ahead inc hosp",2020-12-22,"quantile",0.3,78.6576235214741
"13832",2020-12-12,"19","10  day ahead inc hosp",2020-12-22,"quantile",0.35,83.5996470765825
"13833",2020-12-12,"19","10  day ahead inc hosp",2020-12-22,"quantile",0.4,88.2891441488433
"13834",2020-12-12,"19","10  day ahead inc hosp",2020-12-22,"quantile",0.45,92.8262868373631
"13835",2020-12-12,"19","10  day ahead inc hosp",2020-12-22,"quantile",0.5,97.2914948427066
"13836",2020-12-12,"19","10  day ahead inc hosp",2020-12-22,"quantile",0.55,101.75670284805
"13837",2020-12-12,"19","10  day ahead inc hosp",2020-12-22,"quantile",0.6,106.29384553657
"13838",2020-12-12,"19","10  day ahead inc hosp",2020-12-22,"quantile",0.65,110.983342608831
"13839",2020-12-12,"19","10  day ahead inc hosp",2020-12-22,"quantile",0.7,115.925366163939
"13840",2020-12-12,"19","10  day ahead inc hosp",2020-12-22,"quantile",0.75,121.258586613346
"13841",2020-12-12,"19","10  day ahead inc hosp",2020-12-22,"quantile",0.8,127.197380492262
"13842",2020-12-12,"19","10  day ahead inc hosp",2020-12-22,"quantile",0.85,134.119770072881
"13843",2020-12-12,"19","10  day ahead inc hosp",2020-12-22,"quantile",0.9,142.829716841314
"13844",2020-12-12,"19","10  day ahead inc hosp",2020-12-22,"quantile",0.95,155.739170014872
"13845",2020-12-12,"19","10  day ahead inc hosp",2020-12-22,"quantile",0.975,166.936195404819
"13846",2020-12-12,"19","10  day ahead inc hosp",2020-12-22,"quantile",0.99,179.955157220616
"13847",2020-12-12,"19","11  day ahead inc hosp",2020-12-23,"quantile",0.01,11.2926934217665
"13848",2020-12-12,"19","11  day ahead inc hosp",2020-12-23,"quantile",0.025,24.836916841061
"13849",2020-12-12,"19","11  day ahead inc hosp",2020-12-23,"quantile",0.05,36.4856961875785
"13850",2020-12-12,"19","11  day ahead inc hosp",2020-12-23,"quantile",0.1,49.9159927409817
"13851",2020-12-12,"19","11  day ahead inc hosp",2020-12-23,"quantile",0.15,58.9773500650871
"13852",2020-12-12,"19","11  day ahead inc hosp",2020-12-23,"quantile",0.2,66.1790296154132
"13853",2020-12-12,"19","11  day ahead inc hosp",2020-12-23,"quantile",0.25,72.3574294198867
"13854",2020-12-12,"19","11  day ahead inc hosp",2020-12-23,"quantile",0.3,77.9058233957774
"13855",2020-12-12,"19","11  day ahead inc hosp",2020-12-23,"quantile",0.35,83.0472372904388
"13856",2020-12-12,"19","11  day ahead inc hosp",2020-12-23,"quantile",0.4,87.9259362965115
"13857",2020-12-12,"19","11  day ahead inc hosp",2020-12-23,"quantile",0.45,92.6461340456104
"13858",2020-12-12,"19","11  day ahead inc hosp",2020-12-23,"quantile",0.5,97.2914948427066
"13859",2020-12-12,"19","11  day ahead inc hosp",2020-12-23,"quantile",0.55,101.936855639803
"13860",2020-12-12,"19","11  day ahead inc hosp",2020-12-23,"quantile",0.6,106.657053388902
"13861",2020-12-12,"19","11  day ahead inc hosp",2020-12-23,"quantile",0.65,111.535752394974
"13862",2020-12-12,"19","11  day ahead inc hosp",2020-12-23,"quantile",0.7,116.677166289636
"13863",2020-12-12,"19","11  day ahead inc hosp",2020-12-23,"quantile",0.75,122.225560265527
"13864",2020-12-12,"19","11  day ahead inc hosp",2020-12-23,"quantile",0.8,128.40396007
"13865",2020-12-12,"19","11  day ahead inc hosp",2020-12-23,"quantile",0.85,135.605639620326
"13866",2020-12-12,"19","11  day ahead inc hosp",2020-12-23,"quantile",0.9,144.666996944432
"13867",2020-12-12,"19","11  day ahead inc hosp",2020-12-23,"quantile",0.95,158.097293497835
"13868",2020-12-12,"19","11  day ahead inc hosp",2020-12-23,"quantile",0.975,169.746072844352
"13869",2020-12-12,"19","11  day ahead inc hosp",2020-12-23,"quantile",0.99,183.290296263647
"13870",2020-12-12,"19","12  day ahead inc hosp",2020-12-24,"quantile",0.01,8.08215332542133
"13871",2020-12-12,"19","12  day ahead inc hosp",2020-12-24,"quantile",0.025,22.132014865748
"13872",2020-12-12,"19","12  day ahead inc hosp",2020-12-24,"quantile",0.05,34.2156708913301
"13873",2020-12-12,"19","12  day ahead inc hosp",2020-12-24,"quantile",0.1,48.147352404501
"13874",2020-12-12,"19","12  day ahead inc hosp",2020-12-24,"quantile",0.15,57.5469917806311
"13875",2020-12-12,"19","12  day ahead inc hosp",2020-12-24,"quantile",0.2,65.0175271821473
"13876",2020-12-12,"19","12  day ahead inc hosp",2020-12-24,"quantile",0.25,71.426581367563
"13877",2020-12-12,"19","12  day ahead inc hosp",2020-12-24,"quantile",0.3,77.1821101062131
"13878",2020-12-12,"19","12  day ahead inc hosp",2020-12-24,"quantile",0.35,82.5154652278216
"13879",2020-12-12,"19","12  day ahead inc hosp",2020-12-24,"quantile",0.4,87.5762976882936
"13880",2020-12-12,"19","12  day ahead inc hosp",2020-12-24,"quantile",0.45,92.4727116623371
"13881",2020-12-12,"19","12  day ahead inc hosp",2020-12-24,"quantile",0.5,97.2914948427066
"13882",2020-12-12,"19","12  day ahead inc hosp",2020-12-24,"quantile",0.55,102.110278023076
"13883",2020-12-12,"19","12  day ahead inc hosp",2020-12-24,"quantile",0.6,107.00669199712
"13884",2020-12-12,"19","12  day ahead inc hosp",2020-12-24,"quantile",0.65,112.067524457592
"13885",2020-12-12,"19","12  day ahead inc hosp",2020-12-24,"quantile",0.7,117.4008795792
"13886",2020-12-12,"19","12  day ahead inc hosp",2020-12-24,"quantile",0.75,123.15640831785
"13887",2020-12-12,"19","12  day ahead inc hosp",2020-12-24,"quantile",0.8,129.565462503266
"13888",2020-12-12,"19","12  day ahead inc hosp",2020-12-24,"quantile",0.85,137.035997904782
"13889",2020-12-12,"19","12  day ahead inc hosp",2020-12-24,"quantile",0.9,146.435637280912
"13890",2020-12-12,"19","12  day ahead inc hosp",2020-12-24,"quantile",0.95,160.367318794083
"13891",2020-12-12,"19","12  day ahead inc hosp",2020-12-24,"quantile",0.975,172.450974819665
"13892",2020-12-12,"19","12  day ahead inc hosp",2020-12-24,"quantile",0.99,186.500836359992
"13893",2020-12-12,"19","13  day ahead inc hosp",2020-12-25,"quantile",0.01,4.9832103712845
"13894",2020-12-12,"19","13  day ahead inc hosp",2020-12-25,"quantile",0.025,19.5211342455155
"13895",2020-12-12,"19","13  day ahead inc hosp",2020-12-25,"quantile",0.05,32.0245508036135
"13896",2020-12-12,"19","13  day ahead inc hosp",2020-12-25,"quantile",0.1,46.4401893276783
"13897",2020-12-12,"19","13  day ahead inc hosp",2020-12-25,"quantile",0.15,56.1663522014675
"13898",2020-12-12,"19","13  day ahead inc hosp",2020-12-25,"quantile",0.2,63.8963981279176
"13899",2020-12-12,"19","13  day ahead inc hosp",2020-12-25,"quantile",0.25,70.5280892364713
"13900",2020-12-12,"19","13  day ahead inc hosp",2020-12-25,"quantile",0.3,76.4835528129827
"13901",2020-12-12,"19","13  day ahead inc hosp",2020-12-25,"quantile",0.35,82.0021773581169
"13902",2020-12-12,"19","13  day ahead inc hosp",2020-12-25,"quantile",0.4,87.2388123839784
"13903",2020-12-12,"19","13  day ahead inc hosp",2020-12-25,"quantile",0.45,92.3053173745828
"13904",2020-12-12,"19","13  day ahead inc hosp",2020-12-25,"quantile",0.5,97.2914948427066
"13905",2020-12-12,"19","13  day ahead inc hosp",2020-12-25,"quantile",0.55,102.27767231083
"13906",2020-12-12,"19","13  day ahead inc hosp",2020-12-25,"quantile",0.6,107.344177301435
"13907",2020-12-12,"19","13  day ahead inc hosp",2020-12-25,"quantile",0.65,112.580812327296
"13908",2020-12-12,"19","13  day ahead inc hosp",2020-12-25,"quantile",0.7,118.099436872431
"13909",2020-12-12,"19","13  day ahead inc hosp",2020-12-25,"quantile",0.75,124.054900448942
"13910",2020-12-12,"19","13  day ahead inc hosp",2020-12-25,"quantile",0.8,130.686591557496
"13911",2020-12-12,"19","13  day ahead inc hosp",2020-12-25,"quantile",0.85,138.416637483946
"13912",2020-12-12,"19","13  day ahead inc hosp",2020-12-25,"quantile",0.9,148.142800357735
"13913",2020-12-12,"19","13  day ahead inc hosp",2020-12-25,"quantile",0.95,162.5584388818
"13914",2020-12-12,"19","13  day ahead inc hosp",2020-12-25,"quantile",0.975,175.061855439898
"13915",2020-12-12,"19","13  day ahead inc hosp",2020-12-25,"quantile",0.99,189.599779314129
"13916",2020-12-12,"19","14  day ahead inc hosp",2020-12-26,"quantile",0.01,1.98497801323508
"13917",2020-12-12,"19","14  day ahead inc hosp",2020-12-26,"quantile",0.025,16.9951029908467
"13918",2020-12-12,"19","14  day ahead inc hosp",2020-12-26,"quantile",0.05,29.90463854818
"13919",2020-12-12,"19","14  day ahead inc hosp",2020-12-26,"quantile",0.1,44.788506268923
"13920",2020-12-12,"19","14  day ahead inc hosp",2020-12-26,"quantile",0.15,54.8305811587879
"13921",2020-12-12,"19","14  day ahead inc hosp",2020-12-26,"quantile",0.2,62.8117039410002
"13922",2020-12-12,"19","14  day ahead inc hosp",2020-12-26,"quantile",0.25,69.6587966354907
"13923",2020-12-12,"19","14  day ahead inc hosp",2020-12-26,"quantile",0.3,75.8076974934393
"13924",2020-12-12,"19","14  day ahead inc hosp",2020-12-26,"quantile",0.35,81.5055705077428
"13925",2020-12-12,"19","14  day ahead inc hosp",2020-12-26,"quantile",0.4,86.9122948021
"13926",2020-12-12,"19","14  day ahead inc hosp",2020-12-26,"quantile",0.45,92.143363128401
"13927",2020-12-12,"19","14  day ahead inc hosp",2020-12-26,"quantile",0.5,97.2914948427066
"13928",2020-12-12,"19","14  day ahead inc hosp",2020-12-26,"quantile",0.55,102.439626557012
"13929",2020-12-12,"19","14  day ahead inc hosp",2020-12-26,"quantile",0.6,107.670694883313
"13930",2020-12-12,"19","14  day ahead inc hosp",2020-12-26,"quantile",0.65,113.07741917767
"13931",2020-12-12,"19","14  day ahead inc hosp",2020-12-26,"quantile",0.7,118.775292191974
"13932",2020-12-12,"19","14  day ahead inc hosp",2020-12-26,"quantile",0.75,124.924193049923
"13933",2020-12-12,"19","14  day ahead inc hosp",2020-12-26,"quantile",0.8,131.771285744413
"13934",2020-12-12,"19","14  day ahead inc hosp",2020-12-26,"quantile",0.85,139.752408526625
"13935",2020-12-12,"19","14  day ahead inc hosp",2020-12-26,"quantile",0.9,149.79448341649
"13936",2020-12-12,"19","14  day ahead inc hosp",2020-12-26,"quantile",0.95,164.678351137233
"13937",2020-12-12,"19","14  day ahead inc hosp",2020-12-26,"quantile",0.975,177.587886694567
"13938",2020-12-12,"19","14  day ahead inc hosp",2020-12-26,"quantile",0.99,192.598011672178
"13939",2020-12-12,"19","15  day ahead inc hosp",2020-12-27,"quantile",0.01,0.756243355330128
"13940",2020-12-12,"19","15  day ahead inc hosp",2020-12-27,"quantile",0.025,16.224160898235
"13941",2020-12-12,"19","15  day ahead inc hosp",2020-12-27,"quantile",0.05,29.5274233171601
"13942",2020-12-12,"19","15  day ahead inc hosp",2020-12-27,"quantile",0.1,44.8652328935191
"13943",2020-12-12,"19","15  day ahead inc hosp",2020-12-27,"quantile",0.15,55.2135801982743
"13944",2020-12-12,"19","15  day ahead inc hosp",2020-12-27,"quantile",0.2,63.4381185868083
"13945",2020-12-12,"19","15  day ahead inc hosp",2020-12-27,"quantile",0.25,70.4940401973863
"13946",2020-12-12,"19","15  day ahead inc hosp",2020-12-27,"quantile",0.3,76.8304758761103
"13947",2020-12-12,"19","15  day ahead inc hosp",2020-12-27,"quantile",0.35,82.7021278501377
"13948",2020-12-12,"19","15  day ahead inc hosp",2020-12-27,"quantile",0.4,88.2737513833912
"13949",2020-12-12,"19","15  day ahead inc hosp",2020-12-27,"quantile",0.45,93.6643616316878
"13950",2020-12-12,"19","15  day ahead inc hosp",2020-12-27,"quantile",0.5,98.9695057910913
"13951",2020-12-12,"19","15  day ahead inc hosp",2020-12-27,"quantile",0.55,104.274649950495
"13952",2020-12-12,"19","15  day ahead inc hosp",2020-12-27,"quantile",0.6,109.665260198791
"13953",2020-12-12,"19","15  day ahead inc hosp",2020-12-27,"quantile",0.65,115.236883732045
"13954",2020-12-12,"19","15  day ahead inc hosp",2020-12-27,"quantile",0.7,121.108535706072
"13955",2020-12-12,"19","15  day ahead inc hosp",2020-12-27,"quantile",0.75,127.444971384796
"13956",2020-12-12,"19","15  day ahead inc hosp",2020-12-27,"quantile",0.8,134.500892995374
"13957",2020-12-12,"19","15  day ahead inc hosp",2020-12-27,"quantile",0.85,142.725431383908
"13958",2020-12-12,"19","15  day ahead inc hosp",2020-12-27,"quantile",0.9,153.073778688663
"13959",2020-12-12,"19","15  day ahead inc hosp",2020-12-27,"quantile",0.95,168.411588265022
"13960",2020-12-12,"19","15  day ahead inc hosp",2020-12-27,"quantile",0.975,181.714850683948
"13961",2020-12-12,"19","15  day ahead inc hosp",2020-12-27,"quantile",0.99,197.182768226852
"13962",2020-12-12,"19","16  day ahead inc hosp",2020-12-28,"quantile",0.01,0
"13963",2020-12-12,"19","16  day ahead inc hosp",2020-12-28,"quantile",0.025,13.8456333553988
"13964",2020-12-12,"19","16  day ahead inc hosp",2020-12-28,"quantile",0.05,27.5313000789282
"13965",2020-12-12,"19","16  day ahead inc hosp",2020-12-28,"quantile",0.1,43.3099973278371
"13966",2020-12-12,"19","16  day ahead inc hosp",2020-12-28,"quantile",0.15,53.9558094521427
"13967",2020-12-12,"19","16  day ahead inc hosp",2020-12-28,"quantile",0.2,62.4167634494287
"13968",2020-12-12,"19","16  day ahead inc hosp",2020-12-28,"quantile",0.25,69.675508601471
"13969",2020-12-12,"19","16  day ahead inc hosp",2020-12-28,"quantile",0.3,76.1940860889551
"13970",2020-12-12,"19","16  day ahead inc hosp",2020-12-28,"quantile",0.35,82.2345195933543
"13971",2020-12-12,"19","16  day ahead inc hosp",2020-12-28,"quantile",0.4,87.966300293749
"13972",2020-12-12,"19","16  day ahead inc hosp",2020-12-28,"quantile",0.45,93.5118644547384
"13973",2020-12-12,"19","16  day ahead inc hosp",2020-12-28,"quantile",0.5,98.9695057910913
"13974",2020-12-12,"19","16  day ahead inc hosp",2020-12-28,"quantile",0.55,104.427147127444
"13975",2020-12-12,"19","16  day ahead inc hosp",2020-12-28,"quantile",0.6,109.972711288434
"13976",2020-12-12,"19","16  day ahead inc hosp",2020-12-28,"quantile",0.65,115.704491988828
"13977",2020-12-12,"19","16  day ahead inc hosp",2020-12-28,"quantile",0.7,121.744925493228
"13978",2020-12-12,"19","16  day ahead inc hosp",2020-12-28,"quantile",0.75,128.263502980712
"13979",2020-12-12,"19","16  day ahead inc hosp",2020-12-28,"quantile",0.8,135.522248132754
"13980",2020-12-12,"19","16  day ahead inc hosp",2020-12-28,"quantile",0.85,143.98320213004
"13981",2020-12-12,"19","16  day ahead inc hosp",2020-12-28,"quantile",0.9,154.629014254346
"13982",2020-12-12,"19","16  day ahead inc hosp",2020-12-28,"quantile",0.95,170.407711503254
"13983",2020-12-12,"19","16  day ahead inc hosp",2020-12-28,"quantile",0.975,184.093378226784
"13984",2020-12-12,"19","16  day ahead inc hosp",2020-12-28,"quantile",0.99,200.005923415555
"13985",2020-12-12,"19","17  day ahead inc hosp",2020-12-29,"quantile",0.01,0
"13986",2020-12-12,"19","17  day ahead inc hosp",2020-12-29,"quantile",0.025,11.53178386595
"13987",2020-12-12,"19","17  day ahead inc hosp",2020-12-29,"quantile",0.05,25.589456374166
"13988",2020-12-12,"19","17  day ahead inc hosp",2020-12-29,"quantile",0.1,41.7970524681214
"13989",2020-12-12,"19","17  day ahead inc hosp",2020-12-29,"quantile",0.15,52.7322406069781
"13990",2020-12-12,"19","17  day ahead inc hosp",2020-12-29,"quantile",0.2,61.4231814872229
"13991",2020-12-12,"19","17  day ahead inc hosp",2020-12-29,"quantile",0.25,68.8792349064235
"13992",2020-12-12,"19","17  day ahead inc hosp",2020-12-29,"quantile",0.3,75.5750013158841
"13993",2020-12-12,"19","17  day ahead inc hosp",2020-12-29,"quantile",0.35,81.7796267629228
"13994",2020-12-12,"19","17  day ahead inc hosp",2020-12-29,"quantile",0.4,87.6672095605171
"13995",2020-12-12,"19","17  day ahead inc hosp",2020-12-29,"quantile",0.45,93.3635140536303
"13996",2020-12-12,"19","17  day ahead inc hosp",2020-12-29,"quantile",0.5,98.9695057910913
"13997",2020-12-12,"19","17  day ahead inc hosp",2020-12-29,"quantile",0.55,104.575497528552
"13998",2020-12-12,"19","17  day ahead inc hosp",2020-12-29,"quantile",0.6,110.271802021665
"13999",2020-12-12,"19","17  day ahead inc hosp",2020-12-29,"quantile",0.65,116.15938481926
"14000",2020-12-12,"19","17  day ahead inc hosp",2020-12-29,"quantile",0.7,122.364010266298
"14001",2020-12-12,"19","17  day ahead inc hosp",2020-12-29,"quantile",0.75,129.059776675759
"14002",2020-12-12,"19","17  day ahead inc hosp",2020-12-29,"quantile",0.8,136.51583009496
"14003",2020-12-12,"19","17  day ahead inc hosp",2020-12-29,"quantile",0.85,145.206770975205
"14004",2020-12-12,"19","17  day ahead inc hosp",2020-12-29,"quantile",0.9,156.141959114061
"14005",2020-12-12,"19","17  day ahead inc hosp",2020-12-29,"quantile",0.95,172.349555208017
"14006",2020-12-12,"19","17  day ahead inc hosp",2020-12-29,"quantile",0.975,186.407227716233
"14007",2020-12-12,"19","17  day ahead inc hosp",2020-12-29,"quantile",0.99,202.752310024232
"14008",2020-12-12,"19","18  day ahead inc hosp",2020-12-30,"quantile",0.01,0
"14009",2020-12-12,"19","18  day ahead inc hosp",2020-12-30,"quantile",0.025,9.27760664479919
"14010",2020-12-12,"19","18  day ahead inc hosp",2020-12-30,"quantile",0.05,23.6976912155979
"14011",2020-12-12,"19","18  day ahead inc hosp",2020-12-30,"quantile",0.1,40.3231252074331
"14012",2020-12-12,"19","18  day ahead inc hosp",2020-12-30,"quantile",0.15,51.5402265922995
"14013",2020-12-12,"19","18  day ahead inc hosp",2020-12-30,"quantile",0.2,60.4552231836411
"14014",2020-12-12,"19","18  day ahead inc hosp",2020-12-30,"quantile",0.25,68.1034964526639
"14015",2020-12-12,"19","18  day ahead inc hosp",2020-12-30,"quantile",0.3,74.971882228069
"14016",2020-12-12,"19","18  day ahead inc hosp",2020-12-30,"quantile",0.35,81.3364652430835
"14017",2020-12-12,"19","18  day ahead inc hosp",2020-12-30,"quantile",0.4,87.3758321304021
"14018",2020-12-12,"19","18  day ahead inc hosp",2020-12-30,"quantile",0.45,93.2189894869065
"14019",2020-12-12,"19","18  day ahead inc hosp",2020-12-30,"quantile",0.5,98.9695057910913
"14020",2020-12-12,"19","18  day ahead inc hosp",2020-12-30,"quantile",0.55,104.720022095276
"14021",2020-12-12,"19","18  day ahead inc hosp",2020-12-30,"quantile",0.6,110.56317945178
"14022",2020-12-12,"19","18  day ahead inc hosp",2020-12-30,"quantile",0.65,116.602546339099
"14023",2020-12-12,"19","18  day ahead inc hosp",2020-12-30,"quantile",0.7,122.967129354114
"14024",2020-12-12,"19","18  day ahead inc hosp",2020-12-30,"quantile",0.75,129.835515129519
"14025",2020-12-12,"19","18  day ahead inc hosp",2020-12-30,"quantile",0.8,137.483788398541
"14026",2020-12-12,"19","18  day ahead inc hosp",2020-12-30,"quantile",0.85,146.398784989883
"14027",2020-12-12,"19","18  day ahead inc hosp",2020-12-30,"quantile",0.9,157.615886374749
"14028",2020-12-12,"19","18  day ahead inc hosp",2020-12-30,"quantile",0.95,174.241320366585
"14029",2020-12-12,"19","18  day ahead inc hosp",2020-12-30,"quantile",0.975,188.661404937383
"14030",2020-12-12,"19","18  day ahead inc hosp",2020-12-30,"quantile",0.99,205.427869589356
"14031",2020-12-12,"19","19  day ahead inc hosp",2020-12-31,"quantile",0.01,0
"14032",2020-12-12,"19","19  day ahead inc hosp",2020-12-31,"quantile",0.025,7.0787101177545
"14033",2020-12-12,"19","19  day ahead inc hosp",2020-12-31,"quantile",0.05,21.8523190779822
"14034",2020-12-12,"19","19  day ahead inc hosp",2020-12-31,"quantile",0.1,38.8853440497523
"14035",2020-12-12,"19","19  day ahead inc hosp",2020-12-31,"quantile",0.15,50.3774451337382
"14036",2020-12-12,"19","19  day ahead inc hosp",2020-12-31,"quantile",0.2,59.5110027682722
"14037",2020-12-12,"19","19  day ahead inc hosp",2020-12-31,"quantile",0.25,67.3467819513097
"14038",2020-12-12,"19","19  day ahead inc hosp",2020-12-31,"quantile",0.3,74.3835538326139
"14039",2020-12-12,"19","19  day ahead inc hosp",2020-12-31,"quantile",0.35,80.9041716692902
"14040",2020-12-12,"19","19  day ahead inc hosp",2020-12-31,"quantile",0.4,87.0916003436875
"14041",2020-12-12,"19","19  day ahead inc hosp",2020-12-31,"quantile",0.45,93.0780091926955
"14042",2020-12-12,"19","19  day ahead inc hosp",2020-12-31,"quantile",0.5,98.9695057910913
"14043",2020-12-12,"19","19  day ahead inc hosp",2020-12-31,"quantile",0.55,104.861002389487
"14044",2020-12-12,"19","19  day ahead inc hosp",2020-12-31,"quantile",0.6,110.847411238495
"14045",2020-12-12,"19","19  day ahead inc hosp",2020-12-31,"quantile",0.65,117.034839912892
"14046",2020-12-12,"19","19  day ahead inc hosp",2020-12-31,"quantile",0.7,123.555457749569
"14047",2020-12-12,"19","19  day ahead inc hosp",2020-12-31,"quantile",0.75,130.592229630873
"14048",2020-12-12,"19","19  day ahead inc hosp",2020-12-31,"quantile",0.8,138.42800881391
"14049",2020-12-12,"19","19  day ahead inc hosp",2020-12-31,"quantile",0.85,147.561566448444
"14050",2020-12-12,"19","19  day ahead inc hosp",2020-12-31,"quantile",0.9,159.05366753243
"14051",2020-12-12,"19","19  day ahead inc hosp",2020-12-31,"quantile",0.95,176.0866925042
"14052",2020-12-12,"19","19  day ahead inc hosp",2020-12-31,"quantile",0.975,190.860301464428
"14053",2020-12-12,"19","19  day ahead inc hosp",2020-12-31,"quantile",0.99,208.03781461961
"14054",2020-12-12,"19","20  day ahead inc hosp",2021-01-01,"quantile",0.01,0
"14055",2020-12-12,"19","20  day ahead inc hosp",2021-01-01,"quantile",0.025,4.93121632084821
"14056",2020-12-12,"19","20  day ahead inc hosp",2021-01-01,"quantile",0.05,20.0500854713652
"14057",2020-12-12,"19","20  day ahead inc hosp",2021-01-01,"quantile",0.1,37.4811733307335
"14058",2020-12-12,"19","20  day ahead inc hosp",2021-01-01,"quantile",0.15,49.2418455551741
"14059",2020-12-12,"19","20  day ahead inc hosp",2021-01-01,"quantile",0.2,58.5888550182631
"14060",2020-12-12,"19","20  day ahead inc hosp",2021-01-01,"quantile",0.25,66.6077568640896
"14061",2020-12-12,"19","20  day ahead inc hosp",2021-01-01,"quantile",0.3,73.8089785562222
"14062",2020-12-12,"19","20  day ahead inc hosp",2021-01-01,"quantile",0.35,80.481983650552
"14063",2020-12-12,"19","20  day ahead inc hosp",2021-01-01,"quantile",0.4,86.81401293048
"14064",2020-12-12,"19","20  day ahead inc hosp",2021-01-01,"quantile",0.45,92.9403245387882
"14065",2020-12-12,"19","20  day ahead inc hosp",2021-01-01,"quantile",0.5,98.9695057910913
"14066",2020-12-12,"19","20  day ahead inc hosp",2021-01-01,"quantile",0.55,104.998687043394
"14067",2020-12-12,"19","20  day ahead inc hosp",2021-01-01,"quantile",0.6,111.124998651703
"14068",2020-12-12,"19","20  day ahead inc hosp",2021-01-01,"quantile",0.65,117.457027931631
"14069",2020-12-12,"19","20  day ahead inc hosp",2021-01-01,"quantile",0.7,124.13003302596
"14070",2020-12-12,"19","20  day ahead inc hosp",2021-01-01,"quantile",0.75,131.331254718093
"14071",2020-12-12,"19","20  day ahead inc hosp",2021-01-01,"quantile",0.8,139.350156563919
"14072",2020-12-12,"19","20  day ahead inc hosp",2021-01-01,"quantile",0.85,148.697166027008
"14073",2020-12-12,"19","20  day ahead inc hosp",2021-01-01,"quantile",0.9,160.457838251449
"14074",2020-12-12,"19","20  day ahead inc hosp",2021-01-01,"quantile",0.95,177.888926110817
"14075",2020-12-12,"19","20  day ahead inc hosp",2021-01-01,"quantile",0.975,193.007795261334
"14076",2020-12-12,"19","20  day ahead inc hosp",2021-01-01,"quantile",0.99,210.586748002241
"14077",2020-12-12,"19","21  day ahead inc hosp",2021-01-02,"quantile",0.01,0
"14078",2020-12-12,"19","21  day ahead inc hosp",2021-01-02,"quantile",0.025,2.8316805426516
"14079",2020-12-12,"19","21  day ahead inc hosp",2021-01-02,"quantile",0.05,18.2880995027855
"14080",2020-12-12,"19","21  day ahead inc hosp",2021-01-02,"quantile",0.1,36.1083606746396
"14081",2020-12-12,"19","21  day ahead inc hosp",2021-01-02,"quantile",0.15,48.13160628541
"14082",2020-12-12,"19","21  day ahead inc hosp",2021-01-02,"quantile",0.2,57.687300752208
"14083",2020-12-12,"19","21  day ahead inc hosp",2021-01-02,"quantile",0.25,65.8852357495519
"14084",2020-12-12,"19","21  day ahead inc hosp",2021-01-02,"quantile",0.3,73.2472347449993
"14085",2020-12-12,"19","21  day ahead inc hosp",2021-01-02,"quantile",0.35,80.0692239714582
"14086",2020-12-12,"19","21  day ahead inc hosp",2021-01-02,"quantile",0.4,86.5426246235868
"14087",2020-12-12,"19","21  day ahead inc hosp",2021-01-02,"quantile",0.45,92.8057146705765
"14088",2020-12-12,"19","21  day ahead inc hosp",2021-01-02,"quantile",0.5,98.9695057910913
"14089",2020-12-12,"19","21  day ahead inc hosp",2021-01-02,"quantile",0.55,105.133296911606
"14090",2020-12-12,"19","21  day ahead inc hosp",2021-01-02,"quantile",0.6,111.396386958596
"14091",2020-12-12,"19","21  day ahead inc hosp",2021-01-02,"quantile",0.65,117.869787610724
"14092",2020-12-12,"19","21  day ahead inc hosp",2021-01-02,"quantile",0.7,124.691776837183
"14093",2020-12-12,"19","21  day ahead inc hosp",2021-01-02,"quantile",0.75,132.053775832631
"14094",2020-12-12,"19","21  day ahead inc hosp",2021-01-02,"quantile",0.8,140.251710829975
"14095",2020-12-12,"19","21  day ahead inc hosp",2021-01-02,"quantile",0.85,149.807405296773
"14096",2020-12-12,"19","21  day ahead inc hosp",2021-01-02,"quantile",0.9,161.830650907543
"14097",2020-12-12,"19","21  day ahead inc hosp",2021-01-02,"quantile",0.95,179.650912079397
"14098",2020-12-12,"19","21  day ahead inc hosp",2021-01-02,"quantile",0.975,195.107331039531
"14099",2020-12-12,"19","21  day ahead inc hosp",2021-01-02,"quantile",0.99,213.078758382333
"14100",2020-12-12,"19","22  day ahead inc hosp",2021-01-03,"quantile",0.01,0
"14101",2020-12-12,"19","22  day ahead inc hosp",2021-01-03,"quantile",0.025,1.39877597867215
"14102",2020-12-12,"19","22  day ahead inc hosp",2021-01-03,"quantile",0.05,17.1855289618514
"14103",2020-12-12,"19","22  day ahead inc hosp",2021-01-03,"quantile",0.1,35.3866441064014
"14104",2020-12-12,"19","22  day ahead inc hosp",2021-01-03,"quantile",0.15,47.6668500844413
"14105",2020-12-12,"19","22  day ahead inc hosp",2021-01-03,"quantile",0.2,57.4267685053358
"14106",2020-12-12,"19","22  day ahead inc hosp",2021-01-03,"quantile",0.25,65.7999094708488
"14107",2020-12-12,"19","22  day ahead inc hosp",2021-01-03,"quantile",0.3,73.31924884068
"14108",2020-12-12,"19","22  day ahead inc hosp",2021-01-03,"quantile",0.35,80.2870373724089
"14109",2020-12-12,"19","22  day ahead inc hosp",2021-01-03,"quantile",0.4,86.8987873074935
"14110",2020-12-12,"19","22  day ahead inc hosp",2021-01-03,"quantile",0.45,93.2957318868464
"14111",2020-12-12,"19","22  day ahead inc hosp",2021-01-03,"quantile",0.5,99.5912553266845
"14112",2020-12-12,"19","22  day ahead inc hosp",2021-01-03,"quantile",0.55,105.886778766523
"14113",2020-12-12,"19","22  day ahead inc hosp",2021-01-03,"quantile",0.6,112.283723345875
"14114",2020-12-12,"19","22  day ahead inc hosp",2021-01-03,"quantile",0.65,118.89547328096
"14115",2020-12-12,"19","22  day ahead inc hosp",2021-01-03,"quantile",0.7,125.863261812689
"14116",2020-12-12,"19","22  day ahead inc hosp",2021-01-03,"quantile",0.75,133.38260118252
"14117",2020-12-12,"19","22  day ahead inc hosp",2021-01-03,"quantile",0.8,141.755742148033
"14118",2020-12-12,"19","22  day ahead inc hosp",2021-01-03,"quantile",0.85,151.515660568928
"14119",2020-12-12,"19","22  day ahead inc hosp",2021-01-03,"quantile",0.9,163.795866546968
"14120",2020-12-12,"19","22  day ahead inc hosp",2021-01-03,"quantile",0.95,181.996981691518
"14121",2020-12-12,"19","22  day ahead inc hosp",2021-01-03,"quantile",0.975,197.783734674697
"14122",2020-12-12,"19","22  day ahead inc hosp",2021-01-03,"quantile",0.99,216.139246708094
"14123",2020-12-12,"19","23  day ahead inc hosp",2021-01-04,"quantile",0.01,0
"14124",2020-12-12,"19","23  day ahead inc hosp",2021-01-04,"quantile",0.025,0
"14125",2020-12-12,"19","23  day ahead inc hosp",2021-01-04,"quantile",0.05,15.4965577841354
"14126",2020-12-12,"19","23  day ahead inc hosp",2021-01-04,"quantile",0.1,34.0707193204535
"14127",2020-12-12,"19","23  day ahead inc hosp",2021-01-04,"quantile",0.15,46.6026179279777
"14128",2020-12-12,"19","23  day ahead inc hosp",2021-01-04,"quantile",0.2,56.5625736719676
"14129",2020-12-12,"19","23  day ahead inc hosp",2021-01-04,"quantile",0.25,65.1073288490354
"14130",2020-12-12,"19","23  day ahead inc hosp",2021-01-04,"quantile",0.3,72.7807830848031
"14131",2020-12-12,"19","23  day ahead inc hosp",2021-01-04,"quantile",0.35,79.8913820075284
"14132",2020-12-12,"19","23  day ahead inc hosp",2021-01-04,"quantile",0.4,86.6386450382101
"14133",2020-12-12,"19","23  day ahead inc hosp",2021-01-04,"quantile",0.45,93.1667001058334
"14134",2020-12-12,"19","23  day ahead inc hosp",2021-01-04,"quantile",0.5,99.5912553266845
"14135",2020-12-12,"19","23  day ahead inc hosp",2021-01-04,"quantile",0.55,106.015810547535
"14136",2020-12-12,"19","23  day ahead inc hosp",2021-01-04,"quantile",0.6,112.543865615159
"14137",2020-12-12,"19","23  day ahead inc hosp",2021-01-04,"quantile",0.65,119.291128645841
"14138",2020-12-12,"19","23  day ahead inc hosp",2021-01-04,"quantile",0.7,126.401727568566
"14139",2020-12-12,"19","23  day ahead inc hosp",2021-01-04,"quantile",0.75,134.075181804334
"14140",2020-12-12,"19","23  day ahead inc hosp",2021-01-04,"quantile",0.8,142.619936981401
"14141",2020-12-12,"19","23  day ahead inc hosp",2021-01-04,"quantile",0.85,152.579892725391
"14142",2020-12-12,"19","23  day ahead inc hosp",2021-01-04,"quantile",0.9,165.111791332915
"14143",2020-12-12,"19","23  day ahead inc hosp",2021-01-04,"quantile",0.95,183.685952869234
"14144",2020-12-12,"19","23  day ahead inc hosp",2021-01-04,"quantile",0.975,199.796267963379
"14145",2020-12-12,"19","23  day ahead inc hosp",2021-01-04,"quantile",0.99,218.527990876095
"14146",2020-12-12,"19","24  day ahead inc hosp",2021-01-05,"quantile",0.01,0
"14147",2020-12-12,"19","24  day ahead inc hosp",2021-01-05,"quantile",0.025,0
"14148",2020-12-12,"19","24  day ahead inc hosp",2021-01-05,"quantile",0.05,13.8408467455594
"14149",2020-12-12,"19","24  day ahead inc hosp",2021-01-05,"quantile",0.1,32.7807084411821
"14150",2020-12-12,"19","24  day ahead inc hosp",2021-01-05,"quantile",0.15,45.5593432100236
"14151",2020-12-12,"19","24  day ahead inc hosp",2021-01-05,"quantile",0.2,55.7153970333331
"14152",2020-12-12,"19","24  day ahead inc hosp",2021-01-05,"quantile",0.25,64.428386901553
"14153",2020-12-12,"19","24  day ahead inc hosp",2021-01-05,"quantile",0.3,72.2529210894869
"14154",2020-12-12,"19","24  day ahead inc hosp",2021-01-05,"quantile",0.35,79.5035181033082
"14155",2020-12-12,"19","24  day ahead inc hosp",2021-01-05,"quantile",0.4,86.3836256319966
"14156",2020-12-12,"19","24  day ahead inc hosp",2021-01-05,"quantile",0.45,93.0402092888385
"14157",2020-12-12,"19","24  day ahead inc hosp",2021-01-05,"quantile",0.5,99.5912553266845
"14158",2020-12-12,"19","24  day ahead inc hosp",2021-01-05,"quantile",0.55,106.14230136453
"14159",2020-12-12,"19","24  day ahead inc hosp",2021-01-05,"quantile",0.6,112.798885021372
"14160",2020-12-12,"19","24  day ahead inc hosp",2021-01-05,"quantile",0.65,119.678992550061
"14161",2020-12-12,"19","24  day ahead inc hosp",2021-01-05,"quantile",0.7,126.929589563882
"14162",2020-12-12,"19","24  day ahead inc hosp",2021-01-05,"quantile",0.75,134.754123751816
"14163",2020-12-12,"19","24  day ahead inc hosp",2021-01-05,"quantile",0.8,143.467113620036
"14164",2020-12-12,"19","24  day ahead inc hosp",2021-01-05,"quantile",0.85,153.623167443345
"14165",2020-12-12,"19","24  day ahead inc hosp",2021-01-05,"quantile",0.9,166.401802212187
"14166",2020-12-12,"19","24  day ahead inc hosp",2021-01-05,"quantile",0.95,185.341663907809
"14167",2020-12-12,"19","24  day ahead inc hosp",2021-01-05,"quantile",0.975,201.769169351832
"14168",2020-12-12,"19","24  day ahead inc hosp",2021-01-05,"quantile",0.99,220.869694594593
"14169",2020-12-12,"19","25  day ahead inc hosp",2021-01-06,"quantile",0.01,0
"14170",2020-12-12,"19","25  day ahead inc hosp",2021-01-06,"quantile",0.025,0
"14171",2020-12-12,"19","25  day ahead inc hosp",2021-01-06,"quantile",0.05,12.2165050329815
"14172",2020-12-12,"19","25  day ahead inc hosp",2021-01-06,"quantile",0.1,31.5151382830691
"14173",2020-12-12,"19","25  day ahead inc hosp",2021-01-06,"quantile",0.15,44.5358345164364
"14174",2020-12-12,"19","25  day ahead inc hosp",2021-01-06,"quantile",0.2,54.8842711182463
"14175",2020-12-12,"19","25  day ahead inc hosp",2021-01-06,"quantile",0.25,63.7623082803322
"14176",2020-12-12,"19","25  day ahead inc hosp",2021-01-06,"quantile",0.3,71.7350600391589
"14177",2020-12-12,"19","25  day ahead inc hosp",2021-01-06,"quantile",0.35,79.123002721246
"14178",2020-12-12,"19","25  day ahead inc hosp",2021-01-06,"quantile",0.4,86.1334378580565
"14179",2020-12-12,"19","25  day ahead inc hosp",2021-01-06,"quantile",0.45,92.9161149840256
"14180",2020-12-12,"19","25  day ahead inc hosp",2021-01-06,"quantile",0.5,99.5912553266845
"14181",2020-12-12,"19","25  day ahead inc hosp",2021-01-06,"quantile",0.55,106.266395669343
"14182",2020-12-12,"19","25  day ahead inc hosp",2021-01-06,"quantile",0.6,113.049072795312
"14183",2020-12-12,"19","25  day ahead inc hosp",2021-01-06,"quantile",0.65,120.059507932123
"14184",2020-12-12,"19","25  day ahead inc hosp",2021-01-06,"quantile",0.7,127.44745061421
"14185",2020-12-12,"19","25  day ahead inc hosp",2021-01-06,"quantile",0.75,135.420202373037
"14186",2020-12-12,"19","25  day ahead inc hosp",2021-01-06,"quantile",0.8,144.298239535123
"14187",2020-12-12,"19","25  day ahead inc hosp",2021-01-06,"quantile",0.85,154.646676136933
"14188",2020-12-12,"19","25  day ahead inc hosp",2021-01-06,"quantile",0.9,167.6673723703
"14189",2020-12-12,"19","25  day ahead inc hosp",2021-01-06,"quantile",0.95,186.966005620387
"14190",2020-12-12,"19","25  day ahead inc hosp",2021-01-06,"quantile",0.975,203.704691882879
"14191",2020-12-12,"19","25  day ahead inc hosp",2021-01-06,"quantile",0.99,223.167032076698
"14192",2020-12-12,"19","26  day ahead inc hosp",2021-01-07,"quantile",0.01,0
"14193",2020-12-12,"19","26  day ahead inc hosp",2021-01-07,"quantile",0.025,0
"14194",2020-12-12,"19","26  day ahead inc hosp",2021-01-07,"quantile",0.05,10.6218144722876
"14195",2020-12-12,"19","26  day ahead inc hosp",2021-01-07,"quantile",0.1,30.2726701685025
"14196",2020-12-12,"19","26  day ahead inc hosp",2021-01-07,"quantile",0.15,43.5310092140921
"14197",2020-12-12,"19","26  day ahead inc hosp",2021-01-07,"quantile",0.2,54.0683167896258
"14198",2020-12-12,"19","26  day ahead inc hosp",2021-01-07,"quantile",0.25,63.1083884297763
"14199",2020-12-12,"19","26  day ahead inc hosp",2021-01-07,"quantile",0.3,71.2266521577911
"14200",2020-12-12,"19","26  day ahead inc hosp",2021-01-07,"quantile",0.35,78.7494333649494
"14201",2020-12-12,"19","26  day ahead inc hosp",2021-01-07,"quantile",0.4,85.8878170761645
"14202",2020-12-12,"19","26  day ahead inc hosp",2021-01-07,"quantile",0.45,92.7942859286067
"14203",2020-12-12,"19","26  day ahead inc hosp",2021-01-07,"quantile",0.5,99.5912553266845
"14204",2020-12-12,"19","26  day ahead inc hosp",2021-01-07,"quantile",0.55,106.388224724762
"14205",2020-12-12,"19","26  day ahead inc hosp",2021-01-07,"quantile",0.6,113.294693577204
"14206",2020-12-12,"19","26  day ahead inc hosp",2021-01-07,"quantile",0.65,120.433077288419
"14207",2020-12-12,"19","26  day ahead inc hosp",2021-01-07,"quantile",0.7,127.955858495578
"14208",2020-12-12,"19","26  day ahead inc hosp",2021-01-07,"quantile",0.75,136.074122223593
"14209",2020-12-12,"19","26  day ahead inc hosp",2021-01-07,"quantile",0.8,145.114193863743
"14210",2020-12-12,"19","26  day ahead inc hosp",2021-01-07,"quantile",0.85,155.651501439277
"14211",2020-12-12,"19","26  day ahead inc hosp",2021-01-07,"quantile",0.9,168.909840484866
"14212",2020-12-12,"19","26  day ahead inc hosp",2021-01-07,"quantile",0.95,188.560696181081
"14213",2020-12-12,"19","26  day ahead inc hosp",2021-01-07,"quantile",0.975,205.604882887253
"14214",2020-12-12,"19","26  day ahead inc hosp",2021-01-07,"quantile",0.99,225.422433368848
"14215",2020-12-12,"19","27  day ahead inc hosp",2021-01-08,"quantile",0.01,0
"14216",2020-12-12,"19","27  day ahead inc hosp",2021-01-08,"quantile",0.025,0
"14217",2020-12-12,"19","27  day ahead inc hosp",2021-01-08,"quantile",0.05,9.05520823492611
"14218",2020-12-12,"19","27  day ahead inc hosp",2021-01-08,"quantile",0.1,29.0520833374399
"14219",2020-12-12,"19","27  day ahead inc hosp",2021-01-08,"quantile",0.15,42.5438800337285
"14220",2020-12-12,"19","27  day ahead inc hosp",2021-01-08,"quantile",0.2,53.2667323492796
"14221",2020-12-12,"19","27  day ahead inc hosp",2021-01-08,"quantile",0.25,62.4659848551482
"14222",2020-12-12,"19","27  day ahead inc hosp",2021-01-08,"quantile",0.3,70.7271979202693
"14223",2020-12-12,"19","27  day ahead inc hosp",2021-01-08,"quantile",0.35,78.3824429919666
"14224",2020-12-12,"19","27  day ahead inc hosp",2021-01-08,"quantile",0.4,85.6465219569595
"14225",2020-12-12,"19","27  day ahead inc hosp",2021-01-08,"quantile",0.45,92.6746024220911
"14226",2020-12-12,"19","27  day ahead inc hosp",2021-01-08,"quantile",0.5,99.5912553266845
"14227",2020-12-12,"19","27  day ahead inc hosp",2021-01-08,"quantile",0.55,106.507908231278
"14228",2020-12-12,"19","27  day ahead inc hosp",2021-01-08,"quantile",0.6,113.535988696409
"14229",2020-12-12,"19","27  day ahead inc hosp",2021-01-08,"quantile",0.65,120.800067661402
"14230",2020-12-12,"19","27  day ahead inc hosp",2021-01-08,"quantile",0.7,128.4553127331
"14231",2020-12-12,"19","27  day ahead inc hosp",2021-01-08,"quantile",0.75,136.716525798221
"14232",2020-12-12,"19","27  day ahead inc hosp",2021-01-08,"quantile",0.8,145.915778304089
"14233",2020-12-12,"19","27  day ahead inc hosp",2021-01-08,"quantile",0.85,156.63863061964
"14234",2020-12-12,"19","27  day ahead inc hosp",2021-01-08,"quantile",0.9,170.130427315929
"14235",2020-12-12,"19","27  day ahead inc hosp",2021-01-08,"quantile",0.95,190.127302418443
"14236",2020-12-12,"19","27  day ahead inc hosp",2021-01-08,"quantile",0.975,207.471609356328
"14237",2020-12-12,"19","27  day ahead inc hosp",2021-01-08,"quantile",0.99,227.638114466563
"14238",2020-12-12,"19","28  day ahead inc hosp",2021-01-09,"quantile",0.01,0
"14239",2020-12-12,"19","28  day ahead inc hosp",2021-01-09,"quantile",0.025,0
"14240",2020-12-12,"19","28  day ahead inc hosp",2021-01-09,"quantile",0.05,7.51525280671103
"14241",2020-12-12,"19","28  day ahead inc hosp",2021-01-09,"quantile",0.1,27.8522608987979
"14242",2020-12-12,"19","28  day ahead inc hosp",2021-01-09,"quantile",0.15,41.5735437083666
"14243",2020-12-12,"19","28  day ahead inc hosp",2021-01-09,"quantile",0.2,52.4787843118948
"14244",2020-12-12,"19","28  day ahead inc hosp",2021-01-09,"quantile",0.25,61.8345097286867
"14245",2020-12-12,"19","28  day ahead inc hosp",2021-01-09,"quantile",0.3,70.2362403038155
"14246",2020-12-12,"19","28  day ahead inc hosp",2021-01-09,"quantile",0.35,78.0216957898301
"14247",2020-12-12,"19","28  day ahead inc hosp",2021-01-09,"quantile",0.4,85.4093317047061
"14248",2020-12-12,"19","28  day ahead inc hosp",2021-01-09,"quantile",0.45,92.5569549487625
"14249",2020-12-12,"19","28  day ahead inc hosp",2021-01-09,"quantile",0.5,99.5912553266845
"14250",2020-12-12,"19","28  day ahead inc hosp",2021-01-09,"quantile",0.55,106.625555704606
"14251",2020-12-12,"19","28  day ahead inc hosp",2021-01-09,"quantile",0.6,113.773178948663
"14252",2020-12-12,"19","28  day ahead inc hosp",2021-01-09,"quantile",0.65,121.160814863539
"14253",2020-12-12,"19","28  day ahead inc hosp",2021-01-09,"quantile",0.7,128.946270349553
"14254",2020-12-12,"19","28  day ahead inc hosp",2021-01-09,"quantile",0.75,137.348000924682
"14255",2020-12-12,"19","28  day ahead inc hosp",2021-01-09,"quantile",0.8,146.703726341474
"14256",2020-12-12,"19","28  day ahead inc hosp",2021-01-09,"quantile",0.85,157.608966945002
"14257",2020-12-12,"19","28  day ahead inc hosp",2021-01-09,"quantile",0.9,171.330249754571
"14258",2020-12-12,"19","28  day ahead inc hosp",2021-01-09,"quantile",0.95,191.667257846658
"14259",2020-12-12,"19","28  day ahead inc hosp",2021-01-09,"quantile",0.975,209.306579427612
"14260",2020-12-12,"19","28  day ahead inc hosp",2021-01-09,"quantile",0.99,229.816102816314
"14261",2020-12-12,"19","29  day ahead inc hosp",2021-01-10,"quantile",0.01,0
"14262",2020-12-12,"19","29  day ahead inc hosp",2021-01-10,"quantile",0.025,0
"14263",2020-12-12,"19","29  day ahead inc hosp",2021-01-10,"quantile",0.05,5.68074400719577
"14264",2020-12-12,"19","29  day ahead inc hosp",2021-01-10,"quantile",0.1,26.3522892423658
"14265",2020-12-12,"19","29  day ahead inc hosp",2021-01-10,"quantile",0.15,40.299282674154
"14266",2020-12-12,"19","29  day ahead inc hosp",2021-01-10,"quantile",0.2,51.38391092505
"14267",2020-12-12,"19","29  day ahead inc hosp",2021-01-10,"quantile",0.25,60.8935349703044
"14268",2020-12-12,"19","29  day ahead inc hosp",2021-01-10,"quantile",0.3,69.4334712702297
"14269",2020-12-12,"19","29  day ahead inc hosp",2021-01-10,"quantile",0.35,77.3469949570386
"14270",2020-12-12,"19","29  day ahead inc hosp",2021-01-10,"quantile",0.4,84.8561550706517
"14271",2020-12-12,"19","29  day ahead inc hosp",2021-01-10,"quantile",0.45,92.1213543833743
"14272",2020-12-12,"19","29  day ahead inc hosp",2021-01-10,"quantile",0.5,99.2713667058146
"14273",2020-12-12,"19","29  day ahead inc hosp",2021-01-10,"quantile",0.55,106.421379028255
"14274",2020-12-12,"19","29  day ahead inc hosp",2021-01-10,"quantile",0.6,113.686578340977
"14275",2020-12-12,"19","29  day ahead inc hosp",2021-01-10,"quantile",0.65,121.19573845459
"14276",2020-12-12,"19","29  day ahead inc hosp",2021-01-10,"quantile",0.7,129.109262141399
"14277",2020-12-12,"19","29  day ahead inc hosp",2021-01-10,"quantile",0.75,137.649198441325
"14278",2020-12-12,"19","29  day ahead inc hosp",2021-01-10,"quantile",0.8,147.158822486579
"14279",2020-12-12,"19","29  day ahead inc hosp",2021-01-10,"quantile",0.85,158.243450737475
"14280",2020-12-12,"19","29  day ahead inc hosp",2021-01-10,"quantile",0.9,172.190444169263
"14281",2020-12-12,"19","29  day ahead inc hosp",2021-01-10,"quantile",0.95,192.861989404433
"14282",2020-12-12,"19","29  day ahead inc hosp",2021-01-10,"quantile",0.975,210.791472066157
"14283",2020-12-12,"19","29  day ahead inc hosp",2021-01-10,"quantile",0.99,231.638370418245
"14284",2020-12-12,"19","30  day ahead inc hosp",2021-01-11,"quantile",0.01,0
"14285",2020-12-12,"19","30  day ahead inc hosp",2021-01-11,"quantile",0.025,0
"14286",2020-12-12,"19","30  day ahead inc hosp",2021-01-11,"quantile",0.05,4.19024831645038
"14287",2020-12-12,"19","30  day ahead inc hosp",2021-01-11,"quantile",0.1,25.1910022715291
"14288",2020-12-12,"19","30  day ahead inc hosp",2021-01-11,"quantile",0.15,39.3601112637178
"14289",2020-12-12,"19","30  day ahead inc hosp",2021-01-11,"quantile",0.2,50.6212699208136
"14290",2020-12-12,"19","30  day ahead inc hosp",2021-01-11,"quantile",0.25,60.2823413360219
"14291",2020-12-12,"19","30  day ahead inc hosp",2021-01-11,"quantile",0.3,68.9582820548436
"14292",2020-12-12,"19","30  day ahead inc hosp",2021-01-11,"quantile",0.35,76.9978341044703
"14293",2020-12-12,"19","30  day ahead inc hosp",2021-01-11,"quantile",0.4,84.6265828100569
"14294",2020-12-12,"19","30  day ahead inc hosp",2021-01-11,"quantile",0.45,92.0074854695015
"14295",2020-12-12,"19","30  day ahead inc hosp",2021-01-11,"quantile",0.5,99.2713667058146
"14296",2020-12-12,"19","30  day ahead inc hosp",2021-01-11,"quantile",0.55,106.535247942128
"14297",2020-12-12,"19","30  day ahead inc hosp",2021-01-11,"quantile",0.6,113.916150601572
"14298",2020-12-12,"19","30  day ahead inc hosp",2021-01-11,"quantile",0.65,121.544899307159
"14299",2020-12-12,"19","30  day ahead inc hosp",2021-01-11,"quantile",0.7,129.584451356785
"14300",2020-12-12,"19","30  day ahead inc hosp",2021-01-11,"quantile",0.75,138.260392075607
"14301",2020-12-12,"19","30  day ahead inc hosp",2021-01-11,"quantile",0.8,147.921463490816
"14302",2020-12-12,"19","30  day ahead inc hosp",2021-01-11,"quantile",0.85,159.182622147911
"14303",2020-12-12,"19","30  day ahead inc hosp",2021-01-11,"quantile",0.9,173.3517311401
"14304",2020-12-12,"19","30  day ahead inc hosp",2021-01-11,"quantile",0.95,194.352485095179
"14305",2020-12-12,"19","30  day ahead inc hosp",2021-01-11,"quantile",0.975,212.567507225217
"14306",2020-12-12,"19","30  day ahead inc hosp",2021-01-11,"quantile",0.99,233.746406917431
"14307",2020-12-12,"19","31  day ahead inc hosp",2021-01-12,"quantile",0.01,0
"14308",2020-12-12,"19","31  day ahead inc hosp",2021-01-12,"quantile",0.025,0
"14309",2020-12-12,"19","31  day ahead inc hosp",2021-01-12,"quantile",0.05,2.72275982187577
"14310",2020-12-12,"19","31  day ahead inc hosp",2021-01-12,"quantile",0.1,24.0476408521143
"14311",2020-12-12,"19","31  day ahead inc hosp",2021-01-12,"quantile",0.15,38.4354368431166
"14312",2020-12-12,"19","31  day ahead inc hosp",2021-01-12,"quantile",0.2,49.8704009943505
"14313",2020-12-12,"19","31  day ahead inc hosp",2021-01-12,"quantile",0.25,59.6805820475947
"14314",2020-12-12,"19","31  day ahead inc hosp",2021-01-12,"quantile",0.3,68.4904278297997
"14315",2020-12-12,"19","31  day ahead inc hosp",2021-01-12,"quantile",0.35,76.6540628764947
"14316",2020-12-12,"19","31  day ahead inc hosp",2021-01-12,"quantile",0.4,84.4005542121964
"14317",2020-12-12,"19","31  day ahead inc hosp",2021-01-12,"quantile",0.45,91.8953742289017
"14318",2020-12-12,"19","31  day ahead inc hosp",2021-01-12,"quantile",0.5,99.2713667058146
"14319",2020-12-12,"19","31  day ahead inc hosp",2021-01-12,"quantile",0.55,106.647359182727
"14320",2020-12-12,"19","31  day ahead inc hosp",2021-01-12,"quantile",0.6,114.142179199433
"14321",2020-12-12,"19","31  day ahead inc hosp",2021-01-12,"quantile",0.65,121.888670535134
"14322",2020-12-12,"19","31  day ahead inc hosp",2021-01-12,"quantile",0.7,130.052305581829
"14323",2020-12-12,"19","31  day ahead inc hosp",2021-01-12,"quantile",0.75,138.862151364034
"14324",2020-12-12,"19","31  day ahead inc hosp",2021-01-12,"quantile",0.8,148.672332417279
"14325",2020-12-12,"19","31  day ahead inc hosp",2021-01-12,"quantile",0.85,160.107296568513
"14326",2020-12-12,"19","31  day ahead inc hosp",2021-01-12,"quantile",0.9,174.495092559515
"14327",2020-12-12,"19","31  day ahead inc hosp",2021-01-12,"quantile",0.95,195.819973589753
"14328",2020-12-12,"19","31  day ahead inc hosp",2021-01-12,"quantile",0.975,214.316127619133
"14329",2020-12-12,"19","31  day ahead inc hosp",2021-01-12,"quantile",0.99,235.821903900017
"14330",2020-12-12,"19","32  day ahead inc hosp",2021-01-13,"quantile",0.01,0
"14331",2020-12-12,"19","32  day ahead inc hosp",2021-01-13,"quantile",0.025,0
"14332",2020-12-12,"19","32  day ahead inc hosp",2021-01-13,"quantile",0.05,1.27724490105311
"14333",2020-12-12,"19","32  day ahead inc hosp",2021-01-13,"quantile",0.1,22.9213996599228
"14334",2020-12-12,"19","32  day ahead inc hosp",2021-01-13,"quantile",0.15,37.5246081198771
"14335",2020-12-12,"19","32  day ahead inc hosp",2021-01-13,"quantile",0.2,49.1307752727198
"14336",2020-12-12,"19","32  day ahead inc hosp",2021-01-13,"quantile",0.25,59.0878332571401
"14337",2020-12-12,"19","32  day ahead inc hosp",2021-01-13,"quantile",0.3,68.0295790629636
"14338",2020-12-12,"19","32  day ahead inc hosp",2021-01-13,"quantile",0.35,76.3154391385741
"14339",2020-12-12,"19","32  day ahead inc hosp",2021-01-13,"quantile",0.4,84.1779100743051
"14340",2020-12-12,"19","32  day ahead inc hosp",2021-01-13,"quantile",0.45,91.7849416962597
"14341",2020-12-12,"19","32  day ahead inc hosp",2021-01-13,"quantile",0.5,99.2713667058146
"14342",2020-12-12,"19","32  day ahead inc hosp",2021-01-13,"quantile",0.55,106.757791715369
"14343",2020-12-12,"19","32  day ahead inc hosp",2021-01-13,"quantile",0.6,114.364823337324
"14344",2020-12-12,"19","32  day ahead inc hosp",2021-01-13,"quantile",0.65,122.227294273055
"14345",2020-12-12,"19","32  day ahead inc hosp",2021-01-13,"quantile",0.7,130.513154348666
"14346",2020-12-12,"19","32  day ahead inc hosp",2021-01-13,"quantile",0.75,139.454900154489
"14347",2020-12-12,"19","32  day ahead inc hosp",2021-01-13,"quantile",0.8,149.411958138909
"14348",2020-12-12,"19","32  day ahead inc hosp",2021-01-13,"quantile",0.85,161.018125291752
"14349",2020-12-12,"19","32  day ahead inc hosp",2021-01-13,"quantile",0.9,175.621333751706
"14350",2020-12-12,"19","32  day ahead inc hosp",2021-01-13,"quantile",0.95,197.265488510576
"14351",2020-12-12,"19","32  day ahead inc hosp",2021-01-13,"quantile",0.975,216.038564884981
"14352",2020-12-12,"19","32  day ahead inc hosp",2021-01-13,"quantile",0.99,237.866323237914
"14353",2020-12-12,"19","33  day ahead inc hosp",2021-01-14,"quantile",0.01,0
"14354",2020-12-12,"19","33  day ahead inc hosp",2021-01-14,"quantile",0.025,0
"14355",2020-12-12,"19","33  day ahead inc hosp",2021-01-14,"quantile",0.05,0
"14356",2020-12-12,"19","33  day ahead inc hosp",2021-01-14,"quantile",0.1,21.811531923491
"14357",2020-12-12,"19","33  day ahead inc hosp",2021-01-14,"quantile",0.15,36.6270211550709
"14358",2020-12-12,"19","33  day ahead inc hosp",2021-01-14,"quantile",0.2,48.4019023357642
"14359",2020-12-12,"19","33  day ahead inc hosp",2021-01-14,"quantile",0.25,58.5037019334985
"14360",2020-12-12,"19","33  day ahead inc hosp",2021-01-14,"quantile",0.3,67.5754301815055
"14361",2020-12-12,"19","33  day ahead inc hosp",2021-01-14,"quantile",0.35,75.9817383610554
"14362",2020-12-12,"19","33  day ahead inc hosp",2021-01-14,"quantile",0.4,83.958502768779
"14363",2020-12-12,"19","33  day ahead inc hosp",2021-01-14,"quantile",0.45,91.6761146475941
"14364",2020-12-12,"19","33  day ahead inc hosp",2021-01-14,"quantile",0.5,99.2713667058146
"14365",2020-12-12,"19","33  day ahead inc hosp",2021-01-14,"quantile",0.55,106.866618764035
"14366",2020-12-12,"19","33  day ahead inc hosp",2021-01-14,"quantile",0.6,114.58423064285
"14367",2020-12-12,"19","33  day ahead inc hosp",2021-01-14,"quantile",0.65,122.560995050574
"14368",2020-12-12,"19","33  day ahead inc hosp",2021-01-14,"quantile",0.7,130.967303230124
"14369",2020-12-12,"19","33  day ahead inc hosp",2021-01-14,"quantile",0.75,140.039031478131
"14370",2020-12-12,"19","33  day ahead inc hosp",2021-01-14,"quantile",0.8,150.140831075865
"14371",2020-12-12,"19","33  day ahead inc hosp",2021-01-14,"quantile",0.85,161.915712256558
"14372",2020-12-12,"19","33  day ahead inc hosp",2021-01-14,"quantile",0.9,176.731201488138
"14373",2020-12-12,"19","33  day ahead inc hosp",2021-01-14,"quantile",0.95,198.689988328444
"14374",2020-12-12,"19","33  day ahead inc hosp",2021-01-14,"quantile",0.975,217.73596111116
"14375",2020-12-12,"19","33  day ahead inc hosp",2021-01-14,"quantile",0.99,239.881020514662
"14376",2020-12-12,"19","34  day ahead inc hosp",2021-01-15,"quantile",0.01,0
"14377",2020-12-12,"19","34  day ahead inc hosp",2021-01-15,"quantile",0.025,0
"14378",2020-12-12,"19","34  day ahead inc hosp",2021-01-15,"quantile",0.05,0
"14379",2020-12-12,"19","34  day ahead inc hosp",2021-01-15,"quantile",0.1,20.7173436318754
"14380",2020-12-12,"19","34  day ahead inc hosp",2021-01-15,"quantile",0.15,35.7421146789576
"14381",2020-12-12,"19","34  day ahead inc hosp",2021-01-15,"quantile",0.2,47.6833264122436
"14382",2020-12-12,"19","34  day ahead inc hosp",2021-01-15,"quantile",0.25,57.9278228137491
"14383",2020-12-12,"19","34  day ahead inc hosp",2021-01-15,"quantile",0.3,67.1276972017728
"14384",2020-12-12,"19","34  day ahead inc hosp",2021-01-15,"quantile",0.35,75.6527518776408
"14385",2020-12-12,"19","34  day ahead inc hosp",2021-01-15,"quantile",0.4,83.7421950981251
"14386",2020-12-12,"19","34  day ahead inc hosp",2021-01-15,"quantile",0.45,91.5688250323073
"14387",2020-12-12,"19","34  day ahead inc hosp",2021-01-15,"quantile",0.5,99.2713667058146
"14388",2020-12-12,"19","34  day ahead inc hosp",2021-01-15,"quantile",0.55,106.973908379322
"14389",2020-12-12,"19","34  day ahead inc hosp",2021-01-15,"quantile",0.6,114.800538313504
"14390",2020-12-12,"19","34  day ahead inc hosp",2021-01-15,"quantile",0.65,122.889981533988
"14391",2020-12-12,"19","34  day ahead inc hosp",2021-01-15,"quantile",0.7,131.415036209856
"14392",2020-12-12,"19","34  day ahead inc hosp",2021-01-15,"quantile",0.75,140.61491059788
"14393",2020-12-12,"19","34  day ahead inc hosp",2021-01-15,"quantile",0.8,150.859406999386
"14394",2020-12-12,"19","34  day ahead inc hosp",2021-01-15,"quantile",0.85,162.800618732672
"14395",2020-12-12,"19","34  day ahead inc hosp",2021-01-15,"quantile",0.9,177.825389779754
"14396",2020-12-12,"19","34  day ahead inc hosp",2021-01-15,"quantile",0.95,200.094363796759
"14397",2020-12-12,"19","34  day ahead inc hosp",2021-01-15,"quantile",0.975,219.409377695815
"14398",2020-12-12,"19","34  day ahead inc hosp",2021-01-15,"quantile",0.99,241.867255539797
"14399",2020-12-12,"19","35  day ahead inc hosp",2021-01-16,"quantile",0.01,0
"14400",2020-12-12,"19","35  day ahead inc hosp",2021-01-16,"quantile",0.025,0
"14401",2020-12-12,"19","35  day ahead inc hosp",2021-01-16,"quantile",0.05,0
"14402",2020-12-12,"19","35  day ahead inc hosp",2021-01-16,"quantile",0.1,19.638188458949
"14403",2020-12-12,"19","35  day ahead inc hosp",2021-01-16,"quantile",0.15,34.8693659860943
"14404",2020-12-12,"19","35  day ahead inc hosp",2021-01-16,"quantile",0.2,46.974623046516
"14405",2020-12-12,"19","35  day ahead inc hosp",2021-01-16,"quantile",0.25,57.3598557318309
"14406",2020-12-12,"19","35  day ahead inc hosp",2021-01-16,"quantile",0.3,66.6861156523533
"14407",2020-12-12,"19","35  day ahead inc hosp",2021-01-16,"quantile",0.35,75.3282853592908
"14408",2020-12-12,"19","35  day ahead inc hosp",2021-01-16,"quantile",0.4,83.5288592915563
"14409",2020-12-12,"19","35  day ahead inc hosp",2021-01-16,"quantile",0.45,91.463009475492
"14410",2020-12-12,"19","35  day ahead inc hosp",2021-01-16,"quantile",0.5,99.2713667058146
"14411",2020-12-12,"19","35  day ahead inc hosp",2021-01-16,"quantile",0.55,107.079723936137
"14412",2020-12-12,"19","35  day ahead inc hosp",2021-01-16,"quantile",0.6,115.013874120073
"14413",2020-12-12,"19","35  day ahead inc hosp",2021-01-16,"quantile",0.65,123.214448052338
"14414",2020-12-12,"19","35  day ahead inc hosp",2021-01-16,"quantile",0.7,131.856617759276
"14415",2020-12-12,"19","35  day ahead inc hosp",2021-01-16,"quantile",0.75,141.182877679798
"14416",2020-12-12,"19","35  day ahead inc hosp",2021-01-16,"quantile",0.8,151.568110365113
"14417",2020-12-12,"19","35  day ahead inc hosp",2021-01-16,"quantile",0.85,163.673367425535
"14418",2020-12-12,"19","35  day ahead inc hosp",2021-01-16,"quantile",0.9,178.90454495268
"14419",2020-12-12,"19","35  day ahead inc hosp",2021-01-16,"quantile",0.95,201.479444466125
"14420",2020-12-12,"19","35  day ahead inc hosp",2021-01-16,"quantile",0.975,221.059803109455
"14421",2020-12-12,"19","35  day ahead inc hosp",2021-01-16,"quantile",0.99,243.826201562566
"14422",2020-12-12,"19","36  day ahead inc hosp",2021-01-17,"quantile",0.01,0
"14423",2020-12-12,"19","36  day ahead inc hosp",2021-01-17,"quantile",0.025,0
"14424",2020-12-12,"19","36  day ahead inc hosp",2021-01-17,"quantile",0.05,0
"14425",2020-12-12,"19","36  day ahead inc hosp",2021-01-17,"quantile",0.1,17.8216174042538
"14426",2020-12-12,"19","36  day ahead inc hosp",2021-01-17,"quantile",0.15,33.2564414301245
"14427",2020-12-12,"19","36  day ahead inc hosp",2021-01-17,"quantile",0.2,45.5235502720077
"14428",2020-12-12,"19","36  day ahead inc hosp",2021-01-17,"quantile",0.25,56.0476373742608
"14429",2020-12-12,"19","36  day ahead inc hosp",2021-01-17,"quantile",0.3,65.4985928526698
"14430",2020-12-12,"19","36  day ahead inc hosp",2021-01-17,"quantile",0.35,74.2563115773423
"14431",2020-12-12,"19","36  day ahead inc hosp",2021-01-17,"quantile",0.4,82.5665302278751
"14432",2020-12-12,"19","36  day ahead inc hosp",2021-01-17,"quantile",0.45,90.6067629456426
"14433",2020-12-12,"19","36  day ahead inc hosp",2021-01-17,"quantile",0.5,98.5195208113013
"14434",2020-12-12,"19","36  day ahead inc hosp",2021-01-17,"quantile",0.55,106.43227867696
"14435",2020-12-12,"19","36  day ahead inc hosp",2021-01-17,"quantile",0.6,114.472511394727
"14436",2020-12-12,"19","36  day ahead inc hosp",2021-01-17,"quantile",0.65,122.78273004526
"14437",2020-12-12,"19","36  day ahead inc hosp",2021-01-17,"quantile",0.7,131.540448769933
"14438",2020-12-12,"19","36  day ahead inc hosp",2021-01-17,"quantile",0.75,140.991404248342
"14439",2020-12-12,"19","36  day ahead inc hosp",2021-01-17,"quantile",0.8,151.515491350595
"14440",2020-12-12,"19","36  day ahead inc hosp",2021-01-17,"quantile",0.85,163.782600192478
"14441",2020-12-12,"19","36  day ahead inc hosp",2021-01-17,"quantile",0.9,179.217424218349
"14442",2020-12-12,"19","36  day ahead inc hosp",2021-01-17,"quantile",0.95,202.094158520128
"14443",2020-12-12,"19","36  day ahead inc hosp",2021-01-17,"quantile",0.975,221.936313828516
"14444",2020-12-12,"19","36  day ahead inc hosp",2021-01-17,"quantile",0.99,245.007107481886
"14445",2020-12-12,"19","37  day ahead inc hosp",2021-01-18,"quantile",0.01,0
"14446",2020-12-12,"19","37  day ahead inc hosp",2021-01-18,"quantile",0.025,0
"14447",2020-12-12,"19","37  day ahead inc hosp",2021-01-18,"quantile",0.05,0
"14448",2020-12-12,"19","37  day ahead inc hosp",2021-01-18,"quantile",0.1,16.7707584299094
"14449",2020-12-12,"19","37  day ahead inc hosp",2021-01-18,"quantile",0.15,32.4065768144959
"14450",2020-12-12,"19","37  day ahead inc hosp",2021-01-18,"quantile",0.2,44.8334296010357
"14451",2020-12-12,"19","37  day ahead inc hosp",2021-01-18,"quantile",0.25,55.4945627839335
"14452",2020-12-12,"19","37  day ahead inc hosp",2021-01-18,"quantile",0.3,65.0685898783487
"14453",2020-12-12,"19","37  day ahead inc hosp",2021-01-18,"quantile",0.35,73.9403527965882
"14454",2020-12-12,"19","37  day ahead inc hosp",2021-01-18,"quantile",0.4,82.3587882344101
"14455",2020-12-12,"19","37  day ahead inc hosp",2021-01-18,"quantile",0.45,90.5037219462625
"14456",2020-12-12,"19","37  day ahead inc hosp",2021-01-18,"quantile",0.5,98.5195208113013
"14457",2020-12-12,"19","37  day ahead inc hosp",2021-01-18,"quantile",0.55,106.53531967634
"14458",2020-12-12,"19","37  day ahead inc hosp",2021-01-18,"quantile",0.6,114.680253388192
"14459",2020-12-12,"19","37  day ahead inc hosp",2021-01-18,"quantile",0.65,123.098688826014
"14460",2020-12-12,"19","37  day ahead inc hosp",2021-01-18,"quantile",0.7,131.970451744254
"14461",2020-12-12,"19","37  day ahead inc hosp",2021-01-18,"quantile",0.75,141.544478838669
"14462",2020-12-12,"19","37  day ahead inc hosp",2021-01-18,"quantile",0.8,152.205612021567
"14463",2020-12-12,"19","37  day ahead inc hosp",2021-01-18,"quantile",0.85,164.632464808107
"14464",2020-12-12,"19","37  day ahead inc hosp",2021-01-18,"quantile",0.9,180.268283192693
"14465",2020-12-12,"19","37  day ahead inc hosp",2021-01-18,"quantile",0.95,203.442921411795
"14466",2020-12-12,"19","37  day ahead inc hosp",2021-01-18,"quantile",0.975,223.543463940865
"14467",2020-12-12,"19","37  day ahead inc hosp",2021-01-18,"quantile",0.99,246.914688578589
"14468",2020-12-12,"20","1  day ahead inc hosp",2020-12-13,"quantile",0.01,83.4644805083868
"14469",2020-12-12,"20","1  day ahead inc hosp",2020-12-13,"quantile",0.025,88.8348441161919
"14470",2020-12-12,"20","1  day ahead inc hosp",2020-12-13,"quantile",0.05,93.4536530904128
"14471",2020-12-12,"20","1  day ahead inc hosp",2020-12-13,"quantile",0.1,98.7788440312002
"14472",2020-12-12,"20","1  day ahead inc hosp",2020-12-13,"quantile",0.15,102.371725077549
"14473",2020-12-12,"20","1  day ahead inc hosp",2020-12-13,"quantile",0.2,105.22723303654
"14474",2020-12-12,"20","1  day ahead inc hosp",2020-12-13,"quantile",0.25,107.677004606104
"14475",2020-12-12,"20","1  day ahead inc hosp",2020-12-13,"quantile",0.3,109.876975188946
"14476",2020-12-12,"20","1  day ahead inc hosp",2020-12-13,"quantile",0.35,111.915575795107
"14477",2020-12-12,"20","1  day ahead inc hosp",2020-12-13,"quantile",0.4,113.850008415166
"14478",2020-12-12,"20","1  day ahead inc hosp",2020-12-13,"quantile",0.45,115.721594362079
"14479",2020-12-12,"20","1  day ahead inc hosp",2020-12-13,"quantile",0.5,117.563507020897
"14480",2020-12-12,"20","1  day ahead inc hosp",2020-12-13,"quantile",0.55,119.405419679714
"14481",2020-12-12,"20","1  day ahead inc hosp",2020-12-13,"quantile",0.6,121.277005626627
"14482",2020-12-12,"20","1  day ahead inc hosp",2020-12-13,"quantile",0.65,123.211438246686
"14483",2020-12-12,"20","1  day ahead inc hosp",2020-12-13,"quantile",0.7,125.250038852847
"14484",2020-12-12,"20","1  day ahead inc hosp",2020-12-13,"quantile",0.75,127.450009435689
"14485",2020-12-12,"20","1  day ahead inc hosp",2020-12-13,"quantile",0.8,129.899781005253
"14486",2020-12-12,"20","1  day ahead inc hosp",2020-12-13,"quantile",0.85,132.755288964244
"14487",2020-12-12,"20","1  day ahead inc hosp",2020-12-13,"quantile",0.9,136.348170010593
"14488",2020-12-12,"20","1  day ahead inc hosp",2020-12-13,"quantile",0.95,141.67336095138
"14489",2020-12-12,"20","1  day ahead inc hosp",2020-12-13,"quantile",0.975,146.292169925601
"14490",2020-12-12,"20","1  day ahead inc hosp",2020-12-13,"quantile",0.99,151.662533533406
"14491",2020-12-12,"20","2  day ahead inc hosp",2020-12-14,"quantile",0.01,86.9660254532037
"14492",2020-12-12,"20","2  day ahead inc hosp",2020-12-14,"quantile",0.025,92.875454781407
"14493",2020-12-12,"20","2  day ahead inc hosp",2020-12-14,"quantile",0.05,97.9578900142765
"14494",2020-12-12,"20","2  day ahead inc hosp",2020-12-14,"quantile",0.1,103.817612338857
"14495",2020-12-12,"20","2  day ahead inc hosp",2020-12-14,"quantile",0.15,107.771139172158
"14496",2020-12-12,"20","2  day ahead inc hosp",2020-12-14,"quantile",0.2,110.913276969914
"14497",2020-12-12,"20","2  day ahead inc hosp",2020-12-14,"quantile",0.25,113.608951419134
"14498",2020-12-12,"20","2  day ahead inc hosp",2020-12-14,"quantile",0.3,116.029750387855
"14499",2020-12-12,"20","2  day ahead inc hosp",2020-12-14,"quantile",0.35,118.272981403541
"14500",2020-12-12,"20","2  day ahead inc hosp",2020-12-14,"quantile",0.4,120.401588271388
"14501",2020-12-12,"20","2  day ahead inc hosp",2020-12-14,"quantile",0.45,122.461040050196
"14502",2020-12-12,"20","2  day ahead inc hosp",2020-12-14,"quantile",0.5,124.487839999121
"14503",2020-12-12,"20","2  day ahead inc hosp",2020-12-14,"quantile",0.55,126.514639948045
"14504",2020-12-12,"20","2  day ahead inc hosp",2020-12-14,"quantile",0.6,128.574091726853
"14505",2020-12-12,"20","2  day ahead inc hosp",2020-12-14,"quantile",0.65,130.7026985947
"14506",2020-12-12,"20","2  day ahead inc hosp",2020-12-14,"quantile",0.7,132.945929610386
"14507",2020-12-12,"20","2  day ahead inc hosp",2020-12-14,"quantile",0.75,135.366728579107
"14508",2020-12-12,"20","2  day ahead inc hosp",2020-12-14,"quantile",0.8,138.062403028328
"14509",2020-12-12,"20","2  day ahead inc hosp",2020-12-14,"quantile",0.85,141.204540826084
"14510",2020-12-12,"20","2  day ahead inc hosp",2020-12-14,"quantile",0.9,145.158067659384
"14511",2020-12-12,"20","2  day ahead inc hosp",2020-12-14,"quantile",0.95,151.017789983965
"14512",2020-12-12,"20","2  day ahead inc hosp",2020-12-14,"quantile",0.975,156.100225216834
"14513",2020-12-12,"20","2  day ahead inc hosp",2020-12-14,"quantile",0.99,162.009654545038
"14514",2020-12-12,"20","3  day ahead inc hosp",2020-12-15,"quantile",0.01,82.3769696415741
"14515",2020-12-12,"20","3  day ahead inc hosp",2020-12-15,"quantile",0.025,88.4345205624277
"14516",2020-12-12,"20","3  day ahead inc hosp",2020-12-15,"quantile",0.05,93.644348536529
"14517",2020-12-12,"20","3  day ahead inc hosp",2020-12-15,"quantile",0.1,99.6509465330233
"14518",2020-12-12,"20","3  day ahead inc hosp",2020-12-15,"quantile",0.15,103.70356968487
"14519",2020-12-12,"20","3  day ahead inc hosp",2020-12-15,"quantile",0.2,106.92446609519
"14520",2020-12-12,"20","3  day ahead inc hosp",2020-12-15,"quantile",0.25,109.687708421189
"14521",2020-12-12,"20","3  day ahead inc hosp",2020-12-15,"quantile",0.3,112.169185431531
"14522",2020-12-12,"20","3  day ahead inc hosp",2020-12-15,"quantile",0.35,114.468643695615
"14523",2020-12-12,"20","3  day ahead inc hosp",2020-12-15,"quantile",0.4,116.650604723717
"14524",2020-12-12,"20","3  day ahead inc hosp",2020-12-15,"quantile",0.45,118.761677270035
"14525",2020-12-12,"20","3  day ahead inc hosp",2020-12-15,"quantile",0.5,120.839279558702
"14526",2020-12-12,"20","3  day ahead inc hosp",2020-12-15,"quantile",0.55,122.916881847369
"14527",2020-12-12,"20","3  day ahead inc hosp",2020-12-15,"quantile",0.6,125.027954393687
"14528",2020-12-12,"20","3  day ahead inc hosp",2020-12-15,"quantile",0.65,127.209915421789
"14529",2020-12-12,"20","3  day ahead inc hosp",2020-12-15,"quantile",0.7,129.509373685873
"14530",2020-12-12,"20","3  day ahead inc hosp",2020-12-15,"quantile",0.75,131.990850696215
"14531",2020-12-12,"20","3  day ahead inc hosp",2020-12-15,"quantile",0.8,134.754093022214
"14532",2020-12-12,"20","3  day ahead inc hosp",2020-12-15,"quantile",0.85,137.974989432534
"14533",2020-12-12,"20","3  day ahead inc hosp",2020-12-15,"quantile",0.9,142.027612584381
"14534",2020-12-12,"20","3  day ahead inc hosp",2020-12-15,"quantile",0.95,148.034210580875
"14535",2020-12-12,"20","3  day ahead inc hosp",2020-12-15,"quantile",0.975,153.244038554976
"14536",2020-12-12,"20","3  day ahead inc hosp",2020-12-15,"quantile",0.99,159.30158947583
"14537",2020-12-12,"20","4  day ahead inc hosp",2020-12-16,"quantile",0.01,84.7217885826817
"14538",2020-12-12,"20","4  day ahead inc hosp",2020-12-16,"quantile",0.025,91.1837037163417
"14539",2020-12-12,"20","4  day ahead inc hosp",2020-12-16,"quantile",0.05,96.7413072213677
"14540",2020-12-12,"20","4  day ahead inc hosp",2020-12-16,"quantile",0.1,103.148868132121
"14541",2020-12-12,"20","4  day ahead inc hosp",2020-12-16,"quantile",0.15,107.472019058642
"14542",2020-12-12,"20","4  day ahead inc hosp",2020-12-16,"quantile",0.2,110.907922368368
"14543",2020-12-12,"20","4  day ahead inc hosp",2020-12-16,"quantile",0.25,113.855621469481
"14544",2020-12-12,"20","4  day ahead inc hosp",2020-12-16,"quantile",0.3,116.502746364751
"14545",2020-12-12,"20","4  day ahead inc hosp",2020-12-16,"quantile",0.35,118.955702080691
"14546",2020-12-12,"20","4  day ahead inc hosp",2020-12-16,"quantile",0.4,121.283317180055
"14547",2020-12-12,"20","4  day ahead inc hosp",2020-12-16,"quantile",0.45,123.53531172596
"14548",2020-12-12,"20","4  day ahead inc hosp",2020-12-16,"quantile",0.5,125.751601749152
"14549",2020-12-12,"20","4  day ahead inc hosp",2020-12-16,"quantile",0.55,127.967891772344
"14550",2020-12-12,"20","4  day ahead inc hosp",2020-12-16,"quantile",0.6,130.219886318249
"14551",2020-12-12,"20","4  day ahead inc hosp",2020-12-16,"quantile",0.65,132.547501417614
"14552",2020-12-12,"20","4  day ahead inc hosp",2020-12-16,"quantile",0.7,135.000457133553
"14553",2020-12-12,"20","4  day ahead inc hosp",2020-12-16,"quantile",0.75,137.647582028824
"14554",2020-12-12,"20","4  day ahead inc hosp",2020-12-16,"quantile",0.8,140.595281129937
"14555",2020-12-12,"20","4  day ahead inc hosp",2020-12-16,"quantile",0.85,144.031184439663
"14556",2020-12-12,"20","4  day ahead inc hosp",2020-12-16,"quantile",0.9,148.354335366184
"14557",2020-12-12,"20","4  day ahead inc hosp",2020-12-16,"quantile",0.95,154.761896276937
"14558",2020-12-12,"20","4  day ahead inc hosp",2020-12-16,"quantile",0.975,160.319499781963
"14559",2020-12-12,"20","4  day ahead inc hosp",2020-12-16,"quantile",0.99,166.781414915623
"14560",2020-12-12,"20","5  day ahead inc hosp",2020-12-17,"quantile",0.01,81.602531180931
"14561",2020-12-12,"20","5  day ahead inc hosp",2020-12-17,"quantile",0.025,88.2376611020002
"14562",2020-12-12,"20","5  day ahead inc hosp",2020-12-17,"quantile",0.05,93.9442388800886
"14563",2020-12-12,"20","5  day ahead inc hosp",2020-12-17,"quantile",0.1,100.523557586791
"14564",2020-12-12,"20","5  day ahead inc hosp",2020-12-17,"quantile",0.15,104.962592682817
"14565",2020-12-12,"20","5  day ahead inc hosp",2020-12-17,"quantile",0.2,108.490597056863
"14566",2020-12-12,"20","5  day ahead inc hosp",2020-12-17,"quantile",0.25,111.517310670328
"14567",2020-12-12,"20","5  day ahead inc hosp",2020-12-17,"quantile",0.3,114.235393039736
"14568",2020-12-12,"20","5  day ahead inc hosp",2020-12-17,"quantile",0.35,116.754101430242
"14569",2020-12-12,"20","5  day ahead inc hosp",2020-12-17,"quantile",0.4,119.144109387802
"14570",2020-12-12,"20","5  day ahead inc hosp",2020-12-17,"quantile",0.45,121.456469746078
"14571",2020-12-12,"20","5  day ahead inc hosp",2020-12-17,"quantile",0.5,123.732168504493
"14572",2020-12-12,"20","5  day ahead inc hosp",2020-12-17,"quantile",0.55,126.007867262907
"14573",2020-12-12,"20","5  day ahead inc hosp",2020-12-17,"quantile",0.6,128.320227621183
"14574",2020-12-12,"20","5  day ahead inc hosp",2020-12-17,"quantile",0.65,130.710235578743
"14575",2020-12-12,"20","5  day ahead inc hosp",2020-12-17,"quantile",0.7,133.228943969249
"14576",2020-12-12,"20","5  day ahead inc hosp",2020-12-17,"quantile",0.75,135.947026338658
"14577",2020-12-12,"20","5  day ahead inc hosp",2020-12-17,"quantile",0.8,138.973739952123
"14578",2020-12-12,"20","5  day ahead inc hosp",2020-12-17,"quantile",0.85,142.501744326168
"14579",2020-12-12,"20","5  day ahead inc hosp",2020-12-17,"quantile",0.9,146.940779422195
"14580",2020-12-12,"20","5  day ahead inc hosp",2020-12-17,"quantile",0.95,153.520098128897
"14581",2020-12-12,"20","5  day ahead inc hosp",2020-12-17,"quantile",0.975,159.226675906985
"14582",2020-12-12,"20","5  day ahead inc hosp",2020-12-17,"quantile",0.99,165.861805828054
"14583",2020-12-12,"20","6  day ahead inc hosp",2020-12-18,"quantile",0.01,83.1198253535022
"14584",2020-12-12,"20","6  day ahead inc hosp",2020-12-18,"quantile",0.025,90.081898809834
"14585",2020-12-12,"20","6  day ahead inc hosp",2020-12-18,"quantile",0.05,96.0696660650259
"14586",2020-12-12,"20","6  day ahead inc hosp",2020-12-18,"quantile",0.1,102.973178230361
"14587",2020-12-12,"20","6  day ahead inc hosp",2020-12-18,"quantile",0.15,107.630945113815
"14588",2020-12-12,"20","6  day ahead inc hosp",2020-12-18,"quantile",0.2,111.332790578569
"14589",2020-12-12,"20","6  day ahead inc hosp",2020-12-18,"quantile",0.25,114.508644368758
"14590",2020-12-12,"20","6  day ahead inc hosp",2020-12-18,"quantile",0.3,117.360659226235
"14591",2020-12-12,"20","6  day ahead inc hosp",2020-12-18,"quantile",0.35,120.003476026868
"14592",2020-12-12,"20","6  day ahead inc hosp",2020-12-18,"quantile",0.4,122.51125072905
"14593",2020-12-12,"20","6  day ahead inc hosp",2020-12-18,"quantile",0.45,124.937551775652
"14594",2020-12-12,"20","6  day ahead inc hosp",2020-12-18,"quantile",0.5,127.325384735825
"14595",2020-12-12,"20","6  day ahead inc hosp",2020-12-18,"quantile",0.55,129.713217695999
"14596",2020-12-12,"20","6  day ahead inc hosp",2020-12-18,"quantile",0.6,132.1395187426
"14597",2020-12-12,"20","6  day ahead inc hosp",2020-12-18,"quantile",0.65,134.647293444783
"14598",2020-12-12,"20","6  day ahead inc hosp",2020-12-18,"quantile",0.7,137.290110245416
"14599",2020-12-12,"20","6  day ahead inc hosp",2020-12-18,"quantile",0.75,140.142125102893
"14600",2020-12-12,"20","6  day ahead inc hosp",2020-12-18,"quantile",0.8,143.317978893082
"14601",2020-12-12,"20","6  day ahead inc hosp",2020-12-18,"quantile",0.85,147.019824357836
"14602",2020-12-12,"20","6  day ahead inc hosp",2020-12-18,"quantile",0.9,151.67759124129
"14603",2020-12-12,"20","6  day ahead inc hosp",2020-12-18,"quantile",0.95,158.581103406625
"14604",2020-12-12,"20","6  day ahead inc hosp",2020-12-18,"quantile",0.975,164.568870661817
"14605",2020-12-12,"20","6  day ahead inc hosp",2020-12-18,"quantile",0.99,171.530944118148
"14606",2020-12-12,"20","7  day ahead inc hosp",2020-12-19,"quantile",0.01,80.9863633283779
"14607",2020-12-12,"20","7  day ahead inc hosp",2020-12-19,"quantile",0.025,88.1346110656576
"14608",2020-12-12,"20","7  day ahead inc hosp",2020-12-19,"quantile",0.05,94.2824984733028
"14609",2020-12-12,"20","7  day ahead inc hosp",2020-12-19,"quantile",0.1,101.370618919699
"14610",2020-12-12,"20","7  day ahead inc hosp",2020-12-19,"quantile",0.15,106.152940133955
"14611",2020-12-12,"20","7  day ahead inc hosp",2020-12-19,"quantile",0.2,109.953777432379
"14612",2020-12-12,"20","7  day ahead inc hosp",2020-12-19,"quantile",0.25,113.214557401456
"14613",2020-12-12,"20","7  day ahead inc hosp",2020-12-19,"quantile",0.3,116.142838592328
"14614",2020-12-12,"20","7  day ahead inc hosp",2020-12-19,"quantile",0.35,118.856327516808
"14615",2020-12-12,"20","7  day ahead inc hosp",2020-12-19,"quantile",0.4,121.431163153478
"14616",2020-12-12,"20","7  day ahead inc hosp",2020-12-19,"quantile",0.45,123.922346430287
"14617",2020-12-12,"20","7  day ahead inc hosp",2020-12-19,"quantile",0.5,126.374032937421
"14618",2020-12-12,"20","7  day ahead inc hosp",2020-12-19,"quantile",0.55,128.825719444555
"14619",2020-12-12,"20","7  day ahead inc hosp",2020-12-19,"quantile",0.6,131.316902721364
"14620",2020-12-12,"20","7  day ahead inc hosp",2020-12-19,"quantile",0.65,133.891738358034
"14621",2020-12-12,"20","7  day ahead inc hosp",2020-12-19,"quantile",0.7,136.605227282514
"14622",2020-12-12,"20","7  day ahead inc hosp",2020-12-19,"quantile",0.75,139.533508473387
"14623",2020-12-12,"20","7  day ahead inc hosp",2020-12-19,"quantile",0.8,142.794288442463
"14624",2020-12-12,"20","7  day ahead inc hosp",2020-12-19,"quantile",0.85,146.595125740887
"14625",2020-12-12,"20","7  day ahead inc hosp",2020-12-19,"quantile",0.9,151.377446955143
"14626",2020-12-12,"20","7  day ahead inc hosp",2020-12-19,"quantile",0.95,158.465567401539
"14627",2020-12-12,"20","7  day ahead inc hosp",2020-12-19,"quantile",0.975,164.613454809184
"14628",2020-12-12,"20","7  day ahead inc hosp",2020-12-19,"quantile",0.99,171.761702546464
"14629",2020-12-12,"20","8  day ahead inc hosp",2020-12-20,"quantile",0.01,82.0807583026319
"14630",2020-12-12,"20","8  day ahead inc hosp",2020-12-20,"quantile",0.025,89.5077534173387
"14631",2020-12-12,"20","8  day ahead inc hosp",2020-12-20,"quantile",0.05,95.8953789474697
"14632",2020-12-12,"20","8  day ahead inc hosp",2020-12-20,"quantile",0.1,103.25990209533
"14633",2020-12-12,"20","8  day ahead inc hosp",2020-12-20,"quantile",0.15,108.22871090004
"14634",2020-12-12,"20","8  day ahead inc hosp",2020-12-20,"quantile",0.2,112.177762623578
"14635",2020-12-12,"20","8  day ahead inc hosp",2020-12-20,"quantile",0.25,115.565697372141
"14636",2020-12-12,"20","8  day ahead inc hosp",2020-12-20,"quantile",0.3,118.608167484876
"14637",2020-12-12,"20","8  day ahead inc hosp",2020-12-20,"quantile",0.35,121.427469463013
"14638",2020-12-12,"20","8  day ahead inc hosp",2020-12-20,"quantile",0.4,124.102711340122
"14639",2020-12-12,"20","8  day ahead inc hosp",2020-12-20,"quantile",0.45,126.691038816548
"14640",2020-12-12,"20","8  day ahead inc hosp",2020-12-20,"quantile",0.5,129.238329338715
"14641",2020-12-12,"20","8  day ahead inc hosp",2020-12-20,"quantile",0.55,131.785619860882
"14642",2020-12-12,"20","8  day ahead inc hosp",2020-12-20,"quantile",0.6,134.373947337308
"14643",2020-12-12,"20","8  day ahead inc hosp",2020-12-20,"quantile",0.65,137.049189214418
"14644",2020-12-12,"20","8  day ahead inc hosp",2020-12-20,"quantile",0.7,139.868491192554
"14645",2020-12-12,"20","8  day ahead inc hosp",2020-12-20,"quantile",0.75,142.910961305289
"14646",2020-12-12,"20","8  day ahead inc hosp",2020-12-20,"quantile",0.8,146.298896053852
"14647",2020-12-12,"20","8  day ahead inc hosp",2020-12-20,"quantile",0.85,150.247947777391
"14648",2020-12-12,"20","8  day ahead inc hosp",2020-12-20,"quantile",0.9,155.2167565821
"14649",2020-12-12,"20","8  day ahead inc hosp",2020-12-20,"quantile",0.95,162.581279729961
"14650",2020-12-12,"20","8  day ahead inc hosp",2020-12-20,"quantile",0.975,168.968905260092
"14651",2020-12-12,"20","8  day ahead inc hosp",2020-12-20,"quantile",0.99,176.395900374798
"14652",2020-12-12,"20","9  day ahead inc hosp",2020-12-21,"quantile",0.01,80.6158226637026
"14653",2020-12-12,"20","9  day ahead inc hosp",2020-12-21,"quantile",0.025,88.2339884718879
"14654",2020-12-12,"20","9  day ahead inc hosp",2020-12-21,"quantile",0.05,94.7860313448899
"14655",2020-12-12,"20","9  day ahead inc hosp",2020-12-21,"quantile",0.1,102.340117159155
"14656",2020-12-12,"20","9  day ahead inc hosp",2020-12-21,"quantile",0.15,107.436822994936
"14657",2020-12-12,"20","9  day ahead inc hosp",2020-12-21,"quantile",0.2,111.487523224353
"14658",2020-12-12,"20","9  day ahead inc hosp",2020-12-21,"quantile",0.25,114.962663340004
"14659",2020-12-12,"20","9  day ahead inc hosp",2020-12-21,"quantile",0.3,118.08344656758
"14660",2020-12-12,"20","9  day ahead inc hosp",2020-12-21,"quantile",0.35,120.975317317603
"14661",2020-12-12,"20","9  day ahead inc hosp",2020-12-21,"quantile",0.4,123.719419862718
"14662",2020-12-12,"20","9  day ahead inc hosp",2020-12-21,"quantile",0.45,126.374370832357
"14663",2020-12-12,"20","9  day ahead inc hosp",2020-12-21,"quantile",0.5,128.987228557423
"14664",2020-12-12,"20","9  day ahead inc hosp",2020-12-21,"quantile",0.55,131.600086282489
"14665",2020-12-12,"20","9  day ahead inc hosp",2020-12-21,"quantile",0.6,134.255037252127
"14666",2020-12-12,"20","9  day ahead inc hosp",2020-12-21,"quantile",0.65,136.999139797242
"14667",2020-12-12,"20","9  day ahead inc hosp",2020-12-21,"quantile",0.7,139.891010547266
"14668",2020-12-12,"20","9  day ahead inc hosp",2020-12-21,"quantile",0.75,143.011793774841
"14669",2020-12-12,"20","9  day ahead inc hosp",2020-12-21,"quantile",0.8,146.486933890493
"14670",2020-12-12,"20","9  day ahead inc hosp",2020-12-21,"quantile",0.85,150.537634119909
"14671",2020-12-12,"20","9  day ahead inc hosp",2020-12-21,"quantile",0.9,155.634339955691
"14672",2020-12-12,"20","9  day ahead inc hosp",2020-12-21,"quantile",0.95,163.188425769956
"14673",2020-12-12,"20","9  day ahead inc hosp",2020-12-21,"quantile",0.975,169.740468642958
"14674",2020-12-12,"20","9  day ahead inc hosp",2020-12-21,"quantile",0.99,177.358634451143
"14675",2020-12-12,"20","10  day ahead inc hosp",2020-12-22,"quantile",0.01,81.210161145705
"14676",2020-12-12,"20","10  day ahead inc hosp",2020-12-22,"quantile",0.025,89.0751277429403
"14677",2020-12-12,"20","10  day ahead inc hosp",2020-12-22,"quantile",0.05,95.8394329099985
"14678",2020-12-12,"20","10  day ahead inc hosp",2020-12-22,"quantile",0.1,103.638243555207
"14679",2020-12-12,"20","10  day ahead inc hosp",2020-12-22,"quantile",0.15,108.900064072593
"14680",2020-12-12,"20","10  day ahead inc hosp",2020-12-22,"quantile",0.2,113.081992216706
"14681",2020-12-12,"20","10  day ahead inc hosp",2020-12-22,"quantile",0.25,116.669714198413
"14682",2020-12-12,"20","10  day ahead inc hosp",2020-12-22,"quantile",0.3,119.891599421195
"14683",2020-12-12,"20","10  day ahead inc hosp",2020-12-22,"quantile",0.35,122.877156236986
"14684",2020-12-12,"20","10  day ahead inc hosp",2020-12-22,"quantile",0.4,125.710157696934
"14685",2020-12-12,"20","10  day ahead inc hosp",2020-12-22,"quantile",0.45,128.451119395493
"14686",2020-12-12,"20","10  day ahead inc hosp",2020-12-22,"quantile",0.5,131.148624181867
"14687",2020-12-12,"20","10  day ahead inc hosp",2020-12-22,"quantile",0.55,133.846128968241
"14688",2020-12-12,"20","10  day ahead inc hosp",2020-12-22,"quantile",0.6,136.5870906668
"14689",2020-12-12,"20","10  day ahead inc hosp",2020-12-22,"quantile",0.65,139.420092126748
"14690",2020-12-12,"20","10  day ahead inc hosp",2020-12-22,"quantile",0.7,142.40564894254
"14691",2020-12-12,"20","10  day ahead inc hosp",2020-12-22,"quantile",0.75,145.627534165322
"14692",2020-12-12,"20","10  day ahead inc hosp",2020-12-22,"quantile",0.8,149.215256147028
"14693",2020-12-12,"20","10  day ahead inc hosp",2020-12-22,"quantile",0.85,153.397184291142
"14694",2020-12-12,"20","10  day ahead inc hosp",2020-12-22,"quantile",0.9,158.659004808527
"14695",2020-12-12,"20","10  day ahead inc hosp",2020-12-22,"quantile",0.95,166.457815453736
"14696",2020-12-12,"20","10  day ahead inc hosp",2020-12-22,"quantile",0.975,173.222120620794
"14697",2020-12-12,"20","10  day ahead inc hosp",2020-12-22,"quantile",0.99,181.08708721803
"14698",2020-12-12,"20","11  day ahead inc hosp",2020-12-23,"quantile",0.01,80.203508177084
"14699",2020-12-12,"20","11  day ahead inc hosp",2020-12-23,"quantile",0.025,88.259773497864
"14700",2020-12-12,"20","11  day ahead inc hosp",2020-12-23,"quantile",0.05,95.1886061207134
"14701",2020-12-12,"20","11  day ahead inc hosp",2020-12-23,"quantile",0.1,103.177106385471
"14702",2020-12-12,"20","11  day ahead inc hosp",2020-12-23,"quantile",0.15,108.566909588613
"14703",2020-12-12,"20","11  day ahead inc hosp",2020-12-23,"quantile",0.2,112.850554314232
"14704",2020-12-12,"20","11  day ahead inc hosp",2020-12-23,"quantile",0.25,116.525540065854
"14705",2020-12-12,"20","11  day ahead inc hosp",2020-12-23,"quantile",0.3,119.825790851021
"14706",2020-12-12,"20","11  day ahead inc hosp",2020-12-23,"quantile",0.35,122.883965039164
"14707",2020-12-12,"20","11  day ahead inc hosp",2020-12-23,"quantile",0.4,125.785873284207
"14708",2020-12-12,"20","11  day ahead inc hosp",2020-12-23,"quantile",0.45,128.593503094796
"14709",2020-12-12,"20","11  day ahead inc hosp",2020-12-23,"quantile",0.5,131.356618995471
"14710",2020-12-12,"20","11  day ahead inc hosp",2020-12-23,"quantile",0.55,134.119734896147
"14711",2020-12-12,"20","11  day ahead inc hosp",2020-12-23,"quantile",0.6,136.927364706736
"14712",2020-12-12,"20","11  day ahead inc hosp",2020-12-23,"quantile",0.65,139.829272951779
"14713",2020-12-12,"20","11  day ahead inc hosp",2020-12-23,"quantile",0.7,142.887447139922
"14714",2020-12-12,"20","11  day ahead inc hosp",2020-12-23,"quantile",0.75,146.187697925088
"14715",2020-12-12,"20","11  day ahead inc hosp",2020-12-23,"quantile",0.8,149.862683676711
"14716",2020-12-12,"20","11  day ahead inc hosp",2020-12-23,"quantile",0.85,154.146328402329
"14717",2020-12-12,"20","11  day ahead inc hosp",2020-12-23,"quantile",0.9,159.536131605471
"14718",2020-12-12,"20","11  day ahead inc hosp",2020-12-23,"quantile",0.95,167.524631870229
"14719",2020-12-12,"20","11  day ahead inc hosp",2020-12-23,"quantile",0.975,174.453464493079
"14720",2020-12-12,"20","11  day ahead inc hosp",2020-12-23,"quantile",0.99,182.509729813859
"14721",2020-12-12,"20","12  day ahead inc hosp",2020-12-24,"quantile",0.01,80.5680093000265
"14722",2020-12-12,"20","12  day ahead inc hosp",2020-12-24,"quantile",0.025,88.8487282614337
"14723",2020-12-12,"20","12  day ahead inc hosp",2020-12-24,"quantile",0.05,95.9706033978511
"14724",2020-12-12,"20","12  day ahead inc hosp",2020-12-24,"quantile",0.1,104.18166931756
"14725",2020-12-12,"20","12  day ahead inc hosp",2020-12-24,"quantile",0.15,109.721636511464
"14726",2020-12-12,"20","12  day ahead inc hosp",2020-12-24,"quantile",0.2,114.124626816646
"14727",2020-12-12,"20","12  day ahead inc hosp",2020-12-24,"quantile",0.25,117.902000448801
"14728",2020-12-12,"20","12  day ahead inc hosp",2020-12-24,"quantile",0.3,121.294198715116
"14729",2020-12-12,"20","12  day ahead inc hosp",2020-12-24,"quantile",0.35,124.437575947458
"14730",2020-12-12,"20","12  day ahead inc hosp",2020-12-24,"quantile",0.4,127.420333549421
"14731",2020-12-12,"20","12  day ahead inc hosp",2020-12-24,"quantile",0.45,130.306186048492
"14732",2020-12-12,"20","12  day ahead inc hosp",2020-12-24,"quantile",0.5,133.146284446478
"14733",2020-12-12,"20","12  day ahead inc hosp",2020-12-24,"quantile",0.55,135.986382844463
"14734",2020-12-12,"20","12  day ahead inc hosp",2020-12-24,"quantile",0.6,138.872235343534
"14735",2020-12-12,"20","12  day ahead inc hosp",2020-12-24,"quantile",0.65,141.854992945497
"14736",2020-12-12,"20","12  day ahead inc hosp",2020-12-24,"quantile",0.7,144.998370177839
"14737",2020-12-12,"20","12  day ahead inc hosp",2020-12-24,"quantile",0.75,148.390568444155
"14738",2020-12-12,"20","12  day ahead inc hosp",2020-12-24,"quantile",0.8,152.167942076309
"14739",2020-12-12,"20","12  day ahead inc hosp",2020-12-24,"quantile",0.85,156.570932381491
"14740",2020-12-12,"20","12  day ahead inc hosp",2020-12-24,"quantile",0.9,162.110899575395
"14741",2020-12-12,"20","12  day ahead inc hosp",2020-12-24,"quantile",0.95,170.321965495104
"14742",2020-12-12,"20","12  day ahead inc hosp",2020-12-24,"quantile",0.975,177.443840631521
"14743",2020-12-12,"20","12  day ahead inc hosp",2020-12-24,"quantile",0.99,185.724559592929
"14744",2020-12-12,"20","13  day ahead inc hosp",2020-12-25,"quantile",0.01,79.8793221993609
"14745",2020-12-12,"20","13  day ahead inc hosp",2020-12-25,"quantile",0.025,88.3486663487342
"14746",2020-12-12,"20","13  day ahead inc hosp",2020-12-25,"quantile",0.05,95.6327695528519
"14747",2020-12-12,"20","13  day ahead inc hosp",2020-12-25,"quantile",0.1,104.030874044903
"14748",2020-12-12,"20","13  day ahead inc hosp",2020-12-25,"quantile",0.15,109.697035275599
"14749",2020-12-12,"20","13  day ahead inc hosp",2020-12-25,"quantile",0.2,114.20032060079
"14750",2020-12-12,"20","13  day ahead inc hosp",2020-12-25,"quantile",0.25,118.063738429675
"14751",2020-12-12,"20","13  day ahead inc hosp",2020-12-25,"quantile",0.3,121.533207043961
"14752",2020-12-12,"20","13  day ahead inc hosp",2020-12-25,"quantile",0.35,124.748186769283
"14753",2020-12-12,"20","13  day ahead inc hosp",2020-12-25,"quantile",0.4,127.79888813506
"14754",2020-12-12,"20","13  day ahead inc hosp",2020-12-25,"quantile",0.45,130.750477011929
"14755",2020-12-12,"20","13  day ahead inc hosp",2020-12-25,"quantile",0.5,133.655269562277
"14756",2020-12-12,"20","13  day ahead inc hosp",2020-12-25,"quantile",0.55,136.560062112625
"14757",2020-12-12,"20","13  day ahead inc hosp",2020-12-25,"quantile",0.6,139.511650989494
"14758",2020-12-12,"20","13  day ahead inc hosp",2020-12-25,"quantile",0.65,142.562352355271
"14759",2020-12-12,"20","13  day ahead inc hosp",2020-12-25,"quantile",0.7,145.777332080593
"14760",2020-12-12,"20","13  day ahead inc hosp",2020-12-25,"quantile",0.75,149.246800694879
"14761",2020-12-12,"20","13  day ahead inc hosp",2020-12-25,"quantile",0.8,153.110218523765
"14762",2020-12-12,"20","13  day ahead inc hosp",2020-12-25,"quantile",0.85,157.613503848956
"14763",2020-12-12,"20","13  day ahead inc hosp",2020-12-25,"quantile",0.9,163.279665079652
"14764",2020-12-12,"20","13  day ahead inc hosp",2020-12-25,"quantile",0.95,171.677769571702
"14765",2020-12-12,"20","13  day ahead inc hosp",2020-12-25,"quantile",0.975,178.96187277582
"14766",2020-12-12,"20","13  day ahead inc hosp",2020-12-25,"quantile",0.99,187.431216925193
"14767",2020-12-12,"20","14  day ahead inc hosp",2020-12-26,"quantile",0.01,80.1042486073646
"14768",2020-12-12,"20","14  day ahead inc hosp",2020-12-26,"quantile",0.025,88.781645462182
"14769",2020-12-12,"20","14  day ahead inc hosp",2020-12-26,"quantile",0.05,96.2446854708056
"14770",2020-12-12,"20","14  day ahead inc hosp",2020-12-26,"quantile",0.1,104.849092638643
"14771",2020-12-12,"20","14  day ahead inc hosp",2020-12-26,"quantile",0.15,110.654445305268
"14772",2020-12-12,"20","14  day ahead inc hosp",2020-12-26,"quantile",0.2,115.268355571277
"14773",2020-12-12,"20","14  day ahead inc hosp",2020-12-26,"quantile",0.25,119.226679749153
"14774",2020-12-12,"20","14  day ahead inc hosp",2020-12-26,"quantile",0.3,122.781377198037
"14775",2020-12-12,"20","14  day ahead inc hosp",2020-12-26,"quantile",0.35,126.075334140248
"14776",2020-12-12,"20","14  day ahead inc hosp",2020-12-26,"quantile",0.4,129.200977161655
"14777",2020-12-12,"20","14  day ahead inc hosp",2020-12-26,"quantile",0.45,132.225072957639
"14778",2020-12-12,"20","14  day ahead inc hosp",2020-12-26,"quantile",0.5,135.201222857292
"14779",2020-12-12,"20","14  day ahead inc hosp",2020-12-26,"quantile",0.55,138.177372756945
"14780",2020-12-12,"20","14  day ahead inc hosp",2020-12-26,"quantile",0.6,141.201468552928
"14781",2020-12-12,"20","14  day ahead inc hosp",2020-12-26,"quantile",0.65,144.327111574335
"14782",2020-12-12,"20","14  day ahead inc hosp",2020-12-26,"quantile",0.7,147.621068516547
"14783",2020-12-12,"20","14  day ahead inc hosp",2020-12-26,"quantile",0.75,151.175765965431
"14784",2020-12-12,"20","14  day ahead inc hosp",2020-12-26,"quantile",0.8,155.134090143307
"14785",2020-12-12,"20","14  day ahead inc hosp",2020-12-26,"quantile",0.85,159.748000409316
"14786",2020-12-12,"20","14  day ahead inc hosp",2020-12-26,"quantile",0.9,165.553353075941
"14787",2020-12-12,"20","14  day ahead inc hosp",2020-12-26,"quantile",0.95,174.157760243778
"14788",2020-12-12,"20","14  day ahead inc hosp",2020-12-26,"quantile",0.975,181.620800252402
"14789",2020-12-12,"20","14  day ahead inc hosp",2020-12-26,"quantile",0.99,190.298197107219
"14790",2020-12-12,"20","15  day ahead inc hosp",2020-12-27,"quantile",0.01,81.7976720942307
"14791",2020-12-12,"20","15  day ahead inc hosp",2020-12-27,"quantile",0.025,90.6595242270419
"14792",2020-12-12,"20","15  day ahead inc hosp",2020-12-27,"quantile",0.05,98.2812059507446
"14793",2020-12-12,"20","15  day ahead inc hosp",2020-12-27,"quantile",0.1,107.068516856036
"14794",2020-12-12,"20","15  day ahead inc hosp",2020-12-27,"quantile",0.15,112.997273805983
"14795",2020-12-12,"20","15  day ahead inc hosp",2020-12-27,"quantile",0.2,117.709261884382
"14796",2020-12-12,"20","15  day ahead inc hosp",2020-12-27,"quantile",0.25,121.751728092273
"14797",2020-12-12,"20","15  day ahead inc hosp",2020-12-27,"quantile",0.3,125.381987684631
"14798",2020-12-12,"20","15  day ahead inc hosp",2020-12-27,"quantile",0.35,128.745964213781
"14799",2020-12-12,"20","15  day ahead inc hosp",2020-12-27,"quantile",0.4,131.938048975962
"14800",2020-12-12,"20","15  day ahead inc hosp",2020-12-27,"quantile",0.45,135.026427925068
"14801",2020-12-12,"20","15  day ahead inc hosp",2020-12-27,"quantile",0.5,138.065841792738
"14802",2020-12-12,"20","15  day ahead inc hosp",2020-12-27,"quantile",0.55,141.105255660408
"14803",2020-12-12,"20","15  day ahead inc hosp",2020-12-27,"quantile",0.6,144.193634609515
"14804",2020-12-12,"20","15  day ahead inc hosp",2020-12-27,"quantile",0.65,147.385719371696
"14805",2020-12-12,"20","15  day ahead inc hosp",2020-12-27,"quantile",0.7,150.749695900846
"14806",2020-12-12,"20","15  day ahead inc hosp",2020-12-27,"quantile",0.75,154.379955493203
"14807",2020-12-12,"20","15  day ahead inc hosp",2020-12-27,"quantile",0.8,158.422421701095
"14808",2020-12-12,"20","15  day ahead inc hosp",2020-12-27,"quantile",0.85,163.134409779494
"14809",2020-12-12,"20","15  day ahead inc hosp",2020-12-27,"quantile",0.9,169.063166729441
"14810",2020-12-12,"20","15  day ahead inc hosp",2020-12-27,"quantile",0.95,177.850477634732
"14811",2020-12-12,"20","15  day ahead inc hosp",2020-12-27,"quantile",0.975,185.472159358435
"14812",2020-12-12,"20","15  day ahead inc hosp",2020-12-27,"quantile",0.99,194.334011491246
"14813",2020-12-12,"20","16  day ahead inc hosp",2020-12-28,"quantile",0.01,81.942607850221
"14814",2020-12-12,"20","16  day ahead inc hosp",2020-12-28,"quantile",0.025,90.9999461709398
"14815",2020-12-12,"20","16  day ahead inc hosp",2020-12-28,"quantile",0.05,98.7897568007992
"14816",2020-12-12,"20","16  day ahead inc hosp",2020-12-28,"quantile",0.1,107.77090956726
"14817",2020-12-12,"20","16  day ahead inc hosp",2020-12-28,"quantile",0.15,113.830450700672
"14818",2020-12-12,"20","16  day ahead inc hosp",2020-12-28,"quantile",0.2,118.646381902146
"14819",2020-12-12,"20","16  day ahead inc hosp",2020-12-28,"quantile",0.25,122.778022054365
"14820",2020-12-12,"20","16  day ahead inc hosp",2020-12-28,"quantile",0.3,126.488362604764
"14821",2020-12-12,"20","16  day ahead inc hosp",2020-12-28,"quantile",0.35,129.926546075989
"14822",2020-12-12,"20","16  day ahead inc hosp",2020-12-28,"quantile",0.4,133.189045969486
"14823",2020-12-12,"20","16  day ahead inc hosp",2020-12-28,"quantile",0.45,136.345552373049
"14824",2020-12-12,"20","16  day ahead inc hosp",2020-12-28,"quantile",0.5,139.452013560123
"14825",2020-12-12,"20","16  day ahead inc hosp",2020-12-28,"quantile",0.55,142.558474747198
"14826",2020-12-12,"20","16  day ahead inc hosp",2020-12-28,"quantile",0.6,145.714981150761
"14827",2020-12-12,"20","16  day ahead inc hosp",2020-12-28,"quantile",0.65,148.977481044258
"14828",2020-12-12,"20","16  day ahead inc hosp",2020-12-28,"quantile",0.7,152.415664515483
"14829",2020-12-12,"20","16  day ahead inc hosp",2020-12-28,"quantile",0.75,156.126005065882
"14830",2020-12-12,"20","16  day ahead inc hosp",2020-12-28,"quantile",0.8,160.257645218101
"14831",2020-12-12,"20","16  day ahead inc hosp",2020-12-28,"quantile",0.85,165.073576419575
"14832",2020-12-12,"20","16  day ahead inc hosp",2020-12-28,"quantile",0.9,171.133117552987
"14833",2020-12-12,"20","16  day ahead inc hosp",2020-12-28,"quantile",0.95,180.114270319448
"14834",2020-12-12,"20","16  day ahead inc hosp",2020-12-28,"quantile",0.975,187.904080949307
"14835",2020-12-12,"20","16  day ahead inc hosp",2020-12-28,"quantile",0.99,196.961419270026
"14836",2020-12-12,"20","17  day ahead inc hosp",2020-12-29,"quantile",0.01,81.6380428502295
"14837",2020-12-12,"20","17  day ahead inc hosp",2020-12-29,"quantile",0.025,90.8749642271827
"14838",2020-12-12,"20","17  day ahead inc hosp",2020-12-29,"quantile",0.05,98.819226192618
"14839",2020-12-12,"20","17  day ahead inc hosp",2020-12-29,"quantile",0.1,107.978451457333
"14840",2020-12-12,"20","17  day ahead inc hosp",2020-12-29,"quantile",0.15,114.158137259917
"14841",2020-12-12,"20","17  day ahead inc hosp",2020-12-29,"quantile",0.2,119.069555635785
"14842",2020-12-12,"20","17  day ahead inc hosp",2020-12-29,"quantile",0.25,123.283115281294
"14843",2020-12-12,"20","17  day ahead inc hosp",2020-12-29,"quantile",0.3,127.067022068497
"14844",2020-12-12,"20","17  day ahead inc hosp",2020-12-29,"quantile",0.35,130.573375621681
"14845",2020-12-12,"20","17  day ahead inc hosp",2020-12-29,"quantile",0.4,133.900562256591
"14846",2020-12-12,"20","17  day ahead inc hosp",2020-12-29,"quantile",0.45,137.119653831084
"14847",2020-12-12,"20","17  day ahead inc hosp",2020-12-29,"quantile",0.5,140.287707924849
"14848",2020-12-12,"20","17  day ahead inc hosp",2020-12-29,"quantile",0.55,143.455762018613
"14849",2020-12-12,"20","17  day ahead inc hosp",2020-12-29,"quantile",0.6,146.674853593106
"14850",2020-12-12,"20","17  day ahead inc hosp",2020-12-29,"quantile",0.65,150.002040228016
"14851",2020-12-12,"20","17  day ahead inc hosp",2020-12-29,"quantile",0.7,153.5083937812
"14852",2020-12-12,"20","17  day ahead inc hosp",2020-12-29,"quantile",0.75,157.292300568403
"14853",2020-12-12,"20","17  day ahead inc hosp",2020-12-29,"quantile",0.8,161.505860213913
"14854",2020-12-12,"20","17  day ahead inc hosp",2020-12-29,"quantile",0.85,166.41727858978
"14855",2020-12-12,"20","17  day ahead inc hosp",2020-12-29,"quantile",0.9,172.596964392364
"14856",2020-12-12,"20","17  day ahead inc hosp",2020-12-29,"quantile",0.95,181.75618965708
"14857",2020-12-12,"20","17  day ahead inc hosp",2020-12-29,"quantile",0.975,189.700451622515
"14858",2020-12-12,"20","17  day ahead inc hosp",2020-12-29,"quantile",0.99,198.937372999468
"14859",2020-12-12,"20","18  day ahead inc hosp",2020-12-30,"quantile",0.01,81.7417326634033
"14860",2020-12-12,"20","18  day ahead inc hosp",2020-12-30,"quantile",0.025,91.164137940821
"14861",2020-12-12,"20","18  day ahead inc hosp",2020-12-30,"quantile",0.05,99.2679262934071
"14862",2020-12-12,"20","18  day ahead inc hosp",2020-12-30,"quantile",0.1,108.611075265817
"14863",2020-12-12,"20","18  day ahead inc hosp",2020-12-30,"quantile",0.15,114.914853520803
"14864",2020-12-12,"20","18  day ahead inc hosp",2020-12-30,"quantile",0.2,119.924896644028
"14865",2020-12-12,"20","18  day ahead inc hosp",2020-12-30,"quantile",0.25,124.223067541057
"14866",2020-12-12,"20","18  day ahead inc hosp",2020-12-30,"quantile",0.3,128.082957847145
"14867",2020-12-12,"20","18  day ahead inc hosp",2020-12-30,"quantile",0.35,131.659721454384
"14868",2020-12-12,"20","18  day ahead inc hosp",2020-12-30,"quantile",0.4,135.053720345178
"14869",2020-12-12,"20","18  day ahead inc hosp",2020-12-30,"quantile",0.45,138.337453550451
"14870",2020-12-12,"20","18  day ahead inc hosp",2020-12-30,"quantile",0.5,141.569124406361
"14871",2020-12-12,"20","18  day ahead inc hosp",2020-12-30,"quantile",0.55,144.800795262271
"14872",2020-12-12,"20","18  day ahead inc hosp",2020-12-30,"quantile",0.6,148.084528467543
"14873",2020-12-12,"20","18  day ahead inc hosp",2020-12-30,"quantile",0.65,151.478527358337
"14874",2020-12-12,"20","18  day ahead inc hosp",2020-12-30,"quantile",0.7,155.055290965576
"14875",2020-12-12,"20","18  day ahead inc hosp",2020-12-30,"quantile",0.75,158.915181271664
"14876",2020-12-12,"20","18  day ahead inc hosp",2020-12-30,"quantile",0.8,163.213352168693
"14877",2020-12-12,"20","18  day ahead inc hosp",2020-12-30,"quantile",0.85,168.223395291919
"14878",2020-12-12,"20","18  day ahead inc hosp",2020-12-30,"quantile",0.9,174.527173546904
"14879",2020-12-12,"20","18  day ahead inc hosp",2020-12-30,"quantile",0.95,183.870322519314
"14880",2020-12-12,"20","18  day ahead inc hosp",2020-12-30,"quantile",0.975,191.9741108719
"14881",2020-12-12,"20","18  day ahead inc hosp",2020-12-30,"quantile",0.99,201.396516149318
"14882",2020-12-12,"20","19  day ahead inc hosp",2020-12-31,"quantile",0.01,81.5544131184477
"14883",2020-12-12,"20","19  day ahead inc hosp",2020-12-31,"quantile",0.025,91.1512947373654
"14884",2020-12-12,"20","19  day ahead inc hosp",2020-12-31,"quantile",0.05,99.4051423691292
"14885",2020-12-12,"20","19  day ahead inc hosp",2020-12-31,"quantile",0.1,108.921300080051
"14886",2020-12-12,"20","19  day ahead inc hosp",2020-12-31,"quantile",0.15,115.34180650955
"14887",2020-12-12,"20","19  day ahead inc hosp",2020-12-31,"quantile",0.2,120.44462148552
"14888",2020-12-12,"20","19  day ahead inc hosp",2020-12-31,"quantile",0.25,124.822382371642
"14889",2020-12-12,"20","19  day ahead inc hosp",2020-12-31,"quantile",0.3,128.753746947767
"14890",2020-12-12,"20","19  day ahead inc hosp",2020-12-31,"quantile",0.35,132.396742117991
"14891",2020-12-12,"20","19  day ahead inc hosp",2020-12-31,"quantile",0.4,135.853588285259
"14892",2020-12-12,"20","19  day ahead inc hosp",2020-12-31,"quantile",0.45,139.198126957846
"14893",2020-12-12,"20","19  day ahead inc hosp",2020-12-31,"quantile",0.5,142.489639233358
"14894",2020-12-12,"20","19  day ahead inc hosp",2020-12-31,"quantile",0.55,145.781151508871
"14895",2020-12-12,"20","19  day ahead inc hosp",2020-12-31,"quantile",0.6,149.125690181458
"14896",2020-12-12,"20","19  day ahead inc hosp",2020-12-31,"quantile",0.65,152.582536348726
"14897",2020-12-12,"20","19  day ahead inc hosp",2020-12-31,"quantile",0.7,156.22553151895
"14898",2020-12-12,"20","19  day ahead inc hosp",2020-12-31,"quantile",0.75,160.156896095075
"14899",2020-12-12,"20","19  day ahead inc hosp",2020-12-31,"quantile",0.8,164.534656981196
"14900",2020-12-12,"20","19  day ahead inc hosp",2020-12-31,"quantile",0.85,169.637471957166
"14901",2020-12-12,"20","19  day ahead inc hosp",2020-12-31,"quantile",0.9,176.057978386665
"14902",2020-12-12,"20","19  day ahead inc hosp",2020-12-31,"quantile",0.95,185.574136097587
"14903",2020-12-12,"20","19  day ahead inc hosp",2020-12-31,"quantile",0.975,193.827983729351
"14904",2020-12-12,"20","19  day ahead inc hosp",2020-12-31,"quantile",0.99,203.424865348269
"14905",2020-12-12,"20","20  day ahead inc hosp",2021-01-01,"quantile",0.01,81.6416634820859
"14906",2020-12-12,"20","20  day ahead inc hosp",2021-01-01,"quantile",0.025,91.4158015954391
"14907",2020-12-12,"20","20  day ahead inc hosp",2021-01-01,"quantile",0.05,99.8220995912802
"14908",2020-12-12,"20","20  day ahead inc hosp",2021-01-01,"quantile",0.1,109.514022808469
"14909",2020-12-12,"20","20  day ahead inc hosp",2021-01-01,"quantile",0.15,116.053117390598
"14910",2020-12-12,"20","20  day ahead inc hosp",2021-01-01,"quantile",0.2,121.250182470957
"14911",2020-12-12,"20","20  day ahead inc hosp",2021-01-01,"quantile",0.25,125.708801554456
"14912",2020-12-12,"20","20  day ahead inc hosp",2021-01-01,"quantile",0.3,129.712779290854
"14913",2020-12-12,"20","20  day ahead inc hosp",2021-01-01,"quantile",0.35,133.423061375594
"14914",2020-12-12,"20","20  day ahead inc hosp",2021-01-01,"quantile",0.4,136.943756244737
"14915",2020-12-12,"20","20  day ahead inc hosp",2021-01-01,"quantile",0.45,140.350069275303
"14916",2020-12-12,"20","20  day ahead inc hosp",2021-01-01,"quantile",0.5,143.702376499687
"14917",2020-12-12,"20","20  day ahead inc hosp",2021-01-01,"quantile",0.55,147.054683724071
"14918",2020-12-12,"20","20  day ahead inc hosp",2021-01-01,"quantile",0.6,150.460996754636
"14919",2020-12-12,"20","20  day ahead inc hosp",2021-01-01,"quantile",0.65,153.981691623779
"14920",2020-12-12,"20","20  day ahead inc hosp",2021-01-01,"quantile",0.7,157.69197370852
"14921",2020-12-12,"20","20  day ahead inc hosp",2021-01-01,"quantile",0.75,161.695951444918
"14922",2020-12-12,"20","20  day ahead inc hosp",2021-01-01,"quantile",0.8,166.154570528417
"14923",2020-12-12,"20","20  day ahead inc hosp",2021-01-01,"quantile",0.85,171.351635608776
"14924",2020-12-12,"20","20  day ahead inc hosp",2021-01-01,"quantile",0.9,177.890730190905
"14925",2020-12-12,"20","20  day ahead inc hosp",2021-01-01,"quantile",0.95,187.582653408094
"14926",2020-12-12,"20","20  day ahead inc hosp",2021-01-01,"quantile",0.975,195.988951403935
"14927",2020-12-12,"20","20  day ahead inc hosp",2021-01-01,"quantile",0.99,205.763089517288
"14928",2020-12-12,"20","21  day ahead inc hosp",2021-01-02,"quantile",0.01,81.5421803905655
"14929",2020-12-12,"20","21  day ahead inc hosp",2021-01-02,"quantile",0.025,91.4857193411378
"14930",2020-12-12,"20","21  day ahead inc hosp",2021-01-02,"quantile",0.05,100.03771140247
"14931",2020-12-12,"20","21  day ahead inc hosp",2021-01-02,"quantile",0.1,109.897610546356
"14932",2020-12-12,"20","21  day ahead inc hosp",2021-01-02,"quantile",0.15,116.55003768876
"14933",2020-12-12,"20","21  day ahead inc hosp",2021-01-02,"quantile",0.2,121.837175895311
"14934",2020-12-12,"20","21  day ahead inc hosp",2021-01-02,"quantile",0.25,126.373069700818
"14935",2020-12-12,"20","21  day ahead inc hosp",2021-01-02,"quantile",0.3,130.446442525856
"14936",2020-12-12,"20","21  day ahead inc hosp",2021-01-02,"quantile",0.35,134.221029502157
"14937",2020-12-12,"20","21  day ahead inc hosp",2021-01-02,"quantile",0.4,137.802743425001
"14938",2020-12-12,"20","21  day ahead inc hosp",2021-01-02,"quantile",0.45,141.268093096191
"14939",2020-12-12,"20","21  day ahead inc hosp",2021-01-02,"quantile",0.5,144.678500957566
"14940",2020-12-12,"20","21  day ahead inc hosp",2021-01-02,"quantile",0.55,148.088908818942
"14941",2020-12-12,"20","21  day ahead inc hosp",2021-01-02,"quantile",0.6,151.554258490131
"14942",2020-12-12,"20","21  day ahead inc hosp",2021-01-02,"quantile",0.65,155.135972412976
"14943",2020-12-12,"20","21  day ahead inc hosp",2021-01-02,"quantile",0.7,158.910559389277
"14944",2020-12-12,"20","21  day ahead inc hosp",2021-01-02,"quantile",0.75,162.983932214314
"14945",2020-12-12,"20","21  day ahead inc hosp",2021-01-02,"quantile",0.8,167.519826019822
"14946",2020-12-12,"20","21  day ahead inc hosp",2021-01-02,"quantile",0.85,172.806964226372
"14947",2020-12-12,"20","21  day ahead inc hosp",2021-01-02,"quantile",0.9,179.459391368776
"14948",2020-12-12,"20","21  day ahead inc hosp",2021-01-02,"quantile",0.95,189.319290512662
"14949",2020-12-12,"20","21  day ahead inc hosp",2021-01-02,"quantile",0.975,197.871282573995
"14950",2020-12-12,"20","21  day ahead inc hosp",2021-01-02,"quantile",0.99,207.814821524567
"14951",2020-12-12,"20","22  day ahead inc hosp",2021-01-03,"quantile",0.01,74.5238821617696
"14952",2020-12-12,"20","22  day ahead inc hosp",2021-01-03,"quantile",0.025,84.6377203807705
"14953",2020-12-12,"20","22  day ahead inc hosp",2021-01-03,"quantile",0.05,93.3361792079991
"14954",2020-12-12,"20","22  day ahead inc hosp",2021-01-03,"quantile",0.1,103.364945152662
"14955",2020-12-12,"20","22  day ahead inc hosp",2021-01-03,"quantile",0.15,110.131305923853
"14956",2020-12-12,"20","22  day ahead inc hosp",2021-01-03,"quantile",0.2,115.508994966794
"14957",2020-12-12,"20","22  day ahead inc hosp",2021-01-03,"quantile",0.25,120.122573327126
"14958",2020-12-12,"20","22  day ahead inc hosp",2021-01-03,"quantile",0.3,124.265709283337
"14959",2020-12-12,"20","22  day ahead inc hosp",2021-01-03,"quantile",0.35,128.104942197455
"14960",2020-12-12,"20","22  day ahead inc hosp",2021-01-03,"quantile",0.4,131.747998793549
"14961",2020-12-12,"20","22  day ahead inc hosp",2021-01-03,"quantile",0.45,135.272698211019
"14962",2020-12-12,"20","22  day ahead inc hosp",2021-01-03,"quantile",0.5,138.741514850871
"14963",2020-12-12,"20","22  day ahead inc hosp",2021-01-03,"quantile",0.55,142.210331490723
"14964",2020-12-12,"20","22  day ahead inc hosp",2021-01-03,"quantile",0.6,145.735030908193
"14965",2020-12-12,"20","22  day ahead inc hosp",2021-01-03,"quantile",0.65,149.378087504287
"14966",2020-12-12,"20","22  day ahead inc hosp",2021-01-03,"quantile",0.7,153.217320418405
"14967",2020-12-12,"20","22  day ahead inc hosp",2021-01-03,"quantile",0.75,157.360456374616
"14968",2020-12-12,"20","22  day ahead inc hosp",2021-01-03,"quantile",0.8,161.974034734948
"14969",2020-12-12,"20","22  day ahead inc hosp",2021-01-03,"quantile",0.85,167.351723777889
"14970",2020-12-12,"20","22  day ahead inc hosp",2021-01-03,"quantile",0.9,174.11808454908
"14971",2020-12-12,"20","22  day ahead inc hosp",2021-01-03,"quantile",0.95,184.146850493743
"14972",2020-12-12,"20","22  day ahead inc hosp",2021-01-03,"quantile",0.975,192.845309320971
"14973",2020-12-12,"20","22  day ahead inc hosp",2021-01-03,"quantile",0.99,202.959147539972
"14974",2020-12-12,"20","23  day ahead inc hosp",2021-01-04,"quantile",0.01,74.4919775820608
"14975",2020-12-12,"20","23  day ahead inc hosp",2021-01-04,"quantile",0.025,84.7703154569681
"14976",2020-12-12,"20","23  day ahead inc hosp",2021-01-04,"quantile",0.05,93.6102530633714
"14977",2020-12-12,"20","23  day ahead inc hosp",2021-01-04,"quantile",0.1,103.802134979572
"14978",2020-12-12,"20","23  day ahead inc hosp",2021-01-04,"quantile",0.15,110.678549322364
"14979",2020-12-12,"20","23  day ahead inc hosp",2021-01-04,"quantile",0.2,116.143705455245
"14980",2020-12-12,"20","23  day ahead inc hosp",2021-01-04,"quantile",0.25,120.832322790527
"14981",2020-12-12,"20","23  day ahead inc hosp",2021-01-04,"quantile",0.3,125.042846065421
"14982",2020-12-12,"20","23  day ahead inc hosp",2021-01-04,"quantile",0.35,128.944523373017
"14983",2020-12-12,"20","23  day ahead inc hosp",2021-01-04,"quantile",0.4,132.64683359207
"14984",2020-12-12,"20","23  day ahead inc hosp",2021-01-04,"quantile",0.45,136.228861575491
"14985",2020-12-12,"20","23  day ahead inc hosp",2021-01-04,"quantile",0.5,139.754097858539
"14986",2020-12-12,"20","23  day ahead inc hosp",2021-01-04,"quantile",0.55,143.279334141586
"14987",2020-12-12,"20","23  day ahead inc hosp",2021-01-04,"quantile",0.6,146.861362125007
"14988",2020-12-12,"20","23  day ahead inc hosp",2021-01-04,"quantile",0.65,150.56367234406
"14989",2020-12-12,"20","23  day ahead inc hosp",2021-01-04,"quantile",0.7,154.465349651656
"14990",2020-12-12,"20","23  day ahead inc hosp",2021-01-04,"quantile",0.75,158.67587292655
"14991",2020-12-12,"20","23  day ahead inc hosp",2021-01-04,"quantile",0.8,163.364490261833
"14992",2020-12-12,"20","23  day ahead inc hosp",2021-01-04,"quantile",0.85,168.829646394713
"14993",2020-12-12,"20","23  day ahead inc hosp",2021-01-04,"quantile",0.9,175.706060737506
"14994",2020-12-12,"20","23  day ahead inc hosp",2021-01-04,"quantile",0.95,185.897942653706
"14995",2020-12-12,"20","23  day ahead inc hosp",2021-01-04,"quantile",0.975,194.737880260109
"14996",2020-12-12,"20","23  day ahead inc hosp",2021-01-04,"quantile",0.99,205.016218135016
"14997",2020-12-12,"20","24  day ahead inc hosp",2021-01-05,"quantile",0.01,74.5870683616411
"14998",2020-12-12,"20","24  day ahead inc hosp",2021-01-05,"quantile",0.025,85.0296871658179
"14999",2020-12-12,"20","24  day ahead inc hosp",2021-01-05,"quantile",0.05,94.0109154344214
"15000",2020-12-12,"20","24  day ahead inc hosp",2021-01-05,"quantile",0.1,104.365696435335
"15001",2020-12-12,"20","24  day ahead inc hosp",2021-01-05,"quantile",0.15,111.352018017218
"15002",2020-12-12,"20","24  day ahead inc hosp",2021-01-05,"quantile",0.2,116.904524939598
"15003",2020-12-12,"20","24  day ahead inc hosp",2021-01-05,"quantile",0.25,121.668081474409
"15004",2020-12-12,"20","24  day ahead inc hosp",2021-01-05,"quantile",0.3,125.945902466573
"15005",2020-12-12,"20","24  day ahead inc hosp",2021-01-05,"quantile",0.35,129.909941138584
"15006",2020-12-12,"20","24  day ahead inc hosp",2021-01-05,"quantile",0.4,133.671426194136
"15007",2020-12-12,"20","24  day ahead inc hosp",2021-01-05,"quantile",0.45,137.310706516695
"15008",2020-12-12,"20","24  day ahead inc hosp",2021-01-05,"quantile",0.5,140.892287424673
"15009",2020-12-12,"20","24  day ahead inc hosp",2021-01-05,"quantile",0.55,144.473868332652
"15010",2020-12-12,"20","24  day ahead inc hosp",2021-01-05,"quantile",0.6,148.113148655211
"15011",2020-12-12,"20","24  day ahead inc hosp",2021-01-05,"quantile",0.65,151.874633710762
"15012",2020-12-12,"20","24  day ahead inc hosp",2021-01-05,"quantile",0.7,155.838672382774
"15013",2020-12-12,"20","24  day ahead inc hosp",2021-01-05,"quantile",0.75,160.116493374938
"15014",2020-12-12,"20","24  day ahead inc hosp",2021-01-05,"quantile",0.8,164.880049909749
"15015",2020-12-12,"20","24  day ahead inc hosp",2021-01-05,"quantile",0.85,170.432556832129
"15016",2020-12-12,"20","24  day ahead inc hosp",2021-01-05,"quantile",0.9,177.418878414012
"15017",2020-12-12,"20","24  day ahead inc hosp",2021-01-05,"quantile",0.95,187.773659414925
"15018",2020-12-12,"20","24  day ahead inc hosp",2021-01-05,"quantile",0.975,196.754887683529
"15019",2020-12-12,"20","24  day ahead inc hosp",2021-01-05,"quantile",0.99,207.197506487706
"15020",2020-12-12,"20","25  day ahead inc hosp",2021-01-06,"quantile",0.01,74.6086342785239
"15021",2020-12-12,"20","25  day ahead inc hosp",2021-01-06,"quantile",0.025,85.2110960283983
"15022",2020-12-12,"20","25  day ahead inc hosp",2021-01-06,"quantile",0.05,94.3297980484963
"15023",2020-12-12,"20","25  day ahead inc hosp",2021-01-06,"quantile",0.1,104.843077480529
"15024",2020-12-12,"20","25  day ahead inc hosp",2021-01-06,"quantile",0.15,111.936337201416
"15025",2020-12-12,"20","25  day ahead inc hosp",2021-01-06,"quantile",0.2,117.573835166667
"15026",2020-12-12,"20","25  day ahead inc hosp",2021-01-06,"quantile",0.25,122.410306448516
"15027",2020-12-12,"20","25  day ahead inc hosp",2021-01-06,"quantile",0.3,126.753607137045
"15028",2020-12-12,"20","25  day ahead inc hosp",2021-01-06,"quantile",0.35,130.778322506165
"15029",2020-12-12,"20","25  day ahead inc hosp",2021-01-06,"quantile",0.4,134.597383813685
"15030",2020-12-12,"20","25  day ahead inc hosp",2021-01-06,"quantile",0.45,138.292369826347
"15031",2020-12-12,"20","25  day ahead inc hosp",2021-01-06,"quantile",0.5,141.928773231759
"15032",2020-12-12,"20","25  day ahead inc hosp",2021-01-06,"quantile",0.55,145.56517663717
"15033",2020-12-12,"20","25  day ahead inc hosp",2021-01-06,"quantile",0.6,149.260162649833
"15034",2020-12-12,"20","25  day ahead inc hosp",2021-01-06,"quantile",0.65,153.079223957353
"15035",2020-12-12,"20","25  day ahead inc hosp",2021-01-06,"quantile",0.7,157.103939326472
"15036",2020-12-12,"20","25  day ahead inc hosp",2021-01-06,"quantile",0.75,161.447240015001
"15037",2020-12-12,"20","25  day ahead inc hosp",2021-01-06,"quantile",0.8,166.28371129685
"15038",2020-12-12,"20","25  day ahead inc hosp",2021-01-06,"quantile",0.85,171.921209262102
"15039",2020-12-12,"20","25  day ahead inc hosp",2021-01-06,"quantile",0.9,179.014468982988
"15040",2020-12-12,"20","25  day ahead inc hosp",2021-01-06,"quantile",0.95,189.527748415021
"15041",2020-12-12,"20","25  day ahead inc hosp",2021-01-06,"quantile",0.975,198.646450435119
"15042",2020-12-12,"20","25  day ahead inc hosp",2021-01-06,"quantile",0.99,209.248912184994
"15043",2020-12-12,"20","26  day ahead inc hosp",2021-01-07,"quantile",0.01,74.7180392046842
"15044",2020-12-12,"20","26  day ahead inc hosp",2021-01-07,"quantile",0.025,85.4794793617807
"15045",2020-12-12,"20","26  day ahead inc hosp",2021-01-07,"quantile",0.05,94.7349115825895
"15046",2020-12-12,"20","26  day ahead inc hosp",2021-01-07,"quantile",0.1,105.405832179308
"15047",2020-12-12,"20","26  day ahead inc hosp",2021-01-07,"quantile",0.15,112.605451645605
"15048",2020-12-12,"20","26  day ahead inc hosp",2021-01-07,"quantile",0.2,118.327480964836
"15049",2020-12-12,"20","26  day ahead inc hosp",2021-01-07,"quantile",0.25,123.236472621585
"15050",2020-12-12,"20","26  day ahead inc hosp",2021-01-07,"quantile",0.3,127.644898848111
"15051",2020-12-12,"20","26  day ahead inc hosp",2021-01-07,"quantile",0.35,131.729962733829
"15052",2020-12-12,"20","26  day ahead inc hosp",2021-01-07,"quantile",0.4,135.606288882108
"15053",2020-12-12,"20","26  day ahead inc hosp",2021-01-07,"quantile",0.45,139.356679290925
"15054",2020-12-12,"20","26  day ahead inc hosp",2021-01-07,"quantile",0.5,143.047608676721
"15055",2020-12-12,"20","26  day ahead inc hosp",2021-01-07,"quantile",0.55,146.738538062518
"15056",2020-12-12,"20","26  day ahead inc hosp",2021-01-07,"quantile",0.6,150.488928471335
"15057",2020-12-12,"20","26  day ahead inc hosp",2021-01-07,"quantile",0.65,154.365254619613
"15058",2020-12-12,"20","26  day ahead inc hosp",2021-01-07,"quantile",0.7,158.450318505332
"15059",2020-12-12,"20","26  day ahead inc hosp",2021-01-07,"quantile",0.75,162.858744731858
"15060",2020-12-12,"20","26  day ahead inc hosp",2021-01-07,"quantile",0.8,167.767736388607
"15061",2020-12-12,"20","26  day ahead inc hosp",2021-01-07,"quantile",0.85,173.489765707838
"15062",2020-12-12,"20","26  day ahead inc hosp",2021-01-07,"quantile",0.9,180.689385174135
"15063",2020-12-12,"20","26  day ahead inc hosp",2021-01-07,"quantile",0.95,191.360305770853
"15064",2020-12-12,"20","26  day ahead inc hosp",2021-01-07,"quantile",0.975,200.615737991662
"15065",2020-12-12,"20","26  day ahead inc hosp",2021-01-07,"quantile",0.99,211.377178148759
"15066",2020-12-12,"20","27  day ahead inc hosp",2021-01-08,"quantile",0.01,74.7831160949879
"15067",2020-12-12,"20","27  day ahead inc hosp",2021-01-08,"quantile",0.025,85.7000146004037
"15068",2020-12-12,"20","27  day ahead inc hosp",2021-01-08,"quantile",0.05,95.0891495770726
"15069",2020-12-12,"20","27  day ahead inc hosp",2021-01-08,"quantile",0.1,105.914220888454
"15070",2020-12-12,"20","27  day ahead inc hosp",2021-01-08,"quantile",0.15,113.217845110101
"15071",2020-12-12,"20","27  day ahead inc hosp",2021-01-08,"quantile",0.2,119.022534111867
"15072",2020-12-12,"20","27  day ahead inc hosp",2021-01-08,"quantile",0.25,124.002440416073
"15073",2020-12-12,"20","27  day ahead inc hosp",2021-01-08,"quantile",0.3,128.474550187724
"15074",2020-12-12,"20","27  day ahead inc hosp",2021-01-08,"quantile",0.35,132.618626368747
"15075",2020-12-12,"20","27  day ahead inc hosp",2021-01-08,"quantile",0.4,136.550949414445
"15076",2020-12-12,"20","27  day ahead inc hosp",2021-01-08,"quantile",0.45,140.355517469561
"15077",2020-12-12,"20","27  day ahead inc hosp",2021-01-08,"quantile",0.5,144.099765535544
"15078",2020-12-12,"20","27  day ahead inc hosp",2021-01-08,"quantile",0.55,147.844013601527
"15079",2020-12-12,"20","27  day ahead inc hosp",2021-01-08,"quantile",0.6,151.648581656644
"15080",2020-12-12,"20","27  day ahead inc hosp",2021-01-08,"quantile",0.65,155.580904702341
"15081",2020-12-12,"20","27  day ahead inc hosp",2021-01-08,"quantile",0.7,159.724980883364
"15082",2020-12-12,"20","27  day ahead inc hosp",2021-01-08,"quantile",0.75,164.197090655016
"15083",2020-12-12,"20","27  day ahead inc hosp",2021-01-08,"quantile",0.8,169.176996959222
"15084",2020-12-12,"20","27  day ahead inc hosp",2021-01-08,"quantile",0.85,174.981685960988
"15085",2020-12-12,"20","27  day ahead inc hosp",2021-01-08,"quantile",0.9,182.285310182635
"15086",2020-12-12,"20","27  day ahead inc hosp",2021-01-08,"quantile",0.95,193.110381494016
"15087",2020-12-12,"20","27  day ahead inc hosp",2021-01-08,"quantile",0.975,202.499516470685
"15088",2020-12-12,"20","27  day ahead inc hosp",2021-01-08,"quantile",0.99,213.416414976101
"15089",2020-12-12,"20","28  day ahead inc hosp",2021-01-09,"quantile",0.01,74.9099335998794
"15090",2020-12-12,"20","28  day ahead inc hosp",2021-01-09,"quantile",0.025,85.9810697406151
"15091",2020-12-12,"20","28  day ahead inc hosp",2021-01-09,"quantile",0.05,95.5028575926205
"15092",2020-12-12,"20","28  day ahead inc hosp",2021-01-09,"quantile",0.1,106.480869173659
"15093",2020-12-12,"20","28  day ahead inc hosp",2021-01-09,"quantile",0.15,113.887681469158
"15094",2020-12-12,"20","28  day ahead inc hosp",2021-01-09,"quantile",0.2,119.774381080893
"15095",2020-12-12,"20","28  day ahead inc hosp",2021-01-09,"quantile",0.25,124.824645186089
"15096",2020-12-12,"20","28  day ahead inc hosp",2021-01-09,"quantile",0.3,129.359938437529
"15097",2020-12-12,"20","28  day ahead inc hosp",2021-01-09,"quantile",0.35,133.562563528797
"15098",2020-12-12,"20","28  day ahead inc hosp",2021-01-09,"quantile",0.4,137.550443764807
"15099",2020-12-12,"20","28  day ahead inc hosp",2021-01-09,"quantile",0.45,141.408764044508
"15100",2020-12-12,"20","28  day ahead inc hosp",2021-01-09,"quantile",0.5,145.205912113863
"15101",2020-12-12,"20","28  day ahead inc hosp",2021-01-09,"quantile",0.55,149.003060183218
"15102",2020-12-12,"20","28  day ahead inc hosp",2021-01-09,"quantile",0.6,152.86138046292
"15103",2020-12-12,"20","28  day ahead inc hosp",2021-01-09,"quantile",0.65,156.849260698929
"15104",2020-12-12,"20","28  day ahead inc hosp",2021-01-09,"quantile",0.7,161.051885790197
"15105",2020-12-12,"20","28  day ahead inc hosp",2021-01-09,"quantile",0.75,165.587179041637
"15106",2020-12-12,"20","28  day ahead inc hosp",2021-01-09,"quantile",0.8,170.637443146834
"15107",2020-12-12,"20","28  day ahead inc hosp",2021-01-09,"quantile",0.85,176.524142758569
"15108",2020-12-12,"20","28  day ahead inc hosp",2021-01-09,"quantile",0.9,183.930955054068
"15109",2020-12-12,"20","28  day ahead inc hosp",2021-01-09,"quantile",0.95,194.908966635106
"15110",2020-12-12,"20","28  day ahead inc hosp",2021-01-09,"quantile",0.975,204.430754487111
"15111",2020-12-12,"20","28  day ahead inc hosp",2021-01-09,"quantile",0.99,215.501890627847
"15112",2020-12-12,"20","29  day ahead inc hosp",2021-01-10,"quantile",0.01,71.3336110647804
"15113",2020-12-12,"20","29  day ahead inc hosp",2021-01-10,"quantile",0.025,82.5560966664308
"15114",2020-12-12,"20","29  day ahead inc hosp",2021-01-10,"quantile",0.05,92.2080534044499
"15115",2020-12-12,"20","29  day ahead inc hosp",2021-01-10,"quantile",0.1,103.33614137454
"15116",2020-12-12,"20","29  day ahead inc hosp",2021-01-10,"quantile",0.15,110.844209497244
"15117",2020-12-12,"20","29  day ahead inc hosp",2021-01-10,"quantile",0.2,116.811384030566
"15118",2020-12-12,"20","29  day ahead inc hosp",2021-01-10,"quantile",0.25,121.93068845286
"15119",2020-12-12,"20","29  day ahead inc hosp",2021-01-10,"quantile",0.3,126.527982042836
"15120",2020-12-12,"20","29  day ahead inc hosp",2021-01-10,"quantile",0.35,130.788059687654
"15121",2020-12-12,"20","29  day ahead inc hosp",2021-01-10,"quantile",0.4,134.830456778686
"15122",2020-12-12,"20","29  day ahead inc hosp",2021-01-10,"quantile",0.45,138.741522746539
"15123",2020-12-12,"20","29  day ahead inc hosp",2021-01-10,"quantile",0.5,142.590580241088
"15124",2020-12-12,"20","29  day ahead inc hosp",2021-01-10,"quantile",0.55,146.439637735637
"15125",2020-12-12,"20","29  day ahead inc hosp",2021-01-10,"quantile",0.6,150.350703703491
"15126",2020-12-12,"20","29  day ahead inc hosp",2021-01-10,"quantile",0.65,154.393100794522
"15127",2020-12-12,"20","29  day ahead inc hosp",2021-01-10,"quantile",0.7,158.653178439341
"15128",2020-12-12,"20","29  day ahead inc hosp",2021-01-10,"quantile",0.75,163.250472029316
"15129",2020-12-12,"20","29  day ahead inc hosp",2021-01-10,"quantile",0.8,168.369776451611
"15130",2020-12-12,"20","29  day ahead inc hosp",2021-01-10,"quantile",0.85,174.336950984933
"15131",2020-12-12,"20","29  day ahead inc hosp",2021-01-10,"quantile",0.9,181.845019107637
"15132",2020-12-12,"20","29  day ahead inc hosp",2021-01-10,"quantile",0.95,192.973107077727
"15133",2020-12-12,"20","29  day ahead inc hosp",2021-01-10,"quantile",0.975,202.625063815746
"15134",2020-12-12,"20","29  day ahead inc hosp",2021-01-10,"quantile",0.99,213.847549417396
"15135",2020-12-12,"20","30  day ahead inc hosp",2021-01-11,"quantile",0.01,71.4793374222241
"15136",2020-12-12,"20","30  day ahead inc hosp",2021-01-11,"quantile",0.025,82.851772455244
"15137",2020-12-12,"20","30  day ahead inc hosp",2021-01-11,"quantile",0.05,92.6326939766313
"15138",2020-12-12,"20","30  day ahead inc hosp",2021-01-11,"quantile",0.1,103.909470082538
"15139",2020-12-12,"20","30  day ahead inc hosp",2021-01-11,"quantile",0.15,111.51785738458
"15140",2020-12-12,"20","30  day ahead inc hosp",2021-01-11,"quantile",0.2,117.564762421456
"15141",2020-12-12,"20","30  day ahead inc hosp",2021-01-11,"quantile",0.25,122.752468516462
"15142",2020-12-12,"20","30  day ahead inc hosp",2021-01-11,"quantile",0.3,127.411188922575
"15143",2020-12-12,"20","30  day ahead inc hosp",2021-01-11,"quantile",0.35,131.72818766697
"15144",2020-12-12,"20","30  day ahead inc hosp",2021-01-11,"quantile",0.4,135.824597315173
"15145",2020-12-12,"20","30  day ahead inc hosp",2021-01-11,"quantile",0.45,139.787921057173
"15146",2020-12-12,"20","30  day ahead inc hosp",2021-01-11,"quantile",0.5,143.688407798602
"15147",2020-12-12,"20","30  day ahead inc hosp",2021-01-11,"quantile",0.55,147.588894540031
"15148",2020-12-12,"20","30  day ahead inc hosp",2021-01-11,"quantile",0.6,151.552218282031
"15149",2020-12-12,"20","30  day ahead inc hosp",2021-01-11,"quantile",0.65,155.648627930234
"15150",2020-12-12,"20","30  day ahead inc hosp",2021-01-11,"quantile",0.7,159.965626674629
"15151",2020-12-12,"20","30  day ahead inc hosp",2021-01-11,"quantile",0.75,164.624347080742
"15152",2020-12-12,"20","30  day ahead inc hosp",2021-01-11,"quantile",0.8,169.812053175748
"15153",2020-12-12,"20","30  day ahead inc hosp",2021-01-11,"quantile",0.85,175.858958212624
"15154",2020-12-12,"20","30  day ahead inc hosp",2021-01-11,"quantile",0.9,183.467345514665
"15155",2020-12-12,"20","30  day ahead inc hosp",2021-01-11,"quantile",0.95,194.744121620573
"15156",2020-12-12,"20","30  day ahead inc hosp",2021-01-11,"quantile",0.975,204.52504314196
"15157",2020-12-12,"20","30  day ahead inc hosp",2021-01-11,"quantile",0.99,215.89747817498
"15158",2020-12-12,"20","31  day ahead inc hosp",2021-01-12,"quantile",0.01,71.6119120194753
"15159",2020-12-12,"20","31  day ahead inc hosp",2021-01-12,"quantile",0.025,83.1318539490623
"15160",2020-12-12,"20","31  day ahead inc hosp",2021-01-12,"quantile",0.05,93.0396395391382
"15161",2020-12-12,"20","31  day ahead inc hosp",2021-01-12,"quantile",0.1,104.462681791375
"15162",2020-12-12,"20","31  day ahead inc hosp",2021-01-12,"quantile",0.15,112.169754167945
"15163",2020-12-12,"20","31  day ahead inc hosp",2021-01-12,"quantile",0.2,118.295090973676
"15164",2020-12-12,"20","31  day ahead inc hosp",2021-01-12,"quantile",0.25,123.550084542662
"15165",2020-12-12,"20","31  day ahead inc hosp",2021-01-12,"quantile",0.3,128.269231180016
"15166",2020-12-12,"20","31  day ahead inc hosp",2021-01-12,"quantile",0.35,132.642223832965
"15167",2020-12-12,"20","31  day ahead inc hosp",2021-01-12,"quantile",0.4,136.791766224729
"15168",2020-12-12,"20","31  day ahead inc hosp",2021-01-12,"quantile",0.45,140.806496511024
"15169",2020-12-12,"20","31  day ahead inc hosp",2021-01-12,"quantile",0.5,144.757574765411
"15170",2020-12-12,"20","31  day ahead inc hosp",2021-01-12,"quantile",0.55,148.708653019797
"15171",2020-12-12,"20","31  day ahead inc hosp",2021-01-12,"quantile",0.6,152.723383306092
"15172",2020-12-12,"20","31  day ahead inc hosp",2021-01-12,"quantile",0.65,156.872925697857
"15173",2020-12-12,"20","31  day ahead inc hosp",2021-01-12,"quantile",0.7,161.245918350805
"15174",2020-12-12,"20","31  day ahead inc hosp",2021-01-12,"quantile",0.75,165.965064988159
"15175",2020-12-12,"20","31  day ahead inc hosp",2021-01-12,"quantile",0.8,171.220058557145
"15176",2020-12-12,"20","31  day ahead inc hosp",2021-01-12,"quantile",0.85,177.345395362877
"15177",2020-12-12,"20","31  day ahead inc hosp",2021-01-12,"quantile",0.9,185.052467739446
"15178",2020-12-12,"20","31  day ahead inc hosp",2021-01-12,"quantile",0.95,196.475509991683
"15179",2020-12-12,"20","31  day ahead inc hosp",2021-01-12,"quantile",0.975,206.383295581759
"15180",2020-12-12,"20","31  day ahead inc hosp",2021-01-12,"quantile",0.99,217.903237511346
"15181",2020-12-12,"20","32  day ahead inc hosp",2021-01-13,"quantile",0.01,71.7770427938496
"15182",2020-12-12,"20","32  day ahead inc hosp",2021-01-13,"quantile",0.025,83.4430191112821
"15183",2020-12-12,"20","32  day ahead inc hosp",2021-01-13,"quantile",0.05,93.4764023313109
"15184",2020-12-12,"20","32  day ahead inc hosp",2021-01-13,"quantile",0.1,105.044250607123
"15185",2020-12-12,"20","32  day ahead inc hosp",2021-01-13,"quantile",0.15,112.84902292033
"15186",2020-12-12,"20","32  day ahead inc hosp",2021-01-13,"quantile",0.2,119.05200853855
"15187",2020-12-12,"20","32  day ahead inc hosp",2021-01-13,"quantile",0.25,124.373617874671
"15188",2020-12-12,"20","32  day ahead inc hosp",2021-01-13,"quantile",0.3,129.152587529758
"15189",2020-12-12,"20","32  day ahead inc hosp",2021-01-13,"quantile",0.35,133.581015124048
"15190",2020-12-12,"20","32  day ahead inc hosp",2021-01-13,"quantile",0.4,137.783159854151
"15191",2020-12-12,"20","32  day ahead inc hosp",2021-01-13,"quantile",0.45,141.84878351155
"15192",2020-12-12,"20","32  day ahead inc hosp",2021-01-13,"quantile",0.5,145.84994824187
"15193",2020-12-12,"20","32  day ahead inc hosp",2021-01-13,"quantile",0.55,149.85111297219
"15194",2020-12-12,"20","32  day ahead inc hosp",2021-01-13,"quantile",0.6,153.916736629589
"15195",2020-12-12,"20","32  day ahead inc hosp",2021-01-13,"quantile",0.65,158.118881359692
"15196",2020-12-12,"20","32  day ahead inc hosp",2021-01-13,"quantile",0.7,162.547308953983
"15197",2020-12-12,"20","32  day ahead inc hosp",2021-01-13,"quantile",0.75,167.32627860907
"15198",2020-12-12,"20","32  day ahead inc hosp",2021-01-13,"quantile",0.8,172.64788794519
"15199",2020-12-12,"20","32  day ahead inc hosp",2021-01-13,"quantile",0.85,178.85087356341
"15200",2020-12-12,"20","32  day ahead inc hosp",2021-01-13,"quantile",0.9,186.655645876617
"15201",2020-12-12,"20","32  day ahead inc hosp",2021-01-13,"quantile",0.95,198.223494152429
"15202",2020-12-12,"20","32  day ahead inc hosp",2021-01-13,"quantile",0.975,208.256877372458
"15203",2020-12-12,"20","32  day ahead inc hosp",2021-01-13,"quantile",0.99,219.922853689891
"15204",2020-12-12,"20","33  day ahead inc hosp",2021-01-14,"quantile",0.01,71.9368413846212
"15205",2020-12-12,"20","33  day ahead inc hosp",2021-01-14,"quantile",0.025,83.7467325230985
"15206",2020-12-12,"20","33  day ahead inc hosp",2021-01-14,"quantile",0.05,93.9038904286996
"15207",2020-12-12,"20","33  day ahead inc hosp",2021-01-14,"quantile",0.1,105.614442989964
"15208",2020-12-12,"20","33  day ahead inc hosp",2021-01-14,"quantile",0.15,113.515497207076
"15209",2020-12-12,"20","33  day ahead inc hosp",2021-01-14,"quantile",0.2,119.795004630322
"15210",2020-12-12,"20","33  day ahead inc hosp",2021-01-14,"quantile",0.25,125.182262861523
"15211",2020-12-12,"20","33  day ahead inc hosp",2021-01-14,"quantile",0.3,130.020187253357
"15212",2020-12-12,"20","33  day ahead inc hosp",2021-01-14,"quantile",0.35,134.503245197255
"15213",2020-12-12,"20","33  day ahead inc hosp",2021-01-14,"quantile",0.4,138.757228786823
"15214",2020-12-12,"20","33  day ahead inc hosp",2021-01-14,"quantile",0.45,142.87300714068
"15215",2020-12-12,"20","33  day ahead inc hosp",2021-01-14,"quantile",0.5,146.923531383695
"15216",2020-12-12,"20","33  day ahead inc hosp",2021-01-14,"quantile",0.55,150.974055626709
"15217",2020-12-12,"20","33  day ahead inc hosp",2021-01-14,"quantile",0.6,155.089833980567
"15218",2020-12-12,"20","33  day ahead inc hosp",2021-01-14,"quantile",0.65,159.343817570135
"15219",2020-12-12,"20","33  day ahead inc hosp",2021-01-14,"quantile",0.7,163.826875514033
"15220",2020-12-12,"20","33  day ahead inc hosp",2021-01-14,"quantile",0.75,168.664799905867
"15221",2020-12-12,"20","33  day ahead inc hosp",2021-01-14,"quantile",0.8,174.052058137068
"15222",2020-12-12,"20","33  day ahead inc hosp",2021-01-14,"quantile",0.85,180.331565560313
"15223",2020-12-12,"20","33  day ahead inc hosp",2021-01-14,"quantile",0.9,188.232619777426
"15224",2020-12-12,"20","33  day ahead inc hosp",2021-01-14,"quantile",0.95,199.94317233869
"15225",2020-12-12,"20","33  day ahead inc hosp",2021-01-14,"quantile",0.975,210.100330244291
"15226",2020-12-12,"20","33  day ahead inc hosp",2021-01-14,"quantile",0.99,221.910221382769
"15227",2020-12-12,"20","34  day ahead inc hosp",2021-01-15,"quantile",0.01,72.1212617669174
"15228",2020-12-12,"20","34  day ahead inc hosp",2021-01-15,"quantile",0.025,84.0735861507023
"15229",2020-12-12,"20","34  day ahead inc hosp",2021-01-15,"quantile",0.05,94.3532445050063
"15230",2020-12-12,"20","34  day ahead inc hosp",2021-01-15,"quantile",0.1,106.20503223822
"15231",2020-12-12,"20","34  day ahead inc hosp",2021-01-15,"quantile",0.15,114.201377155331
"15232",2020-12-12,"20","34  day ahead inc hosp",2021-01-15,"quantile",0.2,120.556618606159
"15233",2020-12-12,"20","34  day ahead inc hosp",2021-01-15,"quantile",0.25,126.00884988954
"15234",2020-12-12,"20","34  day ahead inc hosp",2021-01-15,"quantile",0.3,130.905122090308
"15235",2020-12-12,"20","34  day ahead inc hosp",2021-01-15,"quantile",0.35,135.442247974746
"15236",2020-12-12,"20","34  day ahead inc hosp",2021-01-15,"quantile",0.4,139.74753675257
"15237",2020-12-12,"20","34  day ahead inc hosp",2021-01-15,"quantile",0.45,143.912953469816
"15238",2020-12-12,"20","34  day ahead inc hosp",2021-01-15,"quantile",0.5,148.01232907872
"15239",2020-12-12,"20","34  day ahead inc hosp",2021-01-15,"quantile",0.55,152.111704687625
"15240",2020-12-12,"20","34  day ahead inc hosp",2021-01-15,"quantile",0.6,156.277121404871
"15241",2020-12-12,"20","34  day ahead inc hosp",2021-01-15,"quantile",0.65,160.582410182695
"15242",2020-12-12,"20","34  day ahead inc hosp",2021-01-15,"quantile",0.7,165.119536067133
"15243",2020-12-12,"20","34  day ahead inc hosp",2021-01-15,"quantile",0.75,170.015808267901
"15244",2020-12-12,"20","34  day ahead inc hosp",2021-01-15,"quantile",0.8,175.468039551282
"15245",2020-12-12,"20","34  day ahead inc hosp",2021-01-15,"quantile",0.85,181.823281002109
"15246",2020-12-12,"20","34  day ahead inc hosp",2021-01-15,"quantile",0.9,189.81962591922
"15247",2020-12-12,"20","34  day ahead inc hosp",2021-01-15,"quantile",0.95,201.671413652434
"15248",2020-12-12,"20","34  day ahead inc hosp",2021-01-15,"quantile",0.975,211.951072006738
"15249",2020-12-12,"20","34  day ahead inc hosp",2021-01-15,"quantile",0.99,223.903396390523
"15250",2020-12-12,"20","35  day ahead inc hosp",2021-01-16,"quantile",0.01,72.3052904136783
"15251",2020-12-12,"20","35  day ahead inc hosp",2021-01-16,"quantile",0.025,84.398169542451
"15252",2020-12-12,"20","35  day ahead inc hosp",2021-01-16,"quantile",0.05,94.7987127315501
"15253",2020-12-12,"20","35  day ahead inc hosp",2021-01-16,"quantile",0.1,106.789872937348
"15254",2020-12-12,"20","35  day ahead inc hosp",2021-01-16,"quantile",0.15,114.880251800039
"15255",2020-12-12,"20","35  day ahead inc hosp",2021-01-16,"quantile",0.2,121.310228449876
"15256",2020-12-12,"20","35  day ahead inc hosp",2021-01-16,"quantile",0.25,126.82657587946
"15257",2020-12-12,"20","35  day ahead inc hosp",2021-01-16,"quantile",0.3,131.780426361111
"15258",2020-12-12,"20","35  day ahead inc hosp",2021-01-16,"quantile",0.35,136.370907103666
"15259",2020-12-12,"20","35  day ahead inc hosp",2021-01-16,"quantile",0.4,140.72682442426
"15260",2020-12-12,"20","35  day ahead inc hosp",2021-01-16,"quantile",0.45,144.941224842555
"15261",2020-12-12,"20","35  day ahead inc hosp",2021-01-16,"quantile",0.5,149.088807534435
"15262",2020-12-12,"20","35  day ahead inc hosp",2021-01-16,"quantile",0.55,153.236390226315
"15263",2020-12-12,"20","35  day ahead inc hosp",2021-01-16,"quantile",0.6,157.45079064461
"15264",2020-12-12,"20","35  day ahead inc hosp",2021-01-16,"quantile",0.65,161.806707965204
"15265",2020-12-12,"20","35  day ahead inc hosp",2021-01-16,"quantile",0.7,166.397188707759
"15266",2020-12-12,"20","35  day ahead inc hosp",2021-01-16,"quantile",0.75,171.35103918941
"15267",2020-12-12,"20","35  day ahead inc hosp",2021-01-16,"quantile",0.8,176.867386618994
"15268",2020-12-12,"20","35  day ahead inc hosp",2021-01-16,"quantile",0.85,183.297363268831
"15269",2020-12-12,"20","35  day ahead inc hosp",2021-01-16,"quantile",0.9,191.387742131522
"15270",2020-12-12,"20","35  day ahead inc hosp",2021-01-16,"quantile",0.95,203.37890233732
"15271",2020-12-12,"20","35  day ahead inc hosp",2021-01-16,"quantile",0.975,213.779445526419
"15272",2020-12-12,"20","35  day ahead inc hosp",2021-01-16,"quantile",0.99,225.872324655192
"15273",2020-12-12,"20","36  day ahead inc hosp",2021-01-17,"quantile",0.01,72.8361187144212
"15274",2020-12-12,"20","36  day ahead inc hosp",2021-01-17,"quantile",0.025,85.0680985046303
"15275",2020-12-12,"20","36  day ahead inc hosp",2021-01-17,"quantile",0.05,95.5882759364515
"15276",2020-12-12,"20","36  day ahead inc hosp",2021-01-17,"quantile",0.1,107.717366762266
"15277",2020-12-12,"20","36  day ahead inc hosp",2021-01-17,"quantile",0.15,115.900806759455
"15278",2020-12-12,"20","36  day ahead inc hosp",2021-01-17,"quantile",0.2,122.404745448893
"15279",2020-12-12,"20","36  day ahead inc hosp",2021-01-17,"quantile",0.25,127.98454572275
"15280",2020-12-12,"20","36  day ahead inc hosp",2021-01-17,"quantile",0.3,132.99537881965
"15281",2020-12-12,"20","36  day ahead inc hosp",2021-01-17,"quantile",0.35,137.638662447341
"15282",2020-12-12,"20","36  day ahead inc hosp",2021-01-17,"quantile",0.4,142.044684542324
"15283",2020-12-12,"20","36  day ahead inc hosp",2021-01-17,"quantile",0.45,146.307561909698
"15284",2020-12-12,"20","36  day ahead inc hosp",2021-01-17,"quantile",0.5,150.502852966944
"15285",2020-12-12,"20","36  day ahead inc hosp",2021-01-17,"quantile",0.55,154.69814402419
"15286",2020-12-12,"20","36  day ahead inc hosp",2021-01-17,"quantile",0.6,158.961021391564
"15287",2020-12-12,"20","36  day ahead inc hosp",2021-01-17,"quantile",0.65,163.367043486547
"15288",2020-12-12,"20","36  day ahead inc hosp",2021-01-17,"quantile",0.7,168.010327114238
"15289",2020-12-12,"20","36  day ahead inc hosp",2021-01-17,"quantile",0.75,173.021160211138
"15290",2020-12-12,"20","36  day ahead inc hosp",2021-01-17,"quantile",0.8,178.600960484995
"15291",2020-12-12,"20","36  day ahead inc hosp",2021-01-17,"quantile",0.85,185.104899174433
"15292",2020-12-12,"20","36  day ahead inc hosp",2021-01-17,"quantile",0.9,193.288339171622
"15293",2020-12-12,"20","36  day ahead inc hosp",2021-01-17,"quantile",0.95,205.417429997437
"15294",2020-12-12,"20","36  day ahead inc hosp",2021-01-17,"quantile",0.975,215.937607429258
"15295",2020-12-12,"20","36  day ahead inc hosp",2021-01-17,"quantile",0.99,228.169587219467
"15296",2020-12-12,"20","37  day ahead inc hosp",2021-01-18,"quantile",0.01,73.0420279128785
"15297",2020-12-12,"20","37  day ahead inc hosp",2021-01-18,"quantile",0.025,85.411415366371
"15298",2020-12-12,"20","37  day ahead inc hosp",2021-01-18,"quantile",0.05,96.0497709691039
"15299",2020-12-12,"20","37  day ahead inc hosp",2021-01-18,"quantile",0.1,108.315113657389
"15300",2020-12-12,"20","37  day ahead inc hosp",2021-01-18,"quantile",0.15,116.590482139331
"15301",2020-12-12,"20","37  day ahead inc hosp",2021-01-18,"quantile",0.2,123.167482674258
"15302",2020-12-12,"20","37  day ahead inc hosp",2021-01-18,"quantile",0.25,128.809963505994
"15303",2020-12-12,"20","37  day ahead inc hosp",2021-01-18,"quantile",0.3,133.877085681094
"15304",2020-12-12,"20","37  day ahead inc hosp",2021-01-18,"quantile",0.35,138.572529528487
"15305",2020-12-12,"20","37  day ahead inc hosp",2021-01-18,"quantile",0.4,143.028046571207
"15306",2020-12-12,"20","37  day ahead inc hosp",2021-01-18,"quantile",0.45,147.338810873318
"15307",2020-12-12,"20","37  day ahead inc hosp",2021-01-18,"quantile",0.5,151.581229636042
"15308",2020-12-12,"20","37  day ahead inc hosp",2021-01-18,"quantile",0.55,155.823648398767
"15309",2020-12-12,"20","37  day ahead inc hosp",2021-01-18,"quantile",0.6,160.134412700878
"15310",2020-12-12,"20","37  day ahead inc hosp",2021-01-18,"quantile",0.65,164.589929743598
"15311",2020-12-12,"20","37  day ahead inc hosp",2021-01-18,"quantile",0.7,169.285373590991
"15312",2020-12-12,"20","37  day ahead inc hosp",2021-01-18,"quantile",0.75,174.352495766091
"15313",2020-12-12,"20","37  day ahead inc hosp",2021-01-18,"quantile",0.8,179.994976597827
"15314",2020-12-12,"20","37  day ahead inc hosp",2021-01-18,"quantile",0.85,186.571977132754
"15315",2020-12-12,"20","37  day ahead inc hosp",2021-01-18,"quantile",0.9,194.847345614695
"15316",2020-12-12,"20","37  day ahead inc hosp",2021-01-18,"quantile",0.95,207.112688302981
"15317",2020-12-12,"20","37  day ahead inc hosp",2021-01-18,"quantile",0.975,217.751043905714
"15318",2020-12-12,"20","37  day ahead inc hosp",2021-01-18,"quantile",0.99,230.120431359206
"15319",2020-12-12,"21","1  day ahead inc hosp",2020-12-13,"quantile",0.01,69.6595269818526
"15320",2020-12-12,"21","1  day ahead inc hosp",2020-12-13,"quantile",0.025,103.959048174124
"15321",2020-12-12,"21","1  day ahead inc hosp",2020-12-13,"quantile",0.05,133.458528630922
"15322",2020-12-12,"21","1  day ahead inc hosp",2020-12-13,"quantile",0.1,167.469540336157
"15323",2020-12-12,"21","1  day ahead inc hosp",2020-12-13,"quantile",0.15,190.41660846604
"15324",2020-12-12,"21","1  day ahead inc hosp",2020-12-13,"quantile",0.2,208.654210778807
"15325",2020-12-12,"21","1  day ahead inc hosp",2020-12-13,"quantile",0.25,224.30044965626
"15326",2020-12-12,"21","1  day ahead inc hosp",2020-12-13,"quantile",0.3,238.351255735553
"15327",2020-12-12,"21","1  day ahead inc hosp",2020-12-13,"quantile",0.35,251.371421556723
"15328",2020-12-12,"21","1  day ahead inc hosp",2020-12-13,"quantile",0.4,263.726285676221
"15329",2020-12-12,"21","1  day ahead inc hosp",2020-12-13,"quantile",0.45,275.679759693512
"15330",2020-12-12,"21","1  day ahead inc hosp",2020-12-13,"quantile",0.5,287.44371589633
"15331",2020-12-12,"21","1  day ahead inc hosp",2020-12-13,"quantile",0.55,299.207672099147
"15332",2020-12-12,"21","1  day ahead inc hosp",2020-12-13,"quantile",0.6,311.161146116439
"15333",2020-12-12,"21","1  day ahead inc hosp",2020-12-13,"quantile",0.65,323.516010235937
"15334",2020-12-12,"21","1  day ahead inc hosp",2020-12-13,"quantile",0.7,336.536176057106
"15335",2020-12-12,"21","1  day ahead inc hosp",2020-12-13,"quantile",0.75,350.5869821364
"15336",2020-12-12,"21","1  day ahead inc hosp",2020-12-13,"quantile",0.8,366.233221013852
"15337",2020-12-12,"21","1  day ahead inc hosp",2020-12-13,"quantile",0.85,384.470823326619
"15338",2020-12-12,"21","1  day ahead inc hosp",2020-12-13,"quantile",0.9,407.417891456502
"15339",2020-12-12,"21","1  day ahead inc hosp",2020-12-13,"quantile",0.95,441.428903161737
"15340",2020-12-12,"21","1  day ahead inc hosp",2020-12-13,"quantile",0.975,470.928383618535
"15341",2020-12-12,"21","1  day ahead inc hosp",2020-12-13,"quantile",0.99,505.227904810807
"15342",2020-12-12,"21","2  day ahead inc hosp",2020-12-14,"quantile",0.01,57.6387417638094
"15343",2020-12-12,"21","2  day ahead inc hosp",2020-12-14,"quantile",0.025,95.337983045673
"15344",2020-12-12,"21","2  day ahead inc hosp",2020-12-14,"quantile",0.05,127.761410334827
"15345",2020-12-12,"21","2  day ahead inc hosp",2020-12-14,"quantile",0.1,165.143545476844
"15346",2020-12-12,"21","2  day ahead inc hosp",2020-12-14,"quantile",0.15,190.365094585078
"15347",2020-12-12,"21","2  day ahead inc hosp",2020-12-14,"quantile",0.2,210.410382276925
"15348",2020-12-12,"21","2  day ahead inc hosp",2020-12-14,"quantile",0.25,227.607454250269
"15349",2020-12-12,"21","2  day ahead inc hosp",2020-12-14,"quantile",0.3,243.050956380186
"15350",2020-12-12,"21","2  day ahead inc hosp",2020-12-14,"quantile",0.35,257.36166264546
"15351",2020-12-12,"21","2  day ahead inc hosp",2020-12-14,"quantile",0.4,270.941123444188
"15352",2020-12-12,"21","2  day ahead inc hosp",2020-12-14,"quantile",0.45,284.079408920777
"15353",2020-12-12,"21","2  day ahead inc hosp",2020-12-14,"quantile",0.5,297.00939184483
"15354",2020-12-12,"21","2  day ahead inc hosp",2020-12-14,"quantile",0.55,309.939374768883
"15355",2020-12-12,"21","2  day ahead inc hosp",2020-12-14,"quantile",0.6,323.077660245472
"15356",2020-12-12,"21","2  day ahead inc hosp",2020-12-14,"quantile",0.65,336.6571210442
"15357",2020-12-12,"21","2  day ahead inc hosp",2020-12-14,"quantile",0.7,350.967827309474
"15358",2020-12-12,"21","2  day ahead inc hosp",2020-12-14,"quantile",0.75,366.411329439391
"15359",2020-12-12,"21","2  day ahead inc hosp",2020-12-14,"quantile",0.8,383.608401412735
"15360",2020-12-12,"21","2  day ahead inc hosp",2020-12-14,"quantile",0.85,403.653689104582
"15361",2020-12-12,"21","2  day ahead inc hosp",2020-12-14,"quantile",0.9,428.875238212816
"15362",2020-12-12,"21","2  day ahead inc hosp",2020-12-14,"quantile",0.95,466.257373354833
"15363",2020-12-12,"21","2  day ahead inc hosp",2020-12-14,"quantile",0.975,498.680800643987
"15364",2020-12-12,"21","2  day ahead inc hosp",2020-12-14,"quantile",0.99,536.38004192585
"15365",2020-12-12,"21","3  day ahead inc hosp",2020-12-15,"quantile",0.01,42.9641478504369
"15366",2020-12-12,"21","3  day ahead inc hosp",2020-12-15,"quantile",0.025,81.7381063407676
"15367",2020-12-12,"21","3  day ahead inc hosp",2020-12-15,"quantile",0.05,115.08584971906
"15368",2020-12-12,"21","3  day ahead inc hosp",2020-12-15,"quantile",0.1,153.533662115056
"15369",2020-12-12,"21","3  day ahead inc hosp",2020-12-15,"quantile",0.15,179.474218607236
"15370",2020-12-12,"21","3  day ahead inc hosp",2020-12-15,"quantile",0.2,200.090950574845
"15371",2020-12-12,"21","3  day ahead inc hosp",2020-12-15,"quantile",0.25,217.778270854431
"15372",2020-12-12,"21","3  day ahead inc hosp",2020-12-15,"quantile",0.3,233.662031115112
"15373",2020-12-12,"21","3  day ahead inc hosp",2020-12-15,"quantile",0.35,248.380702150118
"15374",2020-12-12,"21","3  day ahead inc hosp",2020-12-15,"quantile",0.4,262.347281620359
"15375",2020-12-12,"21","3  day ahead inc hosp",2020-12-15,"quantile",0.45,275.860108891725
"15376",2020-12-12,"21","3  day ahead inc hosp",2020-12-15,"quantile",0.5,289.158695391902
"15377",2020-12-12,"21","3  day ahead inc hosp",2020-12-15,"quantile",0.55,302.45728189208
"15378",2020-12-12,"21","3  day ahead inc hosp",2020-12-15,"quantile",0.6,315.970109163446
"15379",2020-12-12,"21","3  day ahead inc hosp",2020-12-15,"quantile",0.65,329.936688633687
"15380",2020-12-12,"21","3  day ahead inc hosp",2020-12-15,"quantile",0.7,344.655359668692
"15381",2020-12-12,"21","3  day ahead inc hosp",2020-12-15,"quantile",0.75,360.539119929374
"15382",2020-12-12,"21","3  day ahead inc hosp",2020-12-15,"quantile",0.8,378.22644020896
"15383",2020-12-12,"21","3  day ahead inc hosp",2020-12-15,"quantile",0.85,398.843172176569
"15384",2020-12-12,"21","3  day ahead inc hosp",2020-12-15,"quantile",0.9,424.783728668749
"15385",2020-12-12,"21","3  day ahead inc hosp",2020-12-15,"quantile",0.95,463.231541064745
"15386",2020-12-12,"21","3  day ahead inc hosp",2020-12-15,"quantile",0.975,496.579284443037
"15387",2020-12-12,"21","3  day ahead inc hosp",2020-12-15,"quantile",0.99,535.353242933368
"15388",2020-12-12,"21","4  day ahead inc hosp",2020-12-16,"quantile",0.01,48.1953520178303
"15389",2020-12-12,"21","4  day ahead inc hosp",2020-12-16,"quantile",0.025,87.0520235014592
"15390",2020-12-12,"21","4  day ahead inc hosp",2020-12-16,"quantile",0.05,120.470904617088
"15391",2020-12-12,"21","4  day ahead inc hosp",2020-12-16,"quantile",0.1,159.000734268294
"15392",2020-12-12,"21","4  day ahead inc hosp",2020-12-16,"quantile",0.15,184.996627413187
"15393",2020-12-12,"21","4  day ahead inc hosp",2020-12-16,"quantile",0.2,205.657339198165
"15394",2020-12-12,"21","4  day ahead inc hosp",2020-12-16,"quantile",0.25,223.382390245016
"15395",2020-12-12,"21","4  day ahead inc hosp",2020-12-16,"quantile",0.3,239.30003390082
"15396",2020-12-12,"21","4  day ahead inc hosp",2020-12-16,"quantile",0.35,254.050102951042
"15397",2020-12-12,"21","4  day ahead inc hosp",2020-12-16,"quantile",0.4,268.046476067305
"15398",2020-12-12,"21","4  day ahead inc hosp",2020-12-16,"quantile",0.45,281.588129035996
"15399",2020-12-12,"21","4  day ahead inc hosp",2020-12-16,"quantile",0.5,294.915084212958
"15400",2020-12-12,"21","4  day ahead inc hosp",2020-12-16,"quantile",0.55,308.24203938992
"15401",2020-12-12,"21","4  day ahead inc hosp",2020-12-16,"quantile",0.6,321.783692358611
"15402",2020-12-12,"21","4  day ahead inc hosp",2020-12-16,"quantile",0.65,335.780065474874
"15403",2020-12-12,"21","4  day ahead inc hosp",2020-12-16,"quantile",0.7,350.530134525095
"15404",2020-12-12,"21","4  day ahead inc hosp",2020-12-16,"quantile",0.75,366.4477781809
"15405",2020-12-12,"21","4  day ahead inc hosp",2020-12-16,"quantile",0.8,384.17282922775
"15406",2020-12-12,"21","4  day ahead inc hosp",2020-12-16,"quantile",0.85,404.833541012728
"15407",2020-12-12,"21","4  day ahead inc hosp",2020-12-16,"quantile",0.9,430.829434157621
"15408",2020-12-12,"21","4  day ahead inc hosp",2020-12-16,"quantile",0.95,469.359263808828
"15409",2020-12-12,"21","4  day ahead inc hosp",2020-12-16,"quantile",0.975,502.778144924456
"15410",2020-12-12,"21","4  day ahead inc hosp",2020-12-16,"quantile",0.99,541.634816408085
"15411",2020-12-12,"21","5  day ahead inc hosp",2020-12-17,"quantile",0.01,45.3853101383602
"15412",2020-12-12,"21","5  day ahead inc hosp",2020-12-17,"quantile",0.025,84.6259250680746
"15413",2020-12-12,"21","5  day ahead inc hosp",2020-12-17,"quantile",0.05,118.375018728678
"15414",2020-12-12,"21","5  day ahead inc hosp",2020-12-17,"quantile",0.1,157.285562296145
"15415",2020-12-12,"21","5  day ahead inc hosp",2020-12-17,"quantile",0.15,183.538321312895
"15416",2020-12-12,"21","5  day ahead inc hosp",2020-12-17,"quantile",0.2,204.403181950012
"15417",2020-12-12,"21","5  day ahead inc hosp",2020-12-17,"quantile",0.25,222.303374534239
"15418",2020-12-12,"21","5  day ahead inc hosp",2020-12-17,"quantile",0.3,238.378300703584
"15419",2020-12-12,"21","5  day ahead inc hosp",2020-12-17,"quantile",0.35,253.274115442381
"15420",2020-12-12,"21","5  day ahead inc hosp",2020-12-17,"quantile",0.4,267.408786964601
"15421",2020-12-12,"21","5  day ahead inc hosp",2020-12-17,"quantile",0.45,281.084245241569
"15422",2020-12-12,"21","5  day ahead inc hosp",2020-12-17,"quantile",0.5,294.542884294197
"15423",2020-12-12,"21","5  day ahead inc hosp",2020-12-17,"quantile",0.55,308.001523346826
"15424",2020-12-12,"21","5  day ahead inc hosp",2020-12-17,"quantile",0.6,321.676981623794
"15425",2020-12-12,"21","5  day ahead inc hosp",2020-12-17,"quantile",0.65,335.811653146013
"15426",2020-12-12,"21","5  day ahead inc hosp",2020-12-17,"quantile",0.7,350.707467884811
"15427",2020-12-12,"21","5  day ahead inc hosp",2020-12-17,"quantile",0.75,366.782394054156
"15428",2020-12-12,"21","5  day ahead inc hosp",2020-12-17,"quantile",0.8,384.682586638383
"15429",2020-12-12,"21","5  day ahead inc hosp",2020-12-17,"quantile",0.85,405.547447275499
"15430",2020-12-12,"21","5  day ahead inc hosp",2020-12-17,"quantile",0.9,431.80020629225
"15431",2020-12-12,"21","5  day ahead inc hosp",2020-12-17,"quantile",0.95,470.710749859717
"15432",2020-12-12,"21","5  day ahead inc hosp",2020-12-17,"quantile",0.975,504.45984352032
"15433",2020-12-12,"21","5  day ahead inc hosp",2020-12-17,"quantile",0.99,543.700458450034
"15434",2020-12-12,"21","6  day ahead inc hosp",2020-12-18,"quantile",0.01,46.3833424961368
"15435",2020-12-12,"21","6  day ahead inc hosp",2020-12-18,"quantile",0.025,85.8428831566393
"15436",2020-12-12,"21","6  day ahead inc hosp",2020-12-18,"quantile",0.05,119.780265023386
"15437",2020-12-12,"21","6  day ahead inc hosp",2020-12-18,"quantile",0.1,158.907892833828
"15438",2020-12-12,"21","6  day ahead inc hosp",2020-12-18,"quantile",0.15,185.307117558703
"15439",2020-12-12,"21","6  day ahead inc hosp",2020-12-18,"quantile",0.2,206.28838449758
"15440",2020-12-12,"21","6  day ahead inc hosp",2020-12-18,"quantile",0.25,224.288443323704
"15441",2020-12-12,"21","6  day ahead inc hosp",2020-12-18,"quantile",0.3,240.453052464768
"15442",2020-12-12,"21","6  day ahead inc hosp",2020-12-18,"quantile",0.35,255.431971842298
"15443",2020-12-12,"21","6  day ahead inc hosp",2020-12-18,"quantile",0.4,269.645501539854
"15444",2020-12-12,"21","6  day ahead inc hosp",2020-12-18,"quantile",0.45,283.397256014079
"15445",2020-12-12,"21","6  day ahead inc hosp",2020-12-18,"quantile",0.5,296.930981616582
"15446",2020-12-12,"21","6  day ahead inc hosp",2020-12-18,"quantile",0.55,310.464707219084
"15447",2020-12-12,"21","6  day ahead inc hosp",2020-12-18,"quantile",0.6,324.216461693309
"15448",2020-12-12,"21","6  day ahead inc hosp",2020-12-18,"quantile",0.65,338.429991390865
"15449",2020-12-12,"21","6  day ahead inc hosp",2020-12-18,"quantile",0.7,353.408910768395
"15450",2020-12-12,"21","6  day ahead inc hosp",2020-12-18,"quantile",0.75,369.573519909459
"15451",2020-12-12,"21","6  day ahead inc hosp",2020-12-18,"quantile",0.8,387.573578735583
"15452",2020-12-12,"21","6  day ahead inc hosp",2020-12-18,"quantile",0.85,408.55484567446
"15453",2020-12-12,"21","6  day ahead inc hosp",2020-12-18,"quantile",0.9,434.954070399335
"15454",2020-12-12,"21","6  day ahead inc hosp",2020-12-18,"quantile",0.95,474.081698209777
"15455",2020-12-12,"21","6  day ahead inc hosp",2020-12-18,"quantile",0.975,508.019080076524
"15456",2020-12-12,"21","6  day ahead inc hosp",2020-12-18,"quantile",0.99,547.478620737026
"15457",2020-12-12,"21","7  day ahead inc hosp",2020-12-19,"quantile",0.01,45.721264240798
"15458",2020-12-12,"21","7  day ahead inc hosp",2020-12-19,"quantile",0.025,85.4653865954056
"15459",2020-12-12,"21","7  day ahead inc hosp",2020-12-19,"quantile",0.05,119.647524418848
"15460",2020-12-12,"21","7  day ahead inc hosp",2020-12-19,"quantile",0.1,159.057340172236
"15461",2020-12-12,"21","7  day ahead inc hosp",2020-12-19,"quantile",0.15,185.646955762528
"15462",2020-12-12,"21","7  day ahead inc hosp",2020-12-19,"quantile",0.2,206.779539325724
"15463",2020-12-12,"21","7  day ahead inc hosp",2020-12-19,"quantile",0.25,224.909414342026
"15464",2020-12-12,"21","7  day ahead inc hosp",2020-12-19,"quantile",0.3,241.190602434008
"15465",2020-12-12,"21","7  day ahead inc hosp",2020-12-19,"quantile",0.35,256.2775495833
"15466",2020-12-12,"21","7  day ahead inc hosp",2020-12-19,"quantile",0.4,270.5935870722
"15467",2020-12-12,"21","7  day ahead inc hosp",2020-12-19,"quantile",0.45,284.444519020863
"15468",2020-12-12,"21","7  day ahead inc hosp",2020-12-19,"quantile",0.5,298.075849676416
"15469",2020-12-12,"21","7  day ahead inc hosp",2020-12-19,"quantile",0.55,311.707180331969
"15470",2020-12-12,"21","7  day ahead inc hosp",2020-12-19,"quantile",0.6,325.558112280632
"15471",2020-12-12,"21","7  day ahead inc hosp",2020-12-19,"quantile",0.65,339.874149769532
"15472",2020-12-12,"21","7  day ahead inc hosp",2020-12-19,"quantile",0.7,354.961096918824
"15473",2020-12-12,"21","7  day ahead inc hosp",2020-12-19,"quantile",0.75,371.242285010807
"15474",2020-12-12,"21","7  day ahead inc hosp",2020-12-19,"quantile",0.8,389.372160027109
"15475",2020-12-12,"21","7  day ahead inc hosp",2020-12-19,"quantile",0.85,410.504743590305
"15476",2020-12-12,"21","7  day ahead inc hosp",2020-12-19,"quantile",0.9,437.094359180596
"15477",2020-12-12,"21","7  day ahead inc hosp",2020-12-19,"quantile",0.95,476.504174933984
"15478",2020-12-12,"21","7  day ahead inc hosp",2020-12-19,"quantile",0.975,510.686312757427
"15479",2020-12-12,"21","7  day ahead inc hosp",2020-12-19,"quantile",0.99,550.430435112034
"15480",2020-12-12,"21","8  day ahead inc hosp",2020-12-20,"quantile",0.01,40.6718246364609
"15481",2020-12-12,"21","8  day ahead inc hosp",2020-12-20,"quantile",0.025,80.6675146030988
"15482",2020-12-12,"21","8  day ahead inc hosp",2020-12-20,"quantile",0.05,115.066014451336
"15483",2020-12-12,"21","8  day ahead inc hosp",2020-12-20,"quantile",0.1,154.725281762647
"15484",2020-12-12,"21","8  day ahead inc hosp",2020-12-20,"quantile",0.15,181.483201134795
"15485",2020-12-12,"21","8  day ahead inc hosp",2020-12-20,"quantile",0.2,202.749547208472
"15486",2020-12-12,"21","8  day ahead inc hosp",2020-12-20,"quantile",0.25,220.994178548327
"15487",2020-12-12,"21","8  day ahead inc hosp",2020-12-20,"quantile",0.3,237.378421365554
"15488",2020-12-12,"21","8  day ahead inc hosp",2020-12-20,"quantile",0.35,252.560864076008
"15489",2020-12-12,"21","8  day ahead inc hosp",2020-12-20,"quantile",0.4,266.967517513921
"15490",2020-12-12,"21","8  day ahead inc hosp",2020-12-20,"quantile",0.45,280.906121441942
"15491",2020-12-12,"21","8  day ahead inc hosp",2020-12-20,"quantile",0.5,294.623734070745
"15492",2020-12-12,"21","8  day ahead inc hosp",2020-12-20,"quantile",0.55,308.341346699547
"15493",2020-12-12,"21","8  day ahead inc hosp",2020-12-20,"quantile",0.6,322.279950627569
"15494",2020-12-12,"21","8  day ahead inc hosp",2020-12-20,"quantile",0.65,336.686604065481
"15495",2020-12-12,"21","8  day ahead inc hosp",2020-12-20,"quantile",0.7,351.869046775936
"15496",2020-12-12,"21","8  day ahead inc hosp",2020-12-20,"quantile",0.75,368.253289593162
"15497",2020-12-12,"21","8  day ahead inc hosp",2020-12-20,"quantile",0.8,386.497920933017
"15498",2020-12-12,"21","8  day ahead inc hosp",2020-12-20,"quantile",0.85,407.764267006694
"15499",2020-12-12,"21","8  day ahead inc hosp",2020-12-20,"quantile",0.9,434.522186378842
"15500",2020-12-12,"21","8  day ahead inc hosp",2020-12-20,"quantile",0.95,474.181453690153
"15501",2020-12-12,"21","8  day ahead inc hosp",2020-12-20,"quantile",0.975,508.57995353839
"15502",2020-12-12,"21","8  day ahead inc hosp",2020-12-20,"quantile",0.99,548.575643505028
"15503",2020-12-12,"21","9  day ahead inc hosp",2020-12-21,"quantile",0.01,40.4504161810677
"15504",2020-12-12,"21","9  day ahead inc hosp",2020-12-21,"quantile",0.025,80.7097536279223
"15505",2020-12-12,"21","9  day ahead inc hosp",2020-12-21,"quantile",0.05,115.335004854015
"15506",2020-12-12,"21","9  day ahead inc hosp",2020-12-21,"quantile",0.1,155.255701981954
"15507",2020-12-12,"21","9  day ahead inc hosp",2020-12-21,"quantile",0.15,182.190006810239
"15508",2020-12-12,"21","9  day ahead inc hosp",2020-12-21,"quantile",0.2,203.596538452922
"15509",2020-12-12,"21","9  day ahead inc hosp",2020-12-21,"quantile",0.25,221.961436528624
"15510",2020-12-12,"21","9  day ahead inc hosp",2020-12-21,"quantile",0.3,238.453682591641
"15511",2020-12-12,"21","9  day ahead inc hosp",2020-12-21,"quantile",0.35,253.736206405022
"15512",2020-12-12,"21","9  day ahead inc hosp",2020-12-21,"quantile",0.4,268.237827022658
"15513",2020-12-12,"21","9  day ahead inc hosp",2020-12-21,"quantile",0.45,282.26831279611
"15514",2020-12-12,"21","9  day ahead inc hosp",2020-12-21,"quantile",0.5,296.076350518395
"15515",2020-12-12,"21","9  day ahead inc hosp",2020-12-21,"quantile",0.55,309.884388240681
"15516",2020-12-12,"21","9  day ahead inc hosp",2020-12-21,"quantile",0.6,323.914874014132
"15517",2020-12-12,"21","9  day ahead inc hosp",2020-12-21,"quantile",0.65,338.416494631769
"15518",2020-12-12,"21","9  day ahead inc hosp",2020-12-21,"quantile",0.7,353.69901844515
"15519",2020-12-12,"21","9  day ahead inc hosp",2020-12-21,"quantile",0.75,370.191264508167
"15520",2020-12-12,"21","9  day ahead inc hosp",2020-12-21,"quantile",0.8,388.556162583869
"15521",2020-12-12,"21","9  day ahead inc hosp",2020-12-21,"quantile",0.85,409.962694226551
"15522",2020-12-12,"21","9  day ahead inc hosp",2020-12-21,"quantile",0.9,436.896999054837
"15523",2020-12-12,"21","9  day ahead inc hosp",2020-12-21,"quantile",0.95,476.817696182776
"15524",2020-12-12,"21","9  day ahead inc hosp",2020-12-21,"quantile",0.975,511.442947408868
"15525",2020-12-12,"21","9  day ahead inc hosp",2020-12-21,"quantile",0.99,551.702284855723
"15526",2020-12-12,"21","10  day ahead inc hosp",2020-12-22,"quantile",0.01,40.3925596650965
"15527",2020-12-12,"21","10  day ahead inc hosp",2020-12-22,"quantile",0.025,80.9076758145747
"15528",2020-12-12,"21","10  day ahead inc hosp",2020-12-22,"quantile",0.05,115.752910835689
"15529",2020-12-12,"21","10  day ahead inc hosp",2020-12-22,"quantile",0.1,155.927235190671
"15530",2020-12-12,"21","10  day ahead inc hosp",2020-12-22,"quantile",0.15,183.032661104944
"15531",2020-12-12,"21","10  day ahead inc hosp",2020-12-22,"quantile",0.2,204.575194362121
"15532",2020-12-12,"21","10  day ahead inc hosp",2020-12-22,"quantile",0.25,223.056769713245
"15533",2020-12-12,"21","10  day ahead inc hosp",2020-12-22,"quantile",0.3,239.653795575655
"15534",2020-12-12,"21","10  day ahead inc hosp",2020-12-22,"quantile",0.35,255.033413488484
"15535",2020-12-12,"21","10  day ahead inc hosp",2020-12-22,"quantile",0.4,269.627166911645
"15536",2020-12-12,"21","10  day ahead inc hosp",2020-12-22,"quantile",0.45,283.746792240685
"15537",2020-12-12,"21","10  day ahead inc hosp",2020-12-22,"quantile",0.5,297.642556244583
"15538",2020-12-12,"21","10  day ahead inc hosp",2020-12-22,"quantile",0.55,311.538320248481
"15539",2020-12-12,"21","10  day ahead inc hosp",2020-12-22,"quantile",0.6,325.657945577521
"15540",2020-12-12,"21","10  day ahead inc hosp",2020-12-22,"quantile",0.65,340.251699000681
"15541",2020-12-12,"21","10  day ahead inc hosp",2020-12-22,"quantile",0.7,355.631316913511
"15542",2020-12-12,"21","10  day ahead inc hosp",2020-12-22,"quantile",0.75,372.22834277592
"15543",2020-12-12,"21","10  day ahead inc hosp",2020-12-22,"quantile",0.8,390.709918127045
"15544",2020-12-12,"21","10  day ahead inc hosp",2020-12-22,"quantile",0.85,412.252451384222
"15545",2020-12-12,"21","10  day ahead inc hosp",2020-12-22,"quantile",0.9,439.357877298495
"15546",2020-12-12,"21","10  day ahead inc hosp",2020-12-22,"quantile",0.95,479.532201653476
"15547",2020-12-12,"21","10  day ahead inc hosp",2020-12-22,"quantile",0.975,514.377436674591
"15548",2020-12-12,"21","10  day ahead inc hosp",2020-12-22,"quantile",0.99,554.892552824069
"15549",2020-12-12,"21","11  day ahead inc hosp",2020-12-23,"quantile",0.01,40.2763005593279
"15550",2020-12-12,"21","11  day ahead inc hosp",2020-12-23,"quantile",0.025,81.0483360294159
"15551",2020-12-12,"21","11  day ahead inc hosp",2020-12-23,"quantile",0.05,116.114535839946
"15552",2020-12-12,"21","11  day ahead inc hosp",2020-12-23,"quantile",0.1,156.543618445679
"15553",2020-12-12,"21","11  day ahead inc hosp",2020-12-23,"quantile",0.15,183.820928542267
"15554",2020-12-12,"21","11  day ahead inc hosp",2020-12-23,"quantile",0.2,205.500069898708
"15555",2020-12-12,"21","11  day ahead inc hosp",2020-12-23,"quantile",0.25,224.098842835186
"15556",2020-12-12,"21","11  day ahead inc hosp",2020-12-23,"quantile",0.3,240.801115751385
"15557",2020-12-12,"21","11  day ahead inc hosp",2020-12-23,"quantile",0.35,256.278260744498
"15558",2020-12-12,"21","11  day ahead inc hosp",2020-12-23,"quantile",0.4,270.964557829654
"15559",2020-12-12,"21","11  day ahead inc hosp",2020-12-23,"quantile",0.45,285.173720222673
"15560",2020-12-12,"21","11  day ahead inc hosp",2020-12-23,"quantile",0.5,299.157601714228
"15561",2020-12-12,"21","11  day ahead inc hosp",2020-12-23,"quantile",0.55,313.141483205784
"15562",2020-12-12,"21","11  day ahead inc hosp",2020-12-23,"quantile",0.6,327.350645598803
"15563",2020-12-12,"21","11  day ahead inc hosp",2020-12-23,"quantile",0.65,342.036942683959
"15564",2020-12-12,"21","11  day ahead inc hosp",2020-12-23,"quantile",0.7,357.514087677072
"15565",2020-12-12,"21","11  day ahead inc hosp",2020-12-23,"quantile",0.75,374.216360593271
"15566",2020-12-12,"21","11  day ahead inc hosp",2020-12-23,"quantile",0.8,392.815133529749
"15567",2020-12-12,"21","11  day ahead inc hosp",2020-12-23,"quantile",0.85,414.49427488619
"15568",2020-12-12,"21","11  day ahead inc hosp",2020-12-23,"quantile",0.9,441.771584982778
"15569",2020-12-12,"21","11  day ahead inc hosp",2020-12-23,"quantile",0.95,482.200667588511
"15570",2020-12-12,"21","11  day ahead inc hosp",2020-12-23,"quantile",0.975,517.266867399041
"15571",2020-12-12,"21","11  day ahead inc hosp",2020-12-23,"quantile",0.99,558.038902869129
"15572",2020-12-12,"21","12  day ahead inc hosp",2020-12-24,"quantile",0.01,40.2011126475439
"15573",2020-12-12,"21","12  day ahead inc hosp",2020-12-24,"quantile",0.025,81.2272280295469
"15574",2020-12-12,"21","12  day ahead inc hosp",2020-12-24,"quantile",0.05,116.511950581371
"15575",2020-12-12,"21","12  day ahead inc hosp",2020-12-24,"quantile",0.1,157.192975912769
"15576",2020-12-12,"21","12  day ahead inc hosp",2020-12-24,"quantile",0.15,184.640270570263
"15577",2020-12-12,"21","12  day ahead inc hosp",2020-12-24,"quantile",0.2,206.454510267092
"15578",2020-12-12,"21","12  day ahead inc hosp",2020-12-24,"quantile",0.25,225.169185550238
"15579",2020-12-12,"21","12  day ahead inc hosp",2020-12-24,"quantile",0.3,241.975542355858
"15580",2020-12-12,"21","12  day ahead inc hosp",2020-12-24,"quantile",0.35,257.54913658412
"15581",2020-12-12,"21","12  day ahead inc hosp",2020-12-24,"quantile",0.4,272.32695456164
"15582",2020-12-12,"21","12  day ahead inc hosp",2020-12-24,"quantile",0.45,286.624664477185
"15583",2020-12-12,"21","12  day ahead inc hosp",2020-12-24,"quantile",0.5,300.69568960375
"15584",2020-12-12,"21","12  day ahead inc hosp",2020-12-24,"quantile",0.55,314.766714730315
"15585",2020-12-12,"21","12  day ahead inc hosp",2020-12-24,"quantile",0.6,329.06442464586
"15586",2020-12-12,"21","12  day ahead inc hosp",2020-12-24,"quantile",0.65,343.84224262338
"15587",2020-12-12,"21","12  day ahead inc hosp",2020-12-24,"quantile",0.7,359.415836851642
"15588",2020-12-12,"21","12  day ahead inc hosp",2020-12-24,"quantile",0.75,376.222193657262
"15589",2020-12-12,"21","12  day ahead inc hosp",2020-12-24,"quantile",0.8,394.936868940408
"15590",2020-12-12,"21","12  day ahead inc hosp",2020-12-24,"quantile",0.85,416.751108637237
"15591",2020-12-12,"21","12  day ahead inc hosp",2020-12-24,"quantile",0.9,444.19840329473
"15592",2020-12-12,"21","12  day ahead inc hosp",2020-12-24,"quantile",0.95,484.879428626129
"15593",2020-12-12,"21","12  day ahead inc hosp",2020-12-24,"quantile",0.975,520.164151177953
"15594",2020-12-12,"21","12  day ahead inc hosp",2020-12-24,"quantile",0.99,561.190266559956
"15595",2020-12-12,"21","13  day ahead inc hosp",2020-12-25,"quantile",0.01,40.1219810651091
"15596",2020-12-12,"21","13  day ahead inc hosp",2020-12-25,"quantile",0.025,81.4011629592805
"15597",2020-12-12,"21","13  day ahead inc hosp",2020-12-25,"quantile",0.05,116.903536672709
"15598",2020-12-12,"21","13  day ahead inc hosp",2020-12-25,"quantile",0.1,157.835499854211
"15599",2020-12-12,"21","13  day ahead inc hosp",2020-12-25,"quantile",0.15,185.452101087839
"15600",2020-12-12,"21","13  day ahead inc hosp",2020-12-25,"quantile",0.2,207.400900284252
"15601",2020-12-12,"21","13  day ahead inc hosp",2020-12-25,"quantile",0.25,226.231015636636
"15602",2020-12-12,"21","13  day ahead inc hosp",2020-12-25,"quantile",0.3,243.141041192257
"15603",2020-12-12,"21","13  day ahead inc hosp",2020-12-25,"quantile",0.35,258.810699967127
"15604",2020-12-12,"21","13  day ahead inc hosp",2020-12-25,"quantile",0.4,273.679673805206
"15605",2020-12-12,"21","13  day ahead inc hosp",2020-12-25,"quantile",0.45,288.06557807078
"15606",2020-12-12,"21","13  day ahead inc hosp",2020-12-25,"quantile",0.5,302.223399259274
"15607",2020-12-12,"21","13  day ahead inc hosp",2020-12-25,"quantile",0.55,316.381220447769
"15608",2020-12-12,"21","13  day ahead inc hosp",2020-12-25,"quantile",0.6,330.767124713342
"15609",2020-12-12,"21","13  day ahead inc hosp",2020-12-25,"quantile",0.65,345.636098551421
"15610",2020-12-12,"21","13  day ahead inc hosp",2020-12-25,"quantile",0.7,361.305757326291
"15611",2020-12-12,"21","13  day ahead inc hosp",2020-12-25,"quantile",0.75,378.215782881913
"15612",2020-12-12,"21","13  day ahead inc hosp",2020-12-25,"quantile",0.8,397.045898234297
"15613",2020-12-12,"21","13  day ahead inc hosp",2020-12-25,"quantile",0.85,418.99469743071
"15614",2020-12-12,"21","13  day ahead inc hosp",2020-12-25,"quantile",0.9,446.611298664338
"15615",2020-12-12,"21","13  day ahead inc hosp",2020-12-25,"quantile",0.95,487.54326184584
"15616",2020-12-12,"21","13  day ahead inc hosp",2020-12-25,"quantile",0.975,523.045635559268
"15617",2020-12-12,"21","13  day ahead inc hosp",2020-12-25,"quantile",0.99,564.32481745344
"15618",2020-12-12,"21","14  day ahead inc hosp",2020-12-26,"quantile",0.01,40.0588801032457
"15619",2020-12-12,"21","14  day ahead inc hosp",2020-12-26,"quantile",0.025,81.5893399705278
"15620",2020-12-12,"21","14  day ahead inc hosp",2020-12-26,"quantile",0.05,117.307826603302
"15621",2020-12-12,"21","14  day ahead inc hosp",2020-12-26,"quantile",0.1,158.488954140097
"15622",2020-12-12,"21","14  day ahead inc hosp",2020-12-26,"quantile",0.15,186.273665381331
"15623",2020-12-12,"21","14  day ahead inc hosp",2020-12-26,"quantile",0.2,208.356073082593
"15624",2020-12-12,"21","14  day ahead inc hosp",2020-12-26,"quantile",0.25,227.300812635411
"15625",2020-12-12,"21","14  day ahead inc hosp",2020-12-26,"quantile",0.3,244.313774265632
"15626",2020-12-12,"21","14  day ahead inc hosp",2020-12-26,"quantile",0.35,260.078818654161
"15627",2020-12-12,"21","14  day ahead inc hosp",2020-12-26,"quantile",0.4,275.038304111822
"15628",2020-12-12,"21","14  day ahead inc hosp",2020-12-26,"quantile",0.45,289.511779416824
"15629",2020-12-12,"21","14  day ahead inc hosp",2020-12-26,"quantile",0.5,303.755783239001
"15630",2020-12-12,"21","14  day ahead inc hosp",2020-12-26,"quantile",0.55,317.999787061178
"15631",2020-12-12,"21","14  day ahead inc hosp",2020-12-26,"quantile",0.6,332.47326236618
"15632",2020-12-12,"21","14  day ahead inc hosp",2020-12-26,"quantile",0.65,347.432747823841
"15633",2020-12-12,"21","14  day ahead inc hosp",2020-12-26,"quantile",0.7,363.197792212369
"15634",2020-12-12,"21","14  day ahead inc hosp",2020-12-26,"quantile",0.75,380.21075384259
"15635",2020-12-12,"21","14  day ahead inc hosp",2020-12-26,"quantile",0.8,399.155493395408
"15636",2020-12-12,"21","14  day ahead inc hosp",2020-12-26,"quantile",0.85,421.237901096671
"15637",2020-12-12,"21","14  day ahead inc hosp",2020-12-26,"quantile",0.9,449.022612337905
"15638",2020-12-12,"21","14  day ahead inc hosp",2020-12-26,"quantile",0.95,490.2037398747
"15639",2020-12-12,"21","14  day ahead inc hosp",2020-12-26,"quantile",0.975,525.922226507474
"15640",2020-12-12,"21","14  day ahead inc hosp",2020-12-26,"quantile",0.99,567.452686374756
"15641",2020-12-12,"21","15  day ahead inc hosp",2020-12-27,"quantile",0.01,31.684495135167
"15642",2020-12-12,"21","15  day ahead inc hosp",2020-12-27,"quantile",0.025,73.4648320966411
"15643",2020-12-12,"21","15  day ahead inc hosp",2020-12-27,"quantile",0.05,109.398226815606
"15644",2020-12-12,"21","15  day ahead inc hosp",2020-12-27,"quantile",0.1,150.827129612231
"15645",2020-12-12,"21","15  day ahead inc hosp",2020-12-27,"quantile",0.15,178.779013644956
"15646",2020-12-12,"21","15  day ahead inc hosp",2020-12-27,"quantile",0.2,200.99428498141
"15647",2020-12-12,"21","15  day ahead inc hosp",2020-12-27,"quantile",0.25,220.05300970282
"15648",2020-12-12,"21","15  day ahead inc hosp",2020-12-27,"quantile",0.3,237.168333537297
"15649",2020-12-12,"21","15  day ahead inc hosp",2020-12-27,"quantile",0.35,253.028231763086
"15650",2020-12-12,"21","15  day ahead inc hosp",2020-12-27,"quantile",0.4,268.07772423653
"15651",2020-12-12,"21","15  day ahead inc hosp",2020-12-27,"quantile",0.45,282.638282370945
"15652",2020-12-12,"21","15  day ahead inc hosp",2020-12-27,"quantile",0.5,296.967988357175
"15653",2020-12-12,"21","15  day ahead inc hosp",2020-12-27,"quantile",0.55,311.297694343406
"15654",2020-12-12,"21","15  day ahead inc hosp",2020-12-27,"quantile",0.6,325.858252477821
"15655",2020-12-12,"21","15  day ahead inc hosp",2020-12-27,"quantile",0.65,340.907744951265
"15656",2020-12-12,"21","15  day ahead inc hosp",2020-12-27,"quantile",0.7,356.767643177054
"15657",2020-12-12,"21","15  day ahead inc hosp",2020-12-27,"quantile",0.75,373.882967011531
"15658",2020-12-12,"21","15  day ahead inc hosp",2020-12-27,"quantile",0.8,392.941691732941
"15659",2020-12-12,"21","15  day ahead inc hosp",2020-12-27,"quantile",0.85,415.156963069395
"15660",2020-12-12,"21","15  day ahead inc hosp",2020-12-27,"quantile",0.9,443.10884710212
"15661",2020-12-12,"21","15  day ahead inc hosp",2020-12-27,"quantile",0.95,484.537749898745
"15662",2020-12-12,"21","15  day ahead inc hosp",2020-12-27,"quantile",0.975,520.47114461771
"15663",2020-12-12,"21","15  day ahead inc hosp",2020-12-27,"quantile",0.99,562.251481579184
"15664",2020-12-12,"21","16  day ahead inc hosp",2020-12-28,"quantile",0.01,31.6388784061007
"15665",2020-12-12,"21","16  day ahead inc hosp",2020-12-28,"quantile",0.025,73.6675574613312
"15666",2020-12-12,"21","16  day ahead inc hosp",2020-12-28,"quantile",0.05,109.814540081431
"15667",2020-12-12,"21","16  day ahead inc hosp",2020-12-28,"quantile",0.1,151.489696049063
"15668",2020-12-12,"21","16  day ahead inc hosp",2020-12-28,"quantile",0.15,179.607725927178
"15669",2020-12-12,"21","16  day ahead inc hosp",2020-12-28,"quantile",0.2,201.955044714617
"15670",2020-12-12,"21","16  day ahead inc hosp",2020-12-28,"quantile",0.25,221.127054391244
"15671",2020-12-12,"21","16  day ahead inc hosp",2020-12-28,"quantile",0.3,238.344111616725
"15672",2020-12-12,"21","16  day ahead inc hosp",2020-12-28,"quantile",0.35,254.298280990585
"15673",2020-12-12,"21","16  day ahead inc hosp",2020-12-28,"quantile",0.4,269.437227564753
"15674",2020-12-12,"21","16  day ahead inc hosp",2020-12-28,"quantile",0.45,284.084333576863
"15675",2020-12-12,"21","16  day ahead inc hosp",2020-12-28,"quantile",0.5,298.499215256884
"15676",2020-12-12,"21","16  day ahead inc hosp",2020-12-28,"quantile",0.55,312.914096936906
"15677",2020-12-12,"21","16  day ahead inc hosp",2020-12-28,"quantile",0.6,327.561202949015
"15678",2020-12-12,"21","16  day ahead inc hosp",2020-12-28,"quantile",0.65,342.700149523183
"15679",2020-12-12,"21","16  day ahead inc hosp",2020-12-28,"quantile",0.7,358.654318897043
"15680",2020-12-12,"21","16  day ahead inc hosp",2020-12-28,"quantile",0.75,375.871376122524
"15681",2020-12-12,"21","16  day ahead inc hosp",2020-12-28,"quantile",0.8,395.043385799151
"15682",2020-12-12,"21","16  day ahead inc hosp",2020-12-28,"quantile",0.85,417.39070458659
"15683",2020-12-12,"21","16  day ahead inc hosp",2020-12-28,"quantile",0.9,445.508734464705
"15684",2020-12-12,"21","16  day ahead inc hosp",2020-12-28,"quantile",0.95,487.183890432337
"15685",2020-12-12,"21","16  day ahead inc hosp",2020-12-28,"quantile",0.975,523.330873052437
"15686",2020-12-12,"21","16  day ahead inc hosp",2020-12-28,"quantile",0.99,565.359552107667
"15687",2020-12-12,"21","17  day ahead inc hosp",2020-12-29,"quantile",0.01,31.601956922514
"15688",2020-12-12,"21","17  day ahead inc hosp",2020-12-29,"quantile",0.025,73.877541368253
"15689",2020-12-12,"21","17  day ahead inc hosp",2020-12-29,"quantile",0.05,110.236876245434
"15690",2020-12-12,"21","17  day ahead inc hosp",2020-12-29,"quantile",0.1,152.156860765616
"15691",2020-12-12,"21","17  day ahead inc hosp",2020-12-29,"quantile",0.15,180.44007530581
"15692",2020-12-12,"21","17  day ahead inc hosp",2020-12-29,"quantile",0.2,202.91867762621
"15693",2020-12-12,"21","17  day ahead inc hosp",2020-12-29,"quantile",0.25,222.20331688441
"15694",2020-12-12,"21","17  day ahead inc hosp",2020-12-29,"quantile",0.3,239.521518955106
"15695",2020-12-12,"21","17  day ahead inc hosp",2020-12-29,"quantile",0.35,255.569414101654
"15696",2020-12-12,"21","17  day ahead inc hosp",2020-12-29,"quantile",0.4,270.79729726864
"15697",2020-12-12,"21","17  day ahead inc hosp",2020-12-29,"quantile",0.45,285.530450463555
"15698",2020-12-12,"21","17  day ahead inc hosp",2020-12-29,"quantile",0.5,300.030015080807
"15699",2020-12-12,"21","17  day ahead inc hosp",2020-12-29,"quantile",0.55,314.52957969806
"15700",2020-12-12,"21","17  day ahead inc hosp",2020-12-29,"quantile",0.6,329.262732892975
"15701",2020-12-12,"21","17  day ahead inc hosp",2020-12-29,"quantile",0.65,344.49061605996
"15702",2020-12-12,"21","17  day ahead inc hosp",2020-12-29,"quantile",0.7,360.538511206508
"15703",2020-12-12,"21","17  day ahead inc hosp",2020-12-29,"quantile",0.75,377.856713277204
"15704",2020-12-12,"21","17  day ahead inc hosp",2020-12-29,"quantile",0.8,397.141352535404
"15705",2020-12-12,"21","17  day ahead inc hosp",2020-12-29,"quantile",0.85,419.619954855804
"15706",2020-12-12,"21","17  day ahead inc hosp",2020-12-29,"quantile",0.9,447.903169395998
"15707",2020-12-12,"21","17  day ahead inc hosp",2020-12-29,"quantile",0.95,489.823153916181
"15708",2020-12-12,"21","17  day ahead inc hosp",2020-12-29,"quantile",0.975,526.182488793361
"15709",2020-12-12,"21","17  day ahead inc hosp",2020-12-29,"quantile",0.99,568.4580732391
"15710",2020-12-12,"21","18  day ahead inc hosp",2020-12-30,"quantile",0.01,31.5743937711319
"15711",2020-12-12,"21","18  day ahead inc hosp",2020-12-30,"quantile",0.025,74.0954400283991
"15712",2020-12-12,"21","18  day ahead inc hosp",2020-12-30,"quantile",0.05,110.665885605099
"15713",2020-12-12,"21","18  day ahead inc hosp",2020-12-30,"quantile",0.1,152.829267241476
"15714",2020-12-12,"21","18  day ahead inc hosp",2020-12-30,"quantile",0.15,181.276700660437
"15715",2020-12-12,"21","18  day ahead inc hosp",2020-12-30,"quantile",0.2,203.885818939836
"15716",2020-12-12,"21","18  day ahead inc hosp",2020-12-30,"quantile",0.25,223.282429269496
"15717",2020-12-12,"21","18  day ahead inc hosp",2020-12-30,"quantile",0.3,240.701184822975
"15718",2020-12-12,"21","18  day ahead inc hosp",2020-12-30,"quantile",0.35,256.842257756785
"15719",2020-12-12,"21","18  day ahead inc hosp",2020-12-30,"quantile",0.4,272.158557532007
"15720",2020-12-12,"21","18  day ahead inc hosp",2020-12-30,"quantile",0.45,286.977254818628
"15721",2020-12-12,"21","18  day ahead inc hosp",2020-12-30,"quantile",0.5,301.561007258331
"15722",2020-12-12,"21","18  day ahead inc hosp",2020-12-30,"quantile",0.55,316.144759698035
"15723",2020-12-12,"21","18  day ahead inc hosp",2020-12-30,"quantile",0.6,330.963456984655
"15724",2020-12-12,"21","18  day ahead inc hosp",2020-12-30,"quantile",0.65,346.279756759878
"15725",2020-12-12,"21","18  day ahead inc hosp",2020-12-30,"quantile",0.7,362.420829693688
"15726",2020-12-12,"21","18  day ahead inc hosp",2020-12-30,"quantile",0.75,379.839585247166
"15727",2020-12-12,"21","18  day ahead inc hosp",2020-12-30,"quantile",0.8,399.236195576827
"15728",2020-12-12,"21","18  day ahead inc hosp",2020-12-30,"quantile",0.85,421.845313856225
"15729",2020-12-12,"21","18  day ahead inc hosp",2020-12-30,"quantile",0.9,450.292747275186
"15730",2020-12-12,"21","18  day ahead inc hosp",2020-12-30,"quantile",0.95,492.456128911564
"15731",2020-12-12,"21","18  day ahead inc hosp",2020-12-30,"quantile",0.975,529.026574488263
"15732",2020-12-12,"21","18  day ahead inc hosp",2020-12-30,"quantile",0.99,571.54762074553
"15733",2020-12-12,"21","19  day ahead inc hosp",2020-12-31,"quantile",0.01,31.5556614150121
"15734",2020-12-12,"21","19  day ahead inc hosp",2020-12-31,"quantile",0.025,74.3207650494194
"15735",2020-12-12,"21","19  day ahead inc hosp",2020-12-31,"quantile",0.05,111.101113434585
"15736",2020-12-12,"21","19  day ahead inc hosp",2020-12-31,"quantile",0.1,153.506499566131
"15737",2020-12-12,"21","19  day ahead inc hosp",2020-12-31,"quantile",0.15,182.117212269063
"15738",2020-12-12,"21","19  day ahead inc hosp",2020-12-31,"quantile",0.2,204.856099747304
"15739",2020-12-12,"21","19  day ahead inc hosp",2020-12-31,"quantile",0.25,224.364040494701
"15740",2020-12-12,"21","19  day ahead inc hosp",2020-12-31,"quantile",0.3,241.88277420412
"15741",2020-12-12,"21","19  day ahead inc hosp",2020-12-31,"quantile",0.35,258.116491799132
"15742",2020-12-12,"21","19  day ahead inc hosp",2020-12-31,"quantile",0.4,273.520702298093
"15743",2020-12-12,"21","19  day ahead inc hosp",2020-12-31,"quantile",0.45,288.424454227314
"15744",2020-12-12,"21","19  day ahead inc hosp",2020-12-31,"quantile",0.5,303.091912800394
"15745",2020-12-12,"21","19  day ahead inc hosp",2020-12-31,"quantile",0.55,317.759371373473
"15746",2020-12-12,"21","19  day ahead inc hosp",2020-12-31,"quantile",0.6,332.663123302694
"15747",2020-12-12,"21","19  day ahead inc hosp",2020-12-31,"quantile",0.65,348.067333801656
"15748",2020-12-12,"21","19  day ahead inc hosp",2020-12-31,"quantile",0.7,364.301051396668
"15749",2020-12-12,"21","19  day ahead inc hosp",2020-12-31,"quantile",0.75,381.819785106086
"15750",2020-12-12,"21","19  day ahead inc hosp",2020-12-31,"quantile",0.8,401.327725853484
"15751",2020-12-12,"21","19  day ahead inc hosp",2020-12-31,"quantile",0.85,424.066613331725
"15752",2020-12-12,"21","19  day ahead inc hosp",2020-12-31,"quantile",0.9,452.677326034657
"15753",2020-12-12,"21","19  day ahead inc hosp",2020-12-31,"quantile",0.95,495.082712166203
"15754",2020-12-12,"21","19  day ahead inc hosp",2020-12-31,"quantile",0.975,531.863060551368
"15755",2020-12-12,"21","19  day ahead inc hosp",2020-12-31,"quantile",0.99,574.628164185775
"15756",2020-12-12,"21","20  day ahead inc hosp",2021-01-01,"quantile",0.01,31.545774325504
"15757",2020-12-12,"21","20  day ahead inc hosp",2021-01-01,"quantile",0.025,74.5535484134548
"15758",2020-12-12,"21","20  day ahead inc hosp",2021-01-01,"quantile",0.05,111.542606776279
"15759",2020-12-12,"21","20  day ahead inc hosp",2021-01-01,"quantile",0.1,154.188622145467
"15760",2020-12-12,"21","20  day ahead inc hosp",2021-01-01,"quantile",0.15,182.961686252646
"15761",2020-12-12,"21","20  day ahead inc hosp",2021-01-01,"quantile",0.2,205.829605480339
"15762",2020-12-12,"21","20  day ahead inc hosp",2021-01-01,"quantile",0.25,225.448243979561
"15763",2020-12-12,"21","20  day ahead inc hosp",2021-01-01,"quantile",0.3,243.066387691375
"15764",2020-12-12,"21","20  day ahead inc hosp",2021-01-01,"quantile",0.35,259.392223468659
"15765",2020-12-12,"21","20  day ahead inc hosp",2021-01-01,"quantile",0.4,274.883845114341
"15766",2020-12-12,"21","20  day ahead inc hosp",2021-01-01,"quantile",0.45,289.872168339614
"15767",2020-12-12,"21","20  day ahead inc hosp",2021-01-01,"quantile",0.5,304.622857362798
"15768",2020-12-12,"21","20  day ahead inc hosp",2021-01-01,"quantile",0.55,319.373546385982
"15769",2020-12-12,"21","20  day ahead inc hosp",2021-01-01,"quantile",0.6,334.361869611255
"15770",2020-12-12,"21","20  day ahead inc hosp",2021-01-01,"quantile",0.65,349.853491256936
"15771",2020-12-12,"21","20  day ahead inc hosp",2021-01-01,"quantile",0.7,366.17932703422
"15772",2020-12-12,"21","20  day ahead inc hosp",2021-01-01,"quantile",0.75,383.797470746035
"15773",2020-12-12,"21","20  day ahead inc hosp",2021-01-01,"quantile",0.8,403.416109245257
"15774",2020-12-12,"21","20  day ahead inc hosp",2021-01-01,"quantile",0.85,426.284028472949
"15775",2020-12-12,"21","20  day ahead inc hosp",2021-01-01,"quantile",0.9,455.057092580128
"15776",2020-12-12,"21","20  day ahead inc hosp",2021-01-01,"quantile",0.95,497.703107949317
"15777",2020-12-12,"21","20  day ahead inc hosp",2021-01-01,"quantile",0.975,534.692166312141
"15778",2020-12-12,"21","20  day ahead inc hosp",2021-01-01,"quantile",0.99,577.699940400091
"15779",2020-12-12,"21","21  day ahead inc hosp",2021-01-02,"quantile",0.01,31.5445094756893
"15780",2020-12-12,"21","21  day ahead inc hosp",2021-01-02,"quantile",0.025,74.7935933054795
"15781",2020-12-12,"21","21  day ahead inc hosp",2021-01-02,"quantile",0.05,111.990191358829
"15782",2020-12-12,"21","21  day ahead inc hosp",2021-01-02,"quantile",0.1,154.875486699545
"15783",2020-12-12,"21","21  day ahead inc hosp",2021-01-02,"quantile",0.15,183.80999186753
"15784",2020-12-12,"21","21  day ahead inc hosp",2021-01-02,"quantile",0.2,206.806219332564
"15785",2020-12-12,"21","21  day ahead inc hosp",2021-01-02,"quantile",0.25,226.534934874644
"15786",2020-12-12,"21","21  day ahead inc hosp",2021-01-02,"quantile",0.3,244.251931173018
"15787",2020-12-12,"21","21  day ahead inc hosp",2021-01-02,"quantile",0.35,260.669368603731
"15788",2020-12-12,"21","21  day ahead inc hosp",2021-01-02,"quantile",0.4,276.24791126077
"15789",2020-12-12,"21","21  day ahead inc hosp",2021-01-02,"quantile",0.45,291.320331570461
"15790",2020-12-12,"21","21  day ahead inc hosp",2021-01-02,"quantile",0.5,306.153784350562
"15791",2020-12-12,"21","21  day ahead inc hosp",2021-01-02,"quantile",0.55,320.987237130662
"15792",2020-12-12,"21","21  day ahead inc hosp",2021-01-02,"quantile",0.6,336.059657440353
"15793",2020-12-12,"21","21  day ahead inc hosp",2021-01-02,"quantile",0.65,351.638200097392
"15794",2020-12-12,"21","21  day ahead inc hosp",2021-01-02,"quantile",0.7,368.055637528105
"15795",2020-12-12,"21","21  day ahead inc hosp",2021-01-02,"quantile",0.75,385.77263382648
"15796",2020-12-12,"21","21  day ahead inc hosp",2021-01-02,"quantile",0.8,405.50134936856
"15797",2020-12-12,"21","21  day ahead inc hosp",2021-01-02,"quantile",0.85,428.497576833594
"15798",2020-12-12,"21","21  day ahead inc hosp",2021-01-02,"quantile",0.9,457.432082001578
"15799",2020-12-12,"21","21  day ahead inc hosp",2021-01-02,"quantile",0.95,500.317377342294
"15800",2020-12-12,"21","21  day ahead inc hosp",2021-01-02,"quantile",0.975,537.513975395644
"15801",2020-12-12,"21","21  day ahead inc hosp",2021-01-02,"quantile",0.99,580.763059225434
"15802",2020-12-12,"21","22  day ahead inc hosp",2021-01-03,"quantile",0.01,22.7420458309037
"15803",2020-12-12,"21","22  day ahead inc hosp",2021-01-03,"quantile",0.025,66.2311000579369
"15804",2020-12-12,"21","22  day ahead inc hosp",2021-01-03,"quantile",0.05,103.634085891571
"15805",2020-12-12,"21","22  day ahead inc hosp",2021-01-03,"quantile",0.1,146.757333125078
"15806",2020-12-12,"21","22  day ahead inc hosp",2021-01-03,"quantile",0.15,175.85238330545
"15807",2020-12-12,"21","22  day ahead inc hosp",2021-01-03,"quantile",0.2,198.976206856949
"15808",2020-12-12,"21","22  day ahead inc hosp",2021-01-03,"quantile",0.25,218.814388479844
"15809",2020-12-12,"21","22  day ahead inc hosp",2021-01-03,"quantile",0.3,236.629688701983
"15810",2020-12-12,"21","22  day ahead inc hosp",2021-01-03,"quantile",0.35,253.138219368277
"15811",2020-12-12,"21","22  day ahead inc hosp",2021-01-03,"quantile",0.4,268.803200597855
"15812",2020-12-12,"21","22  day ahead inc hosp",2021-01-03,"quantile",0.45,283.959251226824
"15813",2020-12-12,"21","22  day ahead inc hosp",2021-01-03,"quantile",0.5,298.875008399085
"15814",2020-12-12,"21","22  day ahead inc hosp",2021-01-03,"quantile",0.55,313.790765571346
"15815",2020-12-12,"21","22  day ahead inc hosp",2021-01-03,"quantile",0.6,328.946816200314
"15816",2020-12-12,"21","22  day ahead inc hosp",2021-01-03,"quantile",0.65,344.611797429893
"15817",2020-12-12,"21","22  day ahead inc hosp",2021-01-03,"quantile",0.7,361.120328096186
"15818",2020-12-12,"21","22  day ahead inc hosp",2021-01-03,"quantile",0.75,378.935628318325
"15819",2020-12-12,"21","22  day ahead inc hosp",2021-01-03,"quantile",0.8,398.773809941221
"15820",2020-12-12,"21","22  day ahead inc hosp",2021-01-03,"quantile",0.85,421.89763349272
"15821",2020-12-12,"21","22  day ahead inc hosp",2021-01-03,"quantile",0.9,450.992683673092
"15822",2020-12-12,"21","22  day ahead inc hosp",2021-01-03,"quantile",0.95,494.115930906599
"15823",2020-12-12,"21","22  day ahead inc hosp",2021-01-03,"quantile",0.975,531.518916740233
"15824",2020-12-12,"21","22  day ahead inc hosp",2021-01-03,"quantile",0.99,575.007970967266
"15825",2020-12-12,"21","23  day ahead inc hosp",2021-01-04,"quantile",0.01,22.7576499611395
"15826",2020-12-12,"21","23  day ahead inc hosp",2021-01-04,"quantile",0.025,66.4853578661153
"15827",2020-12-12,"21","23  day ahead inc hosp",2021-01-04,"quantile",0.05,104.093599028794
"15828",2020-12-12,"21","23  day ahead inc hosp",2021-01-04,"quantile",0.1,147.453492511341
"15829",2020-12-12,"21","23  day ahead inc hosp",2021-01-04,"quantile",0.15,176.708206792459
"15830",2020-12-12,"21","23  day ahead inc hosp",2021-01-04,"quantile",0.2,199.958926309776
"15831",2020-12-12,"21","23  day ahead inc hosp",2021-01-04,"quantile",0.25,219.905973372313
"15832",2020-12-12,"21","23  day ahead inc hosp",2021-01-04,"quantile",0.3,237.819038123877
"15833",2020-12-12,"21","23  day ahead inc hosp",2021-01-04,"quantile",0.35,254.418162196511
"15834",2020-12-12,"21","23  day ahead inc hosp",2021-01-04,"quantile",0.4,270.169107709558
"15835",2020-12-12,"21","23  day ahead inc hosp",2021-01-04,"quantile",0.45,285.408329777638
"15836",2020-12-12,"21","23  day ahead inc hosp",2021-01-04,"quantile",0.5,300.405939737267
"15837",2020-12-12,"21","23  day ahead inc hosp",2021-01-04,"quantile",0.55,315.403549696896
"15838",2020-12-12,"21","23  day ahead inc hosp",2021-01-04,"quantile",0.6,330.642771764976
"15839",2020-12-12,"21","23  day ahead inc hosp",2021-01-04,"quantile",0.65,346.393717278023
"15840",2020-12-12,"21","23  day ahead inc hosp",2021-01-04,"quantile",0.7,362.992841350656
"15841",2020-12-12,"21","23  day ahead inc hosp",2021-01-04,"quantile",0.75,380.905906102221
"15842",2020-12-12,"21","23  day ahead inc hosp",2021-01-04,"quantile",0.8,400.852953164757
"15843",2020-12-12,"21","23  day ahead inc hosp",2021-01-04,"quantile",0.85,424.103672682075
"15844",2020-12-12,"21","23  day ahead inc hosp",2021-01-04,"quantile",0.9,453.358386963193
"15845",2020-12-12,"21","23  day ahead inc hosp",2021-01-04,"quantile",0.95,496.718280445739
"15846",2020-12-12,"21","23  day ahead inc hosp",2021-01-04,"quantile",0.975,534.326521608418
"15847",2020-12-12,"21","23  day ahead inc hosp",2021-01-04,"quantile",0.99,578.054229513394
"15848",2020-12-12,"21","24  day ahead inc hosp",2021-01-05,"quantile",0.01,22.7814816693115
"15849",2020-12-12,"21","24  day ahead inc hosp",2021-01-05,"quantile",0.025,66.7465477178321
"15850",2020-12-12,"21","24  day ahead inc hosp",2021-01-05,"quantile",0.05,104.558929978502
"15851",2020-12-12,"21","24  day ahead inc hosp",2021-01-05,"quantile",0.1,148.154185073043
"15852",2020-12-12,"21","24  day ahead inc hosp",2021-01-05,"quantile",0.15,177.567696716392
"15853",2020-12-12,"21","24  day ahead inc hosp",2021-01-05,"quantile",0.2,200.944623343231
"15854",2020-12-12,"21","24  day ahead inc hosp",2021-01-05,"quantile",0.25,220.999944868044
"15855",2020-12-12,"21","24  day ahead inc hosp",2021-01-05,"quantile",0.3,239.010243433095
"15856",2020-12-12,"21","24  day ahead inc hosp",2021-01-05,"quantile",0.35,255.699469124659
"15857",2020-12-12,"21","24  day ahead inc hosp",2021-01-05,"quantile",0.4,271.535912263014
"15858",2020-12-12,"21","24  day ahead inc hosp",2021-01-05,"quantile",0.45,286.857854273036
"15859",2020-12-12,"21","24  day ahead inc hosp",2021-01-05,"quantile",0.5,301.936872681179
"15860",2020-12-12,"21","24  day ahead inc hosp",2021-01-05,"quantile",0.55,317.015891089322
"15861",2020-12-12,"21","24  day ahead inc hosp",2021-01-05,"quantile",0.6,332.337833099344
"15862",2020-12-12,"21","24  day ahead inc hosp",2021-01-05,"quantile",0.65,348.1742762377
"15863",2020-12-12,"21","24  day ahead inc hosp",2021-01-05,"quantile",0.7,364.863501929263
"15864",2020-12-12,"21","24  day ahead inc hosp",2021-01-05,"quantile",0.75,382.873800494314
"15865",2020-12-12,"21","24  day ahead inc hosp",2021-01-05,"quantile",0.8,402.929122019127
"15866",2020-12-12,"21","24  day ahead inc hosp",2021-01-05,"quantile",0.85,426.306048645966
"15867",2020-12-12,"21","24  day ahead inc hosp",2021-01-05,"quantile",0.9,455.719560289315
"15868",2020-12-12,"21","24  day ahead inc hosp",2021-01-05,"quantile",0.95,499.314815383856
"15869",2020-12-12,"21","24  day ahead inc hosp",2021-01-05,"quantile",0.975,537.127197644526
"15870",2020-12-12,"21","24  day ahead inc hosp",2021-01-05,"quantile",0.99,581.092263693047
"15871",2020-12-12,"21","25  day ahead inc hosp",2021-01-06,"quantile",0.01,22.8134053744889
"15872",2020-12-12,"21","25  day ahead inc hosp",2021-01-06,"quantile",0.025,67.0145550184336
"15873",2020-12-12,"21","25  day ahead inc hosp",2021-01-06,"quantile",0.05,105.029982195397
"15874",2020-12-12,"21","25  day ahead inc hosp",2021-01-06,"quantile",0.1,148.859335074638
"15875",2020-12-12,"21","25  day ahead inc hosp",2021-01-06,"quantile",0.15,178.430791381942
"15876",2020-12-12,"21","25  day ahead inc hosp",2021-01-06,"quantile",0.2,201.933247420745
"15877",2020-12-12,"21","25  day ahead inc hosp",2021-01-06,"quantile",0.25,222.096262003672
"15878",2020-12-12,"21","25  day ahead inc hosp",2021-01-06,"quantile",0.3,240.203272263304
"15879",2020-12-12,"21","25  day ahead inc hosp",2021-01-06,"quantile",0.35,256.98211575282
"15880",2020-12-12,"21","25  day ahead inc hosp",2021-01-06,"quantile",0.4,272.903597417689
"15881",2020-12-12,"21","25  day ahead inc hosp",2021-01-06,"quantile",0.45,288.307815186256
"15882",2020-12-12,"21","25  day ahead inc hosp",2021-01-06,"quantile",0.5,303.467804901875
"15883",2020-12-12,"21","25  day ahead inc hosp",2021-01-06,"quantile",0.55,318.627794617495
"15884",2020-12-12,"21","25  day ahead inc hosp",2021-01-06,"quantile",0.6,334.032012386062
"15885",2020-12-12,"21","25  day ahead inc hosp",2021-01-06,"quantile",0.65,349.953494050931
"15886",2020-12-12,"21","25  day ahead inc hosp",2021-01-06,"quantile",0.7,366.732337540447
"15887",2020-12-12,"21","25  day ahead inc hosp",2021-01-06,"quantile",0.75,384.839347800079
"15888",2020-12-12,"21","25  day ahead inc hosp",2021-01-06,"quantile",0.8,405.002362383006
"15889",2020-12-12,"21","25  day ahead inc hosp",2021-01-06,"quantile",0.85,428.504818421809
"15890",2020-12-12,"21","25  day ahead inc hosp",2021-01-06,"quantile",0.9,458.076274729113
"15891",2020-12-12,"21","25  day ahead inc hosp",2021-01-06,"quantile",0.95,501.905627608354
"15892",2020-12-12,"21","25  day ahead inc hosp",2021-01-06,"quantile",0.975,539.921054785317
"15893",2020-12-12,"21","25  day ahead inc hosp",2021-01-06,"quantile",0.99,584.122204429262
"15894",2020-12-12,"21","26  day ahead inc hosp",2021-01-07,"quantile",0.01,22.8532934665762
"15895",2020-12-12,"21","26  day ahead inc hosp",2021-01-07,"quantile",0.025,67.2892724207444
"15896",2020-12-12,"21","26  day ahead inc hosp",2021-01-07,"quantile",0.05,105.506665759532
"15897",2020-12-12,"21","26  day ahead inc hosp",2021-01-07,"quantile",0.1,149.568872688658
"15898",2020-12-12,"21","26  day ahead inc hosp",2021-01-07,"quantile",0.15,179.297434517943
"15899",2020-12-12,"21","26  day ahead inc hosp",2021-01-07,"quantile",0.2,202.92475304527
"15900",2020-12-12,"21","26  day ahead inc hosp",2021-01-07,"quantile",0.25,223.194888525383
"15901",2020-12-12,"21","26  day ahead inc hosp",2021-01-07,"quantile",0.3,241.398096661399
"15902",2020-12-12,"21","26  day ahead inc hosp",2021-01-07,"quantile",0.35,258.266081819734
"15903",2020-12-12,"21","26  day ahead inc hosp",2021-01-07,"quantile",0.4,274.27215021113
"15904",2020-12-12,"21","26  day ahead inc hosp",2021-01-07,"quantile",0.45,289.758206616525
"15905",2020-12-12,"21","26  day ahead inc hosp",2021-01-07,"quantile",0.5,304.998737448306
"15906",2020-12-12,"21","26  day ahead inc hosp",2021-01-07,"quantile",0.55,320.239268280087
"15907",2020-12-12,"21","26  day ahead inc hosp",2021-01-07,"quantile",0.6,335.725324685482
"15908",2020-12-12,"21","26  day ahead inc hosp",2021-01-07,"quantile",0.65,351.731393076878
"15909",2020-12-12,"21","26  day ahead inc hosp",2021-01-07,"quantile",0.7,368.599378235213
"15910",2020-12-12,"21","26  day ahead inc hosp",2021-01-07,"quantile",0.75,386.802586371229
"15911",2020-12-12,"21","26  day ahead inc hosp",2021-01-07,"quantile",0.8,407.072721851342
"15912",2020-12-12,"21","26  day ahead inc hosp",2021-01-07,"quantile",0.85,430.700040378669
"15913",2020-12-12,"21","26  day ahead inc hosp",2021-01-07,"quantile",0.9,460.428602207954
"15914",2020-12-12,"21","26  day ahead inc hosp",2021-01-07,"quantile",0.95,504.49080913708
"15915",2020-12-12,"21","26  day ahead inc hosp",2021-01-07,"quantile",0.975,542.708202475868
"15916",2020-12-12,"21","26  day ahead inc hosp",2021-01-07,"quantile",0.99,587.144181430036
"15917",2020-12-12,"21","27  day ahead inc hosp",2021-01-08,"quantile",0.01,22.9010197240952
"15918",2020-12-12,"21","27  day ahead inc hosp",2021-01-08,"quantile",0.025,67.5705935078997
"15919",2020-12-12,"21","27  day ahead inc hosp",2021-01-08,"quantile",0.05,105.988891287104
"15920",2020-12-12,"21","27  day ahead inc hosp",2021-01-08,"quantile",0.1,150.282728169327
"15921",2020-12-12,"21","27  day ahead inc hosp",2021-01-08,"quantile",0.15,180.167569628301
"15922",2020-12-12,"21","27  day ahead inc hosp",2021-01-08,"quantile",0.2,203.91909425114
"15923",2020-12-12,"21","27  day ahead inc hosp",2021-01-08,"quantile",0.25,224.295787501683
"15924",2020-12-12,"21","27  day ahead inc hosp",2021-01-08,"quantile",0.3,242.59468780885
"15925",2020-12-12,"21","27  day ahead inc hosp",2021-01-08,"quantile",0.35,259.551346024742
"15926",2020-12-12,"21","27  day ahead inc hosp",2021-01-08,"quantile",0.4,275.641556476401
"15927",2020-12-12,"21","27  day ahead inc hosp",2021-01-08,"quantile",0.45,291.209021298869
"15928",2020-12-12,"21","27  day ahead inc hosp",2021-01-08,"quantile",0.5,306.529669848027
"15929",2020-12-12,"21","27  day ahead inc hosp",2021-01-08,"quantile",0.55,321.850318397185
"15930",2020-12-12,"21","27  day ahead inc hosp",2021-01-08,"quantile",0.6,337.417783219653
"15931",2020-12-12,"21","27  day ahead inc hosp",2021-01-08,"quantile",0.65,353.507993671312
"15932",2020-12-12,"21","27  day ahead inc hosp",2021-01-08,"quantile",0.7,370.464651887204
"15933",2020-12-12,"21","27  day ahead inc hosp",2021-01-08,"quantile",0.75,388.763552194371
"15934",2020-12-12,"21","27  day ahead inc hosp",2021-01-08,"quantile",0.8,409.140245444913
"15935",2020-12-12,"21","27  day ahead inc hosp",2021-01-08,"quantile",0.85,432.891770067753
"15936",2020-12-12,"21","27  day ahead inc hosp",2021-01-08,"quantile",0.9,462.776611526727
"15937",2020-12-12,"21","27  day ahead inc hosp",2021-01-08,"quantile",0.95,507.07044840895
"15938",2020-12-12,"21","27  day ahead inc hosp",2021-01-08,"quantile",0.975,545.488746188154
"15939",2020-12-12,"21","27  day ahead inc hosp",2021-01-08,"quantile",0.99,590.158319971959
"15940",2020-12-12,"21","28  day ahead inc hosp",2021-01-09,"quantile",0.01,22.9564620932184
"15941",2020-12-12,"21","28  day ahead inc hosp",2021-01-09,"quantile",0.025,67.8584154822282
"15942",2020-12-12,"21","28  day ahead inc hosp",2021-01-09,"quantile",0.05,106.476572541796
"15943",2020-12-12,"21","28  day ahead inc hosp",2021-01-09,"quantile",0.1,151.000834374513
"15944",2020-12-12,"21","28  day ahead inc hosp",2021-01-09,"quantile",0.15,181.041142453641
"15945",2020-12-12,"21","28  day ahead inc hosp",2021-01-09,"quantile",0.2,204.916227017786
"15946",2020-12-12,"21","28  day ahead inc hosp",2021-01-09,"quantile",0.25,225.398923695983
"15947",2020-12-12,"21","28  day ahead inc hosp",2021-01-09,"quantile",0.3,243.793018357357
"15948",2020-12-12,"21","28  day ahead inc hosp",2021-01-09,"quantile",0.35,260.837888329217
"15949",2020-12-12,"21","28  day ahead inc hosp",2021-01-09,"quantile",0.4,277.011803111043
"15950",2020-12-12,"21","28  day ahead inc hosp",2021-01-09,"quantile",0.45,292.660252841651
"15951",2020-12-12,"21","28  day ahead inc hosp",2021-01-09,"quantile",0.5,308.060602313825
"15952",2020-12-12,"21","28  day ahead inc hosp",2021-01-09,"quantile",0.55,323.460951786
"15953",2020-12-12,"21","28  day ahead inc hosp",2021-01-09,"quantile",0.6,339.109401516608
"15954",2020-12-12,"21","28  day ahead inc hosp",2021-01-09,"quantile",0.65,355.283316298434
"15955",2020-12-12,"21","28  day ahead inc hosp",2021-01-09,"quantile",0.7,372.328186270294
"15956",2020-12-12,"21","28  day ahead inc hosp",2021-01-09,"quantile",0.75,390.722280931668
"15957",2020-12-12,"21","28  day ahead inc hosp",2021-01-09,"quantile",0.8,411.204977609865
"15958",2020-12-12,"21","28  day ahead inc hosp",2021-01-09,"quantile",0.85,435.08006217401
"15959",2020-12-12,"21","28  day ahead inc hosp",2021-01-09,"quantile",0.9,465.120370253137
"15960",2020-12-12,"21","28  day ahead inc hosp",2021-01-09,"quantile",0.95,509.644632085855
"15961",2020-12-12,"21","28  day ahead inc hosp",2021-01-09,"quantile",0.975,548.262789145423
"15962",2020-12-12,"21","28  day ahead inc hosp",2021-01-09,"quantile",0.99,593.164742534432
"15963",2020-12-12,"21","29  day ahead inc hosp",2021-01-10,"quantile",0.01,12.1463392599168
"15964",2020-12-12,"21","29  day ahead inc hosp",2021-01-10,"quantile",0.025,57.2794758050453
"15965",2020-12-12,"21","29  day ahead inc hosp",2021-01-10,"quantile",0.05,96.0964631327569
"15966",2020-12-12,"21","29  day ahead inc hosp",2021-01-10,"quantile",0.1,140.849963530781
"15967",2020-12-12,"21","29  day ahead inc hosp",2021-01-10,"quantile",0.15,171.044937781608
"15968",2020-12-12,"21","29  day ahead inc hosp",2021-01-10,"quantile",0.2,195.042946116002
"15969",2020-12-12,"21","29  day ahead inc hosp",2021-01-10,"quantile",0.25,215.631100443733
"15970",2020-12-12,"21","29  day ahead inc hosp",2021-01-10,"quantile",0.3,234.119899333694
"15971",2020-12-12,"21","29  day ahead inc hosp",2021-01-10,"quantile",0.35,251.252526887092
"15972",2020-12-12,"21","29  day ahead inc hosp",2021-01-10,"quantile",0.4,267.509715031964
"15973",2020-12-12,"21","29  day ahead inc hosp",2021-01-10,"quantile",0.45,283.238732705034
"15974",2020-12-12,"21","29  day ahead inc hosp",2021-01-10,"quantile",0.5,298.718372745382
"15975",2020-12-12,"21","29  day ahead inc hosp",2021-01-10,"quantile",0.55,314.19801278573
"15976",2020-12-12,"21","29  day ahead inc hosp",2021-01-10,"quantile",0.6,329.9270304588
"15977",2020-12-12,"21","29  day ahead inc hosp",2021-01-10,"quantile",0.65,346.184218603673
"15978",2020-12-12,"21","29  day ahead inc hosp",2021-01-10,"quantile",0.7,363.31684615707
"15979",2020-12-12,"21","29  day ahead inc hosp",2021-01-10,"quantile",0.75,381.805645047032
"15980",2020-12-12,"21","29  day ahead inc hosp",2021-01-10,"quantile",0.8,402.393799374763
"15981",2020-12-12,"21","29  day ahead inc hosp",2021-01-10,"quantile",0.85,426.391807709157
"15982",2020-12-12,"21","29  day ahead inc hosp",2021-01-10,"quantile",0.9,456.586781959984
"15983",2020-12-12,"21","29  day ahead inc hosp",2021-01-10,"quantile",0.95,501.340282358008
"15984",2020-12-12,"21","29  day ahead inc hosp",2021-01-10,"quantile",0.975,540.157269685719
"15985",2020-12-12,"21","29  day ahead inc hosp",2021-01-10,"quantile",0.99,585.290406230848
"15986",2020-12-12,"21","30  day ahead inc hosp",2021-01-11,"quantile",0.01,12.2168591428365
"15987",2020-12-12,"21","30  day ahead inc hosp",2021-01-11,"quantile",0.025,57.5800006852266
"15988",2020-12-12,"21","30  day ahead inc hosp",2021-01-11,"quantile",0.05,96.5948049994684
"15989",2020-12-12,"21","30  day ahead inc hosp",2021-01-11,"quantile",0.1,141.576375713992
"15990",2020-12-12,"21","30  day ahead inc hosp",2021-01-11,"quantile",0.15,171.925227924596
"15991",2020-12-12,"21","30  day ahead inc hosp",2021-01-11,"quantile",0.2,196.04553358339
"15992",2020-12-12,"21","30  day ahead inc hosp",2021-01-11,"quantile",0.25,216.738608125895
"15993",2020-12-12,"21","30  day ahead inc hosp",2021-01-11,"quantile",0.3,235.32162861142
"15994",2020-12-12,"21","30  day ahead inc hosp",2021-01-11,"quantile",0.35,252.541566514931
"15995",2020-12-12,"21","30  day ahead inc hosp",2021-01-11,"quantile",0.4,268.881603643965
"15996",2020-12-12,"21","30  day ahead inc hosp",2021-01-11,"quantile",0.45,284.690778668013
"15997",2020-12-12,"21","30  day ahead inc hosp",2021-01-11,"quantile",0.5,300.249305194824
"15998",2020-12-12,"21","30  day ahead inc hosp",2021-01-11,"quantile",0.55,315.807831721635
"15999",2020-12-12,"21","30  day ahead inc hosp",2021-01-11,"quantile",0.6,331.617006745684
"16000",2020-12-12,"21","30  day ahead inc hosp",2021-01-11,"quantile",0.65,347.957043874717
"16001",2020-12-12,"21","30  day ahead inc hosp",2021-01-11,"quantile",0.7,365.176981778228
"16002",2020-12-12,"21","30  day ahead inc hosp",2021-01-11,"quantile",0.75,383.760002263753
"16003",2020-12-12,"21","30  day ahead inc hosp",2021-01-11,"quantile",0.8,404.453076806258
"16004",2020-12-12,"21","30  day ahead inc hosp",2021-01-11,"quantile",0.85,428.573382465052
"16005",2020-12-12,"21","30  day ahead inc hosp",2021-01-11,"quantile",0.9,458.922234675656
"16006",2020-12-12,"21","30  day ahead inc hosp",2021-01-11,"quantile",0.95,503.90380539018
"16007",2020-12-12,"21","30  day ahead inc hosp",2021-01-11,"quantile",0.975,542.918609704422
"16008",2020-12-12,"21","30  day ahead inc hosp",2021-01-11,"quantile",0.99,588.281751246812
"16009",2020-12-12,"21","31  day ahead inc hosp",2021-01-12,"quantile",0.01,12.2947464949701
"16010",2020-12-12,"21","31  day ahead inc hosp",2021-01-12,"quantile",0.025,57.8867327076265
"16011",2020-12-12,"21","31  day ahead inc hosp",2021-01-12,"quantile",0.05,97.0983560631698
"16012",2020-12-12,"21","31  day ahead inc hosp",2021-01-12,"quantile",0.1,142.306846527258
"16013",2020-12-12,"21","31  day ahead inc hosp",2021-01-12,"quantile",0.15,172.808800415588
"16014",2020-12-12,"21","31  day ahead inc hosp",2021-01-12,"quantile",0.2,197.050786434417
"16015",2020-12-12,"21","31  day ahead inc hosp",2021-01-12,"quantile",0.25,217.848251891208
"16016",2020-12-12,"21","31  day ahead inc hosp",2021-01-12,"quantile",0.3,236.525018644098
"16017",2020-12-12,"21","31  day ahead inc hosp",2021-01-12,"quantile",0.35,253.83182643531
"16018",2020-12-12,"21","31  day ahead inc hosp",2021-01-12,"quantile",0.4,270.254294592747
"16019",2020-12-12,"21","31  day ahead inc hosp",2021-01-12,"quantile",0.45,286.143222590742
"16020",2020-12-12,"21","31  day ahead inc hosp",2021-01-12,"quantile",0.5,301.780237638228
"16021",2020-12-12,"21","31  day ahead inc hosp",2021-01-12,"quantile",0.55,317.417252685715
"16022",2020-12-12,"21","31  day ahead inc hosp",2021-01-12,"quantile",0.6,333.30618068371
"16023",2020-12-12,"21","31  day ahead inc hosp",2021-01-12,"quantile",0.65,349.728648841146
"16024",2020-12-12,"21","31  day ahead inc hosp",2021-01-12,"quantile",0.7,367.035456632358
"16025",2020-12-12,"21","31  day ahead inc hosp",2021-01-12,"quantile",0.75,385.712223385248
"16026",2020-12-12,"21","31  day ahead inc hosp",2021-01-12,"quantile",0.8,406.50968884204
"16027",2020-12-12,"21","31  day ahead inc hosp",2021-01-12,"quantile",0.85,430.751674860869
"16028",2020-12-12,"21","31  day ahead inc hosp",2021-01-12,"quantile",0.9,461.253628749199
"16029",2020-12-12,"21","31  day ahead inc hosp",2021-01-12,"quantile",0.95,506.462119213287
"16030",2020-12-12,"21","31  day ahead inc hosp",2021-01-12,"quantile",0.975,545.67374256883
"16031",2020-12-12,"21","31  day ahead inc hosp",2021-01-12,"quantile",0.99,591.265728781487
"16032",2020-12-12,"21","32  day ahead inc hosp",2021-01-13,"quantile",0.01,12.3798909379947
"16033",2020-12-12,"21","32  day ahead inc hosp",2021-01-13,"quantile",0.025,58.1995788791329
"16034",2020-12-12,"21","32  day ahead inc hosp",2021-01-13,"quantile",0.05,97.6070382829894
"16035",2020-12-12,"21","32  day ahead inc hosp",2021-01-13,"quantile",0.1,143.04131516868
"16036",2020-12-12,"21","32  day ahead inc hosp",2021-01-13,"quantile",0.15,173.695606083742
"16037",2020-12-12,"21","32  day ahead inc hosp",2021-01-13,"quantile",0.2,198.058664742236
"16038",2020-12-12,"21","32  day ahead inc hosp",2021-01-13,"quantile",0.25,218.959999743347
"16039",2020-12-12,"21","32  day ahead inc hosp",2021-01-13,"quantile",0.3,237.73004455726
"16040",2020-12-12,"21","32  day ahead inc hosp",2021-01-13,"quantile",0.35,255.123288373219
"16041",2020-12-12,"21","32  day ahead inc hosp",2021-01-13,"quantile",0.4,271.627775865544
"16042",2020-12-12,"21","32  day ahead inc hosp",2021-01-13,"quantile",0.45,287.596058519245
"16043",2020-12-12,"21","32  day ahead inc hosp",2021-01-13,"quantile",0.5,303.311170084352
"16044",2020-12-12,"21","32  day ahead inc hosp",2021-01-13,"quantile",0.55,319.026281649459
"16045",2020-12-12,"21","32  day ahead inc hosp",2021-01-13,"quantile",0.6,334.99456430316
"16046",2020-12-12,"21","32  day ahead inc hosp",2021-01-13,"quantile",0.65,351.499051795484
"16047",2020-12-12,"21","32  day ahead inc hosp",2021-01-13,"quantile",0.7,368.892295611444
"16048",2020-12-12,"21","32  day ahead inc hosp",2021-01-13,"quantile",0.75,387.662340425357
"16049",2020-12-12,"21","32  day ahead inc hosp",2021-01-13,"quantile",0.8,408.563675426468
"16050",2020-12-12,"21","32  day ahead inc hosp",2021-01-13,"quantile",0.85,432.926734084962
"16051",2020-12-12,"21","32  day ahead inc hosp",2021-01-13,"quantile",0.9,463.581025000024
"16052",2020-12-12,"21","32  day ahead inc hosp",2021-01-13,"quantile",0.95,509.015301885715
"16053",2020-12-12,"21","32  day ahead inc hosp",2021-01-13,"quantile",0.975,548.422761289571
"16054",2020-12-12,"21","32  day ahead inc hosp",2021-01-13,"quantile",0.99,594.242449230709
"16055",2020-12-12,"21","33  day ahead inc hosp",2021-01-14,"quantile",0.01,12.4721848064553
"16056",2020-12-12,"21","33  day ahead inc hosp",2021-01-14,"quantile",0.025,58.5184484902428
"16057",2020-12-12,"21","33  day ahead inc hosp",2021-01-14,"quantile",0.05,98.1207755324782
"16058",2020-12-12,"21","33  day ahead inc hosp",2021-01-14,"quantile",0.1,143.779722325138
"16059",2020-12-12,"21","33  day ahead inc hosp",2021-01-14,"quantile",0.15,174.58559695981
"16060",2020-12-12,"21","33  day ahead inc hosp",2021-01-14,"quantile",0.2,199.069129553348
"16061",2020-12-12,"21","33  day ahead inc hosp",2021-01-14,"quantile",0.25,220.073820463524
"16062",2020-12-12,"21","33  day ahead inc hosp",2021-01-14,"quantile",0.3,238.936682078126
"16063",2020-12-12,"21","33  day ahead inc hosp",2021-01-14,"quantile",0.35,256.415934492393
"16064",2020-12-12,"21","33  day ahead inc hosp",2021-01-14,"quantile",0.4,273.002035733711
"16065",2020-12-12,"21","33  day ahead inc hosp",2021-01-14,"quantile",0.45,289.049280634072
"16066",2020-12-12,"21","33  day ahead inc hosp",2021-01-14,"quantile",0.5,304.842102529251
"16067",2020-12-12,"21","33  day ahead inc hosp",2021-01-14,"quantile",0.55,320.634924424429
"16068",2020-12-12,"21","33  day ahead inc hosp",2021-01-14,"quantile",0.6,336.682169324791
"16069",2020-12-12,"21","33  day ahead inc hosp",2021-01-14,"quantile",0.65,353.268270566109
"16070",2020-12-12,"21","33  day ahead inc hosp",2021-01-14,"quantile",0.7,370.747522980375
"16071",2020-12-12,"21","33  day ahead inc hosp",2021-01-14,"quantile",0.75,389.610384594977
"16072",2020-12-12,"21","33  day ahead inc hosp",2021-01-14,"quantile",0.8,410.615075505154
"16073",2020-12-12,"21","33  day ahead inc hosp",2021-01-14,"quantile",0.85,435.098608098691
"16074",2020-12-12,"21","33  day ahead inc hosp",2021-01-14,"quantile",0.9,465.904482733363
"16075",2020-12-12,"21","33  day ahead inc hosp",2021-01-14,"quantile",0.95,511.563429526023
"16076",2020-12-12,"21","33  day ahead inc hosp",2021-01-14,"quantile",0.975,551.165756568259
"16077",2020-12-12,"21","33  day ahead inc hosp",2021-01-14,"quantile",0.99,597.212020252046
"16078",2020-12-12,"21","34  day ahead inc hosp",2021-01-15,"quantile",0.01,12.5715230782591
"16079",2020-12-12,"21","34  day ahead inc hosp",2021-01-15,"quantile",0.025,58.8432530594049
"16080",2020-12-12,"21","34  day ahead inc hosp",2021-01-15,"quantile",0.05,98.6394935558632
"16081",2020-12-12,"21","34  day ahead inc hosp",2021-01-15,"quantile",0.1,144.522010142271
"16082",2020-12-12,"21","34  day ahead inc hosp",2021-01-15,"quantile",0.15,175.478726255384
"16083",2020-12-12,"21","34  day ahead inc hosp",2021-01-15,"quantile",0.2,200.082142874215
"16084",2020-12-12,"21","34  day ahead inc hosp",2021-01-15,"quantile",0.25,221.189683603416
"16085",2020-12-12,"21","34  day ahead inc hosp",2021-01-15,"quantile",0.3,240.14490753421
"16086",2020-12-12,"21","34  day ahead inc hosp",2021-01-15,"quantile",0.35,257.709747399166
"16087",2020-12-12,"21","34  day ahead inc hosp",2021-01-15,"quantile",0.4,274.377062761573
"16088",2020-12-12,"21","34  day ahead inc hosp",2021-01-15,"quantile",0.45,290.50288326397
"16089",2020-12-12,"21","34  day ahead inc hosp",2021-01-15,"quantile",0.5,306.373034974701
"16090",2020-12-12,"21","34  day ahead inc hosp",2021-01-15,"quantile",0.55,322.243186685432
"16091",2020-12-12,"21","34  day ahead inc hosp",2021-01-15,"quantile",0.6,338.36900718783
"16092",2020-12-12,"21","34  day ahead inc hosp",2021-01-15,"quantile",0.65,355.036322550237
"16093",2020-12-12,"21","34  day ahead inc hosp",2021-01-15,"quantile",0.7,372.601162415192
"16094",2020-12-12,"21","34  day ahead inc hosp",2021-01-15,"quantile",0.75,391.556386345986
"16095",2020-12-12,"21","34  day ahead inc hosp",2021-01-15,"quantile",0.8,412.663927075188
"16096",2020-12-12,"21","34  day ahead inc hosp",2021-01-15,"quantile",0.85,437.267343694019
"16097",2020-12-12,"21","34  day ahead inc hosp",2021-01-15,"quantile",0.9,468.224059807132
"16098",2020-12-12,"21","34  day ahead inc hosp",2021-01-15,"quantile",0.95,514.106576393539
"16099",2020-12-12,"21","34  day ahead inc hosp",2021-01-15,"quantile",0.975,553.902816889998
"16100",2020-12-12,"21","34  day ahead inc hosp",2021-01-15,"quantile",0.99,600.174546871143
"16101",2020-12-12,"21","35  day ahead inc hosp",2021-01-16,"quantile",0.01,12.6778032743788
"16102",2020-12-12,"21","35  day ahead inc hosp",2021-01-16,"quantile",0.025,59.1739062472123
"16103",2020-12-12,"21","35  day ahead inc hosp",2021-01-16,"quantile",0.05,99.1631198947016
"16104",2020-12-12,"21","35  day ahead inc hosp",2021-01-16,"quantile",0.1,145.268122165497
"16105",2020-12-12,"21","35  day ahead inc hosp",2021-01-16,"quantile",0.15,176.374948313613
"16106",2020-12-12,"21","35  day ahead inc hosp",2021-01-16,"quantile",0.2,201.097667629679
"16107",2020-12-12,"21","35  day ahead inc hosp",2021-01-16,"quantile",0.25,222.307559450196
"16108",2020-12-12,"21","35  day ahead inc hosp",2021-01-16,"quantile",0.3,241.354697824283
"16109",2020-12-12,"21","35  day ahead inc hosp",2021-01-16,"quantile",0.35,259.004710118941
"16110",2020-12-12,"21","35  day ahead inc hosp",2021-01-16,"quantile",0.4,275.752845788105
"16111",2020-12-12,"21","35  day ahead inc hosp",2021-01-16,"quantile",0.45,291.956860872616
"16112",2020-12-12,"21","35  day ahead inc hosp",2021-01-16,"quantile",0.5,307.903967419903
"16113",2020-12-12,"21","35  day ahead inc hosp",2021-01-16,"quantile",0.55,323.85107396719
"16114",2020-12-12,"21","35  day ahead inc hosp",2021-01-16,"quantile",0.6,340.055089051702
"16115",2020-12-12,"21","35  day ahead inc hosp",2021-01-16,"quantile",0.65,356.803224720866
"16116",2020-12-12,"21","35  day ahead inc hosp",2021-01-16,"quantile",0.7,374.453237015523
"16117",2020-12-12,"21","35  day ahead inc hosp",2021-01-16,"quantile",0.75,393.500375389611
"16118",2020-12-12,"21","35  day ahead inc hosp",2021-01-16,"quantile",0.8,414.710267210127
"16119",2020-12-12,"21","35  day ahead inc hosp",2021-01-16,"quantile",0.85,439.432986526194
"16120",2020-12-12,"21","35  day ahead inc hosp",2021-01-16,"quantile",0.9,470.53981267431
"16121",2020-12-12,"21","35  day ahead inc hosp",2021-01-16,"quantile",0.95,516.644814945105
"16122",2020-12-12,"21","35  day ahead inc hosp",2021-01-16,"quantile",0.975,556.634028592594
"16123",2020-12-12,"21","35  day ahead inc hosp",2021-01-16,"quantile",0.99,603.130131565428
"16124",2020-12-12,"21","36  day ahead inc hosp",2021-01-17,"quantile",0.01,7.43266181949417
"16125",2020-12-12,"21","36  day ahead inc hosp",2021-01-17,"quantile",0.025,54.1520602303482
"16126",2020-12-12,"21","36  day ahead inc hosp",2021-01-17,"quantile",0.05,94.3333202732683
"16127",2020-12-12,"21","36  day ahead inc hosp",2021-01-17,"quantile",0.1,140.659739738597
"16128",2020-12-12,"21","36  day ahead inc hosp",2021-01-17,"quantile",0.15,171.915955016685
"16129",2020-12-12,"21","36  day ahead inc hosp",2021-01-17,"quantile",0.2,196.757404077521
"16130",2020-12-12,"21","36  day ahead inc hosp",2021-01-17,"quantile",0.25,218.069155447152
"16131",2020-12-12,"21","36  day ahead inc hosp",2021-01-17,"quantile",0.3,237.207766844447
"16132",2020-12-12,"21","36  day ahead inc hosp",2021-01-17,"quantile",0.35,254.942542527312
"16133",2020-12-12,"21","36  day ahead inc hosp",2021-01-17,"quantile",0.4,271.771110362855
"16134",2020-12-12,"21","36  day ahead inc hosp",2021-01-17,"quantile",0.45,288.052944499171
"16135",2020-12-12,"21","36  day ahead inc hosp",2021-01-17,"quantile",0.5,304.076636306598
"16136",2020-12-12,"21","36  day ahead inc hosp",2021-01-17,"quantile",0.55,320.100328114024
"16137",2020-12-12,"21","36  day ahead inc hosp",2021-01-17,"quantile",0.6,336.382162250341
"16138",2020-12-12,"21","36  day ahead inc hosp",2021-01-17,"quantile",0.65,353.210730085884
"16139",2020-12-12,"21","36  day ahead inc hosp",2021-01-17,"quantile",0.7,370.945505768748
"16140",2020-12-12,"21","36  day ahead inc hosp",2021-01-17,"quantile",0.75,390.084117166043
"16141",2020-12-12,"21","36  day ahead inc hosp",2021-01-17,"quantile",0.8,411.395868535675
"16142",2020-12-12,"21","36  day ahead inc hosp",2021-01-17,"quantile",0.85,436.237317596511
"16143",2020-12-12,"21","36  day ahead inc hosp",2021-01-17,"quantile",0.9,467.493532874598
"16144",2020-12-12,"21","36  day ahead inc hosp",2021-01-17,"quantile",0.95,513.819952339927
"16145",2020-12-12,"21","36  day ahead inc hosp",2021-01-17,"quantile",0.975,554.001212382847
"16146",2020-12-12,"21","36  day ahead inc hosp",2021-01-17,"quantile",0.99,600.720610793701
"16147",2020-12-12,"21","37  day ahead inc hosp",2021-01-18,"quantile",0.01,7.55252819233726
"16148",2020-12-12,"21","37  day ahead inc hosp",2021-01-18,"quantile",0.025,54.4941598649166
"16149",2020-12-12,"21","37  day ahead inc hosp",2021-01-18,"quantile",0.05,94.8665527730557
"16150",2020-12-12,"21","37  day ahead inc hosp",2021-01-18,"quantile",0.1,141.41333619109
"16151",2020-12-12,"21","37  day ahead inc hosp",2021-01-18,"quantile",0.15,172.818229981888
"16152",2020-12-12,"21","37  day ahead inc hosp",2021-01-18,"quantile",0.2,197.777844011421
"16153",2020-12-12,"21","37  day ahead inc hosp",2021-01-18,"quantile",0.25,219.190970402586
"16154",2020-12-12,"21","37  day ahead inc hosp",2021-01-18,"quantile",0.3,238.420619702346
"16155",2020-12-12,"21","37  day ahead inc hosp",2021-01-18,"quantile",0.35,256.239755569203
"16156",2020-12-12,"21","37  day ahead inc hosp",2021-01-18,"quantile",0.4,273.148372969755
"16157",2020-12-12,"21","37  day ahead inc hosp",2021-01-18,"quantile",0.45,289.507655986623
"16158",2020-12-12,"21","37  day ahead inc hosp",2021-01-18,"quantile",0.5,305.607568751861
"16159",2020-12-12,"21","37  day ahead inc hosp",2021-01-18,"quantile",0.55,321.707481517099
"16160",2020-12-12,"21","37  day ahead inc hosp",2021-01-18,"quantile",0.6,338.066764533968
"16161",2020-12-12,"21","37  day ahead inc hosp",2021-01-18,"quantile",0.65,354.975381934519
"16162",2020-12-12,"21","37  day ahead inc hosp",2021-01-18,"quantile",0.7,372.794517801376
"16163",2020-12-12,"21","37  day ahead inc hosp",2021-01-18,"quantile",0.75,392.024167101136
"16164",2020-12-12,"21","37  day ahead inc hosp",2021-01-18,"quantile",0.8,413.437293492301
"16165",2020-12-12,"21","37  day ahead inc hosp",2021-01-18,"quantile",0.85,438.396907521834
"16166",2020-12-12,"21","37  day ahead inc hosp",2021-01-18,"quantile",0.9,469.801801312632
"16167",2020-12-12,"21","37  day ahead inc hosp",2021-01-18,"quantile",0.95,516.348584730666
"16168",2020-12-12,"21","37  day ahead inc hosp",2021-01-18,"quantile",0.975,556.720977638805
"16169",2020-12-12,"21","37  day ahead inc hosp",2021-01-18,"quantile",0.99,603.662609311385
"16170",2020-12-12,"22","1  day ahead inc hosp",2020-12-13,"quantile",0.01,93.0735836371579
"16171",2020-12-12,"22","1  day ahead inc hosp",2020-12-13,"quantile",0.025,102.521304354542
"16172",2020-12-12,"22","1  day ahead inc hosp",2020-12-13,"quantile",0.05,110.646865382097
"16173",2020-12-12,"22","1  day ahead inc hosp",2020-12-13,"quantile",0.1,120.01511685434
"16174",2020-12-12,"22","1  day ahead inc hosp",2020-12-13,"quantile",0.15,126.335831646789
"16175",2020-12-12,"22","1  day ahead inc hosp",2020-12-13,"quantile",0.2,131.359335393091
"16176",2020-12-12,"22","1  day ahead inc hosp",2020-12-13,"quantile",0.25,135.669054306162
"16177",2020-12-12,"22","1  day ahead inc hosp",2020-12-13,"quantile",0.3,139.539315087563
"16178",2020-12-12,"22","1  day ahead inc hosp",2020-12-13,"quantile",0.35,143.12568848569
"16179",2020-12-12,"22","1  day ahead inc hosp",2020-12-13,"quantile",0.4,146.528806128292
"16180",2020-12-12,"22","1  day ahead inc hosp",2020-12-13,"quantile",0.45,149.82136183147
"16181",2020-12-12,"22","1  day ahead inc hosp",2020-12-13,"quantile",0.5,153.061715307914
"16182",2020-12-12,"22","1  day ahead inc hosp",2020-12-13,"quantile",0.55,156.302068784358
"16183",2020-12-12,"22","1  day ahead inc hosp",2020-12-13,"quantile",0.6,159.594624487536
"16184",2020-12-12,"22","1  day ahead inc hosp",2020-12-13,"quantile",0.65,162.997742130138
"16185",2020-12-12,"22","1  day ahead inc hosp",2020-12-13,"quantile",0.7,166.584115528265
"16186",2020-12-12,"22","1  day ahead inc hosp",2020-12-13,"quantile",0.75,170.454376309666
"16187",2020-12-12,"22","1  day ahead inc hosp",2020-12-13,"quantile",0.8,174.764095222737
"16188",2020-12-12,"22","1  day ahead inc hosp",2020-12-13,"quantile",0.85,179.787598969039
"16189",2020-12-12,"22","1  day ahead inc hosp",2020-12-13,"quantile",0.9,186.108313761488
"16190",2020-12-12,"22","1  day ahead inc hosp",2020-12-13,"quantile",0.95,195.476565233731
"16191",2020-12-12,"22","1  day ahead inc hosp",2020-12-13,"quantile",0.975,203.602126261287
"16192",2020-12-12,"22","1  day ahead inc hosp",2020-12-13,"quantile",0.99,213.04984697867
"16193",2020-12-12,"22","2  day ahead inc hosp",2020-12-14,"quantile",0.01,80.4143875756969
"16194",2020-12-12,"22","2  day ahead inc hosp",2020-12-14,"quantile",0.025,90.7951049600938
"16195",2020-12-12,"22","2  day ahead inc hosp",2020-12-14,"quantile",0.05,99.7230945927173
"16196",2020-12-12,"22","2  day ahead inc hosp",2020-12-14,"quantile",0.1,110.016494855955
"16197",2020-12-12,"22","2  day ahead inc hosp",2020-12-14,"quantile",0.15,116.961403145534
"16198",2020-12-12,"22","2  day ahead inc hosp",2020-12-14,"quantile",0.2,122.480996096019
"16199",2020-12-12,"22","2  day ahead inc hosp",2020-12-14,"quantile",0.25,127.216315373659
"16200",2020-12-12,"22","2  day ahead inc hosp",2020-12-14,"quantile",0.3,131.468778436175
"16201",2020-12-12,"22","2  day ahead inc hosp",2020-12-14,"quantile",0.35,135.409319207281
"16202",2020-12-12,"22","2  day ahead inc hosp",2020-12-14,"quantile",0.4,139.148507052737
"16203",2020-12-12,"22","2  day ahead inc hosp",2020-12-14,"quantile",0.45,142.766214566485
"16204",2020-12-12,"22","2  day ahead inc hosp",2020-12-14,"quantile",0.5,146.326564694387
"16205",2020-12-12,"22","2  day ahead inc hosp",2020-12-14,"quantile",0.55,149.886914822288
"16206",2020-12-12,"22","2  day ahead inc hosp",2020-12-14,"quantile",0.6,153.504622336036
"16207",2020-12-12,"22","2  day ahead inc hosp",2020-12-14,"quantile",0.65,157.243810181493
"16208",2020-12-12,"22","2  day ahead inc hosp",2020-12-14,"quantile",0.7,161.184350952599
"16209",2020-12-12,"22","2  day ahead inc hosp",2020-12-14,"quantile",0.75,165.436814015114
"16210",2020-12-12,"22","2  day ahead inc hosp",2020-12-14,"quantile",0.8,170.172133292755
"16211",2020-12-12,"22","2  day ahead inc hosp",2020-12-14,"quantile",0.85,175.691726243239
"16212",2020-12-12,"22","2  day ahead inc hosp",2020-12-14,"quantile",0.9,182.636634532819
"16213",2020-12-12,"22","2  day ahead inc hosp",2020-12-14,"quantile",0.95,192.930034796056
"16214",2020-12-12,"22","2  day ahead inc hosp",2020-12-14,"quantile",0.975,201.85802442868
"16215",2020-12-12,"22","2  day ahead inc hosp",2020-12-14,"quantile",0.99,212.238741813077
"16216",2020-12-12,"22","3  day ahead inc hosp",2020-12-15,"quantile",0.01,67.6687303606105
"16217",2020-12-12,"22","3  day ahead inc hosp",2020-12-15,"quantile",0.025,78.6741881295659
"16218",2020-12-12,"22","3  day ahead inc hosp",2020-12-15,"quantile",0.05,88.1394889585047
"16219",2020-12-12,"22","3  day ahead inc hosp",2020-12-15,"quantile",0.1,99.0523746195954
"16220",2020-12-12,"22","3  day ahead inc hosp",2020-12-15,"quantile",0.15,106.415246766092
"16221",2020-12-12,"22","3  day ahead inc hosp",2020-12-15,"quantile",0.2,112.267024140331
"16222",2020-12-12,"22","3  day ahead inc hosp",2020-12-15,"quantile",0.25,117.287328075291
"16223",2020-12-12,"22","3  day ahead inc hosp",2020-12-15,"quantile",0.3,121.795716167901
"16224",2020-12-12,"22","3  day ahead inc hosp",2020-12-15,"quantile",0.35,125.973409619842
"16225",2020-12-12,"22","3  day ahead inc hosp",2020-12-15,"quantile",0.4,129.937632168201
"16226",2020-12-12,"22","3  day ahead inc hosp",2020-12-15,"quantile",0.45,133.773063361312
"16227",2020-12-12,"22","3  day ahead inc hosp",2020-12-15,"quantile",0.5,137.547685241897
"16228",2020-12-12,"22","3  day ahead inc hosp",2020-12-15,"quantile",0.55,141.322307122482
"16229",2020-12-12,"22","3  day ahead inc hosp",2020-12-15,"quantile",0.6,145.157738315593
"16230",2020-12-12,"22","3  day ahead inc hosp",2020-12-15,"quantile",0.65,149.121960863952
"16231",2020-12-12,"22","3  day ahead inc hosp",2020-12-15,"quantile",0.7,153.299654315894
"16232",2020-12-12,"22","3  day ahead inc hosp",2020-12-15,"quantile",0.75,157.808042408503
"16233",2020-12-12,"22","3  day ahead inc hosp",2020-12-15,"quantile",0.8,162.828346343463
"16234",2020-12-12,"22","3  day ahead inc hosp",2020-12-15,"quantile",0.85,168.680123717702
"16235",2020-12-12,"22","3  day ahead inc hosp",2020-12-15,"quantile",0.9,176.042995864199
"16236",2020-12-12,"22","3  day ahead inc hosp",2020-12-15,"quantile",0.95,186.95588152529
"16237",2020-12-12,"22","3  day ahead inc hosp",2020-12-15,"quantile",0.975,196.421182354228
"16238",2020-12-12,"22","3  day ahead inc hosp",2020-12-15,"quantile",0.99,207.426640123184
"16239",2020-12-12,"22","4  day ahead inc hosp",2020-12-16,"quantile",0.01,60.715089130607
"16240",2020-12-12,"22","4  day ahead inc hosp",2020-12-16,"quantile",0.025,72.0600472565055
"16241",2020-12-12,"22","4  day ahead inc hosp",2020-12-16,"quantile",0.05,81.817337121926
"16242",2020-12-12,"22","4  day ahead inc hosp",2020-12-16,"quantile",0.1,93.0668674419668
"16243",2020-12-12,"22","4  day ahead inc hosp",2020-12-16,"quantile",0.15,100.656872141633
"16244",2020-12-12,"22","4  day ahead inc hosp",2020-12-16,"quantile",0.2,106.689167268883
"16245",2020-12-12,"22","4  day ahead inc hosp",2020-12-16,"quantile",0.25,111.86433936232
"16246",2020-12-12,"22","4  day ahead inc hosp",2020-12-16,"quantile",0.3,116.511803847644
"16247",2020-12-12,"22","4  day ahead inc hosp",2020-12-16,"quantile",0.35,120.818372303962
"16248",2020-12-12,"22","4  day ahead inc hosp",2020-12-16,"quantile",0.4,124.904884628759
"16249",2020-12-12,"22","4  day ahead inc hosp",2020-12-16,"quantile",0.45,128.858632595822
"16250",2020-12-12,"22","4  day ahead inc hosp",2020-12-16,"quantile",0.5,132.74969538261
"16251",2020-12-12,"22","4  day ahead inc hosp",2020-12-16,"quantile",0.55,136.640758169397
"16252",2020-12-12,"22","4  day ahead inc hosp",2020-12-16,"quantile",0.6,140.59450613646
"16253",2020-12-12,"22","4  day ahead inc hosp",2020-12-16,"quantile",0.65,144.681018461258
"16254",2020-12-12,"22","4  day ahead inc hosp",2020-12-16,"quantile",0.7,148.987586917575
"16255",2020-12-12,"22","4  day ahead inc hosp",2020-12-16,"quantile",0.75,153.635051402899
"16256",2020-12-12,"22","4  day ahead inc hosp",2020-12-16,"quantile",0.8,158.810223496336
"16257",2020-12-12,"22","4  day ahead inc hosp",2020-12-16,"quantile",0.85,164.842518623586
"16258",2020-12-12,"22","4  day ahead inc hosp",2020-12-16,"quantile",0.9,172.432523323252
"16259",2020-12-12,"22","4  day ahead inc hosp",2020-12-16,"quantile",0.95,183.682053643293
"16260",2020-12-12,"22","4  day ahead inc hosp",2020-12-16,"quantile",0.975,193.439343508714
"16261",2020-12-12,"22","4  day ahead inc hosp",2020-12-16,"quantile",0.99,204.784301634612
"16262",2020-12-12,"22","5  day ahead inc hosp",2020-12-17,"quantile",0.01,53.3610330714904
"16263",2020-12-12,"22","5  day ahead inc hosp",2020-12-17,"quantile",0.025,65.1586439761986
"16264",2020-12-12,"22","5  day ahead inc hosp",2020-12-17,"quantile",0.05,75.305240203284
"16265",2020-12-12,"22","5  day ahead inc hosp",2020-12-17,"quantile",0.1,87.0036158256309
"16266",2020-12-12,"22","5  day ahead inc hosp",2020-12-17,"quantile",0.15,94.8964543198656
"16267",2020-12-12,"22","5  day ahead inc hosp",2020-12-17,"quantile",0.2,101.169432147011
"16268",2020-12-12,"22","5  day ahead inc hosp",2020-12-17,"quantile",0.25,106.551088566165
"16269",2020-12-12,"22","5  day ahead inc hosp",2020-12-17,"quantile",0.3,111.38398235765
"16270",2020-12-12,"22","5  day ahead inc hosp",2020-12-17,"quantile",0.35,115.862378700615
"16271",2020-12-12,"22","5  day ahead inc hosp",2020-12-17,"quantile",0.4,120.111938886756
"16272",2020-12-12,"22","5  day ahead inc hosp",2020-12-17,"quantile",0.45,124.223437546607
"16273",2020-12-12,"22","5  day ahead inc hosp",2020-12-17,"quantile",0.5,128.269749948546
"16274",2020-12-12,"22","5  day ahead inc hosp",2020-12-17,"quantile",0.55,132.316062350485
"16275",2020-12-12,"22","5  day ahead inc hosp",2020-12-17,"quantile",0.6,136.427561010336
"16276",2020-12-12,"22","5  day ahead inc hosp",2020-12-17,"quantile",0.65,140.677121196477
"16277",2020-12-12,"22","5  day ahead inc hosp",2020-12-17,"quantile",0.7,145.155517539443
"16278",2020-12-12,"22","5  day ahead inc hosp",2020-12-17,"quantile",0.75,149.988411330927
"16279",2020-12-12,"22","5  day ahead inc hosp",2020-12-17,"quantile",0.8,155.370067750081
"16280",2020-12-12,"22","5  day ahead inc hosp",2020-12-17,"quantile",0.85,161.643045577227
"16281",2020-12-12,"22","5  day ahead inc hosp",2020-12-17,"quantile",0.9,169.535884071461
"16282",2020-12-12,"22","5  day ahead inc hosp",2020-12-17,"quantile",0.95,181.234259693808
"16283",2020-12-12,"22","5  day ahead inc hosp",2020-12-17,"quantile",0.975,191.380855920894
"16284",2020-12-12,"22","5  day ahead inc hosp",2020-12-17,"quantile",0.99,203.178466825602
"16285",2020-12-12,"22","6  day ahead inc hosp",2020-12-18,"quantile",0.01,45.6058480705807
"16286",2020-12-12,"22","6  day ahead inc hosp",2020-12-18,"quantile",0.025,57.9660563389799
"16287",2020-12-12,"22","6  day ahead inc hosp",2020-12-18,"quantile",0.05,68.5965173361364
"16288",2020-12-12,"22","6  day ahead inc hosp",2020-12-18,"quantile",0.1,80.8527580497937
"16289",2020-12-12,"22","6  day ahead inc hosp",2020-12-18,"quantile",0.15,89.121985472665
"16290",2020-12-12,"22","6  day ahead inc hosp",2020-12-18,"quantile",0.2,95.6941052885192
"16291",2020-12-12,"22","6  day ahead inc hosp",2020-12-18,"quantile",0.25,101.332398897878
"16292",2020-12-12,"22","6  day ahead inc hosp",2020-12-18,"quantile",0.3,106.395760817871
"16293",2020-12-12,"22","6  day ahead inc hosp",2020-12-18,"quantile",0.35,111.087720228517
"16294",2020-12-12,"22","6  day ahead inc hosp",2020-12-18,"quantile",0.4,115.53993088151
"16295",2020-12-12,"22","6  day ahead inc hosp",2020-12-18,"quantile",0.45,119.847496213294
"16296",2020-12-12,"22","6  day ahead inc hosp",2020-12-18,"quantile",0.5,124.086766724158
"16297",2020-12-12,"22","6  day ahead inc hosp",2020-12-18,"quantile",0.55,128.326037235021
"16298",2020-12-12,"22","6  day ahead inc hosp",2020-12-18,"quantile",0.6,132.633602566806
"16299",2020-12-12,"22","6  day ahead inc hosp",2020-12-18,"quantile",0.65,137.085813219798
"16300",2020-12-12,"22","6  day ahead inc hosp",2020-12-18,"quantile",0.7,141.777772630444
"16301",2020-12-12,"22","6  day ahead inc hosp",2020-12-18,"quantile",0.75,146.841134550438
"16302",2020-12-12,"22","6  day ahead inc hosp",2020-12-18,"quantile",0.8,152.479428159796
"16303",2020-12-12,"22","6  day ahead inc hosp",2020-12-18,"quantile",0.85,159.05154797565
"16304",2020-12-12,"22","6  day ahead inc hosp",2020-12-18,"quantile",0.9,167.320775398522
"16305",2020-12-12,"22","6  day ahead inc hosp",2020-12-18,"quantile",0.95,179.577016112179
"16306",2020-12-12,"22","6  day ahead inc hosp",2020-12-18,"quantile",0.975,190.207477109336
"16307",2020-12-12,"22","6  day ahead inc hosp",2020-12-18,"quantile",0.99,202.567685377735
"16308",2020-12-12,"22","7  day ahead inc hosp",2020-12-19,"quantile",0.01,37.4815075993932
"16309",2020-12-12,"22","7  day ahead inc hosp",2020-12-19,"quantile",0.025,50.5061220013864
"16310",2020-12-12,"22","7  day ahead inc hosp",2020-12-19,"quantile",0.05,61.7080089273034
"16311",2020-12-12,"22","7  day ahead inc hosp",2020-12-19,"quantile",0.1,74.6230671404827
"16312",2020-12-12,"22","7  day ahead inc hosp",2020-12-19,"quantile",0.15,83.3367956025385
"16313",2020-12-12,"22","7  day ahead inc hosp",2020-12-19,"quantile",0.2,90.2621907533668
"16314",2020-12-12,"22","7  day ahead inc hosp",2020-12-19,"quantile",0.25,96.2035631439007
"16315",2020-12-12,"22","7  day ahead inc hosp",2020-12-19,"quantile",0.3,101.539099176433
"16316",2020-12-12,"22","7  day ahead inc hosp",2020-12-19,"quantile",0.35,106.483268464399
"16317",2020-12-12,"22","7  day ahead inc hosp",2020-12-19,"quantile",0.4,111.174801627309
"16318",2020-12-12,"22","7  day ahead inc hosp",2020-12-19,"quantile",0.45,115.713914257095
"16319",2020-12-12,"22","7  day ahead inc hosp",2020-12-19,"quantile",0.5,120.181060971031
"16320",2020-12-12,"22","7  day ahead inc hosp",2020-12-19,"quantile",0.55,124.648207684967
"16321",2020-12-12,"22","7  day ahead inc hosp",2020-12-19,"quantile",0.6,129.187320314753
"16322",2020-12-12,"22","7  day ahead inc hosp",2020-12-19,"quantile",0.65,133.878853477663
"16323",2020-12-12,"22","7  day ahead inc hosp",2020-12-19,"quantile",0.7,138.823022765629
"16324",2020-12-12,"22","7  day ahead inc hosp",2020-12-19,"quantile",0.75,144.158558798161
"16325",2020-12-12,"22","7  day ahead inc hosp",2020-12-19,"quantile",0.8,150.099931188695
"16326",2020-12-12,"22","7  day ahead inc hosp",2020-12-19,"quantile",0.85,157.025326339524
"16327",2020-12-12,"22","7  day ahead inc hosp",2020-12-19,"quantile",0.9,165.739054801579
"16328",2020-12-12,"22","7  day ahead inc hosp",2020-12-19,"quantile",0.95,178.654113014759
"16329",2020-12-12,"22","7  day ahead inc hosp",2020-12-19,"quantile",0.975,189.855999940676
"16330",2020-12-12,"22","7  day ahead inc hosp",2020-12-19,"quantile",0.99,202.880614342669
"16331",2020-12-12,"22","8  day ahead inc hosp",2020-12-20,"quantile",0.01,32.5739696216525
"16332",2020-12-12,"22","8  day ahead inc hosp",2020-12-20,"quantile",0.025,46.3537675358879
"16333",2020-12-12,"22","8  day ahead inc hosp",2020-12-20,"quantile",0.05,58.2051539441972
"16334",2020-12-12,"22","8  day ahead inc hosp",2020-12-20,"quantile",0.1,71.8690434641021
"16335",2020-12-12,"22","8  day ahead inc hosp",2020-12-20,"quantile",0.15,81.088004853721
"16336",2020-12-12,"22","8  day ahead inc hosp",2020-12-20,"quantile",0.2,88.4149431191668
"16337",2020-12-12,"22","8  day ahead inc hosp",2020-12-20,"quantile",0.25,94.7008037479656
"16338",2020-12-12,"22","8  day ahead inc hosp",2020-12-20,"quantile",0.3,100.345700865317
"16339",2020-12-12,"22","8  day ahead inc hosp",2020-12-20,"quantile",0.35,105.576539302384
"16340",2020-12-12,"22","8  day ahead inc hosp",2020-12-20,"quantile",0.4,110.540093454355
"16341",2020-12-12,"22","8  day ahead inc hosp",2020-12-20,"quantile",0.45,115.342389539132
"16342",2020-12-12,"22","8  day ahead inc hosp",2020-12-20,"quantile",0.5,120.06854703381
"16343",2020-12-12,"22","8  day ahead inc hosp",2020-12-20,"quantile",0.55,124.794704528488
"16344",2020-12-12,"22","8  day ahead inc hosp",2020-12-20,"quantile",0.6,129.597000613264
"16345",2020-12-12,"22","8  day ahead inc hosp",2020-12-20,"quantile",0.65,134.560554765236
"16346",2020-12-12,"22","8  day ahead inc hosp",2020-12-20,"quantile",0.7,139.791393202303
"16347",2020-12-12,"22","8  day ahead inc hosp",2020-12-20,"quantile",0.75,145.436290319654
"16348",2020-12-12,"22","8  day ahead inc hosp",2020-12-20,"quantile",0.8,151.722150948453
"16349",2020-12-12,"22","8  day ahead inc hosp",2020-12-20,"quantile",0.85,159.049089213899
"16350",2020-12-12,"22","8  day ahead inc hosp",2020-12-20,"quantile",0.9,168.268050603518
"16351",2020-12-12,"22","8  day ahead inc hosp",2020-12-20,"quantile",0.95,181.931940123423
"16352",2020-12-12,"22","8  day ahead inc hosp",2020-12-20,"quantile",0.975,193.783326531732
"16353",2020-12-12,"22","8  day ahead inc hosp",2020-12-20,"quantile",0.99,207.563124445967
"16354",2020-12-12,"22","9  day ahead inc hosp",2020-12-21,"quantile",0.01,23.875055036225
"16355",2020-12-12,"22","9  day ahead inc hosp",2020-12-21,"quantile",0.025,38.4885969504978
"16356",2020-12-12,"22","9  day ahead inc hosp",2020-12-21,"quantile",0.05,51.0570491947179
"16357",2020-12-12,"22","9  day ahead inc hosp",2020-12-21,"quantile",0.1,65.5476696997433
"16358",2020-12-12,"22","9  day ahead inc hosp",2020-12-21,"quantile",0.15,75.3244225601088
"16359",2020-12-12,"22","9  day ahead inc hosp",2020-12-21,"quantile",0.2,83.0946758041544
"16360",2020-12-12,"22","9  day ahead inc hosp",2020-12-21,"quantile",0.25,89.7608612110778
"16361",2020-12-12,"22","9  day ahead inc hosp",2020-12-21,"quantile",0.3,95.7473017336162
"16362",2020-12-12,"22","9  day ahead inc hosp",2020-12-21,"quantile",0.35,101.294631035732
"16363",2020-12-12,"22","9  day ahead inc hosp",2020-12-21,"quantile",0.4,106.558504068925
"16364",2020-12-12,"22","9  day ahead inc hosp",2020-12-21,"quantile",0.45,111.651362146846
"16365",2020-12-12,"22","9  day ahead inc hosp",2020-12-21,"quantile",0.5,116.663474884043
"16366",2020-12-12,"22","9  day ahead inc hosp",2020-12-21,"quantile",0.55,121.675587621239
"16367",2020-12-12,"22","9  day ahead inc hosp",2020-12-21,"quantile",0.6,126.76844569916
"16368",2020-12-12,"22","9  day ahead inc hosp",2020-12-21,"quantile",0.65,132.032318732353
"16369",2020-12-12,"22","9  day ahead inc hosp",2020-12-21,"quantile",0.7,137.579648034469
"16370",2020-12-12,"22","9  day ahead inc hosp",2020-12-21,"quantile",0.75,143.566088557007
"16371",2020-12-12,"22","9  day ahead inc hosp",2020-12-21,"quantile",0.8,150.232273963931
"16372",2020-12-12,"22","9  day ahead inc hosp",2020-12-21,"quantile",0.85,158.002527207976
"16373",2020-12-12,"22","9  day ahead inc hosp",2020-12-21,"quantile",0.9,167.779280068342
"16374",2020-12-12,"22","9  day ahead inc hosp",2020-12-21,"quantile",0.95,182.269900573367
"16375",2020-12-12,"22","9  day ahead inc hosp",2020-12-21,"quantile",0.975,194.838352817587
"16376",2020-12-12,"22","9  day ahead inc hosp",2020-12-21,"quantile",0.99,209.45189473186
"16377",2020-12-12,"22","10  day ahead inc hosp",2020-12-22,"quantile",0.01,14.9803784238406
"16378",2020-12-12,"22","10  day ahead inc hosp",2020-12-22,"quantile",0.025,30.4940436273618
"16379",2020-12-12,"22","10  day ahead inc hosp",2020-12-22,"quantile",0.05,43.836651558218
"16380",2020-12-12,"22","10  day ahead inc hosp",2020-12-22,"quantile",0.1,59.2198239899939
"16381",2020-12-12,"22","10  day ahead inc hosp",2020-12-22,"quantile",0.15,69.5987773979382
"16382",2020-12-12,"22","10  day ahead inc hosp",2020-12-22,"quantile",0.2,77.8476405470536
"16383",2020-12-12,"22","10  day ahead inc hosp",2020-12-22,"quantile",0.25,84.9244306362928
"16384",2020-12-12,"22","10  day ahead inc hosp",2020-12-22,"quantile",0.3,91.279606853822
"16385",2020-12-12,"22","10  day ahead inc hosp",2020-12-22,"quantile",0.35,97.1686247299509
"16386",2020-12-12,"22","10  day ahead inc hosp",2020-12-22,"quantile",0.4,102.756726806084
"16387",2020-12-12,"22","10  day ahead inc hosp",2020-12-22,"quantile",0.45,108.16328023532
"16388",2020-12-12,"22","10  day ahead inc hosp",2020-12-22,"quantile",0.5,113.484114802554
"16389",2020-12-12,"22","10  day ahead inc hosp",2020-12-22,"quantile",0.55,118.804949369787
"16390",2020-12-12,"22","10  day ahead inc hosp",2020-12-22,"quantile",0.6,124.211502799024
"16391",2020-12-12,"22","10  day ahead inc hosp",2020-12-22,"quantile",0.65,129.799604875156
"16392",2020-12-12,"22","10  day ahead inc hosp",2020-12-22,"quantile",0.7,135.688622751285
"16393",2020-12-12,"22","10  day ahead inc hosp",2020-12-22,"quantile",0.75,142.043798968815
"16394",2020-12-12,"22","10  day ahead inc hosp",2020-12-22,"quantile",0.8,149.120589058054
"16395",2020-12-12,"22","10  day ahead inc hosp",2020-12-22,"quantile",0.85,157.369452207169
"16396",2020-12-12,"22","10  day ahead inc hosp",2020-12-22,"quantile",0.9,167.748405615113
"16397",2020-12-12,"22","10  day ahead inc hosp",2020-12-22,"quantile",0.95,183.131578046889
"16398",2020-12-12,"22","10  day ahead inc hosp",2020-12-22,"quantile",0.975,196.474185977746
"16399",2020-12-12,"22","10  day ahead inc hosp",2020-12-22,"quantile",0.99,211.987851181267
"16400",2020-12-12,"22","11  day ahead inc hosp",2020-12-23,"quantile",0.01,5.94736730197215
"16401",2020-12-12,"22","11  day ahead inc hosp",2020-12-23,"quantile",0.025,22.4161342645052
"16402",2020-12-12,"22","11  day ahead inc hosp",2020-12-23,"quantile",0.05,36.5801823990389
"16403",2020-12-12,"22","11  day ahead inc hosp",2020-12-23,"quantile",0.1,52.9104227774297
"16404",2020-12-12,"22","11  day ahead inc hosp",2020-12-23,"quantile",0.15,63.9283584327399
"16405",2020-12-12,"22","11  day ahead inc hosp",2020-12-23,"quantile",0.2,72.6850644159124
"16406",2020-12-12,"22","11  day ahead inc hosp",2020-12-23,"quantile",0.25,80.197538437589
"16407",2020-12-12,"22","11  day ahead inc hosp",2020-12-23,"quantile",0.3,86.9439722918252
"16408",2020-12-12,"22","11  day ahead inc hosp",2020-12-23,"quantile",0.35,93.1955486774072
"16409",2020-12-12,"22","11  day ahead inc hosp",2020-12-23,"quantile",0.4,99.1276833243368
"16410",2020-12-12,"22","11  day ahead inc hosp",2020-12-23,"quantile",0.45,104.867092247276
"16411",2020-12-12,"22","11  day ahead inc hosp",2020-12-23,"quantile",0.5,110.515505010114
"16412",2020-12-12,"22","11  day ahead inc hosp",2020-12-23,"quantile",0.55,116.163917772951
"16413",2020-12-12,"22","11  day ahead inc hosp",2020-12-23,"quantile",0.6,121.90332669589
"16414",2020-12-12,"22","11  day ahead inc hosp",2020-12-23,"quantile",0.65,127.83546134282
"16415",2020-12-12,"22","11  day ahead inc hosp",2020-12-23,"quantile",0.7,134.087037728402
"16416",2020-12-12,"22","11  day ahead inc hosp",2020-12-23,"quantile",0.75,140.833471582638
"16417",2020-12-12,"22","11  day ahead inc hosp",2020-12-23,"quantile",0.8,148.345945604315
"16418",2020-12-12,"22","11  day ahead inc hosp",2020-12-23,"quantile",0.85,157.102651587487
"16419",2020-12-12,"22","11  day ahead inc hosp",2020-12-23,"quantile",0.9,168.120587242798
"16420",2020-12-12,"22","11  day ahead inc hosp",2020-12-23,"quantile",0.95,184.450827621188
"16421",2020-12-12,"22","11  day ahead inc hosp",2020-12-23,"quantile",0.975,198.614875755722
"16422",2020-12-12,"22","11  day ahead inc hosp",2020-12-23,"quantile",0.99,215.083642718255
"16423",2020-12-12,"22","12  day ahead inc hosp",2020-12-24,"quantile",0.01,0
"16424",2020-12-12,"22","12  day ahead inc hosp",2020-12-24,"quantile",0.025,14.2957213189134
"16425",2020-12-12,"22","12  day ahead inc hosp",2020-12-24,"quantile",0.05,29.3196801722052
"16426",2020-12-12,"22","12  day ahead inc hosp",2020-12-24,"quantile",0.1,46.6413425372975
"16427",2020-12-12,"22","12  day ahead inc hosp",2020-12-24,"quantile",0.15,58.3281859002488
"16428",2020-12-12,"22","12  day ahead inc hosp",2020-12-24,"quantile",0.2,67.6165185246486
"16429",2020-12-12,"22","12  day ahead inc hosp",2020-12-24,"quantile",0.25,75.5850808675645
"16430",2020-12-12,"22","12  day ahead inc hosp",2020-12-24,"quantile",0.3,82.7410961302757
"16431",2020-12-12,"22","12  day ahead inc hosp",2020-12-24,"quantile",0.35,89.3722107306418
"16432",2020-12-12,"22","12  day ahead inc hosp",2020-12-24,"quantile",0.4,95.6644900282786
"16433",2020-12-12,"22","12  day ahead inc hosp",2020-12-24,"quantile",0.45,101.752343068697
"16434",2020-12-12,"22","12  day ahead inc hosp",2020-12-24,"quantile",0.5,107.743675499175
"16435",2020-12-12,"22","12  day ahead inc hosp",2020-12-24,"quantile",0.55,113.735007929652
"16436",2020-12-12,"22","12  day ahead inc hosp",2020-12-24,"quantile",0.6,119.822860970071
"16437",2020-12-12,"22","12  day ahead inc hosp",2020-12-24,"quantile",0.65,126.115140267708
"16438",2020-12-12,"22","12  day ahead inc hosp",2020-12-24,"quantile",0.7,132.746254868074
"16439",2020-12-12,"22","12  day ahead inc hosp",2020-12-24,"quantile",0.75,139.902270130785
"16440",2020-12-12,"22","12  day ahead inc hosp",2020-12-24,"quantile",0.8,147.870832473701
"16441",2020-12-12,"22","12  day ahead inc hosp",2020-12-24,"quantile",0.85,157.159165098101
"16442",2020-12-12,"22","12  day ahead inc hosp",2020-12-24,"quantile",0.9,168.846008461052
"16443",2020-12-12,"22","12  day ahead inc hosp",2020-12-24,"quantile",0.95,186.167670826145
"16444",2020-12-12,"22","12  day ahead inc hosp",2020-12-24,"quantile",0.975,201.191629679436
"16445",2020-12-12,"22","12  day ahead inc hosp",2020-12-24,"quantile",0.99,218.660228688663
"16446",2020-12-12,"22","13  day ahead inc hosp",2020-12-25,"quantile",0.01,0
"16447",2020-12-12,"22","13  day ahead inc hosp",2020-12-25,"quantile",0.025,6.16776422826798
"16448",2020-12-12,"22","13  day ahead inc hosp",2020-12-25,"quantile",0.05,22.0823866361827
"16449",2020-12-12,"22","13  day ahead inc hosp",2020-12-25,"quantile",0.1,40.4309270381974
"16450",2020-12-12,"22","13  day ahead inc hosp",2020-12-25,"quantile",0.15,52.8106001375459
"16451",2020-12-12,"22","13  day ahead inc hosp",2020-12-25,"quantile",0.2,62.6495718732844
"16452",2020-12-12,"22","13  day ahead inc hosp",2020-12-25,"quantile",0.25,71.090533543893
"16453",2020-12-12,"22","13  day ahead inc hosp",2020-12-25,"quantile",0.3,78.6707780029871
"16454",2020-12-12,"22","13  day ahead inc hosp",2020-12-25,"quantile",0.35,85.6950041765908
"16455",2020-12-12,"22","13  day ahead inc hosp",2020-12-25,"quantile",0.4,92.3603079147655
"16456",2020-12-12,"22","13  day ahead inc hosp",2020-12-25,"quantile",0.45,98.8090664183812
"16457",2020-12-12,"22","13  day ahead inc hosp",2020-12-25,"quantile",0.5,105.155582292288
"16458",2020-12-12,"22","13  day ahead inc hosp",2020-12-25,"quantile",0.55,111.502098166196
"16459",2020-12-12,"22","13  day ahead inc hosp",2020-12-25,"quantile",0.6,117.950856669811
"16460",2020-12-12,"22","13  day ahead inc hosp",2020-12-25,"quantile",0.65,124.616160407986
"16461",2020-12-12,"22","13  day ahead inc hosp",2020-12-25,"quantile",0.7,131.64038658159
"16462",2020-12-12,"22","13  day ahead inc hosp",2020-12-25,"quantile",0.75,139.220631040684
"16463",2020-12-12,"22","13  day ahead inc hosp",2020-12-25,"quantile",0.8,147.661592711292
"16464",2020-12-12,"22","13  day ahead inc hosp",2020-12-25,"quantile",0.85,157.500564447031
"16465",2020-12-12,"22","13  day ahead inc hosp",2020-12-25,"quantile",0.9,169.880237546379
"16466",2020-12-12,"22","13  day ahead inc hosp",2020-12-25,"quantile",0.95,188.228777948394
"16467",2020-12-12,"22","13  day ahead inc hosp",2020-12-25,"quantile",0.975,204.143400356309
"16468",2020-12-12,"22","13  day ahead inc hosp",2020-12-25,"quantile",0.99,222.647588229946
"16469",2020-12-12,"22","14  day ahead inc hosp",2020-12-26,"quantile",0.01,0
"16470",2020-12-12,"22","14  day ahead inc hosp",2020-12-26,"quantile",0.025,0
"16471",2020-12-12,"22","14  day ahead inc hosp",2020-12-26,"quantile",0.05,14.8908009692566
"16472",2020-12-12,"22","14  day ahead inc hosp",2020-12-26,"quantile",0.1,34.2940159477155
"16473",2020-12-12,"22","14  day ahead inc hosp",2020-12-26,"quantile",0.15,47.3852729767121
"16474",2020-12-12,"22","14  day ahead inc hosp",2020-12-26,"quantile",0.2,57.7897890620654
"16475",2020-12-12,"22","14  day ahead inc hosp",2020-12-26,"quantile",0.25,66.7159374276196
"16476",2020-12-12,"22","14  day ahead inc hosp",2020-12-26,"quantile",0.3,74.7318945341002
"16477",2020-12-12,"22","14  day ahead inc hosp",2020-12-26,"quantile",0.35,82.1598734096724
"16478",2020-12-12,"22","14  day ahead inc hosp",2020-12-26,"quantile",0.4,89.2082989789526
"16479",2020-12-12,"22","14  day ahead inc hosp",2020-12-26,"quantile",0.45,96.0277322879957
"16480",2020-12-12,"22","14  day ahead inc hosp",2020-12-26,"quantile",0.5,102.739046058333
"16481",2020-12-12,"22","14  day ahead inc hosp",2020-12-26,"quantile",0.55,109.450359828669
"16482",2020-12-12,"22","14  day ahead inc hosp",2020-12-26,"quantile",0.6,116.269793137712
"16483",2020-12-12,"22","14  day ahead inc hosp",2020-12-26,"quantile",0.65,123.318218706993
"16484",2020-12-12,"22","14  day ahead inc hosp",2020-12-26,"quantile",0.7,130.746197582565
"16485",2020-12-12,"22","14  day ahead inc hosp",2020-12-26,"quantile",0.75,138.762154689045
"16486",2020-12-12,"22","14  day ahead inc hosp",2020-12-26,"quantile",0.8,147.6883030546
"16487",2020-12-12,"22","14  day ahead inc hosp",2020-12-26,"quantile",0.85,158.092819139953
"16488",2020-12-12,"22","14  day ahead inc hosp",2020-12-26,"quantile",0.9,171.18407616895
"16489",2020-12-12,"22","14  day ahead inc hosp",2020-12-26,"quantile",0.95,190.587291147408
"16490",2020-12-12,"22","14  day ahead inc hosp",2020-12-26,"quantile",0.975,207.416686462573
"16491",2020-12-12,"22","14  day ahead inc hosp",2020-12-26,"quantile",0.99,226.984495533345
"16492",2020-12-12,"22","15  day ahead inc hosp",2020-12-27,"quantile",0.01,0
"16493",2020-12-12,"22","15  day ahead inc hosp",2020-12-27,"quantile",0.025,0.403768088186467
"16494",2020-12-12,"22","15  day ahead inc hosp",2020-12-27,"quantile",0.05,18.166389157862
"16495",2020-12-12,"22","15  day ahead inc hosp",2020-12-27,"quantile",0.1,38.6455536638658
"16496",2020-12-12,"22","15  day ahead inc hosp",2020-12-27,"quantile",0.15,52.462748731015
"16497",2020-12-12,"22","15  day ahead inc hosp",2020-12-27,"quantile",0.2,63.4442173563879
"16498",2020-12-12,"22","15  day ahead inc hosp",2020-12-27,"quantile",0.25,72.8653396284507
"16499",2020-12-12,"22","15  day ahead inc hosp",2020-12-27,"quantile",0.3,81.3257986007876
"16500",2020-12-12,"22","15  day ahead inc hosp",2020-12-27,"quantile",0.35,89.1656746990963
"16501",2020-12-12,"22","15  day ahead inc hosp",2020-12-27,"quantile",0.4,96.604950453236
"16502",2020-12-12,"22","15  day ahead inc hosp",2020-12-27,"quantile",0.45,103.802535839403
"16503",2020-12-12,"22","15  day ahead inc hosp",2020-12-27,"quantile",0.5,110.886006228549
"16504",2020-12-12,"22","15  day ahead inc hosp",2020-12-27,"quantile",0.55,117.969476617694
"16505",2020-12-12,"22","15  day ahead inc hosp",2020-12-27,"quantile",0.6,125.167062003861
"16506",2020-12-12,"22","15  day ahead inc hosp",2020-12-27,"quantile",0.65,132.606337758001
"16507",2020-12-12,"22","15  day ahead inc hosp",2020-12-27,"quantile",0.7,140.44621385631
"16508",2020-12-12,"22","15  day ahead inc hosp",2020-12-27,"quantile",0.75,148.906672828646
"16509",2020-12-12,"22","15  day ahead inc hosp",2020-12-27,"quantile",0.8,158.327795100709
"16510",2020-12-12,"22","15  day ahead inc hosp",2020-12-27,"quantile",0.85,169.309263726082
"16511",2020-12-12,"22","15  day ahead inc hosp",2020-12-27,"quantile",0.9,183.126458793231
"16512",2020-12-12,"22","15  day ahead inc hosp",2020-12-27,"quantile",0.95,203.605623299235
"16513",2020-12-12,"22","15  day ahead inc hosp",2020-12-27,"quantile",0.975,221.368244368911
"16514",2020-12-12,"22","15  day ahead inc hosp",2020-12-27,"quantile",0.99,242.021130059623
"16515",2020-12-12,"22","16  day ahead inc hosp",2020-12-28,"quantile",0.01,0
"16516",2020-12-12,"22","16  day ahead inc hosp",2020-12-28,"quantile",0.025,0
"16517",2020-12-12,"22","16  day ahead inc hosp",2020-12-28,"quantile",0.05,11.1168769227963
"16518",2020-12-12,"22","16  day ahead inc hosp",2020-12-28,"quantile",0.1,32.6877514485973
"16519",2020-12-12,"22","16  day ahead inc hosp",2020-12-28,"quantile",0.15,47.2415180831988
"16520",2020-12-12,"22","16  day ahead inc hosp",2020-12-28,"quantile",0.2,58.8083904405889
"16521",2020-12-12,"22","16  day ahead inc hosp",2020-12-28,"quantile",0.25,68.7317369893857
"16522",2020-12-12,"22","16  day ahead inc hosp",2020-12-28,"quantile",0.3,77.6432088841237
"16523",2020-12-12,"22","16  day ahead inc hosp",2020-12-28,"quantile",0.35,85.9010156693988
"16524",2020-12-12,"22","16  day ahead inc hosp",2020-12-28,"quantile",0.4,93.7368667759387
"16525",2020-12-12,"22","16  day ahead inc hosp",2020-12-28,"quantile",0.45,101.318143405082
"16526",2020-12-12,"22","16  day ahead inc hosp",2020-12-28,"quantile",0.5,108.779221757506
"16527",2020-12-12,"22","16  day ahead inc hosp",2020-12-28,"quantile",0.55,116.240300109931
"16528",2020-12-12,"22","16  day ahead inc hosp",2020-12-28,"quantile",0.6,123.821576739074
"16529",2020-12-12,"22","16  day ahead inc hosp",2020-12-28,"quantile",0.65,131.657427845614
"16530",2020-12-12,"22","16  day ahead inc hosp",2020-12-28,"quantile",0.7,139.915234630889
"16531",2020-12-12,"22","16  day ahead inc hosp",2020-12-28,"quantile",0.75,148.826706525627
"16532",2020-12-12,"22","16  day ahead inc hosp",2020-12-28,"quantile",0.8,158.750053074424
"16533",2020-12-12,"22","16  day ahead inc hosp",2020-12-28,"quantile",0.85,170.316925431814
"16534",2020-12-12,"22","16  day ahead inc hosp",2020-12-28,"quantile",0.9,184.870692066416
"16535",2020-12-12,"22","16  day ahead inc hosp",2020-12-28,"quantile",0.95,206.441566592217
"16536",2020-12-12,"22","16  day ahead inc hosp",2020-12-28,"quantile",0.975,225.151083293008
"16537",2020-12-12,"22","16  day ahead inc hosp",2020-12-28,"quantile",0.99,246.904939789421
"16538",2020-12-12,"22","17  day ahead inc hosp",2020-12-29,"quantile",0.01,0
"16539",2020-12-12,"22","17  day ahead inc hosp",2020-12-29,"quantile",0.025,0
"16540",2020-12-12,"22","17  day ahead inc hosp",2020-12-29,"quantile",0.05,4.15668219230517
"16541",2020-12-12,"22","17  day ahead inc hosp",2020-12-29,"quantile",0.1,26.830384317267
"16542",2020-12-12,"22","17  day ahead inc hosp",2020-12-29,"quantile",0.15,42.1282234973366
"16543",2020-12-12,"22","17  day ahead inc hosp",2020-12-29,"quantile",0.2,54.286461126285
"16544",2020-12-12,"22","17  day ahead inc hosp",2020-12-29,"quantile",0.25,64.7171464219167
"16545",2020-12-12,"22","17  day ahead inc hosp",2020-12-29,"quantile",0.3,74.0842241912754
"16546",2020-12-12,"22","17  day ahead inc hosp",2020-12-29,"quantile",0.35,82.7642177182353
"16547",2020-12-12,"22","17  day ahead inc hosp",2020-12-29,"quantile",0.4,91.0006827569026
"16548",2020-12-12,"22","17  day ahead inc hosp",2020-12-29,"quantile",0.45,98.9695580016465
"16549",2020-12-12,"22","17  day ahead inc hosp",2020-12-29,"quantile",0.5,106.812089740057
"16550",2020-12-12,"22","17  day ahead inc hosp",2020-12-29,"quantile",0.55,114.654621478468
"16551",2020-12-12,"22","17  day ahead inc hosp",2020-12-29,"quantile",0.6,122.623496723212
"16552",2020-12-12,"22","17  day ahead inc hosp",2020-12-29,"quantile",0.65,130.859961761879
"16553",2020-12-12,"22","17  day ahead inc hosp",2020-12-29,"quantile",0.7,139.539955288839
"16554",2020-12-12,"22","17  day ahead inc hosp",2020-12-29,"quantile",0.75,148.907033058198
"16555",2020-12-12,"22","17  day ahead inc hosp",2020-12-29,"quantile",0.8,159.33771835383
"16556",2020-12-12,"22","17  day ahead inc hosp",2020-12-29,"quantile",0.85,171.495955982778
"16557",2020-12-12,"22","17  day ahead inc hosp",2020-12-29,"quantile",0.9,186.793795162848
"16558",2020-12-12,"22","17  day ahead inc hosp",2020-12-29,"quantile",0.95,209.46749728781
"16559",2020-12-12,"22","17  day ahead inc hosp",2020-12-29,"quantile",0.975,229.133552461805
"16560",2020-12-12,"22","17  day ahead inc hosp",2020-12-29,"quantile",0.99,251.999591651773
"16561",2020-12-12,"22","18  day ahead inc hosp",2020-12-30,"quantile",0.01,0
"16562",2020-12-12,"22","18  day ahead inc hosp",2020-12-30,"quantile",0.025,0
"16563",2020-12-12,"22","18  day ahead inc hosp",2020-12-30,"quantile",0.05,0
"16564",2020-12-12,"22","18  day ahead inc hosp",2020-12-30,"quantile",0.1,21.0779481122407
"16565",2020-12-12,"22","18  day ahead inc hosp",2020-12-30,"quantile",0.15,37.1247303270257
"16566",2020-12-12,"22","18  day ahead inc hosp",2020-12-30,"quantile",0.2,49.8782041379885
"16567",2020-12-12,"22","18  day ahead inc hosp",2020-12-30,"quantile",0.25,60.8195490769539
"16568",2020-12-12,"22","18  day ahead inc hosp",2020-12-30,"quantile",0.3,70.6452149886262
"16569",2020-12-12,"22","18  day ahead inc hosp",2020-12-30,"quantile",0.35,79.7501587727348
"16570",2020-12-12,"22","18  day ahead inc hosp",2020-12-30,"quantile",0.4,88.38986004946
"16571",2020-12-12,"22","18  day ahead inc hosp",2020-12-30,"quantile",0.45,96.74887102114
"16572",2020-12-12,"22","18  day ahead inc hosp",2020-12-30,"quantile",0.5,104.975353031931
"16573",2020-12-12,"22","18  day ahead inc hosp",2020-12-30,"quantile",0.55,113.201835042722
"16574",2020-12-12,"22","18  day ahead inc hosp",2020-12-30,"quantile",0.6,121.560846014402
"16575",2020-12-12,"22","18  day ahead inc hosp",2020-12-30,"quantile",0.65,130.200547291127
"16576",2020-12-12,"22","18  day ahead inc hosp",2020-12-30,"quantile",0.7,139.305491075236
"16577",2020-12-12,"22","18  day ahead inc hosp",2020-12-30,"quantile",0.75,149.131156986908
"16578",2020-12-12,"22","18  day ahead inc hosp",2020-12-30,"quantile",0.8,160.072501925874
"16579",2020-12-12,"22","18  day ahead inc hosp",2020-12-30,"quantile",0.85,172.825975736836
"16580",2020-12-12,"22","18  day ahead inc hosp",2020-12-30,"quantile",0.9,188.872757951621
"16581",2020-12-12,"22","18  day ahead inc hosp",2020-12-30,"quantile",0.95,212.656506474497
"16582",2020-12-12,"22","18  day ahead inc hosp",2020-12-30,"quantile",0.975,233.285361353047
"16583",2020-12-12,"22","18  day ahead inc hosp",2020-12-30,"quantile",0.99,257.270863271135
"16584",2020-12-12,"22","19  day ahead inc hosp",2020-12-31,"quantile",0.01,0
"16585",2020-12-12,"22","19  day ahead inc hosp",2020-12-31,"quantile",0.025,0
"16586",2020-12-12,"22","19  day ahead inc hosp",2020-12-31,"quantile",0.05,0
"16587",2020-12-12,"22","19  day ahead inc hosp",2020-12-31,"quantile",0.1,15.4333283839593
"16588",2020-12-12,"22","19  day ahead inc hosp",2020-12-31,"quantile",0.15,32.2317189959161
"16589",2020-12-12,"22","19  day ahead inc hosp",2020-12-31,"quantile",0.2,45.58254733448
"16590",2020-12-12,"22","19  day ahead inc hosp",2020-12-31,"quantile",0.25,57.0363692686715
"16591",2020-12-12,"22","19  day ahead inc hosp",2020-12-31,"quantile",0.3,67.3222553608241
"16592",2020-12-12,"22","19  day ahead inc hosp",2020-12-31,"quantile",0.35,76.8536617286655
"16593",2020-12-12,"22","19  day ahead inc hosp",2020-12-31,"quantile",0.4,85.8980342934861
"16594",2020-12-12,"22","19  day ahead inc hosp",2020-12-31,"quantile",0.45,94.648569419621
"16595",2020-12-12,"22","19  day ahead inc hosp",2020-12-31,"quantile",0.5,103.260368117317
"16596",2020-12-12,"22","19  day ahead inc hosp",2020-12-31,"quantile",0.55,111.872166815014
"16597",2020-12-12,"22","19  day ahead inc hosp",2020-12-31,"quantile",0.6,120.622701941149
"16598",2020-12-12,"22","19  day ahead inc hosp",2020-12-31,"quantile",0.65,129.667074505969
"16599",2020-12-12,"22","19  day ahead inc hosp",2020-12-31,"quantile",0.7,139.198480873811
"16600",2020-12-12,"22","19  day ahead inc hosp",2020-12-31,"quantile",0.75,149.484366965963
"16601",2020-12-12,"22","19  day ahead inc hosp",2020-12-31,"quantile",0.8,160.938188900155
"16602",2020-12-12,"22","19  day ahead inc hosp",2020-12-31,"quantile",0.85,174.289017238719
"16603",2020-12-12,"22","19  day ahead inc hosp",2020-12-31,"quantile",0.9,191.087407850676
"16604",2020-12-12,"22","19  day ahead inc hosp",2020-12-31,"quantile",0.95,215.985153240135
"16605",2020-12-12,"22","19  day ahead inc hosp",2020-12-31,"quantile",0.975,237.580234265661
"16606",2020-12-12,"22","19  day ahead inc hosp",2020-12-31,"quantile",0.99,262.689182891675
"16607",2020-12-12,"22","20  day ahead inc hosp",2021-01-01,"quantile",0.01,0
"16608",2020-12-12,"22","20  day ahead inc hosp",2021-01-01,"quantile",0.025,0
"16609",2020-12-12,"22","20  day ahead inc hosp",2021-01-01,"quantile",0.05,0
"16610",2020-12-12,"22","20  day ahead inc hosp",2021-01-01,"quantile",0.1,9.898107028737
"16611",2020-12-12,"22","20  day ahead inc hosp",2021-01-01,"quantile",0.15,27.4489252060115
"16612",2020-12-12,"22","20  day ahead inc hosp",2021-01-01,"quantile",0.2,41.3977591210508
"16613",2020-12-12,"22","20  day ahead inc hosp",2021-01-01,"quantile",0.25,53.3646165924319
"16614",2020-12-12,"22","20  day ahead inc hosp",2021-01-01,"quantile",0.3,64.1112244530106
"16615",2020-12-12,"22","20  day ahead inc hosp",2021-01-01,"quantile",0.35,74.0695582005681
"16616",2020-12-12,"22","20  day ahead inc hosp",2021-01-01,"quantile",0.4,83.5190430994197
"16617",2020-12-12,"22","20  day ahead inc hosp",2021-01-01,"quantile",0.45,92.6615290970564
"16618",2020-12-12,"22","20  day ahead inc hosp",2021-01-01,"quantile",0.5,101.659064433268
"16619",2020-12-12,"22","20  day ahead inc hosp",2021-01-01,"quantile",0.55,110.656599769479
"16620",2020-12-12,"22","20  day ahead inc hosp",2021-01-01,"quantile",0.6,119.799085767116
"16621",2020-12-12,"22","20  day ahead inc hosp",2021-01-01,"quantile",0.65,129.248570665967
"16622",2020-12-12,"22","20  day ahead inc hosp",2021-01-01,"quantile",0.7,139.206904413525
"16623",2020-12-12,"22","20  day ahead inc hosp",2021-01-01,"quantile",0.75,149.953512274104
"16624",2020-12-12,"22","20  day ahead inc hosp",2021-01-01,"quantile",0.8,161.920369745485
"16625",2020-12-12,"22","20  day ahead inc hosp",2021-01-01,"quantile",0.85,175.869203660524
"16626",2020-12-12,"22","20  day ahead inc hosp",2021-01-01,"quantile",0.9,193.420021837798
"16627",2020-12-12,"22","20  day ahead inc hosp",2021-01-01,"quantile",0.95,219.432978224432
"16628",2020-12-12,"22","20  day ahead inc hosp",2021-01-01,"quantile",0.975,241.995338474154
"16629",2020-12-12,"22","20  day ahead inc hosp",2021-01-01,"quantile",0.99,268.228958237945
"16630",2020-12-12,"22","21  day ahead inc hosp",2021-01-02,"quantile",0.01,0
"16631",2020-12-12,"22","21  day ahead inc hosp",2021-01-02,"quantile",0.025,0
"16632",2020-12-12,"22","21  day ahead inc hosp",2021-01-02,"quantile",0.05,0
"16633",2020-12-12,"22","21  day ahead inc hosp",2021-01-02,"quantile",0.1,4.47281991388564
"16634",2020-12-12,"22","21  day ahead inc hosp",2021-01-02,"quantile",0.15,22.7753410234955
"16635",2020-12-12,"22","21  day ahead inc hosp",2021-01-02,"quantile",0.2,37.3216045996871
"16636",2020-12-12,"22","21  day ahead inc hosp",2021-01-02,"quantile",0.25,49.8010035241911
"16637",2020-12-12,"22","21  day ahead inc hosp",2021-01-02,"quantile",0.3,61.0078894504338
"16638",2020-12-12,"22","21  day ahead inc hosp",2021-01-02,"quantile",0.35,71.3927394209732
"16639",2020-12-12,"22","21  day ahead inc hosp",2021-01-02,"quantile",0.4,81.2469465063222
"16640",2020-12-12,"22","21  day ahead inc hosp",2021-01-02,"quantile",0.45,90.7810059032069
"16641",2020-12-12,"22","21  day ahead inc hosp",2021-01-02,"quantile",0.5,100.163906390359
"16642",2020-12-12,"22","21  day ahead inc hosp",2021-01-02,"quantile",0.55,109.546806877511
"16643",2020-12-12,"22","21  day ahead inc hosp",2021-01-02,"quantile",0.6,119.080866274396
"16644",2020-12-12,"22","21  day ahead inc hosp",2021-01-02,"quantile",0.65,128.935073359745
"16645",2020-12-12,"22","21  day ahead inc hosp",2021-01-02,"quantile",0.7,139.319923330284
"16646",2020-12-12,"22","21  day ahead inc hosp",2021-01-02,"quantile",0.75,150.526809256527
"16647",2020-12-12,"22","21  day ahead inc hosp",2021-01-02,"quantile",0.8,163.006208181031
"16648",2020-12-12,"22","21  day ahead inc hosp",2021-01-02,"quantile",0.85,177.552471757223
"16649",2020-12-12,"22","21  day ahead inc hosp",2021-01-02,"quantile",0.9,195.854992866833
"16650",2020-12-12,"22","21  day ahead inc hosp",2021-01-02,"quantile",0.95,222.982086235403
"16651",2020-12-12,"22","21  day ahead inc hosp",2021-01-02,"quantile",0.975,246.510794161274
"16652",2020-12-12,"22","21  day ahead inc hosp",2021-01-02,"quantile",0.99,273.868001936919
"16653",2020-12-12,"22","22  day ahead inc hosp",2021-01-03,"quantile",0.01,0
"16654",2020-12-12,"22","22  day ahead inc hosp",2021-01-03,"quantile",0.025,0
"16655",2020-12-12,"22","22  day ahead inc hosp",2021-01-03,"quantile",0.05,0
"16656",2020-12-12,"22","22  day ahead inc hosp",2021-01-03,"quantile",0.1,6.73571521590314
"16657",2020-12-12,"22","22  day ahead inc hosp",2021-01-03,"quantile",0.15,25.7879255750346
"16658",2020-12-12,"22","22  day ahead inc hosp",2021-01-03,"quantile",0.2,40.9300184011131
"16659",2020-12-12,"22","22  day ahead inc hosp",2021-01-03,"quantile",0.25,53.9205857683778
"16660",2020-12-12,"22","22  day ahead inc hosp",2021-01-03,"quantile",0.3,65.5865167545444
"16661",2020-12-12,"22","22  day ahead inc hosp",2021-01-03,"quantile",0.35,76.3967403844929
"16662",2020-12-12,"22","22  day ahead inc hosp",2021-01-03,"quantile",0.4,86.6545854752405
"16663",2020-12-12,"22","22  day ahead inc hosp",2021-01-03,"quantile",0.45,96.5791693136128
"16664",2020-12-12,"22","22  day ahead inc hosp",2021-01-03,"quantile",0.5,106.346402624774
"16665",2020-12-12,"22","22  day ahead inc hosp",2021-01-03,"quantile",0.55,116.113635935936
"16666",2020-12-12,"22","22  day ahead inc hosp",2021-01-03,"quantile",0.6,126.038219774308
"16667",2020-12-12,"22","22  day ahead inc hosp",2021-01-03,"quantile",0.65,136.296064865056
"16668",2020-12-12,"22","22  day ahead inc hosp",2021-01-03,"quantile",0.7,147.106288495004
"16669",2020-12-12,"22","22  day ahead inc hosp",2021-01-03,"quantile",0.75,158.772219481171
"16670",2020-12-12,"22","22  day ahead inc hosp",2021-01-03,"quantile",0.8,171.762786848436
"16671",2020-12-12,"22","22  day ahead inc hosp",2021-01-03,"quantile",0.85,186.904879674514
"16672",2020-12-12,"22","22  day ahead inc hosp",2021-01-03,"quantile",0.9,205.957090033646
"16673",2020-12-12,"22","22  day ahead inc hosp",2021-01-03,"quantile",0.95,234.195335802882
"16674",2020-12-12,"22","22  day ahead inc hosp",2021-01-03,"quantile",0.975,258.687802725753
"16675",2020-12-12,"22","22  day ahead inc hosp",2021-01-03,"quantile",0.99,287.165588614298
"16676",2020-12-12,"22","23  day ahead inc hosp",2021-01-04,"quantile",0.01,0
"16677",2020-12-12,"22","23  day ahead inc hosp",2021-01-04,"quantile",0.025,0
"16678",2020-12-12,"22","23  day ahead inc hosp",2021-01-04,"quantile",0.05,0
"16679",2020-12-12,"22","23  day ahead inc hosp",2021-01-04,"quantile",0.1,1.52875023004734
"16680",2020-12-12,"22","23  day ahead inc hosp",2021-01-04,"quantile",0.15,21.3275619254068
"16681",2020-12-12,"22","23  day ahead inc hosp",2021-01-04,"quantile",0.2,37.0630298257753
"16682",2020-12-12,"22","23  day ahead inc hosp",2021-01-04,"quantile",0.25,50.5626601716623
"16683",2020-12-12,"22","23  day ahead inc hosp",2021-01-04,"quantile",0.3,62.6857454458846
"16684",2020-12-12,"22","23  day ahead inc hosp",2021-01-04,"quantile",0.35,73.919590653325
"16685",2020-12-12,"22","23  day ahead inc hosp",2021-01-04,"quantile",0.4,84.5794111950679
"16686",2020-12-12,"22","23  day ahead inc hosp",2021-01-04,"quantile",0.45,94.8929109343023
"16687",2020-12-12,"22","23  day ahead inc hosp",2021-01-04,"quantile",0.5,105.042894031652
"16688",2020-12-12,"22","23  day ahead inc hosp",2021-01-04,"quantile",0.55,115.192877129001
"16689",2020-12-12,"22","23  day ahead inc hosp",2021-01-04,"quantile",0.6,125.506376868236
"16690",2020-12-12,"22","23  day ahead inc hosp",2021-01-04,"quantile",0.65,136.166197409979
"16691",2020-12-12,"22","23  day ahead inc hosp",2021-01-04,"quantile",0.7,147.400042617419
"16692",2020-12-12,"22","23  day ahead inc hosp",2021-01-04,"quantile",0.75,159.523127891641
"16693",2020-12-12,"22","23  day ahead inc hosp",2021-01-04,"quantile",0.8,173.022758237528
"16694",2020-12-12,"22","23  day ahead inc hosp",2021-01-04,"quantile",0.85,188.758226137897
"16695",2020-12-12,"22","23  day ahead inc hosp",2021-01-04,"quantile",0.9,208.557037833256
"16696",2020-12-12,"22","23  day ahead inc hosp",2021-01-04,"quantile",0.95,237.901859250496
"16697",2020-12-12,"22","23  day ahead inc hosp",2021-01-04,"quantile",0.975,263.35411551998
"16698",2020-12-12,"22","23  day ahead inc hosp",2021-01-04,"quantile",0.99,292.947863944967
"16699",2020-12-12,"22","24  day ahead inc hosp",2021-01-05,"quantile",0.01,0
"16700",2020-12-12,"22","24  day ahead inc hosp",2021-01-05,"quantile",0.025,0
"16701",2020-12-12,"22","24  day ahead inc hosp",2021-01-05,"quantile",0.05,0
"16702",2020-12-12,"22","24  day ahead inc hosp",2021-01-05,"quantile",0.1,0
"16703",2020-12-12,"22","24  day ahead inc hosp",2021-01-05,"quantile",0.15,16.9704356475992
"16704",2020-12-12,"22","24  day ahead inc hosp",2021-01-05,"quantile",0.2,33.2961148728345
"16705",2020-12-12,"22","24  day ahead inc hosp",2021-01-05,"quantile",0.25,47.3020939820443
"16706",2020-12-12,"22","24  day ahead inc hosp",2021-01-05,"quantile",0.3,59.8798960950969
"16707",2020-12-12,"22","24  day ahead inc hosp",2021-01-05,"quantile",0.35,71.5351042200694
"16708",2020-12-12,"22","24  day ahead inc hosp",2021-01-05,"quantile",0.4,82.5947569653808
"16709",2020-12-12,"22","24  day ahead inc hosp",2021-01-05,"quantile",0.45,93.295098988788
"16710",2020-12-12,"22","24  day ahead inc hosp",2021-01-05,"quantile",0.5,103.825791132045
"16711",2020-12-12,"22","24  day ahead inc hosp",2021-01-05,"quantile",0.55,114.356483275302
"16712",2020-12-12,"22","24  day ahead inc hosp",2021-01-05,"quantile",0.6,125.05682529871
"16713",2020-12-12,"22","24  day ahead inc hosp",2021-01-05,"quantile",0.65,136.116478044021
"16714",2020-12-12,"22","24  day ahead inc hosp",2021-01-05,"quantile",0.7,147.771686168994
"16715",2020-12-12,"22","24  day ahead inc hosp",2021-01-05,"quantile",0.75,160.349488282046
"16716",2020-12-12,"22","24  day ahead inc hosp",2021-01-05,"quantile",0.8,174.355467391256
"16717",2020-12-12,"22","24  day ahead inc hosp",2021-01-05,"quantile",0.85,190.681146616491
"16718",2020-12-12,"22","24  day ahead inc hosp",2021-01-05,"quantile",0.9,211.222578928886
"16719",2020-12-12,"22","24  day ahead inc hosp",2021-01-05,"quantile",0.95,241.66807596863
"16720",2020-12-12,"22","24  day ahead inc hosp",2021-01-05,"quantile",0.975,268.075004192503
"16721",2020-12-12,"22","24  day ahead inc hosp",2021-01-05,"quantile",0.99,298.778765079546
"16722",2020-12-12,"22","25  day ahead inc hosp",2021-01-06,"quantile",0.01,0
"16723",2020-12-12,"22","25  day ahead inc hosp",2021-01-06,"quantile",0.025,0
"16724",2020-12-12,"22","25  day ahead inc hosp",2021-01-06,"quantile",0.05,0
"16725",2020-12-12,"22","25  day ahead inc hosp",2021-01-06,"quantile",0.1,0
"16726",2020-12-12,"22","25  day ahead inc hosp",2021-01-06,"quantile",0.15,12.7139451621612
"16727",2020-12-12,"22","25  day ahead inc hosp",2021-01-06,"quantile",0.2,29.6260843881493
"16728",2020-12-12,"22","25  day ahead inc hosp",2021-01-06,"quantile",0.25,44.1351939586165
"16729",2020-12-12,"22","25  day ahead inc hosp",2021-01-06,"quantile",0.3,57.1648227757787
"16730",2020-12-12,"22","25  day ahead inc hosp",2021-01-06,"quantile",0.35,69.2387156777484
"16731",2020-12-12,"22","25  day ahead inc hosp",2021-01-06,"quantile",0.4,80.6956593331566
"16732",2020-12-12,"22","25  day ahead inc hosp",2021-01-06,"quantile",0.45,91.7803849098926
"16733",2020-12-12,"22","25  day ahead inc hosp",2021-01-06,"quantile",0.5,102.689366350462
"16734",2020-12-12,"22","25  day ahead inc hosp",2021-01-06,"quantile",0.55,113.598347791032
"16735",2020-12-12,"22","25  day ahead inc hosp",2021-01-06,"quantile",0.6,124.683073367768
"16736",2020-12-12,"22","25  day ahead inc hosp",2021-01-06,"quantile",0.65,136.140017023176
"16737",2020-12-12,"22","25  day ahead inc hosp",2021-01-06,"quantile",0.7,148.213909925146
"16738",2020-12-12,"22","25  day ahead inc hosp",2021-01-06,"quantile",0.75,161.243538742308
"16739",2020-12-12,"22","25  day ahead inc hosp",2021-01-06,"quantile",0.8,175.752648312775
"16740",2020-12-12,"22","25  day ahead inc hosp",2021-01-06,"quantile",0.85,192.664787538763
"16741",2020-12-12,"22","25  day ahead inc hosp",2021-01-06,"quantile",0.9,213.944120445871
"16742",2020-12-12,"22","25  day ahead inc hosp",2021-01-06,"quantile",0.95,245.483297324017
"16743",2020-12-12,"22","25  day ahead inc hosp",2021-01-06,"quantile",0.975,272.838829702877
"16744",2020-12-12,"22","25  day ahead inc hosp",2021-01-06,"quantile",0.99,304.645547923854
"16745",2020-12-12,"22","26  day ahead inc hosp",2021-01-07,"quantile",0.01,0
"16746",2020-12-12,"22","26  day ahead inc hosp",2021-01-07,"quantile",0.025,0
"16747",2020-12-12,"22","26  day ahead inc hosp",2021-01-07,"quantile",0.05,0
"16748",2020-12-12,"22","26  day ahead inc hosp",2021-01-07,"quantile",0.1,0
"16749",2020-12-12,"22","26  day ahead inc hosp",2021-01-07,"quantile",0.15,8.55531832156224
"16750",2020-12-12,"22","26  day ahead inc hosp",2021-01-07,"quantile",0.2,26.0496820732939
"16751",2020-12-12,"22","26  day ahead inc hosp",2021-01-07,"quantile",0.25,41.0582884445942
"16752",2020-12-12,"22","26  day ahead inc hosp",2021-01-07,"quantile",0.3,54.5364808265022
"16753",2020-12-12,"22","26  day ahead inc hosp",2021-01-07,"quantile",0.35,67.0260347205435
"16754",2020-12-12,"22","26  day ahead inc hosp",2021-01-07,"quantile",0.4,78.8774000098506
"16755",2020-12-12,"22","26  day ahead inc hosp",2021-01-07,"quantile",0.45,90.3437330819882
"16756",2020-12-12,"22","26  day ahead inc hosp",2021-01-07,"quantile",0.5,101.628271775293
"16757",2020-12-12,"22","26  day ahead inc hosp",2021-01-07,"quantile",0.55,112.912810468597
"16758",2020-12-12,"22","26  day ahead inc hosp",2021-01-07,"quantile",0.6,124.379143540735
"16759",2020-12-12,"22","26  day ahead inc hosp",2021-01-07,"quantile",0.65,136.230508830042
"16760",2020-12-12,"22","26  day ahead inc hosp",2021-01-07,"quantile",0.7,148.720062724083
"16761",2020-12-12,"22","26  day ahead inc hosp",2021-01-07,"quantile",0.75,162.198255105991
"16762",2020-12-12,"22","26  day ahead inc hosp",2021-01-07,"quantile",0.8,177.206861477292
"16763",2020-12-12,"22","26  day ahead inc hosp",2021-01-07,"quantile",0.85,194.701225229023
"16764",2020-12-12,"22","26  day ahead inc hosp",2021-01-07,"quantile",0.9,216.713129536142
"16765",2020-12-12,"22","26  day ahead inc hosp",2021-01-07,"quantile",0.95,249.338087583356
"16766",2020-12-12,"22","26  day ahead inc hosp",2021-01-07,"quantile",0.975,277.635373199516
"16767",2020-12-12,"22","26  day ahead inc hosp",2021-01-07,"quantile",0.99,310.537083082057
"16768",2020-12-12,"22","27  day ahead inc hosp",2021-01-08,"quantile",0.01,0
"16769",2020-12-12,"22","27  day ahead inc hosp",2021-01-08,"quantile",0.025,0
"16770",2020-12-12,"22","27  day ahead inc hosp",2021-01-08,"quantile",0.05,0
"16771",2020-12-12,"22","27  day ahead inc hosp",2021-01-08,"quantile",0.1,0
"16772",2020-12-12,"22","27  day ahead inc hosp",2021-01-08,"quantile",0.15,4.49167012883284
"16773",2020-12-12,"22","27  day ahead inc hosp",2021-01-08,"quantile",0.2,22.5636266247231
"16774",2020-12-12,"22","27  day ahead inc hosp",2021-01-08,"quantile",0.25,38.0677561406783
"16775",2020-12-12,"22","27  day ahead inc hosp",2021-01-08,"quantile",0.3,51.9909436212732
"16776",2020-12-12,"22","27  day ahead inc hosp",2021-01-08,"quantile",0.35,64.8928517917746
"16777",2020-12-12,"22","27  day ahead inc hosp",2021-01-08,"quantile",0.4,77.1355009652297
"16778",2020-12-12,"22","27  day ahead inc hosp",2021-01-08,"quantile",0.45,88.9804057235721
"16779",2020-12-12,"22","27  day ahead inc hosp",2021-01-08,"quantile",0.5,100.637513992022
"16780",2020-12-12,"22","27  day ahead inc hosp",2021-01-08,"quantile",0.55,112.294622260473
"16781",2020-12-12,"22","27  day ahead inc hosp",2021-01-08,"quantile",0.6,124.139527018815
"16782",2020-12-12,"22","27  day ahead inc hosp",2021-01-08,"quantile",0.65,136.38217619227
"16783",2020-12-12,"22","27  day ahead inc hosp",2021-01-08,"quantile",0.7,149.284084362772
"16784",2020-12-12,"22","27  day ahead inc hosp",2021-01-08,"quantile",0.75,163.207271843367
"16785",2020-12-12,"22","27  day ahead inc hosp",2021-01-08,"quantile",0.8,178.711401359322
"16786",2020-12-12,"22","27  day ahead inc hosp",2021-01-08,"quantile",0.85,196.783357855212
"16787",2020-12-12,"22","27  day ahead inc hosp",2021-01-08,"quantile",0.9,219.522005723477
"16788",2020-12-12,"22","27  day ahead inc hosp",2021-01-08,"quantile",0.95,253.224107204654
"16789",2020-12-12,"22","27  day ahead inc hosp",2021-01-08,"quantile",0.975,282.455654111091
"16790",2020-12-12,"22","27  day ahead inc hosp",2021-01-08,"quantile",0.99,316.443644647691
"16791",2020-12-12,"22","28  day ahead inc hosp",2021-01-09,"quantile",0.01,0
"16792",2020-12-12,"22","28  day ahead inc hosp",2021-01-09,"quantile",0.025,0
"16793",2020-12-12,"22","28  day ahead inc hosp",2021-01-09,"quantile",0.05,0
"16794",2020-12-12,"22","28  day ahead inc hosp",2021-01-09,"quantile",0.1,0
"16795",2020-12-12,"22","28  day ahead inc hosp",2021-01-09,"quantile",0.15,0.52004893234853
"16796",2020-12-12,"22","28  day ahead inc hosp",2021-01-09,"quantile",0.2,19.1646448287187
"16797",2020-12-12,"22","28  day ahead inc hosp",2021-01-09,"quantile",0.25,35.1600479615068
"16798",2020-12-12,"22","28  day ahead inc hosp",2021-01-09,"quantile",0.3,49.5244143334668
"16799",2020-12-12,"22","28  day ahead inc hosp",2021-01-09,"quantile",0.35,62.8351404956165
"16800",2020-12-12,"22","28  day ahead inc hosp",2021-01-09,"quantile",0.4,75.4657179647472
"16801",2020-12-12,"22","28  day ahead inc hosp",2021-01-09,"quantile",0.45,87.6859478386133
"16802",2020-12-12,"22","28  day ahead inc hosp",2021-01-09,"quantile",0.5,99.71243058468
"16803",2020-12-12,"22","28  day ahead inc hosp",2021-01-09,"quantile",0.55,111.738913330747
"16804",2020-12-12,"22","28  day ahead inc hosp",2021-01-09,"quantile",0.6,123.959143204613
"16805",2020-12-12,"22","28  day ahead inc hosp",2021-01-09,"quantile",0.65,136.589720673744
"16806",2020-12-12,"22","28  day ahead inc hosp",2021-01-09,"quantile",0.7,149.900446835893
"16807",2020-12-12,"22","28  day ahead inc hosp",2021-01-09,"quantile",0.75,164.264813207853
"16808",2020-12-12,"22","28  day ahead inc hosp",2021-01-09,"quantile",0.8,180.260216340641
"16809",2020-12-12,"22","28  day ahead inc hosp",2021-01-09,"quantile",0.85,198.904812237012
"16810",2020-12-12,"22","28  day ahead inc hosp",2021-01-09,"quantile",0.9,222.363971229015
"16811",2020-12-12,"22","28  day ahead inc hosp",2021-01-09,"quantile",0.95,257.133978733067
"16812",2020-12-12,"22","28  day ahead inc hosp",2021-01-09,"quantile",0.975,287.291774853274
"16813",2020-12-12,"22","28  day ahead inc hosp",2021-01-09,"quantile",0.99,322.356730273495
"16814",2020-12-12,"22","29  day ahead inc hosp",2021-01-10,"quantile",0.01,0
"16815",2020-12-12,"22","29  day ahead inc hosp",2021-01-10,"quantile",0.025,0
"16816",2020-12-12,"22","29  day ahead inc hosp",2021-01-10,"quantile",0.05,0
"16817",2020-12-12,"22","29  day ahead inc hosp",2021-01-10,"quantile",0.1,0
"16818",2020-12-12,"22","29  day ahead inc hosp",2021-01-10,"quantile",0.15,3.62175106909683
"16819",2020-12-12,"22","29  day ahead inc hosp",2021-01-10,"quantile",0.2,22.8337751585395
"16820",2020-12-12,"22","29  day ahead inc hosp",2021-01-10,"quantile",0.25,39.3159811562193
"16821",2020-12-12,"22","29  day ahead inc hosp",2021-01-10,"quantile",0.3,54.1175115461273
"16822",2020-12-12,"22","29  day ahead inc hosp",2021-01-10,"quantile",0.35,67.8333353213683
"16823",2020-12-12,"22","29  day ahead inc hosp",2021-01-10,"quantile",0.4,80.8483108107406
"16824",2020-12-12,"22","29  day ahead inc hosp",2021-01-10,"quantile",0.45,93.4404502177925
"16825",2020-12-12,"22","29  day ahead inc hosp",2021-01-10,"quantile",0.5,105.832946011905
"16826",2020-12-12,"22","29  day ahead inc hosp",2021-01-10,"quantile",0.55,118.225441806018
"16827",2020-12-12,"22","29  day ahead inc hosp",2021-01-10,"quantile",0.6,130.81758121307
"16828",2020-12-12,"22","29  day ahead inc hosp",2021-01-10,"quantile",0.65,143.832556702442
"16829",2020-12-12,"22","29  day ahead inc hosp",2021-01-10,"quantile",0.7,157.548380477683
"16830",2020-12-12,"22","29  day ahead inc hosp",2021-01-10,"quantile",0.75,172.349910867591
"16831",2020-12-12,"22","29  day ahead inc hosp",2021-01-10,"quantile",0.8,188.832116865271
"16832",2020-12-12,"22","29  day ahead inc hosp",2021-01-10,"quantile",0.85,208.044140954714
"16833",2020-12-12,"22","29  day ahead inc hosp",2021-01-10,"quantile",0.9,232.217254181597
"16834",2020-12-12,"22","29  day ahead inc hosp",2021-01-10,"quantile",0.95,268.045449411507
"16835",2020-12-12,"22","29  day ahead inc hosp",2021-01-10,"quantile",0.975,299.121065572152
"16836",2020-12-12,"22","29  day ahead inc hosp",2021-01-10,"quantile",0.99,335.253185140357
"16837",2020-12-12,"22","30  day ahead inc hosp",2021-01-11,"quantile",0.01,0
"16838",2020-12-12,"22","30  day ahead inc hosp",2021-01-11,"quantile",0.025,0
"16839",2020-12-12,"22","30  day ahead inc hosp",2021-01-11,"quantile",0.05,0
"16840",2020-12-12,"22","30  day ahead inc hosp",2021-01-11,"quantile",0.1,0
"16841",2020-12-12,"22","30  day ahead inc hosp",2021-01-11,"quantile",0.15,0
"16842",2020-12-12,"22","30  day ahead inc hosp",2021-01-11,"quantile",0.2,19.5992763796528
"16843",2020-12-12,"22","30  day ahead inc hosp",2021-01-11,"quantile",0.25,36.5636398989608
"16844",2020-12-12,"22","30  day ahead inc hosp",2021-01-11,"quantile",0.3,51.7981626449954
"16845",2020-12-12,"22","30  day ahead inc hosp",2021-01-11,"quantile",0.35,65.9152183669484
"16846",2020-12-12,"22","30  day ahead inc hosp",2021-01-11,"quantile",0.4,79.3109237371929
"16847",2020-12-12,"22","30  day ahead inc hosp",2021-01-11,"quantile",0.45,92.2714237101396
"16848",2020-12-12,"22","30  day ahead inc hosp",2021-01-11,"quantile",0.5,105.026439852543
"16849",2020-12-12,"22","30  day ahead inc hosp",2021-01-11,"quantile",0.55,117.781455994946
"16850",2020-12-12,"22","30  day ahead inc hosp",2021-01-11,"quantile",0.6,130.741955967893
"16851",2020-12-12,"22","30  day ahead inc hosp",2021-01-11,"quantile",0.65,144.137661338138
"16852",2020-12-12,"22","30  day ahead inc hosp",2021-01-11,"quantile",0.7,158.254717060091
"16853",2020-12-12,"22","30  day ahead inc hosp",2021-01-11,"quantile",0.75,173.489239806125
"16854",2020-12-12,"22","30  day ahead inc hosp",2021-01-11,"quantile",0.8,190.453603325433
"16855",2020-12-12,"22","30  day ahead inc hosp",2021-01-11,"quantile",0.85,210.227640893031
"16856",2020-12-12,"22","30  day ahead inc hosp",2021-01-11,"quantile",0.9,235.107895407017
"16857",2020-12-12,"22","30  day ahead inc hosp",2021-01-11,"quantile",0.95,271.984180547884
"16858",2020-12-12,"22","30  day ahead inc hosp",2021-01-11,"quantile",0.975,303.968858400464
"16859",2020-12-12,"22","30  day ahead inc hosp",2021-01-11,"quantile",0.99,341.157958643745
"16860",2020-12-12,"22","31  day ahead inc hosp",2021-01-12,"quantile",0.01,0
"16861",2020-12-12,"22","31  day ahead inc hosp",2021-01-12,"quantile",0.025,0
"16862",2020-12-12,"22","31  day ahead inc hosp",2021-01-12,"quantile",0.05,0
"16863",2020-12-12,"22","31  day ahead inc hosp",2021-01-12,"quantile",0.1,0
"16864",2020-12-12,"22","31  day ahead inc hosp",2021-01-12,"quantile",0.15,0
"16865",2020-12-12,"22","31  day ahead inc hosp",2021-01-12,"quantile",0.2,16.4423095596038
"16866",2020-12-12,"22","31  day ahead inc hosp",2021-01-12,"quantile",0.25,33.8840504999622
"16867",2020-12-12,"22","31  day ahead inc hosp",2021-01-12,"quantile",0.3,49.5472729240697
"16868",2020-12-12,"22","31  day ahead inc hosp",2021-01-12,"quantile",0.35,64.0615827867808
"16869",2020-12-12,"22","31  day ahead inc hosp",2021-01-12,"quantile",0.4,77.8342434890376
"16870",2020-12-12,"22","31  day ahead inc hosp",2021-01-12,"quantile",0.45,91.1594521081749
"16871",2020-12-12,"22","31  day ahead inc hosp",2021-01-12,"quantile",0.5,104.273394578972
"16872",2020-12-12,"22","31  day ahead inc hosp",2021-01-12,"quantile",0.55,117.387337049769
"16873",2020-12-12,"22","31  day ahead inc hosp",2021-01-12,"quantile",0.6,130.712545668906
"16874",2020-12-12,"22","31  day ahead inc hosp",2021-01-12,"quantile",0.65,144.485206371163
"16875",2020-12-12,"22","31  day ahead inc hosp",2021-01-12,"quantile",0.7,158.999516233874
"16876",2020-12-12,"22","31  day ahead inc hosp",2021-01-12,"quantile",0.75,174.662738657981
"16877",2020-12-12,"22","31  day ahead inc hosp",2021-01-12,"quantile",0.8,192.10447959834
"16878",2020-12-12,"22","31  day ahead inc hosp",2021-01-12,"quantile",0.85,212.434958853068
"16879",2020-12-12,"22","31  day ahead inc hosp",2021-01-12,"quantile",0.9,238.015344068772
"16880",2020-12-12,"22","31  day ahead inc hosp",2021-01-12,"quantile",0.95,275.92932837698
"16881",2020-12-12,"22","31  day ahead inc hosp",2021-01-12,"quantile",0.975,308.814055501024
"16882",2020-12-12,"22","31  day ahead inc hosp",2021-01-12,"quantile",0.99,347.0496575329
"16883",2020-12-12,"22","32  day ahead inc hosp",2021-01-13,"quantile",0.01,0
"16884",2020-12-12,"22","32  day ahead inc hosp",2021-01-13,"quantile",0.025,0
"16885",2020-12-12,"22","32  day ahead inc hosp",2021-01-13,"quantile",0.05,0
"16886",2020-12-12,"22","32  day ahead inc hosp",2021-01-13,"quantile",0.1,0
"16887",2020-12-12,"22","32  day ahead inc hosp",2021-01-13,"quantile",0.15,0
"16888",2020-12-12,"22","32  day ahead inc hosp",2021-01-13,"quantile",0.2,13.3598380678353
"16889",2020-12-12,"22","32  day ahead inc hosp",2021-01-13,"quantile",0.25,31.2740756209897
"16890",2020-12-12,"22","32  day ahead inc hosp",2021-01-13,"quantile",0.3,47.3616146065096
"16891",2020-12-12,"22","32  day ahead inc hosp",2021-01-13,"quantile",0.35,62.2691169991782
"16892",2020-12-12,"22","32  day ahead inc hosp",2021-01-13,"quantile",0.4,76.4148789619833
"16893",2020-12-12,"22","32  day ahead inc hosp",2021-01-13,"quantile",0.45,90.1010673685666
"16894",2020-12-12,"22","32  day ahead inc hosp",2021-01-13,"quantile",0.5,103.570266428659
"16895",2020-12-12,"22","32  day ahead inc hosp",2021-01-13,"quantile",0.55,117.039465488752
"16896",2020-12-12,"22","32  day ahead inc hosp",2021-01-13,"quantile",0.6,130.725653895335
"16897",2020-12-12,"22","32  day ahead inc hosp",2021-01-13,"quantile",0.65,144.87141585814
"16898",2020-12-12,"22","32  day ahead inc hosp",2021-01-13,"quantile",0.7,159.778918250809
"16899",2020-12-12,"22","32  day ahead inc hosp",2021-01-13,"quantile",0.75,175.866457236329
"16900",2020-12-12,"22","32  day ahead inc hosp",2021-01-13,"quantile",0.8,193.780694789483
"16901",2020-12-12,"22","32  day ahead inc hosp",2021-01-13,"quantile",0.85,214.66192655322
"16902",2020-12-12,"22","32  day ahead inc hosp",2021-01-13,"quantile",0.9,240.935284185483
"16903",2020-12-12,"22","32  day ahead inc hosp",2021-01-13,"quantile",0.95,279.876358004107
"16904",2020-12-12,"22","32  day ahead inc hosp",2021-01-13,"quantile",0.975,313.651932104491
"16905",2020-12-12,"22","32  day ahead inc hosp",2021-01-13,"quantile",0.99,352.923336268163
"16906",2020-12-12,"22","33  day ahead inc hosp",2021-01-14,"quantile",0.01,0
"16907",2020-12-12,"22","33  day ahead inc hosp",2021-01-14,"quantile",0.025,0
"16908",2020-12-12,"22","33  day ahead inc hosp",2021-01-14,"quantile",0.05,0
"16909",2020-12-12,"22","33  day ahead inc hosp",2021-01-14,"quantile",0.1,0
"16910",2020-12-12,"22","33  day ahead inc hosp",2021-01-14,"quantile",0.15,0
"16911",2020-12-12,"22","33  day ahead inc hosp",2021-01-14,"quantile",0.2,10.3489135687073
"16912",2020-12-12,"22","33  day ahead inc hosp",2021-01-14,"quantile",0.25,28.7306953330512
"16913",2020-12-12,"22","33  day ahead inc hosp",2021-01-14,"quantile",0.3,45.2381034702806
"16914",2020-12-12,"22","33  day ahead inc hosp",2021-01-14,"quantile",0.35,60.5346772050203
"16915",2020-12-12,"22","33  day ahead inc hosp",2021-01-14,"quantile",0.4,75.0496298240813
"16916",2020-12-12,"22","33  day ahead inc hosp",2021-01-14,"quantile",0.45,89.093014463201
"16917",2020-12-12,"22","33  day ahead inc hosp",2021-01-14,"quantile",0.5,102.913746544513
"16918",2020-12-12,"22","33  day ahead inc hosp",2021-01-14,"quantile",0.55,116.734478625825
"16919",2020-12-12,"22","33  day ahead inc hosp",2021-01-14,"quantile",0.6,130.777863264945
"16920",2020-12-12,"22","33  day ahead inc hosp",2021-01-14,"quantile",0.65,145.292815884006
"16921",2020-12-12,"22","33  day ahead inc hosp",2021-01-14,"quantile",0.7,160.589389618746
"16922",2020-12-12,"22","33  day ahead inc hosp",2021-01-14,"quantile",0.75,177.096797755975
"16923",2020-12-12,"22","33  day ahead inc hosp",2021-01-14,"quantile",0.8,195.478579520319
"16924",2020-12-12,"22","33  day ahead inc hosp",2021-01-14,"quantile",0.85,216.904791164147
"16925",2020-12-12,"22","33  day ahead inc hosp",2021-01-14,"quantile",0.9,243.863857927654
"16926",2020-12-12,"22","33  day ahead inc hosp",2021-01-14,"quantile",0.95,283.821255973719
"16927",2020-12-12,"22","33  day ahead inc hosp",2021-01-14,"quantile",0.975,318.478339772932
"16928",2020-12-12,"22","33  day ahead inc hosp",2021-01-14,"quantile",0.99,358.774689465407
"16929",2020-12-12,"22","34  day ahead inc hosp",2021-01-15,"quantile",0.01,0
"16930",2020-12-12,"22","34  day ahead inc hosp",2021-01-15,"quantile",0.025,0
"16931",2020-12-12,"22","34  day ahead inc hosp",2021-01-15,"quantile",0.05,0
"16932",2020-12-12,"22","34  day ahead inc hosp",2021-01-15,"quantile",0.1,0
"16933",2020-12-12,"22","34  day ahead inc hosp",2021-01-15,"quantile",0.15,0
"16934",2020-12-12,"22","34  day ahead inc hosp",2021-01-15,"quantile",0.2,7.40668171206995
"16935",2020-12-12,"22","34  day ahead inc hosp",2021-01-15,"quantile",0.25,26.2510085847519
"16936",2020-12-12,"22","34  day ahead inc hosp",2021-01-15,"quantile",0.3,43.1737965248265
"16937",2020-12-12,"22","34  day ahead inc hosp",2021-01-15,"quantile",0.35,58.8552815508677
"16938",2020-12-12,"22","34  day ahead inc hosp",2021-01-15,"quantile",0.4,73.7354773448166
"16939",2020-12-12,"22","34  day ahead inc hosp",2021-01-15,"quantile",0.45,88.1322389825652
"16940",2020-12-12,"22","34  day ahead inc hosp",2021-01-15,"quantile",0.5,102.3007454037
"16941",2020-12-12,"22","34  day ahead inc hosp",2021-01-15,"quantile",0.55,116.469251824835
"16942",2020-12-12,"22","34  day ahead inc hosp",2021-01-15,"quantile",0.6,130.866013462584
"16943",2020-12-12,"22","34  day ahead inc hosp",2021-01-15,"quantile",0.65,145.746209256533
"16944",2020-12-12,"22","34  day ahead inc hosp",2021-01-15,"quantile",0.7,161.427694282574
"16945",2020-12-12,"22","34  day ahead inc hosp",2021-01-15,"quantile",0.75,178.350482222649
"16946",2020-12-12,"22","34  day ahead inc hosp",2021-01-15,"quantile",0.8,197.194809095331
"16947",2020-12-12,"22","34  day ahead inc hosp",2021-01-15,"quantile",0.85,219.160173554327
"16948",2020-12-12,"22","34  day ahead inc hosp",2021-01-15,"quantile",0.9,246.79761767084
"16949",2020-12-12,"22","34  day ahead inc hosp",2021-01-15,"quantile",0.95,287.76047314454
"16950",2020-12-12,"22","34  day ahead inc hosp",2021-01-15,"quantile",0.975,323.28964131436
"16951",2020-12-12,"22","34  day ahead inc hosp",2021-01-15,"quantile",0.99,364.599977554662
"16952",2020-12-12,"22","35  day ahead inc hosp",2021-01-16,"quantile",0.01,0
"16953",2020-12-12,"22","35  day ahead inc hosp",2021-01-16,"quantile",0.025,0
"16954",2020-12-12,"22","35  day ahead inc hosp",2021-01-16,"quantile",0.05,0
"16955",2020-12-12,"22","35  day ahead inc hosp",2021-01-16,"quantile",0.1,0
"16956",2020-12-12,"22","35  day ahead inc hosp",2021-01-16,"quantile",0.15,0
"16957",2020-12-12,"22","35  day ahead inc hosp",2021-01-16,"quantile",0.2,4.53038582962937
"16958",2020-12-12,"22","35  day ahead inc hosp",2021-01-16,"quantile",0.25,23.8322332774277
"16959",2020-12-12,"22","35  day ahead inc hosp",2021-01-16,"quantile",0.3,41.1658888342245
"16960",2020-12-12,"22","35  day ahead inc hosp",2021-01-16,"quantile",0.35,57.2281039386743
"16961",2020-12-12,"22","35  day ahead inc hosp",2021-01-16,"quantile",0.4,72.4695753453574
"16962",2020-12-12,"22","35  day ahead inc hosp",2021-01-16,"quantile",0.45,87.2158753194349
"16963",2020-12-12,"22","35  day ahead inc hosp",2021-01-16,"quantile",0.5,101.728378278633
"16964",2020-12-12,"22","35  day ahead inc hosp",2021-01-16,"quantile",0.55,116.240881237832
"16965",2020-12-12,"22","35  day ahead inc hosp",2021-01-16,"quantile",0.6,130.987181211909
"16966",2020-12-12,"22","35  day ahead inc hosp",2021-01-16,"quantile",0.65,146.228652618592
"16967",2020-12-12,"22","35  day ahead inc hosp",2021-01-16,"quantile",0.7,162.290867723042
"16968",2020-12-12,"22","35  day ahead inc hosp",2021-01-16,"quantile",0.75,179.624523279839
"16969",2020-12-12,"22","35  day ahead inc hosp",2021-01-16,"quantile",0.8,198.926370727637
"16970",2020-12-12,"22","35  day ahead inc hosp",2021-01-16,"quantile",0.85,221.425031294678
"16971",2020-12-12,"22","35  day ahead inc hosp",2021-01-16,"quantile",0.9,249.733483689299
"16972",2020-12-12,"22","35  day ahead inc hosp",2021-01-16,"quantile",0.95,291.69087451156
"16973",2020-12-12,"22","35  day ahead inc hosp",2021-01-16,"quantile",0.975,328.082653777244
"16974",2020-12-12,"22","35  day ahead inc hosp",2021-01-16,"quantile",0.99,370.395961836206
"16975",2020-12-12,"22","36  day ahead inc hosp",2021-01-17,"quantile",0.01,0
"16976",2020-12-12,"22","36  day ahead inc hosp",2021-01-17,"quantile",0.025,0
"16977",2020-12-12,"22","36  day ahead inc hosp",2021-01-17,"quantile",0.05,0
"16978",2020-12-12,"22","36  day ahead inc hosp",2021-01-17,"quantile",0.1,0
"16979",2020-12-12,"22","36  day ahead inc hosp",2021-01-17,"quantile",0.15,0
"16980",2020-12-12,"22","36  day ahead inc hosp",2021-01-17,"quantile",0.2,1.26930463579399
"16981",2020-12-12,"22","36  day ahead inc hosp",2021-01-17,"quantile",0.25,21.0236408530148
"16982",2020-12-12,"22","36  day ahead inc hosp",2021-01-17,"quantile",0.3,38.7636453095065
"16983",2020-12-12,"22","36  day ahead inc hosp",2021-01-17,"quantile",0.35,55.2024032276153
"16984",2020-12-12,"22","36  day ahead inc hosp",2021-01-17,"quantile",0.4,70.8011769422589
"16985",2020-12-12,"22","36  day ahead inc hosp",2021-01-17,"quantile",0.45,85.8931710343141
"16986",2020-12-12,"22","36  day ahead inc hosp",2021-01-17,"quantile",0.5,100.745887261854
"16987",2020-12-12,"22","36  day ahead inc hosp",2021-01-17,"quantile",0.55,115.598603489394
"16988",2020-12-12,"22","36  day ahead inc hosp",2021-01-17,"quantile",0.6,130.69059758145
"16989",2020-12-12,"22","36  day ahead inc hosp",2021-01-17,"quantile",0.65,146.289371296093
"16990",2020-12-12,"22","36  day ahead inc hosp",2021-01-17,"quantile",0.7,162.728129214202
"16991",2020-12-12,"22","36  day ahead inc hosp",2021-01-17,"quantile",0.75,180.468133670694
"16992",2020-12-12,"22","36  day ahead inc hosp",2021-01-17,"quantile",0.8,200.222469887914
"16993",2020-12-12,"22","36  day ahead inc hosp",2021-01-17,"quantile",0.85,223.248561378921
"16994",2020-12-12,"22","36  day ahead inc hosp",2021-01-17,"quantile",0.9,252.220642310807
"16995",2020-12-12,"22","36  day ahead inc hosp",2021-01-17,"quantile",0.95,295.161630594021
"16996",2020-12-12,"22","36  day ahead inc hosp",2021-01-17,"quantile",0.975,332.406533969278
"16997",2020-12-12,"22","36  day ahead inc hosp",2021-01-17,"quantile",0.99,375.711783175095
"16998",2020-12-12,"22","37  day ahead inc hosp",2021-01-18,"quantile",0.01,0
"16999",2020-12-12,"22","37  day ahead inc hosp",2021-01-18,"quantile",0.025,0
"17000",2020-12-12,"22","37  day ahead inc hosp",2021-01-18,"quantile",0.05,0
"17001",2020-12-12,"22","37  day ahead inc hosp",2021-01-18,"quantile",0.1,0
"17002",2020-12-12,"22","37  day ahead inc hosp",2021-01-18,"quantile",0.15,0
"17003",2020-12-12,"22","37  day ahead inc hosp",2021-01-18,"quantile",0.2,0
"17004",2020-12-12,"22","37  day ahead inc hosp",2021-01-18,"quantile",0.25,18.7188120404885
"17005",2020-12-12,"22","37  day ahead inc hosp",2021-01-18,"quantile",0.3,36.8606540468602
"17006",2020-12-12,"22","37  day ahead inc hosp",2021-01-18,"quantile",0.35,53.6717743406992
"17007",2020-12-12,"22","37  day ahead inc hosp",2021-01-18,"quantile",0.4,69.6238835365147
"17008",2020-12-12,"22","37  day ahead inc hosp",2021-01-18,"quantile",0.45,85.0577337957218
"17009",2020-12-12,"22","37  day ahead inc hosp",2021-01-18,"quantile",0.5,100.246886190038
"17010",2020-12-12,"22","37  day ahead inc hosp",2021-01-18,"quantile",0.55,115.436038584355
"17011",2020-12-12,"22","37  day ahead inc hosp",2021-01-18,"quantile",0.6,130.869888843562
"17012",2020-12-12,"22","37  day ahead inc hosp",2021-01-18,"quantile",0.65,146.821998039377
"17013",2020-12-12,"22","37  day ahead inc hosp",2021-01-18,"quantile",0.7,163.633118333216
"17014",2020-12-12,"22","37  day ahead inc hosp",2021-01-18,"quantile",0.75,181.774960339588
"17015",2020-12-12,"22","37  day ahead inc hosp",2021-01-18,"quantile",0.8,201.976761724279
"17016",2020-12-12,"22","37  day ahead inc hosp",2021-01-18,"quantile",0.85,225.524428517634
"17017",2020-12-12,"22","37  day ahead inc hosp",2021-01-18,"quantile",0.9,255.152770277703
"17018",2020-12-12,"22","37  day ahead inc hosp",2021-01-18,"quantile",0.95,299.066435967141
"17019",2020-12-12,"22","37  day ahead inc hosp",2021-01-18,"quantile",0.975,337.154991933047
"17020",2020-12-12,"22","37  day ahead inc hosp",2021-01-18,"quantile",0.99,381.44116959807
"17021",2020-12-12,"23","1  day ahead inc hosp",2020-12-13,"quantile",0.01,6.10392748010588
"17022",2020-12-12,"23","1  day ahead inc hosp",2020-12-13,"quantile",0.025,7.05937152966483
"17023",2020-12-12,"23","1  day ahead inc hosp",2020-12-13,"quantile",0.05,7.88110612209635
"17024",2020-12-12,"23","1  day ahead inc hosp",2020-12-13,"quantile",0.1,8.82851348009086
"17025",2020-12-12,"23","1  day ahead inc hosp",2020-12-13,"quantile",0.15,9.46772472670324
"17026",2020-12-12,"23","1  day ahead inc hosp",2020-12-13,"quantile",0.2,9.97574956210187
"17027",2020-12-12,"23","1  day ahead inc hosp",2020-12-13,"quantile",0.25,10.4115896354848
"17028",2020-12-12,"23","1  day ahead inc hosp",2020-12-13,"quantile",0.3,10.8029874915865
"17029",2020-12-12,"23","1  day ahead inc hosp",2020-12-13,"quantile",0.35,11.1656759352056
"17030",2020-12-12,"23","1  day ahead inc hosp",2020-12-13,"quantile",0.4,11.50983180082
"17031",2020-12-12,"23","1  day ahead inc hosp",2020-12-13,"quantile",0.45,11.8428065836852
"17032",2020-12-12,"23","1  day ahead inc hosp",2020-12-13,"quantile",0.5,12.1705021771673
"17033",2020-12-12,"23","1  day ahead inc hosp",2020-12-13,"quantile",0.55,12.4981977706494
"17034",2020-12-12,"23","1  day ahead inc hosp",2020-12-13,"quantile",0.6,12.8311725535147
"17035",2020-12-12,"23","1  day ahead inc hosp",2020-12-13,"quantile",0.65,13.175328419129
"17036",2020-12-12,"23","1  day ahead inc hosp",2020-12-13,"quantile",0.7,13.5380168627482
"17037",2020-12-12,"23","1  day ahead inc hosp",2020-12-13,"quantile",0.75,13.9294147188498
"17038",2020-12-12,"23","1  day ahead inc hosp",2020-12-13,"quantile",0.8,14.3652547922328
"17039",2020-12-12,"23","1  day ahead inc hosp",2020-12-13,"quantile",0.85,14.8732796276314
"17040",2020-12-12,"23","1  day ahead inc hosp",2020-12-13,"quantile",0.9,15.5124908742438
"17041",2020-12-12,"23","1  day ahead inc hosp",2020-12-13,"quantile",0.95,16.4598982322383
"17042",2020-12-12,"23","1  day ahead inc hosp",2020-12-13,"quantile",0.975,17.2816328246698
"17043",2020-12-12,"23","1  day ahead inc hosp",2020-12-13,"quantile",0.99,18.2370768742288
"17044",2020-12-12,"23","2  day ahead inc hosp",2020-12-14,"quantile",0.01,5.7981035279006
"17045",2020-12-12,"23","2  day ahead inc hosp",2020-12-14,"quantile",0.025,6.80171275961558
"17046",2020-12-12,"23","2  day ahead inc hosp",2020-12-14,"quantile",0.05,7.66487206587168
"17047",2020-12-12,"23","2  day ahead inc hosp",2020-12-14,"quantile",0.1,8.66003946590615
"17048",2020-12-12,"23","2  day ahead inc hosp",2020-12-14,"quantile",0.15,9.33147418614159
"17049",2020-12-12,"23","2  day ahead inc hosp",2020-12-14,"quantile",0.2,9.86510921687093
"17050",2020-12-12,"23","2  day ahead inc hosp",2020-12-14,"quantile",0.25,10.3229205574726
"17051",2020-12-12,"23","2  day ahead inc hosp",2020-12-14,"quantile",0.3,10.7340492905872
"17052",2020-12-12,"23","2  day ahead inc hosp",2020-12-14,"quantile",0.35,11.1150213322473
"17053",2020-12-12,"23","2  day ahead inc hosp",2020-12-14,"quantile",0.4,11.4765265444456
"17054",2020-12-12,"23","2  day ahead inc hosp",2020-12-14,"quantile",0.45,11.8262870209132
"17055",2020-12-12,"23","2  day ahead inc hosp",2020-12-14,"quantile",0.5,12.1705021771673
"17056",2020-12-12,"23","2  day ahead inc hosp",2020-12-14,"quantile",0.55,12.5147173334214
"17057",2020-12-12,"23","2  day ahead inc hosp",2020-12-14,"quantile",0.6,12.864477809889
"17058",2020-12-12,"23","2  day ahead inc hosp",2020-12-14,"quantile",0.65,13.2259830220873
"17059",2020-12-12,"23","2  day ahead inc hosp",2020-12-14,"quantile",0.7,13.6069550637474
"17060",2020-12-12,"23","2  day ahead inc hosp",2020-12-14,"quantile",0.75,14.018083796862
"17061",2020-12-12,"23","2  day ahead inc hosp",2020-12-14,"quantile",0.8,14.4758951374637
"17062",2020-12-12,"23","2  day ahead inc hosp",2020-12-14,"quantile",0.85,15.009530168193
"17063",2020-12-12,"23","2  day ahead inc hosp",2020-12-14,"quantile",0.9,15.6809648884285
"17064",2020-12-12,"23","2  day ahead inc hosp",2020-12-14,"quantile",0.95,16.676132288463
"17065",2020-12-12,"23","2  day ahead inc hosp",2020-12-14,"quantile",0.975,17.5392915947191
"17066",2020-12-12,"23","2  day ahead inc hosp",2020-12-14,"quantile",0.99,18.542900826434
"17067",2020-12-12,"23","3  day ahead inc hosp",2020-12-15,"quantile",0.01,5.50629925893873
"17068",2020-12-12,"23","3  day ahead inc hosp",2020-12-15,"quantile",0.025,6.55586566852388
"17069",2020-12-12,"23","3  day ahead inc hosp",2020-12-15,"quantile",0.05,7.45855068310782
"17070",2020-12-12,"23","3  day ahead inc hosp",2020-12-15,"quantile",0.1,8.49928869346423
"17071",2020-12-12,"23","3  day ahead inc hosp",2020-12-15,"quantile",0.15,9.20146968813692
"17072",2020-12-12,"23","3  day ahead inc hosp",2020-12-15,"quantile",0.2,9.75954088311225
"17073",2020-12-12,"23","3  day ahead inc hosp",2020-12-15,"quantile",0.25,10.2383162767997
"17074",2020-12-12,"23","3  day ahead inc hosp",2020-12-15,"quantile",0.3,10.6682713775066
"17075",2020-12-12,"23","3  day ahead inc hosp",2020-12-15,"quantile",0.35,11.0666888544306
"17076",2020-12-12,"23","3  day ahead inc hosp",2020-12-15,"quantile",0.4,11.4447480787015
"17077",2020-12-12,"23","3  day ahead inc hosp",2020-12-15,"quantile",0.45,11.8105247534274
"17078",2020-12-12,"23","3  day ahead inc hosp",2020-12-15,"quantile",0.5,12.1705021771673
"17079",2020-12-12,"23","3  day ahead inc hosp",2020-12-15,"quantile",0.55,12.5304796009073
"17080",2020-12-12,"23","3  day ahead inc hosp",2020-12-15,"quantile",0.6,12.8962562756331
"17081",2020-12-12,"23","3  day ahead inc hosp",2020-12-15,"quantile",0.65,13.274315499904
"17082",2020-12-12,"23","3  day ahead inc hosp",2020-12-15,"quantile",0.7,13.6727329768281
"17083",2020-12-12,"23","3  day ahead inc hosp",2020-12-15,"quantile",0.75,14.102688077535
"17084",2020-12-12,"23","3  day ahead inc hosp",2020-12-15,"quantile",0.8,14.5814634712224
"17085",2020-12-12,"23","3  day ahead inc hosp",2020-12-15,"quantile",0.85,15.1395346661977
"17086",2020-12-12,"23","3  day ahead inc hosp",2020-12-15,"quantile",0.9,15.8417156608704
"17087",2020-12-12,"23","3  day ahead inc hosp",2020-12-15,"quantile",0.95,16.8824536712268
"17088",2020-12-12,"23","3  day ahead inc hosp",2020-12-15,"quantile",0.975,17.7851386858108
"17089",2020-12-12,"23","3  day ahead inc hosp",2020-12-15,"quantile",0.99,18.8347050953959
"17090",2020-12-12,"23","4  day ahead inc hosp",2020-12-16,"quantile",0.01,5.22674695931317
"17091",2020-12-12,"23","4  day ahead inc hosp",2020-12-16,"quantile",0.025,6.32034094534061
"17092",2020-12-12,"23","4  day ahead inc hosp",2020-12-16,"quantile",0.05,7.26089210457244
"17093",2020-12-12,"23","4  day ahead inc hosp",2020-12-16,"quantile",0.1,8.34528735461269
"17094",2020-12-12,"23","4  day ahead inc hosp",2020-12-16,"quantile",0.15,9.07692368163685
"17095",2020-12-12,"23","4  day ahead inc hosp",2020-12-16,"quantile",0.2,9.6584050410121
"17096",2020-12-12,"23","4  day ahead inc hosp",2020-12-16,"quantile",0.25,10.1572642712741
"17097",2020-12-12,"23","4  day ahead inc hosp",2020-12-16,"quantile",0.3,10.605255277942
"17098",2020-12-12,"23","4  day ahead inc hosp",2020-12-16,"quantile",0.35,11.0203857096262
"17099",2020-12-12,"23","4  day ahead inc hosp",2020-12-16,"quantile",0.4,11.4143038936012
"17100",2020-12-12,"23","4  day ahead inc hosp",2020-12-16,"quantile",0.45,11.7954242953749
"17101",2020-12-12,"23","4  day ahead inc hosp",2020-12-16,"quantile",0.5,12.1705021771673
"17102",2020-12-12,"23","4  day ahead inc hosp",2020-12-16,"quantile",0.55,12.5455800589597
"17103",2020-12-12,"23","4  day ahead inc hosp",2020-12-16,"quantile",0.6,12.9267004607335
"17104",2020-12-12,"23","4  day ahead inc hosp",2020-12-16,"quantile",0.65,13.3206186447084
"17105",2020-12-12,"23","4  day ahead inc hosp",2020-12-16,"quantile",0.7,13.7357490763926
"17106",2020-12-12,"23","4  day ahead inc hosp",2020-12-16,"quantile",0.75,14.1837400830606
"17107",2020-12-12,"23","4  day ahead inc hosp",2020-12-16,"quantile",0.8,14.6825993133225
"17108",2020-12-12,"23","4  day ahead inc hosp",2020-12-16,"quantile",0.85,15.2640806726978
"17109",2020-12-12,"23","4  day ahead inc hosp",2020-12-16,"quantile",0.9,15.9957169997219
"17110",2020-12-12,"23","4  day ahead inc hosp",2020-12-16,"quantile",0.95,17.0801122497622
"17111",2020-12-12,"23","4  day ahead inc hosp",2020-12-16,"quantile",0.975,18.020663408994
"17112",2020-12-12,"23","4  day ahead inc hosp",2020-12-16,"quantile",0.99,19.1142573950215
"17113",2020-12-12,"23","5  day ahead inc hosp",2020-12-17,"quantile",0.01,4.95802184682139
"17114",2020-12-12,"23","5  day ahead inc hosp",2020-12-17,"quantile",0.025,6.09393820132172
"17115",2020-12-12,"23","5  day ahead inc hosp",2020-12-17,"quantile",0.05,7.07088893227505
"17116",2020-12-12,"23","5  day ahead inc hosp",2020-12-17,"quantile",0.1,8.19725055734006
"17117",2020-12-12,"23","5  day ahead inc hosp",2020-12-17,"quantile",0.15,8.95720139835762
"17118",2020-12-12,"23","5  day ahead inc hosp",2020-12-17,"quantile",0.2,9.56118623586646
"17119",2020-12-12,"23","5  day ahead inc hosp",2020-12-17,"quantile",0.25,10.0793514466194
"17120",2020-12-12,"23","5  day ahead inc hosp",2020-12-17,"quantile",0.3,10.5446798204446
"17121",2020-12-12,"23","5  day ahead inc hosp",2020-12-17,"quantile",0.35,10.9758759065842
"17122",2020-12-12,"23","5  day ahead inc hosp",2020-12-17,"quantile",0.4,11.3850388255736
"17123",2020-12-12,"23","5  day ahead inc hosp",2020-12-17,"quantile",0.45,11.7809086848997
"17124",2020-12-12,"23","5  day ahead inc hosp",2020-12-17,"quantile",0.5,12.1705021771673
"17125",2020-12-12,"23","5  day ahead inc hosp",2020-12-17,"quantile",0.55,12.560095669435
"17126",2020-12-12,"23","5  day ahead inc hosp",2020-12-17,"quantile",0.6,12.9559655287611
"17127",2020-12-12,"23","5  day ahead inc hosp",2020-12-17,"quantile",0.65,13.3651284477504
"17128",2020-12-12,"23","5  day ahead inc hosp",2020-12-17,"quantile",0.7,13.7963245338901
"17129",2020-12-12,"23","5  day ahead inc hosp",2020-12-17,"quantile",0.75,14.2616529077153
"17130",2020-12-12,"23","5  day ahead inc hosp",2020-12-17,"quantile",0.8,14.7798181184682
"17131",2020-12-12,"23","5  day ahead inc hosp",2020-12-17,"quantile",0.85,15.383802955977
"17132",2020-12-12,"23","5  day ahead inc hosp",2020-12-17,"quantile",0.9,16.1437537969946
"17133",2020-12-12,"23","5  day ahead inc hosp",2020-12-17,"quantile",0.95,17.2701154220596
"17134",2020-12-12,"23","5  day ahead inc hosp",2020-12-17,"quantile",0.975,18.2470661530129
"17135",2020-12-12,"23","5  day ahead inc hosp",2020-12-17,"quantile",0.99,19.3829825075132
"17136",2020-12-12,"23","6  day ahead inc hosp",2020-12-18,"quantile",0.01,4.69895558320318
"17137",2020-12-12,"23","6  day ahead inc hosp",2020-12-18,"quantile",0.025,5.87567310349734
"17138",2020-12-12,"23","6  day ahead inc hosp",2020-12-18,"quantile",0.05,6.88771508794668
"17139",2020-12-12,"23","6  day ahead inc hosp",2020-12-18,"quantile",0.1,8.05453468091225
"17140",2020-12-12,"23","6  day ahead inc hosp",2020-12-18,"quantile",0.15,8.84178232079769
"17141",2020-12-12,"23","6  day ahead inc hosp",2020-12-18,"quantile",0.2,9.46746178872058
"17142",2020-12-12,"23","6  day ahead inc hosp",2020-12-18,"quantile",0.25,10.0042390606422
"17143",2020-12-12,"23","6  day ahead inc hosp",2020-12-18,"quantile",0.3,10.4862816406269
"17144",2020-12-12,"23","6  day ahead inc hosp",2020-12-18,"quantile",0.35,10.9329659296879
"17145",2020-12-12,"23","6  day ahead inc hosp",2020-12-18,"quantile",0.4,11.356825638655
"17146",2020-12-12,"23","6  day ahead inc hosp",2020-12-18,"quantile",0.45,11.7669148123691
"17147",2020-12-12,"23","6  day ahead inc hosp",2020-12-18,"quantile",0.5,12.1705021771673
"17148",2020-12-12,"23","6  day ahead inc hosp",2020-12-18,"quantile",0.55,12.5740895419655
"17149",2020-12-12,"23","6  day ahead inc hosp",2020-12-18,"quantile",0.6,12.9841787156796
"17150",2020-12-12,"23","6  day ahead inc hosp",2020-12-18,"quantile",0.65,13.4080384246467
"17151",2020-12-12,"23","6  day ahead inc hosp",2020-12-18,"quantile",0.7,13.8547227137078
"17152",2020-12-12,"23","6  day ahead inc hosp",2020-12-18,"quantile",0.75,14.3367652936924
"17153",2020-12-12,"23","6  day ahead inc hosp",2020-12-18,"quantile",0.8,14.8735425656141
"17154",2020-12-12,"23","6  day ahead inc hosp",2020-12-18,"quantile",0.85,15.499222033537
"17155",2020-12-12,"23","6  day ahead inc hosp",2020-12-18,"quantile",0.9,16.2864696734224
"17156",2020-12-12,"23","6  day ahead inc hosp",2020-12-18,"quantile",0.95,17.453289266388
"17157",2020-12-12,"23","6  day ahead inc hosp",2020-12-18,"quantile",0.975,18.4653312508373
"17158",2020-12-12,"23","6  day ahead inc hosp",2020-12-18,"quantile",0.99,19.6420487711315
"17159",2020-12-12,"23","7  day ahead inc hosp",2020-12-19,"quantile",0.01,4.44857596048231
"17160",2020-12-12,"23","7  day ahead inc hosp",2020-12-19,"quantile",0.025,5.66472656000244
"17161",2020-12-12,"23","7  day ahead inc hosp",2020-12-19,"quantile",0.05,6.710683168025
"17162",2020-12-12,"23","7  day ahead inc hosp",2020-12-19,"quantile",0.1,7.91660414994611
"17163",2020-12-12,"23","7  day ahead inc hosp",2020-12-19,"quantile",0.15,8.73023331132559
"17164",2020-12-12,"23","7  day ahead inc hosp",2020-12-19,"quantile",0.2,9.3768799762207
"17165",2020-12-12,"23","7  day ahead inc hosp",2020-12-19,"quantile",0.25,9.93164523618988
"17166",2020-12-12,"23","7  day ahead inc hosp",2020-12-19,"quantile",0.3,10.4298415853834
"17167",2020-12-12,"23","7  day ahead inc hosp",2020-12-19,"quantile",0.35,10.8914947490093
"17168",2020-12-12,"23","7  day ahead inc hosp",2020-12-19,"quantile",0.4,11.329558456129
"17169",2020-12-12,"23","7  day ahead inc hosp",2020-12-19,"quantile",0.45,11.7533901624373
"17170",2020-12-12,"23","7  day ahead inc hosp",2020-12-19,"quantile",0.5,12.1705021771673
"17171",2020-12-12,"23","7  day ahead inc hosp",2020-12-19,"quantile",0.55,12.5876141918974
"17172",2020-12-12,"23","7  day ahead inc hosp",2020-12-19,"quantile",0.6,13.0114458982057
"17173",2020-12-12,"23","7  day ahead inc hosp",2020-12-19,"quantile",0.65,13.4495096053254
"17174",2020-12-12,"23","7  day ahead inc hosp",2020-12-19,"quantile",0.7,13.9111627689513
"17175",2020-12-12,"23","7  day ahead inc hosp",2020-12-19,"quantile",0.75,14.4093591181448
"17176",2020-12-12,"23","7  day ahead inc hosp",2020-12-19,"quantile",0.8,14.9641243781139
"17177",2020-12-12,"23","7  day ahead inc hosp",2020-12-19,"quantile",0.85,15.610771043009
"17178",2020-12-12,"23","7  day ahead inc hosp",2020-12-19,"quantile",0.9,16.4244002043885
"17179",2020-12-12,"23","7  day ahead inc hosp",2020-12-19,"quantile",0.95,17.6303211863096
"17180",2020-12-12,"23","7  day ahead inc hosp",2020-12-19,"quantile",0.975,18.6762777943322
"17181",2020-12-12,"23","7  day ahead inc hosp",2020-12-19,"quantile",0.99,19.8924283938523
"17182",2020-12-12,"23","8  day ahead inc hosp",2020-12-20,"quantile",0.01,5.27967330317926
"17183",2020-12-12,"23","8  day ahead inc hosp",2020-12-20,"quantile",0.025,6.53401792841552
"17184",2020-12-12,"23","8  day ahead inc hosp",2020-12-20,"quantile",0.05,7.61282350563691
"17185",2020-12-12,"23","8  day ahead inc hosp",2020-12-20,"quantile",0.1,8.85661724526854
"17186",2020-12-12,"23","8  day ahead inc hosp",2020-12-20,"quantile",0.15,9.69579897647398
"17187",2020-12-12,"23","8  day ahead inc hosp",2020-12-20,"quantile",0.2,10.3627540138338
"17188",2020-12-12,"23","8  day ahead inc hosp",2020-12-20,"quantile",0.25,10.934942049086
"17189",2020-12-12,"23","8  day ahead inc hosp",2020-12-20,"quantile",0.3,11.448784588957
"17190",2020-12-12,"23","8  day ahead inc hosp",2020-12-20,"quantile",0.35,11.9249362799943
"17191",2020-12-12,"23","8  day ahead inc hosp",2020-12-20,"quantile",0.4,12.3767576718133
"17192",2020-12-12,"23","8  day ahead inc hosp",2020-12-20,"quantile",0.45,12.8139000972845
"17193",2020-12-12,"23","8  day ahead inc hosp",2020-12-20,"quantile",0.5,13.244111794754
"17194",2020-12-12,"23","8  day ahead inc hosp",2020-12-20,"quantile",0.55,13.6743234922235
"17195",2020-12-12,"23","8  day ahead inc hosp",2020-12-20,"quantile",0.6,14.1114659176947
"17196",2020-12-12,"23","8  day ahead inc hosp",2020-12-20,"quantile",0.65,14.5632873095137
"17197",2020-12-12,"23","8  day ahead inc hosp",2020-12-20,"quantile",0.7,15.039439000551
"17198",2020-12-12,"23","8  day ahead inc hosp",2020-12-20,"quantile",0.75,15.5532815404221
"17199",2020-12-12,"23","8  day ahead inc hosp",2020-12-20,"quantile",0.8,16.1254695756742
"17200",2020-12-12,"23","8  day ahead inc hosp",2020-12-20,"quantile",0.85,16.792424613034
"17201",2020-12-12,"23","8  day ahead inc hosp",2020-12-20,"quantile",0.9,17.6316063442395
"17202",2020-12-12,"23","8  day ahead inc hosp",2020-12-20,"quantile",0.95,18.8754000838711
"17203",2020-12-12,"23","8  day ahead inc hosp",2020-12-20,"quantile",0.975,19.9542056610925
"17204",2020-12-12,"23","8  day ahead inc hosp",2020-12-20,"quantile",0.99,21.2085502863288
"17205",2020-12-12,"23","9  day ahead inc hosp",2020-12-21,"quantile",0.01,5.04433030521249
"17206",2020-12-12,"23","9  day ahead inc hosp",2020-12-21,"quantile",0.025,6.33573984405175
"17207",2020-12-12,"23","9  day ahead inc hosp",2020-12-21,"quantile",0.05,7.44642329176397
"17208",2020-12-12,"23","9  day ahead inc hosp",2020-12-21,"quantile",0.1,8.72697017448871
"17209",2020-12-12,"23","9  day ahead inc hosp",2020-12-21,"quantile",0.15,9.59094907685314
"17210",2020-12-12,"23","9  day ahead inc hosp",2020-12-21,"quantile",0.2,10.2776121197638
"17211",2020-12-12,"23","9  day ahead inc hosp",2020-12-21,"quantile",0.25,10.8667078689445
"17212",2020-12-12,"23","9  day ahead inc hosp",2020-12-21,"quantile",0.3,11.3957340584783
"17213",2020-12-12,"23","9  day ahead inc hosp",2020-12-21,"quantile",0.35,11.8859556637442
"17214",2020-12-12,"23","9  day ahead inc hosp",2020-12-21,"quantile",0.4,12.3511280282662
"17215",2020-12-12,"23","9  day ahead inc hosp",2020-12-21,"quantile",0.45,12.8011876743372
"17216",2020-12-12,"23","9  day ahead inc hosp",2020-12-21,"quantile",0.5,13.244111794754
"17217",2020-12-12,"23","9  day ahead inc hosp",2020-12-21,"quantile",0.55,13.6870359151708
"17218",2020-12-12,"23","9  day ahead inc hosp",2020-12-21,"quantile",0.6,14.1370955612418
"17219",2020-12-12,"23","9  day ahead inc hosp",2020-12-21,"quantile",0.65,14.6022679257639
"17220",2020-12-12,"23","9  day ahead inc hosp",2020-12-21,"quantile",0.7,15.0924895310297
"17221",2020-12-12,"23","9  day ahead inc hosp",2020-12-21,"quantile",0.75,15.6215157205635
"17222",2020-12-12,"23","9  day ahead inc hosp",2020-12-21,"quantile",0.8,16.2106114697442
"17223",2020-12-12,"23","9  day ahead inc hosp",2020-12-21,"quantile",0.85,16.8972745126549
"17224",2020-12-12,"23","9  day ahead inc hosp",2020-12-21,"quantile",0.9,17.7612534150193
"17225",2020-12-12,"23","9  day ahead inc hosp",2020-12-21,"quantile",0.95,19.0418002977441
"17226",2020-12-12,"23","9  day ahead inc hosp",2020-12-21,"quantile",0.975,20.1524837454563
"17227",2020-12-12,"23","9  day ahead inc hosp",2020-12-21,"quantile",0.99,21.4438932842955
"17228",2020-12-12,"23","10  day ahead inc hosp",2020-12-22,"quantile",0.01,4.81555601891804
"17229",2020-12-12,"23","10  day ahead inc hosp",2020-12-22,"quantile",0.025,6.14299594416926
"17230",2020-12-12,"23","10  day ahead inc hosp",2020-12-22,"quantile",0.05,7.28466751191534
"17231",2020-12-12,"23","10  day ahead inc hosp",2020-12-22,"quantile",0.1,8.60094171243942
"17232",2020-12-12,"23","10  day ahead inc hosp",2020-12-22,"quantile",0.15,9.48902566650724
"17233",2020-12-12,"23","10  day ahead inc hosp",2020-12-22,"quantile",0.2,10.1948466403661
"17234",2020-12-12,"23","10  day ahead inc hosp",2020-12-22,"quantile",0.25,10.8003781884458
"17235",2020-12-12,"23","10  day ahead inc hosp",2020-12-22,"quantile",0.3,11.3441642333606
"17236",2020-12-12,"23","10  day ahead inc hosp",2020-12-22,"quantile",0.35,11.8480630442952
"17237",2020-12-12,"23","10  day ahead inc hosp",2020-12-22,"quantile",0.4,12.3262137394999
"17238",2020-12-12,"23","10  day ahead inc hosp",2020-12-22,"quantile",0.45,12.7888300707035
"17239",2020-12-12,"23","10  day ahead inc hosp",2020-12-22,"quantile",0.5,13.244111794754
"17240",2020-12-12,"23","10  day ahead inc hosp",2020-12-22,"quantile",0.55,13.6993935188046
"17241",2020-12-12,"23","10  day ahead inc hosp",2020-12-22,"quantile",0.6,14.1620098500081
"17242",2020-12-12,"23","10  day ahead inc hosp",2020-12-22,"quantile",0.65,14.6401605452129
"17243",2020-12-12,"23","10  day ahead inc hosp",2020-12-22,"quantile",0.7,15.1440593561475
"17244",2020-12-12,"23","10  day ahead inc hosp",2020-12-22,"quantile",0.75,15.6878454010623
"17245",2020-12-12,"23","10  day ahead inc hosp",2020-12-22,"quantile",0.8,16.2933769491419
"17246",2020-12-12,"23","10  day ahead inc hosp",2020-12-22,"quantile",0.85,16.9991979230008
"17247",2020-12-12,"23","10  day ahead inc hosp",2020-12-22,"quantile",0.9,17.8872818770686
"17248",2020-12-12,"23","10  day ahead inc hosp",2020-12-22,"quantile",0.95,19.2035560775927
"17249",2020-12-12,"23","10  day ahead inc hosp",2020-12-22,"quantile",0.975,20.3452276453388
"17250",2020-12-12,"23","10  day ahead inc hosp",2020-12-22,"quantile",0.99,21.67266757059
"17251",2020-12-12,"23","11  day ahead inc hosp",2020-12-23,"quantile",0.01,4.59282932008425
"17252",2020-12-12,"23","11  day ahead inc hosp",2020-12-23,"quantile",0.025,5.95534717805782
"17253",2020-12-12,"23","11  day ahead inc hosp",2020-12-23,"quantile",0.05,7.12718770311988
"17254",2020-12-12,"23","11  day ahead inc hosp",2020-12-23,"quantile",0.1,8.47824477929192
"17255",2020-12-12,"23","11  day ahead inc hosp",2020-12-23,"quantile",0.15,9.38979657442734
"17256",2020-12-12,"23","11  day ahead inc hosp",2020-12-23,"quantile",0.2,10.114269044421
"17257",2020-12-12,"23","11  day ahead inc hosp",2020-12-23,"quantile",0.25,10.7358019154237
"17258",2020-12-12,"23","11  day ahead inc hosp",2020-12-23,"quantile",0.3,11.293957642865
"17259",2020-12-12,"23","11  day ahead inc hosp",2020-12-23,"quantile",0.35,11.8111721061712
"17260",2020-12-12,"23","11  day ahead inc hosp",2020-12-23,"quantile",0.4,12.3019580533361
"17261",2020-12-12,"23","11  day ahead inc hosp",2020-12-23,"quantile",0.45,12.7767991370377
"17262",2020-12-12,"23","11  day ahead inc hosp",2020-12-23,"quantile",0.5,13.244111794754
"17263",2020-12-12,"23","11  day ahead inc hosp",2020-12-23,"quantile",0.55,13.7114244524703
"17264",2020-12-12,"23","11  day ahead inc hosp",2020-12-23,"quantile",0.6,14.1862655361719
"17265",2020-12-12,"23","11  day ahead inc hosp",2020-12-23,"quantile",0.65,14.6770514833368
"17266",2020-12-12,"23","11  day ahead inc hosp",2020-12-23,"quantile",0.7,15.194265946643
"17267",2020-12-12,"23","11  day ahead inc hosp",2020-12-23,"quantile",0.75,15.7524216740843
"17268",2020-12-12,"23","11  day ahead inc hosp",2020-12-23,"quantile",0.8,16.373954545087
"17269",2020-12-12,"23","11  day ahead inc hosp",2020-12-23,"quantile",0.85,17.0984270150807
"17270",2020-12-12,"23","11  day ahead inc hosp",2020-12-23,"quantile",0.9,18.0099788102161
"17271",2020-12-12,"23","11  day ahead inc hosp",2020-12-23,"quantile",0.95,19.3610358863881
"17272",2020-12-12,"23","11  day ahead inc hosp",2020-12-23,"quantile",0.975,20.5328764114502
"17273",2020-12-12,"23","11  day ahead inc hosp",2020-12-23,"quantile",0.99,21.8953942694238
"17274",2020-12-12,"23","12  day ahead inc hosp",2020-12-24,"quantile",0.01,4.37569454889337
"17275",2020-12-12,"23","12  day ahead inc hosp",2020-12-24,"quantile",0.025,5.77240964920654
"17276",2020-12-12,"23","12  day ahead inc hosp",2020-12-24,"quantile",0.05,6.97366168926959
"17277",2020-12-12,"23","12  day ahead inc hosp",2020-12-24,"quantile",0.1,8.35862835860997
"17278",2020-12-12,"23","12  day ahead inc hosp",2020-12-24,"quantile",0.15,9.29305879526991
"17279",2020-12-12,"23","12  day ahead inc hosp",2020-12-24,"quantile",0.2,10.0357144842796
"17280",2020-12-12,"23","12  day ahead inc hosp",2020-12-24,"quantile",0.25,10.6728469381335
"17281",2020-12-12,"23","12  day ahead inc hosp",2020-12-24,"quantile",0.3,11.2450115731005
"17282",2020-12-12,"23","12  day ahead inc hosp",2020-12-24,"quantile",0.35,11.7752073769739
"17283",2020-12-12,"23","12  day ahead inc hosp",2020-12-24,"quantile",0.4,12.278311346889
"17284",2020-12-12,"23","12  day ahead inc hosp",2020-12-24,"quantile",0.45,12.7650702601567
"17285",2020-12-12,"23","12  day ahead inc hosp",2020-12-24,"quantile",0.5,13.244111794754
"17286",2020-12-12,"23","12  day ahead inc hosp",2020-12-24,"quantile",0.55,13.7231533293513
"17287",2020-12-12,"23","12  day ahead inc hosp",2020-12-24,"quantile",0.6,14.209912242619
"17288",2020-12-12,"23","12  day ahead inc hosp",2020-12-24,"quantile",0.65,14.7130162125341
"17289",2020-12-12,"23","12  day ahead inc hosp",2020-12-24,"quantile",0.7,15.2432120164075
"17290",2020-12-12,"23","12  day ahead inc hosp",2020-12-24,"quantile",0.75,15.8153766513746
"17291",2020-12-12,"23","12  day ahead inc hosp",2020-12-24,"quantile",0.8,16.4525091052284
"17292",2020-12-12,"23","12  day ahead inc hosp",2020-12-24,"quantile",0.85,17.1951647942381
"17293",2020-12-12,"23","12  day ahead inc hosp",2020-12-24,"quantile",0.9,18.1295952308981
"17294",2020-12-12,"23","12  day ahead inc hosp",2020-12-24,"quantile",0.95,19.5145619002384
"17295",2020-12-12,"23","12  day ahead inc hosp",2020-12-24,"quantile",0.975,20.7158139403015
"17296",2020-12-12,"23","12  day ahead inc hosp",2020-12-24,"quantile",0.99,22.1125290406147
"17297",2020-12-12,"23","13  day ahead inc hosp",2020-12-25,"quantile",0.01,4.16375054440562
"17298",2020-12-12,"23","13  day ahead inc hosp",2020-12-25,"quantile",0.025,5.59384537678169
"17299",2020-12-12,"23","13  day ahead inc hosp",2020-12-25,"quantile",0.05,6.82380582790748
"17300",2020-12-12,"23","13  day ahead inc hosp",2020-12-25,"quantile",0.1,8.2418714566049
"17301",2020-12-12,"23","13  day ahead inc hosp",2020-12-25,"quantile",0.15,9.19863360400539
"17302",2020-12-12,"23","13  day ahead inc hosp",2020-12-25,"quantile",0.2,9.959037828782
"17303",2020-12-12,"23","13  day ahead inc hosp",2020-12-25,"quantile",0.25,10.6113969459643
"17304",2020-12-12,"23","13  day ahead inc hosp",2020-12-25,"quantile",0.3,11.1972355952002
"17305",2020-12-12,"23","13  day ahead inc hosp",2020-12-25,"quantile",0.35,11.740102411129
"17306",2020-12-12,"23","13  day ahead inc hosp",2020-12-25,"quantile",0.4,12.2552299323839
"17307",2020-12-12,"23","13  day ahead inc hosp",2020-12-25,"quantile",0.45,12.7536217707202
"17308",2020-12-12,"23","13  day ahead inc hosp",2020-12-25,"quantile",0.5,13.244111794754
"17309",2020-12-12,"23","13  day ahead inc hosp",2020-12-25,"quantile",0.55,13.7346018187879
"17310",2020-12-12,"23","13  day ahead inc hosp",2020-12-25,"quantile",0.6,14.2329936571242
"17311",2020-12-12,"23","13  day ahead inc hosp",2020-12-25,"quantile",0.65,14.748121178379
"17312",2020-12-12,"23","13  day ahead inc hosp",2020-12-25,"quantile",0.7,15.2909879943079
"17313",2020-12-12,"23","13  day ahead inc hosp",2020-12-25,"quantile",0.75,15.8768266435437
"17314",2020-12-12,"23","13  day ahead inc hosp",2020-12-25,"quantile",0.8,16.529185760726
"17315",2020-12-12,"23","13  day ahead inc hosp",2020-12-25,"quantile",0.85,17.2895899855026
"17316",2020-12-12,"23","13  day ahead inc hosp",2020-12-25,"quantile",0.9,18.2463521329031
"17317",2020-12-12,"23","13  day ahead inc hosp",2020-12-25,"quantile",0.95,19.6644177616005
"17318",2020-12-12,"23","13  day ahead inc hosp",2020-12-25,"quantile",0.975,20.8943782127263
"17319",2020-12-12,"23","13  day ahead inc hosp",2020-12-25,"quantile",0.99,22.3244730451024
"17320",2020-12-12,"23","14  day ahead inc hosp",2020-12-26,"quantile",0.01,3.95664193332357
"17321",2020-12-12,"23","14  day ahead inc hosp",2020-12-26,"quantile",0.025,5.41935495635122
"17322",2020-12-12,"23","14  day ahead inc hosp",2020-12-26,"quantile",0.05,6.67736885091338
"17323",2020-12-12,"23","14  day ahead inc hosp",2020-12-26,"quantile",0.1,8.12777830324133
"17324",2020-12-12,"23","14  day ahead inc hosp",2020-12-26,"quantile",0.15,9.10636267489268
"17325",2020-12-12,"23","14  day ahead inc hosp",2020-12-26,"quantile",0.2,9.88411051172529
"17326",2020-12-12,"23","14  day ahead inc hosp",2020-12-26,"quantile",0.25,10.5513489037472
"17327",2020-12-12,"23","14  day ahead inc hosp",2020-12-26,"quantile",0.3,11.1505496016522
"17328",2020-12-12,"23","14  day ahead inc hosp",2020-12-26,"quantile",0.35,11.7057983470165
"17329",2020-12-12,"23","14  day ahead inc hosp",2020-12-26,"quantile",0.4,12.232675108474
"17330",2020-12-12,"23","14  day ahead inc hosp",2020-12-26,"quantile",0.45,12.7424344726792
"17331",2020-12-12,"23","14  day ahead inc hosp",2020-12-26,"quantile",0.5,13.244111794754
"17332",2020-12-12,"23","14  day ahead inc hosp",2020-12-26,"quantile",0.55,13.7457891168288
"17333",2020-12-12,"23","14  day ahead inc hosp",2020-12-26,"quantile",0.6,14.255548481034
"17334",2020-12-12,"23","14  day ahead inc hosp",2020-12-26,"quantile",0.65,14.7824252424915
"17335",2020-12-12,"23","14  day ahead inc hosp",2020-12-26,"quantile",0.7,15.3376739878558
"17336",2020-12-12,"23","14  day ahead inc hosp",2020-12-26,"quantile",0.75,15.9368746857609
"17337",2020-12-12,"23","14  day ahead inc hosp",2020-12-26,"quantile",0.8,16.6041130777827
"17338",2020-12-12,"23","14  day ahead inc hosp",2020-12-26,"quantile",0.85,17.3818609146153
"17339",2020-12-12,"23","14  day ahead inc hosp",2020-12-26,"quantile",0.9,18.3604452862667
"17340",2020-12-12,"23","14  day ahead inc hosp",2020-12-26,"quantile",0.95,19.8108547385946
"17341",2020-12-12,"23","14  day ahead inc hosp",2020-12-26,"quantile",0.975,21.0688686331568
"17342",2020-12-12,"23","14  day ahead inc hosp",2020-12-26,"quantile",0.99,22.5315816561845
"17343",2020-12-12,"23","15  day ahead inc hosp",2020-12-27,"quantile",0.01,5.14021286712249
"17344",2020-12-12,"23","15  day ahead inc hosp",2020-12-27,"quantile",0.025,6.63483239927126
"17345",2020-12-12,"23","15  day ahead inc hosp",2020-12-27,"quantile",0.05,7.92028765189166
"17346",2020-12-12,"23","15  day ahead inc hosp",2020-12-27,"quantile",0.1,9.40233523260947
"17347",2020-12-12,"23","15  day ahead inc hosp",2020-12-27,"quantile",0.15,10.4022656992831
"17348",2020-12-12,"23","15  day ahead inc hosp",2020-12-27,"quantile",0.2,11.1969787357544
"17349",2020-12-12,"23","15  day ahead inc hosp",2020-12-27,"quantile",0.25,11.8787717584563
"17350",2020-12-12,"23","15  day ahead inc hosp",2020-12-27,"quantile",0.3,12.4910429645418
"17351",2020-12-12,"23","15  day ahead inc hosp",2020-12-27,"quantile",0.35,13.0584034836304
"17352",2020-12-12,"23","15  day ahead inc hosp",2020-12-27,"quantile",0.4,13.5967731339392
"17353",2020-12-12,"23","15  day ahead inc hosp",2020-12-27,"quantile",0.45,14.1176520011143
"17354",2020-12-12,"23","15  day ahead inc hosp",2020-12-27,"quantile",0.5,14.6302725306404
"17355",2020-12-12,"23","15  day ahead inc hosp",2020-12-27,"quantile",0.55,15.1428930601664
"17356",2020-12-12,"23","15  day ahead inc hosp",2020-12-27,"quantile",0.6,15.6637719273415
"17357",2020-12-12,"23","15  day ahead inc hosp",2020-12-27,"quantile",0.65,16.2021415776504
"17358",2020-12-12,"23","15  day ahead inc hosp",2020-12-27,"quantile",0.7,16.7695020967389
"17359",2020-12-12,"23","15  day ahead inc hosp",2020-12-27,"quantile",0.75,17.3817733028244
"17360",2020-12-12,"23","15  day ahead inc hosp",2020-12-27,"quantile",0.8,18.0635663255263
"17361",2020-12-12,"23","15  day ahead inc hosp",2020-12-27,"quantile",0.85,18.8582793619976
"17362",2020-12-12,"23","15  day ahead inc hosp",2020-12-27,"quantile",0.9,19.8582098286713
"17363",2020-12-12,"23","15  day ahead inc hosp",2020-12-27,"quantile",0.95,21.3402574093891
"17364",2020-12-12,"23","15  day ahead inc hosp",2020-12-27,"quantile",0.975,22.6257126620095
"17365",2020-12-12,"23","15  day ahead inc hosp",2020-12-27,"quantile",0.99,24.1203321941583
"17366",2020-12-12,"23","16  day ahead inc hosp",2020-12-28,"quantile",0.01,4.94185839791053
"17367",2020-12-12,"23","16  day ahead inc hosp",2020-12-28,"quantile",0.025,6.46771740320117
"17368",2020-12-12,"23","16  day ahead inc hosp",2020-12-28,"quantile",0.05,7.7800403261387
"17369",2020-12-12,"23","16  day ahead inc hosp",2020-12-28,"quantile",0.1,9.29306461002205
"17370",2020-12-12,"23","16  day ahead inc hosp",2020-12-28,"quantile",0.15,10.3138949112593
"17371",2020-12-12,"23","16  day ahead inc hosp",2020-12-28,"quantile",0.2,11.1252184737035
"17372",2020-12-12,"23","16  day ahead inc hosp",2020-12-28,"quantile",0.25,11.8212618486608
"17373",2020-12-12,"23","16  day ahead inc hosp",2020-12-28,"quantile",0.3,12.4463303114974
"17374",2020-12-12,"23","16  day ahead inc hosp",2020-12-28,"quantile",0.35,13.0255493961383
"17375",2020-12-12,"23","16  day ahead inc hosp",2020-12-28,"quantile",0.4,13.5751716655047
"17376",2020-12-12,"23","16  day ahead inc hosp",2020-12-28,"quantile",0.45,14.1069375718434
"17377",2020-12-12,"23","16  day ahead inc hosp",2020-12-28,"quantile",0.5,14.6302725306404
"17378",2020-12-12,"23","16  day ahead inc hosp",2020-12-28,"quantile",0.55,15.1536074894373
"17379",2020-12-12,"23","16  day ahead inc hosp",2020-12-28,"quantile",0.6,15.6853733957761
"17380",2020-12-12,"23","16  day ahead inc hosp",2020-12-28,"quantile",0.65,16.2349956651425
"17381",2020-12-12,"23","16  day ahead inc hosp",2020-12-28,"quantile",0.7,16.8142147497834
"17382",2020-12-12,"23","16  day ahead inc hosp",2020-12-28,"quantile",0.75,17.4392832126199
"17383",2020-12-12,"23","16  day ahead inc hosp",2020-12-28,"quantile",0.8,18.1353265875773
"17384",2020-12-12,"23","16  day ahead inc hosp",2020-12-28,"quantile",0.85,18.9466501500215
"17385",2020-12-12,"23","16  day ahead inc hosp",2020-12-28,"quantile",0.9,19.9674804512587
"17386",2020-12-12,"23","16  day ahead inc hosp",2020-12-28,"quantile",0.95,21.480504735142
"17387",2020-12-12,"23","16  day ahead inc hosp",2020-12-28,"quantile",0.975,22.7928276580796
"17388",2020-12-12,"23","16  day ahead inc hosp",2020-12-28,"quantile",0.99,24.3186866633702
"17389",2020-12-12,"23","17  day ahead inc hosp",2020-12-29,"quantile",0.01,4.74748424000956
"17390",2020-12-12,"23","17  day ahead inc hosp",2020-12-29,"quantile",0.025,6.30395584661614
"17391",2020-12-12,"23","17  day ahead inc hosp",2020-12-29,"quantile",0.05,7.64260729551731
"17392",2020-12-12,"23","17  day ahead inc hosp",2020-12-29,"quantile",0.1,9.18598668365555
"17393",2020-12-12,"23","17  day ahead inc hosp",2020-12-29,"quantile",0.15,10.2272974296224
"17394",2020-12-12,"23","17  day ahead inc hosp",2020-12-29,"quantile",0.2,11.0548982002943
"17395",2020-12-12,"23","17  day ahead inc hosp",2020-12-29,"quantile",0.25,11.764905970561
"17396",2020-12-12,"23","17  day ahead inc hosp",2020-12-29,"quantile",0.3,12.4025148919731
"17397",2020-12-12,"23","17  day ahead inc hosp",2020-12-29,"quantile",0.35,12.9933545803862
"17398",2020-12-12,"23","17  day ahead inc hosp",2020-12-29,"quantile",0.4,13.5540036663511
"17399",2020-12-12,"23","17  day ahead inc hosp",2020-12-29,"quantile",0.45,14.0964381453611
"17400",2020-12-12,"23","17  day ahead inc hosp",2020-12-29,"quantile",0.5,14.6302725306404
"17401",2020-12-12,"23","17  day ahead inc hosp",2020-12-29,"quantile",0.55,15.1641069159196
"17402",2020-12-12,"23","17  day ahead inc hosp",2020-12-29,"quantile",0.6,15.7065413949297
"17403",2020-12-12,"23","17  day ahead inc hosp",2020-12-29,"quantile",0.65,16.2671904808946
"17404",2020-12-12,"23","17  day ahead inc hosp",2020-12-29,"quantile",0.7,16.8580301693076
"17405",2020-12-12,"23","17  day ahead inc hosp",2020-12-29,"quantile",0.75,17.4956390907197
"17406",2020-12-12,"23","17  day ahead inc hosp",2020-12-29,"quantile",0.8,18.2056468609864
"17407",2020-12-12,"23","17  day ahead inc hosp",2020-12-29,"quantile",0.85,19.0332476316584
"17408",2020-12-12,"23","17  day ahead inc hosp",2020-12-29,"quantile",0.9,20.0745583776252
"17409",2020-12-12,"23","17  day ahead inc hosp",2020-12-29,"quantile",0.95,21.6179377657634
"17410",2020-12-12,"23","17  day ahead inc hosp",2020-12-29,"quantile",0.975,22.9565892146646
"17411",2020-12-12,"23","17  day ahead inc hosp",2020-12-29,"quantile",0.99,24.5130608212712
"17412",2020-12-12,"23","18  day ahead inc hosp",2020-12-30,"quantile",0.01,4.55685998138082
"17413",2020-12-12,"23","18  day ahead inc hosp",2020-12-30,"quantile",0.025,6.14335360579865
"17414",2020-12-12,"23","18  day ahead inc hosp",2020-12-30,"quantile",0.05,7.50782564626819
"17415",2020-12-12,"23","18  day ahead inc hosp",2020-12-30,"quantile",0.1,9.08097452283367
"17416",2020-12-12,"23","18  day ahead inc hosp",2020-12-30,"quantile",0.15,10.1423706013114
"17417",2020-12-12,"23","18  day ahead inc hosp",2020-12-30,"quantile",0.2,10.985934557545
"17418",2020-12-12,"23","18  day ahead inc hosp",2020-12-30,"quantile",0.25,11.7096373196346
"17419",2020-12-12,"23","18  day ahead inc hosp",2020-12-30,"quantile",0.3,12.3595447669652
"17420",2020-12-12,"23","18  day ahead inc hosp",2020-12-30,"quantile",0.35,12.9617808724885
"17421",2020-12-12,"23","18  day ahead inc hosp",2020-12-30,"quantile",0.4,13.5332440438329
"17422",2020-12-12,"23","18  day ahead inc hosp",2020-12-30,"quantile",0.45,14.0861412755981
"17423",2020-12-12,"23","18  day ahead inc hosp",2020-12-30,"quantile",0.5,14.6302725306404
"17424",2020-12-12,"23","18  day ahead inc hosp",2020-12-30,"quantile",0.55,15.1744037856826
"17425",2020-12-12,"23","18  day ahead inc hosp",2020-12-30,"quantile",0.6,15.7273010174478
"17426",2020-12-12,"23","18  day ahead inc hosp",2020-12-30,"quantile",0.65,16.2987641887923
"17427",2020-12-12,"23","18  day ahead inc hosp",2020-12-30,"quantile",0.7,16.9010002943156
"17428",2020-12-12,"23","18  day ahead inc hosp",2020-12-30,"quantile",0.75,17.5509077416462
"17429",2020-12-12,"23","18  day ahead inc hosp",2020-12-30,"quantile",0.8,18.2746105037357
"17430",2020-12-12,"23","18  day ahead inc hosp",2020-12-30,"quantile",0.85,19.1181744599694
"17431",2020-12-12,"23","18  day ahead inc hosp",2020-12-30,"quantile",0.9,20.1795705384471
"17432",2020-12-12,"23","18  day ahead inc hosp",2020-12-30,"quantile",0.95,21.7527194150125
"17433",2020-12-12,"23","18  day ahead inc hosp",2020-12-30,"quantile",0.975,23.1171914554821
"17434",2020-12-12,"23","18  day ahead inc hosp",2020-12-30,"quantile",0.99,24.7036850798999
"17435",2020-12-12,"23","19  day ahead inc hosp",2020-12-31,"quantile",0.01,4.3697766177846
"17436",2020-12-12,"23","19  day ahead inc hosp",2020-12-31,"quantile",0.025,5.98573459324817
"17437",2020-12-12,"23","19  day ahead inc hosp",2020-12-31,"quantile",0.05,7.37554760110248
"17438",2020-12-12,"23","19  day ahead inc hosp",2020-12-31,"quantile",0.1,8.97791299012849
"17439",2020-12-12,"23","19  day ahead inc hosp",2020-12-31,"quantile",0.15,10.0590213108576
"17440",2020-12-12,"23","19  day ahead inc hosp",2020-12-31,"quantile",0.2,10.9182519323419
"17441",2020-12-12,"23","19  day ahead inc hosp",2020-12-31,"quantile",0.25,11.6553952982302
"17442",2020-12-12,"23","19  day ahead inc hosp",2020-12-31,"quantile",0.3,12.3173728231713
"17443",2020-12-12,"23","19  day ahead inc hosp",2020-12-31,"quantile",0.35,12.930793654402
"17444",2020-12-12,"23","19  day ahead inc hosp",2020-12-31,"quantile",0.4,13.512870036686
"17445",2020-12-12,"23","19  day ahead inc hosp",2020-12-31,"quantile",0.45,14.0760356728609
"17446",2020-12-12,"23","19  day ahead inc hosp",2020-12-31,"quantile",0.5,14.6302725306404
"17447",2020-12-12,"23","19  day ahead inc hosp",2020-12-31,"quantile",0.55,15.1845093884199
"17448",2020-12-12,"23","19  day ahead inc hosp",2020-12-31,"quantile",0.6,15.7476750245948
"17449",2020-12-12,"23","19  day ahead inc hosp",2020-12-31,"quantile",0.65,16.3297514068788
"17450",2020-12-12,"23","19  day ahead inc hosp",2020-12-31,"quantile",0.7,16.9431722381094
"17451",2020-12-12,"23","19  day ahead inc hosp",2020-12-31,"quantile",0.75,17.6051497630506
"17452",2020-12-12,"23","19  day ahead inc hosp",2020-12-31,"quantile",0.8,18.3422931289389
"17453",2020-12-12,"23","19  day ahead inc hosp",2020-12-31,"quantile",0.85,19.2015237504232
"17454",2020-12-12,"23","19  day ahead inc hosp",2020-12-31,"quantile",0.9,20.2826320711523
"17455",2020-12-12,"23","19  day ahead inc hosp",2020-12-31,"quantile",0.95,21.8849974601783
"17456",2020-12-12,"23","19  day ahead inc hosp",2020-12-31,"quantile",0.975,23.2748104680326
"17457",2020-12-12,"23","19  day ahead inc hosp",2020-12-31,"quantile",0.99,24.8907684434961
"17458",2020-12-12,"23","20  day ahead inc hosp",2021-01-01,"quantile",0.01,4.18604386750396
"17459",2020-12-12,"23","20  day ahead inc hosp",2021-01-01,"quantile",0.025,5.83093849531762
"17460",2020-12-12,"23","20  day ahead inc hosp",2021-01-01,"quantile",0.05,7.24563862056642
"17461",2020-12-12,"23","20  day ahead inc hosp",2021-01-01,"quantile",0.1,8.87669726208048
"17462",2020-12-12,"23","20  day ahead inc hosp",2021-01-01,"quantile",0.15,9.97716478404175
"17463",2020-12-12,"23","20  day ahead inc hosp",2021-01-01,"quantile",0.2,10.8517814849662
"17464",2020-12-12,"23","20  day ahead inc hosp",2021-01-01,"quantile",0.25,11.6021247370117
"17465",2020-12-12,"23","20  day ahead inc hosp",2021-01-01,"quantile",0.3,12.2759561676816
"17466",2020-12-12,"23","20  day ahead inc hosp",2021-01-01,"quantile",0.35,12.900361409155
"17467",2020-12-12,"23","20  day ahead inc hosp",2021-01-01,"quantile",0.4,13.4928609225917
"17468",2020-12-12,"23","20  day ahead inc hosp",2021-01-01,"quantile",0.45,14.0661110587826
"17469",2020-12-12,"23","20  day ahead inc hosp",2021-01-01,"quantile",0.5,14.6302725306404
"17470",2020-12-12,"23","20  day ahead inc hosp",2021-01-01,"quantile",0.55,15.1944340024981
"17471",2020-12-12,"23","20  day ahead inc hosp",2021-01-01,"quantile",0.6,15.7676841386891
"17472",2020-12-12,"23","20  day ahead inc hosp",2021-01-01,"quantile",0.65,16.3601836521257
"17473",2020-12-12,"23","20  day ahead inc hosp",2021-01-01,"quantile",0.7,16.9845888935992
"17474",2020-12-12,"23","20  day ahead inc hosp",2021-01-01,"quantile",0.75,17.6584203242691
"17475",2020-12-12,"23","20  day ahead inc hosp",2021-01-01,"quantile",0.8,18.4087635763145
"17476",2020-12-12,"23","20  day ahead inc hosp",2021-01-01,"quantile",0.85,19.283380277239
"17477",2020-12-12,"23","20  day ahead inc hosp",2021-01-01,"quantile",0.9,20.3838477992003
"17478",2020-12-12,"23","20  day ahead inc hosp",2021-01-01,"quantile",0.95,22.0149064407143
"17479",2020-12-12,"23","20  day ahead inc hosp",2021-01-01,"quantile",0.975,23.4296065659631
"17480",2020-12-12,"23","20  day ahead inc hosp",2021-01-01,"quantile",0.99,25.0745011937768
"17481",2020-12-12,"23","21  day ahead inc hosp",2021-01-02,"quantile",0.01,4.00548790421004
"17482",2020-12-12,"23","21  day ahead inc hosp",2021-01-02,"quantile",0.025,5.67881886213683
"17483",2020-12-12,"23","21  day ahead inc hosp",2021-01-02,"quantile",0.05,7.1179758000546
"17484",2020-12-12,"23","21  day ahead inc hosp",2021-01-02,"quantile",0.1,8.7772315802666
"17485",2020-12-12,"23","21  day ahead inc hosp",2021-01-02,"quantile",0.15,9.89672357784116
"17486",2020-12-12,"23","21  day ahead inc hosp",2021-01-02,"quantile",0.2,10.7864603288949
"17487",2020-12-12,"23","21  day ahead inc hosp",2021-01-02,"quantile",0.25,11.5497752376365
"17488",2020-12-12,"23","21  day ahead inc hosp",2021-01-02,"quantile",0.3,12.2352556169254
"17489",2020-12-12,"23","21  day ahead inc hosp",2021-01-02,"quantile",0.35,12.8704553453348
"17490",2020-12-12,"23","21  day ahead inc hosp",2021-01-02,"quantile",0.4,13.4731977712785
"17491",2020-12-12,"23","21  day ahead inc hosp",2021-01-02,"quantile",0.45,14.0563580438602
"17492",2020-12-12,"23","21  day ahead inc hosp",2021-01-02,"quantile",0.5,14.6302725306404
"17493",2020-12-12,"23","21  day ahead inc hosp",2021-01-02,"quantile",0.55,15.2041870174206
"17494",2020-12-12,"23","21  day ahead inc hosp",2021-01-02,"quantile",0.6,15.7873472900023
"17495",2020-12-12,"23","21  day ahead inc hosp",2021-01-02,"quantile",0.65,16.3900897159459
"17496",2020-12-12,"23","21  day ahead inc hosp",2021-01-02,"quantile",0.7,17.0252894443553
"17497",2020-12-12,"23","21  day ahead inc hosp",2021-01-02,"quantile",0.75,17.7107698236443
"17498",2020-12-12,"23","21  day ahead inc hosp",2021-01-02,"quantile",0.8,18.4740847323858
"17499",2020-12-12,"23","21  day ahead inc hosp",2021-01-02,"quantile",0.85,19.3638214834396
"17500",2020-12-12,"23","21  day ahead inc hosp",2021-01-02,"quantile",0.9,20.4833134810141
"17501",2020-12-12,"23","21  day ahead inc hosp",2021-01-02,"quantile",0.95,22.1425692612261
"17502",2020-12-12,"23","21  day ahead inc hosp",2021-01-02,"quantile",0.975,23.5817261991439
"17503",2020-12-12,"23","21  day ahead inc hosp",2021-01-02,"quantile",0.99,25.2550571570707
"17504",2020-12-12,"23","22  day ahead inc hosp",2021-01-03,"quantile",0.01,6.44609958276664
"17505",2020-12-12,"23","22  day ahead inc hosp",2021-01-03,"quantile",0.025,8.14739163673684
"17506",2020-12-12,"23","22  day ahead inc hosp",2021-01-03,"quantile",0.05,9.61059665980598
"17507",2020-12-12,"23","22  day ahead inc hosp",2021-01-03,"quantile",0.1,11.2975783420646
"17508",2020-12-12,"23","22  day ahead inc hosp",2021-01-03,"quantile",0.15,12.435776874121
"17509",2020-12-12,"23","22  day ahead inc hosp",2021-01-03,"quantile",0.2,13.3403809857717
"17510",2020-12-12,"23","22  day ahead inc hosp",2021-01-03,"quantile",0.25,14.1164507660906
"17511",2020-12-12,"23","22  day ahead inc hosp",2021-01-03,"quantile",0.3,14.8133854142619
"17512",2020-12-12,"23","22  day ahead inc hosp",2021-01-03,"quantile",0.35,15.459199229818
"17513",2020-12-12,"23","22  day ahead inc hosp",2021-01-03,"quantile",0.4,16.0720133865101
"17514",2020-12-12,"23","22  day ahead inc hosp",2021-01-03,"quantile",0.45,16.6649181751501
"17515",2020-12-12,"23","22  day ahead inc hosp",2021-01-03,"quantile",0.5,17.248422682368
"17516",2020-12-12,"23","22  day ahead inc hosp",2021-01-03,"quantile",0.55,17.8319271895859
"17517",2020-12-12,"23","22  day ahead inc hosp",2021-01-03,"quantile",0.6,18.4248319782259
"17518",2020-12-12,"23","22  day ahead inc hosp",2021-01-03,"quantile",0.65,19.0376461349179
"17519",2020-12-12,"23","22  day ahead inc hosp",2021-01-03,"quantile",0.7,19.6834599504741
"17520",2020-12-12,"23","22  day ahead inc hosp",2021-01-03,"quantile",0.75,20.3803945986453
"17521",2020-12-12,"23","22  day ahead inc hosp",2021-01-03,"quantile",0.8,21.1564643789642
"17522",2020-12-12,"23","22  day ahead inc hosp",2021-01-03,"quantile",0.85,22.0610684906149
"17523",2020-12-12,"23","22  day ahead inc hosp",2021-01-03,"quantile",0.9,23.1992670226713
"17524",2020-12-12,"23","22  day ahead inc hosp",2021-01-03,"quantile",0.95,24.88624870493
"17525",2020-12-12,"23","22  day ahead inc hosp",2021-01-03,"quantile",0.975,26.3494537279991
"17526",2020-12-12,"23","22  day ahead inc hosp",2021-01-03,"quantile",0.99,28.0507457819693
"17527",2020-12-12,"23","23  day ahead inc hosp",2021-01-04,"quantile",0.01,6.27143218686645
"17528",2020-12-12,"23","23  day ahead inc hosp",2021-01-04,"quantile",0.025,8.0002331618338
"17529",2020-12-12,"23","23  day ahead inc hosp",2021-01-04,"quantile",0.05,9.48709737456901
"17530",2020-12-12,"23","23  day ahead inc hosp",2021-01-04,"quantile",0.1,11.2013565872861
"17531",2020-12-12,"23","23  day ahead inc hosp",2021-01-04,"quantile",0.15,12.3579591396425
"17532",2020-12-12,"23","23  day ahead inc hosp",2021-01-04,"quantile",0.2,13.2771901832082
"17533",2020-12-12,"23","23  day ahead inc hosp",2021-01-04,"quantile",0.25,14.0658085687036
"17534",2020-12-12,"23","23  day ahead inc hosp",2021-01-04,"quantile",0.3,14.7740122521542
"17535",2020-12-12,"23","23  day ahead inc hosp",2021-01-04,"quantile",0.35,15.4302685083187
"17536",2020-12-12,"23","23  day ahead inc hosp",2021-01-04,"quantile",0.4,16.0529915199795
"17537",2020-12-12,"23","23  day ahead inc hosp",2021-01-04,"quantile",0.45,16.6554832404761
"17538",2020-12-12,"23","23  day ahead inc hosp",2021-01-04,"quantile",0.5,17.248422682368
"17539",2020-12-12,"23","23  day ahead inc hosp",2021-01-04,"quantile",0.55,17.8413621242598
"17540",2020-12-12,"23","23  day ahead inc hosp",2021-01-04,"quantile",0.6,18.4438538447564
"17541",2020-12-12,"23","23  day ahead inc hosp",2021-01-04,"quantile",0.65,19.0665768564173
"17542",2020-12-12,"23","23  day ahead inc hosp",2021-01-04,"quantile",0.7,19.7228331125818
"17543",2020-12-12,"23","23  day ahead inc hosp",2021-01-04,"quantile",0.75,20.4310367960324
"17544",2020-12-12,"23","23  day ahead inc hosp",2021-01-04,"quantile",0.8,21.2196551815277
"17545",2020-12-12,"23","23  day ahead inc hosp",2021-01-04,"quantile",0.85,22.1388862250935
"17546",2020-12-12,"23","23  day ahead inc hosp",2021-01-04,"quantile",0.9,23.2954887774499
"17547",2020-12-12,"23","23  day ahead inc hosp",2021-01-04,"quantile",0.95,25.009747990167
"17548",2020-12-12,"23","23  day ahead inc hosp",2021-01-04,"quantile",0.975,26.4966122029022
"17549",2020-12-12,"23","23  day ahead inc hosp",2021-01-04,"quantile",0.99,28.2254131778695
"17550",2020-12-12,"23","24  day ahead inc hosp",2021-01-05,"quantile",0.01,6.09950092605087
"17551",2020-12-12,"23","24  day ahead inc hosp",2021-01-05,"quantile",0.025,7.85537989944111
"17552",2020-12-12,"23","24  day ahead inc hosp",2021-01-05,"quantile",0.05,9.36553268465544
"17553",2020-12-12,"23","24  day ahead inc hosp",2021-01-05,"quantile",0.1,11.1066421299502
"17554",2020-12-12,"23","24  day ahead inc hosp",2021-01-05,"quantile",0.15,12.281360406755
"17555",2020-12-12,"23","24  day ahead inc hosp",2021-01-05,"quantile",0.2,13.2149892538322
"17556",2020-12-12,"23","24  day ahead inc hosp",2021-01-05,"quantile",0.25,14.0159596727356
"17557",2020-12-12,"23","24  day ahead inc hosp",2021-01-05,"quantile",0.3,14.7352558639423
"17558",2020-12-12,"23","24  day ahead inc hosp",2021-01-05,"quantile",0.35,15.4017909816569
"17559",2020-12-12,"23","24  day ahead inc hosp",2021-01-05,"quantile",0.4,16.0342676277568
"17560",2020-12-12,"23","24  day ahead inc hosp",2021-01-05,"quantile",0.45,16.646196102451
"17561",2020-12-12,"23","24  day ahead inc hosp",2021-01-05,"quantile",0.5,17.248422682368
"17562",2020-12-12,"23","24  day ahead inc hosp",2021-01-05,"quantile",0.55,17.8506492622849
"17563",2020-12-12,"23","24  day ahead inc hosp",2021-01-05,"quantile",0.6,18.4625777369791
"17564",2020-12-12,"23","24  day ahead inc hosp",2021-01-05,"quantile",0.65,19.095054383079
"17565",2020-12-12,"23","24  day ahead inc hosp",2021-01-05,"quantile",0.7,19.7615895007936
"17566",2020-12-12,"23","24  day ahead inc hosp",2021-01-05,"quantile",0.75,20.4808856920004
"17567",2020-12-12,"23","24  day ahead inc hosp",2021-01-05,"quantile",0.8,21.2818561109038
"17568",2020-12-12,"23","24  day ahead inc hosp",2021-01-05,"quantile",0.85,22.215484957981
"17569",2020-12-12,"23","24  day ahead inc hosp",2021-01-05,"quantile",0.9,23.3902032347857
"17570",2020-12-12,"23","24  day ahead inc hosp",2021-01-05,"quantile",0.95,25.1313126800805
"17571",2020-12-12,"23","24  day ahead inc hosp",2021-01-05,"quantile",0.975,26.6414654652948
"17572",2020-12-12,"23","24  day ahead inc hosp",2021-01-05,"quantile",0.99,28.3973444386851
"17573",2020-12-12,"23","25  day ahead inc hosp",2021-01-06,"quantile",0.01,5.93018110875632
"17574",2020-12-12,"23","25  day ahead inc hosp",2021-01-06,"quantile",0.025,7.7127267960642
"17575",2020-12-12,"23","25  day ahead inc hosp",2021-01-06,"quantile",0.05,9.24581442639344
"17576",2020-12-12,"23","25  day ahead inc hosp",2021-01-06,"quantile",0.1,11.013366279269
"17577",2020-12-12,"23","25  day ahead inc hosp",2021-01-06,"quantile",0.15,12.2059251229329
"17578",2020-12-12,"23","25  day ahead inc hosp",2021-01-06,"quantile",0.2,13.1537330869923
"17579",2020-12-12,"23","25  day ahead inc hosp",2021-01-06,"quantile",0.25,13.9668679257339
"17580",2020-12-12,"23","25  day ahead inc hosp",2021-01-06,"quantile",0.3,14.6970881419126
"17581",2020-12-12,"23","25  day ahead inc hosp",2021-01-06,"quantile",0.35,15.3737459967688
"17582",2020-12-12,"23","25  day ahead inc hosp",2021-01-06,"quantile",0.4,16.0158281305115
"17583",2020-12-12,"23","25  day ahead inc hosp",2021-01-06,"quantile",0.45,16.6370500256635
"17584",2020-12-12,"23","25  day ahead inc hosp",2021-01-06,"quantile",0.5,17.248422682368
"17585",2020-12-12,"23","25  day ahead inc hosp",2021-01-06,"quantile",0.55,17.8597953390724
"17586",2020-12-12,"23","25  day ahead inc hosp",2021-01-06,"quantile",0.6,18.4810172342245
"17587",2020-12-12,"23","25  day ahead inc hosp",2021-01-06,"quantile",0.65,19.1230993679672
"17588",2020-12-12,"23","25  day ahead inc hosp",2021-01-06,"quantile",0.7,19.7997572228234
"17589",2020-12-12,"23","25  day ahead inc hosp",2021-01-06,"quantile",0.75,20.529977439002
"17590",2020-12-12,"23","25  day ahead inc hosp",2021-01-06,"quantile",0.8,21.3431122777436
"17591",2020-12-12,"23","25  day ahead inc hosp",2021-01-06,"quantile",0.85,22.290920241803
"17592",2020-12-12,"23","25  day ahead inc hosp",2021-01-06,"quantile",0.9,23.4834790854669
"17593",2020-12-12,"23","25  day ahead inc hosp",2021-01-06,"quantile",0.95,25.2510309383425
"17594",2020-12-12,"23","25  day ahead inc hosp",2021-01-06,"quantile",0.975,26.7841185686718
"17595",2020-12-12,"23","25  day ahead inc hosp",2021-01-06,"quantile",0.99,28.5666642559796
"17596",2020-12-12,"23","26  day ahead inc hosp",2021-01-07,"quantile",0.01,5.76335723593793
"17597",2020-12-12,"23","26  day ahead inc hosp",2021-01-07,"quantile",0.025,7.5721765429683
"17598",2020-12-12,"23","26  day ahead inc hosp",2021-01-07,"quantile",0.05,9.12786093571846
"17599",2020-12-12,"23","26  day ahead inc hosp",2021-01-07,"quantile",0.1,10.9214654084808
"17600",2020-12-12,"23","26  day ahead inc hosp",2021-01-07,"quantile",0.15,12.1316018310973
"17601",2020-12-12,"23","26  day ahead inc hosp",2021-01-07,"quantile",0.2,13.0933798976875
"17602",2020-12-12,"23","26  day ahead inc hosp",2021-01-07,"quantile",0.25,13.9184998404791
"17603",2020-12-12,"23","26  day ahead inc hosp",2021-01-07,"quantile",0.3,14.6594830505098
"17604",2020-12-12,"23","26  day ahead inc hosp",2021-01-07,"quantile",0.35,15.3461144231767
"17605",2020-12-12,"23","26  day ahead inc hosp",2021-01-07,"quantile",0.4,15.9976604500093
"17606",2020-12-12,"23","26  day ahead inc hosp",2021-01-07,"quantile",0.45,16.6280387712506
"17607",2020-12-12,"23","26  day ahead inc hosp",2021-01-07,"quantile",0.5,17.248422682368
"17608",2020-12-12,"23","26  day ahead inc hosp",2021-01-07,"quantile",0.55,17.8688065934854
"17609",2020-12-12,"23","26  day ahead inc hosp",2021-01-07,"quantile",0.6,18.4991849147266
"17610",2020-12-12,"23","26  day ahead inc hosp",2021-01-07,"quantile",0.65,19.1507309415592
"17611",2020-12-12,"23","26  day ahead inc hosp",2021-01-07,"quantile",0.7,19.8373623142261
"17612",2020-12-12,"23","26  day ahead inc hosp",2021-01-07,"quantile",0.75,20.5783455242569
"17613",2020-12-12,"23","26  day ahead inc hosp",2021-01-07,"quantile",0.8,21.4034654670484
"17614",2020-12-12,"23","26  day ahead inc hosp",2021-01-07,"quantile",0.85,22.3652435336387
"17615",2020-12-12,"23","26  day ahead inc hosp",2021-01-07,"quantile",0.9,23.5753799562551
"17616",2020-12-12,"23","26  day ahead inc hosp",2021-01-07,"quantile",0.95,25.3689844290175
"17617",2020-12-12,"23","26  day ahead inc hosp",2021-01-07,"quantile",0.975,26.9246688217677
"17618",2020-12-12,"23","26  day ahead inc hosp",2021-01-07,"quantile",0.99,28.733488128798
"17619",2020-12-12,"23","27  day ahead inc hosp",2021-01-08,"quantile",0.01,5.59892207938367
"17620",2020-12-12,"23","27  day ahead inc hosp",2021-01-08,"quantile",0.025,7.43363879965189
"17621",2020-12-12,"23","27  day ahead inc hosp",2021-01-08,"quantile",0.05,9.01159639649166
"17622",2020-12-12,"23","27  day ahead inc hosp",2021-01-08,"quantile",0.1,10.8308804471067
"17623",2020-12-12,"23","27  day ahead inc hosp",2021-01-08,"quantile",0.15,12.0583427589863
"17624",2020-12-12,"23","27  day ahead inc hosp",2021-01-08,"quantile",0.2,13.0338908931211
"17625",2020-12-12,"23","27  day ahead inc hosp",2021-01-08,"quantile",0.25,13.8708243277558
"17626",2020-12-12,"23","27  day ahead inc hosp",2021-01-08,"quantile",0.3,14.6224164185729
"17627",2020-12-12,"23","27  day ahead inc hosp",2021-01-08,"quantile",0.35,15.3188785003278
"17628",2020-12-12,"23","27  day ahead inc hosp",2021-01-08,"quantile",0.4,15.9797529087376
"17629",2020-12-12,"23","27  day ahead inc hosp",2021-01-08,"quantile",0.45,16.6191565471114
"17630",2020-12-12,"23","27  day ahead inc hosp",2021-01-08,"quantile",0.5,17.248422682368
"17631",2020-12-12,"23","27  day ahead inc hosp",2021-01-08,"quantile",0.55,17.8776888176245
"17632",2020-12-12,"23","27  day ahead inc hosp",2021-01-08,"quantile",0.6,18.5170924559983
"17633",2020-12-12,"23","27  day ahead inc hosp",2021-01-08,"quantile",0.65,19.1779668644082
"17634",2020-12-12,"23","27  day ahead inc hosp",2021-01-08,"quantile",0.7,19.8744289461631
"17635",2020-12-12,"23","27  day ahead inc hosp",2021-01-08,"quantile",0.75,20.6260210369802
"17636",2020-12-12,"23","27  day ahead inc hosp",2021-01-08,"quantile",0.8,21.4629544716149
"17637",2020-12-12,"23","27  day ahead inc hosp",2021-01-08,"quantile",0.85,22.4385026057496
"17638",2020-12-12,"23","27  day ahead inc hosp",2021-01-08,"quantile",0.9,23.6659649176292
"17639",2020-12-12,"23","27  day ahead inc hosp",2021-01-08,"quantile",0.95,25.4852489682443
"17640",2020-12-12,"23","27  day ahead inc hosp",2021-01-08,"quantile",0.975,27.0632065650841
"17641",2020-12-12,"23","27  day ahead inc hosp",2021-01-08,"quantile",0.99,28.8979232853523
"17642",2020-12-12,"23","28  day ahead inc hosp",2021-01-09,"quantile",0.01,5.4367758755471
"17643",2020-12-12,"23","28  day ahead inc hosp",2021-01-09,"quantile",0.025,7.29702951464519
"17644",2020-12-12,"23","28  day ahead inc hosp",2021-01-09,"quantile",0.05,8.89695027049601
"17645",2020-12-12,"23","28  day ahead inc hosp",2021-01-09,"quantile",0.1,10.7415564368447
"17646",2020-12-12,"23","28  day ahead inc hosp",2021-01-09,"quantile",0.15,11.9861034599928
"17647",2020-12-12,"23","28  day ahead inc hosp",2021-01-09,"quantile",0.2,12.9752299810473
"17648",2020-12-12,"23","28  day ahead inc hosp",2021-01-09,"quantile",0.25,13.8238124626167
"17649",2020-12-12,"23","28  day ahead inc hosp",2021-01-09,"quantile",0.3,14.5858657576101
"17650",2020-12-12,"23","28  day ahead inc hosp",2021-01-09,"quantile",0.35,15.2920217040654
"17651",2020-12-12,"23","28  day ahead inc hosp",2021-01-09,"quantile",0.4,15.9620946421109
"17652",2020-12-12,"23","28  day ahead inc hosp",2021-01-09,"quantile",0.45,16.6103979643608
"17653",2020-12-12,"23","28  day ahead inc hosp",2021-01-09,"quantile",0.5,17.248422682368
"17654",2020-12-12,"23","28  day ahead inc hosp",2021-01-09,"quantile",0.55,17.8864474003752
"17655",2020-12-12,"23","28  day ahead inc hosp",2021-01-09,"quantile",0.6,18.5347507226251
"17656",2020-12-12,"23","28  day ahead inc hosp",2021-01-09,"quantile",0.65,19.2048236606706
"17657",2020-12-12,"23","28  day ahead inc hosp",2021-01-09,"quantile",0.7,19.9109796071258
"17658",2020-12-12,"23","28  day ahead inc hosp",2021-01-09,"quantile",0.75,20.6730329021193
"17659",2020-12-12,"23","28  day ahead inc hosp",2021-01-09,"quantile",0.8,21.5216153836886
"17660",2020-12-12,"23","28  day ahead inc hosp",2021-01-09,"quantile",0.85,22.5107419047432
"17661",2020-12-12,"23","28  day ahead inc hosp",2021-01-09,"quantile",0.9,23.7552889278913
"17662",2020-12-12,"23","28  day ahead inc hosp",2021-01-09,"quantile",0.95,25.59989509424
"17663",2020-12-12,"23","28  day ahead inc hosp",2021-01-09,"quantile",0.975,27.1998158500908
"17664",2020-12-12,"23","28  day ahead inc hosp",2021-01-09,"quantile",0.99,29.0600694891889
"17665",2020-12-12,"23","29  day ahead inc hosp",2021-01-10,"quantile",0.01,5.18477986276475
"17666",2020-12-12,"23","29  day ahead inc hosp",2021-01-10,"quantile",0.025,7.07022457421179
"17667",2020-12-12,"23","29  day ahead inc hosp",2021-01-10,"quantile",0.05,8.69181104202045
"17668",2020-12-12,"23","29  day ahead inc hosp",2021-01-10,"quantile",0.1,10.5613963867001
"17669",2020-12-12,"23","29  day ahead inc hosp",2021-01-10,"quantile",0.15,11.8227967428791
"17670",2020-12-12,"23","29  day ahead inc hosp",2021-01-10,"quantile",0.2,12.8253177587652
"17671",2020-12-12,"23","29  day ahead inc hosp",2021-01-10,"quantile",0.25,13.6853915242315
"17672",2020-12-12,"23","29  day ahead inc hosp",2021-01-10,"quantile",0.3,14.4577643473175
"17673",2020-12-12,"23","29  day ahead inc hosp",2021-01-10,"quantile",0.35,15.1734828744676
"17674",2020-12-12,"23","29  day ahead inc hosp",2021-01-10,"quantile",0.4,15.8526297664657
"17675",2020-12-12,"23","29  day ahead inc hosp",2021-01-10,"quantile",0.45,16.5097122441768
"17676",2020-12-12,"23","29  day ahead inc hosp",2021-01-10,"quantile",0.5,17.1563769274522
"17677",2020-12-12,"23","29  day ahead inc hosp",2021-01-10,"quantile",0.55,17.8030416107275
"17678",2020-12-12,"23","29  day ahead inc hosp",2021-01-10,"quantile",0.6,18.4601240884386
"17679",2020-12-12,"23","29  day ahead inc hosp",2021-01-10,"quantile",0.65,19.1392709804367
"17680",2020-12-12,"23","29  day ahead inc hosp",2021-01-10,"quantile",0.7,19.8549895075868
"17681",2020-12-12,"23","29  day ahead inc hosp",2021-01-10,"quantile",0.75,20.6273623306728
"17682",2020-12-12,"23","29  day ahead inc hosp",2021-01-10,"quantile",0.8,21.4874360961392
"17683",2020-12-12,"23","29  day ahead inc hosp",2021-01-10,"quantile",0.85,22.4899571120252
"17684",2020-12-12,"23","29  day ahead inc hosp",2021-01-10,"quantile",0.9,23.7513574682042
"17685",2020-12-12,"23","29  day ahead inc hosp",2021-01-10,"quantile",0.95,25.6209428128839
"17686",2020-12-12,"23","29  day ahead inc hosp",2021-01-10,"quantile",0.975,27.2425292806925
"17687",2020-12-12,"23","29  day ahead inc hosp",2021-01-10,"quantile",0.99,29.1279739921396
"17688",2020-12-12,"23","30  day ahead inc hosp",2021-01-11,"quantile",0.01,5.0269386770886
"17689",2020-12-12,"23","30  day ahead inc hosp",2021-01-11,"quantile",0.025,6.93724229643019
"17690",2020-12-12,"23","30  day ahead inc hosp",2021-01-11,"quantile",0.05,8.58020879644109
"17691",2020-12-12,"23","30  day ahead inc hosp",2021-01-11,"quantile",0.1,10.4744439489895
"17692",2020-12-12,"23","30  day ahead inc hosp",2021-01-11,"quantile",0.15,11.7524754135124
"17693",2020-12-12,"23","30  day ahead inc hosp",2021-01-11,"quantile",0.2,12.7682143070932
"17694",2020-12-12,"23","30  day ahead inc hosp",2021-01-11,"quantile",0.25,13.6396278346796
"17695",2020-12-12,"23","30  day ahead inc hosp",2021-01-11,"quantile",0.3,14.4221841146194
"17696",2020-12-12,"23","30  day ahead inc hosp",2021-01-11,"quantile",0.35,15.1473391321831
"17697",2020-12-12,"23","30  day ahead inc hosp",2021-01-11,"quantile",0.4,15.8354403307872
"17698",2020-12-12,"23","30  day ahead inc hosp",2021-01-11,"quantile",0.45,16.501186203767
"17699",2020-12-12,"23","30  day ahead inc hosp",2021-01-11,"quantile",0.5,17.1563769274522
"17700",2020-12-12,"23","30  day ahead inc hosp",2021-01-11,"quantile",0.55,17.8115676511373
"17701",2020-12-12,"23","30  day ahead inc hosp",2021-01-11,"quantile",0.6,18.4773135241171
"17702",2020-12-12,"23","30  day ahead inc hosp",2021-01-11,"quantile",0.65,19.1654147227212
"17703",2020-12-12,"23","30  day ahead inc hosp",2021-01-11,"quantile",0.7,19.8905697402849
"17704",2020-12-12,"23","30  day ahead inc hosp",2021-01-11,"quantile",0.75,20.6731260202247
"17705",2020-12-12,"23","30  day ahead inc hosp",2021-01-11,"quantile",0.8,21.5445395478111
"17706",2020-12-12,"23","30  day ahead inc hosp",2021-01-11,"quantile",0.85,22.5602784413919
"17707",2020-12-12,"23","30  day ahead inc hosp",2021-01-11,"quantile",0.9,23.8383099059148
"17708",2020-12-12,"23","30  day ahead inc hosp",2021-01-11,"quantile",0.95,25.7325450584632
"17709",2020-12-12,"23","30  day ahead inc hosp",2021-01-11,"quantile",0.975,27.3755115584741
"17710",2020-12-12,"23","30  day ahead inc hosp",2021-01-11,"quantile",0.99,29.2858151778157
"17711",2020-12-12,"23","31  day ahead inc hosp",2021-01-12,"quantile",0.01,4.87112527111509
"17712",2020-12-12,"23","31  day ahead inc hosp",2021-01-12,"quantile",0.025,6.80596843690799
"17713",2020-12-12,"23","31  day ahead inc hosp",2021-01-12,"quantile",0.05,8.47004030066147
"17714",2020-12-12,"23","31  day ahead inc hosp",2021-01-12,"quantile",0.1,10.3886085859355
"17715",2020-12-12,"23","31  day ahead inc hosp",2021-01-12,"quantile",0.15,11.6830574995865
"17716",2020-12-12,"23","31  day ahead inc hosp",2021-01-12,"quantile",0.2,12.7118444612907
"17717",2020-12-12,"23","31  day ahead inc hosp",2021-01-12,"quantile",0.25,13.5944520695049
"17718",2020-12-12,"23","31  day ahead inc hosp",2021-01-12,"quantile",0.3,14.3870609798161
"17719",2020-12-12,"23","31  day ahead inc hosp",2021-01-12,"quantile",0.35,15.1215312575603
"17720",2020-12-12,"23","31  day ahead inc hosp",2021-01-12,"quantile",0.4,15.8184717271344
"17721",2020-12-12,"23","31  day ahead inc hosp",2021-01-12,"quantile",0.45,16.4927696970738
"17722",2020-12-12,"23","31  day ahead inc hosp",2021-01-12,"quantile",0.5,17.1563769274522
"17723",2020-12-12,"23","31  day ahead inc hosp",2021-01-12,"quantile",0.55,17.8199841578305
"17724",2020-12-12,"23","31  day ahead inc hosp",2021-01-12,"quantile",0.6,18.4942821277699
"17725",2020-12-12,"23","31  day ahead inc hosp",2021-01-12,"quantile",0.65,19.191222597344
"17726",2020-12-12,"23","31  day ahead inc hosp",2021-01-12,"quantile",0.7,19.9256928750882
"17727",2020-12-12,"23","31  day ahead inc hosp",2021-01-12,"quantile",0.75,20.7183017853994
"17728",2020-12-12,"23","31  day ahead inc hosp",2021-01-12,"quantile",0.8,21.6009093936136
"17729",2020-12-12,"23","31  day ahead inc hosp",2021-01-12,"quantile",0.85,22.6296963553178
"17730",2020-12-12,"23","31  day ahead inc hosp",2021-01-12,"quantile",0.9,23.9241452689688
"17731",2020-12-12,"23","31  day ahead inc hosp",2021-01-12,"quantile",0.95,25.8427135542428
"17732",2020-12-12,"23","31  day ahead inc hosp",2021-01-12,"quantile",0.975,27.5067854179963
"17733",2020-12-12,"23","31  day ahead inc hosp",2021-01-12,"quantile",0.99,29.4416285837892
"17734",2020-12-12,"23","32  day ahead inc hosp",2021-01-13,"quantile",0.01,4.71726344418162
"17735",2020-12-12,"23","32  day ahead inc hosp",2021-01-13,"quantile",0.025,6.67633879606613
"17736",2020-12-12,"23","32  day ahead inc hosp",2021-01-13,"quantile",0.05,8.36125167669643
"17737",2020-12-12,"23","32  day ahead inc hosp",2021-01-13,"quantile",0.1,10.3038483196897
"17738",2020-12-12,"23","32  day ahead inc hosp",2021-01-13,"quantile",0.15,11.614509052219
"17739",2020-12-12,"23","32  day ahead inc hosp",2021-01-13,"quantile",0.2,12.6561806536425
"17740",2020-12-12,"23","32  day ahead inc hosp",2021-01-13,"quantile",0.25,13.5498421354658
"17741",2020-12-12,"23","32  day ahead inc hosp",2021-01-13,"quantile",0.3,14.3523777659123
"17742",2020-12-12,"23","32  day ahead inc hosp",2021-01-13,"quantile",0.35,15.0960466292388
"17743",2020-12-12,"23","32  day ahead inc hosp",2021-01-13,"quantile",0.4,15.801715656999
"17744",2020-12-12,"23","32  day ahead inc hosp",2021-01-13,"quantile",0.45,16.4844586079982
"17745",2020-12-12,"23","32  day ahead inc hosp",2021-01-13,"quantile",0.5,17.1563769274522
"17746",2020-12-12,"23","32  day ahead inc hosp",2021-01-13,"quantile",0.55,17.8282952469061
"17747",2020-12-12,"23","32  day ahead inc hosp",2021-01-13,"quantile",0.6,18.5110381979053
"17748",2020-12-12,"23","32  day ahead inc hosp",2021-01-13,"quantile",0.65,19.2167072256655
"17749",2020-12-12,"23","32  day ahead inc hosp",2021-01-13,"quantile",0.7,19.960376088992
"17750",2020-12-12,"23","32  day ahead inc hosp",2021-01-13,"quantile",0.75,20.7629117194385
"17751",2020-12-12,"23","32  day ahead inc hosp",2021-01-13,"quantile",0.8,21.6565732012618
"17752",2020-12-12,"23","32  day ahead inc hosp",2021-01-13,"quantile",0.85,22.6982448026853
"17753",2020-12-12,"23","32  day ahead inc hosp",2021-01-13,"quantile",0.9,24.0089055352146
"17754",2020-12-12,"23","32  day ahead inc hosp",2021-01-13,"quantile",0.95,25.9515021782079
"17755",2020-12-12,"23","32  day ahead inc hosp",2021-01-13,"quantile",0.975,27.6364150588382
"17756",2020-12-12,"23","32  day ahead inc hosp",2021-01-13,"quantile",0.99,29.5954904107227
"17757",2020-12-12,"23","33  day ahead inc hosp",2021-01-14,"quantile",0.01,4.56528165182847
"17758",2020-12-12,"23","33  day ahead inc hosp",2021-01-14,"quantile",0.025,6.54829309720829
"17759",2020-12-12,"23","33  day ahead inc hosp",2021-01-14,"quantile",0.05,8.25379233874779
"17760",2020-12-12,"23","33  day ahead inc hosp",2021-01-14,"quantile",0.1,10.2201237374387
"17761",2020-12-12,"23","33  day ahead inc hosp",2021-01-14,"quantile",0.15,11.5467981969562
"17762",2020-12-12,"23","33  day ahead inc hosp",2021-01-14,"quantile",0.2,12.6011970009445
"17763",2020-12-12,"23","33  day ahead inc hosp",2021-01-14,"quantile",0.25,13.5057772893168
"17764",2020-12-12,"23","33  day ahead inc hosp",2021-01-14,"quantile",0.3,14.3181183455042
"17765",2020-12-12,"23","33  day ahead inc hosp",2021-01-14,"quantile",0.35,15.0708733970802
"17766",2020-12-12,"23","33  day ahead inc hosp",2021-01-14,"quantile",0.4,15.7851643289489
"17767",2020-12-12,"23","33  day ahead inc hosp",2021-01-14,"quantile",0.45,16.4762490719534
"17768",2020-12-12,"23","33  day ahead inc hosp",2021-01-14,"quantile",0.5,17.1563769274522
"17769",2020-12-12,"23","33  day ahead inc hosp",2021-01-14,"quantile",0.55,17.8365047829509
"17770",2020-12-12,"23","33  day ahead inc hosp",2021-01-14,"quantile",0.6,18.5275895259554
"17771",2020-12-12,"23","33  day ahead inc hosp",2021-01-14,"quantile",0.65,19.2418804578241
"17772",2020-12-12,"23","33  day ahead inc hosp",2021-01-14,"quantile",0.7,19.9946355094001
"17773",2020-12-12,"23","33  day ahead inc hosp",2021-01-14,"quantile",0.75,20.8069765655875
"17774",2020-12-12,"23","33  day ahead inc hosp",2021-01-14,"quantile",0.8,21.7115568539598
"17775",2020-12-12,"23","33  day ahead inc hosp",2021-01-14,"quantile",0.85,22.7659556579481
"17776",2020-12-12,"23","33  day ahead inc hosp",2021-01-14,"quantile",0.9,24.0926301174656
"17777",2020-12-12,"23","33  day ahead inc hosp",2021-01-14,"quantile",0.95,26.0589615161565
"17778",2020-12-12,"23","33  day ahead inc hosp",2021-01-14,"quantile",0.975,27.764460757696
"17779",2020-12-12,"23","33  day ahead inc hosp",2021-01-14,"quantile",0.99,29.7474722030758
"17780",2020-12-12,"23","34  day ahead inc hosp",2021-01-15,"quantile",0.01,4.41511261695364
"17781",2020-12-12,"23","34  day ahead inc hosp",2021-01-15,"quantile",0.025,6.42177465891618
"17782",2020-12-12,"23","34  day ahead inc hosp",2021-01-15,"quantile",0.05,8.14761471826981
"17783",2020-12-12,"23","34  day ahead inc hosp",2021-01-15,"quantile",0.1,10.1373977771953
"17784",2020-12-12,"23","34  day ahead inc hosp",2021-01-15,"quantile",0.15,11.4798949605361
"17785",2020-12-12,"23","34  day ahead inc hosp",2021-01-15,"quantile",0.2,12.5468691638286
"17786",2020-12-12,"23","34  day ahead inc hosp",2021-01-15,"quantile",0.25,13.4622380250691
"17787",2020-12-12,"23","34  day ahead inc hosp",2021-01-15,"quantile",0.3,14.284267553127
"17788",2020-12-12,"23","34  day ahead inc hosp",2021-01-15,"quantile",0.35,15.046000417762
"17789",2020-12-12,"23","34  day ahead inc hosp",2021-01-15,"quantile",0.4,15.7688104162814
"17790",2020-12-12,"23","34  day ahead inc hosp",2021-01-15,"quantile",0.45,16.4681374548609
"17791",2020-12-12,"23","34  day ahead inc hosp",2021-01-15,"quantile",0.5,17.1563769274522
"17792",2020-12-12,"23","34  day ahead inc hosp",2021-01-15,"quantile",0.55,17.8446164000434
"17793",2020-12-12,"23","34  day ahead inc hosp",2021-01-15,"quantile",0.6,18.5439434386229
"17794",2020-12-12,"23","34  day ahead inc hosp",2021-01-15,"quantile",0.65,19.2667534371423
"17795",2020-12-12,"23","34  day ahead inc hosp",2021-01-15,"quantile",0.7,20.0284863017773
"17796",2020-12-12,"23","34  day ahead inc hosp",2021-01-15,"quantile",0.75,20.8505158298352
"17797",2020-12-12,"23","34  day ahead inc hosp",2021-01-15,"quantile",0.8,21.7658846910757
"17798",2020-12-12,"23","34  day ahead inc hosp",2021-01-15,"quantile",0.85,22.8328588943682
"17799",2020-12-12,"23","34  day ahead inc hosp",2021-01-15,"quantile",0.9,24.175356077709
"17800",2020-12-12,"23","34  day ahead inc hosp",2021-01-15,"quantile",0.95,26.1651391366345
"17801",2020-12-12,"23","34  day ahead inc hosp",2021-01-15,"quantile",0.975,27.8909791959881
"17802",2020-12-12,"23","34  day ahead inc hosp",2021-01-15,"quantile",0.99,29.8976412379507
"17803",2020-12-12,"23","35  day ahead inc hosp",2021-01-16,"quantile",0.01,4.26669298174839
"17804",2020-12-12,"23","35  day ahead inc hosp",2021-01-16,"quantile",0.025,6.2967301018029
"17805",2020-12-12,"23","35  day ahead inc hosp",2021-01-16,"quantile",0.05,8.04267401786883
"17806",2020-12-12,"23","35  day ahead inc hosp",2021-01-16,"quantile",0.1,10.0556355360545
"17807",2020-12-12,"23","35  day ahead inc hosp",2021-01-16,"quantile",0.15,11.4137711158181
"17808",2020-12-12,"23","35  day ahead inc hosp",2021-01-16,"quantile",0.2,12.4931742208402
"17809",2020-12-12,"23","35  day ahead inc hosp",2021-01-16,"quantile",0.25,13.4192059730743
"17810",2020-12-12,"23","35  day ahead inc hosp",2021-01-16,"quantile",0.3,14.2508111067949
"17811",2020-12-12,"23","35  day ahead inc hosp",2021-01-16,"quantile",0.35,15.021417197127
"17812",2020-12-12,"23","35  day ahead inc hosp",2021-01-16,"quantile",0.4,15.7526470191183
"17813",2020-12-12,"23","35  day ahead inc hosp",2021-01-16,"quantile",0.45,16.4601203343486
"17814",2020-12-12,"23","35  day ahead inc hosp",2021-01-16,"quantile",0.5,17.1563769274522
"17815",2020-12-12,"23","35  day ahead inc hosp",2021-01-16,"quantile",0.55,17.8526335205557
"17816",2020-12-12,"23","35  day ahead inc hosp",2021-01-16,"quantile",0.6,18.560106835786
"17817",2020-12-12,"23","35  day ahead inc hosp",2021-01-16,"quantile",0.65,19.2913366577773
"17818",2020-12-12,"23","35  day ahead inc hosp",2021-01-16,"quantile",0.7,20.0619427481094
"17819",2020-12-12,"23","35  day ahead inc hosp",2021-01-16,"quantile",0.75,20.89354788183
"17820",2020-12-12,"23","35  day ahead inc hosp",2021-01-16,"quantile",0.8,21.8195796340641
"17821",2020-12-12,"23","35  day ahead inc hosp",2021-01-16,"quantile",0.85,22.8989827390862
"17822",2020-12-12,"23","35  day ahead inc hosp",2021-01-16,"quantile",0.9,24.2571183188498
"17823",2020-12-12,"23","35  day ahead inc hosp",2021-01-16,"quantile",0.95,26.2700798370355
"17824",2020-12-12,"23","35  day ahead inc hosp",2021-01-16,"quantile",0.975,28.0160237531014
"17825",2020-12-12,"23","35  day ahead inc hosp",2021-01-16,"quantile",0.99,30.0460608731559
"17826",2020-12-12,"23","36  day ahead inc hosp",2021-01-17,"quantile",0.01,5.19357261289157
"17827",2020-12-12,"23","36  day ahead inc hosp",2021-01-17,"quantile",0.025,7.24671870290688
"17828",2020-12-12,"23","36  day ahead inc hosp",2021-01-17,"quantile",0.05,9.01253760801169
"17829",2020-12-12,"23","36  day ahead inc hosp",2021-01-17,"quantile",0.1,11.0484137156876
"17830",2020-12-12,"23","36  day ahead inc hosp",2021-01-17,"quantile",0.15,12.422009660193
"17831",2020-12-12,"23","36  day ahead inc hosp",2021-01-17,"quantile",0.2,13.5137001730084
"17832",2020-12-12,"23","36  day ahead inc hosp",2021-01-17,"quantile",0.25,14.4502734270375
"17833",2020-12-12,"23","36  day ahead inc hosp",2021-01-17,"quantile",0.3,15.2913451551689
"17834",2020-12-12,"23","36  day ahead inc hosp",2021-01-17,"quantile",0.35,16.0707234560272
"17835",2020-12-12,"23","36  day ahead inc hosp",2021-01-17,"quantile",0.4,16.8102772479715
"17836",2020-12-12,"23","36  day ahead inc hosp",2021-01-17,"quantile",0.45,17.5258041004639
"17837",2020-12-12,"23","36  day ahead inc hosp",2021-01-17,"quantile",0.5,18.2299865450389
"17838",2020-12-12,"23","36  day ahead inc hosp",2021-01-17,"quantile",0.55,18.9341689896138
"17839",2020-12-12,"23","36  day ahead inc hosp",2021-01-17,"quantile",0.6,19.6496958421062
"17840",2020-12-12,"23","36  day ahead inc hosp",2021-01-17,"quantile",0.65,20.3892496340505
"17841",2020-12-12,"23","36  day ahead inc hosp",2021-01-17,"quantile",0.7,21.1686279349088
"17842",2020-12-12,"23","36  day ahead inc hosp",2021-01-17,"quantile",0.75,22.0096996630402
"17843",2020-12-12,"23","36  day ahead inc hosp",2021-01-17,"quantile",0.8,22.9462729170693
"17844",2020-12-12,"23","36  day ahead inc hosp",2021-01-17,"quantile",0.85,24.0379634298847
"17845",2020-12-12,"23","36  day ahead inc hosp",2021-01-17,"quantile",0.9,25.4115593743901
"17846",2020-12-12,"23","36  day ahead inc hosp",2021-01-17,"quantile",0.95,27.447435482066
"17847",2020-12-12,"23","36  day ahead inc hosp",2021-01-17,"quantile",0.975,29.2132543871708
"17848",2020-12-12,"23","36  day ahead inc hosp",2021-01-17,"quantile",0.99,31.2664004771861
"17849",2020-12-12,"23","37  day ahead inc hosp",2021-01-18,"quantile",0.01,5.04847585011341
"17850",2020-12-12,"23","37  day ahead inc hosp",2021-01-18,"quantile",0.025,7.12447368852535
"17851",2020-12-12,"23","37  day ahead inc hosp",2021-01-18,"quantile",0.05,8.9099463579335
"17852",2020-12-12,"23","37  day ahead inc hosp",2021-01-18,"quantile",0.1,10.9684819971476
"17853",2020-12-12,"23","37  day ahead inc hosp",2021-01-18,"quantile",0.15,12.3573662200056
"17854",2020-12-12,"23","37  day ahead inc hosp",2021-01-18,"quantile",0.2,13.4612073718072
"17855",2020-12-12,"23","37  day ahead inc hosp",2021-01-18,"quantile",0.25,14.4082047921731
"17856",2020-12-12,"23","37  day ahead inc hosp",2021-01-18,"quantile",0.3,15.2586377438474
"17857",2020-12-12,"23","37  day ahead inc hosp",2021-01-18,"quantile",0.35,16.0466906134194
"17858",2020-12-12,"23","37  day ahead inc hosp",2021-01-18,"quantile",0.4,16.794475722785
"17859",2020-12-12,"23","37  day ahead inc hosp",2021-01-18,"quantile",0.45,17.5179664701428
"17860",2020-12-12,"23","37  day ahead inc hosp",2021-01-18,"quantile",0.5,18.2299865450389
"17861",2020-12-12,"23","37  day ahead inc hosp",2021-01-18,"quantile",0.55,18.9420066199349
"17862",2020-12-12,"23","37  day ahead inc hosp",2021-01-18,"quantile",0.6,19.6654973672927
"17863",2020-12-12,"23","37  day ahead inc hosp",2021-01-18,"quantile",0.65,20.4132824766583
"17864",2020-12-12,"23","37  day ahead inc hosp",2021-01-18,"quantile",0.7,21.2013353462303
"17865",2020-12-12,"23","37  day ahead inc hosp",2021-01-18,"quantile",0.75,22.0517682979046
"17866",2020-12-12,"23","37  day ahead inc hosp",2021-01-18,"quantile",0.8,22.9987657182705
"17867",2020-12-12,"23","37  day ahead inc hosp",2021-01-18,"quantile",0.85,24.1026068700721
"17868",2020-12-12,"23","37  day ahead inc hosp",2021-01-18,"quantile",0.9,25.4914910929301
"17869",2020-12-12,"23","37  day ahead inc hosp",2021-01-18,"quantile",0.95,27.5500267321442
"17870",2020-12-12,"23","37  day ahead inc hosp",2021-01-18,"quantile",0.975,29.3354994015524
"17871",2020-12-12,"23","37  day ahead inc hosp",2021-01-18,"quantile",0.99,31.4114972399643
"17872",2020-12-12,"24","1  day ahead inc hosp",2020-12-13,"quantile",0.01,155.202431084986
"17873",2020-12-12,"24","1  day ahead inc hosp",2020-12-13,"quantile",0.025,160.864110957261
"17874",2020-12-12,"24","1  day ahead inc hosp",2020-12-13,"quantile",0.05,165.733467990224
"17875",2020-12-12,"24","1  day ahead inc hosp",2020-12-13,"quantile",0.1,171.347524796669
"17876",2020-12-12,"24","1  day ahead inc hosp",2020-12-13,"quantile",0.15,175.135302271182
"17877",2020-12-12,"24","1  day ahead inc hosp",2020-12-13,"quantile",0.2,178.145707732936
"17878",2020-12-12,"24","1  day ahead inc hosp",2020-12-13,"quantile",0.25,180.728367567536
"17879",2020-12-12,"24","1  day ahead inc hosp",2020-12-13,"quantile",0.3,183.047675919465
"17880",2020-12-12,"24","1  day ahead inc hosp",2020-12-13,"quantile",0.35,185.196860753567
"17881",2020-12-12,"24","1  day ahead inc hosp",2020-12-13,"quantile",0.4,187.236226991888
"17882",2020-12-12,"24","1  day ahead inc hosp",2020-12-13,"quantile",0.45,189.209337428855
"17883",2020-12-12,"24","1  day ahead inc hosp",2020-12-13,"quantile",0.5,191.151164945294
"17884",2020-12-12,"24","1  day ahead inc hosp",2020-12-13,"quantile",0.55,193.092992461733
"17885",2020-12-12,"24","1  day ahead inc hosp",2020-12-13,"quantile",0.6,195.0661028987
"17886",2020-12-12,"24","1  day ahead inc hosp",2020-12-13,"quantile",0.65,197.105469137021
"17887",2020-12-12,"24","1  day ahead inc hosp",2020-12-13,"quantile",0.7,199.254653971123
"17888",2020-12-12,"24","1  day ahead inc hosp",2020-12-13,"quantile",0.75,201.573962323052
"17889",2020-12-12,"24","1  day ahead inc hosp",2020-12-13,"quantile",0.8,204.156622157652
"17890",2020-12-12,"24","1  day ahead inc hosp",2020-12-13,"quantile",0.85,207.167027619406
"17891",2020-12-12,"24","1  day ahead inc hosp",2020-12-13,"quantile",0.9,210.954805093919
"17892",2020-12-12,"24","1  day ahead inc hosp",2020-12-13,"quantile",0.95,216.568861900364
"17893",2020-12-12,"24","1  day ahead inc hosp",2020-12-13,"quantile",0.975,221.438218933327
"17894",2020-12-12,"24","1  day ahead inc hosp",2020-12-13,"quantile",0.99,227.099898805602
"17895",2020-12-12,"24","2  day ahead inc hosp",2020-12-14,"quantile",0.01,153.08765904132
"17896",2020-12-12,"24","2  day ahead inc hosp",2020-12-14,"quantile",0.025,159.267218763604
"17897",2020-12-12,"24","2  day ahead inc hosp",2020-12-14,"quantile",0.05,164.5819810379
"17898",2020-12-12,"24","2  day ahead inc hosp",2020-12-14,"quantile",0.1,170.709561562118
"17899",2020-12-12,"24","2  day ahead inc hosp",2020-12-14,"quantile",0.15,174.843811051055
"17900",2020-12-12,"24","2  day ahead inc hosp",2020-12-14,"quantile",0.2,178.129581486485
"17901",2020-12-12,"24","2  day ahead inc hosp",2020-12-14,"quantile",0.25,180.948479949538
"17902",2020-12-12,"24","2  day ahead inc hosp",2020-12-14,"quantile",0.3,183.479937891078
"17903",2020-12-12,"24","2  day ahead inc hosp",2020-12-14,"quantile",0.35,185.825710936566
"17904",2020-12-12,"24","2  day ahead inc hosp",2020-12-14,"quantile",0.4,188.051620163087
"17905",2020-12-12,"24","2  day ahead inc hosp",2020-12-14,"quantile",0.45,190.205213099984
"17906",2020-12-12,"24","2  day ahead inc hosp",2020-12-14,"quantile",0.5,192.324661634502
"17907",2020-12-12,"24","2  day ahead inc hosp",2020-12-14,"quantile",0.55,194.44411016902
"17908",2020-12-12,"24","2  day ahead inc hosp",2020-12-14,"quantile",0.6,196.597703105917
"17909",2020-12-12,"24","2  day ahead inc hosp",2020-12-14,"quantile",0.65,198.823612332438
"17910",2020-12-12,"24","2  day ahead inc hosp",2020-12-14,"quantile",0.7,201.169385377925
"17911",2020-12-12,"24","2  day ahead inc hosp",2020-12-14,"quantile",0.75,203.700843319466
"17912",2020-12-12,"24","2  day ahead inc hosp",2020-12-14,"quantile",0.8,206.519741782518
"17913",2020-12-12,"24","2  day ahead inc hosp",2020-12-14,"quantile",0.85,209.805512217949
"17914",2020-12-12,"24","2  day ahead inc hosp",2020-12-14,"quantile",0.9,213.939761706885
"17915",2020-12-12,"24","2  day ahead inc hosp",2020-12-14,"quantile",0.95,220.067342231104
"17916",2020-12-12,"24","2  day ahead inc hosp",2020-12-14,"quantile",0.975,225.3821045054
"17917",2020-12-12,"24","2  day ahead inc hosp",2020-12-14,"quantile",0.99,231.561664227683
"17918",2020-12-12,"24","3  day ahead inc hosp",2020-12-15,"quantile",0.01,151.227917268856
"17919",2020-12-12,"24","3  day ahead inc hosp",2020-12-15,"quantile",0.025,157.885191316573
"17920",2020-12-12,"24","3  day ahead inc hosp",2020-12-15,"quantile",0.05,163.610814265223
"17921",2020-12-12,"24","3  day ahead inc hosp",2020-12-15,"quantile",0.1,170.212090833855
"17922",2020-12-12,"24","3  day ahead inc hosp",2020-12-15,"quantile",0.15,174.66594079508
"17923",2020-12-12,"24","3  day ahead inc hosp",2020-12-15,"quantile",0.2,178.205719554345
"17924",2020-12-12,"24","3  day ahead inc hosp",2020-12-15,"quantile",0.25,181.242534541918
"17925",2020-12-12,"24","3  day ahead inc hosp",2020-12-15,"quantile",0.3,183.96968825747
"17926",2020-12-12,"24","3  day ahead inc hosp",2020-12-15,"quantile",0.35,186.49680260208
"17927",2020-12-12,"24","3  day ahead inc hosp",2020-12-15,"quantile",0.4,188.894786988064
"17928",2020-12-12,"24","3  day ahead inc hosp",2020-12-15,"quantile",0.45,191.214864633151
"17929",2020-12-12,"24","3  day ahead inc hosp",2020-12-15,"quantile",0.5,193.498158323709
"17930",2020-12-12,"24","3  day ahead inc hosp",2020-12-15,"quantile",0.55,195.781452014268
"17931",2020-12-12,"24","3  day ahead inc hosp",2020-12-15,"quantile",0.6,198.101529659355
"17932",2020-12-12,"24","3  day ahead inc hosp",2020-12-15,"quantile",0.65,200.499514045339
"17933",2020-12-12,"24","3  day ahead inc hosp",2020-12-15,"quantile",0.7,203.026628389949
"17934",2020-12-12,"24","3  day ahead inc hosp",2020-12-15,"quantile",0.75,205.753782105501
"17935",2020-12-12,"24","3  day ahead inc hosp",2020-12-15,"quantile",0.8,208.790597093074
"17936",2020-12-12,"24","3  day ahead inc hosp",2020-12-15,"quantile",0.85,212.330375852338
"17937",2020-12-12,"24","3  day ahead inc hosp",2020-12-15,"quantile",0.9,216.784225813564
"17938",2020-12-12,"24","3  day ahead inc hosp",2020-12-15,"quantile",0.95,223.385502382196
"17939",2020-12-12,"24","3  day ahead inc hosp",2020-12-15,"quantile",0.975,229.111125330846
"17940",2020-12-12,"24","3  day ahead inc hosp",2020-12-15,"quantile",0.99,235.768399378562
"17941",2020-12-12,"24","4  day ahead inc hosp",2020-12-16,"quantile",0.01,149.57171947889
"17942",2020-12-12,"24","4  day ahead inc hosp",2020-12-16,"quantile",0.025,156.674651066026
"17943",2020-12-12,"24","4  day ahead inc hosp",2020-12-16,"quantile",0.05,162.783564084552
"17944",2020-12-12,"24","4  day ahead inc hosp",2020-12-16,"quantile",0.1,169.826749556366
"17945",2020-12-12,"24","4  day ahead inc hosp",2020-12-16,"quantile",0.15,174.578753356601
"17946",2020-12-12,"24","4  day ahead inc hosp",2020-12-16,"quantile",0.2,178.355495335441
"17947",2020-12-12,"24","4  day ahead inc hosp",2020-12-16,"quantile",0.25,181.595603665804
"17948",2020-12-12,"24","4  day ahead inc hosp",2020-12-16,"quantile",0.3,184.505321086228
"17949",2020-12-12,"24","4  day ahead inc hosp",2020-12-16,"quantile",0.35,187.201607910831
"17950",2020-12-12,"24","4  day ahead inc hosp",2020-12-16,"quantile",0.4,189.760120436917
"17951",2020-12-12,"24","4  day ahead inc hosp",2020-12-16,"quantile",0.45,192.235510915328
"17952",2020-12-12,"24","4  day ahead inc hosp",2020-12-16,"quantile",0.5,194.671655012917
"17953",2020-12-12,"24","4  day ahead inc hosp",2020-12-16,"quantile",0.55,197.107799110506
"17954",2020-12-12,"24","4  day ahead inc hosp",2020-12-16,"quantile",0.6,199.583189588918
"17955",2020-12-12,"24","4  day ahead inc hosp",2020-12-16,"quantile",0.65,202.141702115003
"17956",2020-12-12,"24","4  day ahead inc hosp",2020-12-16,"quantile",0.7,204.837988939607
"17957",2020-12-12,"24","4  day ahead inc hosp",2020-12-16,"quantile",0.75,207.74770636003
"17958",2020-12-12,"24","4  day ahead inc hosp",2020-12-16,"quantile",0.8,210.987814690393
"17959",2020-12-12,"24","4  day ahead inc hosp",2020-12-16,"quantile",0.85,214.764556669234
"17960",2020-12-12,"24","4  day ahead inc hosp",2020-12-16,"quantile",0.9,219.516560469468
"17961",2020-12-12,"24","4  day ahead inc hosp",2020-12-16,"quantile",0.95,226.559745941282
"17962",2020-12-12,"24","4  day ahead inc hosp",2020-12-16,"quantile",0.975,232.668658959808
"17963",2020-12-12,"24","4  day ahead inc hosp",2020-12-16,"quantile",0.99,239.771590546945
"17964",2020-12-12,"24","5  day ahead inc hosp",2020-12-17,"quantile",0.01,148.082874835214
"17965",2020-12-12,"24","5  day ahead inc hosp",2020-12-17,"quantile",0.025,155.605106985093
"17966",2020-12-12,"24","5  day ahead inc hosp",2020-12-17,"quantile",0.05,162.074641619496
"17967",2020-12-12,"24","5  day ahead inc hosp",2020-12-17,"quantile",0.1,169.533600718804
"17968",2020-12-12,"24","5  day ahead inc hosp",2020-12-17,"quantile",0.15,174.56612501162
"17969",2020-12-12,"24","5  day ahead inc hosp",2020-12-17,"quantile",0.2,178.565815785284
"17970",2020-12-12,"24","5  day ahead inc hosp",2020-12-17,"quantile",0.25,181.997194329868
"17971",2020-12-12,"24","5  day ahead inc hosp",2020-12-17,"quantile",0.3,185.078678314116
"17972",2020-12-12,"24","5  day ahead inc hosp",2020-12-17,"quantile",0.35,187.934132458439
"17973",2020-12-12,"24","5  day ahead inc hosp",2020-12-17,"quantile",0.4,190.643679205931
"17974",2020-12-12,"24","5  day ahead inc hosp",2020-12-17,"quantile",0.45,193.265197041459
"17975",2020-12-12,"24","5  day ahead inc hosp",2020-12-17,"quantile",0.5,195.845151702125
"17976",2020-12-12,"24","5  day ahead inc hosp",2020-12-17,"quantile",0.55,198.42510636279
"17977",2020-12-12,"24","5  day ahead inc hosp",2020-12-17,"quantile",0.6,201.046624198319
"17978",2020-12-12,"24","5  day ahead inc hosp",2020-12-17,"quantile",0.65,203.756170945811
"17979",2020-12-12,"24","5  day ahead inc hosp",2020-12-17,"quantile",0.7,206.611625090134
"17980",2020-12-12,"24","5  day ahead inc hosp",2020-12-17,"quantile",0.75,209.693109074382
"17981",2020-12-12,"24","5  day ahead inc hosp",2020-12-17,"quantile",0.8,213.124487618966
"17982",2020-12-12,"24","5  day ahead inc hosp",2020-12-17,"quantile",0.85,217.124178392629
"17983",2020-12-12,"24","5  day ahead inc hosp",2020-12-17,"quantile",0.9,222.156702685445
"17984",2020-12-12,"24","5  day ahead inc hosp",2020-12-17,"quantile",0.95,229.615661784754
"17985",2020-12-12,"24","5  day ahead inc hosp",2020-12-17,"quantile",0.975,236.085196419157
"17986",2020-12-12,"24","5  day ahead inc hosp",2020-12-17,"quantile",0.99,243.607428569036
"17987",2020-12-12,"24","6  day ahead inc hosp",2020-12-18,"quantile",0.01,146.734794145168
"17988",2020-12-12,"24","6  day ahead inc hosp",2020-12-18,"quantile",0.025,154.654157497219
"17989",2020-12-12,"24","6  day ahead inc hosp",2020-12-18,"quantile",0.05,161.465246874371
"17990",2020-12-12,"24","6  day ahead inc hosp",2020-12-18,"quantile",0.1,169.317996717576
"17991",2020-12-12,"24","6  day ahead inc hosp",2020-12-18,"quantile",0.15,174.616209755773
"17992",2020-12-12,"24","6  day ahead inc hosp",2020-12-18,"quantile",0.2,178.827061521761
"17993",2020-12-12,"24","6  day ahead inc hosp",2020-12-18,"quantile",0.25,182.439597395627
"17994",2020-12-12,"24","6  day ahead inc hosp",2020-12-18,"quantile",0.3,185.683766260475
"17995",2020-12-12,"24","6  day ahead inc hosp",2020-12-18,"quantile",0.35,188.689972191566
"17996",2020-12-12,"24","6  day ahead inc hosp",2020-12-18,"quantile",0.4,191.542567642652
"17997",2020-12-12,"24","6  day ahead inc hosp",2020-12-18,"quantile",0.45,194.302486754397
"17998",2020-12-12,"24","6  day ahead inc hosp",2020-12-18,"quantile",0.5,197.018648391333
"17999",2020-12-12,"24","6  day ahead inc hosp",2020-12-18,"quantile",0.55,199.734810028269
"18000",2020-12-12,"24","6  day ahead inc hosp",2020-12-18,"quantile",0.6,202.494729140013
"18001",2020-12-12,"24","6  day ahead inc hosp",2020-12-18,"quantile",0.65,205.3473245911
"18002",2020-12-12,"24","6  day ahead inc hosp",2020-12-18,"quantile",0.7,208.353530522191
"18003",2020-12-12,"24","6  day ahead inc hosp",2020-12-18,"quantile",0.75,211.597699387038
"18004",2020-12-12,"24","6  day ahead inc hosp",2020-12-18,"quantile",0.8,215.210235260904
"18005",2020-12-12,"24","6  day ahead inc hosp",2020-12-18,"quantile",0.85,219.421087026892
"18006",2020-12-12,"24","6  day ahead inc hosp",2020-12-18,"quantile",0.9,224.719300065089
"18007",2020-12-12,"24","6  day ahead inc hosp",2020-12-18,"quantile",0.95,232.572049908294
"18008",2020-12-12,"24","6  day ahead inc hosp",2020-12-18,"quantile",0.975,239.383139285446
"18009",2020-12-12,"24","6  day ahead inc hosp",2020-12-18,"quantile",0.99,247.302502637497
"18010",2020-12-12,"24","7  day ahead inc hosp",2020-12-19,"quantile",0.01,145.507262009705
"18011",2020-12-12,"24","7  day ahead inc hosp",2020-12-19,"quantile",0.025,153.804770990534
"18012",2020-12-12,"24","7  day ahead inc hosp",2020-12-19,"quantile",0.05,160.941086469924
"18013",2020-12-12,"24","7  day ahead inc hosp",2020-12-19,"quantile",0.1,169.168801180264
"18014",2020-12-12,"24","7  day ahead inc hosp",2020-12-19,"quantile",0.15,174.720001234168
"18015",2020-12-12,"24","7  day ahead inc hosp",2020-12-19,"quantile",0.2,179.131919060387
"18016",2020-12-12,"24","7  day ahead inc hosp",2020-12-19,"quantile",0.25,182.916951710671
"18017",2020-12-12,"24","7  day ahead inc hosp",2020-12-19,"quantile",0.3,186.316028011978
"18018",2020-12-12,"24","7  day ahead inc hosp",2020-12-19,"quantile",0.35,189.465778768773
"18019",2020-12-12,"24","7  day ahead inc hosp",2020-12-19,"quantile",0.4,192.454584222172
"18020",2020-12-12,"24","7  day ahead inc hosp",2020-12-19,"quantile",0.45,195.3462880875
"18021",2020-12-12,"24","7  day ahead inc hosp",2020-12-19,"quantile",0.5,198.19214508054
"18022",2020-12-12,"24","7  day ahead inc hosp",2020-12-19,"quantile",0.55,201.038002073581
"18023",2020-12-12,"24","7  day ahead inc hosp",2020-12-19,"quantile",0.6,203.929705938908
"18024",2020-12-12,"24","7  day ahead inc hosp",2020-12-19,"quantile",0.65,206.918511392308
"18025",2020-12-12,"24","7  day ahead inc hosp",2020-12-19,"quantile",0.7,210.068262149102
"18026",2020-12-12,"24","7  day ahead inc hosp",2020-12-19,"quantile",0.75,213.467338450409
"18027",2020-12-12,"24","7  day ahead inc hosp",2020-12-19,"quantile",0.8,217.252371100693
"18028",2020-12-12,"24","7  day ahead inc hosp",2020-12-19,"quantile",0.85,221.664288926913
"18029",2020-12-12,"24","7  day ahead inc hosp",2020-12-19,"quantile",0.9,227.215488980816
"18030",2020-12-12,"24","7  day ahead inc hosp",2020-12-19,"quantile",0.95,235.443203691156
"18031",2020-12-12,"24","7  day ahead inc hosp",2020-12-19,"quantile",0.975,242.579519170546
"18032",2020-12-12,"24","7  day ahead inc hosp",2020-12-19,"quantile",0.99,250.877028151376
"18033",2020-12-12,"24","8  day ahead inc hosp",2020-12-20,"quantile",0.01,140.634387528023
"18034",2020-12-12,"24","8  day ahead inc hosp",2020-12-20,"quantile",0.025,149.293544223225
"18035",2020-12-12,"24","8  day ahead inc hosp",2020-12-20,"quantile",0.05,156.74089668831
"18036",2020-12-12,"24","8  day ahead inc hosp",2020-12-20,"quantile",0.1,165.327217123138
"18037",2020-12-12,"24","8  day ahead inc hosp",2020-12-20,"quantile",0.15,171.120366756868
"18038",2020-12-12,"24","8  day ahead inc hosp",2020-12-20,"quantile",0.2,175.724578439177
"18039",2020-12-12,"24","8  day ahead inc hosp",2020-12-20,"quantile",0.25,179.674582095816
"18040",2020-12-12,"24","8  day ahead inc hosp",2020-12-20,"quantile",0.3,183.221807459473
"18041",2020-12-12,"24","8  day ahead inc hosp",2020-12-20,"quantile",0.35,186.508840401158
"18042",2020-12-12,"24","8  day ahead inc hosp",2020-12-20,"quantile",0.4,189.627913223165
"18043",2020-12-12,"24","8  day ahead inc hosp",2020-12-20,"quantile",0.45,192.645652275193
"18044",2020-12-12,"24","8  day ahead inc hosp",2020-12-20,"quantile",0.5,195.615546214664
"18045",2020-12-12,"24","8  day ahead inc hosp",2020-12-20,"quantile",0.55,198.585440154135
"18046",2020-12-12,"24","8  day ahead inc hosp",2020-12-20,"quantile",0.6,201.603179206163
"18047",2020-12-12,"24","8  day ahead inc hosp",2020-12-20,"quantile",0.65,204.72225202817
"18048",2020-12-12,"24","8  day ahead inc hosp",2020-12-20,"quantile",0.7,208.009284969855
"18049",2020-12-12,"24","8  day ahead inc hosp",2020-12-20,"quantile",0.75,211.556510333512
"18050",2020-12-12,"24","8  day ahead inc hosp",2020-12-20,"quantile",0.8,215.506513990151
"18051",2020-12-12,"24","8  day ahead inc hosp",2020-12-20,"quantile",0.85,220.110725672459
"18052",2020-12-12,"24","8  day ahead inc hosp",2020-12-20,"quantile",0.9,225.90387530619
"18053",2020-12-12,"24","8  day ahead inc hosp",2020-12-20,"quantile",0.95,234.490195741018
"18054",2020-12-12,"24","8  day ahead inc hosp",2020-12-20,"quantile",0.975,241.937548206102
"18055",2020-12-12,"24","8  day ahead inc hosp",2020-12-20,"quantile",0.99,250.596704901305
"18056",2020-12-12,"24","9  day ahead inc hosp",2020-12-21,"quantile",0.01,139.603741323276
"18057",2020-12-12,"24","9  day ahead inc hosp",2020-12-21,"quantile",0.025,148.610035458891
"18058",2020-12-12,"24","9  day ahead inc hosp",2020-12-21,"quantile",0.05,156.355945273562
"18059",2020-12-12,"24","9  day ahead inc hosp",2020-12-21,"quantile",0.1,165.28648321169
"18060",2020-12-12,"24","9  day ahead inc hosp",2020-12-21,"quantile",0.15,171.31187476072
"18061",2020-12-12,"24","9  day ahead inc hosp",2020-12-21,"quantile",0.2,176.100664955091
"18062",2020-12-12,"24","9  day ahead inc hosp",2020-12-21,"quantile",0.25,180.209020539896
"18063",2020-12-12,"24","9  day ahead inc hosp",2020-12-21,"quantile",0.3,183.898450829119
"18064",2020-12-12,"24","9  day ahead inc hosp",2020-12-21,"quantile",0.35,187.317257827112
"18065",2020-12-12,"24","9  day ahead inc hosp",2020-12-21,"quantile",0.4,190.561371342341
"18066",2020-12-12,"24","9  day ahead inc hosp",2020-12-21,"quantile",0.45,193.700088712146
"18067",2020-12-12,"24","9  day ahead inc hosp",2020-12-21,"quantile",0.5,196.789042903872
"18068",2020-12-12,"24","9  day ahead inc hosp",2020-12-21,"quantile",0.55,199.877997095598
"18069",2020-12-12,"24","9  day ahead inc hosp",2020-12-21,"quantile",0.6,203.016714465402
"18070",2020-12-12,"24","9  day ahead inc hosp",2020-12-21,"quantile",0.65,206.260827980632
"18071",2020-12-12,"24","9  day ahead inc hosp",2020-12-21,"quantile",0.7,209.679634978624
"18072",2020-12-12,"24","9  day ahead inc hosp",2020-12-21,"quantile",0.75,213.369065267847
"18073",2020-12-12,"24","9  day ahead inc hosp",2020-12-21,"quantile",0.8,217.477420852653
"18074",2020-12-12,"24","9  day ahead inc hosp",2020-12-21,"quantile",0.85,222.266211047023
"18075",2020-12-12,"24","9  day ahead inc hosp",2020-12-21,"quantile",0.9,228.291602596054
"18076",2020-12-12,"24","9  day ahead inc hosp",2020-12-21,"quantile",0.95,237.222140534181
"18077",2020-12-12,"24","9  day ahead inc hosp",2020-12-21,"quantile",0.975,244.968050348852
"18078",2020-12-12,"24","9  day ahead inc hosp",2020-12-21,"quantile",0.99,253.974344484467
"18079",2020-12-12,"24","10  day ahead inc hosp",2020-12-22,"quantile",0.01,138.654954722325
"18080",2020-12-12,"24","10  day ahead inc hosp",2020-12-22,"quantile",0.025,147.995493970267
"18081",2020-12-12,"24","10  day ahead inc hosp",2020-12-22,"quantile",0.05,156.02887302113
"18082",2020-12-12,"24","10  day ahead inc hosp",2020-12-22,"quantile",0.1,165.290844577938
"18083",2020-12-12,"24","10  day ahead inc hosp",2020-12-22,"quantile",0.15,171.539852816008
"18084",2020-12-12,"24","10  day ahead inc hosp",2020-12-22,"quantile",0.2,176.506366466034
"18085",2020-12-12,"24","10  day ahead inc hosp",2020-12-22,"quantile",0.25,180.767192950995
"18086",2020-12-12,"24","10  day ahead inc hosp",2020-12-22,"quantile",0.3,184.593546820869
"18087",2020-12-12,"24","10  day ahead inc hosp",2020-12-22,"quantile",0.35,188.139233922027
"18088",2020-12-12,"24","10  day ahead inc hosp",2020-12-22,"quantile",0.4,191.503744247529
"18089",2020-12-12,"24","10  day ahead inc hosp",2020-12-22,"quantile",0.45,194.758946924613
"18090",2020-12-12,"24","10  day ahead inc hosp",2020-12-22,"quantile",0.5,197.962539593079
"18091",2020-12-12,"24","10  day ahead inc hosp",2020-12-22,"quantile",0.55,201.166132261546
"18092",2020-12-12,"24","10  day ahead inc hosp",2020-12-22,"quantile",0.6,204.42133493863
"18093",2020-12-12,"24","10  day ahead inc hosp",2020-12-22,"quantile",0.65,207.785845264132
"18094",2020-12-12,"24","10  day ahead inc hosp",2020-12-22,"quantile",0.7,211.33153236529
"18095",2020-12-12,"24","10  day ahead inc hosp",2020-12-22,"quantile",0.75,215.157886235164
"18096",2020-12-12,"24","10  day ahead inc hosp",2020-12-22,"quantile",0.8,219.418712720125
"18097",2020-12-12,"24","10  day ahead inc hosp",2020-12-22,"quantile",0.85,224.385226370151
"18098",2020-12-12,"24","10  day ahead inc hosp",2020-12-22,"quantile",0.9,230.634234608221
"18099",2020-12-12,"24","10  day ahead inc hosp",2020-12-22,"quantile",0.95,239.896206165029
"18100",2020-12-12,"24","10  day ahead inc hosp",2020-12-22,"quantile",0.975,247.929585215892
"18101",2020-12-12,"24","10  day ahead inc hosp",2020-12-22,"quantile",0.99,257.270124463834
"18102",2020-12-12,"24","11  day ahead inc hosp",2020-12-23,"quantile",0.01,137.779532718771
"18103",2020-12-12,"24","11  day ahead inc hosp",2020-12-23,"quantile",0.025,147.442762656399
"18104",2020-12-12,"24","11  day ahead inc hosp",2020-12-23,"quantile",0.05,155.75367350255
"18105",2020-12-12,"24","11  day ahead inc hosp",2020-12-23,"quantile",0.1,165.335621445109
"18106",2020-12-12,"24","11  day ahead inc hosp",2020-12-23,"quantile",0.15,171.800516231554
"18107",2020-12-12,"24","11  day ahead inc hosp",2020-12-23,"quantile",0.2,176.938609666486
"18108",2020-12-12,"24","11  day ahead inc hosp",2020-12-23,"quantile",0.25,181.346636329142
"18109",2020-12-12,"24","11  day ahead inc hosp",2020-12-23,"quantile",0.3,185.305180507999
"18110",2020-12-12,"24","11  day ahead inc hosp",2020-12-23,"quantile",0.35,188.973361630724
"18111",2020-12-12,"24","11  day ahead inc hosp",2020-12-23,"quantile",0.4,192.454106803977
"18112",2020-12-12,"24","11  day ahead inc hosp",2020-12-23,"quantile",0.45,195.821768041434
"18113",2020-12-12,"24","11  day ahead inc hosp",2020-12-23,"quantile",0.5,199.136036282287
"18114",2020-12-12,"24","11  day ahead inc hosp",2020-12-23,"quantile",0.55,202.45030452314
"18115",2020-12-12,"24","11  day ahead inc hosp",2020-12-23,"quantile",0.6,205.817965760598
"18116",2020-12-12,"24","11  day ahead inc hosp",2020-12-23,"quantile",0.65,209.29871093385
"18117",2020-12-12,"24","11  day ahead inc hosp",2020-12-23,"quantile",0.7,212.966892056575
"18118",2020-12-12,"24","11  day ahead inc hosp",2020-12-23,"quantile",0.75,216.925436235432
"18119",2020-12-12,"24","11  day ahead inc hosp",2020-12-23,"quantile",0.8,221.333462898089
"18120",2020-12-12,"24","11  day ahead inc hosp",2020-12-23,"quantile",0.85,226.47155633302
"18121",2020-12-12,"24","11  day ahead inc hosp",2020-12-23,"quantile",0.9,232.936451119465
"18122",2020-12-12,"24","11  day ahead inc hosp",2020-12-23,"quantile",0.95,242.518399062025
"18123",2020-12-12,"24","11  day ahead inc hosp",2020-12-23,"quantile",0.975,250.829309908175
"18124",2020-12-12,"24","11  day ahead inc hosp",2020-12-23,"quantile",0.99,260.492539845803
"18125",2020-12-12,"24","12  day ahead inc hosp",2020-12-24,"quantile",0.01,136.970355238611
"18126",2020-12-12,"24","12  day ahead inc hosp",2020-12-24,"quantile",0.025,146.945842806275
"18127",2020-12-12,"24","12  day ahead inc hosp",2020-12-24,"quantile",0.05,155.525312440843
"18128",2020-12-12,"24","12  day ahead inc hosp",2020-12-24,"quantile",0.1,165.416891466899
"18129",2020-12-12,"24","12  day ahead inc hosp",2020-12-24,"quantile",0.15,172.090692875403
"18130",2020-12-12,"24","12  day ahead inc hosp",2020-12-24,"quantile",0.2,177.394818671071
"18131",2020-12-12,"24","12  day ahead inc hosp",2020-12-24,"quantile",0.25,181.945286315439
"18132",2020-12-12,"24","12  day ahead inc hosp",2020-12-24,"quantile",0.3,186.031746898196
"18133",2020-12-12,"24","12  day ahead inc hosp",2020-12-24,"quantile",0.35,189.818461632489
"18134",2020-12-12,"24","12  day ahead inc hosp",2020-12-24,"quantile",0.4,193.411683611693
"18135",2020-12-12,"24","12  day ahead inc hosp",2020-12-24,"quantile",0.45,196.888167460591
"18136",2020-12-12,"24","12  day ahead inc hosp",2020-12-24,"quantile",0.5,200.309532971495
"18137",2020-12-12,"24","12  day ahead inc hosp",2020-12-24,"quantile",0.55,203.730898482398
"18138",2020-12-12,"24","12  day ahead inc hosp",2020-12-24,"quantile",0.6,207.207382331297
"18139",2020-12-12,"24","12  day ahead inc hosp",2020-12-24,"quantile",0.65,210.800604310501
"18140",2020-12-12,"24","12  day ahead inc hosp",2020-12-24,"quantile",0.7,214.587319044794
"18141",2020-12-12,"24","12  day ahead inc hosp",2020-12-24,"quantile",0.75,218.673779627551
"18142",2020-12-12,"24","12  day ahead inc hosp",2020-12-24,"quantile",0.8,223.224247271918
"18143",2020-12-12,"24","12  day ahead inc hosp",2020-12-24,"quantile",0.85,228.528373067587
"18144",2020-12-12,"24","12  day ahead inc hosp",2020-12-24,"quantile",0.9,235.20217447609
"18145",2020-12-12,"24","12  day ahead inc hosp",2020-12-24,"quantile",0.95,245.093753502147
"18146",2020-12-12,"24","12  day ahead inc hosp",2020-12-24,"quantile",0.975,253.673223136715
"18147",2020-12-12,"24","12  day ahead inc hosp",2020-12-24,"quantile",0.99,263.648710704379
"18148",2020-12-12,"24","13  day ahead inc hosp",2020-12-25,"quantile",0.01,136.221384399371
"18149",2020-12-12,"24","13  day ahead inc hosp",2020-12-25,"quantile",0.025,146.49964746264
"18150",2020-12-12,"24","13  day ahead inc hosp",2020-12-25,"quantile",0.05,155.339520726906
"18151",2020-12-12,"24","13  day ahead inc hosp",2020-12-25,"quantile",0.1,165.531328460744
"18152",2020-12-12,"24","13  day ahead inc hosp",2020-12-25,"quantile",0.15,172.407692753048
"18153",2020-12-12,"24","13  day ahead inc hosp",2020-12-25,"quantile",0.2,177.872809107388
"18154",2020-12-12,"24","13  day ahead inc hosp",2020-12-25,"quantile",0.25,182.561392316223
"18155",2020-12-12,"24","13  day ahead inc hosp",2020-12-25,"quantile",0.3,186.771884944514
"18156",2020-12-12,"24","13  day ahead inc hosp",2020-12-25,"quantile",0.35,190.673533853465
"18157",2020-12-12,"24","13  day ahead inc hosp",2020-12-25,"quantile",0.4,194.37581712498
"18158",2020-12-12,"24","13  day ahead inc hosp",2020-12-25,"quantile",0.45,197.957819036346
"18159",2020-12-12,"24","13  day ahead inc hosp",2020-12-25,"quantile",0.5,201.483029660703
"18160",2020-12-12,"24","13  day ahead inc hosp",2020-12-25,"quantile",0.55,205.008240285059
"18161",2020-12-12,"24","13  day ahead inc hosp",2020-12-25,"quantile",0.6,208.590242196425
"18162",2020-12-12,"24","13  day ahead inc hosp",2020-12-25,"quantile",0.65,212.292525467941
"18163",2020-12-12,"24","13  day ahead inc hosp",2020-12-25,"quantile",0.7,216.194174376891
"18164",2020-12-12,"24","13  day ahead inc hosp",2020-12-25,"quantile",0.75,220.404667005182
"18165",2020-12-12,"24","13  day ahead inc hosp",2020-12-25,"quantile",0.8,225.093250214018
"18166",2020-12-12,"24","13  day ahead inc hosp",2020-12-25,"quantile",0.85,230.558366568357
"18167",2020-12-12,"24","13  day ahead inc hosp",2020-12-25,"quantile",0.9,237.434730860661
"18168",2020-12-12,"24","13  day ahead inc hosp",2020-12-25,"quantile",0.95,247.626538594499
"18169",2020-12-12,"24","13  day ahead inc hosp",2020-12-25,"quantile",0.975,256.466411858766
"18170",2020-12-12,"24","13  day ahead inc hosp",2020-12-25,"quantile",0.99,266.744674922034
"18171",2020-12-12,"24","14  day ahead inc hosp",2020-12-26,"quantile",0.01,135.527447341228
"18172",2020-12-12,"24","14  day ahead inc hosp",2020-12-26,"quantile",0.025,146.099818455736
"18173",2020-12-12,"24","14  day ahead inc hosp",2020-12-26,"quantile",0.05,155.192640869383
"18174",2020-12-12,"24","14  day ahead inc hosp",2020-12-26,"quantile",0.1,165.676082772608
"18175",2020-12-12,"24","14  day ahead inc hosp",2020-12-26,"quantile",0.15,172.749211254462
"18176",2020-12-12,"24","14  day ahead inc hosp",2020-12-26,"quantile",0.2,178.370709549104
"18177",2020-12-12,"24","14  day ahead inc hosp",2020-12-26,"quantile",0.25,183.193454538207
"18178",2020-12-12,"24","14  day ahead inc hosp",2020-12-26,"quantile",0.3,187.524428591622
"18179",2020-12-12,"24","14  day ahead inc hosp",2020-12-26,"quantile",0.35,191.537721496272
"18180",2020-12-12,"24","14  day ahead inc hosp",2020-12-26,"quantile",0.4,195.345944002016
"18181",2020-12-12,"24","14  day ahead inc hosp",2020-12-26,"quantile",0.45,199.030443348524
"18182",2020-12-12,"24","14  day ahead inc hosp",2020-12-26,"quantile",0.5,202.65652634991
"18183",2020-12-12,"24","14  day ahead inc hosp",2020-12-26,"quantile",0.55,206.282609351297
"18184",2020-12-12,"24","14  day ahead inc hosp",2020-12-26,"quantile",0.6,209.967108697804
"18185",2020-12-12,"24","14  day ahead inc hosp",2020-12-26,"quantile",0.65,213.775331203548
"18186",2020-12-12,"24","14  day ahead inc hosp",2020-12-26,"quantile",0.7,217.788624108198
"18187",2020-12-12,"24","14  day ahead inc hosp",2020-12-26,"quantile",0.75,222.119598161613
"18188",2020-12-12,"24","14  day ahead inc hosp",2020-12-26,"quantile",0.8,226.942343150717
"18189",2020-12-12,"24","14  day ahead inc hosp",2020-12-26,"quantile",0.85,232.563841445358
"18190",2020-12-12,"24","14  day ahead inc hosp",2020-12-26,"quantile",0.9,239.636969927213
"18191",2020-12-12,"24","14  day ahead inc hosp",2020-12-26,"quantile",0.95,250.120411830438
"18192",2020-12-12,"24","14  day ahead inc hosp",2020-12-26,"quantile",0.975,259.213234244085
"18193",2020-12-12,"24","14  day ahead inc hosp",2020-12-26,"quantile",0.99,269.785605358593
"18194",2020-12-12,"24","15  day ahead inc hosp",2020-12-27,"quantile",0.01,133.37162091407
"18195",2020-12-12,"24","15  day ahead inc hosp",2020-12-27,"quantile",0.025,144.230136943805
"18196",2020-12-12,"24","15  day ahead inc hosp",2020-12-27,"quantile",0.05,153.569059770552
"18197",2020-12-12,"24","15  day ahead inc hosp",2020-12-27,"quantile",0.1,164.336239688855
"18198",2020-12-12,"24","15  day ahead inc hosp",2020-12-27,"quantile",0.15,171.600804862432
"18199",2020-12-12,"24","15  day ahead inc hosp",2020-12-27,"quantile",0.2,177.374450970989
"18200",2020-12-12,"24","15  day ahead inc hosp",2020-12-27,"quantile",0.25,182.327725236933
"18201",2020-12-12,"24","15  day ahead inc hosp",2020-12-27,"quantile",0.3,186.775918615128
"18202",2020-12-12,"24","15  day ahead inc hosp",2020-12-27,"quantile",0.35,190.897832693358
"18203",2020-12-12,"24","15  day ahead inc hosp",2020-12-27,"quantile",0.4,194.809126070742
"18204",2020-12-12,"24","15  day ahead inc hosp",2020-12-27,"quantile",0.45,198.59334767839
"18205",2020-12-12,"24","15  day ahead inc hosp",2020-12-27,"quantile",0.5,202.317571882143
"18206",2020-12-12,"24","15  day ahead inc hosp",2020-12-27,"quantile",0.55,206.041796085896
"18207",2020-12-12,"24","15  day ahead inc hosp",2020-12-27,"quantile",0.6,209.826017693545
"18208",2020-12-12,"24","15  day ahead inc hosp",2020-12-27,"quantile",0.65,213.737311070928
"18209",2020-12-12,"24","15  day ahead inc hosp",2020-12-27,"quantile",0.7,217.859225149159
"18210",2020-12-12,"24","15  day ahead inc hosp",2020-12-27,"quantile",0.75,222.307418527353
"18211",2020-12-12,"24","15  day ahead inc hosp",2020-12-27,"quantile",0.8,227.260692793298
"18212",2020-12-12,"24","15  day ahead inc hosp",2020-12-27,"quantile",0.85,233.034338901854
"18213",2020-12-12,"24","15  day ahead inc hosp",2020-12-27,"quantile",0.9,240.298904075432
"18214",2020-12-12,"24","15  day ahead inc hosp",2020-12-27,"quantile",0.95,251.066083993734
"18215",2020-12-12,"24","15  day ahead inc hosp",2020-12-27,"quantile",0.975,260.405006820481
"18216",2020-12-12,"24","15  day ahead inc hosp",2020-12-27,"quantile",0.99,271.263522850217
"18217",2020-12-12,"24","16  day ahead inc hosp",2020-12-28,"quantile",0.01,132.77491015455
"18218",2020-12-12,"24","16  day ahead inc hosp",2020-12-28,"quantile",0.025,143.912221758037
"18219",2020-12-12,"24","16  day ahead inc hosp",2020-12-28,"quantile",0.05,153.490924158767
"18220",2020-12-12,"24","16  day ahead inc hosp",2020-12-28,"quantile",0.1,164.534554569456
"18221",2020-12-12,"24","16  day ahead inc hosp",2020-12-28,"quantile",0.15,171.985639577795
"18222",2020-12-12,"24","16  day ahead inc hosp",2020-12-28,"quantile",0.2,177.907525738221
"18223",2020-12-12,"24","16  day ahead inc hosp",2020-12-28,"quantile",0.25,182.987976769124
"18224",2020-12-12,"24","16  day ahead inc hosp",2020-12-28,"quantile",0.3,187.550378812816
"18225",2020-12-12,"24","16  day ahead inc hosp",2020-12-28,"quantile",0.35,191.778124240122
"18226",2020-12-12,"24","16  day ahead inc hosp",2020-12-28,"quantile",0.4,195.789841218509
"18227",2020-12-12,"24","16  day ahead inc hosp",2020-12-28,"quantile",0.45,199.671223822321
"18228",2020-12-12,"24","16  day ahead inc hosp",2020-12-28,"quantile",0.5,203.491068571351
"18229",2020-12-12,"24","16  day ahead inc hosp",2020-12-28,"quantile",0.55,207.310913320381
"18230",2020-12-12,"24","16  day ahead inc hosp",2020-12-28,"quantile",0.6,211.192295924193
"18231",2020-12-12,"24","16  day ahead inc hosp",2020-12-28,"quantile",0.65,215.20401290258
"18232",2020-12-12,"24","16  day ahead inc hosp",2020-12-28,"quantile",0.7,219.431758329886
"18233",2020-12-12,"24","16  day ahead inc hosp",2020-12-28,"quantile",0.75,223.994160373578
"18234",2020-12-12,"24","16  day ahead inc hosp",2020-12-28,"quantile",0.8,229.074611404481
"18235",2020-12-12,"24","16  day ahead inc hosp",2020-12-28,"quantile",0.85,234.996497564907
"18236",2020-12-12,"24","16  day ahead inc hosp",2020-12-28,"quantile",0.9,242.447582573246
"18237",2020-12-12,"24","16  day ahead inc hosp",2020-12-28,"quantile",0.95,253.491212983935
"18238",2020-12-12,"24","16  day ahead inc hosp",2020-12-28,"quantile",0.975,263.069915384665
"18239",2020-12-12,"24","16  day ahead inc hosp",2020-12-28,"quantile",0.99,274.207226988151
"18240",2020-12-12,"24","17  day ahead inc hosp",2020-12-29,"quantile",0.01,132.221442967493
"18241",2020-12-12,"24","17  day ahead inc hosp",2020-12-29,"quantile",0.025,143.630739577639
"18242",2020-12-12,"24","17  day ahead inc hosp",2020-12-29,"quantile",0.05,153.443364088929
"18243",2020-12-12,"24","17  day ahead inc hosp",2020-12-29,"quantile",0.1,164.756691711812
"18244",2020-12-12,"24","17  day ahead inc hosp",2020-12-29,"quantile",0.15,172.389740148828
"18245",2020-12-12,"24","17  day ahead inc hosp",2020-12-29,"quantile",0.2,178.456245074008
"18246",2020-12-12,"24","17  day ahead inc hosp",2020-12-29,"quantile",0.25,183.660766127972
"18247",2020-12-12,"24","17  day ahead inc hosp",2020-12-29,"quantile",0.3,188.334586886917
"18248",2020-12-12,"24","17  day ahead inc hosp",2020-12-29,"quantile",0.35,192.665578358613
"18249",2020-12-12,"24","17  day ahead inc hosp",2020-12-29,"quantile",0.4,196.775265736674
"18250",2020-12-12,"24","17  day ahead inc hosp",2020-12-29,"quantile",0.45,200.751435835972
"18251",2020-12-12,"24","17  day ahead inc hosp",2020-12-29,"quantile",0.5,204.664565260559
"18252",2020-12-12,"24","17  day ahead inc hosp",2020-12-29,"quantile",0.55,208.577694685145
"18253",2020-12-12,"24","17  day ahead inc hosp",2020-12-29,"quantile",0.6,212.553864784443
"18254",2020-12-12,"24","17  day ahead inc hosp",2020-12-29,"quantile",0.65,216.663552162504
"18255",2020-12-12,"24","17  day ahead inc hosp",2020-12-29,"quantile",0.7,220.994543634201
"18256",2020-12-12,"24","17  day ahead inc hosp",2020-12-29,"quantile",0.75,225.668364393145
"18257",2020-12-12,"24","17  day ahead inc hosp",2020-12-29,"quantile",0.8,230.872885447109
"18258",2020-12-12,"24","17  day ahead inc hosp",2020-12-29,"quantile",0.85,236.93939037229
"18259",2020-12-12,"24","17  day ahead inc hosp",2020-12-29,"quantile",0.9,244.572438809305
"18260",2020-12-12,"24","17  day ahead inc hosp",2020-12-29,"quantile",0.95,255.885766432188
"18261",2020-12-12,"24","17  day ahead inc hosp",2020-12-29,"quantile",0.975,265.698390943478
"18262",2020-12-12,"24","17  day ahead inc hosp",2020-12-29,"quantile",0.99,277.107687553624
"18263",2020-12-12,"24","18  day ahead inc hosp",2020-12-30,"quantile",0.01,131.708197024042
"18264",2020-12-12,"24","18  day ahead inc hosp",2020-12-30,"quantile",0.025,143.383144069893
"18265",2020-12-12,"24","18  day ahead inc hosp",2020-12-30,"quantile",0.05,153.424242611258
"18266",2020-12-12,"24","18  day ahead inc hosp",2020-12-30,"quantile",0.1,165.000986158451
"18267",2020-12-12,"24","18  day ahead inc hosp",2020-12-30,"quantile",0.15,172.811760069029
"18268",2020-12-12,"24","18  day ahead inc hosp",2020-12-30,"quantile",0.2,179.019515566584
"18269",2020-12-12,"24","18  day ahead inc hosp",2020-12-30,"quantile",0.25,184.345217034456
"18270",2020-12-12,"24","18  day ahead inc hosp",2020-12-30,"quantile",0.3,189.127861550329
"18271",2020-12-12,"24","18  day ahead inc hosp",2020-12-30,"quantile",0.35,193.559694450801
"18272",2020-12-12,"24","18  day ahead inc hosp",2020-12-30,"quantile",0.4,197.765070483465
"18273",2020-12-12,"24","18  day ahead inc hosp",2020-12-30,"quantile",0.45,201.833820463487
"18274",2020-12-12,"24","18  day ahead inc hosp",2020-12-30,"quantile",0.5,205.838061949766
"18275",2020-12-12,"24","18  day ahead inc hosp",2020-12-30,"quantile",0.55,209.842303436045
"18276",2020-12-12,"24","18  day ahead inc hosp",2020-12-30,"quantile",0.6,213.911053416068
"18277",2020-12-12,"24","18  day ahead inc hosp",2020-12-30,"quantile",0.65,218.116429448732
"18278",2020-12-12,"24","18  day ahead inc hosp",2020-12-30,"quantile",0.7,222.548262349204
"18279",2020-12-12,"24","18  day ahead inc hosp",2020-12-30,"quantile",0.75,227.330906865077
"18280",2020-12-12,"24","18  day ahead inc hosp",2020-12-30,"quantile",0.8,232.656608332949
"18281",2020-12-12,"24","18  day ahead inc hosp",2020-12-30,"quantile",0.85,238.864363830504
"18282",2020-12-12,"24","18  day ahead inc hosp",2020-12-30,"quantile",0.9,246.675137741082
"18283",2020-12-12,"24","18  day ahead inc hosp",2020-12-30,"quantile",0.95,258.251881288275
"18284",2020-12-12,"24","18  day ahead inc hosp",2020-12-30,"quantile",0.975,268.29297982964
"18285",2020-12-12,"24","18  day ahead inc hosp",2020-12-30,"quantile",0.99,279.967926875491
"18286",2020-12-12,"24","19  day ahead inc hosp",2020-12-31,"quantile",0.01,131.232486460409
"18287",2020-12-12,"24","19  day ahead inc hosp",2020-12-31,"quantile",0.025,143.167172376199
"18288",2020-12-12,"24","19  day ahead inc hosp",2020-12-31,"quantile",0.05,153.431660674951
"18289",2020-12-12,"24","19  day ahead inc hosp",2020-12-31,"quantile",0.1,165.265958305663
"18290",2020-12-12,"24","19  day ahead inc hosp",2020-12-31,"quantile",0.15,173.25050273365
"18291",2020-12-12,"24","19  day ahead inc hosp",2020-12-31,"quantile",0.2,179.596365529805
"18292",2020-12-12,"24","19  day ahead inc hosp",2020-12-31,"quantile",0.25,185.040550762568
"18293",2020-12-12,"24","19  day ahead inc hosp",2020-12-31,"quantile",0.3,189.929597361208
"18294",2020-12-12,"24","19  day ahead inc hosp",2020-12-31,"quantile",0.35,194.460027648444
"18295",2020-12-12,"24","19  day ahead inc hosp",2020-12-31,"quantile",0.4,198.758962959287
"18296",2020-12-12,"24","19  day ahead inc hosp",2020-12-31,"quantile",0.45,202.918232623701
"18297",2020-12-12,"24","19  day ahead inc hosp",2020-12-31,"quantile",0.5,207.011558638974
"18298",2020-12-12,"24","19  day ahead inc hosp",2020-12-31,"quantile",0.55,211.104884654247
"18299",2020-12-12,"24","19  day ahead inc hosp",2020-12-31,"quantile",0.6,215.264154318661
"18300",2020-12-12,"24","19  day ahead inc hosp",2020-12-31,"quantile",0.65,219.563089629504
"18301",2020-12-12,"24","19  day ahead inc hosp",2020-12-31,"quantile",0.7,224.09351991674
"18302",2020-12-12,"24","19  day ahead inc hosp",2020-12-31,"quantile",0.75,228.98256651538
"18303",2020-12-12,"24","19  day ahead inc hosp",2020-12-31,"quantile",0.8,234.426751748143
"18304",2020-12-12,"24","19  day ahead inc hosp",2020-12-31,"quantile",0.85,240.772614544298
"18305",2020-12-12,"24","19  day ahead inc hosp",2020-12-31,"quantile",0.9,248.757158972286
"18306",2020-12-12,"24","19  day ahead inc hosp",2020-12-31,"quantile",0.95,260.591456602997
"18307",2020-12-12,"24","19  day ahead inc hosp",2020-12-31,"quantile",0.975,270.855944901749
"18308",2020-12-12,"24","19  day ahead inc hosp",2020-12-31,"quantile",0.99,282.790630817539
"18309",2020-12-12,"24","20  day ahead inc hosp",2021-01-01,"quantile",0.01,130.79191166169
"18310",2020-12-12,"24","20  day ahead inc hosp",2021-01-01,"quantile",0.025,142.9808028046
"18311",2020-12-12,"24","20  day ahead inc hosp",2021-01-01,"quantile",0.05,153.463921622634
"18312",2020-12-12,"24","20  day ahead inc hosp",2021-01-01,"quantile",0.1,165.55028624013
"18313",2020-12-12,"24","20  day ahead inc hosp",2021-01-01,"quantile",0.15,173.70489906741
"18314",2020-12-12,"24","20  day ahead inc hosp",2021-01-01,"quantile",0.2,180.185926836045
"18315",2020-12-12,"24","20  day ahead inc hosp",2021-01-01,"quantile",0.25,185.746071579879
"18316",2020-12-12,"24","20  day ahead inc hosp",2021-01-01,"quantile",0.3,190.739253403339
"18317",2020-12-12,"24","20  day ahead inc hosp",2021-01-01,"quantile",0.35,195.366180495622
"18318",2020-12-12,"24","20  day ahead inc hosp",2021-01-01,"quantile",0.4,199.756681838012
"18319",2020-12-12,"24","20  day ahead inc hosp",2021-01-01,"quantile",0.45,204.004542697632
"18320",2020-12-12,"24","20  day ahead inc hosp",2021-01-01,"quantile",0.5,208.185055328182
"18321",2020-12-12,"24","20  day ahead inc hosp",2021-01-01,"quantile",0.55,212.365567958731
"18322",2020-12-12,"24","20  day ahead inc hosp",2021-01-01,"quantile",0.6,216.613428818352
"18323",2020-12-12,"24","20  day ahead inc hosp",2021-01-01,"quantile",0.65,221.003930160741
"18324",2020-12-12,"24","20  day ahead inc hosp",2021-01-01,"quantile",0.7,225.630857253025
"18325",2020-12-12,"24","20  day ahead inc hosp",2021-01-01,"quantile",0.75,230.624039076485
"18326",2020-12-12,"24","20  day ahead inc hosp",2021-01-01,"quantile",0.8,236.184183820319
"18327",2020-12-12,"24","20  day ahead inc hosp",2021-01-01,"quantile",0.85,242.665211588953
"18328",2020-12-12,"24","20  day ahead inc hosp",2021-01-01,"quantile",0.9,250.819824416233
"18329",2020-12-12,"24","20  day ahead inc hosp",2021-01-01,"quantile",0.95,262.906189033729
"18330",2020-12-12,"24","20  day ahead inc hosp",2021-01-01,"quantile",0.975,273.389307851764
"18331",2020-12-12,"24","20  day ahead inc hosp",2021-01-01,"quantile",0.99,285.578198994674
"18332",2020-12-12,"24","21  day ahead inc hosp",2021-01-02,"quantile",0.01,130.384318289418
"18333",2020-12-12,"24","21  day ahead inc hosp",2021-01-02,"quantile",0.025,142.82222031021
"18334",2020-12-12,"24","21  day ahead inc hosp",2021-01-02,"quantile",0.05,153.519502220624
"18335",2020-12-12,"24","21  day ahead inc hosp",2021-01-02,"quantile",0.1,165.852783167795
"18336",2020-12-12,"24","21  day ahead inc hosp",2021-01-02,"quantile",0.15,174.173989270469
"18337",2020-12-12,"24","21  day ahead inc hosp",2021-01-02,"quantile",0.2,180.787420093272
"18338",2020-12-12,"24","21  day ahead inc hosp",2021-01-02,"quantile",0.25,186.461154868191
"18339",2020-12-12,"24","21  day ahead inc hosp",2021-01-02,"quantile",0.3,191.556344050214
"18340",2020-12-12,"24","21  day ahead inc hosp",2021-01-02,"quantile",0.35,196.27779616234
"18341",2020-12-12,"24","21  day ahead inc hosp",2021-01-02,"quantile",0.4,200.757992504939
"18342",2020-12-12,"24","21  day ahead inc hosp",2021-01-02,"quantile",0.45,205.092634315294
"18343",2020-12-12,"24","21  day ahead inc hosp",2021-01-02,"quantile",0.5,209.35855201739
"18344",2020-12-12,"24","21  day ahead inc hosp",2021-01-02,"quantile",0.55,213.624469719486
"18345",2020-12-12,"24","21  day ahead inc hosp",2021-01-02,"quantile",0.6,217.95911152984
"18346",2020-12-12,"24","21  day ahead inc hosp",2021-01-02,"quantile",0.65,222.439307872439
"18347",2020-12-12,"24","21  day ahead inc hosp",2021-01-02,"quantile",0.7,227.160759984566
"18348",2020-12-12,"24","21  day ahead inc hosp",2021-01-02,"quantile",0.75,232.255949166588
"18349",2020-12-12,"24","21  day ahead inc hosp",2021-01-02,"quantile",0.8,237.929683941507
"18350",2020-12-12,"24","21  day ahead inc hosp",2021-01-02,"quantile",0.85,244.543114764311
"18351",2020-12-12,"24","21  day ahead inc hosp",2021-01-02,"quantile",0.9,252.864320866984
"18352",2020-12-12,"24","21  day ahead inc hosp",2021-01-02,"quantile",0.95,265.197601814156
"18353",2020-12-12,"24","21  day ahead inc hosp",2021-01-02,"quantile",0.975,275.894883724569
"18354",2020-12-12,"24","21  day ahead inc hosp",2021-01-02,"quantile",0.99,288.332785745361
"18355",2020-12-12,"24","22  day ahead inc hosp",2021-01-03,"quantile",0.01,154.402847961838
"18356",2020-12-12,"24","22  day ahead inc hosp",2021-01-03,"quantile",0.025,167.084872487282
"18357",2020-12-12,"24","22  day ahead inc hosp",2021-01-03,"quantile",0.05,177.992113219414
"18358",2020-12-12,"24","22  day ahead inc hosp",2021-01-03,"quantile",0.1,190.567463241447
"18359",2020-12-12,"24","22  day ahead inc hosp",2021-01-03,"quantile",0.15,199.051992199705
"18360",2020-12-12,"24","22  day ahead inc hosp",2021-01-03,"quantile",0.2,205.795226850687
"18361",2020-12-12,"24","22  day ahead inc hosp",2021-01-03,"quantile",0.25,211.580321752231
"18362",2020-12-12,"24","22  day ahead inc hosp",2021-01-03,"quantile",0.3,216.775515769691
"18363",2020-12-12,"24","22  day ahead inc hosp",2021-01-03,"quantile",0.35,221.589637265551
"18364",2020-12-12,"24","22  day ahead inc hosp",2021-01-03,"quantile",0.4,226.157767791155
"18365",2020-12-12,"24","22  day ahead inc hosp",2021-01-03,"quantile",0.45,230.57748694122
"18366",2020-12-12,"24","22  day ahead inc hosp",2021-01-03,"quantile",0.5,234.927133113948
"18367",2020-12-12,"24","22  day ahead inc hosp",2021-01-03,"quantile",0.55,239.276779286677
"18368",2020-12-12,"24","22  day ahead inc hosp",2021-01-03,"quantile",0.6,243.696498436742
"18369",2020-12-12,"24","22  day ahead inc hosp",2021-01-03,"quantile",0.65,248.264628962345
"18370",2020-12-12,"24","22  day ahead inc hosp",2021-01-03,"quantile",0.7,253.078750458205
"18371",2020-12-12,"24","22  day ahead inc hosp",2021-01-03,"quantile",0.75,258.273944475666
"18372",2020-12-12,"24","22  day ahead inc hosp",2021-01-03,"quantile",0.8,264.05903937721
"18373",2020-12-12,"24","22  day ahead inc hosp",2021-01-03,"quantile",0.85,270.802274028192
"18374",2020-12-12,"24","22  day ahead inc hosp",2021-01-03,"quantile",0.9,279.286802986449
"18375",2020-12-12,"24","22  day ahead inc hosp",2021-01-03,"quantile",0.95,291.862153008483
"18376",2020-12-12,"24","22  day ahead inc hosp",2021-01-03,"quantile",0.975,302.769393740614
"18377",2020-12-12,"24","22  day ahead inc hosp",2021-01-03,"quantile",0.99,315.451418266058
"18378",2020-12-12,"24","23  day ahead inc hosp",2021-01-04,"quantile",0.01,154.05557263579
"18379",2020-12-12,"24","23  day ahead inc hosp",2021-01-04,"quantile",0.025,166.977108359112
"18380",2020-12-12,"24","23  day ahead inc hosp",2021-01-04,"quantile",0.05,178.090341934742
"18381",2020-12-12,"24","23  day ahead inc hosp",2021-01-04,"quantile",0.1,190.903188512745
"18382",2020-12-12,"24","23  day ahead inc hosp",2021-01-04,"quantile",0.15,199.547955269798
"18383",2020-12-12,"24","23  day ahead inc hosp",2021-01-04,"quantile",0.2,206.41854184362
"18384",2020-12-12,"24","23  day ahead inc hosp",2021-01-04,"quantile",0.25,212.312893355332
"18385",2020-12-12,"24","23  day ahead inc hosp",2021-01-04,"quantile",0.3,217.60620318544
"18386",2020-12-12,"24","23  day ahead inc hosp",2021-01-04,"quantile",0.35,222.511243603898
"18387",2020-12-12,"24","23  day ahead inc hosp",2021-01-04,"quantile",0.4,227.165647296065
"18388",2020-12-12,"24","23  day ahead inc hosp",2021-01-04,"quantile",0.45,231.668836733212
"18389",2020-12-12,"24","23  day ahead inc hosp",2021-01-04,"quantile",0.5,236.100629803156
"18390",2020-12-12,"24","23  day ahead inc hosp",2021-01-04,"quantile",0.55,240.5324228731
"18391",2020-12-12,"24","23  day ahead inc hosp",2021-01-04,"quantile",0.6,245.035612310247
"18392",2020-12-12,"24","23  day ahead inc hosp",2021-01-04,"quantile",0.65,249.690016002415
"18393",2020-12-12,"24","23  day ahead inc hosp",2021-01-04,"quantile",0.7,254.595056420872
"18394",2020-12-12,"24","23  day ahead inc hosp",2021-01-04,"quantile",0.75,259.88836625098
"18395",2020-12-12,"24","23  day ahead inc hosp",2021-01-04,"quantile",0.8,265.782717762692
"18396",2020-12-12,"24","23  day ahead inc hosp",2021-01-04,"quantile",0.85,272.653304336514
"18397",2020-12-12,"24","23  day ahead inc hosp",2021-01-04,"quantile",0.9,281.298071093568
"18398",2020-12-12,"24","23  day ahead inc hosp",2021-01-04,"quantile",0.95,294.11091767157
"18399",2020-12-12,"24","23  day ahead inc hosp",2021-01-04,"quantile",0.975,305.2241512472
"18400",2020-12-12,"24","23  day ahead inc hosp",2021-01-04,"quantile",0.99,318.145686970522
"18401",2020-12-12,"24","24  day ahead inc hosp",2021-01-05,"quantile",0.01,153.735977650446
"18402",2020-12-12,"24","24  day ahead inc hosp",2021-01-05,"quantile",0.025,166.892665107182
"18403",2020-12-12,"24","24  day ahead inc hosp",2021-01-05,"quantile",0.05,178.208142146366
"18404",2020-12-12,"24","24  day ahead inc hosp",2021-01-05,"quantile",0.1,191.254162485391
"18405",2020-12-12,"24","24  day ahead inc hosp",2021-01-05,"quantile",0.15,200.05625047201
"18406",2020-12-12,"24","24  day ahead inc hosp",2021-01-05,"quantile",0.2,207.051870971907
"18407",2020-12-12,"24","24  day ahead inc hosp",2021-01-05,"quantile",0.25,213.053490458959
"18408",2020-12-12,"24","24  day ahead inc hosp",2021-01-05,"quantile",0.3,218.443130246179
"18409",2020-12-12,"24","24  day ahead inc hosp",2021-01-05,"quantile",0.35,223.437434725934
"18410",2020-12-12,"24","24  day ahead inc hosp",2021-01-05,"quantile",0.4,228.176541283121
"18411",2020-12-12,"24","24  day ahead inc hosp",2021-01-05,"quantile",0.45,232.761681722433
"18412",2020-12-12,"24","24  day ahead inc hosp",2021-01-05,"quantile",0.5,237.274126492364
"18413",2020-12-12,"24","24  day ahead inc hosp",2021-01-05,"quantile",0.55,241.786571262294
"18414",2020-12-12,"24","24  day ahead inc hosp",2021-01-05,"quantile",0.6,246.371711701606
"18415",2020-12-12,"24","24  day ahead inc hosp",2021-01-05,"quantile",0.65,251.110818258794
"18416",2020-12-12,"24","24  day ahead inc hosp",2021-01-05,"quantile",0.7,256.105122738548
"18417",2020-12-12,"24","24  day ahead inc hosp",2021-01-05,"quantile",0.75,261.494762525769
"18418",2020-12-12,"24","24  day ahead inc hosp",2021-01-05,"quantile",0.8,267.49638201282
"18419",2020-12-12,"24","24  day ahead inc hosp",2021-01-05,"quantile",0.85,274.492002512718
"18420",2020-12-12,"24","24  day ahead inc hosp",2021-01-05,"quantile",0.9,283.294090499337
"18421",2020-12-12,"24","24  day ahead inc hosp",2021-01-05,"quantile",0.95,296.340110838361
"18422",2020-12-12,"24","24  day ahead inc hosp",2021-01-05,"quantile",0.975,307.655587877546
"18423",2020-12-12,"24","24  day ahead inc hosp",2021-01-05,"quantile",0.99,320.812275334282
"18424",2020-12-12,"24","25  day ahead inc hosp",2021-01-06,"quantile",0.01,153.442604398723
"18425",2020-12-12,"24","25  day ahead inc hosp",2021-01-06,"quantile",0.025,166.830313845053
"18426",2020-12-12,"24","25  day ahead inc hosp",2021-01-06,"quantile",0.05,178.34448254028
"18427",2020-12-12,"24","25  day ahead inc hosp",2021-01-06,"quantile",0.1,191.619581633734
"18428",2020-12-12,"24","25  day ahead inc hosp",2021-01-06,"quantile",0.15,200.576227968413
"18429",2020-12-12,"24","25  day ahead inc hosp",2021-01-06,"quantile",0.2,207.694686543749
"18430",2020-12-12,"24","25  day ahead inc hosp",2021-01-06,"quantile",0.25,213.801690161818
"18431",2020-12-12,"24","25  day ahead inc hosp",2021-01-06,"quantile",0.3,219.285968155725
"18432",2020-12-12,"24","25  day ahead inc hosp",2021-01-06,"quantile",0.35,224.367969037887
"18433",2020-12-12,"24","25  day ahead inc hosp",2021-01-06,"quantile",0.4,229.190290905109
"18434",2020-12-12,"24","25  day ahead inc hosp",2021-01-06,"quantile",0.45,233.855943119922
"18435",2020-12-12,"24","25  day ahead inc hosp",2021-01-06,"quantile",0.5,238.447623181572
"18436",2020-12-12,"24","25  day ahead inc hosp",2021-01-06,"quantile",0.55,243.039303243221
"18437",2020-12-12,"24","25  day ahead inc hosp",2021-01-06,"quantile",0.6,247.704955458034
"18438",2020-12-12,"24","25  day ahead inc hosp",2021-01-06,"quantile",0.65,252.527277325256
"18439",2020-12-12,"24","25  day ahead inc hosp",2021-01-06,"quantile",0.7,257.609278207418
"18440",2020-12-12,"24","25  day ahead inc hosp",2021-01-06,"quantile",0.75,263.093556201325
"18441",2020-12-12,"24","25  day ahead inc hosp",2021-01-06,"quantile",0.8,269.200559819394
"18442",2020-12-12,"24","25  day ahead inc hosp",2021-01-06,"quantile",0.85,276.31901839473
"18443",2020-12-12,"24","25  day ahead inc hosp",2021-01-06,"quantile",0.9,285.275664729409
"18444",2020-12-12,"24","25  day ahead inc hosp",2021-01-06,"quantile",0.95,298.550763822863
"18445",2020-12-12,"24","25  day ahead inc hosp",2021-01-06,"quantile",0.975,310.06493251809
"18446",2020-12-12,"24","25  day ahead inc hosp",2021-01-06,"quantile",0.99,323.45264196442
"18447",2020-12-12,"24","26  day ahead inc hosp",2021-01-07,"quantile",0.01,153.174118045323
"18448",2020-12-12,"24","26  day ahead inc hosp",2021-01-07,"quantile",0.025,166.788929964865
"18449",2020-12-12,"24","26  day ahead inc hosp",2021-01-07,"quantile",0.05,178.498419315812
"18450",2020-12-12,"24","26  day ahead inc hosp",2021-01-07,"quantile",0.1,191.998710616218
"18451",2020-12-12,"24","26  day ahead inc hosp",2021-01-07,"quantile",0.15,201.107293063826
"18452",2020-12-12,"24","26  day ahead inc hosp",2021-01-07,"quantile",0.2,208.346505645244
"18453",2020-12-12,"24","26  day ahead inc hosp",2021-01-07,"quantile",0.25,214.557105448391
"18454",2020-12-12,"24","26  day ahead inc hosp",2021-01-07,"quantile",0.3,220.134416018273
"18455",2020-12-12,"24","26  day ahead inc hosp",2021-01-07,"quantile",0.35,225.302625446701
"18456",2020-12-12,"24","26  day ahead inc hosp",2021-01-07,"quantile",0.4,230.206750793977
"18457",2020-12-12,"24","26  day ahead inc hosp",2021-01-07,"quantile",0.45,234.951548822447
"18458",2020-12-12,"24","26  day ahead inc hosp",2021-01-07,"quantile",0.5,239.621119870779
"18459",2020-12-12,"24","26  day ahead inc hosp",2021-01-07,"quantile",0.55,244.290690919111
"18460",2020-12-12,"24","26  day ahead inc hosp",2021-01-07,"quantile",0.6,249.035488947581
"18461",2020-12-12,"24","26  day ahead inc hosp",2021-01-07,"quantile",0.65,253.939614294858
"18462",2020-12-12,"24","26  day ahead inc hosp",2021-01-07,"quantile",0.7,259.107823723286
"18463",2020-12-12,"24","26  day ahead inc hosp",2021-01-07,"quantile",0.75,264.685134293168
"18464",2020-12-12,"24","26  day ahead inc hosp",2021-01-07,"quantile",0.8,270.895734096314
"18465",2020-12-12,"24","26  day ahead inc hosp",2021-01-07,"quantile",0.85,278.134946677733
"18466",2020-12-12,"24","26  day ahead inc hosp",2021-01-07,"quantile",0.9,287.24352912534
"18467",2020-12-12,"24","26  day ahead inc hosp",2021-01-07,"quantile",0.95,300.743820425747
"18468",2020-12-12,"24","26  day ahead inc hosp",2021-01-07,"quantile",0.975,312.453309776694
"18469",2020-12-12,"24","26  day ahead inc hosp",2021-01-07,"quantile",0.99,326.068121696236
"18470",2020-12-12,"24","27  day ahead inc hosp",2021-01-08,"quantile",0.01,152.929293303605
"18471",2020-12-12,"24","27  day ahead inc hosp",2021-01-08,"quantile",0.025,166.767481154246
"18472",2020-12-12,"24","27  day ahead inc hosp",2021-01-08,"quantile",0.05,178.669086129113
"18473",2020-12-12,"24","27  day ahead inc hosp",2021-01-08,"quantile",0.1,192.390874440066
"18474",2020-12-12,"24","27  day ahead inc hosp",2021-01-08,"quantile",0.15,201.64889986913
"18475",2020-12-12,"24","27  day ahead inc hosp",2021-01-08,"quantile",0.2,209.006884994772
"18476",2020-12-12,"24","27  day ahead inc hosp",2021-01-08,"quantile",0.25,215.319381065154
"18477",2020-12-12,"24","27  day ahead inc hosp",2021-01-08,"quantile",0.3,220.988197632249
"18478",2020-12-12,"24","27  day ahead inc hosp",2021-01-08,"quantile",0.35,226.241201004216
"18479",2020-12-12,"24","27  day ahead inc hosp",2021-01-08,"quantile",0.4,231.225787511892
"18480",2020-12-12,"24","27  day ahead inc hosp",2021-01-08,"quantile",0.45,236.048432644219
"18481",2020-12-12,"24","27  day ahead inc hosp",2021-01-08,"quantile",0.5,240.794616559987
"18482",2020-12-12,"24","27  day ahead inc hosp",2021-01-08,"quantile",0.55,245.540800475755
"18483",2020-12-12,"24","27  day ahead inc hosp",2021-01-08,"quantile",0.6,250.363445608082
"18484",2020-12-12,"24","27  day ahead inc hosp",2021-01-08,"quantile",0.65,255.348032115758
"18485",2020-12-12,"24","27  day ahead inc hosp",2021-01-08,"quantile",0.7,260.601035487725
"18486",2020-12-12,"24","27  day ahead inc hosp",2021-01-08,"quantile",0.75,266.26985205482
"18487",2020-12-12,"24","27  day ahead inc hosp",2021-01-08,"quantile",0.8,272.582348125202
"18488",2020-12-12,"24","27  day ahead inc hosp",2021-01-08,"quantile",0.85,279.940333250844
"18489",2020-12-12,"24","27  day ahead inc hosp",2021-01-08,"quantile",0.9,289.198358679908
"18490",2020-12-12,"24","27  day ahead inc hosp",2021-01-08,"quantile",0.95,302.920146990861
"18491",2020-12-12,"24","27  day ahead inc hosp",2021-01-08,"quantile",0.975,314.821751965728
"18492",2020-12-12,"24","27  day ahead inc hosp",2021-01-08,"quantile",0.99,328.659939816369
"18493",2020-12-12,"24","28  day ahead inc hosp",2021-01-09,"quantile",0.01,152.707002247333
"18494",2020-12-12,"24","28  day ahead inc hosp",2021-01-09,"quantile",0.025,166.765017127635
"18495",2020-12-12,"24","28  day ahead inc hosp",2021-01-09,"quantile",0.05,178.855685475397
"18496",2020-12-12,"24","28  day ahead inc hosp",2021-01-09,"quantile",0.1,192.795451746946
"18497",2020-12-12,"24","28  day ahead inc hosp",2021-01-09,"quantile",0.15,202.200545871171
"18498",2020-12-12,"24","28  day ahead inc hosp",2021-01-09,"quantile",0.2,209.675416533554
"18499",2020-12-12,"24","28  day ahead inc hosp",2021-01-09,"quantile",0.25,216.088189986775
"18500",2020-12-12,"24","28  day ahead inc hosp",2021-01-09,"quantile",0.3,221.847058742863
"18501",2020-12-12,"24","28  day ahead inc hosp",2021-01-09,"quantile",0.35,227.183508888389
"18502",2020-12-12,"24","28  day ahead inc hosp",2021-01-09,"quantile",0.4,232.247278223896
"18503",2020-12-12,"24","28  day ahead inc hosp",2021-01-09,"quantile",0.45,237.146533658525
"18504",2020-12-12,"24","28  day ahead inc hosp",2021-01-09,"quantile",0.5,241.968113249195
"18505",2020-12-12,"24","28  day ahead inc hosp",2021-01-09,"quantile",0.55,246.789692839865
"18506",2020-12-12,"24","28  day ahead inc hosp",2021-01-09,"quantile",0.6,251.688948274493
"18507",2020-12-12,"24","28  day ahead inc hosp",2021-01-09,"quantile",0.65,256.75271761
"18508",2020-12-12,"24","28  day ahead inc hosp",2021-01-09,"quantile",0.7,262.089167755527
"18509",2020-12-12,"24","28  day ahead inc hosp",2021-01-09,"quantile",0.75,267.848036511614
"18510",2020-12-12,"24","28  day ahead inc hosp",2021-01-09,"quantile",0.8,274.260809964835
"18511",2020-12-12,"24","28  day ahead inc hosp",2021-01-09,"quantile",0.85,281.735680627218
"18512",2020-12-12,"24","28  day ahead inc hosp",2021-01-09,"quantile",0.9,291.140774751443
"18513",2020-12-12,"24","28  day ahead inc hosp",2021-01-09,"quantile",0.95,305.080541022992
"18514",2020-12-12,"24","28  day ahead inc hosp",2021-01-09,"quantile",0.975,317.171209370755
"18515",2020-12-12,"24","28  day ahead inc hosp",2021-01-09,"quantile",0.99,331.229224251056
"18516",2020-12-12,"24","29  day ahead inc hosp",2021-01-10,"quantile",0.01,123.846866887516
"18517",2020-12-12,"24","29  day ahead inc hosp",2021-01-10,"quantile",0.025,138.121323856519
"18518",2020-12-12,"24","29  day ahead inc hosp",2021-01-10,"quantile",0.05,150.398144341213
"18519",2020-12-12,"24","29  day ahead inc hosp",2021-01-10,"quantile",0.1,164.552532104737
"18520",2020-12-12,"24","29  day ahead inc hosp",2021-01-10,"quantile",0.15,174.102430330681
"18521",2020-12-12,"24","29  day ahead inc hosp",2021-01-10,"quantile",0.2,181.692386702726
"18522",2020-12-12,"24","29  day ahead inc hosp",2021-01-10,"quantile",0.25,188.20389344741
"18523",2020-12-12,"24","29  day ahead inc hosp",2021-01-10,"quantile",0.3,194.051427750713
"18524",2020-12-12,"24","29  day ahead inc hosp",2021-01-10,"quantile",0.35,199.470039739543
"18525",2020-12-12,"24","29  day ahead inc hosp",2021-01-10,"quantile",0.4,204.611772629721
"18526",2020-12-12,"24","29  day ahead inc hosp",2021-01-10,"quantile",0.45,209.586458705758
"18527",2020-12-12,"24","29  day ahead inc hosp",2021-01-10,"quantile",0.5,214.482273013515
"18528",2020-12-12,"24","29  day ahead inc hosp",2021-01-10,"quantile",0.55,219.378087321272
"18529",2020-12-12,"24","29  day ahead inc hosp",2021-01-10,"quantile",0.6,224.352773397309
"18530",2020-12-12,"24","29  day ahead inc hosp",2021-01-10,"quantile",0.65,229.494506287486
"18531",2020-12-12,"24","29  day ahead inc hosp",2021-01-10,"quantile",0.7,234.913118276316
"18532",2020-12-12,"24","29  day ahead inc hosp",2021-01-10,"quantile",0.75,240.760652579619
"18533",2020-12-12,"24","29  day ahead inc hosp",2021-01-10,"quantile",0.8,247.272159324304
"18534",2020-12-12,"24","29  day ahead inc hosp",2021-01-10,"quantile",0.85,254.862115696349
"18535",2020-12-12,"24","29  day ahead inc hosp",2021-01-10,"quantile",0.9,264.412013922292
"18536",2020-12-12,"24","29  day ahead inc hosp",2021-01-10,"quantile",0.95,278.566401685816
"18537",2020-12-12,"24","29  day ahead inc hosp",2021-01-10,"quantile",0.975,290.843222170511
"18538",2020-12-12,"24","29  day ahead inc hosp",2021-01-10,"quantile",0.99,305.117679139513
"18539",2020-12-12,"24","30  day ahead inc hosp",2021-01-11,"quantile",0.01,123.666597785791
"18540",2020-12-12,"24","30  day ahead inc hosp",2021-01-11,"quantile",0.025,138.154263613834
"18541",2020-12-12,"24","30  day ahead inc hosp",2021-01-11,"quantile",0.05,150.614455479581
"18542",2020-12-12,"24","30  day ahead inc hosp",2021-01-11,"quantile",0.1,164.980258701643
"18543",2020-12-12,"24","30  day ahead inc hosp",2021-01-11,"quantile",0.15,174.672797933764
"18544",2020-12-12,"24","30  day ahead inc hosp",2021-01-11,"quantile",0.2,182.376120855708
"18545",2020-12-12,"24","30  day ahead inc hosp",2021-01-11,"quantile",0.25,188.984886005856
"18546",2020-12-12,"24","30  day ahead inc hosp",2021-01-11,"quantile",0.3,194.919761363163
"18547",2020-12-12,"24","30  day ahead inc hosp",2021-01-11,"quantile",0.35,200.419307854947
"18548",2020-12-12,"24","30  day ahead inc hosp",2021-01-11,"quantile",0.4,205.637839673825
"18549",2020-12-12,"24","30  day ahead inc hosp",2021-01-11,"quantile",0.45,210.686829602167
"18550",2020-12-12,"24","30  day ahead inc hosp",2021-01-11,"quantile",0.5,215.655769702722
"18551",2020-12-12,"24","30  day ahead inc hosp",2021-01-11,"quantile",0.55,220.624709803278
"18552",2020-12-12,"24","30  day ahead inc hosp",2021-01-11,"quantile",0.6,225.67369973162
"18553",2020-12-12,"24","30  day ahead inc hosp",2021-01-11,"quantile",0.65,230.892231550498
"18554",2020-12-12,"24","30  day ahead inc hosp",2021-01-11,"quantile",0.7,236.391778042282
"18555",2020-12-12,"24","30  day ahead inc hosp",2021-01-11,"quantile",0.75,242.326653399589
"18556",2020-12-12,"24","30  day ahead inc hosp",2021-01-11,"quantile",0.8,248.935418549737
"18557",2020-12-12,"24","30  day ahead inc hosp",2021-01-11,"quantile",0.85,256.638741471681
"18558",2020-12-12,"24","30  day ahead inc hosp",2021-01-11,"quantile",0.9,266.331280703802
"18559",2020-12-12,"24","30  day ahead inc hosp",2021-01-11,"quantile",0.95,280.697083925864
"18560",2020-12-12,"24","30  day ahead inc hosp",2021-01-11,"quantile",0.975,293.157275791611
"18561",2020-12-12,"24","30  day ahead inc hosp",2021-01-11,"quantile",0.99,307.644941619654
"18562",2020-12-12,"24","31  day ahead inc hosp",2021-01-12,"quantile",0.01,123.505964605609
"18563",2020-12-12,"24","31  day ahead inc hosp",2021-01-12,"quantile",0.025,138.203746769261
"18564",2020-12-12,"24","31  day ahead inc hosp",2021-01-12,"quantile",0.05,150.844650275303
"18565",2020-12-12,"24","31  day ahead inc hosp",2021-01-12,"quantile",0.1,165.418802445148
"18566",2020-12-12,"24","31  day ahead inc hosp",2021-01-12,"quantile",0.15,175.251913723199
"18567",2020-12-12,"24","31  day ahead inc hosp",2021-01-12,"quantile",0.2,183.066958851024
"18568",2020-12-12,"24","31  day ahead inc hosp",2021-01-12,"quantile",0.25,189.771571705884
"18569",2020-12-12,"24","31  day ahead inc hosp",2021-01-12,"quantile",0.3,195.79252126432
"18570",2020-12-12,"24","31  day ahead inc hosp",2021-01-12,"quantile",0.35,201.37182833107
"18571",2020-12-12,"24","31  day ahead inc hosp",2021-01-12,"quantile",0.4,206.666045135788
"18572",2020-12-12,"24","31  day ahead inc hosp",2021-01-12,"quantile",0.45,211.788261163825
"18573",2020-12-12,"24","31  day ahead inc hosp",2021-01-12,"quantile",0.5,216.82926639193
"18574",2020-12-12,"24","31  day ahead inc hosp",2021-01-12,"quantile",0.55,221.870271620036
"18575",2020-12-12,"24","31  day ahead inc hosp",2021-01-12,"quantile",0.6,226.992487648072
"18576",2020-12-12,"24","31  day ahead inc hosp",2021-01-12,"quantile",0.65,232.28670445279
"18577",2020-12-12,"24","31  day ahead inc hosp",2021-01-12,"quantile",0.7,237.86601151954
"18578",2020-12-12,"24","31  day ahead inc hosp",2021-01-12,"quantile",0.75,243.886961077976
"18579",2020-12-12,"24","31  day ahead inc hosp",2021-01-12,"quantile",0.8,250.591573932837
"18580",2020-12-12,"24","31  day ahead inc hosp",2021-01-12,"quantile",0.85,258.406619060661
"18581",2020-12-12,"24","31  day ahead inc hosp",2021-01-12,"quantile",0.9,268.239730338713
"18582",2020-12-12,"24","31  day ahead inc hosp",2021-01-12,"quantile",0.95,282.813882508558
"18583",2020-12-12,"24","31  day ahead inc hosp",2021-01-12,"quantile",0.975,295.454786014599
"18584",2020-12-12,"24","31  day ahead inc hosp",2021-01-12,"quantile",0.99,310.152568178251
"18585",2020-12-12,"24","32  day ahead inc hosp",2021-01-13,"quantile",0.01,123.364136914869
"18586",2020-12-12,"24","32  day ahead inc hosp",2021-01-13,"quantile",0.025,138.26907367808
"18587",2020-12-12,"24","32  day ahead inc hosp",2021-01-13,"quantile",0.05,151.088141568019
"18588",2020-12-12,"24","32  day ahead inc hosp",2021-01-13,"quantile",0.1,165.867705862158
"18589",2020-12-12,"24","32  day ahead inc hosp",2021-01-13,"quantile",0.15,175.839407725274
"18590",2020-12-12,"24","32  day ahead inc hosp",2021-01-13,"quantile",0.2,183.764600256697
"18591",2020-12-12,"24","32  day ahead inc hosp",2021-01-13,"quantile",0.25,190.563709776135
"18592",2020-12-12,"24","32  day ahead inc hosp",2021-01-13,"quantile",0.3,196.669520259903
"18593",2020-12-12,"24","32  day ahead inc hosp",2021-01-13,"quantile",0.35,202.32746362078
"18594",2020-12-12,"24","32  day ahead inc hosp",2021-01-13,"quantile",0.4,207.696298578764
"18595",2020-12-12,"24","32  day ahead inc hosp",2021-01-13,"quantile",0.45,212.890708533634
"18596",2020-12-12,"24","32  day ahead inc hosp",2021-01-13,"quantile",0.5,218.002763081138
"18597",2020-12-12,"24","32  day ahead inc hosp",2021-01-13,"quantile",0.55,223.114817628642
"18598",2020-12-12,"24","32  day ahead inc hosp",2021-01-13,"quantile",0.6,228.309227583512
"18599",2020-12-12,"24","32  day ahead inc hosp",2021-01-13,"quantile",0.65,233.678062541496
"18600",2020-12-12,"24","32  day ahead inc hosp",2021-01-13,"quantile",0.7,239.336005902373
"18601",2020-12-12,"24","32  day ahead inc hosp",2021-01-13,"quantile",0.75,245.441816386141
"18602",2020-12-12,"24","32  day ahead inc hosp",2021-01-13,"quantile",0.8,252.240925905578
"18603",2020-12-12,"24","32  day ahead inc hosp",2021-01-13,"quantile",0.85,260.166118437002
"18604",2020-12-12,"24","32  day ahead inc hosp",2021-01-13,"quantile",0.9,270.137820300118
"18605",2020-12-12,"24","32  day ahead inc hosp",2021-01-13,"quantile",0.95,284.917384594257
"18606",2020-12-12,"24","32  day ahead inc hosp",2021-01-13,"quantile",0.975,297.736452484196
"18607",2020-12-12,"24","32  day ahead inc hosp",2021-01-13,"quantile",0.99,312.641389247407
"18608",2020-12-12,"24","33  day ahead inc hosp",2021-01-14,"quantile",0.01,123.240341215422
"18609",2020-12-12,"24","33  day ahead inc hosp",2021-01-14,"quantile",0.025,138.349592662812
"18610",2020-12-12,"24","33  day ahead inc hosp",2021-01-14,"quantile",0.05,151.344382452751
"18611",2020-12-12,"24","33  day ahead inc hosp",2021-01-14,"quantile",0.1,166.326542843675
"18612",2020-12-12,"24","33  day ahead inc hosp",2021-01-14,"quantile",0.15,176.434935331465
"18613",2020-12-12,"24","33  day ahead inc hosp",2021-01-14,"quantile",0.2,184.468765238198
"18614",2020-12-12,"24","33  day ahead inc hosp",2021-01-14,"quantile",0.25,191.361075952396
"18615",2020-12-12,"24","33  day ahead inc hosp",2021-01-14,"quantile",0.3,197.550583989564
"18616",2020-12-12,"24","33  day ahead inc hosp",2021-01-14,"quantile",0.35,203.286085607093
"18617",2020-12-12,"24","33  day ahead inc hosp",2021-01-14,"quantile",0.4,208.728515766202
"18618",2020-12-12,"24","33  day ahead inc hosp",2021-01-14,"quantile",0.45,213.994129929872
"18619",2020-12-12,"24","33  day ahead inc hosp",2021-01-14,"quantile",0.5,219.176259770346
"18620",2020-12-12,"24","33  day ahead inc hosp",2021-01-14,"quantile",0.55,224.35838961082
"18621",2020-12-12,"24","33  day ahead inc hosp",2021-01-14,"quantile",0.6,229.624003774489
"18622",2020-12-12,"24","33  day ahead inc hosp",2021-01-14,"quantile",0.65,235.066433933598
"18623",2020-12-12,"24","33  day ahead inc hosp",2021-01-14,"quantile",0.7,240.801935551128
"18624",2020-12-12,"24","33  day ahead inc hosp",2021-01-14,"quantile",0.75,246.991443588295
"18625",2020-12-12,"24","33  day ahead inc hosp",2021-01-14,"quantile",0.8,253.883754302493
"18626",2020-12-12,"24","33  day ahead inc hosp",2021-01-14,"quantile",0.85,261.917584209226
"18627",2020-12-12,"24","33  day ahead inc hosp",2021-01-14,"quantile",0.9,272.025976697017
"18628",2020-12-12,"24","33  day ahead inc hosp",2021-01-14,"quantile",0.95,287.008137087941
"18629",2020-12-12,"24","33  day ahead inc hosp",2021-01-14,"quantile",0.975,300.002926877879
"18630",2020-12-12,"24","33  day ahead inc hosp",2021-01-14,"quantile",0.99,315.112178325269
"18631",2020-12-12,"24","34  day ahead inc hosp",2021-01-15,"quantile",0.01,123.133855623759
"18632",2020-12-12,"24","34  day ahead inc hosp",2021-01-15,"quantile",0.025,138.444695531667
"18633",2020-12-12,"24","34  day ahead inc hosp",2021-01-15,"quantile",0.05,151.612862518857
"18634",2020-12-12,"24","34  day ahead inc hosp",2021-01-15,"quantile",0.1,166.794915714461
"18635",2020-12-12,"24","34  day ahead inc hosp",2021-01-15,"quantile",0.15,177.038174928577
"18636",2020-12-12,"24","34  day ahead inc hosp",2021-01-15,"quantile",0.2,185.17919263403
"18637",2020-12-12,"24","34  day ahead inc hosp",2021-01-15,"quantile",0.25,192.163460935348
"18638",2020-12-12,"24","34  day ahead inc hosp",2021-01-15,"quantile",0.3,198.435549727818
"18639",2020-12-12,"24","34  day ahead inc hosp",2021-01-15,"quantile",0.35,204.247574722128
"18640",2020-12-12,"24","34  day ahead inc hosp",2021-01-15,"quantile",0.4,209.762618082564
"18641",2020-12-12,"24","34  day ahead inc hosp",2021-01-15,"quantile",0.45,215.098486358863
"18642",2020-12-12,"24","34  day ahead inc hosp",2021-01-15,"quantile",0.5,220.349756459553
"18643",2020-12-12,"24","34  day ahead inc hosp",2021-01-15,"quantile",0.55,225.601026560244
"18644",2020-12-12,"24","34  day ahead inc hosp",2021-01-15,"quantile",0.6,230.936894836543
"18645",2020-12-12,"24","34  day ahead inc hosp",2021-01-15,"quantile",0.65,236.451938196979
"18646",2020-12-12,"24","34  day ahead inc hosp",2021-01-15,"quantile",0.7,242.263963191289
"18647",2020-12-12,"24","34  day ahead inc hosp",2021-01-15,"quantile",0.75,248.536051983759
"18648",2020-12-12,"24","34  day ahead inc hosp",2021-01-15,"quantile",0.8,255.520320285076
"18649",2020-12-12,"24","34  day ahead inc hosp",2021-01-15,"quantile",0.85,263.66133799053
"18650",2020-12-12,"24","34  day ahead inc hosp",2021-01-15,"quantile",0.9,273.904597204645
"18651",2020-12-12,"24","34  day ahead inc hosp",2021-01-15,"quantile",0.95,289.08665040025
"18652",2020-12-12,"24","34  day ahead inc hosp",2021-01-15,"quantile",0.975,302.25481738744
"18653",2020-12-12,"24","34  day ahead inc hosp",2021-01-15,"quantile",0.99,317.565657295347
"18654",2020-12-12,"24","35  day ahead inc hosp",2021-01-16,"quantile",0.01,123.044005174109
"18655",2020-12-12,"24","35  day ahead inc hosp",2021-01-16,"quantile",0.025,138.55381362137
"18656",2020-12-12,"24","35  day ahead inc hosp",2021-01-16,"quantile",0.05,151.893104529073
"18657",2020-12-12,"24","35  day ahead inc hosp",2021-01-16,"quantile",0.1,167.272452645588
"18658",2020-12-12,"24","35  day ahead inc hosp",2021-01-16,"quantile",0.15,177.648825806182
"18659",2020-12-12,"24","35  day ahead inc hosp",2021-01-16,"quantile",0.2,185.895638256499
"18660",2020-12-12,"24","35  day ahead inc hosp",2021-01-16,"quantile",0.25,192.970669028767
"18661",2020-12-12,"24","35  day ahead inc hosp",2021-01-16,"quantile",0.3,199.324265325282
"18662",2020-12-12,"24","35  day ahead inc hosp",2021-01-16,"quantile",0.35,205.211819169136
"18663",2020-12-12,"24","35  day ahead inc hosp",2021-01-16,"quantile",0.4,210.798532021807
"18664",2020-12-12,"24","35  day ahead inc hosp",2021-01-16,"quantile",0.45,216.203741361268
"18665",2020-12-12,"24","35  day ahead inc hosp",2021-01-16,"quantile",0.5,221.523253148761
"18666",2020-12-12,"24","35  day ahead inc hosp",2021-01-16,"quantile",0.55,226.842764936254
"18667",2020-12-12,"24","35  day ahead inc hosp",2021-01-16,"quantile",0.6,232.247974275715
"18668",2020-12-12,"24","35  day ahead inc hosp",2021-01-16,"quantile",0.65,237.834687128387
"18669",2020-12-12,"24","35  day ahead inc hosp",2021-01-16,"quantile",0.7,243.72224097224
"18670",2020-12-12,"24","35  day ahead inc hosp",2021-01-16,"quantile",0.75,250.075837268755
"18671",2020-12-12,"24","35  day ahead inc hosp",2021-01-16,"quantile",0.8,257.150868041023
"18672",2020-12-12,"24","35  day ahead inc hosp",2021-01-16,"quantile",0.85,265.39768049134
"18673",2020-12-12,"24","35  day ahead inc hosp",2021-01-16,"quantile",0.9,275.774053651934
"18674",2020-12-12,"24","35  day ahead inc hosp",2021-01-16,"quantile",0.95,291.153401768449
"18675",2020-12-12,"24","35  day ahead inc hosp",2021-01-16,"quantile",0.975,304.492692676152
"18676",2020-12-12,"24","35  day ahead inc hosp",2021-01-16,"quantile",0.99,320.002501123413
"18677",2020-12-12,"24","36  day ahead inc hosp",2021-01-17,"quantile",0.01,119.220062102108
"18678",2020-12-12,"24","36  day ahead inc hosp",2021-01-17,"quantile",0.025,134.926318736196
"18679",2020-12-12,"24","36  day ahead inc hosp",2021-01-17,"quantile",0.05,148.434565922199
"18680",2020-12-12,"24","36  day ahead inc hosp",2021-01-17,"quantile",0.1,164.008709806976
"18681",2020-12-12,"24","36  day ahead inc hosp",2021-01-17,"quantile",0.15,174.516510747622
"18682",2020-12-12,"24","36  day ahead inc hosp",2021-01-17,"quantile",0.2,182.867777831179
"18683",2020-12-12,"24","36  day ahead inc hosp",2021-01-17,"quantile",0.25,190.032421377949
"18684",2020-12-12,"24","36  day ahead inc hosp",2021-01-17,"quantile",0.3,196.466492715567
"18685",2020-12-12,"24","36  day ahead inc hosp",2021-01-17,"quantile",0.35,202.428618678181
"18686",2020-12-12,"24","36  day ahead inc hosp",2021-01-17,"quantile",0.4,208.086093179132
"18687",2020-12-12,"24","36  day ahead inc hosp",2021-01-17,"quantile",0.45,213.559765232222
"18688",2020-12-12,"24","36  day ahead inc hosp",2021-01-17,"quantile",0.5,218.946654282885
"18689",2020-12-12,"24","36  day ahead inc hosp",2021-01-17,"quantile",0.55,224.333543333547
"18690",2020-12-12,"24","36  day ahead inc hosp",2021-01-17,"quantile",0.6,229.807215386637
"18691",2020-12-12,"24","36  day ahead inc hosp",2021-01-17,"quantile",0.65,235.464689887589
"18692",2020-12-12,"24","36  day ahead inc hosp",2021-01-17,"quantile",0.7,241.426815850203
"18693",2020-12-12,"24","36  day ahead inc hosp",2021-01-17,"quantile",0.75,247.86088718782
"18694",2020-12-12,"24","36  day ahead inc hosp",2021-01-17,"quantile",0.8,255.025530734591
"18695",2020-12-12,"24","36  day ahead inc hosp",2021-01-17,"quantile",0.85,263.376797818147
"18696",2020-12-12,"24","36  day ahead inc hosp",2021-01-17,"quantile",0.9,273.884598758793
"18697",2020-12-12,"24","36  day ahead inc hosp",2021-01-17,"quantile",0.95,289.45874264357
"18698",2020-12-12,"24","36  day ahead inc hosp",2021-01-17,"quantile",0.975,302.966989829573
"18699",2020-12-12,"24","36  day ahead inc hosp",2021-01-17,"quantile",0.99,318.673246463662
"18700",2020-12-12,"24","37  day ahead inc hosp",2021-01-18,"quantile",0.01,119.161624366713
"18701",2020-12-12,"24","37  day ahead inc hosp",2021-01-18,"quantile",0.025,135.061902252366
"18702",2020-12-12,"24","37  day ahead inc hosp",2021-01-18,"quantile",0.05,148.737018418453
"18703",2020-12-12,"24","37  day ahead inc hosp",2021-01-18,"quantile",0.1,164.503551550329
"18704",2020-12-12,"24","37  day ahead inc hosp",2021-01-18,"quantile",0.15,175.141156602622
"18705",2020-12-12,"24","37  day ahead inc hosp",2021-01-18,"quantile",0.2,183.595587879242
"18706",2020-12-12,"24","37  day ahead inc hosp",2021-01-18,"quantile",0.25,190.848737117747
"18707",2020-12-12,"24","37  day ahead inc hosp",2021-01-18,"quantile",0.3,197.362289301925
"18708",2020-12-12,"24","37  day ahead inc hosp",2021-01-18,"quantile",0.35,203.398066113892
"18709",2020-12-12,"24","37  day ahead inc hosp",2021-01-18,"quantile",0.4,209.125428068547
"18710",2020-12-12,"24","37  day ahead inc hosp",2021-01-18,"quantile",0.45,214.666717041895
"18711",2020-12-12,"24","37  day ahead inc hosp",2021-01-18,"quantile",0.5,220.120150972092
"18712",2020-12-12,"24","37  day ahead inc hosp",2021-01-18,"quantile",0.55,225.573584902289
"18713",2020-12-12,"24","37  day ahead inc hosp",2021-01-18,"quantile",0.6,231.114873875638
"18714",2020-12-12,"24","37  day ahead inc hosp",2021-01-18,"quantile",0.65,236.842235830293
"18715",2020-12-12,"24","37  day ahead inc hosp",2021-01-18,"quantile",0.7,242.87801264226
"18716",2020-12-12,"24","37  day ahead inc hosp",2021-01-18,"quantile",0.75,249.391564826438
"18717",2020-12-12,"24","37  day ahead inc hosp",2021-01-18,"quantile",0.8,256.644714064943
"18718",2020-12-12,"24","37  day ahead inc hosp",2021-01-18,"quantile",0.85,265.099145341563
"18719",2020-12-12,"24","37  day ahead inc hosp",2021-01-18,"quantile",0.9,275.736750393856
"18720",2020-12-12,"24","37  day ahead inc hosp",2021-01-18,"quantile",0.95,291.503283525732
"18721",2020-12-12,"24","37  day ahead inc hosp",2021-01-18,"quantile",0.975,305.178399691819
"18722",2020-12-12,"24","37  day ahead inc hosp",2021-01-18,"quantile",0.99,321.078677577472
"18723",2020-12-12,"25","1  day ahead inc hosp",2020-12-13,"quantile",0.01,100.291317985503
"18724",2020-12-12,"25","1  day ahead inc hosp",2020-12-13,"quantile",0.025,105.318031414218
"18725",2020-12-12,"25","1  day ahead inc hosp",2020-12-13,"quantile",0.05,109.641282275974
"18726",2020-12-12,"25","1  day ahead inc hosp",2020-12-13,"quantile",0.1,114.62571364178
"18727",2020-12-12,"25","1  day ahead inc hosp",2020-12-13,"quantile",0.15,117.988685820649
"18728",2020-12-12,"25","1  day ahead inc hosp",2020-12-13,"quantile",0.2,120.661469500026
"18729",2020-12-12,"25","1  day ahead inc hosp",2020-12-13,"quantile",0.25,122.95447990776
"18730",2020-12-12,"25","1  day ahead inc hosp",2020-12-13,"quantile",0.3,125.013674122371
"18731",2020-12-12,"25","1  day ahead inc hosp",2020-12-13,"quantile",0.35,126.921824443493
"18732",2020-12-12,"25","1  day ahead inc hosp",2020-12-13,"quantile",0.4,128.732472499811
"18733",2020-12-12,"25","1  day ahead inc hosp",2020-12-13,"quantile",0.45,130.484295448758
"18734",2020-12-12,"25","1  day ahead inc hosp",2020-12-13,"quantile",0.5,132.208343906695
"18735",2020-12-12,"25","1  day ahead inc hosp",2020-12-13,"quantile",0.55,133.932392364632
"18736",2020-12-12,"25","1  day ahead inc hosp",2020-12-13,"quantile",0.6,135.684215313579
"18737",2020-12-12,"25","1  day ahead inc hosp",2020-12-13,"quantile",0.65,137.494863369898
"18738",2020-12-12,"25","1  day ahead inc hosp",2020-12-13,"quantile",0.7,139.40301369102
"18739",2020-12-12,"25","1  day ahead inc hosp",2020-12-13,"quantile",0.75,141.462207905631
"18740",2020-12-12,"25","1  day ahead inc hosp",2020-12-13,"quantile",0.8,143.755218313365
"18741",2020-12-12,"25","1  day ahead inc hosp",2020-12-13,"quantile",0.85,146.428001992742
"18742",2020-12-12,"25","1  day ahead inc hosp",2020-12-13,"quantile",0.9,149.79097417161
"18743",2020-12-12,"25","1  day ahead inc hosp",2020-12-13,"quantile",0.95,154.775405537417
"18744",2020-12-12,"25","1  day ahead inc hosp",2020-12-13,"quantile",0.975,159.098656399172
"18745",2020-12-12,"25","1  day ahead inc hosp",2020-12-13,"quantile",0.99,164.125369827887
"18746",2020-12-12,"25","2  day ahead inc hosp",2020-12-14,"quantile",0.01,118.878478191019
"18747",2020-12-12,"25","2  day ahead inc hosp",2020-12-14,"quantile",0.025,125.510541344297
"18748",2020-12-12,"25","2  day ahead inc hosp",2020-12-14,"quantile",0.05,131.214481532898
"18749",2020-12-12,"25","2  day ahead inc hosp",2020-12-14,"quantile",0.1,137.790759267843
"18750",2020-12-12,"25","2  day ahead inc hosp",2020-12-14,"quantile",0.15,142.227742634661
"18751",2020-12-12,"25","2  day ahead inc hosp",2020-12-14,"quantile",0.2,145.754116359373
"18752",2020-12-12,"25","2  day ahead inc hosp",2020-12-14,"quantile",0.25,148.779431020906
"18753",2020-12-12,"25","2  day ahead inc hosp",2020-12-14,"quantile",0.3,151.496257088243
"18754",2020-12-12,"25","2  day ahead inc hosp",2020-12-14,"quantile",0.35,154.013801327653
"18755",2020-12-12,"25","2  day ahead inc hosp",2020-12-14,"quantile",0.4,156.402704619666
"18756",2020-12-12,"25","2  day ahead inc hosp",2020-12-14,"quantile",0.45,158.713996201241
"18757",2020-12-12,"25","2  day ahead inc hosp",2020-12-14,"quantile",0.5,160.988643128005
"18758",2020-12-12,"25","2  day ahead inc hosp",2020-12-14,"quantile",0.55,163.263290054769
"18759",2020-12-12,"25","2  day ahead inc hosp",2020-12-14,"quantile",0.6,165.574581636344
"18760",2020-12-12,"25","2  day ahead inc hosp",2020-12-14,"quantile",0.65,167.963484928356
"18761",2020-12-12,"25","2  day ahead inc hosp",2020-12-14,"quantile",0.7,170.481029167767
"18762",2020-12-12,"25","2  day ahead inc hosp",2020-12-14,"quantile",0.75,173.197855235104
"18763",2020-12-12,"25","2  day ahead inc hosp",2020-12-14,"quantile",0.8,176.223169896637
"18764",2020-12-12,"25","2  day ahead inc hosp",2020-12-14,"quantile",0.85,179.749543621349
"18765",2020-12-12,"25","2  day ahead inc hosp",2020-12-14,"quantile",0.9,184.186526988167
"18766",2020-12-12,"25","2  day ahead inc hosp",2020-12-14,"quantile",0.95,190.762804723112
"18767",2020-12-12,"25","2  day ahead inc hosp",2020-12-14,"quantile",0.975,196.466744911713
"18768",2020-12-12,"25","2  day ahead inc hosp",2020-12-14,"quantile",0.99,203.09880806499
"18769",2020-12-12,"25","3  day ahead inc hosp",2020-12-15,"quantile",0.01,109.701631774638
"18770",2020-12-12,"25","3  day ahead inc hosp",2020-12-15,"quantile",0.025,117.305407701784
"18771",2020-12-12,"25","3  day ahead inc hosp",2020-12-15,"quantile",0.05,123.845074483233
"18772",2020-12-12,"25","3  day ahead inc hosp",2020-12-15,"quantile",0.1,131.38489145655
"18773",2020-12-12,"25","3  day ahead inc hosp",2020-12-15,"quantile",0.15,136.471970173085
"18774",2020-12-12,"25","3  day ahead inc hosp",2020-12-15,"quantile",0.2,140.515019073311
"18775",2020-12-12,"25","3  day ahead inc hosp",2020-12-15,"quantile",0.25,143.983595029804
"18776",2020-12-12,"25","3  day ahead inc hosp",2020-12-15,"quantile",0.3,147.098483439582
"18777",2020-12-12,"25","3  day ahead inc hosp",2020-12-15,"quantile",0.35,149.984891762411
"18778",2020-12-12,"25","3  day ahead inc hosp",2020-12-15,"quantile",0.4,152.723810998292
"18779",2020-12-12,"25","3  day ahead inc hosp",2020-12-15,"quantile",0.45,155.37374705626
"18780",2020-12-12,"25","3  day ahead inc hosp",2020-12-15,"quantile",0.5,157.981669379185
"18781",2020-12-12,"25","3  day ahead inc hosp",2020-12-15,"quantile",0.55,160.58959170211
"18782",2020-12-12,"25","3  day ahead inc hosp",2020-12-15,"quantile",0.6,163.239527760078
"18783",2020-12-12,"25","3  day ahead inc hosp",2020-12-15,"quantile",0.65,165.978446995959
"18784",2020-12-12,"25","3  day ahead inc hosp",2020-12-15,"quantile",0.7,168.864855318788
"18785",2020-12-12,"25","3  day ahead inc hosp",2020-12-15,"quantile",0.75,171.979743728566
"18786",2020-12-12,"25","3  day ahead inc hosp",2020-12-15,"quantile",0.8,175.448319685059
"18787",2020-12-12,"25","3  day ahead inc hosp",2020-12-15,"quantile",0.85,179.491368585285
"18788",2020-12-12,"25","3  day ahead inc hosp",2020-12-15,"quantile",0.9,184.57844730182
"18789",2020-12-12,"25","3  day ahead inc hosp",2020-12-15,"quantile",0.95,192.118264275137
"18790",2020-12-12,"25","3  day ahead inc hosp",2020-12-15,"quantile",0.975,198.657931056586
"18791",2020-12-12,"25","3  day ahead inc hosp",2020-12-15,"quantile",0.99,206.261706983732
"18792",2020-12-12,"25","4  day ahead inc hosp",2020-12-16,"quantile",0.01,79.0323727276482
"18793",2020-12-12,"25","4  day ahead inc hosp",2020-12-16,"quantile",0.025,87.9476729788145
"18794",2020-12-12,"25","4  day ahead inc hosp",2020-12-16,"quantile",0.05,95.6153230329213
"18795",2020-12-12,"25","4  day ahead inc hosp",2020-12-16,"quantile",0.1,104.455632479177
"18796",2020-12-12,"25","4  day ahead inc hosp",2020-12-16,"quantile",0.15,110.420147293103
"18797",2020-12-12,"25","4  day ahead inc hosp",2020-12-16,"quantile",0.2,115.160554588244
"18798",2020-12-12,"25","4  day ahead inc hosp",2020-12-16,"quantile",0.25,119.227401953606
"18799",2020-12-12,"25","4  day ahead inc hosp",2020-12-16,"quantile",0.3,122.879556578902
"18800",2020-12-12,"25","4  day ahead inc hosp",2020-12-16,"quantile",0.35,126.263822119083
"18801",2020-12-12,"25","4  day ahead inc hosp",2020-12-16,"quantile",0.4,129.475159168666
"18802",2020-12-12,"25","4  day ahead inc hosp",2020-12-16,"quantile",0.45,132.582164928638
"18803",2020-12-12,"25","4  day ahead inc hosp",2020-12-16,"quantile",0.5,135.639910286124
"18804",2020-12-12,"25","4  day ahead inc hosp",2020-12-16,"quantile",0.55,138.697655643611
"18805",2020-12-12,"25","4  day ahead inc hosp",2020-12-16,"quantile",0.6,141.804661403583
"18806",2020-12-12,"25","4  day ahead inc hosp",2020-12-16,"quantile",0.65,145.015998453165
"18807",2020-12-12,"25","4  day ahead inc hosp",2020-12-16,"quantile",0.7,148.400263993346
"18808",2020-12-12,"25","4  day ahead inc hosp",2020-12-16,"quantile",0.75,152.052418618643
"18809",2020-12-12,"25","4  day ahead inc hosp",2020-12-16,"quantile",0.8,156.119265984004
"18810",2020-12-12,"25","4  day ahead inc hosp",2020-12-16,"quantile",0.85,160.859673279145
"18811",2020-12-12,"25","4  day ahead inc hosp",2020-12-16,"quantile",0.9,166.824188093071
"18812",2020-12-12,"25","4  day ahead inc hosp",2020-12-16,"quantile",0.95,175.664497539327
"18813",2020-12-12,"25","4  day ahead inc hosp",2020-12-16,"quantile",0.975,183.332147593434
"18814",2020-12-12,"25","4  day ahead inc hosp",2020-12-16,"quantile",0.99,192.2474478446
"18815",2020-12-12,"25","5  day ahead inc hosp",2020-12-17,"quantile",0.01,87.7620908870286
"18816",2020-12-12,"25","5  day ahead inc hosp",2020-12-17,"quantile",0.025,97.8959790073653
"18817",2020-12-12,"25","5  day ahead inc hosp",2020-12-17,"quantile",0.05,106.611681855853
"18818",2020-12-12,"25","5  day ahead inc hosp",2020-12-17,"quantile",0.1,116.660329052653
"18819",2020-12-12,"25","5  day ahead inc hosp",2020-12-17,"quantile",0.15,123.440103610275
"18820",2020-12-12,"25","5  day ahead inc hosp",2020-12-17,"quantile",0.2,128.828453505446
"18821",2020-12-12,"25","5  day ahead inc hosp",2020-12-17,"quantile",0.25,133.45117792773
"18822",2020-12-12,"25","5  day ahead inc hosp",2020-12-17,"quantile",0.3,137.602527330245
"18823",2020-12-12,"25","5  day ahead inc hosp",2020-12-17,"quantile",0.35,141.449371226413
"18824",2020-12-12,"25","5  day ahead inc hosp",2020-12-17,"quantile",0.4,145.099649900191
"18825",2020-12-12,"25","5  day ahead inc hosp",2020-12-17,"quantile",0.45,148.631336761402
"18826",2020-12-12,"25","5  day ahead inc hosp",2020-12-17,"quantile",0.5,152.107030061714
"18827",2020-12-12,"25","5  day ahead inc hosp",2020-12-17,"quantile",0.55,155.582723362026
"18828",2020-12-12,"25","5  day ahead inc hosp",2020-12-17,"quantile",0.6,159.114410223238
"18829",2020-12-12,"25","5  day ahead inc hosp",2020-12-17,"quantile",0.65,162.764688897016
"18830",2020-12-12,"25","5  day ahead inc hosp",2020-12-17,"quantile",0.7,166.611532793184
"18831",2020-12-12,"25","5  day ahead inc hosp",2020-12-17,"quantile",0.75,170.762882195699
"18832",2020-12-12,"25","5  day ahead inc hosp",2020-12-17,"quantile",0.8,175.385606617983
"18833",2020-12-12,"25","5  day ahead inc hosp",2020-12-17,"quantile",0.85,180.773956513154
"18834",2020-12-12,"25","5  day ahead inc hosp",2020-12-17,"quantile",0.9,187.553731070776
"18835",2020-12-12,"25","5  day ahead inc hosp",2020-12-17,"quantile",0.95,197.602378267576
"18836",2020-12-12,"25","5  day ahead inc hosp",2020-12-17,"quantile",0.975,206.318081116064
"18837",2020-12-12,"25","5  day ahead inc hosp",2020-12-17,"quantile",0.99,216.4519692364
"18838",2020-12-12,"25","6  day ahead inc hosp",2020-12-18,"quantile",0.01,100.943262218197
"18839",2020-12-12,"25","6  day ahead inc hosp",2020-12-18,"quantile",0.025,111.785851428414
"18840",2020-12-12,"25","6  day ahead inc hosp",2020-12-18,"quantile",0.05,121.111076311727
"18841",2020-12-12,"25","6  day ahead inc hosp",2020-12-18,"quantile",0.1,131.862463378519
"18842",2020-12-12,"25","6  day ahead inc hosp",2020-12-18,"quantile",0.15,139.116373190159
"18843",2020-12-12,"25","6  day ahead inc hosp",2020-12-18,"quantile",0.2,144.88155075483
"18844",2020-12-12,"25","6  day ahead inc hosp",2020-12-18,"quantile",0.25,149.827559764174
"18845",2020-12-12,"25","6  day ahead inc hosp",2020-12-18,"quantile",0.3,154.269228717399
"18846",2020-12-12,"25","6  day ahead inc hosp",2020-12-18,"quantile",0.35,158.385096943562
"18847",2020-12-12,"25","6  day ahead inc hosp",2020-12-18,"quantile",0.4,162.290653398558
"18848",2020-12-12,"25","6  day ahead inc hosp",2020-12-18,"quantile",0.45,166.069324467404
"18849",2020-12-12,"25","6  day ahead inc hosp",2020-12-18,"quantile",0.5,169.78808613405
"18850",2020-12-12,"25","6  day ahead inc hosp",2020-12-18,"quantile",0.55,173.506847800696
"18851",2020-12-12,"25","6  day ahead inc hosp",2020-12-18,"quantile",0.6,177.285518869542
"18852",2020-12-12,"25","6  day ahead inc hosp",2020-12-18,"quantile",0.65,181.191075324538
"18853",2020-12-12,"25","6  day ahead inc hosp",2020-12-18,"quantile",0.7,185.3069435507
"18854",2020-12-12,"25","6  day ahead inc hosp",2020-12-18,"quantile",0.75,189.748612503926
"18855",2020-12-12,"25","6  day ahead inc hosp",2020-12-18,"quantile",0.8,194.694621513269
"18856",2020-12-12,"25","6  day ahead inc hosp",2020-12-18,"quantile",0.85,200.45979907794
"18857",2020-12-12,"25","6  day ahead inc hosp",2020-12-18,"quantile",0.9,207.71370888958
"18858",2020-12-12,"25","6  day ahead inc hosp",2020-12-18,"quantile",0.95,218.465095956373
"18859",2020-12-12,"25","6  day ahead inc hosp",2020-12-18,"quantile",0.975,227.790320839685
"18860",2020-12-12,"25","6  day ahead inc hosp",2020-12-18,"quantile",0.99,238.632910049902
"18861",2020-12-12,"25","7  day ahead inc hosp",2020-12-19,"quantile",0.01,76.340937861652
"18862",2020-12-12,"25","7  day ahead inc hosp",2020-12-19,"quantile",0.025,87.9421399290209
"18863",2020-12-12,"25","7  day ahead inc hosp",2020-12-19,"quantile",0.05,97.9198137205376
"18864",2020-12-12,"25","7  day ahead inc hosp",2020-12-19,"quantile",0.1,109.423432593124
"18865",2020-12-12,"25","7  day ahead inc hosp",2020-12-19,"quantile",0.15,117.184869632904
"18866",2020-12-12,"25","7  day ahead inc hosp",2020-12-19,"quantile",0.2,123.353413749561
"18867",2020-12-12,"25","7  day ahead inc hosp",2020-12-19,"quantile",0.25,128.645475344069
"18868",2020-12-12,"25","7  day ahead inc hosp",2020-12-19,"quantile",0.3,133.397910213977
"18869",2020-12-12,"25","7  day ahead inc hosp",2020-12-19,"quantile",0.35,137.801749375326
"18870",2020-12-12,"25","7  day ahead inc hosp",2020-12-19,"quantile",0.4,141.980562087075
"18871",2020-12-12,"25","7  day ahead inc hosp",2020-12-19,"quantile",0.45,146.023611746698
"18872",2020-12-12,"25","7  day ahead inc hosp",2020-12-19,"quantile",0.5,150.002560381448
"18873",2020-12-12,"25","7  day ahead inc hosp",2020-12-19,"quantile",0.55,153.981509016198
"18874",2020-12-12,"25","7  day ahead inc hosp",2020-12-19,"quantile",0.6,158.024558675821
"18875",2020-12-12,"25","7  day ahead inc hosp",2020-12-19,"quantile",0.65,162.20337138757
"18876",2020-12-12,"25","7  day ahead inc hosp",2020-12-19,"quantile",0.7,166.607210548919
"18877",2020-12-12,"25","7  day ahead inc hosp",2020-12-19,"quantile",0.75,171.359645418827
"18878",2020-12-12,"25","7  day ahead inc hosp",2020-12-19,"quantile",0.8,176.651707013335
"18879",2020-12-12,"25","7  day ahead inc hosp",2020-12-19,"quantile",0.85,182.820251129992
"18880",2020-12-12,"25","7  day ahead inc hosp",2020-12-19,"quantile",0.9,190.581688169772
"18881",2020-12-12,"25","7  day ahead inc hosp",2020-12-19,"quantile",0.95,202.085307042358
"18882",2020-12-12,"25","7  day ahead inc hosp",2020-12-19,"quantile",0.975,212.062980833875
"18883",2020-12-12,"25","7  day ahead inc hosp",2020-12-19,"quantile",0.99,223.664182901244
"18884",2020-12-12,"25","8  day ahead inc hosp",2020-12-20,"quantile",0.01,94.4688909605154
"18885",2020-12-12,"25","8  day ahead inc hosp",2020-12-20,"quantile",0.025,107.071101970839
"18886",2020-12-12,"25","8  day ahead inc hosp",2020-12-20,"quantile",0.05,117.909698676826
"18887",2020-12-12,"25","8  day ahead inc hosp",2020-12-20,"quantile",0.1,130.405906532945
"18888",2020-12-12,"25","8  day ahead inc hosp",2020-12-20,"quantile",0.15,138.837038647588
"18889",2020-12-12,"25","8  day ahead inc hosp",2020-12-20,"quantile",0.2,145.537835179979
"18890",2020-12-12,"25","8  day ahead inc hosp",2020-12-20,"quantile",0.25,151.286521954534
"18891",2020-12-12,"25","8  day ahead inc hosp",2020-12-20,"quantile",0.3,156.449020348719
"18892",2020-12-12,"25","8  day ahead inc hosp",2020-12-20,"quantile",0.35,161.232844476991
"18893",2020-12-12,"25","8  day ahead inc hosp",2020-12-20,"quantile",0.4,165.77222576354
"18894",2020-12-12,"25","8  day ahead inc hosp",2020-12-20,"quantile",0.45,170.164129692108
"18895",2020-12-12,"25","8  day ahead inc hosp",2020-12-20,"quantile",0.5,174.486401643167
"18896",2020-12-12,"25","8  day ahead inc hosp",2020-12-20,"quantile",0.55,178.808673594226
"18897",2020-12-12,"25","8  day ahead inc hosp",2020-12-20,"quantile",0.6,183.200577522794
"18898",2020-12-12,"25","8  day ahead inc hosp",2020-12-20,"quantile",0.65,187.739958809343
"18899",2020-12-12,"25","8  day ahead inc hosp",2020-12-20,"quantile",0.7,192.523782937616
"18900",2020-12-12,"25","8  day ahead inc hosp",2020-12-20,"quantile",0.75,197.6862813318
"18901",2020-12-12,"25","8  day ahead inc hosp",2020-12-20,"quantile",0.8,203.434968106355
"18902",2020-12-12,"25","8  day ahead inc hosp",2020-12-20,"quantile",0.85,210.135764638747
"18903",2020-12-12,"25","8  day ahead inc hosp",2020-12-20,"quantile",0.9,218.56689675339
"18904",2020-12-12,"25","8  day ahead inc hosp",2020-12-20,"quantile",0.95,231.063104609509
"18905",2020-12-12,"25","8  day ahead inc hosp",2020-12-20,"quantile",0.975,241.901701315495
"18906",2020-12-12,"25","8  day ahead inc hosp",2020-12-20,"quantile",0.99,254.503912325819
"18907",2020-12-12,"25","9  day ahead inc hosp",2020-12-21,"quantile",0.01,114.380619417975
"18908",2020-12-12,"25","9  day ahead inc hosp",2020-12-21,"quantile",0.025,127.700197394938
"18909",2020-12-12,"25","9  day ahead inc hosp",2020-12-21,"quantile",0.05,139.15576926784
"18910",2020-12-12,"25","9  day ahead inc hosp",2020-12-21,"quantile",0.1,152.363309977923
"18911",2020-12-12,"25","9  day ahead inc hosp",2020-12-21,"quantile",0.15,161.274374992076
"18912",2020-12-12,"25","9  day ahead inc hosp",2020-12-21,"quantile",0.2,168.356606978815
"18913",2020-12-12,"25","9  day ahead inc hosp",2020-12-21,"quantile",0.25,174.432531409544
"18914",2020-12-12,"25","9  day ahead inc hosp",2020-12-21,"quantile",0.3,179.888899332677
"18915",2020-12-12,"25","9  day ahead inc hosp",2020-12-21,"quantile",0.35,184.945037374835
"18916",2020-12-12,"25","9  day ahead inc hosp",2020-12-21,"quantile",0.4,189.742817936026
"18917",2020-12-12,"25","9  day ahead inc hosp",2020-12-21,"quantile",0.45,194.38472615324
"18918",2020-12-12,"25","9  day ahead inc hosp",2020-12-21,"quantile",0.5,198.953038669402
"18919",2020-12-12,"25","9  day ahead inc hosp",2020-12-21,"quantile",0.55,203.521351185563
"18920",2020-12-12,"25","9  day ahead inc hosp",2020-12-21,"quantile",0.6,208.163259402777
"18921",2020-12-12,"25","9  day ahead inc hosp",2020-12-21,"quantile",0.65,212.961039963968
"18922",2020-12-12,"25","9  day ahead inc hosp",2020-12-21,"quantile",0.7,218.017178006126
"18923",2020-12-12,"25","9  day ahead inc hosp",2020-12-21,"quantile",0.75,223.47354592926
"18924",2020-12-12,"25","9  day ahead inc hosp",2020-12-21,"quantile",0.8,229.549470359988
"18925",2020-12-12,"25","9  day ahead inc hosp",2020-12-21,"quantile",0.85,236.631702346727
"18926",2020-12-12,"25","9  day ahead inc hosp",2020-12-21,"quantile",0.9,245.54276736088
"18927",2020-12-12,"25","9  day ahead inc hosp",2020-12-21,"quantile",0.95,258.750308070963
"18928",2020-12-12,"25","9  day ahead inc hosp",2020-12-21,"quantile",0.975,270.205879943866
"18929",2020-12-12,"25","9  day ahead inc hosp",2020-12-21,"quantile",0.99,283.525457920829
"18930",2020-12-12,"25","10  day ahead inc hosp",2020-12-22,"quantile",0.01,107.981842689405
"18931",2020-12-12,"25","10  day ahead inc hosp",2020-12-22,"quantile",0.025,121.839747727532
"18932",2020-12-12,"25","10  day ahead inc hosp",2020-12-22,"quantile",0.05,133.75831057139
"18933",2020-12-12,"25","10  day ahead inc hosp",2020-12-22,"quantile",0.1,147.499650219244
"18934",2020-12-12,"25","10  day ahead inc hosp",2020-12-22,"quantile",0.15,156.770866842494
"18935",2020-12-12,"25","10  day ahead inc hosp",2020-12-22,"quantile",0.2,164.139335911105
"18936",2020-12-12,"25","10  day ahead inc hosp",2020-12-22,"quantile",0.25,170.460826271048
"18937",2020-12-12,"25","10  day ahead inc hosp",2020-12-22,"quantile",0.3,176.137719988149
"18938",2020-12-12,"25","10  day ahead inc hosp",2020-12-22,"quantile",0.35,181.398208043331
"18939",2020-12-12,"25","10  day ahead inc hosp",2020-12-22,"quantile",0.4,186.38989678345
"18940",2020-12-12,"25","10  day ahead inc hosp",2020-12-22,"quantile",0.45,191.219413407859
"18941",2020-12-12,"25","10  day ahead inc hosp",2020-12-22,"quantile",0.5,195.972359870798
"18942",2020-12-12,"25","10  day ahead inc hosp",2020-12-22,"quantile",0.55,200.725306333737
"18943",2020-12-12,"25","10  day ahead inc hosp",2020-12-22,"quantile",0.6,205.554822958146
"18944",2020-12-12,"25","10  day ahead inc hosp",2020-12-22,"quantile",0.65,210.546511698266
"18945",2020-12-12,"25","10  day ahead inc hosp",2020-12-22,"quantile",0.7,215.806999753448
"18946",2020-12-12,"25","10  day ahead inc hosp",2020-12-22,"quantile",0.75,221.483893470549
"18947",2020-12-12,"25","10  day ahead inc hosp",2020-12-22,"quantile",0.8,227.805383830491
"18948",2020-12-12,"25","10  day ahead inc hosp",2020-12-22,"quantile",0.85,235.173852899103
"18949",2020-12-12,"25","10  day ahead inc hosp",2020-12-22,"quantile",0.9,244.445069522353
"18950",2020-12-12,"25","10  day ahead inc hosp",2020-12-22,"quantile",0.95,258.186409170206
"18951",2020-12-12,"25","10  day ahead inc hosp",2020-12-22,"quantile",0.975,270.104972014065
"18952",2020-12-12,"25","10  day ahead inc hosp",2020-12-22,"quantile",0.99,283.962877052191
"18953",2020-12-12,"25","11  day ahead inc hosp",2020-12-23,"quantile",0.01,84.9698731221772
"18954",2020-12-12,"25","11  day ahead inc hosp",2020-12-23,"quantile",0.025,99.5779629550588
"18955",2020-12-12,"25","11  day ahead inc hosp",2020-12-23,"quantile",0.05,112.141726108503
"18956",2020-12-12,"25","11  day ahead inc hosp",2020-12-23,"quantile",0.1,126.626940392171
"18957",2020-12-12,"25","11  day ahead inc hosp",2020-12-23,"quantile",0.15,136.400045700652
"18958",2020-12-12,"25","11  day ahead inc hosp",2020-12-23,"quantile",0.2,144.167399986091
"18959",2020-12-12,"25","11  day ahead inc hosp",2020-12-23,"quantile",0.25,150.831098344657
"18960",2020-12-12,"25","11  day ahead inc hosp",2020-12-23,"quantile",0.3,156.815305420905
"18961",2020-12-12,"25","11  day ahead inc hosp",2020-12-23,"quantile",0.35,162.360565102183
"18962",2020-12-12,"25","11  day ahead inc hosp",2020-12-23,"quantile",0.4,167.62247426759
"18963",2020-12-12,"25","11  day ahead inc hosp",2020-12-23,"quantile",0.45,172.713432280699
"18964",2020-12-12,"25","11  day ahead inc hosp",2020-12-23,"quantile",0.5,177.723675077895
"18965",2020-12-12,"25","11  day ahead inc hosp",2020-12-23,"quantile",0.55,182.733917875091
"18966",2020-12-12,"25","11  day ahead inc hosp",2020-12-23,"quantile",0.6,187.8248758882
"18967",2020-12-12,"25","11  day ahead inc hosp",2020-12-23,"quantile",0.65,193.086785053607
"18968",2020-12-12,"25","11  day ahead inc hosp",2020-12-23,"quantile",0.7,198.632044734885
"18969",2020-12-12,"25","11  day ahead inc hosp",2020-12-23,"quantile",0.75,204.616251811133
"18970",2020-12-12,"25","11  day ahead inc hosp",2020-12-23,"quantile",0.8,211.2799501697
"18971",2020-12-12,"25","11  day ahead inc hosp",2020-12-23,"quantile",0.85,219.047304455138
"18972",2020-12-12,"25","11  day ahead inc hosp",2020-12-23,"quantile",0.9,228.820409763619
"18973",2020-12-12,"25","11  day ahead inc hosp",2020-12-23,"quantile",0.95,243.305624047287
"18974",2020-12-12,"25","11  day ahead inc hosp",2020-12-23,"quantile",0.975,255.869387200731
"18975",2020-12-12,"25","11  day ahead inc hosp",2020-12-23,"quantile",0.99,270.477477033613
"18976",2020-12-12,"25","12  day ahead inc hosp",2020-12-24,"quantile",0.01,94.854081405799
"18977",2020-12-12,"25","12  day ahead inc hosp",2020-12-24,"quantile",0.025,110.209555712379
"18978",2020-12-12,"25","12  day ahead inc hosp",2020-12-24,"quantile",0.05,123.416110744811
"18979",2020-12-12,"25","12  day ahead inc hosp",2020-12-24,"quantile",0.1,138.64242289806
"18980",2020-12-12,"25","12  day ahead inc hosp",2020-12-24,"quantile",0.15,148.915543420779
"18981",2020-12-12,"25","12  day ahead inc hosp",2020-12-24,"quantile",0.2,157.080293947687
"18982",2020-12-12,"25","12  day ahead inc hosp",2020-12-24,"quantile",0.25,164.084922896603
"18983",2020-12-12,"25","12  day ahead inc hosp",2020-12-24,"quantile",0.3,170.375296179888
"18984",2020-12-12,"25","12  day ahead inc hosp",2020-12-24,"quantile",0.35,176.204264479872
"18985",2020-12-12,"25","12  day ahead inc hosp",2020-12-24,"quantile",0.4,181.735385380503
"18986",2020-12-12,"25","12  day ahead inc hosp",2020-12-24,"quantile",0.45,187.086808863005
"18987",2020-12-12,"25","12  day ahead inc hosp",2020-12-24,"quantile",0.5,192.353387547981
"18988",2020-12-12,"25","12  day ahead inc hosp",2020-12-24,"quantile",0.55,197.619966232956
"18989",2020-12-12,"25","12  day ahead inc hosp",2020-12-24,"quantile",0.6,202.971389715458
"18990",2020-12-12,"25","12  day ahead inc hosp",2020-12-24,"quantile",0.65,208.50251061609
"18991",2020-12-12,"25","12  day ahead inc hosp",2020-12-24,"quantile",0.7,214.331478916074
"18992",2020-12-12,"25","12  day ahead inc hosp",2020-12-24,"quantile",0.75,220.621852199359
"18993",2020-12-12,"25","12  day ahead inc hosp",2020-12-24,"quantile",0.8,227.626481148274
"18994",2020-12-12,"25","12  day ahead inc hosp",2020-12-24,"quantile",0.85,235.791231675183
"18995",2020-12-12,"25","12  day ahead inc hosp",2020-12-24,"quantile",0.9,246.064352197901
"18996",2020-12-12,"25","12  day ahead inc hosp",2020-12-24,"quantile",0.95,261.290664351151
"18997",2020-12-12,"25","12  day ahead inc hosp",2020-12-24,"quantile",0.975,274.497219383583
"18998",2020-12-12,"25","12  day ahead inc hosp",2020-12-24,"quantile",0.99,289.852693690163
"18999",2020-12-12,"25","13  day ahead inc hosp",2020-12-25,"quantile",0.01,106.318474428031
"19000",2020-12-12,"25","13  day ahead inc hosp",2020-12-25,"quantile",0.025,122.167759153738
"19001",2020-12-12,"25","13  day ahead inc hosp",2020-12-25,"quantile",0.05,135.799018389088
"19002",2020-12-12,"25","13  day ahead inc hosp",2020-12-25,"quantile",0.1,151.514987288592
"19003",2020-12-12,"25","13  day ahead inc hosp",2020-12-25,"quantile",0.15,162.118476893358
"19004",2020-12-12,"25","13  day ahead inc hosp",2020-12-25,"quantile",0.2,170.545794293765
"19005",2020-12-12,"25","13  day ahead inc hosp",2020-12-25,"quantile",0.25,177.775682240745
"19006",2020-12-12,"25","13  day ahead inc hosp",2020-12-25,"quantile",0.3,184.268345066213
"19007",2020-12-12,"25","13  day ahead inc hosp",2020-12-25,"quantile",0.35,190.284764774198
"19008",2020-12-12,"25","13  day ahead inc hosp",2020-12-25,"quantile",0.4,195.99375873011
"19009",2020-12-12,"25","13  day ahead inc hosp",2020-12-25,"quantile",0.45,201.517276452104
"19010",2020-12-12,"25","13  day ahead inc hosp",2020-12-25,"quantile",0.5,206.953220887422
"19011",2020-12-12,"25","13  day ahead inc hosp",2020-12-25,"quantile",0.55,212.38916532274
"19012",2020-12-12,"25","13  day ahead inc hosp",2020-12-25,"quantile",0.6,217.912683044733
"19013",2020-12-12,"25","13  day ahead inc hosp",2020-12-25,"quantile",0.65,223.621677000645
"19014",2020-12-12,"25","13  day ahead inc hosp",2020-12-25,"quantile",0.7,229.63809670863
"19015",2020-12-12,"25","13  day ahead inc hosp",2020-12-25,"quantile",0.75,236.130759534098
"19016",2020-12-12,"25","13  day ahead inc hosp",2020-12-25,"quantile",0.8,243.360647481078
"19017",2020-12-12,"25","13  day ahead inc hosp",2020-12-25,"quantile",0.85,251.787964881485
"19018",2020-12-12,"25","13  day ahead inc hosp",2020-12-25,"quantile",0.9,262.391454486251
"19019",2020-12-12,"25","13  day ahead inc hosp",2020-12-25,"quantile",0.95,278.107423385756
"19020",2020-12-12,"25","13  day ahead inc hosp",2020-12-25,"quantile",0.975,291.738682621105
"19021",2020-12-12,"25","13  day ahead inc hosp",2020-12-25,"quantile",0.99,307.587967346813
"19022",2020-12-12,"25","14  day ahead inc hosp",2020-12-26,"quantile",0.01,86.2096057834781
"19023",2020-12-12,"25","14  day ahead inc hosp",2020-12-26,"quantile",0.025,102.600051981455
"19024",2020-12-12,"25","14  day ahead inc hosp",2020-12-26,"quantile",0.05,116.696739937681
"19025",2020-12-12,"25","14  day ahead inc hosp",2020-12-26,"quantile",0.1,132.949318344491
"19026",2020-12-12,"25","14  day ahead inc hosp",2020-12-26,"quantile",0.15,143.914855836276
"19027",2020-12-12,"25","14  day ahead inc hosp",2020-12-26,"quantile",0.2,152.629917420135
"19028",2020-12-12,"25","14  day ahead inc hosp",2020-12-26,"quantile",0.25,160.106664255288
"19029",2020-12-12,"25","14  day ahead inc hosp",2020-12-26,"quantile",0.3,166.82101399183
"19030",2020-12-12,"25","14  day ahead inc hosp",2020-12-26,"quantile",0.35,173.04285966088
"19031",2020-12-12,"25","14  day ahead inc hosp",2020-12-26,"quantile",0.4,178.946782765194
"19032",2020-12-12,"25","14  day ahead inc hosp",2020-12-26,"quantile",0.45,184.658896694162
"19033",2020-12-12,"25","14  day ahead inc hosp",2020-12-26,"quantile",0.5,190.280447214847
"19034",2020-12-12,"25","14  day ahead inc hosp",2020-12-26,"quantile",0.55,195.901997735531
"19035",2020-12-12,"25","14  day ahead inc hosp",2020-12-26,"quantile",0.6,201.614111664499
"19036",2020-12-12,"25","14  day ahead inc hosp",2020-12-26,"quantile",0.65,207.518034768813
"19037",2020-12-12,"25","14  day ahead inc hosp",2020-12-26,"quantile",0.7,213.739880437863
"19038",2020-12-12,"25","14  day ahead inc hosp",2020-12-26,"quantile",0.75,220.454230174405
"19039",2020-12-12,"25","14  day ahead inc hosp",2020-12-26,"quantile",0.8,227.930977009558
"19040",2020-12-12,"25","14  day ahead inc hosp",2020-12-26,"quantile",0.85,236.646038593417
"19041",2020-12-12,"25","14  day ahead inc hosp",2020-12-26,"quantile",0.9,247.611576085203
"19042",2020-12-12,"25","14  day ahead inc hosp",2020-12-26,"quantile",0.95,263.864154492012
"19043",2020-12-12,"25","14  day ahead inc hosp",2020-12-26,"quantile",0.975,277.960842448238
"19044",2020-12-12,"25","14  day ahead inc hosp",2020-12-26,"quantile",0.99,294.351288646215
"19045",2020-12-12,"25","15  day ahead inc hosp",2020-12-27,"quantile",0.01,117.695620602815
"19046",2020-12-12,"25","15  day ahead inc hosp",2020-12-27,"quantile",0.025,134.783851773172
"19047",2020-12-12,"25","15  day ahead inc hosp",2020-12-27,"quantile",0.05,149.480673300953
"19048",2020-12-12,"25","15  day ahead inc hosp",2020-12-27,"quantile",0.1,166.425167280879
"19049",2020-12-12,"25","15  day ahead inc hosp",2020-12-27,"quantile",0.15,177.857536924969
"19050",2020-12-12,"25","15  day ahead inc hosp",2020-12-27,"quantile",0.2,186.943621904599
"19051",2020-12-12,"25","15  day ahead inc hosp",2020-12-27,"quantile",0.25,194.738673776774
"19052",2020-12-12,"25","15  day ahead inc hosp",2020-12-27,"quantile",0.3,201.738871274193
"19053",2020-12-12,"25","15  day ahead inc hosp",2020-12-27,"quantile",0.35,208.225597493528
"19054",2020-12-12,"25","15  day ahead inc hosp",2020-12-27,"quantile",0.4,214.380866337336
"19055",2020-12-12,"25","15  day ahead inc hosp",2020-12-27,"quantile",0.45,220.336160178066
"19056",2020-12-12,"25","15  day ahead inc hosp",2020-12-27,"quantile",0.5,226.197035084885
"19057",2020-12-12,"25","15  day ahead inc hosp",2020-12-27,"quantile",0.55,232.057909991704
"19058",2020-12-12,"25","15  day ahead inc hosp",2020-12-27,"quantile",0.6,238.013203832434
"19059",2020-12-12,"25","15  day ahead inc hosp",2020-12-27,"quantile",0.65,244.168472676242
"19060",2020-12-12,"25","15  day ahead inc hosp",2020-12-27,"quantile",0.7,250.655198895577
"19061",2020-12-12,"25","15  day ahead inc hosp",2020-12-27,"quantile",0.75,257.655396392996
"19062",2020-12-12,"25","15  day ahead inc hosp",2020-12-27,"quantile",0.8,265.450448265171
"19063",2020-12-12,"25","15  day ahead inc hosp",2020-12-27,"quantile",0.85,274.536533244801
"19064",2020-12-12,"25","15  day ahead inc hosp",2020-12-27,"quantile",0.9,285.968902888891
"19065",2020-12-12,"25","15  day ahead inc hosp",2020-12-27,"quantile",0.95,302.913396868817
"19066",2020-12-12,"25","15  day ahead inc hosp",2020-12-27,"quantile",0.975,317.610218396598
"19067",2020-12-12,"25","15  day ahead inc hosp",2020-12-27,"quantile",0.99,334.698449566955
"19068",2020-12-12,"25","16  day ahead inc hosp",2020-12-28,"quantile",0.01,135.12465306289
"19069",2020-12-12,"25","16  day ahead inc hosp",2020-12-28,"quantile",0.025,152.746419631272
"19070",2020-12-12,"25","16  day ahead inc hosp",2020-12-28,"quantile",0.05,167.902111035364
"19071",2020-12-12,"25","16  day ahead inc hosp",2020-12-28,"quantile",0.1,185.375652594866
"19072",2020-12-12,"25","16  day ahead inc hosp",2020-12-28,"quantile",0.15,197.164968129236
"19073",2020-12-12,"25","16  day ahead inc hosp",2020-12-28,"quantile",0.2,206.534742387046
"19074",2020-12-12,"25","16  day ahead inc hosp",2020-12-28,"quantile",0.25,214.573174399728
"19075",2020-12-12,"25","16  day ahead inc hosp",2020-12-28,"quantile",0.3,221.791934785301
"19076",2020-12-12,"25","16  day ahead inc hosp",2020-12-28,"quantile",0.35,228.481192092892
"19077",2020-12-12,"25","16  day ahead inc hosp",2020-12-28,"quantile",0.4,234.828643133897
"19078",2020-12-12,"25","16  day ahead inc hosp",2020-12-28,"quantile",0.45,240.969875474522
"19079",2020-12-12,"25","16  day ahead inc hosp",2020-12-28,"quantile",0.5,247.013740896568
"19080",2020-12-12,"25","16  day ahead inc hosp",2020-12-28,"quantile",0.55,253.057606318614
"19081",2020-12-12,"25","16  day ahead inc hosp",2020-12-28,"quantile",0.6,259.198838659239
"19082",2020-12-12,"25","16  day ahead inc hosp",2020-12-28,"quantile",0.65,265.546289700244
"19083",2020-12-12,"25","16  day ahead inc hosp",2020-12-28,"quantile",0.7,272.235547007835
"19084",2020-12-12,"25","16  day ahead inc hosp",2020-12-28,"quantile",0.75,279.454307393408
"19085",2020-12-12,"25","16  day ahead inc hosp",2020-12-28,"quantile",0.8,287.49273940609
"19086",2020-12-12,"25","16  day ahead inc hosp",2020-12-28,"quantile",0.85,296.8625136639
"19087",2020-12-12,"25","16  day ahead inc hosp",2020-12-28,"quantile",0.9,308.651829198271
"19088",2020-12-12,"25","16  day ahead inc hosp",2020-12-28,"quantile",0.95,326.125370757772
"19089",2020-12-12,"25","16  day ahead inc hosp",2020-12-28,"quantile",0.975,341.281062161865
"19090",2020-12-12,"25","16  day ahead inc hosp",2020-12-28,"quantile",0.99,358.902828730246
"19091",2020-12-12,"25","17  day ahead inc hosp",2020-12-29,"quantile",0.01,129.555756915796
"19092",2020-12-12,"25","17  day ahead inc hosp",2020-12-29,"quantile",0.025,147.606845136464
"19093",2020-12-12,"25","17  day ahead inc hosp",2020-12-29,"quantile",0.05,163.131776846284
"19094",2020-12-12,"25","17  day ahead inc hosp",2020-12-29,"quantile",0.1,181.031028830703
"19095",2020-12-12,"25","17  day ahead inc hosp",2020-12-29,"quantile",0.15,193.107569167701
"19096",2020-12-12,"25","17  day ahead inc hosp",2020-12-29,"quantile",0.2,202.705620593428
"19097",2020-12-12,"25","17  day ahead inc hosp",2020-12-29,"quantile",0.25,210.939894089997
"19098",2020-12-12,"25","17  day ahead inc hosp",2020-12-29,"quantile",0.3,218.334526180838
"19099",2020-12-12,"25","17  day ahead inc hosp",2020-12-29,"quantile",0.35,225.186754833482
"19100",2020-12-12,"25","17  day ahead inc hosp",2020-12-29,"quantile",0.4,231.68884974394
"19101",2020-12-12,"25","17  day ahead inc hosp",2020-12-29,"quantile",0.45,237.97970181794
"19102",2020-12-12,"25","17  day ahead inc hosp",2020-12-29,"quantile",0.5,244.170814809015
"19103",2020-12-12,"25","17  day ahead inc hosp",2020-12-29,"quantile",0.55,250.36192780009
"19104",2020-12-12,"25","17  day ahead inc hosp",2020-12-29,"quantile",0.6,256.65277987409
"19105",2020-12-12,"25","17  day ahead inc hosp",2020-12-29,"quantile",0.65,263.154874784548
"19106",2020-12-12,"25","17  day ahead inc hosp",2020-12-29,"quantile",0.7,270.007103437192
"19107",2020-12-12,"25","17  day ahead inc hosp",2020-12-29,"quantile",0.75,277.401735528033
"19108",2020-12-12,"25","17  day ahead inc hosp",2020-12-29,"quantile",0.8,285.636009024602
"19109",2020-12-12,"25","17  day ahead inc hosp",2020-12-29,"quantile",0.85,295.234060450329
"19110",2020-12-12,"25","17  day ahead inc hosp",2020-12-29,"quantile",0.9,307.310600787327
"19111",2020-12-12,"25","17  day ahead inc hosp",2020-12-29,"quantile",0.95,325.209852771746
"19112",2020-12-12,"25","17  day ahead inc hosp",2020-12-29,"quantile",0.975,340.734784481566
"19113",2020-12-12,"25","17  day ahead inc hosp",2020-12-29,"quantile",0.99,358.785872702234
"19114",2020-12-12,"25","18  day ahead inc hosp",2020-12-30,"quantile",0.01,111.071292900091
"19115",2020-12-12,"25","18  day ahead inc hosp",2020-12-30,"quantile",0.025,129.69690351032
"19116",2020-12-12,"25","18  day ahead inc hosp",2020-12-30,"quantile",0.05,145.715956170337
"19117",2020-12-12,"25","18  day ahead inc hosp",2020-12-30,"quantile",0.1,164.184897964905
"19118",2020-12-12,"25","18  day ahead inc hosp",2020-12-30,"quantile",0.15,176.645805312203
"19119",2020-12-12,"25","18  day ahead inc hosp",2020-12-30,"quantile",0.2,186.549339453034
"19120",2020-12-12,"25","18  day ahead inc hosp",2020-12-30,"quantile",0.25,195.045689918466
"19121",2020-12-12,"25","18  day ahead inc hosp",2020-12-30,"quantile",0.3,202.675675227174
"19122",2020-12-12,"25","18  day ahead inc hosp",2020-12-30,"quantile",0.35,209.745993710814
"19123",2020-12-12,"25","18  day ahead inc hosp",2020-12-30,"quantile",0.4,216.455034543836
"19124",2020-12-12,"25","18  day ahead inc hosp",2020-12-30,"quantile",0.45,222.946109192881
"19125",2020-12-12,"25","18  day ahead inc hosp",2020-12-30,"quantile",0.5,229.33427030572
"19126",2020-12-12,"25","18  day ahead inc hosp",2020-12-30,"quantile",0.55,235.722431418559
"19127",2020-12-12,"25","18  day ahead inc hosp",2020-12-30,"quantile",0.6,242.213506067605
"19128",2020-12-12,"25","18  day ahead inc hosp",2020-12-30,"quantile",0.65,248.922546900627
"19129",2020-12-12,"25","18  day ahead inc hosp",2020-12-30,"quantile",0.7,255.992865384266
"19130",2020-12-12,"25","18  day ahead inc hosp",2020-12-30,"quantile",0.75,263.622850692974
"19131",2020-12-12,"25","18  day ahead inc hosp",2020-12-30,"quantile",0.8,272.119201158406
"19132",2020-12-12,"25","18  day ahead inc hosp",2020-12-30,"quantile",0.85,282.022735299237
"19133",2020-12-12,"25","18  day ahead inc hosp",2020-12-30,"quantile",0.9,294.483642646535
"19134",2020-12-12,"25","18  day ahead inc hosp",2020-12-30,"quantile",0.95,312.952584441104
"19135",2020-12-12,"25","18  day ahead inc hosp",2020-12-30,"quantile",0.975,328.97163710112
"19136",2020-12-12,"25","18  day ahead inc hosp",2020-12-30,"quantile",0.99,347.597247711349
"19137",2020-12-12,"25","19  day ahead inc hosp",2020-12-31,"quantile",0.01,120.411223051389
"19138",2020-12-12,"25","19  day ahead inc hosp",2020-12-31,"quantile",0.025,139.611341807608
"19139",2020-12-12,"25","19  day ahead inc hosp",2020-12-31,"quantile",0.05,156.124503167565
"19140",2020-12-12,"25","19  day ahead inc hosp",2020-12-31,"quantile",0.1,175.163120648523
"19141",2020-12-12,"25","19  day ahead inc hosp",2020-12-31,"quantile",0.15,188.008385476886
"19142",2020-12-12,"25","19  day ahead inc hosp",2020-12-31,"quantile",0.2,198.217394759287
"19143",2020-12-12,"25","19  day ahead inc hosp",2020-12-31,"quantile",0.25,206.975815696165
"19144",2020-12-12,"25","19  day ahead inc hosp",2020-12-31,"quantile",0.3,214.841148387859
"19145",2020-12-12,"25","19  day ahead inc hosp",2020-12-31,"quantile",0.35,222.129551295607
"19146",2020-12-12,"25","19  day ahead inc hosp",2020-12-31,"quantile",0.4,229.045532920585
"19147",2020-12-12,"25","19  day ahead inc hosp",2020-12-31,"quantile",0.45,235.736825180755
"19148",2020-12-12,"25","19  day ahead inc hosp",2020-12-31,"quantile",0.5,242.322029530136
"19149",2020-12-12,"25","19  day ahead inc hosp",2020-12-31,"quantile",0.55,248.907233879518
"19150",2020-12-12,"25","19  day ahead inc hosp",2020-12-31,"quantile",0.6,255.598526139687
"19151",2020-12-12,"25","19  day ahead inc hosp",2020-12-31,"quantile",0.65,262.514507764666
"19152",2020-12-12,"25","19  day ahead inc hosp",2020-12-31,"quantile",0.7,269.802910672413
"19153",2020-12-12,"25","19  day ahead inc hosp",2020-12-31,"quantile",0.75,277.668243364108
"19154",2020-12-12,"25","19  day ahead inc hosp",2020-12-31,"quantile",0.8,286.426664300985
"19155",2020-12-12,"25","19  day ahead inc hosp",2020-12-31,"quantile",0.85,296.635673583386
"19156",2020-12-12,"25","19  day ahead inc hosp",2020-12-31,"quantile",0.9,309.480938411749
"19157",2020-12-12,"25","19  day ahead inc hosp",2020-12-31,"quantile",0.95,328.519555892707
"19158",2020-12-12,"25","19  day ahead inc hosp",2020-12-31,"quantile",0.975,345.032717252664
"19159",2020-12-12,"25","19  day ahead inc hosp",2020-12-31,"quantile",0.99,364.232836008883
"19160",2020-12-12,"25","20  day ahead inc hosp",2021-01-01,"quantile",0.01,129.891877698882
"19161",2020-12-12,"25","20  day ahead inc hosp",2021-01-01,"quantile",0.025,149.501378079291
"19162",2020-12-12,"25","20  day ahead inc hosp",2021-01-01,"quantile",0.05,166.366630220763
"19163",2020-12-12,"25","20  day ahead inc hosp",2021-01-01,"quantile",0.1,185.811185823545
"19164",2020-12-12,"25","20  day ahead inc hosp",2021-01-01,"quantile",0.15,198.930335175506
"19165",2020-12-12,"25","20  day ahead inc hosp",2021-01-01,"quantile",0.2,209.357019194948
"19166",2020-12-12,"25","20  day ahead inc hosp",2021-01-01,"quantile",0.25,218.302185674079
"19167",2020-12-12,"25","20  day ahead inc hosp",2021-01-01,"quantile",0.3,226.335221634332
"19168",2020-12-12,"25","20  day ahead inc hosp",2021-01-01,"quantile",0.35,233.779026613182
"19169",2020-12-12,"25","20  day ahead inc hosp",2021-01-01,"quantile",0.4,240.842469606834
"19170",2020-12-12,"25","20  day ahead inc hosp",2021-01-01,"quantile",0.45,247.676432447753
"19171",2020-12-12,"25","20  day ahead inc hosp",2021-01-01,"quantile",0.5,254.402045389727
"19172",2020-12-12,"25","20  day ahead inc hosp",2021-01-01,"quantile",0.55,261.127658331701
"19173",2020-12-12,"25","20  day ahead inc hosp",2021-01-01,"quantile",0.6,267.96162117262
"19174",2020-12-12,"25","20  day ahead inc hosp",2021-01-01,"quantile",0.65,275.025064166273
"19175",2020-12-12,"25","20  day ahead inc hosp",2021-01-01,"quantile",0.7,282.468869145122
"19176",2020-12-12,"25","20  day ahead inc hosp",2021-01-01,"quantile",0.75,290.501905105375
"19177",2020-12-12,"25","20  day ahead inc hosp",2021-01-01,"quantile",0.8,299.447071584506
"19178",2020-12-12,"25","20  day ahead inc hosp",2021-01-01,"quantile",0.85,309.873755603948
"19179",2020-12-12,"25","20  day ahead inc hosp",2021-01-01,"quantile",0.9,322.99290495591
"19180",2020-12-12,"25","20  day ahead inc hosp",2021-01-01,"quantile",0.95,342.437460558691
"19181",2020-12-12,"25","20  day ahead inc hosp",2021-01-01,"quantile",0.975,359.302712700163
"19182",2020-12-12,"25","20  day ahead inc hosp",2021-01-01,"quantile",0.99,378.912213080572
"19183",2020-12-12,"25","21  day ahead inc hosp",2021-01-02,"quantile",0.01,113.050337126524
"19184",2020-12-12,"25","21  day ahead inc hosp",2021-01-02,"quantile",0.025,133.108212010783
"19185",2020-12-12,"25","21  day ahead inc hosp",2021-01-02,"quantile",0.05,150.359090961432
"19186",2020-12-12,"25","21  day ahead inc hosp",2021-01-02,"quantile",0.1,170.248249578154
"19187",2020-12-12,"25","21  day ahead inc hosp",2021-01-02,"quantile",0.15,183.667370472864
"19188",2020-12-12,"25","21  day ahead inc hosp",2021-01-02,"quantile",0.2,194.33246236519
"19189",2020-12-12,"25","21  day ahead inc hosp",2021-01-02,"quantile",0.25,203.482161571017
"19190",2020-12-12,"25","21  day ahead inc hosp",2021-01-02,"quantile",0.3,211.698874241192
"19191",2020-12-12,"25","21  day ahead inc hosp",2021-01-02,"quantile",0.35,219.312883065087
"19192",2020-12-12,"25","21  day ahead inc hosp",2021-01-02,"quantile",0.4,226.537832863416
"19193",2020-12-12,"25","21  day ahead inc hosp",2021-01-02,"quantile",0.45,233.528055406963
"19194",2020-12-12,"25","21  day ahead inc hosp",2021-01-02,"quantile",0.5,240.407450613016
"19195",2020-12-12,"25","21  day ahead inc hosp",2021-01-02,"quantile",0.55,247.286845819069
"19196",2020-12-12,"25","21  day ahead inc hosp",2021-01-02,"quantile",0.6,254.277068362616
"19197",2020-12-12,"25","21  day ahead inc hosp",2021-01-02,"quantile",0.65,261.502018160945
"19198",2020-12-12,"25","21  day ahead inc hosp",2021-01-02,"quantile",0.7,269.11602698484
"19199",2020-12-12,"25","21  day ahead inc hosp",2021-01-02,"quantile",0.75,277.332739655015
"19200",2020-12-12,"25","21  day ahead inc hosp",2021-01-02,"quantile",0.8,286.482438860842
"19201",2020-12-12,"25","21  day ahead inc hosp",2021-01-02,"quantile",0.85,297.147530753168
"19202",2020-12-12,"25","21  day ahead inc hosp",2021-01-02,"quantile",0.9,310.566651647878
"19203",2020-12-12,"25","21  day ahead inc hosp",2021-01-02,"quantile",0.95,330.4558102646
"19204",2020-12-12,"25","21  day ahead inc hosp",2021-01-02,"quantile",0.975,347.706689215249
"19205",2020-12-12,"25","21  day ahead inc hosp",2021-01-02,"quantile",0.99,367.764564099508
"19206",2020-12-12,"25","22  day ahead inc hosp",2021-01-03,"quantile",0.01,101.737487397136
"19207",2020-12-12,"25","22  day ahead inc hosp",2021-01-03,"quantile",0.025,122.351937323418
"19208",2020-12-12,"25","22  day ahead inc hosp",2021-01-03,"quantile",0.05,140.081501515265
"19209",2020-12-12,"25","22  day ahead inc hosp",2021-01-03,"quantile",0.1,160.522553558223
"19210",2020-12-12,"25","22  day ahead inc hosp",2021-01-03,"quantile",0.15,174.314034327495
"19211",2020-12-12,"25","22  day ahead inc hosp",2021-01-03,"quantile",0.2,185.275066044075
"19212",2020-12-12,"25","22  day ahead inc hosp",2021-01-03,"quantile",0.25,194.67865526813
"19213",2020-12-12,"25","22  day ahead inc hosp",2021-01-03,"quantile",0.3,203.123369021474
"19214",2020-12-12,"25","22  day ahead inc hosp",2021-01-03,"quantile",0.35,210.948654827879
"19215",2020-12-12,"25","22  day ahead inc hosp",2021-01-03,"quantile",0.4,218.374085821791
"19216",2020-12-12,"25","22  day ahead inc hosp",2021-01-03,"quantile",0.45,225.558276242213
"19217",2020-12-12,"25","22  day ahead inc hosp",2021-01-03,"quantile",0.5,232.628564037734
"19218",2020-12-12,"25","22  day ahead inc hosp",2021-01-03,"quantile",0.55,239.698851833256
"19219",2020-12-12,"25","22  day ahead inc hosp",2021-01-03,"quantile",0.6,246.883042253678
"19220",2020-12-12,"25","22  day ahead inc hosp",2021-01-03,"quantile",0.65,254.308473247589
"19221",2020-12-12,"25","22  day ahead inc hosp",2021-01-03,"quantile",0.7,262.133759053994
"19222",2020-12-12,"25","22  day ahead inc hosp",2021-01-03,"quantile",0.75,270.578472807339
"19223",2020-12-12,"25","22  day ahead inc hosp",2021-01-03,"quantile",0.8,279.982062031394
"19224",2020-12-12,"25","22  day ahead inc hosp",2021-01-03,"quantile",0.85,290.943093747973
"19225",2020-12-12,"25","22  day ahead inc hosp",2021-01-03,"quantile",0.9,304.734574517245
"19226",2020-12-12,"25","22  day ahead inc hosp",2021-01-03,"quantile",0.95,325.175626560203
"19227",2020-12-12,"25","22  day ahead inc hosp",2021-01-03,"quantile",0.975,342.90519075205
"19228",2020-12-12,"25","22  day ahead inc hosp",2021-01-03,"quantile",0.99,363.519640678332
"19229",2020-12-12,"25","23  day ahead inc hosp",2021-01-04,"quantile",0.01,116.654003775165
"19230",2020-12-12,"25","23  day ahead inc hosp",2021-01-04,"quantile",0.025,137.71181619071
"19231",2020-12-12,"25","23  day ahead inc hosp",2021-01-04,"quantile",0.05,155.822696582685
"19232",2020-12-12,"25","23  day ahead inc hosp",2021-01-04,"quantile",0.1,176.703381783419
"19233",2020-12-12,"25","23  day ahead inc hosp",2021-01-04,"quantile",0.15,190.791480957079
"19234",2020-12-12,"25","23  day ahead inc hosp",2021-01-04,"quantile",0.2,201.988255578472
"19235",2020-12-12,"25","23  day ahead inc hosp",2021-01-04,"quantile",0.25,211.594091223911
"19236",2020-12-12,"25","23  day ahead inc hosp",2021-01-04,"quantile",0.3,220.220428514346
"19237",2020-12-12,"25","23  day ahead inc hosp",2021-01-04,"quantile",0.35,228.214015595184
"19238",2020-12-12,"25","23  day ahead inc hosp",2021-01-04,"quantile",0.4,235.799148040314
"19239",2020-12-12,"25","23  day ahead inc hosp",2021-01-04,"quantile",0.45,243.137851463
"19240",2020-12-12,"25","23  day ahead inc hosp",2021-01-04,"quantile",0.5,250.36020251551
"19241",2020-12-12,"25","23  day ahead inc hosp",2021-01-04,"quantile",0.55,257.58255356802
"19242",2020-12-12,"25","23  day ahead inc hosp",2021-01-04,"quantile",0.6,264.921256990706
"19243",2020-12-12,"25","23  day ahead inc hosp",2021-01-04,"quantile",0.65,272.506389435836
"19244",2020-12-12,"25","23  day ahead inc hosp",2021-01-04,"quantile",0.7,280.499976516674
"19245",2020-12-12,"25","23  day ahead inc hosp",2021-01-04,"quantile",0.75,289.126313807109
"19246",2020-12-12,"25","23  day ahead inc hosp",2021-01-04,"quantile",0.8,298.732149452548
"19247",2020-12-12,"25","23  day ahead inc hosp",2021-01-04,"quantile",0.85,309.92892407394
"19248",2020-12-12,"25","23  day ahead inc hosp",2021-01-04,"quantile",0.9,324.0170232476
"19249",2020-12-12,"25","23  day ahead inc hosp",2021-01-04,"quantile",0.95,344.897708448335
"19250",2020-12-12,"25","23  day ahead inc hosp",2021-01-04,"quantile",0.975,363.00858884031
"19251",2020-12-12,"25","23  day ahead inc hosp",2021-01-04,"quantile",0.99,384.066401255855
"19252",2020-12-12,"25","24  day ahead inc hosp",2021-01-05,"quantile",0.01,111.647927750484
"19253",2020-12-12,"25","24  day ahead inc hosp",2021-01-05,"quantile",0.025,133.079946314001
"19254",2020-12-12,"25","24  day ahead inc hosp",2021-01-05,"quantile",0.05,151.512664637388
"19255",2020-12-12,"25","24  day ahead inc hosp",2021-01-05,"quantile",0.1,172.764408361288
"19256",2020-12-12,"25","24  day ahead inc hosp",2021-01-05,"quantile",0.15,187.102858958923
"19257",2020-12-12,"25","24  day ahead inc hosp",2021-01-05,"quantile",0.2,198.498604955789
"19258",2020-12-12,"25","24  day ahead inc hosp",2021-01-05,"quantile",0.25,208.275140324637
"19259",2020-12-12,"25","24  day ahead inc hosp",2021-01-05,"quantile",0.3,217.05477124239
"19260",2020-12-12,"25","24  day ahead inc hosp",2021-01-05,"quantile",0.35,225.190407714256
"19261",2020-12-12,"25","24  day ahead inc hosp",2021-01-05,"quantile",0.4,232.910331140431
"19262",2020-12-12,"25","24  day ahead inc hosp",2021-01-05,"quantile",0.45,240.379446397202
"19263",2020-12-12,"25","24  day ahead inc hosp",2021-01-05,"quantile",0.5,247.730141653437
"19264",2020-12-12,"25","24  day ahead inc hosp",2021-01-05,"quantile",0.55,255.080836909672
"19265",2020-12-12,"25","24  day ahead inc hosp",2021-01-05,"quantile",0.6,262.549952166443
"19266",2020-12-12,"25","24  day ahead inc hosp",2021-01-05,"quantile",0.65,270.269875592618
"19267",2020-12-12,"25","24  day ahead inc hosp",2021-01-05,"quantile",0.7,278.405512064484
"19268",2020-12-12,"25","24  day ahead inc hosp",2021-01-05,"quantile",0.75,287.185142982237
"19269",2020-12-12,"25","24  day ahead inc hosp",2021-01-05,"quantile",0.8,296.961678351085
"19270",2020-12-12,"25","24  day ahead inc hosp",2021-01-05,"quantile",0.85,308.357424347951
"19271",2020-12-12,"25","24  day ahead inc hosp",2021-01-05,"quantile",0.9,322.695874945587
"19272",2020-12-12,"25","24  day ahead inc hosp",2021-01-05,"quantile",0.95,343.947618669486
"19273",2020-12-12,"25","24  day ahead inc hosp",2021-01-05,"quantile",0.975,362.380336992873
"19274",2020-12-12,"25","24  day ahead inc hosp",2021-01-05,"quantile",0.99,383.81235555639
"19275",2020-12-12,"25","25  day ahead inc hosp",2021-01-06,"quantile",0.01,96.6035473477678
"19276",2020-12-12,"25","25  day ahead inc hosp",2021-01-06,"quantile",0.025,118.515796243036
"19277",2020-12-12,"25","25  day ahead inc hosp",2021-01-06,"quantile",0.05,137.361539145013
"19278",2020-12-12,"25","25  day ahead inc hosp",2021-01-06,"quantile",0.1,159.089473756325
"19279",2020-12-12,"25","25  day ahead inc hosp",2021-01-06,"quantile",0.15,173.749208084977
"19280",2020-12-12,"25","25  day ahead inc hosp",2021-01-06,"quantile",0.2,185.400300206353
"19281",2020-12-12,"25","25  day ahead inc hosp",2021-01-06,"quantile",0.25,195.395899813581
"19282",2020-12-12,"25","25  day ahead inc hosp",2021-01-06,"quantile",0.3,204.372257187864
"19283",2020-12-12,"25","25  day ahead inc hosp",2021-01-06,"quantile",0.35,212.690190039808
"19284",2020-12-12,"25","25  day ahead inc hosp",2021-01-06,"quantile",0.4,220.583094903875
"19285",2020-12-12,"25","25  day ahead inc hosp",2021-01-06,"quantile",0.45,228.219571703704
"19286",2020-12-12,"25","25  day ahead inc hosp",2021-01-06,"quantile",0.5,235.734975048962
"19287",2020-12-12,"25","25  day ahead inc hosp",2021-01-06,"quantile",0.55,243.250378394221
"19288",2020-12-12,"25","25  day ahead inc hosp",2021-01-06,"quantile",0.6,250.886855194049
"19289",2020-12-12,"25","25  day ahead inc hosp",2021-01-06,"quantile",0.65,258.779760058117
"19290",2020-12-12,"25","25  day ahead inc hosp",2021-01-06,"quantile",0.7,267.09769291006
"19291",2020-12-12,"25","25  day ahead inc hosp",2021-01-06,"quantile",0.75,276.074050284343
"19292",2020-12-12,"25","25  day ahead inc hosp",2021-01-06,"quantile",0.8,286.069649891571
"19293",2020-12-12,"25","25  day ahead inc hosp",2021-01-06,"quantile",0.85,297.720742012948
"19294",2020-12-12,"25","25  day ahead inc hosp",2021-01-06,"quantile",0.9,312.380476341599
"19295",2020-12-12,"25","25  day ahead inc hosp",2021-01-06,"quantile",0.95,334.108410952912
"19296",2020-12-12,"25","25  day ahead inc hosp",2021-01-06,"quantile",0.975,352.954153854888
"19297",2020-12-12,"25","25  day ahead inc hosp",2021-01-06,"quantile",0.99,374.866402750157
"19298",2020-12-12,"25","26  day ahead inc hosp",2021-01-07,"quantile",0.01,105.093159732257
"19299",2020-12-12,"25","26  day ahead inc hosp",2021-01-07,"quantile",0.025,127.483786108308
"19300",2020-12-12,"25","26  day ahead inc hosp",2021-01-07,"quantile",0.05,146.740960034823
"19301",2020-12-12,"25","26  day ahead inc hosp",2021-01-07,"quantile",0.1,168.943248267786
"19302",2020-12-12,"25","26  day ahead inc hosp",2021-01-07,"quantile",0.15,183.923026732966
"19303",2020-12-12,"25","26  day ahead inc hosp",2021-01-07,"quantile",0.2,195.828479788451
"19304",2020-12-12,"25","26  day ahead inc hosp",2021-01-07,"quantile",0.25,206.042298428415
"19305",2020-12-12,"25","26  day ahead inc hosp",2021-01-07,"quantile",0.3,215.214623238439
"19306",2020-12-12,"25","26  day ahead inc hosp",2021-01-07,"quantile",0.35,223.714149124583
"19307",2020-12-12,"25","26  day ahead inc hosp",2021-01-07,"quantile",0.4,231.779368020084
"19308",2020-12-12,"25","26  day ahead inc hosp",2021-01-07,"quantile",0.45,239.582560639499
"19309",2020-12-12,"25","26  day ahead inc hosp",2021-01-07,"quantile",0.5,247.262036588011
"19310",2020-12-12,"25","26  day ahead inc hosp",2021-01-07,"quantile",0.55,254.941512536522
"19311",2020-12-12,"25","26  day ahead inc hosp",2021-01-07,"quantile",0.6,262.744705155937
"19312",2020-12-12,"25","26  day ahead inc hosp",2021-01-07,"quantile",0.65,270.809924051439
"19313",2020-12-12,"25","26  day ahead inc hosp",2021-01-07,"quantile",0.7,279.309449937582
"19314",2020-12-12,"25","26  day ahead inc hosp",2021-01-07,"quantile",0.75,288.481774747606
"19315",2020-12-12,"25","26  day ahead inc hosp",2021-01-07,"quantile",0.8,298.695593387571
"19316",2020-12-12,"25","26  day ahead inc hosp",2021-01-07,"quantile",0.85,310.601046443055
"19317",2020-12-12,"25","26  day ahead inc hosp",2021-01-07,"quantile",0.9,325.580824908235
"19318",2020-12-12,"25","26  day ahead inc hosp",2021-01-07,"quantile",0.95,347.783113141198
"19319",2020-12-12,"25","26  day ahead inc hosp",2021-01-07,"quantile",0.975,367.040287067713
"19320",2020-12-12,"25","26  day ahead inc hosp",2021-01-07,"quantile",0.99,389.430913443764
"19321",2020-12-12,"25","27  day ahead inc hosp",2021-01-08,"quantile",0.01,112.822426914382
"19322",2020-12-12,"25","27  day ahead inc hosp",2021-01-08,"quantile",0.025,135.574309271451
"19323",2020-12-12,"25","27  day ahead inc hosp",2021-01-08,"quantile",0.05,155.142183271363
"19324",2020-12-12,"25","27  day ahead inc hosp",2021-01-08,"quantile",0.1,177.702688790511
"19325",2020-12-12,"25","27  day ahead inc hosp",2021-01-08,"quantile",0.15,192.92415475804
"19326",2020-12-12,"25","27  day ahead inc hosp",2021-01-08,"quantile",0.2,205.021693378742
"19327",2020-12-12,"25","27  day ahead inc hosp",2021-01-08,"quantile",0.25,215.40030433004
"19328",2020-12-12,"25","27  day ahead inc hosp",2021-01-08,"quantile",0.3,224.720617728761
"19329",2020-12-12,"25","27  day ahead inc hosp",2021-01-08,"quantile",0.35,233.357277097042
"19330",2020-12-12,"25","27  day ahead inc hosp",2021-01-08,"quantile",0.4,241.552622256779
"19331",2020-12-12,"25","27  day ahead inc hosp",2021-01-08,"quantile",0.45,249.481713542781
"19332",2020-12-12,"25","27  day ahead inc hosp",2021-01-08,"quantile",0.5,257.285092082086
"19333",2020-12-12,"25","27  day ahead inc hosp",2021-01-08,"quantile",0.55,265.08847062139
"19334",2020-12-12,"25","27  day ahead inc hosp",2021-01-08,"quantile",0.6,273.017561907393
"19335",2020-12-12,"25","27  day ahead inc hosp",2021-01-08,"quantile",0.65,281.21290706713
"19336",2020-12-12,"25","27  day ahead inc hosp",2021-01-08,"quantile",0.7,289.84956643541
"19337",2020-12-12,"25","27  day ahead inc hosp",2021-01-08,"quantile",0.75,299.169879834132
"19338",2020-12-12,"25","27  day ahead inc hosp",2021-01-08,"quantile",0.8,309.54849078543
"19339",2020-12-12,"25","27  day ahead inc hosp",2021-01-08,"quantile",0.85,321.646029406131
"19340",2020-12-12,"25","27  day ahead inc hosp",2021-01-08,"quantile",0.9,336.867495373661
"19341",2020-12-12,"25","27  day ahead inc hosp",2021-01-08,"quantile",0.95,359.428000892809
"19342",2020-12-12,"25","27  day ahead inc hosp",2021-01-08,"quantile",0.975,378.995874892721
"19343",2020-12-12,"25","27  day ahead inc hosp",2021-01-08,"quantile",0.99,401.747757249789
"19344",2020-12-12,"25","28  day ahead inc hosp",2021-01-09,"quantile",0.01,98.6305359028763
"19345",2020-12-12,"25","28  day ahead inc hosp",2021-01-09,"quantile",0.025,121.77584392839
"19346",2020-12-12,"25","28  day ahead inc hosp",2021-01-09,"quantile",0.05,141.682085707621
"19347",2020-12-12,"25","28  day ahead inc hosp",2021-01-09,"quantile",0.1,164.632707605935
"19348",2020-12-12,"25","28  day ahead inc hosp",2021-01-09,"quantile",0.15,180.117383242406
"19349",2020-12-12,"25","28  day ahead inc hosp",2021-01-09,"quantile",0.2,192.424112564066
"19350",2020-12-12,"25","28  day ahead inc hosp",2021-01-09,"quantile",0.25,202.982190510093
"19351",2020-12-12,"25","28  day ahead inc hosp",2021-01-09,"quantile",0.3,212.463670816742
"19352",2020-12-12,"25","28  day ahead inc hosp",2021-01-09,"quantile",0.35,221.249675343888
"19353",2020-12-12,"25","28  day ahead inc hosp",2021-01-09,"quantile",0.4,229.586734454893
"19354",2020-12-12,"25","28  day ahead inc hosp",2021-01-09,"quantile",0.45,237.65293562879
"19355",2020-12-12,"25","28  day ahead inc hosp",2021-01-09,"quantile",0.5,245.591250230517
"19356",2020-12-12,"25","28  day ahead inc hosp",2021-01-09,"quantile",0.55,253.529564832244
"19357",2020-12-12,"25","28  day ahead inc hosp",2021-01-09,"quantile",0.6,261.595766006141
"19358",2020-12-12,"25","28  day ahead inc hosp",2021-01-09,"quantile",0.65,269.932825117146
"19359",2020-12-12,"25","28  day ahead inc hosp",2021-01-09,"quantile",0.7,278.718829644292
"19360",2020-12-12,"25","28  day ahead inc hosp",2021-01-09,"quantile",0.75,288.200309950941
"19361",2020-12-12,"25","28  day ahead inc hosp",2021-01-09,"quantile",0.8,298.758387896968
"19362",2020-12-12,"25","28  day ahead inc hosp",2021-01-09,"quantile",0.85,311.065117218628
"19363",2020-12-12,"25","28  day ahead inc hosp",2021-01-09,"quantile",0.9,326.549792855099
"19364",2020-12-12,"25","28  day ahead inc hosp",2021-01-09,"quantile",0.95,349.500414753413
"19365",2020-12-12,"25","28  day ahead inc hosp",2021-01-09,"quantile",0.975,369.406656532643
"19366",2020-12-12,"25","28  day ahead inc hosp",2021-01-09,"quantile",0.99,392.551964558157
"19367",2020-12-12,"25","29  day ahead inc hosp",2021-01-10,"quantile",0.01,92.0911497951785
"19368",2020-12-12,"25","29  day ahead inc hosp",2021-01-10,"quantile",0.025,115.707617961502
"19369",2020-12-12,"25","29  day ahead inc hosp",2021-01-10,"quantile",0.05,136.019083454728
"19370",2020-12-12,"25","29  day ahead inc hosp",2021-01-10,"quantile",0.1,159.436902343177
"19371",2020-12-12,"25","29  day ahead inc hosp",2021-01-10,"quantile",0.15,175.236793570869
"19372",2020-12-12,"25","29  day ahead inc hosp",2021-01-10,"quantile",0.2,187.794046251894
"19373",2020-12-12,"25","29  day ahead inc hosp",2021-01-10,"quantile",0.25,198.567050933234
"19374",2020-12-12,"25","29  day ahead inc hosp",2021-01-10,"quantile",0.3,208.241542090784
"19375",2020-12-12,"25","29  day ahead inc hosp",2021-01-10,"quantile",0.35,217.206399935656
"19376",2020-12-12,"25","29  day ahead inc hosp",2021-01-10,"quantile",0.4,225.713173355079
"19377",2020-12-12,"25","29  day ahead inc hosp",2021-01-10,"quantile",0.45,233.943575086458
"19378",2020-12-12,"25","29  day ahead inc hosp",2021-01-10,"quantile",0.5,242.043486907864
"19379",2020-12-12,"25","29  day ahead inc hosp",2021-01-10,"quantile",0.55,250.14339872927
"19380",2020-12-12,"25","29  day ahead inc hosp",2021-01-10,"quantile",0.6,258.373800460649
"19381",2020-12-12,"25","29  day ahead inc hosp",2021-01-10,"quantile",0.65,266.880573880073
"19382",2020-12-12,"25","29  day ahead inc hosp",2021-01-10,"quantile",0.7,275.845431724945
"19383",2020-12-12,"25","29  day ahead inc hosp",2021-01-10,"quantile",0.75,285.519922882495
"19384",2020-12-12,"25","29  day ahead inc hosp",2021-01-10,"quantile",0.8,296.292927563834
"19385",2020-12-12,"25","29  day ahead inc hosp",2021-01-10,"quantile",0.85,308.850180244859
"19386",2020-12-12,"25","29  day ahead inc hosp",2021-01-10,"quantile",0.9,324.650071472551
"19387",2020-12-12,"25","29  day ahead inc hosp",2021-01-10,"quantile",0.95,348.067890361
"19388",2020-12-12,"25","29  day ahead inc hosp",2021-01-10,"quantile",0.975,368.379355854227
"19389",2020-12-12,"25","29  day ahead inc hosp",2021-01-10,"quantile",0.99,391.99582402055
"19390",2020-12-12,"25","30  day ahead inc hosp",2021-01-11,"quantile",0.01,104.756866827057
"19391",2020-12-12,"25","30  day ahead inc hosp",2021-01-11,"quantile",0.025,128.760928930881
"19392",2020-12-12,"25","30  day ahead inc hosp",2021-01-11,"quantile",0.05,149.405746593089
"19393",2020-12-12,"25","30  day ahead inc hosp",2021-01-11,"quantile",0.1,173.207899183205
"19394",2020-12-12,"25","30  day ahead inc hosp",2021-01-11,"quantile",0.15,189.267098534782
"19395",2020-12-12,"25","30  day ahead inc hosp",2021-01-11,"quantile",0.2,202.030441092437
"19396",2020-12-12,"25","30  day ahead inc hosp",2021-01-11,"quantile",0.25,212.980252537334
"19397",2020-12-12,"25","30  day ahead inc hosp",2021-01-11,"quantile",0.3,222.813521633002
"19398",2020-12-12,"25","30  day ahead inc hosp",2021-01-11,"quantile",0.35,231.925510900183
"19399",2020-12-12,"25","30  day ahead inc hosp",2021-01-11,"quantile",0.4,240.571897651364
"19400",2020-12-12,"25","30  day ahead inc hosp",2021-01-11,"quantile",0.45,248.937376896951
"19401",2020-12-12,"25","30  day ahead inc hosp",2021-01-11,"quantile",0.5,257.17022462961
"19402",2020-12-12,"25","30  day ahead inc hosp",2021-01-11,"quantile",0.55,265.403072362269
"19403",2020-12-12,"25","30  day ahead inc hosp",2021-01-11,"quantile",0.6,273.768551607856
"19404",2020-12-12,"25","30  day ahead inc hosp",2021-01-11,"quantile",0.65,282.414938359038
"19405",2020-12-12,"25","30  day ahead inc hosp",2021-01-11,"quantile",0.7,291.526927626219
"19406",2020-12-12,"25","30  day ahead inc hosp",2021-01-11,"quantile",0.75,301.360196721886
"19407",2020-12-12,"25","30  day ahead inc hosp",2021-01-11,"quantile",0.8,312.310008166783
"19408",2020-12-12,"25","30  day ahead inc hosp",2021-01-11,"quantile",0.85,325.073350724438
"19409",2020-12-12,"25","30  day ahead inc hosp",2021-01-11,"quantile",0.9,341.132550076016
"19410",2020-12-12,"25","30  day ahead inc hosp",2021-01-11,"quantile",0.95,364.934702666131
"19411",2020-12-12,"25","30  day ahead inc hosp",2021-01-11,"quantile",0.975,385.57952032834
"19412",2020-12-12,"25","30  day ahead inc hosp",2021-01-11,"quantile",0.99,409.583582432163
"19413",2020-12-12,"25","31  day ahead inc hosp",2021-01-12,"quantile",0.01,100.233696222497
"19414",2020-12-12,"25","31  day ahead inc hosp",2021-01-12,"quantile",0.025,124.576909961553
"19415",2020-12-12,"25","31  day ahead inc hosp",2021-01-12,"quantile",0.05,145.513416740333
"19416",2020-12-12,"25","31  day ahead inc hosp",2021-01-12,"quantile",0.1,169.651868200951
"19417",2020-12-12,"25","31  day ahead inc hosp",2021-01-12,"quantile",0.15,185.937966803874
"19418",2020-12-12,"25","31  day ahead inc hosp",2021-01-12,"quantile",0.2,198.881641693645
"19419",2020-12-12,"25","31  day ahead inc hosp",2021-01-12,"quantile",0.25,209.986162222403
"19420",2020-12-12,"25","31  day ahead inc hosp",2021-01-12,"quantile",0.3,219.958364856863
"19421",2020-12-12,"25","31  day ahead inc hosp",2021-01-12,"quantile",0.35,229.199096752971
"19422",2020-12-12,"25","31  day ahead inc hosp",2021-01-12,"quantile",0.4,237.967647669236
"19423",2020-12-12,"25","31  day ahead inc hosp",2021-01-12,"quantile",0.45,246.451322158335
"19424",2020-12-12,"25","31  day ahead inc hosp",2021-01-12,"quantile",0.5,254.800491193574
"19425",2020-12-12,"25","31  day ahead inc hosp",2021-01-12,"quantile",0.55,263.149660228814
"19426",2020-12-12,"25","31  day ahead inc hosp",2021-01-12,"quantile",0.6,271.633334717913
"19427",2020-12-12,"25","31  day ahead inc hosp",2021-01-12,"quantile",0.65,280.401885634178
"19428",2020-12-12,"25","31  day ahead inc hosp",2021-01-12,"quantile",0.7,289.642617530286
"19429",2020-12-12,"25","31  day ahead inc hosp",2021-01-12,"quantile",0.75,299.614820164746
"19430",2020-12-12,"25","31  day ahead inc hosp",2021-01-12,"quantile",0.8,310.719340693504
"19431",2020-12-12,"25","31  day ahead inc hosp",2021-01-12,"quantile",0.85,323.663015583275
"19432",2020-12-12,"25","31  day ahead inc hosp",2021-01-12,"quantile",0.9,339.949114186198
"19433",2020-12-12,"25","31  day ahead inc hosp",2021-01-12,"quantile",0.95,364.087565646816
"19434",2020-12-12,"25","31  day ahead inc hosp",2021-01-12,"quantile",0.975,385.024072425596
"19435",2020-12-12,"25","31  day ahead inc hosp",2021-01-12,"quantile",0.99,409.367286164652
"19436",2020-12-12,"25","32  day ahead inc hosp",2021-01-13,"quantile",0.01,87.9403363416759
"19437",2020-12-12,"25","32  day ahead inc hosp",2021-01-13,"quantile",0.025,112.702741275643
"19438",2020-12-12,"25","32  day ahead inc hosp",2021-01-13,"quantile",0.05,133.999775607931
"19439",2020-12-12,"25","32  day ahead inc hosp",2021-01-13,"quantile",0.1,158.553892248156
"19440",2020-12-12,"25","32  day ahead inc hosp",2021-01-13,"quantile",0.15,175.120438174386
"19441",2020-12-12,"25","32  day ahead inc hosp",2021-01-13,"quantile",0.2,188.287003706361
"19442",2020-12-12,"25","32  day ahead inc hosp",2021-01-13,"quantile",0.25,199.58274455957
"19443",2020-12-12,"25","32  day ahead inc hosp",2021-01-13,"quantile",0.3,209.726668955299
"19444",2020-12-12,"25","32  day ahead inc hosp",2021-01-13,"quantile",0.35,219.126526654882
"19445",2020-12-12,"25","32  day ahead inc hosp",2021-01-13,"quantile",0.4,228.046072397698
"19446",2020-12-12,"25","32  day ahead inc hosp",2021-01-13,"quantile",0.45,236.675836128934
"19447",2020-12-12,"25","32  day ahead inc hosp",2021-01-13,"quantile",0.5,245.16877821657
"19448",2020-12-12,"25","32  day ahead inc hosp",2021-01-13,"quantile",0.55,253.661720304206
"19449",2020-12-12,"25","32  day ahead inc hosp",2021-01-13,"quantile",0.6,262.291484035442
"19450",2020-12-12,"25","32  day ahead inc hosp",2021-01-13,"quantile",0.65,271.211029778258
"19451",2020-12-12,"25","32  day ahead inc hosp",2021-01-13,"quantile",0.7,280.610887477841
"19452",2020-12-12,"25","32  day ahead inc hosp",2021-01-13,"quantile",0.75,290.75481187357
"19453",2020-12-12,"25","32  day ahead inc hosp",2021-01-13,"quantile",0.8,302.050552726779
"19454",2020-12-12,"25","32  day ahead inc hosp",2021-01-13,"quantile",0.85,315.217118258753
"19455",2020-12-12,"25","32  day ahead inc hosp",2021-01-13,"quantile",0.9,331.783664184983
"19456",2020-12-12,"25","32  day ahead inc hosp",2021-01-13,"quantile",0.95,356.337780825209
"19457",2020-12-12,"25","32  day ahead inc hosp",2021-01-13,"quantile",0.975,377.634815157497
"19458",2020-12-12,"25","32  day ahead inc hosp",2021-01-13,"quantile",0.99,402.397220091464
"19459",2020-12-12,"25","33  day ahead inc hosp",2021-01-14,"quantile",0.01,95.5340703001494
"19460",2020-12-12,"25","33  day ahead inc hosp",2021-01-14,"quantile",0.025,120.712113610363
"19461",2020-12-12,"25","33  day ahead inc hosp",2021-01-14,"quantile",0.05,142.366619876106
"19462",2020-12-12,"25","33  day ahead inc hosp",2021-01-14,"quantile",0.1,167.332878761712
"19463",2020-12-12,"25","33  day ahead inc hosp",2021-01-14,"quantile",0.15,184.17749510425
"19464",2020-12-12,"25","33  day ahead inc hosp",2021-01-14,"quantile",0.2,197.565062188095
"19465",2020-12-12,"25","33  day ahead inc hosp",2021-01-14,"quantile",0.25,209.050402694458
"19466",2020-12-12,"25","33  day ahead inc hosp",2021-01-14,"quantile",0.3,219.364593438542
"19467",2020-12-12,"25","33  day ahead inc hosp",2021-01-14,"quantile",0.35,228.922228284635
"19468",2020-12-12,"25","33  day ahead inc hosp",2021-01-14,"quantile",0.4,237.991489110428
"19469",2020-12-12,"25","33  day ahead inc hosp",2021-01-14,"quantile",0.45,246.766103917083
"19470",2020-12-12,"25","33  day ahead inc hosp",2021-01-14,"quantile",0.5,255.401600521062
"19471",2020-12-12,"25","33  day ahead inc hosp",2021-01-14,"quantile",0.55,264.037097125042
"19472",2020-12-12,"25","33  day ahead inc hosp",2021-01-14,"quantile",0.6,272.811711931697
"19473",2020-12-12,"25","33  day ahead inc hosp",2021-01-14,"quantile",0.65,281.880972757489
"19474",2020-12-12,"25","33  day ahead inc hosp",2021-01-14,"quantile",0.7,291.438607603582
"19475",2020-12-12,"25","33  day ahead inc hosp",2021-01-14,"quantile",0.75,301.752798347667
"19476",2020-12-12,"25","33  day ahead inc hosp",2021-01-14,"quantile",0.8,313.238138854029
"19477",2020-12-12,"25","33  day ahead inc hosp",2021-01-14,"quantile",0.85,326.625705937874
"19478",2020-12-12,"25","33  day ahead inc hosp",2021-01-14,"quantile",0.9,343.470322280413
"19479",2020-12-12,"25","33  day ahead inc hosp",2021-01-14,"quantile",0.95,368.436581166019
"19480",2020-12-12,"25","33  day ahead inc hosp",2021-01-14,"quantile",0.975,390.091087431762
"19481",2020-12-12,"25","33  day ahead inc hosp",2021-01-14,"quantile",0.99,415.269130741975
"19482",2020-12-12,"25","34  day ahead inc hosp",2021-01-15,"quantile",0.01,101.792282571184
"19483",2020-12-12,"25","34  day ahead inc hosp",2021-01-15,"quantile",0.025,127.299321353708
"19484",2020-12-12,"25","34  day ahead inc hosp",2021-01-15,"quantile",0.05,149.236781875617
"19485",2020-12-12,"25","34  day ahead inc hosp",2021-01-15,"quantile",0.1,174.529268897092
"19486",2020-12-12,"25","34  day ahead inc hosp",2021-01-15,"quantile",0.15,191.593989814129
"19487",2020-12-12,"25","34  day ahead inc hosp",2021-01-15,"quantile",0.2,205.156489036329
"19488",2020-12-12,"25","34  day ahead inc hosp",2021-01-15,"quantile",0.25,216.791905741147
"19489",2020-12-12,"25","34  day ahead inc hosp",2021-01-15,"quantile",0.3,227.240869549744
"19490",2020-12-12,"25","34  day ahead inc hosp",2021-01-15,"quantile",0.35,236.92339172531
"19491",2020-12-12,"25","34  day ahead inc hosp",2021-01-15,"quantile",0.4,246.111158414014
"19492",2020-12-12,"25","34  day ahead inc hosp",2021-01-15,"quantile",0.45,255.000429014493
"19493",2020-12-12,"25","34  day ahead inc hosp",2021-01-15,"quantile",0.5,263.748763588002
"19494",2020-12-12,"25","34  day ahead inc hosp",2021-01-15,"quantile",0.55,272.497098161512
"19495",2020-12-12,"25","34  day ahead inc hosp",2021-01-15,"quantile",0.6,281.38636876199
"19496",2020-12-12,"25","34  day ahead inc hosp",2021-01-15,"quantile",0.65,290.574135450694
"19497",2020-12-12,"25","34  day ahead inc hosp",2021-01-15,"quantile",0.7,300.25665762626
"19498",2020-12-12,"25","34  day ahead inc hosp",2021-01-15,"quantile",0.75,310.705621434858
"19499",2020-12-12,"25","34  day ahead inc hosp",2021-01-15,"quantile",0.8,322.341038139676
"19500",2020-12-12,"25","34  day ahead inc hosp",2021-01-15,"quantile",0.85,335.903537361875
"19501",2020-12-12,"25","34  day ahead inc hosp",2021-01-15,"quantile",0.9,352.968258278913
"19502",2020-12-12,"25","34  day ahead inc hosp",2021-01-15,"quantile",0.95,378.260745300387
"19503",2020-12-12,"25","34  day ahead inc hosp",2021-01-15,"quantile",0.975,400.198205822296
"19504",2020-12-12,"25","34  day ahead inc hosp",2021-01-15,"quantile",0.99,425.705244604821
"19505",2020-12-12,"25","35  day ahead inc hosp",2021-01-16,"quantile",0.01,89.8134719416374
"19506",2020-12-12,"25","35  day ahead inc hosp",2021-01-16,"quantile",0.025,115.676223495645
"19507",2020-12-12,"25","35  day ahead inc hosp",2021-01-16,"quantile",0.05,137.919616624944
"19508",2020-12-12,"25","35  day ahead inc hosp",2021-01-16,"quantile",0.1,163.564824349626
"19509",2020-12-12,"25","35  day ahead inc hosp",2021-01-16,"quantile",0.15,180.867524250572
"19510",2020-12-12,"25","35  day ahead inc hosp",2021-01-16,"quantile",0.2,194.619161625095
"19511",2020-12-12,"25","35  day ahead inc hosp",2021-01-16,"quantile",0.25,206.416842023426
"19512",2020-12-12,"25","35  day ahead inc hosp",2021-01-16,"quantile",0.3,217.011523643768
"19513",2020-12-12,"25","35  day ahead inc hosp",2021-01-16,"quantile",0.35,226.829075088211
"19514",2020-12-12,"25","35  day ahead inc hosp",2021-01-16,"quantile",0.4,236.144971348538
"19515",2020-12-12,"25","35  day ahead inc hosp",2021-01-16,"quantile",0.45,245.158208792393
"19516",2020-12-12,"25","35  day ahead inc hosp",2021-01-16,"quantile",0.5,254.028544761813
"19517",2020-12-12,"25","35  day ahead inc hosp",2021-01-16,"quantile",0.55,262.898880731233
"19518",2020-12-12,"25","35  day ahead inc hosp",2021-01-16,"quantile",0.6,271.912118175088
"19519",2020-12-12,"25","35  day ahead inc hosp",2021-01-16,"quantile",0.65,281.228014435415
"19520",2020-12-12,"25","35  day ahead inc hosp",2021-01-16,"quantile",0.7,291.045565879858
"19521",2020-12-12,"25","35  day ahead inc hosp",2021-01-16,"quantile",0.75,301.6402475002
"19522",2020-12-12,"25","35  day ahead inc hosp",2021-01-16,"quantile",0.8,313.437927898531
"19523",2020-12-12,"25","35  day ahead inc hosp",2021-01-16,"quantile",0.85,327.189565273054
"19524",2020-12-12,"25","35  day ahead inc hosp",2021-01-16,"quantile",0.9,344.492265174
"19525",2020-12-12,"25","35  day ahead inc hosp",2021-01-16,"quantile",0.95,370.137472898682
"19526",2020-12-12,"25","35  day ahead inc hosp",2021-01-16,"quantile",0.975,392.380866027981
"19527",2020-12-12,"25","35  day ahead inc hosp",2021-01-16,"quantile",0.99,418.243617581989
"19528",2020-12-12,"25","36  day ahead inc hosp",2021-01-17,"quantile",0.01,115.709424901853
"19529",2020-12-12,"25","36  day ahead inc hosp",2021-01-17,"quantile",0.025,141.985042816225
"19530",2020-12-12,"25","36  day ahead inc hosp",2021-01-17,"quantile",0.05,164.583523792396
"19531",2020-12-12,"25","36  day ahead inc hosp",2021-01-17,"quantile",0.1,190.638125063313
"19532",2020-12-12,"25","36  day ahead inc hosp",2021-01-17,"quantile",0.15,208.217040846304
"19533",2020-12-12,"25","36  day ahead inc hosp",2021-01-17,"quantile",0.2,222.188205847655
"19534",2020-12-12,"25","36  day ahead inc hosp",2021-01-17,"quantile",0.25,234.174221402693
"19535",2020-12-12,"25","36  day ahead inc hosp",2021-01-17,"quantile",0.3,244.938033814502
"19536",2020-12-12,"25","36  day ahead inc hosp",2021-01-17,"quantile",0.35,254.912310142765
"19537",2020-12-12,"25","36  day ahead inc hosp",2021-01-17,"quantile",0.4,264.376922991677
"19538",2020-12-12,"25","36  day ahead inc hosp",2021-01-17,"quantile",0.45,273.534045456072
"19539",2020-12-12,"25","36  day ahead inc hosp",2021-01-17,"quantile",0.5,282.545985203391
"19540",2020-12-12,"25","36  day ahead inc hosp",2021-01-17,"quantile",0.55,291.557924950709
"19541",2020-12-12,"25","36  day ahead inc hosp",2021-01-17,"quantile",0.6,300.715047415104
"19542",2020-12-12,"25","36  day ahead inc hosp",2021-01-17,"quantile",0.65,310.179660264017
"19543",2020-12-12,"25","36  day ahead inc hosp",2021-01-17,"quantile",0.7,320.153936592279
"19544",2020-12-12,"25","36  day ahead inc hosp",2021-01-17,"quantile",0.75,330.917749004088
"19545",2020-12-12,"25","36  day ahead inc hosp",2021-01-17,"quantile",0.8,342.903764559127
"19546",2020-12-12,"25","36  day ahead inc hosp",2021-01-17,"quantile",0.85,356.874929560477
"19547",2020-12-12,"25","36  day ahead inc hosp",2021-01-17,"quantile",0.9,374.453845343468
"19548",2020-12-12,"25","36  day ahead inc hosp",2021-01-17,"quantile",0.95,400.508446614385
"19549",2020-12-12,"25","36  day ahead inc hosp",2021-01-17,"quantile",0.975,423.106927590556
"19550",2020-12-12,"25","36  day ahead inc hosp",2021-01-17,"quantile",0.99,449.382545504928
"19551",2020-12-12,"25","37  day ahead inc hosp",2021-01-18,"quantile",0.01,126.423643174373
"19552",2020-12-12,"25","37  day ahead inc hosp",2021-01-18,"quantile",0.025,153.048159680345
"19553",2020-12-12,"25","37  day ahead inc hosp",2021-01-18,"quantile",0.05,175.946712693282
"19554",2020-12-12,"25","37  day ahead inc hosp",2021-01-18,"quantile",0.1,202.347277804812
"19555",2020-12-12,"25","37  day ahead inc hosp",2021-01-18,"quantile",0.15,220.159613748597
"19556",2020-12-12,"25","37  day ahead inc hosp",2021-01-18,"quantile",0.2,234.316293694177
"19557",2020-12-12,"25","37  day ahead inc hosp",2021-01-18,"quantile",0.25,246.4614645528
"19558",2020-12-12,"25","37  day ahead inc hosp",2021-01-18,"quantile",0.3,257.36820334613
"19559",2020-12-12,"25","37  day ahead inc hosp",2021-01-18,"quantile",0.35,267.47492226716
"19560",2020-12-12,"25","37  day ahead inc hosp",2021-01-18,"quantile",0.4,277.06521018502
"19561",2020-12-12,"25","37  day ahead inc hosp",2021-01-18,"quantile",0.45,286.343924733047
"19562",2020-12-12,"25","37  day ahead inc hosp",2021-01-18,"quantile",0.5,295.47552876745
"19563",2020-12-12,"25","37  day ahead inc hosp",2021-01-18,"quantile",0.55,304.607132801853
"19564",2020-12-12,"25","37  day ahead inc hosp",2021-01-18,"quantile",0.6,313.88584734988
"19565",2020-12-12,"25","37  day ahead inc hosp",2021-01-18,"quantile",0.65,323.476135267739
"19566",2020-12-12,"25","37  day ahead inc hosp",2021-01-18,"quantile",0.7,333.58285418877
"19567",2020-12-12,"25","37  day ahead inc hosp",2021-01-18,"quantile",0.75,344.489592982099
"19568",2020-12-12,"25","37  day ahead inc hosp",2021-01-18,"quantile",0.8,356.634763840723
"19569",2020-12-12,"25","37  day ahead inc hosp",2021-01-18,"quantile",0.85,370.791443786303
"19570",2020-12-12,"25","37  day ahead inc hosp",2021-01-18,"quantile",0.9,388.603779730087
"19571",2020-12-12,"25","37  day ahead inc hosp",2021-01-18,"quantile",0.95,415.004344841617
"19572",2020-12-12,"25","37  day ahead inc hosp",2021-01-18,"quantile",0.975,437.902897854554
"19573",2020-12-12,"25","37  day ahead inc hosp",2021-01-18,"quantile",0.99,464.527414360527
"19574",2020-12-12,"26","1  day ahead inc hosp",2020-12-13,"quantile",0.01,79.5515707905057
"19575",2020-12-12,"26","1  day ahead inc hosp",2020-12-13,"quantile",0.025,113.653900388332
"19576",2020-12-12,"26","1  day ahead inc hosp",2020-12-13,"quantile",0.05,142.983785195267
"19577",2020-12-12,"26","1  day ahead inc hosp",2020-12-13,"quantile",0.1,176.799263977775
"19578",2020-12-12,"26","1  day ahead inc hosp",2020-12-13,"quantile",0.15,199.614406972988
"19579",2020-12-12,"26","1  day ahead inc hosp",2020-12-13,"quantile",0.2,217.747159370832
"19580",2020-12-12,"26","1  day ahead inc hosp",2020-12-13,"quantile",0.25,233.303446357294
"19581",2020-12-12,"26","1  day ahead inc hosp",2020-12-13,"quantile",0.3,247.273472858398
"19582",2020-12-12,"26","1  day ahead inc hosp",2020-12-13,"quantile",0.35,260.218784361811
"19583",2020-12-12,"26","1  day ahead inc hosp",2020-12-13,"quantile",0.4,272.502619053777
"19584",2020-12-12,"26","1  day ahead inc hosp",2020-12-13,"quantile",0.45,284.387371277916
"19585",2020-12-12,"26","1  day ahead inc hosp",2020-12-13,"quantile",0.5,296.083695245647
"19586",2020-12-12,"26","1  day ahead inc hosp",2020-12-13,"quantile",0.55,307.780019213378
"19587",2020-12-12,"26","1  day ahead inc hosp",2020-12-13,"quantile",0.6,319.664771437516
"19588",2020-12-12,"26","1  day ahead inc hosp",2020-12-13,"quantile",0.65,331.948606129483
"19589",2020-12-12,"26","1  day ahead inc hosp",2020-12-13,"quantile",0.7,344.893917632896
"19590",2020-12-12,"26","1  day ahead inc hosp",2020-12-13,"quantile",0.75,358.863944134
"19591",2020-12-12,"26","1  day ahead inc hosp",2020-12-13,"quantile",0.8,374.420231120462
"19592",2020-12-12,"26","1  day ahead inc hosp",2020-12-13,"quantile",0.85,392.552983518306
"19593",2020-12-12,"26","1  day ahead inc hosp",2020-12-13,"quantile",0.9,415.368126513519
"19594",2020-12-12,"26","1  day ahead inc hosp",2020-12-13,"quantile",0.95,449.183605296027
"19595",2020-12-12,"26","1  day ahead inc hosp",2020-12-13,"quantile",0.975,478.513490102962
"19596",2020-12-12,"26","1  day ahead inc hosp",2020-12-13,"quantile",0.99,512.615819700788
"19597",2020-12-12,"26","2  day ahead inc hosp",2020-12-14,"quantile",0.01,31.013598557242
"19598",2020-12-12,"26","2  day ahead inc hosp",2020-12-14,"quantile",0.025,78.2599030798998
"19599",2020-12-12,"26","2  day ahead inc hosp",2020-12-14,"quantile",0.05,118.894331447258
"19600",2020-12-12,"26","2  day ahead inc hosp",2020-12-14,"quantile",0.1,165.743224968002
"19601",2020-12-12,"26","2  day ahead inc hosp",2020-12-14,"quantile",0.15,197.351951010827
"19602",2020-12-12,"26","2  day ahead inc hosp",2020-12-14,"quantile",0.2,222.473564452657
"19603",2020-12-12,"26","2  day ahead inc hosp",2020-12-14,"quantile",0.25,244.025671914872
"19604",2020-12-12,"26","2  day ahead inc hosp",2020-12-14,"quantile",0.3,263.380130511825
"19605",2020-12-12,"26","2  day ahead inc hosp",2020-12-14,"quantile",0.35,281.314920792836
"19606",2020-12-12,"26","2  day ahead inc hosp",2020-12-14,"quantile",0.4,298.333282922549
"19607",2020-12-12,"26","2  day ahead inc hosp",2020-12-14,"quantile",0.45,314.798745234947
"19608",2020-12-12,"26","2  day ahead inc hosp",2020-12-14,"quantile",0.5,331.003153863098
"19609",2020-12-12,"26","2  day ahead inc hosp",2020-12-14,"quantile",0.55,347.207562491249
"19610",2020-12-12,"26","2  day ahead inc hosp",2020-12-14,"quantile",0.6,363.673024803647
"19611",2020-12-12,"26","2  day ahead inc hosp",2020-12-14,"quantile",0.65,380.691386933361
"19612",2020-12-12,"26","2  day ahead inc hosp",2020-12-14,"quantile",0.7,398.626177214371
"19613",2020-12-12,"26","2  day ahead inc hosp",2020-12-14,"quantile",0.75,417.980635811324
"19614",2020-12-12,"26","2  day ahead inc hosp",2020-12-14,"quantile",0.8,439.532743273539
"19615",2020-12-12,"26","2  day ahead inc hosp",2020-12-14,"quantile",0.85,464.65435671537
"19616",2020-12-12,"26","2  day ahead inc hosp",2020-12-14,"quantile",0.9,496.263082758195
"19617",2020-12-12,"26","2  day ahead inc hosp",2020-12-14,"quantile",0.95,543.111976278939
"19618",2020-12-12,"26","2  day ahead inc hosp",2020-12-14,"quantile",0.975,583.746404646297
"19619",2020-12-12,"26","2  day ahead inc hosp",2020-12-14,"quantile",0.99,630.992709168954
"19620",2020-12-12,"26","3  day ahead inc hosp",2020-12-15,"quantile",0.01,25.051260681636
"19621",2020-12-12,"26","3  day ahead inc hosp",2020-12-15,"quantile",0.025,73.2365926669355
"19622",2020-12-12,"26","3  day ahead inc hosp",2020-12-15,"quantile",0.05,114.678636456308
"19623",2020-12-12,"26","3  day ahead inc hosp",2020-12-15,"quantile",0.1,162.458658835802
"19624",2020-12-12,"26","3  day ahead inc hosp",2020-12-15,"quantile",0.15,194.695613099082
"19625",2020-12-12,"26","3  day ahead inc hosp",2020-12-15,"quantile",0.2,220.31652241529
"19626",2020-12-12,"26","3  day ahead inc hosp",2020-12-15,"quantile",0.25,242.296981279573
"19627",2020-12-12,"26","3  day ahead inc hosp",2020-12-15,"quantile",0.3,262.03611267434
"19628",2020-12-12,"26","3  day ahead inc hosp",2020-12-15,"quantile",0.35,280.327359630232
"19629",2020-12-12,"26","3  day ahead inc hosp",2020-12-15,"quantile",0.4,297.683964286434
"19630",2020-12-12,"26","3  day ahead inc hosp",2020-12-15,"quantile",0.45,314.476680157658
"19631",2020-12-12,"26","3  day ahead inc hosp",2020-12-15,"quantile",0.5,331.003153863098
"19632",2020-12-12,"26","3  day ahead inc hosp",2020-12-15,"quantile",0.55,347.529627568538
"19633",2020-12-12,"26","3  day ahead inc hosp",2020-12-15,"quantile",0.6,364.322343439763
"19634",2020-12-12,"26","3  day ahead inc hosp",2020-12-15,"quantile",0.65,381.678948095964
"19635",2020-12-12,"26","3  day ahead inc hosp",2020-12-15,"quantile",0.7,399.970195051856
"19636",2020-12-12,"26","3  day ahead inc hosp",2020-12-15,"quantile",0.75,419.709326446623
"19637",2020-12-12,"26","3  day ahead inc hosp",2020-12-15,"quantile",0.8,441.689785310906
"19638",2020-12-12,"26","3  day ahead inc hosp",2020-12-15,"quantile",0.85,467.310694627115
"19639",2020-12-12,"26","3  day ahead inc hosp",2020-12-15,"quantile",0.9,499.547648890394
"19640",2020-12-12,"26","3  day ahead inc hosp",2020-12-15,"quantile",0.95,547.327671269888
"19641",2020-12-12,"26","3  day ahead inc hosp",2020-12-15,"quantile",0.975,588.769715059261
"19642",2020-12-12,"26","3  day ahead inc hosp",2020-12-15,"quantile",0.99,636.95504704456
"19643",2020-12-12,"26","4  day ahead inc hosp",2020-12-16,"quantile",0.01,19.2029155853888
"19644",2020-12-12,"26","4  day ahead inc hosp",2020-12-16,"quantile",0.025,68.3093219497251
"19645",2020-12-12,"26","4  day ahead inc hosp",2020-12-16,"quantile",0.05,110.543540518779
"19646",2020-12-12,"26","4  day ahead inc hosp",2020-12-16,"quantile",0.1,159.236889685291
"19647",2020-12-12,"26","4  day ahead inc hosp",2020-12-16,"quantile",0.15,192.090061195744
"19648",2020-12-12,"26","4  day ahead inc hosp",2020-12-16,"quantile",0.2,218.200720445521
"19649",2020-12-12,"26","4  day ahead inc hosp",2020-12-16,"quantile",0.25,240.601341144645
"19650",2020-12-12,"26","4  day ahead inc hosp",2020-12-16,"quantile",0.3,260.717790852747
"19651",2020-12-12,"26","4  day ahead inc hosp",2020-12-16,"quantile",0.35,279.358679457613
"19652",2020-12-12,"26","4  day ahead inc hosp",2020-12-16,"quantile",0.4,297.04705984716
"19653",2020-12-12,"26","4  day ahead inc hosp",2020-12-16,"quantile",0.45,314.160772580005
"19654",2020-12-12,"26","4  day ahead inc hosp",2020-12-16,"quantile",0.5,331.003153863098
"19655",2020-12-12,"26","4  day ahead inc hosp",2020-12-16,"quantile",0.55,347.845535146192
"19656",2020-12-12,"26","4  day ahead inc hosp",2020-12-16,"quantile",0.6,364.959247879037
"19657",2020-12-12,"26","4  day ahead inc hosp",2020-12-16,"quantile",0.65,382.647628268584
"19658",2020-12-12,"26","4  day ahead inc hosp",2020-12-16,"quantile",0.7,401.28851687345
"19659",2020-12-12,"26","4  day ahead inc hosp",2020-12-16,"quantile",0.75,421.404966581551
"19660",2020-12-12,"26","4  day ahead inc hosp",2020-12-16,"quantile",0.8,443.805587280675
"19661",2020-12-12,"26","4  day ahead inc hosp",2020-12-16,"quantile",0.85,469.916246530452
"19662",2020-12-12,"26","4  day ahead inc hosp",2020-12-16,"quantile",0.9,502.769418040905
"19663",2020-12-12,"26","4  day ahead inc hosp",2020-12-16,"quantile",0.95,551.462767207418
"19664",2020-12-12,"26","4  day ahead inc hosp",2020-12-16,"quantile",0.975,593.696985776471
"19665",2020-12-12,"26","4  day ahead inc hosp",2020-12-16,"quantile",0.99,642.803392140808
"19666",2020-12-12,"26","5  day ahead inc hosp",2020-12-17,"quantile",0.01,13.4622647814685
"19667",2020-12-12,"26","5  day ahead inc hosp",2020-12-17,"quantile",0.025,63.4727844098941
"19668",2020-12-12,"26","5  day ahead inc hosp",2020-12-17,"quantile",0.05,106.484590264065
"19669",2020-12-12,"26","5  day ahead inc hosp",2020-12-17,"quantile",0.1,156.074447770605
"19670",2020-12-12,"26","5  day ahead inc hosp",2020-12-17,"quantile",0.15,189.532489201891
"19671",2020-12-12,"26","5  day ahead inc hosp",2020-12-17,"quantile",0.2,216.123879889979
"19672",2020-12-12,"26","5  day ahead inc hosp",2020-12-17,"quantile",0.25,238.936925358036
"19673",2020-12-12,"26","5  day ahead inc hosp",2020-12-17,"quantile",0.3,259.423745255162
"19674",2020-12-12,"26","5  day ahead inc hosp",2020-12-17,"quantile",0.35,278.407837036351
"19675",2020-12-12,"26","5  day ahead inc hosp",2020-12-17,"quantile",0.4,296.421883678317
"19676",2020-12-12,"26","5  day ahead inc hosp",2020-12-17,"quantile",0.45,313.850682279283
"19677",2020-12-12,"26","5  day ahead inc hosp",2020-12-17,"quantile",0.5,331.003153863098
"19678",2020-12-12,"26","5  day ahead inc hosp",2020-12-17,"quantile",0.55,348.155625446914
"19679",2020-12-12,"26","5  day ahead inc hosp",2020-12-17,"quantile",0.6,365.584424047879
"19680",2020-12-12,"26","5  day ahead inc hosp",2020-12-17,"quantile",0.65,383.598470689845
"19681",2020-12-12,"26","5  day ahead inc hosp",2020-12-17,"quantile",0.7,402.582562471035
"19682",2020-12-12,"26","5  day ahead inc hosp",2020-12-17,"quantile",0.75,423.069382368161
"19683",2020-12-12,"26","5  day ahead inc hosp",2020-12-17,"quantile",0.8,445.882427836217
"19684",2020-12-12,"26","5  day ahead inc hosp",2020-12-17,"quantile",0.85,472.473818524306
"19685",2020-12-12,"26","5  day ahead inc hosp",2020-12-17,"quantile",0.9,505.931859955592
"19686",2020-12-12,"26","5  day ahead inc hosp",2020-12-17,"quantile",0.95,555.521717462131
"19687",2020-12-12,"26","5  day ahead inc hosp",2020-12-17,"quantile",0.975,598.533523316302
"19688",2020-12-12,"26","5  day ahead inc hosp",2020-12-17,"quantile",0.99,648.544042944728
"19689",2020-12-12,"26","6  day ahead inc hosp",2020-12-18,"quantile",0.01,7.82356928593578
"19690",2020-12-12,"26","6  day ahead inc hosp",2020-12-18,"quantile",0.025,58.7221449142473
"19691",2020-12-12,"26","6  day ahead inc hosp",2020-12-18,"quantile",0.05,102.497727920476
"19692",2020-12-12,"26","6  day ahead inc hosp",2020-12-18,"quantile",0.1,152.968171568079
"19693",2020-12-12,"26","6  day ahead inc hosp",2020-12-18,"quantile",0.15,187.020340288148
"19694",2020-12-12,"26","6  day ahead inc hosp",2020-12-18,"quantile",0.2,214.083924511143
"19695",2020-12-12,"26","6  day ahead inc hosp",2020-12-18,"quantile",0.25,237.302069987241
"19696",2020-12-12,"26","6  day ahead inc hosp",2020-12-18,"quantile",0.3,258.152682211729
"19697",2020-12-12,"26","6  day ahead inc hosp",2020-12-18,"quantile",0.35,277.473881800114
"19698",2020-12-12,"26","6  day ahead inc hosp",2020-12-18,"quantile",0.4,295.807810785265
"19699",2020-12-12,"26","6  day ahead inc hosp",2020-12-18,"quantile",0.45,313.54609925523
"19700",2020-12-12,"26","6  day ahead inc hosp",2020-12-18,"quantile",0.5,331.003153863098
"19701",2020-12-12,"26","6  day ahead inc hosp",2020-12-18,"quantile",0.55,348.460208470967
"19702",2020-12-12,"26","6  day ahead inc hosp",2020-12-18,"quantile",0.6,366.198496940931
"19703",2020-12-12,"26","6  day ahead inc hosp",2020-12-18,"quantile",0.65,384.532425926082
"19704",2020-12-12,"26","6  day ahead inc hosp",2020-12-18,"quantile",0.7,403.853625514468
"19705",2020-12-12,"26","6  day ahead inc hosp",2020-12-18,"quantile",0.75,424.704237738956
"19706",2020-12-12,"26","6  day ahead inc hosp",2020-12-18,"quantile",0.8,447.922383215053
"19707",2020-12-12,"26","6  day ahead inc hosp",2020-12-18,"quantile",0.85,474.985967438048
"19708",2020-12-12,"26","6  day ahead inc hosp",2020-12-18,"quantile",0.9,509.038136158117
"19709",2020-12-12,"26","6  day ahead inc hosp",2020-12-18,"quantile",0.95,559.50857980572
"19710",2020-12-12,"26","6  day ahead inc hosp",2020-12-18,"quantile",0.975,603.284162811949
"19711",2020-12-12,"26","6  day ahead inc hosp",2020-12-18,"quantile",0.99,654.182738440261
"19712",2020-12-12,"26","7  day ahead inc hosp",2020-12-19,"quantile",0.01,2.2815824136681
"19713",2020-12-12,"26","7  day ahead inc hosp",2020-12-19,"quantile",0.025,54.0529830947078
"19714",2020-12-12,"26","7  day ahead inc hosp",2020-12-19,"quantile",0.05,98.5792437981798
"19715",2020-12-12,"26","7  day ahead inc hosp",2020-12-19,"quantile",0.1,149.915170754385
"19716",2020-12-12,"26","7  day ahead inc hosp",2020-12-19,"quantile",0.15,184.551276953877
"19717",2020-12-12,"26","7  day ahead inc hosp",2020-12-19,"quantile",0.2,212.078956174322
"19718",2020-12-12,"26","7  day ahead inc hosp",2020-12-19,"quantile",0.25,235.69525383443
"19719",2020-12-12,"26","7  day ahead inc hosp",2020-12-19,"quantile",0.3,256.90341902557
"19720",2020-12-12,"26","7  day ahead inc hosp",2020-12-19,"quantile",0.35,276.555944723602
"19721",2020-12-12,"26","7  day ahead inc hosp",2020-12-19,"quantile",0.4,295.204269786357
"19722",2020-12-12,"26","7  day ahead inc hosp",2020-12-19,"quantile",0.45,313.24674009988
"19723",2020-12-12,"26","7  day ahead inc hosp",2020-12-19,"quantile",0.5,331.003153863098
"19724",2020-12-12,"26","7  day ahead inc hosp",2020-12-19,"quantile",0.55,348.759567626316
"19725",2020-12-12,"26","7  day ahead inc hosp",2020-12-19,"quantile",0.6,366.802037939839
"19726",2020-12-12,"26","7  day ahead inc hosp",2020-12-19,"quantile",0.65,385.450363002594
"19727",2020-12-12,"26","7  day ahead inc hosp",2020-12-19,"quantile",0.7,405.102888700626
"19728",2020-12-12,"26","7  day ahead inc hosp",2020-12-19,"quantile",0.75,426.311053891766
"19729",2020-12-12,"26","7  day ahead inc hosp",2020-12-19,"quantile",0.8,449.927351551874
"19730",2020-12-12,"26","7  day ahead inc hosp",2020-12-19,"quantile",0.85,477.455030772319
"19731",2020-12-12,"26","7  day ahead inc hosp",2020-12-19,"quantile",0.9,512.091136971811
"19732",2020-12-12,"26","7  day ahead inc hosp",2020-12-19,"quantile",0.95,563.427063928017
"19733",2020-12-12,"26","7  day ahead inc hosp",2020-12-19,"quantile",0.975,607.953324631489
"19734",2020-12-12,"26","7  day ahead inc hosp",2020-12-19,"quantile",0.99,659.724725312528
"19735",2020-12-12,"26","8  day ahead inc hosp",2020-12-20,"quantile",0.01,5.57137254966
"19736",2020-12-12,"26","8  day ahead inc hosp",2020-12-20,"quantile",0.025,58.2011251233
"19737",2020-12-12,"26","8  day ahead inc hosp",2020-12-20,"quantile",0.05,103.465615807852
"19738",2020-12-12,"26","8  day ahead inc hosp",2020-12-20,"quantile",0.1,155.652674653123
"19739",2020-12-12,"26","8  day ahead inc hosp",2020-12-20,"quantile",0.15,190.86303549741
"19740",2020-12-12,"26","8  day ahead inc hosp",2020-12-20,"quantile",0.2,218.847114105296
"19741",2020-12-12,"26","8  day ahead inc hosp",2020-12-20,"quantile",0.25,242.854961801256
"19742",2020-12-12,"26","8  day ahead inc hosp",2020-12-20,"quantile",0.3,264.414751025953
"19743",2020-12-12,"26","8  day ahead inc hosp",2020-12-20,"quantile",0.35,284.393108793533
"19744",2020-12-12,"26","8  day ahead inc hosp",2020-12-20,"quantile",0.4,303.350616627101
"19745",2020-12-12,"26","8  day ahead inc hosp",2020-12-20,"quantile",0.45,321.692224849529
"19746",2020-12-12,"26","8  day ahead inc hosp",2020-12-20,"quantile",0.5,339.743033803122
"19747",2020-12-12,"26","8  day ahead inc hosp",2020-12-20,"quantile",0.55,357.793842756714
"19748",2020-12-12,"26","8  day ahead inc hosp",2020-12-20,"quantile",0.6,376.135450979142
"19749",2020-12-12,"26","8  day ahead inc hosp",2020-12-20,"quantile",0.65,395.09295881271
"19750",2020-12-12,"26","8  day ahead inc hosp",2020-12-20,"quantile",0.7,415.07131658029
"19751",2020-12-12,"26","8  day ahead inc hosp",2020-12-20,"quantile",0.75,436.631105804987
"19752",2020-12-12,"26","8  day ahead inc hosp",2020-12-20,"quantile",0.8,460.638953500947
"19753",2020-12-12,"26","8  day ahead inc hosp",2020-12-20,"quantile",0.85,488.623032108833
"19754",2020-12-12,"26","8  day ahead inc hosp",2020-12-20,"quantile",0.9,523.83339295312
"19755",2020-12-12,"26","8  day ahead inc hosp",2020-12-20,"quantile",0.95,576.020451798391
"19756",2020-12-12,"26","8  day ahead inc hosp",2020-12-20,"quantile",0.975,621.284942482943
"19757",2020-12-12,"26","8  day ahead inc hosp",2020-12-20,"quantile",0.99,673.914695056583
"19758",2020-12-12,"26","9  day ahead inc hosp",2020-12-21,"quantile",0.01,0.208754482735856
"19759",2020-12-12,"26","9  day ahead inc hosp",2020-12-21,"quantile",0.025,53.6830827482538
"19760",2020-12-12,"26","9  day ahead inc hosp",2020-12-21,"quantile",0.05,99.6739551212606
"19761",2020-12-12,"26","9  day ahead inc hosp",2020-12-21,"quantile",0.1,152.698485533012
"19762",2020-12-12,"26","9  day ahead inc hosp",2020-12-21,"quantile",0.15,188.473884467298
"19763",2020-12-12,"26","9  day ahead inc hosp",2020-12-21,"quantile",0.2,216.907037437044
"19764",2020-12-12,"26","9  day ahead inc hosp",2020-12-21,"quantile",0.25,241.300150949139
"19765",2020-12-12,"26","9  day ahead inc hosp",2020-12-21,"quantile",0.3,263.205920783867
"19766",2020-12-12,"26","9  day ahead inc hosp",2020-12-21,"quantile",0.35,283.504881148059
"19767",2020-12-12,"26","9  day ahead inc hosp",2020-12-21,"quantile",0.4,302.766609494015
"19768",2020-12-12,"26","9  day ahead inc hosp",2020-12-21,"quantile",0.45,321.402554582894
"19769",2020-12-12,"26","9  day ahead inc hosp",2020-12-21,"quantile",0.5,339.743033803122
"19770",2020-12-12,"26","9  day ahead inc hosp",2020-12-21,"quantile",0.55,358.083513023349
"19771",2020-12-12,"26","9  day ahead inc hosp",2020-12-21,"quantile",0.6,376.719458112228
"19772",2020-12-12,"26","9  day ahead inc hosp",2020-12-21,"quantile",0.65,395.981186458184
"19773",2020-12-12,"26","9  day ahead inc hosp",2020-12-21,"quantile",0.7,416.280146822376
"19774",2020-12-12,"26","9  day ahead inc hosp",2020-12-21,"quantile",0.75,438.185916657104
"19775",2020-12-12,"26","9  day ahead inc hosp",2020-12-21,"quantile",0.8,462.579030169199
"19776",2020-12-12,"26","9  day ahead inc hosp",2020-12-21,"quantile",0.85,491.012183138945
"19777",2020-12-12,"26","9  day ahead inc hosp",2020-12-21,"quantile",0.9,526.787582073231
"19778",2020-12-12,"26","9  day ahead inc hosp",2020-12-21,"quantile",0.95,579.812112484982
"19779",2020-12-12,"26","9  day ahead inc hosp",2020-12-21,"quantile",0.975,625.802984857989
"19780",2020-12-12,"26","9  day ahead inc hosp",2020-12-21,"quantile",0.99,679.277313123507
"19781",2020-12-12,"26","10  day ahead inc hosp",2020-12-22,"quantile",0.01,0
"19782",2020-12-12,"26","10  day ahead inc hosp",2020-12-22,"quantile",0.025,49.2352975000245
"19783",2020-12-12,"26","10  day ahead inc hosp",2020-12-22,"quantile",0.05,95.9412560741565
"19784",2020-12-12,"26","10  day ahead inc hosp",2020-12-22,"quantile",0.1,149.790235078904
"19785",2020-12-12,"26","10  day ahead inc hosp",2020-12-22,"quantile",0.15,186.121885564806
"19786",2020-12-12,"26","10  day ahead inc hosp",2020-12-22,"quantile",0.2,214.997129634243
"19787",2020-12-12,"26","10  day ahead inc hosp",2020-12-22,"quantile",0.25,239.769517945335
"19788",2020-12-12,"26","10  day ahead inc hosp",2020-12-22,"quantile",0.3,262.015888271543
"19789",2020-12-12,"26","10  day ahead inc hosp",2020-12-22,"quantile",0.35,282.630465750712
"19790",2020-12-12,"26","10  day ahead inc hosp",2020-12-22,"quantile",0.4,302.191683874516
"19791",2020-12-12,"26","10  day ahead inc hosp",2020-12-22,"quantile",0.45,321.117388789429
"19792",2020-12-12,"26","10  day ahead inc hosp",2020-12-22,"quantile",0.5,339.743033803122
"19793",2020-12-12,"26","10  day ahead inc hosp",2020-12-22,"quantile",0.55,358.368678816814
"19794",2020-12-12,"26","10  day ahead inc hosp",2020-12-22,"quantile",0.6,377.294383731728
"19795",2020-12-12,"26","10  day ahead inc hosp",2020-12-22,"quantile",0.65,396.855601855531
"19796",2020-12-12,"26","10  day ahead inc hosp",2020-12-22,"quantile",0.7,417.4701793347
"19797",2020-12-12,"26","10  day ahead inc hosp",2020-12-22,"quantile",0.75,439.716549660908
"19798",2020-12-12,"26","10  day ahead inc hosp",2020-12-22,"quantile",0.8,464.488937972
"19799",2020-12-12,"26","10  day ahead inc hosp",2020-12-22,"quantile",0.85,493.364182041437
"19800",2020-12-12,"26","10  day ahead inc hosp",2020-12-22,"quantile",0.9,529.695832527339
"19801",2020-12-12,"26","10  day ahead inc hosp",2020-12-22,"quantile",0.95,583.544811532086
"19802",2020-12-12,"26","10  day ahead inc hosp",2020-12-22,"quantile",0.975,630.250770106219
"19803",2020-12-12,"26","10  day ahead inc hosp",2020-12-22,"quantile",0.99,684.556540618515
"19804",2020-12-12,"26","11  day ahead inc hosp",2020-12-23,"quantile",0.01,0
"19805",2020-12-12,"26","11  day ahead inc hosp",2020-12-23,"quantile",0.025,44.8545903089993
"19806",2020-12-12,"26","11  day ahead inc hosp",2020-12-23,"quantile",0.05,92.2648507072175
"19807",2020-12-12,"26","11  day ahead inc hosp",2020-12-23,"quantile",0.1,146.925844608909
"19808",2020-12-12,"26","11  day ahead inc hosp",2020-12-23,"quantile",0.15,183.805357690729
"19809",2020-12-12,"26","11  day ahead inc hosp",2020-12-23,"quantile",0.2,213.116025583804
"19810",2020-12-12,"26","11  day ahead inc hosp",2020-12-23,"quantile",0.25,238.261968764706
"19811",2020-12-12,"26","11  day ahead inc hosp",2020-12-23,"quantile",0.3,260.843802909201
"19812",2020-12-12,"26","11  day ahead inc hosp",2020-12-23,"quantile",0.35,281.769237610116
"19813",2020-12-12,"26","11  day ahead inc hosp",2020-12-23,"quantile",0.4,301.625428838563
"19814",2020-12-12,"26","11  day ahead inc hosp",2020-12-23,"quantile",0.45,320.836523645914
"19815",2020-12-12,"26","11  day ahead inc hosp",2020-12-23,"quantile",0.5,339.743033803122
"19816",2020-12-12,"26","11  day ahead inc hosp",2020-12-23,"quantile",0.55,358.649543960329
"19817",2020-12-12,"26","11  day ahead inc hosp",2020-12-23,"quantile",0.6,377.860638767681
"19818",2020-12-12,"26","11  day ahead inc hosp",2020-12-23,"quantile",0.65,397.716829996127
"19819",2020-12-12,"26","11  day ahead inc hosp",2020-12-23,"quantile",0.7,418.642264697042
"19820",2020-12-12,"26","11  day ahead inc hosp",2020-12-23,"quantile",0.75,441.224098841537
"19821",2020-12-12,"26","11  day ahead inc hosp",2020-12-23,"quantile",0.8,466.370042022439
"19822",2020-12-12,"26","11  day ahead inc hosp",2020-12-23,"quantile",0.85,495.680709915514
"19823",2020-12-12,"26","11  day ahead inc hosp",2020-12-23,"quantile",0.9,532.560222997334
"19824",2020-12-12,"26","11  day ahead inc hosp",2020-12-23,"quantile",0.95,587.221216899026
"19825",2020-12-12,"26","11  day ahead inc hosp",2020-12-23,"quantile",0.975,634.631477297244
"19826",2020-12-12,"26","11  day ahead inc hosp",2020-12-23,"quantile",0.99,689.756150887388
"19827",2020-12-12,"26","12  day ahead inc hosp",2020-12-24,"quantile",0.01,0
"19828",2020-12-12,"26","12  day ahead inc hosp",2020-12-24,"quantile",0.025,40.5380148598851
"19829",2020-12-12,"26","12  day ahead inc hosp",2020-12-24,"quantile",0.05,88.6422663947045
"19830",2020-12-12,"26","12  day ahead inc hosp",2020-12-24,"quantile",0.1,144.103387631006
"19831",2020-12-12,"26","12  day ahead inc hosp",2020-12-24,"quantile",0.15,181.522742826874
"19832",2020-12-12,"26","12  day ahead inc hosp",2020-12-24,"quantile",0.2,211.262460118851
"19833",2020-12-12,"26","12  day ahead inc hosp",2020-12-24,"quantile",0.25,236.776489480729
"19834",2020-12-12,"26","12  day ahead inc hosp",2020-12-24,"quantile",0.3,259.688876391921
"19835",2020-12-12,"26","12  day ahead inc hosp",2020-12-24,"quantile",0.35,280.920617493391
"19836",2020-12-12,"26","12  day ahead inc hosp",2020-12-24,"quantile",0.4,301.067463542197
"19837",2020-12-12,"26","12  day ahead inc hosp",2020-12-24,"quantile",0.45,320.559770251966
"19838",2020-12-12,"26","12  day ahead inc hosp",2020-12-24,"quantile",0.5,339.743033803122
"19839",2020-12-12,"26","12  day ahead inc hosp",2020-12-24,"quantile",0.55,358.926297354277
"19840",2020-12-12,"26","12  day ahead inc hosp",2020-12-24,"quantile",0.6,378.418604064046
"19841",2020-12-12,"26","12  day ahead inc hosp",2020-12-24,"quantile",0.65,398.565450112852
"19842",2020-12-12,"26","12  day ahead inc hosp",2020-12-24,"quantile",0.7,419.797191214322
"19843",2020-12-12,"26","12  day ahead inc hosp",2020-12-24,"quantile",0.75,442.709578125515
"19844",2020-12-12,"26","12  day ahead inc hosp",2020-12-24,"quantile",0.8,468.223607487392
"19845",2020-12-12,"26","12  day ahead inc hosp",2020-12-24,"quantile",0.85,497.963324779369
"19846",2020-12-12,"26","12  day ahead inc hosp",2020-12-24,"quantile",0.9,535.382679975238
"19847",2020-12-12,"26","12  day ahead inc hosp",2020-12-24,"quantile",0.95,590.843801211538
"19848",2020-12-12,"26","12  day ahead inc hosp",2020-12-24,"quantile",0.975,638.948052746358
"19849",2020-12-12,"26","12  day ahead inc hosp",2020-12-24,"quantile",0.99,694.879641011897
"19850",2020-12-12,"26","13  day ahead inc hosp",2020-12-25,"quantile",0.01,0
"19851",2020-12-12,"26","13  day ahead inc hosp",2020-12-25,"quantile",0.025,36.2828344107484
"19852",2020-12-12,"26","13  day ahead inc hosp",2020-12-25,"quantile",0.05,85.0712063903862
"19853",2020-12-12,"26","13  day ahead inc hosp",2020-12-25,"quantile",0.1,141.321074685829
"19854",2020-12-12,"26","13  day ahead inc hosp",2020-12-25,"quantile",0.15,179.272593777916
"19855",2020-12-12,"26","13  day ahead inc hosp",2020-12-25,"quantile",0.2,209.435258064668
"19856",2020-12-12,"26","13  day ahead inc hosp",2020-12-25,"quantile",0.25,235.312138288147
"19857",2020-12-12,"26","13  day ahead inc hosp",2020-12-25,"quantile",0.3,258.550376487437
"19858",2020-12-12,"26","13  day ahead inc hosp",2020-12-25,"quantile",0.35,280.084067368877
"19859",2020-12-12,"26","13  day ahead inc hosp",2020-12-25,"quantile",0.4,300.517434231142
"19860",2020-12-12,"26","13  day ahead inc hosp",2020-12-25,"quantile",0.45,320.286953143811
"19861",2020-12-12,"26","13  day ahead inc hosp",2020-12-25,"quantile",0.5,339.743033803122
"19862",2020-12-12,"26","13  day ahead inc hosp",2020-12-25,"quantile",0.55,359.199114462432
"19863",2020-12-12,"26","13  day ahead inc hosp",2020-12-25,"quantile",0.6,378.968633375101
"19864",2020-12-12,"26","13  day ahead inc hosp",2020-12-25,"quantile",0.65,399.402000237366
"19865",2020-12-12,"26","13  day ahead inc hosp",2020-12-25,"quantile",0.7,420.935691118806
"19866",2020-12-12,"26","13  day ahead inc hosp",2020-12-25,"quantile",0.75,444.173929318096
"19867",2020-12-12,"26","13  day ahead inc hosp",2020-12-25,"quantile",0.8,470.050809541575
"19868",2020-12-12,"26","13  day ahead inc hosp",2020-12-25,"quantile",0.85,500.213473828327
"19869",2020-12-12,"26","13  day ahead inc hosp",2020-12-25,"quantile",0.9,538.164992920414
"19870",2020-12-12,"26","13  day ahead inc hosp",2020-12-25,"quantile",0.95,594.414861215857
"19871",2020-12-12,"26","13  day ahead inc hosp",2020-12-25,"quantile",0.975,643.203233195495
"19872",2020-12-12,"26","13  day ahead inc hosp",2020-12-25,"quantile",0.99,699.930259324066
"19873",2020-12-12,"26","14  day ahead inc hosp",2020-12-26,"quantile",0.01,0
"19874",2020-12-12,"26","14  day ahead inc hosp",2020-12-26,"quantile",0.025,32.0865014985152
"19875",2020-12-12,"26","14  day ahead inc hosp",2020-12-26,"quantile",0.05,81.5495327958572
"19876",2020-12-12,"26","14  day ahead inc hosp",2020-12-26,"quantile",0.1,138.577240076806
"19877",2020-12-12,"26","14  day ahead inc hosp",2020-12-26,"quantile",0.15,177.053563439615
"19878",2020-12-12,"26","14  day ahead inc hosp",2020-12-26,"quantile",0.2,207.633325524104
"19879",2020-12-12,"26","14  day ahead inc hosp",2020-12-26,"quantile",0.25,233.868038518949
"19880",2020-12-12,"26","14  day ahead inc hosp",2020-12-26,"quantile",0.3,257.427621606211
"19881",2020-12-12,"26","14  day ahead inc hosp",2020-12-26,"quantile",0.35,279.25908641632
"19882",2020-12-12,"26","14  day ahead inc hosp",2020-12-26,"quantile",0.4,299.975011617516
"19883",2020-12-12,"26","14  day ahead inc hosp",2020-12-26,"quantile",0.45,320.017908993121
"19884",2020-12-12,"26","14  day ahead inc hosp",2020-12-26,"quantile",0.5,339.743033803122
"19885",2020-12-12,"26","14  day ahead inc hosp",2020-12-26,"quantile",0.55,359.468158613122
"19886",2020-12-12,"26","14  day ahead inc hosp",2020-12-26,"quantile",0.6,379.511055988728
"19887",2020-12-12,"26","14  day ahead inc hosp",2020-12-26,"quantile",0.65,400.226981189923
"19888",2020-12-12,"26","14  day ahead inc hosp",2020-12-26,"quantile",0.7,422.058446000032
"19889",2020-12-12,"26","14  day ahead inc hosp",2020-12-26,"quantile",0.75,445.618029087294
"19890",2020-12-12,"26","14  day ahead inc hosp",2020-12-26,"quantile",0.8,471.852742082139
"19891",2020-12-12,"26","14  day ahead inc hosp",2020-12-26,"quantile",0.85,502.432504166628
"19892",2020-12-12,"26","14  day ahead inc hosp",2020-12-26,"quantile",0.9,540.908827529437
"19893",2020-12-12,"26","14  day ahead inc hosp",2020-12-26,"quantile",0.95,597.936534810386
"19894",2020-12-12,"26","14  day ahead inc hosp",2020-12-26,"quantile",0.975,647.399566107728
"19895",2020-12-12,"26","14  day ahead inc hosp",2020-12-26,"quantile",0.99,704.911029494408
"19896",2020-12-12,"26","15  day ahead inc hosp",2020-12-27,"quantile",0.01,0
"19897",2020-12-12,"26","15  day ahead inc hosp",2020-12-27,"quantile",0.025,32.5170835343518
"19898",2020-12-12,"26","15  day ahead inc hosp",2020-12-27,"quantile",0.05,82.6456950234021
"19899",2020-12-12,"26","15  day ahead inc hosp",2020-12-27,"quantile",0.1,140.440773639047
"19900",2020-12-12,"26","15  day ahead inc hosp",2020-12-27,"quantile",0.15,179.434838798272
"19901",2020-12-12,"26","15  day ahead inc hosp",2020-12-27,"quantile",0.2,210.426085649803
"19902",2020-12-12,"26","15  day ahead inc hosp",2020-12-27,"quantile",0.25,237.013815935471
"19903",2020-12-12,"26","15  day ahead inc hosp",2020-12-27,"quantile",0.3,260.890419460352
"19904",2020-12-12,"26","15  day ahead inc hosp",2020-12-27,"quantile",0.35,283.015650951404
"19905",2020-12-12,"26","15  day ahead inc hosp",2020-12-27,"quantile",0.4,304.010332005307
"19906",2020-12-12,"26","15  day ahead inc hosp",2020-12-27,"quantile",0.45,324.322928894423
"19907",2020-12-12,"26","15  day ahead inc hosp",2020-12-27,"quantile",0.5,344.313477234041
"19908",2020-12-12,"26","15  day ahead inc hosp",2020-12-27,"quantile",0.55,364.304025573659
"19909",2020-12-12,"26","15  day ahead inc hosp",2020-12-27,"quantile",0.6,384.616622462775
"19910",2020-12-12,"26","15  day ahead inc hosp",2020-12-27,"quantile",0.65,405.611303516678
"19911",2020-12-12,"26","15  day ahead inc hosp",2020-12-27,"quantile",0.7,427.73653500773
"19912",2020-12-12,"26","15  day ahead inc hosp",2020-12-27,"quantile",0.75,451.613138532611
"19913",2020-12-12,"26","15  day ahead inc hosp",2020-12-27,"quantile",0.8,478.20086881828
"19914",2020-12-12,"26","15  day ahead inc hosp",2020-12-27,"quantile",0.85,509.19211566981
"19915",2020-12-12,"26","15  day ahead inc hosp",2020-12-27,"quantile",0.9,548.186180829035
"19916",2020-12-12,"26","15  day ahead inc hosp",2020-12-27,"quantile",0.95,605.98125944468
"19917",2020-12-12,"26","15  day ahead inc hosp",2020-12-27,"quantile",0.975,656.10987093373
"19918",2020-12-12,"26","15  day ahead inc hosp",2020-12-27,"quantile",0.99,714.39521513245
"19919",2020-12-12,"26","16  day ahead inc hosp",2020-12-28,"quantile",0.01,0
"19920",2020-12-12,"26","16  day ahead inc hosp",2020-12-28,"quantile",0.025,28.4314733487801
"19921",2020-12-12,"26","16  day ahead inc hosp",2020-12-28,"quantile",0.05,79.2169428702729
"19922",2020-12-12,"26","16  day ahead inc hosp",2020-12-28,"quantile",0.1,137.769336729581
"19923",2020-12-12,"26","16  day ahead inc hosp",2020-12-28,"quantile",0.15,177.274358888343
"19924",2020-12-12,"26","16  day ahead inc hosp",2020-12-28,"quantile",0.2,208.67169816544
"19925",2020-12-12,"26","16  day ahead inc hosp",2020-12-28,"quantile",0.25,235.607819593089
"19926",2020-12-12,"26","16  day ahead inc hosp",2020-12-28,"quantile",0.3,259.797289130948
"19927",2020-12-12,"26","16  day ahead inc hosp",2020-12-28,"quantile",0.35,282.212437609382
"19928",2020-12-12,"26","16  day ahead inc hosp",2020-12-28,"quantile",0.4,303.482221533267
"19929",2020-12-12,"26","16  day ahead inc hosp",2020-12-28,"quantile",0.45,324.06098363283
"19930",2020-12-12,"26","16  day ahead inc hosp",2020-12-28,"quantile",0.5,344.313477234041
"19931",2020-12-12,"26","16  day ahead inc hosp",2020-12-28,"quantile",0.55,364.565970835252
"19932",2020-12-12,"26","16  day ahead inc hosp",2020-12-28,"quantile",0.6,385.144732934815
"19933",2020-12-12,"26","16  day ahead inc hosp",2020-12-28,"quantile",0.65,406.4145168587
"19934",2020-12-12,"26","16  day ahead inc hosp",2020-12-28,"quantile",0.7,428.829665337134
"19935",2020-12-12,"26","16  day ahead inc hosp",2020-12-28,"quantile",0.75,453.019134874993
"19936",2020-12-12,"26","16  day ahead inc hosp",2020-12-28,"quantile",0.8,479.955256302642
"19937",2020-12-12,"26","16  day ahead inc hosp",2020-12-28,"quantile",0.85,511.352595579739
"19938",2020-12-12,"26","16  day ahead inc hosp",2020-12-28,"quantile",0.9,550.857617738501
"19939",2020-12-12,"26","16  day ahead inc hosp",2020-12-28,"quantile",0.95,609.410011597809
"19940",2020-12-12,"26","16  day ahead inc hosp",2020-12-28,"quantile",0.975,660.195481119302
"19941",2020-12-12,"26","16  day ahead inc hosp",2020-12-28,"quantile",0.99,719.24456473496
"19942",2020-12-12,"26","17  day ahead inc hosp",2020-12-29,"quantile",0.01,0
"19943",2020-12-12,"26","17  day ahead inc hosp",2020-12-29,"quantile",0.025,24.3980358545972
"19944",2020-12-12,"26","17  day ahead inc hosp",2020-12-29,"quantile",0.05,75.8319754199931
"19945",2020-12-12,"26","17  day ahead inc hosp",2020-12-29,"quantile",0.1,135.132013709378
"19946",2020-12-12,"26","17  day ahead inc hosp",2020-12-29,"quantile",0.15,175.141468015663
"19947",2020-12-12,"26","17  day ahead inc hosp",2020-12-29,"quantile",0.2,206.939713972786
"19948",2020-12-12,"26","17  day ahead inc hosp",2020-12-29,"quantile",0.25,234.219777634491
"19949",2020-12-12,"26","17  day ahead inc hosp",2020-12-29,"quantile",0.3,258.718117928513
"19950",2020-12-12,"26","17  day ahead inc hosp",2020-12-29,"quantile",0.35,281.419481193477
"19951",2020-12-12,"26","17  day ahead inc hosp",2020-12-29,"quantile",0.4,302.960854960774
"19952",2020-12-12,"26","17  day ahead inc hosp",2020-12-29,"quantile",0.45,323.802383376921
"19953",2020-12-12,"26","17  day ahead inc hosp",2020-12-29,"quantile",0.5,344.313477234041
"19954",2020-12-12,"26","17  day ahead inc hosp",2020-12-29,"quantile",0.55,364.824571091161
"19955",2020-12-12,"26","17  day ahead inc hosp",2020-12-29,"quantile",0.6,385.666099507308
"19956",2020-12-12,"26","17  day ahead inc hosp",2020-12-29,"quantile",0.65,407.207473274605
"19957",2020-12-12,"26","17  day ahead inc hosp",2020-12-29,"quantile",0.7,429.908836539569
"19958",2020-12-12,"26","17  day ahead inc hosp",2020-12-29,"quantile",0.75,454.407176833591
"19959",2020-12-12,"26","17  day ahead inc hosp",2020-12-29,"quantile",0.8,481.687240495296
"19960",2020-12-12,"26","17  day ahead inc hosp",2020-12-29,"quantile",0.85,513.485486452419
"19961",2020-12-12,"26","17  day ahead inc hosp",2020-12-29,"quantile",0.9,553.494940758704
"19962",2020-12-12,"26","17  day ahead inc hosp",2020-12-29,"quantile",0.95,612.794979048089
"19963",2020-12-12,"26","17  day ahead inc hosp",2020-12-29,"quantile",0.975,664.228918613485
"19964",2020-12-12,"26","17  day ahead inc hosp",2020-12-29,"quantile",0.99,724.031988796669
"19965",2020-12-12,"26","18  day ahead inc hosp",2020-12-30,"quantile",0.01,0
"19966",2020-12-12,"26","18  day ahead inc hosp",2020-12-30,"quantile",0.025,20.4148219613759
"19967",2020-12-12,"26","18  day ahead inc hosp",2020-12-30,"quantile",0.05,72.4891569443128
"19968",2020-12-12,"26","18  day ahead inc hosp",2020-12-30,"quantile",0.1,132.527530136709
"19969",2020-12-12,"26","18  day ahead inc hosp",2020-12-30,"quantile",0.15,173.035135496804
"19970",2020-12-12,"26","18  day ahead inc hosp",2020-12-30,"quantile",0.2,205.229296119785
"19971",2020-12-12,"26","18  day ahead inc hosp",2020-12-30,"quantile",0.25,232.849019311885
"19972",2020-12-12,"26","18  day ahead inc hosp",2020-12-30,"quantile",0.3,257.652384361822
"19973",2020-12-12,"26","18  day ahead inc hosp",2020-12-30,"quantile",0.35,280.636398520916
"19974",2020-12-12,"26","18  day ahead inc hosp",2020-12-30,"quantile",0.4,302.445980346251
"19975",2020-12-12,"26","18  day ahead inc hosp",2020-12-30,"quantile",0.45,323.547003162497
"19976",2020-12-12,"26","18  day ahead inc hosp",2020-12-30,"quantile",0.5,344.313477234041
"19977",2020-12-12,"26","18  day ahead inc hosp",2020-12-30,"quantile",0.55,365.079951305585
"19978",2020-12-12,"26","18  day ahead inc hosp",2020-12-30,"quantile",0.6,386.180974121831
"19979",2020-12-12,"26","18  day ahead inc hosp",2020-12-30,"quantile",0.65,407.990555947166
"19980",2020-12-12,"26","18  day ahead inc hosp",2020-12-30,"quantile",0.7,430.97457010626
"19981",2020-12-12,"26","18  day ahead inc hosp",2020-12-30,"quantile",0.75,455.777935156197
"19982",2020-12-12,"26","18  day ahead inc hosp",2020-12-30,"quantile",0.8,483.397658348297
"19983",2020-12-12,"26","18  day ahead inc hosp",2020-12-30,"quantile",0.85,515.591818971278
"19984",2020-12-12,"26","18  day ahead inc hosp",2020-12-30,"quantile",0.9,556.099424331373
"19985",2020-12-12,"26","18  day ahead inc hosp",2020-12-30,"quantile",0.95,616.137797523769
"19986",2020-12-12,"26","18  day ahead inc hosp",2020-12-30,"quantile",0.975,668.212132506706
"19987",2020-12-12,"26","18  day ahead inc hosp",2020-12-30,"quantile",0.99,728.759800759254
"19988",2020-12-12,"26","19  day ahead inc hosp",2020-12-31,"quantile",0.01,0
"19989",2020-12-12,"26","19  day ahead inc hosp",2020-12-31,"quantile",0.025,16.4800009966728
"19990",2020-12-12,"26","19  day ahead inc hosp",2020-12-31,"quantile",0.05,69.1869510944866
"19991",2020-12-12,"26","19  day ahead inc hosp",2020-12-31,"quantile",0.1,129.954688999204
"19992",2020-12-12,"26","19  day ahead inc hosp",2020-12-31,"quantile",0.15,170.954393268035
"19993",2020-12-12,"26","19  day ahead inc hosp",2020-12-31,"quantile",0.2,203.539658503826
"19994",2020-12-12,"26","19  day ahead inc hosp",2020-12-31,"quantile",0.25,231.494914629103
"19995",2020-12-12,"26","19  day ahead inc hosp",2020-12-31,"quantile",0.3,256.599598623114
"19996",2020-12-12,"26","19  day ahead inc hosp",2020-12-31,"quantile",0.35,279.862829689392
"19997",2020-12-12,"26","19  day ahead inc hosp",2020-12-31,"quantile",0.4,301.937361054964
"19998",2020-12-12,"26","19  day ahead inc hosp",2020-12-31,"quantile",0.45,323.294725617625
"19999",2020-12-12,"26","19  day ahead inc hosp",2020-12-31,"quantile",0.5,344.313477234041
"20000",2020-12-12,"26","19  day ahead inc hosp",2020-12-31,"quantile",0.55,365.332228850457
"20001",2020-12-12,"26","19  day ahead inc hosp",2020-12-31,"quantile",0.6,386.689593413118
"20002",2020-12-12,"26","19  day ahead inc hosp",2020-12-31,"quantile",0.65,408.76412477869
"20003",2020-12-12,"26","19  day ahead inc hosp",2020-12-31,"quantile",0.7,432.027355844968
"20004",2020-12-12,"26","19  day ahead inc hosp",2020-12-31,"quantile",0.75,457.132039838979
"20005",2020-12-12,"26","19  day ahead inc hosp",2020-12-31,"quantile",0.8,485.087295964256
"20006",2020-12-12,"26","19  day ahead inc hosp",2020-12-31,"quantile",0.85,517.672561200047
"20007",2020-12-12,"26","19  day ahead inc hosp",2020-12-31,"quantile",0.9,558.672265468878
"20008",2020-12-12,"26","19  day ahead inc hosp",2020-12-31,"quantile",0.95,619.440003373595
"20009",2020-12-12,"26","19  day ahead inc hosp",2020-12-31,"quantile",0.975,672.146953471409
"20010",2020-12-12,"26","19  day ahead inc hosp",2020-12-31,"quantile",0.99,733.430173510066
"20011",2020-12-12,"26","20  day ahead inc hosp",2021-01-01,"quantile",0.01,0
"20012",2020-12-12,"26","20  day ahead inc hosp",2021-01-01,"quantile",0.025,12.5918508719458
"20013",2020-12-12,"26","20  day ahead inc hosp",2021-01-01,"quantile",0.05,65.9239126482523
"20014",2020-12-12,"26","20  day ahead inc hosp",2021-01-01,"quantile",0.1,127.412364283689
"20015",2020-12-12,"26","20  day ahead inc hosp",2021-01-01,"quantile",0.15,168.898330685039
"20016",2020-12-12,"26","20  day ahead inc hosp",2021-01-01,"quantile",0.2,201.870061648935
"20017",2020-12-12,"26","20  day ahead inc hosp",2021-01-01,"quantile",0.25,230.156870957363
"20018",2020-12-12,"26","20  day ahead inc hosp",2021-01-01,"quantile",0.3,255.559299956926
"20019",2020-12-12,"26","20  day ahead inc hosp",2021-01-01,"quantile",0.35,279.098436143725
"20020",2020-12-12,"26","20  day ahead inc hosp",2021-01-01,"quantile",0.4,301.43477448785
"20021",2020-12-12,"26","20  day ahead inc hosp",2021-01-01,"quantile",0.45,323.045440332129
"20022",2020-12-12,"26","20  day ahead inc hosp",2021-01-01,"quantile",0.5,344.313477234041
"20023",2020-12-12,"26","20  day ahead inc hosp",2021-01-01,"quantile",0.55,365.581514135953
"20024",2020-12-12,"26","20  day ahead inc hosp",2021-01-01,"quantile",0.6,387.192179980232
"20025",2020-12-12,"26","20  day ahead inc hosp",2021-01-01,"quantile",0.65,409.528518324357
"20026",2020-12-12,"26","20  day ahead inc hosp",2021-01-01,"quantile",0.7,433.067654511156
"20027",2020-12-12,"26","20  day ahead inc hosp",2021-01-01,"quantile",0.75,458.470083510719
"20028",2020-12-12,"26","20  day ahead inc hosp",2021-01-01,"quantile",0.8,486.756892819147
"20029",2020-12-12,"26","20  day ahead inc hosp",2021-01-01,"quantile",0.85,519.728623783043
"20030",2020-12-12,"26","20  day ahead inc hosp",2021-01-01,"quantile",0.9,561.214590184393
"20031",2020-12-12,"26","20  day ahead inc hosp",2021-01-01,"quantile",0.95,622.70304181983
"20032",2020-12-12,"26","20  day ahead inc hosp",2021-01-01,"quantile",0.975,676.035103596136
"20033",2020-12-12,"26","20  day ahead inc hosp",2021-01-01,"quantile",0.99,738.04515105453
"20034",2020-12-12,"26","21  day ahead inc hosp",2021-01-02,"quantile",0.01,0
"20035",2020-12-12,"26","21  day ahead inc hosp",2021-01-02,"quantile",0.025,8.74874927421826
"20036",2020-12-12,"26","21  day ahead inc hosp",2021-01-02,"quantile",0.05,62.6986801176409
"20037",2020-12-12,"26","21  day ahead inc hosp",2021-01-02,"quantile",0.1,124.899495216725
"20038",2020-12-12,"26","21  day ahead inc hosp",2021-01-02,"quantile",0.15,166.866089865045
"20039",2020-12-12,"26","21  day ahead inc hosp",2021-01-02,"quantile",0.2,200.219808923406
"20040",2020-12-12,"26","21  day ahead inc hosp",2021-01-02,"quantile",0.25,228.834330004021
"20041",2020-12-12,"26","21  day ahead inc hosp",2021-01-02,"quantile",0.3,254.531054303366
"20042",2020-12-12,"26","21  day ahead inc hosp",2021-01-02,"quantile",0.35,278.34289894418
"20043",2020-12-12,"26","21  day ahead inc hosp",2021-01-02,"quantile",0.4,300.938010942948
"20044",2020-12-12,"26","21  day ahead inc hosp",2021-01-02,"quantile",0.45,322.799043292856
"20045",2020-12-12,"26","21  day ahead inc hosp",2021-01-02,"quantile",0.5,344.313477234041
"20046",2020-12-12,"26","21  day ahead inc hosp",2021-01-02,"quantile",0.55,365.827911175226
"20047",2020-12-12,"26","21  day ahead inc hosp",2021-01-02,"quantile",0.6,387.688943525134
"20048",2020-12-12,"26","21  day ahead inc hosp",2021-01-02,"quantile",0.65,410.284055523902
"20049",2020-12-12,"26","21  day ahead inc hosp",2021-01-02,"quantile",0.7,434.095900164716
"20050",2020-12-12,"26","21  day ahead inc hosp",2021-01-02,"quantile",0.75,459.792624464061
"20051",2020-12-12,"26","21  day ahead inc hosp",2021-01-02,"quantile",0.8,488.407145544676
"20052",2020-12-12,"26","21  day ahead inc hosp",2021-01-02,"quantile",0.85,521.760864603037
"20053",2020-12-12,"26","21  day ahead inc hosp",2021-01-02,"quantile",0.9,563.727459251357
"20054",2020-12-12,"26","21  day ahead inc hosp",2021-01-02,"quantile",0.95,625.928274350441
"20055",2020-12-12,"26","21  day ahead inc hosp",2021-01-02,"quantile",0.975,679.878205193864
"20056",2020-12-12,"26","21  day ahead inc hosp",2021-01-02,"quantile",0.99,742.606658971062
"20057",2020-12-12,"26","22  day ahead inc hosp",2021-01-03,"quantile",0.01,0
"20058",2020-12-12,"26","22  day ahead inc hosp",2021-01-03,"quantile",0.025,8.73463907843433
"20059",2020-12-12,"26","22  day ahead inc hosp",2021-01-03,"quantile",0.05,63.2954424331176
"20060",2020-12-12,"26","22  day ahead inc hosp",2021-01-03,"quantile",0.1,126.200554415033
"20061",2020-12-12,"26","22  day ahead inc hosp",2021-01-03,"quantile",0.15,168.642334826543
"20062",2020-12-12,"26","22  day ahead inc hosp",2021-01-03,"quantile",0.2,202.373716465792
"20063",2020-12-12,"26","22  day ahead inc hosp",2021-01-03,"quantile",0.25,231.312238413096
"20064",2020-12-12,"26","22  day ahead inc hosp",2021-01-03,"quantile",0.3,257.299925504395
"20065",2020-12-12,"26","22  day ahead inc hosp",2021-01-03,"quantile",0.35,281.381390534078
"20066",2020-12-12,"26","22  day ahead inc hosp",2021-01-03,"quantile",0.4,304.232345915647
"20067",2020-12-12,"26","22  day ahead inc hosp",2021-01-03,"quantile",0.45,326.340909699268
"20068",2020-12-12,"26","22  day ahead inc hosp",2021-01-03,"quantile",0.5,348.098950556802
"20069",2020-12-12,"26","22  day ahead inc hosp",2021-01-03,"quantile",0.55,369.856991414335
"20070",2020-12-12,"26","22  day ahead inc hosp",2021-01-03,"quantile",0.6,391.965555197956
"20071",2020-12-12,"26","22  day ahead inc hosp",2021-01-03,"quantile",0.65,414.816510579525
"20072",2020-12-12,"26","22  day ahead inc hosp",2021-01-03,"quantile",0.7,438.897975609208
"20073",2020-12-12,"26","22  day ahead inc hosp",2021-01-03,"quantile",0.75,464.885662700507
"20074",2020-12-12,"26","22  day ahead inc hosp",2021-01-03,"quantile",0.8,493.824184647811
"20075",2020-12-12,"26","22  day ahead inc hosp",2021-01-03,"quantile",0.85,527.55556628706
"20076",2020-12-12,"26","22  day ahead inc hosp",2021-01-03,"quantile",0.9,569.99734669857
"20077",2020-12-12,"26","22  day ahead inc hosp",2021-01-03,"quantile",0.95,632.902458680486
"20078",2020-12-12,"26","22  day ahead inc hosp",2021-01-03,"quantile",0.975,687.463262035169
"20079",2020-12-12,"26","22  day ahead inc hosp",2021-01-03,"quantile",0.99,750.901987122956
"20080",2020-12-12,"26","23  day ahead inc hosp",2021-01-04,"quantile",0.01,0
"20081",2020-12-12,"26","23  day ahead inc hosp",2021-01-04,"quantile",0.025,4.97712793454014
"20082",2020-12-12,"26","23  day ahead inc hosp",2021-01-04,"quantile",0.05,60.1420396756708
"20083",2020-12-12,"26","23  day ahead inc hosp",2021-01-04,"quantile",0.1,123.74364993771
"20084",2020-12-12,"26","23  day ahead inc hosp",2021-01-04,"quantile",0.15,166.655354432186
"20085",2020-12-12,"26","23  day ahead inc hosp",2021-01-04,"quantile",0.2,200.76021683568
"20086",2020-12-12,"26","23  day ahead inc hosp",2021-01-04,"quantile",0.25,230.019152023349
"20087",2020-12-12,"26","23  day ahead inc hosp",2021-01-04,"quantile",0.3,256.294580107282
"20088",2020-12-12,"26","23  day ahead inc hosp",2021-01-04,"quantile",0.35,280.642680048621
"20089",2020-12-12,"26","23  day ahead inc hosp",2021-01-04,"quantile",0.4,303.746645887068
"20090",2020-12-12,"26","23  day ahead inc hosp",2021-01-04,"quantile",0.45,326.100000215783
"20091",2020-12-12,"26","23  day ahead inc hosp",2021-01-04,"quantile",0.5,348.098950556802
"20092",2020-12-12,"26","23  day ahead inc hosp",2021-01-04,"quantile",0.55,370.09790089782
"20093",2020-12-12,"26","23  day ahead inc hosp",2021-01-04,"quantile",0.6,392.451255226535
"20094",2020-12-12,"26","23  day ahead inc hosp",2021-01-04,"quantile",0.65,415.555221064982
"20095",2020-12-12,"26","23  day ahead inc hosp",2021-01-04,"quantile",0.7,439.903321006321
"20096",2020-12-12,"26","23  day ahead inc hosp",2021-01-04,"quantile",0.75,466.178749090255
"20097",2020-12-12,"26","23  day ahead inc hosp",2021-01-04,"quantile",0.8,495.437684277923
"20098",2020-12-12,"26","23  day ahead inc hosp",2021-01-04,"quantile",0.85,529.542546681417
"20099",2020-12-12,"26","23  day ahead inc hosp",2021-01-04,"quantile",0.9,572.454251175893
"20100",2020-12-12,"26","23  day ahead inc hosp",2021-01-04,"quantile",0.95,636.055861437932
"20101",2020-12-12,"26","23  day ahead inc hosp",2021-01-04,"quantile",0.975,691.220773179063
"20102",2020-12-12,"26","23  day ahead inc hosp",2021-01-04,"quantile",0.99,755.361904820543
"20103",2020-12-12,"26","24  day ahead inc hosp",2021-01-05,"quantile",0.01,0
"20104",2020-12-12,"26","24  day ahead inc hosp",2021-01-05,"quantile",0.025,1.26032177670305
"20105",2020-12-12,"26","24  day ahead inc hosp",2021-01-05,"quantile",0.05,57.0227976193793
"20106",2020-12-12,"26","24  day ahead inc hosp",2021-01-05,"quantile",0.1,121.313361020172
"20107",2020-12-12,"26","24  day ahead inc hosp",2021-01-05,"quantile",0.15,164.689898926552
"20108",2020-12-12,"26","24  day ahead inc hosp",2021-01-05,"quantile",0.2,199.164196190309
"20109",2020-12-12,"26","24  day ahead inc hosp",2021-01-05,"quantile",0.25,228.740073592979
"20110",2020-12-12,"26","24  day ahead inc hosp",2021-01-05,"quantile",0.3,255.300125581495
"20111",2020-12-12,"26","24  day ahead inc hosp",2021-01-05,"quantile",0.35,279.911971987871
"20112",2020-12-12,"26","24  day ahead inc hosp",2021-01-05,"quantile",0.4,303.266207429814
"20113",2020-12-12,"26","24  day ahead inc hosp",2021-01-05,"quantile",0.45,325.861700496259
"20114",2020-12-12,"26","24  day ahead inc hosp",2021-01-05,"quantile",0.5,348.098950556802
"20115",2020-12-12,"26","24  day ahead inc hosp",2021-01-05,"quantile",0.55,370.336200617344
"20116",2020-12-12,"26","24  day ahead inc hosp",2021-01-05,"quantile",0.6,392.931693683789
"20117",2020-12-12,"26","24  day ahead inc hosp",2021-01-05,"quantile",0.65,416.285929125732
"20118",2020-12-12,"26","24  day ahead inc hosp",2021-01-05,"quantile",0.7,440.897775532108
"20119",2020-12-12,"26","24  day ahead inc hosp",2021-01-05,"quantile",0.75,467.457827520624
"20120",2020-12-12,"26","24  day ahead inc hosp",2021-01-05,"quantile",0.8,497.033704923294
"20121",2020-12-12,"26","24  day ahead inc hosp",2021-01-05,"quantile",0.85,531.508002187051
"20122",2020-12-12,"26","24  day ahead inc hosp",2021-01-05,"quantile",0.9,574.884540093431
"20123",2020-12-12,"26","24  day ahead inc hosp",2021-01-05,"quantile",0.95,639.175103494224
"20124",2020-12-12,"26","24  day ahead inc hosp",2021-01-05,"quantile",0.975,694.9375793369
"20125",2020-12-12,"26","24  day ahead inc hosp",2021-01-05,"quantile",0.99,759.773508386583
"20126",2020-12-12,"26","25  day ahead inc hosp",2021-01-06,"quantile",0.01,0
"20127",2020-12-12,"26","25  day ahead inc hosp",2021-01-06,"quantile",0.025,0
"20128",2020-12-12,"26","25  day ahead inc hosp",2021-01-06,"quantile",0.05,53.93662956124
"20129",2020-12-12,"26","25  day ahead inc hosp",2021-01-06,"quantile",0.1,118.908840981649
"20130",2020-12-12,"26","25  day ahead inc hosp",2021-01-06,"quantile",0.15,162.745283570733
"20131",2020-12-12,"26","25  day ahead inc hosp",2021-01-06,"quantile",0.2,197.585098497028
"20132",2020-12-12,"26","25  day ahead inc hosp",2021-01-06,"quantile",0.25,227.474557507845
"20133",2020-12-12,"26","25  day ahead inc hosp",2021-01-06,"quantile",0.3,254.316215472125
"20134",2020-12-12,"26","25  day ahead inc hosp",2021-01-06,"quantile",0.35,279.189011782726
"20135",2020-12-12,"26","25  day ahead inc hosp",2021-01-06,"quantile",0.4,302.790863165432
"20136",2020-12-12,"26","25  day ahead inc hosp",2021-01-06,"quantile",0.45,325.625927520201
"20137",2020-12-12,"26","25  day ahead inc hosp",2021-01-06,"quantile",0.5,348.098950556802
"20138",2020-12-12,"26","25  day ahead inc hosp",2021-01-06,"quantile",0.55,370.571973593402
"20139",2020-12-12,"26","25  day ahead inc hosp",2021-01-06,"quantile",0.6,393.407037948171
"20140",2020-12-12,"26","25  day ahead inc hosp",2021-01-06,"quantile",0.65,417.008889330877
"20141",2020-12-12,"26","25  day ahead inc hosp",2021-01-06,"quantile",0.7,441.881685641478
"20142",2020-12-12,"26","25  day ahead inc hosp",2021-01-06,"quantile",0.75,468.723343605758
"20143",2020-12-12,"26","25  day ahead inc hosp",2021-01-06,"quantile",0.8,498.612802616575
"20144",2020-12-12,"26","25  day ahead inc hosp",2021-01-06,"quantile",0.85,533.45261754287
"20145",2020-12-12,"26","25  day ahead inc hosp",2021-01-06,"quantile",0.9,577.289060131954
"20146",2020-12-12,"26","25  day ahead inc hosp",2021-01-06,"quantile",0.95,642.261271552363
"20147",2020-12-12,"26","25  day ahead inc hosp",2021-01-06,"quantile",0.975,698.614975395175
"20148",2020-12-12,"26","25  day ahead inc hosp",2021-01-06,"quantile",0.99,764.13833476587
"20149",2020-12-12,"26","26  day ahead inc hosp",2021-01-07,"quantile",0.01,0
"20150",2020-12-12,"26","26  day ahead inc hosp",2021-01-07,"quantile",0.025,0
"20151",2020-12-12,"26","26  day ahead inc hosp",2021-01-07,"quantile",0.05,50.8825052208446
"20152",2020-12-12,"26","26  day ahead inc hosp",2021-01-07,"quantile",0.1,116.529287101796
"20153",2020-12-12,"26","26  day ahead inc hosp",2021-01-07,"quantile",0.15,160.820859178079
"20154",2020-12-12,"26","26  day ahead inc hosp",2021-01-07,"quantile",0.2,196.0223965929
"20155",2020-12-12,"26","26  day ahead inc hosp",2021-01-07,"quantile",0.25,226.222181290492
"20156",2020-12-12,"26","26  day ahead inc hosp",2021-01-07,"quantile",0.3,253.342521312514
"20157",2020-12-12,"26","26  day ahead inc hosp",2021-01-07,"quantile",0.35,278.473558081542
"20158",2020-12-12,"26","26  day ahead inc hosp",2021-01-07,"quantile",0.4,302.320454405906
"20159",2020-12-12,"26","26  day ahead inc hosp",2021-01-07,"quantile",0.45,325.392602577611
"20160",2020-12-12,"26","26  day ahead inc hosp",2021-01-07,"quantile",0.5,348.098950556802
"20161",2020-12-12,"26","26  day ahead inc hosp",2021-01-07,"quantile",0.55,370.805298535992
"20162",2020-12-12,"26","26  day ahead inc hosp",2021-01-07,"quantile",0.6,393.877446707697
"20163",2020-12-12,"26","26  day ahead inc hosp",2021-01-07,"quantile",0.65,417.724343032061
"20164",2020-12-12,"26","26  day ahead inc hosp",2021-01-07,"quantile",0.7,442.855379801089
"20165",2020-12-12,"26","26  day ahead inc hosp",2021-01-07,"quantile",0.75,469.975719823111
"20166",2020-12-12,"26","26  day ahead inc hosp",2021-01-07,"quantile",0.8,500.175504520703
"20167",2020-12-12,"26","26  day ahead inc hosp",2021-01-07,"quantile",0.85,535.377041935524
"20168",2020-12-12,"26","26  day ahead inc hosp",2021-01-07,"quantile",0.9,579.668614011807
"20169",2020-12-12,"26","26  day ahead inc hosp",2021-01-07,"quantile",0.95,645.315395892758
"20170",2020-12-12,"26","26  day ahead inc hosp",2021-01-07,"quantile",0.975,702.254189008715
"20171",2020-12-12,"26","26  day ahead inc hosp",2021-01-07,"quantile",0.99,768.457841103649
"20172",2020-12-12,"26","27  day ahead inc hosp",2021-01-08,"quantile",0.01,0
"20173",2020-12-12,"26","27  day ahead inc hosp",2021-01-08,"quantile",0.025,0
"20174",2020-12-12,"26","27  day ahead inc hosp",2021-01-08,"quantile",0.05,47.8594467222994
"20175",2020-12-12,"26","27  day ahead inc hosp",2021-01-08,"quantile",0.1,114.173937490096
"20176",2020-12-12,"26","27  day ahead inc hosp",2021-01-08,"quantile",0.15,158.916009582378
"20177",2020-12-12,"26","27  day ahead inc hosp",2021-01-08,"quantile",0.2,194.475590128774
"20178",2020-12-12,"26","27  day ahead inc hosp",2021-01-08,"quantile",0.25,224.982543952493
"20179",2020-12-12,"26","27  day ahead inc hosp",2021-01-08,"quantile",0.3,252.378731343238
"20180",2020-12-12,"26","27  day ahead inc hosp",2021-01-08,"quantile",0.35,277.765381808863
"20181",2020-12-12,"26","27  day ahead inc hosp",2021-01-08,"quantile",0.4,301.85483053478
"20182",2020-12-12,"26","27  day ahead inc hosp",2021-01-08,"quantile",0.45,325.161650962024
"20183",2020-12-12,"26","27  day ahead inc hosp",2021-01-08,"quantile",0.5,348.098950556802
"20184",2020-12-12,"26","27  day ahead inc hosp",2021-01-08,"quantile",0.55,371.036250151579
"20185",2020-12-12,"26","27  day ahead inc hosp",2021-01-08,"quantile",0.6,394.343070578823
"20186",2020-12-12,"26","27  day ahead inc hosp",2021-01-08,"quantile",0.65,418.43251930474
"20187",2020-12-12,"26","27  day ahead inc hosp",2021-01-08,"quantile",0.7,443.819169770366
"20188",2020-12-12,"26","27  day ahead inc hosp",2021-01-08,"quantile",0.75,471.21535716111
"20189",2020-12-12,"26","27  day ahead inc hosp",2021-01-08,"quantile",0.8,501.722310984829
"20190",2020-12-12,"26","27  day ahead inc hosp",2021-01-08,"quantile",0.85,537.281891531225
"20191",2020-12-12,"26","27  day ahead inc hosp",2021-01-08,"quantile",0.9,582.023963623507
"20192",2020-12-12,"26","27  day ahead inc hosp",2021-01-08,"quantile",0.95,648.338454391304
"20193",2020-12-12,"26","27  day ahead inc hosp",2021-01-08,"quantile",0.975,705.856385388515
"20194",2020-12-12,"26","27  day ahead inc hosp",2021-01-08,"quantile",0.99,772.733410428457
"20195",2020-12-12,"26","28  day ahead inc hosp",2021-01-09,"quantile",0.01,0
"20196",2020-12-12,"26","28  day ahead inc hosp",2021-01-09,"quantile",0.025,0
"20197",2020-12-12,"26","28  day ahead inc hosp",2021-01-09,"quantile",0.05,44.8665249367268
"20198",2020-12-12,"26","28  day ahead inc hosp",2021-01-09,"quantile",0.1,111.842068236197
"20199",2020-12-12,"26","28  day ahead inc hosp",2021-01-09,"quantile",0.15,157.030149333245
"20200",2020-12-12,"26","28  day ahead inc hosp",2021-01-09,"quantile",0.2,192.944203697856
"20201",2020-12-12,"26","28  day ahead inc hosp",2021-01-09,"quantile",0.25,223.755264494655
"20202",2020-12-12,"26","28  day ahead inc hosp",2021-01-09,"quantile",0.3,251.424549346048
"20203",2020-12-12,"26","28  day ahead inc hosp",2021-01-09,"quantile",0.35,277.064265308621
"20204",2020-12-12,"26","28  day ahead inc hosp",2021-01-09,"quantile",0.4,301.393848443813
"20205",2020-12-12,"26","28  day ahead inc hosp",2021-01-09,"quantile",0.45,324.933001691083
"20206",2020-12-12,"26","28  day ahead inc hosp",2021-01-09,"quantile",0.5,348.098950556802
"20207",2020-12-12,"26","28  day ahead inc hosp",2021-01-09,"quantile",0.55,371.26489942252
"20208",2020-12-12,"26","28  day ahead inc hosp",2021-01-09,"quantile",0.6,394.80405266979
"20209",2020-12-12,"26","28  day ahead inc hosp",2021-01-09,"quantile",0.65,419.133635804982
"20210",2020-12-12,"26","28  day ahead inc hosp",2021-01-09,"quantile",0.7,444.773351767555
"20211",2020-12-12,"26","28  day ahead inc hosp",2021-01-09,"quantile",0.75,472.442636618948
"20212",2020-12-12,"26","28  day ahead inc hosp",2021-01-09,"quantile",0.8,503.253697415747
"20213",2020-12-12,"26","28  day ahead inc hosp",2021-01-09,"quantile",0.85,539.167751780358
"20214",2020-12-12,"26","28  day ahead inc hosp",2021-01-09,"quantile",0.9,584.355832877406
"20215",2020-12-12,"26","28  day ahead inc hosp",2021-01-09,"quantile",0.95,651.331376176876
"20216",2020-12-12,"26","28  day ahead inc hosp",2021-01-09,"quantile",0.975,709.422671659921
"20217",2020-12-12,"26","28  day ahead inc hosp",2021-01-09,"quantile",0.99,776.966356824995
"20218",2020-12-12,"26","29  day ahead inc hosp",2021-01-10,"quantile",0.01,0
"20219",2020-12-12,"26","29  day ahead inc hosp",2021-01-10,"quantile",0.025,0
"20220",2020-12-12,"26","29  day ahead inc hosp",2021-01-10,"quantile",0.05,41.5189132094289
"20221",2020-12-12,"26","29  day ahead inc hosp",2021-01-10,"quantile",0.1,109.149047873838
"20222",2020-12-12,"26","29  day ahead inc hosp",2021-01-10,"quantile",0.15,154.778778657131
"20223",2020-12-12,"26","29  day ahead inc hosp",2021-01-10,"quantile",0.2,191.04384219179
"20224",2020-12-12,"26","29  day ahead inc hosp",2021-01-10,"quantile",0.25,222.156037602042
"20225",2020-12-12,"26","29  day ahead inc hosp",2021-01-10,"quantile",0.3,250.09575064327
"20226",2020-12-12,"26","29  day ahead inc hosp",2021-01-10,"quantile",0.35,275.986058625584
"20227",2020-12-12,"26","29  day ahead inc hosp",2021-01-10,"quantile",0.4,300.553429082062
"20228",2020-12-12,"26","29  day ahead inc hosp",2021-01-10,"quantile",0.45,324.322644314566
"20229",2020-12-12,"26","29  day ahead inc hosp",2021-01-10,"quantile",0.5,347.715007619662
"20230",2020-12-12,"26","29  day ahead inc hosp",2021-01-10,"quantile",0.55,371.107370924758
"20231",2020-12-12,"26","29  day ahead inc hosp",2021-01-10,"quantile",0.6,394.876586157262
"20232",2020-12-12,"26","29  day ahead inc hosp",2021-01-10,"quantile",0.65,419.44395661374
"20233",2020-12-12,"26","29  day ahead inc hosp",2021-01-10,"quantile",0.7,445.334264596054
"20234",2020-12-12,"26","29  day ahead inc hosp",2021-01-10,"quantile",0.75,473.273977637282
"20235",2020-12-12,"26","29  day ahead inc hosp",2021-01-10,"quantile",0.8,504.386173047534
"20236",2020-12-12,"26","29  day ahead inc hosp",2021-01-10,"quantile",0.85,540.651236582192
"20237",2020-12-12,"26","29  day ahead inc hosp",2021-01-10,"quantile",0.9,586.280967365485
"20238",2020-12-12,"26","29  day ahead inc hosp",2021-01-10,"quantile",0.95,653.911102029895
"20239",2020-12-12,"26","29  day ahead inc hosp",2021-01-10,"quantile",0.975,712.570157900209
"20240",2020-12-12,"26","29  day ahead inc hosp",2021-01-10,"quantile",0.99,780.773987214732
"20241",2020-12-12,"26","30  day ahead inc hosp",2021-01-11,"quantile",0.01,0
"20242",2020-12-12,"26","30  day ahead inc hosp",2021-01-11,"quantile",0.025,0
"20243",2020-12-12,"26","30  day ahead inc hosp",2021-01-11,"quantile",0.05,38.5836560606095
"20244",2020-12-12,"26","30  day ahead inc hosp",2021-01-11,"quantile",0.1,106.862106754757
"20245",2020-12-12,"26","30  day ahead inc hosp",2021-01-11,"quantile",0.15,152.929253285427
"20246",2020-12-12,"26","30  day ahead inc hosp",2021-01-11,"quantile",0.2,189.54196098974
"20247",2020-12-12,"26","30  day ahead inc hosp",2021-01-11,"quantile",0.25,220.95240414273
"20248",2020-12-12,"26","30  day ahead inc hosp",2021-01-11,"quantile",0.3,249.159952874673
"20249",2020-12-12,"26","30  day ahead inc hosp",2021-01-11,"quantile",0.35,275.29845053993
"20250",2020-12-12,"26","30  day ahead inc hosp",2021-01-11,"quantile",0.4,300.101328734999
"20251",2020-12-12,"26","30  day ahead inc hosp",2021-01-11,"quantile",0.45,324.098400430099
"20252",2020-12-12,"26","30  day ahead inc hosp",2021-01-11,"quantile",0.5,347.715007619662
"20253",2020-12-12,"26","30  day ahead inc hosp",2021-01-11,"quantile",0.55,371.331614809224
"20254",2020-12-12,"26","30  day ahead inc hosp",2021-01-11,"quantile",0.6,395.328686504325
"20255",2020-12-12,"26","30  day ahead inc hosp",2021-01-11,"quantile",0.65,420.131564699394
"20256",2020-12-12,"26","30  day ahead inc hosp",2021-01-11,"quantile",0.7,446.270062364651
"20257",2020-12-12,"26","30  day ahead inc hosp",2021-01-11,"quantile",0.75,474.477611096594
"20258",2020-12-12,"26","30  day ahead inc hosp",2021-01-11,"quantile",0.8,505.888054249584
"20259",2020-12-12,"26","30  day ahead inc hosp",2021-01-11,"quantile",0.85,542.500761953897
"20260",2020-12-12,"26","30  day ahead inc hosp",2021-01-11,"quantile",0.9,588.567908484567
"20261",2020-12-12,"26","30  day ahead inc hosp",2021-01-11,"quantile",0.95,656.846359178714
"20262",2020-12-12,"26","30  day ahead inc hosp",2021-01-11,"quantile",0.975,716.067732518878
"20263",2020-12-12,"26","30  day ahead inc hosp",2021-01-11,"quantile",0.99,784.925377415071
"20264",2020-12-12,"26","31  day ahead inc hosp",2021-01-12,"quantile",0.01,0
"20265",2020-12-12,"26","31  day ahead inc hosp",2021-01-12,"quantile",0.025,0
"20266",2020-12-12,"26","31  day ahead inc hosp",2021-01-12,"quantile",0.05,35.6760087727668
"20267",2020-12-12,"26","31  day ahead inc hosp",2021-01-12,"quantile",0.1,104.596677252259
"20268",2020-12-12,"26","31  day ahead inc hosp",2021-01-12,"quantile",0.15,151.097125073766
"20269",2020-12-12,"26","31  day ahead inc hosp",2021-01-12,"quantile",0.2,188.054206908105
"20270",2020-12-12,"26","31  day ahead inc hosp",2021-01-12,"quantile",0.25,219.760092401004
"20271",2020-12-12,"26","31  day ahead inc hosp",2021-01-12,"quantile",0.3,248.232957485214
"20272",2020-12-12,"26","31  day ahead inc hosp",2021-01-12,"quantile",0.35,274.617310290887
"20273",2020-12-12,"26","31  day ahead inc hosp",2021-01-12,"quantile",0.4,299.653480971985
"20274",2020-12-12,"26","31  day ahead inc hosp",2021-01-12,"quantile",0.45,323.87626584719
"20275",2020-12-12,"26","31  day ahead inc hosp",2021-01-12,"quantile",0.5,347.715007619662
"20276",2020-12-12,"26","31  day ahead inc hosp",2021-01-12,"quantile",0.55,371.553749392134
"20277",2020-12-12,"26","31  day ahead inc hosp",2021-01-12,"quantile",0.6,395.776534267339
"20278",2020-12-12,"26","31  day ahead inc hosp",2021-01-12,"quantile",0.65,420.812704948437
"20279",2020-12-12,"26","31  day ahead inc hosp",2021-01-12,"quantile",0.7,447.19705775411
"20280",2020-12-12,"26","31  day ahead inc hosp",2021-01-12,"quantile",0.75,475.66992283832
"20281",2020-12-12,"26","31  day ahead inc hosp",2021-01-12,"quantile",0.8,507.375808331219
"20282",2020-12-12,"26","31  day ahead inc hosp",2021-01-12,"quantile",0.85,544.332890165558
"20283",2020-12-12,"26","31  day ahead inc hosp",2021-01-12,"quantile",0.9,590.833337987065
"20284",2020-12-12,"26","31  day ahead inc hosp",2021-01-12,"quantile",0.95,659.754006466557
"20285",2020-12-12,"26","31  day ahead inc hosp",2021-01-12,"quantile",0.975,719.532407959013
"20286",2020-12-12,"26","31  day ahead inc hosp",2021-01-12,"quantile",0.99,789.037718462141
"20287",2020-12-12,"26","32  day ahead inc hosp",2021-01-13,"quantile",0.01,0
"20288",2020-12-12,"26","32  day ahead inc hosp",2021-01-13,"quantile",0.025,0
"20289",2020-12-12,"26","32  day ahead inc hosp",2021-01-13,"quantile",0.05,32.7952065813361
"20290",2020-12-12,"26","32  day ahead inc hosp",2021-01-13,"quantile",0.1,102.352163516837
"20291",2020-12-12,"26","32  day ahead inc hosp",2021-01-13,"quantile",0.15,149.281912138825
"20292",2020-12-12,"26","32  day ahead inc hosp",2021-01-13,"quantile",0.2,186.580188640275
"20293",2020-12-12,"26","32  day ahead inc hosp",2021-01-13,"quantile",0.25,218.578788777007
"20294",2020-12-12,"26","32  day ahead inc hosp",2021-01-13,"quantile",0.3,247.314520658104
"20295",2020-12-12,"26","32  day ahead inc hosp",2021-01-13,"quantile",0.35,273.942458726078
"20296",2020-12-12,"26","32  day ahead inc hosp",2021-01-13,"quantile",0.4,299.209768000844
"20297",2020-12-12,"26","32  day ahead inc hosp",2021-01-13,"quantile",0.45,323.656182140369
"20298",2020-12-12,"26","32  day ahead inc hosp",2021-01-13,"quantile",0.5,347.715007619662
"20299",2020-12-12,"26","32  day ahead inc hosp",2021-01-13,"quantile",0.55,371.773833098955
"20300",2020-12-12,"26","32  day ahead inc hosp",2021-01-13,"quantile",0.6,396.220247238479
"20301",2020-12-12,"26","32  day ahead inc hosp",2021-01-13,"quantile",0.65,421.487556513246
"20302",2020-12-12,"26","32  day ahead inc hosp",2021-01-13,"quantile",0.7,448.11549458122
"20303",2020-12-12,"26","32  day ahead inc hosp",2021-01-13,"quantile",0.75,476.851226462317
"20304",2020-12-12,"26","32  day ahead inc hosp",2021-01-13,"quantile",0.8,508.849826599048
"20305",2020-12-12,"26","32  day ahead inc hosp",2021-01-13,"quantile",0.85,546.148103100498
"20306",2020-12-12,"26","32  day ahead inc hosp",2021-01-13,"quantile",0.9,593.077851722487
"20307",2020-12-12,"26","32  day ahead inc hosp",2021-01-13,"quantile",0.95,662.634808657988
"20308",2020-12-12,"26","32  day ahead inc hosp",2021-01-13,"quantile",0.975,722.965095493802
"20309",2020-12-12,"26","32  day ahead inc hosp",2021-01-13,"quantile",0.99,793.112091977058
"20310",2020-12-12,"26","33  day ahead inc hosp",2021-01-14,"quantile",0.01,0
"20311",2020-12-12,"26","33  day ahead inc hosp",2021-01-14,"quantile",0.025,0
"20312",2020-12-12,"26","33  day ahead inc hosp",2021-01-14,"quantile",0.05,29.9405193883616
"20313",2020-12-12,"26","33  day ahead inc hosp",2021-01-14,"quantile",0.1,100.127996708707
"20314",2020-12-12,"26","33  day ahead inc hosp",2021-01-14,"quantile",0.15,147.483154440949
"20315",2020-12-12,"26","33  day ahead inc hosp",2021-01-14,"quantile",0.2,185.119532617485
"20316",2020-12-12,"26","33  day ahead inc hosp",2021-01-14,"quantile",0.25,217.408193886296
"20317",2020-12-12,"26","33  day ahead inc hosp",2021-01-14,"quantile",0.3,246.404409628716
"20318",2020-12-12,"26","33  day ahead inc hosp",2021-01-14,"quantile",0.35,273.273724814062
"20319",2020-12-12,"26","33  day ahead inc hosp",2021-01-14,"quantile",0.4,298.770077368895
"20320",2020-12-12,"26","33  day ahead inc hosp",2021-01-14,"quantile",0.45,323.438093532579
"20321",2020-12-12,"26","33  day ahead inc hosp",2021-01-14,"quantile",0.5,347.715007619662
"20322",2020-12-12,"26","33  day ahead inc hosp",2021-01-14,"quantile",0.55,371.991921706745
"20323",2020-12-12,"26","33  day ahead inc hosp",2021-01-14,"quantile",0.6,396.659937870429
"20324",2020-12-12,"26","33  day ahead inc hosp",2021-01-14,"quantile",0.65,422.156290425262
"20325",2020-12-12,"26","33  day ahead inc hosp",2021-01-14,"quantile",0.7,449.025605610607
"20326",2020-12-12,"26","33  day ahead inc hosp",2021-01-14,"quantile",0.75,478.021821353028
"20327",2020-12-12,"26","33  day ahead inc hosp",2021-01-14,"quantile",0.8,510.310482621839
"20328",2020-12-12,"26","33  day ahead inc hosp",2021-01-14,"quantile",0.85,547.946860798375
"20329",2020-12-12,"26","33  day ahead inc hosp",2021-01-14,"quantile",0.9,595.302018530616
"20330",2020-12-12,"26","33  day ahead inc hosp",2021-01-14,"quantile",0.95,665.489495850962
"20331",2020-12-12,"26","33  day ahead inc hosp",2021-01-14,"quantile",0.975,726.366665088616
"20332",2020-12-12,"26","33  day ahead inc hosp",2021-01-14,"quantile",0.99,797.149530551295
"20333",2020-12-12,"26","34  day ahead inc hosp",2021-01-15,"quantile",0.01,0
"20334",2020-12-12,"26","34  day ahead inc hosp",2021-01-15,"quantile",0.025,0
"20335",2020-12-12,"26","34  day ahead inc hosp",2021-01-15,"quantile",0.05,27.1112496015891
"20336",2020-12-12,"26","34  day ahead inc hosp",2021-01-15,"quantile",0.1,97.9236333141928
"20337",2020-12-12,"26","34  day ahead inc hosp",2021-01-15,"quantile",0.15,145.700412422541
"20338",2020-12-12,"26","34  day ahead inc hosp",2021-01-15,"quantile",0.2,183.671881903137
"20339",2020-12-12,"26","34  day ahead inc hosp",2021-01-15,"quantile",0.25,216.248021673736
"20340",2020-12-12,"26","34  day ahead inc hosp",2021-01-15,"quantile",0.3,245.502401995659
"20341",2020-12-12,"26","34  day ahead inc hosp",2021-01-15,"quantile",0.35,272.610945138127
"20342",2020-12-12,"26","34  day ahead inc hosp",2021-01-15,"quantile",0.4,298.334301630115
"20343",2020-12-12,"26","34  day ahead inc hosp",2021-01-15,"quantile",0.45,323.221946730094
"20344",2020-12-12,"26","34  day ahead inc hosp",2021-01-15,"quantile",0.5,347.715007619662
"20345",2020-12-12,"26","34  day ahead inc hosp",2021-01-15,"quantile",0.55,372.20806850923
"20346",2020-12-12,"26","34  day ahead inc hosp",2021-01-15,"quantile",0.6,397.095713609208
"20347",2020-12-12,"26","34  day ahead inc hosp",2021-01-15,"quantile",0.65,422.819070101197
"20348",2020-12-12,"26","34  day ahead inc hosp",2021-01-15,"quantile",0.7,449.927613243665
"20349",2020-12-12,"26","34  day ahead inc hosp",2021-01-15,"quantile",0.75,479.181993565588
"20350",2020-12-12,"26","34  day ahead inc hosp",2021-01-15,"quantile",0.8,511.758133336187
"20351",2020-12-12,"26","34  day ahead inc hosp",2021-01-15,"quantile",0.85,549.729602816783
"20352",2020-12-12,"26","34  day ahead inc hosp",2021-01-15,"quantile",0.9,597.506381925131
"20353",2020-12-12,"26","34  day ahead inc hosp",2021-01-15,"quantile",0.95,668.318765637735
"20354",2020-12-12,"26","34  day ahead inc hosp",2021-01-15,"quantile",0.975,729.737947975896
"20355",2020-12-12,"26","34  day ahead inc hosp",2021-01-15,"quantile",0.99,801.15102080289
"20356",2020-12-12,"26","35  day ahead inc hosp",2021-01-16,"quantile",0.01,0
"20357",2020-12-12,"26","35  day ahead inc hosp",2021-01-16,"quantile",0.025,0
"20358",2020-12-12,"26","35  day ahead inc hosp",2021-01-16,"quantile",0.05,24.306730143718
"20359",2020-12-12,"26","35  day ahead inc hosp",2021-01-16,"quantile",0.1,95.73855359467
"20360",2020-12-12,"26","35  day ahead inc hosp",2021-01-16,"quantile",0.15,143.933265753685
"20361",2020-12-12,"26","35  day ahead inc hosp",2021-01-16,"quantile",0.2,182.236895174204
"20362",2020-12-12,"26","35  day ahead inc hosp",2021-01-16,"quantile",0.25,215.097998597174
"20363",2020-12-12,"26","35  day ahead inc hosp",2021-01-16,"quantile",0.3,244.608285086099
"20364",2020-12-12,"26","35  day ahead inc hosp",2021-01-16,"quantile",0.35,271.953963429938
"20365",2020-12-12,"26","35  day ahead inc hosp",2021-01-16,"quantile",0.4,297.902338038524
"20366",2020-12-12,"26","35  day ahead inc hosp",2021-01-16,"quantile",0.45,323.007690770425
"20367",2020-12-12,"26","35  day ahead inc hosp",2021-01-16,"quantile",0.5,347.715007619662
"20368",2020-12-12,"26","35  day ahead inc hosp",2021-01-16,"quantile",0.55,372.422324468899
"20369",2020-12-12,"26","35  day ahead inc hosp",2021-01-16,"quantile",0.6,397.527677200799
"20370",2020-12-12,"26","35  day ahead inc hosp",2021-01-16,"quantile",0.65,423.476051809386
"20371",2020-12-12,"26","35  day ahead inc hosp",2021-01-16,"quantile",0.7,450.821730153224
"20372",2020-12-12,"26","35  day ahead inc hosp",2021-01-16,"quantile",0.75,480.332016642149
"20373",2020-12-12,"26","35  day ahead inc hosp",2021-01-16,"quantile",0.8,513.19312006512
"20374",2020-12-12,"26","35  day ahead inc hosp",2021-01-16,"quantile",0.85,551.496749485639
"20375",2020-12-12,"26","35  day ahead inc hosp",2021-01-16,"quantile",0.9,599.691461644654
"20376",2020-12-12,"26","35  day ahead inc hosp",2021-01-16,"quantile",0.95,671.123285095606
"20377",2020-12-12,"26","35  day ahead inc hosp",2021-01-16,"quantile",0.975,733.079739027271
"20378",2020-12-12,"26","35  day ahead inc hosp",2021-01-16,"quantile",0.99,805.117506191998
"20379",2020-12-12,"26","36  day ahead inc hosp",2021-01-17,"quantile",0.01,0
"20380",2020-12-12,"26","36  day ahead inc hosp",2021-01-17,"quantile",0.025,0
"20381",2020-12-12,"26","36  day ahead inc hosp",2021-01-17,"quantile",0.05,32.7604495998434
"20382",2020-12-12,"26","36  day ahead inc hosp",2021-01-17,"quantile",0.1,104.806387139686
"20383",2020-12-12,"26","36  day ahead inc hosp",2021-01-17,"quantile",0.15,153.415439158963
"20384",2020-12-12,"26","36  day ahead inc hosp",2021-01-17,"quantile",0.2,192.048372765577
"20385",2020-12-12,"26","36  day ahead inc hosp",2021-01-17,"quantile",0.25,225.191989858416
"20386",2020-12-12,"26","36  day ahead inc hosp",2021-01-17,"quantile",0.3,254.955982354335
"20387",2020-12-12,"26","36  day ahead inc hosp",2021-01-17,"quantile",0.35,282.536757123407
"20388",2020-12-12,"26","36  day ahead inc hosp",2021-01-17,"quantile",0.4,308.708215249411
"20389",2020-12-12,"26","36  day ahead inc hosp",2021-01-17,"quantile",0.45,334.029403866137
"20390",2020-12-12,"26","36  day ahead inc hosp",2021-01-17,"quantile",0.5,358.949134603789
"20391",2020-12-12,"26","36  day ahead inc hosp",2021-01-17,"quantile",0.55,383.868865341441
"20392",2020-12-12,"26","36  day ahead inc hosp",2021-01-17,"quantile",0.6,409.190053958167
"20393",2020-12-12,"26","36  day ahead inc hosp",2021-01-17,"quantile",0.65,435.361512084171
"20394",2020-12-12,"26","36  day ahead inc hosp",2021-01-17,"quantile",0.7,462.942286853243
"20395",2020-12-12,"26","36  day ahead inc hosp",2021-01-17,"quantile",0.75,492.706279349162
"20396",2020-12-12,"26","36  day ahead inc hosp",2021-01-17,"quantile",0.8,525.849896442001
"20397",2020-12-12,"26","36  day ahead inc hosp",2021-01-17,"quantile",0.85,564.482830048615
"20398",2020-12-12,"26","36  day ahead inc hosp",2021-01-17,"quantile",0.9,613.091882067892
"20399",2020-12-12,"26","36  day ahead inc hosp",2021-01-17,"quantile",0.95,685.137819607734
"20400",2020-12-12,"26","36  day ahead inc hosp",2021-01-17,"quantile",0.975,747.626925926236
"20401",2020-12-12,"26","36  day ahead inc hosp",2021-01-17,"quantile",0.99,820.284016602681
"20402",2020-12-12,"26","37  day ahead inc hosp",2021-01-18,"quantile",0.01,0
"20403",2020-12-12,"26","37  day ahead inc hosp",2021-01-18,"quantile",0.025,0
"20404",2020-12-12,"26","37  day ahead inc hosp",2021-01-18,"quantile",0.05,30.0035425840001
"20405",2020-12-12,"26","37  day ahead inc hosp",2021-01-18,"quantile",0.1,102.658403608311
"20406",2020-12-12,"26","37  day ahead inc hosp",2021-01-18,"quantile",0.15,151.678293411687
"20407",2020-12-12,"26","37  day ahead inc hosp",2021-01-18,"quantile",0.2,190.637747865281
"20408",2020-12-12,"26","37  day ahead inc hosp",2021-01-18,"quantile",0.25,224.061490770861
"20409",2020-12-12,"26","37  day ahead inc hosp",2021-01-18,"quantile",0.3,254.077044904274
"20410",2020-12-12,"26","37  day ahead inc hosp",2021-01-18,"quantile",0.35,281.890929020662
"20411",2020-12-12,"26","37  day ahead inc hosp",2021-01-18,"quantile",0.4,308.283585121456
"20412",2020-12-12,"26","37  day ahead inc hosp",2021-01-18,"quantile",0.45,333.818785338695
"20413",2020-12-12,"26","37  day ahead inc hosp",2021-01-18,"quantile",0.5,358.949134603789
"20414",2020-12-12,"26","37  day ahead inc hosp",2021-01-18,"quantile",0.55,384.079483868883
"20415",2020-12-12,"26","37  day ahead inc hosp",2021-01-18,"quantile",0.6,409.614684086122
"20416",2020-12-12,"26","37  day ahead inc hosp",2021-01-18,"quantile",0.65,436.007340186916
"20417",2020-12-12,"26","37  day ahead inc hosp",2021-01-18,"quantile",0.7,463.821224303304
"20418",2020-12-12,"26","37  day ahead inc hosp",2021-01-18,"quantile",0.75,493.836778436717
"20419",2020-12-12,"26","37  day ahead inc hosp",2021-01-18,"quantile",0.8,527.260521342297
"20420",2020-12-12,"26","37  day ahead inc hosp",2021-01-18,"quantile",0.85,566.219975795891
"20421",2020-12-12,"26","37  day ahead inc hosp",2021-01-18,"quantile",0.9,615.239865599267
"20422",2020-12-12,"26","37  day ahead inc hosp",2021-01-18,"quantile",0.95,687.894726623578
"20423",2020-12-12,"26","37  day ahead inc hosp",2021-01-18,"quantile",0.975,750.911983253673
"20424",2020-12-12,"26","37  day ahead inc hosp",2021-01-18,"quantile",0.99,824.18316280642
"20425",2020-12-12,"27","1  day ahead inc hosp",2020-12-13,"quantile",0.01,102.73791951977
"20426",2020-12-12,"27","1  day ahead inc hosp",2020-12-13,"quantile",0.025,108.726720872015
"20427",2020-12-12,"27","1  day ahead inc hosp",2020-12-13,"quantile",0.05,113.877420424347
"20428",2020-12-12,"27","1  day ahead inc hosp",2020-12-13,"quantile",0.1,119.815847137355
"20429",2020-12-12,"27","1  day ahead inc hosp",2020-12-13,"quantile",0.15,123.822475447877
"20430",2020-12-12,"27","1  day ahead inc hosp",2020-12-13,"quantile",0.2,127.006816616378
"20431",2020-12-12,"27","1  day ahead inc hosp",2020-12-13,"quantile",0.25,129.738697799838
"20432",2020-12-12,"27","1  day ahead inc hosp",2020-12-13,"quantile",0.3,132.192011534922
"20433",2020-12-12,"27","1  day ahead inc hosp",2020-12-13,"quantile",0.35,134.465372327313
"20434",2020-12-12,"27","1  day ahead inc hosp",2020-12-13,"quantile",0.4,136.622569406855
"20435",2020-12-12,"27","1  day ahead inc hosp",2020-12-13,"quantile",0.45,138.70968254635
"20436",2020-12-12,"27","1  day ahead inc hosp",2020-12-13,"quantile",0.5,140.763705295539
"20437",2020-12-12,"27","1  day ahead inc hosp",2020-12-13,"quantile",0.55,142.817728044727
"20438",2020-12-12,"27","1  day ahead inc hosp",2020-12-13,"quantile",0.6,144.904841184222
"20439",2020-12-12,"27","1  day ahead inc hosp",2020-12-13,"quantile",0.65,147.062038263764
"20440",2020-12-12,"27","1  day ahead inc hosp",2020-12-13,"quantile",0.7,149.335399056155
"20441",2020-12-12,"27","1  day ahead inc hosp",2020-12-13,"quantile",0.75,151.78871279124
"20442",2020-12-12,"27","1  day ahead inc hosp",2020-12-13,"quantile",0.8,154.520593974699
"20443",2020-12-12,"27","1  day ahead inc hosp",2020-12-13,"quantile",0.85,157.7049351432
"20444",2020-12-12,"27","1  day ahead inc hosp",2020-12-13,"quantile",0.9,161.711563453723
"20445",2020-12-12,"27","1  day ahead inc hosp",2020-12-13,"quantile",0.95,167.64999016673
"20446",2020-12-12,"27","1  day ahead inc hosp",2020-12-13,"quantile",0.975,172.800689719062
"20447",2020-12-12,"27","1  day ahead inc hosp",2020-12-13,"quantile",0.99,178.789491071308
"20448",2020-12-12,"27","2  day ahead inc hosp",2020-12-14,"quantile",0.01,98.257188455303
"20449",2020-12-12,"27","2  day ahead inc hosp",2020-12-14,"quantile",0.025,104.995180723837
"20450",2020-12-12,"27","2  day ahead inc hosp",2020-12-14,"quantile",0.05,110.790225795442
"20451",2020-12-12,"27","2  day ahead inc hosp",2020-12-14,"quantile",0.1,117.471541625779
"20452",2020-12-12,"27","2  day ahead inc hosp",2020-12-14,"quantile",0.15,121.979393696889
"20453",2020-12-12,"27","2  day ahead inc hosp",2020-12-14,"quantile",0.2,125.562091621189
"20454",2020-12-12,"27","2  day ahead inc hosp",2020-12-14,"quantile",0.25,128.635727430766
"20455",2020-12-12,"27","2  day ahead inc hosp",2020-12-14,"quantile",0.3,131.395947382475
"20456",2020-12-12,"27","2  day ahead inc hosp",2020-12-14,"quantile",0.35,133.953702522737
"20457",2020-12-12,"27","2  day ahead inc hosp",2020-12-14,"quantile",0.4,136.380762027426
"20458",2020-12-12,"27","2  day ahead inc hosp",2020-12-14,"quantile",0.45,138.728970186343
"20459",2020-12-12,"27","2  day ahead inc hosp",2020-12-14,"quantile",0.5,141.039948392062
"20460",2020-12-12,"27","2  day ahead inc hosp",2020-12-14,"quantile",0.55,143.350926597782
"20461",2020-12-12,"27","2  day ahead inc hosp",2020-12-14,"quantile",0.6,145.699134756699
"20462",2020-12-12,"27","2  day ahead inc hosp",2020-12-14,"quantile",0.65,148.126194261387
"20463",2020-12-12,"27","2  day ahead inc hosp",2020-12-14,"quantile",0.7,150.68394940165
"20464",2020-12-12,"27","2  day ahead inc hosp",2020-12-14,"quantile",0.75,153.444169353358
"20465",2020-12-12,"27","2  day ahead inc hosp",2020-12-14,"quantile",0.8,156.517805162935
"20466",2020-12-12,"27","2  day ahead inc hosp",2020-12-14,"quantile",0.85,160.100503087235
"20467",2020-12-12,"27","2  day ahead inc hosp",2020-12-14,"quantile",0.9,164.608355158345
"20468",2020-12-12,"27","2  day ahead inc hosp",2020-12-14,"quantile",0.95,171.289670988682
"20469",2020-12-12,"27","2  day ahead inc hosp",2020-12-14,"quantile",0.975,177.084716060287
"20470",2020-12-12,"27","2  day ahead inc hosp",2020-12-14,"quantile",0.99,183.822708328821
"20471",2020-12-12,"27","3  day ahead inc hosp",2020-12-15,"quantile",0.01,98.7700966748267
"20472",2020-12-12,"27","3  day ahead inc hosp",2020-12-15,"quantile",0.025,105.635915427739
"20473",2020-12-12,"27","3  day ahead inc hosp",2020-12-15,"quantile",0.05,111.540898327823
"20474",2020-12-12,"27","3  day ahead inc hosp",2020-12-15,"quantile",0.1,118.348965433551
"20475",2020-12-12,"27","3  day ahead inc hosp",2020-12-15,"quantile",0.15,122.942335988415
"20476",2020-12-12,"27","3  day ahead inc hosp",2020-12-15,"quantile",0.2,126.59300129261
"20477",2020-12-12,"27","3  day ahead inc hosp",2020-12-15,"quantile",0.25,129.724947062208
"20478",2020-12-12,"27","3  day ahead inc hosp",2020-12-15,"quantile",0.3,132.53753116016
"20479",2020-12-12,"27","3  day ahead inc hosp",2020-12-15,"quantile",0.35,135.143809485734
"20480",2020-12-12,"27","3  day ahead inc hosp",2020-12-15,"quantile",0.4,137.616912748192
"20481",2020-12-12,"27","3  day ahead inc hosp",2020-12-15,"quantile",0.45,140.00966877561
"20482",2020-12-12,"27","3  day ahead inc hosp",2020-12-15,"quantile",0.5,142.364488560206
"20483",2020-12-12,"27","3  day ahead inc hosp",2020-12-15,"quantile",0.55,144.719308344803
"20484",2020-12-12,"27","3  day ahead inc hosp",2020-12-15,"quantile",0.6,147.112064372221
"20485",2020-12-12,"27","3  day ahead inc hosp",2020-12-15,"quantile",0.65,149.585167634678
"20486",2020-12-12,"27","3  day ahead inc hosp",2020-12-15,"quantile",0.7,152.191445960253
"20487",2020-12-12,"27","3  day ahead inc hosp",2020-12-15,"quantile",0.75,155.004030058205
"20488",2020-12-12,"27","3  day ahead inc hosp",2020-12-15,"quantile",0.8,158.135975827802
"20489",2020-12-12,"27","3  day ahead inc hosp",2020-12-15,"quantile",0.85,161.786641131998
"20490",2020-12-12,"27","3  day ahead inc hosp",2020-12-15,"quantile",0.9,166.380011686862
"20491",2020-12-12,"27","3  day ahead inc hosp",2020-12-15,"quantile",0.95,173.188078792589
"20492",2020-12-12,"27","3  day ahead inc hosp",2020-12-15,"quantile",0.975,179.093061692674
"20493",2020-12-12,"27","3  day ahead inc hosp",2020-12-15,"quantile",0.99,185.958880445586
"20494",2020-12-12,"27","4  day ahead inc hosp",2020-12-16,"quantile",0.01,97.8404352505933
"20495",2020-12-12,"27","4  day ahead inc hosp",2020-12-16,"quantile",0.025,105.014583424626
"20496",2020-12-12,"27","4  day ahead inc hosp",2020-12-16,"quantile",0.05,111.18474663675
"20497",2020-12-12,"27","4  day ahead inc hosp",2020-12-16,"quantile",0.1,118.298549659082
"20498",2020-12-12,"27","4  day ahead inc hosp",2020-12-16,"quantile",0.15,123.098198785393
"20499",2020-12-12,"27","4  day ahead inc hosp",2020-12-16,"quantile",0.2,126.912807759012
"20500",2020-12-12,"27","4  day ahead inc hosp",2020-12-16,"quantile",0.25,130.185402599154
"20501",2020-12-12,"27","4  day ahead inc hosp",2020-12-16,"quantile",0.3,133.124293909396
"20502",2020-12-12,"27","4  day ahead inc hosp",2020-12-16,"quantile",0.35,135.847614690696
"20503",2020-12-12,"27","4  day ahead inc hosp",2020-12-16,"quantile",0.4,138.431779798029
"20504",2020-12-12,"27","4  day ahead inc hosp",2020-12-16,"quantile",0.45,140.931989445674
"20505",2020-12-12,"27","4  day ahead inc hosp",2020-12-16,"quantile",0.5,143.392559213943
"20506",2020-12-12,"27","4  day ahead inc hosp",2020-12-16,"quantile",0.55,145.853128982213
"20507",2020-12-12,"27","4  day ahead inc hosp",2020-12-16,"quantile",0.6,148.353338629858
"20508",2020-12-12,"27","4  day ahead inc hosp",2020-12-16,"quantile",0.65,150.937503737191
"20509",2020-12-12,"27","4  day ahead inc hosp",2020-12-16,"quantile",0.7,153.660824518491
"20510",2020-12-12,"27","4  day ahead inc hosp",2020-12-16,"quantile",0.75,156.599715828733
"20511",2020-12-12,"27","4  day ahead inc hosp",2020-12-16,"quantile",0.8,159.872310668875
"20512",2020-12-12,"27","4  day ahead inc hosp",2020-12-16,"quantile",0.85,163.686919642494
"20513",2020-12-12,"27","4  day ahead inc hosp",2020-12-16,"quantile",0.9,168.486568768805
"20514",2020-12-12,"27","4  day ahead inc hosp",2020-12-16,"quantile",0.95,175.600371791137
"20515",2020-12-12,"27","4  day ahead inc hosp",2020-12-16,"quantile",0.975,181.770535003261
"20516",2020-12-12,"27","4  day ahead inc hosp",2020-12-16,"quantile",0.99,188.944683177294
"20517",2020-12-12,"27","5  day ahead inc hosp",2020-12-17,"quantile",0.01,95.5815313861212
"20518",2020-12-12,"27","5  day ahead inc hosp",2020-12-17,"quantile",0.025,103.237114629509
"20519",2020-12-12,"27","5  day ahead inc hosp",2020-12-17,"quantile",0.05,109.821338561025
"20520",2020-12-12,"27","5  day ahead inc hosp",2020-12-17,"quantile",0.1,117.412527074756
"20521",2020-12-12,"27","5  day ahead inc hosp",2020-12-17,"quantile",0.15,122.534265925722
"20522",2020-12-12,"27","5  day ahead inc hosp",2020-12-17,"quantile",0.2,126.604861602044
"20523",2020-12-12,"27","5  day ahead inc hosp",2020-12-17,"quantile",0.25,130.097070239617
"20524",2020-12-12,"27","5  day ahead inc hosp",2020-12-17,"quantile",0.3,133.233181527403
"20525",2020-12-12,"27","5  day ahead inc hosp",2020-12-17,"quantile",0.35,136.139256009548
"20526",2020-12-12,"27","5  day ahead inc hosp",2020-12-17,"quantile",0.4,138.896836507461
"20527",2020-12-12,"27","5  day ahead inc hosp",2020-12-17,"quantile",0.45,141.564827552411
"20528",2020-12-12,"27","5  day ahead inc hosp",2020-12-17,"quantile",0.5,144.19051860732
"20529",2020-12-12,"27","5  day ahead inc hosp",2020-12-17,"quantile",0.55,146.81620966223
"20530",2020-12-12,"27","5  day ahead inc hosp",2020-12-17,"quantile",0.6,149.48420070718
"20531",2020-12-12,"27","5  day ahead inc hosp",2020-12-17,"quantile",0.65,152.241781205092
"20532",2020-12-12,"27","5  day ahead inc hosp",2020-12-17,"quantile",0.7,155.147855687238
"20533",2020-12-12,"27","5  day ahead inc hosp",2020-12-17,"quantile",0.75,158.283966975024
"20534",2020-12-12,"27","5  day ahead inc hosp",2020-12-17,"quantile",0.8,161.776175612596
"20535",2020-12-12,"27","5  day ahead inc hosp",2020-12-17,"quantile",0.85,165.846771288919
"20536",2020-12-12,"27","5  day ahead inc hosp",2020-12-17,"quantile",0.9,170.968510139885
"20537",2020-12-12,"27","5  day ahead inc hosp",2020-12-17,"quantile",0.95,178.559698653616
"20538",2020-12-12,"27","5  day ahead inc hosp",2020-12-17,"quantile",0.975,185.143922585132
"20539",2020-12-12,"27","5  day ahead inc hosp",2020-12-17,"quantile",0.99,192.799505828519
"20540",2020-12-12,"27","6  day ahead inc hosp",2020-12-18,"quantile",0.01,92.2926395005058
"20541",2020-12-12,"27","6  day ahead inc hosp",2020-12-18,"quantile",0.025,100.563744684638
"20542",2020-12-12,"27","6  day ahead inc hosp",2020-12-18,"quantile",0.05,107.677351442228
"20543",2020-12-12,"27","6  day ahead inc hosp",2020-12-18,"quantile",0.1,115.878884450687
"20544",2020-12-12,"27","6  day ahead inc hosp",2020-12-18,"quantile",0.15,121.412419834629
"20545",2020-12-12,"27","6  day ahead inc hosp",2020-12-18,"quantile",0.2,125.810298341145
"20546",2020-12-12,"27","6  day ahead inc hosp",2020-12-18,"quantile",0.25,129.583286505208
"20547",2020-12-12,"27","6  day ahead inc hosp",2020-12-18,"quantile",0.3,132.971546485638
"20548",2020-12-12,"27","6  day ahead inc hosp",2020-12-18,"quantile",0.35,136.111274309185
"20549",2020-12-12,"27","6  day ahead inc hosp",2020-12-18,"quantile",0.4,139.090568979079
"20550",2020-12-12,"27","6  day ahead inc hosp",2020-12-18,"quantile",0.45,141.973071051297
"20551",2020-12-12,"27","6  day ahead inc hosp",2020-12-18,"quantile",0.5,144.809872142181
"20552",2020-12-12,"27","6  day ahead inc hosp",2020-12-18,"quantile",0.55,147.646673233064
"20553",2020-12-12,"27","6  day ahead inc hosp",2020-12-18,"quantile",0.6,150.529175305282
"20554",2020-12-12,"27","6  day ahead inc hosp",2020-12-18,"quantile",0.65,153.508469975176
"20555",2020-12-12,"27","6  day ahead inc hosp",2020-12-18,"quantile",0.7,156.648197798723
"20556",2020-12-12,"27","6  day ahead inc hosp",2020-12-18,"quantile",0.75,160.036457779153
"20557",2020-12-12,"27","6  day ahead inc hosp",2020-12-18,"quantile",0.8,163.809445943216
"20558",2020-12-12,"27","6  day ahead inc hosp",2020-12-18,"quantile",0.85,168.207324449732
"20559",2020-12-12,"27","6  day ahead inc hosp",2020-12-18,"quantile",0.9,173.740859833674
"20560",2020-12-12,"27","6  day ahead inc hosp",2020-12-18,"quantile",0.95,181.942392842133
"20561",2020-12-12,"27","6  day ahead inc hosp",2020-12-18,"quantile",0.975,189.055999599723
"20562",2020-12-12,"27","6  day ahead inc hosp",2020-12-18,"quantile",0.99,197.327104783855
"20563",2020-12-12,"27","7  day ahead inc hosp",2020-12-19,"quantile",0.01,88.2963147942577
"20564",2020-12-12,"27","7  day ahead inc hosp",2020-12-19,"quantile",0.025,97.2725246613019
"20565",2020-12-12,"27","7  day ahead inc hosp",2020-12-19,"quantile",0.05,104.992560345317
"20566",2020-12-12,"27","7  day ahead inc hosp",2020-12-19,"quantile",0.1,113.893267067879
"20567",2020-12-12,"27","7  day ahead inc hosp",2020-12-19,"quantile",0.15,119.898531637391
"20568",2020-12-12,"27","7  day ahead inc hosp",2020-12-19,"quantile",0.2,124.671325546478
"20569",2020-12-12,"27","7  day ahead inc hosp",2020-12-19,"quantile",0.25,128.765957742848
"20570",2020-12-12,"27","7  day ahead inc hosp",2020-12-19,"quantile",0.3,132.443064005115
"20571",2020-12-12,"27","7  day ahead inc hosp",2020-12-19,"quantile",0.35,135.850450955486
"20572",2020-12-12,"27","7  day ahead inc hosp",2020-12-19,"quantile",0.4,139.083727962292
"20573",2020-12-12,"27","7  day ahead inc hosp",2020-12-19,"quantile",0.45,142.211960884787
"20574",2020-12-12,"27","7  day ahead inc hosp",2020-12-19,"quantile",0.5,145.290596856155
"20575",2020-12-12,"27","7  day ahead inc hosp",2020-12-19,"quantile",0.55,148.369232827522
"20576",2020-12-12,"27","7  day ahead inc hosp",2020-12-19,"quantile",0.6,151.497465750017
"20577",2020-12-12,"27","7  day ahead inc hosp",2020-12-19,"quantile",0.65,154.730742756823
"20578",2020-12-12,"27","7  day ahead inc hosp",2020-12-19,"quantile",0.7,158.138129707194
"20579",2020-12-12,"27","7  day ahead inc hosp",2020-12-19,"quantile",0.75,161.815235969462
"20580",2020-12-12,"27","7  day ahead inc hosp",2020-12-19,"quantile",0.8,165.909868165831
"20581",2020-12-12,"27","7  day ahead inc hosp",2020-12-19,"quantile",0.85,170.682662074918
"20582",2020-12-12,"27","7  day ahead inc hosp",2020-12-19,"quantile",0.9,176.68792664443
"20583",2020-12-12,"27","7  day ahead inc hosp",2020-12-19,"quantile",0.95,185.588633366992
"20584",2020-12-12,"27","7  day ahead inc hosp",2020-12-19,"quantile",0.975,193.308669051007
"20585",2020-12-12,"27","7  day ahead inc hosp",2020-12-19,"quantile",0.99,202.284878918051
"20586",2020-12-12,"27","8  day ahead inc hosp",2020-12-20,"quantile",0.01,78.9689560094321
"20587",2020-12-12,"27","8  day ahead inc hosp",2020-12-20,"quantile",0.025,88.7023346811374
"20588",2020-12-12,"27","8  day ahead inc hosp",2020-12-20,"quantile",0.05,97.0735773085499
"20589",2020-12-12,"27","8  day ahead inc hosp",2020-12-20,"quantile",0.1,106.725083931023
"20590",2020-12-12,"27","8  day ahead inc hosp",2020-12-20,"quantile",0.15,113.236909628575
"20591",2020-12-12,"27","8  day ahead inc hosp",2020-12-20,"quantile",0.2,118.412302263914
"20592",2020-12-12,"27","8  day ahead inc hosp",2020-12-20,"quantile",0.25,122.852328319336
"20593",2020-12-12,"27","8  day ahead inc hosp",2020-12-20,"quantile",0.3,126.83960894188
"20594",2020-12-12,"27","8  day ahead inc hosp",2020-12-20,"quantile",0.35,130.534418662267
"20595",2020-12-12,"27","8  day ahead inc hosp",2020-12-20,"quantile",0.4,134.040431770684
"20596",2020-12-12,"27","8  day ahead inc hosp",2020-12-20,"quantile",0.45,137.432540027837
"20597",2020-12-12,"27","8  day ahead inc hosp",2020-12-20,"quantile",0.5,140.770867690125
"20598",2020-12-12,"27","8  day ahead inc hosp",2020-12-20,"quantile",0.55,144.109195352412
"20599",2020-12-12,"27","8  day ahead inc hosp",2020-12-20,"quantile",0.6,147.501303609565
"20600",2020-12-12,"27","8  day ahead inc hosp",2020-12-20,"quantile",0.65,151.007316717982
"20601",2020-12-12,"27","8  day ahead inc hosp",2020-12-20,"quantile",0.7,154.702126438369
"20602",2020-12-12,"27","8  day ahead inc hosp",2020-12-20,"quantile",0.75,158.689407060913
"20603",2020-12-12,"27","8  day ahead inc hosp",2020-12-20,"quantile",0.8,163.129433116335
"20604",2020-12-12,"27","8  day ahead inc hosp",2020-12-20,"quantile",0.85,168.304825751674
"20605",2020-12-12,"27","8  day ahead inc hosp",2020-12-20,"quantile",0.9,174.816651449226
"20606",2020-12-12,"27","8  day ahead inc hosp",2020-12-20,"quantile",0.95,184.468158071699
"20607",2020-12-12,"27","8  day ahead inc hosp",2020-12-20,"quantile",0.975,192.839400699112
"20608",2020-12-12,"27","8  day ahead inc hosp",2020-12-20,"quantile",0.99,202.572779370817
"20609",2020-12-12,"27","9  day ahead inc hosp",2020-12-21,"quantile",0.01,74.295216272271
"20610",2020-12-12,"27","9  day ahead inc hosp",2020-12-21,"quantile",0.025,84.8102884510934
"20611",2020-12-12,"27","9  day ahead inc hosp",2020-12-21,"quantile",0.05,93.8538306189904
"20612",2020-12-12,"27","9  day ahead inc hosp",2020-12-21,"quantile",0.1,104.280455554965
"20613",2020-12-12,"27","9  day ahead inc hosp",2020-12-21,"quantile",0.15,111.315249898754
"20614",2020-12-12,"27","9  day ahead inc hosp",2020-12-21,"quantile",0.2,116.906281435679
"20615",2020-12-12,"27","9  day ahead inc hosp",2020-12-21,"quantile",0.25,121.702888659472
"20616",2020-12-12,"27","9  day ahead inc hosp",2020-12-21,"quantile",0.3,126.010390191817
"20617",2020-12-12,"27","9  day ahead inc hosp",2020-12-21,"quantile",0.35,130.001932307591
"20618",2020-12-12,"27","9  day ahead inc hosp",2020-12-21,"quantile",0.4,133.789515441706
"20619",2020-12-12,"27","9  day ahead inc hosp",2020-12-21,"quantile",0.45,137.454045957305
"20620",2020-12-12,"27","9  day ahead inc hosp",2020-12-21,"quantile",0.5,141.060476726052
"20621",2020-12-12,"27","9  day ahead inc hosp",2020-12-21,"quantile",0.55,144.6669074948
"20622",2020-12-12,"27","9  day ahead inc hosp",2020-12-21,"quantile",0.6,148.331438010399
"20623",2020-12-12,"27","9  day ahead inc hosp",2020-12-21,"quantile",0.65,152.119021144514
"20624",2020-12-12,"27","9  day ahead inc hosp",2020-12-21,"quantile",0.7,156.110563260288
"20625",2020-12-12,"27","9  day ahead inc hosp",2020-12-21,"quantile",0.75,160.418064792633
"20626",2020-12-12,"27","9  day ahead inc hosp",2020-12-21,"quantile",0.8,165.214672016426
"20627",2020-12-12,"27","9  day ahead inc hosp",2020-12-21,"quantile",0.85,170.805703553351
"20628",2020-12-12,"27","9  day ahead inc hosp",2020-12-21,"quantile",0.9,177.84049789714
"20629",2020-12-12,"27","9  day ahead inc hosp",2020-12-21,"quantile",0.95,188.267122833114
"20630",2020-12-12,"27","9  day ahead inc hosp",2020-12-21,"quantile",0.975,197.310665001011
"20631",2020-12-12,"27","9  day ahead inc hosp",2020-12-21,"quantile",0.99,207.825737179834
"20632",2020-12-12,"27","10  day ahead inc hosp",2020-12-22,"quantile",0.01,69.5197817478211
"20633",2020-12-12,"27","10  day ahead inc hosp",2020-12-22,"quantile",0.025,80.8223545378301
"20634",2020-12-12,"27","10  day ahead inc hosp",2020-12-22,"quantile",0.05,90.543190676077
"20635",2020-12-12,"27","10  day ahead inc hosp",2020-12-22,"quantile",0.1,101.750692183325
"20636",2020-12-12,"27","10  day ahead inc hosp",2020-12-22,"quantile",0.15,109.312340242532
"20637",2020-12-12,"27","10  day ahead inc hosp",2020-12-22,"quantile",0.2,115.322098410869
"20638",2020-12-12,"27","10  day ahead inc hosp",2020-12-22,"quantile",0.25,120.477935800288
"20639",2020-12-12,"27","10  day ahead inc hosp",2020-12-22,"quantile",0.3,125.108037123839
"20640",2020-12-12,"27","10  day ahead inc hosp",2020-12-22,"quantile",0.35,129.398516023146
"20641",2020-12-12,"27","10  day ahead inc hosp",2020-12-22,"quantile",0.4,133.469760931741
"20642",2020-12-12,"27","10  day ahead inc hosp",2020-12-22,"quantile",0.45,137.40873749694
"20643",2020-12-12,"27","10  day ahead inc hosp",2020-12-22,"quantile",0.5,141.285263076859
"20644",2020-12-12,"27","10  day ahead inc hosp",2020-12-22,"quantile",0.55,145.161788656779
"20645",2020-12-12,"27","10  day ahead inc hosp",2020-12-22,"quantile",0.6,149.100765221978
"20646",2020-12-12,"27","10  day ahead inc hosp",2020-12-22,"quantile",0.65,153.172010130573
"20647",2020-12-12,"27","10  day ahead inc hosp",2020-12-22,"quantile",0.7,157.46248902988
"20648",2020-12-12,"27","10  day ahead inc hosp",2020-12-22,"quantile",0.75,162.092590353431
"20649",2020-12-12,"27","10  day ahead inc hosp",2020-12-22,"quantile",0.8,167.24842774285
"20650",2020-12-12,"27","10  day ahead inc hosp",2020-12-22,"quantile",0.85,173.258185911186
"20651",2020-12-12,"27","10  day ahead inc hosp",2020-12-22,"quantile",0.9,180.819833970394
"20652",2020-12-12,"27","10  day ahead inc hosp",2020-12-22,"quantile",0.95,192.027335477642
"20653",2020-12-12,"27","10  day ahead inc hosp",2020-12-22,"quantile",0.975,201.748171615889
"20654",2020-12-12,"27","10  day ahead inc hosp",2020-12-22,"quantile",0.99,213.050744405898
"20655",2020-12-12,"27","11  day ahead inc hosp",2020-12-23,"quantile",0.01,64.7338631210355
"20656",2020-12-12,"27","11  day ahead inc hosp",2020-12-23,"quantile",0.025,76.8176636585649
"20657",2020-12-12,"27","11  day ahead inc hosp",2020-12-23,"quantile",0.05,87.2103987583484
"20658",2020-12-12,"27","11  day ahead inc hosp",2020-12-23,"quantile",0.1,99.1925567372255
"20659",2020-12-12,"27","11  day ahead inc hosp",2020-12-23,"quantile",0.15,107.276861840151
"20660",2020-12-12,"27","11  day ahead inc hosp",2020-12-23,"quantile",0.2,113.70201125827
"20661",2020-12-12,"27","11  day ahead inc hosp",2020-12-23,"quantile",0.25,119.214217352863
"20662",2020-12-12,"27","11  day ahead inc hosp",2020-12-23,"quantile",0.3,124.164348787699
"20663",2020-12-12,"27","11  day ahead inc hosp",2020-12-23,"quantile",0.35,128.751383279132
"20664",2020-12-12,"27","11  day ahead inc hosp",2020-12-23,"quantile",0.4,133.10403044442
"20665",2020-12-12,"27","11  day ahead inc hosp",2020-12-23,"quantile",0.45,137.315266949612
"20666",2020-12-12,"27","11  day ahead inc hosp",2020-12-23,"quantile",0.5,141.459735891036
"20667",2020-12-12,"27","11  day ahead inc hosp",2020-12-23,"quantile",0.55,145.604204832459
"20668",2020-12-12,"27","11  day ahead inc hosp",2020-12-23,"quantile",0.6,149.815441337651
"20669",2020-12-12,"27","11  day ahead inc hosp",2020-12-23,"quantile",0.65,154.16808850294
"20670",2020-12-12,"27","11  day ahead inc hosp",2020-12-23,"quantile",0.7,158.755122994372
"20671",2020-12-12,"27","11  day ahead inc hosp",2020-12-23,"quantile",0.75,163.705254429208
"20672",2020-12-12,"27","11  day ahead inc hosp",2020-12-23,"quantile",0.8,169.217460523801
"20673",2020-12-12,"27","11  day ahead inc hosp",2020-12-23,"quantile",0.85,175.64260994192
"20674",2020-12-12,"27","11  day ahead inc hosp",2020-12-23,"quantile",0.9,183.726915044846
"20675",2020-12-12,"27","11  day ahead inc hosp",2020-12-23,"quantile",0.95,195.709073023723
"20676",2020-12-12,"27","11  day ahead inc hosp",2020-12-23,"quantile",0.975,206.101808123506
"20677",2020-12-12,"27","11  day ahead inc hosp",2020-12-23,"quantile",0.99,218.185608661036
"20678",2020-12-12,"27","12  day ahead inc hosp",2020-12-24,"quantile",0.01,59.995947246095
"20679",2020-12-12,"27","12  day ahead inc hosp",2020-12-24,"quantile",0.025,72.8472650113302
"20680",2020-12-12,"27","12  day ahead inc hosp",2020-12-24,"quantile",0.05,83.9001072692294
"20681",2020-12-12,"27","12  day ahead inc hosp",2020-12-24,"quantile",0.1,96.6433265255845
"20682",2020-12-12,"27","12  day ahead inc hosp",2020-12-24,"quantile",0.15,105.241116059278
"20683",2020-12-12,"27","12  day ahead inc hosp",2020-12-24,"quantile",0.2,112.074366625183
"20684",2020-12-12,"27","12  day ahead inc hosp",2020-12-24,"quantile",0.25,117.936687166562
"20685",2020-12-12,"27","12  day ahead inc hosp",2020-12-24,"quantile",0.3,123.201232195354
"20686",2020-12-12,"27","12  day ahead inc hosp",2020-12-24,"quantile",0.35,128.079617738578
"20687",2020-12-12,"27","12  day ahead inc hosp",2020-12-24,"quantile",0.4,132.708728560736
"20688",2020-12-12,"27","12  day ahead inc hosp",2020-12-24,"quantile",0.45,137.187446853437
"20689",2020-12-12,"27","12  day ahead inc hosp",2020-12-24,"quantile",0.5,141.595156759684
"20690",2020-12-12,"27","12  day ahead inc hosp",2020-12-24,"quantile",0.55,146.002866665931
"20691",2020-12-12,"27","12  day ahead inc hosp",2020-12-24,"quantile",0.6,150.481584958632
"20692",2020-12-12,"27","12  day ahead inc hosp",2020-12-24,"quantile",0.65,155.110695780789
"20693",2020-12-12,"27","12  day ahead inc hosp",2020-12-24,"quantile",0.7,159.989081324014
"20694",2020-12-12,"27","12  day ahead inc hosp",2020-12-24,"quantile",0.75,165.253626352805
"20695",2020-12-12,"27","12  day ahead inc hosp",2020-12-24,"quantile",0.8,171.115946894184
"20696",2020-12-12,"27","12  day ahead inc hosp",2020-12-24,"quantile",0.85,177.949197460089
"20697",2020-12-12,"27","12  day ahead inc hosp",2020-12-24,"quantile",0.9,186.546986993783
"20698",2020-12-12,"27","12  day ahead inc hosp",2020-12-24,"quantile",0.95,199.290206250138
"20699",2020-12-12,"27","12  day ahead inc hosp",2020-12-24,"quantile",0.975,210.343048508037
"20700",2020-12-12,"27","12  day ahead inc hosp",2020-12-24,"quantile",0.99,223.194366273272
"20701",2020-12-12,"27","13  day ahead inc hosp",2020-12-25,"quantile",0.01,55.3421439935598
"20702",2020-12-12,"27","13  day ahead inc hosp",2020-12-25,"quantile",0.025,68.9429580454294
"20703",2020-12-12,"27","13  day ahead inc hosp",2020-12-25,"quantile",0.05,80.6404084579461
"20704",2020-12-12,"27","13  day ahead inc hosp",2020-12-25,"quantile",0.1,94.1268196333621
"20705",2020-12-12,"27","13  day ahead inc hosp",2020-12-25,"quantile",0.15,103.226037226535
"20706",2020-12-12,"27","13  day ahead inc hosp",2020-12-25,"quantile",0.2,110.45780691852
"20707",2020-12-12,"27","13  day ahead inc hosp",2020-12-25,"quantile",0.25,116.662021385261
"20708",2020-12-12,"27","13  day ahead inc hosp",2020-12-25,"quantile",0.3,122.233597725703
"20709",2020-12-12,"27","13  day ahead inc hosp",2020-12-25,"quantile",0.35,127.396493535984
"20710",2020-12-12,"27","13  day ahead inc hosp",2020-12-25,"quantile",0.4,132.295576779259
"20711",2020-12-12,"27","13  day ahead inc hosp",2020-12-25,"quantile",0.45,137.035496513756
"20712",2020-12-12,"27","13  day ahead inc hosp",2020-12-25,"quantile",0.5,141.700266611623
"20713",2020-12-12,"27","13  day ahead inc hosp",2020-12-25,"quantile",0.55,146.365036709489
"20714",2020-12-12,"27","13  day ahead inc hosp",2020-12-25,"quantile",0.6,151.104956443986
"20715",2020-12-12,"27","13  day ahead inc hosp",2020-12-25,"quantile",0.65,156.004039687261
"20716",2020-12-12,"27","13  day ahead inc hosp",2020-12-25,"quantile",0.7,161.166935497542
"20717",2020-12-12,"27","13  day ahead inc hosp",2020-12-25,"quantile",0.75,166.738511837984
"20718",2020-12-12,"27","13  day ahead inc hosp",2020-12-25,"quantile",0.8,172.942726304725
"20719",2020-12-12,"27","13  day ahead inc hosp",2020-12-25,"quantile",0.85,180.174495996711
"20720",2020-12-12,"27","13  day ahead inc hosp",2020-12-25,"quantile",0.9,189.273713589883
"20721",2020-12-12,"27","13  day ahead inc hosp",2020-12-25,"quantile",0.95,202.760124765299
"20722",2020-12-12,"27","13  day ahead inc hosp",2020-12-25,"quantile",0.975,214.457575177816
"20723",2020-12-12,"27","13  day ahead inc hosp",2020-12-25,"quantile",0.99,228.058389229685
"20724",2020-12-12,"27","14  day ahead inc hosp",2020-12-26,"quantile",0.01,50.7935281056142
"20725",2020-12-12,"27","14  day ahead inc hosp",2020-12-26,"quantile",0.025,65.1235668815884
"20726",2020-12-12,"27","14  day ahead inc hosp",2020-12-26,"quantile",0.05,77.4481907866081
"20727",2020-12-12,"27","14  day ahead inc hosp",2020-12-26,"quantile",0.1,91.6576928322504
"20728",2020-12-12,"27","14  day ahead inc hosp",2020-12-26,"quantile",0.15,101.244776402683
"20729",2020-12-12,"27","14  day ahead inc hosp",2020-12-26,"quantile",0.2,108.864286507729
"20730",2020-12-12,"27","14  day ahead inc hosp",2020-12-26,"quantile",0.25,115.401147723814
"20731",2020-12-12,"27","14  day ahead inc hosp",2020-12-26,"quantile",0.3,121.271451126048
"20732",2020-12-12,"27","14  day ahead inc hosp",2020-12-26,"quantile",0.35,126.71116207831
"20733",2020-12-12,"27","14  day ahead inc hosp",2020-12-26,"quantile",0.4,131.872915821514
"20734",2020-12-12,"27","14  day ahead inc hosp",2020-12-26,"quantile",0.45,136.866972304553
"20735",2020-12-12,"27","14  day ahead inc hosp",2020-12-26,"quantile",0.5,141.781849908827
"20736",2020-12-12,"27","14  day ahead inc hosp",2020-12-26,"quantile",0.55,146.696727513101
"20737",2020-12-12,"27","14  day ahead inc hosp",2020-12-26,"quantile",0.6,151.69078399614
"20738",2020-12-12,"27","14  day ahead inc hosp",2020-12-26,"quantile",0.65,156.852537739344
"20739",2020-12-12,"27","14  day ahead inc hosp",2020-12-26,"quantile",0.7,162.292248691607
"20740",2020-12-12,"27","14  day ahead inc hosp",2020-12-26,"quantile",0.75,168.16255209384
"20741",2020-12-12,"27","14  day ahead inc hosp",2020-12-26,"quantile",0.8,174.699413309925
"20742",2020-12-12,"27","14  day ahead inc hosp",2020-12-26,"quantile",0.85,182.318923414971
"20743",2020-12-12,"27","14  day ahead inc hosp",2020-12-26,"quantile",0.9,191.906006985404
"20744",2020-12-12,"27","14  day ahead inc hosp",2020-12-26,"quantile",0.95,206.115509031046
"20745",2020-12-12,"27","14  day ahead inc hosp",2020-12-26,"quantile",0.975,218.440132936066
"20746",2020-12-12,"27","14  day ahead inc hosp",2020-12-26,"quantile",0.99,232.77017171204
"20747",2020-12-12,"27","15  day ahead inc hosp",2020-12-27,"quantile",0.01,44.852661424572
"20748",2020-12-12,"27","15  day ahead inc hosp",2020-12-27,"quantile",0.025,59.8907356910768
"20749",2020-12-12,"27","15  day ahead inc hosp",2020-12-27,"quantile",0.05,72.824309178761
"20750",2020-12-12,"27","15  day ahead inc hosp",2020-12-27,"quantile",0.1,87.735891093716
"20751",2020-12-12,"27","15  day ahead inc hosp",2020-12-27,"quantile",0.15,97.7966646188423
"20752",2020-12-12,"27","15  day ahead inc hosp",2020-12-27,"quantile",0.2,105.792648483602
"20753",2020-12-12,"27","15  day ahead inc hosp",2020-12-27,"quantile",0.25,112.652490663661
"20754",2020-12-12,"27","15  day ahead inc hosp",2020-12-27,"quantile",0.3,118.812840953691
"20755",2020-12-12,"27","15  day ahead inc hosp",2020-12-27,"quantile",0.35,124.521323573124
"20756",2020-12-12,"27","15  day ahead inc hosp",2020-12-27,"quantile",0.4,129.938115345233
"20757",2020-12-12,"27","15  day ahead inc hosp",2020-12-27,"quantile",0.45,135.178924072769
"20758",2020-12-12,"27","15  day ahead inc hosp",2020-12-27,"quantile",0.5,140.336641757928
"20759",2020-12-12,"27","15  day ahead inc hosp",2020-12-27,"quantile",0.55,145.494359443088
"20760",2020-12-12,"27","15  day ahead inc hosp",2020-12-27,"quantile",0.6,150.735168170624
"20761",2020-12-12,"27","15  day ahead inc hosp",2020-12-27,"quantile",0.65,156.151959942733
"20762",2020-12-12,"27","15  day ahead inc hosp",2020-12-27,"quantile",0.7,161.860442562166
"20763",2020-12-12,"27","15  day ahead inc hosp",2020-12-27,"quantile",0.75,168.020792852195
"20764",2020-12-12,"27","15  day ahead inc hosp",2020-12-27,"quantile",0.8,174.880635032255
"20765",2020-12-12,"27","15  day ahead inc hosp",2020-12-27,"quantile",0.85,182.876618897014
"20766",2020-12-12,"27","15  day ahead inc hosp",2020-12-27,"quantile",0.9,192.937392422141
"20767",2020-12-12,"27","15  day ahead inc hosp",2020-12-27,"quantile",0.95,207.848974337096
"20768",2020-12-12,"27","15  day ahead inc hosp",2020-12-27,"quantile",0.975,220.78254782478
"20769",2020-12-12,"27","15  day ahead inc hosp",2020-12-27,"quantile",0.99,235.820622091285
"20770",2020-12-12,"27","16  day ahead inc hosp",2020-12-28,"quantile",0.01,40.5411476563416
"20771",2020-12-12,"27","16  day ahead inc hosp",2020-12-28,"quantile",0.025,56.2659965432451
"20772",2020-12-12,"27","16  day ahead inc hosp",2020-12-28,"quantile",0.05,69.7902340923634
"20773",2020-12-12,"27","16  day ahead inc hosp",2020-12-28,"quantile",0.1,85.3828138417285
"20774",2020-12-12,"27","16  day ahead inc hosp",2020-12-28,"quantile",0.15,95.9030533726867
"20775",2020-12-12,"27","16  day ahead inc hosp",2020-12-28,"quantile",0.2,104.264206253512
"20776",2020-12-12,"27","16  day ahead inc hosp",2020-12-28,"quantile",0.25,111.437330934092
"20777",2020-12-12,"27","16  day ahead inc hosp",2020-12-28,"quantile",0.3,117.87901859199
"20778",2020-12-12,"27","16  day ahead inc hosp",2020-12-28,"quantile",0.35,123.848202210403
"20779",2020-12-12,"27","16  day ahead inc hosp",2020-12-28,"quantile",0.4,129.512373736538
"20780",2020-12-12,"27","16  day ahead inc hosp",2020-12-28,"quantile",0.45,134.992525238997
"20781",2020-12-12,"27","16  day ahead inc hosp",2020-12-28,"quantile",0.5,140.385791009807
"20782",2020-12-12,"27","16  day ahead inc hosp",2020-12-28,"quantile",0.55,145.779056780617
"20783",2020-12-12,"27","16  day ahead inc hosp",2020-12-28,"quantile",0.6,151.259208283075
"20784",2020-12-12,"27","16  day ahead inc hosp",2020-12-28,"quantile",0.65,156.92337980921
"20785",2020-12-12,"27","16  day ahead inc hosp",2020-12-28,"quantile",0.7,162.892563427623
"20786",2020-12-12,"27","16  day ahead inc hosp",2020-12-28,"quantile",0.75,169.334251085522
"20787",2020-12-12,"27","16  day ahead inc hosp",2020-12-28,"quantile",0.8,176.507375766101
"20788",2020-12-12,"27","16  day ahead inc hosp",2020-12-28,"quantile",0.85,184.868528646927
"20789",2020-12-12,"27","16  day ahead inc hosp",2020-12-28,"quantile",0.9,195.388768177885
"20790",2020-12-12,"27","16  day ahead inc hosp",2020-12-28,"quantile",0.95,210.98134792725
"20791",2020-12-12,"27","16  day ahead inc hosp",2020-12-28,"quantile",0.975,224.505585476368
"20792",2020-12-12,"27","16  day ahead inc hosp",2020-12-28,"quantile",0.99,240.230434363272
"20793",2020-12-12,"27","17  day ahead inc hosp",2020-12-29,"quantile",0.01,36.3507647306971
"20794",2020-12-12,"27","17  day ahead inc hosp",2020-12-29,"quantile",0.025,52.7415783772908
"20795",2020-12-12,"27","17  day ahead inc hosp",2020-12-29,"quantile",0.05,66.8385823595985
"20796",2020-12-12,"27","17  day ahead inc hosp",2020-12-29,"quantile",0.1,83.0915251242409
"20797",2020-12-12,"27","17  day ahead inc hosp",2020-12-29,"quantile",0.15,94.0573084465264
"20798",2020-12-12,"27","17  day ahead inc hosp",2020-12-29,"quantile",0.2,102.772565408673
"20799",2020-12-12,"27","17  day ahead inc hosp",2020-12-29,"quantile",0.25,110.249479861001
"20800",2020-12-12,"27","17  day ahead inc hosp",2020-12-29,"quantile",0.3,116.963980122947
"20801",2020-12-12,"27","17  day ahead inc hosp",2020-12-29,"quantile",0.35,123.185965276216
"20802",2020-12-12,"27","17  day ahead inc hosp",2020-12-29,"quantile",0.4,129.090020737413
"20803",2020-12-12,"27","17  day ahead inc hosp",2020-12-29,"quantile",0.45,134.802262723198
"20804",2020-12-12,"27","17  day ahead inc hosp",2020-12-29,"quantile",0.5,140.423939270406
"20805",2020-12-12,"27","17  day ahead inc hosp",2020-12-29,"quantile",0.55,146.045615817615
"20806",2020-12-12,"27","17  day ahead inc hosp",2020-12-29,"quantile",0.6,151.7578578034
"20807",2020-12-12,"27","17  day ahead inc hosp",2020-12-29,"quantile",0.65,157.661913264597
"20808",2020-12-12,"27","17  day ahead inc hosp",2020-12-29,"quantile",0.7,163.883898417866
"20809",2020-12-12,"27","17  day ahead inc hosp",2020-12-29,"quantile",0.75,170.598398679812
"20810",2020-12-12,"27","17  day ahead inc hosp",2020-12-29,"quantile",0.8,178.075313132139
"20811",2020-12-12,"27","17  day ahead inc hosp",2020-12-29,"quantile",0.85,186.790570094286
"20812",2020-12-12,"27","17  day ahead inc hosp",2020-12-29,"quantile",0.9,197.756353416572
"20813",2020-12-12,"27","17  day ahead inc hosp",2020-12-29,"quantile",0.95,214.009296181214
"20814",2020-12-12,"27","17  day ahead inc hosp",2020-12-29,"quantile",0.975,228.106300163522
"20815",2020-12-12,"27","17  day ahead inc hosp",2020-12-29,"quantile",0.99,244.497113810116
"20816",2020-12-12,"27","18  day ahead inc hosp",2020-12-30,"quantile",0.01,32.2791483549399
"20817",2020-12-12,"27","18  day ahead inc hosp",2020-12-30,"quantile",0.025,49.3158770610225
"20818",2020-12-12,"27","18  day ahead inc hosp",2020-12-30,"quantile",0.05,63.9684036282471
"20819",2020-12-12,"27","18  day ahead inc hosp",2020-12-30,"quantile",0.1,80.8618283554719
"20820",2020-12-12,"27","18  day ahead inc hosp",2020-12-30,"quantile",0.15,92.2597418172168
"20821",2020-12-12,"27","18  day ahead inc hosp",2020-12-30,"quantile",0.2,101.318442115402
"20822",2020-12-12,"27","18  day ahead inc hosp",2020-12-30,"quantile",0.25,109.090000369276
"20823",2020-12-12,"27","18  day ahead inc hosp",2020-12-30,"quantile",0.3,116.06909987136
"20824",2020-12-12,"27","18  day ahead inc hosp",2020-12-30,"quantile",0.35,122.536275653786
"20825",2020-12-12,"27","18  day ahead inc hosp",2020-12-30,"quantile",0.4,128.67299304481
"20826",2020-12-12,"27","18  day ahead inc hosp",2020-12-30,"quantile",0.45,134.610338140277
"20827",2020-12-12,"27","18  day ahead inc hosp",2020-12-30,"quantile",0.5,140.453548872408
"20828",2020-12-12,"27","18  day ahead inc hosp",2020-12-30,"quantile",0.55,146.296759604539
"20829",2020-12-12,"27","18  day ahead inc hosp",2020-12-30,"quantile",0.6,152.234104700006
"20830",2020-12-12,"27","18  day ahead inc hosp",2020-12-30,"quantile",0.65,158.37082209103
"20831",2020-12-12,"27","18  day ahead inc hosp",2020-12-30,"quantile",0.7,164.837997873456
"20832",2020-12-12,"27","18  day ahead inc hosp",2020-12-30,"quantile",0.75,171.81709737554
"20833",2020-12-12,"27","18  day ahead inc hosp",2020-12-30,"quantile",0.8,179.588655629414
"20834",2020-12-12,"27","18  day ahead inc hosp",2020-12-30,"quantile",0.85,188.647355927599
"20835",2020-12-12,"27","18  day ahead inc hosp",2020-12-30,"quantile",0.9,200.045269389344
"20836",2020-12-12,"27","18  day ahead inc hosp",2020-12-30,"quantile",0.95,216.938694116569
"20837",2020-12-12,"27","18  day ahead inc hosp",2020-12-30,"quantile",0.975,231.591220683793
"20838",2020-12-12,"27","18  day ahead inc hosp",2020-12-30,"quantile",0.99,248.627949389876
"20839",2020-12-12,"27","19  day ahead inc hosp",2020-12-31,"quantile",0.01,28.3223093127004
"20840",2020-12-12,"27","19  day ahead inc hosp",2020-12-31,"quantile",0.025,45.9858326522251
"20841",2020-12-12,"27","19  day ahead inc hosp",2020-12-31,"quantile",0.05,61.1774371831333
"20842",2020-12-12,"27","19  day ahead inc hosp",2020-12-31,"quantile",0.1,78.692384277836
"20843",2020-12-12,"27","19  day ahead inc hosp",2020-12-31,"quantile",0.15,90.5096359302342
"20844",2020-12-12,"27","19  day ahead inc hosp",2020-12-31,"quantile",0.2,99.9016129290594
"20845",2020-12-12,"27","19  day ahead inc hosp",2020-12-31,"quantile",0.25,107.959092916562
"20846",2020-12-12,"27","19  day ahead inc hosp",2020-12-31,"quantile",0.3,115.194958972228
"20847",2020-12-12,"27","19  day ahead inc hosp",2020-12-31,"quantile",0.35,121.900067232413
"20848",2020-12-12,"27","19  day ahead inc hosp",2020-12-31,"quantile",0.4,128.262559277363
"20849",2020-12-12,"27","19  day ahead inc hosp",2020-12-31,"quantile",0.45,134.418343963372
"20850",2020-12-12,"27","19  day ahead inc hosp",2020-12-31,"quantile",0.5,140.476531008864
"20851",2020-12-12,"27","19  day ahead inc hosp",2020-12-31,"quantile",0.55,146.534718054357
"20852",2020-12-12,"27","19  day ahead inc hosp",2020-12-31,"quantile",0.6,152.690502740366
"20853",2020-12-12,"27","19  day ahead inc hosp",2020-12-31,"quantile",0.65,159.052994785315
"20854",2020-12-12,"27","19  day ahead inc hosp",2020-12-31,"quantile",0.7,165.758103045501
"20855",2020-12-12,"27","19  day ahead inc hosp",2020-12-31,"quantile",0.75,172.993969101166
"20856",2020-12-12,"27","19  day ahead inc hosp",2020-12-31,"quantile",0.8,181.051449088669
"20857",2020-12-12,"27","19  day ahead inc hosp",2020-12-31,"quantile",0.85,190.443426087495
"20858",2020-12-12,"27","19  day ahead inc hosp",2020-12-31,"quantile",0.9,202.260677739893
"20859",2020-12-12,"27","19  day ahead inc hosp",2020-12-31,"quantile",0.95,219.775624834595
"20860",2020-12-12,"27","19  day ahead inc hosp",2020-12-31,"quantile",0.975,234.967229365504
"20861",2020-12-12,"27","19  day ahead inc hosp",2020-12-31,"quantile",0.99,252.630752705028
"20862",2020-12-12,"27","20  day ahead inc hosp",2021-01-01,"quantile",0.01,24.4753346889272
"20863",2020-12-12,"27","20  day ahead inc hosp",2021-01-01,"quantile",0.025,42.7475396139613
"20864",2020-12-12,"27","20  day ahead inc hosp",2021-01-01,"quantile",0.05,58.4626438880725
"20865",2020-12-12,"27","20  day ahead inc hosp",2021-01-01,"quantile",0.1,76.5811526597291
"20866",2020-12-12,"27","20  day ahead inc hosp",2021-01-01,"quantile",0.15,88.8056245101524
"20867",2020-12-12,"27","20  day ahead inc hosp",2021-01-01,"quantile",0.2,98.5212472132251
"20868",2020-12-12,"27","20  day ahead inc hosp",2021-01-01,"quantile",0.25,106.856386397012
"20869",2020-12-12,"27","20  day ahead inc hosp",2021-01-01,"quantile",0.3,114.34159899236
"20870",2020-12-12,"27","20  day ahead inc hosp",2021-01-01,"quantile",0.35,121.277763981623
"20871",2020-12-12,"27","20  day ahead inc hosp",2021-01-01,"quantile",0.4,127.859506267381
"20872",2020-12-12,"27","20  day ahead inc hosp",2021-01-01,"quantile",0.45,134.227418098734
"20873",2020-12-12,"27","20  day ahead inc hosp",2021-01-01,"quantile",0.5,140.494369093824
"20874",2020-12-12,"27","20  day ahead inc hosp",2021-01-01,"quantile",0.55,146.761320088913
"20875",2020-12-12,"27","20  day ahead inc hosp",2021-01-01,"quantile",0.6,153.129231920266
"20876",2020-12-12,"27","20  day ahead inc hosp",2021-01-01,"quantile",0.65,159.710974206024
"20877",2020-12-12,"27","20  day ahead inc hosp",2021-01-01,"quantile",0.7,166.647139195287
"20878",2020-12-12,"27","20  day ahead inc hosp",2021-01-01,"quantile",0.75,174.132351790635
"20879",2020-12-12,"27","20  day ahead inc hosp",2021-01-01,"quantile",0.8,182.467490974422
"20880",2020-12-12,"27","20  day ahead inc hosp",2021-01-01,"quantile",0.85,192.183113677495
"20881",2020-12-12,"27","20  day ahead inc hosp",2021-01-01,"quantile",0.9,204.407585527918
"20882",2020-12-12,"27","20  day ahead inc hosp",2021-01-01,"quantile",0.95,222.526094299575
"20883",2020-12-12,"27","20  day ahead inc hosp",2021-01-01,"quantile",0.975,238.241198573686
"20884",2020-12-12,"27","20  day ahead inc hosp",2021-01-01,"quantile",0.99,256.51340349872
"20885",2020-12-12,"27","21  day ahead inc hosp",2021-01-02,"quantile",0.01,20.7328537798089
"20886",2020-12-12,"27","21  day ahead inc hosp",2021-01-02,"quantile",0.025,39.5966544266821
"20887",2020-12-12,"27","21  day ahead inc hosp",2021-01-02,"quantile",0.05,55.8205636586495
"20888",2020-12-12,"27","21  day ahead inc hosp",2021-01-02,"quantile",0.1,74.525691960866
"20889",2020-12-12,"27","21  day ahead inc hosp",2021-01-02,"quantile",0.15,87.1459532235756
"20890",2020-12-12,"27","21  day ahead inc hosp",2021-01-02,"quantile",0.2,97.1761368047538
"20891",2020-12-12,"27","21  day ahead inc hosp",2021-01-02,"quantile",0.25,105.781141212924
"20892",2020-12-12,"27","21  day ahead inc hosp",2021-01-02,"quantile",0.3,113.508701120302
"20893",2020-12-12,"27","21  day ahead inc hosp",2021-01-02,"quantile",0.35,120.669437011132
"20894",2020-12-12,"27","21  day ahead inc hosp",2021-01-02,"quantile",0.4,127.46427512164
"20895",2020-12-12,"27","21  day ahead inc hosp",2021-01-02,"quantile",0.45,134.038359629577
"20896",2020-12-12,"27","21  day ahead inc hosp",2021-01-02,"quantile",0.5,140.508214511355
"20897",2020-12-12,"27","21  day ahead inc hosp",2021-01-02,"quantile",0.55,146.978069393134
"20898",2020-12-12,"27","21  day ahead inc hosp",2021-01-02,"quantile",0.6,153.552153901071
"20899",2020-12-12,"27","21  day ahead inc hosp",2021-01-02,"quantile",0.65,160.346992011579
"20900",2020-12-12,"27","21  day ahead inc hosp",2021-01-02,"quantile",0.7,167.507727902408
"20901",2020-12-12,"27","21  day ahead inc hosp",2021-01-02,"quantile",0.75,175.235287809787
"20902",2020-12-12,"27","21  day ahead inc hosp",2021-01-02,"quantile",0.8,183.840292217957
"20903",2020-12-12,"27","21  day ahead inc hosp",2021-01-02,"quantile",0.85,193.870475799135
"20904",2020-12-12,"27","21  day ahead inc hosp",2021-01-02,"quantile",0.9,206.490737061844
"20905",2020-12-12,"27","21  day ahead inc hosp",2021-01-02,"quantile",0.95,225.195865364061
"20906",2020-12-12,"27","21  day ahead inc hosp",2021-01-02,"quantile",0.975,241.419774596028
"20907",2020-12-12,"27","21  day ahead inc hosp",2021-01-02,"quantile",0.99,260.283575242902
"20908",2020-12-12,"27","22  day ahead inc hosp",2021-01-03,"quantile",0.01,16.4648031909074
"20909",2020-12-12,"27","22  day ahead inc hosp",2021-01-03,"quantile",0.025,35.9041241984694
"20910",2020-12-12,"27","22  day ahead inc hosp",2021-01-03,"quantile",0.05,52.6230126908602
"20911",2020-12-12,"27","22  day ahead inc hosp",2021-01-03,"quantile",0.1,71.8988203799479
"20912",2020-12-12,"27","22  day ahead inc hosp",2021-01-03,"quantile",0.15,84.9041163156731
"20913",2020-12-12,"27","22  day ahead inc hosp",2021-01-03,"quantile",0.2,95.2403132491166
"20914",2020-12-12,"27","22  day ahead inc hosp",2021-01-03,"quantile",0.25,104.107849865585
"20915",2020-12-12,"27","22  day ahead inc hosp",2021-01-03,"quantile",0.3,112.071171809914
"20916",2020-12-12,"27","22  day ahead inc hosp",2021-01-03,"quantile",0.35,119.450376363545
"20917",2020-12-12,"27","22  day ahead inc hosp",2021-01-03,"quantile",0.4,126.452519870955
"20918",2020-12-12,"27","22  day ahead inc hosp",2021-01-03,"quantile",0.45,133.227174749521
"20919",2020-12-12,"27","22  day ahead inc hosp",2021-01-03,"quantile",0.5,139.894420034478
"20920",2020-12-12,"27","22  day ahead inc hosp",2021-01-03,"quantile",0.55,146.561665319435
"20921",2020-12-12,"27","22  day ahead inc hosp",2021-01-03,"quantile",0.6,153.336320198001
"20922",2020-12-12,"27","22  day ahead inc hosp",2021-01-03,"quantile",0.65,160.33846370541
"20923",2020-12-12,"27","22  day ahead inc hosp",2021-01-03,"quantile",0.7,167.717668259042
"20924",2020-12-12,"27","22  day ahead inc hosp",2021-01-03,"quantile",0.75,175.680990203371
"20925",2020-12-12,"27","22  day ahead inc hosp",2021-01-03,"quantile",0.8,184.548526819839
"20926",2020-12-12,"27","22  day ahead inc hosp",2021-01-03,"quantile",0.85,194.884723753283
"20927",2020-12-12,"27","22  day ahead inc hosp",2021-01-03,"quantile",0.9,207.890019689008
"20928",2020-12-12,"27","22  day ahead inc hosp",2021-01-03,"quantile",0.95,227.165827378096
"20929",2020-12-12,"27","22  day ahead inc hosp",2021-01-03,"quantile",0.975,243.884715870486
"20930",2020-12-12,"27","22  day ahead inc hosp",2021-01-03,"quantile",0.99,263.324036878048
"20931",2020-12-12,"27","23  day ahead inc hosp",2021-01-04,"quantile",0.01,12.9147876720462
"20932",2020-12-12,"27","23  day ahead inc hosp",2021-01-04,"quantile",0.025,32.9145255207221
"20933",2020-12-12,"27","23  day ahead inc hosp",2021-01-04,"quantile",0.05,50.1154034134729
"20934",2020-12-12,"27","23  day ahead inc hosp",2021-01-04,"quantile",0.1,69.9469140127002
"20935",2020-12-12,"27","23  day ahead inc hosp",2021-01-04,"quantile",0.15,83.3271400636911
"20936",2020-12-12,"27","23  day ahead inc hosp",2021-01-04,"quantile",0.2,93.9613195672211
"20937",2020-12-12,"27","23  day ahead inc hosp",2021-01-04,"quantile",0.25,103.084498695952
"20938",2020-12-12,"27","23  day ahead inc hosp",2021-01-04,"quantile",0.3,111.277395517258
"20939",2020-12-12,"27","23  day ahead inc hosp",2021-01-04,"quantile",0.35,118.869335407904
"20940",2020-12-12,"27","23  day ahead inc hosp",2021-01-04,"quantile",0.4,126.073343946707
"20941",2020-12-12,"27","23  day ahead inc hosp",2021-01-04,"quantile",0.45,133.04330557931
"20942",2020-12-12,"27","23  day ahead inc hosp",2021-01-04,"quantile",0.5,139.902761103507
"20943",2020-12-12,"27","23  day ahead inc hosp",2021-01-04,"quantile",0.55,146.762216627704
"20944",2020-12-12,"27","23  day ahead inc hosp",2021-01-04,"quantile",0.6,153.732178260308
"20945",2020-12-12,"27","23  day ahead inc hosp",2021-01-04,"quantile",0.65,160.93618679911
"20946",2020-12-12,"27","23  day ahead inc hosp",2021-01-04,"quantile",0.7,168.528126689757
"20947",2020-12-12,"27","23  day ahead inc hosp",2021-01-04,"quantile",0.75,176.721023511062
"20948",2020-12-12,"27","23  day ahead inc hosp",2021-01-04,"quantile",0.8,185.844202639793
"20949",2020-12-12,"27","23  day ahead inc hosp",2021-01-04,"quantile",0.85,196.478382143323
"20950",2020-12-12,"27","23  day ahead inc hosp",2021-01-04,"quantile",0.9,209.858608194314
"20951",2020-12-12,"27","23  day ahead inc hosp",2021-01-04,"quantile",0.95,229.690118793541
"20952",2020-12-12,"27","23  day ahead inc hosp",2021-01-04,"quantile",0.975,246.890996686292
"20953",2020-12-12,"27","23  day ahead inc hosp",2021-01-04,"quantile",0.99,266.890734534968
"20954",2020-12-12,"27","24  day ahead inc hosp",2021-01-05,"quantile",0.01,9.45295806216305
"20955",2020-12-12,"27","24  day ahead inc hosp",2021-01-05,"quantile",0.025,29.9989300395124
"20956",2020-12-12,"27","24  day ahead inc hosp",2021-01-05,"quantile",0.05,47.6695994174945
"20957",2020-12-12,"27","24  day ahead inc hosp",2021-01-05,"quantile",0.1,68.0427495119196
"20958",2020-12-12,"27","24  day ahead inc hosp",2021-01-05,"quantile",0.15,81.7884171588813
"20959",2020-12-12,"27","24  day ahead inc hosp",2021-01-05,"quantile",0.2,92.7130380581545
"20960",2020-12-12,"27","24  day ahead inc hosp",2021-01-05,"quantile",0.25,102.085390043041
"20961",2020-12-12,"27","24  day ahead inc hosp",2021-01-05,"quantile",0.3,110.502051790185
"20962",2020-12-12,"27","24  day ahead inc hosp",2021-01-05,"quantile",0.35,118.301343232261
"20963",2020-12-12,"27","24  day ahead inc hosp",2021-01-05,"quantile",0.4,125.702108116418
"20964",2020-12-12,"27","24  day ahead inc hosp",2021-01-05,"quantile",0.45,132.862433790194
"20965",2020-12-12,"27","24  day ahead inc hosp",2021-01-05,"quantile",0.5,139.909235205612
"20966",2020-12-12,"27","24  day ahead inc hosp",2021-01-05,"quantile",0.55,146.956036621029
"20967",2020-12-12,"27","24  day ahead inc hosp",2021-01-05,"quantile",0.6,154.116362294805
"20968",2020-12-12,"27","24  day ahead inc hosp",2021-01-05,"quantile",0.65,161.517127178962
"20969",2020-12-12,"27","24  day ahead inc hosp",2021-01-05,"quantile",0.7,169.316418621038
"20970",2020-12-12,"27","24  day ahead inc hosp",2021-01-05,"quantile",0.75,177.733080368182
"20971",2020-12-12,"27","24  day ahead inc hosp",2021-01-05,"quantile",0.8,187.105432353069
"20972",2020-12-12,"27","24  day ahead inc hosp",2021-01-05,"quantile",0.85,198.030053252342
"20973",2020-12-12,"27","24  day ahead inc hosp",2021-01-05,"quantile",0.9,211.775720899303
"20974",2020-12-12,"27","24  day ahead inc hosp",2021-01-05,"quantile",0.95,232.148870993729
"20975",2020-12-12,"27","24  day ahead inc hosp",2021-01-05,"quantile",0.975,249.819540371711
"20976",2020-12-12,"27","24  day ahead inc hosp",2021-01-05,"quantile",0.99,270.36551234906
"20977",2020-12-12,"27","25  day ahead inc hosp",2021-01-06,"quantile",0.01,6.07424816178283
"20978",2020-12-12,"27","25  day ahead inc hosp",2021-01-06,"quantile",0.025,27.1531352603905
"20979",2020-12-12,"27","25  day ahead inc hosp",2021-01-06,"quantile",0.05,45.2821410424456
"20980",2020-12-12,"27","25  day ahead inc hosp",2021-01-06,"quantile",0.1,66.1837236571212
"20981",2020-12-12,"27","25  day ahead inc hosp",2021-01-06,"quantile",0.15,80.2859222167568
"20982",2020-12-12,"27","25  day ahead inc hosp",2021-01-06,"quantile",0.2,91.4939025831633
"20983",2020-12-12,"27","25  day ahead inc hosp",2021-01-06,"quantile",0.25,101.109351760045
"20984",2020-12-12,"27","25  day ahead inc hosp",2021-01-06,"quantile",0.3,109.744322298835
"20985",2020-12-12,"27","25  day ahead inc hosp",2021-01-06,"quantile",0.35,117.745909370885
"20986",2020-12-12,"27","25  day ahead inc hosp",2021-01-06,"quantile",0.4,125.338633025354
"20987",2020-12-12,"27","25  day ahead inc hosp",2021-01-06,"quantile",0.45,132.684681030928
"20988",2020-12-12,"27","25  day ahead inc hosp",2021-01-06,"quantile",0.5,139.91426022074
"20989",2020-12-12,"27","25  day ahead inc hosp",2021-01-06,"quantile",0.55,147.143839410551
"20990",2020-12-12,"27","25  day ahead inc hosp",2021-01-06,"quantile",0.6,154.489887416125
"20991",2020-12-12,"27","25  day ahead inc hosp",2021-01-06,"quantile",0.65,162.082611070595
"20992",2020-12-12,"27","25  day ahead inc hosp",2021-01-06,"quantile",0.7,170.084198142644
"20993",2020-12-12,"27","25  day ahead inc hosp",2021-01-06,"quantile",0.75,178.719168681434
"20994",2020-12-12,"27","25  day ahead inc hosp",2021-01-06,"quantile",0.8,188.334617858316
"20995",2020-12-12,"27","25  day ahead inc hosp",2021-01-06,"quantile",0.85,199.542598224723
"20996",2020-12-12,"27","25  day ahead inc hosp",2021-01-06,"quantile",0.9,213.644796784358
"20997",2020-12-12,"27","25  day ahead inc hosp",2021-01-06,"quantile",0.95,234.546379399034
"20998",2020-12-12,"27","25  day ahead inc hosp",2021-01-06,"quantile",0.975,252.675385181089
"20999",2020-12-12,"27","25  day ahead inc hosp",2021-01-06,"quantile",0.99,273.754272279696
"21000",2020-12-12,"27","26  day ahead inc hosp",2021-01-07,"quantile",0.01,2.77387341296125
"21001",2020-12-12,"27","26  day ahead inc hosp",2021-01-07,"quantile",0.025,24.3731612429598
"21002",2020-12-12,"27","26  day ahead inc hosp",2021-01-07,"quantile",0.05,42.9497403634097
"21003",2020-12-12,"27","26  day ahead inc hosp",2021-01-07,"quantile",0.1,64.3673463729173
"21004",2020-12-12,"27","26  day ahead inc hosp",2021-01-07,"quantile",0.15,78.8177034672195
"21005",2020-12-12,"27","26  day ahead inc hosp",2021-01-07,"quantile",0.2,90.3023892001289
"21006",2020-12-12,"27","26  day ahead inc hosp",2021-01-07,"quantile",0.25,100.155226943157
"21007",2020-12-12,"27","26  day ahead inc hosp",2021-01-07,"quantile",0.3,109.003379751149
"21008",2020-12-12,"27","26  day ahead inc hosp",2021-01-07,"quantile",0.35,117.202511966123
"21009",2020-12-12,"27","26  day ahead inc hosp",2021-01-07,"quantile",0.4,124.982686643246
"21010",2020-12-12,"27","26  day ahead inc hosp",2021-01-07,"quantile",0.45,132.51009568259
"21011",2020-12-12,"27","26  day ahead inc hosp",2021-01-07,"quantile",0.5,139.918160495501
"21012",2020-12-12,"27","26  day ahead inc hosp",2021-01-07,"quantile",0.55,147.326225308411
"21013",2020-12-12,"27","26  day ahead inc hosp",2021-01-07,"quantile",0.6,154.853634347756
"21014",2020-12-12,"27","26  day ahead inc hosp",2021-01-07,"quantile",0.65,162.633809024879
"21015",2020-12-12,"27","26  day ahead inc hosp",2021-01-07,"quantile",0.7,170.832941239853
"21016",2020-12-12,"27","26  day ahead inc hosp",2021-01-07,"quantile",0.75,179.681094047844
"21017",2020-12-12,"27","26  day ahead inc hosp",2021-01-07,"quantile",0.8,189.533931790873
"21018",2020-12-12,"27","26  day ahead inc hosp",2021-01-07,"quantile",0.85,201.018617523782
"21019",2020-12-12,"27","26  day ahead inc hosp",2021-01-07,"quantile",0.9,215.468974618084
"21020",2020-12-12,"27","26  day ahead inc hosp",2021-01-07,"quantile",0.95,236.886580627592
"21021",2020-12-12,"27","26  day ahead inc hosp",2021-01-07,"quantile",0.975,255.463159748042
"21022",2020-12-12,"27","26  day ahead inc hosp",2021-01-07,"quantile",0.99,277.06244757804
"21023",2020-12-12,"27","27  day ahead inc hosp",2021-01-08,"quantile",0.01,0
"21024",2020-12-12,"27","27  day ahead inc hosp",2021-01-08,"quantile",0.025,21.655268330597
"21025",2020-12-12,"27","27  day ahead inc hosp",2021-01-08,"quantile",0.05,40.6692994361421
"21026",2020-12-12,"27","27  day ahead inc hosp",2021-01-08,"quantile",0.1,62.591259568338
"21027",2020-12-12,"27","27  day ahead inc hosp",2021-01-08,"quantile",0.15,77.3819019947915
"21028",2020-12-12,"27","27  day ahead inc hosp",2021-01-08,"quantile",0.2,89.1370357224301
"21029",2020-12-12,"27","27  day ahead inc hosp",2021-01-08,"quantile",0.25,99.22189376379
"21030",2020-12-12,"27","27  day ahead inc hosp",2021-01-08,"quantile",0.3,108.278407970572
"21031",2020-12-12,"27","27  day ahead inc hosp",2021-01-08,"quantile",0.35,116.670618073582
"21032",2020-12-12,"27","27  day ahead inc hosp",2021-01-08,"quantile",0.4,124.634004785322
"21033",2020-12-12,"27","27  day ahead inc hosp",2021-01-08,"quantile",0.45,132.338673588455
"21034",2020-12-12,"27","27  day ahead inc hosp",2021-01-08,"quantile",0.5,139.921187778568
"21035",2020-12-12,"27","27  day ahead inc hosp",2021-01-08,"quantile",0.55,147.503701968682
"21036",2020-12-12,"27","27  day ahead inc hosp",2021-01-08,"quantile",0.6,155.208370771814
"21037",2020-12-12,"27","27  day ahead inc hosp",2021-01-08,"quantile",0.65,163.171757483555
"21038",2020-12-12,"27","27  day ahead inc hosp",2021-01-08,"quantile",0.7,171.563967586565
"21039",2020-12-12,"27","27  day ahead inc hosp",2021-01-08,"quantile",0.75,180.620481793347
"21040",2020-12-12,"27","27  day ahead inc hosp",2021-01-08,"quantile",0.8,190.705339834707
"21041",2020-12-12,"27","27  day ahead inc hosp",2021-01-08,"quantile",0.85,202.460473562345
"21042",2020-12-12,"27","27  day ahead inc hosp",2021-01-08,"quantile",0.9,217.251115988799
"21043",2020-12-12,"27","27  day ahead inc hosp",2021-01-08,"quantile",0.95,239.173076120995
"21044",2020-12-12,"27","27  day ahead inc hosp",2021-01-08,"quantile",0.975,258.18710722654
"21045",2020-12-12,"27","27  day ahead inc hosp",2021-01-08,"quantile",0.99,280.295027527383
"21046",2020-12-12,"27","28  day ahead inc hosp",2021-01-09,"quantile",0.01,0
"21047",2020-12-12,"27","28  day ahead inc hosp",2021-01-09,"quantile",0.025,18.9959617509048
"21048",2020-12-12,"27","28  day ahead inc hosp",2021-01-09,"quantile",0.05,38.4379167703761
"21049",2020-12-12,"27","28  day ahead inc hosp",2021-01-09,"quantile",0.1,60.8532457694174
"21050",2020-12-12,"27","28  day ahead inc hosp",2021-01-09,"quantile",0.15,75.9767618280575
"21051",2020-12-12,"27","28  day ahead inc hosp",2021-01-09,"quantile",0.2,87.9964529662492
"21052",2020-12-12,"27","28  day ahead inc hosp",2021-01-09,"quantile",0.25,98.3082777092251
"21053",2020-12-12,"27","28  day ahead inc hosp",2021-01-09,"quantile",0.3,107.568615028759
"21054",2020-12-12,"27","28  day ahead inc hosp",2021-01-09,"quantile",0.35,116.149697621449
"21055",2020-12-12,"27","28  day ahead inc hosp",2021-01-09,"quantile",0.4,124.292305856016
"21056",2020-12-12,"27","28  day ahead inc hosp",2021-01-09,"quantile",0.45,132.170373556597
"21057",2020-12-12,"27","28  day ahead inc hosp",2021-01-09,"quantile",0.5,139.92353747015
"21058",2020-12-12,"27","28  day ahead inc hosp",2021-01-09,"quantile",0.55,147.676701383703
"21059",2020-12-12,"27","28  day ahead inc hosp",2021-01-09,"quantile",0.6,155.554769084283
"21060",2020-12-12,"27","28  day ahead inc hosp",2021-01-09,"quantile",0.65,163.69737731885
"21061",2020-12-12,"27","28  day ahead inc hosp",2021-01-09,"quantile",0.7,172.27845991154
"21062",2020-12-12,"27","28  day ahead inc hosp",2021-01-09,"quantile",0.75,181.538797231074
"21063",2020-12-12,"27","28  day ahead inc hosp",2021-01-09,"quantile",0.8,191.85062197405
"21064",2020-12-12,"27","28  day ahead inc hosp",2021-01-09,"quantile",0.85,203.870313112242
"21065",2020-12-12,"27","28  day ahead inc hosp",2021-01-09,"quantile",0.9,218.993829170882
"21066",2020-12-12,"27","28  day ahead inc hosp",2021-01-09,"quantile",0.95,241.409158169923
"21067",2020-12-12,"27","28  day ahead inc hosp",2021-01-09,"quantile",0.975,260.851113189395
"21068",2020-12-12,"27","28  day ahead inc hosp",2021-01-09,"quantile",0.99,283.456587519228
"21069",2020-12-12,"27","29  day ahead inc hosp",2021-01-10,"quantile",0.01,0
"21070",2020-12-12,"27","29  day ahead inc hosp",2021-01-10,"quantile",0.025,16.4408376060034
"21071",2020-12-12,"27","29  day ahead inc hosp",2021-01-10,"quantile",0.05,36.3017359719785
"21072",2020-12-12,"27","29  day ahead inc hosp",2021-01-10,"quantile",0.1,59.2000798187775
"21073",2020-12-12,"27","29  day ahead inc hosp",2021-01-10,"quantile",0.15,74.6494837020816
"21074",2020-12-12,"27","29  day ahead inc hosp",2021-01-10,"quantile",0.2,86.9281801524619
"21075",2020-12-12,"27","29  day ahead inc hosp",2021-01-10,"quantile",0.25,97.4622083910254
"21076",2020-12-12,"27","29  day ahead inc hosp",2021-01-10,"quantile",0.3,106.922091317085
"21077",2020-12-12,"27","29  day ahead inc hosp",2021-01-10,"quantile",0.35,115.688082652461
"21078",2020-12-12,"27","29  day ahead inc hosp",2021-01-10,"quantile",0.4,124.006151201571
"21079",2020-12-12,"27","29  day ahead inc hosp",2021-01-10,"quantile",0.45,132.053978787059
"21080",2020-12-12,"27","29  day ahead inc hosp",2021-01-10,"quantile",0.5,139.974211106679
"21081",2020-12-12,"27","29  day ahead inc hosp",2021-01-10,"quantile",0.55,147.894443426299
"21082",2020-12-12,"27","29  day ahead inc hosp",2021-01-10,"quantile",0.6,155.942271011787
"21083",2020-12-12,"27","29  day ahead inc hosp",2021-01-10,"quantile",0.65,164.260339560897
"21084",2020-12-12,"27","29  day ahead inc hosp",2021-01-10,"quantile",0.7,173.026330896273
"21085",2020-12-12,"27","29  day ahead inc hosp",2021-01-10,"quantile",0.75,182.486213822332
"21086",2020-12-12,"27","29  day ahead inc hosp",2021-01-10,"quantile",0.8,193.020242060896
"21087",2020-12-12,"27","29  day ahead inc hosp",2021-01-10,"quantile",0.85,205.298938511276
"21088",2020-12-12,"27","29  day ahead inc hosp",2021-01-10,"quantile",0.9,220.74834239458
"21089",2020-12-12,"27","29  day ahead inc hosp",2021-01-10,"quantile",0.95,243.646686241379
"21090",2020-12-12,"27","29  day ahead inc hosp",2021-01-10,"quantile",0.975,263.507584607354
"21091",2020-12-12,"27","29  day ahead inc hosp",2021-01-10,"quantile",0.99,286.60017111575
"21092",2020-12-12,"27","30  day ahead inc hosp",2021-01-11,"quantile",0.01,0
"21093",2020-12-12,"27","30  day ahead inc hosp",2021-01-11,"quantile",0.025,13.8891742162769
"21094",2020-12-12,"27","30  day ahead inc hosp",2021-01-11,"quantile",0.05,34.1605401343782
"21095",2020-12-12,"27","30  day ahead inc hosp",2021-01-11,"quantile",0.1,57.5321267808401
"21096",2020-12-12,"27","30  day ahead inc hosp",2021-01-11,"quantile",0.15,73.3008253343516
"21097",2020-12-12,"27","30  day ahead inc hosp",2021-01-11,"quantile",0.2,85.8332870667658
"21098",2020-12-12,"27","30  day ahead inc hosp",2021-01-11,"quantile",0.25,96.5850233216251
"21099",2020-12-12,"27","30  day ahead inc hosp",2021-01-11,"quantile",0.3,106.240414774867
"21100",2020-12-12,"27","30  day ahead inc hosp",2021-01-11,"quantile",0.35,115.187573897273
"21101",2020-12-12,"27","30  day ahead inc hosp",2021-01-11,"quantile",0.4,123.677552959839
"21102",2020-12-12,"27","30  day ahead inc hosp",2021-01-11,"quantile",0.45,131.891705956598
"21103",2020-12-12,"27","30  day ahead inc hosp",2021-01-11,"quantile",0.5,139.975626660932
"21104",2020-12-12,"27","30  day ahead inc hosp",2021-01-11,"quantile",0.55,148.059547365267
"21105",2020-12-12,"27","30  day ahead inc hosp",2021-01-11,"quantile",0.6,156.273700362026
"21106",2020-12-12,"27","30  day ahead inc hosp",2021-01-11,"quantile",0.65,164.763679424591
"21107",2020-12-12,"27","30  day ahead inc hosp",2021-01-11,"quantile",0.7,173.710838546998
"21108",2020-12-12,"27","30  day ahead inc hosp",2021-01-11,"quantile",0.75,183.36623000024
"21109",2020-12-12,"27","30  day ahead inc hosp",2021-01-11,"quantile",0.8,194.117966255099
"21110",2020-12-12,"27","30  day ahead inc hosp",2021-01-11,"quantile",0.85,206.650427987513
"21111",2020-12-12,"27","30  day ahead inc hosp",2021-01-11,"quantile",0.9,222.419126541025
"21112",2020-12-12,"27","30  day ahead inc hosp",2021-01-11,"quantile",0.95,245.790713187487
"21113",2020-12-12,"27","30  day ahead inc hosp",2021-01-11,"quantile",0.975,266.062079105588
"21114",2020-12-12,"27","30  day ahead inc hosp",2021-01-11,"quantile",0.99,289.63192284987
"21115",2020-12-12,"27","31  day ahead inc hosp",2021-01-12,"quantile",0.01,0
"21116",2020-12-12,"27","31  day ahead inc hosp",2021-01-12,"quantile",0.025,11.3870190908011
"21117",2020-12-12,"27","31  day ahead inc hosp",2021-01-12,"quantile",0.05,32.0608420022282
"21118",2020-12-12,"27","31  day ahead inc hosp",2021-01-12,"quantile",0.1,55.8964357870839
"21119",2020-12-12,"27","31  day ahead inc hosp",2021-01-12,"quantile",0.15,71.9781977539907
"21120",2020-12-12,"27","31  day ahead inc hosp",2021-01-12,"quantile",0.2,84.7594723630594
"21121",2020-12-12,"27","31  day ahead inc hosp",2021-01-12,"quantile",0.25,95.7246679113696
"21122",2020-12-12,"27","31  day ahead inc hosp",2021-01-12,"quantile",0.3,105.571752407367
"21123",2020-12-12,"27","31  day ahead inc hosp",2021-01-12,"quantile",0.35,114.696543701861
"21124",2020-12-12,"27","31  day ahead inc hosp",2021-01-12,"quantile",0.4,123.355078325049
"21125",2020-12-12,"27","31  day ahead inc hosp",2021-01-12,"quantile",0.45,131.732310777389
"21126",2020-12-12,"27","31  day ahead inc hosp",2021-01-12,"quantile",0.5,139.976725374148
"21127",2020-12-12,"27","31  day ahead inc hosp",2021-01-12,"quantile",0.55,148.221139970907
"21128",2020-12-12,"27","31  day ahead inc hosp",2021-01-12,"quantile",0.6,156.598372423246
"21129",2020-12-12,"27","31  day ahead inc hosp",2021-01-12,"quantile",0.65,165.256907046434
"21130",2020-12-12,"27","31  day ahead inc hosp",2021-01-12,"quantile",0.7,174.381698340928
"21131",2020-12-12,"27","31  day ahead inc hosp",2021-01-12,"quantile",0.75,184.228782836926
"21132",2020-12-12,"27","31  day ahead inc hosp",2021-01-12,"quantile",0.8,195.193978385236
"21133",2020-12-12,"27","31  day ahead inc hosp",2021-01-12,"quantile",0.85,207.975252994305
"21134",2020-12-12,"27","31  day ahead inc hosp",2021-01-12,"quantile",0.9,224.057014961211
"21135",2020-12-12,"27","31  day ahead inc hosp",2021-01-12,"quantile",0.95,247.892608746067
"21136",2020-12-12,"27","31  day ahead inc hosp",2021-01-12,"quantile",0.975,268.566431657494
"21137",2020-12-12,"27","31  day ahead inc hosp",2021-01-12,"quantile",0.99,292.604218631887
"21138",2020-12-12,"27","32  day ahead inc hosp",2021-01-13,"quantile",0.01,0
"21139",2020-12-12,"27","32  day ahead inc hosp",2021-01-13,"quantile",0.025,8.93177556310189
"21140",2020-12-12,"27","32  day ahead inc hosp",2021-01-13,"quantile",0.05,30.0004737860629
"21141",2020-12-12,"27","32  day ahead inc hosp",2021-01-13,"quantile",0.1,54.2913335157666
"21142",2020-12-12,"27","32  day ahead inc hosp",2021-01-13,"quantile",0.15,70.6802612542825
"21143",2020-12-12,"27","32  day ahead inc hosp",2021-01-13,"quantile",0.2,83.7056614812729
"21144",2020-12-12,"27","32  day ahead inc hosp",2021-01-13,"quantile",0.25,94.8802950724028
"21145",2020-12-12,"27","32  day ahead inc hosp",2021-01-13,"quantile",0.3,104.915461403808
"21146",2020-12-12,"27","32  day ahead inc hosp",2021-01-13,"quantile",0.35,114.214538548602
"21147",2020-12-12,"27","32  day ahead inc hosp",2021-01-13,"quantile",0.4,123.038453400276
"21148",2020-12-12,"27","32  day ahead inc hosp",2021-01-13,"quantile",0.45,131.575693137605
"21149",2020-12-12,"27","32  day ahead inc hosp",2021-01-13,"quantile",0.5,139.977578164301
"21150",2020-12-12,"27","32  day ahead inc hosp",2021-01-13,"quantile",0.55,148.379463190997
"21151",2020-12-12,"27","32  day ahead inc hosp",2021-01-13,"quantile",0.6,156.916702928326
"21152",2020-12-12,"27","32  day ahead inc hosp",2021-01-13,"quantile",0.65,165.74061778
"21153",2020-12-12,"27","32  day ahead inc hosp",2021-01-13,"quantile",0.7,175.039694924795
"21154",2020-12-12,"27","32  day ahead inc hosp",2021-01-13,"quantile",0.75,185.0748612562
"21155",2020-12-12,"27","32  day ahead inc hosp",2021-01-13,"quantile",0.8,196.249494847329
"21156",2020-12-12,"27","32  day ahead inc hosp",2021-01-13,"quantile",0.85,209.27489507432
"21157",2020-12-12,"27","32  day ahead inc hosp",2021-01-13,"quantile",0.9,225.663822812836
"21158",2020-12-12,"27","32  day ahead inc hosp",2021-01-13,"quantile",0.95,249.954682542539
"21159",2020-12-12,"27","32  day ahead inc hosp",2021-01-13,"quantile",0.975,271.0233807655
"21160",2020-12-12,"27","32  day ahead inc hosp",2021-01-13,"quantile",0.99,295.520295626437
"21161",2020-12-12,"27","33  day ahead inc hosp",2021-01-14,"quantile",0.01,0
"21162",2020-12-12,"27","33  day ahead inc hosp",2021-01-14,"quantile",0.025,6.52103817112186
"21163",2020-12-12,"27","33  day ahead inc hosp",2021-01-14,"quantile",0.05,27.9774256081911
"21164",2020-12-12,"27","33  day ahead inc hosp",2021-01-14,"quantile",0.1,52.7152661726366
"21165",2020-12-12,"27","33  day ahead inc hosp",2021-01-14,"quantile",0.15,69.4057697583066
"21166",2020-12-12,"27","33  day ahead inc hosp",2021-01-14,"quantile",0.2,82.6708529084661
"21167",2020-12-12,"27","33  day ahead inc hosp",2021-01-14,"quantile",0.25,94.0511131059029
"21168",2020-12-12,"27","33  day ahead inc hosp",2021-01-14,"quantile",0.3,104.270938484929
"21169",2020-12-12,"27","33  day ahead inc hosp",2021-01-14,"quantile",0.35,113.741129757044
"21170",2020-12-12,"27","33  day ahead inc hosp",2021-01-14,"quantile",0.4,122.727415182258
"21171",2020-12-12,"27","33  day ahead inc hosp",2021-01-14,"quantile",0.45,131.421750328586
"21172",2020-12-12,"27","33  day ahead inc hosp",2021-01-14,"quantile",0.5,139.978240075923
"21173",2020-12-12,"27","33  day ahead inc hosp",2021-01-14,"quantile",0.55,148.53472982326
"21174",2020-12-12,"27","33  day ahead inc hosp",2021-01-14,"quantile",0.6,157.229064969588
"21175",2020-12-12,"27","33  day ahead inc hosp",2021-01-14,"quantile",0.65,166.215350394802
"21176",2020-12-12,"27","33  day ahead inc hosp",2021-01-14,"quantile",0.7,175.685541666917
"21177",2020-12-12,"27","33  day ahead inc hosp",2021-01-14,"quantile",0.75,185.905367045943
"21178",2020-12-12,"27","33  day ahead inc hosp",2021-01-14,"quantile",0.8,197.28562724338
"21179",2020-12-12,"27","33  day ahead inc hosp",2021-01-14,"quantile",0.85,210.550710393539
"21180",2020-12-12,"27","33  day ahead inc hosp",2021-01-14,"quantile",0.9,227.241213979209
"21181",2020-12-12,"27","33  day ahead inc hosp",2021-01-14,"quantile",0.95,251.979054543655
"21182",2020-12-12,"27","33  day ahead inc hosp",2021-01-14,"quantile",0.975,273.435441980724
"21183",2020-12-12,"27","33  day ahead inc hosp",2021-01-14,"quantile",0.99,298.383129336952
"21184",2020-12-12,"27","34  day ahead inc hosp",2021-01-15,"quantile",0.01,0
"21185",2020-12-12,"27","34  day ahead inc hosp",2021-01-15,"quantile",0.025,4.1525781997972
"21186",2020-12-12,"27","34  day ahead inc hosp",2021-01-15,"quantile",0.05,25.9898339408606
"21187",2020-12-12,"27","34  day ahead inc hosp",2021-01-15,"quantile",0.1,51.166791267524
"21188",2020-12-12,"27","34  day ahead inc hosp",2021-01-15,"quantile",0.15,68.1535648479508
"21189",2020-12-12,"27","34  day ahead inc hosp",2021-01-15,"quantile",0.2,81.6541139979931
"21190",2020-12-12,"27","34  day ahead inc hosp",2021-01-15,"quantile",0.25,93.2363830570392
"21191",2020-12-12,"27","34  day ahead inc hosp",2021-01-15,"quantile",0.3,103.637618637137
"21192",2020-12-12,"27","34  day ahead inc hosp",2021-01-15,"quantile",0.35,113.275913496069
"21193",2020-12-12,"27","34  day ahead inc hosp",2021-01-15,"quantile",0.4,122.421712786287
"21194",2020-12-12,"27","34  day ahead inc hosp",2021-01-15,"quantile",0.45,131.270379443045
"21195",2020-12-12,"27","34  day ahead inc hosp",2021-01-15,"quantile",0.5,139.978753833021
"21196",2020-12-12,"27","34  day ahead inc hosp",2021-01-15,"quantile",0.55,148.687128222998
"21197",2020-12-12,"27","34  day ahead inc hosp",2021-01-15,"quantile",0.6,157.535794879756
"21198",2020-12-12,"27","34  day ahead inc hosp",2021-01-15,"quantile",0.65,166.681594169974
"21199",2020-12-12,"27","34  day ahead inc hosp",2021-01-15,"quantile",0.7,176.319889028906
"21200",2020-12-12,"27","34  day ahead inc hosp",2021-01-15,"quantile",0.75,186.721124609003
"21201",2020-12-12,"27","34  day ahead inc hosp",2021-01-15,"quantile",0.8,198.30339366805
"21202",2020-12-12,"27","34  day ahead inc hosp",2021-01-15,"quantile",0.85,211.803942818092
"21203",2020-12-12,"27","34  day ahead inc hosp",2021-01-15,"quantile",0.9,228.790716398519
"21204",2020-12-12,"27","34  day ahead inc hosp",2021-01-15,"quantile",0.95,253.967673725182
"21205",2020-12-12,"27","34  day ahead inc hosp",2021-01-15,"quantile",0.975,275.804929466246
"21206",2020-12-12,"27","34  day ahead inc hosp",2021-01-15,"quantile",0.99,301.195458535684
"21207",2020-12-12,"27","35  day ahead inc hosp",2021-01-16,"quantile",0.01,0
"21208",2020-12-12,"27","35  day ahead inc hosp",2021-01-16,"quantile",0.025,1.8243296734264
"21209",2020-12-12,"27","35  day ahead inc hosp",2021-01-16,"quantile",0.05,24.0359702940456
"21210",2020-12-12,"27","35  day ahead inc hosp",2021-01-16,"quantile",0.1,49.6445694097731
"21211",2020-12-12,"27","35  day ahead inc hosp",2021-01-16,"quantile",0.15,66.9225696560575
"21212",2020-12-12,"27","35  day ahead inc hosp",2021-01-16,"quantile",0.2,80.6545765280502
"21213",2020-12-12,"27","35  day ahead inc hosp",2021-01-16,"quantile",0.25,92.4354157031434
"21214",2020-12-12,"27","35  day ahead inc hosp",2021-01-16,"quantile",0.3,103.014973384519
"21215",2020-12-12,"27","35  day ahead inc hosp",2021-01-16,"quantile",0.35,112.81851024559
"21216",2020-12-12,"27","35  day ahead inc hosp",2021-01-16,"quantile",0.4,122.121108036788
"21217",2020-12-12,"27","35  day ahead inc hosp",2021-01-16,"quantile",0.45,131.121479057858
"21218",2020-12-12,"27","35  day ahead inc hosp",2021-01-16,"quantile",0.5,139.979152596765
"21219",2020-12-12,"27","35  day ahead inc hosp",2021-01-16,"quantile",0.55,148.836826135672
"21220",2020-12-12,"27","35  day ahead inc hosp",2021-01-16,"quantile",0.6,157.837197156743
"21221",2020-12-12,"27","35  day ahead inc hosp",2021-01-16,"quantile",0.65,167.13979494794
"21222",2020-12-12,"27","35  day ahead inc hosp",2021-01-16,"quantile",0.7,176.943331809012
"21223",2020-12-12,"27","35  day ahead inc hosp",2021-01-16,"quantile",0.75,187.522889490387
"21224",2020-12-12,"27","35  day ahead inc hosp",2021-01-16,"quantile",0.8,199.30372866548
"21225",2020-12-12,"27","35  day ahead inc hosp",2021-01-16,"quantile",0.85,213.035735537473
"21226",2020-12-12,"27","35  day ahead inc hosp",2021-01-16,"quantile",0.9,230.313735783757
"21227",2020-12-12,"27","35  day ahead inc hosp",2021-01-16,"quantile",0.95,255.922334899484
"21228",2020-12-12,"27","35  day ahead inc hosp",2021-01-16,"quantile",0.975,278.133975520104
"21229",2020-12-12,"27","35  day ahead inc hosp",2021-01-16,"quantile",0.99,303.959807920705
"21230",2020-12-12,"27","36  day ahead inc hosp",2021-01-17,"quantile",0.01,0
"21231",2020-12-12,"27","36  day ahead inc hosp",2021-01-17,"quantile",0.025,0
"21232",2020-12-12,"27","36  day ahead inc hosp",2021-01-17,"quantile",0.05,21.3970674781303
"21233",2020-12-12,"27","36  day ahead inc hosp",2021-01-17,"quantile",0.1,47.4301934342801
"21234",2020-12-12,"27","36  day ahead inc hosp",2021-01-17,"quantile",0.15,64.9946199243518
"21235",2020-12-12,"27","36  day ahead inc hosp",2021-01-17,"quantile",0.2,78.95426929501
"21236",2020-12-12,"27","36  day ahead inc hosp",2021-01-17,"quantile",0.25,90.9304054642857
"21237",2020-12-12,"27","36  day ahead inc hosp",2021-01-17,"quantile",0.3,101.685345882344
"21238",2020-12-12,"27","36  day ahead inc hosp",2021-01-17,"quantile",0.35,111.651400986206
"21239",2020-12-12,"27","36  day ahead inc hosp",2021-01-17,"quantile",0.4,121.108212697117
"21240",2020-12-12,"27","36  day ahead inc hosp",2021-01-17,"quantile",0.45,130.257787470214
"21241",2020-12-12,"27","36  day ahead inc hosp",2021-01-17,"quantile",0.5,139.262299192028
"21242",2020-12-12,"27","36  day ahead inc hosp",2021-01-17,"quantile",0.55,148.266810913843
"21243",2020-12-12,"27","36  day ahead inc hosp",2021-01-17,"quantile",0.6,157.41638568694
"21244",2020-12-12,"27","36  day ahead inc hosp",2021-01-17,"quantile",0.65,166.873197397851
"21245",2020-12-12,"27","36  day ahead inc hosp",2021-01-17,"quantile",0.7,176.839252501712
"21246",2020-12-12,"27","36  day ahead inc hosp",2021-01-17,"quantile",0.75,187.594192919771
"21247",2020-12-12,"27","36  day ahead inc hosp",2021-01-17,"quantile",0.8,199.570329089046
"21248",2020-12-12,"27","36  day ahead inc hosp",2021-01-17,"quantile",0.85,213.529978459705
"21249",2020-12-12,"27","36  day ahead inc hosp",2021-01-17,"quantile",0.9,231.094404949776
"21250",2020-12-12,"27","36  day ahead inc hosp",2021-01-17,"quantile",0.95,257.127530905926
"21251",2020-12-12,"27","36  day ahead inc hosp",2021-01-17,"quantile",0.975,279.707385249235
"21252",2020-12-12,"27","36  day ahead inc hosp",2021-01-17,"quantile",0.99,305.961345677486
"21253",2020-12-12,"27","37  day ahead inc hosp",2021-01-18,"quantile",0.01,0
"21254",2020-12-12,"27","37  day ahead inc hosp",2021-01-18,"quantile",0.025,0
"21255",2020-12-12,"27","37  day ahead inc hosp",2021-01-18,"quantile",0.05,19.505961063316
"21256",2020-12-12,"27","37  day ahead inc hosp",2021-01-18,"quantile",0.1,45.956832479887
"21257",2020-12-12,"27","37  day ahead inc hosp",2021-01-18,"quantile",0.15,63.8031098488538
"21258",2020-12-12,"27","37  day ahead inc hosp",2021-01-18,"quantile",0.2,77.9867653632031
"21259",2020-12-12,"27","37  day ahead inc hosp",2021-01-18,"quantile",0.25,90.1550788578806
"21260",2020-12-12,"27","37  day ahead inc hosp",2021-01-18,"quantile",0.3,101.08260045364
"21261",2020-12-12,"27","37  day ahead inc hosp",2021-01-18,"quantile",0.35,111.208577738378
"21262",2020-12-12,"27","37  day ahead inc hosp",2021-01-18,"quantile",0.4,120.817139960117
"21263",2020-12-12,"27","37  day ahead inc hosp",2021-01-18,"quantile",0.45,130.113535108634
"21264",2020-12-12,"27","37  day ahead inc hosp",2021-01-18,"quantile",0.5,139.262539424286
"21265",2020-12-12,"27","37  day ahead inc hosp",2021-01-18,"quantile",0.55,148.411543739938
"21266",2020-12-12,"27","37  day ahead inc hosp",2021-01-18,"quantile",0.6,157.707938888455
"21267",2020-12-12,"27","37  day ahead inc hosp",2021-01-18,"quantile",0.65,167.316501110194
"21268",2020-12-12,"27","37  day ahead inc hosp",2021-01-18,"quantile",0.7,177.442478394932
"21269",2020-12-12,"27","37  day ahead inc hosp",2021-01-18,"quantile",0.75,188.369999990691
"21270",2020-12-12,"27","37  day ahead inc hosp",2021-01-18,"quantile",0.8,200.538313485369
"21271",2020-12-12,"27","37  day ahead inc hosp",2021-01-18,"quantile",0.85,214.721968999718
"21272",2020-12-12,"27","37  day ahead inc hosp",2021-01-18,"quantile",0.9,232.568246368685
"21273",2020-12-12,"27","37  day ahead inc hosp",2021-01-18,"quantile",0.95,259.019117785256
"21274",2020-12-12,"27","37  day ahead inc hosp",2021-01-18,"quantile",0.975,281.961304015437
"21275",2020-12-12,"27","37  day ahead inc hosp",2021-01-18,"quantile",0.99,308.636553566073
"21276",2020-12-12,"28","1  day ahead inc hosp",2020-12-13,"quantile",0.01,64.6774796506854
"21277",2020-12-12,"28","1  day ahead inc hosp",2020-12-13,"quantile",0.025,70.7156631129601
"21278",2020-12-12,"28","1  day ahead inc hosp",2020-12-13,"quantile",0.05,75.9088340042222
"21279",2020-12-12,"28","1  day ahead inc hosp",2020-12-13,"quantile",0.1,81.8962274509873
"21280",2020-12-12,"28","1  day ahead inc hosp",2020-12-13,"quantile",0.15,85.9358933843055
"21281",2020-12-12,"28","1  day ahead inc hosp",2020-12-13,"quantile",0.2,89.1464918080907
"21282",2020-12-12,"28","1  day ahead inc hosp",2020-12-13,"quantile",0.25,91.9008993785941
"21283",2020-12-12,"28","1  day ahead inc hosp",2020-12-13,"quantile",0.3,94.3744425054508
"21284",2020-12-12,"28","1  day ahead inc hosp",2020-12-13,"quantile",0.35,96.6665488441007
"21285",2020-12-12,"28","1  day ahead inc hosp",2020-12-13,"quantile",0.4,98.8415336139118
"21286",2020-12-12,"28","1  day ahead inc hosp",2020-12-13,"quantile",0.45,100.945856549598
"21287",2020-12-12,"28","1  day ahead inc hosp",2020-12-13,"quantile",0.5,103.01681624016
"21288",2020-12-12,"28","1  day ahead inc hosp",2020-12-13,"quantile",0.55,105.087775930722
"21289",2020-12-12,"28","1  day ahead inc hosp",2020-12-13,"quantile",0.6,107.192098866408
"21290",2020-12-12,"28","1  day ahead inc hosp",2020-12-13,"quantile",0.65,109.367083636219
"21291",2020-12-12,"28","1  day ahead inc hosp",2020-12-13,"quantile",0.7,111.659189974869
"21292",2020-12-12,"28","1  day ahead inc hosp",2020-12-13,"quantile",0.75,114.132733101725
"21293",2020-12-12,"28","1  day ahead inc hosp",2020-12-13,"quantile",0.8,116.887140672229
"21294",2020-12-12,"28","1  day ahead inc hosp",2020-12-13,"quantile",0.85,120.097739096014
"21295",2020-12-12,"28","1  day ahead inc hosp",2020-12-13,"quantile",0.9,124.137405029332
"21296",2020-12-12,"28","1  day ahead inc hosp",2020-12-13,"quantile",0.95,130.124798476097
"21297",2020-12-12,"28","1  day ahead inc hosp",2020-12-13,"quantile",0.975,135.317969367359
"21298",2020-12-12,"28","1  day ahead inc hosp",2020-12-13,"quantile",0.99,141.356152829634
"21299",2020-12-12,"28","2  day ahead inc hosp",2020-12-14,"quantile",0.01,62.540767121498
"21300",2020-12-12,"28","2  day ahead inc hosp",2020-12-14,"quantile",0.025,69.2971238088366
"21301",2020-12-12,"28","2  day ahead inc hosp",2020-12-14,"quantile",0.05,75.1079632937389
"21302",2020-12-12,"28","2  day ahead inc hosp",2020-12-14,"quantile",0.1,81.8074890710724
"21303",2020-12-12,"28","2  day ahead inc hosp",2020-12-14,"quantile",0.15,86.3276273069693
"21304",2020-12-12,"28","2  day ahead inc hosp",2020-12-14,"quantile",0.2,89.9200898855621
"21305",2020-12-12,"28","2  day ahead inc hosp",2020-12-14,"quantile",0.25,93.0021028990613
"21306",2020-12-12,"28","2  day ahead inc hosp",2020-12-14,"quantile",0.3,95.7698458388002
"21307",2020-12-12,"28","2  day ahead inc hosp",2020-12-14,"quantile",0.35,98.3345721486222
"21308",2020-12-12,"28","2  day ahead inc hosp",2020-12-14,"quantile",0.4,100.768246611511
"21309",2020-12-12,"28","2  day ahead inc hosp",2020-12-14,"quantile",0.45,103.12285481904
"21310",2020-12-12,"28","2  day ahead inc hosp",2020-12-14,"quantile",0.5,105.44013160302
"21311",2020-12-12,"28","2  day ahead inc hosp",2020-12-14,"quantile",0.55,107.757408386999
"21312",2020-12-12,"28","2  day ahead inc hosp",2020-12-14,"quantile",0.6,110.112016594529
"21313",2020-12-12,"28","2  day ahead inc hosp",2020-12-14,"quantile",0.65,112.545691057417
"21314",2020-12-12,"28","2  day ahead inc hosp",2020-12-14,"quantile",0.7,115.110417367239
"21315",2020-12-12,"28","2  day ahead inc hosp",2020-12-14,"quantile",0.75,117.878160306978
"21316",2020-12-12,"28","2  day ahead inc hosp",2020-12-14,"quantile",0.8,120.960173320477
"21317",2020-12-12,"28","2  day ahead inc hosp",2020-12-14,"quantile",0.85,124.55263589907
"21318",2020-12-12,"28","2  day ahead inc hosp",2020-12-14,"quantile",0.9,129.072774134967
"21319",2020-12-12,"28","2  day ahead inc hosp",2020-12-14,"quantile",0.95,135.7722999123
"21320",2020-12-12,"28","2  day ahead inc hosp",2020-12-14,"quantile",0.975,141.583139397203
"21321",2020-12-12,"28","2  day ahead inc hosp",2020-12-14,"quantile",0.99,148.339496084541
"21322",2020-12-12,"28","3  day ahead inc hosp",2020-12-15,"quantile",0.01,60.6318222131092
"21323",2020-12-12,"28","3  day ahead inc hosp",2020-12-15,"quantile",0.025,67.6888246758207
"21324",2020-12-12,"28","3  day ahead inc hosp",2020-12-15,"quantile",0.05,73.7582361135301
"21325",2020-12-12,"28","3  day ahead inc hosp",2020-12-15,"quantile",0.1,80.7558787924967
"21326",2020-12-12,"28","3  day ahead inc hosp",2020-12-15,"quantile",0.15,85.4771550866123
"21327",2020-12-12,"28","3  day ahead inc hosp",2020-12-15,"quantile",0.2,89.2294758176711
"21328",2020-12-12,"28","3  day ahead inc hosp",2020-12-15,"quantile",0.25,92.4486328919464
"21329",2020-12-12,"28","3  day ahead inc hosp",2020-12-15,"quantile",0.3,95.3395354368776
"21330",2020-12-12,"28","3  day ahead inc hosp",2020-12-15,"quantile",0.35,98.0183874753604
"21331",2020-12-12,"28","3  day ahead inc hosp",2020-12-15,"quantile",0.4,100.560356094369
"21332",2020-12-12,"28","3  day ahead inc hosp",2020-12-15,"quantile",0.45,103.019740151222
"21333",2020-12-12,"28","3  day ahead inc hosp",2020-12-15,"quantile",0.5,105.44013160302
"21334",2020-12-12,"28","3  day ahead inc hosp",2020-12-15,"quantile",0.55,107.860523054817
"21335",2020-12-12,"28","3  day ahead inc hosp",2020-12-15,"quantile",0.6,110.31990711167
"21336",2020-12-12,"28","3  day ahead inc hosp",2020-12-15,"quantile",0.65,112.861875730679
"21337",2020-12-12,"28","3  day ahead inc hosp",2020-12-15,"quantile",0.7,115.540727769162
"21338",2020-12-12,"28","3  day ahead inc hosp",2020-12-15,"quantile",0.75,118.431630314093
"21339",2020-12-12,"28","3  day ahead inc hosp",2020-12-15,"quantile",0.8,121.650787388368
"21340",2020-12-12,"28","3  day ahead inc hosp",2020-12-15,"quantile",0.85,125.403108119427
"21341",2020-12-12,"28","3  day ahead inc hosp",2020-12-15,"quantile",0.9,130.124384413542
"21342",2020-12-12,"28","3  day ahead inc hosp",2020-12-15,"quantile",0.95,137.122027092509
"21343",2020-12-12,"28","3  day ahead inc hosp",2020-12-15,"quantile",0.975,143.191438530218
"21344",2020-12-12,"28","3  day ahead inc hosp",2020-12-15,"quantile",0.99,150.24844099293
"21345",2020-12-12,"28","4  day ahead inc hosp",2020-12-16,"quantile",0.01,58.800945205255
"21346",2020-12-12,"28","4  day ahead inc hosp",2020-12-16,"quantile",0.025,66.1462982826018
"21347",2020-12-12,"28","4  day ahead inc hosp",2020-12-16,"quantile",0.05,72.4637071565861
"21348",2020-12-12,"28","4  day ahead inc hosp",2020-12-16,"quantile",0.1,79.7472749968573
"21349",2020-12-12,"28","4  day ahead inc hosp",2020-12-16,"quantile",0.15,84.6614636398725
"21350",2020-12-12,"28","4  day ahead inc hosp",2020-12-16,"quantile",0.2,88.5671049903907
"21351",2020-12-12,"28","4  day ahead inc hosp",2020-12-16,"quantile",0.25,91.9177975042353
"21352",2020-12-12,"28","4  day ahead inc hosp",2020-12-16,"quantile",0.3,94.9268229391734
"21353",2020-12-12,"28","4  day ahead inc hosp",2020-12-16,"quantile",0.35,97.7151334390774
"21354",2020-12-12,"28","4  day ahead inc hosp",2020-12-16,"quantile",0.4,100.360967434008
"21355",2020-12-12,"28","4  day ahead inc hosp",2020-12-16,"quantile",0.45,102.920842444091
"21356",2020-12-12,"28","4  day ahead inc hosp",2020-12-16,"quantile",0.5,105.44013160302
"21357",2020-12-12,"28","4  day ahead inc hosp",2020-12-16,"quantile",0.55,107.959420761948
"21358",2020-12-12,"28","4  day ahead inc hosp",2020-12-16,"quantile",0.6,110.519295772031
"21359",2020-12-12,"28","4  day ahead inc hosp",2020-12-16,"quantile",0.65,113.165129766962
"21360",2020-12-12,"28","4  day ahead inc hosp",2020-12-16,"quantile",0.7,115.953440266866
"21361",2020-12-12,"28","4  day ahead inc hosp",2020-12-16,"quantile",0.75,118.962465701804
"21362",2020-12-12,"28","4  day ahead inc hosp",2020-12-16,"quantile",0.8,122.313158215648
"21363",2020-12-12,"28","4  day ahead inc hosp",2020-12-16,"quantile",0.85,126.218799566167
"21364",2020-12-12,"28","4  day ahead inc hosp",2020-12-16,"quantile",0.9,131.132988209182
"21365",2020-12-12,"28","4  day ahead inc hosp",2020-12-16,"quantile",0.95,138.416556049453
"21366",2020-12-12,"28","4  day ahead inc hosp",2020-12-16,"quantile",0.975,144.733964923437
"21367",2020-12-12,"28","4  day ahead inc hosp",2020-12-16,"quantile",0.99,152.079318000784
"21368",2020-12-12,"28","5  day ahead inc hosp",2020-12-17,"quantile",0.01,57.0392759772259
"21369",2020-12-12,"28","5  day ahead inc hosp",2020-12-17,"quantile",0.025,64.6620799169229
"21370",2020-12-12,"28","5  day ahead inc hosp",2020-12-17,"quantile",0.05,71.2181118389008
"21371",2020-12-12,"28","5  day ahead inc hosp",2020-12-17,"quantile",0.1,78.7767967711606
"21372",2020-12-12,"28","5  day ahead inc hosp",2020-12-17,"quantile",0.15,83.8766056100192
"21373",2020-12-12,"28","5  day ahead inc hosp",2020-12-17,"quantile",0.2,87.9297720079138
"21374",2020-12-12,"28","5  day ahead inc hosp",2020-12-17,"quantile",0.25,91.407027876528
"21375",2020-12-12,"28","5  day ahead inc hosp",2020-12-17,"quantile",0.3,94.5297111156542
"21376",2020-12-12,"28","5  day ahead inc hosp",2020-12-17,"quantile",0.35,97.4233425095373
"21377",2020-12-12,"28","5  day ahead inc hosp",2020-12-17,"quantile",0.4,100.169115733501
"21378",2020-12-12,"28","5  day ahead inc hosp",2020-12-17,"quantile",0.45,102.825683104261
"21379",2020-12-12,"28","5  day ahead inc hosp",2020-12-17,"quantile",0.5,105.44013160302
"21380",2020-12-12,"28","5  day ahead inc hosp",2020-12-17,"quantile",0.55,108.054580101778
"21381",2020-12-12,"28","5  day ahead inc hosp",2020-12-17,"quantile",0.6,110.711147472538
"21382",2020-12-12,"28","5  day ahead inc hosp",2020-12-17,"quantile",0.65,113.456920696502
"21383",2020-12-12,"28","5  day ahead inc hosp",2020-12-17,"quantile",0.7,116.350552090385
"21384",2020-12-12,"28","5  day ahead inc hosp",2020-12-17,"quantile",0.75,119.473235329511
"21385",2020-12-12,"28","5  day ahead inc hosp",2020-12-17,"quantile",0.8,122.950491198125
"21386",2020-12-12,"28","5  day ahead inc hosp",2020-12-17,"quantile",0.85,127.00365759602
"21387",2020-12-12,"28","5  day ahead inc hosp",2020-12-17,"quantile",0.9,132.103466434878
"21388",2020-12-12,"28","5  day ahead inc hosp",2020-12-17,"quantile",0.95,139.662151367138
"21389",2020-12-12,"28","5  day ahead inc hosp",2020-12-17,"quantile",0.975,146.218183289116
"21390",2020-12-12,"28","5  day ahead inc hosp",2020-12-17,"quantile",0.99,153.840987228813
"21391",2020-12-12,"28","6  day ahead inc hosp",2020-12-18,"quantile",0.01,55.339513415492
"21392",2020-12-12,"28","6  day ahead inc hosp",2020-12-18,"quantile",0.025,63.2300183407317
"21393",2020-12-12,"28","6  day ahead inc hosp",2020-12-18,"quantile",0.05,70.0162878787689
"21394",2020-12-12,"28","6  day ahead inc hosp",2020-12-18,"quantile",0.1,77.8404220370327
"21395",2020-12-12,"28","6  day ahead inc hosp",2020-12-18,"quantile",0.15,83.1193282084531
"21396",2020-12-12,"28","6  day ahead inc hosp",2020-12-18,"quantile",0.2,87.3148354887668
"21397",2020-12-12,"28","6  day ahead inc hosp",2020-12-18,"quantile",0.25,90.9142071602242
"21398",2020-12-12,"28","6  day ahead inc hosp",2020-12-18,"quantile",0.3,94.1465541644511
"21399",2020-12-12,"28","6  day ahead inc hosp",2020-12-18,"quantile",0.35,97.1418053798682
"21400",2020-12-12,"28","6  day ahead inc hosp",2020-12-18,"quantile",0.4,99.984005877044
"21401",2020-12-12,"28","6  day ahead inc hosp",2020-12-18,"quantile",0.45,102.73386775058
"21402",2020-12-12,"28","6  day ahead inc hosp",2020-12-18,"quantile",0.5,105.44013160302
"21403",2020-12-12,"28","6  day ahead inc hosp",2020-12-18,"quantile",0.55,108.146395455459
"21404",2020-12-12,"28","6  day ahead inc hosp",2020-12-18,"quantile",0.6,110.896257328995
"21405",2020-12-12,"28","6  day ahead inc hosp",2020-12-18,"quantile",0.65,113.738457826171
"21406",2020-12-12,"28","6  day ahead inc hosp",2020-12-18,"quantile",0.7,116.733709041588
"21407",2020-12-12,"28","6  day ahead inc hosp",2020-12-18,"quantile",0.75,119.966056045815
"21408",2020-12-12,"28","6  day ahead inc hosp",2020-12-18,"quantile",0.8,123.565427717272
"21409",2020-12-12,"28","6  day ahead inc hosp",2020-12-18,"quantile",0.85,127.760934997586
"21410",2020-12-12,"28","6  day ahead inc hosp",2020-12-18,"quantile",0.9,133.039841169006
"21411",2020-12-12,"28","6  day ahead inc hosp",2020-12-18,"quantile",0.95,140.86397532727
"21412",2020-12-12,"28","6  day ahead inc hosp",2020-12-18,"quantile",0.975,147.650244865307
"21413",2020-12-12,"28","6  day ahead inc hosp",2020-12-18,"quantile",0.99,155.540749790547
"21414",2020-12-12,"28","7  day ahead inc hosp",2020-12-19,"quantile",0.01,53.6955564261383
"21415",2020-12-12,"28","7  day ahead inc hosp",2020-12-19,"quantile",0.025,61.8449733407037
"21416",2020-12-12,"28","7  day ahead inc hosp",2020-12-19,"quantile",0.05,68.8539214731832
"21417",2020-12-12,"28","7  day ahead inc hosp",2020-12-19,"quantile",0.1,76.934789789636
"21418",2020-12-12,"28","7  day ahead inc hosp",2020-12-19,"quantile",0.15,82.3869132787382
"21419",2020-12-12,"28","7  day ahead inc hosp",2020-12-19,"quantile",0.2,86.7200881920449
"21420",2020-12-12,"28","7  day ahead inc hosp",2020-12-19,"quantile",0.25,90.4375664344517
"21421",2020-12-12,"28","7  day ahead inc hosp",2020-12-19,"quantile",0.3,93.7759767896282
"21422",2020-12-12,"28","7  day ahead inc hosp",2020-12-19,"quantile",0.35,96.8695115062991
"21423",2020-12-12,"28","7  day ahead inc hosp",2020-12-19,"quantile",0.4,99.8049734350003
"21424",2020-12-12,"28","7  day ahead inc hosp",2020-12-19,"quantile",0.45,102.645066822843
"21425",2020-12-12,"28","7  day ahead inc hosp",2020-12-19,"quantile",0.5,105.44013160302
"21426",2020-12-12,"28","7  day ahead inc hosp",2020-12-19,"quantile",0.55,108.235196383196
"21427",2020-12-12,"28","7  day ahead inc hosp",2020-12-19,"quantile",0.6,111.075289771039
"21428",2020-12-12,"28","7  day ahead inc hosp",2020-12-19,"quantile",0.65,114.01075169974
"21429",2020-12-12,"28","7  day ahead inc hosp",2020-12-19,"quantile",0.7,117.104286416411
"21430",2020-12-12,"28","7  day ahead inc hosp",2020-12-19,"quantile",0.75,120.442696771587
"21431",2020-12-12,"28","7  day ahead inc hosp",2020-12-19,"quantile",0.8,124.160175013994
"21432",2020-12-12,"28","7  day ahead inc hosp",2020-12-19,"quantile",0.85,128.493349927301
"21433",2020-12-12,"28","7  day ahead inc hosp",2020-12-19,"quantile",0.9,133.945473416403
"21434",2020-12-12,"28","7  day ahead inc hosp",2020-12-19,"quantile",0.95,142.026341732856
"21435",2020-12-12,"28","7  day ahead inc hosp",2020-12-19,"quantile",0.975,149.035289865335
"21436",2020-12-12,"28","7  day ahead inc hosp",2020-12-19,"quantile",0.99,157.184706779901
"21437",2020-12-12,"28","8  day ahead inc hosp",2020-12-20,"quantile",0.01,49.7401715977291
"21438",2020-12-12,"28","8  day ahead inc hosp",2020-12-20,"quantile",0.025,58.1405242164932
"21439",2020-12-12,"28","8  day ahead inc hosp",2020-12-20,"quantile",0.05,65.3652908981713
"21440",2020-12-12,"28","8  day ahead inc hosp",2020-12-20,"quantile",0.1,73.6949841799907
"21441",2020-12-12,"28","8  day ahead inc hosp",2020-12-20,"quantile",0.15,79.3149886919268
"21442",2020-12-12,"28","8  day ahead inc hosp",2020-12-20,"quantile",0.2,83.781590120245
"21443",2020-12-12,"28","8  day ahead inc hosp",2020-12-20,"quantile",0.25,87.6135364320095
"21444",2020-12-12,"28","8  day ahead inc hosp",2020-12-20,"quantile",0.3,91.0547426512537
"21445",2020-12-12,"28","8  day ahead inc hosp",2020-12-20,"quantile",0.35,94.2435330556295
"21446",2020-12-12,"28","8  day ahead inc hosp",2020-12-20,"quantile",0.4,97.2693833168886
"21447",2020-12-12,"28","8  day ahead inc hosp",2020-12-20,"quantile",0.45,100.196928462537
"21448",2020-12-12,"28","8  day ahead inc hosp",2020-12-20,"quantile",0.5,103.078058485938
"21449",2020-12-12,"28","8  day ahead inc hosp",2020-12-20,"quantile",0.55,105.95918850934
"21450",2020-12-12,"28","8  day ahead inc hosp",2020-12-20,"quantile",0.6,108.886733654988
"21451",2020-12-12,"28","8  day ahead inc hosp",2020-12-20,"quantile",0.65,111.912583916247
"21452",2020-12-12,"28","8  day ahead inc hosp",2020-12-20,"quantile",0.7,115.101374320623
"21453",2020-12-12,"28","8  day ahead inc hosp",2020-12-20,"quantile",0.75,118.542580539867
"21454",2020-12-12,"28","8  day ahead inc hosp",2020-12-20,"quantile",0.8,122.374526851632
"21455",2020-12-12,"28","8  day ahead inc hosp",2020-12-20,"quantile",0.85,126.84112827995
"21456",2020-12-12,"28","8  day ahead inc hosp",2020-12-20,"quantile",0.9,132.461132791886
"21457",2020-12-12,"28","8  day ahead inc hosp",2020-12-20,"quantile",0.95,140.790826073706
"21458",2020-12-12,"28","8  day ahead inc hosp",2020-12-20,"quantile",0.975,148.015592755384
"21459",2020-12-12,"28","8  day ahead inc hosp",2020-12-20,"quantile",0.99,156.415945374148
"21460",2020-12-12,"28","9  day ahead inc hosp",2020-12-21,"quantile",0.01,48.1930942865978
"21461",2020-12-12,"28","9  day ahead inc hosp",2020-12-21,"quantile",0.025,56.8371010075431
"21462",2020-12-12,"28","9  day ahead inc hosp",2020-12-21,"quantile",0.05,64.2714236589744
"21463",2020-12-12,"28","9  day ahead inc hosp",2020-12-21,"quantile",0.1,72.8427215531399
"21464",2020-12-12,"28","9  day ahead inc hosp",2020-12-21,"quantile",0.15,78.6257355500054
"21465",2020-12-12,"28","9  day ahead inc hosp",2020-12-21,"quantile",0.2,83.2218917494397
"21466",2020-12-12,"28","9  day ahead inc hosp",2020-12-21,"quantile",0.25,87.1649845190463
"21467",2020-12-12,"28","9  day ahead inc hosp",2020-12-21,"quantile",0.3,90.7060036925583
"21468",2020-12-12,"28","9  day ahead inc hosp",2020-12-21,"quantile",0.35,93.9872856741671
"21469",2020-12-12,"28","9  day ahead inc hosp",2020-12-21,"quantile",0.4,97.1009013974492
"21470",2020-12-12,"28","9  day ahead inc hosp",2020-12-21,"quantile",0.45,100.113360643306
"21471",2020-12-12,"28","9  day ahead inc hosp",2020-12-21,"quantile",0.5,103.078058485938
"21472",2020-12-12,"28","9  day ahead inc hosp",2020-12-21,"quantile",0.55,106.042756328571
"21473",2020-12-12,"28","9  day ahead inc hosp",2020-12-21,"quantile",0.6,109.055215574428
"21474",2020-12-12,"28","9  day ahead inc hosp",2020-12-21,"quantile",0.65,112.16883129771
"21475",2020-12-12,"28","9  day ahead inc hosp",2020-12-21,"quantile",0.7,115.450113279319
"21476",2020-12-12,"28","9  day ahead inc hosp",2020-12-21,"quantile",0.75,118.991132452831
"21477",2020-12-12,"28","9  day ahead inc hosp",2020-12-21,"quantile",0.8,122.934225222437
"21478",2020-12-12,"28","9  day ahead inc hosp",2020-12-21,"quantile",0.85,127.530381421871
"21479",2020-12-12,"28","9  day ahead inc hosp",2020-12-21,"quantile",0.9,133.313395418737
"21480",2020-12-12,"28","9  day ahead inc hosp",2020-12-21,"quantile",0.95,141.884693312902
"21481",2020-12-12,"28","9  day ahead inc hosp",2020-12-21,"quantile",0.975,149.319015964334
"21482",2020-12-12,"28","9  day ahead inc hosp",2020-12-21,"quantile",0.99,157.963022685279
"21483",2020-12-12,"28","10  day ahead inc hosp",2020-12-22,"quantile",0.01,46.6884458553626
"21484",2020-12-12,"28","10  day ahead inc hosp",2020-12-22,"quantile",0.025,55.5694244199082
"21485",2020-12-12,"28","10  day ahead inc hosp",2020-12-22,"quantile",0.05,63.2075559300671
"21486",2020-12-12,"28","10  day ahead inc hosp",2020-12-22,"quantile",0.1,72.0138323856336
"21487",2020-12-12,"28","10  day ahead inc hosp",2020-12-22,"quantile",0.15,77.9553853023131
"21488",2020-12-12,"28","10  day ahead inc hosp",2020-12-22,"quantile",0.2,82.6775432094296
"21489",2020-12-12,"28","10  day ahead inc hosp",2020-12-22,"quantile",0.25,86.7287342248227
"21490",2020-12-12,"28","10  day ahead inc hosp",2020-12-22,"quantile",0.3,90.3668289639677
"21491",2020-12-12,"28","10  day ahead inc hosp",2020-12-22,"quantile",0.35,93.7380659242868
"21492",2020-12-12,"28","10  day ahead inc hosp",2020-12-22,"quantile",0.4,96.9370401256485
"21493",2020-12-12,"28","10  day ahead inc hosp",2020-12-22,"quantile",0.45,100.032084686893
"21494",2020-12-12,"28","10  day ahead inc hosp",2020-12-22,"quantile",0.5,103.078058485938
"21495",2020-12-12,"28","10  day ahead inc hosp",2020-12-22,"quantile",0.55,106.124032284984
"21496",2020-12-12,"28","10  day ahead inc hosp",2020-12-22,"quantile",0.6,109.219076846228
"21497",2020-12-12,"28","10  day ahead inc hosp",2020-12-22,"quantile",0.65,112.41805104759
"21498",2020-12-12,"28","10  day ahead inc hosp",2020-12-22,"quantile",0.7,115.789288007909
"21499",2020-12-12,"28","10  day ahead inc hosp",2020-12-22,"quantile",0.75,119.427382747054
"21500",2020-12-12,"28","10  day ahead inc hosp",2020-12-22,"quantile",0.8,123.478573762447
"21501",2020-12-12,"28","10  day ahead inc hosp",2020-12-22,"quantile",0.85,128.200731669564
"21502",2020-12-12,"28","10  day ahead inc hosp",2020-12-22,"quantile",0.9,134.142284586243
"21503",2020-12-12,"28","10  day ahead inc hosp",2020-12-22,"quantile",0.95,142.94856104181
"21504",2020-12-12,"28","10  day ahead inc hosp",2020-12-22,"quantile",0.975,150.586692551969
"21505",2020-12-12,"28","10  day ahead inc hosp",2020-12-22,"quantile",0.99,159.467671116514
"21506",2020-12-12,"28","11  day ahead inc hosp",2020-12-23,"quantile",0.01,45.2229158442519
"21507",2020-12-12,"28","11  day ahead inc hosp",2020-12-23,"quantile",0.025,54.3347053686039
"21508",2020-12-12,"28","11  day ahead inc hosp",2020-12-23,"quantile",0.05,62.1713470375447
"21509",2020-12-12,"28","11  day ahead inc hosp",2020-12-23,"quantile",0.1,71.2064929928243
"21510",2020-12-12,"28","11  day ahead inc hosp",2020-12-23,"quantile",0.15,77.3024630743998
"21511",2020-12-12,"28","11  day ahead inc hosp",2020-12-23,"quantile",0.2,82.1473468490518
"21512",2020-12-12,"28","11  day ahead inc hosp",2020-12-23,"quantile",0.25,86.303825731072
"21513",2020-12-12,"28","11  day ahead inc hosp",2020-12-23,"quantile",0.3,90.0364722285064
"21514",2020-12-12,"28","11  day ahead inc hosp",2020-12-23,"quantile",0.35,93.4953254839095
"21515",2020-12-12,"28","11  day ahead inc hosp",2020-12-23,"quantile",0.4,96.7774389812897
"21516",2020-12-12,"28","11  day ahead inc hosp",2020-12-23,"quantile",0.45,99.9529217735951
"21517",2020-12-12,"28","11  day ahead inc hosp",2020-12-23,"quantile",0.5,103.078058485938
"21518",2020-12-12,"28","11  day ahead inc hosp",2020-12-23,"quantile",0.55,106.203195198282
"21519",2020-12-12,"28","11  day ahead inc hosp",2020-12-23,"quantile",0.6,109.378677990587
"21520",2020-12-12,"28","11  day ahead inc hosp",2020-12-23,"quantile",0.65,112.660791487967
"21521",2020-12-12,"28","11  day ahead inc hosp",2020-12-23,"quantile",0.7,116.11964474337
"21522",2020-12-12,"28","11  day ahead inc hosp",2020-12-23,"quantile",0.75,119.852291240805
"21523",2020-12-12,"28","11  day ahead inc hosp",2020-12-23,"quantile",0.8,124.008770122825
"21524",2020-12-12,"28","11  day ahead inc hosp",2020-12-23,"quantile",0.85,128.853653897477
"21525",2020-12-12,"28","11  day ahead inc hosp",2020-12-23,"quantile",0.9,134.949623979053
"21526",2020-12-12,"28","11  day ahead inc hosp",2020-12-23,"quantile",0.95,143.984769934332
"21527",2020-12-12,"28","11  day ahead inc hosp",2020-12-23,"quantile",0.975,151.821411603273
"21528",2020-12-12,"28","11  day ahead inc hosp",2020-12-23,"quantile",0.99,160.933201127625
"21529",2020-12-12,"28","12  day ahead inc hosp",2020-12-24,"quantile",0.01,43.7936031240698
"21530",2020-12-12,"28","12  day ahead inc hosp",2020-12-24,"quantile",0.025,53.1304996324533
"21531",2020-12-12,"28","12  day ahead inc hosp",2020-12-24,"quantile",0.05,61.1607457263334
"21532",2020-12-12,"28","12  day ahead inc hosp",2020-12-24,"quantile",0.1,70.4191051843877
"21533",2020-12-12,"28","12  day ahead inc hosp",2020-12-24,"quantile",0.15,76.6656763565768
"21534",2020-12-12,"28","12  day ahead inc hosp",2020-12-24,"quantile",0.2,81.6302531038968
"21535",2020-12-12,"28","12  day ahead inc hosp",2020-12-24,"quantile",0.25,85.8894178988018
"21536",2020-12-12,"28","12  day ahead inc hosp",2020-12-24,"quantile",0.3,89.7142795196482
"21537",2020-12-12,"28","12  day ahead inc hosp",2020-12-24,"quantile",0.35,93.2585838296933
"21538",2020-12-12,"28","12  day ahead inc hosp",2020-12-24,"quantile",0.4,96.6217820216518
"21539",2020-12-12,"28","12  day ahead inc hosp",2020-12-24,"quantile",0.45,99.8757151943473
"21540",2020-12-12,"28","12  day ahead inc hosp",2020-12-24,"quantile",0.5,103.078058485938
"21541",2020-12-12,"28","12  day ahead inc hosp",2020-12-24,"quantile",0.55,106.28040177753
"21542",2020-12-12,"28","12  day ahead inc hosp",2020-12-24,"quantile",0.6,109.534334950225
"21543",2020-12-12,"28","12  day ahead inc hosp",2020-12-24,"quantile",0.65,112.897533142184
"21544",2020-12-12,"28","12  day ahead inc hosp",2020-12-24,"quantile",0.7,116.441837452229
"21545",2020-12-12,"28","12  day ahead inc hosp",2020-12-24,"quantile",0.75,120.266699073075
"21546",2020-12-12,"28","12  day ahead inc hosp",2020-12-24,"quantile",0.8,124.52586386798
"21547",2020-12-12,"28","12  day ahead inc hosp",2020-12-24,"quantile",0.85,129.4904406153
"21548",2020-12-12,"28","12  day ahead inc hosp",2020-12-24,"quantile",0.9,135.737011787489
"21549",2020-12-12,"28","12  day ahead inc hosp",2020-12-24,"quantile",0.95,144.995371245543
"21550",2020-12-12,"28","12  day ahead inc hosp",2020-12-24,"quantile",0.975,153.025617339424
"21551",2020-12-12,"28","12  day ahead inc hosp",2020-12-24,"quantile",0.99,162.362513847807
"21552",2020-12-12,"28","13  day ahead inc hosp",2020-12-25,"quantile",0.01,42.3979483590041
"21553",2020-12-12,"28","13  day ahead inc hosp",2020-12-25,"quantile",0.025,51.9546509535413
"21554",2020-12-12,"28","13  day ahead inc hosp",2020-12-25,"quantile",0.05,60.1739424077467
"21555",2020-12-12,"28","13  day ahead inc hosp",2020-12-25,"quantile",0.1,69.650259059056
"21556",2020-12-12,"28","13  day ahead inc hosp",2020-12-25,"quantile",0.15,76.0438849147802
"21557",2020-12-12,"28","13  day ahead inc hosp",2020-12-25,"quantile",0.2,81.1253360628455
"21558",2020-12-12,"28","13  day ahead inc hosp",2020-12-25,"quantile",0.25,85.484768686896
"21559",2020-12-12,"28","13  day ahead inc hosp",2020-12-25,"quantile",0.3,89.3996739172227
"21560",2020-12-12,"28","13  day ahead inc hosp",2020-12-25,"quantile",0.35,93.0274170506316
"21561",2020-12-12,"28","13  day ahead inc hosp",2020-12-25,"quantile",0.4,96.469790526462
"21562",2020-12-12,"28","13  day ahead inc hosp",2020-12-25,"quantile",0.45,99.8003267025917
"21563",2020-12-12,"28","13  day ahead inc hosp",2020-12-25,"quantile",0.5,103.078058485938
"21564",2020-12-12,"28","13  day ahead inc hosp",2020-12-25,"quantile",0.55,106.355790269285
"21565",2020-12-12,"28","13  day ahead inc hosp",2020-12-25,"quantile",0.6,109.686326445415
"21566",2020-12-12,"28","13  day ahead inc hosp",2020-12-25,"quantile",0.65,113.128699921245
"21567",2020-12-12,"28","13  day ahead inc hosp",2020-12-25,"quantile",0.7,116.756443054654
"21568",2020-12-12,"28","13  day ahead inc hosp",2020-12-25,"quantile",0.75,120.671348284981
"21569",2020-12-12,"28","13  day ahead inc hosp",2020-12-25,"quantile",0.8,125.030780909031
"21570",2020-12-12,"28","13  day ahead inc hosp",2020-12-25,"quantile",0.85,130.112232057097
"21571",2020-12-12,"28","13  day ahead inc hosp",2020-12-25,"quantile",0.9,136.505857912821
"21572",2020-12-12,"28","13  day ahead inc hosp",2020-12-25,"quantile",0.95,145.98217456413
"21573",2020-12-12,"28","13  day ahead inc hosp",2020-12-25,"quantile",0.975,154.201466018336
"21574",2020-12-12,"28","13  day ahead inc hosp",2020-12-25,"quantile",0.99,163.758168612873
"21575",2020-12-12,"28","14  day ahead inc hosp",2020-12-26,"quantile",0.01,41.0336801549375
"21576",2020-12-12,"28","14  day ahead inc hosp",2020-12-26,"quantile",0.025,50.8052456667993
"21577",2020-12-12,"28","14  day ahead inc hosp",2020-12-26,"quantile",0.05,59.2093310834328
"21578",2020-12-12,"28","14  day ahead inc hosp",2020-12-26,"quantile",0.1,68.8987033384976
"21579",2020-12-12,"28","14  day ahead inc hosp",2020-12-26,"quantile",0.15,75.4360767985919
"21580",2020-12-12,"28","14  day ahead inc hosp",2020-12-26,"quantile",0.2,80.6317739857189
"21581",2020-12-12,"28","14  day ahead inc hosp",2020-12-26,"quantile",0.25,85.089219538624
"21582",2020-12-12,"28","14  day ahead inc hosp",2020-12-26,"quantile",0.3,89.0921434082791
"21583",2020-12-12,"28","14  day ahead inc hosp",2020-12-26,"quantile",0.35,92.8014489284251
"21584",2020-12-12,"28","14  day ahead inc hosp",2020-12-26,"quantile",0.4,96.321217133266
"21585",2020-12-12,"28","14  day ahead inc hosp",2020-12-26,"quantile",0.45,99.7266336053952
"21586",2020-12-12,"28","14  day ahead inc hosp",2020-12-26,"quantile",0.5,103.078058485938
"21587",2020-12-12,"28","14  day ahead inc hosp",2020-12-26,"quantile",0.55,106.429483366482
"21588",2020-12-12,"28","14  day ahead inc hosp",2020-12-26,"quantile",0.6,109.834899838611
"21589",2020-12-12,"28","14  day ahead inc hosp",2020-12-26,"quantile",0.65,113.354668043452
"21590",2020-12-12,"28","14  day ahead inc hosp",2020-12-26,"quantile",0.7,117.063973563598
"21591",2020-12-12,"28","14  day ahead inc hosp",2020-12-26,"quantile",0.75,121.066897433253
"21592",2020-12-12,"28","14  day ahead inc hosp",2020-12-26,"quantile",0.8,125.524342986158
"21593",2020-12-12,"28","14  day ahead inc hosp",2020-12-26,"quantile",0.85,130.720040173285
"21594",2020-12-12,"28","14  day ahead inc hosp",2020-12-26,"quantile",0.9,137.257413633379
"21595",2020-12-12,"28","14  day ahead inc hosp",2020-12-26,"quantile",0.95,146.946785888444
"21596",2020-12-12,"28","14  day ahead inc hosp",2020-12-26,"quantile",0.975,155.350871305078
"21597",2020-12-12,"28","14  day ahead inc hosp",2020-12-26,"quantile",0.99,165.122436816939
"21598",2020-12-12,"28","15  day ahead inc hosp",2020-12-27,"quantile",0.01,29.9330995010765
"21599",2020-12-12,"28","15  day ahead inc hosp",2020-12-27,"quantile",0.025,39.9149039784633
"21600",2020-12-12,"28","15  day ahead inc hosp",2020-12-27,"quantile",0.05,48.4998065038837
"21601",2020-12-12,"28","15  day ahead inc hosp",2020-12-27,"quantile",0.1,58.397649305149
"21602",2020-12-12,"28","15  day ahead inc hosp",2020-12-27,"quantile",0.15,65.0756768530486
"21603",2020-12-12,"28","15  day ahead inc hosp",2020-12-27,"quantile",0.2,70.3831614503379
"21604",2020-12-12,"28","15  day ahead inc hosp",2020-12-27,"quantile",0.25,74.9365106474225
"21605",2020-12-12,"28","15  day ahead inc hosp",2020-12-27,"quantile",0.3,79.0255589535776
"21606",2020-12-12,"28","15  day ahead inc hosp",2020-12-27,"quantile",0.35,82.8146715992477
"21607",2020-12-12,"28","15  day ahead inc hosp",2020-12-27,"quantile",0.4,86.4101689618551
"21608",2020-12-12,"28","15  day ahead inc hosp",2020-12-27,"quantile",0.45,89.8888542705297
"21609",2020-12-12,"28","15  day ahead inc hosp",2020-12-27,"quantile",0.5,93.3123863378963
"21610",2020-12-12,"28","15  day ahead inc hosp",2020-12-27,"quantile",0.55,96.7359184052628
"21611",2020-12-12,"28","15  day ahead inc hosp",2020-12-27,"quantile",0.6,100.214603713937
"21612",2020-12-12,"28","15  day ahead inc hosp",2020-12-27,"quantile",0.65,103.810101076545
"21613",2020-12-12,"28","15  day ahead inc hosp",2020-12-27,"quantile",0.7,107.599213722215
"21614",2020-12-12,"28","15  day ahead inc hosp",2020-12-27,"quantile",0.75,111.68826202837
"21615",2020-12-12,"28","15  day ahead inc hosp",2020-12-27,"quantile",0.8,116.241611225455
"21616",2020-12-12,"28","15  day ahead inc hosp",2020-12-27,"quantile",0.85,121.549095822744
"21617",2020-12-12,"28","15  day ahead inc hosp",2020-12-27,"quantile",0.9,128.227123370644
"21618",2020-12-12,"28","15  day ahead inc hosp",2020-12-27,"quantile",0.95,138.124966171909
"21619",2020-12-12,"28","15  day ahead inc hosp",2020-12-27,"quantile",0.975,146.709868697329
"21620",2020-12-12,"28","15  day ahead inc hosp",2020-12-27,"quantile",0.99,156.691673174716
"21621",2020-12-12,"28","16  day ahead inc hosp",2020-12-28,"quantile",0.01,28.6257330204818
"21622",2020-12-12,"28","16  day ahead inc hosp",2020-12-28,"quantile",0.025,38.8134387826714
"21623",2020-12-12,"28","16  day ahead inc hosp",2020-12-28,"quantile",0.05,47.575427772157
"21624",2020-12-12,"28","16  day ahead inc hosp",2020-12-28,"quantile",0.1,57.6774399251836
"21625",2020-12-12,"28","16  day ahead inc hosp",2020-12-28,"quantile",0.15,64.4932195654205
"21626",2020-12-12,"28","16  day ahead inc hosp",2020-12-28,"quantile",0.2,69.9101851588692
"21627",2020-12-12,"28","16  day ahead inc hosp",2020-12-28,"quantile",0.25,74.5574593022858
"21628",2020-12-12,"28","16  day ahead inc hosp",2020-12-28,"quantile",0.3,78.7308551131196
"21629",2020-12-12,"28","16  day ahead inc hosp",2020-12-28,"quantile",0.35,82.5981282921655
"21630",2020-12-12,"28","16  day ahead inc hosp",2020-12-28,"quantile",0.4,86.2677923576113
"21631",2020-12-12,"28","16  day ahead inc hosp",2020-12-28,"quantile",0.45,89.8182348096065
"21632",2020-12-12,"28","16  day ahead inc hosp",2020-12-28,"quantile",0.5,93.3123863378963
"21633",2020-12-12,"28","16  day ahead inc hosp",2020-12-28,"quantile",0.55,96.8065378661861
"21634",2020-12-12,"28","16  day ahead inc hosp",2020-12-28,"quantile",0.6,100.356980318181
"21635",2020-12-12,"28","16  day ahead inc hosp",2020-12-28,"quantile",0.65,104.026644383627
"21636",2020-12-12,"28","16  day ahead inc hosp",2020-12-28,"quantile",0.7,107.893917562673
"21637",2020-12-12,"28","16  day ahead inc hosp",2020-12-28,"quantile",0.75,112.067313373507
"21638",2020-12-12,"28","16  day ahead inc hosp",2020-12-28,"quantile",0.8,116.714587516923
"21639",2020-12-12,"28","16  day ahead inc hosp",2020-12-28,"quantile",0.85,122.131553110372
"21640",2020-12-12,"28","16  day ahead inc hosp",2020-12-28,"quantile",0.9,128.947332750609
"21641",2020-12-12,"28","16  day ahead inc hosp",2020-12-28,"quantile",0.95,139.049344903636
"21642",2020-12-12,"28","16  day ahead inc hosp",2020-12-28,"quantile",0.975,147.811333893121
"21643",2020-12-12,"28","16  day ahead inc hosp",2020-12-28,"quantile",0.99,157.999039655311
"21644",2020-12-12,"28","17  day ahead inc hosp",2020-12-29,"quantile",0.01,27.3442710482288
"21645",2020-12-12,"28","17  day ahead inc hosp",2020-12-29,"quantile",0.025,37.7337983122154
"21646",2020-12-12,"28","17  day ahead inc hosp",2020-12-29,"quantile",0.05,46.6693649273084
"21647",2020-12-12,"28","17  day ahead inc hosp",2020-12-29,"quantile",0.1,56.9715009660742
"21648",2020-12-12,"28","17  day ahead inc hosp",2020-12-29,"quantile",0.15,63.922303241929
"21649",2020-12-12,"28","17  day ahead inc hosp",2020-12-29,"quantile",0.2,69.4465805458621
"21650",2020-12-12,"28","17  day ahead inc hosp",2020-12-29,"quantile",0.25,74.1859185816586
"21651",2020-12-12,"28","17  day ahead inc hosp",2020-12-29,"quantile",0.3,78.4419906132036
"21652",2020-12-12,"28","17  day ahead inc hosp",2020-12-29,"quantile",0.35,82.3858756319585
"21653",2020-12-12,"28","17  day ahead inc hosp",2020-12-29,"quantile",0.4,86.1282368414
"21654",2020-12-12,"28","17  day ahead inc hosp",2020-12-29,"quantile",0.45,89.7490146215281
"21655",2020-12-12,"28","17  day ahead inc hosp",2020-12-29,"quantile",0.5,93.3123863378963
"21656",2020-12-12,"28","17  day ahead inc hosp",2020-12-29,"quantile",0.55,96.8757580542645
"21657",2020-12-12,"28","17  day ahead inc hosp",2020-12-29,"quantile",0.6,100.496535834393
"21658",2020-12-12,"28","17  day ahead inc hosp",2020-12-29,"quantile",0.65,104.238897043834
"21659",2020-12-12,"28","17  day ahead inc hosp",2020-12-29,"quantile",0.7,108.182782062589
"21660",2020-12-12,"28","17  day ahead inc hosp",2020-12-29,"quantile",0.75,112.438854094134
"21661",2020-12-12,"28","17  day ahead inc hosp",2020-12-29,"quantile",0.8,117.17819212993
"21662",2020-12-12,"28","17  day ahead inc hosp",2020-12-29,"quantile",0.85,122.702469433864
"21663",2020-12-12,"28","17  day ahead inc hosp",2020-12-29,"quantile",0.9,129.653271709718
"21664",2020-12-12,"28","17  day ahead inc hosp",2020-12-29,"quantile",0.95,139.955407748484
"21665",2020-12-12,"28","17  day ahead inc hosp",2020-12-29,"quantile",0.975,148.890974363577
"21666",2020-12-12,"28","17  day ahead inc hosp",2020-12-29,"quantile",0.99,159.280501627564
"21667",2020-12-12,"28","18  day ahead inc hosp",2020-12-30,"quantile",0.01,26.0872321741879
"21668",2020-12-12,"28","18  day ahead inc hosp",2020-12-30,"quantile",0.025,36.6747344689359
"21669",2020-12-12,"28","18  day ahead inc hosp",2020-12-30,"quantile",0.05,45.7805705323439
"21670",2020-12-12,"28","18  day ahead inc hosp",2020-12-30,"quantile",0.1,56.2790163402993
"21671",2020-12-12,"28","18  day ahead inc hosp",2020-12-30,"quantile",0.15,63.3622678854435
"21672",2020-12-12,"28","18  day ahead inc hosp",2020-12-30,"quantile",0.2,68.9918116698807
"21673",2020-12-12,"28","18  day ahead inc hosp",2020-12-30,"quantile",0.25,73.8214589728445
"21674",2020-12-12,"28","18  day ahead inc hosp",2020-12-30,"quantile",0.3,78.1586315174309
"21675",2020-12-12,"28","18  day ahead inc hosp",2020-12-30,"quantile",0.35,82.1776682479112
"21676",2020-12-12,"28","18  day ahead inc hosp",2020-12-30,"quantile",0.4,85.9913410826783
"21677",2020-12-12,"28","18  day ahead inc hosp",2020-12-30,"quantile",0.45,89.6811136855916
"21678",2020-12-12,"28","18  day ahead inc hosp",2020-12-30,"quantile",0.5,93.3123863378963
"21679",2020-12-12,"28","18  day ahead inc hosp",2020-12-30,"quantile",0.55,96.9436589902009
"21680",2020-12-12,"28","18  day ahead inc hosp",2020-12-30,"quantile",0.6,100.633431593114
"21681",2020-12-12,"28","18  day ahead inc hosp",2020-12-30,"quantile",0.65,104.447104427881
"21682",2020-12-12,"28","18  day ahead inc hosp",2020-12-30,"quantile",0.7,108.466141158362
"21683",2020-12-12,"28","18  day ahead inc hosp",2020-12-30,"quantile",0.75,112.803313702948
"21684",2020-12-12,"28","18  day ahead inc hosp",2020-12-30,"quantile",0.8,117.632961005912
"21685",2020-12-12,"28","18  day ahead inc hosp",2020-12-30,"quantile",0.85,123.262504790349
"21686",2020-12-12,"28","18  day ahead inc hosp",2020-12-30,"quantile",0.9,130.345756335493
"21687",2020-12-12,"28","18  day ahead inc hosp",2020-12-30,"quantile",0.95,140.844202143449
"21688",2020-12-12,"28","18  day ahead inc hosp",2020-12-30,"quantile",0.975,149.950038206857
"21689",2020-12-12,"28","18  day ahead inc hosp",2020-12-30,"quantile",0.99,160.537540501605
"21690",2020-12-12,"28","19  day ahead inc hosp",2020-12-31,"quantile",0.01,24.8532710222727
"21691",2020-12-12,"28","19  day ahead inc hosp",2020-12-31,"quantile",0.025,35.6351137642841
"21692",2020-12-12,"28","19  day ahead inc hosp",2020-12-31,"quantile",0.05,44.9080933336868
"21693",2020-12-12,"28","19  day ahead inc hosp",2020-12-31,"quantile",0.1,55.5992448995339
"21694",2020-12-12,"28","19  day ahead inc hosp",2020-12-31,"quantile",0.15,62.8125141046551
"21695",2020-12-12,"28","19  day ahead inc hosp",2020-12-31,"quantile",0.2,68.5453918035981
"21696",2020-12-12,"28","19  day ahead inc hosp",2020-12-31,"quantile",0.25,73.4636904041818
"21697",2020-12-12,"28","19  day ahead inc hosp",2020-12-31,"quantile",0.3,77.8804745539144
"21698",2020-12-12,"28","19  day ahead inc hosp",2020-12-31,"quantile",0.35,81.9732833010637
"21699",2020-12-12,"28","19  day ahead inc hosp",2020-12-31,"quantile",0.4,85.8569585654683
"21700",2020-12-12,"28","19  day ahead inc hosp",2020-12-31,"quantile",0.45,89.6144593291874
"21701",2020-12-12,"28","19  day ahead inc hosp",2020-12-31,"quantile",0.5,93.3123863378963
"21702",2020-12-12,"28","19  day ahead inc hosp",2020-12-31,"quantile",0.55,97.0103133466052
"21703",2020-12-12,"28","19  day ahead inc hosp",2020-12-31,"quantile",0.6,100.767814110324
"21704",2020-12-12,"28","19  day ahead inc hosp",2020-12-31,"quantile",0.65,104.651489374729
"21705",2020-12-12,"28","19  day ahead inc hosp",2020-12-31,"quantile",0.7,108.744298121878
"21706",2020-12-12,"28","19  day ahead inc hosp",2020-12-31,"quantile",0.75,113.161082271611
"21707",2020-12-12,"28","19  day ahead inc hosp",2020-12-31,"quantile",0.8,118.079380872194
"21708",2020-12-12,"28","19  day ahead inc hosp",2020-12-31,"quantile",0.85,123.812258571137
"21709",2020-12-12,"28","19  day ahead inc hosp",2020-12-31,"quantile",0.9,131.025527776259
"21710",2020-12-12,"28","19  day ahead inc hosp",2020-12-31,"quantile",0.95,141.716679342106
"21711",2020-12-12,"28","19  day ahead inc hosp",2020-12-31,"quantile",0.975,150.989658911508
"21712",2020-12-12,"28","19  day ahead inc hosp",2020-12-31,"quantile",0.99,161.77150165352
"21713",2020-12-12,"28","20  day ahead inc hosp",2021-01-01,"quantile",0.01,23.6411613790846
"21714",2020-12-12,"28","20  day ahead inc hosp",2021-01-01,"quantile",0.025,34.6139031050908
"21715",2020-12-12,"28","20  day ahead inc hosp",2021-01-01,"quantile",0.05,44.0510663322188
"21716",2020-12-12,"28","20  day ahead inc hosp",2021-01-01,"quantile",0.1,54.9315111404632
"21717",2020-12-12,"28","20  day ahead inc hosp",2021-01-01,"quantile",0.15,62.2724955975582
"21718",2020-12-12,"28","20  day ahead inc hosp",2021-01-01,"quantile",0.2,68.1068773301142
"21719",2020-12-12,"28","20  day ahead inc hosp",2021-01-01,"quantile",0.25,73.1122573534472
"21720",2020-12-12,"28","20  day ahead inc hosp",2021-01-01,"quantile",0.3,77.6072433121732
"21721",2020-12-12,"28","20  day ahead inc hosp",2021-01-01,"quantile",0.35,81.7725176897542
"21722",2020-12-12,"28","20  day ahead inc hosp",2021-01-01,"quantile",0.4,85.724955751009
"21723",2020-12-12,"28","20  day ahead inc hosp",2021-01-01,"quantile",0.45,89.5489853164661
"21724",2020-12-12,"28","20  day ahead inc hosp",2021-01-01,"quantile",0.5,93.3123863378963
"21725",2020-12-12,"28","20  day ahead inc hosp",2021-01-01,"quantile",0.55,97.0757873593264
"21726",2020-12-12,"28","20  day ahead inc hosp",2021-01-01,"quantile",0.6,100.899816924784
"21727",2020-12-12,"28","20  day ahead inc hosp",2021-01-01,"quantile",0.65,104.852254986038
"21728",2020-12-12,"28","20  day ahead inc hosp",2021-01-01,"quantile",0.7,109.017529363619
"21729",2020-12-12,"28","20  day ahead inc hosp",2021-01-01,"quantile",0.75,113.512515322345
"21730",2020-12-12,"28","20  day ahead inc hosp",2021-01-01,"quantile",0.8,118.517895345678
"21731",2020-12-12,"28","20  day ahead inc hosp",2021-01-01,"quantile",0.85,124.352277078234
"21732",2020-12-12,"28","20  day ahead inc hosp",2021-01-01,"quantile",0.9,131.693261535329
"21733",2020-12-12,"28","20  day ahead inc hosp",2021-01-01,"quantile",0.95,142.573706343574
"21734",2020-12-12,"28","20  day ahead inc hosp",2021-01-01,"quantile",0.975,152.010869570702
"21735",2020-12-12,"28","20  day ahead inc hosp",2021-01-01,"quantile",0.99,162.983611296708
"21736",2020-12-12,"28","21  day ahead inc hosp",2021-01-02,"quantile",0.01,22.4497819211459
"21737",2020-12-12,"28","21  day ahead inc hosp",2021-01-02,"quantile",0.025,33.6101577686615
"21738",2020-12-12,"28","21  day ahead inc hosp",2021-01-02,"quantile",0.05,43.208696691662
"21739",2020-12-12,"28","21  day ahead inc hosp",2021-01-02,"quantile",0.1,54.2751973421202
"21740",2020-12-12,"28","21  day ahead inc hosp",2021-01-02,"quantile",0.15,61.7417127926547
"21741",2020-12-12,"28","21  day ahead inc hosp",2021-01-02,"quantile",0.2,67.675862579383
"21742",2020-12-12,"28","21  day ahead inc hosp",2021-01-02,"quantile",0.25,72.7668347096798
"21743",2020-12-12,"28","21  day ahead inc hosp",2021-01-02,"quantile",0.3,77.3386850257947
"21744",2020-12-12,"28","21  day ahead inc hosp",2021-01-02,"quantile",0.35,81.5751856855755
"21745",2020-12-12,"28","21  day ahead inc hosp",2021-01-02,"quantile",0.4,85.5952105234047
"21746",2020-12-12,"28","21  day ahead inc hosp",2021-01-02,"quantile",0.45,89.4846310773729
"21747",2020-12-12,"28","21  day ahead inc hosp",2021-01-02,"quantile",0.5,93.3123863378963
"21748",2020-12-12,"28","21  day ahead inc hosp",2021-01-02,"quantile",0.55,97.1401415984196
"21749",2020-12-12,"28","21  day ahead inc hosp",2021-01-02,"quantile",0.6,101.029562152388
"21750",2020-12-12,"28","21  day ahead inc hosp",2021-01-02,"quantile",0.65,105.049586990217
"21751",2020-12-12,"28","21  day ahead inc hosp",2021-01-02,"quantile",0.7,109.286087649998
"21752",2020-12-12,"28","21  day ahead inc hosp",2021-01-02,"quantile",0.75,113.857937966113
"21753",2020-12-12,"28","21  day ahead inc hosp",2021-01-02,"quantile",0.8,118.94891009641
"21754",2020-12-12,"28","21  day ahead inc hosp",2021-01-02,"quantile",0.85,124.883059883138
"21755",2020-12-12,"28","21  day ahead inc hosp",2021-01-02,"quantile",0.9,132.349575333672
"21756",2020-12-12,"28","21  day ahead inc hosp",2021-01-02,"quantile",0.95,143.416075984131
"21757",2020-12-12,"28","21  day ahead inc hosp",2021-01-02,"quantile",0.975,153.014614907131
"21758",2020-12-12,"28","21  day ahead inc hosp",2021-01-02,"quantile",0.99,164.174990754647
"21759",2020-12-12,"28","22  day ahead inc hosp",2021-01-03,"quantile",0.01,22.5708627239878
"21760",2020-12-12,"28","22  day ahead inc hosp",2021-01-03,"quantile",0.025,33.9157698249729
"21761",2020-12-12,"28","22  day ahead inc hosp",2021-01-03,"quantile",0.05,43.6730158061528
"21762",2020-12-12,"28","22  day ahead inc hosp",2021-01-03,"quantile",0.1,54.9224955304748
"21763",2020-12-12,"28","22  day ahead inc hosp",2021-01-03,"quantile",0.15,62.51246609345
"21764",2020-12-12,"28","22  day ahead inc hosp",2021-01-03,"quantile",0.2,68.5447340899395
"21765",2020-12-12,"28","22  day ahead inc hosp",2021-01-03,"quantile",0.25,73.7198829076004
"21766",2020-12-12,"28","22  day ahead inc hosp",2021-01-03,"quantile",0.3,78.3673264905581
"21767",2020-12-12,"28","22  day ahead inc hosp",2021-01-03,"quantile",0.35,82.6738755777176
"21768",2020-12-12,"28","22  day ahead inc hosp",2021-01-03,"quantile",0.4,86.7603695230786
"21769",2020-12-12,"28","22  day ahead inc hosp",2021-01-03,"quantile",0.45,90.7140997078244
"21770",2020-12-12,"28","22  day ahead inc hosp",2021-01-03,"quantile",0.5,94.6051449942259
"21771",2020-12-12,"28","22  day ahead inc hosp",2021-01-03,"quantile",0.55,98.4961902806274
"21772",2020-12-12,"28","22  day ahead inc hosp",2021-01-03,"quantile",0.6,102.449920465373
"21773",2020-12-12,"28","22  day ahead inc hosp",2021-01-03,"quantile",0.65,106.536414410734
"21774",2020-12-12,"28","22  day ahead inc hosp",2021-01-03,"quantile",0.7,110.842963497894
"21775",2020-12-12,"28","22  day ahead inc hosp",2021-01-03,"quantile",0.75,115.490407080851
"21776",2020-12-12,"28","22  day ahead inc hosp",2021-01-03,"quantile",0.8,120.665555898512
"21777",2020-12-12,"28","22  day ahead inc hosp",2021-01-03,"quantile",0.85,126.697823895002
"21778",2020-12-12,"28","22  day ahead inc hosp",2021-01-03,"quantile",0.9,134.287794457977
"21779",2020-12-12,"28","22  day ahead inc hosp",2021-01-03,"quantile",0.95,145.537274182299
"21780",2020-12-12,"28","22  day ahead inc hosp",2021-01-03,"quantile",0.975,155.294520163479
"21781",2020-12-12,"28","22  day ahead inc hosp",2021-01-03,"quantile",0.99,166.639427264464
"21782",2020-12-12,"28","23  day ahead inc hosp",2021-01-04,"quantile",0.01,21.4179402405817
"21783",2020-12-12,"28","23  day ahead inc hosp",2021-01-04,"quantile",0.025,32.9444247524419
"21784",2020-12-12,"28","23  day ahead inc hosp",2021-01-04,"quantile",0.05,42.8578373242131
"21785",2020-12-12,"28","23  day ahead inc hosp",2021-01-04,"quantile",0.1,54.2873671259709
"21786",2020-12-12,"28","23  day ahead inc hosp",2021-01-04,"quantile",0.15,61.9988166214024
"21787",2020-12-12,"28","23  day ahead inc hosp",2021-01-04,"quantile",0.2,68.1276322224477
"21788",2020-12-12,"28","23  day ahead inc hosp",2021-01-04,"quantile",0.25,73.3856102880557
"21789",2020-12-12,"28","23  day ahead inc hosp",2021-01-04,"quantile",0.3,78.1074370956154
"21790",2020-12-12,"28","23  day ahead inc hosp",2021-01-04,"quantile",0.35,82.4829133256852
"21791",2020-12-12,"28","23  day ahead inc hosp",2021-01-04,"quantile",0.4,86.6348123892679
"21792",2020-12-12,"28","23  day ahead inc hosp",2021-01-04,"quantile",0.45,90.6518227828207
"21793",2020-12-12,"28","23  day ahead inc hosp",2021-01-04,"quantile",0.5,94.6051449942259
"21794",2020-12-12,"28","23  day ahead inc hosp",2021-01-04,"quantile",0.55,98.5584672056311
"21795",2020-12-12,"28","23  day ahead inc hosp",2021-01-04,"quantile",0.6,102.575477599184
"21796",2020-12-12,"28","23  day ahead inc hosp",2021-01-04,"quantile",0.65,106.727376662767
"21797",2020-12-12,"28","23  day ahead inc hosp",2021-01-04,"quantile",0.7,111.102852892836
"21798",2020-12-12,"28","23  day ahead inc hosp",2021-01-04,"quantile",0.75,115.824679700396
"21799",2020-12-12,"28","23  day ahead inc hosp",2021-01-04,"quantile",0.8,121.082657766004
"21800",2020-12-12,"28","23  day ahead inc hosp",2021-01-04,"quantile",0.85,127.211473367049
"21801",2020-12-12,"28","23  day ahead inc hosp",2021-01-04,"quantile",0.9,134.922922862481
"21802",2020-12-12,"28","23  day ahead inc hosp",2021-01-04,"quantile",0.95,146.352452664239
"21803",2020-12-12,"28","23  day ahead inc hosp",2021-01-04,"quantile",0.975,156.26586523601
"21804",2020-12-12,"28","23  day ahead inc hosp",2021-01-04,"quantile",0.99,167.79234974787
"21805",2020-12-12,"28","24  day ahead inc hosp",2021-01-05,"quantile",0.01,20.2829002951095
"21806",2020-12-12,"28","24  day ahead inc hosp",2021-01-05,"quantile",0.025,31.988145840348
"21807",2020-12-12,"28","24  day ahead inc hosp",2021-01-05,"quantile",0.05,42.0553027626895
"21808",2020-12-12,"28","24  day ahead inc hosp",2021-01-05,"quantile",0.1,53.6620899542687
"21809",2020-12-12,"28","24  day ahead inc hosp",2021-01-05,"quantile",0.15,61.4931341690815
"21810",2020-12-12,"28","24  day ahead inc hosp",2021-01-05,"quantile",0.2,67.7169998618612
"21811",2020-12-12,"28","24  day ahead inc hosp",2021-01-05,"quantile",0.25,73.0565224427566
"21812",2020-12-12,"28","24  day ahead inc hosp",2021-01-05,"quantile",0.3,77.8515787452837
"21813",2020-12-12,"28","24  day ahead inc hosp",2021-01-05,"quantile",0.35,82.2949130158171
"21814",2020-12-12,"28","24  day ahead inc hosp",2021-01-05,"quantile",0.4,86.5112027239476
"21815",2020-12-12,"28","24  day ahead inc hosp",2021-01-05,"quantile",0.45,90.5905118112871
"21816",2020-12-12,"28","24  day ahead inc hosp",2021-01-05,"quantile",0.5,94.6051449942259
"21817",2020-12-12,"28","24  day ahead inc hosp",2021-01-05,"quantile",0.55,98.6197781771646
"21818",2020-12-12,"28","24  day ahead inc hosp",2021-01-05,"quantile",0.6,102.699087264504
"21819",2020-12-12,"28","24  day ahead inc hosp",2021-01-05,"quantile",0.65,106.915376972635
"21820",2020-12-12,"28","24  day ahead inc hosp",2021-01-05,"quantile",0.7,111.358711243168
"21821",2020-12-12,"28","24  day ahead inc hosp",2021-01-05,"quantile",0.75,116.153767545695
"21822",2020-12-12,"28","24  day ahead inc hosp",2021-01-05,"quantile",0.8,121.493290126591
"21823",2020-12-12,"28","24  day ahead inc hosp",2021-01-05,"quantile",0.85,127.71715581937
"21824",2020-12-12,"28","24  day ahead inc hosp",2021-01-05,"quantile",0.9,135.548200034183
"21825",2020-12-12,"28","24  day ahead inc hosp",2021-01-05,"quantile",0.95,147.154987225762
"21826",2020-12-12,"28","24  day ahead inc hosp",2021-01-05,"quantile",0.975,157.222144148104
"21827",2020-12-12,"28","24  day ahead inc hosp",2021-01-05,"quantile",0.99,168.927389693342
"21828",2020-12-12,"28","25  day ahead inc hosp",2021-01-06,"quantile",0.01,19.1649357250382
"21829",2020-12-12,"28","25  day ahead inc hosp",2021-01-06,"quantile",0.025,31.0462530487401
"21830",2020-12-12,"28","25  day ahead inc hosp",2021-01-06,"quantile",0.05,41.2648414140646
"21831",2020-12-12,"28","25  day ahead inc hosp",2021-01-06,"quantile",0.1,53.0462193611448
"21832",2020-12-12,"28","25  day ahead inc hosp",2021-01-06,"quantile",0.15,60.9950591298225
"21833",2020-12-12,"28","25  day ahead inc hosp",2021-01-06,"quantile",0.2,67.312544994619
"21834",2020-12-12,"28","25  day ahead inc hosp",2021-01-06,"quantile",0.25,72.7323853470068
"21835",2020-12-12,"28","25  day ahead inc hosp",2021-01-06,"quantile",0.3,77.599569490659
"21836",2020-12-12,"28","25  day ahead inc hosp",2021-01-06,"quantile",0.35,82.109740955192
"21837",2020-12-12,"28","25  day ahead inc hosp",2021-01-06,"quantile",0.4,86.3894526244047
"21838",2020-12-12,"28","25  day ahead inc hosp",2021-01-06,"quantile",0.45,90.5301231930676
"21839",2020-12-12,"28","25  day ahead inc hosp",2021-01-06,"quantile",0.5,94.6051449942259
"21840",2020-12-12,"28","25  day ahead inc hosp",2021-01-06,"quantile",0.55,98.6801667953842
"21841",2020-12-12,"28","25  day ahead inc hosp",2021-01-06,"quantile",0.6,102.820837364047
"21842",2020-12-12,"28","25  day ahead inc hosp",2021-01-06,"quantile",0.65,107.10054903326
"21843",2020-12-12,"28","25  day ahead inc hosp",2021-01-06,"quantile",0.7,111.610720497793
"21844",2020-12-12,"28","25  day ahead inc hosp",2021-01-06,"quantile",0.75,116.477904641445
"21845",2020-12-12,"28","25  day ahead inc hosp",2021-01-06,"quantile",0.8,121.897744993833
"21846",2020-12-12,"28","25  day ahead inc hosp",2021-01-06,"quantile",0.85,128.215230858629
"21847",2020-12-12,"28","25  day ahead inc hosp",2021-01-06,"quantile",0.9,136.164070627307
"21848",2020-12-12,"28","25  day ahead inc hosp",2021-01-06,"quantile",0.95,147.945448574387
"21849",2020-12-12,"28","25  day ahead inc hosp",2021-01-06,"quantile",0.975,158.164036939712
"21850",2020-12-12,"28","25  day ahead inc hosp",2021-01-06,"quantile",0.99,170.045354263414
"21851",2020-12-12,"28","26  day ahead inc hosp",2021-01-07,"quantile",0.01,18.0632983216879
"21852",2020-12-12,"28","26  day ahead inc hosp",2021-01-07,"quantile",0.025,30.1181160066912
"21853",2020-12-12,"28","26  day ahead inc hosp",2021-01-07,"quantile",0.05,40.4859242543799
"21854",2020-12-12,"28","26  day ahead inc hosp",2021-01-07,"quantile",0.1,52.4393431692045
"21855",2020-12-12,"28","26  day ahead inc hosp",2021-01-07,"quantile",0.15,60.5042581620531
"21856",2020-12-12,"28","26  day ahead inc hosp",2021-01-07,"quantile",0.2,66.9139969353611
"21857",2020-12-12,"28","26  day ahead inc hosp",2021-01-07,"quantile",0.25,72.412982068897
"21858",2020-12-12,"28","26  day ahead inc hosp",2021-01-07,"quantile",0.3,77.3512406720925
"21859",2020-12-12,"28","26  day ahead inc hosp",2021-01-07,"quantile",0.35,81.9272732156042
"21860",2020-12-12,"28","26  day ahead inc hosp",2021-01-07,"quantile",0.4,86.2694806081988
"21861",2020-12-12,"28","26  day ahead inc hosp",2021-01-07,"quantile",0.45,90.4706165124908
"21862",2020-12-12,"28","26  day ahead inc hosp",2021-01-07,"quantile",0.5,94.6051449942259
"21863",2020-12-12,"28","26  day ahead inc hosp",2021-01-07,"quantile",0.55,98.739673475961
"21864",2020-12-12,"28","26  day ahead inc hosp",2021-01-07,"quantile",0.6,102.940809380253
"21865",2020-12-12,"28","26  day ahead inc hosp",2021-01-07,"quantile",0.65,107.283016772848
"21866",2020-12-12,"28","26  day ahead inc hosp",2021-01-07,"quantile",0.7,111.859049316359
"21867",2020-12-12,"28","26  day ahead inc hosp",2021-01-07,"quantile",0.75,116.797307919555
"21868",2020-12-12,"28","26  day ahead inc hosp",2021-01-07,"quantile",0.8,122.296293053091
"21869",2020-12-12,"28","26  day ahead inc hosp",2021-01-07,"quantile",0.85,128.706031826399
"21870",2020-12-12,"28","26  day ahead inc hosp",2021-01-07,"quantile",0.9,136.770946819247
"21871",2020-12-12,"28","26  day ahead inc hosp",2021-01-07,"quantile",0.95,148.724365734072
"21872",2020-12-12,"28","26  day ahead inc hosp",2021-01-07,"quantile",0.975,159.092173981761
"21873",2020-12-12,"28","26  day ahead inc hosp",2021-01-07,"quantile",0.99,171.146991666764
"21874",2020-12-12,"28","27  day ahead inc hosp",2021-01-08,"quantile",0.01,16.9772929725075
"21875",2020-12-12,"28","27  day ahead inc hosp",2021-01-08,"quantile",0.025,29.2031490771261
"21876",2020-12-12,"28","27  day ahead inc hosp",2021-01-08,"quantile",0.05,39.7180598015089
"21877",2020-12-12,"28","27  day ahead inc hosp",2021-01-08,"quantile",0.1,51.841078450947
"21878",2020-12-12,"28","27  day ahead inc hosp",2021-01-08,"quantile",0.15,60.0204215795628
"21879",2020-12-12,"28","27  day ahead inc hosp",2021-01-08,"quantile",0.2,66.5211042077329
"21880",2020-12-12,"28","27  day ahead inc hosp",2021-01-08,"quantile",0.25,72.098111070946
"21881",2020-12-12,"28","27  day ahead inc hosp",2021-01-08,"quantile",0.3,77.1064355987546
"21882",2020-12-12,"28","27  day ahead inc hosp",2021-01-08,"quantile",0.35,81.7473946633306
"21883",2020-12-12,"28","27  day ahead inc hosp",2021-01-08,"quantile",0.4,86.1512109752368
"21884",2020-12-12,"28","27  day ahead inc hosp",2021-01-08,"quantile",0.45,90.411954221957
"21885",2020-12-12,"28","27  day ahead inc hosp",2021-01-08,"quantile",0.5,94.6051449942259
"21886",2020-12-12,"28","27  day ahead inc hosp",2021-01-08,"quantile",0.55,98.7983357664948
"21887",2020-12-12,"28","27  day ahead inc hosp",2021-01-08,"quantile",0.6,103.059079013215
"21888",2020-12-12,"28","27  day ahead inc hosp",2021-01-08,"quantile",0.65,107.462895325121
"21889",2020-12-12,"28","27  day ahead inc hosp",2021-01-08,"quantile",0.7,112.103854389697
"21890",2020-12-12,"28","27  day ahead inc hosp",2021-01-08,"quantile",0.75,117.112178917506
"21891",2020-12-12,"28","27  day ahead inc hosp",2021-01-08,"quantile",0.8,122.689185780719
"21892",2020-12-12,"28","27  day ahead inc hosp",2021-01-08,"quantile",0.85,129.189868408889
"21893",2020-12-12,"28","27  day ahead inc hosp",2021-01-08,"quantile",0.9,137.369211537505
"21894",2020-12-12,"28","27  day ahead inc hosp",2021-01-08,"quantile",0.95,149.492230186943
"21895",2020-12-12,"28","27  day ahead inc hosp",2021-01-08,"quantile",0.975,160.007140911326
"21896",2020-12-12,"28","27  day ahead inc hosp",2021-01-08,"quantile",0.99,172.232997015944
"21897",2020-12-12,"28","28  day ahead inc hosp",2021-01-09,"quantile",0.01,15.9062725310876
"21898",2020-12-12,"28","28  day ahead inc hosp",2021-01-09,"quantile",0.025,28.3008070347715
"21899",2020-12-12,"28","28  day ahead inc hosp",2021-01-09,"quantile",0.05,38.9607904879781
"21900",2020-12-12,"28","28  day ahead inc hosp",2021-01-09,"quantile",0.1,51.2510687027283
"21901",2020-12-12,"28","28  day ahead inc hosp",2021-01-09,"quantile",0.15,59.5432610659936
"21902",2020-12-12,"28","28  day ahead inc hosp",2021-01-09,"quantile",0.2,66.1336326884695
"21903",2020-12-12,"28","28  day ahead inc hosp",2021-01-09,"quantile",0.25,71.7875847227376
"21904",2020-12-12,"28","28  day ahead inc hosp",2021-01-09,"quantile",0.3,76.8650083922441
"21905",2020-12-12,"28","28  day ahead inc hosp",2021-01-09,"quantile",0.35,81.5699981094338
"21906",2020-12-12,"28","28  day ahead inc hosp",2021-01-09,"quantile",0.4,86.0345732490993
"21907",2020-12-12,"28","28  day ahead inc hosp",2021-01-09,"quantile",0.45,90.3541013648327
"21908",2020-12-12,"28","28  day ahead inc hosp",2021-01-09,"quantile",0.5,94.6051449942259
"21909",2020-12-12,"28","28  day ahead inc hosp",2021-01-09,"quantile",0.55,98.8561886236191
"21910",2020-12-12,"28","28  day ahead inc hosp",2021-01-09,"quantile",0.6,103.175716739353
"21911",2020-12-12,"28","28  day ahead inc hosp",2021-01-09,"quantile",0.65,107.640291879018
"21912",2020-12-12,"28","28  day ahead inc hosp",2021-01-09,"quantile",0.7,112.345281596208
"21913",2020-12-12,"28","28  day ahead inc hosp",2021-01-09,"quantile",0.75,117.422705265714
"21914",2020-12-12,"28","28  day ahead inc hosp",2021-01-09,"quantile",0.8,123.076657299982
"21915",2020-12-12,"28","28  day ahead inc hosp",2021-01-09,"quantile",0.85,129.667028922458
"21916",2020-12-12,"28","28  day ahead inc hosp",2021-01-09,"quantile",0.9,137.959221285723
"21917",2020-12-12,"28","28  day ahead inc hosp",2021-01-09,"quantile",0.95,150.249499500474
"21918",2020-12-12,"28","28  day ahead inc hosp",2021-01-09,"quantile",0.975,160.90948295368
"21919",2020-12-12,"28","28  day ahead inc hosp",2021-01-09,"quantile",0.99,173.304017457364
"21920",2020-12-12,"28","29  day ahead inc hosp",2021-01-10,"quantile",0.01,15.3939396634571
"21921",2020-12-12,"28","29  day ahead inc hosp",2021-01-10,"quantile",0.025,27.9548876227149
"21922",2020-12-12,"28","29  day ahead inc hosp",2021-01-10,"quantile",0.05,38.7579958283905
"21923",2020-12-12,"28","29  day ahead inc hosp",2021-01-10,"quantile",0.1,51.2132877164718
"21924",2020-12-12,"28","29  day ahead inc hosp",2021-01-10,"quantile",0.15,59.6168140217293
"21925",2020-12-12,"28","29  day ahead inc hosp",2021-01-10,"quantile",0.2,66.2956703319429
"21926",2020-12-12,"28","29  day ahead inc hosp",2021-01-10,"quantile",0.25,72.025534349464
"21927",2020-12-12,"28","29  day ahead inc hosp",2021-01-10,"quantile",0.3,77.1711293260901
"21928",2020-12-12,"28","29  day ahead inc hosp",2021-01-10,"quantile",0.35,81.9392899188818
"21929",2020-12-12,"28","29  day ahead inc hosp",2021-01-10,"quantile",0.4,86.4638080420001
"21930",2020-12-12,"28","29  day ahead inc hosp",2021-01-10,"quantile",0.45,90.8413316879388
"21931",2020-12-12,"28","29  day ahead inc hosp",2021-01-10,"quantile",0.5,95.1494513503167
"21932",2020-12-12,"28","29  day ahead inc hosp",2021-01-10,"quantile",0.55,99.4575710126946
"21933",2020-12-12,"28","29  day ahead inc hosp",2021-01-10,"quantile",0.6,103.835094658633
"21934",2020-12-12,"28","29  day ahead inc hosp",2021-01-10,"quantile",0.65,108.359612781752
"21935",2020-12-12,"28","29  day ahead inc hosp",2021-01-10,"quantile",0.7,113.127773374543
"21936",2020-12-12,"28","29  day ahead inc hosp",2021-01-10,"quantile",0.75,118.273368351169
"21937",2020-12-12,"28","29  day ahead inc hosp",2021-01-10,"quantile",0.8,124.00323236869
"21938",2020-12-12,"28","29  day ahead inc hosp",2021-01-10,"quantile",0.85,130.682088678904
"21939",2020-12-12,"28","29  day ahead inc hosp",2021-01-10,"quantile",0.9,139.085614984162
"21940",2020-12-12,"28","29  day ahead inc hosp",2021-01-10,"quantile",0.95,151.540906872243
"21941",2020-12-12,"28","29  day ahead inc hosp",2021-01-10,"quantile",0.975,162.344015077919
"21942",2020-12-12,"28","29  day ahead inc hosp",2021-01-10,"quantile",0.99,174.904963037176
"21943",2020-12-12,"28","30  day ahead inc hosp",2021-01-11,"quantile",0.01,14.3511174448685
"21944",2020-12-12,"28","30  day ahead inc hosp",2021-01-11,"quantile",0.025,27.0763027758315
"21945",2020-12-12,"28","30  day ahead inc hosp",2021-01-11,"quantile",0.05,38.0206641817991
"21946",2020-12-12,"28","30  day ahead inc hosp",2021-01-11,"quantile",0.1,50.6388119634127
"21947",2020-12-12,"28","30  day ahead inc hosp",2021-01-11,"quantile",0.15,59.1522163668765
"21948",2020-12-12,"28","30  day ahead inc hosp",2021-01-11,"quantile",0.2,65.9184003063378
"21949",2020-12-12,"28","30  day ahead inc hosp",2021-01-11,"quantile",0.25,71.7231836539539
"21950",2020-12-12,"28","30  day ahead inc hosp",2021-01-11,"quantile",0.3,76.9360585044845
"21951",2020-12-12,"28","30  day ahead inc hosp",2021-01-11,"quantile",0.35,81.7665639271543
"21952",2020-12-12,"28","30  day ahead inc hosp",2021-01-11,"quantile",0.4,86.3502411971129
"21953",2020-12-12,"28","30  day ahead inc hosp",2021-01-11,"quantile",0.45,90.7850020022626
"21954",2020-12-12,"28","30  day ahead inc hosp",2021-01-11,"quantile",0.5,95.1494513503167
"21955",2020-12-12,"28","30  day ahead inc hosp",2021-01-11,"quantile",0.55,99.5139006983708
"21956",2020-12-12,"28","30  day ahead inc hosp",2021-01-11,"quantile",0.6,103.948661503521
"21957",2020-12-12,"28","30  day ahead inc hosp",2021-01-11,"quantile",0.65,108.532338773479
"21958",2020-12-12,"28","30  day ahead inc hosp",2021-01-11,"quantile",0.7,113.362844196149
"21959",2020-12-12,"28","30  day ahead inc hosp",2021-01-11,"quantile",0.75,118.57571904668
"21960",2020-12-12,"28","30  day ahead inc hosp",2021-01-11,"quantile",0.8,124.380502394296
"21961",2020-12-12,"28","30  day ahead inc hosp",2021-01-11,"quantile",0.85,131.146686333757
"21962",2020-12-12,"28","30  day ahead inc hosp",2021-01-11,"quantile",0.9,139.660090737221
"21963",2020-12-12,"28","30  day ahead inc hosp",2021-01-11,"quantile",0.95,152.278238518834
"21964",2020-12-12,"28","30  day ahead inc hosp",2021-01-11,"quantile",0.975,163.222599924802
"21965",2020-12-12,"28","30  day ahead inc hosp",2021-01-11,"quantile",0.99,175.947785255765
"21966",2020-12-12,"28","31  day ahead inc hosp",2021-01-12,"quantile",0.01,13.3215839739773
"21967",2020-12-12,"28","31  day ahead inc hosp",2021-01-12,"quantile",0.025,26.2089137897121
"21968",2020-12-12,"28","31  day ahead inc hosp",2021-01-12,"quantile",0.05,37.292728397749
"21969",2020-12-12,"28","31  day ahead inc hosp",2021-01-12,"quantile",0.1,50.071656790223
"21970",2020-12-12,"28","31  day ahead inc hosp",2021-01-12,"quantile",0.15,58.6935391085267
"21971",2020-12-12,"28","31  day ahead inc hosp",2021-01-12,"quantile",0.2,65.5459378558828
"21972",2020-12-12,"28","31  day ahead inc hosp",2021-01-12,"quantile",0.25,71.4246858319606
"21973",2020-12-12,"28","31  day ahead inc hosp",2021-01-12,"quantile",0.3,76.7039832048227
"21974",2020-12-12,"28","31  day ahead inc hosp",2021-01-12,"quantile",0.35,81.5960389933675
"21975",2020-12-12,"28","31  day ahead inc hosp",2021-01-12,"quantile",0.4,86.2381215415179
"21976",2020-12-12,"28","31  day ahead inc hosp",2021-01-12,"quantile",0.45,90.729390129237
"21977",2020-12-12,"28","31  day ahead inc hosp",2021-01-12,"quantile",0.5,95.1494513503167
"21978",2020-12-12,"28","31  day ahead inc hosp",2021-01-12,"quantile",0.55,99.5695125713964
"21979",2020-12-12,"28","31  day ahead inc hosp",2021-01-12,"quantile",0.6,104.060781159116
"21980",2020-12-12,"28","31  day ahead inc hosp",2021-01-12,"quantile",0.65,108.702863707266
"21981",2020-12-12,"28","31  day ahead inc hosp",2021-01-12,"quantile",0.7,113.594919495811
"21982",2020-12-12,"28","31  day ahead inc hosp",2021-01-12,"quantile",0.75,118.874216868673
"21983",2020-12-12,"28","31  day ahead inc hosp",2021-01-12,"quantile",0.8,124.752964844751
"21984",2020-12-12,"28","31  day ahead inc hosp",2021-01-12,"quantile",0.85,131.605363592107
"21985",2020-12-12,"28","31  day ahead inc hosp",2021-01-12,"quantile",0.9,140.22724591041
"21986",2020-12-12,"28","31  day ahead inc hosp",2021-01-12,"quantile",0.95,153.006174302884
"21987",2020-12-12,"28","31  day ahead inc hosp",2021-01-12,"quantile",0.975,164.089988910921
"21988",2020-12-12,"28","31  day ahead inc hosp",2021-01-12,"quantile",0.99,176.977318726656
"21989",2020-12-12,"28","32  day ahead inc hosp",2021-01-13,"quantile",0.01,12.3048438201746
"21990",2020-12-12,"28","32  day ahead inc hosp",2021-01-13,"quantile",0.025,25.3523032606825
"21991",2020-12-12,"28","32  day ahead inc hosp",2021-01-13,"quantile",0.05,36.5738381800341
"21992",2020-12-12,"28","32  day ahead inc hosp",2021-01-13,"quantile",0.1,49.5115492713098
"21993",2020-12-12,"28","32  day ahead inc hosp",2021-01-13,"quantile",0.15,58.2405615226724
"21994",2020-12-12,"28","32  day ahead inc hosp",2021-01-13,"quantile",0.2,65.1781037447358
"21995",2020-12-12,"28","32  day ahead inc hosp",2021-01-13,"quantile",0.25,71.1298972407936
"21996",2020-12-12,"28","32  day ahead inc hosp",2021-01-13,"quantile",0.3,76.4747917481646
"21997",2020-12-12,"28","32  day ahead inc hosp",2021-01-13,"quantile",0.35,81.427633057759
"21998",2020-12-12,"28","32  day ahead inc hosp",2021-01-13,"quantile",0.4,86.1273951211565
"21999",2020-12-12,"28","32  day ahead inc hosp",2021-01-13,"quantile",0.45,90.6744693073968
"22000",2020-12-12,"28","32  day ahead inc hosp",2021-01-13,"quantile",0.5,95.1494513503167
"22001",2020-12-12,"28","32  day ahead inc hosp",2021-01-13,"quantile",0.55,99.6244333932366
"22002",2020-12-12,"28","32  day ahead inc hosp",2021-01-13,"quantile",0.6,104.171507579477
"22003",2020-12-12,"28","32  day ahead inc hosp",2021-01-13,"quantile",0.65,108.871269642874
"22004",2020-12-12,"28","32  day ahead inc hosp",2021-01-13,"quantile",0.7,113.824110952469
"22005",2020-12-12,"28","32  day ahead inc hosp",2021-01-13,"quantile",0.75,119.16900545984
"22006",2020-12-12,"28","32  day ahead inc hosp",2021-01-13,"quantile",0.8,125.120798955898
"22007",2020-12-12,"28","32  day ahead inc hosp",2021-01-13,"quantile",0.85,132.058341177961
"22008",2020-12-12,"28","32  day ahead inc hosp",2021-01-13,"quantile",0.9,140.787353429324
"22009",2020-12-12,"28","32  day ahead inc hosp",2021-01-13,"quantile",0.95,153.725064520599
"22010",2020-12-12,"28","32  day ahead inc hosp",2021-01-13,"quantile",0.975,164.946599439951
"22011",2020-12-12,"28","32  day ahead inc hosp",2021-01-13,"quantile",0.99,177.994058880459
"22012",2020-12-12,"28","33  day ahead inc hosp",2021-01-14,"quantile",0.01,11.3004315928575
"22013",2020-12-12,"28","33  day ahead inc hosp",2021-01-14,"quantile",0.025,24.5060790939788
"22014",2020-12-12,"28","33  day ahead inc hosp",2021-01-14,"quantile",0.05,35.863664472356
"22015",2020-12-12,"28","33  day ahead inc hosp",2021-01-14,"quantile",0.1,48.9582330296875
"22016",2020-12-12,"28","33  day ahead inc hosp",2021-01-14,"quantile",0.15,57.7930762687155
"22017",2020-12-12,"28","33  day ahead inc hosp",2021-01-14,"quantile",0.2,64.8147296048648
"22018",2020-12-12,"28","33  day ahead inc hosp",2021-01-14,"quantile",0.25,70.8386829474127
"22019",2020-12-12,"28","33  day ahead inc hosp",2021-01-14,"quantile",0.3,76.2483792271256
"22020",2020-12-12,"28","33  day ahead inc hosp",2021-01-14,"quantile",0.35,81.2612690361895
"22021",2020-12-12,"28","33  day ahead inc hosp",2021-01-14,"quantile",0.4,86.0180112534278
"22022",2020-12-12,"28","33  day ahead inc hosp",2021-01-14,"quantile",0.45,90.6202143979352
"22023",2020-12-12,"28","33  day ahead inc hosp",2021-01-14,"quantile",0.5,95.1494513503167
"22024",2020-12-12,"28","33  day ahead inc hosp",2021-01-14,"quantile",0.55,99.6786883026983
"22025",2020-12-12,"28","33  day ahead inc hosp",2021-01-14,"quantile",0.6,104.280891447206
"22026",2020-12-12,"28","33  day ahead inc hosp",2021-01-14,"quantile",0.65,109.037633664444
"22027",2020-12-12,"28","33  day ahead inc hosp",2021-01-14,"quantile",0.7,114.050523473508
"22028",2020-12-12,"28","33  day ahead inc hosp",2021-01-14,"quantile",0.75,119.460219753221
"22029",2020-12-12,"28","33  day ahead inc hosp",2021-01-14,"quantile",0.8,125.484173095769
"22030",2020-12-12,"28","33  day ahead inc hosp",2021-01-14,"quantile",0.85,132.505826431918
"22031",2020-12-12,"28","33  day ahead inc hosp",2021-01-14,"quantile",0.9,141.340669670946
"22032",2020-12-12,"28","33  day ahead inc hosp",2021-01-14,"quantile",0.95,154.435238228277
"22033",2020-12-12,"28","33  day ahead inc hosp",2021-01-14,"quantile",0.975,165.792823606655
"22034",2020-12-12,"28","33  day ahead inc hosp",2021-01-14,"quantile",0.99,178.998471107776
"22035",2020-12-12,"28","34  day ahead inc hosp",2021-01-15,"quantile",0.01,10.3079094516084
"22036",2020-12-12,"28","34  day ahead inc hosp",2021-01-15,"quantile",0.025,23.6698724060565
"22037",2020-12-12,"28","34  day ahead inc hosp",2021-01-15,"quantile",0.05,35.1618976978849
"22038",2020-12-12,"28","34  day ahead inc hosp",2021-01-15,"quantile",0.1,48.4114668653709
"22039",2020-12-12,"28","34  day ahead inc hosp",2021-01-15,"quantile",0.15,57.350888280203
"22040",2020-12-12,"28","34  day ahead inc hosp",2021-01-15,"quantile",0.2,64.4556570352858
"22041",2020-12-12,"28","34  day ahead inc hosp",2021-01-15,"quantile",0.25,70.5509160065414
"22042",2020-12-12,"28","34  day ahead inc hosp",2021-01-15,"quantile",0.3,76.0246469446269
"22043",2020-12-12,"28","34  day ahead inc hosp",2021-01-15,"quantile",0.35,81.0968744077448
"22044",2020-12-12,"28","34  day ahead inc hosp",2021-01-15,"quantile",0.4,85.9099222560386
"22045",2020-12-12,"28","34  day ahead inc hosp",2021-01-15,"quantile",0.45,90.5666017502118
"22046",2020-12-12,"28","34  day ahead inc hosp",2021-01-15,"quantile",0.5,95.1494513503167
"22047",2020-12-12,"28","34  day ahead inc hosp",2021-01-15,"quantile",0.55,99.7323009504216
"22048",2020-12-12,"28","34  day ahead inc hosp",2021-01-15,"quantile",0.6,104.388980444595
"22049",2020-12-12,"28","34  day ahead inc hosp",2021-01-15,"quantile",0.65,109.202028292889
"22050",2020-12-12,"28","34  day ahead inc hosp",2021-01-15,"quantile",0.7,114.274255756006
"22051",2020-12-12,"28","34  day ahead inc hosp",2021-01-15,"quantile",0.75,119.747986694092
"22052",2020-12-12,"28","34  day ahead inc hosp",2021-01-15,"quantile",0.8,125.843245665348
"22053",2020-12-12,"28","34  day ahead inc hosp",2021-01-15,"quantile",0.85,132.94801442043
"22054",2020-12-12,"28","34  day ahead inc hosp",2021-01-15,"quantile",0.9,141.887435835263
"22055",2020-12-12,"28","34  day ahead inc hosp",2021-01-15,"quantile",0.95,155.137005002749
"22056",2020-12-12,"28","34  day ahead inc hosp",2021-01-15,"quantile",0.975,166.629030294577
"22057",2020-12-12,"28","34  day ahead inc hosp",2021-01-15,"quantile",0.99,179.990993249025
"22058",2020-12-12,"28","35  day ahead inc hosp",2021-01-16,"quantile",0.01,9.32686487557936
"22059",2020-12-12,"28","35  day ahead inc hosp",2021-01-16,"quantile",0.025,22.8433356452816
"22060",2020-12-12,"28","35  day ahead inc hosp",2021-01-16,"quantile",0.05,34.4682461820953
"22061",2020-12-12,"28","35  day ahead inc hosp",2021-01-16,"quantile",0.1,47.8710235265614
"22062",2020-12-12,"28","35  day ahead inc hosp",2021-01-16,"quantile",0.15,56.9138137710445
"22063",2020-12-12,"28","35  day ahead inc hosp",2021-01-16,"quantile",0.2,64.1007367950754
"22064",2020-12-12,"28","35  day ahead inc hosp",2021-01-16,"quantile",0.25,70.2664768139336
"22065",2020-12-12,"28","35  day ahead inc hosp",2021-01-16,"quantile",0.3,75.8035019110746
"22066",2020-12-12,"28","35  day ahead inc hosp",2021-01-16,"quantile",0.35,80.9343808452728
"22067",2020-12-12,"28","35  day ahead inc hosp",2021-01-16,"quantile",0.4,85.8030832040819
"22068",2020-12-12,"28","35  day ahead inc hosp",2021-01-16,"quantile",0.45,90.5136090812631
"22069",2020-12-12,"28","35  day ahead inc hosp",2021-01-16,"quantile",0.5,95.1494513503167
"22070",2020-12-12,"28","35  day ahead inc hosp",2021-01-16,"quantile",0.55,99.7852936193703
"22071",2020-12-12,"28","35  day ahead inc hosp",2021-01-16,"quantile",0.6,104.495819496552
"22072",2020-12-12,"28","35  day ahead inc hosp",2021-01-16,"quantile",0.65,109.364521855361
"22073",2020-12-12,"28","35  day ahead inc hosp",2021-01-16,"quantile",0.7,114.495400789559
"22074",2020-12-12,"28","35  day ahead inc hosp",2021-01-16,"quantile",0.75,120.0324258867
"22075",2020-12-12,"28","35  day ahead inc hosp",2021-01-16,"quantile",0.8,126.198165905558
"22076",2020-12-12,"28","35  day ahead inc hosp",2021-01-16,"quantile",0.85,133.385088929589
"22077",2020-12-12,"28","35  day ahead inc hosp",2021-01-16,"quantile",0.9,142.427879174072
"22078",2020-12-12,"28","35  day ahead inc hosp",2021-01-16,"quantile",0.95,155.830656518538
"22079",2020-12-12,"28","35  day ahead inc hosp",2021-01-16,"quantile",0.975,167.455567055352
"22080",2020-12-12,"28","35  day ahead inc hosp",2021-01-16,"quantile",0.99,180.972037825054
"22081",2020-12-12,"28","36  day ahead inc hosp",2021-01-17,"quantile",0.01,7.05610810169691
"22082",2020-12-12,"28","36  day ahead inc hosp",2021-01-17,"quantile",0.025,20.7253403456961
"22083",2020-12-12,"28","36  day ahead inc hosp",2021-01-17,"quantile",0.05,32.4816341779299
"22084",2020-12-12,"28","36  day ahead inc hosp",2021-01-17,"quantile",0.1,46.0358880477183
"22085",2020-12-12,"28","36  day ahead inc hosp",2021-01-17,"quantile",0.15,55.1808787846999
"22086",2020-12-12,"28","36  day ahead inc hosp",2021-01-17,"quantile",0.2,62.449027520347
"22087",2020-12-12,"28","36  day ahead inc hosp",2021-01-17,"quantile",0.25,68.6844519672975
"22088",2020-12-12,"28","36  day ahead inc hosp",2021-01-17,"quantile",0.3,74.2840558345532
"22089",2020-12-12,"28","36  day ahead inc hosp",2021-01-17,"quantile",0.35,79.4729233253636
"22090",2020-12-12,"28","36  day ahead inc hosp",2021-01-17,"quantile",0.4,84.3966511536845
"22091",2020-12-12,"28","36  day ahead inc hosp",2021-01-17,"quantile",0.45,89.1604148094229
"22092",2020-12-12,"28","36  day ahead inc hosp",2021-01-17,"quantile",0.5,93.8486507921681
"22093",2020-12-12,"28","36  day ahead inc hosp",2021-01-17,"quantile",0.55,98.5368867749133
"22094",2020-12-12,"28","36  day ahead inc hosp",2021-01-17,"quantile",0.6,103.300650430652
"22095",2020-12-12,"28","36  day ahead inc hosp",2021-01-17,"quantile",0.65,108.224378258973
"22096",2020-12-12,"28","36  day ahead inc hosp",2021-01-17,"quantile",0.7,113.413245749783
"22097",2020-12-12,"28","36  day ahead inc hosp",2021-01-17,"quantile",0.75,119.012849617039
"22098",2020-12-12,"28","36  day ahead inc hosp",2021-01-17,"quantile",0.8,125.248274063989
"22099",2020-12-12,"28","36  day ahead inc hosp",2021-01-17,"quantile",0.85,132.516422799636
"22100",2020-12-12,"28","36  day ahead inc hosp",2021-01-17,"quantile",0.9,141.661413536618
"22101",2020-12-12,"28","36  day ahead inc hosp",2021-01-17,"quantile",0.95,155.215667406406
"22102",2020-12-12,"28","36  day ahead inc hosp",2021-01-17,"quantile",0.975,166.97196123864
"22103",2020-12-12,"28","36  day ahead inc hosp",2021-01-17,"quantile",0.99,180.641193482639
"22104",2020-12-12,"28","37  day ahead inc hosp",2021-01-18,"quantile",0.01,6.09687255297365
"22105",2020-12-12,"28","37  day ahead inc hosp",2021-01-18,"quantile",0.025,19.9171778394917
"22106",2020-12-12,"28","37  day ahead inc hosp",2021-01-18,"quantile",0.05,31.8034028226693
"22107",2020-12-12,"28","37  day ahead inc hosp",2021-01-18,"quantile",0.1,45.5074589881997
"22108",2020-12-12,"28","37  day ahead inc hosp",2021-01-18,"quantile",0.15,54.7535206229306
"22109",2020-12-12,"28","37  day ahead inc hosp",2021-01-18,"quantile",0.2,62.101997304096
"22110",2020-12-12,"28","37  day ahead inc hosp",2021-01-18,"quantile",0.25,68.4063359757654
"22111",2020-12-12,"28","37  day ahead inc hosp",2021-01-18,"quantile",0.3,74.0678269467022
"22112",2020-12-12,"28","37  day ahead inc hosp",2021-01-18,"quantile",0.35,79.3140420620955
"22113",2020-12-12,"28","37  day ahead inc hosp",2021-01-18,"quantile",0.4,84.292187178109
"22114",2020-12-12,"28","37  day ahead inc hosp",2021-01-18,"quantile",0.45,89.1086001894561
"22115",2020-12-12,"28","37  day ahead inc hosp",2021-01-18,"quantile",0.5,93.8486507921681
"22116",2020-12-12,"28","37  day ahead inc hosp",2021-01-18,"quantile",0.55,98.58870139488
"22117",2020-12-12,"28","37  day ahead inc hosp",2021-01-18,"quantile",0.6,103.405114406227
"22118",2020-12-12,"28","37  day ahead inc hosp",2021-01-18,"quantile",0.65,108.383259522241
"22119",2020-12-12,"28","37  day ahead inc hosp",2021-01-18,"quantile",0.7,113.629474637634
"22120",2020-12-12,"28","37  day ahead inc hosp",2021-01-18,"quantile",0.75,119.290965608571
"22121",2020-12-12,"28","37  day ahead inc hosp",2021-01-18,"quantile",0.8,125.59530428024
"22122",2020-12-12,"28","37  day ahead inc hosp",2021-01-18,"quantile",0.85,132.943780961406
"22123",2020-12-12,"28","37  day ahead inc hosp",2021-01-18,"quantile",0.9,142.189842596136
"22124",2020-12-12,"28","37  day ahead inc hosp",2021-01-18,"quantile",0.95,155.893898761667
"22125",2020-12-12,"28","37  day ahead inc hosp",2021-01-18,"quantile",0.975,167.780123744845
"22126",2020-12-12,"28","37  day ahead inc hosp",2021-01-18,"quantile",0.99,181.600429031363
"22127",2020-12-12,"29","1  day ahead inc hosp",2020-12-13,"quantile",0.01,169.480757177318
"22128",2020-12-12,"29","1  day ahead inc hosp",2020-12-13,"quantile",0.025,178.014235091502
"22129",2020-12-12,"29","1  day ahead inc hosp",2020-12-13,"quantile",0.05,185.353496871481
"22130",2020-12-12,"29","1  day ahead inc hosp",2020-12-13,"quantile",0.1,193.815195668929
"22131",2020-12-12,"29","1  day ahead inc hosp",2020-12-13,"quantile",0.15,199.524263675563
"22132",2020-12-12,"29","1  day ahead inc hosp",2020-12-13,"quantile",0.2,204.061649946096
"22133",2020-12-12,"29","1  day ahead inc hosp",2020-12-13,"quantile",0.25,207.954323349679
"22134",2020-12-12,"29","1  day ahead inc hosp",2020-12-13,"quantile",0.3,211.450064374226
"22135",2020-12-12,"29","1  day ahead inc hosp",2020-12-13,"quantile",0.35,214.689389403026
"22136",2020-12-12,"29","1  day ahead inc hosp",2020-12-13,"quantile",0.4,217.763192081072
"22137",2020-12-12,"29","1  day ahead inc hosp",2020-12-13,"quantile",0.45,220.737131744909
"22138",2020-12-12,"29","1  day ahead inc hosp",2020-12-13,"quantile",0.5,223.663920718943
"22139",2020-12-12,"29","1  day ahead inc hosp",2020-12-13,"quantile",0.55,226.590709692977
"22140",2020-12-12,"29","1  day ahead inc hosp",2020-12-13,"quantile",0.6,229.564649356814
"22141",2020-12-12,"29","1  day ahead inc hosp",2020-12-13,"quantile",0.65,232.63845203486
"22142",2020-12-12,"29","1  day ahead inc hosp",2020-12-13,"quantile",0.7,235.87777706366
"22143",2020-12-12,"29","1  day ahead inc hosp",2020-12-13,"quantile",0.75,239.373518088207
"22144",2020-12-12,"29","1  day ahead inc hosp",2020-12-13,"quantile",0.8,243.26619149179
"22145",2020-12-12,"29","1  day ahead inc hosp",2020-12-13,"quantile",0.85,247.803577762323
"22146",2020-12-12,"29","1  day ahead inc hosp",2020-12-13,"quantile",0.9,253.512645768957
"22147",2020-12-12,"29","1  day ahead inc hosp",2020-12-13,"quantile",0.95,261.974344566405
"22148",2020-12-12,"29","1  day ahead inc hosp",2020-12-13,"quantile",0.975,269.313606346384
"22149",2020-12-12,"29","1  day ahead inc hosp",2020-12-13,"quantile",0.99,277.847084260568
"22150",2020-12-12,"29","2  day ahead inc hosp",2020-12-14,"quantile",0.01,166.01426458106
"22151",2020-12-12,"29","2  day ahead inc hosp",2020-12-14,"quantile",0.025,175.369577920362
"22152",2020-12-12,"29","2  day ahead inc hosp",2020-12-14,"quantile",0.05,183.415663504849
"22153",2020-12-12,"29","2  day ahead inc hosp",2020-12-14,"quantile",0.1,192.692284881151
"22154",2020-12-12,"29","2  day ahead inc hosp",2020-12-14,"quantile",0.15,198.951177282882
"22155",2020-12-12,"29","2  day ahead inc hosp",2020-12-14,"quantile",0.2,203.925546552852
"22156",2020-12-12,"29","2  day ahead inc hosp",2020-12-14,"quantile",0.25,208.193112460248
"22157",2020-12-12,"29","2  day ahead inc hosp",2020-12-14,"quantile",0.3,212.025518539758
"22158",2020-12-12,"29","2  day ahead inc hosp",2020-12-14,"quantile",0.35,215.576813915104
"22159",2020-12-12,"29","2  day ahead inc hosp",2020-12-14,"quantile",0.4,218.946645944376
"22160",2020-12-12,"29","2  day ahead inc hosp",2020-12-14,"quantile",0.45,222.206997431444
"22161",2020-12-12,"29","2  day ahead inc hosp",2020-12-14,"quantile",0.5,225.415657277459
"22162",2020-12-12,"29","2  day ahead inc hosp",2020-12-14,"quantile",0.55,228.624317123474
"22163",2020-12-12,"29","2  day ahead inc hosp",2020-12-14,"quantile",0.6,231.884668610543
"22164",2020-12-12,"29","2  day ahead inc hosp",2020-12-14,"quantile",0.65,235.254500639814
"22165",2020-12-12,"29","2  day ahead inc hosp",2020-12-14,"quantile",0.7,238.80579601516
"22166",2020-12-12,"29","2  day ahead inc hosp",2020-12-14,"quantile",0.75,242.638202094671
"22167",2020-12-12,"29","2  day ahead inc hosp",2020-12-14,"quantile",0.8,246.905768002066
"22168",2020-12-12,"29","2  day ahead inc hosp",2020-12-14,"quantile",0.85,251.880137272036
"22169",2020-12-12,"29","2  day ahead inc hosp",2020-12-14,"quantile",0.9,258.139029673768
"22170",2020-12-12,"29","2  day ahead inc hosp",2020-12-14,"quantile",0.95,267.415651050069
"22171",2020-12-12,"29","2  day ahead inc hosp",2020-12-14,"quantile",0.975,275.461736634556
"22172",2020-12-12,"29","2  day ahead inc hosp",2020-12-14,"quantile",0.99,284.817049973858
"22173",2020-12-12,"29","3  day ahead inc hosp",2020-12-15,"quantile",0.01,162.970542689171
"22174",2020-12-12,"29","3  day ahead inc hosp",2020-12-15,"quantile",0.025,173.081107957302
"22175",2020-12-12,"29","3  day ahead inc hosp",2020-12-15,"quantile",0.05,181.776751866222
"22176",2020-12-12,"29","3  day ahead inc hosp",2020-12-15,"quantile",0.1,191.802272390352
"22177",2020-12-12,"29","3  day ahead inc hosp",2020-12-15,"quantile",0.15,198.566443491718
"22178",2020-12-12,"29","3  day ahead inc hosp",2020-12-15,"quantile",0.2,203.942392254496
"22179",2020-12-12,"29","3  day ahead inc hosp",2020-12-15,"quantile",0.25,208.554477609405
"22180",2020-12-12,"29","3  day ahead inc hosp",2020-12-15,"quantile",0.3,212.696272800603
"22181",2020-12-12,"29","3  day ahead inc hosp",2020-12-15,"quantile",0.35,216.534263296123
"22182",2020-12-12,"29","3  day ahead inc hosp",2020-12-15,"quantile",0.4,220.176140958463
"22183",2020-12-12,"29","3  day ahead inc hosp",2020-12-15,"quantile",0.45,223.699699743884
"22184",2020-12-12,"29","3  day ahead inc hosp",2020-12-15,"quantile",0.5,227.167393835976
"22185",2020-12-12,"29","3  day ahead inc hosp",2020-12-15,"quantile",0.55,230.635087928068
"22186",2020-12-12,"29","3  day ahead inc hosp",2020-12-15,"quantile",0.6,234.158646713488
"22187",2020-12-12,"29","3  day ahead inc hosp",2020-12-15,"quantile",0.65,237.800524375828
"22188",2020-12-12,"29","3  day ahead inc hosp",2020-12-15,"quantile",0.7,241.638514871348
"22189",2020-12-12,"29","3  day ahead inc hosp",2020-12-15,"quantile",0.75,245.780310062547
"22190",2020-12-12,"29","3  day ahead inc hosp",2020-12-15,"quantile",0.8,250.392395417455
"22191",2020-12-12,"29","3  day ahead inc hosp",2020-12-15,"quantile",0.85,255.768344180233
"22192",2020-12-12,"29","3  day ahead inc hosp",2020-12-15,"quantile",0.9,262.532515281599
"22193",2020-12-12,"29","3  day ahead inc hosp",2020-12-15,"quantile",0.95,272.558035805729
"22194",2020-12-12,"29","3  day ahead inc hosp",2020-12-15,"quantile",0.975,281.253679714649
"22195",2020-12-12,"29","3  day ahead inc hosp",2020-12-15,"quantile",0.99,291.364244982781
"22196",2020-12-12,"29","4  day ahead inc hosp",2020-12-16,"quantile",0.01,160.260948507274
"22197",2020-12-12,"29","4  day ahead inc hosp",2020-12-16,"quantile",0.025,171.074142873685
"22198",2020-12-12,"29","4  day ahead inc hosp",2020-12-16,"quantile",0.05,180.374086569674
"22199",2020-12-12,"29","4  day ahead inc hosp",2020-12-16,"quantile",0.1,191.096326046588
"22200",2020-12-12,"29","4  day ahead inc hosp",2020-12-16,"quantile",0.15,198.330570117715
"22201",2020-12-12,"29","4  day ahead inc hosp",2020-12-16,"quantile",0.2,204.080117975243
"22202",2020-12-12,"29","4  day ahead inc hosp",2020-12-16,"quantile",0.25,209.012718087553
"22203",2020-12-12,"29","4  day ahead inc hosp",2020-12-16,"quantile",0.3,213.442345436824
"22204",2020-12-12,"29","4  day ahead inc hosp",2020-12-16,"quantile",0.35,217.547055322364
"22205",2020-12-12,"29","4  day ahead inc hosp",2020-12-16,"quantile",0.4,221.442023603286
"22206",2020-12-12,"29","4  day ahead inc hosp",2020-12-16,"quantile",0.45,225.21045049118
"22207",2020-12-12,"29","4  day ahead inc hosp",2020-12-16,"quantile",0.5,228.919130394492
"22208",2020-12-12,"29","4  day ahead inc hosp",2020-12-16,"quantile",0.55,232.627810297804
"22209",2020-12-12,"29","4  day ahead inc hosp",2020-12-16,"quantile",0.6,236.396237185697
"22210",2020-12-12,"29","4  day ahead inc hosp",2020-12-16,"quantile",0.65,240.29120546662
"22211",2020-12-12,"29","4  day ahead inc hosp",2020-12-16,"quantile",0.7,244.39591535216
"22212",2020-12-12,"29","4  day ahead inc hosp",2020-12-16,"quantile",0.75,248.82554270143
"22213",2020-12-12,"29","4  day ahead inc hosp",2020-12-16,"quantile",0.8,253.758142813741
"22214",2020-12-12,"29","4  day ahead inc hosp",2020-12-16,"quantile",0.85,259.507690671269
"22215",2020-12-12,"29","4  day ahead inc hosp",2020-12-16,"quantile",0.9,266.741934742396
"22216",2020-12-12,"29","4  day ahead inc hosp",2020-12-16,"quantile",0.95,277.46417421931
"22217",2020-12-12,"29","4  day ahead inc hosp",2020-12-16,"quantile",0.975,286.764117915298
"22218",2020-12-12,"29","4  day ahead inc hosp",2020-12-16,"quantile",0.99,297.57731228171
"22219",2020-12-12,"29","5  day ahead inc hosp",2020-12-17,"quantile",0.01,157.824067552132
"22220",2020-12-12,"29","5  day ahead inc hosp",2020-12-17,"quantile",0.025,169.296940547612
"22221",2020-12-12,"29","5  day ahead inc hosp",2020-12-17,"quantile",0.05,179.164244257664
"22222",2020-12-12,"29","5  day ahead inc hosp",2020-12-17,"quantile",0.1,190.54061349485
"22223",2020-12-12,"29","5  day ahead inc hosp",2020-12-17,"quantile",0.15,198.216195809745
"22224",2020-12-12,"29","5  day ahead inc hosp",2020-12-17,"quantile",0.2,204.316505312713
"22225",2020-12-12,"29","5  day ahead inc hosp",2020-12-17,"quantile",0.25,209.550027684402
"22226",2020-12-12,"29","5  day ahead inc hosp",2020-12-17,"quantile",0.3,214.249892522987
"22227",2020-12-12,"29","5  day ahead inc hosp",2020-12-17,"quantile",0.35,218.605017715814
"22228",2020-12-12,"29","5  day ahead inc hosp",2020-12-17,"quantile",0.4,222.737605635186
"22229",2020-12-12,"29","5  day ahead inc hosp",2020-12-17,"quantile",0.45,226.735932273228
"22230",2020-12-12,"29","5  day ahead inc hosp",2020-12-17,"quantile",0.5,230.670866953008
"22231",2020-12-12,"29","5  day ahead inc hosp",2020-12-17,"quantile",0.55,234.605801632788
"22232",2020-12-12,"29","5  day ahead inc hosp",2020-12-17,"quantile",0.6,238.604128270831
"22233",2020-12-12,"29","5  day ahead inc hosp",2020-12-17,"quantile",0.65,242.736716190203
"22234",2020-12-12,"29","5  day ahead inc hosp",2020-12-17,"quantile",0.7,247.09184138303
"22235",2020-12-12,"29","5  day ahead inc hosp",2020-12-17,"quantile",0.75,251.791706221615
"22236",2020-12-12,"29","5  day ahead inc hosp",2020-12-17,"quantile",0.8,257.025228593304
"22237",2020-12-12,"29","5  day ahead inc hosp",2020-12-17,"quantile",0.85,263.125538096271
"22238",2020-12-12,"29","5  day ahead inc hosp",2020-12-17,"quantile",0.9,270.801120411167
"22239",2020-12-12,"29","5  day ahead inc hosp",2020-12-17,"quantile",0.95,282.177489648353
"22240",2020-12-12,"29","5  day ahead inc hosp",2020-12-17,"quantile",0.975,292.044793358404
"22241",2020-12-12,"29","5  day ahead inc hosp",2020-12-17,"quantile",0.99,303.517666353885
"22242",2020-12-12,"29","6  day ahead inc hosp",2020-12-18,"quantile",0.01,155.615270360029
"22243",2020-12-12,"29","6  day ahead inc hosp",2020-12-18,"quantile",0.025,167.71190035086
"22244",2020-12-12,"29","6  day ahead inc hosp",2020-12-18,"quantile",0.05,178.115669488256
"22245",2020-12-12,"29","6  day ahead inc hosp",2020-12-18,"quantile",0.1,190.110549005838
"22246",2020-12-12,"29","6  day ahead inc hosp",2020-12-18,"quantile",0.15,198.203437270532
"22247",2020-12-12,"29","6  day ahead inc hosp",2020-12-18,"quantile",0.2,204.635408313532
"22248",2020-12-12,"29","6  day ahead inc hosp",2020-12-18,"quantile",0.25,210.153466754865
"22249",2020-12-12,"29","6  day ahead inc hosp",2020-12-18,"quantile",0.3,215.108853777948
"22250",2020-12-12,"29","6  day ahead inc hosp",2020-12-18,"quantile",0.35,219.70075835513
"22251",2020-12-12,"29","6  day ahead inc hosp",2020-12-18,"quantile",0.4,224.058026755548
"22252",2020-12-12,"29","6  day ahead inc hosp",2020-12-18,"quantile",0.45,228.273734359209
"22253",2020-12-12,"29","6  day ahead inc hosp",2020-12-18,"quantile",0.5,232.422603511525
"22254",2020-12-12,"29","6  day ahead inc hosp",2020-12-18,"quantile",0.55,236.57147266384
"22255",2020-12-12,"29","6  day ahead inc hosp",2020-12-18,"quantile",0.6,240.787180267501
"22256",2020-12-12,"29","6  day ahead inc hosp",2020-12-18,"quantile",0.65,245.144448667919
"22257",2020-12-12,"29","6  day ahead inc hosp",2020-12-18,"quantile",0.7,249.736353245101
"22258",2020-12-12,"29","6  day ahead inc hosp",2020-12-18,"quantile",0.75,254.691740268184
"22259",2020-12-12,"29","6  day ahead inc hosp",2020-12-18,"quantile",0.8,260.209798709517
"22260",2020-12-12,"29","6  day ahead inc hosp",2020-12-18,"quantile",0.85,266.641769752517
"22261",2020-12-12,"29","6  day ahead inc hosp",2020-12-18,"quantile",0.9,274.734658017211
"22262",2020-12-12,"29","6  day ahead inc hosp",2020-12-18,"quantile",0.95,286.729537534793
"22263",2020-12-12,"29","6  day ahead inc hosp",2020-12-18,"quantile",0.975,297.133306672189
"22264",2020-12-12,"29","6  day ahead inc hosp",2020-12-18,"quantile",0.99,309.22993666302
"22265",2020-12-12,"29","7  day ahead inc hosp",2020-12-19,"quantile",0.01,153.600915985309
"22266",2020-12-12,"29","7  day ahead inc hosp",2020-12-19,"quantile",0.025,166.290679556775
"22267",2020-12-12,"29","7  day ahead inc hosp",2020-12-19,"quantile",0.05,177.204576295432
"22268",2020-12-12,"29","7  day ahead inc hosp",2020-12-19,"quantile",0.1,189.787600266712
"22269",2020-12-12,"29","7  day ahead inc hosp",2020-12-19,"quantile",0.15,198.277306802095
"22270",2020-12-12,"29","7  day ahead inc hosp",2020-12-19,"quantile",0.2,205.024656427243
"22271",2020-12-12,"29","7  day ahead inc hosp",2020-12-19,"quantile",0.25,210.813281610218
"22272",2020-12-12,"29","7  day ahead inc hosp",2020-12-19,"quantile",0.3,216.011645929511
"22273",2020-12-12,"29","7  day ahead inc hosp",2020-12-19,"quantile",0.35,220.828705182488
"22274",2020-12-12,"29","7  day ahead inc hosp",2020-12-19,"quantile",0.4,225.399623352312
"22275",2020-12-12,"29","7  day ahead inc hosp",2020-12-19,"quantile",0.45,229.822039580422
"22276",2020-12-12,"29","7  day ahead inc hosp",2020-12-19,"quantile",0.5,234.174340070041
"22277",2020-12-12,"29","7  day ahead inc hosp",2020-12-19,"quantile",0.55,238.52664055966
"22278",2020-12-12,"29","7  day ahead inc hosp",2020-12-19,"quantile",0.6,242.94905678777
"22279",2020-12-12,"29","7  day ahead inc hosp",2020-12-19,"quantile",0.65,247.519974957594
"22280",2020-12-12,"29","7  day ahead inc hosp",2020-12-19,"quantile",0.7,252.337034210571
"22281",2020-12-12,"29","7  day ahead inc hosp",2020-12-19,"quantile",0.75,257.535398529864
"22282",2020-12-12,"29","7  day ahead inc hosp",2020-12-19,"quantile",0.8,263.324023712839
"22283",2020-12-12,"29","7  day ahead inc hosp",2020-12-19,"quantile",0.85,270.071373337987
"22284",2020-12-12,"29","7  day ahead inc hosp",2020-12-19,"quantile",0.9,278.56107987337
"22285",2020-12-12,"29","7  day ahead inc hosp",2020-12-19,"quantile",0.95,291.14410384465
"22286",2020-12-12,"29","7  day ahead inc hosp",2020-12-19,"quantile",0.975,302.058000583307
"22287",2020-12-12,"29","7  day ahead inc hosp",2020-12-19,"quantile",0.99,314.747764154773
"22288",2020-12-12,"29","8  day ahead inc hosp",2020-12-20,"quantile",0.01,152.632488528639
"22289",2020-12-12,"29","8  day ahead inc hosp",2020-12-20,"quantile",0.025,165.888873475687
"22290",2020-12-12,"29","8  day ahead inc hosp",2020-12-20,"quantile",0.05,177.290095856639
"22291",2020-12-12,"29","8  day ahead inc hosp",2020-12-20,"quantile",0.1,190.434975083255
"22292",2020-12-12,"29","8  day ahead inc hosp",2020-12-20,"quantile",0.15,199.303762691999
"22293",2020-12-12,"29","8  day ahead inc hosp",2020-12-20,"quantile",0.2,206.35239393714
"22294",2020-12-12,"29","8  day ahead inc hosp",2020-12-20,"quantile",0.25,212.399491923445
"22295",2020-12-12,"29","8  day ahead inc hosp",2020-12-20,"quantile",0.3,217.829972808566
"22296",2020-12-12,"29","8  day ahead inc hosp",2020-12-20,"quantile",0.35,222.862122652066
"22297",2020-12-12,"29","8  day ahead inc hosp",2020-12-20,"quantile",0.4,227.637140758542
"22298",2020-12-12,"29","8  day ahead inc hosp",2020-12-20,"quantile",0.45,232.257026037392
"22299",2020-12-12,"29","8  day ahead inc hosp",2020-12-20,"quantile",0.5,236.803664780556
"22300",2020-12-12,"29","8  day ahead inc hosp",2020-12-20,"quantile",0.55,241.35030352372
"22301",2020-12-12,"29","8  day ahead inc hosp",2020-12-20,"quantile",0.6,245.97018880257
"22302",2020-12-12,"29","8  day ahead inc hosp",2020-12-20,"quantile",0.65,250.745206909045
"22303",2020-12-12,"29","8  day ahead inc hosp",2020-12-20,"quantile",0.7,255.777356752546
"22304",2020-12-12,"29","8  day ahead inc hosp",2020-12-20,"quantile",0.75,261.207837637667
"22305",2020-12-12,"29","8  day ahead inc hosp",2020-12-20,"quantile",0.8,267.254935623972
"22306",2020-12-12,"29","8  day ahead inc hosp",2020-12-20,"quantile",0.85,274.303566869113
"22307",2020-12-12,"29","8  day ahead inc hosp",2020-12-20,"quantile",0.9,283.172354477857
"22308",2020-12-12,"29","8  day ahead inc hosp",2020-12-20,"quantile",0.95,296.317233704473
"22309",2020-12-12,"29","8  day ahead inc hosp",2020-12-20,"quantile",0.975,307.718456085425
"22310",2020-12-12,"29","8  day ahead inc hosp",2020-12-20,"quantile",0.99,320.974841032473
"22311",2020-12-12,"29","9  day ahead inc hosp",2020-12-21,"quantile",0.01,150.934073144822
"22312",2020-12-12,"29","9  day ahead inc hosp",2020-12-21,"quantile",0.025,164.733833440891
"22313",2020-12-12,"29","9  day ahead inc hosp",2020-12-21,"quantile",0.05,176.60238859886
"22314",2020-12-12,"29","9  day ahead inc hosp",2020-12-21,"quantile",0.1,190.286072587569
"22315",2020-12-12,"29","9  day ahead inc hosp",2020-12-21,"quantile",0.15,199.518389211315
"22316",2020-12-12,"29","9  day ahead inc hosp",2020-12-21,"quantile",0.2,206.855941793476
"22317",2020-12-12,"29","9  day ahead inc hosp",2020-12-21,"quantile",0.25,213.150908560899
"22318",2020-12-12,"29","9  day ahead inc hosp",2020-12-21,"quantile",0.3,218.803983272172
"22319",2020-12-12,"29","9  day ahead inc hosp",2020-12-21,"quantile",0.35,224.042399468714
"22320",2020-12-12,"29","9  day ahead inc hosp",2020-12-21,"quantile",0.4,229.013144173395
"22321",2020-12-12,"29","9  day ahead inc hosp",2020-12-21,"quantile",0.45,233.822397201134
"22322",2020-12-12,"29","9  day ahead inc hosp",2020-12-21,"quantile",0.5,238.555401339072
"22323",2020-12-12,"29","9  day ahead inc hosp",2020-12-21,"quantile",0.55,243.288405477011
"22324",2020-12-12,"29","9  day ahead inc hosp",2020-12-21,"quantile",0.6,248.09765850475
"22325",2020-12-12,"29","9  day ahead inc hosp",2020-12-21,"quantile",0.65,253.068403209431
"22326",2020-12-12,"29","9  day ahead inc hosp",2020-12-21,"quantile",0.7,258.306819405972
"22327",2020-12-12,"29","9  day ahead inc hosp",2020-12-21,"quantile",0.75,263.959894117245
"22328",2020-12-12,"29","9  day ahead inc hosp",2020-12-21,"quantile",0.8,270.254860884669
"22329",2020-12-12,"29","9  day ahead inc hosp",2020-12-21,"quantile",0.85,277.59241346683
"22330",2020-12-12,"29","9  day ahead inc hosp",2020-12-21,"quantile",0.9,286.824730090576
"22331",2020-12-12,"29","9  day ahead inc hosp",2020-12-21,"quantile",0.95,300.508414079285
"22332",2020-12-12,"29","9  day ahead inc hosp",2020-12-21,"quantile",0.975,312.376969237253
"22333",2020-12-12,"29","9  day ahead inc hosp",2020-12-21,"quantile",0.99,326.176729533323
"22334",2020-12-12,"29","10  day ahead inc hosp",2020-12-22,"quantile",0.01,149.36645724576
"22335",2020-12-12,"29","10  day ahead inc hosp",2020-12-22,"quantile",0.025,163.68899286602
"22336",2020-12-12,"29","10  day ahead inc hosp",2020-12-22,"quantile",0.05,176.007163643192
"22337",2020-12-12,"29","10  day ahead inc hosp",2020-12-22,"quantile",0.1,190.20922564571
"22338",2020-12-12,"29","10  day ahead inc hosp",2020-12-22,"quantile",0.15,199.791289454368
"22339",2020-12-12,"29","10  day ahead inc hosp",2020-12-22,"quantile",0.2,207.406810011885
"22340",2020-12-12,"29","10  day ahead inc hosp",2020-12-22,"quantile",0.25,213.940248551427
"22341",2020-12-12,"29","10  day ahead inc hosp",2020-12-22,"quantile",0.3,219.807478284342
"22342",2020-12-12,"29","10  day ahead inc hosp",2020-12-22,"quantile",0.35,225.244341023913
"22343",2020-12-12,"29","10  day ahead inc hosp",2020-12-22,"quantile",0.4,230.403392091799
"22344",2020-12-12,"29","10  day ahead inc hosp",2020-12-22,"quantile",0.45,235.394833705191
"22345",2020-12-12,"29","10  day ahead inc hosp",2020-12-22,"quantile",0.5,240.307137897589
"22346",2020-12-12,"29","10  day ahead inc hosp",2020-12-22,"quantile",0.55,245.219442089986
"22347",2020-12-12,"29","10  day ahead inc hosp",2020-12-22,"quantile",0.6,250.210883703378
"22348",2020-12-12,"29","10  day ahead inc hosp",2020-12-22,"quantile",0.65,255.369934771264
"22349",2020-12-12,"29","10  day ahead inc hosp",2020-12-22,"quantile",0.7,260.806797510835
"22350",2020-12-12,"29","10  day ahead inc hosp",2020-12-22,"quantile",0.75,266.67402724375
"22351",2020-12-12,"29","10  day ahead inc hosp",2020-12-22,"quantile",0.8,273.207465783292
"22352",2020-12-12,"29","10  day ahead inc hosp",2020-12-22,"quantile",0.85,280.822986340809
"22353",2020-12-12,"29","10  day ahead inc hosp",2020-12-22,"quantile",0.9,290.405050149467
"22354",2020-12-12,"29","10  day ahead inc hosp",2020-12-22,"quantile",0.95,304.607112151985
"22355",2020-12-12,"29","10  day ahead inc hosp",2020-12-22,"quantile",0.975,316.925282929157
"22356",2020-12-12,"29","10  day ahead inc hosp",2020-12-22,"quantile",0.99,331.247818549417
"22357",2020-12-12,"29","11  day ahead inc hosp",2020-12-23,"quantile",0.01,147.915804396163
"22358",2020-12-12,"29","11  day ahead inc hosp",2020-12-23,"quantile",0.025,162.742694459769
"22359",2020-12-12,"29","11  day ahead inc hosp",2020-12-23,"quantile",0.05,175.494637882378
"22360",2020-12-12,"29","11  day ahead inc hosp",2020-12-23,"quantile",0.1,190.196811964597
"22361",2020-12-12,"29","11  day ahead inc hosp",2020-12-23,"quantile",0.15,200.116299019142
"22362",2020-12-12,"29","11  day ahead inc hosp",2020-12-23,"quantile",0.2,207.999992875956
"22363",2020-12-12,"29","11  day ahead inc hosp",2020-12-23,"quantile",0.25,214.76350022769
"22364",2020-12-12,"29","11  day ahead inc hosp",2020-12-23,"quantile",0.3,220.83733886453
"22365",2020-12-12,"29","11  day ahead inc hosp",2020-12-23,"quantile",0.35,226.465655544469
"22366",2020-12-12,"29","11  day ahead inc hosp",2020-12-23,"quantile",0.4,231.806377679444
"22367",2020-12-12,"29","11  day ahead inc hosp",2020-12-23,"quantile",0.45,236.973588152705
"22368",2020-12-12,"29","11  day ahead inc hosp",2020-12-23,"quantile",0.5,242.058874456105
"22369",2020-12-12,"29","11  day ahead inc hosp",2020-12-23,"quantile",0.55,247.144160759505
"22370",2020-12-12,"29","11  day ahead inc hosp",2020-12-23,"quantile",0.6,252.311371232766
"22371",2020-12-12,"29","11  day ahead inc hosp",2020-12-23,"quantile",0.65,257.652093367741
"22372",2020-12-12,"29","11  day ahead inc hosp",2020-12-23,"quantile",0.7,263.28041004768
"22373",2020-12-12,"29","11  day ahead inc hosp",2020-12-23,"quantile",0.75,269.35424868452
"22374",2020-12-12,"29","11  day ahead inc hosp",2020-12-23,"quantile",0.8,276.117756036254
"22375",2020-12-12,"29","11  day ahead inc hosp",2020-12-23,"quantile",0.85,284.001449893068
"22376",2020-12-12,"29","11  day ahead inc hosp",2020-12-23,"quantile",0.9,293.920936947613
"22377",2020-12-12,"29","11  day ahead inc hosp",2020-12-23,"quantile",0.95,308.623111029832
"22378",2020-12-12,"29","11  day ahead inc hosp",2020-12-23,"quantile",0.975,321.375054452441
"22379",2020-12-12,"29","11  day ahead inc hosp",2020-12-23,"quantile",0.99,336.201944516047
"22380",2020-12-12,"29","12  day ahead inc hosp",2020-12-24,"quantile",0.01,146.570558139253
"22381",2020-12-12,"29","12  day ahead inc hosp",2020-12-24,"quantile",0.025,161.885201828314
"22382",2020-12-12,"29","12  day ahead inc hosp",2020-12-24,"quantile",0.05,175.056640277142
"22383",2020-12-12,"29","12  day ahead inc hosp",2020-12-24,"quantile",0.1,190.242465258498
"22384",2020-12-12,"29","12  day ahead inc hosp",2020-12-24,"quantile",0.15,200.488269278553
"22385",2020-12-12,"29","12  day ahead inc hosp",2020-12-24,"quantile",0.2,208.631309515096
"22386",2020-12-12,"29","12  day ahead inc hosp",2020-12-24,"quantile",0.25,215.617312967998
"22387",2020-12-12,"29","12  day ahead inc hosp",2020-12-24,"quantile",0.3,221.890959980219
"22388",2020-12-12,"29","12  day ahead inc hosp",2020-12-24,"quantile",0.35,227.704428897348
"22389",2020-12-12,"29","12  day ahead inc hosp",2020-12-24,"quantile",0.4,233.220842399339
"22390",2020-12-12,"29","12  day ahead inc hosp",2020-12-24,"quantile",0.45,238.558036303449
"22391",2020-12-12,"29","12  day ahead inc hosp",2020-12-24,"quantile",0.5,243.810611014621
"22392",2020-12-12,"29","12  day ahead inc hosp",2020-12-24,"quantile",0.55,249.063185725794
"22393",2020-12-12,"29","12  day ahead inc hosp",2020-12-24,"quantile",0.6,254.400379629904
"22394",2020-12-12,"29","12  day ahead inc hosp",2020-12-24,"quantile",0.65,259.916793131895
"22395",2020-12-12,"29","12  day ahead inc hosp",2020-12-24,"quantile",0.7,265.730262049024
"22396",2020-12-12,"29","12  day ahead inc hosp",2020-12-24,"quantile",0.75,272.003909061244
"22397",2020-12-12,"29","12  day ahead inc hosp",2020-12-24,"quantile",0.8,278.989912514147
"22398",2020-12-12,"29","12  day ahead inc hosp",2020-12-24,"quantile",0.85,287.13295275069
"22399",2020-12-12,"29","12  day ahead inc hosp",2020-12-24,"quantile",0.9,297.378756770745
"22400",2020-12-12,"29","12  day ahead inc hosp",2020-12-24,"quantile",0.95,312.564581752101
"22401",2020-12-12,"29","12  day ahead inc hosp",2020-12-24,"quantile",0.975,325.736020200929
"22402",2020-12-12,"29","12  day ahead inc hosp",2020-12-24,"quantile",0.99,341.050663889989
"22403",2020-12-12,"29","13  day ahead inc hosp",2020-12-25,"quantile",0.01,145.320948310669
"22404",2020-12-12,"29","13  day ahead inc hosp",2020-12-25,"quantile",0.025,161.108283541402
"22405",2020-12-12,"29","13  day ahead inc hosp",2020-12-25,"quantile",0.05,174.686262793451
"22406",2020-12-12,"29","13  day ahead inc hosp",2020-12-25,"quantile",0.1,190.340803284468
"22407",2020-12-12,"29","13  day ahead inc hosp",2020-12-25,"quantile",0.15,200.90284743366
"22408",2020-12-12,"29","13  day ahead inc hosp",2020-12-25,"quantile",0.2,209.297225299824
"22409",2020-12-12,"29","13  day ahead inc hosp",2020-12-25,"quantile",0.25,216.498854059415
"22410",2020-12-12,"29","13  day ahead inc hosp",2020-12-25,"quantile",0.3,222.966139261222
"22411",2020-12-12,"29","13  day ahead inc hosp",2020-12-25,"quantile",0.35,228.959042818862
"22412",2020-12-12,"29","13  day ahead inc hosp",2020-12-25,"quantile",0.4,234.645722247746
"22413",2020-12-12,"29","13  day ahead inc hosp",2020-12-25,"quantile",0.45,240.147650406596
"22414",2020-12-12,"29","13  day ahead inc hosp",2020-12-25,"quantile",0.5,245.562347573138
"22415",2020-12-12,"29","13  day ahead inc hosp",2020-12-25,"quantile",0.55,250.977044739679
"22416",2020-12-12,"29","13  day ahead inc hosp",2020-12-25,"quantile",0.6,256.478972898529
"22417",2020-12-12,"29","13  day ahead inc hosp",2020-12-25,"quantile",0.65,262.165652327413
"22418",2020-12-12,"29","13  day ahead inc hosp",2020-12-25,"quantile",0.7,268.158555885054
"22419",2020-12-12,"29","13  day ahead inc hosp",2020-12-25,"quantile",0.75,274.62584108686
"22420",2020-12-12,"29","13  day ahead inc hosp",2020-12-25,"quantile",0.8,281.827469846451
"22421",2020-12-12,"29","13  day ahead inc hosp",2020-12-25,"quantile",0.85,290.221847712615
"22422",2020-12-12,"29","13  day ahead inc hosp",2020-12-25,"quantile",0.9,300.783891861807
"22423",2020-12-12,"29","13  day ahead inc hosp",2020-12-25,"quantile",0.95,316.438432352824
"22424",2020-12-12,"29","13  day ahead inc hosp",2020-12-25,"quantile",0.975,330.016411604874
"22425",2020-12-12,"29","13  day ahead inc hosp",2020-12-25,"quantile",0.99,345.803746835606
"22426",2020-12-12,"29","14  day ahead inc hosp",2020-12-26,"quantile",0.01,144.158626840288
"22427",2020-12-12,"29","14  day ahead inc hosp",2020-12-26,"quantile",0.025,160.404906292894
"22428",2020-12-12,"29","14  day ahead inc hosp",2020-12-26,"quantile",0.05,174.377602894728
"22429",2020-12-12,"29","14  day ahead inc hosp",2020-12-26,"quantile",0.1,190.487227210814
"22430",2020-12-12,"29","14  day ahead inc hosp",2020-12-26,"quantile",0.15,201.356314256264
"22431",2020-12-12,"29","14  day ahead inc hosp",2020-12-26,"quantile",0.2,209.994720082916
"22432",2020-12-12,"29","14  day ahead inc hosp",2020-12-26,"quantile",0.25,217.405703103944
"22433",2020-12-12,"29","14  day ahead inc hosp",2020-12-26,"quantile",0.3,224.060994902887
"22434",2020-12-12,"29","14  day ahead inc hosp",2020-12-26,"quantile",0.35,230.228114591358
"22435",2020-12-12,"29","14  day ahead inc hosp",2020-12-26,"quantile",0.4,236.080108091767
"22436",2020-12-12,"29","14  day ahead inc hosp",2020-12-26,"quantile",0.45,241.741979527983
"22437",2020-12-12,"29","14  day ahead inc hosp",2020-12-26,"quantile",0.5,247.314084131654
"22438",2020-12-12,"29","14  day ahead inc hosp",2020-12-26,"quantile",0.55,252.886188735325
"22439",2020-12-12,"29","14  day ahead inc hosp",2020-12-26,"quantile",0.6,258.548060171541
"22440",2020-12-12,"29","14  day ahead inc hosp",2020-12-26,"quantile",0.65,264.40005367195
"22441",2020-12-12,"29","14  day ahead inc hosp",2020-12-26,"quantile",0.7,270.567173360421
"22442",2020-12-12,"29","14  day ahead inc hosp",2020-12-26,"quantile",0.75,277.222465159364
"22443",2020-12-12,"29","14  day ahead inc hosp",2020-12-26,"quantile",0.8,284.633448180392
"22444",2020-12-12,"29","14  day ahead inc hosp",2020-12-26,"quantile",0.85,293.271854007044
"22445",2020-12-12,"29","14  day ahead inc hosp",2020-12-26,"quantile",0.9,304.140941052494
"22446",2020-12-12,"29","14  day ahead inc hosp",2020-12-26,"quantile",0.95,320.25056536858
"22447",2020-12-12,"29","14  day ahead inc hosp",2020-12-26,"quantile",0.975,334.223261970414
"22448",2020-12-12,"29","14  day ahead inc hosp",2020-12-26,"quantile",0.99,350.46954142302
"22449",2020-12-12,"29","15  day ahead inc hosp",2020-12-27,"quantile",0.01,136.610904768157
"22450",2020-12-12,"29","15  day ahead inc hosp",2020-12-27,"quantile",0.025,153.303515061841
"22451",2020-12-12,"29","15  day ahead inc hosp",2020-12-27,"quantile",0.05,167.660080810124
"22452",2020-12-12,"29","15  day ahead inc hosp",2020-12-27,"quantile",0.1,184.21228166759
"22453",2020-12-12,"29","15  day ahead inc hosp",2020-12-27,"quantile",0.15,195.379973004373
"22454",2020-12-12,"29","15  day ahead inc hosp",2020-12-27,"quantile",0.2,204.255700055829
"22455",2020-12-12,"29","15  day ahead inc hosp",2020-12-27,"quantile",0.25,211.870283556255
"22456",2020-12-12,"29","15  day ahead inc hosp",2020-12-27,"quantile",0.3,218.708414878235
"22457",2020-12-12,"29","15  day ahead inc hosp",2020-12-27,"quantile",0.35,225.044962633336
"22458",2020-12-12,"29","15  day ahead inc hosp",2020-12-27,"quantile",0.4,231.05772680057
"22459",2020-12-12,"29","15  day ahead inc hosp",2020-12-27,"quantile",0.45,236.875145717523
"22460",2020-12-12,"29","15  day ahead inc hosp",2020-12-27,"quantile",0.5,242.60033165539
"22461",2020-12-12,"29","15  day ahead inc hosp",2020-12-27,"quantile",0.55,248.325517593258
"22462",2020-12-12,"29","15  day ahead inc hosp",2020-12-27,"quantile",0.6,254.14293651021
"22463",2020-12-12,"29","15  day ahead inc hosp",2020-12-27,"quantile",0.65,260.155700677445
"22464",2020-12-12,"29","15  day ahead inc hosp",2020-12-27,"quantile",0.7,266.492248432546
"22465",2020-12-12,"29","15  day ahead inc hosp",2020-12-27,"quantile",0.75,273.330379754525
"22466",2020-12-12,"29","15  day ahead inc hosp",2020-12-27,"quantile",0.8,280.944963254952
"22467",2020-12-12,"29","15  day ahead inc hosp",2020-12-27,"quantile",0.85,289.820690306407
"22468",2020-12-12,"29","15  day ahead inc hosp",2020-12-27,"quantile",0.9,300.98838164319
"22469",2020-12-12,"29","15  day ahead inc hosp",2020-12-27,"quantile",0.95,317.540582500657
"22470",2020-12-12,"29","15  day ahead inc hosp",2020-12-27,"quantile",0.975,331.89714824894
"22471",2020-12-12,"29","15  day ahead inc hosp",2020-12-27,"quantile",0.99,348.589758542624
"22472",2020-12-12,"29","16  day ahead inc hosp",2020-12-28,"quantile",0.01,135.602498767506
"22473",2020-12-12,"29","16  day ahead inc hosp",2020-12-28,"quantile",0.025,152.729812648598
"22474",2020-12-12,"29","16  day ahead inc hosp",2020-12-28,"quantile",0.05,167.460247463722
"22475",2020-12-12,"29","16  day ahead inc hosp",2020-12-28,"quantile",0.1,184.443495411227
"22476",2020-12-12,"29","16  day ahead inc hosp",2020-12-28,"quantile",0.15,195.902012173258
"22477",2020-12-12,"29","16  day ahead inc hosp",2020-12-28,"quantile",0.2,205.008878053347
"22478",2020-12-12,"29","16  day ahead inc hosp",2020-12-28,"quantile",0.25,212.82175808775
"22479",2020-12-12,"29","16  day ahead inc hosp",2020-12-28,"quantile",0.3,219.837965825852
"22480",2020-12-12,"29","16  day ahead inc hosp",2020-12-28,"quantile",0.35,226.339527919181
"22481",2020-12-12,"29","16  day ahead inc hosp",2020-12-28,"quantile",0.4,232.508874556608
"22482",2020-12-12,"29","16  day ahead inc hosp",2020-12-28,"quantile",0.45,238.477788825585
"22483",2020-12-12,"29","16  day ahead inc hosp",2020-12-28,"quantile",0.5,244.352068213907
"22484",2020-12-12,"29","16  day ahead inc hosp",2020-12-28,"quantile",0.55,250.226347602228
"22485",2020-12-12,"29","16  day ahead inc hosp",2020-12-28,"quantile",0.6,256.195261871205
"22486",2020-12-12,"29","16  day ahead inc hosp",2020-12-28,"quantile",0.65,262.364608508632
"22487",2020-12-12,"29","16  day ahead inc hosp",2020-12-28,"quantile",0.7,268.866170601961
"22488",2020-12-12,"29","16  day ahead inc hosp",2020-12-28,"quantile",0.75,275.882378340064
"22489",2020-12-12,"29","16  day ahead inc hosp",2020-12-28,"quantile",0.8,283.695258374466
"22490",2020-12-12,"29","16  day ahead inc hosp",2020-12-28,"quantile",0.85,292.802124254555
"22491",2020-12-12,"29","16  day ahead inc hosp",2020-12-28,"quantile",0.9,304.260641016587
"22492",2020-12-12,"29","16  day ahead inc hosp",2020-12-28,"quantile",0.95,321.243888964092
"22493",2020-12-12,"29","16  day ahead inc hosp",2020-12-28,"quantile",0.975,335.974323779215
"22494",2020-12-12,"29","16  day ahead inc hosp",2020-12-28,"quantile",0.99,353.101637660307
"22495",2020-12-12,"29","17  day ahead inc hosp",2020-12-29,"quantile",0.01,134.662434098554
"22496",2020-12-12,"29","17  day ahead inc hosp",2020-12-29,"quantile",0.025,152.213688274426
"22497",2020-12-12,"29","17  day ahead inc hosp",2020-12-29,"quantile",0.05,167.308735130943
"22498",2020-12-12,"29","17  day ahead inc hosp",2020-12-29,"quantile",0.1,184.712357411001
"22499",2020-12-12,"29","17  day ahead inc hosp",2020-12-29,"quantile",0.15,196.454498739475
"22500",2020-12-12,"29","17  day ahead inc hosp",2020-12-29,"quantile",0.2,205.78678043389
"22501",2020-12-12,"29","17  day ahead inc hosp",2020-12-29,"quantile",0.25,213.793047165581
"22502",2020-12-12,"29","17  day ahead inc hosp",2020-12-29,"quantile",0.3,220.982922134714
"22503",2020-12-12,"29","17  day ahead inc hosp",2020-12-29,"quantile",0.35,227.645412799185
"22504",2020-12-12,"29","17  day ahead inc hosp",2020-12-29,"quantile",0.4,233.967464913386
"22505",2020-12-12,"29","17  day ahead inc hosp",2020-12-29,"quantile",0.45,240.084123498388
"22506",2020-12-12,"29","17  day ahead inc hosp",2020-12-29,"quantile",0.5,246.103804772423
"22507",2020-12-12,"29","17  day ahead inc hosp",2020-12-29,"quantile",0.55,252.123486046458
"22508",2020-12-12,"29","17  day ahead inc hosp",2020-12-29,"quantile",0.6,258.24014463146
"22509",2020-12-12,"29","17  day ahead inc hosp",2020-12-29,"quantile",0.65,264.562196745661
"22510",2020-12-12,"29","17  day ahead inc hosp",2020-12-29,"quantile",0.7,271.224687410132
"22511",2020-12-12,"29","17  day ahead inc hosp",2020-12-29,"quantile",0.75,278.414562379265
"22512",2020-12-12,"29","17  day ahead inc hosp",2020-12-29,"quantile",0.8,286.420829110956
"22513",2020-12-12,"29","17  day ahead inc hosp",2020-12-29,"quantile",0.85,295.753110805371
"22514",2020-12-12,"29","17  day ahead inc hosp",2020-12-29,"quantile",0.9,307.495252133844
"22515",2020-12-12,"29","17  day ahead inc hosp",2020-12-29,"quantile",0.95,324.898874413903
"22516",2020-12-12,"29","17  day ahead inc hosp",2020-12-29,"quantile",0.975,339.99392127042
"22517",2020-12-12,"29","17  day ahead inc hosp",2020-12-29,"quantile",0.99,357.545175446292
"22518",2020-12-12,"29","18  day ahead inc hosp",2020-12-30,"quantile",0.01,133.785872529088
"22519",2020-12-12,"29","18  day ahead inc hosp",2020-12-30,"quantile",0.025,151.751065695618
"22520",2020-12-12,"29","18  day ahead inc hosp",2020-12-30,"quantile",0.05,167.202122920231
"22521",2020-12-12,"29","18  day ahead inc hosp",2020-12-30,"quantile",0.1,185.016202354416
"22522",2020-12-12,"29","18  day ahead inc hosp",2020-12-30,"quantile",0.15,197.035277176129
"22523",2020-12-12,"29","18  day ahead inc hosp",2020-12-30,"quantile",0.2,206.587656832001
"22524",2020-12-12,"29","18  day ahead inc hosp",2020-12-30,"quantile",0.25,214.782748016727
"22525",2020-12-12,"29","18  day ahead inc hosp",2020-12-30,"quantile",0.3,222.142193180551
"22526",2020-12-12,"29","18  day ahead inc hosp",2020-12-30,"quantile",0.35,228.961815901415
"22527",2020-12-12,"29","18  day ahead inc hosp",2020-12-30,"quantile",0.4,235.432970971154
"22528",2020-12-12,"29","18  day ahead inc hosp",2020-12-30,"quantile",0.45,241.693888391195
"22529",2020-12-12,"29","18  day ahead inc hosp",2020-12-30,"quantile",0.5,247.855541330939
"22530",2020-12-12,"29","18  day ahead inc hosp",2020-12-30,"quantile",0.55,254.017194270684
"22531",2020-12-12,"29","18  day ahead inc hosp",2020-12-30,"quantile",0.6,260.278111690724
"22532",2020-12-12,"29","18  day ahead inc hosp",2020-12-30,"quantile",0.65,266.749266760464
"22533",2020-12-12,"29","18  day ahead inc hosp",2020-12-30,"quantile",0.7,273.568889481327
"22534",2020-12-12,"29","18  day ahead inc hosp",2020-12-30,"quantile",0.75,280.928334645152
"22535",2020-12-12,"29","18  day ahead inc hosp",2020-12-30,"quantile",0.8,289.123425829877
"22536",2020-12-12,"29","18  day ahead inc hosp",2020-12-30,"quantile",0.85,298.675805485749
"22537",2020-12-12,"29","18  day ahead inc hosp",2020-12-30,"quantile",0.9,310.694880307462
"22538",2020-12-12,"29","18  day ahead inc hosp",2020-12-30,"quantile",0.95,328.508959741648
"22539",2020-12-12,"29","18  day ahead inc hosp",2020-12-30,"quantile",0.975,343.960016966261
"22540",2020-12-12,"29","18  day ahead inc hosp",2020-12-30,"quantile",0.99,361.92521013279
"22541",2020-12-12,"29","19  day ahead inc hosp",2020-12-31,"quantile",0.01,132.968521108284
"22542",2020-12-12,"29","19  day ahead inc hosp",2020-12-31,"quantile",0.025,151.33832807176
"22543",2020-12-12,"29","19  day ahead inc hosp",2020-12-31,"quantile",0.05,167.137375483427
"22544",2020-12-12,"29","19  day ahead inc hosp",2020-12-31,"quantile",0.1,185.352665316641
"22545",2020-12-12,"29","19  day ahead inc hosp",2020-12-31,"quantile",0.15,197.642434889828
"22546",2020-12-12,"29","19  day ahead inc hosp",2020-12-31,"quantile",0.2,207.409954152973
"22547",2020-12-12,"29","19  day ahead inc hosp",2020-12-31,"quantile",0.25,215.789615964345
"22548",2020-12-12,"29","19  day ahead inc hosp",2020-12-31,"quantile",0.3,223.314811255293
"22549",2020-12-12,"29","19  day ahead inc hosp",2020-12-31,"quantile",0.35,230.288026170643
"22550",2020-12-12,"29","19  day ahead inc hosp",2020-12-31,"quantile",0.4,236.904925213137
"22551",2020-12-12,"29","19  day ahead inc hosp",2020-12-31,"quantile",0.45,243.306851613499
"22552",2020-12-12,"29","19  day ahead inc hosp",2020-12-31,"quantile",0.5,249.607277889456
"22553",2020-12-12,"29","19  day ahead inc hosp",2020-12-31,"quantile",0.55,255.907704165413
"22554",2020-12-12,"29","19  day ahead inc hosp",2020-12-31,"quantile",0.6,262.309630565774
"22555",2020-12-12,"29","19  day ahead inc hosp",2020-12-31,"quantile",0.65,268.926529608268
"22556",2020-12-12,"29","19  day ahead inc hosp",2020-12-31,"quantile",0.7,275.899744523619
"22557",2020-12-12,"29","19  day ahead inc hosp",2020-12-31,"quantile",0.75,283.424939814567
"22558",2020-12-12,"29","19  day ahead inc hosp",2020-12-31,"quantile",0.8,291.804601625939
"22559",2020-12-12,"29","19  day ahead inc hosp",2020-12-31,"quantile",0.85,301.572120889084
"22560",2020-12-12,"29","19  day ahead inc hosp",2020-12-31,"quantile",0.9,313.861890462271
"22561",2020-12-12,"29","19  day ahead inc hosp",2020-12-31,"quantile",0.95,332.077180295484
"22562",2020-12-12,"29","19  day ahead inc hosp",2020-12-31,"quantile",0.975,347.876227707151
"22563",2020-12-12,"29","19  day ahead inc hosp",2020-12-31,"quantile",0.99,366.246034670627
"22564",2020-12-12,"29","20  day ahead inc hosp",2021-01-01,"quantile",0.01,132.20654982239
"22565",2020-12-12,"29","20  day ahead inc hosp",2021-01-01,"quantile",0.025,150.972248590089
"22566",2020-12-12,"29","20  day ahead inc hosp",2021-01-01,"quantile",0.05,167.111784793894
"22567",2020-12-12,"29","20  day ahead inc hosp",2021-01-01,"quantile",0.1,185.719636398217
"22568",2020-12-12,"29","20  day ahead inc hosp",2021-01-01,"quantile",0.15,198.274265534679
"22569",2020-12-12,"29","20  day ahead inc hosp",2021-01-01,"quantile",0.2,208.252286782497
"22570",2020-12-12,"29","20  day ahead inc hosp",2021-01-01,"quantile",0.25,216.812540553266
"22571",2020-12-12,"29","20  day ahead inc hosp",2021-01-01,"quantile",0.3,224.499913005182
"22572",2020-12-12,"29","20  day ahead inc hosp",2021-01-01,"quantile",0.35,231.623409229397
"22573",2020-12-12,"29","20  day ahead inc hosp",2021-01-01,"quantile",0.4,238.382910537963
"22574",2020-12-12,"29","20  day ahead inc hosp",2021-01-01,"quantile",0.45,244.922806281072
"22575",2020-12-12,"29","20  day ahead inc hosp",2021-01-01,"quantile",0.5,251.359014447972
"22576",2020-12-12,"29","20  day ahead inc hosp",2021-01-01,"quantile",0.55,257.795222614872
"22577",2020-12-12,"29","20  day ahead inc hosp",2021-01-01,"quantile",0.6,264.335118357981
"22578",2020-12-12,"29","20  day ahead inc hosp",2021-01-01,"quantile",0.65,271.094619666547
"22579",2020-12-12,"29","20  day ahead inc hosp",2021-01-01,"quantile",0.7,278.218115890762
"22580",2020-12-12,"29","20  day ahead inc hosp",2021-01-01,"quantile",0.75,285.905488342678
"22581",2020-12-12,"29","20  day ahead inc hosp",2021-01-01,"quantile",0.8,294.465742113447
"22582",2020-12-12,"29","20  day ahead inc hosp",2021-01-01,"quantile",0.85,304.443763361265
"22583",2020-12-12,"29","20  day ahead inc hosp",2021-01-01,"quantile",0.9,316.998392497727
"22584",2020-12-12,"29","20  day ahead inc hosp",2021-01-01,"quantile",0.95,335.60624410205
"22585",2020-12-12,"29","20  day ahead inc hosp",2021-01-01,"quantile",0.975,351.745780305855
"22586",2020-12-12,"29","20  day ahead inc hosp",2021-01-01,"quantile",0.99,370.511479073554
"22587",2020-12-12,"29","21  day ahead inc hosp",2021-01-02,"quantile",0.01,131.496524580286
"22588",2020-12-12,"29","21  day ahead inc hosp",2021-01-02,"quantile",0.025,150.649934005362
"22589",2020-12-12,"29","21  day ahead inc hosp",2021-01-02,"quantile",0.05,167.122922763684
"22590",2020-12-12,"29","21  day ahead inc hosp",2021-01-02,"quantile",0.1,186.115223807765
"22591",2020-12-12,"29","21  day ahead inc hosp",2021-01-02,"quantile",0.15,198.929239156055
"22592",2020-12-12,"29","21  day ahead inc hosp",2021-01-02,"quantile",0.2,209.113412342323
"22593",2020-12-12,"29","21  day ahead inc hosp",2021-01-02,"quantile",0.25,217.850526120165
"22594",2020-12-12,"29","21  day ahead inc hosp",2021-01-02,"quantile",0.3,225.696724324522
"22595",2020-12-12,"29","21  day ahead inc hosp",2021-01-02,"quantile",0.35,232.967396278142
"22596",2020-12-12,"29","21  day ahead inc hosp",2021-01-02,"quantile",0.4,239.866552961567
"22597",2020-12-12,"29","21  day ahead inc hosp",2021-01-02,"quantile",0.45,246.54156689607
"22598",2020-12-12,"29","21  day ahead inc hosp",2021-01-02,"quantile",0.5,253.110751006488
"22599",2020-12-12,"29","21  day ahead inc hosp",2021-01-02,"quantile",0.55,259.679935116907
"22600",2020-12-12,"29","21  day ahead inc hosp",2021-01-02,"quantile",0.6,266.35494905141
"22601",2020-12-12,"29","21  day ahead inc hosp",2021-01-02,"quantile",0.65,273.254105734835
"22602",2020-12-12,"29","21  day ahead inc hosp",2021-01-02,"quantile",0.7,280.524777688455
"22603",2020-12-12,"29","21  day ahead inc hosp",2021-01-02,"quantile",0.75,288.370975892811
"22604",2020-12-12,"29","21  day ahead inc hosp",2021-01-02,"quantile",0.8,297.108089670654
"22605",2020-12-12,"29","21  day ahead inc hosp",2021-01-02,"quantile",0.85,307.292262856922
"22606",2020-12-12,"29","21  day ahead inc hosp",2021-01-02,"quantile",0.9,320.106278205212
"22607",2020-12-12,"29","21  day ahead inc hosp",2021-01-02,"quantile",0.95,339.098579249293
"22608",2020-12-12,"29","21  day ahead inc hosp",2021-01-02,"quantile",0.975,355.571568007614
"22609",2020-12-12,"29","21  day ahead inc hosp",2021-01-02,"quantile",0.99,374.724977432691
"22610",2020-12-12,"29","22  day ahead inc hosp",2021-01-03,"quantile",0.01,123.212427204902
"22611",2020-12-12,"29","22  day ahead inc hosp",2021-01-03,"quantile",0.025,142.745853298889
"22612",2020-12-12,"29","22  day ahead inc hosp",2021-01-03,"quantile",0.05,159.545677357183
"22613",2020-12-12,"29","22  day ahead inc hosp",2021-01-03,"quantile",0.1,178.914798570328
"22614",2020-12-12,"29","22  day ahead inc hosp",2021-01-03,"quantile",0.15,191.983052697728
"22615",2020-12-12,"29","22  day ahead inc hosp",2021-01-03,"quantile",0.2,202.369286806099
"22616",2020-12-12,"29","22  day ahead inc hosp",2021-01-03,"quantile",0.25,211.27975086326
"22617",2020-12-12,"29","22  day ahead inc hosp",2021-01-03,"quantile",0.3,219.28162297606
"22618",2020-12-12,"29","22  day ahead inc hosp",2021-01-03,"quantile",0.35,226.696550005904
"22619",2020-12-12,"29","22  day ahead inc hosp",2021-01-03,"quantile",0.4,233.732590649931
"22620",2020-12-12,"29","22  day ahead inc hosp",2021-01-03,"quantile",0.45,240.540041400461
"22621",2020-12-12,"29","22  day ahead inc hosp",2021-01-03,"quantile",0.5,247.239562591223
"22622",2020-12-12,"29","22  day ahead inc hosp",2021-01-03,"quantile",0.55,253.939083781986
"22623",2020-12-12,"29","22  day ahead inc hosp",2021-01-03,"quantile",0.6,260.746534532516
"22624",2020-12-12,"29","22  day ahead inc hosp",2021-01-03,"quantile",0.65,267.782575176543
"22625",2020-12-12,"29","22  day ahead inc hosp",2021-01-03,"quantile",0.7,275.197502206387
"22626",2020-12-12,"29","22  day ahead inc hosp",2021-01-03,"quantile",0.75,283.199374319187
"22627",2020-12-12,"29","22  day ahead inc hosp",2021-01-03,"quantile",0.8,292.109838376348
"22628",2020-12-12,"29","22  day ahead inc hosp",2021-01-03,"quantile",0.85,302.496072484719
"22629",2020-12-12,"29","22  day ahead inc hosp",2021-01-03,"quantile",0.9,315.564326612119
"22630",2020-12-12,"29","22  day ahead inc hosp",2021-01-03,"quantile",0.95,334.933447825264
"22631",2020-12-12,"29","22  day ahead inc hosp",2021-01-03,"quantile",0.975,351.733271883558
"22632",2020-12-12,"29","22  day ahead inc hosp",2021-01-03,"quantile",0.99,371.266697977545
"22633",2020-12-12,"29","23  day ahead inc hosp",2021-01-04,"quantile",0.01,122.597309755346
"22634",2020-12-12,"29","23  day ahead inc hosp",2021-01-04,"quantile",0.025,142.503499178083
"22635",2020-12-12,"29","23  day ahead inc hosp",2021-01-04,"quantile",0.05,159.62392026366
"22636",2020-12-12,"29","23  day ahead inc hosp",2021-01-04,"quantile",0.1,179.362669316982
"22637",2020-12-12,"29","23  day ahead inc hosp",2021-01-04,"quantile",0.15,192.680309593337
"22638",2020-12-12,"29","23  day ahead inc hosp",2021-01-04,"quantile",0.2,203.264747907196
"22639",2020-12-12,"29","23  day ahead inc hosp",2021-01-04,"quantile",0.25,212.345253524229
"22640",2020-12-12,"29","23  day ahead inc hosp",2021-01-04,"quantile",0.3,220.499828213149
"22641",2020-12-12,"29","23  day ahead inc hosp",2021-01-04,"quantile",0.35,228.056256937001
"22642",2020-12-12,"29","23  day ahead inc hosp",2021-01-04,"quantile",0.4,235.22656885116
"22643",2020-12-12,"29","23  day ahead inc hosp",2021-01-04,"quantile",0.45,242.163928609453
"22644",2020-12-12,"29","23  day ahead inc hosp",2021-01-04,"quantile",0.5,248.99129914974
"22645",2020-12-12,"29","23  day ahead inc hosp",2021-01-04,"quantile",0.55,255.818669690027
"22646",2020-12-12,"29","23  day ahead inc hosp",2021-01-04,"quantile",0.6,262.75602944832
"22647",2020-12-12,"29","23  day ahead inc hosp",2021-01-04,"quantile",0.65,269.926341362479
"22648",2020-12-12,"29","23  day ahead inc hosp",2021-01-04,"quantile",0.7,277.482770086331
"22649",2020-12-12,"29","23  day ahead inc hosp",2021-01-04,"quantile",0.75,285.637344775251
"22650",2020-12-12,"29","23  day ahead inc hosp",2021-01-04,"quantile",0.8,294.717850392284
"22651",2020-12-12,"29","23  day ahead inc hosp",2021-01-04,"quantile",0.85,305.302288706143
"22652",2020-12-12,"29","23  day ahead inc hosp",2021-01-04,"quantile",0.9,318.619928982498
"22653",2020-12-12,"29","23  day ahead inc hosp",2021-01-04,"quantile",0.95,338.35867803582
"22654",2020-12-12,"29","23  day ahead inc hosp",2021-01-04,"quantile",0.975,355.479099121397
"22655",2020-12-12,"29","23  day ahead inc hosp",2021-01-04,"quantile",0.99,375.385288544134
"22656",2020-12-12,"29","24  day ahead inc hosp",2021-01-05,"quantile",0.01,122.025706657644
"22657",2020-12-12,"29","24  day ahead inc hosp",2021-01-05,"quantile",0.025,142.297806196137
"22658",2020-12-12,"29","24  day ahead inc hosp",2021-01-05,"quantile",0.05,159.732930167743
"22659",2020-12-12,"29","24  day ahead inc hosp",2021-01-05,"quantile",0.1,179.834511493861
"22660",2020-12-12,"29","24  day ahead inc hosp",2021-01-05,"quantile",0.15,193.396952982122
"22661",2020-12-12,"29","24  day ahead inc hosp",2021-01-05,"quantile",0.2,204.175951538847
"22662",2020-12-12,"29","24  day ahead inc hosp",2021-01-05,"quantile",0.25,213.423372520286
"22663",2020-12-12,"29","24  day ahead inc hosp",2021-01-05,"quantile",0.3,221.727842365179
"22664",2020-12-12,"29","24  day ahead inc hosp",2021-01-05,"quantile",0.35,229.423171289884
"22665",2020-12-12,"29","24  day ahead inc hosp",2021-01-05,"quantile",0.4,236.725285911573
"22666",2020-12-12,"29","24  day ahead inc hosp",2021-01-05,"quantile",0.45,243.790166314741
"22667",2020-12-12,"29","24  day ahead inc hosp",2021-01-05,"quantile",0.5,250.743035708256
"22668",2020-12-12,"29","24  day ahead inc hosp",2021-01-05,"quantile",0.55,257.695905101771
"22669",2020-12-12,"29","24  day ahead inc hosp",2021-01-05,"quantile",0.6,264.760785504939
"22670",2020-12-12,"29","24  day ahead inc hosp",2021-01-05,"quantile",0.65,272.062900126628
"22671",2020-12-12,"29","24  day ahead inc hosp",2021-01-05,"quantile",0.7,279.758229051333
"22672",2020-12-12,"29","24  day ahead inc hosp",2021-01-05,"quantile",0.75,288.062698896226
"22673",2020-12-12,"29","24  day ahead inc hosp",2021-01-05,"quantile",0.8,297.310119877666
"22674",2020-12-12,"29","24  day ahead inc hosp",2021-01-05,"quantile",0.85,308.089118434391
"22675",2020-12-12,"29","24  day ahead inc hosp",2021-01-05,"quantile",0.9,321.651559922651
"22676",2020-12-12,"29","24  day ahead inc hosp",2021-01-05,"quantile",0.95,341.753141248769
"22677",2020-12-12,"29","24  day ahead inc hosp",2021-01-05,"quantile",0.975,359.188265220376
"22678",2020-12-12,"29","24  day ahead inc hosp",2021-01-05,"quantile",0.99,379.460364758868
"22679",2020-12-12,"29","25  day ahead inc hosp",2021-01-06,"quantile",0.01,121.495302646408
"22680",2020-12-12,"29","25  day ahead inc hosp",2021-01-06,"quantile",0.025,142.126823726134
"22681",2020-12-12,"29","25  day ahead inc hosp",2021-01-06,"quantile",0.05,159.871070051722
"22682",2020-12-12,"29","25  day ahead inc hosp",2021-01-06,"quantile",0.1,180.329049654582
"22683",2020-12-12,"29","25  day ahead inc hosp",2021-01-06,"quantile",0.15,194.131951368156
"22684",2020-12-12,"29","25  day ahead inc hosp",2021-01-06,"quantile",0.2,205.102060089216
"22685",2020-12-12,"29","25  day ahead inc hosp",2021-01-06,"quantile",0.25,214.513436574883
"22686",2020-12-12,"29","25  day ahead inc hosp",2021-01-06,"quantile",0.3,222.96514352983
"22687",2020-12-12,"29","25  day ahead inc hosp",2021-01-06,"quantile",0.35,230.796909579717
"22688",2020-12-12,"29","25  day ahead inc hosp",2021-01-06,"quantile",0.4,238.228489690987
"22689",2020-12-12,"29","25  day ahead inc hosp",2021-01-06,"quantile",0.45,245.418629453616
"22690",2020-12-12,"29","25  day ahead inc hosp",2021-01-06,"quantile",0.5,252.494772266773
"22691",2020-12-12,"29","25  day ahead inc hosp",2021-01-06,"quantile",0.55,259.570915079929
"22692",2020-12-12,"29","25  day ahead inc hosp",2021-01-06,"quantile",0.6,266.761054842559
"22693",2020-12-12,"29","25  day ahead inc hosp",2021-01-06,"quantile",0.65,274.192634953829
"22694",2020-12-12,"29","25  day ahead inc hosp",2021-01-06,"quantile",0.7,282.024401003715
"22695",2020-12-12,"29","25  day ahead inc hosp",2021-01-06,"quantile",0.75,290.476107958662
"22696",2020-12-12,"29","25  day ahead inc hosp",2021-01-06,"quantile",0.8,299.887484444329
"22697",2020-12-12,"29","25  day ahead inc hosp",2021-01-06,"quantile",0.85,310.857593165389
"22698",2020-12-12,"29","25  day ahead inc hosp",2021-01-06,"quantile",0.9,324.660494878963
"22699",2020-12-12,"29","25  day ahead inc hosp",2021-01-06,"quantile",0.95,345.118474481823
"22700",2020-12-12,"29","25  day ahead inc hosp",2021-01-06,"quantile",0.975,362.862720807411
"22701",2020-12-12,"29","25  day ahead inc hosp",2021-01-06,"quantile",0.99,383.494241887137
"22702",2020-12-12,"29","26  day ahead inc hosp",2021-01-07,"quantile",0.01,121.003980765701
"22703",2020-12-12,"29","26  day ahead inc hosp",2021-01-07,"quantile",0.025,141.98876821823
"22704",2020-12-12,"29","26  day ahead inc hosp",2021-01-07,"quantile",0.05,160.036843113381
"22705",2020-12-12,"29","26  day ahead inc hosp",2021-01-07,"quantile",0.1,180.845117598584
"22706",2020-12-12,"29","26  day ahead inc hosp",2021-01-07,"quantile",0.15,194.884361606246
"22707",2020-12-12,"29","26  day ahead inc hosp",2021-01-07,"quantile",0.2,206.042307690444
"22708",2020-12-12,"29","26  day ahead inc hosp",2021-01-07,"quantile",0.25,215.614831908327
"22709",2020-12-12,"29","26  day ahead inc hosp",2021-01-07,"quantile",0.3,224.211254507285
"22710",2020-12-12,"29","26  day ahead inc hosp",2021-01-07,"quantile",0.35,232.177121168289
"22711",2020-12-12,"29","26  day ahead inc hosp",2021-01-07,"quantile",0.4,239.735949645783
"22712",2020-12-12,"29","26  day ahead inc hosp",2021-01-07,"quantile",0.45,247.049203675367
"22713",2020-12-12,"29","26  day ahead inc hosp",2021-01-07,"quantile",0.5,254.246508825289
"22714",2020-12-12,"29","26  day ahead inc hosp",2021-01-07,"quantile",0.55,261.44381397521
"22715",2020-12-12,"29","26  day ahead inc hosp",2021-01-07,"quantile",0.6,268.757068004795
"22716",2020-12-12,"29","26  day ahead inc hosp",2021-01-07,"quantile",0.65,276.315896482288
"22717",2020-12-12,"29","26  day ahead inc hosp",2021-01-07,"quantile",0.7,284.281763143292
"22718",2020-12-12,"29","26  day ahead inc hosp",2021-01-07,"quantile",0.75,292.87818574225
"22719",2020-12-12,"29","26  day ahead inc hosp",2021-01-07,"quantile",0.8,302.450709960134
"22720",2020-12-12,"29","26  day ahead inc hosp",2021-01-07,"quantile",0.85,313.608656044332
"22721",2020-12-12,"29","26  day ahead inc hosp",2021-01-07,"quantile",0.9,327.647900051994
"22722",2020-12-12,"29","26  day ahead inc hosp",2021-01-07,"quantile",0.95,348.456174537197
"22723",2020-12-12,"29","26  day ahead inc hosp",2021-01-07,"quantile",0.975,366.504249432348
"22724",2020-12-12,"29","26  day ahead inc hosp",2021-01-07,"quantile",0.99,387.489036884877
"22725",2020-12-12,"29","27  day ahead inc hosp",2021-01-08,"quantile",0.01,120.549799373512
"22726",2020-12-12,"29","27  day ahead inc hosp",2021-01-08,"quantile",0.025,141.882003825759
"22727",2020-12-12,"29","27  day ahead inc hosp",2021-01-08,"quantile",0.05,160.228876506922
"22728",2020-12-12,"29","27  day ahead inc hosp",2021-01-08,"quantile",0.1,181.381645703225
"22729",2020-12-12,"29","27  day ahead inc hosp",2021-01-08,"quantile",0.15,195.653318656974
"22730",2020-12-12,"29","27  day ahead inc hosp",2021-01-08,"quantile",0.2,206.995991899374
"22731",2020-12-12,"29","27  day ahead inc hosp",2021-01-08,"quantile",0.25,216.726995570577
"22732",2020-12-12,"29","27  day ahead inc hosp",2021-01-08,"quantile",0.3,225.465737616629
"22733",2020-12-12,"29","27  day ahead inc hosp",2021-01-08,"quantile",0.35,233.563484455204
"22734",2020-12-12,"29","27  day ahead inc hosp",2021-01-08,"quantile",0.4,241.247454324621
"22735",2020-12-12,"29","27  day ahead inc hosp",2021-01-08,"quantile",0.45,248.681784099141
"22736",2020-12-12,"29","27  day ahead inc hosp",2021-01-08,"quantile",0.5,255.998245383805
"22737",2020-12-12,"29","27  day ahead inc hosp",2021-01-08,"quantile",0.55,263.314706668469
"22738",2020-12-12,"29","27  day ahead inc hosp",2021-01-08,"quantile",0.6,270.749036442989
"22739",2020-12-12,"29","27  day ahead inc hosp",2021-01-08,"quantile",0.65,278.433006312407
"22740",2020-12-12,"29","27  day ahead inc hosp",2021-01-08,"quantile",0.7,286.530753150981
"22741",2020-12-12,"29","27  day ahead inc hosp",2021-01-08,"quantile",0.75,295.269495197033
"22742",2020-12-12,"29","27  day ahead inc hosp",2021-01-08,"quantile",0.8,305.000498868236
"22743",2020-12-12,"29","27  day ahead inc hosp",2021-01-08,"quantile",0.85,316.343172110637
"22744",2020-12-12,"29","27  day ahead inc hosp",2021-01-08,"quantile",0.9,330.614845064385
"22745",2020-12-12,"29","27  day ahead inc hosp",2021-01-08,"quantile",0.95,351.767614260689
"22746",2020-12-12,"29","27  day ahead inc hosp",2021-01-08,"quantile",0.975,370.114486941852
"22747",2020-12-12,"29","27  day ahead inc hosp",2021-01-08,"quantile",0.99,391.446691394098
"22748",2020-12-12,"29","28  day ahead inc hosp",2021-01-09,"quantile",0.01,120.130972465082
"22749",2020-12-12,"29","28  day ahead inc hosp",2021-01-09,"quantile",0.025,141.805025827503
"22750",2020-12-12,"29","28  day ahead inc hosp",2021-01-09,"quantile",0.05,160.445907430492
"22751",2020-12-12,"29","28  day ahead inc hosp",2021-01-09,"quantile",0.1,181.937650084185
"22752",2020-12-12,"29","28  day ahead inc hosp",2021-01-09,"quantile",0.15,196.438026820355
"22753",2020-12-12,"29","28  day ahead inc hosp",2021-01-09,"quantile",0.2,207.962466578966
"22754",2020-12-12,"29","28  day ahead inc hosp",2021-01-09,"quantile",0.25,217.849409736281
"22755",2020-12-12,"29","28  day ahead inc hosp",2021-01-09,"quantile",0.3,226.728190260374
"22756",2020-12-12,"29","28  day ahead inc hosp",2021-01-09,"quantile",0.35,234.955703618758
"22757",2020-12-12,"29","28  day ahead inc hosp",2021-01-09,"quantile",0.4,242.762809225579
"22758",2020-12-12,"29","28  day ahead inc hosp",2021-01-09,"quantile",0.45,250.316274251076
"22759",2020-12-12,"29","28  day ahead inc hosp",2021-01-09,"quantile",0.5,257.749981942322
"22760",2020-12-12,"29","28  day ahead inc hosp",2021-01-09,"quantile",0.55,265.183689633567
"22761",2020-12-12,"29","28  day ahead inc hosp",2021-01-09,"quantile",0.6,272.737154659064
"22762",2020-12-12,"29","28  day ahead inc hosp",2021-01-09,"quantile",0.65,280.544260265885
"22763",2020-12-12,"29","28  day ahead inc hosp",2021-01-09,"quantile",0.7,288.771773624269
"22764",2020-12-12,"29","28  day ahead inc hosp",2021-01-09,"quantile",0.75,297.650554148362
"22765",2020-12-12,"29","28  day ahead inc hosp",2021-01-09,"quantile",0.8,307.537497305677
"22766",2020-12-12,"29","28  day ahead inc hosp",2021-01-09,"quantile",0.85,319.061937064288
"22767",2020-12-12,"29","28  day ahead inc hosp",2021-01-09,"quantile",0.9,333.562313800458
"22768",2020-12-12,"29","28  day ahead inc hosp",2021-01-09,"quantile",0.95,355.054056454151
"22769",2020-12-12,"29","28  day ahead inc hosp",2021-01-09,"quantile",0.975,373.69493805714
"22770",2020-12-12,"29","28  day ahead inc hosp",2021-01-09,"quantile",0.99,395.368991419561
"22771",2020-12-12,"29","29  day ahead inc hosp",2021-01-10,"quantile",0.01,107.089978875298
"22772",2020-12-12,"29","29  day ahead inc hosp",2021-01-10,"quantile",0.025,129.100572495682
"22773",2020-12-12,"29","29  day ahead inc hosp",2021-01-10,"quantile",0.05,148.030897286728
"22774",2020-12-12,"29","29  day ahead inc hosp",2021-01-10,"quantile",0.1,169.856349399184
"22775",2020-12-12,"29","29  day ahead inc hosp",2021-01-10,"quantile",0.15,184.581878322891
"22776",2020-12-12,"29","29  day ahead inc hosp",2021-01-10,"quantile",0.2,196.285261902688
"22777",2020-12-12,"29","29  day ahead inc hosp",2021-01-10,"quantile",0.25,206.32572292512
"22778",2020-12-12,"29","29  day ahead inc hosp",2021-01-10,"quantile",0.3,215.342367236757
"22779",2020-12-12,"29","29  day ahead inc hosp",2021-01-10,"quantile",0.35,223.697631940112
"22780",2020-12-12,"29","29  day ahead inc hosp",2021-01-10,"quantile",0.4,231.62596108048
"22781",2020-12-12,"29","29  day ahead inc hosp",2021-01-10,"quantile",0.45,239.296711277591
"22782",2020-12-12,"29","29  day ahead inc hosp",2021-01-10,"quantile",0.5,246.845844628366
"22783",2020-12-12,"29","29  day ahead inc hosp",2021-01-10,"quantile",0.55,254.394977979142
"22784",2020-12-12,"29","29  day ahead inc hosp",2021-01-10,"quantile",0.6,262.065728176253
"22785",2020-12-12,"29","29  day ahead inc hosp",2021-01-10,"quantile",0.65,269.994057316621
"22786",2020-12-12,"29","29  day ahead inc hosp",2021-01-10,"quantile",0.7,278.349322019976
"22787",2020-12-12,"29","29  day ahead inc hosp",2021-01-10,"quantile",0.75,287.365966331613
"22788",2020-12-12,"29","29  day ahead inc hosp",2021-01-10,"quantile",0.8,297.406427354045
"22789",2020-12-12,"29","29  day ahead inc hosp",2021-01-10,"quantile",0.85,309.109810933841
"22790",2020-12-12,"29","29  day ahead inc hosp",2021-01-10,"quantile",0.9,323.835339857549
"22791",2020-12-12,"29","29  day ahead inc hosp",2021-01-10,"quantile",0.95,345.660791970005
"22792",2020-12-12,"29","29  day ahead inc hosp",2021-01-10,"quantile",0.975,364.59111676105
"22793",2020-12-12,"29","29  day ahead inc hosp",2021-01-10,"quantile",0.99,386.601710381435
"22794",2020-12-12,"29","30  day ahead inc hosp",2021-01-11,"quantile",0.01,106.73704313883
"22795",2020-12-12,"29","30  day ahead inc hosp",2021-01-11,"quantile",0.025,129.079108260174
"22796",2020-12-12,"29","30  day ahead inc hosp",2021-01-11,"quantile",0.05,148.29451682862
"22797",2020-12-12,"29","30  day ahead inc hosp",2021-01-11,"quantile",0.1,170.448652278545
"22798",2020-12-12,"29","30  day ahead inc hosp",2021-01-11,"quantile",0.15,185.395942289615
"22799",2020-12-12,"29","30  day ahead inc hosp",2021-01-11,"quantile",0.2,197.275574551678
"22800",2020-12-12,"29","30  day ahead inc hosp",2021-01-11,"quantile",0.25,207.467241250014
"22801",2020-12-12,"29","30  day ahead inc hosp",2021-01-11,"quantile",0.3,216.61967293182
"22802",2020-12-12,"29","30  day ahead inc hosp",2021-01-11,"quantile",0.35,225.100764870002
"22803",2020-12-12,"29","30  day ahead inc hosp",2021-01-11,"quantile",0.4,233.148491751547
"22804",2020-12-12,"29","30  day ahead inc hosp",2021-01-11,"quantile",0.45,240.934760645027
"22805",2020-12-12,"29","30  day ahead inc hosp",2021-01-11,"quantile",0.5,248.597581186883
"22806",2020-12-12,"29","30  day ahead inc hosp",2021-01-11,"quantile",0.55,256.260401728739
"22807",2020-12-12,"29","30  day ahead inc hosp",2021-01-11,"quantile",0.6,264.046670622219
"22808",2020-12-12,"29","30  day ahead inc hosp",2021-01-11,"quantile",0.65,272.094397503764
"22809",2020-12-12,"29","30  day ahead inc hosp",2021-01-11,"quantile",0.7,280.575489441945
"22810",2020-12-12,"29","30  day ahead inc hosp",2021-01-11,"quantile",0.75,289.727921123752
"22811",2020-12-12,"29","30  day ahead inc hosp",2021-01-11,"quantile",0.8,299.919587822088
"22812",2020-12-12,"29","30  day ahead inc hosp",2021-01-11,"quantile",0.85,311.799220084151
"22813",2020-12-12,"29","30  day ahead inc hosp",2021-01-11,"quantile",0.9,326.746510095221
"22814",2020-12-12,"29","30  day ahead inc hosp",2021-01-11,"quantile",0.95,348.900645545146
"22815",2020-12-12,"29","30  day ahead inc hosp",2021-01-11,"quantile",0.975,368.116054113592
"22816",2020-12-12,"29","30  day ahead inc hosp",2021-01-11,"quantile",0.99,390.458119234936
"22817",2020-12-12,"29","31  day ahead inc hosp",2021-01-12,"quantile",0.01,106.414879551559
"22818",2020-12-12,"29","31  day ahead inc hosp",2021-01-12,"quantile",0.025,129.083569770692
"22819",2020-12-12,"29","31  day ahead inc hosp",2021-01-12,"quantile",0.05,148.579893942447
"22820",2020-12-12,"29","31  day ahead inc hosp",2021-01-12,"quantile",0.1,171.057907092058
"22821",2020-12-12,"29","31  day ahead inc hosp",2021-01-12,"quantile",0.15,186.223715849495
"22822",2020-12-12,"29","31  day ahead inc hosp",2021-01-12,"quantile",0.2,198.277019883984
"22823",2020-12-12,"29","31  day ahead inc hosp",2021-01-12,"quantile",0.25,208.617681499034
"22824",2020-12-12,"29","31  day ahead inc hosp",2021-01-12,"quantile",0.3,217.903915220932
"22825",2020-12-12,"29","31  day ahead inc hosp",2021-01-12,"quantile",0.35,226.508994689748
"22826",2020-12-12,"29","31  day ahead inc hosp",2021-01-12,"quantile",0.4,234.674373613098
"22827",2020-12-12,"29","31  day ahead inc hosp",2021-01-12,"quantile",0.45,242.574472218599
"22828",2020-12-12,"29","31  day ahead inc hosp",2021-01-12,"quantile",0.5,250.349317745399
"22829",2020-12-12,"29","31  day ahead inc hosp",2021-01-12,"quantile",0.55,258.124163272199
"22830",2020-12-12,"29","31  day ahead inc hosp",2021-01-12,"quantile",0.6,266.0242618777
"22831",2020-12-12,"29","31  day ahead inc hosp",2021-01-12,"quantile",0.65,274.189640801051
"22832",2020-12-12,"29","31  day ahead inc hosp",2021-01-12,"quantile",0.7,282.794720269866
"22833",2020-12-12,"29","31  day ahead inc hosp",2021-01-12,"quantile",0.75,292.080953991764
"22834",2020-12-12,"29","31  day ahead inc hosp",2021-01-12,"quantile",0.8,302.421615606814
"22835",2020-12-12,"29","31  day ahead inc hosp",2021-01-12,"quantile",0.85,314.474919641303
"22836",2020-12-12,"29","31  day ahead inc hosp",2021-01-12,"quantile",0.9,329.64072839874
"22837",2020-12-12,"29","31  day ahead inc hosp",2021-01-12,"quantile",0.95,352.118741548352
"22838",2020-12-12,"29","31  day ahead inc hosp",2021-01-12,"quantile",0.975,371.615065720106
"22839",2020-12-12,"29","31  day ahead inc hosp",2021-01-12,"quantile",0.99,394.283755939239
"22840",2020-12-12,"29","32  day ahead inc hosp",2021-01-13,"quantile",0.01,106.12217658159
"22841",2020-12-12,"29","32  day ahead inc hosp",2021-01-13,"quantile",0.025,129.112852052651
"22842",2020-12-12,"29","32  day ahead inc hosp",2021-01-13,"quantile",0.05,148.886101304304
"22843",2020-12-12,"29","32  day ahead inc hosp",2021-01-13,"quantile",0.1,171.683391335679
"22844",2020-12-12,"29","32  day ahead inc hosp",2021-01-13,"quantile",0.15,187.064614689471
"22845",2020-12-12,"29","32  day ahead inc hosp",2021-01-13,"quantile",0.2,199.289123416361
"22846",2020-12-12,"29","32  day ahead inc hosp",2021-01-13,"quantile",0.25,209.776663413137
"22847",2020-12-12,"29","32  day ahead inc hosp",2021-01-13,"quantile",0.3,219.194798461292
"22848",2020-12-12,"29","32  day ahead inc hosp",2021-01-13,"quantile",0.35,227.922104166112
"22849",2020-12-12,"29","32  day ahead inc hosp",2021-01-13,"quantile",0.4,236.2034638349
"22850",2020-12-12,"29","32  day ahead inc hosp",2021-01-13,"quantile",0.45,244.215775153847
"22851",2020-12-12,"29","32  day ahead inc hosp",2021-01-13,"quantile",0.5,252.101054303915
"22852",2020-12-12,"29","32  day ahead inc hosp",2021-01-13,"quantile",0.55,259.986333453984
"22853",2020-12-12,"29","32  day ahead inc hosp",2021-01-13,"quantile",0.6,267.998644772931
"22854",2020-12-12,"29","32  day ahead inc hosp",2021-01-13,"quantile",0.65,276.280004441719
"22855",2020-12-12,"29","32  day ahead inc hosp",2021-01-13,"quantile",0.7,285.007310146539
"22856",2020-12-12,"29","32  day ahead inc hosp",2021-01-13,"quantile",0.75,294.425445194694
"22857",2020-12-12,"29","32  day ahead inc hosp",2021-01-13,"quantile",0.8,304.912985191469
"22858",2020-12-12,"29","32  day ahead inc hosp",2021-01-13,"quantile",0.85,317.13749391836
"22859",2020-12-12,"29","32  day ahead inc hosp",2021-01-13,"quantile",0.9,332.518717272152
"22860",2020-12-12,"29","32  day ahead inc hosp",2021-01-13,"quantile",0.95,355.316007303527
"22861",2020-12-12,"29","32  day ahead inc hosp",2021-01-13,"quantile",0.975,375.08925655518
"22862",2020-12-12,"29","32  day ahead inc hosp",2021-01-13,"quantile",0.99,398.079932026241
"22863",2020-12-12,"29","33  day ahead inc hosp",2021-01-14,"quantile",0.01,105.857713295768
"22864",2020-12-12,"29","33  day ahead inc hosp",2021-01-14,"quantile",0.025,129.165926461523
"22865",2020-12-12,"29","33  day ahead inc hosp",2021-01-14,"quantile",0.05,149.21227564849
"22866",2020-12-12,"29","33  day ahead inc hosp",2021-01-14,"quantile",0.1,172.324432414901
"22867",2020-12-12,"29","33  day ahead inc hosp",2021-01-14,"quantile",0.15,187.918094859988
"22868",2020-12-12,"29","33  day ahead inc hosp",2021-01-14,"quantile",0.2,200.311443442184
"22869",2020-12-12,"29","33  day ahead inc hosp",2021-01-14,"quantile",0.25,210.943833001026
"22870",2020-12-12,"29","33  day ahead inc hosp",2021-01-14,"quantile",0.3,220.49204743268
"22871",2020-12-12,"29","33  day ahead inc hosp",2021-01-14,"quantile",0.35,229.339891072016
"22872",2020-12-12,"29","33  day ahead inc hosp",2021-01-14,"quantile",0.4,237.735629453229
"22873",2020-12-12,"29","33  day ahead inc hosp",2021-01-14,"quantile",0.45,245.858603500141
"22874",2020-12-12,"29","33  day ahead inc hosp",2021-01-14,"quantile",0.5,253.852790862432
"22875",2020-12-12,"29","33  day ahead inc hosp",2021-01-14,"quantile",0.55,261.846978224722
"22876",2020-12-12,"29","33  day ahead inc hosp",2021-01-14,"quantile",0.6,269.969952271635
"22877",2020-12-12,"29","33  day ahead inc hosp",2021-01-14,"quantile",0.65,278.365690652848
"22878",2020-12-12,"29","33  day ahead inc hosp",2021-01-14,"quantile",0.7,287.213534292183
"22879",2020-12-12,"29","33  day ahead inc hosp",2021-01-14,"quantile",0.75,296.761748723837
"22880",2020-12-12,"29","33  day ahead inc hosp",2021-01-14,"quantile",0.8,307.394138282679
"22881",2020-12-12,"29","33  day ahead inc hosp",2021-01-14,"quantile",0.85,319.787486864875
"22882",2020-12-12,"29","33  day ahead inc hosp",2021-01-14,"quantile",0.9,335.381149309962
"22883",2020-12-12,"29","33  day ahead inc hosp",2021-01-14,"quantile",0.95,358.493306076373
"22884",2020-12-12,"29","33  day ahead inc hosp",2021-01-14,"quantile",0.975,378.539655263341
"22885",2020-12-12,"29","33  day ahead inc hosp",2021-01-14,"quantile",0.99,401.847868429096
"22886",2020-12-12,"29","34  day ahead inc hosp",2021-01-15,"quantile",0.01,105.620350832696
"22887",2020-12-12,"29","34  day ahead inc hosp",2021-01-15,"quantile",0.025,129.241833498797
"22888",2020-12-12,"29","34  day ahead inc hosp",2021-01-15,"quantile",0.05,149.557611738472
"22889",2020-12-12,"29","34  day ahead inc hosp",2021-01-15,"quantile",0.1,172.980402947371
"22890",2020-12-12,"29","34  day ahead inc hosp",2021-01-15,"quantile",0.15,188.783648976064
"22891",2020-12-12,"29","34  day ahead inc hosp",2021-01-15,"quantile",0.2,201.343567946576
"22892",2020-12-12,"29","34  day ahead inc hosp",2021-01-15,"quantile",0.25,212.118860066884
"22893",2020-12-12,"29","34  day ahead inc hosp",2021-01-15,"quantile",0.3,221.795405415323
"22894",2020-12-12,"29","34  day ahead inc hosp",2021-01-15,"quantile",0.35,230.762166774191
"22895",2020-12-12,"29","34  day ahead inc hosp",2021-01-15,"quantile",0.4,239.27074644225
"22896",2020-12-12,"29","34  day ahead inc hosp",2021-01-15,"quantile",0.45,247.502895740089
"22897",2020-12-12,"29","34  day ahead inc hosp",2021-01-15,"quantile",0.5,255.604527420948
"22898",2020-12-12,"29","34  day ahead inc hosp",2021-01-15,"quantile",0.55,263.706159101808
"22899",2020-12-12,"29","34  day ahead inc hosp",2021-01-15,"quantile",0.6,271.938308399646
"22900",2020-12-12,"29","34  day ahead inc hosp",2021-01-15,"quantile",0.65,280.446888067706
"22901",2020-12-12,"29","34  day ahead inc hosp",2021-01-15,"quantile",0.7,289.413649426573
"22902",2020-12-12,"29","34  day ahead inc hosp",2021-01-15,"quantile",0.75,299.090194775013
"22903",2020-12-12,"29","34  day ahead inc hosp",2021-01-15,"quantile",0.8,309.865486895321
"22904",2020-12-12,"29","34  day ahead inc hosp",2021-01-15,"quantile",0.85,322.425405865832
"22905",2020-12-12,"29","34  day ahead inc hosp",2021-01-15,"quantile",0.9,338.228651894526
"22906",2020-12-12,"29","34  day ahead inc hosp",2021-01-15,"quantile",0.95,361.651443103425
"22907",2020-12-12,"29","34  day ahead inc hosp",2021-01-15,"quantile",0.975,381.9672213431
"22908",2020-12-12,"29","34  day ahead inc hosp",2021-01-15,"quantile",0.99,405.588704009201
"22909",2020-12-12,"29","35  day ahead inc hosp",2021-01-16,"quantile",0.01,105.40902488066
"22910",2020-12-12,"29","35  day ahead inc hosp",2021-01-16,"quantile",0.025,129.339676474579
"22911",2020-12-12,"29","35  day ahead inc hosp",2021-01-16,"quantile",0.05,149.921357048368
"22912",2020-12-12,"29","35  day ahead inc hosp",2021-01-16,"quantile",0.1,173.650716619081
"22913",2020-12-12,"29","35  day ahead inc hosp",2021-01-16,"quantile",0.15,189.660802866054
"22914",2020-12-12,"29","35  day ahead inc hosp",2021-01-16,"quantile",0.2,202.385111885085
"22915",2020-12-12,"29","35  day ahead inc hosp",2021-01-16,"quantile",0.25,213.301436029456
"22916",2020-12-12,"29","35  day ahead inc hosp",2021-01-16,"quantile",0.3,223.104632494282
"22917",2020-12-12,"29","35  day ahead inc hosp",2021-01-16,"quantile",0.35,232.188754987271
"22918",2020-12-12,"29","35  day ahead inc hosp",2021-01-16,"quantile",0.4,240.808698894842
"22919",2020-12-12,"29","35  day ahead inc hosp",2021-01-16,"quantile",0.45,249.148594383214
"22920",2020-12-12,"29","35  day ahead inc hosp",2021-01-16,"quantile",0.5,257.356263979464
"22921",2020-12-12,"29","35  day ahead inc hosp",2021-01-16,"quantile",0.55,265.563933575714
"22922",2020-12-12,"29","35  day ahead inc hosp",2021-01-16,"quantile",0.6,273.903829064087
"22923",2020-12-12,"29","35  day ahead inc hosp",2021-01-16,"quantile",0.65,282.523772971658
"22924",2020-12-12,"29","35  day ahead inc hosp",2021-01-16,"quantile",0.7,291.607895464647
"22925",2020-12-12,"29","35  day ahead inc hosp",2021-01-16,"quantile",0.75,301.411091929473
"22926",2020-12-12,"29","35  day ahead inc hosp",2021-01-16,"quantile",0.8,312.327416073844
"22927",2020-12-12,"29","35  day ahead inc hosp",2021-01-16,"quantile",0.85,325.051725092875
"22928",2020-12-12,"29","35  day ahead inc hosp",2021-01-16,"quantile",0.9,341.061811339848
"22929",2020-12-12,"29","35  day ahead inc hosp",2021-01-16,"quantile",0.95,364.791170910561
"22930",2020-12-12,"29","35  day ahead inc hosp",2021-01-16,"quantile",0.975,385.37285148435
"22931",2020-12-12,"29","35  day ahead inc hosp",2021-01-16,"quantile",0.99,409.303503078269
"22932",2020-12-12,"29","36  day ahead inc hosp",2021-01-17,"quantile",0.01,106.100327171397
"22933",2020-12-12,"29","36  day ahead inc hosp",2021-01-17,"quantile",0.025,130.336204049987
"22934",2020-12-12,"29","36  day ahead inc hosp",2021-01-17,"quantile",0.05,151.180395207221
"22935",2020-12-12,"29","36  day ahead inc hosp",2021-01-17,"quantile",0.1,175.212412668448
"22936",2020-12-12,"29","36  day ahead inc hosp",2021-01-17,"quantile",0.15,191.426700757279
"22937",2020-12-12,"29","36  day ahead inc hosp",2021-01-17,"quantile",0.2,204.313302926889
"22938",2020-12-12,"29","36  day ahead inc hosp",2021-01-17,"quantile",0.25,215.3688601436
"22939",2020-12-12,"29","36  day ahead inc hosp",2021-01-17,"quantile",0.3,225.297092210567
"22940",2020-12-12,"29","36  day ahead inc hosp",2021-01-17,"quantile",0.35,234.497078822968
"22941",2020-12-12,"29","36  day ahead inc hosp",2021-01-17,"quantile",0.4,243.226966449485
"22942",2020-12-12,"29","36  day ahead inc hosp",2021-01-17,"quantile",0.45,251.673233758307
"22943",2020-12-12,"29","36  day ahead inc hosp",2021-01-17,"quantile",0.5,259.98558868998
"22944",2020-12-12,"29","36  day ahead inc hosp",2021-01-17,"quantile",0.55,268.297943621653
"22945",2020-12-12,"29","36  day ahead inc hosp",2021-01-17,"quantile",0.6,276.744210930474
"22946",2020-12-12,"29","36  day ahead inc hosp",2021-01-17,"quantile",0.65,285.474098556991
"22947",2020-12-12,"29","36  day ahead inc hosp",2021-01-17,"quantile",0.7,294.674085169393
"22948",2020-12-12,"29","36  day ahead inc hosp",2021-01-17,"quantile",0.75,304.602317236359
"22949",2020-12-12,"29","36  day ahead inc hosp",2021-01-17,"quantile",0.8,315.65787445307
"22950",2020-12-12,"29","36  day ahead inc hosp",2021-01-17,"quantile",0.85,328.544476622681
"22951",2020-12-12,"29","36  day ahead inc hosp",2021-01-17,"quantile",0.9,344.758764711511
"22952",2020-12-12,"29","36  day ahead inc hosp",2021-01-17,"quantile",0.95,368.790782172738
"22953",2020-12-12,"29","36  day ahead inc hosp",2021-01-17,"quantile",0.975,389.634973329972
"22954",2020-12-12,"29","36  day ahead inc hosp",2021-01-17,"quantile",0.99,413.870850208562
"22955",2020-12-12,"29","37  day ahead inc hosp",2021-01-18,"quantile",0.01,105.938146959469
"22956",2020-12-12,"29","37  day ahead inc hosp",2021-01-18,"quantile",0.025,130.475452647723
"22957",2020-12-12,"29","37  day ahead inc hosp",2021-01-18,"quantile",0.05,151.578889210453
"22958",2020-12-12,"29","37  day ahead inc hosp",2021-01-18,"quantile",0.1,175.909800021132
"22959",2020-12-12,"29","37  day ahead inc hosp",2021-01-18,"quantile",0.15,192.325750033839
"22960",2020-12-12,"29","37  day ahead inc hosp",2021-01-18,"quantile",0.2,205.372626707733
"22961",2020-12-12,"29","37  day ahead inc hosp",2021-01-18,"quantile",0.25,216.565685178007
"22962",2020-12-12,"29","37  day ahead inc hosp",2021-01-18,"quantile",0.3,226.617397620328
"22963",2020-12-12,"29","37  day ahead inc hosp",2021-01-18,"quantile",0.35,235.93180720275
"22964",2020-12-12,"29","37  day ahead inc hosp",2021-01-18,"quantile",0.4,244.77027103837
"22965",2020-12-12,"29","37  day ahead inc hosp",2021-01-18,"quantile",0.45,253.32158708604
"22966",2020-12-12,"29","37  day ahead inc hosp",2021-01-18,"quantile",0.5,261.737325248496
"22967",2020-12-12,"29","37  day ahead inc hosp",2021-01-18,"quantile",0.55,270.153063410951
"22968",2020-12-12,"29","37  day ahead inc hosp",2021-01-18,"quantile",0.6,278.704379458622
"22969",2020-12-12,"29","37  day ahead inc hosp",2021-01-18,"quantile",0.65,287.542843294242
"22970",2020-12-12,"29","37  day ahead inc hosp",2021-01-18,"quantile",0.7,296.857252876664
"22971",2020-12-12,"29","37  day ahead inc hosp",2021-01-18,"quantile",0.75,306.908965318985
"22972",2020-12-12,"29","37  day ahead inc hosp",2021-01-18,"quantile",0.8,318.102023789259
"22973",2020-12-12,"29","37  day ahead inc hosp",2021-01-18,"quantile",0.85,331.148900463153
"22974",2020-12-12,"29","37  day ahead inc hosp",2021-01-18,"quantile",0.9,347.56485047586
"22975",2020-12-12,"29","37  day ahead inc hosp",2021-01-18,"quantile",0.95,371.895761286539
"22976",2020-12-12,"29","37  day ahead inc hosp",2021-01-18,"quantile",0.975,392.999197849268
"22977",2020-12-12,"29","37  day ahead inc hosp",2021-01-18,"quantile",0.99,417.536503537522
"22978",2020-12-12,"30","1  day ahead inc hosp",2020-12-13,"quantile",0.01,29.2835342645387
"22979",2020-12-12,"30","1  day ahead inc hosp",2020-12-13,"quantile",0.025,32.781585289904
"22980",2020-12-12,"30","1  day ahead inc hosp",2020-12-13,"quantile",0.05,35.790102151734
"22981",2020-12-12,"30","1  day ahead inc hosp",2020-12-13,"quantile",0.1,39.258729416304
"22982",2020-12-12,"30","1  day ahead inc hosp",2020-12-13,"quantile",0.15,41.5989957643645
"22983",2020-12-12,"30","1  day ahead inc hosp",2020-12-13,"quantile",0.2,43.45896526985
"22984",2020-12-12,"30","1  day ahead inc hosp",2020-12-13,"quantile",0.25,45.0546534907315
"22985",2020-12-12,"30","1  day ahead inc hosp",2020-12-13,"quantile",0.3,46.4876308299008
"22986",2020-12-12,"30","1  day ahead inc hosp",2020-12-13,"quantile",0.35,47.8154978909556
"22987",2020-12-12,"30","1  day ahead inc hosp",2020-12-13,"quantile",0.4,49.0755138794935
"22988",2020-12-12,"30","1  day ahead inc hosp",2020-12-13,"quantile",0.45,50.2945939304502
"22989",2020-12-12,"30","1  day ahead inc hosp",2020-12-13,"quantile",0.5,51.4943459277722
"22990",2020-12-12,"30","1  day ahead inc hosp",2020-12-13,"quantile",0.55,52.6940979250942
"22991",2020-12-12,"30","1  day ahead inc hosp",2020-12-13,"quantile",0.6,53.9131779760509
"22992",2020-12-12,"30","1  day ahead inc hosp",2020-12-13,"quantile",0.65,55.1731939645889
"22993",2020-12-12,"30","1  day ahead inc hosp",2020-12-13,"quantile",0.7,56.5010610256437
"22994",2020-12-12,"30","1  day ahead inc hosp",2020-12-13,"quantile",0.75,57.934038364813
"22995",2020-12-12,"30","1  day ahead inc hosp",2020-12-13,"quantile",0.8,59.5297265856944
"22996",2020-12-12,"30","1  day ahead inc hosp",2020-12-13,"quantile",0.85,61.38969609118
"22997",2020-12-12,"30","1  day ahead inc hosp",2020-12-13,"quantile",0.9,63.7299624392405
"22998",2020-12-12,"30","1  day ahead inc hosp",2020-12-13,"quantile",0.95,67.1985897038105
"22999",2020-12-12,"30","1  day ahead inc hosp",2020-12-13,"quantile",0.975,70.2071065656404
"23000",2020-12-12,"30","1  day ahead inc hosp",2020-12-13,"quantile",0.99,73.7051575910057
"23001",2020-12-12,"30","2  day ahead inc hosp",2020-12-14,"quantile",0.01,29.1684236577488
"23002",2020-12-12,"30","2  day ahead inc hosp",2020-12-14,"quantile",0.025,33.0718252765658
"23003",2020-12-12,"30","2  day ahead inc hosp",2020-12-14,"quantile",0.05,36.428966011092
"23004",2020-12-12,"30","2  day ahead inc hosp",2020-12-14,"quantile",0.1,40.2995342736522
"23005",2020-12-12,"30","2  day ahead inc hosp",2020-12-14,"quantile",0.15,42.9109883048376
"23006",2020-12-12,"30","2  day ahead inc hosp",2020-12-14,"quantile",0.2,44.9864891840462
"23007",2020-12-12,"30","2  day ahead inc hosp",2020-12-14,"quantile",0.25,46.7670841323047
"23008",2020-12-12,"30","2  day ahead inc hosp",2020-12-14,"quantile",0.3,48.3661134274412
"23009",2020-12-12,"30","2  day ahead inc hosp",2020-12-14,"quantile",0.35,49.847852372388
"23010",2020-12-12,"30","2  day ahead inc hosp",2020-12-14,"quantile",0.4,51.2538777315752
"23011",2020-12-12,"30","2  day ahead inc hosp",2020-12-14,"quantile",0.45,52.6142235383877
"23012",2020-12-12,"30","2  day ahead inc hosp",2020-12-14,"quantile",0.5,53.9530015763772
"23013",2020-12-12,"30","2  day ahead inc hosp",2020-12-14,"quantile",0.55,55.2917796143666
"23014",2020-12-12,"30","2  day ahead inc hosp",2020-12-14,"quantile",0.6,56.6521254211792
"23015",2020-12-12,"30","2  day ahead inc hosp",2020-12-14,"quantile",0.65,58.0581507803663
"23016",2020-12-12,"30","2  day ahead inc hosp",2020-12-14,"quantile",0.7,59.5398897253131
"23017",2020-12-12,"30","2  day ahead inc hosp",2020-12-14,"quantile",0.75,61.1389190204496
"23018",2020-12-12,"30","2  day ahead inc hosp",2020-12-14,"quantile",0.8,62.9195139687081
"23019",2020-12-12,"30","2  day ahead inc hosp",2020-12-14,"quantile",0.85,64.9950148479168
"23020",2020-12-12,"30","2  day ahead inc hosp",2020-12-14,"quantile",0.9,67.6064688791021
"23021",2020-12-12,"30","2  day ahead inc hosp",2020-12-14,"quantile",0.95,71.4770371416623
"23022",2020-12-12,"30","2  day ahead inc hosp",2020-12-14,"quantile",0.975,74.8341778761886
"23023",2020-12-12,"30","2  day ahead inc hosp",2020-12-14,"quantile",0.99,78.7375794950055
"23024",2020-12-12,"30","3  day ahead inc hosp",2020-12-15,"quantile",0.01,28.0567901046558
"23025",2020-12-12,"30","3  day ahead inc hosp",2020-12-15,"quantile",0.025,31.991286665366
"23026",2020-12-12,"30","3  day ahead inc hosp",2020-12-15,"quantile",0.05,35.375170765362
"23027",2020-12-12,"30","3  day ahead inc hosp",2020-12-15,"quantile",0.1,39.2765724155598
"23028",2020-12-12,"30","3  day ahead inc hosp",2020-12-15,"quantile",0.15,41.9088295870024
"23029",2020-12-12,"30","3  day ahead inc hosp",2020-12-15,"quantile",0.2,44.0008641426145
"23030",2020-12-12,"30","3  day ahead inc hosp",2020-12-15,"quantile",0.25,45.7956435130408
"23031",2020-12-12,"30","3  day ahead inc hosp",2020-12-15,"quantile",0.3,47.4074108576719
"23032",2020-12-12,"30","3  day ahead inc hosp",2020-12-15,"quantile",0.35,48.9009535038244
"23033",2020-12-12,"30","3  day ahead inc hosp",2020-12-15,"quantile",0.4,50.3181794211692
"23034",2020-12-12,"30","3  day ahead inc hosp",2020-12-15,"quantile",0.45,51.6893618976223
"23035",2020-12-12,"30","3  day ahead inc hosp",2020-12-15,"quantile",0.5,53.0388047939493
"23036",2020-12-12,"30","3  day ahead inc hosp",2020-12-15,"quantile",0.55,54.3882476902763
"23037",2020-12-12,"30","3  day ahead inc hosp",2020-12-15,"quantile",0.6,55.7594301667294
"23038",2020-12-12,"30","3  day ahead inc hosp",2020-12-15,"quantile",0.65,57.1766560840742
"23039",2020-12-12,"30","3  day ahead inc hosp",2020-12-15,"quantile",0.7,58.6701987302266
"23040",2020-12-12,"30","3  day ahead inc hosp",2020-12-15,"quantile",0.75,60.2819660748578
"23041",2020-12-12,"30","3  day ahead inc hosp",2020-12-15,"quantile",0.8,62.076745445284
"23042",2020-12-12,"30","3  day ahead inc hosp",2020-12-15,"quantile",0.85,64.1687800008961
"23043",2020-12-12,"30","3  day ahead inc hosp",2020-12-15,"quantile",0.9,66.8010371723387
"23044",2020-12-12,"30","3  day ahead inc hosp",2020-12-15,"quantile",0.95,70.7024388225365
"23045",2020-12-12,"30","3  day ahead inc hosp",2020-12-15,"quantile",0.975,74.0863229225326
"23046",2020-12-12,"30","3  day ahead inc hosp",2020-12-15,"quantile",0.99,78.0208194832428
"23047",2020-12-12,"30","4  day ahead inc hosp",2020-12-16,"quantile",0.01,26.3745138595128
"23048",2020-12-12,"30","4  day ahead inc hosp",2020-12-16,"quantile",0.025,30.4990401020419
"23049",2020-12-12,"30","4  day ahead inc hosp",2020-12-16,"quantile",0.05,34.0463602119346
"23050",2020-12-12,"30","4  day ahead inc hosp",2020-12-16,"quantile",0.1,38.1361931144655
"23051",2020-12-12,"30","4  day ahead inc hosp",2020-12-16,"quantile",0.15,40.8955839572779
"23052",2020-12-12,"30","4  day ahead inc hosp",2020-12-16,"quantile",0.2,43.0886603246753
"23053",2020-12-12,"30","4  day ahead inc hosp",2020-12-16,"quantile",0.25,44.9701245726798
"23054",2020-12-12,"30","4  day ahead inc hosp",2020-12-16,"quantile",0.3,46.659737616485
"23055",2020-12-12,"30","4  day ahead inc hosp",2020-12-16,"quantile",0.35,48.2254159042506
"23056",2020-12-12,"30","4  day ahead inc hosp",2020-12-16,"quantile",0.4,49.7110914913265
"23057",2020-12-12,"30","4  day ahead inc hosp",2020-12-16,"quantile",0.45,51.1484998154059
"23058",2020-12-12,"30","4  day ahead inc hosp",2020-12-16,"quantile",0.5,52.5631185735656
"23059",2020-12-12,"30","4  day ahead inc hosp",2020-12-16,"quantile",0.55,53.9777373317253
"23060",2020-12-12,"30","4  day ahead inc hosp",2020-12-16,"quantile",0.6,55.4151456558047
"23061",2020-12-12,"30","4  day ahead inc hosp",2020-12-16,"quantile",0.65,56.9008212428806
"23062",2020-12-12,"30","4  day ahead inc hosp",2020-12-16,"quantile",0.7,58.4664995306461
"23063",2020-12-12,"30","4  day ahead inc hosp",2020-12-16,"quantile",0.75,60.1561125744513
"23064",2020-12-12,"30","4  day ahead inc hosp",2020-12-16,"quantile",0.8,62.0375768224559
"23065",2020-12-12,"30","4  day ahead inc hosp",2020-12-16,"quantile",0.85,64.2306531898533
"23066",2020-12-12,"30","4  day ahead inc hosp",2020-12-16,"quantile",0.9,66.9900440326657
"23067",2020-12-12,"30","4  day ahead inc hosp",2020-12-16,"quantile",0.95,71.0798769351966
"23068",2020-12-12,"30","4  day ahead inc hosp",2020-12-16,"quantile",0.975,74.6271970450893
"23069",2020-12-12,"30","4  day ahead inc hosp",2020-12-16,"quantile",0.99,78.7517232876184
"23070",2020-12-12,"30","5  day ahead inc hosp",2020-12-17,"quantile",0.01,24.1687561799666
"23071",2020-12-12,"30","5  day ahead inc hosp",2020-12-17,"quantile",0.025,28.6016922661345
"23072",2020-12-12,"30","5  day ahead inc hosp",2020-12-17,"quantile",0.05,32.4142618558701
"23073",2020-12-12,"30","5  day ahead inc hosp",2020-12-17,"quantile",0.1,36.8099104210515
"23074",2020-12-12,"30","5  day ahead inc hosp",2020-12-17,"quantile",0.15,39.7756336395911
"23075",2020-12-12,"30","5  day ahead inc hosp",2020-12-17,"quantile",0.2,42.1326964383471
"23076",2020-12-12,"30","5  day ahead inc hosp",2020-12-17,"quantile",0.25,44.1548464428285
"23077",2020-12-12,"30","5  day ahead inc hosp",2020-12-17,"quantile",0.3,45.9707996440261
"23078",2020-12-12,"30","5  day ahead inc hosp",2020-12-17,"quantile",0.35,47.653550916063
"23079",2020-12-12,"30","5  day ahead inc hosp",2020-12-17,"quantile",0.4,49.2503173166204
"23080",2020-12-12,"30","5  day ahead inc hosp",2020-12-17,"quantile",0.45,50.7952072883866
"23081",2020-12-12,"30","5  day ahead inc hosp",2020-12-17,"quantile",0.5,52.315603613316
"23082",2020-12-12,"30","5  day ahead inc hosp",2020-12-17,"quantile",0.55,53.8359999382454
"23083",2020-12-12,"30","5  day ahead inc hosp",2020-12-17,"quantile",0.6,55.3808899100116
"23084",2020-12-12,"30","5  day ahead inc hosp",2020-12-17,"quantile",0.65,56.977656310569
"23085",2020-12-12,"30","5  day ahead inc hosp",2020-12-17,"quantile",0.7,58.6604075826059
"23086",2020-12-12,"30","5  day ahead inc hosp",2020-12-17,"quantile",0.75,60.4763607838035
"23087",2020-12-12,"30","5  day ahead inc hosp",2020-12-17,"quantile",0.8,62.4985107882849
"23088",2020-12-12,"30","5  day ahead inc hosp",2020-12-17,"quantile",0.85,64.8555735870409
"23089",2020-12-12,"30","5  day ahead inc hosp",2020-12-17,"quantile",0.9,67.8212968055805
"23090",2020-12-12,"30","5  day ahead inc hosp",2020-12-17,"quantile",0.95,72.2169453707619
"23091",2020-12-12,"30","5  day ahead inc hosp",2020-12-17,"quantile",0.975,76.0295149604975
"23092",2020-12-12,"30","5  day ahead inc hosp",2020-12-17,"quantile",0.99,80.4624510466655
"23093",2020-12-12,"30","6  day ahead inc hosp",2020-12-18,"quantile",0.01,21.7456773839404
"23094",2020-12-12,"30","6  day ahead inc hosp",2020-12-18,"quantile",0.025,26.5399482649331
"23095",2020-12-12,"30","6  day ahead inc hosp",2020-12-18,"quantile",0.05,30.663285712288
"23096",2020-12-12,"30","6  day ahead inc hosp",2020-12-18,"quantile",0.1,35.4172297145225
"23097",2020-12-12,"30","6  day ahead inc hosp",2020-12-18,"quantile",0.15,38.6246931634303
"23098",2020-12-12,"30","6  day ahead inc hosp",2020-12-18,"quantile",0.2,41.1738834339617
"23099",2020-12-12,"30","6  day ahead inc hosp",2020-12-18,"quantile",0.25,43.360861701872
"23100",2020-12-12,"30","6  day ahead inc hosp",2020-12-18,"quantile",0.3,45.3248357778604
"23101",2020-12-12,"30","6  day ahead inc hosp",2020-12-18,"quantile",0.35,47.144750449911
"23102",2020-12-12,"30","6  day ahead inc hosp",2020-12-18,"quantile",0.4,48.8716715038433
"23103",2020-12-12,"30","6  day ahead inc hosp",2020-12-18,"quantile",0.45,50.5424876090174
"23104",2020-12-12,"30","6  day ahead inc hosp",2020-12-18,"quantile",0.5,52.1868135560847
"23105",2020-12-12,"30","6  day ahead inc hosp",2020-12-18,"quantile",0.55,53.8311395031521
"23106",2020-12-12,"30","6  day ahead inc hosp",2020-12-18,"quantile",0.6,55.5019556083261
"23107",2020-12-12,"30","6  day ahead inc hosp",2020-12-18,"quantile",0.65,57.2288766622584
"23108",2020-12-12,"30","6  day ahead inc hosp",2020-12-18,"quantile",0.7,59.0487913343091
"23109",2020-12-12,"30","6  day ahead inc hosp",2020-12-18,"quantile",0.75,61.0127654102975
"23110",2020-12-12,"30","6  day ahead inc hosp",2020-12-18,"quantile",0.8,63.1997436782078
"23111",2020-12-12,"30","6  day ahead inc hosp",2020-12-18,"quantile",0.85,65.7489339487392
"23112",2020-12-12,"30","6  day ahead inc hosp",2020-12-18,"quantile",0.9,68.956397397647
"23113",2020-12-12,"30","6  day ahead inc hosp",2020-12-18,"quantile",0.95,73.7103413998814
"23114",2020-12-12,"30","6  day ahead inc hosp",2020-12-18,"quantile",0.975,77.8336788472364
"23115",2020-12-12,"30","6  day ahead inc hosp",2020-12-18,"quantile",0.99,82.6279497282291
"23116",2020-12-12,"30","7  day ahead inc hosp",2020-12-19,"quantile",0.01,19.3028597688142
"23117",2020-12-12,"30","7  day ahead inc hosp",2020-12-19,"quantile",0.025,24.4713035369396
"23118",2020-12-12,"30","7  day ahead inc hosp",2020-12-19,"quantile",0.05,28.9164503095489
"23119",2020-12-12,"30","7  day ahead inc hosp",2020-12-19,"quantile",0.1,34.0414198538809
"23120",2020-12-12,"30","7  day ahead inc hosp",2020-12-19,"quantile",0.15,37.4992124745943
"23121",2020-12-12,"30","7  day ahead inc hosp",2020-12-19,"quantile",0.2,40.2473564352805
"23122",2020-12-12,"30","7  day ahead inc hosp",2020-12-19,"quantile",0.25,42.6050192541712
"23123",2020-12-12,"30","7  day ahead inc hosp",2020-12-19,"quantile",0.3,44.7222733321677
"23124",2020-12-12,"30","7  day ahead inc hosp",2020-12-19,"quantile",0.35,46.6842247693657
"23125",2020-12-12,"30","7  day ahead inc hosp",2020-12-19,"quantile",0.4,48.5459248236173
"23126",2020-12-12,"30","7  day ahead inc hosp",2020-12-19,"quantile",0.45,50.3471411713849
"23127",2020-12-12,"30","7  day ahead inc hosp",2020-12-19,"quantile",0.5,52.1197999144652
"23128",2020-12-12,"30","7  day ahead inc hosp",2020-12-19,"quantile",0.55,53.8924586575456
"23129",2020-12-12,"30","7  day ahead inc hosp",2020-12-19,"quantile",0.6,55.6936750053132
"23130",2020-12-12,"30","7  day ahead inc hosp",2020-12-19,"quantile",0.65,57.5553750595647
"23131",2020-12-12,"30","7  day ahead inc hosp",2020-12-19,"quantile",0.7,59.5173264967628
"23132",2020-12-12,"30","7  day ahead inc hosp",2020-12-19,"quantile",0.75,61.6345805747593
"23133",2020-12-12,"30","7  day ahead inc hosp",2020-12-19,"quantile",0.8,63.9922433936499
"23134",2020-12-12,"30","7  day ahead inc hosp",2020-12-19,"quantile",0.85,66.7403873543361
"23135",2020-12-12,"30","7  day ahead inc hosp",2020-12-19,"quantile",0.9,70.1981799750495
"23136",2020-12-12,"30","7  day ahead inc hosp",2020-12-19,"quantile",0.95,75.3231495193815
"23137",2020-12-12,"30","7  day ahead inc hosp",2020-12-19,"quantile",0.975,79.7682962919909
"23138",2020-12-12,"30","7  day ahead inc hosp",2020-12-19,"quantile",0.99,84.9367400601163
"23139",2020-12-12,"30","8  day ahead inc hosp",2020-12-20,"quantile",0.01,17.1634116189192
"23140",2020-12-12,"30","8  day ahead inc hosp",2020-12-20,"quantile",0.025,22.7000272954452
"23141",2020-12-12,"30","8  day ahead inc hosp",2020-12-20,"quantile",0.05,27.4618222205382
"23142",2020-12-12,"30","8  day ahead inc hosp",2020-12-20,"quantile",0.1,32.9518668053048
"23143",2020-12-12,"30","8  day ahead inc hosp",2020-12-20,"quantile",0.15,36.6559738226017
"23144",2020-12-12,"30","8  day ahead inc hosp",2020-12-20,"quantile",0.2,39.5998806573673
"23145",2020-12-12,"30","8  day ahead inc hosp",2020-12-20,"quantile",0.25,42.1254905911612
"23146",2020-12-12,"30","8  day ahead inc hosp",2020-12-20,"quantile",0.3,44.3935663689645
"23147",2020-12-12,"30","8  day ahead inc hosp",2020-12-20,"quantile",0.35,46.4952765879602
"23148",2020-12-12,"30","8  day ahead inc hosp",2020-12-20,"quantile",0.4,48.4895940590966
"23149",2020-12-12,"30","8  day ahead inc hosp",2020-12-20,"quantile",0.45,50.4191192924692
"23150",2020-12-12,"30","8  day ahead inc hosp",2020-12-20,"quantile",0.5,52.3180526322488
"23151",2020-12-12,"30","8  day ahead inc hosp",2020-12-20,"quantile",0.55,54.2169859720284
"23152",2020-12-12,"30","8  day ahead inc hosp",2020-12-20,"quantile",0.6,56.146511205401
"23153",2020-12-12,"30","8  day ahead inc hosp",2020-12-20,"quantile",0.65,58.1408286765374
"23154",2020-12-12,"30","8  day ahead inc hosp",2020-12-20,"quantile",0.7,60.2425388955331
"23155",2020-12-12,"30","8  day ahead inc hosp",2020-12-20,"quantile",0.75,62.5106146733365
"23156",2020-12-12,"30","8  day ahead inc hosp",2020-12-20,"quantile",0.8,65.0362246071303
"23157",2020-12-12,"30","8  day ahead inc hosp",2020-12-20,"quantile",0.85,67.9801314418959
"23158",2020-12-12,"30","8  day ahead inc hosp",2020-12-20,"quantile",0.9,71.6842384591928
"23159",2020-12-12,"30","8  day ahead inc hosp",2020-12-20,"quantile",0.95,77.1742830439594
"23160",2020-12-12,"30","8  day ahead inc hosp",2020-12-20,"quantile",0.975,81.9360779690524
"23161",2020-12-12,"30","8  day ahead inc hosp",2020-12-20,"quantile",0.99,87.4726936455784
"23162",2020-12-12,"30","9  day ahead inc hosp",2020-12-21,"quantile",0.01,14.8924220523211
"23163",2020-12-12,"30","9  day ahead inc hosp",2020-12-21,"quantile",0.025,20.7838455603044
"23164",2020-12-12,"30","9  day ahead inc hosp",2020-12-21,"quantile",0.05,25.8507947944421
"23165",2020-12-12,"30","9  day ahead inc hosp",2020-12-21,"quantile",0.1,31.6926627542685
"23166",2020-12-12,"30","9  day ahead inc hosp",2020-12-21,"quantile",0.15,35.634143332433
"23167",2020-12-12,"30","9  day ahead inc hosp",2020-12-21,"quantile",0.2,38.7667071484812
"23168",2020-12-12,"30","9  day ahead inc hosp",2020-12-21,"quantile",0.25,41.4541679738794
"23169",2020-12-12,"30","9  day ahead inc hosp",2020-12-21,"quantile",0.3,43.8675908545556
"23170",2020-12-12,"30","9  day ahead inc hosp",2020-12-21,"quantile",0.35,46.1039868254113
"23171",2020-12-12,"30","9  day ahead inc hosp",2020-12-21,"quantile",0.4,48.2261079041145
"23172",2020-12-12,"30","9  day ahead inc hosp",2020-12-21,"quantile",0.45,50.2792846068671
"23173",2020-12-12,"30","9  day ahead inc hosp",2020-12-21,"quantile",0.5,52.2999089686958
"23174",2020-12-12,"30","9  day ahead inc hosp",2020-12-21,"quantile",0.55,54.3205333305244
"23175",2020-12-12,"30","9  day ahead inc hosp",2020-12-21,"quantile",0.6,56.373710033277
"23176",2020-12-12,"30","9  day ahead inc hosp",2020-12-21,"quantile",0.65,58.4958311119803
"23177",2020-12-12,"30","9  day ahead inc hosp",2020-12-21,"quantile",0.7,60.732227082836
"23178",2020-12-12,"30","9  day ahead inc hosp",2020-12-21,"quantile",0.75,63.1456499635122
"23179",2020-12-12,"30","9  day ahead inc hosp",2020-12-21,"quantile",0.8,65.8331107889104
"23180",2020-12-12,"30","9  day ahead inc hosp",2020-12-21,"quantile",0.85,68.9656746049585
"23181",2020-12-12,"30","9  day ahead inc hosp",2020-12-21,"quantile",0.9,72.9071551831231
"23182",2020-12-12,"30","9  day ahead inc hosp",2020-12-21,"quantile",0.95,78.7490231429495
"23183",2020-12-12,"30","9  day ahead inc hosp",2020-12-21,"quantile",0.975,83.8159723770871
"23184",2020-12-12,"30","9  day ahead inc hosp",2020-12-21,"quantile",0.99,89.7073958850704
"23185",2020-12-12,"30","10  day ahead inc hosp",2020-12-22,"quantile",0.01,12.7278965475462
"23186",2020-12-12,"30","10  day ahead inc hosp",2020-12-22,"quantile",0.025,18.958731176494
"23187",2020-12-12,"30","10  day ahead inc hosp",2020-12-22,"quantile",0.05,24.317592699249
"23188",2020-12-12,"30","10  day ahead inc hosp",2020-12-22,"quantile",0.1,30.4960168326529
"23189",2020-12-12,"30","10  day ahead inc hosp",2020-12-22,"quantile",0.15,34.6645702633261
"23190",2020-12-12,"30","10  day ahead inc hosp",2020-12-22,"quantile",0.2,37.9776043841923
"23191",2020-12-12,"30","10  day ahead inc hosp",2020-12-22,"quantile",0.25,40.8198926617437
"23192",2020-12-12,"30","10  day ahead inc hosp",2020-12-22,"quantile",0.3,43.3723553795971
"23193",2020-12-12,"30","10  day ahead inc hosp",2020-12-22,"quantile",0.35,45.7375924806754
"23194",2020-12-12,"30","10  day ahead inc hosp",2020-12-22,"quantile",0.4,47.9819711925584
"23195",2020-12-12,"30","10  day ahead inc hosp",2020-12-22,"quantile",0.45,50.1534335702884
"23196",2020-12-12,"30","10  day ahead inc hosp",2020-12-22,"quantile",0.5,52.2904682324064
"23197",2020-12-12,"30","10  day ahead inc hosp",2020-12-22,"quantile",0.55,54.4275028945245
"23198",2020-12-12,"30","10  day ahead inc hosp",2020-12-22,"quantile",0.6,56.5989652722545
"23199",2020-12-12,"30","10  day ahead inc hosp",2020-12-22,"quantile",0.65,58.8433439841374
"23200",2020-12-12,"30","10  day ahead inc hosp",2020-12-22,"quantile",0.7,61.2085810852158
"23201",2020-12-12,"30","10  day ahead inc hosp",2020-12-22,"quantile",0.75,63.7610438030691
"23202",2020-12-12,"30","10  day ahead inc hosp",2020-12-22,"quantile",0.8,66.6033320806206
"23203",2020-12-12,"30","10  day ahead inc hosp",2020-12-22,"quantile",0.85,69.9163662014867
"23204",2020-12-12,"30","10  day ahead inc hosp",2020-12-22,"quantile",0.9,74.08491963216
"23205",2020-12-12,"30","10  day ahead inc hosp",2020-12-22,"quantile",0.95,80.2633437655639
"23206",2020-12-12,"30","10  day ahead inc hosp",2020-12-22,"quantile",0.975,85.6222052883189
"23207",2020-12-12,"30","10  day ahead inc hosp",2020-12-22,"quantile",0.99,91.8530399172667
"23208",2020-12-12,"30","11  day ahead inc hosp",2020-12-23,"quantile",0.01,10.6642536982755
"23209",2020-12-12,"30","11  day ahead inc hosp",2020-12-23,"quantile",0.025,17.2193243139192
"23210",2020-12-12,"30","11  day ahead inc hosp",2020-12-23,"quantile",0.05,22.8570466726406
"23211",2020-12-12,"30","11  day ahead inc hosp",2020-12-23,"quantile",0.1,29.3569794905814
"23212",2020-12-12,"30","11  day ahead inc hosp",2020-12-23,"quantile",0.15,33.7424533043458
"23213",2020-12-12,"30","11  day ahead inc hosp",2020-12-23,"quantile",0.2,37.2278888691767
"23214",2020-12-12,"30","11  day ahead inc hosp",2020-12-23,"quantile",0.25,40.2180822347342
"23215",2020-12-12,"30","11  day ahead inc hosp",2020-12-23,"quantile",0.3,42.903368292816
"23216",2020-12-12,"30","11  day ahead inc hosp",2020-12-23,"quantile",0.35,45.3916860132506
"23217",2020-12-12,"30","11  day ahead inc hosp",2020-12-23,"quantile",0.4,47.7528561968228
"23218",2020-12-12,"30","11  day ahead inc hosp",2020-12-23,"quantile",0.45,50.0373156750287
"23219",2020-12-12,"30","11  day ahead inc hosp",2020-12-23,"quantile",0.5,52.2855559112854
"23220",2020-12-12,"30","11  day ahead inc hosp",2020-12-23,"quantile",0.55,54.5337961475421
"23221",2020-12-12,"30","11  day ahead inc hosp",2020-12-23,"quantile",0.6,56.8182556257481
"23222",2020-12-12,"30","11  day ahead inc hosp",2020-12-23,"quantile",0.65,59.1794258093202
"23223",2020-12-12,"30","11  day ahead inc hosp",2020-12-23,"quantile",0.7,61.6677435297548
"23224",2020-12-12,"30","11  day ahead inc hosp",2020-12-23,"quantile",0.75,64.3530295878366
"23225",2020-12-12,"30","11  day ahead inc hosp",2020-12-23,"quantile",0.8,67.3432229533941
"23226",2020-12-12,"30","11  day ahead inc hosp",2020-12-23,"quantile",0.85,70.828658518225
"23227",2020-12-12,"30","11  day ahead inc hosp",2020-12-23,"quantile",0.9,75.2141323319894
"23228",2020-12-12,"30","11  day ahead inc hosp",2020-12-23,"quantile",0.95,81.7140651499302
"23229",2020-12-12,"30","11  day ahead inc hosp",2020-12-23,"quantile",0.975,87.3517875086516
"23230",2020-12-12,"30","11  day ahead inc hosp",2020-12-23,"quantile",0.99,93.9068581242953
"23231",2020-12-12,"30","12  day ahead inc hosp",2020-12-24,"quantile",0.01,8.69257257960021
"23232",2020-12-12,"30","12  day ahead inc hosp",2020-12-24,"quantile",0.025,15.5577669361168
"23233",2020-12-12,"30","12  day ahead inc hosp",2020-12-24,"quantile",0.05,21.4622128208543
"23234",2020-12-12,"30","12  day ahead inc hosp",2020-12-24,"quantile",0.1,28.2696607822798
"23235",2020-12-12,"30","12  day ahead inc hosp",2020-12-24,"quantile",0.15,32.8626136034219
"23236",2020-12-12,"30","12  day ahead inc hosp",2020-12-24,"quantile",0.2,36.5129469060983
"23237",2020-12-12,"30","12  day ahead inc hosp",2020-12-24,"quantile",0.25,39.6446078479542
"23238",2020-12-12,"30","12  day ahead inc hosp",2020-12-24,"quantile",0.3,42.4569361617912
"23239",2020-12-12,"30","12  day ahead inc hosp",2020-12-24,"quantile",0.35,45.062977465264
"23240",2020-12-12,"30","12  day ahead inc hosp",2020-12-24,"quantile",0.4,47.535855816925
"23241",2020-12-12,"30","12  day ahead inc hosp",2020-12-24,"quantile",0.45,49.928394240545
"23242",2020-12-12,"30","12  day ahead inc hosp",2020-12-24,"quantile",0.5,52.2829998713689
"23243",2020-12-12,"30","12  day ahead inc hosp",2020-12-24,"quantile",0.55,54.6376055021929
"23244",2020-12-12,"30","12  day ahead inc hosp",2020-12-24,"quantile",0.6,57.0301439258129
"23245",2020-12-12,"30","12  day ahead inc hosp",2020-12-24,"quantile",0.65,59.5030222774739
"23246",2020-12-12,"30","12  day ahead inc hosp",2020-12-24,"quantile",0.7,62.1090635809467
"23247",2020-12-12,"30","12  day ahead inc hosp",2020-12-24,"quantile",0.75,64.9213918947837
"23248",2020-12-12,"30","12  day ahead inc hosp",2020-12-24,"quantile",0.8,68.0530528366396
"23249",2020-12-12,"30","12  day ahead inc hosp",2020-12-24,"quantile",0.85,71.703386139316
"23250",2020-12-12,"30","12  day ahead inc hosp",2020-12-24,"quantile",0.9,76.2963389604581
"23251",2020-12-12,"30","12  day ahead inc hosp",2020-12-24,"quantile",0.95,83.1037869218836
"23252",2020-12-12,"30","12  day ahead inc hosp",2020-12-24,"quantile",0.975,89.0082328066211
"23253",2020-12-12,"30","12  day ahead inc hosp",2020-12-24,"quantile",0.99,95.8734271631377
"23254",2020-12-12,"30","13  day ahead inc hosp",2020-12-25,"quantile",0.01,6.8035412192279
"23255",2020-12-12,"30","13  day ahead inc hosp",2020-12-25,"quantile",0.025,13.9660356390132
"23256",2020-12-12,"30","13  day ahead inc hosp",2020-12-25,"quantile",0.05,20.1261759795723
"23257",2020-12-12,"30","13  day ahead inc hosp",2020-12-25,"quantile",0.1,27.2284232728928
"23258",2020-12-12,"30","13  day ahead inc hosp",2020-12-25,"quantile",0.15,32.0202758037015
"23259",2020-12-12,"30","13  day ahead inc hosp",2020-12-25,"quantile",0.2,35.8286882903717
"23260",2020-12-12,"30","13  day ahead inc hosp",2020-12-25,"quantile",0.25,39.0959670964569
"23261",2020-12-12,"30","13  day ahead inc hosp",2020-12-25,"quantile",0.3,42.0300844438181
"23262",2020-12-12,"30","13  day ahead inc hosp",2020-12-25,"quantile",0.35,44.7489814370454
"23263",2020-12-12,"30","13  day ahead inc hosp",2020-12-25,"quantile",0.4,47.3289488021014
"23264",2020-12-12,"30","13  day ahead inc hosp",2020-12-25,"quantile",0.45,49.8250970855122
"23265",2020-12-12,"30","13  day ahead inc hosp",2020-12-25,"quantile",0.5,52.2816698809442
"23266",2020-12-12,"30","13  day ahead inc hosp",2020-12-25,"quantile",0.55,54.7382426763761
"23267",2020-12-12,"30","13  day ahead inc hosp",2020-12-25,"quantile",0.6,57.2343909597869
"23268",2020-12-12,"30","13  day ahead inc hosp",2020-12-25,"quantile",0.65,59.8143583248429
"23269",2020-12-12,"30","13  day ahead inc hosp",2020-12-25,"quantile",0.7,62.5332553180702
"23270",2020-12-12,"30","13  day ahead inc hosp",2020-12-25,"quantile",0.75,65.4673726654314
"23271",2020-12-12,"30","13  day ahead inc hosp",2020-12-25,"quantile",0.8,68.7346514715166
"23272",2020-12-12,"30","13  day ahead inc hosp",2020-12-25,"quantile",0.85,72.5430639581868
"23273",2020-12-12,"30","13  day ahead inc hosp",2020-12-25,"quantile",0.9,77.3349164889955
"23274",2020-12-12,"30","13  day ahead inc hosp",2020-12-25,"quantile",0.95,84.437163782316
"23275",2020-12-12,"30","13  day ahead inc hosp",2020-12-25,"quantile",0.975,90.5973041228751
"23276",2020-12-12,"30","13  day ahead inc hosp",2020-12-25,"quantile",0.99,97.7597985426604
"23277",2020-12-12,"30","14  day ahead inc hosp",2020-12-26,"quantile",0.01,4.98855498579864
"23278",2020-12-12,"30","14  day ahead inc hosp",2020-12-26,"quantile",0.025,12.4367883407432
"23279",2020-12-12,"30","14  day ahead inc hosp",2020-12-26,"quantile",0.05,18.8426799291471
"23280",2020-12-12,"30","14  day ahead inc hosp",2020-12-26,"quantile",0.1,26.2282626723669
"23281",2020-12-12,"30","14  day ahead inc hosp",2020-12-26,"quantile",0.15,31.2112802860846
"23282",2020-12-12,"30","14  day ahead inc hosp",2020-12-26,"quantile",0.2,35.1716247205945
"23283",2020-12-12,"30","14  day ahead inc hosp",2020-12-26,"quantile",0.25,38.569247609649
"23284",2020-12-12,"30","14  day ahead inc hosp",2020-12-26,"quantile",0.3,41.6204179719698
"23285",2020-12-12,"30","14  day ahead inc hosp",2020-12-26,"quantile",0.35,44.4477820279436
"23286",2020-12-12,"30","14  day ahead inc hosp",2020-12-26,"quantile",0.4,47.1306740285289
"23287",2020-12-12,"30","14  day ahead inc hosp",2020-12-26,"quantile",0.45,49.7264030879514
"23288",2020-12-12,"30","14  day ahead inc hosp",2020-12-26,"quantile",0.5,52.2809778438133
"23289",2020-12-12,"30","14  day ahead inc hosp",2020-12-26,"quantile",0.55,54.8355525996753
"23290",2020-12-12,"30","14  day ahead inc hosp",2020-12-26,"quantile",0.6,57.4312816590977
"23291",2020-12-12,"30","14  day ahead inc hosp",2020-12-26,"quantile",0.65,60.114173659683
"23292",2020-12-12,"30","14  day ahead inc hosp",2020-12-26,"quantile",0.7,62.9415377156569
"23293",2020-12-12,"30","14  day ahead inc hosp",2020-12-26,"quantile",0.75,65.9927080779777
"23294",2020-12-12,"30","14  day ahead inc hosp",2020-12-26,"quantile",0.8,69.3903309670322
"23295",2020-12-12,"30","14  day ahead inc hosp",2020-12-26,"quantile",0.85,73.3506754015421
"23296",2020-12-12,"30","14  day ahead inc hosp",2020-12-26,"quantile",0.9,78.3336930152598
"23297",2020-12-12,"30","14  day ahead inc hosp",2020-12-26,"quantile",0.95,85.7192757584796
"23298",2020-12-12,"30","14  day ahead inc hosp",2020-12-26,"quantile",0.975,92.1251673468835
"23299",2020-12-12,"30","14  day ahead inc hosp",2020-12-26,"quantile",0.99,99.573400701828
"23300",2020-12-12,"30","15  day ahead inc hosp",2020-12-27,"quantile",0.01,3.28329598948438
"23301",2020-12-12,"30","15  day ahead inc hosp",2020-12-27,"quantile",0.025,11.0068531518587
"23302",2020-12-12,"30","15  day ahead inc hosp",2020-12-27,"quantile",0.05,17.6495384036795
"23303",2020-12-12,"30","15  day ahead inc hosp",2020-12-27,"quantile",0.1,25.308129075632
"23304",2020-12-12,"30","15  day ahead inc hosp",2020-12-27,"quantile",0.15,30.4753438427576
"23305",2020-12-12,"30","15  day ahead inc hosp",2020-12-27,"quantile",0.2,34.5820823356274
"23306",2020-12-12,"30","15  day ahead inc hosp",2020-12-27,"quantile",0.25,38.1052982915806
"23307",2020-12-12,"30","15  day ahead inc hosp",2020-12-27,"quantile",0.3,41.2692551095934
"23308",2020-12-12,"30","15  day ahead inc hosp",2020-12-27,"quantile",0.35,44.2011326253079
"23309",2020-12-12,"30","15  day ahead inc hosp",2020-12-27,"quantile",0.4,46.9831976787935
"23310",2020-12-12,"30","15  day ahead inc hosp",2020-12-27,"quantile",0.45,49.6748778146175
"23311",2020-12-12,"30","15  day ahead inc hosp",2020-12-27,"quantile",0.5,52.3238823788152
"23312",2020-12-12,"30","15  day ahead inc hosp",2020-12-27,"quantile",0.55,54.972886943013
"23313",2020-12-12,"30","15  day ahead inc hosp",2020-12-27,"quantile",0.6,57.6645670788369
"23314",2020-12-12,"30","15  day ahead inc hosp",2020-12-27,"quantile",0.65,60.4466321323226
"23315",2020-12-12,"30","15  day ahead inc hosp",2020-12-27,"quantile",0.7,63.378509648037
"23316",2020-12-12,"30","15  day ahead inc hosp",2020-12-27,"quantile",0.75,66.5424664660498
"23317",2020-12-12,"30","15  day ahead inc hosp",2020-12-27,"quantile",0.8,70.0656824220031
"23318",2020-12-12,"30","15  day ahead inc hosp",2020-12-27,"quantile",0.85,74.1724209148729
"23319",2020-12-12,"30","15  day ahead inc hosp",2020-12-27,"quantile",0.9,79.3396356819985
"23320",2020-12-12,"30","15  day ahead inc hosp",2020-12-27,"quantile",0.95,86.9982263539509
"23321",2020-12-12,"30","15  day ahead inc hosp",2020-12-27,"quantile",0.975,93.6409116057717
"23322",2020-12-12,"30","15  day ahead inc hosp",2020-12-27,"quantile",0.99,101.364468768146
"23323",2020-12-12,"30","16  day ahead inc hosp",2020-12-28,"quantile",0.01,1.59467714507697
"23324",2020-12-12,"30","16  day ahead inc hosp",2020-12-28,"quantile",0.025,9.58415072479277
"23325",2020-12-12,"30","16  day ahead inc hosp",2020-12-28,"quantile",0.05,16.455538765569
"23326",2020-12-12,"30","16  day ahead inc hosp",2020-12-28,"quantile",0.1,24.377809106171
"23327",2020-12-12,"30","16  day ahead inc hosp",2020-12-28,"quantile",0.15,29.7229272939123
"23328",2020-12-12,"30","16  day ahead inc hosp",2020-12-28,"quantile",0.2,33.9710577858344
"23329",2020-12-12,"30","16  day ahead inc hosp",2020-12-28,"quantile",0.25,37.6155754871921
"23330",2020-12-12,"30","16  day ahead inc hosp",2020-12-28,"quantile",0.3,40.8884650215662
"23331",2020-12-12,"30","16  day ahead inc hosp",2020-12-28,"quantile",0.35,43.9212849332095
"23332",2020-12-12,"30","16  day ahead inc hosp",2020-12-28,"quantile",0.4,46.7991344492531
"23333",2020-12-12,"30","16  day ahead inc hosp",2020-12-28,"quantile",0.45,49.5834871611064
"23334",2020-12-12,"30","16  day ahead inc hosp",2020-12-28,"quantile",0.5,52.3236950126527
"23335",2020-12-12,"30","16  day ahead inc hosp",2020-12-28,"quantile",0.55,55.063902864199
"23336",2020-12-12,"30","16  day ahead inc hosp",2020-12-28,"quantile",0.6,57.8482555760523
"23337",2020-12-12,"30","16  day ahead inc hosp",2020-12-28,"quantile",0.65,60.7261050920959
"23338",2020-12-12,"30","16  day ahead inc hosp",2020-12-28,"quantile",0.7,63.7589250037392
"23339",2020-12-12,"30","16  day ahead inc hosp",2020-12-28,"quantile",0.75,67.0318145381132
"23340",2020-12-12,"30","16  day ahead inc hosp",2020-12-28,"quantile",0.8,70.676332239471
"23341",2020-12-12,"30","16  day ahead inc hosp",2020-12-28,"quantile",0.85,74.924462731393
"23342",2020-12-12,"30","16  day ahead inc hosp",2020-12-28,"quantile",0.9,80.2695809191344
"23343",2020-12-12,"30","16  day ahead inc hosp",2020-12-28,"quantile",0.95,88.1918512597364
"23344",2020-12-12,"30","16  day ahead inc hosp",2020-12-28,"quantile",0.975,95.0632393005126
"23345",2020-12-12,"30","16  day ahead inc hosp",2020-12-28,"quantile",0.99,103.052712880228
"23346",2020-12-12,"30","17  day ahead inc hosp",2020-12-29,"quantile",0.01,0
"23347",2020-12-12,"30","17  day ahead inc hosp",2020-12-29,"quantile",0.025,8.20718080278629
"23348",2020-12-12,"30","17  day ahead inc hosp",2020-12-29,"quantile",0.05,15.2999335048413
"23349",2020-12-12,"30","17  day ahead inc hosp",2020-12-29,"quantile",0.1,23.477423122844
"23350",2020-12-12,"30","17  day ahead inc hosp",2020-12-29,"quantile",0.15,28.9947365453914
"23351",2020-12-12,"30","17  day ahead inc hosp",2020-12-29,"quantile",0.2,33.3797223512372
"23352",2020-12-12,"30","17  day ahead inc hosp",2020-12-29,"quantile",0.25,37.1416497261134
"23353",2020-12-12,"30","17  day ahead inc hosp",2020-12-29,"quantile",0.3,40.5199767760055
"23354",2020-12-12,"30","17  day ahead inc hosp",2020-12-29,"quantile",0.35,43.6505002591071
"23355",2020-12-12,"30","17  day ahead inc hosp",2020-12-29,"quantile",0.4,46.6210609100117
"23356",2020-12-12,"30","17  day ahead inc hosp",2020-12-29,"quantile",0.45,49.4951127177803
"23357",2020-12-12,"30","17  day ahead inc hosp",2020-12-29,"quantile",0.5,52.3235975199647
"23358",2020-12-12,"30","17  day ahead inc hosp",2020-12-29,"quantile",0.55,55.1520823221491
"23359",2020-12-12,"30","17  day ahead inc hosp",2020-12-29,"quantile",0.6,58.0261341299177
"23360",2020-12-12,"30","17  day ahead inc hosp",2020-12-29,"quantile",0.65,60.9966947808223
"23361",2020-12-12,"30","17  day ahead inc hosp",2020-12-29,"quantile",0.7,64.1272182639239
"23362",2020-12-12,"30","17  day ahead inc hosp",2020-12-29,"quantile",0.75,67.505545313816
"23363",2020-12-12,"30","17  day ahead inc hosp",2020-12-29,"quantile",0.8,71.2674726886921
"23364",2020-12-12,"30","17  day ahead inc hosp",2020-12-29,"quantile",0.85,75.652458494538
"23365",2020-12-12,"30","17  day ahead inc hosp",2020-12-29,"quantile",0.9,81.1697719170854
"23366",2020-12-12,"30","17  day ahead inc hosp",2020-12-29,"quantile",0.95,89.3472615350881
"23367",2020-12-12,"30","17  day ahead inc hosp",2020-12-29,"quantile",0.975,96.4400142371431
"23368",2020-12-12,"30","17  day ahead inc hosp",2020-12-29,"quantile",0.99,104.686872074927
"23369",2020-12-12,"30","18  day ahead inc hosp",2020-12-30,"quantile",0.01,0
"23370",2020-12-12,"30","18  day ahead inc hosp",2020-12-30,"quantile",0.025,6.87184623690221
"23371",2020-12-12,"30","18  day ahead inc hosp",2020-12-30,"quantile",0.05,14.1792772548681
"23372",2020-12-12,"30","18  day ahead inc hosp",2020-12-30,"quantile",0.1,22.6042772222817
"23373",2020-12-12,"30","18  day ahead inc hosp",2020-12-30,"quantile",0.15,28.2885847025187
"23374",2020-12-12,"30","18  day ahead inc hosp",2020-12-30,"quantile",0.2,32.8062920915969
"23375",2020-12-12,"30","18  day ahead inc hosp",2020-12-30,"quantile",0.25,36.6820827671325
"23376",2020-12-12,"30","18  day ahead inc hosp",2020-12-30,"quantile",0.3,40.16266258011
"23377",2020-12-12,"30","18  day ahead inc hosp",2020-12-30,"quantile",0.35,43.3879384869183
"23378",2020-12-12,"30","18  day ahead inc hosp",2020-12-30,"quantile",0.4,46.4484099220608
"23379",2020-12-12,"30","18  day ahead inc hosp",2020-12-30,"quantile",0.45,49.4094514541086
"23380",2020-12-12,"30","18  day ahead inc hosp",2020-12-30,"quantile",0.5,52.3235467913588
"23381",2020-12-12,"30","18  day ahead inc hosp",2020-12-30,"quantile",0.55,55.237642128609
"23382",2020-12-12,"30","18  day ahead inc hosp",2020-12-30,"quantile",0.6,58.1986836606568
"23383",2020-12-12,"30","18  day ahead inc hosp",2020-12-30,"quantile",0.65,61.2591550957993
"23384",2020-12-12,"30","18  day ahead inc hosp",2020-12-30,"quantile",0.7,64.4844310026076
"23385",2020-12-12,"30","18  day ahead inc hosp",2020-12-30,"quantile",0.75,67.9650108155851
"23386",2020-12-12,"30","18  day ahead inc hosp",2020-12-30,"quantile",0.8,71.8408014911207
"23387",2020-12-12,"30","18  day ahead inc hosp",2020-12-30,"quantile",0.85,76.3585088801989
"23388",2020-12-12,"30","18  day ahead inc hosp",2020-12-30,"quantile",0.9,82.0428163604359
"23389",2020-12-12,"30","18  day ahead inc hosp",2020-12-30,"quantile",0.95,90.4678163278495
"23390",2020-12-12,"30","18  day ahead inc hosp",2020-12-30,"quantile",0.975,97.7752473458154
"23391",2020-12-12,"30","18  day ahead inc hosp",2020-12-30,"quantile",0.99,106.271715120184
"23392",2020-12-12,"30","19  day ahead inc hosp",2020-12-31,"quantile",0.01,0
"23393",2020-12-12,"30","19  day ahead inc hosp",2020-12-31,"quantile",0.025,5.57460840696437
"23394",2020-12-12,"30","19  day ahead inc hosp",2020-12-31,"quantile",0.05,13.0905967056369
"23395",2020-12-12,"30","19  day ahead inc hosp",2020-12-31,"quantile",0.1,21.756049860886
"23396",2020-12-12,"30","19  day ahead inc hosp",2020-12-31,"quantile",0.15,27.6025899654015
"23397",2020-12-12,"30","19  day ahead inc hosp",2020-12-31,"quantile",0.2,32.2492347013774
"23398",2020-12-12,"30","19  day ahead inc hosp",2020-12-31,"quantile",0.25,36.2356421397522
"23399",2020-12-12,"30","19  day ahead inc hosp",2020-12-31,"quantile",0.3,39.8155592245141
"23400",2020-12-12,"30","19  day ahead inc hosp",2020-12-31,"quantile",0.35,43.1328859178436
"23401",2020-12-12,"30","19  day ahead inc hosp",2020-12-31,"quantile",0.4,46.2807045477286
"23402",2020-12-12,"30","19  day ahead inc hosp",2020-12-31,"quantile",0.45,49.3262555015505
"23403",2020-12-12,"30","19  day ahead inc hosp",2020-12-31,"quantile",0.5,52.3235203956208
"23404",2020-12-12,"30","19  day ahead inc hosp",2020-12-31,"quantile",0.55,55.320785289691
"23405",2020-12-12,"30","19  day ahead inc hosp",2020-12-31,"quantile",0.6,58.3663362435129
"23406",2020-12-12,"30","19  day ahead inc hosp",2020-12-31,"quantile",0.65,61.514154873398
"23407",2020-12-12,"30","19  day ahead inc hosp",2020-12-31,"quantile",0.7,64.8314815667274
"23408",2020-12-12,"30","19  day ahead inc hosp",2020-12-31,"quantile",0.75,68.4113986514893
"23409",2020-12-12,"30","19  day ahead inc hosp",2020-12-31,"quantile",0.8,72.3978060898641
"23410",2020-12-12,"30","19  day ahead inc hosp",2020-12-31,"quantile",0.85,77.04445082584
"23411",2020-12-12,"30","19  day ahead inc hosp",2020-12-31,"quantile",0.9,82.8909909303555
"23412",2020-12-12,"30","19  day ahead inc hosp",2020-12-31,"quantile",0.95,91.5564440856046
"23413",2020-12-12,"30","19  day ahead inc hosp",2020-12-31,"quantile",0.975,99.0724323842771
"23414",2020-12-12,"30","19  day ahead inc hosp",2020-12-31,"quantile",0.99,107.811393068982
"23415",2020-12-12,"30","20  day ahead inc hosp",2021-01-01,"quantile",0.01,0
"23416",2020-12-12,"30","20  day ahead inc hosp",2021-01-01,"quantile",0.025,4.3123936356414
"23417",2020-12-12,"30","20  day ahead inc hosp",2021-01-01,"quantile",0.05,12.0313104693181
"23418",2020-12-12,"30","20  day ahead inc hosp",2021-01-01,"quantile",0.1,20.9307272290945
"23419",2020-12-12,"30","20  day ahead inc hosp",2021-01-01,"quantile",0.15,26.9351214668398
"23420",2020-12-12,"30","20  day ahead inc hosp",2021-01-01,"quantile",0.2,31.7072236638289
"23421",2020-12-12,"30","20  day ahead inc hosp",2021-01-01,"quantile",0.25,35.8012624328088
"23422",2020-12-12,"30","20  day ahead inc hosp",2021-01-01,"quantile",0.3,39.4778357789403
"23423",2020-12-12,"30","20  day ahead inc hosp",2021-01-01,"quantile",0.35,42.8847289030912
"23424",2020-12-12,"30","20  day ahead inc hosp",2021-01-01,"quantile",0.4,46.1175373171053
"23425",2020-12-12,"30","20  day ahead inc hosp",2021-01-01,"quantile",0.45,49.245316870651
"23426",2020-12-12,"30","20  day ahead inc hosp",2021-01-01,"quantile",0.5,52.3235066610626
"23427",2020-12-12,"30","20  day ahead inc hosp",2021-01-01,"quantile",0.55,55.4016964514742
"23428",2020-12-12,"30","20  day ahead inc hosp",2021-01-01,"quantile",0.6,58.5294760050199
"23429",2020-12-12,"30","20  day ahead inc hosp",2021-01-01,"quantile",0.65,61.762284419034
"23430",2020-12-12,"30","20  day ahead inc hosp",2021-01-01,"quantile",0.7,65.1691775431849
"23431",2020-12-12,"30","20  day ahead inc hosp",2021-01-01,"quantile",0.75,68.8457508893164
"23432",2020-12-12,"30","20  day ahead inc hosp",2021-01-01,"quantile",0.8,72.9397896582964
"23433",2020-12-12,"30","20  day ahead inc hosp",2021-01-01,"quantile",0.85,77.7118918552855
"23434",2020-12-12,"30","20  day ahead inc hosp",2021-01-01,"quantile",0.9,83.7162860930308
"23435",2020-12-12,"30","20  day ahead inc hosp",2021-01-01,"quantile",0.95,92.6157028528071
"23436",2020-12-12,"30","20  day ahead inc hosp",2021-01-01,"quantile",0.975,100.334619686484
"23437",2020-12-12,"30","20  day ahead inc hosp",2021-01-01,"quantile",0.99,109.309528648213
"23438",2020-12-12,"30","21  day ahead inc hosp",2021-01-02,"quantile",0.01,0
"23439",2020-12-12,"30","21  day ahead inc hosp",2021-01-02,"quantile",0.025,3.08251573724379
"23440",2020-12-12,"30","21  day ahead inc hosp",2021-01-02,"quantile",0.05,10.9991632514145
"23441",2020-12-12,"30","21  day ahead inc hosp",2021-01-02,"quantile",0.1,20.1265508223588
"23442",2020-12-12,"30","21  day ahead inc hosp",2021-01-02,"quantile",0.15,26.2847558841052
"23443",2020-12-12,"30","21  day ahead inc hosp",2021-01-02,"quantile",0.2,31.179102048108
"23444",2020-12-12,"30","21  day ahead inc hosp",2021-01-02,"quantile",0.25,35.3780152559765
"23445",2020-12-12,"30","21  day ahead inc hosp",2021-01-02,"quantile",0.3,39.1487690895107
"23446",2020-12-12,"30","21  day ahead inc hosp",2021-01-02,"quantile",0.35,42.6429344709387
"23447",2020-12-12,"30","21  day ahead inc hosp",2021-01-02,"quantile",0.4,45.9585557227361
"23448",2020-12-12,"30","21  day ahead inc hosp",2021-01-02,"quantile",0.45,49.1664576552223
"23449",2020-12-12,"30","21  day ahead inc hosp",2021-01-02,"quantile",0.5,52.3234995145268
"23450",2020-12-12,"30","21  day ahead inc hosp",2021-01-02,"quantile",0.55,55.4805413738313
"23451",2020-12-12,"30","21  day ahead inc hosp",2021-01-02,"quantile",0.6,58.6884433063175
"23452",2020-12-12,"30","21  day ahead inc hosp",2021-01-02,"quantile",0.65,62.0040645581149
"23453",2020-12-12,"30","21  day ahead inc hosp",2021-01-02,"quantile",0.7,65.4982299395428
"23454",2020-12-12,"30","21  day ahead inc hosp",2021-01-02,"quantile",0.75,69.2689837730771
"23455",2020-12-12,"30","21  day ahead inc hosp",2021-01-02,"quantile",0.8,73.4678969809456
"23456",2020-12-12,"30","21  day ahead inc hosp",2021-01-02,"quantile",0.85,78.3622431449484
"23457",2020-12-12,"30","21  day ahead inc hosp",2021-01-02,"quantile",0.9,84.5204482066948
"23458",2020-12-12,"30","21  day ahead inc hosp",2021-01-02,"quantile",0.95,93.647835777639
"23459",2020-12-12,"30","21  day ahead inc hosp",2021-01-02,"quantile",0.975,101.56448329181
"23460",2020-12-12,"30","21  day ahead inc hosp",2021-01-02,"quantile",0.99,110.769296901382
"23461",2020-12-12,"30","22  day ahead inc hosp",2021-01-03,"quantile",0.01,0
"23462",2020-12-12,"30","22  day ahead inc hosp",2021-01-03,"quantile",0.025,1.90039680747223
"23463",2020-12-12,"30","22  day ahead inc hosp",2021-01-03,"quantile",0.05,10.0099563657225
"23464",2020-12-12,"30","22  day ahead inc hosp",2021-01-03,"quantile",0.1,19.3597591686529
"23465",2020-12-12,"30","22  day ahead inc hosp",2021-01-03,"quantile",0.15,25.6680267315017
"23466",2020-12-12,"30","22  day ahead inc hosp",2021-01-03,"quantile",0.2,30.6816378143026
"23467",2020-12-12,"30","22  day ahead inc hosp",2021-01-03,"quantile",0.25,34.9828697029501
"23468",2020-12-12,"30","22  day ahead inc hosp",2021-01-03,"quantile",0.3,38.8455088741157
"23469",2020-12-12,"30","22  day ahead inc hosp",2021-01-03,"quantile",0.35,42.4248197145117
"23470",2020-12-12,"30","22  day ahead inc hosp",2021-01-03,"quantile",0.4,45.8212356804774
"23471",2020-12-12,"30","22  day ahead inc hosp",2021-01-03,"quantile",0.45,49.1073074339509
"23472",2020-12-12,"30","22  day ahead inc hosp",2021-01-03,"quantile",0.5,52.3412797612638
"23473",2020-12-12,"30","22  day ahead inc hosp",2021-01-03,"quantile",0.55,55.5752520885768
"23474",2020-12-12,"30","22  day ahead inc hosp",2021-01-03,"quantile",0.6,58.8613238420503
"23475",2020-12-12,"30","22  day ahead inc hosp",2021-01-03,"quantile",0.65,62.257739808016
"23476",2020-12-12,"30","22  day ahead inc hosp",2021-01-03,"quantile",0.7,65.837050648412
"23477",2020-12-12,"30","22  day ahead inc hosp",2021-01-03,"quantile",0.75,69.6996898195776
"23478",2020-12-12,"30","22  day ahead inc hosp",2021-01-03,"quantile",0.8,74.0009217082251
"23479",2020-12-12,"30","22  day ahead inc hosp",2021-01-03,"quantile",0.85,79.014532791026
"23480",2020-12-12,"30","22  day ahead inc hosp",2021-01-03,"quantile",0.9,85.3228003538748
"23481",2020-12-12,"30","22  day ahead inc hosp",2021-01-03,"quantile",0.95,94.6726031568052
"23482",2020-12-12,"30","22  day ahead inc hosp",2021-01-03,"quantile",0.975,102.782162715055
"23483",2020-12-12,"30","22  day ahead inc hosp",2021-01-03,"quantile",0.99,112.211278266279
"23484",2020-12-12,"30","23  day ahead inc hosp",2021-01-04,"quantile",0.01,0
"23485",2020-12-12,"30","23  day ahead inc hosp",2021-01-04,"quantile",0.025,0.728380048870086
"23486",2020-12-12,"30","23  day ahead inc hosp",2021-01-04,"quantile",0.05,9.02636858495397
"23487",2020-12-12,"30","23  day ahead inc hosp",2021-01-04,"quantile",0.1,18.593417931602
"23488",2020-12-12,"30","23  day ahead inc hosp",2021-01-04,"quantile",0.15,25.0482607061167
"23489",2020-12-12,"30","23  day ahead inc hosp",2021-01-04,"quantile",0.2,30.178365120621
"23490",2020-12-12,"30","23  day ahead inc hosp",2021-01-04,"quantile",0.25,34.5795379151071
"23491",2020-12-12,"30","23  day ahead inc hosp",2021-01-04,"quantile",0.3,38.5319271085192
"23492",2020-12-12,"30","23  day ahead inc hosp",2021-01-04,"quantile",0.35,42.1944047199538
"23493",2020-12-12,"30","23  day ahead inc hosp",2021-01-04,"quantile",0.4,45.6697378187388
"23494",2020-12-12,"30","23  day ahead inc hosp",2021-01-04,"quantile",0.45,49.0321628115155
"23495",2020-12-12,"30","23  day ahead inc hosp",2021-01-04,"quantile",0.5,52.3412778263691
"23496",2020-12-12,"30","23  day ahead inc hosp",2021-01-04,"quantile",0.55,55.6503928412227
"23497",2020-12-12,"30","23  day ahead inc hosp",2021-01-04,"quantile",0.6,59.0128178339995
"23498",2020-12-12,"30","23  day ahead inc hosp",2021-01-04,"quantile",0.65,62.4881509327844
"23499",2020-12-12,"30","23  day ahead inc hosp",2021-01-04,"quantile",0.7,66.150628544219
"23500",2020-12-12,"30","23  day ahead inc hosp",2021-01-04,"quantile",0.75,70.1030177376311
"23501",2020-12-12,"30","23  day ahead inc hosp",2021-01-04,"quantile",0.8,74.5041905321172
"23502",2020-12-12,"30","23  day ahead inc hosp",2021-01-04,"quantile",0.85,79.6342949466215
"23503",2020-12-12,"30","23  day ahead inc hosp",2021-01-04,"quantile",0.9,86.0891377211363
"23504",2020-12-12,"30","23  day ahead inc hosp",2021-01-04,"quantile",0.95,95.6561870677843
"23505",2020-12-12,"30","23  day ahead inc hosp",2021-01-04,"quantile",0.975,103.954175603868
"23506",2020-12-12,"30","23  day ahead inc hosp",2021-01-04,"quantile",0.99,113.602380563392
"23507",2020-12-12,"30","24  day ahead inc hosp",2021-01-05,"quantile",0.01,0
"23508",2020-12-12,"30","24  day ahead inc hosp",2021-01-05,"quantile",0.025,0
"23509",2020-12-12,"30","24  day ahead inc hosp",2021-01-05,"quantile",0.05,8.06462479498032
"23510",2020-12-12,"30","24  day ahead inc hosp",2021-01-05,"quantile",0.1,17.8440961650529
"23511",2020-12-12,"30","24  day ahead inc hosp",2021-01-05,"quantile",0.15,24.4422590702965
"23512",2020-12-12,"30","24  day ahead inc hosp",2021-01-05,"quantile",0.2,29.6862697813634
"23513",2020-12-12,"30","24  day ahead inc hosp",2021-01-05,"quantile",0.25,34.1851640358912
"23514",2020-12-12,"30","24  day ahead inc hosp",2021-01-05,"quantile",0.3,38.2253101206296
"23515",2020-12-12,"30","24  day ahead inc hosp",2021-01-05,"quantile",0.35,41.9691075702691
"23516",2020-12-12,"30","24  day ahead inc hosp",2021-01-05,"quantile",0.4,45.5216052432263
"23517",2020-12-12,"30","24  day ahead inc hosp",2021-01-05,"quantile",0.45,48.958687854533
"23518",2020-12-12,"30","24  day ahead inc hosp",2021-01-05,"quantile",0.5,52.3412768195807
"23519",2020-12-12,"30","24  day ahead inc hosp",2021-01-05,"quantile",0.55,55.7238657846284
"23520",2020-12-12,"30","24  day ahead inc hosp",2021-01-05,"quantile",0.6,59.160948395935
"23521",2020-12-12,"30","24  day ahead inc hosp",2021-01-05,"quantile",0.65,62.7134460688922
"23522",2020-12-12,"30","24  day ahead inc hosp",2021-01-05,"quantile",0.7,66.4572435185318
"23523",2020-12-12,"30","24  day ahead inc hosp",2021-01-05,"quantile",0.75,70.4973896032701
"23524",2020-12-12,"30","24  day ahead inc hosp",2021-01-05,"quantile",0.8,74.996283857798
"23525",2020-12-12,"30","24  day ahead inc hosp",2021-01-05,"quantile",0.85,80.2402945688649
"23526",2020-12-12,"30","24  day ahead inc hosp",2021-01-05,"quantile",0.9,86.8384574741084
"23527",2020-12-12,"30","24  day ahead inc hosp",2021-01-05,"quantile",0.95,96.617928844181
"23528",2020-12-12,"30","24  day ahead inc hosp",2021-01-05,"quantile",0.975,105.100161806244
"23529",2020-12-12,"30","24  day ahead inc hosp",2021-01-05,"quantile",0.99,114.96259072821
"23530",2020-12-12,"30","25  day ahead inc hosp",2021-01-06,"quantile",0.01,0
"23531",2020-12-12,"30","25  day ahead inc hosp",2021-01-06,"quantile",0.025,0
"23532",2020-12-12,"30","25  day ahead inc hosp",2021-01-06,"quantile",0.05,7.12333147364619
"23533",2020-12-12,"30","25  day ahead inc hosp",2021-01-06,"quantile",0.1,17.1107080385062
"23534",2020-12-12,"30","25  day ahead inc hosp",2021-01-06,"quantile",0.15,23.8491435916407
"23535",2020-12-12,"30","25  day ahead inc hosp",2021-01-06,"quantile",0.2,29.2046385565178
"23536",2020-12-12,"30","25  day ahead inc hosp",2021-01-06,"quantile",0.25,33.7991763740688
"23537",2020-12-12,"30","25  day ahead inc hosp",2021-01-06,"quantile",0.3,37.9252133343903
"23538",2020-12-12,"30","25  day ahead inc hosp",2021-01-06,"quantile",0.35,41.7486014805571
"23539",2020-12-12,"30","25  day ahead inc hosp",2021-01-06,"quantile",0.4,45.3766229413274
"23540",2020-12-12,"30","25  day ahead inc hosp",2021-01-06,"quantile",0.45,48.8867756913729
"23541",2020-12-12,"30","25  day ahead inc hosp",2021-01-06,"quantile",0.5,52.341276295716
"23542",2020-12-12,"30","25  day ahead inc hosp",2021-01-06,"quantile",0.55,55.7957769000591
"23543",2020-12-12,"30","25  day ahead inc hosp",2021-01-06,"quantile",0.6,59.3059296501046
"23544",2020-12-12,"30","25  day ahead inc hosp",2021-01-06,"quantile",0.65,62.9339511108749
"23545",2020-12-12,"30","25  day ahead inc hosp",2021-01-06,"quantile",0.7,66.7573392570417
"23546",2020-12-12,"30","25  day ahead inc hosp",2021-01-06,"quantile",0.75,70.8833762173632
"23547",2020-12-12,"30","25  day ahead inc hosp",2021-01-06,"quantile",0.8,75.4779140349141
"23548",2020-12-12,"30","25  day ahead inc hosp",2021-01-06,"quantile",0.85,80.8334089997913
"23549",2020-12-12,"30","25  day ahead inc hosp",2021-01-06,"quantile",0.9,87.5718445529258
"23550",2020-12-12,"30","25  day ahead inc hosp",2021-01-06,"quantile",0.95,97.5592211177858
"23551",2020-12-12,"30","25  day ahead inc hosp",2021-01-06,"quantile",0.975,106.221780830598
"23552",2020-12-12,"30","25  day ahead inc hosp",2021-01-06,"quantile",0.99,116.293878570898
"23553",2020-12-12,"30","26  day ahead inc hosp",2021-01-07,"quantile",0.01,0
"23554",2020-12-12,"30","26  day ahead inc hosp",2021-01-07,"quantile",0.025,0
"23555",2020-12-12,"30","26  day ahead inc hosp",2021-01-07,"quantile",0.05,6.20123713625087
"23556",2020-12-12,"30","26  day ahead inc hosp",2021-01-07,"quantile",0.1,16.3922784339892
"23557",2020-12-12,"30","26  day ahead inc hosp",2021-01-07,"quantile",0.15,23.2681256154963
"23558",2020-12-12,"30","26  day ahead inc hosp",2021-01-07,"quantile",0.2,28.7328309865667
"23559",2020-12-12,"30","26  day ahead inc hosp",2021-01-07,"quantile",0.25,33.4210616083524
"23560",2020-12-12,"30","26  day ahead inc hosp",2021-01-07,"quantile",0.3,37.6312376025747
"23561",2020-12-12,"30","26  day ahead inc hosp",2021-01-07,"quantile",0.35,41.5325931028732
"23562",2020-12-12,"30","26  day ahead inc hosp",2021-01-07,"quantile",0.4,45.2345979582703
"23563",2020-12-12,"30","26  day ahead inc hosp",2021-01-07,"quantile",0.45,48.8163304988202
"23564",2020-12-12,"30","26  day ahead inc hosp",2021-01-07,"quantile",0.5,52.3412760231322
"23565",2020-12-12,"30","26  day ahead inc hosp",2021-01-07,"quantile",0.55,55.8662215474443
"23566",2020-12-12,"30","26  day ahead inc hosp",2021-01-07,"quantile",0.6,59.4479540879941
"23567",2020-12-12,"30","26  day ahead inc hosp",2021-01-07,"quantile",0.65,63.1499589433912
"23568",2020-12-12,"30","26  day ahead inc hosp",2021-01-07,"quantile",0.7,67.0513144436897
"23569",2020-12-12,"30","26  day ahead inc hosp",2021-01-07,"quantile",0.75,71.2614904379121
"23570",2020-12-12,"30","26  day ahead inc hosp",2021-01-07,"quantile",0.8,75.9497210596978
"23571",2020-12-12,"30","26  day ahead inc hosp",2021-01-07,"quantile",0.85,81.4144264307682
"23572",2020-12-12,"30","26  day ahead inc hosp",2021-01-07,"quantile",0.9,88.2902736122752
"23573",2020-12-12,"30","26  day ahead inc hosp",2021-01-07,"quantile",0.95,98.4813149100136
"23574",2020-12-12,"30","26  day ahead inc hosp",2021-01-07,"quantile",0.975,107.320523405266
"23575",2020-12-12,"30","26  day ahead inc hosp",2021-01-07,"quantile",0.99,117.598013530892
"23576",2020-12-12,"30","27  day ahead inc hosp",2021-01-08,"quantile",0.01,0
"23577",2020-12-12,"30","27  day ahead inc hosp",2021-01-08,"quantile",0.025,0
"23578",2020-12-12,"30","27  day ahead inc hosp",2021-01-08,"quantile",0.05,5.2972129050648
"23579",2020-12-12,"30","27  day ahead inc hosp",2021-01-08,"quantile",0.1,15.6879277845988
"23580",2020-12-12,"30","27  day ahead inc hosp",2021-01-08,"quantile",0.15,22.698493783791
"23581",2020-12-12,"30","27  day ahead inc hosp",2021-01-08,"quantile",0.2,28.2702694004841
"23582",2020-12-12,"30","27  day ahead inc hosp",2021-01-08,"quantile",0.25,33.0503567592986
"23583",2020-12-12,"30","27  day ahead inc hosp",2021-01-08,"quantile",0.3,37.3430229423246
"23584",2020-12-12,"30","27  day ahead inc hosp",2021-01-08,"quantile",0.35,41.3208178960454
"23585",2020-12-12,"30","27  day ahead inc hosp",2021-01-08,"quantile",0.4,45.0953563177098
"23586",2020-12-12,"30","27  day ahead inc hosp",2021-01-08,"quantile",0.45,48.7472659230474
"23587",2020-12-12,"30","27  day ahead inc hosp",2021-01-08,"quantile",0.5,52.3412758812981
"23588",2020-12-12,"30","27  day ahead inc hosp",2021-01-08,"quantile",0.55,55.9352858395488
"23589",2020-12-12,"30","27  day ahead inc hosp",2021-01-08,"quantile",0.6,59.5871954448864
"23590",2020-12-12,"30","27  day ahead inc hosp",2021-01-08,"quantile",0.65,63.3617338665508
"23591",2020-12-12,"30","27  day ahead inc hosp",2021-01-08,"quantile",0.7,67.3395288202715
"23592",2020-12-12,"30","27  day ahead inc hosp",2021-01-08,"quantile",0.75,71.6321950032975
"23593",2020-12-12,"30","27  day ahead inc hosp",2021-01-08,"quantile",0.8,76.4122823621121
"23594",2020-12-12,"30","27  day ahead inc hosp",2021-01-08,"quantile",0.85,81.9840579788052
"23595",2020-12-12,"30","27  day ahead inc hosp",2021-01-08,"quantile",0.9,88.9946239779973
"23596",2020-12-12,"30","27  day ahead inc hosp",2021-01-08,"quantile",0.95,99.3853388575313
"23597",2020-12-12,"30","27  day ahead inc hosp",2021-01-08,"quantile",0.975,108.397734406876
"23598",2020-12-12,"30","27  day ahead inc hosp",2021-01-08,"quantile",0.99,118.876591910505
"23599",2020-12-12,"30","28  day ahead inc hosp",2021-01-09,"quantile",0.01,0
"23600",2020-12-12,"30","28  day ahead inc hosp",2021-01-09,"quantile",0.025,0
"23601",2020-12-12,"30","28  day ahead inc hosp",2021-01-09,"quantile",0.05,4.41023634817431
"23602",2020-12-12,"30","28  day ahead inc hosp",2021-01-09,"quantile",0.1,14.9968594711203
"23603",2020-12-12,"30","28  day ahead inc hosp",2021-01-09,"quantile",0.15,22.139603832066
"23604",2020-12-12,"30","28  day ahead inc hosp",2021-01-09,"quantile",0.2,27.8164306205415
"23605",2020-12-12,"30","28  day ahead inc hosp",2021-01-09,"quantile",0.25,32.6866425308117
"23606",2020-12-12,"30","28  day ahead inc hosp",2021-01-09,"quantile",0.3,37.0602433464612
"23607",2020-12-12,"30","28  day ahead inc hosp",2021-01-09,"quantile",0.35,41.1130362989791
"23608",2020-12-12,"30","28  day ahead inc hosp",2021-01-09,"quantile",0.4,44.9587404874316
"23609",2020-12-12,"30","28  day ahead inc hosp",2021-01-09,"quantile",0.45,48.6795037957314
"23610",2020-12-12,"30","28  day ahead inc hosp",2021-01-09,"quantile",0.5,52.3412758074972
"23611",2020-12-12,"30","28  day ahead inc hosp",2021-01-09,"quantile",0.55,56.0030478192629
"23612",2020-12-12,"30","28  day ahead inc hosp",2021-01-09,"quantile",0.6,59.7238111275627
"23613",2020-12-12,"30","28  day ahead inc hosp",2021-01-09,"quantile",0.65,63.5695153160153
"23614",2020-12-12,"30","28  day ahead inc hosp",2021-01-09,"quantile",0.7,67.6223082685331
"23615",2020-12-12,"30","28  day ahead inc hosp",2021-01-09,"quantile",0.75,71.9959090841826
"23616",2020-12-12,"30","28  day ahead inc hosp",2021-01-09,"quantile",0.8,76.8661209944528
"23617",2020-12-12,"30","28  day ahead inc hosp",2021-01-09,"quantile",0.85,82.5429477829283
"23618",2020-12-12,"30","28  day ahead inc hosp",2021-01-09,"quantile",0.9,89.685692143874
"23619",2020-12-12,"30","28  day ahead inc hosp",2021-01-09,"quantile",0.95,100.27231526682
"23620",2020-12-12,"30","28  day ahead inc hosp",2021-01-09,"quantile",0.975,109.454632000749
"23621",2020-12-12,"30","28  day ahead inc hosp",2021-01-09,"quantile",0.99,120.131059603288
"23622",2020-12-12,"30","29  day ahead inc hosp",2021-01-10,"quantile",0.01,0
"23623",2020-12-12,"30","29  day ahead inc hosp",2021-01-10,"quantile",0.025,0
"23624",2020-12-12,"30","29  day ahead inc hosp",2021-01-10,"quantile",0.05,3.54402345857419
"23625",2020-12-12,"30","29  day ahead inc hosp",2021-01-10,"quantile",0.1,14.3229947837163
"23626",2020-12-12,"30","29  day ahead inc hosp",2021-01-10,"quantile",0.15,21.5955155635085
"23627",2020-12-12,"30","29  day ahead inc hosp",2021-01-10,"quantile",0.2,27.3754845356871
"23628",2020-12-12,"30","29  day ahead inc hosp",2021-01-10,"quantile",0.25,32.3341832556202
"23629",2020-12-12,"30","29  day ahead inc hosp",2021-01-10,"quantile",0.3,36.787247961147
"23630",2020-12-12,"30","29  day ahead inc hosp",2021-01-10,"quantile",0.35,40.9136760501231
"23631",2020-12-12,"30","29  day ahead inc hosp",2021-01-10,"quantile",0.4,44.8292527822788
"23632",2020-12-12,"30","29  day ahead inc hosp",2021-01-10,"quantile",0.45,48.6176185852397
"23633",2020-12-12,"30","29  day ahead inc hosp",2021-01-10,"quantile",0.5,52.3459212796542
"23634",2020-12-12,"30","29  day ahead inc hosp",2021-01-10,"quantile",0.55,56.0742239740687
"23635",2020-12-12,"30","29  day ahead inc hosp",2021-01-10,"quantile",0.6,59.8625897770297
"23636",2020-12-12,"30","29  day ahead inc hosp",2021-01-10,"quantile",0.65,63.7781665091854
"23637",2020-12-12,"30","29  day ahead inc hosp",2021-01-10,"quantile",0.7,67.9045945981615
"23638",2020-12-12,"30","29  day ahead inc hosp",2021-01-10,"quantile",0.75,72.3576593036882
"23639",2020-12-12,"30","29  day ahead inc hosp",2021-01-10,"quantile",0.8,77.3163580236214
"23640",2020-12-12,"30","29  day ahead inc hosp",2021-01-10,"quantile",0.85,83.0963269958
"23641",2020-12-12,"30","29  day ahead inc hosp",2021-01-10,"quantile",0.9,90.3688477755922
"23642",2020-12-12,"30","29  day ahead inc hosp",2021-01-10,"quantile",0.95,101.147819100734
"23643",2020-12-12,"30","29  day ahead inc hosp",2021-01-10,"quantile",0.975,110.496969214415
"23644",2020-12-12,"30","29  day ahead inc hosp",2021-01-10,"quantile",0.99,121.36737667544
"23645",2020-12-12,"30","30  day ahead inc hosp",2021-01-11,"quantile",0.01,0
"23646",2020-12-12,"30","30  day ahead inc hosp",2021-01-11,"quantile",0.025,0
"23647",2020-12-12,"30","30  day ahead inc hosp",2021-01-11,"quantile",0.05,2.68843520971232
"23648",2020-12-12,"30","30  day ahead inc hosp",2021-01-11,"quantile",0.1,13.6563819927156
"23649",2020-12-12,"30","30  day ahead inc hosp",2021-01-11,"quantile",0.15,21.0564036167637
"23650",2020-12-12,"30","30  day ahead inc hosp",2021-01-11,"quantile",0.2,26.9377062180979
"23651",2020-12-12,"30","30  day ahead inc hosp",2021-01-11,"quantile",0.25,31.9833401689292
"23652",2020-12-12,"30","30  day ahead inc hosp",2021-01-11,"quantile",0.3,36.5144753986486
"23653",2020-12-12,"30","30  day ahead inc hosp",2021-01-11,"quantile",0.35,40.7132474631233
"23654",2020-12-12,"30","30  day ahead inc hosp",2021-01-11,"quantile",0.4,44.6974715534943
"23655",2020-12-12,"30","30  day ahead inc hosp",2021-01-11,"quantile",0.45,48.552254469978
"23656",2020-12-12,"30","30  day ahead inc hosp",2021-01-11,"quantile",0.5,52.3459212596729
"23657",2020-12-12,"30","30  day ahead inc hosp",2021-01-11,"quantile",0.55,56.1395880493679
"23658",2020-12-12,"30","30  day ahead inc hosp",2021-01-11,"quantile",0.6,59.9943709658516
"23659",2020-12-12,"30","30  day ahead inc hosp",2021-01-11,"quantile",0.65,63.9785950562226
"23660",2020-12-12,"30","30  day ahead inc hosp",2021-01-11,"quantile",0.7,68.1773671206973
"23661",2020-12-12,"30","30  day ahead inc hosp",2021-01-11,"quantile",0.75,72.7085023504167
"23662",2020-12-12,"30","30  day ahead inc hosp",2021-01-11,"quantile",0.8,77.754136301248
"23663",2020-12-12,"30","30  day ahead inc hosp",2021-01-11,"quantile",0.85,83.6354389025822
"23664",2020-12-12,"30","30  day ahead inc hosp",2021-01-11,"quantile",0.9,91.0354605266303
"23665",2020-12-12,"30","30  day ahead inc hosp",2021-01-11,"quantile",0.95,102.003407309634
"23666",2020-12-12,"30","30  day ahead inc hosp",2021-01-11,"quantile",0.975,111.516465450347
"23667",2020-12-12,"30","30  day ahead inc hosp",2021-01-11,"quantile",0.99,122.57745141512
"23668",2020-12-12,"30","31  day ahead inc hosp",2021-01-12,"quantile",0.01,0
"23669",2020-12-12,"30","31  day ahead inc hosp",2021-01-12,"quantile",0.025,0
"23670",2020-12-12,"30","31  day ahead inc hosp",2021-01-12,"quantile",0.05,1.84734095235333
"23671",2020-12-12,"30","31  day ahead inc hosp",2021-01-12,"quantile",0.1,13.0010618788742
"23672",2020-12-12,"30","31  day ahead inc hosp",2021-01-12,"quantile",0.15,20.526424435589
"23673",2020-12-12,"30","31  day ahead inc hosp",2021-01-12,"quantile",0.2,26.5073440368182
"23674",2020-12-12,"30","31  day ahead inc hosp",2021-01-12,"quantile",0.25,31.6384405034935
"23675",2020-12-12,"30","31  day ahead inc hosp",2021-01-12,"quantile",0.3,36.246323713771
"23676",2020-12-12,"30","31  day ahead inc hosp",2021-01-12,"quantile",0.35,40.5162142199682
"23677",2020-12-12,"30","31  day ahead inc hosp",2021-01-12,"quantile",0.4,44.5679227568464
"23678",2020-12-12,"30","31  day ahead inc hosp",2021-01-12,"quantile",0.45,48.4879976563169
"23679",2020-12-12,"30","31  day ahead inc hosp",2021-01-12,"quantile",0.5,52.345921249276
"23680",2020-12-12,"30","31  day ahead inc hosp",2021-01-12,"quantile",0.55,56.2038448422351
"23681",2020-12-12,"30","31  day ahead inc hosp",2021-01-12,"quantile",0.6,60.1239197417056
"23682",2020-12-12,"30","31  day ahead inc hosp",2021-01-12,"quantile",0.65,64.1756282785838
"23683",2020-12-12,"30","31  day ahead inc hosp",2021-01-12,"quantile",0.7,68.4455187847811
"23684",2020-12-12,"30","31  day ahead inc hosp",2021-01-12,"quantile",0.75,73.0534019950586
"23685",2020-12-12,"30","31  day ahead inc hosp",2021-01-12,"quantile",0.8,78.1844984617339
"23686",2020-12-12,"30","31  day ahead inc hosp",2021-01-12,"quantile",0.85,84.165418062963
"23687",2020-12-12,"30","31  day ahead inc hosp",2021-01-12,"quantile",0.9,91.6907806196779
"23688",2020-12-12,"30","31  day ahead inc hosp",2021-01-12,"quantile",0.95,102.844501546199
"23689",2020-12-12,"30","31  day ahead inc hosp",2021-01-12,"quantile",0.975,112.518691051177
"23690",2020-12-12,"30","31  day ahead inc hosp",2021-01-12,"quantile",0.99,123.767027049162
"23691",2020-12-12,"30","32  day ahead inc hosp",2021-01-13,"quantile",0.01,0
"23692",2020-12-12,"30","32  day ahead inc hosp",2021-01-13,"quantile",0.025,0
"23693",2020-12-12,"30","32  day ahead inc hosp",2021-01-13,"quantile",0.05,1.02002813030592
"23694",2020-12-12,"30","32  day ahead inc hosp",2021-01-13,"quantile",0.1,12.3564792686754
"23695",2020-12-12,"30","32  day ahead inc hosp",2021-01-13,"quantile",0.15,20.0051290318108
"23696",2020-12-12,"30","32  day ahead inc hosp",2021-01-13,"quantile",0.2,26.0840333964191
"23697",2020-12-12,"30","32  day ahead inc hosp",2021-01-13,"quantile",0.25,31.2991920653449
"23698",2020-12-12,"30","32  day ahead inc hosp",2021-01-13,"quantile",0.3,35.982565731295
"23699",2020-12-12,"30","32  day ahead inc hosp",2021-01-13,"quantile",0.35,40.3224093949997
"23700",2020-12-12,"30","32  day ahead inc hosp",2021-01-13,"quantile",0.4,44.4404966376183
"23701",2020-12-12,"30","32  day ahead inc hosp",2021-01-13,"quantile",0.45,48.4247937030872
"23702",2020-12-12,"30","32  day ahead inc hosp",2021-01-13,"quantile",0.5,52.3459212438662
"23703",2020-12-12,"30","32  day ahead inc hosp",2021-01-13,"quantile",0.55,56.2670487846451
"23704",2020-12-12,"30","32  day ahead inc hosp",2021-01-13,"quantile",0.6,60.251345850114
"23705",2020-12-12,"30","32  day ahead inc hosp",2021-01-13,"quantile",0.65,64.3694330927326
"23706",2020-12-12,"30","32  day ahead inc hosp",2021-01-13,"quantile",0.7,68.7092767564374
"23707",2020-12-12,"30","32  day ahead inc hosp",2021-01-13,"quantile",0.75,73.3926504223874
"23708",2020-12-12,"30","32  day ahead inc hosp",2021-01-13,"quantile",0.8,78.6078090913133
"23709",2020-12-12,"30","32  day ahead inc hosp",2021-01-13,"quantile",0.85,84.6867134559216
"23710",2020-12-12,"30","32  day ahead inc hosp",2021-01-13,"quantile",0.9,92.335363219057
"23711",2020-12-12,"30","32  day ahead inc hosp",2021-01-13,"quantile",0.95,103.671814357426
"23712",2020-12-12,"30","32  day ahead inc hosp",2021-01-13,"quantile",0.975,113.5044950699
"23713",2020-12-12,"30","32  day ahead inc hosp",2021-01-13,"quantile",0.99,124.937111348286
"23714",2020-12-12,"30","33  day ahead inc hosp",2021-01-14,"quantile",0.01,0
"23715",2020-12-12,"30","33  day ahead inc hosp",2021-01-14,"quantile",0.025,0
"23716",2020-12-12,"30","33  day ahead inc hosp",2021-01-14,"quantile",0.05,0.205840725509042
"23717",2020-12-12,"30","33  day ahead inc hosp",2021-01-14,"quantile",0.1,11.7221230395314
"23718",2020-12-12,"30","33  day ahead inc hosp",2021-01-14,"quantile",0.15,19.4921040431293
"23719",2020-12-12,"30","33  day ahead inc hosp",2021-01-14,"quantile",0.2,25.6674386313787
"23720",2020-12-12,"30","33  day ahead inc hosp",2021-01-14,"quantile",0.25,30.9653258458786
"23721",2020-12-12,"30","33  day ahead inc hosp",2021-01-14,"quantile",0.3,35.7229923025874
"23722",2020-12-12,"30","33  day ahead inc hosp",2021-01-14,"quantile",0.35,40.1316793087692
"23723",2020-12-12,"30","33  day ahead inc hosp",2021-01-14,"quantile",0.4,44.3150921511935
"23724",2020-12-12,"30","33  day ahead inc hosp",2021-01-14,"quantile",0.45,48.3625924904813
"23725",2020-12-12,"30","33  day ahead inc hosp",2021-01-14,"quantile",0.5,52.3459212410513
"23726",2020-12-12,"30","33  day ahead inc hosp",2021-01-14,"quantile",0.55,56.3292499916212
"23727",2020-12-12,"30","33  day ahead inc hosp",2021-01-14,"quantile",0.6,60.3767503309091
"23728",2020-12-12,"30","33  day ahead inc hosp",2021-01-14,"quantile",0.65,64.5601631733333
"23729",2020-12-12,"30","33  day ahead inc hosp",2021-01-14,"quantile",0.7,68.9688501795151
"23730",2020-12-12,"30","33  day ahead inc hosp",2021-01-14,"quantile",0.75,73.7265166362239
"23731",2020-12-12,"30","33  day ahead inc hosp",2021-01-14,"quantile",0.8,79.0244038507239
"23732",2020-12-12,"30","33  day ahead inc hosp",2021-01-14,"quantile",0.85,85.1997384389732
"23733",2020-12-12,"30","33  day ahead inc hosp",2021-01-14,"quantile",0.9,92.9697194425712
"23734",2020-12-12,"30","33  day ahead inc hosp",2021-01-14,"quantile",0.95,104.486001756593
"23735",2020-12-12,"30","33  day ahead inc hosp",2021-01-14,"quantile",0.975,114.474659195007
"23736",2020-12-12,"30","33  day ahead inc hosp",2021-01-14,"quantile",0.99,126.088632125579
"23737",2020-12-12,"30","34  day ahead inc hosp",2021-01-15,"quantile",0.01,0
"23738",2020-12-12,"30","34  day ahead inc hosp",2021-01-15,"quantile",0.025,0
"23739",2020-12-12,"30","34  day ahead inc hosp",2021-01-15,"quantile",0.05,0
"23740",2020-12-12,"30","34  day ahead inc hosp",2021-01-15,"quantile",0.1,11.0975213765246
"23741",2020-12-12,"30","34  day ahead inc hosp",2021-01-15,"quantile",0.15,18.986967896885
"23742",2020-12-12,"30","34  day ahead inc hosp",2021-01-15,"quantile",0.2,25.2572498907232
"23743",2020-12-12,"30","34  day ahead inc hosp",2021-01-15,"quantile",0.25,30.636593524941
"23744",2020-12-12,"30","34  day ahead inc hosp",2021-01-15,"quantile",0.3,35.467410364073
"23745",2020-12-12,"30","34  day ahead inc hosp",2021-01-15,"quantile",0.35,39.9438821011562
"23746",2020-12-12,"30","34  day ahead inc hosp",2021-01-15,"quantile",0.4,44.1916160245225
"23747",2020-12-12,"30","34  day ahead inc hosp",2021-01-15,"quantile",0.45,48.3013477540036
"23748",2020-12-12,"30","34  day ahead inc hosp",2021-01-15,"quantile",0.5,52.3459212395866
"23749",2020-12-12,"30","34  day ahead inc hosp",2021-01-15,"quantile",0.55,56.3904947251695
"23750",2020-12-12,"30","34  day ahead inc hosp",2021-01-15,"quantile",0.6,60.5002264546506
"23751",2020-12-12,"30","34  day ahead inc hosp",2021-01-15,"quantile",0.65,64.747960378017
"23752",2020-12-12,"30","34  day ahead inc hosp",2021-01-15,"quantile",0.7,69.2244321151001
"23753",2020-12-12,"30","34  day ahead inc hosp",2021-01-15,"quantile",0.75,74.0552489542321
"23754",2020-12-12,"30","34  day ahead inc hosp",2021-01-15,"quantile",0.8,79.43459258845
"23755",2020-12-12,"30","34  day ahead inc hosp",2021-01-15,"quantile",0.85,85.7048745822881
"23756",2020-12-12,"30","34  day ahead inc hosp",2021-01-15,"quantile",0.9,93.5943211026485
"23757",2020-12-12,"30","34  day ahead inc hosp",2021-01-15,"quantile",0.95,105.287669308748
"23758",2020-12-12,"30","34  day ahead inc hosp",2021-01-15,"quantile",0.975,115.429905001998
"23759",2020-12-12,"30","34  day ahead inc hosp",2021-01-15,"quantile",0.99,127.222445843763
"23760",2020-12-12,"30","35  day ahead inc hosp",2021-01-16,"quantile",0.01,0
"23761",2020-12-12,"30","35  day ahead inc hosp",2021-01-16,"quantile",0.025,0
"23762",2020-12-12,"30","35  day ahead inc hosp",2021-01-16,"quantile",0.05,0
"23763",2020-12-12,"30","35  day ahead inc hosp",2021-01-16,"quantile",0.1,10.4822376662109
"23764",2020-12-12,"30","35  day ahead inc hosp",2021-01-16,"quantile",0.15,18.4893674891351
"23765",2020-12-12,"30","35  day ahead inc hosp",2021-01-16,"quantile",0.2,24.8531804412144
"23766",2020-12-12,"30","35  day ahead inc hosp",2021-01-16,"quantile",0.25,30.3127653094486
"23767",2020-12-12,"30","35  day ahead inc hosp",2021-01-16,"quantile",0.3,35.2156412566869
"23768",2020-12-12,"30","35  day ahead inc hosp",2021-01-16,"quantile",0.35,39.7588864963844
"23769",2020-12-12,"30","35  day ahead inc hosp",2021-01-16,"quantile",0.4,44.0699819439368
"23770",2020-12-12,"30","35  day ahead inc hosp",2021-01-16,"quantile",0.45,48.2410166813448
"23771",2020-12-12,"30","35  day ahead inc hosp",2021-01-16,"quantile",0.5,52.3459212388244
"23772",2020-12-12,"30","35  day ahead inc hosp",2021-01-16,"quantile",0.55,56.4508257963041
"23773",2020-12-12,"30","35  day ahead inc hosp",2021-01-16,"quantile",0.6,60.6218605337121
"23774",2020-12-12,"30","35  day ahead inc hosp",2021-01-16,"quantile",0.65,64.9329559812644
"23775",2020-12-12,"30","35  day ahead inc hosp",2021-01-16,"quantile",0.7,69.476201220962
"23776",2020-12-12,"30","35  day ahead inc hosp",2021-01-16,"quantile",0.75,74.3790771682003
"23777",2020-12-12,"30","35  day ahead inc hosp",2021-01-16,"quantile",0.8,79.8386620364345
"23778",2020-12-12,"30","35  day ahead inc hosp",2021-01-16,"quantile",0.85,86.2024749885138
"23779",2020-12-12,"30","35  day ahead inc hosp",2021-01-16,"quantile",0.9,94.2096048114379
"23780",2020-12-12,"30","35  day ahead inc hosp",2021-01-16,"quantile",0.95,106.077377399701
"23781",2020-12-12,"30","35  day ahead inc hosp",2021-01-16,"quantile",0.975,116.370900231875
"23782",2020-12-12,"30","35  day ahead inc hosp",2021-01-16,"quantile",0.99,128.339345067449
"23783",2020-12-12,"30","36  day ahead inc hosp",2021-01-17,"quantile",0.01,0
"23784",2020-12-12,"30","36  day ahead inc hosp",2021-01-17,"quantile",0.025,0
"23785",2020-12-12,"30","36  day ahead inc hosp",2021-01-17,"quantile",0.05,0
"23786",2020-12-12,"30","36  day ahead inc hosp",2021-01-17,"quantile",0.1,9.87586693203787
"23787",2020-12-12,"30","36  day ahead inc hosp",2021-01-17,"quantile",0.15,17.9989753029653
"23788",2020-12-12,"30","36  day ahead inc hosp",2021-01-17,"quantile",0.2,24.4549643284027
"23789",2020-12-12,"30","36  day ahead inc hosp",2021-01-17,"quantile",0.25,29.9936280600651
"23790",2020-12-12,"30","36  day ahead inc hosp",2021-01-17,"quantile",0.3,34.9675192706969
"23791",2020-12-12,"30","36  day ahead inc hosp",2021-01-17,"quantile",0.35,39.5765707353184
"23792",2020-12-12,"30","36  day ahead inc hosp",2021-01-17,"quantile",0.4,43.9501098551188
"23793",2020-12-12,"30","36  day ahead inc hosp",2021-01-17,"quantile",0.45,48.1815595680816
"23794",2020-12-12,"30","36  day ahead inc hosp",2021-01-17,"quantile",0.5,52.3459212445036
"23795",2020-12-12,"30","36  day ahead inc hosp",2021-01-17,"quantile",0.55,56.5102829209256
"23796",2020-12-12,"30","36  day ahead inc hosp",2021-01-17,"quantile",0.6,60.7417326338884
"23797",2020-12-12,"30","36  day ahead inc hosp",2021-01-17,"quantile",0.65,65.1152717536888
"23798",2020-12-12,"30","36  day ahead inc hosp",2021-01-17,"quantile",0.7,69.7243232183103
"23799",2020-12-12,"30","36  day ahead inc hosp",2021-01-17,"quantile",0.75,74.6982144289421
"23800",2020-12-12,"30","36  day ahead inc hosp",2021-01-17,"quantile",0.8,80.2368781606045
"23801",2020-12-12,"30","36  day ahead inc hosp",2021-01-17,"quantile",0.85,86.6928671860419
"23802",2020-12-12,"30","36  day ahead inc hosp",2021-01-17,"quantile",0.9,94.8159755569694
"23803",2020-12-12,"30","36  day ahead inc hosp",2021-01-17,"quantile",0.95,106.855645824333
"23804",2020-12-12,"30","36  day ahead inc hosp",2021-01-17,"quantile",0.975,117.298264257342
"23805",2020-12-12,"30","36  day ahead inc hosp",2021-01-17,"quantile",0.99,129.440064950081
"23806",2020-12-12,"30","37  day ahead inc hosp",2021-01-18,"quantile",0.01,0
"23807",2020-12-12,"30","37  day ahead inc hosp",2021-01-18,"quantile",0.025,0
"23808",2020-12-12,"30","37  day ahead inc hosp",2021-01-18,"quantile",0.05,0
"23809",2020-12-12,"30","37  day ahead inc hosp",2021-01-18,"quantile",0.1,9.27803269196851
"23810",2020-12-12,"30","37  day ahead inc hosp",2021-01-18,"quantile",0.15,17.5154868624687
"23811",2020-12-12,"30","37  day ahead inc hosp",2021-01-18,"quantile",0.2,24.062354304571
"23812",2020-12-12,"30","37  day ahead inc hosp",2021-01-18,"quantile",0.25,29.6789836257642
"23813",2020-12-12,"30","37  day ahead inc hosp",2021-01-18,"quantile",0.3,34.7228903454224
"23814",2020-12-12,"30","37  day ahead inc hosp",2021-01-18,"quantile",0.35,39.3968216135537
"23815",2020-12-12,"30","37  day ahead inc hosp",2021-01-18,"quantile",0.4,43.831925322275
"23816",2020-12-12,"30","37  day ahead inc hosp",2021-01-18,"quantile",0.45,48.1229394875
"23817",2020-12-12,"30","37  day ahead inc hosp",2021-01-18,"quantile",0.5,52.3459212442973
"23818",2020-12-12,"30","37  day ahead inc hosp",2021-01-18,"quantile",0.55,56.5689030010946
"23819",2020-12-12,"30","37  day ahead inc hosp",2021-01-18,"quantile",0.6,60.8599171663195
"23820",2020-12-12,"30","37  day ahead inc hosp",2021-01-18,"quantile",0.65,65.2950208750409
"23821",2020-12-12,"30","37  day ahead inc hosp",2021-01-18,"quantile",0.7,69.9689521431721
"23822",2020-12-12,"30","37  day ahead inc hosp",2021-01-18,"quantile",0.75,75.0128588628304
"23823",2020-12-12,"30","37  day ahead inc hosp",2021-01-18,"quantile",0.8,80.6294881840236
"23824",2020-12-12,"30","37  day ahead inc hosp",2021-01-18,"quantile",0.85,87.1763556261258
"23825",2020-12-12,"30","37  day ahead inc hosp",2021-01-18,"quantile",0.9,95.413809796626
"23826",2020-12-12,"30","37  day ahead inc hosp",2021-01-18,"quantile",0.95,107.62295776396
"23827",2020-12-12,"30","37  day ahead inc hosp",2021-01-18,"quantile",0.975,118.212572826809
"23828",2020-12-12,"30","37  day ahead inc hosp",2021-01-18,"quantile",0.99,130.525288869322
"23829",2020-12-12,"31","1  day ahead inc hosp",2020-12-13,"quantile",0.01,36.3709430975578
"23830",2020-12-12,"31","1  day ahead inc hosp",2020-12-13,"quantile",0.025,40.500559817772
"23831",2020-12-12,"31","1  day ahead inc hosp",2020-12-13,"quantile",0.05,44.0522580193046
"23832",2020-12-12,"31","1  day ahead inc hosp",2020-12-13,"quantile",0.1,48.1471385811063
"23833",2020-12-12,"31","1  day ahead inc hosp",2020-12-13,"quantile",0.15,50.9099350556648
"23834",2020-12-12,"31","1  day ahead inc hosp",2020-12-13,"quantile",0.2,53.1057181112134
"23835",2020-12-12,"31","1  day ahead inc hosp",2020-12-13,"quantile",0.25,54.9895044566435
"23836",2020-12-12,"31","1  day ahead inc hosp",2020-12-13,"quantile",0.3,56.6812028157043
"23837",2020-12-12,"31","1  day ahead inc hosp",2020-12-13,"quantile",0.35,58.2488134588283
"23838",2020-12-12,"31","1  day ahead inc hosp",2020-12-13,"quantile",0.4,59.7363226621739
"23839",2020-12-12,"31","1  day ahead inc hosp",2020-12-13,"quantile",0.45,61.1755050312145
"23840",2020-12-12,"31","1  day ahead inc hosp",2020-12-13,"quantile",0.5,62.5918697075228
"23841",2020-12-12,"31","1  day ahead inc hosp",2020-12-13,"quantile",0.55,64.008234383831
"23842",2020-12-12,"31","1  day ahead inc hosp",2020-12-13,"quantile",0.6,65.4474167528717
"23843",2020-12-12,"31","1  day ahead inc hosp",2020-12-13,"quantile",0.65,66.9349259562173
"23844",2020-12-12,"31","1  day ahead inc hosp",2020-12-13,"quantile",0.7,68.5025365993413
"23845",2020-12-12,"31","1  day ahead inc hosp",2020-12-13,"quantile",0.75,70.1942349584021
"23846",2020-12-12,"31","1  day ahead inc hosp",2020-12-13,"quantile",0.8,72.0780213038322
"23847",2020-12-12,"31","1  day ahead inc hosp",2020-12-13,"quantile",0.85,74.2738043593808
"23848",2020-12-12,"31","1  day ahead inc hosp",2020-12-13,"quantile",0.9,77.0366008339393
"23849",2020-12-12,"31","1  day ahead inc hosp",2020-12-13,"quantile",0.95,81.131481395741
"23850",2020-12-12,"31","1  day ahead inc hosp",2020-12-13,"quantile",0.975,84.6831795972736
"23851",2020-12-12,"31","1  day ahead inc hosp",2020-12-13,"quantile",0.99,88.8127963174877
"23852",2020-12-12,"31","2  day ahead inc hosp",2020-12-14,"quantile",0.01,31.9406453259354
"23853",2020-12-12,"31","2  day ahead inc hosp",2020-12-14,"quantile",0.025,36.8059175311947
"23854",2020-12-12,"31","2  day ahead inc hosp",2020-12-14,"quantile",0.05,40.9903200344105
"23855",2020-12-12,"31","2  day ahead inc hosp",2020-12-14,"quantile",0.1,45.8146681352089
"23856",2020-12-12,"31","2  day ahead inc hosp",2020-12-14,"quantile",0.15,49.0696328951737
"23857",2020-12-12,"31","2  day ahead inc hosp",2020-12-14,"quantile",0.2,51.6565757019109
"23858",2020-12-12,"31","2  day ahead inc hosp",2020-12-14,"quantile",0.25,53.8759422843363
"23859",2020-12-12,"31","2  day ahead inc hosp",2020-12-14,"quantile",0.3,55.869002067762
"23860",2020-12-12,"31","2  day ahead inc hosp",2020-12-14,"quantile",0.35,57.7158689823904
"23861",2020-12-12,"31","2  day ahead inc hosp",2020-12-14,"quantile",0.4,59.4683650788634
"23862",2020-12-12,"31","2  day ahead inc hosp",2020-12-14,"quantile",0.45,61.1639253336731
"23863",2020-12-12,"31","2  day ahead inc hosp",2020-12-14,"quantile",0.5,62.8326031212322
"23864",2020-12-12,"31","2  day ahead inc hosp",2020-12-14,"quantile",0.55,64.5012809087912
"23865",2020-12-12,"31","2  day ahead inc hosp",2020-12-14,"quantile",0.6,66.1968411636009
"23866",2020-12-12,"31","2  day ahead inc hosp",2020-12-14,"quantile",0.65,67.9493372600739
"23867",2020-12-12,"31","2  day ahead inc hosp",2020-12-14,"quantile",0.7,69.7962041747023
"23868",2020-12-12,"31","2  day ahead inc hosp",2020-12-14,"quantile",0.75,71.789263958128
"23869",2020-12-12,"31","2  day ahead inc hosp",2020-12-14,"quantile",0.8,74.0086305405534
"23870",2020-12-12,"31","2  day ahead inc hosp",2020-12-14,"quantile",0.85,76.5955733472906
"23871",2020-12-12,"31","2  day ahead inc hosp",2020-12-14,"quantile",0.9,79.8505381072554
"23872",2020-12-12,"31","2  day ahead inc hosp",2020-12-14,"quantile",0.95,84.6748862080538
"23873",2020-12-12,"31","2  day ahead inc hosp",2020-12-14,"quantile",0.975,88.8592887112696
"23874",2020-12-12,"31","2  day ahead inc hosp",2020-12-14,"quantile",0.99,93.7245609165289
"23875",2020-12-12,"31","3  day ahead inc hosp",2020-12-15,"quantile",0.01,32.7712982024668
"23876",2020-12-12,"31","3  day ahead inc hosp",2020-12-15,"quantile",0.025,37.8732953570396
"23877",2020-12-12,"31","3  day ahead inc hosp",2020-12-15,"quantile",0.05,42.2612943762757
"23878",2020-12-12,"31","3  day ahead inc hosp",2020-12-15,"quantile",0.1,47.3203762209328
"23879",2020-12-12,"31","3  day ahead inc hosp",2020-12-15,"quantile",0.15,50.733714723478
"23880",2020-12-12,"31","3  day ahead inc hosp",2020-12-15,"quantile",0.2,53.4465279602684
"23881",2020-12-12,"31","3  day ahead inc hosp",2020-12-15,"quantile",0.25,55.7738801639638
"23882",2020-12-12,"31","3  day ahead inc hosp",2020-12-15,"quantile",0.3,57.8639143727259
"23883",2020-12-12,"31","3  day ahead inc hosp",2020-12-15,"quantile",0.35,59.8006425445069
"23884",2020-12-12,"31","3  day ahead inc hosp",2020-12-15,"quantile",0.4,61.6384081864662
"23885",2020-12-12,"31","3  day ahead inc hosp",2020-12-15,"quantile",0.45,63.4164677133503
"23886",2020-12-12,"31","3  day ahead inc hosp",2020-12-15,"quantile",0.5,65.1663367781936
"23887",2020-12-12,"31","3  day ahead inc hosp",2020-12-15,"quantile",0.55,66.9162058430368
"23888",2020-12-12,"31","3  day ahead inc hosp",2020-12-15,"quantile",0.6,68.694265369921
"23889",2020-12-12,"31","3  day ahead inc hosp",2020-12-15,"quantile",0.65,70.5320310118802
"23890",2020-12-12,"31","3  day ahead inc hosp",2020-12-15,"quantile",0.7,72.4687591836612
"23891",2020-12-12,"31","3  day ahead inc hosp",2020-12-15,"quantile",0.75,74.5587933924234
"23892",2020-12-12,"31","3  day ahead inc hosp",2020-12-15,"quantile",0.8,76.8861455961188
"23893",2020-12-12,"31","3  day ahead inc hosp",2020-12-15,"quantile",0.85,79.5989588329092
"23894",2020-12-12,"31","3  day ahead inc hosp",2020-12-15,"quantile",0.9,83.0122973354544
"23895",2020-12-12,"31","3  day ahead inc hosp",2020-12-15,"quantile",0.95,88.0713791801115
"23896",2020-12-12,"31","3  day ahead inc hosp",2020-12-15,"quantile",0.975,92.4593781993476
"23897",2020-12-12,"31","3  day ahead inc hosp",2020-12-15,"quantile",0.99,97.5613753539204
"23898",2020-12-12,"31","4  day ahead inc hosp",2020-12-16,"quantile",0.01,34.6501542281653
"23899",2020-12-12,"31","4  day ahead inc hosp",2020-12-16,"quantile",0.025,39.8928610722799
"23900",2020-12-12,"31","4  day ahead inc hosp",2020-12-16,"quantile",0.05,44.4018781871754
"23901",2020-12-12,"31","4  day ahead inc hosp",2020-12-16,"quantile",0.1,49.6004861456584
"23902",2020-12-12,"31","4  day ahead inc hosp",2020-12-16,"quantile",0.15,53.1079622548002
"23903",2020-12-12,"31","4  day ahead inc hosp",2020-12-16,"quantile",0.2,55.8955930770907
"23904",2020-12-12,"31","4  day ahead inc hosp",2020-12-16,"quantile",0.25,58.287132107261
"23905",2020-12-12,"31","4  day ahead inc hosp",2020-12-16,"quantile",0.3,60.434808069975
"23906",2020-12-12,"31","4  day ahead inc hosp",2020-12-16,"quantile",0.35,62.4249499171309
"23907",2020-12-12,"31","4  day ahead inc hosp",2020-12-16,"quantile",0.4,64.3133999136863
"23908",2020-12-12,"31","4  day ahead inc hosp",2020-12-16,"quantile",0.45,66.1404971402074
"23909",2020-12-12,"31","4  day ahead inc hosp",2020-12-16,"quantile",0.5,67.9386264304865
"23910",2020-12-12,"31","4  day ahead inc hosp",2020-12-16,"quantile",0.55,69.7367557207656
"23911",2020-12-12,"31","4  day ahead inc hosp",2020-12-16,"quantile",0.6,71.5638529472867
"23912",2020-12-12,"31","4  day ahead inc hosp",2020-12-16,"quantile",0.65,73.4523029438421
"23913",2020-12-12,"31","4  day ahead inc hosp",2020-12-16,"quantile",0.7,75.4424447909981
"23914",2020-12-12,"31","4  day ahead inc hosp",2020-12-16,"quantile",0.75,77.590120753712
"23915",2020-12-12,"31","4  day ahead inc hosp",2020-12-16,"quantile",0.8,79.9816597838823
"23916",2020-12-12,"31","4  day ahead inc hosp",2020-12-16,"quantile",0.85,82.7692906061729
"23917",2020-12-12,"31","4  day ahead inc hosp",2020-12-16,"quantile",0.9,86.2767667153147
"23918",2020-12-12,"31","4  day ahead inc hosp",2020-12-16,"quantile",0.95,91.4753746737976
"23919",2020-12-12,"31","4  day ahead inc hosp",2020-12-16,"quantile",0.975,95.9843917886932
"23920",2020-12-12,"31","4  day ahead inc hosp",2020-12-16,"quantile",0.99,101.227098632808
"23921",2020-12-12,"31","5  day ahead inc hosp",2020-12-17,"quantile",0.01,35.4411806701789
"23922",2020-12-12,"31","5  day ahead inc hosp",2020-12-17,"quantile",0.025,40.8775133246004
"23923",2020-12-12,"31","5  day ahead inc hosp",2020-12-17,"quantile",0.05,45.5530593182829
"23924",2020-12-12,"31","5  day ahead inc hosp",2020-12-17,"quantile",0.1,50.9436644088502
"23925",2020-12-12,"31","5  day ahead inc hosp",2020-12-17,"quantile",0.15,54.580680071501
"23926",2020-12-12,"31","5  day ahead inc hosp",2020-12-17,"quantile",0.2,57.471264824433
"23927",2020-12-12,"31","5  day ahead inc hosp",2020-12-17,"quantile",0.25,59.9511291599018
"23928",2020-12-12,"31","5  day ahead inc hosp",2020-12-17,"quantile",0.3,62.1781239765822
"23929",2020-12-12,"31","5  day ahead inc hosp",2020-12-17,"quantile",0.35,64.2417665628103
"23930",2020-12-12,"31","5  day ahead inc hosp",2020-12-17,"quantile",0.4,66.1999615730923
"23931",2020-12-12,"31","5  day ahead inc hosp",2020-12-17,"quantile",0.45,68.0945379075463
"23932",2020-12-12,"31","5  day ahead inc hosp",2020-12-17,"quantile",0.5,69.9590764499959
"23933",2020-12-12,"31","5  day ahead inc hosp",2020-12-17,"quantile",0.55,71.8236149924456
"23934",2020-12-12,"31","5  day ahead inc hosp",2020-12-17,"quantile",0.6,73.7181913268996
"23935",2020-12-12,"31","5  day ahead inc hosp",2020-12-17,"quantile",0.65,75.6763863371815
"23936",2020-12-12,"31","5  day ahead inc hosp",2020-12-17,"quantile",0.7,77.7400289234096
"23937",2020-12-12,"31","5  day ahead inc hosp",2020-12-17,"quantile",0.75,79.96702374009
"23938",2020-12-12,"31","5  day ahead inc hosp",2020-12-17,"quantile",0.8,82.4468880755589
"23939",2020-12-12,"31","5  day ahead inc hosp",2020-12-17,"quantile",0.85,85.3374728284909
"23940",2020-12-12,"31","5  day ahead inc hosp",2020-12-17,"quantile",0.9,88.9744884911416
"23941",2020-12-12,"31","5  day ahead inc hosp",2020-12-17,"quantile",0.95,94.365093581709
"23942",2020-12-12,"31","5  day ahead inc hosp",2020-12-17,"quantile",0.975,99.0406395753915
"23943",2020-12-12,"31","5  day ahead inc hosp",2020-12-17,"quantile",0.99,104.476972229813
"23944",2020-12-12,"31","6  day ahead inc hosp",2020-12-18,"quantile",0.01,34.1313419259352
"23945",2020-12-12,"31","6  day ahead inc hosp",2020-12-18,"quantile",0.025,39.9009881586475
"23946",2020-12-12,"31","6  day ahead inc hosp",2020-12-18,"quantile",0.05,44.8632022178595
"23947",2020-12-12,"31","6  day ahead inc hosp",2020-12-18,"quantile",0.1,50.5843172286445
"23948",2020-12-12,"31","6  day ahead inc hosp",2020-12-18,"quantile",0.15,54.4443263653668
"23949",2020-12-12,"31","6  day ahead inc hosp",2020-12-18,"quantile",0.2,57.5121392624538
"23950",2020-12-12,"31","6  day ahead inc hosp",2020-12-18,"quantile",0.25,60.1440495649146
"23951",2020-12-12,"31","6  day ahead inc hosp",2020-12-18,"quantile",0.3,62.5075863591318
"23952",2020-12-12,"31","6  day ahead inc hosp",2020-12-18,"quantile",0.35,64.6977554363703
"23953",2020-12-12,"31","6  day ahead inc hosp",2020-12-18,"quantile",0.4,66.7760117135686
"23954",2020-12-12,"31","6  day ahead inc hosp",2020-12-18,"quantile",0.45,68.7867487132218
"23955",2020-12-12,"31","6  day ahead inc hosp",2020-12-18,"quantile",0.5,70.7656062374099
"23956",2020-12-12,"31","6  day ahead inc hosp",2020-12-18,"quantile",0.55,72.744463761598
"23957",2020-12-12,"31","6  day ahead inc hosp",2020-12-18,"quantile",0.6,74.7552007612513
"23958",2020-12-12,"31","6  day ahead inc hosp",2020-12-18,"quantile",0.65,76.8334570384495
"23959",2020-12-12,"31","6  day ahead inc hosp",2020-12-18,"quantile",0.7,79.023626115688
"23960",2020-12-12,"31","6  day ahead inc hosp",2020-12-18,"quantile",0.75,81.3871629099052
"23961",2020-12-12,"31","6  day ahead inc hosp",2020-12-18,"quantile",0.8,84.019073212366
"23962",2020-12-12,"31","6  day ahead inc hosp",2020-12-18,"quantile",0.85,87.086886109453
"23963",2020-12-12,"31","6  day ahead inc hosp",2020-12-18,"quantile",0.9,90.9468952461753
"23964",2020-12-12,"31","6  day ahead inc hosp",2020-12-18,"quantile",0.95,96.6680102569603
"23965",2020-12-12,"31","6  day ahead inc hosp",2020-12-18,"quantile",0.975,101.630224316172
"23966",2020-12-12,"31","6  day ahead inc hosp",2020-12-18,"quantile",0.99,107.399870548885
"23967",2020-12-12,"31","7  day ahead inc hosp",2020-12-19,"quantile",0.01,30.8224392141651
"23968",2020-12-12,"31","7  day ahead inc hosp",2020-12-19,"quantile",0.025,37.0744671958464
"23969",2020-12-12,"31","7  day ahead inc hosp",2020-12-19,"quantile",0.05,42.4515561711442
"23970",2020-12-12,"31","7  day ahead inc hosp",2020-12-19,"quantile",0.1,48.6509953899731
"23971",2020-12-12,"31","7  day ahead inc hosp",2020-12-19,"quantile",0.15,52.8337275990132
"23972",2020-12-12,"31","7  day ahead inc hosp",2020-12-19,"quantile",0.2,56.158030563449
"23973",2020-12-12,"31","7  day ahead inc hosp",2020-12-19,"quantile",0.25,59.0099865053863
"23974",2020-12-12,"31","7  day ahead inc hosp",2020-12-19,"quantile",0.3,61.5711310846498
"23975",2020-12-12,"31","7  day ahead inc hosp",2020-12-19,"quantile",0.35,63.9444132241807
"23976",2020-12-12,"31","7  day ahead inc hosp",2020-12-19,"quantile",0.4,66.1964258908291
"23977",2020-12-12,"31","7  day ahead inc hosp",2020-12-19,"quantile",0.45,68.3752742081417
"23978",2020-12-12,"31","7  day ahead inc hosp",2020-12-19,"quantile",0.5,70.5195777085608
"23979",2020-12-12,"31","7  day ahead inc hosp",2020-12-19,"quantile",0.55,72.6638812089798
"23980",2020-12-12,"31","7  day ahead inc hosp",2020-12-19,"quantile",0.6,74.8427295262924
"23981",2020-12-12,"31","7  day ahead inc hosp",2020-12-19,"quantile",0.65,77.0947421929408
"23982",2020-12-12,"31","7  day ahead inc hosp",2020-12-19,"quantile",0.7,79.4680243324717
"23983",2020-12-12,"31","7  day ahead inc hosp",2020-12-19,"quantile",0.75,82.0291689117353
"23984",2020-12-12,"31","7  day ahead inc hosp",2020-12-19,"quantile",0.8,84.8811248536726
"23985",2020-12-12,"31","7  day ahead inc hosp",2020-12-19,"quantile",0.85,88.2054278181083
"23986",2020-12-12,"31","7  day ahead inc hosp",2020-12-19,"quantile",0.9,92.3881600271485
"23987",2020-12-12,"31","7  day ahead inc hosp",2020-12-19,"quantile",0.95,98.5875992459774
"23988",2020-12-12,"31","7  day ahead inc hosp",2020-12-19,"quantile",0.975,103.964688221275
"23989",2020-12-12,"31","7  day ahead inc hosp",2020-12-19,"quantile",0.99,110.216716202956
"23990",2020-12-12,"31","8  day ahead inc hosp",2020-12-20,"quantile",0.01,23.4328770957622
"23991",2020-12-12,"31","8  day ahead inc hosp",2020-12-20,"quantile",0.025,30.2414051675666
"23992",2020-12-12,"31","8  day ahead inc hosp",2020-12-20,"quantile",0.05,36.0971149212937
"23993",2020-12-12,"31","8  day ahead inc hosp",2020-12-20,"quantile",0.1,42.8483732449155
"23994",2020-12-12,"31","8  day ahead inc hosp",2020-12-20,"quantile",0.15,47.4034151841923
"23995",2020-12-12,"31","8  day ahead inc hosp",2020-12-20,"quantile",0.2,51.0236181197615
"23996",2020-12-12,"31","8  day ahead inc hosp",2020-12-20,"quantile",0.25,54.1294298894983
"23997",2020-12-12,"31","8  day ahead inc hosp",2020-12-20,"quantile",0.3,56.9185448478701
"23998",2020-12-12,"31","8  day ahead inc hosp",2020-12-20,"quantile",0.35,59.5030755180228
"23999",2020-12-12,"31","8  day ahead inc hosp",2020-12-20,"quantile",0.4,61.9555423821924
"24000",2020-12-12,"31","8  day ahead inc hosp",2020-12-20,"quantile",0.45,64.3283324554444
"24001",2020-12-12,"31","8  day ahead inc hosp",2020-12-20,"quantile",0.5,66.6635028385343
"24002",2020-12-12,"31","8  day ahead inc hosp",2020-12-20,"quantile",0.55,68.9986732216243
"24003",2020-12-12,"31","8  day ahead inc hosp",2020-12-20,"quantile",0.6,71.3714632948762
"24004",2020-12-12,"31","8  day ahead inc hosp",2020-12-20,"quantile",0.65,73.8239301590459
"24005",2020-12-12,"31","8  day ahead inc hosp",2020-12-20,"quantile",0.7,76.4084608291986
"24006",2020-12-12,"31","8  day ahead inc hosp",2020-12-20,"quantile",0.75,79.1975757875703
"24007",2020-12-12,"31","8  day ahead inc hosp",2020-12-20,"quantile",0.8,82.3033875573071
"24008",2020-12-12,"31","8  day ahead inc hosp",2020-12-20,"quantile",0.85,85.9235904928764
"24009",2020-12-12,"31","8  day ahead inc hosp",2020-12-20,"quantile",0.9,90.4786324321532
"24010",2020-12-12,"31","8  day ahead inc hosp",2020-12-20,"quantile",0.95,97.229890755775
"24011",2020-12-12,"31","8  day ahead inc hosp",2020-12-20,"quantile",0.975,103.085600509502
"24012",2020-12-12,"31","8  day ahead inc hosp",2020-12-20,"quantile",0.99,109.894128581306
"24013",2020-12-12,"31","9  day ahead inc hosp",2020-12-21,"quantile",0.01,19.1535746806112
"24014",2020-12-12,"31","9  day ahead inc hosp",2020-12-21,"quantile",0.025,26.5005553940827
"24015",2020-12-12,"31","9  day ahead inc hosp",2020-12-21,"quantile",0.05,32.8193641249275
"24016",2020-12-12,"31","9  day ahead inc hosp",2020-12-21,"quantile",0.1,40.1045459105065
"24017",2020-12-12,"31","9  day ahead inc hosp",2020-12-21,"quantile",0.15,45.0198234747585
"24018",2020-12-12,"31","9  day ahead inc hosp",2020-12-21,"quantile",0.2,48.9263302653564
"24019",2020-12-12,"31","9  day ahead inc hosp",2020-12-21,"quantile",0.25,52.2777652497291
"24020",2020-12-12,"31","9  day ahead inc hosp",2020-12-21,"quantile",0.3,55.2874574461484
"24021",2020-12-12,"31","9  day ahead inc hosp",2020-12-21,"quantile",0.35,58.0763857999321
"24022",2020-12-12,"31","9  day ahead inc hosp",2020-12-21,"quantile",0.4,60.7228060777745
"24023",2020-12-12,"31","9  day ahead inc hosp",2020-12-21,"quantile",0.45,63.2832483233594
"24024",2020-12-12,"31","9  day ahead inc hosp",2020-12-21,"quantile",0.5,65.8030957244856
"24025",2020-12-12,"31","9  day ahead inc hosp",2020-12-21,"quantile",0.55,68.3229431256119
"24026",2020-12-12,"31","9  day ahead inc hosp",2020-12-21,"quantile",0.6,70.8833853711968
"24027",2020-12-12,"31","9  day ahead inc hosp",2020-12-21,"quantile",0.65,73.5298056490392
"24028",2020-12-12,"31","9  day ahead inc hosp",2020-12-21,"quantile",0.7,76.3187340028229
"24029",2020-12-12,"31","9  day ahead inc hosp",2020-12-21,"quantile",0.75,79.3284261992422
"24030",2020-12-12,"31","9  day ahead inc hosp",2020-12-21,"quantile",0.8,82.6798611836149
"24031",2020-12-12,"31","9  day ahead inc hosp",2020-12-21,"quantile",0.85,86.5863679742127
"24032",2020-12-12,"31","9  day ahead inc hosp",2020-12-21,"quantile",0.9,91.5016455384648
"24033",2020-12-12,"31","9  day ahead inc hosp",2020-12-21,"quantile",0.95,98.7868273240438
"24034",2020-12-12,"31","9  day ahead inc hosp",2020-12-21,"quantile",0.975,105.105636054889
"24035",2020-12-12,"31","9  day ahead inc hosp",2020-12-21,"quantile",0.99,112.45261676836
"24036",2020-12-12,"31","10  day ahead inc hosp",2020-12-22,"quantile",0.01,15.6093292134191
"24037",2020-12-12,"31","10  day ahead inc hosp",2020-12-22,"quantile",0.025,23.4240711302769
"24038",2020-12-12,"31","10  day ahead inc hosp",2020-12-22,"quantile",0.05,30.145180301422
"24039",2020-12-12,"31","10  day ahead inc hosp",2020-12-22,"quantile",0.1,37.8941887297826
"24040",2020-12-12,"31","10  day ahead inc hosp",2020-12-22,"quantile",0.15,43.1224079278974
"24041",2020-12-12,"31","10  day ahead inc hosp",2020-12-22,"quantile",0.2,47.2776308086377
"24042",2020-12-12,"31","10  day ahead inc hosp",2020-12-22,"quantile",0.25,50.8424420522521
"24043",2020-12-12,"31","10  day ahead inc hosp",2020-12-22,"quantile",0.3,54.0437527241409
"24044",2020-12-12,"31","10  day ahead inc hosp",2020-12-22,"quantile",0.35,57.0102441523086
"24045",2020-12-12,"31","10  day ahead inc hosp",2020-12-22,"quantile",0.4,59.8251544238105
"24046",2020-12-12,"31","10  day ahead inc hosp",2020-12-22,"quantile",0.45,62.5486126881798
"24047",2020-12-12,"31","10  day ahead inc hosp",2020-12-22,"quantile",0.5,65.2288915507007
"24048",2020-12-12,"31","10  day ahead inc hosp",2020-12-22,"quantile",0.55,67.9091704132216
"24049",2020-12-12,"31","10  day ahead inc hosp",2020-12-22,"quantile",0.6,70.6326286775909
"24050",2020-12-12,"31","10  day ahead inc hosp",2020-12-22,"quantile",0.65,73.4475389490928
"24051",2020-12-12,"31","10  day ahead inc hosp",2020-12-22,"quantile",0.7,76.4140303772605
"24052",2020-12-12,"31","10  day ahead inc hosp",2020-12-22,"quantile",0.75,79.6153410491494
"24053",2020-12-12,"31","10  day ahead inc hosp",2020-12-22,"quantile",0.8,83.1801522927637
"24054",2020-12-12,"31","10  day ahead inc hosp",2020-12-22,"quantile",0.85,87.335375173504
"24055",2020-12-12,"31","10  day ahead inc hosp",2020-12-22,"quantile",0.9,92.5635943716189
"24056",2020-12-12,"31","10  day ahead inc hosp",2020-12-22,"quantile",0.95,100.312602799979
"24057",2020-12-12,"31","10  day ahead inc hosp",2020-12-22,"quantile",0.975,107.033711971125
"24058",2020-12-12,"31","10  day ahead inc hosp",2020-12-22,"quantile",0.99,114.848453887982
"24059",2020-12-12,"31","11  day ahead inc hosp",2020-12-23,"quantile",0.01,12.9471211918778
"24060",2020-12-12,"31","11  day ahead inc hosp",2020-12-23,"quantile",0.025,21.1521436188419
"24061",2020-12-12,"31","11  day ahead inc hosp",2020-12-23,"quantile",0.05,28.2089155596219
"24062",2020-12-12,"31","11  day ahead inc hosp",2020-12-23,"quantile",0.1,36.3449216642224
"24063",2020-12-12,"31","11  day ahead inc hosp",2020-12-23,"quantile",0.15,41.8342463572207
"24064",2020-12-12,"31","11  day ahead inc hosp",2020-12-23,"quantile",0.2,46.1969876080818
"24065",2020-12-12,"31","11  day ahead inc hosp",2020-12-23,"quantile",0.25,49.9398311354737
"24066",2020-12-12,"31","11  day ahead inc hosp",2020-12-23,"quantile",0.3,53.3010203005139
"24067",2020-12-12,"31","11  day ahead inc hosp",2020-12-23,"quantile",0.35,56.4156629792448
"24068",2020-12-12,"31","11  day ahead inc hosp",2020-12-23,"quantile",0.4,59.3711542997888
"24069",2020-12-12,"31","11  day ahead inc hosp",2020-12-23,"quantile",0.45,62.2306263560375
"24070",2020-12-12,"31","11  day ahead inc hosp",2020-12-23,"quantile",0.5,65.0447625631542
"24071",2020-12-12,"31","11  day ahead inc hosp",2020-12-23,"quantile",0.55,67.8588987702709
"24072",2020-12-12,"31","11  day ahead inc hosp",2020-12-23,"quantile",0.6,70.7183708265196
"24073",2020-12-12,"31","11  day ahead inc hosp",2020-12-23,"quantile",0.65,73.6738621470637
"24074",2020-12-12,"31","11  day ahead inc hosp",2020-12-23,"quantile",0.7,76.7885048257946
"24075",2020-12-12,"31","11  day ahead inc hosp",2020-12-23,"quantile",0.75,80.1496939908347
"24076",2020-12-12,"31","11  day ahead inc hosp",2020-12-23,"quantile",0.8,83.8925375182266
"24077",2020-12-12,"31","11  day ahead inc hosp",2020-12-23,"quantile",0.85,88.2552787690877
"24078",2020-12-12,"31","11  day ahead inc hosp",2020-12-23,"quantile",0.9,93.744603462086
"24079",2020-12-12,"31","11  day ahead inc hosp",2020-12-23,"quantile",0.95,101.880609566687
"24080",2020-12-12,"31","11  day ahead inc hosp",2020-12-23,"quantile",0.975,108.937381507466
"24081",2020-12-12,"31","11  day ahead inc hosp",2020-12-23,"quantile",0.99,117.142403934431
"24082",2020-12-12,"31","12  day ahead inc hosp",2020-12-24,"quantile",0.01,10.9656133540344
"24083",2020-12-12,"31","12  day ahead inc hosp",2020-12-24,"quantile",0.025,19.502611630589
"24084",2020-12-12,"31","12  day ahead inc hosp",2020-12-24,"quantile",0.05,26.8449011164165
"24085",2020-12-12,"31","12  day ahead inc hosp",2020-12-24,"quantile",0.1,35.3100906648028
"24086",2020-12-12,"31","12  day ahead inc hosp",2020-12-24,"quantile",0.15,41.0215138645216
"24087",2020-12-12,"31","12  day ahead inc hosp",2020-12-24,"quantile",0.2,45.560771967858
"24088",2020-12-12,"31","12  day ahead inc hosp",2020-12-24,"quantile",0.25,49.4550512373153
"24089",2020-12-12,"31","12  day ahead inc hosp",2020-12-24,"quantile",0.3,52.9522343790485
"24090",2020-12-12,"31","12  day ahead inc hosp",2020-12-24,"quantile",0.35,56.1928957443396
"24091",2020-12-12,"31","12  day ahead inc hosp",2020-12-24,"quantile",0.4,59.2679664750349
"24092",2020-12-12,"31","12  day ahead inc hosp",2020-12-24,"quantile",0.45,62.2431329944863
"24093",2020-12-12,"31","12  day ahead inc hosp",2020-12-24,"quantile",0.5,65.1711293728014
"24094",2020-12-12,"31","12  day ahead inc hosp",2020-12-24,"quantile",0.55,68.0991257511165
"24095",2020-12-12,"31","12  day ahead inc hosp",2020-12-24,"quantile",0.6,71.0742922705679
"24096",2020-12-12,"31","12  day ahead inc hosp",2020-12-24,"quantile",0.65,74.1493630012632
"24097",2020-12-12,"31","12  day ahead inc hosp",2020-12-24,"quantile",0.7,77.3900243665543
"24098",2020-12-12,"31","12  day ahead inc hosp",2020-12-24,"quantile",0.75,80.8872075082875
"24099",2020-12-12,"31","12  day ahead inc hosp",2020-12-24,"quantile",0.8,84.7814867777448
"24100",2020-12-12,"31","12  day ahead inc hosp",2020-12-24,"quantile",0.85,89.3207448810813
"24101",2020-12-12,"31","12  day ahead inc hosp",2020-12-24,"quantile",0.9,95.0321680808
"24102",2020-12-12,"31","12  day ahead inc hosp",2020-12-24,"quantile",0.95,103.497357629186
"24103",2020-12-12,"31","12  day ahead inc hosp",2020-12-24,"quantile",0.975,110.839647115014
"24104",2020-12-12,"31","12  day ahead inc hosp",2020-12-24,"quantile",0.99,119.376645391568
"24105",2020-12-12,"31","13  day ahead inc hosp",2020-12-25,"quantile",0.01,9.33888241785941
"24106",2020-12-12,"31","13  day ahead inc hosp",2020-12-25,"quantile",0.025,18.1750223085506
"24107",2020-12-12,"31","13  day ahead inc hosp",2020-12-25,"quantile",0.05,25.7745900855407
"24108",2020-12-12,"31","13  day ahead inc hosp",2020-12-25,"quantile",0.1,34.536405026535
"24109",2020-12-12,"31","13  day ahead inc hosp",2020-12-25,"quantile",0.15,40.4479599704141
"24110",2020-12-12,"31","13  day ahead inc hosp",2020-12-25,"quantile",0.2,45.1462764397039
"24111",2020-12-12,"31","13  day ahead inc hosp",2020-12-25,"quantile",0.25,49.1770136243236
"24112",2020-12-12,"31","13  day ahead inc hosp",2020-12-25,"quantile",0.3,52.7967401912819
"24113",2020-12-12,"31","13  day ahead inc hosp",2020-12-25,"quantile",0.35,56.1509563026652
"24114",2020-12-12,"31","13  day ahead inc hosp",2020-12-25,"quantile",0.4,59.3337793828592
"24115",2020-12-12,"31","13  day ahead inc hosp",2020-12-25,"quantile",0.45,62.4131975474583
"24116",2020-12-12,"31","13  day ahead inc hosp",2020-12-25,"quantile",0.5,65.4437927004739
"24117",2020-12-12,"31","13  day ahead inc hosp",2020-12-25,"quantile",0.55,68.4743878534896
"24118",2020-12-12,"31","13  day ahead inc hosp",2020-12-25,"quantile",0.6,71.5538060180887
"24119",2020-12-12,"31","13  day ahead inc hosp",2020-12-25,"quantile",0.65,74.7366290982827
"24120",2020-12-12,"31","13  day ahead inc hosp",2020-12-25,"quantile",0.7,78.0908452096659
"24121",2020-12-12,"31","13  day ahead inc hosp",2020-12-25,"quantile",0.75,81.7105717766242
"24122",2020-12-12,"31","13  day ahead inc hosp",2020-12-25,"quantile",0.8,85.741308961244
"24123",2020-12-12,"31","13  day ahead inc hosp",2020-12-25,"quantile",0.85,90.4396254305338
"24124",2020-12-12,"31","13  day ahead inc hosp",2020-12-25,"quantile",0.9,96.3511803744129
"24125",2020-12-12,"31","13  day ahead inc hosp",2020-12-25,"quantile",0.95,105.112995315407
"24126",2020-12-12,"31","13  day ahead inc hosp",2020-12-25,"quantile",0.975,112.712563092397
"24127",2020-12-12,"31","13  day ahead inc hosp",2020-12-25,"quantile",0.99,121.548702983088
"24128",2020-12-12,"31","14  day ahead inc hosp",2020-12-26,"quantile",0.01,7.77820569463726
"24129",2020-12-12,"31","14  day ahead inc hosp",2020-12-26,"quantile",0.025,16.9015369714893
"24130",2020-12-12,"31","14  day ahead inc hosp",2020-12-26,"quantile",0.05,24.748105184314
"24131",2020-12-12,"31","14  day ahead inc hosp",2020-12-26,"quantile",0.1,33.7946958089572
"24132",2020-12-12,"31","14  day ahead inc hosp",2020-12-26,"quantile",0.15,39.8983875546187
"24133",2020-12-12,"31","14  day ahead inc hosp",2020-12-26,"quantile",0.2,44.7494082631045
"24134",2020-12-12,"31","14  day ahead inc hosp",2020-12-26,"quantile",0.25,48.9111520879111
"24135",2020-12-12,"31","14  day ahead inc hosp",2020-12-26,"quantile",0.3,52.6485266666877
"24136",2020-12-12,"31","14  day ahead inc hosp",2020-12-26,"quantile",0.35,56.1117611940792
"24137",2020-12-12,"31","14  day ahead inc hosp",2020-12-26,"quantile",0.4,59.398032090131
"24138",2020-12-12,"31","14  day ahead inc hosp",2020-12-26,"quantile",0.45,62.5775372137643
"24139",2020-12-12,"31","14  day ahead inc hosp",2020-12-26,"quantile",0.5,65.7066324848919
"24140",2020-12-12,"31","14  day ahead inc hosp",2020-12-26,"quantile",0.55,68.8357277560195
"24141",2020-12-12,"31","14  day ahead inc hosp",2020-12-26,"quantile",0.6,72.0152328796528
"24142",2020-12-12,"31","14  day ahead inc hosp",2020-12-26,"quantile",0.65,75.3015037757045
"24143",2020-12-12,"31","14  day ahead inc hosp",2020-12-26,"quantile",0.7,78.7647383030961
"24144",2020-12-12,"31","14  day ahead inc hosp",2020-12-26,"quantile",0.75,82.5021128818726
"24145",2020-12-12,"31","14  day ahead inc hosp",2020-12-26,"quantile",0.8,86.6638567066793
"24146",2020-12-12,"31","14  day ahead inc hosp",2020-12-26,"quantile",0.85,91.5148774151651
"24147",2020-12-12,"31","14  day ahead inc hosp",2020-12-26,"quantile",0.9,97.6185691608266
"24148",2020-12-12,"31","14  day ahead inc hosp",2020-12-26,"quantile",0.95,106.66515978547
"24149",2020-12-12,"31","14  day ahead inc hosp",2020-12-26,"quantile",0.975,114.511727998294
"24150",2020-12-12,"31","14  day ahead inc hosp",2020-12-26,"quantile",0.99,123.635059275146
"24151",2020-12-12,"31","15  day ahead inc hosp",2020-12-27,"quantile",0.01,5.32637877012396
"24152",2020-12-12,"31","15  day ahead inc hosp",2020-12-27,"quantile",0.025,14.7372825173883
"24153",2020-12-12,"31","15  day ahead inc hosp",2020-12-27,"quantile",0.05,22.8311789195276
"24154",2020-12-12,"31","15  day ahead inc hosp",2020-12-27,"quantile",0.1,32.1629231065914
"24155",2020-12-12,"31","15  day ahead inc hosp",2020-12-27,"quantile",0.15,38.4590066070484
"24156",2020-12-12,"31","15  day ahead inc hosp",2020-12-27,"quantile",0.2,43.462934183303
"24157",2020-12-12,"31","15  day ahead inc hosp",2020-12-27,"quantile",0.25,47.7558584855696
"24158",2020-12-12,"31","15  day ahead inc hosp",2020-12-27,"quantile",0.3,51.6110371874083
"24159",2020-12-12,"31","15  day ahead inc hosp",2020-12-27,"quantile",0.35,55.1834347911409
"24160",2020-12-12,"31","15  day ahead inc hosp",2020-12-27,"quantile",0.4,58.5732907715597
"24161",2020-12-12,"31","15  day ahead inc hosp",2020-12-27,"quantile",0.45,61.8530156630986
"24162",2020-12-12,"31","15  day ahead inc hosp",2020-12-27,"quantile",0.5,65.0807417555751
"24163",2020-12-12,"31","15  day ahead inc hosp",2020-12-27,"quantile",0.55,68.3084678480515
"24164",2020-12-12,"31","15  day ahead inc hosp",2020-12-27,"quantile",0.6,71.5881927395904
"24165",2020-12-12,"31","15  day ahead inc hosp",2020-12-27,"quantile",0.65,74.9780487200093
"24166",2020-12-12,"31","15  day ahead inc hosp",2020-12-27,"quantile",0.7,78.5504463237418
"24167",2020-12-12,"31","15  day ahead inc hosp",2020-12-27,"quantile",0.75,82.4056250255805
"24168",2020-12-12,"31","15  day ahead inc hosp",2020-12-27,"quantile",0.8,86.6985493278471
"24169",2020-12-12,"31","15  day ahead inc hosp",2020-12-27,"quantile",0.85,91.7024769041017
"24170",2020-12-12,"31","15  day ahead inc hosp",2020-12-27,"quantile",0.9,97.9985604045588
"24171",2020-12-12,"31","15  day ahead inc hosp",2020-12-27,"quantile",0.95,107.330304591623
"24172",2020-12-12,"31","15  day ahead inc hosp",2020-12-27,"quantile",0.975,115.424200993762
"24173",2020-12-12,"31","15  day ahead inc hosp",2020-12-27,"quantile",0.99,124.835104741026
"24174",2020-12-12,"31","16  day ahead inc hosp",2020-12-28,"quantile",0.01,3.51093097552234
"24175",2020-12-12,"31","16  day ahead inc hosp",2020-12-28,"quantile",0.025,13.2134982007143
"24176",2020-12-12,"31","16  day ahead inc hosp",2020-12-28,"quantile",0.05,21.5582412843235
"24177",2020-12-12,"31","16  day ahead inc hosp",2020-12-28,"quantile",0.1,31.179195629925
"24178",2020-12-12,"31","16  day ahead inc hosp",2020-12-28,"quantile",0.15,37.6704078513192
"24179",2020-12-12,"31","16  day ahead inc hosp",2020-12-28,"quantile",0.2,42.8294175492683
"24180",2020-12-12,"31","16  day ahead inc hosp",2020-12-28,"quantile",0.25,47.2553885031749
"24181",2020-12-12,"31","16  day ahead inc hosp",2020-12-28,"quantile",0.3,51.2300472101658
"24182",2020-12-12,"31","16  day ahead inc hosp",2020-12-28,"quantile",0.35,54.9131608447523
"24183",2020-12-12,"31","16  day ahead inc hosp",2020-12-28,"quantile",0.4,58.4080755115072
"24184",2020-12-12,"31","16  day ahead inc hosp",2020-12-28,"quantile",0.45,61.7894458979105
"24185",2020-12-12,"31","16  day ahead inc hosp",2020-12-28,"quantile",0.5,65.1172059343324
"24186",2020-12-12,"31","16  day ahead inc hosp",2020-12-28,"quantile",0.55,68.4449659707542
"24187",2020-12-12,"31","16  day ahead inc hosp",2020-12-28,"quantile",0.6,71.8263363571575
"24188",2020-12-12,"31","16  day ahead inc hosp",2020-12-28,"quantile",0.65,75.3212510239125
"24189",2020-12-12,"31","16  day ahead inc hosp",2020-12-28,"quantile",0.7,79.0043646584989
"24190",2020-12-12,"31","16  day ahead inc hosp",2020-12-28,"quantile",0.75,82.9790233654899
"24191",2020-12-12,"31","16  day ahead inc hosp",2020-12-28,"quantile",0.8,87.4049943193964
"24192",2020-12-12,"31","16  day ahead inc hosp",2020-12-28,"quantile",0.85,92.5640040173455
"24193",2020-12-12,"31","16  day ahead inc hosp",2020-12-28,"quantile",0.9,99.0552162387397
"24194",2020-12-12,"31","16  day ahead inc hosp",2020-12-28,"quantile",0.95,108.676170584341
"24195",2020-12-12,"31","16  day ahead inc hosp",2020-12-28,"quantile",0.975,117.02091366795
"24196",2020-12-12,"31","16  day ahead inc hosp",2020-12-28,"quantile",0.99,126.723480893142
"24197",2020-12-12,"31","17  day ahead inc hosp",2020-12-29,"quantile",0.01,1.595547646973
"24198",2020-12-12,"31","17  day ahead inc hosp",2020-12-29,"quantile",0.025,11.591340624827
"24199",2020-12-12,"31","17  day ahead inc hosp",2020-12-29,"quantile",0.05,20.188274032365
"24200",2020-12-12,"31","17  day ahead inc hosp",2020-12-29,"quantile",0.1,30.0999876702074
"24201",2020-12-12,"31","17  day ahead inc hosp",2020-12-29,"quantile",0.15,36.7873738056937
"24202",2020-12-12,"31","17  day ahead inc hosp",2020-12-29,"quantile",0.2,42.1022963117235
"24203",2020-12-12,"31","17  day ahead inc hosp",2020-12-29,"quantile",0.25,46.6620265722237
"24204",2020-12-12,"31","17  day ahead inc hosp",2020-12-29,"quantile",0.3,50.7568052705409
"24205",2020-12-12,"31","17  day ahead inc hosp",2020-12-29,"quantile",0.35,54.5512279785483
"24206",2020-12-12,"31","17  day ahead inc hosp",2020-12-29,"quantile",0.4,58.1517640710418
"24207",2020-12-12,"31","17  day ahead inc hosp",2020-12-29,"quantile",0.45,61.6353244091939
"24208",2020-12-12,"31","17  day ahead inc hosp",2020-12-29,"quantile",0.5,65.0636542142874
"24209",2020-12-12,"31","17  day ahead inc hosp",2020-12-29,"quantile",0.55,68.4919840193809
"24210",2020-12-12,"31","17  day ahead inc hosp",2020-12-29,"quantile",0.6,71.9755443575331
"24211",2020-12-12,"31","17  day ahead inc hosp",2020-12-29,"quantile",0.65,75.5760804500265
"24212",2020-12-12,"31","17  day ahead inc hosp",2020-12-29,"quantile",0.7,79.370503158034
"24213",2020-12-12,"31","17  day ahead inc hosp",2020-12-29,"quantile",0.75,83.4652818563512
"24214",2020-12-12,"31","17  day ahead inc hosp",2020-12-29,"quantile",0.8,88.0250121168513
"24215",2020-12-12,"31","17  day ahead inc hosp",2020-12-29,"quantile",0.85,93.3399346228812
"24216",2020-12-12,"31","17  day ahead inc hosp",2020-12-29,"quantile",0.9,100.027320758367
"24217",2020-12-12,"31","17  day ahead inc hosp",2020-12-29,"quantile",0.95,109.93903439621
"24218",2020-12-12,"31","17  day ahead inc hosp",2020-12-29,"quantile",0.975,118.535967803748
"24219",2020-12-12,"31","17  day ahead inc hosp",2020-12-29,"quantile",0.99,128.531760781602
"24220",2020-12-12,"31","18  day ahead inc hosp",2020-12-30,"quantile",0.01,0
"24221",2020-12-12,"31","18  day ahead inc hosp",2020-12-30,"quantile",0.025,9.95220835058168
"24222",2020-12-12,"31","18  day ahead inc hosp",2020-12-30,"quantile",0.05,18.7982473165988
"24223",2020-12-12,"31","18  day ahead inc hosp",2020-12-30,"quantile",0.1,28.9971637096789
"24224",2020-12-12,"31","18  day ahead inc hosp",2020-12-30,"quantile",0.15,35.8783241806259
"24225",2020-12-12,"31","18  day ahead inc hosp",2020-12-30,"quantile",0.2,41.3472523857086
"24226",2020-12-12,"31","18  day ahead inc hosp",2020-12-30,"quantile",0.25,46.0391058230685
"24227",2020-12-12,"31","18  day ahead inc hosp",2020-12-30,"quantile",0.3,50.2525352176443
"24228",2020-12-12,"31","18  day ahead inc hosp",2020-12-30,"quantile",0.35,54.1569054782238
"24229",2020-12-12,"31","18  day ahead inc hosp",2020-12-30,"quantile",0.4,57.8617710463136
"24230",2020-12-12,"31","18  day ahead inc hosp",2020-12-30,"quantile",0.45,61.4462713595003
"24231",2020-12-12,"31","18  day ahead inc hosp",2020-12-30,"quantile",0.5,64.9739407744598
"24232",2020-12-12,"31","18  day ahead inc hosp",2020-12-30,"quantile",0.55,68.5016101894193
"24233",2020-12-12,"31","18  day ahead inc hosp",2020-12-30,"quantile",0.6,72.086110502606
"24234",2020-12-12,"31","18  day ahead inc hosp",2020-12-30,"quantile",0.65,75.7909760706958
"24235",2020-12-12,"31","18  day ahead inc hosp",2020-12-30,"quantile",0.7,79.6953463312754
"24236",2020-12-12,"31","18  day ahead inc hosp",2020-12-30,"quantile",0.75,83.9087757258511
"24237",2020-12-12,"31","18  day ahead inc hosp",2020-12-30,"quantile",0.8,88.6006291632111
"24238",2020-12-12,"31","18  day ahead inc hosp",2020-12-30,"quantile",0.85,94.0695573682937
"24239",2020-12-12,"31","18  day ahead inc hosp",2020-12-30,"quantile",0.9,100.950717839241
"24240",2020-12-12,"31","18  day ahead inc hosp",2020-12-30,"quantile",0.95,111.149634232321
"24241",2020-12-12,"31","18  day ahead inc hosp",2020-12-30,"quantile",0.975,119.995673198338
"24242",2020-12-12,"31","18  day ahead inc hosp",2020-12-30,"quantile",0.99,130.281105222367
"24243",2020-12-12,"31","19  day ahead inc hosp",2020-12-31,"quantile",0.01,0
"24244",2020-12-12,"31","19  day ahead inc hosp",2020-12-31,"quantile",0.025,8.3671933237686
"24245",2020-12-12,"31","19  day ahead inc hosp",2020-12-31,"quantile",0.05,17.4553534187942
"24246",2020-12-12,"31","19  day ahead inc hosp",2020-12-31,"quantile",0.1,27.9334199672425
"24247",2020-12-12,"31","19  day ahead inc hosp",2020-12-31,"quantile",0.15,35.002921722748
"24248",2020-12-12,"31","19  day ahead inc hosp",2020-12-31,"quantile",0.2,40.6215376102575
"24249",2020-12-12,"31","19  day ahead inc hosp",2020-12-31,"quantile",0.25,45.4418097506957
"24250",2020-12-12,"31","19  day ahead inc hosp",2020-12-31,"quantile",0.3,49.7705631095827
"24251",2020-12-12,"31","19  day ahead inc hosp",2020-12-31,"quantile",0.35,53.7817982098029
"24252",2020-12-12,"31","19  day ahead inc hosp",2020-12-31,"quantile",0.4,57.5880680603763
"24253",2020-12-12,"31","19  day ahead inc hosp",2020-12-31,"quantile",0.45,61.2706781904081
"24254",2020-12-12,"31","19  day ahead inc hosp",2020-12-31,"quantile",0.5,64.8949019281328
"24255",2020-12-12,"31","19  day ahead inc hosp",2020-12-31,"quantile",0.55,68.5191256658575
"24256",2020-12-12,"31","19  day ahead inc hosp",2020-12-31,"quantile",0.6,72.2017357958893
"24257",2020-12-12,"31","19  day ahead inc hosp",2020-12-31,"quantile",0.65,76.0080056464626
"24258",2020-12-12,"31","19  day ahead inc hosp",2020-12-31,"quantile",0.7,80.0192407466829
"24259",2020-12-12,"31","19  day ahead inc hosp",2020-12-31,"quantile",0.75,84.3479941055699
"24260",2020-12-12,"31","19  day ahead inc hosp",2020-12-31,"quantile",0.8,89.1682662460081
"24261",2020-12-12,"31","19  day ahead inc hosp",2020-12-31,"quantile",0.85,94.7868821335176
"24262",2020-12-12,"31","19  day ahead inc hosp",2020-12-31,"quantile",0.9,101.856383889023
"24263",2020-12-12,"31","19  day ahead inc hosp",2020-12-31,"quantile",0.95,112.334450437471
"24264",2020-12-12,"31","19  day ahead inc hosp",2020-12-31,"quantile",0.975,121.422610532497
"24265",2020-12-12,"31","19  day ahead inc hosp",2020-12-31,"quantile",0.99,131.98956069403
"24266",2020-12-12,"31","20  day ahead inc hosp",2021-01-01,"quantile",0.01,0
"24267",2020-12-12,"31","20  day ahead inc hosp",2021-01-01,"quantile",0.025,6.87339018715206
"24268",2020-12-12,"31","20  day ahead inc hosp",2021-01-01,"quantile",0.05,16.1947693504808
"24269",2020-12-12,"31","20  day ahead inc hosp",2021-01-01,"quantile",0.1,26.9417225484264
"24270",2020-12-12,"31","20  day ahead inc hosp",2021-01-01,"quantile",0.15,34.1926408498055
"24271",2020-12-12,"31","20  day ahead inc hosp",2021-01-01,"quantile",0.2,39.9554408569539
"24272",2020-12-12,"31","20  day ahead inc hosp",2021-01-01,"quantile",0.25,44.8994101336448
"24273",2020-12-12,"31","20  day ahead inc hosp",2021-01-01,"quantile",0.3,49.3392473439073
"24274",2020-12-12,"31","20  day ahead inc hosp",2021-01-01,"quantile",0.35,53.4534181872303
"24275",2020-12-12,"31","20  day ahead inc hosp",2021-01-01,"quantile",0.4,57.3573639918999
"24276",2020-12-12,"31","20  day ahead inc hosp",2021-01-01,"quantile",0.45,61.1344767379144
"24277",2020-12-12,"31","20  day ahead inc hosp",2021-01-01,"quantile",0.5,64.8517047883489
"24278",2020-12-12,"31","20  day ahead inc hosp",2021-01-01,"quantile",0.55,68.5689328387834
"24279",2020-12-12,"31","20  day ahead inc hosp",2021-01-01,"quantile",0.6,72.3460455847979
"24280",2020-12-12,"31","20  day ahead inc hosp",2021-01-01,"quantile",0.65,76.2499913894675
"24281",2020-12-12,"31","20  day ahead inc hosp",2021-01-01,"quantile",0.7,80.3641622327904
"24282",2020-12-12,"31","20  day ahead inc hosp",2021-01-01,"quantile",0.75,84.803999443053
"24283",2020-12-12,"31","20  day ahead inc hosp",2021-01-01,"quantile",0.8,89.7479687197439
"24284",2020-12-12,"31","20  day ahead inc hosp",2021-01-01,"quantile",0.85,95.5107687268922
"24285",2020-12-12,"31","20  day ahead inc hosp",2021-01-01,"quantile",0.9,102.761687028271
"24286",2020-12-12,"31","20  day ahead inc hosp",2021-01-01,"quantile",0.95,113.508640226217
"24287",2020-12-12,"31","20  day ahead inc hosp",2021-01-01,"quantile",0.975,122.830019389546
"24288",2020-12-12,"31","20  day ahead inc hosp",2021-01-01,"quantile",0.99,133.668137119179
"24289",2020-12-12,"31","21  day ahead inc hosp",2021-01-02,"quantile",0.01,0
"24290",2020-12-12,"31","21  day ahead inc hosp",2021-01-02,"quantile",0.025,5.47244062945962
"24291",2020-12-12,"31","21  day ahead inc hosp",2021-01-02,"quantile",0.05,15.0182584775798
"24292",2020-12-12,"31","21  day ahead inc hosp",2021-01-02,"quantile",0.1,26.0239751051637
"24293",2020-12-12,"31","21  day ahead inc hosp",2021-01-02,"quantile",0.15,33.4494798640377
"24294",2020-12-12,"31","21  day ahead inc hosp",2021-01-02,"quantile",0.2,39.3510356530996
"24295",2020-12-12,"31","21  day ahead inc hosp",2021-01-02,"quantile",0.25,44.4140450356232
"24296",2020-12-12,"31","21  day ahead inc hosp",2021-01-02,"quantile",0.3,48.9607839400127
"24297",2020-12-12,"31","21  day ahead inc hosp",2021-01-02,"quantile",0.35,53.1740151344815
"24298",2020-12-12,"31","21  day ahead inc hosp",2021-01-02,"quantile",0.4,57.1719595252556
"24299",2020-12-12,"31","21  day ahead inc hosp",2021-01-02,"quantile",0.45,61.040016991163
"24300",2020-12-12,"31","21  day ahead inc hosp",2021-01-02,"quantile",0.5,64.8467478673158
"24301",2020-12-12,"31","21  day ahead inc hosp",2021-01-02,"quantile",0.55,68.6534787434685
"24302",2020-12-12,"31","21  day ahead inc hosp",2021-01-02,"quantile",0.6,72.5215362093759
"24303",2020-12-12,"31","21  day ahead inc hosp",2021-01-02,"quantile",0.65,76.51948060015
"24304",2020-12-12,"31","21  day ahead inc hosp",2021-01-02,"quantile",0.7,80.7327117946189
"24305",2020-12-12,"31","21  day ahead inc hosp",2021-01-02,"quantile",0.75,85.2794506990083
"24306",2020-12-12,"31","21  day ahead inc hosp",2021-01-02,"quantile",0.8,90.342460081532
"24307",2020-12-12,"31","21  day ahead inc hosp",2021-01-02,"quantile",0.85,96.2440158705939
"24308",2020-12-12,"31","21  day ahead inc hosp",2021-01-02,"quantile",0.9,103.669520629468
"24309",2020-12-12,"31","21  day ahead inc hosp",2021-01-02,"quantile",0.95,114.675237257052
"24310",2020-12-12,"31","21  day ahead inc hosp",2021-01-02,"quantile",0.975,124.221055105172
"24311",2020-12-12,"31","21  day ahead inc hosp",2021-01-02,"quantile",0.99,135.320131309537
"24312",2020-12-12,"31","22  day ahead inc hosp",2021-01-03,"quantile",0.01,0
"24313",2020-12-12,"31","22  day ahead inc hosp",2021-01-03,"quantile",0.025,3.89731057764246
"24314",2020-12-12,"31","22  day ahead inc hosp",2021-01-03,"quantile",0.05,13.6601887032631
"24315",2020-12-12,"31","22  day ahead inc hosp",2021-01-03,"quantile",0.1,24.9161619294207
"24316",2020-12-12,"31","22  day ahead inc hosp",2021-01-03,"quantile",0.15,32.5105136272565
"24317",2020-12-12,"31","22  day ahead inc hosp",2021-01-03,"quantile",0.2,38.5462636108483
"24318",2020-12-12,"31","22  day ahead inc hosp",2021-01-03,"quantile",0.25,43.724399663401
"24319",2020-12-12,"31","22  day ahead inc hosp",2021-01-03,"quantile",0.3,48.3745258756159
"24320",2020-12-12,"31","22  day ahead inc hosp",2021-01-03,"quantile",0.35,52.6835608185739
"24321",2020-12-12,"31","22  day ahead inc hosp",2021-01-03,"quantile",0.4,56.7724135979953
"24322",2020-12-12,"31","22  day ahead inc hosp",2021-01-03,"quantile",0.45,60.7284259819931
"24323",2020-12-12,"31","22  day ahead inc hosp",2021-01-03,"quantile",0.5,64.6217172842397
"24324",2020-12-12,"31","22  day ahead inc hosp",2021-01-03,"quantile",0.55,68.5150085864863
"24325",2020-12-12,"31","22  day ahead inc hosp",2021-01-03,"quantile",0.6,72.4710209704841
"24326",2020-12-12,"31","22  day ahead inc hosp",2021-01-03,"quantile",0.65,76.5598737499055
"24327",2020-12-12,"31","22  day ahead inc hosp",2021-01-03,"quantile",0.7,80.8689086928635
"24328",2020-12-12,"31","22  day ahead inc hosp",2021-01-03,"quantile",0.75,85.5190349050784
"24329",2020-12-12,"31","22  day ahead inc hosp",2021-01-03,"quantile",0.8,90.6971709576311
"24330",2020-12-12,"31","22  day ahead inc hosp",2021-01-03,"quantile",0.85,96.7329209412229
"24331",2020-12-12,"31","22  day ahead inc hosp",2021-01-03,"quantile",0.9,104.327272639059
"24332",2020-12-12,"31","22  day ahead inc hosp",2021-01-03,"quantile",0.95,115.583245865216
"24333",2020-12-12,"31","22  day ahead inc hosp",2021-01-03,"quantile",0.975,125.346123990837
"24334",2020-12-12,"31","22  day ahead inc hosp",2021-01-03,"quantile",0.99,136.697579676902
"24335",2020-12-12,"31","23  day ahead inc hosp",2021-01-04,"quantile",0.01,0
"24336",2020-12-12,"31","23  day ahead inc hosp",2021-01-04,"quantile",0.025,2.6110716391817
"24337",2020-12-12,"31","23  day ahead inc hosp",2021-01-04,"quantile",0.05,12.5853937112119
"24338",2020-12-12,"31","23  day ahead inc hosp",2021-01-04,"quantile",0.1,24.0851482658872
"24339",2020-12-12,"31","23  day ahead inc hosp",2021-01-04,"quantile",0.15,31.8439780687193
"24340",2020-12-12,"31","23  day ahead inc hosp",2021-01-04,"quantile",0.2,38.0104500361003
"24341",2020-12-12,"31","23  day ahead inc hosp",2021-01-04,"quantile",0.25,43.3007339110379
"24342",2020-12-12,"31","23  day ahead inc hosp",2021-01-04,"quantile",0.3,48.0515723338286
"24343",2020-12-12,"31","23  day ahead inc hosp",2021-01-04,"quantile",0.35,52.4539321490049
"24344",2020-12-12,"31","23  day ahead inc hosp",2021-01-04,"quantile",0.4,56.6313411059022
"24345",2020-12-12,"31","23  day ahead inc hosp",2021-01-04,"quantile",0.45,60.6730326164603
"24346",2020-12-12,"31","23  day ahead inc hosp",2021-01-04,"quantile",0.5,64.6506446350855
"24347",2020-12-12,"31","23  day ahead inc hosp",2021-01-04,"quantile",0.55,68.6282566537106
"24348",2020-12-12,"31","23  day ahead inc hosp",2021-01-04,"quantile",0.6,72.6699481642688
"24349",2020-12-12,"31","23  day ahead inc hosp",2021-01-04,"quantile",0.65,76.8473571211661
"24350",2020-12-12,"31","23  day ahead inc hosp",2021-01-04,"quantile",0.7,81.2497169363423
"24351",2020-12-12,"31","23  day ahead inc hosp",2021-01-04,"quantile",0.75,86.000555359133
"24352",2020-12-12,"31","23  day ahead inc hosp",2021-01-04,"quantile",0.8,91.2908392340706
"24353",2020-12-12,"31","23  day ahead inc hosp",2021-01-04,"quantile",0.85,97.4573112014516
"24354",2020-12-12,"31","23  day ahead inc hosp",2021-01-04,"quantile",0.9,105.216141004284
"24355",2020-12-12,"31","23  day ahead inc hosp",2021-01-04,"quantile",0.95,116.715895558959
"24356",2020-12-12,"31","23  day ahead inc hosp",2021-01-04,"quantile",0.975,126.690217630989
"24357",2020-12-12,"31","23  day ahead inc hosp",2021-01-04,"quantile",0.99,138.287522600112
"24358",2020-12-12,"31","24  day ahead inc hosp",2021-01-05,"quantile",0.01,0
"24359",2020-12-12,"31","24  day ahead inc hosp",2021-01-05,"quantile",0.025,1.34521730027194
"24360",2020-12-12,"31","24  day ahead inc hosp",2021-01-05,"quantile",0.05,11.5268152652684
"24361",2020-12-12,"31","24  day ahead inc hosp",2021-01-05,"quantile",0.1,23.2655456497794
"24362",2020-12-12,"31","24  day ahead inc hosp",2021-01-05,"quantile",0.15,31.1856113104615
"24363",2020-12-12,"31","24  day ahead inc hosp",2021-01-05,"quantile",0.2,37.4802284263808
"24364",2020-12-12,"31","24  day ahead inc hosp",2021-01-05,"quantile",0.25,42.880449428504
"24365",2020-12-12,"31","24  day ahead inc hosp",2021-01-05,"quantile",0.3,47.730014789257
"24366",2020-12-12,"31","24  day ahead inc hosp",2021-01-05,"quantile",0.35,52.2238598257105
"24367",2020-12-12,"31","24  day ahead inc hosp",2021-01-05,"quantile",0.4,56.4880793112405
"24368",2020-12-12,"31","24  day ahead inc hosp",2021-01-05,"quantile",0.45,60.6137610129009
"24369",2020-12-12,"31","24  day ahead inc hosp",2021-01-05,"quantile",0.5,64.6740315898801
"24370",2020-12-12,"31","24  day ahead inc hosp",2021-01-05,"quantile",0.55,68.7343021668594
"24371",2020-12-12,"31","24  day ahead inc hosp",2021-01-05,"quantile",0.6,72.8599838685198
"24372",2020-12-12,"31","24  day ahead inc hosp",2021-01-05,"quantile",0.65,77.1242033540498
"24373",2020-12-12,"31","24  day ahead inc hosp",2021-01-05,"quantile",0.7,81.6180483905032
"24374",2020-12-12,"31","24  day ahead inc hosp",2021-01-05,"quantile",0.75,86.4676137512563
"24375",2020-12-12,"31","24  day ahead inc hosp",2021-01-05,"quantile",0.8,91.8678347533795
"24376",2020-12-12,"31","24  day ahead inc hosp",2021-01-05,"quantile",0.85,98.1624518692988
"24377",2020-12-12,"31","24  day ahead inc hosp",2021-01-05,"quantile",0.9,106.082517529981
"24378",2020-12-12,"31","24  day ahead inc hosp",2021-01-05,"quantile",0.95,117.821247914492
"24379",2020-12-12,"31","24  day ahead inc hosp",2021-01-05,"quantile",0.975,128.002845879488
"24380",2020-12-12,"31","24  day ahead inc hosp",2021-01-05,"quantile",0.99,139.841153868778
"24381",2020-12-12,"31","25  day ahead inc hosp",2021-01-06,"quantile",0.01,0
"24382",2020-12-12,"31","25  day ahead inc hosp",2021-01-06,"quantile",0.025,0.0879841107495309
"24383",2020-12-12,"31","25  day ahead inc hosp",2021-01-06,"quantile",0.05,10.4735288472459
"24384",2020-12-12,"31","25  day ahead inc hosp",2021-01-06,"quantile",0.1,22.4473967977519
"24385",2020-12-12,"31","25  day ahead inc hosp",2021-01-06,"quantile",0.15,30.5261086578927
"24386",2020-12-12,"31","25  day ahead inc hosp",2021-01-06,"quantile",0.2,36.946812743955
"24387",2020-12-12,"31","25  day ahead inc hosp",2021-01-06,"quantile",0.25,42.455205139464
"24388",2020-12-12,"31","25  day ahead inc hosp",2021-01-06,"quantile",0.3,47.4019117546552
"24389",2020-12-12,"31","25  day ahead inc hosp",2021-01-06,"quantile",0.35,51.9857726402863
"24390",2020-12-12,"31","25  day ahead inc hosp",2021-01-06,"quantile",0.4,56.335408364017
"24391",2020-12-12,"31","25  day ahead inc hosp",2021-01-06,"quantile",0.45,60.5437312646505
"24392",2020-12-12,"31","25  day ahead inc hosp",2021-01-06,"quantile",0.5,64.6853327956153
"24393",2020-12-12,"31","25  day ahead inc hosp",2021-01-06,"quantile",0.55,68.8269343265802
"24394",2020-12-12,"31","25  day ahead inc hosp",2021-01-06,"quantile",0.6,73.0352572272137
"24395",2020-12-12,"31","25  day ahead inc hosp",2021-01-06,"quantile",0.65,77.3848929509444
"24396",2020-12-12,"31","25  day ahead inc hosp",2021-01-06,"quantile",0.7,81.9687538365755
"24397",2020-12-12,"31","25  day ahead inc hosp",2021-01-06,"quantile",0.75,86.9154604517666
"24398",2020-12-12,"31","25  day ahead inc hosp",2021-01-06,"quantile",0.8,92.4238528472757
"24399",2020-12-12,"31","25  day ahead inc hosp",2021-01-06,"quantile",0.85,98.844556933338
"24400",2020-12-12,"31","25  day ahead inc hosp",2021-01-06,"quantile",0.9,106.923268793479
"24401",2020-12-12,"31","25  day ahead inc hosp",2021-01-06,"quantile",0.95,118.897136743985
"24402",2020-12-12,"31","25  day ahead inc hosp",2021-01-06,"quantile",0.975,129.282681480481
"24403",2020-12-12,"31","25  day ahead inc hosp",2021-01-06,"quantile",0.99,141.358121666773
"24404",2020-12-12,"31","26  day ahead inc hosp",2021-01-07,"quantile",0.01,0
"24405",2020-12-12,"31","26  day ahead inc hosp",2021-01-07,"quantile",0.025,0
"24406",2020-12-12,"31","26  day ahead inc hosp",2021-01-07,"quantile",0.05,9.4245708618658
"24407",2020-12-12,"31","26  day ahead inc hosp",2021-01-07,"quantile",0.1,21.6300387739124
"24408",2020-12-12,"31","26  day ahead inc hosp",2021-01-07,"quantile",0.15,29.8650100285814
"24409",2020-12-12,"31","26  day ahead inc hosp",2021-01-07,"quantile",0.2,36.4099041278911
"24410",2020-12-12,"31","26  day ahead inc hosp",2021-01-07,"quantile",0.25,42.024840496678
"24411",2020-12-12,"31","26  day ahead inc hosp",2021-01-07,"quantile",0.3,47.0672268927525
"24412",2020-12-12,"31","26  day ahead inc hosp",2021-01-07,"quantile",0.35,51.7397493545099
"24413",2020-12-12,"31","26  day ahead inc hosp",2021-01-07,"quantile",0.4,56.1735162437499
"24414",2020-12-12,"31","26  day ahead inc hosp",2021-01-07,"quantile",0.45,60.4632370206558
"24415",2020-12-12,"31","26  day ahead inc hosp",2021-01-07,"quantile",0.5,64.6849458953172
"24416",2020-12-12,"31","26  day ahead inc hosp",2021-01-07,"quantile",0.55,68.9066547699786
"24417",2020-12-12,"31","26  day ahead inc hosp",2021-01-07,"quantile",0.6,73.1963755468846
"24418",2020-12-12,"31","26  day ahead inc hosp",2021-01-07,"quantile",0.65,77.6301424361246
"24419",2020-12-12,"31","26  day ahead inc hosp",2021-01-07,"quantile",0.7,82.302664897882
"24420",2020-12-12,"31","26  day ahead inc hosp",2021-01-07,"quantile",0.75,87.3450512939565
"24421",2020-12-12,"31","26  day ahead inc hosp",2021-01-07,"quantile",0.8,92.9599876627434
"24422",2020-12-12,"31","26  day ahead inc hosp",2021-01-07,"quantile",0.85,99.5048817620531
"24423",2020-12-12,"31","26  day ahead inc hosp",2021-01-07,"quantile",0.9,107.739853016722
"24424",2020-12-12,"31","26  day ahead inc hosp",2021-01-07,"quantile",0.95,119.945320928769
"24425",2020-12-12,"31","26  day ahead inc hosp",2021-01-07,"quantile",0.975,130.531744092478
"24426",2020-12-12,"31","26  day ahead inc hosp",2021-01-07,"quantile",0.99,142.840748862436
"24427",2020-12-12,"31","27  day ahead inc hosp",2021-01-08,"quantile",0.01,0
"24428",2020-12-12,"31","27  day ahead inc hosp",2021-01-08,"quantile",0.025,0
"24429",2020-12-12,"31","27  day ahead inc hosp",2021-01-08,"quantile",0.05,8.38502342194126
"24430",2020-12-12,"31","27  day ahead inc hosp",2021-01-08,"quantile",0.1,20.8184397407121
"24431",2020-12-12,"31","27  day ahead inc hosp",2021-01-08,"quantile",0.15,29.2072067032105
"24432",2020-12-12,"31","27  day ahead inc hosp",2021-01-08,"quantile",0.2,35.8743327556797
"24433",2020-12-12,"31","27  day ahead inc hosp",2021-01-08,"quantile",0.25,41.5941332565381
"24434",2020-12-12,"31","27  day ahead inc hosp",2021-01-08,"quantile",0.3,46.730690884175
"24435",2020-12-12,"31","27  day ahead inc hosp",2021-01-08,"quantile",0.35,51.4904770262941
"24436",2020-12-12,"31","27  day ahead inc hosp",2021-01-08,"quantile",0.4,56.0070486146634
"24437",2020-12-12,"31","27  day ahead inc hosp",2021-01-08,"quantile",0.45,60.3768838962678
"24438",2020-12-12,"31","27  day ahead inc hosp",2021-01-08,"quantile",0.5,64.6774370904234
"24439",2020-12-12,"31","27  day ahead inc hosp",2021-01-08,"quantile",0.55,68.9779902845789
"24440",2020-12-12,"31","27  day ahead inc hosp",2021-01-08,"quantile",0.6,73.3478255661833
"24441",2020-12-12,"31","27  day ahead inc hosp",2021-01-08,"quantile",0.65,77.8643971545526
"24442",2020-12-12,"31","27  day ahead inc hosp",2021-01-08,"quantile",0.7,82.6241832966717
"24443",2020-12-12,"31","27  day ahead inc hosp",2021-01-08,"quantile",0.75,87.7607409243086
"24444",2020-12-12,"31","27  day ahead inc hosp",2021-01-08,"quantile",0.8,93.480541425167
"24445",2020-12-12,"31","27  day ahead inc hosp",2021-01-08,"quantile",0.85,100.147667477636
"24446",2020-12-12,"31","27  day ahead inc hosp",2021-01-08,"quantile",0.9,108.536434440135
"24447",2020-12-12,"31","27  day ahead inc hosp",2021-01-08,"quantile",0.95,120.969850758905
"24448",2020-12-12,"31","27  day ahead inc hosp",2021-01-08,"quantile",0.975,131.753985170595
"24449",2020-12-12,"31","27  day ahead inc hosp",2021-01-08,"quantile",0.99,144.292871993899
"24450",2020-12-12,"31","28  day ahead inc hosp",2021-01-09,"quantile",0.01,0
"24451",2020-12-12,"31","28  day ahead inc hosp",2021-01-09,"quantile",0.025,0
"24452",2020-12-12,"31","28  day ahead inc hosp",2021-01-09,"quantile",0.05,7.36141649054574
"24453",2020-12-12,"31","28  day ahead inc hosp",2021-01-09,"quantile",0.1,20.018895521312
"24454",2020-12-12,"31","28  day ahead inc hosp",2021-01-09,"quantile",0.15,28.5588365318536
"24455",2020-12-12,"31","28  day ahead inc hosp",2021-01-09,"quantile",0.2,35.3461109253928
"24456",2020-12-12,"31","28  day ahead inc hosp",2021-01-09,"quantile",0.25,41.1689880046779
"24457",2020-12-12,"31","28  day ahead inc hosp",2021-01-09,"quantile",0.3,46.3981115854577
"24458",2020-12-12,"31","28  day ahead inc hosp",2021-01-09,"quantile",0.35,51.2436738782484
"24459",2020-12-12,"31","28  day ahead inc hosp",2021-01-09,"quantile",0.4,55.841638645537
"24460",2020-12-12,"31","28  day ahead inc hosp",2021-01-09,"quantile",0.45,60.2902227697014
"24461",2020-12-12,"31","28  day ahead inc hosp",2021-01-09,"quantile",0.5,64.6682762732697
"24462",2020-12-12,"31","28  day ahead inc hosp",2021-01-09,"quantile",0.55,69.0463297768381
"24463",2020-12-12,"31","28  day ahead inc hosp",2021-01-09,"quantile",0.6,73.4949139010025
"24464",2020-12-12,"31","28  day ahead inc hosp",2021-01-09,"quantile",0.65,78.0928786682911
"24465",2020-12-12,"31","28  day ahead inc hosp",2021-01-09,"quantile",0.7,82.9384409610817
"24466",2020-12-12,"31","28  day ahead inc hosp",2021-01-09,"quantile",0.75,88.1675645418616
"24467",2020-12-12,"31","28  day ahead inc hosp",2021-01-09,"quantile",0.8,93.9904416211467
"24468",2020-12-12,"31","28  day ahead inc hosp",2021-01-09,"quantile",0.85,100.777716014686
"24469",2020-12-12,"31","28  day ahead inc hosp",2021-01-09,"quantile",0.9,109.317657025227
"24470",2020-12-12,"31","28  day ahead inc hosp",2021-01-09,"quantile",0.95,121.975136055994
"24471",2020-12-12,"31","28  day ahead inc hosp",2021-01-09,"quantile",0.975,132.953611454976
"24472",2020-12-12,"31","28  day ahead inc hosp",2021-01-09,"quantile",0.99,145.718461675226
"24473",2020-12-12,"31","29  day ahead inc hosp",2021-01-10,"quantile",0.01,0
"24474",2020-12-12,"31","29  day ahead inc hosp",2021-01-10,"quantile",0.025,0
"24475",2020-12-12,"31","29  day ahead inc hosp",2021-01-10,"quantile",0.05,6.43162194124761
"24476",2020-12-12,"31","29  day ahead inc hosp",2021-01-10,"quantile",0.1,19.309137359648
"24477",2020-12-12,"31","29  day ahead inc hosp",2021-01-10,"quantile",0.15,27.9975358763012
"24478",2020-12-12,"31","29  day ahead inc hosp",2021-01-10,"quantile",0.2,34.9027995894992
"24479",2020-12-12,"31","29  day ahead inc hosp",2021-01-10,"quantile",0.25,40.8269009990835
"24480",2020-12-12,"31","29  day ahead inc hosp",2021-01-10,"quantile",0.3,46.1469271569412
"24481",2020-12-12,"31","29  day ahead inc hosp",2021-01-10,"quantile",0.35,51.0767242345868
"24482",2020-12-12,"31","29  day ahead inc hosp",2021-01-10,"quantile",0.4,55.7546195753651
"24483",2020-12-12,"31","29  day ahead inc hosp",2021-01-10,"quantile",0.45,60.2805374544098
"24484",2020-12-12,"31","29  day ahead inc hosp",2021-01-10,"quantile",0.5,64.7346986153918
"24485",2020-12-12,"31","29  day ahead inc hosp",2021-01-10,"quantile",0.55,69.1888597763738
"24486",2020-12-12,"31","29  day ahead inc hosp",2021-01-10,"quantile",0.6,73.7147776554185
"24487",2020-12-12,"31","29  day ahead inc hosp",2021-01-10,"quantile",0.65,78.3926729961968
"24488",2020-12-12,"31","29  day ahead inc hosp",2021-01-10,"quantile",0.7,83.3224700738423
"24489",2020-12-12,"31","29  day ahead inc hosp",2021-01-10,"quantile",0.75,88.6424962317001
"24490",2020-12-12,"31","29  day ahead inc hosp",2021-01-10,"quantile",0.8,94.5665976412843
"24491",2020-12-12,"31","29  day ahead inc hosp",2021-01-10,"quantile",0.85,101.471861354482
"24492",2020-12-12,"31","29  day ahead inc hosp",2021-01-10,"quantile",0.9,110.160259871136
"24493",2020-12-12,"31","29  day ahead inc hosp",2021-01-10,"quantile",0.95,123.037775289536
"24494",2020-12-12,"31","29  day ahead inc hosp",2021-01-10,"quantile",0.975,134.207099439889
"24495",2020-12-12,"31","29  day ahead inc hosp",2021-01-10,"quantile",0.99,147.193852578115
"24496",2020-12-12,"31","30  day ahead inc hosp",2021-01-11,"quantile",0.01,0
"24497",2020-12-12,"31","30  day ahead inc hosp",2021-01-11,"quantile",0.025,0
"24498",2020-12-12,"31","30  day ahead inc hosp",2021-01-11,"quantile",0.05,5.45063107354211
"24499",2020-12-12,"31","30  day ahead inc hosp",2021-01-11,"quantile",0.1,18.5441963633543
"24500",2020-12-12,"31","30  day ahead inc hosp",2021-01-11,"quantile",0.15,27.3783627025499
"24501",2020-12-12,"31","30  day ahead inc hosp",2021-01-11,"quantile",0.2,34.3994780601706
"24502",2020-12-12,"31","30  day ahead inc hosp",2021-01-11,"quantile",0.25,40.4229698650435
"24503",2020-12-12,"31","30  day ahead inc hosp",2021-01-11,"quantile",0.3,45.8322516696598
"24504",2020-12-12,"31","30  day ahead inc hosp",2021-01-11,"quantile",0.35,50.8447574057775
"24505",2020-12-12,"31","30  day ahead inc hosp",2021-01-11,"quantile",0.4,55.6011351753486
"24506",2020-12-12,"31","30  day ahead inc hosp",2021-01-11,"quantile",0.45,60.2029857125201
"24507",2020-12-12,"31","30  day ahead inc hosp",2021-01-11,"quantile",0.5,64.731875648022
"24508",2020-12-12,"31","30  day ahead inc hosp",2021-01-11,"quantile",0.55,69.2607655835238
"24509",2020-12-12,"31","30  day ahead inc hosp",2021-01-11,"quantile",0.6,73.8626161206953
"24510",2020-12-12,"31","30  day ahead inc hosp",2021-01-11,"quantile",0.65,78.6189938902664
"24511",2020-12-12,"31","30  day ahead inc hosp",2021-01-11,"quantile",0.7,83.6314996263841
"24512",2020-12-12,"31","30  day ahead inc hosp",2021-01-11,"quantile",0.75,89.0407814310004
"24513",2020-12-12,"31","30  day ahead inc hosp",2021-01-11,"quantile",0.8,95.0642732358733
"24514",2020-12-12,"31","30  day ahead inc hosp",2021-01-11,"quantile",0.85,102.085388593494
"24515",2020-12-12,"31","30  day ahead inc hosp",2021-01-11,"quantile",0.9,110.91955493269
"24516",2020-12-12,"31","30  day ahead inc hosp",2021-01-11,"quantile",0.95,124.013120222502
"24517",2020-12-12,"31","30  day ahead inc hosp",2021-01-11,"quantile",0.975,135.369835415927
"24518",2020-12-12,"31","30  day ahead inc hosp",2021-01-11,"quantile",0.99,148.574471138985
"24519",2020-12-12,"31","31  day ahead inc hosp",2021-01-12,"quantile",0.01,0
"24520",2020-12-12,"31","31  day ahead inc hosp",2021-01-12,"quantile",0.025,0
"24521",2020-12-12,"31","31  day ahead inc hosp",2021-01-12,"quantile",0.05,4.49030137602649
"24522",2020-12-12,"31","31  day ahead inc hosp",2021-01-12,"quantile",0.1,17.7961297993171
"24523",2020-12-12,"31","31  day ahead inc hosp",2021-01-12,"quantile",0.15,26.7735090669491
"24524",2020-12-12,"31","31  day ahead inc hosp",2021-01-12,"quantile",0.2,33.9084455201489
"24525",2020-12-12,"31","31  day ahead inc hosp",2021-01-12,"quantile",0.25,40.029585690206
"24526",2020-12-12,"31","31  day ahead inc hosp",2021-01-12,"quantile",0.3,45.5265587447075
"24527",2020-12-12,"31","31  day ahead inc hosp",2021-01-12,"quantile",0.35,50.6203234924524
"24528",2020-12-12,"31","31  day ahead inc hosp",2021-01-12,"quantile",0.4,55.4538081177217
"24529",2020-12-12,"31","31  day ahead inc hosp",2021-01-12,"quantile",0.45,60.1302604301316
"24530",2020-12-12,"31","31  day ahead inc hosp",2021-01-12,"quantile",0.5,64.7325693579102
"24531",2020-12-12,"31","31  day ahead inc hosp",2021-01-12,"quantile",0.55,69.3348782856888
"24532",2020-12-12,"31","31  day ahead inc hosp",2021-01-12,"quantile",0.6,74.0113305980987
"24533",2020-12-12,"31","31  day ahead inc hosp",2021-01-12,"quantile",0.65,78.844815223368
"24534",2020-12-12,"31","31  day ahead inc hosp",2021-01-12,"quantile",0.7,83.938579971113
"24535",2020-12-12,"31","31  day ahead inc hosp",2021-01-12,"quantile",0.75,89.4355530256144
"24536",2020-12-12,"31","31  day ahead inc hosp",2021-01-12,"quantile",0.8,95.5566931956716
"24537",2020-12-12,"31","31  day ahead inc hosp",2021-01-12,"quantile",0.85,102.691629648871
"24538",2020-12-12,"31","31  day ahead inc hosp",2021-01-12,"quantile",0.9,111.669008916503
"24539",2020-12-12,"31","31  day ahead inc hosp",2021-01-12,"quantile",0.95,124.974837339794
"24540",2020-12-12,"31","31  day ahead inc hosp",2021-01-12,"quantile",0.975,136.515659145866
"24541",2020-12-12,"31","31  day ahead inc hosp",2021-01-12,"quantile",0.99,149.934358593585
"24542",2020-12-12,"31","32  day ahead inc hosp",2021-01-13,"quantile",0.01,0
"24543",2020-12-12,"31","32  day ahead inc hosp",2021-01-13,"quantile",0.025,0
"24544",2020-12-12,"31","32  day ahead inc hosp",2021-01-13,"quantile",0.05,3.54776252244808
"24545",2020-12-12,"31","32  day ahead inc hosp",2021-01-13,"quantile",0.1,17.0623507501638
"24546",2020-12-12,"31","32  day ahead inc hosp",2021-01-13,"quantile",0.15,26.1805792667522
"24547",2020-12-12,"31","32  day ahead inc hosp",2021-01-13,"quantile",0.2,33.4274582380103
"24548",2020-12-12,"31","32  day ahead inc hosp",2021-01-13,"quantile",0.25,39.6446351210108
"24549",2020-12-12,"31","32  day ahead inc hosp",2021-01-13,"quantile",0.3,45.2278521118746
"24550",2020-12-12,"31","32  day ahead inc hosp",2021-01-13,"quantile",0.35,50.4015347195753
"24551",2020-12-12,"31","32  day ahead inc hosp",2021-01-13,"quantile",0.4,55.310853578758
"24552",2020-12-12,"31","32  day ahead inc hosp",2021-01-13,"quantile",0.45,60.0606763901015
"24553",2020-12-12,"31","32  day ahead inc hosp",2021-01-13,"quantile",0.5,64.7351925552728
"24554",2020-12-12,"31","32  day ahead inc hosp",2021-01-13,"quantile",0.55,69.4097087204442
"24555",2020-12-12,"31","32  day ahead inc hosp",2021-01-13,"quantile",0.6,74.1595315317877
"24556",2020-12-12,"31","32  day ahead inc hosp",2021-01-13,"quantile",0.65,79.0688503909704
"24557",2020-12-12,"31","32  day ahead inc hosp",2021-01-13,"quantile",0.7,84.242532998671
"24558",2020-12-12,"31","32  day ahead inc hosp",2021-01-13,"quantile",0.75,89.8257499895349
"24559",2020-12-12,"31","32  day ahead inc hosp",2021-01-13,"quantile",0.8,96.0429268725354
"24560",2020-12-12,"31","32  day ahead inc hosp",2021-01-13,"quantile",0.85,103.289805843794
"24561",2020-12-12,"31","32  day ahead inc hosp",2021-01-13,"quantile",0.9,112.408034360382
"24562",2020-12-12,"31","32  day ahead inc hosp",2021-01-13,"quantile",0.95,125.922622588098
"24563",2020-12-12,"31","32  day ahead inc hosp",2021-01-13,"quantile",0.975,137.644512391328
"24564",2020-12-12,"31","32  day ahead inc hosp",2021-01-13,"quantile",0.99,151.273742516524
"24565",2020-12-12,"31","33  day ahead inc hosp",2021-01-14,"quantile",0.01,0
"24566",2020-12-12,"31","33  day ahead inc hosp",2021-01-14,"quantile",0.025,0
"24567",2020-12-12,"31","33  day ahead inc hosp",2021-01-14,"quantile",0.05,2.62002027143894
"24568",2020-12-12,"31","33  day ahead inc hosp",2021-01-14,"quantile",0.1,16.3401509402821
"24569",2020-12-12,"31","33  day ahead inc hosp",2021-01-14,"quantile",0.15,25.5970579660841
"24570",2020-12-12,"31","33  day ahead inc hosp",2021-01-14,"quantile",0.2,32.9541542202671
"24571",2020-12-12,"31","33  day ahead inc hosp",2021-01-14,"quantile",0.25,39.2658877180841
"24572",2020-12-12,"31","33  day ahead inc hosp",2021-01-14,"quantile",0.3,44.9340194714483
"24573",2020-12-12,"31","33  day ahead inc hosp",2021-01-14,"quantile",0.35,50.1863882614349
"24574",2020-12-12,"31","33  day ahead inc hosp",2021-01-14,"quantile",0.4,55.1703726128684
"24575",2020-12-12,"31","33  day ahead inc hosp",2021-01-14,"quantile",0.45,59.9924351520612
"24576",2020-12-12,"31","33  day ahead inc hosp",2021-01-14,"quantile",0.5,64.7380457114893
"24577",2020-12-12,"31","33  day ahead inc hosp",2021-01-14,"quantile",0.55,69.4836562709174
"24578",2020-12-12,"31","33  day ahead inc hosp",2021-01-14,"quantile",0.6,74.3057188101103
"24579",2020-12-12,"31","33  day ahead inc hosp",2021-01-14,"quantile",0.65,79.2897031615437
"24580",2020-12-12,"31","33  day ahead inc hosp",2021-01-14,"quantile",0.7,84.5420719515303
"24581",2020-12-12,"31","33  day ahead inc hosp",2021-01-14,"quantile",0.75,90.2102037048945
"24582",2020-12-12,"31","33  day ahead inc hosp",2021-01-14,"quantile",0.8,96.5219372027115
"24583",2020-12-12,"31","33  day ahead inc hosp",2021-01-14,"quantile",0.85,103.879033456895
"24584",2020-12-12,"31","33  day ahead inc hosp",2021-01-14,"quantile",0.9,113.135940482697
"24585",2020-12-12,"31","33  day ahead inc hosp",2021-01-14,"quantile",0.95,126.85607115154
"24586",2020-12-12,"31","33  day ahead inc hosp",2021-01-14,"quantile",0.975,138.756238369087
"24587",2020-12-12,"31","33  day ahead inc hosp",2021-01-14,"quantile",0.99,152.592754516128
"24588",2020-12-12,"31","34  day ahead inc hosp",2021-01-15,"quantile",0.01,0
"24589",2020-12-12,"31","34  day ahead inc hosp",2021-01-15,"quantile",0.025,0
"24590",2020-12-12,"31","34  day ahead inc hosp",2021-01-15,"quantile",0.05,1.70487054003957
"24591",2020-12-12,"31","34  day ahead inc hosp",2021-01-15,"quantile",0.1,15.6275610176023
"24592",2020-12-12,"31","34  day ahead inc hosp",2021-01-15,"quantile",0.15,25.0211341846926
"24593",2020-12-12,"31","34  day ahead inc hosp",2021-01-15,"quantile",0.2,32.4868483555667
"24594",2020-12-12,"31","34  day ahead inc hosp",2021-01-15,"quantile",0.25,38.8917663543819
"24595",2020-12-12,"31","34  day ahead inc hosp",2021-01-15,"quantile",0.3,44.6435806696306
"24596",2020-12-12,"31","34  day ahead inc hosp",2021-01-15,"quantile",0.35,49.973493824398
"24597",2020-12-12,"31","34  day ahead inc hosp",2021-01-15,"quantile",0.4,55.0310601949284
"24598",2020-12-12,"31","34  day ahead inc hosp",2021-01-15,"quantile",0.45,59.9243141891554
"24599",2020-12-12,"31","34  day ahead inc hosp",2021-01-15,"quantile",0.5,64.7399874899944
"24600",2020-12-12,"31","34  day ahead inc hosp",2021-01-15,"quantile",0.55,69.5556607908334
"24601",2020-12-12,"31","34  day ahead inc hosp",2021-01-15,"quantile",0.6,74.4489147850604
"24602",2020-12-12,"31","34  day ahead inc hosp",2021-01-15,"quantile",0.65,79.5064811555908
"24603",2020-12-12,"31","34  day ahead inc hosp",2021-01-15,"quantile",0.7,84.8363943103581
"24604",2020-12-12,"31","34  day ahead inc hosp",2021-01-15,"quantile",0.75,90.5882086256068
"24605",2020-12-12,"31","34  day ahead inc hosp",2021-01-15,"quantile",0.8,96.9931266244221
"24606",2020-12-12,"31","34  day ahead inc hosp",2021-01-15,"quantile",0.85,104.458840795296
"24607",2020-12-12,"31","34  day ahead inc hosp",2021-01-15,"quantile",0.9,113.852413962386
"24608",2020-12-12,"31","34  day ahead inc hosp",2021-01-15,"quantile",0.95,127.775104439949
"24609",2020-12-12,"31","34  day ahead inc hosp",2021-01-15,"quantile",0.975,139.85096208301
"24610",2020-12-12,"31","34  day ahead inc hosp",2021-01-15,"quantile",0.99,153.89175631834
"24611",2020-12-12,"31","35  day ahead inc hosp",2021-01-16,"quantile",0.01,0
"24612",2020-12-12,"31","35  day ahead inc hosp",2021-01-16,"quantile",0.025,0
"24613",2020-12-12,"31","35  day ahead inc hosp",2021-01-16,"quantile",0.05,0.801188604549942
"24614",2020-12-12,"31","35  day ahead inc hosp",2021-01-16,"quantile",0.1,14.9236223739246
"24615",2020-12-12,"31","35  day ahead inc hosp",2021-01-16,"quantile",0.15,24.451961391717
"24616",2020-12-12,"31","35  day ahead inc hosp",2021-01-16,"quantile",0.2,32.0247831885646
"24617",2020-12-12,"31","35  day ahead inc hosp",2021-01-16,"quantile",0.25,38.5215899934214
"24618",2020-12-12,"31","35  day ahead inc hosp",2021-01-16,"quantile",0.3,44.3559232964383
"24619",2020-12-12,"31","35  day ahead inc hosp",2021-01-16,"quantile",0.35,49.7623025911605
"24620",2020-12-12,"31","35  day ahead inc hosp",2021-01-16,"quantile",0.4,54.8924278508679
"24621",2020-12-12,"31","35  day ahead inc hosp",2021-01-16,"quantile",0.45,59.8558834100908
"24622",2020-12-12,"31","35  day ahead inc hosp",2021-01-16,"quantile",0.5,64.7406452566352
"24623",2020-12-12,"31","35  day ahead inc hosp",2021-01-16,"quantile",0.55,69.6254071031795
"24624",2020-12-12,"31","35  day ahead inc hosp",2021-01-16,"quantile",0.6,74.5888626624024
"24625",2020-12-12,"31","35  day ahead inc hosp",2021-01-16,"quantile",0.65,79.7189879221098
"24626",2020-12-12,"31","35  day ahead inc hosp",2021-01-16,"quantile",0.7,85.125367216832
"24627",2020-12-12,"31","35  day ahead inc hosp",2021-01-16,"quantile",0.75,90.9597005198489
"24628",2020-12-12,"31","35  day ahead inc hosp",2021-01-16,"quantile",0.8,97.4565073247057
"24629",2020-12-12,"31","35  day ahead inc hosp",2021-01-16,"quantile",0.85,105.029329121553
"24630",2020-12-12,"31","35  day ahead inc hosp",2021-01-16,"quantile",0.9,114.557668139346
"24631",2020-12-12,"31","35  day ahead inc hosp",2021-01-16,"quantile",0.95,128.68010190872
"24632",2020-12-12,"31","35  day ahead inc hosp",2021-01-16,"quantile",0.975,140.929207068916
"24633",2020-12-12,"31","35  day ahead inc hosp",2021-01-16,"quantile",0.99,155.171438983604
"24634",2020-12-12,"31","36  day ahead inc hosp",2021-01-17,"quantile",0.01,0
"24635",2020-12-12,"31","36  day ahead inc hosp",2021-01-17,"quantile",0.025,0
"24636",2020-12-12,"31","36  day ahead inc hosp",2021-01-17,"quantile",0.05,0
"24637",2020-12-12,"31","36  day ahead inc hosp",2021-01-17,"quantile",0.1,13.8505637766801
"24638",2020-12-12,"31","36  day ahead inc hosp",2021-01-17,"quantile",0.15,23.5118417358352
"24639",2020-12-12,"31","36  day ahead inc hosp",2021-01-17,"quantile",0.2,31.1903191890277
"24640",2020-12-12,"31","36  day ahead inc hosp",2021-01-17,"quantile",0.25,37.7777691392703
"24641",2020-12-12,"31","36  day ahead inc hosp",2021-01-17,"quantile",0.3,43.6935027882878
"24642",2020-12-12,"31","36  day ahead inc hosp",2021-01-17,"quantile",0.35,49.1753116346562
"24643",2020-12-12,"31","36  day ahead inc hosp",2021-01-17,"quantile",0.4,54.3770121626039
"24644",2020-12-12,"31","36  day ahead inc hosp",2021-01-17,"quantile",0.45,59.4097176221832
"24645",2020-12-12,"31","36  day ahead inc hosp",2021-01-17,"quantile",0.5,64.3626314380766
"24646",2020-12-12,"31","36  day ahead inc hosp",2021-01-17,"quantile",0.55,69.31554525397
"24647",2020-12-12,"31","36  day ahead inc hosp",2021-01-17,"quantile",0.6,74.3482507135492
"24648",2020-12-12,"31","36  day ahead inc hosp",2021-01-17,"quantile",0.65,79.549951241497
"24649",2020-12-12,"31","36  day ahead inc hosp",2021-01-17,"quantile",0.7,85.0317600878653
"24650",2020-12-12,"31","36  day ahead inc hosp",2021-01-17,"quantile",0.75,90.9474937368829
"24651",2020-12-12,"31","36  day ahead inc hosp",2021-01-17,"quantile",0.8,97.5349436871255
"24652",2020-12-12,"31","36  day ahead inc hosp",2021-01-17,"quantile",0.85,105.213421140318
"24653",2020-12-12,"31","36  day ahead inc hosp",2021-01-17,"quantile",0.9,114.874699099473
"24654",2020-12-12,"31","36  day ahead inc hosp",2021-01-17,"quantile",0.95,129.194168405814
"24655",2020-12-12,"31","36  day ahead inc hosp",2021-01-17,"quantile",0.975,141.614172509634
"24656",2020-12-12,"31","36  day ahead inc hosp",2021-01-17,"quantile",0.99,156.055111379421
"24657",2020-12-12,"31","37  day ahead inc hosp",2021-01-18,"quantile",0.01,0
"24658",2020-12-12,"31","37  day ahead inc hosp",2021-01-18,"quantile",0.025,0
"24659",2020-12-12,"31","37  day ahead inc hosp",2021-01-18,"quantile",0.05,0
"24660",2020-12-12,"31","37  day ahead inc hosp",2021-01-18,"quantile",0.1,13.1639130661134
"24661",2020-12-12,"31","37  day ahead inc hosp",2021-01-18,"quantile",0.15,22.9563544521071
"24662",2020-12-12,"31","37  day ahead inc hosp",2021-01-18,"quantile",0.2,30.7390764389857
"24663",2020-12-12,"31","37  day ahead inc hosp",2021-01-18,"quantile",0.25,37.4159589170218
"24664",2020-12-12,"31","37  day ahead inc hosp",2021-01-18,"quantile",0.3,43.4120057400263
"24665",2020-12-12,"31","37  day ahead inc hosp",2021-01-18,"quantile",0.35,48.9682367111492
"24666",2020-12-12,"31","37  day ahead inc hosp",2021-01-18,"quantile",0.4,54.2405565577335
"24667",2020-12-12,"31","37  day ahead inc hosp",2021-01-18,"quantile",0.45,59.3415870253643
"24668",2020-12-12,"31","37  day ahead inc hosp",2021-01-18,"quantile",0.5,64.3617425821202
"24669",2020-12-12,"31","37  day ahead inc hosp",2021-01-18,"quantile",0.55,69.3818981388761
"24670",2020-12-12,"31","37  day ahead inc hosp",2021-01-18,"quantile",0.6,74.4829286065069
"24671",2020-12-12,"31","37  day ahead inc hosp",2021-01-18,"quantile",0.65,79.7552484530912
"24672",2020-12-12,"31","37  day ahead inc hosp",2021-01-18,"quantile",0.7,85.3114794242141
"24673",2020-12-12,"31","37  day ahead inc hosp",2021-01-18,"quantile",0.75,91.3075262472186
"24674",2020-12-12,"31","37  day ahead inc hosp",2021-01-18,"quantile",0.8,97.9844087252547
"24675",2020-12-12,"31","37  day ahead inc hosp",2021-01-18,"quantile",0.85,105.767130712133
"24676",2020-12-12,"31","37  day ahead inc hosp",2021-01-18,"quantile",0.9,115.559572098127
"24677",2020-12-12,"31","37  day ahead inc hosp",2021-01-18,"quantile",0.95,130.073445361446
"24678",2020-12-12,"31","37  day ahead inc hosp",2021-01-18,"quantile",0.975,142.66206590571
"24679",2020-12-12,"31","37  day ahead inc hosp",2021-01-18,"quantile",0.99,157.299057827375
"24680",2020-12-12,"32","1  day ahead inc hosp",2020-12-13,"quantile",0.01,78.2049367033407
"24681",2020-12-12,"32","1  day ahead inc hosp",2020-12-13,"quantile",0.025,85.4407949849742
"24682",2020-12-12,"32","1  day ahead inc hosp",2020-12-13,"quantile",0.05,91.6640322940507
"24683",2020-12-12,"32","1  day ahead inc hosp",2020-12-13,"quantile",0.1,98.8390263510965
"24684",2020-12-12,"32","1  day ahead inc hosp",2020-12-13,"quantile",0.15,103.679960778025
"24685",2020-12-12,"32","1  day ahead inc hosp",2020-12-13,"quantile",0.2,107.527381999803
"24686",2020-12-12,"32","1  day ahead inc hosp",2020-12-13,"quantile",0.25,110.828126827207
"24687",2020-12-12,"32","1  day ahead inc hosp",2020-12-13,"quantile",0.3,113.792297696023
"24688",2020-12-12,"32","1  day ahead inc hosp",2020-12-13,"quantile",0.35,116.539043755749
"24689",2020-12-12,"32","1  day ahead inc hosp",2020-12-13,"quantile",0.4,119.145437161546
"24690",2020-12-12,"32","1  day ahead inc hosp",2020-12-13,"quantile",0.45,121.6671529452
"24691",2020-12-12,"32","1  day ahead inc hosp",2020-12-13,"quantile",0.5,124.148887877817
"24692",2020-12-12,"32","1  day ahead inc hosp",2020-12-13,"quantile",0.55,126.630622810435
"24693",2020-12-12,"32","1  day ahead inc hosp",2020-12-13,"quantile",0.6,129.152338594089
"24694",2020-12-12,"32","1  day ahead inc hosp",2020-12-13,"quantile",0.65,131.758731999886
"24695",2020-12-12,"32","1  day ahead inc hosp",2020-12-13,"quantile",0.7,134.505478059611
"24696",2020-12-12,"32","1  day ahead inc hosp",2020-12-13,"quantile",0.75,137.469648928428
"24697",2020-12-12,"32","1  day ahead inc hosp",2020-12-13,"quantile",0.8,140.770393755832
"24698",2020-12-12,"32","1  day ahead inc hosp",2020-12-13,"quantile",0.85,144.61781497761
"24699",2020-12-12,"32","1  day ahead inc hosp",2020-12-13,"quantile",0.9,149.458749404538
"24700",2020-12-12,"32","1  day ahead inc hosp",2020-12-13,"quantile",0.95,156.633743461584
"24701",2020-12-12,"32","1  day ahead inc hosp",2020-12-13,"quantile",0.975,162.856980770661
"24702",2020-12-12,"32","1  day ahead inc hosp",2020-12-13,"quantile",0.99,170.092839052294
"24703",2020-12-12,"32","2  day ahead inc hosp",2020-12-14,"quantile",0.01,72.8258359459977
"24704",2020-12-12,"32","2  day ahead inc hosp",2020-12-14,"quantile",0.025,80.9014449118771
"24705",2020-12-12,"32","2  day ahead inc hosp",2020-12-14,"quantile",0.05,87.8469141366595
"24706",2020-12-12,"32","2  day ahead inc hosp",2020-12-14,"quantile",0.1,95.8545953379735
"24707",2020-12-12,"32","2  day ahead inc hosp",2020-12-14,"quantile",0.15,101.257339827948
"24708",2020-12-12,"32","2  day ahead inc hosp",2020-12-14,"quantile",0.2,105.551269878095
"24709",2020-12-12,"32","2  day ahead inc hosp",2020-12-14,"quantile",0.25,109.235079522339
"24710",2020-12-12,"32","2  day ahead inc hosp",2020-12-14,"quantile",0.3,112.543254435793
"24711",2020-12-12,"32","2  day ahead inc hosp",2020-12-14,"quantile",0.35,115.608771509727
"24712",2020-12-12,"32","2  day ahead inc hosp",2020-12-14,"quantile",0.4,118.517647435322
"24713",2020-12-12,"32","2  day ahead inc hosp",2020-12-14,"quantile",0.45,121.332018557482
"24714",2020-12-12,"32","2  day ahead inc hosp",2020-12-14,"quantile",0.5,124.101768888781
"24715",2020-12-12,"32","2  day ahead inc hosp",2020-12-14,"quantile",0.55,126.87151922008
"24716",2020-12-12,"32","2  day ahead inc hosp",2020-12-14,"quantile",0.6,129.68589034224
"24717",2020-12-12,"32","2  day ahead inc hosp",2020-12-14,"quantile",0.65,132.594766267835
"24718",2020-12-12,"32","2  day ahead inc hosp",2020-12-14,"quantile",0.7,135.660283341769
"24719",2020-12-12,"32","2  day ahead inc hosp",2020-12-14,"quantile",0.75,138.968458255224
"24720",2020-12-12,"32","2  day ahead inc hosp",2020-12-14,"quantile",0.8,142.652267899468
"24721",2020-12-12,"32","2  day ahead inc hosp",2020-12-14,"quantile",0.85,146.946197949614
"24722",2020-12-12,"32","2  day ahead inc hosp",2020-12-14,"quantile",0.9,152.348942439589
"24723",2020-12-12,"32","2  day ahead inc hosp",2020-12-14,"quantile",0.95,160.356623640903
"24724",2020-12-12,"32","2  day ahead inc hosp",2020-12-14,"quantile",0.975,167.302092865685
"24725",2020-12-12,"32","2  day ahead inc hosp",2020-12-14,"quantile",0.99,175.377701831565
"24726",2020-12-12,"32","3  day ahead inc hosp",2020-12-15,"quantile",0.01,68.5854578965419
"24727",2020-12-12,"32","3  day ahead inc hosp",2020-12-15,"quantile",0.025,76.8433593357454
"24728",2020-12-12,"32","3  day ahead inc hosp",2020-12-15,"quantile",0.05,83.9456101442736
"24729",2020-12-12,"32","3  day ahead inc hosp",2020-12-15,"quantile",0.1,92.1340504707442
"24730",2020-12-12,"32","3  day ahead inc hosp",2020-12-15,"quantile",0.15,97.6587522843062
"24731",2020-12-12,"32","3  day ahead inc hosp",2020-12-15,"quantile",0.2,102.049610149114
"24732",2020-12-12,"32","3  day ahead inc hosp",2020-12-15,"quantile",0.25,105.816575227721
"24733",2020-12-12,"32","3  day ahead inc hosp",2020-12-15,"quantile",0.3,109.19942629126
"24734",2020-12-12,"32","3  day ahead inc hosp",2020-12-15,"quantile",0.35,112.334141947219
"24735",2020-12-12,"32","3  day ahead inc hosp",2020-12-15,"quantile",0.4,115.308680560212
"24736",2020-12-12,"32","3  day ahead inc hosp",2020-12-15,"quantile",0.45,118.186581092337
"24737",2020-12-12,"32","3  day ahead inc hosp",2020-12-15,"quantile",0.5,121.018853598807
"24738",2020-12-12,"32","3  day ahead inc hosp",2020-12-15,"quantile",0.55,123.851126105278
"24739",2020-12-12,"32","3  day ahead inc hosp",2020-12-15,"quantile",0.6,126.729026637403
"24740",2020-12-12,"32","3  day ahead inc hosp",2020-12-15,"quantile",0.65,129.703565250395
"24741",2020-12-12,"32","3  day ahead inc hosp",2020-12-15,"quantile",0.7,132.838280906354
"24742",2020-12-12,"32","3  day ahead inc hosp",2020-12-15,"quantile",0.75,136.221131969893
"24743",2020-12-12,"32","3  day ahead inc hosp",2020-12-15,"quantile",0.8,139.9880970485
"24744",2020-12-12,"32","3  day ahead inc hosp",2020-12-15,"quantile",0.85,144.378954913308
"24745",2020-12-12,"32","3  day ahead inc hosp",2020-12-15,"quantile",0.9,149.90365672687
"24746",2020-12-12,"32","3  day ahead inc hosp",2020-12-15,"quantile",0.95,158.092097053341
"24747",2020-12-12,"32","3  day ahead inc hosp",2020-12-15,"quantile",0.975,165.194347861869
"24748",2020-12-12,"32","3  day ahead inc hosp",2020-12-15,"quantile",0.99,173.452249301072
"24749",2020-12-12,"32","4  day ahead inc hosp",2020-12-16,"quantile",0.01,66.3934988041985
"24750",2020-12-12,"32","4  day ahead inc hosp",2020-12-16,"quantile",0.025,75.1192097344586
"24751",2020-12-12,"32","4  day ahead inc hosp",2020-12-16,"quantile",0.05,82.6238025133475
"24752",2020-12-12,"32","4  day ahead inc hosp",2020-12-16,"quantile",0.1,91.2761173640996
"24753",2020-12-12,"32","4  day ahead inc hosp",2020-12-16,"quantile",0.15,97.1137931169451
"24754",2020-12-12,"32","4  day ahead inc hosp",2020-12-16,"quantile",0.2,101.753392747219
"24755",2020-12-12,"32","4  day ahead inc hosp",2020-12-16,"quantile",0.25,105.73375611221
"24756",2020-12-12,"32","4  day ahead inc hosp",2020-12-16,"quantile",0.3,109.308245432274
"24757",2020-12-12,"32","4  day ahead inc hosp",2020-12-16,"quantile",0.35,112.620542492711
"24758",2020-12-12,"32","4  day ahead inc hosp",2020-12-16,"quantile",0.4,115.763588492831
"24759",2020-12-12,"32","4  day ahead inc hosp",2020-12-16,"quantile",0.45,118.804521872121
"24760",2020-12-12,"32","4  day ahead inc hosp",2020-12-16,"quantile",0.5,121.79724240156
"24761",2020-12-12,"32","4  day ahead inc hosp",2020-12-16,"quantile",0.55,124.789962930998
"24762",2020-12-12,"32","4  day ahead inc hosp",2020-12-16,"quantile",0.6,127.830896310289
"24763",2020-12-12,"32","4  day ahead inc hosp",2020-12-16,"quantile",0.65,130.973942310408
"24764",2020-12-12,"32","4  day ahead inc hosp",2020-12-16,"quantile",0.7,134.286239370846
"24765",2020-12-12,"32","4  day ahead inc hosp",2020-12-16,"quantile",0.75,137.860728690909
"24766",2020-12-12,"32","4  day ahead inc hosp",2020-12-16,"quantile",0.8,141.8410920559
"24767",2020-12-12,"32","4  day ahead inc hosp",2020-12-16,"quantile",0.85,146.480691686174
"24768",2020-12-12,"32","4  day ahead inc hosp",2020-12-16,"quantile",0.9,152.31836743902
"24769",2020-12-12,"32","4  day ahead inc hosp",2020-12-16,"quantile",0.95,160.970682289772
"24770",2020-12-12,"32","4  day ahead inc hosp",2020-12-16,"quantile",0.975,168.475275068661
"24771",2020-12-12,"32","4  day ahead inc hosp",2020-12-16,"quantile",0.99,177.200985998921
"24772",2020-12-12,"32","5  day ahead inc hosp",2020-12-17,"quantile",0.01,63.8180882934912
"24773",2020-12-12,"32","5  day ahead inc hosp",2020-12-17,"quantile",0.025,73.0023669007375
"24774",2020-12-12,"32","5  day ahead inc hosp",2020-12-17,"quantile",0.05,80.9013531800354
"24775",2020-12-12,"32","5  day ahead inc hosp",2020-12-17,"quantile",0.1,90.0083784782654
"24776",2020-12-12,"32","5  day ahead inc hosp",2020-12-17,"quantile",0.15,96.1528452112817
"24777",2020-12-12,"32","5  day ahead inc hosp",2020-12-17,"quantile",0.2,101.036272587124
"24778",2020-12-12,"32","5  day ahead inc hosp",2020-12-17,"quantile",0.25,105.225818446978
"24779",2020-12-12,"32","5  day ahead inc hosp",2020-12-17,"quantile",0.3,108.988160112485
"24780",2020-12-12,"32","5  day ahead inc hosp",2020-12-17,"quantile",0.35,112.474530366572
"24781",2020-12-12,"32","5  day ahead inc hosp",2020-12-17,"quantile",0.4,115.78275480481
"24782",2020-12-12,"32","5  day ahead inc hosp",2020-12-17,"quantile",0.45,118.983500234575
"24783",2020-12-12,"32","5  day ahead inc hosp",2020-12-17,"quantile",0.5,122.133499054805
"24784",2020-12-12,"32","5  day ahead inc hosp",2020-12-17,"quantile",0.55,125.283497875035
"24785",2020-12-12,"32","5  day ahead inc hosp",2020-12-17,"quantile",0.6,128.4842433048
"24786",2020-12-12,"32","5  day ahead inc hosp",2020-12-17,"quantile",0.65,131.792467743038
"24787",2020-12-12,"32","5  day ahead inc hosp",2020-12-17,"quantile",0.7,135.278837997125
"24788",2020-12-12,"32","5  day ahead inc hosp",2020-12-17,"quantile",0.75,139.041179662632
"24789",2020-12-12,"32","5  day ahead inc hosp",2020-12-17,"quantile",0.8,143.230725522486
"24790",2020-12-12,"32","5  day ahead inc hosp",2020-12-17,"quantile",0.85,148.114152898328
"24791",2020-12-12,"32","5  day ahead inc hosp",2020-12-17,"quantile",0.9,154.258619631344
"24792",2020-12-12,"32","5  day ahead inc hosp",2020-12-17,"quantile",0.95,163.365644929574
"24793",2020-12-12,"32","5  day ahead inc hosp",2020-12-17,"quantile",0.975,171.264631208872
"24794",2020-12-12,"32","5  day ahead inc hosp",2020-12-17,"quantile",0.99,180.448909816118
"24795",2020-12-12,"32","6  day ahead inc hosp",2020-12-18,"quantile",0.01,61.1931303440782
"24796",2020-12-12,"32","6  day ahead inc hosp",2020-12-18,"quantile",0.025,70.7564854574235
"24797",2020-12-12,"32","6  day ahead inc hosp",2020-12-18,"quantile",0.05,78.9814984448091
"24798",2020-12-12,"32","6  day ahead inc hosp",2020-12-18,"quantile",0.1,88.4644116574459
"24799",2020-12-12,"32","6  day ahead inc hosp",2020-12-18,"quantile",0.15,94.8624881817805
"24800",2020-12-12,"32","6  day ahead inc hosp",2020-12-18,"quantile",0.2,99.9474765801684
"24801",2020-12-12,"32","6  day ahead inc hosp",2020-12-18,"quantile",0.25,104.309943850033
"24802",2020-12-12,"32","6  day ahead inc hosp",2020-12-18,"quantile",0.3,108.22757428609
"24803",2020-12-12,"32","6  day ahead inc hosp",2020-12-18,"quantile",0.35,111.857842728745
"24804",2020-12-12,"32","6  day ahead inc hosp",2020-12-18,"quantile",0.4,115.3026124761
"24805",2020-12-12,"32","6  day ahead inc hosp",2020-12-18,"quantile",0.45,118.635467072661
"24806",2020-12-12,"32","6  day ahead inc hosp",2020-12-18,"quantile",0.5,121.915480518759
"24807",2020-12-12,"32","6  day ahead inc hosp",2020-12-18,"quantile",0.55,125.195493964857
"24808",2020-12-12,"32","6  day ahead inc hosp",2020-12-18,"quantile",0.6,128.528348561418
"24809",2020-12-12,"32","6  day ahead inc hosp",2020-12-18,"quantile",0.65,131.973118308773
"24810",2020-12-12,"32","6  day ahead inc hosp",2020-12-18,"quantile",0.7,135.603386751428
"24811",2020-12-12,"32","6  day ahead inc hosp",2020-12-18,"quantile",0.75,139.521017187485
"24812",2020-12-12,"32","6  day ahead inc hosp",2020-12-18,"quantile",0.8,143.88348445735
"24813",2020-12-12,"32","6  day ahead inc hosp",2020-12-18,"quantile",0.85,148.968472855738
"24814",2020-12-12,"32","6  day ahead inc hosp",2020-12-18,"quantile",0.9,155.366549380072
"24815",2020-12-12,"32","6  day ahead inc hosp",2020-12-18,"quantile",0.95,164.849462592709
"24816",2020-12-12,"32","6  day ahead inc hosp",2020-12-18,"quantile",0.975,173.074475580095
"24817",2020-12-12,"32","6  day ahead inc hosp",2020-12-18,"quantile",0.99,182.63783069344
"24818",2020-12-12,"32","7  day ahead inc hosp",2020-12-19,"quantile",0.01,58.8027387035594
"24819",2020-12-12,"32","7  day ahead inc hosp",2020-12-19,"quantile",0.025,68.742026222715
"24820",2020-12-12,"32","7  day ahead inc hosp",2020-12-19,"quantile",0.05,77.2903618184867
"24821",2020-12-12,"32","7  day ahead inc hosp",2020-12-19,"quantile",0.1,87.1460452917554
"24822",2020-12-12,"32","7  day ahead inc hosp",2020-12-19,"quantile",0.15,93.7956281412076
"24823",2020-12-12,"32","7  day ahead inc hosp",2020-12-19,"quantile",0.2,99.0805057938861
"24824",2020-12-12,"32","7  day ahead inc hosp",2020-12-19,"quantile",0.25,103.614460245455
"24825",2020-12-12,"32","7  day ahead inc hosp",2020-12-19,"quantile",0.3,107.686091470718
"24826",2020-12-12,"32","7  day ahead inc hosp",2020-12-19,"quantile",0.35,111.459064595277
"24827",2020-12-12,"32","7  day ahead inc hosp",2020-12-19,"quantile",0.4,115.039247130637
"24828",2020-12-12,"32","7  day ahead inc hosp",2020-12-19,"quantile",0.45,118.503115166713
"24829",2020-12-12,"32","7  day ahead inc hosp",2020-12-19,"quantile",0.5,121.91206488374
"24830",2020-12-12,"32","7  day ahead inc hosp",2020-12-19,"quantile",0.55,125.321014600767
"24831",2020-12-12,"32","7  day ahead inc hosp",2020-12-19,"quantile",0.6,128.784882636843
"24832",2020-12-12,"32","7  day ahead inc hosp",2020-12-19,"quantile",0.65,132.365065172203
"24833",2020-12-12,"32","7  day ahead inc hosp",2020-12-19,"quantile",0.7,136.138038296762
"24834",2020-12-12,"32","7  day ahead inc hosp",2020-12-19,"quantile",0.75,140.209669522024
"24835",2020-12-12,"32","7  day ahead inc hosp",2020-12-19,"quantile",0.8,144.743623973593
"24836",2020-12-12,"32","7  day ahead inc hosp",2020-12-19,"quantile",0.85,150.028501626272
"24837",2020-12-12,"32","7  day ahead inc hosp",2020-12-19,"quantile",0.9,156.678084475724
"24838",2020-12-12,"32","7  day ahead inc hosp",2020-12-19,"quantile",0.95,166.533767948993
"24839",2020-12-12,"32","7  day ahead inc hosp",2020-12-19,"quantile",0.975,175.082103544764
"24840",2020-12-12,"32","7  day ahead inc hosp",2020-12-19,"quantile",0.99,185.02139106392
"24841",2020-12-12,"32","8  day ahead inc hosp",2020-12-20,"quantile",0.01,63.8182084537272
"24842",2020-12-12,"32","8  day ahead inc hosp",2020-12-20,"quantile",0.025,74.1260446669288
"24843",2020-12-12,"32","8  day ahead inc hosp",2020-12-20,"quantile",0.05,82.9913524716256
"24844",2020-12-12,"32","8  day ahead inc hosp",2020-12-20,"quantile",0.1,93.212484601652
"24845",2020-12-12,"32","8  day ahead inc hosp",2020-12-20,"quantile",0.15,100.108633924847
"24846",2020-12-12,"32","8  day ahead inc hosp",2020-12-20,"quantile",0.2,105.58947479454
"24847",2020-12-12,"32","8  day ahead inc hosp",2020-12-20,"quantile",0.25,110.291548237412
"24848",2020-12-12,"32","8  day ahead inc hosp",2020-12-20,"quantile",0.3,114.514155512801
"24849",2020-12-12,"32","8  day ahead inc hosp",2020-12-20,"quantile",0.35,118.427030447731
"24850",2020-12-12,"32","8  day ahead inc hosp",2020-12-20,"quantile",0.4,122.139966120105
"24851",2020-12-12,"32","8  day ahead inc hosp",2020-12-20,"quantile",0.45,125.732274352582
"24852",2020-12-12,"32","8  day ahead inc hosp",2020-12-20,"quantile",0.5,129.26762789522
"24853",2020-12-12,"32","8  day ahead inc hosp",2020-12-20,"quantile",0.55,132.802981437859
"24854",2020-12-12,"32","8  day ahead inc hosp",2020-12-20,"quantile",0.6,136.395289670336
"24855",2020-12-12,"32","8  day ahead inc hosp",2020-12-20,"quantile",0.65,140.10822534271
"24856",2020-12-12,"32","8  day ahead inc hosp",2020-12-20,"quantile",0.7,144.02110027764
"24857",2020-12-12,"32","8  day ahead inc hosp",2020-12-20,"quantile",0.75,148.243707553029
"24858",2020-12-12,"32","8  day ahead inc hosp",2020-12-20,"quantile",0.8,152.945780995901
"24859",2020-12-12,"32","8  day ahead inc hosp",2020-12-20,"quantile",0.85,158.426621865594
"24860",2020-12-12,"32","8  day ahead inc hosp",2020-12-20,"quantile",0.9,165.322771188789
"24861",2020-12-12,"32","8  day ahead inc hosp",2020-12-20,"quantile",0.95,175.543903318815
"24862",2020-12-12,"32","8  day ahead inc hosp",2020-12-20,"quantile",0.975,184.409211123512
"24863",2020-12-12,"32","8  day ahead inc hosp",2020-12-20,"quantile",0.99,194.717047336714
"24864",2020-12-12,"32","9  day ahead inc hosp",2020-12-21,"quantile",0.01,61.5713516039238
"24865",2020-12-12,"32","9  day ahead inc hosp",2020-12-21,"quantile",0.025,72.2316345087339
"24866",2020-12-12,"32","9  day ahead inc hosp",2020-12-21,"quantile",0.05,81.4000659119463
"24867",2020-12-12,"32","9  day ahead inc hosp",2020-12-21,"quantile",0.1,91.9706801378473
"24868",2020-12-12,"32","9  day ahead inc hosp",2020-12-21,"quantile",0.15,99.102623371959
"24869",2020-12-12,"32","9  day ahead inc hosp",2020-12-21,"quantile",0.2,104.77086576723
"24870",2020-12-12,"32","9  day ahead inc hosp",2020-12-21,"quantile",0.25,109.633713032499
"24871",2020-12-12,"32","9  day ahead inc hosp",2020-12-21,"quantile",0.3,114.000700169324
"24872",2020-12-12,"32","9  day ahead inc hosp",2020-12-21,"quantile",0.35,118.047364562775
"24873",2020-12-12,"32","9  day ahead inc hosp",2020-12-21,"quantile",0.4,121.887253347987
"24874",2020-12-12,"32","9  day ahead inc hosp",2020-12-21,"quantile",0.45,125.60239018635
"24875",2020-12-12,"32","9  day ahead inc hosp",2020-12-21,"quantile",0.5,129.258624933734
"24876",2020-12-12,"32","9  day ahead inc hosp",2020-12-21,"quantile",0.55,132.914859681118
"24877",2020-12-12,"32","9  day ahead inc hosp",2020-12-21,"quantile",0.6,136.629996519482
"24878",2020-12-12,"32","9  day ahead inc hosp",2020-12-21,"quantile",0.65,140.469885304693
"24879",2020-12-12,"32","9  day ahead inc hosp",2020-12-21,"quantile",0.7,144.516549698145
"24880",2020-12-12,"32","9  day ahead inc hosp",2020-12-21,"quantile",0.75,148.88353683497
"24881",2020-12-12,"32","9  day ahead inc hosp",2020-12-21,"quantile",0.8,153.746384100239
"24882",2020-12-12,"32","9  day ahead inc hosp",2020-12-21,"quantile",0.85,159.414626495509
"24883",2020-12-12,"32","9  day ahead inc hosp",2020-12-21,"quantile",0.9,166.546569729621
"24884",2020-12-12,"32","9  day ahead inc hosp",2020-12-21,"quantile",0.95,177.117183955522
"24885",2020-12-12,"32","9  day ahead inc hosp",2020-12-21,"quantile",0.975,186.285615358735
"24886",2020-12-12,"32","9  day ahead inc hosp",2020-12-21,"quantile",0.99,196.945898263545
"24887",2020-12-12,"32","10  day ahead inc hosp",2020-12-22,"quantile",0.01,59.4020966687093
"24888",2020-12-12,"32","10  day ahead inc hosp",2020-12-22,"quantile",0.025,70.4033358861577
"24889",2020-12-12,"32","10  day ahead inc hosp",2020-12-22,"quantile",0.05,79.8650085280719
"24890",2020-12-12,"32","10  day ahead inc hosp",2020-12-22,"quantile",0.1,90.7737111218864
"24891",2020-12-12,"32","10  day ahead inc hosp",2020-12-22,"quantile",0.15,98.1337609727514
"24892",2020-12-12,"32","10  day ahead inc hosp",2020-12-22,"quantile",0.2,103.983295275891
"24893",2020-12-12,"32","10  day ahead inc hosp",2020-12-22,"quantile",0.25,109.001674855573
"24894",2020-12-12,"32","10  day ahead inc hosp",2020-12-22,"quantile",0.3,113.50833481767
"24895",2020-12-12,"32","10  day ahead inc hosp",2020-12-22,"quantile",0.35,117.684426899148
"24896",2020-12-12,"32","10  day ahead inc hosp",2020-12-22,"quantile",0.4,121.647129903535
"24897",2020-12-12,"32","10  day ahead inc hosp",2020-12-22,"quantile",0.45,125.481090920268
"24898",2020-12-12,"32","10  day ahead inc hosp",2020-12-22,"quantile",0.5,129.254265933567
"24899",2020-12-12,"32","10  day ahead inc hosp",2020-12-22,"quantile",0.55,133.027440946865
"24900",2020-12-12,"32","10  day ahead inc hosp",2020-12-22,"quantile",0.6,136.861401963598
"24901",2020-12-12,"32","10  day ahead inc hosp",2020-12-22,"quantile",0.65,140.824104967986
"24902",2020-12-12,"32","10  day ahead inc hosp",2020-12-22,"quantile",0.7,145.000197049464
"24903",2020-12-12,"32","10  day ahead inc hosp",2020-12-22,"quantile",0.75,149.50685701156
"24904",2020-12-12,"32","10  day ahead inc hosp",2020-12-22,"quantile",0.8,154.525236591243
"24905",2020-12-12,"32","10  day ahead inc hosp",2020-12-22,"quantile",0.85,160.374770894382
"24906",2020-12-12,"32","10  day ahead inc hosp",2020-12-22,"quantile",0.9,167.734820745247
"24907",2020-12-12,"32","10  day ahead inc hosp",2020-12-22,"quantile",0.95,178.643523339062
"24908",2020-12-12,"32","10  day ahead inc hosp",2020-12-22,"quantile",0.975,188.105195980976
"24909",2020-12-12,"32","10  day ahead inc hosp",2020-12-22,"quantile",0.99,199.106435198424
"24910",2020-12-12,"32","11  day ahead inc hosp",2020-12-23,"quantile",0.01,57.3011718064475
"24911",2020-12-12,"32","11  day ahead inc hosp",2020-12-23,"quantile",0.025,68.6337079570385
"24912",2020-12-12,"32","11  day ahead inc hosp",2020-12-23,"quantile",0.05,78.3803142384005
"24913",2020-12-12,"32","11  day ahead inc hosp",2020-12-23,"quantile",0.1,89.6175270702402
"24914",2020-12-12,"32","11  day ahead inc hosp",2020-12-23,"quantile",0.15,97.1992212190949
"24915",2020-12-12,"32","11  day ahead inc hosp",2020-12-23,"quantile",0.2,103.224911384009
"24916",2020-12-12,"32","11  day ahead inc hosp",2020-12-23,"quantile",0.25,108.394417007879
"24917",2020-12-12,"32","11  day ahead inc hosp",2020-12-23,"quantile",0.3,113.036792828403
"24918",2020-12-12,"32","11  day ahead inc hosp",2020-12-23,"quantile",0.35,117.33864587842
"24919",2020-12-12,"32","11  day ahead inc hosp",2020-12-23,"quantile",0.4,121.420683743759
"24920",2020-12-12,"32","11  day ahead inc hosp",2020-12-23,"quantile",0.45,125.370102619514
"24921",2020-12-12,"32","11  day ahead inc hosp",2020-12-23,"quantile",0.5,129.256904951099
"24922",2020-12-12,"32","11  day ahead inc hosp",2020-12-23,"quantile",0.55,133.143707282685
"24923",2020-12-12,"32","11  day ahead inc hosp",2020-12-23,"quantile",0.6,137.09312615844
"24924",2020-12-12,"32","11  day ahead inc hosp",2020-12-23,"quantile",0.65,141.175164023779
"24925",2020-12-12,"32","11  day ahead inc hosp",2020-12-23,"quantile",0.7,145.477017073795
"24926",2020-12-12,"32","11  day ahead inc hosp",2020-12-23,"quantile",0.75,150.119392894319
"24927",2020-12-12,"32","11  day ahead inc hosp",2020-12-23,"quantile",0.8,155.288898518189
"24928",2020-12-12,"32","11  day ahead inc hosp",2020-12-23,"quantile",0.85,161.314588683103
"24929",2020-12-12,"32","11  day ahead inc hosp",2020-12-23,"quantile",0.9,168.896282831958
"24930",2020-12-12,"32","11  day ahead inc hosp",2020-12-23,"quantile",0.95,180.133495663798
"24931",2020-12-12,"32","11  day ahead inc hosp",2020-12-23,"quantile",0.975,189.88010194516
"24932",2020-12-12,"32","11  day ahead inc hosp",2020-12-23,"quantile",0.99,201.212638095751
"24933",2020-12-12,"32","12  day ahead inc hosp",2020-12-24,"quantile",0.01,55.2581782696585
"24934",2020-12-12,"32","12  day ahead inc hosp",2020-12-24,"quantile",0.025,66.9124862791834
"24935",2020-12-12,"32","12  day ahead inc hosp",2020-12-24,"quantile",0.05,76.935834110696
"24936",2020-12-12,"32","12  day ahead inc hosp",2020-12-24,"quantile",0.1,88.4921122262542
"24937",2020-12-12,"32","12  day ahead inc hosp",2020-12-24,"quantile",0.15,96.2890782072678
"24938",2020-12-12,"32","12  day ahead inc hosp",2020-12-24,"quantile",0.2,102.485859600126
"24939",2020-12-12,"32","12  day ahead inc hosp",2020-12-24,"quantile",0.25,107.802146263321
"24940",2020-12-12,"32","12  day ahead inc hosp",2020-12-24,"quantile",0.3,112.576335993616
"24941",2020-12-12,"32","12  day ahead inc hosp",2020-12-24,"quantile",0.35,117.000334275236
"24942",2020-12-12,"32","12  day ahead inc hosp",2020-12-24,"quantile",0.4,121.198276020758
"24943",2020-12-12,"32","12  day ahead inc hosp",2020-12-24,"quantile",0.45,125.259833241935
"24944",2020-12-12,"32","12  day ahead inc hosp",2020-12-24,"quantile",0.5,129.256996007842
"24945",2020-12-12,"32","12  day ahead inc hosp",2020-12-24,"quantile",0.55,133.254158773749
"24946",2020-12-12,"32","12  day ahead inc hosp",2020-12-24,"quantile",0.6,137.315715994926
"24947",2020-12-12,"32","12  day ahead inc hosp",2020-12-24,"quantile",0.65,141.513657740448
"24948",2020-12-12,"32","12  day ahead inc hosp",2020-12-24,"quantile",0.7,145.937656022068
"24949",2020-12-12,"32","12  day ahead inc hosp",2020-12-24,"quantile",0.75,150.711845752363
"24950",2020-12-12,"32","12  day ahead inc hosp",2020-12-24,"quantile",0.8,156.028132415558
"24951",2020-12-12,"32","12  day ahead inc hosp",2020-12-24,"quantile",0.85,162.224913808416
"24952",2020-12-12,"32","12  day ahead inc hosp",2020-12-24,"quantile",0.9,170.021879789429
"24953",2020-12-12,"32","12  day ahead inc hosp",2020-12-24,"quantile",0.95,181.578157904987
"24954",2020-12-12,"32","12  day ahead inc hosp",2020-12-24,"quantile",0.975,191.6015057365
"24955",2020-12-12,"32","12  day ahead inc hosp",2020-12-24,"quantile",0.99,203.255813746025
"24956",2020-12-12,"32","13  day ahead inc hosp",2020-12-25,"quantile",0.01,53.2699737239596
"24957",2020-12-12,"32","13  day ahead inc hosp",2020-12-25,"quantile",0.025,65.2373352245176
"24958",2020-12-12,"32","13  day ahead inc hosp",2020-12-25,"quantile",0.05,75.5299263288121
"24959",2020-12-12,"32","13  day ahead inc hosp",2020-12-25,"quantile",0.1,87.3966246945015
"24960",2020-12-12,"32","13  day ahead inc hosp",2020-12-25,"quantile",0.15,95.4030297445553
"24961",2020-12-12,"32","13  day ahead inc hosp",2020-12-25,"quantile",0.2,101.766266670133
"24962",2020-12-12,"32","13  day ahead inc hosp",2020-12-25,"quantile",0.25,107.225357358919
"24963",2020-12-12,"32","13  day ahead inc hosp",2020-12-25,"quantile",0.3,112.12778951774
"24964",2020-12-12,"32","13  day ahead inc hosp",2020-12-25,"quantile",0.35,116.670623521331
"24965",2020-12-12,"32","13  day ahead inc hosp",2020-12-25,"quantile",0.4,120.981328746033
"24966",2020-12-12,"32","13  day ahead inc hosp",2020-12-25,"quantile",0.45,125.151985938317
"24967",2020-12-12,"32","13  day ahead inc hosp",2020-12-25,"quantile",0.5,129.256518936509
"24968",2020-12-12,"32","13  day ahead inc hosp",2020-12-25,"quantile",0.55,133.3610519347
"24969",2020-12-12,"32","13  day ahead inc hosp",2020-12-25,"quantile",0.6,137.531709126984
"24970",2020-12-12,"32","13  day ahead inc hosp",2020-12-25,"quantile",0.65,141.842414351686
"24971",2020-12-12,"32","13  day ahead inc hosp",2020-12-25,"quantile",0.7,146.385248355277
"24972",2020-12-12,"32","13  day ahead inc hosp",2020-12-25,"quantile",0.75,151.287680514098
"24973",2020-12-12,"32","13  day ahead inc hosp",2020-12-25,"quantile",0.8,156.746771202884
"24974",2020-12-12,"32","13  day ahead inc hosp",2020-12-25,"quantile",0.85,163.110008128462
"24975",2020-12-12,"32","13  day ahead inc hosp",2020-12-25,"quantile",0.9,171.116413178516
"24976",2020-12-12,"32","13  day ahead inc hosp",2020-12-25,"quantile",0.95,182.983111544205
"24977",2020-12-12,"32","13  day ahead inc hosp",2020-12-25,"quantile",0.975,193.2757026485
"24978",2020-12-12,"32","13  day ahead inc hosp",2020-12-25,"quantile",0.99,205.243064149058
"24979",2020-12-12,"32","14  day ahead inc hosp",2020-12-26,"quantile",0.01,51.3328140205208
"24980",2020-12-12,"32","14  day ahead inc hosp",2020-12-26,"quantile",0.025,63.6052812378353
"24981",2020-12-12,"32","14  day ahead inc hosp",2020-12-26,"quantile",0.05,74.1602800905723
"24982",2020-12-12,"32","14  day ahead inc hosp",2020-12-26,"quantile",0.1,86.3295177846032
"24983",2020-12-12,"32","14  day ahead inc hosp",2020-12-26,"quantile",0.15,94.5400446831803
"24984",2020-12-12,"32","14  day ahead inc hosp",2020-12-26,"quantile",0.2,101.06551118317
"24985",2020-12-12,"32","14  day ahead inc hosp",2020-12-26,"quantile",0.25,106.663780401607
"24986",2020-12-12,"32","14  day ahead inc hosp",2020-12-26,"quantile",0.3,111.691199181547
"24987",2020-12-12,"32","14  day ahead inc hosp",2020-12-26,"quantile",0.35,116.349851916335
"24988",2020-12-12,"32","14  day ahead inc hosp",2020-12-26,"quantile",0.4,120.770457791004
"24989",2020-12-12,"32","14  day ahead inc hosp",2020-12-26,"quantile",0.45,125.047445134002
"24990",2020-12-12,"32","14  day ahead inc hosp",2020-12-26,"quantile",0.5,129.25662245854
"24991",2020-12-12,"32","14  day ahead inc hosp",2020-12-26,"quantile",0.55,133.465799783077
"24992",2020-12-12,"32","14  day ahead inc hosp",2020-12-26,"quantile",0.6,137.742787126075
"24993",2020-12-12,"32","14  day ahead inc hosp",2020-12-26,"quantile",0.65,142.163393000744
"24994",2020-12-12,"32","14  day ahead inc hosp",2020-12-26,"quantile",0.7,146.822045735533
"24995",2020-12-12,"32","14  day ahead inc hosp",2020-12-26,"quantile",0.75,151.849464515473
"24996",2020-12-12,"32","14  day ahead inc hosp",2020-12-26,"quantile",0.8,157.447733733909
"24997",2020-12-12,"32","14  day ahead inc hosp",2020-12-26,"quantile",0.85,163.973200233899
"24998",2020-12-12,"32","14  day ahead inc hosp",2020-12-26,"quantile",0.9,172.183727132476
"24999",2020-12-12,"32","14  day ahead inc hosp",2020-12-26,"quantile",0.95,184.352964826507
"25000",2020-12-12,"32","14  day ahead inc hosp",2020-12-26,"quantile",0.975,194.907963679244
"25001",2020-12-12,"32","14  day ahead inc hosp",2020-12-26,"quantile",0.99,207.180430896558
"25002",2020-12-12,"32","15  day ahead inc hosp",2020-12-27,"quantile",0.01,57.9325138632024
"25003",2020-12-12,"32","15  day ahead inc hosp",2020-12-27,"quantile",0.025,70.502686259805
"25004",2020-12-12,"32","15  day ahead inc hosp",2020-12-27,"quantile",0.05,81.3137279904897
"25005",2020-12-12,"32","15  day ahead inc hosp",2020-12-27,"quantile",0.1,93.7781667248125
"25006",2020-12-12,"32","15  day ahead inc hosp",2020-12-27,"quantile",0.15,102.187864363804
"25007",2020-12-12,"32","15  day ahead inc hosp",2020-12-27,"quantile",0.2,108.871625454435
"25008",2020-12-12,"32","15  day ahead inc hosp",2020-12-27,"quantile",0.25,114.605697336824
"25009",2020-12-12,"32","15  day ahead inc hosp",2020-12-27,"quantile",0.3,119.755071106151
"25010",2020-12-12,"32","15  day ahead inc hosp",2020-12-27,"quantile",0.35,124.526733313532
"25011",2020-12-12,"32","15  day ahead inc hosp",2020-12-27,"quantile",0.4,129.054574126473
"25012",2020-12-12,"32","15  day ahead inc hosp",2020-12-27,"quantile",0.45,133.435312513268
"25013",2020-12-12,"32","15  day ahead inc hosp",2020-12-27,"quantile",0.5,137.746595948
"25014",2020-12-12,"32","15  day ahead inc hosp",2020-12-27,"quantile",0.55,142.057879382732
"25015",2020-12-12,"32","15  day ahead inc hosp",2020-12-27,"quantile",0.6,146.438617769527
"25016",2020-12-12,"32","15  day ahead inc hosp",2020-12-27,"quantile",0.65,150.966458582468
"25017",2020-12-12,"32","15  day ahead inc hosp",2020-12-27,"quantile",0.7,155.73812078985
"25018",2020-12-12,"32","15  day ahead inc hosp",2020-12-27,"quantile",0.75,160.887494559176
"25019",2020-12-12,"32","15  day ahead inc hosp",2020-12-27,"quantile",0.8,166.621566441565
"25020",2020-12-12,"32","15  day ahead inc hosp",2020-12-27,"quantile",0.85,173.305327532196
"25021",2020-12-12,"32","15  day ahead inc hosp",2020-12-27,"quantile",0.9,181.715025171188
"25022",2020-12-12,"32","15  day ahead inc hosp",2020-12-27,"quantile",0.95,194.179463905511
"25023",2020-12-12,"32","15  day ahead inc hosp",2020-12-27,"quantile",0.975,204.990505636195
"25024",2020-12-12,"32","15  day ahead inc hosp",2020-12-27,"quantile",0.99,217.560678032798
"25025",2020-12-12,"32","16  day ahead inc hosp",2020-12-28,"quantile",0.01,56.0859937091241
"25026",2020-12-12,"32","16  day ahead inc hosp",2020-12-28,"quantile",0.025,68.9469753881131
"25027",2020-12-12,"32","16  day ahead inc hosp",2020-12-28,"quantile",0.05,80.0081291449781
"25028",2020-12-12,"32","16  day ahead inc hosp",2020-12-28,"quantile",0.1,92.76093102734
"25029",2020-12-12,"32","16  day ahead inc hosp",2020-12-28,"quantile",0.15,101.365185913307
"25030",2020-12-12,"32","16  day ahead inc hosp",2020-12-28,"quantile",0.2,108.203574936243
"25031",2020-12-12,"32","16  day ahead inc hosp",2020-12-28,"quantile",0.25,114.070303816217
"25032",2020-12-12,"32","16  day ahead inc hosp",2020-12-28,"quantile",0.3,119.338807669313
"25033",2020-12-12,"32","16  day ahead inc hosp",2020-12-28,"quantile",0.35,124.220861653238
"25034",2020-12-12,"32","16  day ahead inc hosp",2020-12-28,"quantile",0.4,128.853453466883
"25035",2020-12-12,"32","16  day ahead inc hosp",2020-12-28,"quantile",0.45,133.335539659133
"25036",2020-12-12,"32","16  day ahead inc hosp",2020-12-28,"quantile",0.5,137.746564068155
"25037",2020-12-12,"32","16  day ahead inc hosp",2020-12-28,"quantile",0.55,142.157588477176
"25038",2020-12-12,"32","16  day ahead inc hosp",2020-12-28,"quantile",0.6,146.639674669426
"25039",2020-12-12,"32","16  day ahead inc hosp",2020-12-28,"quantile",0.65,151.272266483071
"25040",2020-12-12,"32","16  day ahead inc hosp",2020-12-28,"quantile",0.7,156.154320466996
"25041",2020-12-12,"32","16  day ahead inc hosp",2020-12-28,"quantile",0.75,161.422824320092
"25042",2020-12-12,"32","16  day ahead inc hosp",2020-12-28,"quantile",0.8,167.289553200067
"25043",2020-12-12,"32","16  day ahead inc hosp",2020-12-28,"quantile",0.85,174.127942223002
"25044",2020-12-12,"32","16  day ahead inc hosp",2020-12-28,"quantile",0.9,182.732197108969
"25045",2020-12-12,"32","16  day ahead inc hosp",2020-12-28,"quantile",0.95,195.484998991331
"25046",2020-12-12,"32","16  day ahead inc hosp",2020-12-28,"quantile",0.975,206.546152748196
"25047",2020-12-12,"32","16  day ahead inc hosp",2020-12-28,"quantile",0.99,219.407134427185
"25048",2020-12-12,"32","17  day ahead inc hosp",2020-12-29,"quantile",0.01,54.2803357453946
"25049",2020-12-12,"32","17  day ahead inc hosp",2020-12-29,"quantile",0.025,67.4256959408944
"25050",2020-12-12,"32","17  day ahead inc hosp",2020-12-29,"quantile",0.05,78.731430910515
"25051",2020-12-12,"32","17  day ahead inc hosp",2020-12-29,"quantile",0.1,91.7662192672521
"25052",2020-12-12,"32","17  day ahead inc hosp",2020-12-29,"quantile",0.15,100.560729088746
"25053",2020-12-12,"32","17  day ahead inc hosp",2020-12-29,"quantile",0.2,107.550326703235
"25054",2020-12-12,"32","17  day ahead inc hosp",2020-12-29,"quantile",0.25,113.546779090893
"25055",2020-12-12,"32","17  day ahead inc hosp",2020-12-29,"quantile",0.3,118.931778663163
"25056",2020-12-12,"32","17  day ahead inc hosp",2020-12-29,"quantile",0.35,123.921783292235
"25057",2020-12-12,"32","17  day ahead inc hosp",2020-12-29,"quantile",0.4,128.656809711609
"25058",2020-12-12,"32","17  day ahead inc hosp",2020-12-29,"quantile",0.45,133.238002570366
"25059",2020-12-12,"32","17  day ahead inc hosp",2020-12-29,"quantile",0.5,137.746562347141
"25060",2020-12-12,"32","17  day ahead inc hosp",2020-12-29,"quantile",0.55,142.255122123916
"25061",2020-12-12,"32","17  day ahead inc hosp",2020-12-29,"quantile",0.6,146.836314982674
"25062",2020-12-12,"32","17  day ahead inc hosp",2020-12-29,"quantile",0.65,151.571341402047
"25063",2020-12-12,"32","17  day ahead inc hosp",2020-12-29,"quantile",0.7,156.56134603112
"25064",2020-12-12,"32","17  day ahead inc hosp",2020-12-29,"quantile",0.75,161.946345603389
"25065",2020-12-12,"32","17  day ahead inc hosp",2020-12-29,"quantile",0.8,167.942797991048
"25066",2020-12-12,"32","17  day ahead inc hosp",2020-12-29,"quantile",0.85,174.932395605537
"25067",2020-12-12,"32","17  day ahead inc hosp",2020-12-29,"quantile",0.9,183.726905427031
"25068",2020-12-12,"32","17  day ahead inc hosp",2020-12-29,"quantile",0.95,196.761693783768
"25069",2020-12-12,"32","17  day ahead inc hosp",2020-12-29,"quantile",0.975,208.067428753388
"25070",2020-12-12,"32","17  day ahead inc hosp",2020-12-29,"quantile",0.99,221.212788948888
"25071",2020-12-12,"32","18  day ahead inc hosp",2020-12-30,"quantile",0.01,52.5129242156927
"25072",2020-12-12,"32","18  day ahead inc hosp",2020-12-30,"quantile",0.025,65.9366405788961
"25073",2020-12-12,"32","18  day ahead inc hosp",2020-12-30,"quantile",0.05,77.4817772090581
"25074",2020-12-12,"32","18  day ahead inc hosp",2020-12-30,"quantile",0.1,90.792580348186
"25075",2020-12-12,"32","18  day ahead inc hosp",2020-12-30,"quantile",0.15,99.7733160329759
"25076",2020-12-12,"32","18  day ahead inc hosp",2020-12-30,"quantile",0.2,106.910920060132
"25077",2020-12-12,"32","18  day ahead inc hosp",2020-12-30,"quantile",0.25,113.034348771119
"25078",2020-12-12,"32","18  day ahead inc hosp",2020-12-30,"quantile",0.3,118.533377006105
"25079",2020-12-12,"32","18  day ahead inc hosp",2020-12-30,"quantile",0.35,123.629046184853
"25080",2020-12-12,"32","18  day ahead inc hosp",2020-12-30,"quantile",0.4,128.464337928908
"25081",2020-12-12,"32","18  day ahead inc hosp",2020-12-30,"quantile",0.45,133.142538649658
"25082",2020-12-12,"32","18  day ahead inc hosp",2020-12-30,"quantile",0.5,137.746568265422
"25083",2020-12-12,"32","18  day ahead inc hosp",2020-12-30,"quantile",0.55,142.350597881187
"25084",2020-12-12,"32","18  day ahead inc hosp",2020-12-30,"quantile",0.6,147.028798601937
"25085",2020-12-12,"32","18  day ahead inc hosp",2020-12-30,"quantile",0.65,151.864090345992
"25086",2020-12-12,"32","18  day ahead inc hosp",2020-12-30,"quantile",0.7,156.95975952474
"25087",2020-12-12,"32","18  day ahead inc hosp",2020-12-30,"quantile",0.75,162.458787759726
"25088",2020-12-12,"32","18  day ahead inc hosp",2020-12-30,"quantile",0.8,168.582216470713
"25089",2020-12-12,"32","18  day ahead inc hosp",2020-12-30,"quantile",0.85,175.719820497869
"25090",2020-12-12,"32","18  day ahead inc hosp",2020-12-30,"quantile",0.9,184.700556182659
"25091",2020-12-12,"32","18  day ahead inc hosp",2020-12-30,"quantile",0.95,198.011359321787
"25092",2020-12-12,"32","18  day ahead inc hosp",2020-12-30,"quantile",0.975,209.556495951949
"25093",2020-12-12,"32","18  day ahead inc hosp",2020-12-30,"quantile",0.99,222.980212315152
"25094",2020-12-12,"32","19  day ahead inc hosp",2020-12-31,"quantile",0.01,50.7814203047468
"25095",2020-12-12,"32","19  day ahead inc hosp",2020-12-31,"quantile",0.025,64.4778365128174
"25096",2020-12-12,"32","19  day ahead inc hosp",2020-12-31,"quantile",0.05,76.257510053834
"25097",2020-12-12,"32","19  day ahead inc hosp",2020-12-31,"quantile",0.1,89.8387192305214
"25098",2020-12-12,"32","19  day ahead inc hosp",2020-12-31,"quantile",0.15,99.0018965850973
"25099",2020-12-12,"32","19  day ahead inc hosp",2020-12-31,"quantile",0.2,106.284499467881
"25100",2020-12-12,"32","19  day ahead inc hosp",2020-12-31,"quantile",0.25,112.532324286053
"25101",2020-12-12,"32","19  day ahead inc hosp",2020-12-31,"quantile",0.3,118.143064069915
"25102",2020-12-12,"32","19  day ahead inc hosp",2020-12-31,"quantile",0.35,123.342250647044
"25103",2020-12-12,"32","19  day ahead inc hosp",2020-12-31,"quantile",0.4,128.275770279176
"25104",2020-12-12,"32","19  day ahead inc hosp",2020-12-31,"quantile",0.45,133.049007618421
"25105",2020-12-12,"32","19  day ahead inc hosp",2020-12-31,"quantile",0.5,137.746567083001
"25106",2020-12-12,"32","19  day ahead inc hosp",2020-12-31,"quantile",0.55,142.44412654758
"25107",2020-12-12,"32","19  day ahead inc hosp",2020-12-31,"quantile",0.6,147.217363886825
"25108",2020-12-12,"32","19  day ahead inc hosp",2020-12-31,"quantile",0.65,152.150883518957
"25109",2020-12-12,"32","19  day ahead inc hosp",2020-12-31,"quantile",0.7,157.350070096087
"25110",2020-12-12,"32","19  day ahead inc hosp",2020-12-31,"quantile",0.75,162.960809879949
"25111",2020-12-12,"32","19  day ahead inc hosp",2020-12-31,"quantile",0.8,169.208634698121
"25112",2020-12-12,"32","19  day ahead inc hosp",2020-12-31,"quantile",0.85,176.491237580904
"25113",2020-12-12,"32","19  day ahead inc hosp",2020-12-31,"quantile",0.9,185.65441493548
"25114",2020-12-12,"32","19  day ahead inc hosp",2020-12-31,"quantile",0.95,199.235624112168
"25115",2020-12-12,"32","19  day ahead inc hosp",2020-12-31,"quantile",0.975,211.015297653184
"25116",2020-12-12,"32","19  day ahead inc hosp",2020-12-31,"quantile",0.99,224.711713861255
"25117",2020-12-12,"32","20  day ahead inc hosp",2021-01-01,"quantile",0.01,49.0837252909615
"25118",2020-12-12,"32","20  day ahead inc hosp",2021-01-01,"quantile",0.025,63.0475167459693
"25119",2020-12-12,"32","20  day ahead inc hosp",2021-01-01,"quantile",0.05,75.0571477498741
"25120",2020-12-12,"32","20  day ahead inc hosp",2021-01-01,"quantile",0.1,88.9034831539014
"25121",2020-12-12,"32","20  day ahead inc hosp",2021-01-01,"quantile",0.15,98.2455399153739
"25122",2020-12-12,"32","20  day ahead inc hosp",2021-01-01,"quantile",0.2,105.670310480166
"25123",2020-12-12,"32","20  day ahead inc hosp",2021-01-01,"quantile",0.25,112.040102510651
"25124",2020-12-12,"32","20  day ahead inc hosp",2021-01-01,"quantile",0.3,117.760372620725
"25125",2020-12-12,"32","20  day ahead inc hosp",2021-01-01,"quantile",0.35,123.061055368373
"25126",2020-12-12,"32","20  day ahead inc hosp",2021-01-01,"quantile",0.4,128.090884940993
"25127",2020-12-12,"32","20  day ahead inc hosp",2021-01-01,"quantile",0.45,132.957303262248
"25128",2020-12-12,"32","20  day ahead inc hosp",2021-01-01,"quantile",0.5,137.74656635957
"25129",2020-12-12,"32","20  day ahead inc hosp",2021-01-01,"quantile",0.55,142.535829456893
"25130",2020-12-12,"32","20  day ahead inc hosp",2021-01-01,"quantile",0.6,147.402247778147
"25131",2020-12-12,"32","20  day ahead inc hosp",2021-01-01,"quantile",0.65,152.432077350768
"25132",2020-12-12,"32","20  day ahead inc hosp",2021-01-01,"quantile",0.7,157.732760098415
"25133",2020-12-12,"32","20  day ahead inc hosp",2021-01-01,"quantile",0.75,163.453030208489
"25134",2020-12-12,"32","20  day ahead inc hosp",2021-01-01,"quantile",0.8,169.822822238974
"25135",2020-12-12,"32","20  day ahead inc hosp",2021-01-01,"quantile",0.85,177.247592803767
"25136",2020-12-12,"32","20  day ahead inc hosp",2021-01-01,"quantile",0.9,186.589649565239
"25137",2020-12-12,"32","20  day ahead inc hosp",2021-01-01,"quantile",0.95,200.435984969266
"25138",2020-12-12,"32","20  day ahead inc hosp",2021-01-01,"quantile",0.975,212.445615973171
"25139",2020-12-12,"32","20  day ahead inc hosp",2021-01-01,"quantile",0.99,226.409407428179
"25140",2020-12-12,"32","21  day ahead inc hosp",2021-01-02,"quantile",0.01,47.417932847322
"25141",2020-12-12,"32","21  day ahead inc hosp",2021-01-02,"quantile",0.025,61.6440752869859
"25142",2020-12-12,"32","21  day ahead inc hosp",2021-01-02,"quantile",0.05,73.8793426110393
"25143",2020-12-12,"32","21  day ahead inc hosp",2021-01-02,"quantile",0.1,87.9858222415705
"25144",2020-12-12,"32","21  day ahead inc hosp",2021-01-02,"quantile",0.15,97.5033970776277
"25145",2020-12-12,"32","21  day ahead inc hosp",2021-01-02,"quantile",0.2,105.067663844064
"25146",2020-12-12,"32","21  day ahead inc hosp",2021-01-02,"quantile",0.25,111.557131194582
"25147",2020-12-12,"32","21  day ahead inc hosp",2021-01-02,"quantile",0.3,117.384873440767
"25148",2020-12-12,"32","21  day ahead inc hosp",2021-01-02,"quantile",0.35,122.785145139071
"25149",2020-12-12,"32","21  day ahead inc hosp",2021-01-02,"quantile",0.4,127.90947488704
"25150",2020-12-12,"32","21  day ahead inc hosp",2021-01-02,"quantile",0.45,132.867323221586
"25151",2020-12-12,"32","21  day ahead inc hosp",2021-01-02,"quantile",0.5,137.746566743882
"25152",2020-12-12,"32","21  day ahead inc hosp",2021-01-02,"quantile",0.55,142.625810266178
"25153",2020-12-12,"32","21  day ahead inc hosp",2021-01-02,"quantile",0.6,147.583658600723
"25154",2020-12-12,"32","21  day ahead inc hosp",2021-01-02,"quantile",0.65,152.707988348693
"25155",2020-12-12,"32","21  day ahead inc hosp",2021-01-02,"quantile",0.7,158.108260046997
"25156",2020-12-12,"32","21  day ahead inc hosp",2021-01-02,"quantile",0.75,163.936002293182
"25157",2020-12-12,"32","21  day ahead inc hosp",2021-01-02,"quantile",0.8,170.4254696437
"25158",2020-12-12,"32","21  day ahead inc hosp",2021-01-02,"quantile",0.85,177.989736410136
"25159",2020-12-12,"32","21  day ahead inc hosp",2021-01-02,"quantile",0.9,187.507311246193
"25160",2020-12-12,"32","21  day ahead inc hosp",2021-01-02,"quantile",0.95,201.613790876724
"25161",2020-12-12,"32","21  day ahead inc hosp",2021-01-02,"quantile",0.975,213.849058200778
"25162",2020-12-12,"32","21  day ahead inc hosp",2021-01-02,"quantile",0.99,228.075200640442
"25163",2020-12-12,"32","22  day ahead inc hosp",2021-01-03,"quantile",0.01,63.4519798959651
"25164",2020-12-12,"32","22  day ahead inc hosp",2021-01-03,"quantile",0.025,77.9357219987932
"25165",2020-12-12,"32","22  day ahead inc hosp",2021-01-03,"quantile",0.05,90.3925392443919
"25166",2020-12-12,"32","22  day ahead inc hosp",2021-01-03,"quantile",0.1,104.754451745546
"25167",2020-12-12,"32","22  day ahead inc hosp",2021-01-03,"quantile",0.15,114.444365926743
"25168",2020-12-12,"32","22  day ahead inc hosp",2021-01-03,"quantile",0.2,122.145602541427
"25169",2020-12-12,"32","22  day ahead inc hosp",2021-01-03,"quantile",0.25,128.752577825715
"25170",2020-12-12,"32","22  day ahead inc hosp",2021-01-03,"quantile",0.3,134.685845828162
"25171",2020-12-12,"32","22  day ahead inc hosp",2021-01-03,"quantile",0.35,140.183902866123
"25172",2020-12-12,"32","22  day ahead inc hosp",2021-01-03,"quantile",0.4,145.401021338978
"25173",2020-12-12,"32","22  day ahead inc hosp",2021-01-03,"quantile",0.45,150.448643838686
"25174",2020-12-12,"32","22  day ahead inc hosp",2021-01-03,"quantile",0.5,155.416238190673
"25175",2020-12-12,"32","22  day ahead inc hosp",2021-01-03,"quantile",0.55,160.383832542659
"25176",2020-12-12,"32","22  day ahead inc hosp",2021-01-03,"quantile",0.6,165.431455042367
"25177",2020-12-12,"32","22  day ahead inc hosp",2021-01-03,"quantile",0.65,170.648573515222
"25178",2020-12-12,"32","22  day ahead inc hosp",2021-01-03,"quantile",0.7,176.146630553183
"25179",2020-12-12,"32","22  day ahead inc hosp",2021-01-03,"quantile",0.75,182.07989855563
"25180",2020-12-12,"32","22  day ahead inc hosp",2021-01-03,"quantile",0.8,188.686873839918
"25181",2020-12-12,"32","22  day ahead inc hosp",2021-01-03,"quantile",0.85,196.388110454602
"25182",2020-12-12,"32","22  day ahead inc hosp",2021-01-03,"quantile",0.9,206.078024635799
"25183",2020-12-12,"32","22  day ahead inc hosp",2021-01-03,"quantile",0.95,220.439937136953
"25184",2020-12-12,"32","22  day ahead inc hosp",2021-01-03,"quantile",0.975,232.896754382552
"25185",2020-12-12,"32","22  day ahead inc hosp",2021-01-03,"quantile",0.99,247.38049648538
"25186",2020-12-12,"32","23  day ahead inc hosp",2021-01-04,"quantile",0.01,61.844941798662
"25187",2020-12-12,"32","23  day ahead inc hosp",2021-01-04,"quantile",0.025,76.5817814061173
"25188",2020-12-12,"32","23  day ahead inc hosp",2021-01-04,"quantile",0.05,89.2562764685451
"25189",2020-12-12,"32","23  day ahead inc hosp",2021-01-04,"quantile",0.1,103.869157551569
"25190",2020-12-12,"32","23  day ahead inc hosp",2021-01-04,"quantile",0.15,113.728399043477
"25191",2020-12-12,"32","23  day ahead inc hosp",2021-01-04,"quantile",0.2,121.56421163693
"25192",2020-12-12,"32","23  day ahead inc hosp",2021-01-04,"quantile",0.25,128.28664112813
"25193",2020-12-12,"32","23  day ahead inc hosp",2021-01-04,"quantile",0.3,134.323590576645
"25194",2020-12-12,"32","23  day ahead inc hosp",2021-01-04,"quantile",0.35,139.917723926013
"25195",2020-12-12,"32","23  day ahead inc hosp",2021-01-04,"quantile",0.4,145.22600942307
"25196",2020-12-12,"32","23  day ahead inc hosp",2021-01-04,"quantile",0.45,150.361837073761
"25197",2020-12-12,"32","23  day ahead inc hosp",2021-01-04,"quantile",0.5,155.416238117385
"25198",2020-12-12,"32","23  day ahead inc hosp",2021-01-04,"quantile",0.55,160.47063916101
"25199",2020-12-12,"32","23  day ahead inc hosp",2021-01-04,"quantile",0.6,165.6064668117
"25200",2020-12-12,"32","23  day ahead inc hosp",2021-01-04,"quantile",0.65,170.914752308758
"25201",2020-12-12,"32","23  day ahead inc hosp",2021-01-04,"quantile",0.7,176.508885658126
"25202",2020-12-12,"32","23  day ahead inc hosp",2021-01-04,"quantile",0.75,182.545835106641
"25203",2020-12-12,"32","23  day ahead inc hosp",2021-01-04,"quantile",0.8,189.26826459784
"25204",2020-12-12,"32","23  day ahead inc hosp",2021-01-04,"quantile",0.85,197.104077191293
"25205",2020-12-12,"32","23  day ahead inc hosp",2021-01-04,"quantile",0.9,206.963318683201
"25206",2020-12-12,"32","23  day ahead inc hosp",2021-01-04,"quantile",0.95,221.576199766226
"25207",2020-12-12,"32","23  day ahead inc hosp",2021-01-04,"quantile",0.975,234.250694828653
"25208",2020-12-12,"32","23  day ahead inc hosp",2021-01-04,"quantile",0.99,248.987534436109
"25209",2020-12-12,"32","24  day ahead inc hosp",2021-01-05,"quantile",0.01,60.2650416545638
"25210",2020-12-12,"32","24  day ahead inc hosp",2021-01-05,"quantile",0.025,75.2507047381582
"25211",2020-12-12,"32","24  day ahead inc hosp",2021-01-05,"quantile",0.05,88.1392017171261
"25212",2020-12-12,"32","24  day ahead inc hosp",2021-01-05,"quantile",0.1,102.998813304406
"25213",2020-12-12,"32","24  day ahead inc hosp",2021-01-05,"quantile",0.15,113.02452269618
"25214",2020-12-12,"32","24  day ahead inc hosp",2021-01-05,"quantile",0.2,120.992638699306
"25215",2020-12-12,"32","24  day ahead inc hosp",2021-01-05,"quantile",0.25,127.828572735487
"25216",2020-12-12,"32","24  day ahead inc hosp",2021-01-05,"quantile",0.3,133.9674527734
"25217",2020-12-12,"32","24  day ahead inc hosp",2021-01-05,"quantile",0.35,139.65604000454
"25218",2020-12-12,"32","24  day ahead inc hosp",2021-01-05,"quantile",0.4,145.053952998733
"25219",2020-12-12,"32","24  day ahead inc hosp",2021-01-05,"quantile",0.45,150.276496290154
"25220",2020-12-12,"32","24  day ahead inc hosp",2021-01-05,"quantile",0.5,155.416238130786
"25221",2020-12-12,"32","24  day ahead inc hosp",2021-01-05,"quantile",0.55,160.555979971419
"25222",2020-12-12,"32","24  day ahead inc hosp",2021-01-05,"quantile",0.6,165.778523262839
"25223",2020-12-12,"32","24  day ahead inc hosp",2021-01-05,"quantile",0.65,171.176436257033
"25224",2020-12-12,"32","24  day ahead inc hosp",2021-01-05,"quantile",0.7,176.865023488173
"25225",2020-12-12,"32","24  day ahead inc hosp",2021-01-05,"quantile",0.75,183.003903526086
"25226",2020-12-12,"32","24  day ahead inc hosp",2021-01-05,"quantile",0.8,189.839837562266
"25227",2020-12-12,"32","24  day ahead inc hosp",2021-01-05,"quantile",0.85,197.807953565393
"25228",2020-12-12,"32","24  day ahead inc hosp",2021-01-05,"quantile",0.9,207.833662957166
"25229",2020-12-12,"32","24  day ahead inc hosp",2021-01-05,"quantile",0.95,222.693274544447
"25230",2020-12-12,"32","24  day ahead inc hosp",2021-01-05,"quantile",0.975,235.581771523415
"25231",2020-12-12,"32","24  day ahead inc hosp",2021-01-05,"quantile",0.99,250.567434607009
"25232",2020-12-12,"32","25  day ahead inc hosp",2021-01-06,"quantile",0.01,58.7109493106032
"25233",2020-12-12,"32","25  day ahead inc hosp",2021-01-06,"quantile",0.025,73.9413713175612
"25234",2020-12-12,"32","25  day ahead inc hosp",2021-01-06,"quantile",0.05,87.0403744734497
"25235",2020-12-12,"32","25  day ahead inc hosp",2021-01-06,"quantile",0.1,102.142686201085
"25236",2020-12-12,"32","25  day ahead inc hosp",2021-01-06,"quantile",0.15,112.332144225335
"25237",2020-12-12,"32","25  day ahead inc hosp",2021-01-06,"quantile",0.2,120.430402450616
"25238",2020-12-12,"32","25  day ahead inc hosp",2021-01-06,"quantile",0.25,127.377986925322
"25239",2020-12-12,"32","25  day ahead inc hosp",2021-01-06,"quantile",0.3,133.617132507733
"25240",2020-12-12,"32","25  day ahead inc hosp",2021-01-06,"quantile",0.35,139.398630708404
"25241",2020-12-12,"32","25  day ahead inc hosp",2021-01-06,"quantile",0.4,144.884707126898
"25242",2020-12-12,"32","25  day ahead inc hosp",2021-01-06,"quantile",0.45,150.192549551637
"25243",2020-12-12,"32","25  day ahead inc hosp",2021-01-06,"quantile",0.5,155.416238140055
"25244",2020-12-12,"32","25  day ahead inc hosp",2021-01-06,"quantile",0.55,160.639926728473
"25245",2020-12-12,"32","25  day ahead inc hosp",2021-01-06,"quantile",0.6,165.947769153212
"25246",2020-12-12,"32","25  day ahead inc hosp",2021-01-06,"quantile",0.65,171.433845571706
"25247",2020-12-12,"32","25  day ahead inc hosp",2021-01-06,"quantile",0.7,177.215343772377
"25248",2020-12-12,"32","25  day ahead inc hosp",2021-01-06,"quantile",0.75,183.454489354788
"25249",2020-12-12,"32","25  day ahead inc hosp",2021-01-06,"quantile",0.8,190.402073829494
"25250",2020-12-12,"32","25  day ahead inc hosp",2021-01-06,"quantile",0.85,198.500332054775
"25251",2020-12-12,"32","25  day ahead inc hosp",2021-01-06,"quantile",0.9,208.689790079025
"25252",2020-12-12,"32","25  day ahead inc hosp",2021-01-06,"quantile",0.95,223.79210180666
"25253",2020-12-12,"32","25  day ahead inc hosp",2021-01-06,"quantile",0.975,236.891104962549
"25254",2020-12-12,"32","25  day ahead inc hosp",2021-01-06,"quantile",0.99,252.121526969507
"25255",2020-12-12,"32","26  day ahead inc hosp",2021-01-07,"quantile",0.01,57.1814399054035
"25256",2020-12-12,"32","26  day ahead inc hosp",2021-01-07,"quantile",0.025,72.6527491887076
"25257",2020-12-12,"32","26  day ahead inc hosp",2021-01-07,"quantile",0.05,85.9589286914913
"25258",2020-12-12,"32","26  day ahead inc hosp",2021-01-07,"quantile",0.1,101.300101478718
"25259",2020-12-12,"32","26  day ahead inc hosp",2021-01-07,"quantile",0.15,111.650717925878
"25260",2020-12-12,"32","26  day ahead inc hosp",2021-01-07,"quantile",0.2,119.877059756863
"25261",2020-12-12,"32","26  day ahead inc hosp",2021-01-07,"quantile",0.25,126.934528560482
"25262",2020-12-12,"32","26  day ahead inc hosp",2021-01-07,"quantile",0.3,133.272353666375
"25263",2020-12-12,"32","26  day ahead inc hosp",2021-01-07,"quantile",0.35,139.14529315174
"25264",2020-12-12,"32","26  day ahead inc hosp",2021-01-07,"quantile",0.4,144.718138407347
"25265",2020-12-12,"32","26  day ahead inc hosp",2021-01-07,"quantile",0.45,150.10993068616
"25266",2020-12-12,"32","26  day ahead inc hosp",2021-01-07,"quantile",0.5,155.416238135432
"25267",2020-12-12,"32","26  day ahead inc hosp",2021-01-07,"quantile",0.55,160.722545584704
"25268",2020-12-12,"32","26  day ahead inc hosp",2021-01-07,"quantile",0.6,166.114337863517
"25269",2020-12-12,"32","26  day ahead inc hosp",2021-01-07,"quantile",0.65,171.687183119124
"25270",2020-12-12,"32","26  day ahead inc hosp",2021-01-07,"quantile",0.7,177.56012260449
"25271",2020-12-12,"32","26  day ahead inc hosp",2021-01-07,"quantile",0.75,183.897947710382
"25272",2020-12-12,"32","26  day ahead inc hosp",2021-01-07,"quantile",0.8,190.955416514001
"25273",2020-12-12,"32","26  day ahead inc hosp",2021-01-07,"quantile",0.85,199.181758344986
"25274",2020-12-12,"32","26  day ahead inc hosp",2021-01-07,"quantile",0.9,209.532374792146
"25275",2020-12-12,"32","26  day ahead inc hosp",2021-01-07,"quantile",0.95,224.873547579373
"25276",2020-12-12,"32","26  day ahead inc hosp",2021-01-07,"quantile",0.975,238.179727082156
"25277",2020-12-12,"32","26  day ahead inc hosp",2021-01-07,"quantile",0.99,253.65103636546
"25278",2020-12-12,"32","27  day ahead inc hosp",2021-01-08,"quantile",0.01,55.6753825183146
"25279",2020-12-12,"32","27  day ahead inc hosp",2021-01-08,"quantile",0.025,71.3838855460664
"25280",2020-12-12,"32","27  day ahead inc hosp",2021-01-08,"quantile",0.05,84.8940647545481
"25281",2020-12-12,"32","27  day ahead inc hosp",2021-01-08,"quantile",0.1,100.47043613751
"25282",2020-12-12,"32","27  day ahead inc hosp",2021-01-08,"quantile",0.15,110.979739960605
"25283",2020-12-12,"32","27  day ahead inc hosp",2021-01-08,"quantile",0.2,119.332201487491
"25284",2020-12-12,"32","27  day ahead inc hosp",2021-01-08,"quantile",0.25,126.497869760282
"25285",2020-12-12,"32","27  day ahead inc hosp",2021-01-08,"quantile",0.3,132.932861333536
"25286",2020-12-12,"32","27  day ahead inc hosp",2021-01-08,"quantile",0.35,138.895840031611
"25287",2020-12-12,"32","27  day ahead inc hosp",2021-01-08,"quantile",0.4,144.554123695125
"25288",2020-12-12,"32","27  day ahead inc hosp",2021-01-08,"quantile",0.45,150.028578622359
"25289",2020-12-12,"32","27  day ahead inc hosp",2021-01-08,"quantile",0.5,155.416238134991
"25290",2020-12-12,"32","27  day ahead inc hosp",2021-01-08,"quantile",0.55,160.803897647624
"25291",2020-12-12,"32","27  day ahead inc hosp",2021-01-08,"quantile",0.6,166.278352574858
"25292",2020-12-12,"32","27  day ahead inc hosp",2021-01-08,"quantile",0.65,171.936636238372
"25293",2020-12-12,"32","27  day ahead inc hosp",2021-01-08,"quantile",0.7,177.899614936446
"25294",2020-12-12,"32","27  day ahead inc hosp",2021-01-08,"quantile",0.75,184.334606509701
"25295",2020-12-12,"32","27  day ahead inc hosp",2021-01-08,"quantile",0.8,191.500274782492
"25296",2020-12-12,"32","27  day ahead inc hosp",2021-01-08,"quantile",0.85,199.852736309378
"25297",2020-12-12,"32","27  day ahead inc hosp",2021-01-08,"quantile",0.9,210.362040132473
"25298",2020-12-12,"32","27  day ahead inc hosp",2021-01-08,"quantile",0.95,225.938411515435
"25299",2020-12-12,"32","27  day ahead inc hosp",2021-01-08,"quantile",0.975,239.448590723916
"25300",2020-12-12,"32","27  day ahead inc hosp",2021-01-08,"quantile",0.99,255.157093751668
"25301",2020-12-12,"32","28  day ahead inc hosp",2021-01-09,"quantile",0.01,54.1917303567084
"25302",2020-12-12,"32","28  day ahead inc hosp",2021-01-09,"quantile",0.025,70.1338984592468
"25303",2020-12-12,"32","28  day ahead inc hosp",2021-01-09,"quantile",0.05,83.8450425228489
"25304",2020-12-12,"32","28  day ahead inc hosp",2021-01-09,"quantile",0.1,99.6531135131936
"25305",2020-12-12,"32","28  day ahead inc hosp",2021-01-09,"quantile",0.15,110.318743961394
"25306",2020-12-12,"32","28  day ahead inc hosp",2021-01-09,"quantile",0.2,118.795448934258
"25307",2020-12-12,"32","28  day ahead inc hosp",2021-01-09,"quantile",0.25,126.067707020852
"25308",2020-12-12,"32","28  day ahead inc hosp",2021-01-09,"quantile",0.3,132.598419541199
"25309",2020-12-12,"32","28  day ahead inc hosp",2021-01-09,"quantile",0.35,138.650097962027
"25310",2020-12-12,"32","28  day ahead inc hosp",2021-01-09,"quantile",0.4,144.39254898847
"25311",2020-12-12,"32","28  day ahead inc hosp",2021-01-09,"quantile",0.45,149.948436813398
"25312",2020-12-12,"32","28  day ahead inc hosp",2021-01-09,"quantile",0.5,155.416238135897
"25313",2020-12-12,"32","28  day ahead inc hosp",2021-01-09,"quantile",0.55,160.884039458397
"25314",2020-12-12,"32","28  day ahead inc hosp",2021-01-09,"quantile",0.6,166.439927283325
"25315",2020-12-12,"32","28  day ahead inc hosp",2021-01-09,"quantile",0.65,172.182378309768
"25316",2020-12-12,"32","28  day ahead inc hosp",2021-01-09,"quantile",0.7,178.234056730596
"25317",2020-12-12,"32","28  day ahead inc hosp",2021-01-09,"quantile",0.75,184.764769250942
"25318",2020-12-12,"32","28  day ahead inc hosp",2021-01-09,"quantile",0.8,192.037027337537
"25319",2020-12-12,"32","28  day ahead inc hosp",2021-01-09,"quantile",0.85,200.513732310401
"25320",2020-12-12,"32","28  day ahead inc hosp",2021-01-09,"quantile",0.9,211.179362758601
"25321",2020-12-12,"32","28  day ahead inc hosp",2021-01-09,"quantile",0.95,226.987433748946
"25322",2020-12-12,"32","28  day ahead inc hosp",2021-01-09,"quantile",0.975,240.698577812548
"25323",2020-12-12,"32","28  day ahead inc hosp",2021-01-09,"quantile",0.99,256.640745915086
"25324",2020-12-12,"32","29  day ahead inc hosp",2021-01-10,"quantile",0.01,51.6362422584273
"25325",2020-12-12,"32","29  day ahead inc hosp",2021-01-10,"quantile",0.025,67.8086997168598
"25326",2020-12-12,"32","29  day ahead inc hosp",2021-01-10,"quantile",0.05,81.7179053311035
"25327",2020-12-12,"32","29  day ahead inc hosp",2021-01-10,"quantile",0.1,97.7543286047061
"25328",2020-12-12,"32","29  day ahead inc hosp",2021-01-10,"quantile",0.15,108.574027254316
"25329",2020-12-12,"32","29  day ahead inc hosp",2021-01-10,"quantile",0.2,117.173180749598
"25330",2020-12-12,"32","29  day ahead inc hosp",2021-01-10,"quantile",0.25,124.550488765405
"25331",2020-12-12,"32","29  day ahead inc hosp",2021-01-10,"quantile",0.3,131.175539368888
"25332",2020-12-12,"32","29  day ahead inc hosp",2021-01-10,"quantile",0.35,137.314636082928
"25333",2020-12-12,"32","29  day ahead inc hosp",2021-01-10,"quantile",0.4,143.140038520974
"25334",2020-12-12,"32","29  day ahead inc hosp",2021-01-10,"quantile",0.45,148.776182796618
"25335",2020-12-12,"32","29  day ahead inc hosp",2021-01-10,"quantile",0.5,154.322968134128
"25336",2020-12-12,"32","29  day ahead inc hosp",2021-01-10,"quantile",0.55,159.869753471639
"25337",2020-12-12,"32","29  day ahead inc hosp",2021-01-10,"quantile",0.6,165.505897747282
"25338",2020-12-12,"32","29  day ahead inc hosp",2021-01-10,"quantile",0.65,171.331300185329
"25339",2020-12-12,"32","29  day ahead inc hosp",2021-01-10,"quantile",0.7,177.470396899368
"25340",2020-12-12,"32","29  day ahead inc hosp",2021-01-10,"quantile",0.75,184.095447502852
"25341",2020-12-12,"32","29  day ahead inc hosp",2021-01-10,"quantile",0.8,191.472755518658
"25342",2020-12-12,"32","29  day ahead inc hosp",2021-01-10,"quantile",0.85,200.071909013941
"25343",2020-12-12,"32","29  day ahead inc hosp",2021-01-10,"quantile",0.9,210.89160766355
"25344",2020-12-12,"32","29  day ahead inc hosp",2021-01-10,"quantile",0.95,226.928030937153
"25345",2020-12-12,"32","29  day ahead inc hosp",2021-01-10,"quantile",0.975,240.837236551397
"25346",2020-12-12,"32","29  day ahead inc hosp",2021-01-10,"quantile",0.99,257.009694009829
"25347",2020-12-12,"32","30  day ahead inc hosp",2021-01-11,"quantile",0.01,50.1945552631967
"25348",2020-12-12,"32","30  day ahead inc hosp",2021-01-11,"quantile",0.025,66.5940685693836
"25349",2020-12-12,"32","30  day ahead inc hosp",2021-01-11,"quantile",0.05,80.698554738883
"25350",2020-12-12,"32","30  day ahead inc hosp",2021-01-11,"quantile",0.1,96.9601239861692
"25351",2020-12-12,"32","30  day ahead inc hosp",2021-01-11,"quantile",0.15,107.93172755534
"25352",2020-12-12,"32","30  day ahead inc hosp",2021-01-11,"quantile",0.2,116.651610265206
"25353",2020-12-12,"32","30  day ahead inc hosp",2021-01-11,"quantile",0.25,124.132493197192
"25354",2020-12-12,"32","30  day ahead inc hosp",2021-01-11,"quantile",0.3,130.850557276522
"25355",2020-12-12,"32","30  day ahead inc hosp",2021-01-11,"quantile",0.35,137.075844837713
"25356",2020-12-12,"32","30  day ahead inc hosp",2021-01-11,"quantile",0.4,142.983033961084
"25357",2020-12-12,"32","30  day ahead inc hosp",2021-01-11,"quantile",0.45,148.698307801289
"25358",2020-12-12,"32","30  day ahead inc hosp",2021-01-11,"quantile",0.5,154.32296813401
"25359",2020-12-12,"32","30  day ahead inc hosp",2021-01-11,"quantile",0.55,159.947628466731
"25360",2020-12-12,"32","30  day ahead inc hosp",2021-01-11,"quantile",0.6,165.662902306936
"25361",2020-12-12,"32","30  day ahead inc hosp",2021-01-11,"quantile",0.65,171.570091430307
"25362",2020-12-12,"32","30  day ahead inc hosp",2021-01-11,"quantile",0.7,177.795378991497
"25363",2020-12-12,"32","30  day ahead inc hosp",2021-01-11,"quantile",0.75,184.513443070828
"25364",2020-12-12,"32","30  day ahead inc hosp",2021-01-11,"quantile",0.8,191.994326002814
"25365",2020-12-12,"32","30  day ahead inc hosp",2021-01-11,"quantile",0.85,200.71420871268
"25366",2020-12-12,"32","30  day ahead inc hosp",2021-01-11,"quantile",0.9,211.685812281851
"25367",2020-12-12,"32","30  day ahead inc hosp",2021-01-11,"quantile",0.95,227.947381529137
"25368",2020-12-12,"32","30  day ahead inc hosp",2021-01-11,"quantile",0.975,242.051867698636
"25369",2020-12-12,"32","30  day ahead inc hosp",2021-01-11,"quantile",0.99,258.451381004823
"25370",2020-12-12,"32","31  day ahead inc hosp",2021-01-12,"quantile",0.01,48.7725580783468
"25371",2020-12-12,"32","31  day ahead inc hosp",2021-01-12,"quantile",0.025,65.396026221761
"25372",2020-12-12,"32","31  day ahead inc hosp",2021-01-12,"quantile",0.05,79.6931259063867
"25373",2020-12-12,"32","31  day ahead inc hosp",2021-01-12,"quantile",0.1,96.1767662008949
"25374",2020-12-12,"32","31  day ahead inc hosp",2021-01-12,"quantile",0.15,107.298200051342
"25375",2020-12-12,"32","31  day ahead inc hosp",2021-01-12,"quantile",0.2,116.137163119049
"25376",2020-12-12,"32","31  day ahead inc hosp",2021-01-12,"quantile",0.25,123.720206394947
"25377",2020-12-12,"32","31  day ahead inc hosp",2021-01-12,"quantile",0.3,130.530013620509
"25378",2020-12-12,"32","31  day ahead inc hosp",2021-01-12,"quantile",0.35,136.840314879144
"25379",2020-12-12,"32","31  day ahead inc hosp",2021-01-12,"quantile",0.4,142.828173687883
"25380",2020-12-12,"32","31  day ahead inc hosp",2021-01-12,"quantile",0.45,148.621496382264
"25381",2020-12-12,"32","31  day ahead inc hosp",2021-01-12,"quantile",0.5,154.322968134065
"25382",2020-12-12,"32","31  day ahead inc hosp",2021-01-12,"quantile",0.55,160.024439885867
"25383",2020-12-12,"32","31  day ahead inc hosp",2021-01-12,"quantile",0.6,165.817762580247
"25384",2020-12-12,"32","31  day ahead inc hosp",2021-01-12,"quantile",0.65,171.805621388987
"25385",2020-12-12,"32","31  day ahead inc hosp",2021-01-12,"quantile",0.7,178.115922647622
"25386",2020-12-12,"32","31  day ahead inc hosp",2021-01-12,"quantile",0.75,184.925729873183
"25387",2020-12-12,"32","31  day ahead inc hosp",2021-01-12,"quantile",0.8,192.508773149081
"25388",2020-12-12,"32","31  day ahead inc hosp",2021-01-12,"quantile",0.85,201.347736216789
"25389",2020-12-12,"32","31  day ahead inc hosp",2021-01-12,"quantile",0.9,212.469170067236
"25390",2020-12-12,"32","31  day ahead inc hosp",2021-01-12,"quantile",0.95,228.952810361744
"25391",2020-12-12,"32","31  day ahead inc hosp",2021-01-12,"quantile",0.975,243.24991004637
"25392",2020-12-12,"32","31  day ahead inc hosp",2021-01-12,"quantile",0.99,259.873378189784
"25393",2020-12-12,"32","32  day ahead inc hosp",2021-01-13,"quantile",0.01,47.3694653449414
"25394",2020-12-12,"32","32  day ahead inc hosp",2021-01-13,"quantile",0.025,64.2139110036851
"25395",2020-12-12,"32","32  day ahead inc hosp",2021-01-13,"quantile",0.05,78.7010635423526
"25396",2020-12-12,"32","32  day ahead inc hosp",2021-01-13,"quantile",0.1,95.403822605847
"25397",2020-12-12,"32","32  day ahead inc hosp",2021-01-13,"quantile",0.15,106.67309484946
"25398",2020-12-12,"32","32  day ahead inc hosp",2021-01-13,"quantile",0.2,115.629555185484
"25399",2020-12-12,"32","32  day ahead inc hosp",2021-01-13,"quantile",0.25,123.313400655442
"25400",2020-12-12,"32","32  day ahead inc hosp",2021-01-13,"quantile",0.3,130.213731366692
"25401",2020-12-12,"32","32  day ahead inc hosp",2021-01-13,"quantile",0.35,136.607916125514
"25402",2020-12-12,"32","32  day ahead inc hosp",2021-01-13,"quantile",0.4,142.675372172946
"25403",2020-12-12,"32","32  day ahead inc hosp",2021-01-13,"quantile",0.45,148.545706116932
"25404",2020-12-12,"32","32  day ahead inc hosp",2021-01-13,"quantile",0.5,154.322968134072
"25405",2020-12-12,"32","32  day ahead inc hosp",2021-01-13,"quantile",0.55,160.100230151212
"25406",2020-12-12,"32","32  day ahead inc hosp",2021-01-13,"quantile",0.6,165.970564095198
"25407",2020-12-12,"32","32  day ahead inc hosp",2021-01-13,"quantile",0.65,172.038020142629
"25408",2020-12-12,"32","32  day ahead inc hosp",2021-01-13,"quantile",0.7,178.432204901451
"25409",2020-12-12,"32","32  day ahead inc hosp",2021-01-13,"quantile",0.75,185.332535612702
"25410",2020-12-12,"32","32  day ahead inc hosp",2021-01-13,"quantile",0.8,193.01638108266
"25411",2020-12-12,"32","32  day ahead inc hosp",2021-01-13,"quantile",0.85,201.972841418684
"25412",2020-12-12,"32","32  day ahead inc hosp",2021-01-13,"quantile",0.9,213.242113662297
"25413",2020-12-12,"32","32  day ahead inc hosp",2021-01-13,"quantile",0.95,229.944872725791
"25414",2020-12-12,"32","32  day ahead inc hosp",2021-01-13,"quantile",0.975,244.432025264459
"25415",2020-12-12,"32","32  day ahead inc hosp",2021-01-13,"quantile",0.99,261.276470923202
"25416",2020-12-12,"32","33  day ahead inc hosp",2021-01-14,"quantile",0.01,45.9845425649352
"25417",2020-12-12,"32","33  day ahead inc hosp",2021-01-14,"quantile",0.025,63.0471040955375
"25418",2020-12-12,"32","33  day ahead inc hosp",2021-01-14,"quantile",0.05,77.7218483169909
"25419",2020-12-12,"32","33  day ahead inc hosp",2021-01-14,"quantile",0.1,94.6408885766365
"25420",2020-12-12,"32","33  day ahead inc hosp",2021-01-14,"quantile",0.15,106.056084716496
"25421",2020-12-12,"32","33  day ahead inc hosp",2021-01-14,"quantile",0.2,115.128520739374
"25422",2020-12-12,"32","33  day ahead inc hosp",2021-01-14,"quantile",0.25,122.911863021983
"25423",2020-12-12,"32","33  day ahead inc hosp",2021-01-14,"quantile",0.3,129.901544946071
"25424",2020-12-12,"32","33  day ahead inc hosp",2021-01-14,"quantile",0.35,136.37852691958
"25425",2020-12-12,"32","33  day ahead inc hosp",2021-01-14,"quantile",0.4,142.524549426993
"25426",2020-12-12,"32","33  day ahead inc hosp",2021-01-14,"quantile",0.45,148.470897330253
"25427",2020-12-12,"32","33  day ahead inc hosp",2021-01-14,"quantile",0.5,154.322968134061
"25428",2020-12-12,"32","33  day ahead inc hosp",2021-01-14,"quantile",0.55,160.175038937868
"25429",2020-12-12,"32","33  day ahead inc hosp",2021-01-14,"quantile",0.6,166.121386841129
"25430",2020-12-12,"32","33  day ahead inc hosp",2021-01-14,"quantile",0.65,172.267409348541
"25431",2020-12-12,"32","33  day ahead inc hosp",2021-01-14,"quantile",0.7,178.74439132205
"25432",2020-12-12,"32","33  day ahead inc hosp",2021-01-14,"quantile",0.75,185.734073246139
"25433",2020-12-12,"32","33  day ahead inc hosp",2021-01-14,"quantile",0.8,193.517415528747
"25434",2020-12-12,"32","33  day ahead inc hosp",2021-01-14,"quantile",0.85,202.589851551626
"25435",2020-12-12,"32","33  day ahead inc hosp",2021-01-14,"quantile",0.9,214.005047691485
"25436",2020-12-12,"32","33  day ahead inc hosp",2021-01-14,"quantile",0.95,230.924087951131
"25437",2020-12-12,"32","33  day ahead inc hosp",2021-01-14,"quantile",0.975,245.598832172584
"25438",2020-12-12,"32","33  day ahead inc hosp",2021-01-14,"quantile",0.99,262.661393703186
"25439",2020-12-12,"32","34  day ahead inc hosp",2021-01-15,"quantile",0.01,44.6171016057399
"25440",2020-12-12,"32","34  day ahead inc hosp",2021-01-15,"quantile",0.025,61.8950257409139
"25441",2020-12-12,"32","34  day ahead inc hosp",2021-01-15,"quantile",0.05,76.7549936833946
"25442",2020-12-12,"32","34  day ahead inc hosp",2021-01-15,"quantile",0.1,93.8875850309373
"25443",2020-12-12,"32","34  day ahead inc hosp",2021-01-15,"quantile",0.15,105.446863075965
"25444",2020-12-12,"32","34  day ahead inc hosp",2021-01-15,"quantile",0.2,114.633810829581
"25445",2020-12-12,"32","34  day ahead inc hosp",2021-01-15,"quantile",0.25,122.515393980845
"25446",2020-12-12,"32","34  day ahead inc hosp",2021-01-15,"quantile",0.3,129.593299241248
"25447",2020-12-12,"32","34  day ahead inc hosp",2021-01-15,"quantile",0.35,136.152033283758
"25448",2020-12-12,"32","34  day ahead inc hosp",2021-01-15,"quantile",0.4,142.3756305101
"25449",2020-12-12,"32","34  day ahead inc hosp",2021-01-15,"quantile",0.45,148.397032851689
"25450",2020-12-12,"32","34  day ahead inc hosp",2021-01-15,"quantile",0.5,154.322968134062
"25451",2020-12-12,"32","34  day ahead inc hosp",2021-01-15,"quantile",0.55,160.248903416435
"25452",2020-12-12,"32","34  day ahead inc hosp",2021-01-15,"quantile",0.6,166.270305758025
"25453",2020-12-12,"32","34  day ahead inc hosp",2021-01-15,"quantile",0.65,172.493902984366
"25454",2020-12-12,"32","34  day ahead inc hosp",2021-01-15,"quantile",0.7,179.052637026877
"25455",2020-12-12,"32","34  day ahead inc hosp",2021-01-15,"quantile",0.75,186.130542287279
"25456",2020-12-12,"32","34  day ahead inc hosp",2021-01-15,"quantile",0.8,194.012125438544
"25457",2020-12-12,"32","34  day ahead inc hosp",2021-01-15,"quantile",0.85,203.19907319216
"25458",2020-12-12,"32","34  day ahead inc hosp",2021-01-15,"quantile",0.9,214.758351237187
"25459",2020-12-12,"32","34  day ahead inc hosp",2021-01-15,"quantile",0.95,231.89094258473
"25460",2020-12-12,"32","34  day ahead inc hosp",2021-01-15,"quantile",0.975,246.750910527211
"25461",2020-12-12,"32","34  day ahead inc hosp",2021-01-15,"quantile",0.99,264.028834662385
"25462",2020-12-12,"32","35  day ahead inc hosp",2021-01-16,"quantile",0.01,43.2664967032492
"25463",2020-12-12,"32","35  day ahead inc hosp",2021-01-16,"quantile",0.025,60.7571318791389
"25464",2020-12-12,"32","35  day ahead inc hosp",2021-01-16,"quantile",0.05,75.8000430514495
"25465",2020-12-12,"32","35  day ahead inc hosp",2021-01-16,"quantile",0.1,93.1435562265904
"25466",2020-12-12,"32","35  day ahead inc hosp",2021-01-16,"quantile",0.15,104.845142227344
"25467",2020-12-12,"32","35  day ahead inc hosp",2021-01-16,"quantile",0.2,114.145191832919
"25468",2020-12-12,"32","35  day ahead inc hosp",2021-01-16,"quantile",0.25,122.123806302383
"25469",2020-12-12,"32","35  day ahead inc hosp",2021-01-16,"quantile",0.3,129.288848685408
"25470",2020-12-12,"32","35  day ahead inc hosp",2021-01-16,"quantile",0.35,135.928328258055
"25471",2020-12-12,"32","35  day ahead inc hosp",2021-01-16,"quantile",0.4,142.228545096374
"25472",2020-12-12,"32","35  day ahead inc hosp",2021-01-16,"quantile",0.45,148.324077799263
"25473",2020-12-12,"32","35  day ahead inc hosp",2021-01-16,"quantile",0.5,154.322968134064
"25474",2020-12-12,"32","35  day ahead inc hosp",2021-01-16,"quantile",0.55,160.321858468865
"25475",2020-12-12,"32","35  day ahead inc hosp",2021-01-16,"quantile",0.6,166.417391171754
"25476",2020-12-12,"32","35  day ahead inc hosp",2021-01-16,"quantile",0.65,172.717608010073
"25477",2020-12-12,"32","35  day ahead inc hosp",2021-01-16,"quantile",0.7,179.35708758272
"25478",2020-12-12,"32","35  day ahead inc hosp",2021-01-16,"quantile",0.75,186.522129965745
"25479",2020-12-12,"32","35  day ahead inc hosp",2021-01-16,"quantile",0.8,194.500744435209
"25480",2020-12-12,"32","35  day ahead inc hosp",2021-01-16,"quantile",0.85,203.800794040783
"25481",2020-12-12,"32","35  day ahead inc hosp",2021-01-16,"quantile",0.9,215.502380041537
"25482",2020-12-12,"32","35  day ahead inc hosp",2021-01-16,"quantile",0.95,232.845893216678
"25483",2020-12-12,"32","35  day ahead inc hosp",2021-01-16,"quantile",0.975,247.888804388989
"25484",2020-12-12,"32","35  day ahead inc hosp",2021-01-16,"quantile",0.99,265.379439564879
"25485",2020-12-12,"32","36  day ahead inc hosp",2021-01-17,"quantile",0.01,49.0035494687343
"25486",2020-12-12,"32","36  day ahead inc hosp",2021-01-17,"quantile",0.025,66.7043397135597
"25487",2020-12-12,"32","36  day ahead inc hosp",2021-01-17,"quantile",0.05,81.9279958389622
"25488",2020-12-12,"32","36  day ahead inc hosp",2021-01-17,"quantile",0.1,99.4798963694082
"25489",2020-12-12,"32","36  day ahead inc hosp",2021-01-17,"quantile",0.15,111.322080329465
"25490",2020-12-12,"32","36  day ahead inc hosp",2021-01-17,"quantile",0.2,120.733872736048
"25491",2020-12-12,"32","36  day ahead inc hosp",2021-01-17,"quantile",0.25,128.808352579009
"25492",2020-12-12,"32","36  day ahead inc hosp",2021-01-17,"quantile",0.3,136.059485030279
"25493",2020-12-12,"32","36  day ahead inc hosp",2021-01-17,"quantile",0.35,142.778739881139
"25494",2020-12-12,"32","36  day ahead inc hosp",2021-01-17,"quantile",0.4,149.154655657241
"25495",2020-12-12,"32","36  day ahead inc hosp",2021-01-17,"quantile",0.45,155.323427958492
"25496",2020-12-12,"32","36  day ahead inc hosp",2021-01-17,"quantile",0.5,161.394396705493
"25497",2020-12-12,"32","36  day ahead inc hosp",2021-01-17,"quantile",0.55,167.465365452494
"25498",2020-12-12,"32","36  day ahead inc hosp",2021-01-17,"quantile",0.6,173.634137753745
"25499",2020-12-12,"32","36  day ahead inc hosp",2021-01-17,"quantile",0.65,180.010053529847
"25500",2020-12-12,"32","36  day ahead inc hosp",2021-01-17,"quantile",0.7,186.729308380708
"25501",2020-12-12,"32","36  day ahead inc hosp",2021-01-17,"quantile",0.75,193.980440831977
"25502",2020-12-12,"32","36  day ahead inc hosp",2021-01-17,"quantile",0.8,202.054920674939
"25503",2020-12-12,"32","36  day ahead inc hosp",2021-01-17,"quantile",0.85,211.466713081521
"25504",2020-12-12,"32","36  day ahead inc hosp",2021-01-17,"quantile",0.9,223.308897041578
"25505",2020-12-12,"32","36  day ahead inc hosp",2021-01-17,"quantile",0.95,240.860797572024
"25506",2020-12-12,"32","36  day ahead inc hosp",2021-01-17,"quantile",0.975,256.084453697427
"25507",2020-12-12,"32","36  day ahead inc hosp",2021-01-17,"quantile",0.99,273.785243942252
"25508",2020-12-12,"32","37  day ahead inc hosp",2021-01-18,"quantile",0.01,47.6848314151025
"25509",2020-12-12,"32","37  day ahead inc hosp",2021-01-18,"quantile",0.025,65.5933107398957
"25510",2020-12-12,"32","37  day ahead inc hosp",2021-01-18,"quantile",0.05,80.9955909318341
"25511",2020-12-12,"32","37  day ahead inc hosp",2021-01-18,"quantile",0.1,98.7534335712161
"25512",2020-12-12,"32","37  day ahead inc hosp",2021-01-18,"quantile",0.15,110.73456569446
"25513",2020-12-12,"32","37  day ahead inc hosp",2021-01-18,"quantile",0.2,120.256789696397
"25514",2020-12-12,"32","37  day ahead inc hosp",2021-01-18,"quantile",0.25,128.426010015157
"25515",2020-12-12,"32","37  day ahead inc hosp",2021-01-18,"quantile",0.3,135.762222341771
"25516",2020-12-12,"32","37  day ahead inc hosp",2021-01-18,"quantile",0.35,142.560316376574
"25517",2020-12-12,"32","37  day ahead inc hosp",2021-01-18,"quantile",0.4,149.011042828537
"25518",2020-12-12,"32","37  day ahead inc hosp",2021-01-18,"quantile",0.45,155.252195324461
"25519",2020-12-12,"32","37  day ahead inc hosp",2021-01-18,"quantile",0.5,161.394396705493
"25520",2020-12-12,"32","37  day ahead inc hosp",2021-01-18,"quantile",0.55,167.536598086526
"25521",2020-12-12,"32","37  day ahead inc hosp",2021-01-18,"quantile",0.6,173.777750582449
"25522",2020-12-12,"32","37  day ahead inc hosp",2021-01-18,"quantile",0.65,180.228477034412
"25523",2020-12-12,"32","37  day ahead inc hosp",2021-01-18,"quantile",0.7,187.026571069215
"25524",2020-12-12,"32","37  day ahead inc hosp",2021-01-18,"quantile",0.75,194.36278339583
"25525",2020-12-12,"32","37  day ahead inc hosp",2021-01-18,"quantile",0.8,202.532003714589
"25526",2020-12-12,"32","37  day ahead inc hosp",2021-01-18,"quantile",0.85,212.054227716526
"25527",2020-12-12,"32","37  day ahead inc hosp",2021-01-18,"quantile",0.9,224.03535983977
"25528",2020-12-12,"32","37  day ahead inc hosp",2021-01-18,"quantile",0.95,241.793202479152
"25529",2020-12-12,"32","37  day ahead inc hosp",2021-01-18,"quantile",0.975,257.195482671091
"25530",2020-12-12,"32","37  day ahead inc hosp",2021-01-18,"quantile",0.99,275.103961995884
"25531",2020-12-12,"33","1  day ahead inc hosp",2020-12-13,"quantile",0.01,2.15208994438159
"25532",2020-12-12,"33","1  day ahead inc hosp",2020-12-13,"quantile",0.025,5.16847279369881
"25533",2020-12-12,"33","1  day ahead inc hosp",2020-12-13,"quantile",0.05,7.76272845152126
"25534",2020-12-12,"33","1  day ahead inc hosp",2020-12-13,"quantile",0.1,10.7537390787692
"25535",2020-12-12,"33","1  day ahead inc hosp",2020-12-13,"quantile",0.15,12.7717597491185
"25536",2020-12-12,"33","1  day ahead inc hosp",2020-12-13,"quantile",0.2,14.3756186053551
"25537",2020-12-12,"33","1  day ahead inc hosp",2020-12-13,"quantile",0.25,15.7515866937056
"25538",2020-12-12,"33","1  day ahead inc hosp",2020-12-13,"quantile",0.3,16.9872485631259
"25539",2020-12-12,"33","1  day ahead inc hosp",2020-12-13,"quantile",0.35,18.1322734355749
"25540",2020-12-12,"33","1  day ahead inc hosp",2020-12-13,"quantile",0.4,19.2187900673025
"25541",2020-12-12,"33","1  day ahead inc hosp",2020-12-13,"quantile",0.45,20.2700074826536
"25542",2020-12-12,"33","1  day ahead inc hosp",2020-12-13,"quantile",0.5,21.3045582430383
"25543",2020-12-12,"33","1  day ahead inc hosp",2020-12-13,"quantile",0.55,22.339109003423
"25544",2020-12-12,"33","1  day ahead inc hosp",2020-12-13,"quantile",0.6,23.390326418774
"25545",2020-12-12,"33","1  day ahead inc hosp",2020-12-13,"quantile",0.65,24.4768430505017
"25546",2020-12-12,"33","1  day ahead inc hosp",2020-12-13,"quantile",0.7,25.6218679229506
"25547",2020-12-12,"33","1  day ahead inc hosp",2020-12-13,"quantile",0.75,26.8575297923709
"25548",2020-12-12,"33","1  day ahead inc hosp",2020-12-13,"quantile",0.8,28.2334978807215
"25549",2020-12-12,"33","1  day ahead inc hosp",2020-12-13,"quantile",0.85,29.837356736958
"25550",2020-12-12,"33","1  day ahead inc hosp",2020-12-13,"quantile",0.9,31.8553774073074
"25551",2020-12-12,"33","1  day ahead inc hosp",2020-12-13,"quantile",0.95,34.8463880345553
"25552",2020-12-12,"33","1  day ahead inc hosp",2020-12-13,"quantile",0.975,37.4406436923777
"25553",2020-12-12,"33","1  day ahead inc hosp",2020-12-13,"quantile",0.99,40.457026541695
"25554",2020-12-12,"33","2  day ahead inc hosp",2020-12-14,"quantile",0.01,0.0582279508096697
"25555",2020-12-12,"33","2  day ahead inc hosp",2020-12-14,"quantile",0.025,3.4043797525021
"25556",2020-12-12,"33","2  day ahead inc hosp",2020-12-14,"quantile",0.05,6.28225490201714
"25557",2020-12-12,"33","2  day ahead inc hosp",2020-12-14,"quantile",0.1,9.60026063909135
"25558",2020-12-12,"33","2  day ahead inc hosp",2020-12-14,"quantile",0.15,11.8389033576278
"25559",2020-12-12,"33","2  day ahead inc hosp",2020-12-14,"quantile",0.2,13.6181056239021
"25560",2020-12-12,"33","2  day ahead inc hosp",2020-12-14,"quantile",0.25,15.1445027451918
"25561",2020-12-12,"33","2  day ahead inc hosp",2020-12-14,"quantile",0.3,16.5152545353962
"25562",2020-12-12,"33","2  day ahead inc hosp",2020-12-14,"quantile",0.35,17.7854603518744
"25563",2020-12-12,"33","2  day ahead inc hosp",2020-12-14,"quantile",0.4,18.9907614580145
"25564",2020-12-12,"33","2  day ahead inc hosp",2020-12-14,"quantile",0.45,20.1569042270412
"25565",2020-12-12,"33","2  day ahead inc hosp",2020-12-14,"quantile",0.5,21.3045582430383
"25566",2020-12-12,"33","2  day ahead inc hosp",2020-12-14,"quantile",0.55,22.4522122590353
"25567",2020-12-12,"33","2  day ahead inc hosp",2020-12-14,"quantile",0.6,23.618355028062
"25568",2020-12-12,"33","2  day ahead inc hosp",2020-12-14,"quantile",0.65,24.8236561342022
"25569",2020-12-12,"33","2  day ahead inc hosp",2020-12-14,"quantile",0.7,26.0938619506804
"25570",2020-12-12,"33","2  day ahead inc hosp",2020-12-14,"quantile",0.75,27.4646137408847
"25571",2020-12-12,"33","2  day ahead inc hosp",2020-12-14,"quantile",0.8,28.9910108621744
"25572",2020-12-12,"33","2  day ahead inc hosp",2020-12-14,"quantile",0.85,30.7702131284488
"25573",2020-12-12,"33","2  day ahead inc hosp",2020-12-14,"quantile",0.9,33.0088558469852
"25574",2020-12-12,"33","2  day ahead inc hosp",2020-12-14,"quantile",0.95,36.3268615840594
"25575",2020-12-12,"33","2  day ahead inc hosp",2020-12-14,"quantile",0.975,39.2047367335744
"25576",2020-12-12,"33","2  day ahead inc hosp",2020-12-14,"quantile",0.99,42.5508885352669
"25577",2020-12-12,"33","3  day ahead inc hosp",2020-12-15,"quantile",0.01,0
"25578",2020-12-12,"33","3  day ahead inc hosp",2020-12-15,"quantile",0.025,1.79918651221185
"25579",2020-12-12,"33","3  day ahead inc hosp",2020-12-15,"quantile",0.05,4.93513426915051
"25580",2020-12-12,"33","3  day ahead inc hosp",2020-12-15,"quantile",0.1,8.55068119461072
"25581",2020-12-12,"33","3  day ahead inc hosp",2020-12-15,"quantile",0.15,10.9900735403712
"25582",2020-12-12,"33","3  day ahead inc hosp",2020-12-15,"quantile",0.2,12.9288252464706
"25583",2020-12-12,"33","3  day ahead inc hosp",2020-12-15,"quantile",0.25,14.5921015805786
"25584",2020-12-12,"33","3  day ahead inc hosp",2020-12-15,"quantile",0.3,16.0857751343238
"25585",2020-12-12,"33","3  day ahead inc hosp",2020-12-15,"quantile",0.35,17.4698862837274
"25586",2020-12-12,"33","3  day ahead inc hosp",2020-12-15,"quantile",0.4,18.7832724119869
"25587",2020-12-12,"33","3  day ahead inc hosp",2020-12-15,"quantile",0.45,20.0539886907719
"25588",2020-12-12,"33","3  day ahead inc hosp",2020-12-15,"quantile",0.5,21.3045582430383
"25589",2020-12-12,"33","3  day ahead inc hosp",2020-12-15,"quantile",0.55,22.5551277953047
"25590",2020-12-12,"33","3  day ahead inc hosp",2020-12-15,"quantile",0.6,23.8258440740896
"25591",2020-12-12,"33","3  day ahead inc hosp",2020-12-15,"quantile",0.65,25.1392302023492
"25592",2020-12-12,"33","3  day ahead inc hosp",2020-12-15,"quantile",0.7,26.5233413517527
"25593",2020-12-12,"33","3  day ahead inc hosp",2020-12-15,"quantile",0.75,28.0170149054979
"25594",2020-12-12,"33","3  day ahead inc hosp",2020-12-15,"quantile",0.8,29.680291239606
"25595",2020-12-12,"33","3  day ahead inc hosp",2020-12-15,"quantile",0.85,31.6190429457053
"25596",2020-12-12,"33","3  day ahead inc hosp",2020-12-15,"quantile",0.9,34.0584352914658
"25597",2020-12-12,"33","3  day ahead inc hosp",2020-12-15,"quantile",0.95,37.673982216926
"25598",2020-12-12,"33","3  day ahead inc hosp",2020-12-15,"quantile",0.975,40.8099299738647
"25599",2020-12-12,"33","3  day ahead inc hosp",2020-12-15,"quantile",0.99,44.4561469540078
"25600",2020-12-12,"33","4  day ahead inc hosp",2020-12-16,"quantile",0.01,0
"25601",2020-12-12,"33","4  day ahead inc hosp",2020-12-16,"quantile",0.025,0.316402947196011
"25602",2020-12-12,"33","4  day ahead inc hosp",2020-12-16,"quantile",0.05,3.6907430741395
"25603",2020-12-12,"33","4  day ahead inc hosp",2020-12-16,"quantile",0.1,7.5811411346408
"25604",2020-12-12,"33","4  day ahead inc hosp",2020-12-16,"quantile",0.15,10.2059742363548
"25605",2020-12-12,"33","4  day ahead inc hosp",2020-12-16,"quantile",0.2,12.2921083766945
"25606",2020-12-12,"33","4  day ahead inc hosp",2020-12-16,"quantile",0.25,14.0818257161999
"25607",2020-12-12,"33","4  day ahead inc hosp",2020-12-16,"quantile",0.3,15.6890472006155
"25608",2020-12-12,"33","4  day ahead inc hosp",2020-12-16,"quantile",0.35,17.1783774298096
"25609",2020-12-12,"33","4  day ahead inc hosp",2020-12-16,"quantile",0.4,18.5916061753942
"25610",2020-12-12,"33","4  day ahead inc hosp",2020-12-16,"quantile",0.45,19.9589213419103
"25611",2020-12-12,"33","4  day ahead inc hosp",2020-12-16,"quantile",0.5,21.3045582430383
"25612",2020-12-12,"33","4  day ahead inc hosp",2020-12-16,"quantile",0.55,22.6501951441663
"25613",2020-12-12,"33","4  day ahead inc hosp",2020-12-16,"quantile",0.6,24.0175103106824
"25614",2020-12-12,"33","4  day ahead inc hosp",2020-12-16,"quantile",0.65,25.430739056267
"25615",2020-12-12,"33","4  day ahead inc hosp",2020-12-16,"quantile",0.7,26.9200692854611
"25616",2020-12-12,"33","4  day ahead inc hosp",2020-12-16,"quantile",0.75,28.5272907698767
"25617",2020-12-12,"33","4  day ahead inc hosp",2020-12-16,"quantile",0.8,30.3170081093821
"25618",2020-12-12,"33","4  day ahead inc hosp",2020-12-16,"quantile",0.85,32.4031422497217
"25619",2020-12-12,"33","4  day ahead inc hosp",2020-12-16,"quantile",0.9,35.0279753514358
"25620",2020-12-12,"33","4  day ahead inc hosp",2020-12-16,"quantile",0.95,38.9183734119371
"25621",2020-12-12,"33","4  day ahead inc hosp",2020-12-16,"quantile",0.975,42.2927135388805
"25622",2020-12-12,"33","4  day ahead inc hosp",2020-12-16,"quantile",0.99,46.2161131683598
"25623",2020-12-12,"33","5  day ahead inc hosp",2020-12-17,"quantile",0.01,0
"25624",2020-12-12,"33","5  day ahead inc hosp",2020-12-17,"quantile",0.025,0
"25625",2020-12-12,"33","5  day ahead inc hosp",2020-12-17,"quantile",0.05,2.52864472674391
"25626",2020-12-12,"33","5  day ahead inc hosp",2020-12-17,"quantile",0.1,6.67571773889353
"25627",2020-12-12,"33","5  day ahead inc hosp",2020-12-17,"quantile",0.15,9.4737282119176
"25628",2020-12-12,"33","5  day ahead inc hosp",2020-12-17,"quantile",0.2,11.6974982371401
"25629",2020-12-12,"33","5  day ahead inc hosp",2020-12-17,"quantile",0.25,13.6052949105434
"25630",2020-12-12,"33","5  day ahead inc hosp",2020-12-17,"quantile",0.3,15.3185552861946
"25631",2020-12-12,"33","5  day ahead inc hosp",2020-12-17,"quantile",0.35,16.9061463510723
"25632",2020-12-12,"33","5  day ahead inc hosp",2020-12-17,"quantile",0.4,18.4126150207726
"25633",2020-12-12,"33","5  day ahead inc hosp",2020-12-17,"quantile",0.45,19.8701408929274
"25634",2020-12-12,"33","5  day ahead inc hosp",2020-12-17,"quantile",0.5,21.3045582430383
"25635",2020-12-12,"33","5  day ahead inc hosp",2020-12-17,"quantile",0.55,22.7389755931491
"25636",2020-12-12,"33","5  day ahead inc hosp",2020-12-17,"quantile",0.6,24.196501465304
"25637",2020-12-12,"33","5  day ahead inc hosp",2020-12-17,"quantile",0.65,25.7029701350042
"25638",2020-12-12,"33","5  day ahead inc hosp",2020-12-17,"quantile",0.7,27.290561199882
"25639",2020-12-12,"33","5  day ahead inc hosp",2020-12-17,"quantile",0.75,29.0038215755331
"25640",2020-12-12,"33","5  day ahead inc hosp",2020-12-17,"quantile",0.8,30.9116182489364
"25641",2020-12-12,"33","5  day ahead inc hosp",2020-12-17,"quantile",0.85,33.1353882741589
"25642",2020-12-12,"33","5  day ahead inc hosp",2020-12-17,"quantile",0.9,35.933398747183
"25643",2020-12-12,"33","5  day ahead inc hosp",2020-12-17,"quantile",0.95,40.0804717593326
"25644",2020-12-12,"33","5  day ahead inc hosp",2020-12-17,"quantile",0.975,43.6774391278743
"25645",2020-12-12,"33","5  day ahead inc hosp",2020-12-17,"quantile",0.99,47.8596910378999
"25646",2020-12-12,"33","6  day ahead inc hosp",2020-12-18,"quantile",0.01,0
"25647",2020-12-12,"33","6  day ahead inc hosp",2020-12-18,"quantile",0.025,0
"25648",2020-12-12,"33","6  day ahead inc hosp",2020-12-18,"quantile",0.05,1.43439538666987
"25649",2020-12-12,"33","6  day ahead inc hosp",2020-12-18,"quantile",0.1,5.82315740653916
"25650",2020-12-12,"33","6  day ahead inc hosp",2020-12-18,"quantile",0.15,8.78423430565057
"25651",2020-12-12,"33","6  day ahead inc hosp",2020-12-18,"quantile",0.2,11.1376043570164
"25652",2020-12-12,"33","6  day ahead inc hosp",2020-12-18,"quantile",0.25,13.1565863130455
"25653",2020-12-12,"33","6  day ahead inc hosp",2020-12-18,"quantile",0.3,14.9696945088203
"25654",2020-12-12,"33","6  day ahead inc hosp",2020-12-18,"quantile",0.35,16.6498094593423
"25655",2020-12-12,"33","6  day ahead inc hosp",2020-12-18,"quantile",0.4,18.2440742485886
"25656",2020-12-12,"33","6  day ahead inc hosp",2020-12-18,"quantile",0.45,19.7865438824604
"25657",2020-12-12,"33","6  day ahead inc hosp",2020-12-18,"quantile",0.5,21.3045582430383
"25658",2020-12-12,"33","6  day ahead inc hosp",2020-12-18,"quantile",0.55,22.8225726036161
"25659",2020-12-12,"33","6  day ahead inc hosp",2020-12-18,"quantile",0.6,24.365042237488
"25660",2020-12-12,"33","6  day ahead inc hosp",2020-12-18,"quantile",0.65,25.9593070267342
"25661",2020-12-12,"33","6  day ahead inc hosp",2020-12-18,"quantile",0.7,27.6394219772563
"25662",2020-12-12,"33","6  day ahead inc hosp",2020-12-18,"quantile",0.75,29.452530173031
"25663",2020-12-12,"33","6  day ahead inc hosp",2020-12-18,"quantile",0.8,31.4715121290602
"25664",2020-12-12,"33","6  day ahead inc hosp",2020-12-18,"quantile",0.85,33.824882180426
"25665",2020-12-12,"33","6  day ahead inc hosp",2020-12-18,"quantile",0.9,36.7859590795374
"25666",2020-12-12,"33","6  day ahead inc hosp",2020-12-18,"quantile",0.95,41.1747210994067
"25667",2020-12-12,"33","6  day ahead inc hosp",2020-12-18,"quantile",0.975,44.9813176381018
"25668",2020-12-12,"33","6  day ahead inc hosp",2020-12-18,"quantile",0.99,49.4073087615935
"25669",2020-12-12,"33","7  day ahead inc hosp",2020-12-19,"quantile",0.01,0
"25670",2020-12-12,"33","7  day ahead inc hosp",2020-12-19,"quantile",0.025,0
"25671",2020-12-12,"33","7  day ahead inc hosp",2020-12-19,"quantile",0.05,0.397339023212805
"25672",2020-12-12,"33","7  day ahead inc hosp",2020-12-19,"quantile",0.1,5.01515772537021
"25673",2020-12-12,"33","7  day ahead inc hosp",2020-12-19,"quantile",0.15,8.13077808057236
"25674",2020-12-12,"33","7  day ahead inc hosp",2020-12-19,"quantile",0.2,10.6069743717118
"25675",2020-12-12,"33","7  day ahead inc hosp",2020-12-19,"quantile",0.25,12.731330304811
"25676",2020-12-12,"33","7  day ahead inc hosp",2020-12-19,"quantile",0.3,14.6390675887143
"25677",2020-12-12,"33","7  day ahead inc hosp",2020-12-19,"quantile",0.35,16.4068704919408
"25678",2020-12-12,"33","7  day ahead inc hosp",2020-12-19,"quantile",0.4,18.08434257328
"25679",2020-12-12,"33","7  day ahead inc hosp",2020-12-19,"quantile",0.45,19.7073162252018
"25680",2020-12-12,"33","7  day ahead inc hosp",2020-12-19,"quantile",0.5,21.3045582430383
"25681",2020-12-12,"33","7  day ahead inc hosp",2020-12-19,"quantile",0.55,22.9018002608747
"25682",2020-12-12,"33","7  day ahead inc hosp",2020-12-19,"quantile",0.6,24.5247739127966
"25683",2020-12-12,"33","7  day ahead inc hosp",2020-12-19,"quantile",0.65,26.2022459941357
"25684",2020-12-12,"33","7  day ahead inc hosp",2020-12-19,"quantile",0.7,27.9700488973622
"25685",2020-12-12,"33","7  day ahead inc hosp",2020-12-19,"quantile",0.75,29.8777861812655
"25686",2020-12-12,"33","7  day ahead inc hosp",2020-12-19,"quantile",0.8,32.0021421143647
"25687",2020-12-12,"33","7  day ahead inc hosp",2020-12-19,"quantile",0.85,34.4783384055042
"25688",2020-12-12,"33","7  day ahead inc hosp",2020-12-19,"quantile",0.9,37.5939587607063
"25689",2020-12-12,"33","7  day ahead inc hosp",2020-12-19,"quantile",0.95,42.2117774628638
"25690",2020-12-12,"33","7  day ahead inc hosp",2020-12-19,"quantile",0.975,46.2170465133094
"25691",2020-12-12,"33","7  day ahead inc hosp",2020-12-19,"quantile",0.99,50.8740373670198
"25692",2020-12-12,"33","8  day ahead inc hosp",2020-12-20,"quantile",0.01,0
"25693",2020-12-12,"33","8  day ahead inc hosp",2020-12-20,"quantile",0.025,0
"25694",2020-12-12,"33","8  day ahead inc hosp",2020-12-20,"quantile",0.05,0
"25695",2020-12-12,"33","8  day ahead inc hosp",2020-12-20,"quantile",0.1,0
"25696",2020-12-12,"33","8  day ahead inc hosp",2020-12-20,"quantile",0.15,3.06827638479881
"25697",2020-12-12,"33","8  day ahead inc hosp",2020-12-20,"quantile",0.2,5.66148781964949
"25698",2020-12-12,"33","8  day ahead inc hosp",2020-12-20,"quantile",0.25,7.88623232682691
"25699",2020-12-12,"33","8  day ahead inc hosp",2020-12-20,"quantile",0.3,9.88412165289181
"25700",2020-12-12,"33","8  day ahead inc hosp",2020-12-20,"quantile",0.35,11.7354638585211
"25701",2020-12-12,"33","8  day ahead inc hosp",2020-12-20,"quantile",0.4,13.4922065685143
"25702",2020-12-12,"33","8  day ahead inc hosp",2020-12-20,"quantile",0.45,15.1918754710504
"25703",2020-12-12,"33","8  day ahead inc hosp",2020-12-20,"quantile",0.5,16.8645967652784
"25704",2020-12-12,"33","8  day ahead inc hosp",2020-12-20,"quantile",0.55,18.5373180595064
"25705",2020-12-12,"33","8  day ahead inc hosp",2020-12-20,"quantile",0.6,20.2369869620426
"25706",2020-12-12,"33","8  day ahead inc hosp",2020-12-20,"quantile",0.65,21.9937296720358
"25707",2020-12-12,"33","8  day ahead inc hosp",2020-12-20,"quantile",0.7,23.8450718776651
"25708",2020-12-12,"33","8  day ahead inc hosp",2020-12-20,"quantile",0.75,25.84296120373
"25709",2020-12-12,"33","8  day ahead inc hosp",2020-12-20,"quantile",0.8,28.0677057109074
"25710",2020-12-12,"33","8  day ahead inc hosp",2020-12-20,"quantile",0.85,30.6609171457581
"25711",2020-12-12,"33","8  day ahead inc hosp",2020-12-20,"quantile",0.9,33.9237692712839
"25712",2020-12-12,"33","8  day ahead inc hosp",2020-12-20,"quantile",0.95,38.7598076359934
"25713",2020-12-12,"33","8  day ahead inc hosp",2020-12-20,"quantile",0.975,42.9543496997366
"25714",2020-12-12,"33","8  day ahead inc hosp",2020-12-20,"quantile",0.99,47.8314113353791
"25715",2020-12-12,"33","9  day ahead inc hosp",2020-12-21,"quantile",0.01,0
"25716",2020-12-12,"33","9  day ahead inc hosp",2020-12-21,"quantile",0.025,0
"25717",2020-12-12,"33","9  day ahead inc hosp",2020-12-21,"quantile",0.05,0
"25718",2020-12-12,"33","9  day ahead inc hosp",2020-12-21,"quantile",0.1,0
"25719",2020-12-12,"33","9  day ahead inc hosp",2020-12-21,"quantile",0.15,2.47263969500149
"25720",2020-12-12,"33","9  day ahead inc hosp",2020-12-21,"quantile",0.2,5.17780937903755
"25721",2020-12-12,"33","9  day ahead inc hosp",2020-12-21,"quantile",0.25,7.49860409506449
"25722",2020-12-12,"33","9  day ahead inc hosp",2020-12-21,"quantile",0.3,9.58274947723276
"25723",2020-12-12,"33","9  day ahead inc hosp",2020-12-21,"quantile",0.35,11.5140207735639
"25724",2020-12-12,"33","9  day ahead inc hosp",2020-12-21,"quantile",0.4,13.3466083743503
"25725",2020-12-12,"33","9  day ahead inc hosp",2020-12-21,"quantile",0.45,15.1196580864747
"25726",2020-12-12,"33","9  day ahead inc hosp",2020-12-21,"quantile",0.5,16.8645967652784
"25727",2020-12-12,"33","9  day ahead inc hosp",2020-12-21,"quantile",0.55,18.6095354440822
"25728",2020-12-12,"33","9  day ahead inc hosp",2020-12-21,"quantile",0.6,20.3825851562066
"25729",2020-12-12,"33","9  day ahead inc hosp",2020-12-21,"quantile",0.65,22.215172756993
"25730",2020-12-12,"33","9  day ahead inc hosp",2020-12-21,"quantile",0.7,24.1464440533241
"25731",2020-12-12,"33","9  day ahead inc hosp",2020-12-21,"quantile",0.75,26.2305894354924
"25732",2020-12-12,"33","9  day ahead inc hosp",2020-12-21,"quantile",0.8,28.5513841515193
"25733",2020-12-12,"33","9  day ahead inc hosp",2020-12-21,"quantile",0.85,31.2565538355554
"25734",2020-12-12,"33","9  day ahead inc hosp",2020-12-21,"quantile",0.9,34.6602750033874
"25735",2020-12-12,"33","9  day ahead inc hosp",2020-12-21,"quantile",0.95,39.7051025092482
"25736",2020-12-12,"33","9  day ahead inc hosp",2020-12-21,"quantile",0.975,44.0807380153847
"25737",2020-12-12,"33","9  day ahead inc hosp",2020-12-21,"quantile",0.99,49.1683599140885
"25738",2020-12-12,"33","10  day ahead inc hosp",2020-12-22,"quantile",0.01,0
"25739",2020-12-12,"33","10  day ahead inc hosp",2020-12-22,"quantile",0.025,0
"25740",2020-12-12,"33","10  day ahead inc hosp",2020-12-22,"quantile",0.05,0
"25741",2020-12-12,"33","10  day ahead inc hosp",2020-12-22,"quantile",0.1,0
"25742",2020-12-12,"33","10  day ahead inc hosp",2020-12-22,"quantile",0.15,1.90069351162996
"25743",2020-12-12,"33","10  day ahead inc hosp",2020-12-22,"quantile",0.2,4.71336848272334
"25744",2020-12-12,"33","10  day ahead inc hosp",2020-12-22,"quantile",0.25,7.1263931625932
"25745",2020-12-12,"33","10  day ahead inc hosp",2020-12-22,"quantile",0.3,9.29336390277927
"25746",2020-12-12,"33","10  day ahead inc hosp",2020-12-22,"quantile",0.35,11.3013852367597
"25747",2020-12-12,"33","10  day ahead inc hosp",2020-12-22,"quantile",0.4,13.2068011178728
"25748",2020-12-12,"33","10  day ahead inc hosp",2020-12-22,"quantile",0.45,15.0503130340481
"25749",2020-12-12,"33","10  day ahead inc hosp",2020-12-22,"quantile",0.5,16.8645967652784
"25750",2020-12-12,"33","10  day ahead inc hosp",2020-12-22,"quantile",0.55,18.6788804965088
"25751",2020-12-12,"33","10  day ahead inc hosp",2020-12-22,"quantile",0.6,20.522392412684
"25752",2020-12-12,"33","10  day ahead inc hosp",2020-12-22,"quantile",0.65,22.4278082937971
"25753",2020-12-12,"33","10  day ahead inc hosp",2020-12-22,"quantile",0.7,24.4358296277776
"25754",2020-12-12,"33","10  day ahead inc hosp",2020-12-22,"quantile",0.75,26.6028003679637
"25755",2020-12-12,"33","10  day ahead inc hosp",2020-12-22,"quantile",0.8,29.0158250478335
"25756",2020-12-12,"33","10  day ahead inc hosp",2020-12-22,"quantile",0.85,31.8285000189269
"25757",2020-12-12,"33","10  day ahead inc hosp",2020-12-22,"quantile",0.9,35.3674873859072
"25758",2020-12-12,"33","10  day ahead inc hosp",2020-12-22,"quantile",0.95,40.6127997753496
"25759",2020-12-12,"33","10  day ahead inc hosp",2020-12-22,"quantile",0.975,45.1623260188847
"25760",2020-12-12,"33","10  day ahead inc hosp",2020-12-22,"quantile",0.99,50.4521334795098
"25761",2020-12-12,"33","11  day ahead inc hosp",2020-12-23,"quantile",0.01,0
"25762",2020-12-12,"33","11  day ahead inc hosp",2020-12-23,"quantile",0.025,0
"25763",2020-12-12,"33","11  day ahead inc hosp",2020-12-23,"quantile",0.05,0
"25764",2020-12-12,"33","11  day ahead inc hosp",2020-12-23,"quantile",0.1,0
"25765",2020-12-12,"33","11  day ahead inc hosp",2020-12-23,"quantile",0.15,1.34981759004013
"25766",2020-12-12,"33","11  day ahead inc hosp",2020-12-23,"quantile",0.2,4.26603739770253
"25767",2020-12-12,"33","11  day ahead inc hosp",2020-12-23,"quantile",0.25,6.76789432754154
"25768",2020-12-12,"33","11  day ahead inc hosp",2020-12-23,"quantile",0.3,9.01463917367602
"25769",2020-12-12,"33","11  day ahead inc hosp",2020-12-23,"quantile",0.35,11.0965831055361
"25770",2020-12-12,"33","11  day ahead inc hosp",2020-12-23,"quantile",0.4,13.0721443031303
"25771",2020-12-12,"33","11  day ahead inc hosp",2020-12-23,"quantile",0.45,14.9835226247862
"25772",2020-12-12,"33","11  day ahead inc hosp",2020-12-23,"quantile",0.5,16.8645967652784
"25773",2020-12-12,"33","11  day ahead inc hosp",2020-12-23,"quantile",0.55,18.7456709057707
"25774",2020-12-12,"33","11  day ahead inc hosp",2020-12-23,"quantile",0.6,20.6570492274266
"25775",2020-12-12,"33","11  day ahead inc hosp",2020-12-23,"quantile",0.65,22.6326104250208
"25776",2020-12-12,"33","11  day ahead inc hosp",2020-12-23,"quantile",0.7,24.7145543568809
"25777",2020-12-12,"33","11  day ahead inc hosp",2020-12-23,"quantile",0.75,26.9612992030153
"25778",2020-12-12,"33","11  day ahead inc hosp",2020-12-23,"quantile",0.8,29.4631561328543
"25779",2020-12-12,"33","11  day ahead inc hosp",2020-12-23,"quantile",0.85,32.3793759405167
"25780",2020-12-12,"33","11  day ahead inc hosp",2020-12-23,"quantile",0.9,36.0486463555918
"25781",2020-12-12,"33","11  day ahead inc hosp",2020-12-23,"quantile",0.95,41.4870578480944
"25782",2020-12-12,"33","11  day ahead inc hosp",2020-12-23,"quantile",0.975,46.2040687658969
"25783",2020-12-12,"33","11  day ahead inc hosp",2020-12-23,"quantile",0.99,51.6886133556326
"25784",2020-12-12,"33","12  day ahead inc hosp",2020-12-24,"quantile",0.01,0
"25785",2020-12-12,"33","12  day ahead inc hosp",2020-12-24,"quantile",0.025,0
"25786",2020-12-12,"33","12  day ahead inc hosp",2020-12-24,"quantile",0.05,0
"25787",2020-12-12,"33","12  day ahead inc hosp",2020-12-24,"quantile",0.1,0
"25788",2020-12-12,"33","12  day ahead inc hosp",2020-12-24,"quantile",0.15,0.817841793376321
"25789",2020-12-12,"33","12  day ahead inc hosp",2020-12-24,"quantile",0.2,3.83405389470307
"25790",2020-12-12,"33","12  day ahead inc hosp",2020-12-24,"quantile",0.25,6.42169530902344
"25791",2020-12-12,"33","12  day ahead inc hosp",2020-12-24,"quantile",0.3,8.74547727350313
"25792",2020-12-12,"33","12  day ahead inc hosp",2020-12-24,"quantile",0.35,10.8988075763357
"25793",2020-12-12,"33","12  day ahead inc hosp",2020-12-24,"quantile",0.4,12.9421074590945
"25794",2020-12-12,"33","12  day ahead inc hosp",2020-12-24,"quantile",0.45,14.9190237425804
"25795",2020-12-12,"33","12  day ahead inc hosp",2020-12-24,"quantile",0.5,16.8645967652784
"25796",2020-12-12,"33","12  day ahead inc hosp",2020-12-24,"quantile",0.55,18.8101697879764
"25797",2020-12-12,"33","12  day ahead inc hosp",2020-12-24,"quantile",0.6,20.7870860714624
"25798",2020-12-12,"33","12  day ahead inc hosp",2020-12-24,"quantile",0.65,22.8303859542211
"25799",2020-12-12,"33","12  day ahead inc hosp",2020-12-24,"quantile",0.7,24.9837162570537
"25800",2020-12-12,"33","12  day ahead inc hosp",2020-12-24,"quantile",0.75,27.3074982215334
"25801",2020-12-12,"33","12  day ahead inc hosp",2020-12-24,"quantile",0.8,29.8951396358538
"25802",2020-12-12,"33","12  day ahead inc hosp",2020-12-24,"quantile",0.85,32.9113517371806
"25803",2020-12-12,"33","12  day ahead inc hosp",2020-12-24,"quantile",0.9,36.7064352901796
"25804",2020-12-12,"33","12  day ahead inc hosp",2020-12-24,"quantile",0.95,42.3313208055241
"25805",2020-12-12,"33","12  day ahead inc hosp",2020-12-24,"quantile",0.975,47.2100701285289
"25806",2020-12-12,"33","12  day ahead inc hosp",2020-12-24,"quantile",0.99,52.8826705677555
"25807",2020-12-12,"33","13  day ahead inc hosp",2020-12-25,"quantile",0.01,0
"25808",2020-12-12,"33","13  day ahead inc hosp",2020-12-25,"quantile",0.025,0
"25809",2020-12-12,"33","13  day ahead inc hosp",2020-12-25,"quantile",0.05,0
"25810",2020-12-12,"33","13  day ahead inc hosp",2020-12-25,"quantile",0.1,0
"25811",2020-12-12,"33","13  day ahead inc hosp",2020-12-25,"quantile",0.15,0.302944752265901
"25812",2020-12-12,"33","13  day ahead inc hosp",2020-12-25,"quantile",0.2,3.41593895620804
"25813",2020-12-12,"33","13  day ahead inc hosp",2020-12-25,"quantile",0.25,6.08661079693059
"25814",2020-12-12,"33","13  day ahead inc hosp",2020-12-25,"quantile",0.3,8.48495665048264
"25815",2020-12-12,"33","13  day ahead inc hosp",2020-12-25,"quantile",0.35,10.7073815087817
"25816",2020-12-12,"33","13  day ahead inc hosp",2020-12-25,"quantile",0.4,12.8162453679067
"25817",2020-12-12,"33","13  day ahead inc hosp",2020-12-25,"quantile",0.45,14.8565955572928
"25818",2020-12-12,"33","13  day ahead inc hosp",2020-12-25,"quantile",0.5,16.8645967652784
"25819",2020-12-12,"33","13  day ahead inc hosp",2020-12-25,"quantile",0.55,18.8725979732641
"25820",2020-12-12,"33","13  day ahead inc hosp",2020-12-25,"quantile",0.6,20.9129481626502
"25821",2020-12-12,"33","13  day ahead inc hosp",2020-12-25,"quantile",0.65,23.0218120217752
"25822",2020-12-12,"33","13  day ahead inc hosp",2020-12-25,"quantile",0.7,25.2442368800742
"25823",2020-12-12,"33","13  day ahead inc hosp",2020-12-25,"quantile",0.75,27.6425827336263
"25824",2020-12-12,"33","13  day ahead inc hosp",2020-12-25,"quantile",0.8,30.3132545743488
"25825",2020-12-12,"33","13  day ahead inc hosp",2020-12-25,"quantile",0.85,33.426248778291
"25826",2020-12-12,"33","13  day ahead inc hosp",2020-12-25,"quantile",0.9,37.3431063158512
"25827",2020-12-12,"33","13  day ahead inc hosp",2020-12-25,"quantile",0.95,43.1484792202975
"25828",2020-12-12,"33","13  day ahead inc hosp",2020-12-25,"quantile",0.975,48.1837744365458
"25829",2020-12-12,"33","13  day ahead inc hosp",2020-12-25,"quantile",0.99,54.0383933079522
"25830",2020-12-12,"33","14  day ahead inc hosp",2020-12-26,"quantile",0.01,0
"25831",2020-12-12,"33","14  day ahead inc hosp",2020-12-26,"quantile",0.025,0
"25832",2020-12-12,"33","14  day ahead inc hosp",2020-12-26,"quantile",0.05,0
"25833",2020-12-12,"33","14  day ahead inc hosp",2020-12-26,"quantile",0.1,0
"25834",2020-12-12,"33","14  day ahead inc hosp",2020-12-26,"quantile",0.15,0
"25835",2020-12-12,"33","14  day ahead inc hosp",2020-12-26,"quantile",0.2,3.01043687631231
"25836",2020-12-12,"33","14  day ahead inc hosp",2020-12-26,"quantile",0.25,5.76163444692603
"25837",2020-12-12,"33","14  day ahead inc hosp",2020-12-26,"quantile",0.3,8.23229489467266
"25838",2020-12-12,"33","14  day ahead inc hosp",2020-12-26,"quantile",0.35,10.5217300015219
"25839",2020-12-12,"33","14  day ahead inc hosp",2020-12-26,"quantile",0.4,12.6941800335745
"25840",2020-12-12,"33","14  day ahead inc hosp",2020-12-26,"quantile",0.45,14.7960505811449
"25841",2020-12-12,"33","14  day ahead inc hosp",2020-12-26,"quantile",0.5,16.8645967652784
"25842",2020-12-12,"33","14  day ahead inc hosp",2020-12-26,"quantile",0.55,18.933142949412
"25843",2020-12-12,"33","14  day ahead inc hosp",2020-12-26,"quantile",0.6,21.0350134969823
"25844",2020-12-12,"33","14  day ahead inc hosp",2020-12-26,"quantile",0.65,23.207463529035
"25845",2020-12-12,"33","14  day ahead inc hosp",2020-12-26,"quantile",0.7,25.4968986358842
"25846",2020-12-12,"33","14  day ahead inc hosp",2020-12-26,"quantile",0.75,27.9675590836308
"25847",2020-12-12,"33","14  day ahead inc hosp",2020-12-26,"quantile",0.8,30.7187566542446
"25848",2020-12-12,"33","14  day ahead inc hosp",2020-12-26,"quantile",0.85,33.9256134311158
"25849",2020-12-12,"33","14  day ahead inc hosp",2020-12-26,"quantile",0.9,37.960571518239
"25850",2020-12-12,"33","14  day ahead inc hosp",2020-12-26,"quantile",0.95,43.9409872277551
"25851",2020-12-12,"33","14  day ahead inc hosp",2020-12-26,"quantile",0.975,49.1281059725714
"25852",2020-12-12,"33","14  day ahead inc hosp",2020-12-26,"quantile",0.99,55.1592525066678
"25853",2020-12-12,"33","15  day ahead inc hosp",2020-12-27,"quantile",0.01,0
"25854",2020-12-12,"33","15  day ahead inc hosp",2020-12-27,"quantile",0.025,0
"25855",2020-12-12,"33","15  day ahead inc hosp",2020-12-27,"quantile",0.05,0
"25856",2020-12-12,"33","15  day ahead inc hosp",2020-12-27,"quantile",0.1,0
"25857",2020-12-12,"33","15  day ahead inc hosp",2020-12-27,"quantile",0.15,0
"25858",2020-12-12,"33","15  day ahead inc hosp",2020-12-27,"quantile",0.2,1.08536643101387
"25859",2020-12-12,"33","15  day ahead inc hosp",2020-12-27,"quantile",0.25,3.91479889429574
"25860",2020-12-12,"33","15  day ahead inc hosp",2020-12-27,"quantile",0.3,6.45571669360938
"25861",2020-12-12,"33","15  day ahead inc hosp",2020-12-27,"quantile",0.35,8.81025570712388
"25862",2020-12-12,"33","15  day ahead inc hosp",2020-12-27,"quantile",0.4,11.044482980077
"25863",2020-12-12,"33","15  day ahead inc hosp",2020-12-27,"quantile",0.45,13.2061237231607
"25864",2020-12-12,"33","15  day ahead inc hosp",2020-12-27,"quantile",0.5,15.3334924689392
"25865",2020-12-12,"33","15  day ahead inc hosp",2020-12-27,"quantile",0.55,17.4608612147177
"25866",2020-12-12,"33","15  day ahead inc hosp",2020-12-27,"quantile",0.6,19.6225019578014
"25867",2020-12-12,"33","15  day ahead inc hosp",2020-12-27,"quantile",0.65,21.8567292307545
"25868",2020-12-12,"33","15  day ahead inc hosp",2020-12-27,"quantile",0.7,24.211268244269
"25869",2020-12-12,"33","15  day ahead inc hosp",2020-12-27,"quantile",0.75,26.7521860435827
"25870",2020-12-12,"33","15  day ahead inc hosp",2020-12-27,"quantile",0.8,29.5816185068645
"25871",2020-12-12,"33","15  day ahead inc hosp",2020-12-27,"quantile",0.85,32.8796676060976
"25872",2020-12-12,"33","15  day ahead inc hosp",2020-12-27,"quantile",0.9,37.0293664578386
"25873",2020-12-12,"33","15  day ahead inc hosp",2020-12-27,"quantile",0.95,43.1798452650189
"25874",2020-12-12,"33","15  day ahead inc hosp",2020-12-27,"quantile",0.975,48.5144683848726
"25875",2020-12-12,"33","15  day ahead inc hosp",2020-12-27,"quantile",0.99,54.717120632263
"25876",2020-12-12,"33","16  day ahead inc hosp",2020-12-28,"quantile",0.01,0
"25877",2020-12-12,"33","16  day ahead inc hosp",2020-12-28,"quantile",0.025,0
"25878",2020-12-12,"33","16  day ahead inc hosp",2020-12-28,"quantile",0.05,0
"25879",2020-12-12,"33","16  day ahead inc hosp",2020-12-28,"quantile",0.1,0
"25880",2020-12-12,"33","16  day ahead inc hosp",2020-12-28,"quantile",0.15,0
"25881",2020-12-12,"33","16  day ahead inc hosp",2020-12-28,"quantile",0.2,0.702004336962553
"25882",2020-12-12,"33","16  day ahead inc hosp",2020-12-28,"quantile",0.25,3.60756591022094
"25883",2020-12-12,"33","16  day ahead inc hosp",2020-12-28,"quantile",0.3,6.21685000316254
"25884",2020-12-12,"33","16  day ahead inc hosp",2020-12-28,"quantile",0.35,8.63474057633786
"25885",2020-12-12,"33","16  day ahead inc hosp",2020-12-28,"quantile",0.4,10.9290822842466
"25886",2020-12-12,"33","16  day ahead inc hosp",2020-12-28,"quantile",0.45,13.1488844388485
"25887",2020-12-12,"33","16  day ahead inc hosp",2020-12-28,"quantile",0.5,15.3334924689392
"25888",2020-12-12,"33","16  day ahead inc hosp",2020-12-28,"quantile",0.55,17.5181004990299
"25889",2020-12-12,"33","16  day ahead inc hosp",2020-12-28,"quantile",0.6,19.7379026536318
"25890",2020-12-12,"33","16  day ahead inc hosp",2020-12-28,"quantile",0.65,22.0322443615405
"25891",2020-12-12,"33","16  day ahead inc hosp",2020-12-28,"quantile",0.7,24.4501349347159
"25892",2020-12-12,"33","16  day ahead inc hosp",2020-12-28,"quantile",0.75,27.0594190276575
"25893",2020-12-12,"33","16  day ahead inc hosp",2020-12-28,"quantile",0.8,29.9649806009158
"25894",2020-12-12,"33","16  day ahead inc hosp",2020-12-28,"quantile",0.85,33.351767475601
"25895",2020-12-12,"33","16  day ahead inc hosp",2020-12-28,"quantile",0.9,37.6131187114696
"25896",2020-12-12,"33","16  day ahead inc hosp",2020-12-28,"quantile",0.95,43.9290831711956
"25897",2020-12-12,"33","16  day ahead inc hosp",2020-12-28,"quantile",0.975,49.4072404150989
"25898",2020-12-12,"33","16  day ahead inc hosp",2020-12-28,"quantile",0.99,55.7767821009952
"25899",2020-12-12,"33","17  day ahead inc hosp",2020-12-29,"quantile",0.01,0
"25900",2020-12-12,"33","17  day ahead inc hosp",2020-12-29,"quantile",0.025,0
"25901",2020-12-12,"33","17  day ahead inc hosp",2020-12-29,"quantile",0.05,0
"25902",2020-12-12,"33","17  day ahead inc hosp",2020-12-29,"quantile",0.1,0
"25903",2020-12-12,"33","17  day ahead inc hosp",2020-12-29,"quantile",0.15,0
"25904",2020-12-12,"33","17  day ahead inc hosp",2020-12-29,"quantile",0.2,0.328433511382876
"25905",2020-12-12,"33","17  day ahead inc hosp",2020-12-29,"quantile",0.25,3.30817981731535
"25906",2020-12-12,"33","17  day ahead inc hosp",2020-12-29,"quantile",0.3,5.98408409297383
"25907",2020-12-12,"33","17  day ahead inc hosp",2020-12-29,"quantile",0.35,8.46370819382829
"25908",2020-12-12,"33","17  day ahead inc hosp",2020-12-29,"quantile",0.4,10.8166289825697
"25909",2020-12-12,"33","17  day ahead inc hosp",2020-12-29,"quantile",0.45,13.0931070758074
"25910",2020-12-12,"33","17  day ahead inc hosp",2020-12-29,"quantile",0.5,15.3334924689392
"25911",2020-12-12,"33","17  day ahead inc hosp",2020-12-29,"quantile",0.55,17.573877862071
"25912",2020-12-12,"33","17  day ahead inc hosp",2020-12-29,"quantile",0.6,19.8503559553087
"25913",2020-12-12,"33","17  day ahead inc hosp",2020-12-29,"quantile",0.65,22.2032767440501
"25914",2020-12-12,"33","17  day ahead inc hosp",2020-12-29,"quantile",0.7,24.6829008449046
"25915",2020-12-12,"33","17  day ahead inc hosp",2020-12-29,"quantile",0.75,27.358805120563
"25916",2020-12-12,"33","17  day ahead inc hosp",2020-12-29,"quantile",0.8,30.3385514264955
"25917",2020-12-12,"33","17  day ahead inc hosp",2020-12-29,"quantile",0.85,33.8118096674167
"25918",2020-12-12,"33","17  day ahead inc hosp",2020-12-29,"quantile",0.9,38.1819616271016
"25919",2020-12-12,"33","17  day ahead inc hosp",2020-12-29,"quantile",0.95,44.6591851492189
"25920",2020-12-12,"33","17  day ahead inc hosp",2020-12-29,"quantile",0.975,50.277210580541
"25921",2020-12-12,"33","17  day ahead inc hosp",2020-12-29,"quantile",0.99,56.809379261361
"25922",2020-12-12,"33","18  day ahead inc hosp",2020-12-30,"quantile",0.01,0
"25923",2020-12-12,"33","18  day ahead inc hosp",2020-12-30,"quantile",0.025,0
"25924",2020-12-12,"33","18  day ahead inc hosp",2020-12-30,"quantile",0.05,0
"25925",2020-12-12,"33","18  day ahead inc hosp",2020-12-30,"quantile",0.1,0
"25926",2020-12-12,"33","18  day ahead inc hosp",2020-12-30,"quantile",0.15,0
"25927",2020-12-12,"33","18  day ahead inc hosp",2020-12-30,"quantile",0.2,0
"25928",2020-12-12,"33","18  day ahead inc hosp",2020-12-30,"quantile",0.25,3.01606842500229
"25929",2020-12-12,"33","18  day ahead inc hosp",2020-12-30,"quantile",0.3,5.75697409782224
"25930",2020-12-12,"33","18  day ahead inc hosp",2020-12-30,"quantile",0.35,8.29683168029149
"25931",2020-12-12,"33","18  day ahead inc hosp",2020-12-30,"quantile",0.4,10.7069081528403
"25932",2020-12-12,"33","18  day ahead inc hosp",2020-12-30,"quantile",0.45,13.038685031619
"25933",2020-12-12,"33","18  day ahead inc hosp",2020-12-30,"quantile",0.5,15.3334924689392
"25934",2020-12-12,"33","18  day ahead inc hosp",2020-12-30,"quantile",0.55,17.6282999062594
"25935",2020-12-12,"33","18  day ahead inc hosp",2020-12-30,"quantile",0.6,19.9600767850381
"25936",2020-12-12,"33","18  day ahead inc hosp",2020-12-30,"quantile",0.65,22.3701532575869
"25937",2020-12-12,"33","18  day ahead inc hosp",2020-12-30,"quantile",0.7,24.9100108400562
"25938",2020-12-12,"33","18  day ahead inc hosp",2020-12-30,"quantile",0.75,27.6509165128761
"25939",2020-12-12,"33","18  day ahead inc hosp",2020-12-30,"quantile",0.8,30.7030449570017
"25940",2020-12-12,"33","18  day ahead inc hosp",2020-12-30,"quantile",0.85,34.2606734201376
"25941",2020-12-12,"33","18  day ahead inc hosp",2020-12-30,"quantile",0.9,38.7369823846793
"25942",2020-12-12,"33","18  day ahead inc hosp",2020-12-30,"quantile",0.95,45.3715465794412
"25943",2020-12-12,"33","18  day ahead inc hosp",2020-12-30,"quantile",0.975,51.126041579442
"25944",2020-12-12,"33","18  day ahead inc hosp",2020-12-30,"quantile",0.99,57.8168856264215
"25945",2020-12-12,"33","19  day ahead inc hosp",2020-12-31,"quantile",0.01,0
"25946",2020-12-12,"33","19  day ahead inc hosp",2020-12-31,"quantile",0.025,0
"25947",2020-12-12,"33","19  day ahead inc hosp",2020-12-31,"quantile",0.05,0
"25948",2020-12-12,"33","19  day ahead inc hosp",2020-12-31,"quantile",0.1,0
"25949",2020-12-12,"33","19  day ahead inc hosp",2020-12-31,"quantile",0.15,0
"25950",2020-12-12,"33","19  day ahead inc hosp",2020-12-31,"quantile",0.2,0
"25951",2020-12-12,"33","19  day ahead inc hosp",2020-12-31,"quantile",0.25,2.73072587636098
"25952",2020-12-12,"33","19  day ahead inc hosp",2020-12-31,"quantile",0.3,5.53512672540269
"25953",2020-12-12,"33","19  day ahead inc hosp",2020-12-31,"quantile",0.35,8.13382205131428
"25954",2020-12-12,"33","19  day ahead inc hosp",2020-12-31,"quantile",0.4,10.5997297886344
"25955",2020-12-12,"33","19  day ahead inc hosp",2020-12-31,"quantile",0.45,12.9855240622093
"25956",2020-12-12,"33","19  day ahead inc hosp",2020-12-31,"quantile",0.5,15.3334924689392
"25957",2020-12-12,"33","19  day ahead inc hosp",2020-12-31,"quantile",0.55,17.6814608756691
"25958",2020-12-12,"33","19  day ahead inc hosp",2020-12-31,"quantile",0.6,20.067255149244
"25959",2020-12-12,"33","19  day ahead inc hosp",2020-12-31,"quantile",0.65,22.5331628865641
"25960",2020-12-12,"33","19  day ahead inc hosp",2020-12-31,"quantile",0.7,25.1318582124757
"25961",2020-12-12,"33","19  day ahead inc hosp",2020-12-31,"quantile",0.75,27.9362590615174
"25962",2020-12-12,"33","19  day ahead inc hosp",2020-12-31,"quantile",0.8,31.0590923953928
"25963",2020-12-12,"33","19  day ahead inc hosp",2020-12-31,"quantile",0.85,34.6991360428374
"25964",2020-12-12,"33","19  day ahead inc hosp",2020-12-31,"quantile",0.9,39.279142128132
"25965",2020-12-12,"33","19  day ahead inc hosp",2020-12-31,"quantile",0.95,46.0674010767405
"25966",2020-12-12,"33","19  day ahead inc hosp",2020-12-31,"quantile",0.975,51.9552033545932
"25967",2020-12-12,"33","19  day ahead inc hosp",2020-12-31,"quantile",0.99,58.8010459212401
"25968",2020-12-12,"33","20  day ahead inc hosp",2021-01-01,"quantile",0.01,0
"25969",2020-12-12,"33","20  day ahead inc hosp",2021-01-01,"quantile",0.025,0
"25970",2020-12-12,"33","20  day ahead inc hosp",2021-01-01,"quantile",0.05,0
"25971",2020-12-12,"33","20  day ahead inc hosp",2021-01-01,"quantile",0.1,0
"25972",2020-12-12,"33","20  day ahead inc hosp",2021-01-01,"quantile",0.15,0
"25973",2020-12-12,"33","20  day ahead inc hosp",2021-01-01,"quantile",0.2,0
"25974",2020-12-12,"33","20  day ahead inc hosp",2021-01-01,"quantile",0.25,2.45170235669719
"25975",2020-12-12,"33","20  day ahead inc hosp",2021-01-01,"quantile",0.3,5.31819225497263
"25976",2020-12-12,"33","20  day ahead inc hosp",2021-01-01,"quantile",0.35,7.97442233811734
"25977",2020-12-12,"33","20  day ahead inc hosp",2021-01-01,"quantile",0.4,10.4949249337155
"25978",2020-12-12,"33","20  day ahead inc hosp",2021-01-01,"quantile",0.45,12.9335403644956
"25979",2020-12-12,"33","20  day ahead inc hosp",2021-01-01,"quantile",0.5,15.3334924689392
"25980",2020-12-12,"33","20  day ahead inc hosp",2021-01-01,"quantile",0.55,17.7334445733828
"25981",2020-12-12,"33","20  day ahead inc hosp",2021-01-01,"quantile",0.6,20.1720600041629
"25982",2020-12-12,"33","20  day ahead inc hosp",2021-01-01,"quantile",0.65,22.6925625997611
"25983",2020-12-12,"33","20  day ahead inc hosp",2021-01-01,"quantile",0.7,25.3487926829058
"25984",2020-12-12,"33","20  day ahead inc hosp",2021-01-01,"quantile",0.75,28.2152825811812
"25985",2020-12-12,"33","20  day ahead inc hosp",2021-01-01,"quantile",0.8,31.4072550157247
"25986",2020-12-12,"33","20  day ahead inc hosp",2021-01-01,"quantile",0.85,35.127888729071
"25987",2020-12-12,"33","20  day ahead inc hosp",2021-01-01,"quantile",0.9,39.8092955194102
"25988",2020-12-12,"33","20  day ahead inc hosp",2021-01-01,"quantile",0.95,46.7478455878548
"25989",2020-12-12,"33","20  day ahead inc hosp",2021-01-01,"quantile",0.975,52.7660029986525
"25990",2020-12-12,"33","20  day ahead inc hosp",2021-01-01,"quantile",0.99,59.7634115785219
"25991",2020-12-12,"33","21  day ahead inc hosp",2021-01-02,"quantile",0.01,0
"25992",2020-12-12,"33","21  day ahead inc hosp",2021-01-02,"quantile",0.025,0
"25993",2020-12-12,"33","21  day ahead inc hosp",2021-01-02,"quantile",0.05,0
"25994",2020-12-12,"33","21  day ahead inc hosp",2021-01-02,"quantile",0.1,0
"25995",2020-12-12,"33","21  day ahead inc hosp",2021-01-02,"quantile",0.15,0
"25996",2020-12-12,"33","21  day ahead inc hosp",2021-01-02,"quantile",0.2,0
"25997",2020-12-12,"33","21  day ahead inc hosp",2021-01-02,"quantile",0.25,2.1785957682917
"25998",2020-12-12,"33","21  day ahead inc hosp",2021-01-02,"quantile",0.3,5.10585806465743
"25999",2020-12-12,"33","21  day ahead inc hosp",2021-01-02,"quantile",0.35,7.81840283153063
"26000",2020-12-12,"33","21  day ahead inc hosp",2021-01-02,"quantile",0.4,10.3923425549622
"26001",2020-12-12,"33","21  day ahead inc hosp",2021-01-02,"quantile",0.45,12.882659025344
"26002",2020-12-12,"33","21  day ahead inc hosp",2021-01-02,"quantile",0.5,15.3334924689392
"26003",2020-12-12,"33","21  day ahead inc hosp",2021-01-02,"quantile",0.55,17.7843259125344
"26004",2020-12-12,"33","21  day ahead inc hosp",2021-01-02,"quantile",0.6,20.2746423829162
"26005",2020-12-12,"33","21  day ahead inc hosp",2021-01-02,"quantile",0.65,22.8485821063478
"26006",2020-12-12,"33","21  day ahead inc hosp",2021-01-02,"quantile",0.7,25.561126873221
"26007",2020-12-12,"33","21  day ahead inc hosp",2021-01-02,"quantile",0.75,28.4883891695867
"26008",2020-12-12,"33","21  day ahead inc hosp",2021-01-02,"quantile",0.8,31.7480345513127
"26009",2020-12-12,"33","21  day ahead inc hosp",2021-01-02,"quantile",0.85,35.5475493496096
"26010",2020-12-12,"33","21  day ahead inc hosp",2021-01-02,"quantile",0.9,40.3282065567238
"26011",2020-12-12,"33","21  day ahead inc hosp",2021-01-02,"quantile",0.95,47.4138606938701
"26012",2020-12-12,"33","21  day ahead inc hosp",2021-01-02,"quantile",0.975,53.5596089460516
"26013",2020-12-12,"33","21  day ahead inc hosp",2021-01-02,"quantile",0.99,60.7053694528097
"26014",2020-12-12,"33","22  day ahead inc hosp",2021-01-03,"quantile",0.01,0
"26015",2020-12-12,"33","22  day ahead inc hosp",2021-01-03,"quantile",0.025,0
"26016",2020-12-12,"33","22  day ahead inc hosp",2021-01-03,"quantile",0.05,0
"26017",2020-12-12,"33","22  day ahead inc hosp",2021-01-03,"quantile",0.1,0
"26018",2020-12-12,"33","22  day ahead inc hosp",2021-01-03,"quantile",0.15,0
"26019",2020-12-12,"33","22  day ahead inc hosp",2021-01-03,"quantile",0.2,0
"26020",2020-12-12,"33","22  day ahead inc hosp",2021-01-03,"quantile",0.25,1.08177882582895
"26021",2020-12-12,"33","22  day ahead inc hosp",2021-01-03,"quantile",0.3,4.06857723993956
"26022",2020-12-12,"33","22  day ahead inc hosp",2021-01-03,"quantile",0.35,6.83629109255861
"26023",2020-12-12,"33","22  day ahead inc hosp",2021-01-03,"quantile",0.4,9.46258088336634
"26024",2020-12-12,"33","22  day ahead inc hosp",2021-01-03,"quantile",0.45,12.003546649777
"26025",2020-12-12,"33","22  day ahead inc hosp",2021-01-03,"quantile",0.5,14.504226363948
"26026",2020-12-12,"33","22  day ahead inc hosp",2021-01-03,"quantile",0.55,17.0049060781189
"26027",2020-12-12,"33","22  day ahead inc hosp",2021-01-03,"quantile",0.6,19.5458718445296
"26028",2020-12-12,"33","22  day ahead inc hosp",2021-01-03,"quantile",0.65,22.1721616353373
"26029",2020-12-12,"33","22  day ahead inc hosp",2021-01-03,"quantile",0.7,24.9398754879563
"26030",2020-12-12,"33","22  day ahead inc hosp",2021-01-03,"quantile",0.75,27.926673902067
"26031",2020-12-12,"33","22  day ahead inc hosp",2021-01-03,"quantile",0.8,31.2526155741849
"26032",2020-12-12,"33","22  day ahead inc hosp",2021-01-03,"quantile",0.85,35.1294067958093
"26033",2020-12-12,"33","22  day ahead inc hosp",2021-01-03,"quantile",0.9,40.0072953889643
"26034",2020-12-12,"33","22  day ahead inc hosp",2021-01-03,"quantile",0.95,47.2370610871184
"26035",2020-12-12,"33","22  day ahead inc hosp",2021-01-03,"quantile",0.975,53.5078046265437
"26036",2020-12-12,"33","22  day ahead inc hosp",2021-01-03,"quantile",0.99,60.7988991675751
"26037",2020-12-12,"33","23  day ahead inc hosp",2021-01-04,"quantile",0.01,0
"26038",2020-12-12,"33","23  day ahead inc hosp",2021-01-04,"quantile",0.025,0
"26039",2020-12-12,"33","23  day ahead inc hosp",2021-01-04,"quantile",0.05,0
"26040",2020-12-12,"33","23  day ahead inc hosp",2021-01-04,"quantile",0.1,0
"26041",2020-12-12,"33","23  day ahead inc hosp",2021-01-04,"quantile",0.15,0
"26042",2020-12-12,"33","23  day ahead inc hosp",2021-01-04,"quantile",0.2,0
"26043",2020-12-12,"33","23  day ahead inc hosp",2021-01-04,"quantile",0.25,0.819457874038914
"26044",2020-12-12,"33","23  day ahead inc hosp",2021-01-04,"quantile",0.3,3.8646286379441
"26045",2020-12-12,"33","23  day ahead inc hosp",2021-01-04,"quantile",0.35,6.68643317186696
"26046",2020-12-12,"33","23  day ahead inc hosp",2021-01-04,"quantile",0.4,9.36404972969274
"26047",2020-12-12,"33","23  day ahead inc hosp",2021-01-04,"quantile",0.45,11.9546747371932
"26048",2020-12-12,"33","23  day ahead inc hosp",2021-01-04,"quantile",0.5,14.504226363948
"26049",2020-12-12,"33","23  day ahead inc hosp",2021-01-04,"quantile",0.55,17.0537779907027
"26050",2020-12-12,"33","23  day ahead inc hosp",2021-01-04,"quantile",0.6,19.6444029982032
"26051",2020-12-12,"33","23  day ahead inc hosp",2021-01-04,"quantile",0.65,22.3220195560289
"26052",2020-12-12,"33","23  day ahead inc hosp",2021-01-04,"quantile",0.7,25.1438240899518
"26053",2020-12-12,"33","23  day ahead inc hosp",2021-01-04,"quantile",0.75,28.188994853857
"26054",2020-12-12,"33","23  day ahead inc hosp",2021-01-04,"quantile",0.8,31.5799369055666
"26055",2020-12-12,"33","23  day ahead inc hosp",2021-01-04,"quantile",0.85,35.5324940082094
"26056",2020-12-12,"33","23  day ahead inc hosp",2021-01-04,"quantile",0.9,40.5057133802591
"26057",2020-12-12,"33","23  day ahead inc hosp",2021-01-04,"quantile",0.95,47.8767736533239
"26058",2020-12-12,"33","23  day ahead inc hosp",2021-01-04,"quantile",0.975,54.270069164662
"26059",2020-12-12,"33","23  day ahead inc hosp",2021-01-04,"quantile",0.99,61.7036568578673
"26060",2020-12-12,"33","24  day ahead inc hosp",2021-01-05,"quantile",0.01,0
"26061",2020-12-12,"33","24  day ahead inc hosp",2021-01-05,"quantile",0.025,0
"26062",2020-12-12,"33","24  day ahead inc hosp",2021-01-05,"quantile",0.05,0
"26063",2020-12-12,"33","24  day ahead inc hosp",2021-01-05,"quantile",0.1,0
"26064",2020-12-12,"33","24  day ahead inc hosp",2021-01-05,"quantile",0.15,0
"26065",2020-12-12,"33","24  day ahead inc hosp",2021-01-05,"quantile",0.2,0
"26066",2020-12-12,"33","24  day ahead inc hosp",2021-01-05,"quantile",0.25,0.562071604684316
"26067",2020-12-12,"33","24  day ahead inc hosp",2021-01-05,"quantile",0.3,3.66451663983838
"26068",2020-12-12,"33","24  day ahead inc hosp",2021-01-05,"quantile",0.35,6.53939432164606
"26069",2020-12-12,"33","24  day ahead inc hosp",2021-01-05,"quantile",0.4,9.26737210678008
"26070",2020-12-12,"33","24  day ahead inc hosp",2021-01-05,"quantile",0.45,11.9067221845269
"26071",2020-12-12,"33","24  day ahead inc hosp",2021-01-05,"quantile",0.5,14.504226363948
"26072",2020-12-12,"33","24  day ahead inc hosp",2021-01-05,"quantile",0.55,17.101730543369
"26073",2020-12-12,"33","24  day ahead inc hosp",2021-01-05,"quantile",0.6,19.7410806211158
"26074",2020-12-12,"33","24  day ahead inc hosp",2021-01-05,"quantile",0.65,22.4690584062498
"26075",2020-12-12,"33","24  day ahead inc hosp",2021-01-05,"quantile",0.7,25.3439360880575
"26076",2020-12-12,"33","24  day ahead inc hosp",2021-01-05,"quantile",0.75,28.4463811232116
"26077",2020-12-12,"33","24  day ahead inc hosp",2021-01-05,"quantile",0.8,31.90110079198
"26078",2020-12-12,"33","24  day ahead inc hosp",2021-01-05,"quantile",0.85,35.9279984965708
"26079",2020-12-12,"33","24  day ahead inc hosp",2021-01-05,"quantile",0.9,40.9947553209931
"26080",2020-12-12,"33","24  day ahead inc hosp",2021-01-05,"quantile",0.95,48.5044521889167
"26081",2020-12-12,"33","24  day ahead inc hosp",2021-01-05,"quantile",0.975,55.0179942708678
"26082",2020-12-12,"33","24  day ahead inc hosp",2021-01-05,"quantile",0.99,62.5913945890134
"26083",2020-12-12,"33","25  day ahead inc hosp",2021-01-06,"quantile",0.01,0
"26084",2020-12-12,"33","25  day ahead inc hosp",2021-01-06,"quantile",0.025,0
"26085",2020-12-12,"33","25  day ahead inc hosp",2021-01-06,"quantile",0.05,0
"26086",2020-12-12,"33","25  day ahead inc hosp",2021-01-06,"quantile",0.1,0
"26087",2020-12-12,"33","25  day ahead inc hosp",2021-01-06,"quantile",0.15,0
"26088",2020-12-12,"33","25  day ahead inc hosp",2021-01-06,"quantile",0.2,0
"26089",2020-12-12,"33","25  day ahead inc hosp",2021-01-06,"quantile",0.25,0.30935158323544
"26090",2020-12-12,"33","25  day ahead inc hosp",2021-01-06,"quantile",0.3,3.46803254385197
"26091",2020-12-12,"33","25  day ahead inc hosp",2021-01-06,"quantile",0.35,6.39502119142887
"26092",2020-12-12,"33","25  day ahead inc hosp",2021-01-06,"quantile",0.4,9.17244718713545
"26093",2020-12-12,"33","25  day ahead inc hosp",2021-01-06,"quantile",0.45,11.8596389808707
"26094",2020-12-12,"33","25  day ahead inc hosp",2021-01-06,"quantile",0.5,14.504226363948
"26095",2020-12-12,"33","25  day ahead inc hosp",2021-01-06,"quantile",0.55,17.1488137470252
"26096",2020-12-12,"33","25  day ahead inc hosp",2021-01-06,"quantile",0.6,19.8360055407605
"26097",2020-12-12,"33","25  day ahead inc hosp",2021-01-06,"quantile",0.65,22.613431536467
"26098",2020-12-12,"33","25  day ahead inc hosp",2021-01-06,"quantile",0.7,25.5404201840439
"26099",2020-12-12,"33","25  day ahead inc hosp",2021-01-06,"quantile",0.75,28.6991011446605
"26100",2020-12-12,"33","25  day ahead inc hosp",2021-01-06,"quantile",0.8,32.2164421832147
"26101",2020-12-12,"33","25  day ahead inc hosp",2021-01-06,"quantile",0.85,36.3163327423426
"26102",2020-12-12,"33","25  day ahead inc hosp",2021-01-06,"quantile",0.9,41.4749312451463
"26103",2020-12-12,"33","25  day ahead inc hosp",2021-01-06,"quantile",0.95,49.1207513154232
"26104",2020-12-12,"33","25  day ahead inc hosp",2021-01-06,"quantile",0.975,55.7523599748211
"26105",2020-12-12,"33","25  day ahead inc hosp",2021-01-06,"quantile",0.99,63.4630382047307
"26106",2020-12-12,"33","26  day ahead inc hosp",2021-01-07,"quantile",0.01,0
"26107",2020-12-12,"33","26  day ahead inc hosp",2021-01-07,"quantile",0.025,0
"26108",2020-12-12,"33","26  day ahead inc hosp",2021-01-07,"quantile",0.05,0
"26109",2020-12-12,"33","26  day ahead inc hosp",2021-01-07,"quantile",0.1,0
"26110",2020-12-12,"33","26  day ahead inc hosp",2021-01-07,"quantile",0.15,0
"26111",2020-12-12,"33","26  day ahead inc hosp",2021-01-07,"quantile",0.2,0
"26112",2020-12-12,"33","26  day ahead inc hosp",2021-01-07,"quantile",0.25,0.0610528640221659
"26113",2020-12-12,"33","26  day ahead inc hosp",2021-01-07,"quantile",0.3,3.27498591027105
"26114",2020-12-12,"33","26  day ahead inc hosp",2021-01-07,"quantile",0.35,6.25317384939314
"26115",2020-12-12,"33","26  day ahead inc hosp",2021-01-07,"quantile",0.4,9.07918296598646
"26116",2020-12-12,"33","26  day ahead inc hosp",2021-01-07,"quantile",0.45,11.8133794914276
"26117",2020-12-12,"33","26  day ahead inc hosp",2021-01-07,"quantile",0.5,14.504226363948
"26118",2020-12-12,"33","26  day ahead inc hosp",2021-01-07,"quantile",0.55,17.1950732364683
"26119",2020-12-12,"33","26  day ahead inc hosp",2021-01-07,"quantile",0.6,19.9292697619094
"26120",2020-12-12,"33","26  day ahead inc hosp",2021-01-07,"quantile",0.65,22.7552788785028
"26121",2020-12-12,"33","26  day ahead inc hosp",2021-01-07,"quantile",0.7,25.7334668176249
"26122",2020-12-12,"33","26  day ahead inc hosp",2021-01-07,"quantile",0.75,28.9473998638737
"26123",2020-12-12,"33","26  day ahead inc hosp",2021-01-07,"quantile",0.8,32.526266719908
"26124",2020-12-12,"33","26  day ahead inc hosp",2021-01-07,"quantile",0.85,36.6978731335589
"26125",2020-12-12,"33","26  day ahead inc hosp",2021-01-07,"quantile",0.9,41.9467065571328
"26126",2020-12-12,"33","26  day ahead inc hosp",2021-01-07,"quantile",0.95,49.726268372942
"26127",2020-12-12,"33","26  day ahead inc hosp",2021-01-07,"quantile",0.975,56.4738780511506
"26128",2020-12-12,"33","26  day ahead inc hosp",2021-01-07,"quantile",0.99,64.3194325345199
"26129",2020-12-12,"33","27  day ahead inc hosp",2021-01-08,"quantile",0.01,0
"26130",2020-12-12,"33","27  day ahead inc hosp",2021-01-08,"quantile",0.025,0
"26131",2020-12-12,"33","27  day ahead inc hosp",2021-01-08,"quantile",0.05,0
"26132",2020-12-12,"33","27  day ahead inc hosp",2021-01-08,"quantile",0.1,0
"26133",2020-12-12,"33","27  day ahead inc hosp",2021-01-08,"quantile",0.15,0
"26134",2020-12-12,"33","27  day ahead inc hosp",2021-01-08,"quantile",0.2,0
"26135",2020-12-12,"33","27  day ahead inc hosp",2021-01-08,"quantile",0.25,0
"26136",2020-12-12,"33","27  day ahead inc hosp",2021-01-08,"quantile",0.3,3.08520239960393
"26137",2020-12-12,"33","27  day ahead inc hosp",2021-01-08,"quantile",0.35,6.11372419388254
"26138",2020-12-12,"33","27  day ahead inc hosp",2021-01-08,"quantile",0.4,8.98749521686096
"26139",2020-12-12,"33","27  day ahead inc hosp",2021-01-08,"quantile",0.45,11.7679019394737
"26140",2020-12-12,"33","27  day ahead inc hosp",2021-01-08,"quantile",0.5,14.504226363948
"26141",2020-12-12,"33","27  day ahead inc hosp",2021-01-08,"quantile",0.55,17.2405507884222
"26142",2020-12-12,"33","27  day ahead inc hosp",2021-01-08,"quantile",0.6,20.0209575110349
"26143",2020-12-12,"33","27  day ahead inc hosp",2021-01-08,"quantile",0.65,22.8947285340134
"26144",2020-12-12,"33","27  day ahead inc hosp",2021-01-08,"quantile",0.7,25.923250328292
"26145",2020-12-12,"33","27  day ahead inc hosp",2021-01-08,"quantile",0.75,29.1915015182374
"26146",2020-12-12,"33","27  day ahead inc hosp",2021-01-08,"quantile",0.8,32.8308542031173
"26147",2020-12-12,"33","27  day ahead inc hosp",2021-01-08,"quantile",0.85,37.0729642375225
"26148",2020-12-12,"33","27  day ahead inc hosp",2021-01-08,"quantile",0.9,42.4105073149811
"26149",2020-12-12,"33","27  day ahead inc hosp",2021-01-08,"quantile",0.95,50.3215502010324
"26150",2020-12-12,"33","27  day ahead inc hosp",2021-01-08,"quantile",0.975,57.1832000993809
"26151",2020-12-12,"33","27  day ahead inc hosp",2021-01-08,"quantile",0.99,65.1613509840052
"26152",2020-12-12,"33","28  day ahead inc hosp",2021-01-09,"quantile",0.01,0
"26153",2020-12-12,"33","28  day ahead inc hosp",2021-01-09,"quantile",0.025,0
"26154",2020-12-12,"33","28  day ahead inc hosp",2021-01-09,"quantile",0.05,0
"26155",2020-12-12,"33","28  day ahead inc hosp",2021-01-09,"quantile",0.1,0
"26156",2020-12-12,"33","28  day ahead inc hosp",2021-01-09,"quantile",0.15,0
"26157",2020-12-12,"33","28  day ahead inc hosp",2021-01-09,"quantile",0.2,0
"26158",2020-12-12,"33","28  day ahead inc hosp",2021-01-09,"quantile",0.25,0
"26159",2020-12-12,"33","28  day ahead inc hosp",2021-01-09,"quantile",0.3,2.89852192905766
"26160",2020-12-12,"33","28  day ahead inc hosp",2021-01-09,"quantile",0.35,5.97655459881748
"26161",2020-12-12,"33","28  day ahead inc hosp",2021-01-09,"quantile",0.4,8.8973066009485
"26162",2020-12-12,"33","28  day ahead inc hosp",2021-01-09,"quantile",0.45,11.7231679645978
"26163",2020-12-12,"33","28  day ahead inc hosp",2021-01-09,"quantile",0.5,14.504226363948
"26164",2020-12-12,"33","28  day ahead inc hosp",2021-01-09,"quantile",0.55,17.2852847632981
"26165",2020-12-12,"33","28  day ahead inc hosp",2021-01-09,"quantile",0.6,20.1111461269474
"26166",2020-12-12,"33","28  day ahead inc hosp",2021-01-09,"quantile",0.65,23.0318981290784
"26167",2020-12-12,"33","28  day ahead inc hosp",2021-01-09,"quantile",0.7,26.1099307988382
"26168",2020-12-12,"33","28  day ahead inc hosp",2021-01-09,"quantile",0.75,29.4316120080137
"26169",2020-12-12,"33","28  day ahead inc hosp",2021-01-09,"quantile",0.8,33.1304615530297
"26170",2020-12-12,"33","28  day ahead inc hosp",2021-01-09,"quantile",0.85,37.4419224443736
"26171",2020-12-12,"33","28  day ahead inc hosp",2021-01-09,"quantile",0.9,42.8667247356119
"26172",2020-12-12,"33","28  day ahead inc hosp",2021-01-09,"quantile",0.95,50.9070989211764
"26173",2020-12-12,"33","28  day ahead inc hosp",2021-01-09,"quantile",0.975,57.8809244341613
"26174",2020-12-12,"33","28  day ahead inc hosp",2021-01-09,"quantile",0.99,65.9895037131808
"26175",2020-12-12,"33","29  day ahead inc hosp",2021-01-10,"quantile",0.01,0
"26176",2020-12-12,"33","29  day ahead inc hosp",2021-01-10,"quantile",0.025,0
"26177",2020-12-12,"33","29  day ahead inc hosp",2021-01-10,"quantile",0.05,0
"26178",2020-12-12,"33","29  day ahead inc hosp",2021-01-10,"quantile",0.1,0
"26179",2020-12-12,"33","29  day ahead inc hosp",2021-01-10,"quantile",0.15,0
"26180",2020-12-12,"33","29  day ahead inc hosp",2021-01-10,"quantile",0.2,0
"26181",2020-12-12,"33","29  day ahead inc hosp",2021-01-10,"quantile",0.25,0
"26182",2020-12-12,"33","29  day ahead inc hosp",2021-01-10,"quantile",0.3,2.34715229585434
"26183",2020-12-12,"33","29  day ahead inc hosp",2021-01-10,"quantile",0.35,5.47391195623711
"26184",2020-12-12,"33","29  day ahead inc hosp",2021-01-10,"quantile",0.4,8.44090110744651
"26185",2020-12-12,"33","29  day ahead inc hosp",2021-01-10,"quantile",0.45,11.3114974479273
"26186",2020-12-12,"33","29  day ahead inc hosp",2021-01-10,"quantile",0.5,14.1365815679523
"26187",2020-12-12,"33","29  day ahead inc hosp",2021-01-10,"quantile",0.55,16.9616656879774
"26188",2020-12-12,"33","29  day ahead inc hosp",2021-01-10,"quantile",0.6,19.8322620284582
"26189",2020-12-12,"33","29  day ahead inc hosp",2021-01-10,"quantile",0.65,22.7992511796676
"26190",2020-12-12,"33","29  day ahead inc hosp",2021-01-10,"quantile",0.7,25.9260108400504
"26191",2020-12-12,"33","29  day ahead inc hosp",2021-01-10,"quantile",0.75,29.3002761334436
"26192",2020-12-12,"33","29  day ahead inc hosp",2021-01-10,"quantile",0.8,33.0576805498443
"26193",2020-12-12,"33","29  day ahead inc hosp",2021-01-10,"quantile",0.85,37.4373942951907
"26194",2020-12-12,"33","29  day ahead inc hosp",2021-01-10,"quantile",0.9,42.948074261794
"26195",2020-12-12,"33","29  day ahead inc hosp",2021-01-10,"quantile",0.95,51.1157320988266
"26196",2020-12-12,"33","29  day ahead inc hosp",2021-01-10,"quantile",0.975,58.1999571971426
"26197",2020-12-12,"33","29  day ahead inc hosp",2021-01-10,"quantile",0.99,66.4368998526708
"26198",2020-12-12,"33","30  day ahead inc hosp",2021-01-11,"quantile",0.01,0
"26199",2020-12-12,"33","30  day ahead inc hosp",2021-01-11,"quantile",0.025,0
"26200",2020-12-12,"33","30  day ahead inc hosp",2021-01-11,"quantile",0.05,0
"26201",2020-12-12,"33","30  day ahead inc hosp",2021-01-11,"quantile",0.1,0
"26202",2020-12-12,"33","30  day ahead inc hosp",2021-01-11,"quantile",0.15,0
"26203",2020-12-12,"33","30  day ahead inc hosp",2021-01-11,"quantile",0.2,0
"26204",2020-12-12,"33","30  day ahead inc hosp",2021-01-11,"quantile",0.25,0
"26205",2020-12-12,"33","30  day ahead inc hosp",2021-01-11,"quantile",0.3,2.16624699896179
"26206",2020-12-12,"33","30  day ahead inc hosp",2021-01-11,"quantile",0.35,5.34098585932261
"26207",2020-12-12,"33","30  day ahead inc hosp",2021-01-11,"quantile",0.4,8.353502579415
"26208",2020-12-12,"33","30  day ahead inc hosp",2021-01-11,"quantile",0.45,11.2681473696764
"26209",2020-12-12,"33","30  day ahead inc hosp",2021-01-11,"quantile",0.5,14.1365815679523
"26210",2020-12-12,"33","30  day ahead inc hosp",2021-01-11,"quantile",0.55,17.0050157662283
"26211",2020-12-12,"33","30  day ahead inc hosp",2021-01-11,"quantile",0.6,19.9196605564897
"26212",2020-12-12,"33","30  day ahead inc hosp",2021-01-11,"quantile",0.65,22.9321772765821
"26213",2020-12-12,"33","30  day ahead inc hosp",2021-01-11,"quantile",0.7,26.1069161369429
"26214",2020-12-12,"33","30  day ahead inc hosp",2021-01-11,"quantile",0.75,29.5329585308732
"26215",2020-12-12,"33","30  day ahead inc hosp",2021-01-11,"quantile",0.8,33.3480192040618
"26216",2020-12-12,"33","30  day ahead inc hosp",2021-01-11,"quantile",0.85,37.7949383583486
"26217",2020-12-12,"33","30  day ahead inc hosp",2021-01-11,"quantile",0.9,43.3901780752528
"26218",2020-12-12,"33","30  day ahead inc hosp",2021-01-11,"quantile",0.95,51.6831662002766
"26219",2020-12-12,"33","30  day ahead inc hosp",2021-01-11,"quantile",0.975,58.8760966324207
"26220",2020-12-12,"33","30  day ahead inc hosp",2021-01-11,"quantile",0.99,67.2394327309386
"26221",2020-12-12,"33","31  day ahead inc hosp",2021-01-12,"quantile",0.01,0
"26222",2020-12-12,"33","31  day ahead inc hosp",2021-01-12,"quantile",0.025,0
"26223",2020-12-12,"33","31  day ahead inc hosp",2021-01-12,"quantile",0.05,0
"26224",2020-12-12,"33","31  day ahead inc hosp",2021-01-12,"quantile",0.1,0
"26225",2020-12-12,"33","31  day ahead inc hosp",2021-01-12,"quantile",0.15,0
"26226",2020-12-12,"33","31  day ahead inc hosp",2021-01-12,"quantile",0.2,0
"26227",2020-12-12,"33","31  day ahead inc hosp",2021-01-12,"quantile",0.25,0
"26228",2020-12-12,"33","31  day ahead inc hosp",2021-01-12,"quantile",0.3,1.98803528350582
"26229",2020-12-12,"33","31  day ahead inc hosp",2021-01-12,"quantile",0.35,5.21003895966347
"26230",2020-12-12,"33","31  day ahead inc hosp",2021-01-12,"quantile",0.4,8.26740536791062
"26231",2020-12-12,"33","31  day ahead inc hosp",2021-01-12,"quantile",0.45,11.2254427505029
"26232",2020-12-12,"33","31  day ahead inc hosp",2021-01-12,"quantile",0.5,14.1365815679523
"26233",2020-12-12,"33","31  day ahead inc hosp",2021-01-12,"quantile",0.55,17.0477203854018
"26234",2020-12-12,"33","31  day ahead inc hosp",2021-01-12,"quantile",0.6,20.0057577679941
"26235",2020-12-12,"33","31  day ahead inc hosp",2021-01-12,"quantile",0.65,23.0631241762412
"26236",2020-12-12,"33","31  day ahead inc hosp",2021-01-12,"quantile",0.7,26.2851278523989
"26237",2020-12-12,"33","31  day ahead inc hosp",2021-01-12,"quantile",0.75,29.7621764140121
"26238",2020-12-12,"33","31  day ahead inc hosp",2021-01-12,"quantile",0.8,33.6340348736969
"26239",2020-12-12,"33","31  day ahead inc hosp",2021-01-12,"quantile",0.85,38.1471587849529
"26240",2020-12-12,"33","31  day ahead inc hosp",2021-01-12,"quantile",0.9,43.8256992034866
"26241",2020-12-12,"33","31  day ahead inc hosp",2021-01-12,"quantile",0.95,52.2421515167082
"26242",2020-12-12,"33","31  day ahead inc hosp",2021-01-12,"quantile",0.975,59.5421687194082
"26243",2020-12-12,"33","31  day ahead inc hosp",2021-01-12,"quantile",0.99,68.0300163313231
"26244",2020-12-12,"33","32  day ahead inc hosp",2021-01-13,"quantile",0.01,0
"26245",2020-12-12,"33","32  day ahead inc hosp",2021-01-13,"quantile",0.025,0
"26246",2020-12-12,"33","32  day ahead inc hosp",2021-01-13,"quantile",0.05,0
"26247",2020-12-12,"33","32  day ahead inc hosp",2021-01-13,"quantile",0.1,0
"26248",2020-12-12,"33","32  day ahead inc hosp",2021-01-13,"quantile",0.15,0
"26249",2020-12-12,"33","32  day ahead inc hosp",2021-01-13,"quantile",0.2,0
"26250",2020-12-12,"33","32  day ahead inc hosp",2021-01-13,"quantile",0.25,0
"26251",2020-12-12,"33","32  day ahead inc hosp",2021-01-13,"quantile",0.3,1.81240029871143
"26252",2020-12-12,"33","32  day ahead inc hosp",2021-01-13,"quantile",0.35,5.08098539732239
"26253",2020-12-12,"33","32  day ahead inc hosp",2021-01-13,"quantile",0.4,8.1825530202705
"26254",2020-12-12,"33","32  day ahead inc hosp",2021-01-13,"quantile",0.45,11.1833555896225
"26255",2020-12-12,"33","32  day ahead inc hosp",2021-01-13,"quantile",0.5,14.1365815679523
"26256",2020-12-12,"33","32  day ahead inc hosp",2021-01-13,"quantile",0.55,17.0898075462822
"26257",2020-12-12,"33","32  day ahead inc hosp",2021-01-13,"quantile",0.6,20.0906101156342
"26258",2020-12-12,"33","32  day ahead inc hosp",2021-01-13,"quantile",0.65,23.1921777385823
"26259",2020-12-12,"33","32  day ahead inc hosp",2021-01-13,"quantile",0.7,26.4607628371933
"26260",2020-12-12,"33","32  day ahead inc hosp",2021-01-13,"quantile",0.75,29.9880800776221
"26261",2020-12-12,"33","32  day ahead inc hosp",2021-01-13,"quantile",0.8,33.9159150949764
"26262",2020-12-12,"33","32  day ahead inc hosp",2021-01-13,"quantile",0.85,38.4942865207061
"26263",2020-12-12,"33","32  day ahead inc hosp",2021-01-13,"quantile",0.9,44.2549232112308
"26264",2020-12-12,"33","32  day ahead inc hosp",2021-01-13,"quantile",0.95,52.7930545664912
"26265",2020-12-12,"33","32  day ahead inc hosp",2021-01-13,"quantile",0.975,60.1986101916802
"26266",2020-12-12,"33","32  day ahead inc hosp",2021-01-13,"quantile",0.99,68.809169027749
"26267",2020-12-12,"33","33  day ahead inc hosp",2021-01-14,"quantile",0.01,0
"26268",2020-12-12,"33","33  day ahead inc hosp",2021-01-14,"quantile",0.025,0
"26269",2020-12-12,"33","33  day ahead inc hosp",2021-01-14,"quantile",0.05,0
"26270",2020-12-12,"33","33  day ahead inc hosp",2021-01-14,"quantile",0.1,0
"26271",2020-12-12,"33","33  day ahead inc hosp",2021-01-14,"quantile",0.15,0
"26272",2020-12-12,"33","33  day ahead inc hosp",2021-01-14,"quantile",0.2,0
"26273",2020-12-12,"33","33  day ahead inc hosp",2021-01-14,"quantile",0.25,0
"26274",2020-12-12,"33","33  day ahead inc hosp",2021-01-14,"quantile",0.3,1.63923340568697
"26275",2020-12-12,"33","33  day ahead inc hosp",2021-01-14,"quantile",0.35,4.95374534631259
"26276",2020-12-12,"33","33  day ahead inc hosp",2021-01-14,"quantile",0.4,8.09889305113695
"26277",2020-12-12,"33","33  day ahead inc hosp",2021-01-14,"quantile",0.45,11.1418598540524
"26278",2020-12-12,"33","33  day ahead inc hosp",2021-01-14,"quantile",0.5,14.1365815679523
"26279",2020-12-12,"33","33  day ahead inc hosp",2021-01-14,"quantile",0.55,17.1313032818523
"26280",2020-12-12,"33","33  day ahead inc hosp",2021-01-14,"quantile",0.6,20.1742700847677
"26281",2020-12-12,"33","33  day ahead inc hosp",2021-01-14,"quantile",0.65,23.3194177895921
"26282",2020-12-12,"33","33  day ahead inc hosp",2021-01-14,"quantile",0.7,26.6339297302177
"26283",2020-12-12,"33","33  day ahead inc hosp",2021-01-14,"quantile",0.75,30.2108092542492
"26284",2020-12-12,"33","33  day ahead inc hosp",2021-01-14,"quantile",0.8,34.1938342247053
"26285",2020-12-12,"33","33  day ahead inc hosp",2021-01-14,"quantile",0.85,38.8365362812157
"26286",2020-12-12,"33","33  day ahead inc hosp",2021-01-14,"quantile",0.9,44.6781155946821
"26287",2020-12-12,"33","33  day ahead inc hosp",2021-01-14,"quantile",0.95,53.3362161103049
"26288",2020-12-12,"33","33  day ahead inc hosp",2021-01-14,"quantile",0.975,60.8458270906301
"26289",2020-12-12,"33","33  day ahead inc hosp",2021-01-14,"quantile",0.99,69.5773727645482
"26290",2020-12-12,"33","34  day ahead inc hosp",2021-01-15,"quantile",0.01,0
"26291",2020-12-12,"33","34  day ahead inc hosp",2021-01-15,"quantile",0.025,0
"26292",2020-12-12,"33","34  day ahead inc hosp",2021-01-15,"quantile",0.05,0
"26293",2020-12-12,"33","34  day ahead inc hosp",2021-01-15,"quantile",0.1,0
"26294",2020-12-12,"33","34  day ahead inc hosp",2021-01-15,"quantile",0.15,0
"26295",2020-12-12,"33","34  day ahead inc hosp",2021-01-15,"quantile",0.2,0
"26296",2020-12-12,"33","34  day ahead inc hosp",2021-01-15,"quantile",0.25,0
"26297",2020-12-12,"33","34  day ahead inc hosp",2021-01-15,"quantile",0.3,1.46843339149629
"26298",2020-12-12,"33","34  day ahead inc hosp",2021-01-15,"quantile",0.35,4.82824443711151
"26299",2020-12-12,"33","34  day ahead inc hosp",2021-01-15,"quantile",0.4,8.01637656276186
"26300",2020-12-12,"33","34  day ahead inc hosp",2021-01-15,"quantile",0.45,11.1009312902811
"26301",2020-12-12,"33","34  day ahead inc hosp",2021-01-15,"quantile",0.5,14.1365815679523
"26302",2020-12-12,"33","34  day ahead inc hosp",2021-01-15,"quantile",0.55,17.1722318456236
"26303",2020-12-12,"33","34  day ahead inc hosp",2021-01-15,"quantile",0.6,20.2567865731428
"26304",2020-12-12,"33","34  day ahead inc hosp",2021-01-15,"quantile",0.65,23.4449186987932
"26305",2020-12-12,"33","34  day ahead inc hosp",2021-01-15,"quantile",0.7,26.8047297444084
"26306",2020-12-12,"33","34  day ahead inc hosp",2021-01-15,"quantile",0.75,30.4304941250935
"26307",2020-12-12,"33","34  day ahead inc hosp",2021-01-15,"quantile",0.8,34.4679547016193
"26308",2020-12-12,"33","34  day ahead inc hosp",2021-01-15,"quantile",0.85,39.1741081053146
"26309",2020-12-12,"33","34  day ahead inc hosp",2021-01-15,"quantile",0.9,45.0955237021813
"26310",2020-12-12,"33","34  day ahead inc hosp",2021-01-15,"quantile",0.95,53.8719536163079
"26311",2020-12-12,"33","34  day ahead inc hosp",2021-01-15,"quantile",0.975,61.4841977029011
"26312",2020-12-12,"33","34  day ahead inc hosp",2021-01-15,"quantile",0.99,70.3350765429956
"26313",2020-12-12,"33","35  day ahead inc hosp",2021-01-16,"quantile",0.01,0
"26314",2020-12-12,"33","35  day ahead inc hosp",2021-01-16,"quantile",0.025,0
"26315",2020-12-12,"33","35  day ahead inc hosp",2021-01-16,"quantile",0.05,0
"26316",2020-12-12,"33","35  day ahead inc hosp",2021-01-16,"quantile",0.1,0
"26317",2020-12-12,"33","35  day ahead inc hosp",2021-01-16,"quantile",0.15,0
"26318",2020-12-12,"33","35  day ahead inc hosp",2021-01-16,"quantile",0.2,0
"26319",2020-12-12,"33","35  day ahead inc hosp",2021-01-16,"quantile",0.25,0
"26320",2020-12-12,"33","35  day ahead inc hosp",2021-01-16,"quantile",0.3,1.29990577737416
"26321",2020-12-12,"33","35  day ahead inc hosp",2021-01-16,"quantile",0.35,4.70441324834941
"26322",2020-12-12,"33","35  day ahead inc hosp",2021-01-16,"quantile",0.4,7.93495791079346
"26323",2020-12-12,"33","35  day ahead inc hosp",2021-01-16,"quantile",0.45,11.0605472584969
"26324",2020-12-12,"33","35  day ahead inc hosp",2021-01-16,"quantile",0.5,14.1365815679523
"26325",2020-12-12,"33","35  day ahead inc hosp",2021-01-16,"quantile",0.55,17.2126158774078
"26326",2020-12-12,"33","35  day ahead inc hosp",2021-01-16,"quantile",0.6,20.3382052251112
"26327",2020-12-12,"33","35  day ahead inc hosp",2021-01-16,"quantile",0.65,23.5687498875553
"26328",2020-12-12,"33","35  day ahead inc hosp",2021-01-16,"quantile",0.7,26.9732573585305
"26329",2020-12-12,"33","35  day ahead inc hosp",2021-01-16,"quantile",0.75,30.6472562097897
"26330",2020-12-12,"33","35  day ahead inc hosp",2021-01-16,"quantile",0.8,34.7384281566434
"26331",2020-12-12,"33","35  day ahead inc hosp",2021-01-16,"quantile",0.85,39.5071887223145
"26332",2020-12-12,"33","35  day ahead inc hosp",2021-01-16,"quantile",0.9,45.5073784248253
"26333",2020-12-12,"33","35  day ahead inc hosp",2021-01-16,"quantile",0.95,54.4005634300146
"26334",2020-12-12,"33","35  day ahead inc hosp",2021-01-16,"quantile",0.975,62.1140751459534
"26335",2020-12-12,"33","35  day ahead inc hosp",2021-01-16,"quantile",0.99,71.0826994902074
"26336",2020-12-12,"33","36  day ahead inc hosp",2021-01-17,"quantile",0.01,0
"26337",2020-12-12,"33","36  day ahead inc hosp",2021-01-17,"quantile",0.025,0
"26338",2020-12-12,"33","36  day ahead inc hosp",2021-01-17,"quantile",0.05,0
"26339",2020-12-12,"33","36  day ahead inc hosp",2021-01-17,"quantile",0.1,0
"26340",2020-12-12,"33","36  day ahead inc hosp",2021-01-17,"quantile",0.15,0
"26341",2020-12-12,"33","36  day ahead inc hosp",2021-01-17,"quantile",0.2,0
"26342",2020-12-12,"33","36  day ahead inc hosp",2021-01-17,"quantile",0.25,0
"26343",2020-12-12,"33","36  day ahead inc hosp",2021-01-17,"quantile",0.3,0
"26344",2020-12-12,"33","36  day ahead inc hosp",2021-01-17,"quantile",0.35,2.63325181309768
"26345",2020-12-12,"33","36  day ahead inc hosp",2021-01-17,"quantile",0.4,5.90565936434915
"26346",2020-12-12,"33","36  day ahead inc hosp",2021-01-17,"quantile",0.45,9.07175154144901
"26347",2020-12-12,"33","36  day ahead inc hosp",2021-01-17,"quantile",0.5,12.187646523243
"26348",2020-12-12,"33","36  day ahead inc hosp",2021-01-17,"quantile",0.55,15.303541505037
"26349",2020-12-12,"33","36  day ahead inc hosp",2021-01-17,"quantile",0.6,18.4696336821368
"26350",2020-12-12,"33","36  day ahead inc hosp",2021-01-17,"quantile",0.65,21.7420412333883
"26351",2020-12-12,"33","36  day ahead inc hosp",2021-01-17,"quantile",0.7,25.1906658835372
"26352",2020-12-12,"33","36  day ahead inc hosp",2021-01-17,"quantile",0.75,28.9122741076606
"26353",2020-12-12,"33","36  day ahead inc hosp",2021-01-17,"quantile",0.8,33.0564613488992
"26354",2020-12-12,"33","36  day ahead inc hosp",2021-01-17,"quantile",0.85,37.8870177150218
"26355",2020-12-12,"33","36  day ahead inc hosp",2021-01-17,"quantile",0.9,43.9649606451105
"26356",2020-12-12,"33","36  day ahead inc hosp",2021-01-17,"quantile",0.95,52.9733876462839
"26357",2020-12-12,"33","36  day ahead inc hosp",2021-01-17,"quantile",0.975,60.7868546072416
"26358",2020-12-12,"33","36  day ahead inc hosp",2021-01-17,"quantile",0.99,69.8716985252548
"26359",2020-12-12,"33","37  day ahead inc hosp",2021-01-18,"quantile",0.01,0
"26360",2020-12-12,"33","37  day ahead inc hosp",2021-01-18,"quantile",0.025,0
"26361",2020-12-12,"33","37  day ahead inc hosp",2021-01-18,"quantile",0.05,0
"26362",2020-12-12,"33","37  day ahead inc hosp",2021-01-18,"quantile",0.1,0
"26363",2020-12-12,"33","37  day ahead inc hosp",2021-01-18,"quantile",0.15,0
"26364",2020-12-12,"33","37  day ahead inc hosp",2021-01-18,"quantile",0.2,0
"26365",2020-12-12,"33","37  day ahead inc hosp",2021-01-18,"quantile",0.25,0
"26366",2020-12-12,"33","37  day ahead inc hosp",2021-01-18,"quantile",0.3,0
"26367",2020-12-12,"33","37  day ahead inc hosp",2021-01-18,"quantile",0.35,2.51256939976827
"26368",2020-12-12,"33","37  day ahead inc hosp",2021-01-18,"quantile",0.4,5.8263110232099
"26369",2020-12-12,"33","37  day ahead inc hosp",2021-01-18,"quantile",0.45,9.03239439350905
"26370",2020-12-12,"33","37  day ahead inc hosp",2021-01-18,"quantile",0.5,12.187646523243
"26371",2020-12-12,"33","37  day ahead inc hosp",2021-01-18,"quantile",0.55,15.3428986529769
"26372",2020-12-12,"33","37  day ahead inc hosp",2021-01-18,"quantile",0.6,18.5489820232761
"26373",2020-12-12,"33","37  day ahead inc hosp",2021-01-18,"quantile",0.65,21.8627236467177
"26374",2020-12-12,"33","37  day ahead inc hosp",2021-01-18,"quantile",0.7,25.354908182979
"26375",2020-12-12,"33","37  day ahead inc hosp",2021-01-18,"quantile",0.75,29.1235243731306
"26376",2020-12-12,"33","37  day ahead inc hosp",2021-01-18,"quantile",0.8,33.3200572137226
"26377",2020-12-12,"33","37  day ahead inc hosp",2021-01-18,"quantile",0.85,38.2116287689464
"26378",2020-12-12,"33","37  day ahead inc hosp",2021-01-18,"quantile",0.9,44.3663427392876
"26379",2020-12-12,"33","37  day ahead inc hosp",2021-01-18,"quantile",0.95,53.4885559868728
"26380",2020-12-12,"33","37  day ahead inc hosp",2021-01-18,"quantile",0.975,61.4007155471971
"26381",2020-12-12,"33","37  day ahead inc hosp",2021-01-18,"quantile",0.99,70.6003109405269
"26382",2020-12-12,"34","1  day ahead inc hosp",2020-12-13,"quantile",0.01,268.02094466036
"26383",2020-12-12,"34","1  day ahead inc hosp",2020-12-13,"quantile",0.025,276.983576263406
"26384",2020-12-12,"34","1  day ahead inc hosp",2020-12-13,"quantile",0.05,284.691933891299
"26385",2020-12-12,"34","1  day ahead inc hosp",2020-12-13,"quantile",0.1,293.57917656306
"26386",2020-12-12,"34","1  day ahead inc hosp",2020-12-13,"quantile",0.15,299.575357001417
"26387",2020-12-12,"34","1  day ahead inc hosp",2020-12-13,"quantile",0.2,304.340931131036
"26388",2020-12-12,"34","1  day ahead inc hosp",2020-12-13,"quantile",0.25,308.429369399482
"26389",2020-12-12,"34","1  day ahead inc hosp",2020-12-13,"quantile",0.3,312.100913323043
"26390",2020-12-12,"34","1  day ahead inc hosp",2020-12-13,"quantile",0.35,315.503145937649
"26391",2020-12-12,"34","1  day ahead inc hosp",2020-12-13,"quantile",0.4,318.731531983858
"26392",2020-12-12,"34","1  day ahead inc hosp",2020-12-13,"quantile",0.45,321.855032845371
"26393",2020-12-12,"34","1  day ahead inc hosp",2020-12-13,"quantile",0.5,324.929011780797
"26394",2020-12-12,"34","1  day ahead inc hosp",2020-12-13,"quantile",0.55,328.002990716222
"26395",2020-12-12,"34","1  day ahead inc hosp",2020-12-13,"quantile",0.6,331.126491577736
"26396",2020-12-12,"34","1  day ahead inc hosp",2020-12-13,"quantile",0.65,334.354877623944
"26397",2020-12-12,"34","1  day ahead inc hosp",2020-12-13,"quantile",0.7,337.75711023855
"26398",2020-12-12,"34","1  day ahead inc hosp",2020-12-13,"quantile",0.75,341.428654162111
"26399",2020-12-12,"34","1  day ahead inc hosp",2020-12-13,"quantile",0.8,345.517092430558
"26400",2020-12-12,"34","1  day ahead inc hosp",2020-12-13,"quantile",0.85,350.282666560176
"26401",2020-12-12,"34","1  day ahead inc hosp",2020-12-13,"quantile",0.9,356.278846998534
"26402",2020-12-12,"34","1  day ahead inc hosp",2020-12-13,"quantile",0.95,365.166089670294
"26403",2020-12-12,"34","1  day ahead inc hosp",2020-12-13,"quantile",0.975,372.874447298188
"26404",2020-12-12,"34","1  day ahead inc hosp",2020-12-13,"quantile",0.99,381.837078901234
"26405",2020-12-12,"34","2  day ahead inc hosp",2020-12-14,"quantile",0.01,275.772629966504
"26406",2020-12-12,"34","2  day ahead inc hosp",2020-12-14,"quantile",0.025,284.887027059324
"26407",2020-12-12,"34","2  day ahead inc hosp",2020-12-14,"quantile",0.05,292.725911381001
"26408",2020-12-12,"34","2  day ahead inc hosp",2020-12-14,"quantile",0.1,301.763642971258
"26409",2020-12-12,"34","2  day ahead inc hosp",2020-12-14,"quantile",0.15,307.861357568477
"26410",2020-12-12,"34","2  day ahead inc hosp",2020-12-14,"quantile",0.2,312.70762782886
"26411",2020-12-12,"34","2  day ahead inc hosp",2020-12-14,"quantile",0.25,316.865296192182
"26412",2020-12-12,"34","2  day ahead inc hosp",2020-12-14,"quantile",0.3,320.599010880589
"26413",2020-12-12,"34","2  day ahead inc hosp",2020-12-14,"quantile",0.35,324.05885397412
"26414",2020-12-12,"34","2  day ahead inc hosp",2020-12-14,"quantile",0.4,327.341906731087
"26415",2020-12-12,"34","2  day ahead inc hosp",2020-12-14,"quantile",0.45,330.518298267912
"26416",2020-12-12,"34","2  day ahead inc hosp",2020-12-14,"quantile",0.5,333.644329316975
"26417",2020-12-12,"34","2  day ahead inc hosp",2020-12-14,"quantile",0.55,336.770360366037
"26418",2020-12-12,"34","2  day ahead inc hosp",2020-12-14,"quantile",0.6,339.946751902863
"26419",2020-12-12,"34","2  day ahead inc hosp",2020-12-14,"quantile",0.65,343.22980465983
"26420",2020-12-12,"34","2  day ahead inc hosp",2020-12-14,"quantile",0.7,346.689647753361
"26421",2020-12-12,"34","2  day ahead inc hosp",2020-12-14,"quantile",0.75,350.423362441767
"26422",2020-12-12,"34","2  day ahead inc hosp",2020-12-14,"quantile",0.8,354.58103080509
"26423",2020-12-12,"34","2  day ahead inc hosp",2020-12-14,"quantile",0.85,359.427301065473
"26424",2020-12-12,"34","2  day ahead inc hosp",2020-12-14,"quantile",0.9,365.525015662692
"26425",2020-12-12,"34","2  day ahead inc hosp",2020-12-14,"quantile",0.95,374.562747252948
"26426",2020-12-12,"34","2  day ahead inc hosp",2020-12-14,"quantile",0.975,382.401631574625
"26427",2020-12-12,"34","2  day ahead inc hosp",2020-12-14,"quantile",0.99,391.516028667445
"26428",2020-12-12,"34","3  day ahead inc hosp",2020-12-15,"quantile",0.01,278.946285557485
"26429",2020-12-12,"34","3  day ahead inc hosp",2020-12-15,"quantile",0.025,288.305336088956
"26430",2020-12-12,"34","3  day ahead inc hosp",2020-12-15,"quantile",0.05,296.354635864881
"26431",2020-12-12,"34","3  day ahead inc hosp",2020-12-15,"quantile",0.1,305.634962998061
"26432",2020-12-12,"34","3  day ahead inc hosp",2020-12-15,"quantile",0.15,311.896355656366
"26433",2020-12-12,"34","3  day ahead inc hosp",2020-12-15,"quantile",0.2,316.872712051
"26434",2020-12-12,"34","3  day ahead inc hosp",2020-12-15,"quantile",0.25,321.141982734421
"26435",2020-12-12,"34","3  day ahead inc hosp",2020-12-15,"quantile",0.3,324.97591975549
"26436",2020-12-12,"34","3  day ahead inc hosp",2020-12-15,"quantile",0.35,328.528633776346
"26437",2020-12-12,"34","3  day ahead inc hosp",2020-12-15,"quantile",0.4,331.899811961477
"26438",2020-12-12,"34","3  day ahead inc hosp",2020-12-15,"quantile",0.45,335.161465869919
"26439",2020-12-12,"34","3  day ahead inc hosp",2020-12-15,"quantile",0.5,338.371407487908
"26440",2020-12-12,"34","3  day ahead inc hosp",2020-12-15,"quantile",0.55,341.581349105897
"26441",2020-12-12,"34","3  day ahead inc hosp",2020-12-15,"quantile",0.6,344.843003014339
"26442",2020-12-12,"34","3  day ahead inc hosp",2020-12-15,"quantile",0.65,348.21418119947
"26443",2020-12-12,"34","3  day ahead inc hosp",2020-12-15,"quantile",0.7,351.766895220326
"26444",2020-12-12,"34","3  day ahead inc hosp",2020-12-15,"quantile",0.75,355.600832241396
"26445",2020-12-12,"34","3  day ahead inc hosp",2020-12-15,"quantile",0.8,359.870102924816
"26446",2020-12-12,"34","3  day ahead inc hosp",2020-12-15,"quantile",0.85,364.846459319451
"26447",2020-12-12,"34","3  day ahead inc hosp",2020-12-15,"quantile",0.9,371.107851977755
"26448",2020-12-12,"34","3  day ahead inc hosp",2020-12-15,"quantile",0.95,380.388179110935
"26449",2020-12-12,"34","3  day ahead inc hosp",2020-12-15,"quantile",0.975,388.43747888686
"26450",2020-12-12,"34","3  day ahead inc hosp",2020-12-15,"quantile",0.99,397.796529418331
"26451",2020-12-12,"34","4  day ahead inc hosp",2020-12-16,"quantile",0.01,281.387967635115
"26452",2020-12-12,"34","4  day ahead inc hosp",2020-12-16,"quantile",0.025,291.480605373144
"26453",2020-12-12,"34","4  day ahead inc hosp",2020-12-16,"quantile",0.05,300.160830617152
"26454",2020-12-12,"34","4  day ahead inc hosp",2020-12-16,"quantile",0.1,310.16857440811
"26455",2020-12-12,"34","4  day ahead inc hosp",2020-12-16,"quantile",0.15,316.920751632
"26456",2020-12-12,"34","4  day ahead inc hosp",2020-12-16,"quantile",0.2,322.287168041173
"26457",2020-12-12,"34","4  day ahead inc hosp",2020-12-16,"quantile",0.25,326.891075485467
"26458",2020-12-12,"34","4  day ahead inc hosp",2020-12-16,"quantile",0.3,331.025526660183
"26459",2020-12-12,"34","4  day ahead inc hosp",2020-12-16,"quantile",0.35,334.856711829956
"26460",2020-12-12,"34","4  day ahead inc hosp",2020-12-16,"quantile",0.4,338.492131903655
"26461",2020-12-12,"34","4  day ahead inc hosp",2020-12-16,"quantile",0.45,342.009442897333
"26462",2020-12-12,"34","4  day ahead inc hosp",2020-12-16,"quantile",0.5,345.470988254061
"26463",2020-12-12,"34","4  day ahead inc hosp",2020-12-16,"quantile",0.55,348.932533610788
"26464",2020-12-12,"34","4  day ahead inc hosp",2020-12-16,"quantile",0.6,352.449844604466
"26465",2020-12-12,"34","4  day ahead inc hosp",2020-12-16,"quantile",0.65,356.085264678165
"26466",2020-12-12,"34","4  day ahead inc hosp",2020-12-16,"quantile",0.7,359.916449847938
"26467",2020-12-12,"34","4  day ahead inc hosp",2020-12-16,"quantile",0.75,364.050901022655
"26468",2020-12-12,"34","4  day ahead inc hosp",2020-12-16,"quantile",0.8,368.654808466948
"26469",2020-12-12,"34","4  day ahead inc hosp",2020-12-16,"quantile",0.85,374.021224876121
"26470",2020-12-12,"34","4  day ahead inc hosp",2020-12-16,"quantile",0.9,380.773402100011
"26471",2020-12-12,"34","4  day ahead inc hosp",2020-12-16,"quantile",0.95,390.78114589097
"26472",2020-12-12,"34","4  day ahead inc hosp",2020-12-16,"quantile",0.975,399.461371134977
"26473",2020-12-12,"34","4  day ahead inc hosp",2020-12-16,"quantile",0.99,409.554008873006
"26474",2020-12-12,"34","5  day ahead inc hosp",2020-12-17,"quantile",0.01,283.554808070445
"26475",2020-12-12,"34","5  day ahead inc hosp",2020-12-17,"quantile",0.025,294.424318695144
"26476",2020-12-12,"34","5  day ahead inc hosp",2020-12-17,"quantile",0.05,303.772697480108
"26477",2020-12-12,"34","5  day ahead inc hosp",2020-12-17,"quantile",0.1,314.550779512638
"26478",2020-12-12,"34","5  day ahead inc hosp",2020-12-17,"quantile",0.15,321.822700290927
"26479",2020-12-12,"34","5  day ahead inc hosp",2020-12-17,"quantile",0.2,327.602192400931
"26480",2020-12-12,"34","5  day ahead inc hosp",2020-12-17,"quantile",0.25,332.560482015579
"26481",2020-12-12,"34","5  day ahead inc hosp",2020-12-17,"quantile",0.3,337.013179331916
"26482",2020-12-12,"34","5  day ahead inc hosp",2020-12-17,"quantile",0.35,341.139266980056
"26483",2020-12-12,"34","5  day ahead inc hosp",2020-12-17,"quantile",0.4,345.05452066715
"26484",2020-12-12,"34","5  day ahead inc hosp",2020-12-17,"quantile",0.45,348.842573920275
"26485",2020-12-12,"34","5  day ahead inc hosp",2020-12-17,"quantile",0.5,352.570569020213
"26486",2020-12-12,"34","5  day ahead inc hosp",2020-12-17,"quantile",0.55,356.298564120151
"26487",2020-12-12,"34","5  day ahead inc hosp",2020-12-17,"quantile",0.6,360.086617373276
"26488",2020-12-12,"34","5  day ahead inc hosp",2020-12-17,"quantile",0.65,364.00187106037
"26489",2020-12-12,"34","5  day ahead inc hosp",2020-12-17,"quantile",0.7,368.12795870851
"26490",2020-12-12,"34","5  day ahead inc hosp",2020-12-17,"quantile",0.75,372.580656024846
"26491",2020-12-12,"34","5  day ahead inc hosp",2020-12-17,"quantile",0.8,377.538945639495
"26492",2020-12-12,"34","5  day ahead inc hosp",2020-12-17,"quantile",0.85,383.318437749499
"26493",2020-12-12,"34","5  day ahead inc hosp",2020-12-17,"quantile",0.9,390.590358527788
"26494",2020-12-12,"34","5  day ahead inc hosp",2020-12-17,"quantile",0.95,401.368440560318
"26495",2020-12-12,"34","5  day ahead inc hosp",2020-12-17,"quantile",0.975,410.716819345282
"26496",2020-12-12,"34","5  day ahead inc hosp",2020-12-17,"quantile",0.99,421.586329969981
"26497",2020-12-12,"34","6  day ahead inc hosp",2020-12-18,"quantile",0.01,285.46546173087
"26498",2020-12-12,"34","6  day ahead inc hosp",2020-12-18,"quantile",0.025,297.152192908242
"26499",2020-12-12,"34","6  day ahead inc hosp",2020-12-18,"quantile",0.05,307.203426452819
"26500",2020-12-12,"34","6  day ahead inc hosp",2020-12-18,"quantile",0.1,318.791855009632
"26501",2020-12-12,"34","6  day ahead inc hosp",2020-12-18,"quantile",0.15,326.610512740725
"26502",2020-12-12,"34","6  day ahead inc hosp",2020-12-18,"quantile",0.2,332.824534048904
"26503",2020-12-12,"34","6  day ahead inc hosp",2020-12-18,"quantile",0.25,338.155611024373
"26504",2020-12-12,"34","6  day ahead inc hosp",2020-12-18,"quantile",0.3,342.943082912205
"26505",2020-12-12,"34","6  day ahead inc hosp",2020-12-18,"quantile",0.35,347.379389092219
"26506",2020-12-12,"34","6  day ahead inc hosp",2020-12-18,"quantile",0.4,351.589009829726
"26507",2020-12-12,"34","6  day ahead inc hosp",2020-12-18,"quantile",0.45,355.661866610807
"26508",2020-12-12,"34","6  day ahead inc hosp",2020-12-18,"quantile",0.5,359.670149786365
"26509",2020-12-12,"34","6  day ahead inc hosp",2020-12-18,"quantile",0.55,363.678432961924
"26510",2020-12-12,"34","6  day ahead inc hosp",2020-12-18,"quantile",0.6,367.751289743005
"26511",2020-12-12,"34","6  day ahead inc hosp",2020-12-18,"quantile",0.65,371.960910480511
"26512",2020-12-12,"34","6  day ahead inc hosp",2020-12-18,"quantile",0.7,376.397216660526
"26513",2020-12-12,"34","6  day ahead inc hosp",2020-12-18,"quantile",0.75,381.184688548357
"26514",2020-12-12,"34","6  day ahead inc hosp",2020-12-18,"quantile",0.8,386.515765523826
"26515",2020-12-12,"34","6  day ahead inc hosp",2020-12-18,"quantile",0.85,392.729786832005
"26516",2020-12-12,"34","6  day ahead inc hosp",2020-12-18,"quantile",0.9,400.548444563099
"26517",2020-12-12,"34","6  day ahead inc hosp",2020-12-18,"quantile",0.95,412.136873119911
"26518",2020-12-12,"34","6  day ahead inc hosp",2020-12-18,"quantile",0.975,422.188106664489
"26519",2020-12-12,"34","6  day ahead inc hosp",2020-12-18,"quantile",0.99,433.87483784186
"26520",2020-12-12,"34","7  day ahead inc hosp",2020-12-19,"quantile",0.01,287.136318149511
"26521",2020-12-12,"34","7  day ahead inc hosp",2020-12-19,"quantile",0.025,299.678036306114
"26522",2020-12-12,"34","7  day ahead inc hosp",2020-12-19,"quantile",0.05,310.46460582064
"26523",2020-12-12,"34","7  day ahead inc hosp",2020-12-19,"quantile",0.1,322.900829657027
"26524",2020-12-12,"34","7  day ahead inc hosp",2020-12-19,"quantile",0.15,331.291490838333
"26525",2020-12-12,"34","7  day ahead inc hosp",2020-12-19,"quantile",0.2,337.960122355862
"26526",2020-12-12,"34","7  day ahead inc hosp",2020-12-19,"quantile",0.25,343.681214411693
"26527",2020-12-12,"34","7  day ahead inc hosp",2020-12-19,"quantile",0.3,348.818931895612
"26528",2020-12-12,"34","7  day ahead inc hosp",2020-12-19,"quantile",0.35,353.57979281743
"26529",2020-12-12,"34","7  day ahead inc hosp",2020-12-19,"quantile",0.4,358.09738426663
"26530",2020-12-12,"34","7  day ahead inc hosp",2020-12-19,"quantile",0.45,362.468206275392
"26531",2020-12-12,"34","7  day ahead inc hosp",2020-12-19,"quantile",0.5,366.769730552518
"26532",2020-12-12,"34","7  day ahead inc hosp",2020-12-19,"quantile",0.55,371.071254829644
"26533",2020-12-12,"34","7  day ahead inc hosp",2020-12-19,"quantile",0.6,375.442076838405
"26534",2020-12-12,"34","7  day ahead inc hosp",2020-12-19,"quantile",0.65,379.959668287606
"26535",2020-12-12,"34","7  day ahead inc hosp",2020-12-19,"quantile",0.7,384.720529209423
"26536",2020-12-12,"34","7  day ahead inc hosp",2020-12-19,"quantile",0.75,389.858246693343
"26537",2020-12-12,"34","7  day ahead inc hosp",2020-12-19,"quantile",0.8,395.579338749173
"26538",2020-12-12,"34","7  day ahead inc hosp",2020-12-19,"quantile",0.85,402.247970266702
"26539",2020-12-12,"34","7  day ahead inc hosp",2020-12-19,"quantile",0.9,410.638631448008
"26540",2020-12-12,"34","7  day ahead inc hosp",2020-12-19,"quantile",0.95,423.074855284395
"26541",2020-12-12,"34","7  day ahead inc hosp",2020-12-19,"quantile",0.975,433.861424798921
"26542",2020-12-12,"34","7  day ahead inc hosp",2020-12-19,"quantile",0.99,446.403142955525
"26543",2020-12-12,"34","8  day ahead inc hosp",2020-12-20,"quantile",0.01,284.885269825999
"26544",2020-12-12,"34","8  day ahead inc hosp",2020-12-20,"quantile",0.025,298.317483790067
"26545",2020-12-12,"34","8  day ahead inc hosp",2020-12-20,"quantile",0.05,309.869928825767
"26546",2020-12-12,"34","8  day ahead inc hosp",2020-12-20,"quantile",0.1,323.189158088422
"26547",2020-12-12,"34","8  day ahead inc hosp",2020-12-20,"quantile",0.15,332.175578838753
"26548",2020-12-12,"34","8  day ahead inc hosp",2020-12-20,"quantile",0.2,339.31770117578
"26549",2020-12-12,"34","8  day ahead inc hosp",2020-12-20,"quantile",0.25,345.445006194318
"26550",2020-12-12,"34","8  day ahead inc hosp",2020-12-20,"quantile",0.3,350.947515473288
"26551",2020-12-12,"34","8  day ahead inc hosp",2020-12-20,"quantile",0.35,356.046410358066
"26552",2020-12-12,"34","8  day ahead inc hosp",2020-12-20,"quantile",0.4,360.884762981702
"26553",2020-12-12,"34","8  day ahead inc hosp",2020-12-20,"quantile",0.45,365.565925138869
"26554",2020-12-12,"34","8  day ahead inc hosp",2020-12-20,"quantile",0.5,370.172869238595
"26555",2020-12-12,"34","8  day ahead inc hosp",2020-12-20,"quantile",0.55,374.779813338321
"26556",2020-12-12,"34","8  day ahead inc hosp",2020-12-20,"quantile",0.6,379.460975495487
"26557",2020-12-12,"34","8  day ahead inc hosp",2020-12-20,"quantile",0.65,384.299328119124
"26558",2020-12-12,"34","8  day ahead inc hosp",2020-12-20,"quantile",0.7,389.398223003901
"26559",2020-12-12,"34","8  day ahead inc hosp",2020-12-20,"quantile",0.75,394.900732282871
"26560",2020-12-12,"34","8  day ahead inc hosp",2020-12-20,"quantile",0.8,401.028037301409
"26561",2020-12-12,"34","8  day ahead inc hosp",2020-12-20,"quantile",0.85,408.170159638437
"26562",2020-12-12,"34","8  day ahead inc hosp",2020-12-20,"quantile",0.9,417.156580388767
"26563",2020-12-12,"34","8  day ahead inc hosp",2020-12-20,"quantile",0.95,430.475809651422
"26564",2020-12-12,"34","8  day ahead inc hosp",2020-12-20,"quantile",0.975,442.028254687122
"26565",2020-12-12,"34","8  day ahead inc hosp",2020-12-20,"quantile",0.99,455.460468651191
"26566",2020-12-12,"34","9  day ahead inc hosp",2020-12-21,"quantile",0.01,286.117725021633
"26567",2020-12-12,"34","9  day ahead inc hosp",2020-12-21,"quantile",0.025,300.473971161071
"26568",2020-12-12,"34","9  day ahead inc hosp",2020-12-21,"quantile",0.05,312.821134844473
"26569",2020-12-12,"34","9  day ahead inc hosp",2020-12-21,"quantile",0.1,327.056623811056
"26570",2020-12-12,"34","9  day ahead inc hosp",2020-12-21,"quantile",0.15,336.661240633674
"26571",2020-12-12,"34","9  day ahead inc hosp",2020-12-21,"quantile",0.2,344.294685611742
"26572",2020-12-12,"34","9  day ahead inc hosp",2020-12-21,"quantile",0.25,350.843501708094
"26573",2020-12-12,"34","9  day ahead inc hosp",2020-12-21,"quantile",0.3,356.72454096229
"26574",2020-12-12,"34","9  day ahead inc hosp",2020-12-21,"quantile",0.35,362.174200281357
"26575",2020-12-12,"34","9  day ahead inc hosp",2020-12-21,"quantile",0.4,367.345394051805
"26576",2020-12-12,"34","9  day ahead inc hosp",2020-12-21,"quantile",0.45,372.348583870451
"26577",2020-12-12,"34","9  day ahead inc hosp",2020-12-21,"quantile",0.5,377.272450004747
"26578",2020-12-12,"34","9  day ahead inc hosp",2020-12-21,"quantile",0.55,382.196316139043
"26579",2020-12-12,"34","9  day ahead inc hosp",2020-12-21,"quantile",0.6,387.19950595769
"26580",2020-12-12,"34","9  day ahead inc hosp",2020-12-21,"quantile",0.65,392.370699728138
"26581",2020-12-12,"34","9  day ahead inc hosp",2020-12-21,"quantile",0.7,397.820359047205
"26582",2020-12-12,"34","9  day ahead inc hosp",2020-12-21,"quantile",0.75,403.7013983014
"26583",2020-12-12,"34","9  day ahead inc hosp",2020-12-21,"quantile",0.8,410.250214397753
"26584",2020-12-12,"34","9  day ahead inc hosp",2020-12-21,"quantile",0.85,417.88365937582
"26585",2020-12-12,"34","9  day ahead inc hosp",2020-12-21,"quantile",0.9,427.488276198438
"26586",2020-12-12,"34","9  day ahead inc hosp",2020-12-21,"quantile",0.95,441.723765165021
"26587",2020-12-12,"34","9  day ahead inc hosp",2020-12-21,"quantile",0.975,454.070928848424
"26588",2020-12-12,"34","9  day ahead inc hosp",2020-12-21,"quantile",0.99,468.427174987861
"26589",2020-12-12,"34","10  day ahead inc hosp",2020-12-22,"quantile",0.01,287.148198198919
"26590",2020-12-12,"34","10  day ahead inc hosp",2020-12-22,"quantile",0.025,302.460287301063
"26591",2020-12-12,"34","10  day ahead inc hosp",2020-12-22,"quantile",0.05,315.62952866421
"26592",2020-12-12,"34","10  day ahead inc hosp",2020-12-22,"quantile",0.1,330.812820546487
"26593",2020-12-12,"34","10  day ahead inc hosp",2020-12-22,"quantile",0.15,341.05691549662
"26594",2020-12-12,"34","10  day ahead inc hosp",2020-12-22,"quantile",0.2,349.198597418567
"26595",2020-12-12,"34","10  day ahead inc hosp",2020-12-22,"quantile",0.25,356.183435558493
"26596",2020-12-12,"34","10  day ahead inc hosp",2020-12-22,"quantile",0.3,362.456036083644
"26597",2020-12-12,"34","10  day ahead inc hosp",2020-12-22,"quantile",0.35,368.268535274547
"26598",2020-12-12,"34","10  day ahead inc hosp",2020-12-22,"quantile",0.4,373.784028601178
"26599",2020-12-12,"34","10  day ahead inc hosp",2020-12-22,"quantile",0.45,379.120332224978
"26600",2020-12-12,"34","10  day ahead inc hosp",2020-12-22,"quantile",0.5,384.3720307709
"26601",2020-12-12,"34","10  day ahead inc hosp",2020-12-22,"quantile",0.55,389.623729316821
"26602",2020-12-12,"34","10  day ahead inc hosp",2020-12-22,"quantile",0.6,394.960032940621
"26603",2020-12-12,"34","10  day ahead inc hosp",2020-12-22,"quantile",0.65,400.475526267252
"26604",2020-12-12,"34","10  day ahead inc hosp",2020-12-22,"quantile",0.7,406.288025458155
"26605",2020-12-12,"34","10  day ahead inc hosp",2020-12-22,"quantile",0.75,412.560625983307
"26606",2020-12-12,"34","10  day ahead inc hosp",2020-12-22,"quantile",0.8,419.545464123232
"26607",2020-12-12,"34","10  day ahead inc hosp",2020-12-22,"quantile",0.85,427.687146045179
"26608",2020-12-12,"34","10  day ahead inc hosp",2020-12-22,"quantile",0.9,437.931240995312
"26609",2020-12-12,"34","10  day ahead inc hosp",2020-12-22,"quantile",0.95,453.114532877589
"26610",2020-12-12,"34","10  day ahead inc hosp",2020-12-22,"quantile",0.975,466.283774240736
"26611",2020-12-12,"34","10  day ahead inc hosp",2020-12-22,"quantile",0.99,481.59586334288
"26612",2020-12-12,"34","11  day ahead inc hosp",2020-12-23,"quantile",0.01,287.986302228141
"26613",2020-12-12,"34","11  day ahead inc hosp",2020-12-23,"quantile",0.025,304.284531118961
"26614",2020-12-12,"34","11  day ahead inc hosp",2020-12-23,"quantile",0.05,318.3019071036
"26615",2020-12-12,"34","11  day ahead inc hosp",2020-12-23,"quantile",0.1,334.463043886617
"26616",2020-12-12,"34","11  day ahead inc hosp",2020-12-23,"quantile",0.15,345.36688614895
"26617",2020-12-12,"34","11  day ahead inc hosp",2020-12-23,"quantile",0.2,354.032914320218
"26618",2020-12-12,"34","11  day ahead inc hosp",2020-12-23,"quantile",0.25,361.467594853386
"26619",2020-12-12,"34","11  day ahead inc hosp",2020-12-23,"quantile",0.3,368.144167750633
"26620",2020-12-12,"34","11  day ahead inc hosp",2020-12-23,"quantile",0.35,374.3310075482
"26621",2020-12-12,"34","11  day ahead inc hosp",2020-12-23,"quantile",0.4,380.201713503709
"26622",2020-12-12,"34","11  day ahead inc hosp",2020-12-23,"quantile",0.45,385.88168945679
"26623",2020-12-12,"34","11  day ahead inc hosp",2020-12-23,"quantile",0.5,391.471611537052
"26624",2020-12-12,"34","11  day ahead inc hosp",2020-12-23,"quantile",0.55,397.061533617314
"26625",2020-12-12,"34","11  day ahead inc hosp",2020-12-23,"quantile",0.6,402.741509570395
"26626",2020-12-12,"34","11  day ahead inc hosp",2020-12-23,"quantile",0.65,408.612215525904
"26627",2020-12-12,"34","11  day ahead inc hosp",2020-12-23,"quantile",0.7,414.799055323471
"26628",2020-12-12,"34","11  day ahead inc hosp",2020-12-23,"quantile",0.75,421.475628220718
"26629",2020-12-12,"34","11  day ahead inc hosp",2020-12-23,"quantile",0.8,428.910308753886
"26630",2020-12-12,"34","11  day ahead inc hosp",2020-12-23,"quantile",0.85,437.576336925154
"26631",2020-12-12,"34","11  day ahead inc hosp",2020-12-23,"quantile",0.9,448.480179187487
"26632",2020-12-12,"34","11  day ahead inc hosp",2020-12-23,"quantile",0.95,464.641315970504
"26633",2020-12-12,"34","11  day ahead inc hosp",2020-12-23,"quantile",0.975,478.658691955143
"26634",2020-12-12,"34","11  day ahead inc hosp",2020-12-23,"quantile",0.99,494.956920845963
"26635",2020-12-12,"34","12  day ahead inc hosp",2020-12-24,"quantile",0.01,288.640504210377
"26636",2020-12-12,"34","12  day ahead inc hosp",2020-12-24,"quantile",0.025,305.953836205298
"26637",2020-12-12,"34","12  day ahead inc hosp",2020-12-24,"quantile",0.05,320.844256860537
"26638",2020-12-12,"34","12  day ahead inc hosp",2020-12-24,"quantile",0.1,338.01195823558
"26639",2020-12-12,"34","12  day ahead inc hosp",2020-12-24,"quantile",0.15,349.594924849477
"26640",2020-12-12,"34","12  day ahead inc hosp",2020-12-24,"quantile",0.2,358.800699526688
"26641",2020-12-12,"34","12  day ahead inc hosp",2020-12-24,"quantile",0.25,366.698434502015
"26642",2020-12-12,"34","12  day ahead inc hosp",2020-12-24,"quantile",0.3,373.79084459962
"26643",2020-12-12,"34","12  day ahead inc hosp",2020-12-24,"quantile",0.35,380.36301953545
"26644",2020-12-12,"34","12  day ahead inc hosp",2020-12-24,"quantile",0.4,386.599370855165
"26645",2020-12-12,"34","12  day ahead inc hosp",2020-12-24,"quantile",0.45,392.633112929695
"26646",2020-12-12,"34","12  day ahead inc hosp",2020-12-24,"quantile",0.5,398.571192303204
"26647",2020-12-12,"34","12  day ahead inc hosp",2020-12-24,"quantile",0.55,404.509271676714
"26648",2020-12-12,"34","12  day ahead inc hosp",2020-12-24,"quantile",0.6,410.543013751244
"26649",2020-12-12,"34","12  day ahead inc hosp",2020-12-24,"quantile",0.65,416.779365070958
"26650",2020-12-12,"34","12  day ahead inc hosp",2020-12-24,"quantile",0.7,423.351540006789
"26651",2020-12-12,"34","12  day ahead inc hosp",2020-12-24,"quantile",0.75,430.443950104393
"26652",2020-12-12,"34","12  day ahead inc hosp",2020-12-24,"quantile",0.8,438.34168507972
"26653",2020-12-12,"34","12  day ahead inc hosp",2020-12-24,"quantile",0.85,447.547459756932
"26654",2020-12-12,"34","12  day ahead inc hosp",2020-12-24,"quantile",0.9,459.130426370828
"26655",2020-12-12,"34","12  day ahead inc hosp",2020-12-24,"quantile",0.95,476.298127745872
"26656",2020-12-12,"34","12  day ahead inc hosp",2020-12-24,"quantile",0.975,491.188548401111
"26657",2020-12-12,"34","12  day ahead inc hosp",2020-12-24,"quantile",0.99,508.501880396032
"26658",2020-12-12,"34","13  day ahead inc hosp",2020-12-25,"quantile",0.01,289.118296154986
"26659",2020-12-12,"34","13  day ahead inc hosp",2020-12-25,"quantile",0.025,307.474514629166
"26660",2020-12-12,"34","13  day ahead inc hosp",2020-12-25,"quantile",0.05,323.261875190391
"26661",2020-12-12,"34","13  day ahead inc hosp",2020-12-25,"quantile",0.1,341.463690833516
"26662",2020-12-12,"34","13  day ahead inc hosp",2020-12-25,"quantile",0.15,353.744369434619
"26663",2020-12-12,"34","13  day ahead inc hosp",2020-12-25,"quantile",0.2,363.504663481342
"26664",2020-12-12,"34","13  day ahead inc hosp",2020-12-25,"quantile",0.25,371.878126700369
"26665",2020-12-12,"34","13  day ahead inc hosp",2020-12-25,"quantile",0.3,379.397755463816
"26666",2020-12-12,"34","13  day ahead inc hosp",2020-12-25,"quantile",0.35,386.365812161857
"26667",2020-12-12,"34","13  day ahead inc hosp",2020-12-25,"quantile",0.4,392.977816560549
"26668",2020-12-12,"34","13  day ahead inc hosp",2020-12-25,"quantile",0.45,399.375007336386
"26669",2020-12-12,"34","13  day ahead inc hosp",2020-12-25,"quantile",0.5,405.670773069357
"26670",2020-12-12,"34","13  day ahead inc hosp",2020-12-25,"quantile",0.55,411.966538802327
"26671",2020-12-12,"34","13  day ahead inc hosp",2020-12-25,"quantile",0.6,418.363729578164
"26672",2020-12-12,"34","13  day ahead inc hosp",2020-12-25,"quantile",0.65,424.975733976856
"26673",2020-12-12,"34","13  day ahead inc hosp",2020-12-25,"quantile",0.7,431.943790674898
"26674",2020-12-12,"34","13  day ahead inc hosp",2020-12-25,"quantile",0.75,439.463419438344
"26675",2020-12-12,"34","13  day ahead inc hosp",2020-12-25,"quantile",0.8,447.836882657371
"26676",2020-12-12,"34","13  day ahead inc hosp",2020-12-25,"quantile",0.85,457.597176704094
"26677",2020-12-12,"34","13  day ahead inc hosp",2020-12-25,"quantile",0.9,469.877855305197
"26678",2020-12-12,"34","13  day ahead inc hosp",2020-12-25,"quantile",0.95,488.079670948322
"26679",2020-12-12,"34","13  day ahead inc hosp",2020-12-25,"quantile",0.975,503.867031509547
"26680",2020-12-12,"34","13  day ahead inc hosp",2020-12-25,"quantile",0.99,522.223249983727
"26681",2020-12-12,"34","14  day ahead inc hosp",2020-12-26,"quantile",0.01,289.426340023797
"26682",2020-12-12,"34","14  day ahead inc hosp",2020-12-26,"quantile",0.025,308.852179138941
"26683",2020-12-12,"34","14  day ahead inc hosp",2020-12-26,"quantile",0.05,325.559472460085
"26684",2020-12-12,"34","14  day ahead inc hosp",2020-12-26,"quantile",0.1,344.821911659325
"26685",2020-12-12,"34","14  day ahead inc hosp",2020-12-26,"quantile",0.15,357.818187938416
"26686",2020-12-12,"34","14  day ahead inc hosp",2020-12-26,"quantile",0.2,368.147216334697
"26687",2020-12-12,"34","14  day ahead inc hosp",2020-12-26,"quantile",0.25,377.008602984577
"26688",2020-12-12,"34","14  day ahead inc hosp",2020-12-26,"quantile",0.3,384.966402068838
"26689",2020-12-12,"34","14  day ahead inc hosp",2020-12-26,"quantile",0.35,392.340488869546
"26690",2020-12-12,"34","14  day ahead inc hosp",2020-12-26,"quantile",0.4,399.337776129897
"26691",2020-12-12,"34","14  day ahead inc hosp",2020-12-26,"quantile",0.45,406.107732533232
"26692",2020-12-12,"34","14  day ahead inc hosp",2020-12-26,"quantile",0.5,412.770353835509
"26693",2020-12-12,"34","14  day ahead inc hosp",2020-12-26,"quantile",0.55,419.432975137786
"26694",2020-12-12,"34","14  day ahead inc hosp",2020-12-26,"quantile",0.6,426.202931541121
"26695",2020-12-12,"34","14  day ahead inc hosp",2020-12-26,"quantile",0.65,433.200218801472
"26696",2020-12-12,"34","14  day ahead inc hosp",2020-12-26,"quantile",0.7,440.57430560218
"26697",2020-12-12,"34","14  day ahead inc hosp",2020-12-26,"quantile",0.75,448.532104686441
"26698",2020-12-12,"34","14  day ahead inc hosp",2020-12-26,"quantile",0.8,457.393491336322
"26699",2020-12-12,"34","14  day ahead inc hosp",2020-12-26,"quantile",0.85,467.722519732602
"26700",2020-12-12,"34","14  day ahead inc hosp",2020-12-26,"quantile",0.9,480.718796011693
"26701",2020-12-12,"34","14  day ahead inc hosp",2020-12-26,"quantile",0.95,499.981235210933
"26702",2020-12-12,"34","14  day ahead inc hosp",2020-12-26,"quantile",0.975,516.688528532077
"26703",2020-12-12,"34","14  day ahead inc hosp",2020-12-26,"quantile",0.99,536.114367647221
"26704",2020-12-12,"34","15  day ahead inc hosp",2020-12-27,"quantile",0.01,280.597670119443
"26705",2020-12-12,"34","15  day ahead inc hosp",2020-12-27,"quantile",0.025,301.118926303378
"26706",2020-12-12,"34","15  day ahead inc hosp",2020-12-27,"quantile",0.05,318.768338735506
"26707",2020-12-12,"34","15  day ahead inc hosp",2020-12-27,"quantile",0.1,339.116980932739
"26708",2020-12-12,"34","15  day ahead inc hosp",2020-12-27,"quantile",0.15,352.846113217817
"26709",2020-12-12,"34","15  day ahead inc hosp",2020-12-27,"quantile",0.2,363.757592335646
"26710",2020-12-12,"34","15  day ahead inc hosp",2020-12-27,"quantile",0.25,373.118669842221
"26711",2020-12-12,"34","15  day ahead inc hosp",2020-12-27,"quantile",0.3,381.525206759387
"26712",2020-12-12,"34","15  day ahead inc hosp",2020-12-27,"quantile",0.35,389.315116037588
"26713",2020-12-12,"34","15  day ahead inc hosp",2020-12-27,"quantile",0.4,396.706978165712
"26714",2020-12-12,"34","15  day ahead inc hosp",2020-12-27,"quantile",0.45,403.858690319995
"26715",2020-12-12,"34","15  day ahead inc hosp",2020-12-27,"quantile",0.5,410.897014780017
"26716",2020-12-12,"34","15  day ahead inc hosp",2020-12-27,"quantile",0.55,417.935339240038
"26717",2020-12-12,"34","15  day ahead inc hosp",2020-12-27,"quantile",0.6,425.087051394321
"26718",2020-12-12,"34","15  day ahead inc hosp",2020-12-27,"quantile",0.65,432.478913522445
"26719",2020-12-12,"34","15  day ahead inc hosp",2020-12-27,"quantile",0.7,440.268822800646
"26720",2020-12-12,"34","15  day ahead inc hosp",2020-12-27,"quantile",0.75,448.675359717812
"26721",2020-12-12,"34","15  day ahead inc hosp",2020-12-27,"quantile",0.8,458.036437224387
"26722",2020-12-12,"34","15  day ahead inc hosp",2020-12-27,"quantile",0.85,468.947916342216
"26723",2020-12-12,"34","15  day ahead inc hosp",2020-12-27,"quantile",0.9,482.677048627294
"26724",2020-12-12,"34","15  day ahead inc hosp",2020-12-27,"quantile",0.95,503.025690824527
"26725",2020-12-12,"34","15  day ahead inc hosp",2020-12-27,"quantile",0.975,520.675103256655
"26726",2020-12-12,"34","15  day ahead inc hosp",2020-12-27,"quantile",0.99,541.19635944059
"26727",2020-12-12,"34","16  day ahead inc hosp",2020-12-28,"quantile",0.01,280.583474878112
"26728",2020-12-12,"34","16  day ahead inc hosp",2020-12-28,"quantile",0.025,302.225102160344
"26729",2020-12-12,"34","16  day ahead inc hosp",2020-12-28,"quantile",0.05,320.838095545491
"26730",2020-12-12,"34","16  day ahead inc hosp",2020-12-28,"quantile",0.1,342.297684870084
"26731",2020-12-12,"34","16  day ahead inc hosp",2020-12-28,"quantile",0.15,356.776367907758
"26732",2020-12-12,"34","16  day ahead inc hosp",2020-12-28,"quantile",0.2,368.283566202509
"26733",2020-12-12,"34","16  day ahead inc hosp",2020-12-28,"quantile",0.25,378.15571771904
"26734",2020-12-12,"34","16  day ahead inc hosp",2020-12-28,"quantile",0.3,387.021214892555
"26735",2020-12-12,"34","16  day ahead inc hosp",2020-12-28,"quantile",0.35,395.236419247013
"26736",2020-12-12,"34","16  day ahead inc hosp",2020-12-28,"quantile",0.4,403.031844812809
"26737",2020-12-12,"34","16  day ahead inc hosp",2020-12-28,"quantile",0.45,410.574009263442
"26738",2020-12-12,"34","16  day ahead inc hosp",2020-12-28,"quantile",0.5,417.996595546169
"26739",2020-12-12,"34","16  day ahead inc hosp",2020-12-28,"quantile",0.55,425.419181828896
"26740",2020-12-12,"34","16  day ahead inc hosp",2020-12-28,"quantile",0.6,432.961346279529
"26741",2020-12-12,"34","16  day ahead inc hosp",2020-12-28,"quantile",0.65,440.756771845324
"26742",2020-12-12,"34","16  day ahead inc hosp",2020-12-28,"quantile",0.7,448.971976199783
"26743",2020-12-12,"34","16  day ahead inc hosp",2020-12-28,"quantile",0.75,457.837473373298
"26744",2020-12-12,"34","16  day ahead inc hosp",2020-12-28,"quantile",0.8,467.709624889829
"26745",2020-12-12,"34","16  day ahead inc hosp",2020-12-28,"quantile",0.85,479.21682318458
"26746",2020-12-12,"34","16  day ahead inc hosp",2020-12-28,"quantile",0.9,493.695506222254
"26747",2020-12-12,"34","16  day ahead inc hosp",2020-12-28,"quantile",0.95,515.155095546846
"26748",2020-12-12,"34","16  day ahead inc hosp",2020-12-28,"quantile",0.975,533.768088931994
"26749",2020-12-12,"34","16  day ahead inc hosp",2020-12-28,"quantile",0.99,555.409716214226
"26750",2020-12-12,"34","17  day ahead inc hosp",2020-12-29,"quantile",0.01,280.41566376503
"26751",2020-12-12,"34","17  day ahead inc hosp",2020-12-29,"quantile",0.025,303.20185559539
"26752",2020-12-12,"34","17  day ahead inc hosp",2020-12-29,"quantile",0.05,322.799237635113
"26753",2020-12-12,"34","17  day ahead inc hosp",2020-12-29,"quantile",0.1,345.393764034354
"26754",2020-12-12,"34","17  day ahead inc hosp",2020-12-29,"quantile",0.15,360.638183728167
"26755",2020-12-12,"34","17  day ahead inc hosp",2020-12-29,"quantile",0.2,372.753965242871
"26756",2020-12-12,"34","17  day ahead inc hosp",2020-12-29,"quantile",0.25,383.148226972845
"26757",2020-12-12,"34","17  day ahead inc hosp",2020-12-29,"quantile",0.3,392.482595254526
"26758",2020-12-12,"34","17  day ahead inc hosp",2020-12-29,"quantile",0.35,401.132278566464
"26759",2020-12-12,"34","17  day ahead inc hosp",2020-12-29,"quantile",0.4,409.339982175117
"26760",2020-12-12,"34","17  day ahead inc hosp",2020-12-29,"quantile",0.45,417.28103040347
"26761",2020-12-12,"34","17  day ahead inc hosp",2020-12-29,"quantile",0.5,425.096176312321
"26762",2020-12-12,"34","17  day ahead inc hosp",2020-12-29,"quantile",0.55,432.911322221173
"26763",2020-12-12,"34","17  day ahead inc hosp",2020-12-29,"quantile",0.6,440.852370449525
"26764",2020-12-12,"34","17  day ahead inc hosp",2020-12-29,"quantile",0.65,449.060074058179
"26765",2020-12-12,"34","17  day ahead inc hosp",2020-12-29,"quantile",0.7,457.709757370117
"26766",2020-12-12,"34","17  day ahead inc hosp",2020-12-29,"quantile",0.75,467.044125651797
"26767",2020-12-12,"34","17  day ahead inc hosp",2020-12-29,"quantile",0.8,477.438387381772
"26768",2020-12-12,"34","17  day ahead inc hosp",2020-12-29,"quantile",0.85,489.554168896476
"26769",2020-12-12,"34","17  day ahead inc hosp",2020-12-29,"quantile",0.9,504.798588590289
"26770",2020-12-12,"34","17  day ahead inc hosp",2020-12-29,"quantile",0.95,527.393114989529
"26771",2020-12-12,"34","17  day ahead inc hosp",2020-12-29,"quantile",0.975,546.990497029253
"26772",2020-12-12,"34","17  day ahead inc hosp",2020-12-29,"quantile",0.99,569.776688859612
"26773",2020-12-12,"34","18  day ahead inc hosp",2020-12-30,"quantile",0.01,280.098618426561
"26774",2020-12-12,"34","18  day ahead inc hosp",2020-12-30,"quantile",0.025,304.052878175526
"26775",2020-12-12,"34","18  day ahead inc hosp",2020-12-30,"quantile",0.05,324.654863065067
"26776",2020-12-12,"34","18  day ahead inc hosp",2020-12-30,"quantile",0.1,348.407632211474
"26777",2020-12-12,"34","18  day ahead inc hosp",2020-12-30,"quantile",0.15,364.43351278803
"26778",2020-12-12,"34","18  day ahead inc hosp",2020-12-30,"quantile",0.2,377.170374639525
"26779",2020-12-12,"34","18  day ahead inc hosp",2020-12-30,"quantile",0.25,388.097467996423
"26780",2020-12-12,"34","18  day ahead inc hosp",2020-12-30,"quantile",0.3,397.910335546935
"26781",2020-12-12,"34","18  day ahead inc hosp",2020-12-30,"quantile",0.35,407.003419742092
"26782",2020-12-12,"34","18  day ahead inc hosp",2020-12-30,"quantile",0.4,415.631867428654
"26783",2020-12-12,"34","18  day ahead inc hosp",2020-12-30,"quantile",0.45,423.979990421613
"26784",2020-12-12,"34","18  day ahead inc hosp",2020-12-30,"quantile",0.5,432.195757078474
"26785",2020-12-12,"34","18  day ahead inc hosp",2020-12-30,"quantile",0.55,440.411523735334
"26786",2020-12-12,"34","18  day ahead inc hosp",2020-12-30,"quantile",0.6,448.759646728294
"26787",2020-12-12,"34","18  day ahead inc hosp",2020-12-30,"quantile",0.65,457.388094414855
"26788",2020-12-12,"34","18  day ahead inc hosp",2020-12-30,"quantile",0.7,466.481178610012
"26789",2020-12-12,"34","18  day ahead inc hosp",2020-12-30,"quantile",0.75,476.294046160525
"26790",2020-12-12,"34","18  day ahead inc hosp",2020-12-30,"quantile",0.8,487.221139517423
"26791",2020-12-12,"34","18  day ahead inc hosp",2020-12-30,"quantile",0.85,499.958001368917
"26792",2020-12-12,"34","18  day ahead inc hosp",2020-12-30,"quantile",0.9,515.983881945473
"26793",2020-12-12,"34","18  day ahead inc hosp",2020-12-30,"quantile",0.95,539.73665109188
"26794",2020-12-12,"34","18  day ahead inc hosp",2020-12-30,"quantile",0.975,560.338635981421
"26795",2020-12-12,"34","18  day ahead inc hosp",2020-12-30,"quantile",0.99,584.292895730387
"26796",2020-12-12,"34","19  day ahead inc hosp",2020-12-31,"quantile",0.01,279.636333129336
"26797",2020-12-12,"34","19  day ahead inc hosp",2020-12-31,"quantile",0.025,304.781535097692
"26798",2020-12-12,"34","19  day ahead inc hosp",2020-12-31,"quantile",0.05,326.407795997651
"26799",2020-12-12,"34","19  day ahead inc hosp",2020-12-31,"quantile",0.1,351.341489785451
"26800",2020-12-12,"34","19  day ahead inc hosp",2020-12-31,"quantile",0.15,368.164134611103
"26801",2020-12-12,"34","19  day ahead inc hosp",2020-12-31,"quantile",0.2,381.534239429838
"26802",2020-12-12,"34","19  day ahead inc hosp",2020-12-31,"quantile",0.25,393.004598867606
"26803",2020-12-12,"34","19  day ahead inc hosp",2020-12-31,"quantile",0.3,403.305336149083
"26804",2020-12-12,"34","19  day ahead inc hosp",2020-12-31,"quantile",0.35,412.850504357103
"26805",2020-12-12,"34","19  day ahead inc hosp",2020-12-31,"quantile",0.4,421.90793556248
"26806",2020-12-12,"34","19  day ahead inc hosp",2020-12-31,"quantile",0.45,430.671105074479
"26807",2020-12-12,"34","19  day ahead inc hosp",2020-12-31,"quantile",0.5,439.295337844626
"26808",2020-12-12,"34","19  day ahead inc hosp",2020-12-31,"quantile",0.55,447.919570614773
"26809",2020-12-12,"34","19  day ahead inc hosp",2020-12-31,"quantile",0.6,456.682740126772
"26810",2020-12-12,"34","19  day ahead inc hosp",2020-12-31,"quantile",0.65,465.740171332149
"26811",2020-12-12,"34","19  day ahead inc hosp",2020-12-31,"quantile",0.7,475.285339540169
"26812",2020-12-12,"34","19  day ahead inc hosp",2020-12-31,"quantile",0.75,485.586076821646
"26813",2020-12-12,"34","19  day ahead inc hosp",2020-12-31,"quantile",0.8,497.056436259414
"26814",2020-12-12,"34","19  day ahead inc hosp",2020-12-31,"quantile",0.85,510.426541078149
"26815",2020-12-12,"34","19  day ahead inc hosp",2020-12-31,"quantile",0.9,527.249185903801
"26816",2020-12-12,"34","19  day ahead inc hosp",2020-12-31,"quantile",0.95,552.182879691601
"26817",2020-12-12,"34","19  day ahead inc hosp",2020-12-31,"quantile",0.975,573.80914059156
"26818",2020-12-12,"34","19  day ahead inc hosp",2020-12-31,"quantile",0.99,598.954342559916
"26819",2020-12-12,"34","20  day ahead inc hosp",2021-01-01,"quantile",0.01,279.032465407661
"26820",2020-12-12,"34","20  day ahead inc hosp",2021-01-01,"quantile",0.025,305.390907859538
"26821",2020-12-12,"34","20  day ahead inc hosp",2021-01-01,"quantile",0.05,328.060622507215
"26822",2020-12-12,"34","20  day ahead inc hosp",2021-01-01,"quantile",0.1,354.197351639299
"26823",2020-12-12,"34","20  day ahead inc hosp",2021-01-01,"quantile",0.15,371.831678700316
"26824",2020-12-12,"34","20  day ahead inc hosp",2021-01-01,"quantile",0.2,385.846882828868
"26825",2020-12-12,"34","20  day ahead inc hosp",2021-01-01,"quantile",0.25,397.870680033727
"26826",2020-12-12,"34","20  day ahead inc hosp",2021-01-01,"quantile",0.3,408.668421534766
"26827",2020-12-12,"34","20  day ahead inc hosp",2021-01-01,"quantile",0.35,418.674138220645
"26828",2020-12-12,"34","20  day ahead inc hosp",2021-01-01,"quantile",0.4,428.168584894376
"26829",2020-12-12,"34","20  day ahead inc hosp",2021-01-01,"quantile",0.45,437.354571929548
"26830",2020-12-12,"34","20  day ahead inc hosp",2021-01-01,"quantile",0.5,446.394918610778
"26831",2020-12-12,"34","20  day ahead inc hosp",2021-01-01,"quantile",0.55,455.435265292009
"26832",2020-12-12,"34","20  day ahead inc hosp",2021-01-01,"quantile",0.6,464.62125232718
"26833",2020-12-12,"34","20  day ahead inc hosp",2021-01-01,"quantile",0.65,474.115699000912
"26834",2020-12-12,"34","20  day ahead inc hosp",2021-01-01,"quantile",0.7,484.121415686791
"26835",2020-12-12,"34","20  day ahead inc hosp",2021-01-01,"quantile",0.75,494.91915718783
"26836",2020-12-12,"34","20  day ahead inc hosp",2021-01-01,"quantile",0.8,506.942954392689
"26837",2020-12-12,"34","20  day ahead inc hosp",2021-01-01,"quantile",0.85,520.958158521241
"26838",2020-12-12,"34","20  day ahead inc hosp",2021-01-01,"quantile",0.9,538.592485582258
"26839",2020-12-12,"34","20  day ahead inc hosp",2021-01-01,"quantile",0.95,564.729214714341
"26840",2020-12-12,"34","20  day ahead inc hosp",2021-01-01,"quantile",0.975,587.398929362019
"26841",2020-12-12,"34","20  day ahead inc hosp",2021-01-01,"quantile",0.99,613.757371813896
"26842",2020-12-12,"34","21  day ahead inc hosp",2021-01-02,"quantile",0.01,278.290378757434
"26843",2020-12-12,"34","21  day ahead inc hosp",2021-01-02,"quantile",0.025,305.883830229348
"26844",2020-12-12,"34","21  day ahead inc hosp",2021-01-02,"quantile",0.05,329.615720767072
"26845",2020-12-12,"34","21  day ahead inc hosp",2021-01-02,"quantile",0.1,356.977070674503
"26846",2020-12-12,"34","21  day ahead inc hosp",2021-01-02,"quantile",0.15,375.437643558747
"26847",2020-12-12,"34","21  day ahead inc hosp",2021-01-02,"quantile",0.2,390.109521675075
"26848",2020-12-12,"34","21  day ahead inc hosp",2021-01-02,"quantile",0.25,402.696686690085
"26849",2020-12-12,"34","21  day ahead inc hosp",2021-01-02,"quantile",0.3,414.000349896253
"26850",2020-12-12,"34","21  day ahead inc hosp",2021-01-02,"quantile",0.35,424.474878439341
"26851",2020-12-12,"34","21  day ahead inc hosp",2021-01-02,"quantile",0.4,434.414181720353
"26852",2020-12-12,"34","21  day ahead inc hosp",2021-01-02,"quantile",0.45,444.030572671351
"26853",2020-12-12,"34","21  day ahead inc hosp",2021-01-02,"quantile",0.5,453.494499376931
"26854",2020-12-12,"34","21  day ahead inc hosp",2021-01-02,"quantile",0.55,462.958426082511
"26855",2020-12-12,"34","21  day ahead inc hosp",2021-01-02,"quantile",0.6,472.574817033509
"26856",2020-12-12,"34","21  day ahead inc hosp",2021-01-02,"quantile",0.65,482.51412031452
"26857",2020-12-12,"34","21  day ahead inc hosp",2021-01-02,"quantile",0.7,492.988648857608
"26858",2020-12-12,"34","21  day ahead inc hosp",2021-01-02,"quantile",0.75,504.292312063776
"26859",2020-12-12,"34","21  day ahead inc hosp",2021-01-02,"quantile",0.8,516.879477078787
"26860",2020-12-12,"34","21  day ahead inc hosp",2021-01-02,"quantile",0.85,531.551355195114
"26861",2020-12-12,"34","21  day ahead inc hosp",2021-01-02,"quantile",0.9,550.011928079358
"26862",2020-12-12,"34","21  day ahead inc hosp",2021-01-02,"quantile",0.95,577.37327798679
"26863",2020-12-12,"34","21  day ahead inc hosp",2021-01-02,"quantile",0.975,601.105168524513
"26864",2020-12-12,"34","21  day ahead inc hosp",2021-01-02,"quantile",0.99,628.698619996427
"26865",2020-12-12,"34","22  day ahead inc hosp",2021-01-03,"quantile",0.01,301.497500211295
"26866",2020-12-12,"34","22  day ahead inc hosp",2021-01-03,"quantile",0.025,330.347240133776
"26867",2020-12-12,"34","22  day ahead inc hosp",2021-01-03,"quantile",0.05,355.159608045741
"26868",2020-12-12,"34","22  day ahead inc hosp",2021-01-03,"quantile",0.1,383.766679167702
"26869",2020-12-12,"34","22  day ahead inc hosp",2021-01-03,"quantile",0.15,403.067734241313
"26870",2020-12-12,"34","22  day ahead inc hosp",2021-01-03,"quantile",0.2,418.407600957923
"26871",2020-12-12,"34","22  day ahead inc hosp",2021-01-03,"quantile",0.25,431.567840713142
"26872",2020-12-12,"34","22  day ahead inc hosp",2021-01-03,"quantile",0.3,443.386142747637
"26873",2020-12-12,"34","22  day ahead inc hosp",2021-01-03,"quantile",0.35,454.337560861688
"26874",2020-12-12,"34","22  day ahead inc hosp",2021-01-03,"quantile",0.4,464.72938571041
"26875",2020-12-12,"34","22  day ahead inc hosp",2021-01-03,"quantile",0.45,474.783596515157
"26876",2020-12-12,"34","22  day ahead inc hosp",2021-01-03,"quantile",0.5,484.678401606115
"26877",2020-12-12,"34","22  day ahead inc hosp",2021-01-03,"quantile",0.55,494.573206697074
"26878",2020-12-12,"34","22  day ahead inc hosp",2021-01-03,"quantile",0.6,504.627417501821
"26879",2020-12-12,"34","22  day ahead inc hosp",2021-01-03,"quantile",0.65,515.019242350543
"26880",2020-12-12,"34","22  day ahead inc hosp",2021-01-03,"quantile",0.7,525.970660464594
"26881",2020-12-12,"34","22  day ahead inc hosp",2021-01-03,"quantile",0.75,537.788962499089
"26882",2020-12-12,"34","22  day ahead inc hosp",2021-01-03,"quantile",0.8,550.949202254308
"26883",2020-12-12,"34","22  day ahead inc hosp",2021-01-03,"quantile",0.85,566.289068970918
"26884",2020-12-12,"34","22  day ahead inc hosp",2021-01-03,"quantile",0.9,585.590124044529
"26885",2020-12-12,"34","22  day ahead inc hosp",2021-01-03,"quantile",0.95,614.197195166489
"26886",2020-12-12,"34","22  day ahead inc hosp",2021-01-03,"quantile",0.975,639.009563078455
"26887",2020-12-12,"34","22  day ahead inc hosp",2021-01-03,"quantile",0.99,667.859303000936
"26888",2020-12-12,"34","23  day ahead inc hosp",2021-01-04,"quantile",0.01,300.488065144633
"26889",2020-12-12,"34","23  day ahead inc hosp",2021-01-04,"quantile",0.025,330.614919635405
"26890",2020-12-12,"34","23  day ahead inc hosp",2021-01-04,"quantile",0.05,356.525676531788
"26891",2020-12-12,"34","23  day ahead inc hosp",2021-01-04,"quantile",0.1,386.399119807679
"26892",2020-12-12,"34","23  day ahead inc hosp",2021-01-04,"quantile",0.15,406.554590161433
"26893",2020-12-12,"34","23  day ahead inc hosp",2021-01-04,"quantile",0.2,422.573519057184
"26894",2020-12-12,"34","23  day ahead inc hosp",2021-01-04,"quantile",0.25,436.316333697264
"26895",2020-12-12,"34","23  day ahead inc hosp",2021-01-04,"quantile",0.3,448.657805983597
"26896",2020-12-12,"34","23  day ahead inc hosp",2021-01-04,"quantile",0.35,460.09401930393
"26897",2020-12-12,"34","23  day ahead inc hosp",2021-01-04,"quantile",0.4,470.945867395186
"26898",2020-12-12,"34","23  day ahead inc hosp",2021-01-04,"quantile",0.45,481.445156010892
"26899",2020-12-12,"34","23  day ahead inc hosp",2021-01-04,"quantile",0.5,491.777982372268
"26900",2020-12-12,"34","23  day ahead inc hosp",2021-01-04,"quantile",0.55,502.110808733644
"26901",2020-12-12,"34","23  day ahead inc hosp",2021-01-04,"quantile",0.6,512.610097349349
"26902",2020-12-12,"34","23  day ahead inc hosp",2021-01-04,"quantile",0.65,523.461945440606
"26903",2020-12-12,"34","23  day ahead inc hosp",2021-01-04,"quantile",0.7,534.898158760939
"26904",2020-12-12,"34","23  day ahead inc hosp",2021-01-04,"quantile",0.75,547.239631047272
"26905",2020-12-12,"34","23  day ahead inc hosp",2021-01-04,"quantile",0.8,560.982445687352
"26906",2020-12-12,"34","23  day ahead inc hosp",2021-01-04,"quantile",0.85,577.001374583102
"26907",2020-12-12,"34","23  day ahead inc hosp",2021-01-04,"quantile",0.9,597.156844936856
"26908",2020-12-12,"34","23  day ahead inc hosp",2021-01-04,"quantile",0.95,627.030288212748
"26909",2020-12-12,"34","23  day ahead inc hosp",2021-01-04,"quantile",0.975,652.941045109131
"26910",2020-12-12,"34","23  day ahead inc hosp",2021-01-04,"quantile",0.99,683.067899599902
"26911",2020-12-12,"34","24  day ahead inc hosp",2021-01-05,"quantile",0.01,299.349072183004
"26912",2020-12-12,"34","24  day ahead inc hosp",2021-01-05,"quantile",0.025,330.773445724991
"26913",2020-12-12,"34","24  day ahead inc hosp",2021-01-05,"quantile",0.05,357.80014058678
"26914",2020-12-12,"34","24  day ahead inc hosp",2021-01-05,"quantile",0.1,388.960188867776
"26915",2020-12-12,"34","24  day ahead inc hosp",2021-01-05,"quantile",0.15,409.983725510303
"26916",2020-12-12,"34","24  day ahead inc hosp",2021-01-05,"quantile",0.2,426.692565974109
"26917",2020-12-12,"34","24  day ahead inc hosp",2021-01-05,"quantile",0.25,441.027263308689
"26918",2020-12-12,"34","24  day ahead inc hosp",2021-01-05,"quantile",0.3,453.900264547588
"26919",2020-12-12,"34","24  day ahead inc hosp",2021-01-05,"quantile",0.35,465.829018656122
"26920",2020-12-12,"34","24  day ahead inc hosp",2021-01-05,"quantile",0.4,477.148239789712
"26921",2020-12-12,"34","24  day ahead inc hosp",2021-01-05,"quantile",0.45,488.09971723274
"26922",2020-12-12,"34","24  day ahead inc hosp",2021-01-05,"quantile",0.5,498.87756313842
"26923",2020-12-12,"34","24  day ahead inc hosp",2021-01-05,"quantile",0.55,509.6554090441
"26924",2020-12-12,"34","24  day ahead inc hosp",2021-01-05,"quantile",0.6,520.606886487128
"26925",2020-12-12,"34","24  day ahead inc hosp",2021-01-05,"quantile",0.65,531.926107620719
"26926",2020-12-12,"34","24  day ahead inc hosp",2021-01-05,"quantile",0.7,543.854861729252
"26927",2020-12-12,"34","24  day ahead inc hosp",2021-01-05,"quantile",0.75,556.727862968151
"26928",2020-12-12,"34","24  day ahead inc hosp",2021-01-05,"quantile",0.8,571.062560302731
"26929",2020-12-12,"34","24  day ahead inc hosp",2021-01-05,"quantile",0.85,587.771400766538
"26930",2020-12-12,"34","24  day ahead inc hosp",2021-01-05,"quantile",0.9,608.794937409065
"26931",2020-12-12,"34","24  day ahead inc hosp",2021-01-05,"quantile",0.95,639.954985690061
"26932",2020-12-12,"34","24  day ahead inc hosp",2021-01-05,"quantile",0.975,666.981680551849
"26933",2020-12-12,"34","24  day ahead inc hosp",2021-01-05,"quantile",0.99,698.406054093837
"26934",2020-12-12,"34","25  day ahead inc hosp",2021-01-06,"quantile",0.01,298.083019708443
"26935",2020-12-12,"34","25  day ahead inc hosp",2021-01-06,"quantile",0.025,330.824923306477
"26936",2020-12-12,"34","25  day ahead inc hosp",2021-01-06,"quantile",0.05,358.98476670179
"26937",2020-12-12,"34","25  day ahead inc hosp",2021-01-06,"quantile",0.1,391.4512626707
"26938",2020-12-12,"34","25  day ahead inc hosp",2021-01-06,"quantile",0.15,413.356253365888
"26939",2020-12-12,"34","25  day ahead inc hosp",2021-01-06,"quantile",0.2,430.765645568088
"26940",2020-12-12,"34","25  day ahead inc hosp",2021-01-06,"quantile",0.25,445.7013539159
"26941",2020-12-12,"34","25  day ahead inc hosp",2021-01-06,"quantile",0.3,459.114081619707
"26942",2020-12-12,"34","25  day ahead inc hosp",2021-01-06,"quantile",0.35,471.542972733301
"26943",2020-12-12,"34","25  day ahead inc hosp",2021-01-06,"quantile",0.4,483.33677497619
"26944",2020-12-12,"34","25  day ahead inc hosp",2021-01-06,"quantile",0.45,494.747415134746
"26945",2020-12-12,"34","25  day ahead inc hosp",2021-01-06,"quantile",0.5,505.977143904573
"26946",2020-12-12,"34","25  day ahead inc hosp",2021-01-06,"quantile",0.55,517.206872674399
"26947",2020-12-12,"34","25  day ahead inc hosp",2021-01-06,"quantile",0.6,528.617512832955
"26948",2020-12-12,"34","25  day ahead inc hosp",2021-01-06,"quantile",0.65,540.411315075844
"26949",2020-12-12,"34","25  day ahead inc hosp",2021-01-06,"quantile",0.7,552.840206189438
"26950",2020-12-12,"34","25  day ahead inc hosp",2021-01-06,"quantile",0.75,566.252933893245
"26951",2020-12-12,"34","25  day ahead inc hosp",2021-01-06,"quantile",0.8,581.188642241057
"26952",2020-12-12,"34","25  day ahead inc hosp",2021-01-06,"quantile",0.85,598.598034443257
"26953",2020-12-12,"34","25  day ahead inc hosp",2021-01-06,"quantile",0.9,620.503025138445
"26954",2020-12-12,"34","25  day ahead inc hosp",2021-01-06,"quantile",0.95,652.969521107356
"26955",2020-12-12,"34","25  day ahead inc hosp",2021-01-06,"quantile",0.975,681.129364502668
"26956",2020-12-12,"34","25  day ahead inc hosp",2021-01-06,"quantile",0.99,713.871268100702
"26957",2020-12-12,"34","26  day ahead inc hosp",2021-01-07,"quantile",0.01,296.692246531854
"26958",2020-12-12,"34","26  day ahead inc hosp",2021-01-07,"quantile",0.025,330.771322844035
"26959",2020-12-12,"34","26  day ahead inc hosp",2021-01-07,"quantile",0.05,360.08120854248
"26960",2020-12-12,"34","26  day ahead inc hosp",2021-01-07,"quantile",0.1,393.873629633721
"26961",2020-12-12,"34","26  day ahead inc hosp",2021-01-07,"quantile",0.15,416.673215714103
"26962",2020-12-12,"34","26  day ahead inc hosp",2021-01-07,"quantile",0.2,434.793603969203
"26963",2020-12-12,"34","26  day ahead inc hosp",2021-01-07,"quantile",0.25,450.339283622115
"26964",2020-12-12,"34","26  day ahead inc hosp",2021-01-07,"quantile",0.3,464.299784409858
"26965",2020-12-12,"34","26  day ahead inc hosp",2021-01-07,"quantile",0.35,477.236268920226
"26966",2020-12-12,"34","26  day ahead inc hosp",2021-01-07,"quantile",0.4,489.511727658987
"26967",2020-12-12,"34","26  day ahead inc hosp",2021-01-07,"quantile",0.45,501.388376051465
"26968",2020-12-12,"34","26  day ahead inc hosp",2021-01-07,"quantile",0.5,513.076724670725
"26969",2020-12-12,"34","26  day ahead inc hosp",2021-01-07,"quantile",0.55,524.765073289985
"26970",2020-12-12,"34","26  day ahead inc hosp",2021-01-07,"quantile",0.6,536.641721682463
"26971",2020-12-12,"34","26  day ahead inc hosp",2021-01-07,"quantile",0.65,548.917180421224
"26972",2020-12-12,"34","26  day ahead inc hosp",2021-01-07,"quantile",0.7,561.853664931592
"26973",2020-12-12,"34","26  day ahead inc hosp",2021-01-07,"quantile",0.75,575.814165719335
"26974",2020-12-12,"34","26  day ahead inc hosp",2021-01-07,"quantile",0.8,591.359845372247
"26975",2020-12-12,"34","26  day ahead inc hosp",2021-01-07,"quantile",0.85,609.480233627347
"26976",2020-12-12,"34","26  day ahead inc hosp",2021-01-07,"quantile",0.9,632.279819707729
"26977",2020-12-12,"34","26  day ahead inc hosp",2021-01-07,"quantile",0.95,666.07224079897
"26978",2020-12-12,"34","26  day ahead inc hosp",2021-01-07,"quantile",0.975,695.382126497415
"26979",2020-12-12,"34","26  day ahead inc hosp",2021-01-07,"quantile",0.99,729.461202809596
"26980",2020-12-12,"34","27  day ahead inc hosp",2021-01-08,"quantile",0.01,295.178948463737
"26981",2020-12-12,"34","27  day ahead inc hosp",2021-01-08,"quantile",0.025,330.614494323019
"26982",2020-12-12,"34","27  day ahead inc hosp",2021-01-08,"quantile",0.05,361.091018665503
"26983",2020-12-12,"34","27  day ahead inc hosp",2021-01-08,"quantile",0.1,396.228499397245
"26984",2020-12-12,"34","27  day ahead inc hosp",2021-01-08,"quantile",0.15,419.935590831388
"26985",2020-12-12,"34","27  day ahead inc hosp",2021-01-08,"quantile",0.2,438.777235573152
"26986",2020-12-12,"34","27  day ahead inc hosp",2021-01-08,"quantile",0.25,454.941689069726
"26987",2020-12-12,"34","27  day ahead inc hosp",2021-01-08,"quantile",0.3,469.457867893087
"26988",2020-12-12,"34","27  day ahead inc hosp",2021-01-08,"quantile",0.35,482.909270916038
"26989",2020-12-12,"34","27  day ahead inc hosp",2021-01-08,"quantile",0.4,495.673336969249
"26990",2020-12-12,"34","27  day ahead inc hosp",2021-01-08,"quantile",0.45,508.022718593064
"26991",2020-12-12,"34","27  day ahead inc hosp",2021-01-08,"quantile",0.5,520.176305436877
"26992",2020-12-12,"34","27  day ahead inc hosp",2021-01-08,"quantile",0.55,532.329892280691
"26993",2020-12-12,"34","27  day ahead inc hosp",2021-01-08,"quantile",0.6,544.679273904506
"26994",2020-12-12,"34","27  day ahead inc hosp",2021-01-08,"quantile",0.65,557.443339957716
"26995",2020-12-12,"34","27  day ahead inc hosp",2021-01-08,"quantile",0.7,570.894742980667
"26996",2020-12-12,"34","27  day ahead inc hosp",2021-01-08,"quantile",0.75,585.410921804028
"26997",2020-12-12,"34","27  day ahead inc hosp",2021-01-08,"quantile",0.8,601.575375300603
"26998",2020-12-12,"34","27  day ahead inc hosp",2021-01-08,"quantile",0.85,620.417020042367
"26999",2020-12-12,"34","27  day ahead inc hosp",2021-01-08,"quantile",0.9,644.12411147651
"27000",2020-12-12,"34","27  day ahead inc hosp",2021-01-08,"quantile",0.95,679.261592208252
"27001",2020-12-12,"34","27  day ahead inc hosp",2021-01-08,"quantile",0.975,709.738116550736
"27002",2020-12-12,"34","27  day ahead inc hosp",2021-01-08,"quantile",0.99,745.173662410017
"27003",2020-12-12,"34","28  day ahead inc hosp",2021-01-09,"quantile",0.01,293.545192666295
"27004",2020-12-12,"34","28  day ahead inc hosp",2021-01-09,"quantile",0.025,330.356179341714
"27005",2020-12-12,"34","28  day ahead inc hosp",2021-01-09,"quantile",0.05,362.015658666213
"27006",2020-12-12,"34","28  day ahead inc hosp",2021-01-09,"quantile",0.1,398.51701073118
"27007",2020-12-12,"34","28  day ahead inc hosp",2021-01-09,"quantile",0.15,423.144299678856
"27008",2020-12-12,"34","28  day ahead inc hosp",2021-01-09,"quantile",0.2,442.717288233522
"27009",2020-12-12,"34","28  day ahead inc hosp",2021-01-09,"quantile",0.25,459.509169601478
"27010",2020-12-12,"34","28  day ahead inc hosp",2021-01-09,"quantile",0.3,474.588798044813
"27011",2020-12-12,"34","28  day ahead inc hosp",2021-01-09,"quantile",0.35,488.56232111145
"27012",2020-12-12,"34","28  day ahead inc hosp",2021-01-09,"quantile",0.4,501.821828027888
"27013",2020-12-12,"34","28  day ahead inc hosp",2021-01-09,"quantile",0.45,514.650554420565
"27014",2020-12-12,"34","28  day ahead inc hosp",2021-01-09,"quantile",0.5,527.27588620303
"27015",2020-12-12,"34","28  day ahead inc hosp",2021-01-09,"quantile",0.55,539.901217985494
"27016",2020-12-12,"34","28  day ahead inc hosp",2021-01-09,"quantile",0.6,552.729944378171
"27017",2020-12-12,"34","28  day ahead inc hosp",2021-01-09,"quantile",0.65,565.98945129461
"27018",2020-12-12,"34","28  day ahead inc hosp",2021-01-09,"quantile",0.7,579.962974361246
"27019",2020-12-12,"34","28  day ahead inc hosp",2021-01-09,"quantile",0.75,595.042602804582
"27020",2020-12-12,"34","28  day ahead inc hosp",2021-01-09,"quantile",0.8,611.834484172538
"27021",2020-12-12,"34","28  day ahead inc hosp",2021-01-09,"quantile",0.85,631.407472727204
"27022",2020-12-12,"34","28  day ahead inc hosp",2021-01-09,"quantile",0.9,656.03476167488
"27023",2020-12-12,"34","28  day ahead inc hosp",2021-01-09,"quantile",0.95,692.536113739847
"27024",2020-12-12,"34","28  day ahead inc hosp",2021-01-09,"quantile",0.975,724.195593064346
"27025",2020-12-12,"34","28  day ahead inc hosp",2021-01-09,"quantile",0.99,761.006579739764
"27026",2020-12-12,"34","29  day ahead inc hosp",2021-01-10,"quantile",0.01,205.807160603779
"27027",2020-12-12,"34","29  day ahead inc hosp",2021-01-10,"quantile",0.025,244.01225209618
"27028",2020-12-12,"34","29  day ahead inc hosp",2021-01-10,"quantile",0.05,276.870738473073
"27029",2020-12-12,"34","29  day ahead inc hosp",2021-01-10,"quantile",0.1,314.754468880377
"27030",2020-12-12,"34","29  day ahead inc hosp",2021-01-10,"quantile",0.15,340.314441932771
"27031",2020-12-12,"34","29  day ahead inc hosp",2021-01-10,"quantile",0.2,360.628698247179
"27032",2020-12-12,"34","29  day ahead inc hosp",2021-01-10,"quantile",0.25,378.056521349262
"27033",2020-12-12,"34","29  day ahead inc hosp",2021-01-10,"quantile",0.3,393.707245124448
"27034",2020-12-12,"34","29  day ahead inc hosp",2021-01-10,"quantile",0.35,408.209973126263
"27035",2020-12-12,"34","29  day ahead inc hosp",2021-01-10,"quantile",0.4,421.971643775121
"27036",2020-12-12,"34","29  day ahead inc hosp",2021-01-10,"quantile",0.45,435.286219390409
"27037",2020-12-12,"34","29  day ahead inc hosp",2021-01-10,"quantile",0.5,448.389697439615
"27038",2020-12-12,"34","29  day ahead inc hosp",2021-01-10,"quantile",0.55,461.493175488822
"27039",2020-12-12,"34","29  day ahead inc hosp",2021-01-10,"quantile",0.6,474.807751104109
"27040",2020-12-12,"34","29  day ahead inc hosp",2021-01-10,"quantile",0.65,488.569421752968
"27041",2020-12-12,"34","29  day ahead inc hosp",2021-01-10,"quantile",0.7,503.072149754783
"27042",2020-12-12,"34","29  day ahead inc hosp",2021-01-10,"quantile",0.75,518.722873529969
"27043",2020-12-12,"34","29  day ahead inc hosp",2021-01-10,"quantile",0.8,536.150696632051
"27044",2020-12-12,"34","29  day ahead inc hosp",2021-01-10,"quantile",0.85,556.46495294646
"27045",2020-12-12,"34","29  day ahead inc hosp",2021-01-10,"quantile",0.9,582.024925998854
"27046",2020-12-12,"34","29  day ahead inc hosp",2021-01-10,"quantile",0.95,619.908656406158
"27047",2020-12-12,"34","29  day ahead inc hosp",2021-01-10,"quantile",0.975,652.767142783051
"27048",2020-12-12,"34","29  day ahead inc hosp",2021-01-10,"quantile",0.99,690.972234275452
"27049",2020-12-12,"34","30  day ahead inc hosp",2021-01-11,"quantile",0.01,203.938237055019
"27050",2020-12-12,"34","30  day ahead inc hosp",2021-01-11,"quantile",0.025,243.555806677011
"27051",2020-12-12,"34","30  day ahead inc hosp",2021-01-11,"quantile",0.05,277.629102168758
"27052",2020-12-12,"34","30  day ahead inc hosp",2021-01-11,"quantile",0.1,316.913429684389
"27053",2020-12-12,"34","30  day ahead inc hosp",2021-01-11,"quantile",0.15,343.418378956422
"27054",2020-12-12,"34","30  day ahead inc hosp",2021-01-11,"quantile",0.2,364.483672413843
"27055",2020-12-12,"34","30  day ahead inc hosp",2021-01-11,"quantile",0.25,382.555818511015
"27056",2020-12-12,"34","30  day ahead inc hosp",2021-01-11,"quantile",0.3,398.785164249431
"27057",2020-12-12,"34","30  day ahead inc hosp",2021-01-11,"quantile",0.35,413.824071732089
"27058",2020-12-12,"34","30  day ahead inc hosp",2021-01-11,"quantile",0.4,428.094524275162
"27059",2020-12-12,"34","30  day ahead inc hosp",2021-01-11,"quantile",0.45,441.901352261187
"27060",2020-12-12,"34","30  day ahead inc hosp",2021-01-11,"quantile",0.5,455.489278205768
"27061",2020-12-12,"34","30  day ahead inc hosp",2021-01-11,"quantile",0.55,469.077204150348
"27062",2020-12-12,"34","30  day ahead inc hosp",2021-01-11,"quantile",0.6,482.884032136374
"27063",2020-12-12,"34","30  day ahead inc hosp",2021-01-11,"quantile",0.65,497.154484679447
"27064",2020-12-12,"34","30  day ahead inc hosp",2021-01-11,"quantile",0.7,512.193392162105
"27065",2020-12-12,"34","30  day ahead inc hosp",2021-01-11,"quantile",0.75,528.422737900521
"27066",2020-12-12,"34","30  day ahead inc hosp",2021-01-11,"quantile",0.8,546.494883997693
"27067",2020-12-12,"34","30  day ahead inc hosp",2021-01-11,"quantile",0.85,567.560177455114
"27068",2020-12-12,"34","30  day ahead inc hosp",2021-01-11,"quantile",0.9,594.065126727147
"27069",2020-12-12,"34","30  day ahead inc hosp",2021-01-11,"quantile",0.95,633.349454242778
"27070",2020-12-12,"34","30  day ahead inc hosp",2021-01-11,"quantile",0.975,667.422749734525
"27071",2020-12-12,"34","30  day ahead inc hosp",2021-01-11,"quantile",0.99,707.040319356516
"27072",2020-12-12,"34","31  day ahead inc hosp",2021-01-12,"quantile",0.01,201.954402482385
"27073",2020-12-12,"34","31  day ahead inc hosp",2021-01-12,"quantile",0.025,243.002547934806
"27074",2020-12-12,"34","31  day ahead inc hosp",2021-01-12,"quantile",0.05,278.306217562542
"27075",2020-12-12,"34","31  day ahead inc hosp",2021-01-12,"quantile",0.1,319.009087659022
"27076",2020-12-12,"34","31  day ahead inc hosp",2021-01-12,"quantile",0.15,346.471120875808
"27077",2020-12-12,"34","31  day ahead inc hosp",2021-01-12,"quantile",0.2,368.297074312341
"27078",2020-12-12,"34","31  day ahead inc hosp",2021-01-12,"quantile",0.25,387.021798941142
"27079",2020-12-12,"34","31  day ahead inc hosp",2021-01-12,"quantile",0.3,403.837180369748
"27080",2020-12-12,"34","31  day ahead inc hosp",2021-01-12,"quantile",0.35,419.419137256144
"27081",2020-12-12,"34","31  day ahead inc hosp",2021-01-12,"quantile",0.4,434.204890578448
"27082",2020-12-12,"34","31  day ahead inc hosp",2021-01-12,"quantile",0.45,448.510278031906
"27083",2020-12-12,"34","31  day ahead inc hosp",2021-01-12,"quantile",0.5,462.58885897192
"27084",2020-12-12,"34","31  day ahead inc hosp",2021-01-12,"quantile",0.55,476.667439911935
"27085",2020-12-12,"34","31  day ahead inc hosp",2021-01-12,"quantile",0.6,490.972827365393
"27086",2020-12-12,"34","31  day ahead inc hosp",2021-01-12,"quantile",0.65,505.758580687696
"27087",2020-12-12,"34","31  day ahead inc hosp",2021-01-12,"quantile",0.7,521.340537574092
"27088",2020-12-12,"34","31  day ahead inc hosp",2021-01-12,"quantile",0.75,538.155919002699
"27089",2020-12-12,"34","31  day ahead inc hosp",2021-01-12,"quantile",0.8,556.880643631499
"27090",2020-12-12,"34","31  day ahead inc hosp",2021-01-12,"quantile",0.85,578.706597068032
"27091",2020-12-12,"34","31  day ahead inc hosp",2021-01-12,"quantile",0.9,606.168630284818
"27092",2020-12-12,"34","31  day ahead inc hosp",2021-01-12,"quantile",0.95,646.871500381299
"27093",2020-12-12,"34","31  day ahead inc hosp",2021-01-12,"quantile",0.975,682.175170009034
"27094",2020-12-12,"34","31  day ahead inc hosp",2021-01-12,"quantile",0.99,723.223315461456
"27095",2020-12-12,"34","32  day ahead inc hosp",2021-01-13,"quantile",0.01,199.857319546376
"27096",2020-12-12,"34","32  day ahead inc hosp",2021-01-13,"quantile",0.025,242.353876672403
"27097",2020-12-12,"34","32  day ahead inc hosp",2021-01-13,"quantile",0.05,278.903260245223
"27098",2020-12-12,"34","32  day ahead inc hosp",2021-01-13,"quantile",0.1,321.04235874002
"27099",2020-12-12,"34","32  day ahead inc hosp",2021-01-13,"quantile",0.15,349.473408438641
"27100",2020-12-12,"34","32  day ahead inc hosp",2021-01-13,"quantile",0.2,372.069505456488
"27101",2020-12-12,"34","32  day ahead inc hosp",2021-01-13,"quantile",0.25,391.454944703172
"27102",2020-12-12,"34","32  day ahead inc hosp",2021-01-13,"quantile",0.3,408.863668278881
"27103",2020-12-12,"34","32  day ahead inc hosp",2021-01-13,"quantile",0.35,424.995445090224
"27104",2020-12-12,"34","32  day ahead inc hosp",2021-01-13,"quantile",0.4,440.302923754295
"27105",2020-12-12,"34","32  day ahead inc hosp",2021-01-13,"quantile",0.45,455.113086513791
"27106",2020-12-12,"34","32  day ahead inc hosp",2021-01-13,"quantile",0.5,469.688439738073
"27107",2020-12-12,"34","32  day ahead inc hosp",2021-01-13,"quantile",0.55,484.263792962354
"27108",2020-12-12,"34","32  day ahead inc hosp",2021-01-13,"quantile",0.6,499.07395572185
"27109",2020-12-12,"34","32  day ahead inc hosp",2021-01-13,"quantile",0.65,514.381434385921
"27110",2020-12-12,"34","32  day ahead inc hosp",2021-01-13,"quantile",0.7,530.513211197264
"27111",2020-12-12,"34","32  day ahead inc hosp",2021-01-13,"quantile",0.75,547.921934772973
"27112",2020-12-12,"34","32  day ahead inc hosp",2021-01-13,"quantile",0.8,567.307374019657
"27113",2020-12-12,"34","32  day ahead inc hosp",2021-01-13,"quantile",0.85,589.903471037504
"27114",2020-12-12,"34","32  day ahead inc hosp",2021-01-13,"quantile",0.9,618.334520736125
"27115",2020-12-12,"34","32  day ahead inc hosp",2021-01-13,"quantile",0.95,660.473619230922
"27116",2020-12-12,"34","32  day ahead inc hosp",2021-01-13,"quantile",0.975,697.023002803742
"27117",2020-12-12,"34","32  day ahead inc hosp",2021-01-13,"quantile",0.99,739.519559929769
"27118",2020-12-12,"34","33  day ahead inc hosp",2021-01-14,"quantile",0.01,197.648570987605
"27119",2020-12-12,"34","33  day ahead inc hosp",2021-01-14,"quantile",0.025,241.611126359584
"27120",2020-12-12,"34","33  day ahead inc hosp",2021-01-14,"quantile",0.05,279.421349299921
"27121",2020-12-12,"34","33  day ahead inc hosp",2021-01-14,"quantile",0.1,323.014114836408
"27122",2020-12-12,"34","33  day ahead inc hosp",2021-01-14,"quantile",0.15,352.425946786757
"27123",2020-12-12,"34","33  day ahead inc hosp",2021-01-14,"quantile",0.2,375.801538446848
"27124",2020-12-12,"34","33  day ahead inc hosp",2021-01-14,"quantile",0.25,395.855714689058
"27125",2020-12-12,"34","33  day ahead inc hosp",2021-01-14,"quantile",0.3,413.864984754935
"27126",2020-12-12,"34","33  day ahead inc hosp",2021-01-14,"quantile",0.35,430.553257388738
"27127",2020-12-12,"34","33  day ahead inc hosp",2021-01-14,"quantile",0.4,446.388796168477
"27128",2020-12-12,"34","33  day ahead inc hosp",2021-01-14,"quantile",0.45,461.709863201072
"27129",2020-12-12,"34","33  day ahead inc hosp",2021-01-14,"quantile",0.5,476.788020504225
"27130",2020-12-12,"34","33  day ahead inc hosp",2021-01-14,"quantile",0.55,491.866177807378
"27131",2020-12-12,"34","33  day ahead inc hosp",2021-01-14,"quantile",0.6,507.187244839973
"27132",2020-12-12,"34","33  day ahead inc hosp",2021-01-14,"quantile",0.65,523.022783619712
"27133",2020-12-12,"34","33  day ahead inc hosp",2021-01-14,"quantile",0.7,539.711056253515
"27134",2020-12-12,"34","33  day ahead inc hosp",2021-01-14,"quantile",0.75,557.720326319392
"27135",2020-12-12,"34","33  day ahead inc hosp",2021-01-14,"quantile",0.8,577.774502561602
"27136",2020-12-12,"34","33  day ahead inc hosp",2021-01-14,"quantile",0.85,601.150094221693
"27137",2020-12-12,"34","33  day ahead inc hosp",2021-01-14,"quantile",0.9,630.561926172042
"27138",2020-12-12,"34","33  day ahead inc hosp",2021-01-14,"quantile",0.95,674.154691708529
"27139",2020-12-12,"34","33  day ahead inc hosp",2021-01-14,"quantile",0.975,711.964914648866
"27140",2020-12-12,"34","33  day ahead inc hosp",2021-01-14,"quantile",0.99,755.927470020845
"27141",2020-12-12,"34","34  day ahead inc hosp",2021-01-15,"quantile",0.01,195.329666192013
"27142",2020-12-12,"34","34  day ahead inc hosp",2021-01-15,"quantile",0.025,240.775568664323
"27143",2020-12-12,"34","34  day ahead inc hosp",2021-01-15,"quantile",0.05,279.861551944041
"27144",2020-12-12,"34","34  day ahead inc hosp",2021-01-15,"quantile",0.1,324.92518744718
"27145",2020-12-12,"34","34  day ahead inc hosp",2021-01-15,"quantile",0.15,355.329408381059
"27146",2020-12-12,"34","34  day ahead inc hosp",2021-01-15,"quantile",0.2,379.493719345888
"27147",2020-12-12,"34","34  day ahead inc hosp",2021-01-15,"quantile",0.25,400.224546522665
"27148",2020-12-12,"34","34  day ahead inc hosp",2021-01-15,"quantile",0.3,418.84147004056
"27149",2020-12-12,"34","34  day ahead inc hosp",2021-01-15,"quantile",0.35,436.092824156124
"27150",2020-12-12,"34","34  day ahead inc hosp",2021-01-15,"quantile",0.4,452.462672198197
"27151",2020-12-12,"34","34  day ahead inc hosp",2021-01-15,"quantile",0.45,468.30068962561
"27152",2020-12-12,"34","34  day ahead inc hosp",2021-01-15,"quantile",0.5,483.887601270377
"27153",2020-12-12,"34","34  day ahead inc hosp",2021-01-15,"quantile",0.55,499.474512915144
"27154",2020-12-12,"34","34  day ahead inc hosp",2021-01-15,"quantile",0.6,515.312530342558
"27155",2020-12-12,"34","34  day ahead inc hosp",2021-01-15,"quantile",0.65,531.682378384631
"27156",2020-12-12,"34","34  day ahead inc hosp",2021-01-15,"quantile",0.7,548.933732500195
"27157",2020-12-12,"34","34  day ahead inc hosp",2021-01-15,"quantile",0.75,567.55065601809
"27158",2020-12-12,"34","34  day ahead inc hosp",2021-01-15,"quantile",0.8,588.281483194867
"27159",2020-12-12,"34","34  day ahead inc hosp",2021-01-15,"quantile",0.85,612.445794159696
"27160",2020-12-12,"34","34  day ahead inc hosp",2021-01-15,"quantile",0.9,642.850015093575
"27161",2020-12-12,"34","34  day ahead inc hosp",2021-01-15,"quantile",0.95,687.913650596714
"27162",2020-12-12,"34","34  day ahead inc hosp",2021-01-15,"quantile",0.975,726.999633876432
"27163",2020-12-12,"34","34  day ahead inc hosp",2021-01-15,"quantile",0.99,772.445536348742
"27164",2020-12-12,"34","35  day ahead inc hosp",2021-01-16,"quantile",0.01,192.902047026186
"27165",2020-12-12,"34","35  day ahead inc hosp",2021-01-16,"quantile",0.025,239.848418369073
"27166",2020-12-12,"34","35  day ahead inc hosp",2021-01-16,"quantile",0.05,280.224887655154
"27167",2020-12-12,"34","35  day ahead inc hosp",2021-01-16,"quantile",0.1,326.776370875888
"27168",2020-12-12,"34","35  day ahead inc hosp",2021-01-16,"quantile",0.15,358.184435601256
"27169",2020-12-12,"34","35  day ahead inc hosp",2021-01-16,"quantile",0.2,383.146569789064
"27170",2020-12-12,"34","35  day ahead inc hosp",2021-01-16,"quantile",0.25,404.56185825163
"27171",2020-12-12,"34","35  day ahead inc hosp",2021-01-16,"quantile",0.3,423.793449158329
"27172",2020-12-12,"34","35  day ahead inc hosp",2021-01-16,"quantile",0.35,441.614384213373
"27173",2020-12-12,"34","35  day ahead inc hosp",2021-01-16,"quantile",0.4,458.524708867571
"27174",2020-12-12,"34","35  day ahead inc hosp",2021-01-16,"quantile",0.45,474.885643672101
"27175",2020-12-12,"34","35  day ahead inc hosp",2021-01-16,"quantile",0.5,490.98718203653
"27176",2020-12-12,"34","35  day ahead inc hosp",2021-01-16,"quantile",0.55,507.088720400959
"27177",2020-12-12,"34","35  day ahead inc hosp",2021-01-16,"quantile",0.6,523.449655205488
"27178",2020-12-12,"34","35  day ahead inc hosp",2021-01-16,"quantile",0.65,540.359979859686
"27179",2020-12-12,"34","35  day ahead inc hosp",2021-01-16,"quantile",0.7,558.18091491473
"27180",2020-12-12,"34","35  day ahead inc hosp",2021-01-16,"quantile",0.75,577.412505821429
"27181",2020-12-12,"34","35  day ahead inc hosp",2021-01-16,"quantile",0.8,598.827794283995
"27182",2020-12-12,"34","35  day ahead inc hosp",2021-01-16,"quantile",0.85,623.789928471804
"27183",2020-12-12,"34","35  day ahead inc hosp",2021-01-16,"quantile",0.9,655.197993197171
"27184",2020-12-12,"34","35  day ahead inc hosp",2021-01-16,"quantile",0.95,701.749476417905
"27185",2020-12-12,"34","35  day ahead inc hosp",2021-01-16,"quantile",0.975,742.125945703987
"27186",2020-12-12,"34","35  day ahead inc hosp",2021-01-16,"quantile",0.99,789.072317046874
"27187",2020-12-12,"34","36  day ahead inc hosp",2021-01-17,"quantile",0.01,186.447131787998
"27188",2020-12-12,"34","36  day ahead inc hosp",2021-01-17,"quantile",0.025,234.91087650188
"27189",2020-12-12,"34","36  day ahead inc hosp",2021-01-17,"quantile",0.05,276.59237059727
"27190",2020-12-12,"34","36  day ahead inc hosp",2021-01-17,"quantile",0.1,324.648463844274
"27191",2020-12-12,"34","36  day ahead inc hosp",2021-01-17,"quantile",0.15,357.071681811213
"27192",2020-12-12,"34","36  day ahead inc hosp",2021-01-17,"quantile",0.2,382.84062761441
"27193",2020-12-12,"34","36  day ahead inc hosp",2021-01-17,"quantile",0.25,404.948088603111
"27194",2020-12-12,"34","36  day ahead inc hosp",2021-01-17,"quantile",0.3,424.80127183077
"27195",2020-12-12,"34","36  day ahead inc hosp",2021-01-17,"quantile",0.35,443.198204806958
"27196",2020-12-12,"34","36  day ahead inc hosp",2021-01-17,"quantile",0.4,460.655095161362
"27197",2020-12-12,"34","36  day ahead inc hosp",2021-01-17,"quantile",0.45,477.544838606195
"27198",2020-12-12,"34","36  day ahead inc hosp",2021-01-17,"quantile",0.5,494.16680154972
"27199",2020-12-12,"34","36  day ahead inc hosp",2021-01-17,"quantile",0.55,510.788764493246
"27200",2020-12-12,"34","36  day ahead inc hosp",2021-01-17,"quantile",0.6,527.678507938078
"27201",2020-12-12,"34","36  day ahead inc hosp",2021-01-17,"quantile",0.65,545.135398292482
"27202",2020-12-12,"34","36  day ahead inc hosp",2021-01-17,"quantile",0.7,563.53233126867
"27203",2020-12-12,"34","36  day ahead inc hosp",2021-01-17,"quantile",0.75,583.38551449633
"27204",2020-12-12,"34","36  day ahead inc hosp",2021-01-17,"quantile",0.8,605.492975485031
"27205",2020-12-12,"34","36  day ahead inc hosp",2021-01-17,"quantile",0.85,631.261921288228
"27206",2020-12-12,"34","36  day ahead inc hosp",2021-01-17,"quantile",0.9,663.685139255167
"27207",2020-12-12,"34","36  day ahead inc hosp",2021-01-17,"quantile",0.95,711.74123250217
"27208",2020-12-12,"34","36  day ahead inc hosp",2021-01-17,"quantile",0.975,753.42272659756
"27209",2020-12-12,"34","36  day ahead inc hosp",2021-01-17,"quantile",0.99,801.886471311443
"27210",2020-12-12,"34","37  day ahead inc hosp",2021-01-18,"quantile",0.01,183.806164873496
"27211",2020-12-12,"34","37  day ahead inc hosp",2021-01-18,"quantile",0.025,233.803979270133
"27212",2020-12-12,"34","37  day ahead inc hosp",2021-01-18,"quantile",0.05,276.804857924044
"27213",2020-12-12,"34","37  day ahead inc hosp",2021-01-18,"quantile",0.1,326.382117068506
"27214",2020-12-12,"34","37  day ahead inc hosp",2021-01-18,"quantile",0.15,359.831658444708
"27215",2020-12-12,"34","37  day ahead inc hosp",2021-01-18,"quantile",0.2,386.416293558473
"27216",2020-12-12,"34","37  day ahead inc hosp",2021-01-18,"quantile",0.25,409.223543345288
"27217",2020-12-12,"34","37  day ahead inc hosp",2021-01-18,"quantile",0.3,429.705158541536
"27218",2020-12-12,"34","37  day ahead inc hosp",2021-01-18,"quantile",0.35,448.684427391707
"27219",2020-12-12,"34","37  day ahead inc hosp",2021-01-18,"quantile",0.4,466.693897543771
"27220",2020-12-12,"34","37  day ahead inc hosp",2021-01-18,"quantile",0.45,484.118268337794
"27221",2020-12-12,"34","37  day ahead inc hosp",2021-01-18,"quantile",0.5,501.266382315873
"27222",2020-12-12,"34","37  day ahead inc hosp",2021-01-18,"quantile",0.55,518.414496293951
"27223",2020-12-12,"34","37  day ahead inc hosp",2021-01-18,"quantile",0.6,535.838867087974
"27224",2020-12-12,"34","37  day ahead inc hosp",2021-01-18,"quantile",0.65,553.848337240038
"27225",2020-12-12,"34","37  day ahead inc hosp",2021-01-18,"quantile",0.7,572.827606090209
"27226",2020-12-12,"34","37  day ahead inc hosp",2021-01-18,"quantile",0.75,593.309221286457
"27227",2020-12-12,"34","37  day ahead inc hosp",2021-01-18,"quantile",0.8,616.116471073272
"27228",2020-12-12,"34","37  day ahead inc hosp",2021-01-18,"quantile",0.85,642.701106187037
"27229",2020-12-12,"34","37  day ahead inc hosp",2021-01-18,"quantile",0.9,676.15064756324
"27230",2020-12-12,"34","37  day ahead inc hosp",2021-01-18,"quantile",0.95,725.727906707701
"27231",2020-12-12,"34","37  day ahead inc hosp",2021-01-18,"quantile",0.975,768.728785361612
"27232",2020-12-12,"34","37  day ahead inc hosp",2021-01-18,"quantile",0.99,818.726599758249
"27233",2020-12-12,"35","1  day ahead inc hosp",2020-12-13,"quantile",0.01,41.959693026533
"27234",2020-12-12,"35","1  day ahead inc hosp",2020-12-13,"quantile",0.025,48.7910209695872
"27235",2020-12-12,"35","1  day ahead inc hosp",2020-12-13,"quantile",0.05,54.6663398704093
"27236",2020-12-12,"35","1  day ahead inc hosp",2020-12-13,"quantile",0.1,61.4402062847856
"27237",2020-12-12,"35","1  day ahead inc hosp",2020-12-13,"quantile",0.15,66.0105017955624
"27238",2020-12-12,"35","1  day ahead inc hosp",2020-12-13,"quantile",0.2,69.6428277862118
"27239",2020-12-12,"35","1  day ahead inc hosp",2020-12-13,"quantile",0.25,72.75904005775
"27240",2020-12-12,"35","1  day ahead inc hosp",2020-12-13,"quantile",0.3,75.5574949881804
"27241",2020-12-12,"35","1  day ahead inc hosp",2020-12-13,"quantile",0.35,78.1506805343797
"27242",2020-12-12,"35","1  day ahead inc hosp",2020-12-13,"quantile",0.4,80.6113600295553
"27243",2020-12-12,"35","1  day ahead inc hosp",2020-12-13,"quantile",0.45,82.9920959183495
"27244",2020-12-12,"35","1  day ahead inc hosp",2020-12-13,"quantile",0.5,85.3350861390782
"27245",2020-12-12,"35","1  day ahead inc hosp",2020-12-13,"quantile",0.55,87.6780763598069
"27246",2020-12-12,"35","1  day ahead inc hosp",2020-12-13,"quantile",0.6,90.0588122486011
"27247",2020-12-12,"35","1  day ahead inc hosp",2020-12-13,"quantile",0.65,92.5194917437767
"27248",2020-12-12,"35","1  day ahead inc hosp",2020-12-13,"quantile",0.7,95.1126772899759
"27249",2020-12-12,"35","1  day ahead inc hosp",2020-12-13,"quantile",0.75,97.9111322204064
"27250",2020-12-12,"35","1  day ahead inc hosp",2020-12-13,"quantile",0.8,101.027344491945
"27251",2020-12-12,"35","1  day ahead inc hosp",2020-12-13,"quantile",0.85,104.659670482594
"27252",2020-12-12,"35","1  day ahead inc hosp",2020-12-13,"quantile",0.9,109.229965993371
"27253",2020-12-12,"35","1  day ahead inc hosp",2020-12-13,"quantile",0.95,116.003832407747
"27254",2020-12-12,"35","1  day ahead inc hosp",2020-12-13,"quantile",0.975,121.879151308569
"27255",2020-12-12,"35","1  day ahead inc hosp",2020-12-13,"quantile",0.99,128.710479251623
"27256",2020-12-12,"35","2  day ahead inc hosp",2020-12-14,"quantile",0.01,41.6312278068309
"27257",2020-12-12,"35","2  day ahead inc hosp",2020-12-14,"quantile",0.025,48.6530069058016
"27258",2020-12-12,"35","2  day ahead inc hosp",2020-12-14,"quantile",0.05,54.692124307496
"27259",2020-12-12,"35","2  day ahead inc hosp",2020-12-14,"quantile",0.1,61.6548399030851
"27260",2020-12-12,"35","2  day ahead inc hosp",2020-12-14,"quantile",0.15,66.3525510598626
"27261",2020-12-12,"35","2  day ahead inc hosp",2020-12-14,"quantile",0.2,70.0861429667952
"27262",2020-12-12,"35","2  day ahead inc hosp",2020-12-14,"quantile",0.25,73.2892323776163
"27263",2020-12-12,"35","2  day ahead inc hosp",2020-12-14,"quantile",0.3,76.1657056641736
"27264",2020-12-12,"35","2  day ahead inc hosp",2020-12-14,"quantile",0.35,78.8311868443837
"27265",2020-12-12,"35","2  day ahead inc hosp",2020-12-14,"quantile",0.4,81.3604678264302
"27266",2020-12-12,"35","2  day ahead inc hosp",2020-12-14,"quantile",0.45,83.8075764476905
"27267",2020-12-12,"35","2  day ahead inc hosp",2020-12-14,"quantile",0.5,86.215887086288
"27268",2020-12-12,"35","2  day ahead inc hosp",2020-12-14,"quantile",0.55,88.6241977248854
"27269",2020-12-12,"35","2  day ahead inc hosp",2020-12-14,"quantile",0.6,91.0713063461457
"27270",2020-12-12,"35","2  day ahead inc hosp",2020-12-14,"quantile",0.65,93.6005873281923
"27271",2020-12-12,"35","2  day ahead inc hosp",2020-12-14,"quantile",0.7,96.2660685084024
"27272",2020-12-12,"35","2  day ahead inc hosp",2020-12-14,"quantile",0.75,99.1425417949597
"27273",2020-12-12,"35","2  day ahead inc hosp",2020-12-14,"quantile",0.8,102.345631205781
"27274",2020-12-12,"35","2  day ahead inc hosp",2020-12-14,"quantile",0.85,106.079223112713
"27275",2020-12-12,"35","2  day ahead inc hosp",2020-12-14,"quantile",0.9,110.776934269491
"27276",2020-12-12,"35","2  day ahead inc hosp",2020-12-14,"quantile",0.95,117.73964986508
"27277",2020-12-12,"35","2  day ahead inc hosp",2020-12-14,"quantile",0.975,123.778767266774
"27278",2020-12-12,"35","2  day ahead inc hosp",2020-12-14,"quantile",0.99,130.800546365745
"27279",2020-12-12,"35","3  day ahead inc hosp",2020-12-15,"quantile",0.01,41.3347064498435
"27280",2020-12-12,"35","3  day ahead inc hosp",2020-12-15,"quantile",0.025,48.5419057646904
"27281",2020-12-12,"35","3  day ahead inc hosp",2020-12-15,"quantile",0.05,54.7404947812762
"27282",2020-12-12,"35","3  day ahead inc hosp",2020-12-15,"quantile",0.1,61.8870709356528
"27283",2020-12-12,"35","3  day ahead inc hosp",2020-12-15,"quantile",0.15,66.7088319385643
"27284",2020-12-12,"35","3  day ahead inc hosp",2020-12-15,"quantile",0.2,70.5410147307439
"27285",2020-12-12,"35","3  day ahead inc hosp",2020-12-15,"quantile",0.25,73.8286863424081
"27286",2020-12-12,"35","3  day ahead inc hosp",2020-12-15,"quantile",0.3,76.7811170594454
"27287",2020-12-12,"35","3  day ahead inc hosp",2020-12-15,"quantile",0.35,79.5169841189152
"27288",2020-12-12,"35","3  day ahead inc hosp",2020-12-15,"quantile",0.4,82.113054417329
"27289",2020-12-12,"35","3  day ahead inc hosp",2020-12-15,"quantile",0.45,84.6247824751212
"27290",2020-12-12,"35","3  day ahead inc hosp",2020-12-15,"quantile",0.5,87.0966880334978
"27291",2020-12-12,"35","3  day ahead inc hosp",2020-12-15,"quantile",0.55,89.5685935918744
"27292",2020-12-12,"35","3  day ahead inc hosp",2020-12-15,"quantile",0.6,92.0803216496666
"27293",2020-12-12,"35","3  day ahead inc hosp",2020-12-15,"quantile",0.65,94.6763919480804
"27294",2020-12-12,"35","3  day ahead inc hosp",2020-12-15,"quantile",0.7,97.4122590075502
"27295",2020-12-12,"35","3  day ahead inc hosp",2020-12-15,"quantile",0.75,100.364689724587
"27296",2020-12-12,"35","3  day ahead inc hosp",2020-12-15,"quantile",0.8,103.652361336252
"27297",2020-12-12,"35","3  day ahead inc hosp",2020-12-15,"quantile",0.85,107.484544128431
"27298",2020-12-12,"35","3  day ahead inc hosp",2020-12-15,"quantile",0.9,112.306305131343
"27299",2020-12-12,"35","3  day ahead inc hosp",2020-12-15,"quantile",0.95,119.452881285719
"27300",2020-12-12,"35","3  day ahead inc hosp",2020-12-15,"quantile",0.975,125.651470302305
"27301",2020-12-12,"35","3  day ahead inc hosp",2020-12-15,"quantile",0.99,132.858669617152
"27302",2020-12-12,"35","4  day ahead inc hosp",2020-12-16,"quantile",0.01,41.0677237514917
"27303",2020-12-12,"35","4  day ahead inc hosp",2020-12-16,"quantile",0.025,48.4556911453773
"27304",2020-12-12,"35","4  day ahead inc hosp",2020-12-16,"quantile",0.05,54.8097506825259
"27305",2020-12-12,"35","4  day ahead inc hosp",2020-12-16,"quantile",0.1,62.1355743901746
"27306",2020-12-12,"35","4  day ahead inc hosp",2020-12-16,"quantile",0.15,67.0782728662991
"27307",2020-12-12,"35","4  day ahead inc hosp",2020-12-16,"quantile",0.2,71.0065729283926
"27308",2020-12-12,"35","4  day ahead inc hosp",2020-12-16,"quantile",0.25,74.3767045991989
"27309",2020-12-12,"35","4  day ahead inc hosp",2020-12-16,"quantile",0.3,77.4031869978809
"27310",2020-12-12,"35","4  day ahead inc hosp",2020-12-16,"quantile",0.35,80.2076739763014
"27311",2020-12-12,"35","4  day ahead inc hosp",2020-12-16,"quantile",0.4,82.8688578674428
"27312",2020-12-12,"35","4  day ahead inc hosp",2020-12-16,"quantile",0.45,85.4435840797525
"27313",2020-12-12,"35","4  day ahead inc hosp",2020-12-16,"quantile",0.5,87.9774889807076
"27314",2020-12-12,"35","4  day ahead inc hosp",2020-12-16,"quantile",0.55,90.5113938816627
"27315",2020-12-12,"35","4  day ahead inc hosp",2020-12-16,"quantile",0.6,93.0861200939723
"27316",2020-12-12,"35","4  day ahead inc hosp",2020-12-16,"quantile",0.65,95.7473039851138
"27317",2020-12-12,"35","4  day ahead inc hosp",2020-12-16,"quantile",0.7,98.5517909635342
"27318",2020-12-12,"35","4  day ahead inc hosp",2020-12-16,"quantile",0.75,101.578273362216
"27319",2020-12-12,"35","4  day ahead inc hosp",2020-12-16,"quantile",0.8,104.948405033023
"27320",2020-12-12,"35","4  day ahead inc hosp",2020-12-16,"quantile",0.85,108.876705095116
"27321",2020-12-12,"35","4  day ahead inc hosp",2020-12-16,"quantile",0.9,113.819403571241
"27322",2020-12-12,"35","4  day ahead inc hosp",2020-12-16,"quantile",0.95,121.145227278889
"27323",2020-12-12,"35","4  day ahead inc hosp",2020-12-16,"quantile",0.975,127.499286816038
"27324",2020-12-12,"35","4  day ahead inc hosp",2020-12-16,"quantile",0.99,134.887254209924
"27325",2020-12-12,"35","5  day ahead inc hosp",2020-12-17,"quantile",0.01,40.828161994946
"27326",2020-12-12,"35","5  day ahead inc hosp",2020-12-17,"quantile",0.025,48.392578856959
"27327",2020-12-12,"35","5  day ahead inc hosp",2020-12-17,"quantile",0.05,54.8983946710379
"27328",2020-12-12,"35","5  day ahead inc hosp",2020-12-17,"quantile",0.1,62.3991836469252
"27329",2020-12-12,"35","5  day ahead inc hosp",2020-12-17,"quantile",0.15,67.4599303588808
"27330",2020-12-12,"35","5  day ahead inc hosp",2020-12-17,"quantile",0.2,71.4820514166076
"27331",2020-12-12,"35","5  day ahead inc hosp",2020-12-17,"quantile",0.25,74.9326731476873
"27332",2020-12-12,"35","5  day ahead inc hosp",2020-12-17,"quantile",0.3,78.0314381081449
"27333",2020-12-12,"35","5  day ahead inc hosp",2020-12-17,"quantile",0.35,80.9029056523055
"27334",2020-12-12,"35","5  day ahead inc hosp",2020-12-17,"quantile",0.4,83.6276475502906
"27335",2020-12-12,"35","5  day ahead inc hosp",2020-12-17,"quantile",0.45,86.2638668697722
"27336",2020-12-12,"35","5  day ahead inc hosp",2020-12-17,"quantile",0.5,88.8582899279174
"27337",2020-12-12,"35","5  day ahead inc hosp",2020-12-17,"quantile",0.55,91.4527129860626
"27338",2020-12-12,"35","5  day ahead inc hosp",2020-12-17,"quantile",0.6,94.0889323055443
"27339",2020-12-12,"35","5  day ahead inc hosp",2020-12-17,"quantile",0.65,96.8136742035293
"27340",2020-12-12,"35","5  day ahead inc hosp",2020-12-17,"quantile",0.7,99.6851417476899
"27341",2020-12-12,"35","5  day ahead inc hosp",2020-12-17,"quantile",0.75,102.783906708147
"27342",2020-12-12,"35","5  day ahead inc hosp",2020-12-17,"quantile",0.8,106.234528439227
"27343",2020-12-12,"35","5  day ahead inc hosp",2020-12-17,"quantile",0.85,110.256649496954
"27344",2020-12-12,"35","5  day ahead inc hosp",2020-12-17,"quantile",0.9,115.31739620891
"27345",2020-12-12,"35","5  day ahead inc hosp",2020-12-17,"quantile",0.95,122.818185184797
"27346",2020-12-12,"35","5  day ahead inc hosp",2020-12-17,"quantile",0.975,129.324000998876
"27347",2020-12-12,"35","5  day ahead inc hosp",2020-12-17,"quantile",0.99,136.888417860889
"27348",2020-12-12,"35","6  day ahead inc hosp",2020-12-18,"quantile",0.01,40.6141450262508
"27349",2020-12-12,"35","6  day ahead inc hosp",2020-12-18,"quantile",0.025,48.350988226904
"27350",2020-12-12,"35","6  day ahead inc hosp",2020-12-18,"quantile",0.05,55.0051002046071
"27351",2020-12-12,"35","6  day ahead inc hosp",2020-12-18,"quantile",0.1,62.6768651596898
"27352",2020-12-12,"35","6  day ahead inc hosp",2020-12-18,"quantile",0.15,67.8529685530983
"27353",2020-12-12,"35","6  day ahead inc hosp",2020-12-18,"quantile",0.2,71.9667714443626
"27354",2020-12-12,"35","6  day ahead inc hosp",2020-12-18,"quantile",0.25,75.4960480251123
"27355",2020-12-12,"35","6  day ahead inc hosp",2020-12-18,"quantile",0.3,78.6654474715039
"27356",2020-12-12,"35","6  day ahead inc hosp",2020-12-18,"quantile",0.35,81.602368393525
"27357",2020-12-12,"35","6  day ahead inc hosp",2020-12-18,"quantile",0.4,84.3892191463999
"27358",2020-12-12,"35","6  day ahead inc hosp",2020-12-18,"quantile",0.45,87.0855295017674
"27359",2020-12-12,"35","6  day ahead inc hosp",2020-12-18,"quantile",0.5,89.7390908751272
"27360",2020-12-12,"35","6  day ahead inc hosp",2020-12-18,"quantile",0.55,92.392652248487
"27361",2020-12-12,"35","6  day ahead inc hosp",2020-12-18,"quantile",0.6,95.0889626038545
"27362",2020-12-12,"35","6  day ahead inc hosp",2020-12-18,"quantile",0.65,97.8758133567294
"27363",2020-12-12,"35","6  day ahead inc hosp",2020-12-18,"quantile",0.7,100.812734278751
"27364",2020-12-12,"35","6  day ahead inc hosp",2020-12-18,"quantile",0.75,103.982133725142
"27365",2020-12-12,"35","6  day ahead inc hosp",2020-12-18,"quantile",0.8,107.511410305892
"27366",2020-12-12,"35","6  day ahead inc hosp",2020-12-18,"quantile",0.85,111.625213197156
"27367",2020-12-12,"35","6  day ahead inc hosp",2020-12-18,"quantile",0.9,116.801316590565
"27368",2020-12-12,"35","6  day ahead inc hosp",2020-12-18,"quantile",0.95,124.473081545647
"27369",2020-12-12,"35","6  day ahead inc hosp",2020-12-18,"quantile",0.975,131.12719352335
"27370",2020-12-12,"35","6  day ahead inc hosp",2020-12-18,"quantile",0.99,138.864036724004
"27371",2020-12-12,"35","7  day ahead inc hosp",2020-12-19,"quantile",0.01,40.4240013525737
"27372",2020-12-12,"35","7  day ahead inc hosp",2020-12-19,"quantile",0.025,48.3295110110765
"27373",2020-12-12,"35","7  day ahead inc hosp",2020-12-19,"quantile",0.05,55.1286854474991
"27374",2020-12-12,"35","7  day ahead inc hosp",2020-12-19,"quantile",0.1,62.9676981271214
"27375",2020-12-12,"35","7  day ahead inc hosp",2020-12-19,"quantile",0.15,68.2566427662664
"27376",2020-12-12,"35","7  day ahead inc hosp",2020-12-19,"quantile",0.2,72.4601283025018
"27377",2020-12-12,"35","7  day ahead inc hosp",2020-12-19,"quantile",0.25,76.0663446071426
"27378",2020-12-12,"35","7  day ahead inc hosp",2020-12-19,"quantile",0.3,79.3048383035105
"27379",2020-12-12,"35","7  day ahead inc hosp",2020-12-19,"quantile",0.35,82.3057853452363
"27380",2020-12-12,"35","7  day ahead inc hosp",2020-12-19,"quantile",0.4,85.1533906245832
"27381",2020-12-12,"35","7  day ahead inc hosp",2020-12-19,"quantile",0.45,87.9084816874186
"27382",2020-12-12,"35","7  day ahead inc hosp",2020-12-19,"quantile",0.5,90.619891822337
"27383",2020-12-12,"35","7  day ahead inc hosp",2020-12-19,"quantile",0.55,93.3313019572554
"27384",2020-12-12,"35","7  day ahead inc hosp",2020-12-19,"quantile",0.6,96.0863930200909
"27385",2020-12-12,"35","7  day ahead inc hosp",2020-12-19,"quantile",0.65,98.9339982994377
"27386",2020-12-12,"35","7  day ahead inc hosp",2020-12-19,"quantile",0.7,101.934945341164
"27387",2020-12-12,"35","7  day ahead inc hosp",2020-12-19,"quantile",0.75,105.173439037531
"27388",2020-12-12,"35","7  day ahead inc hosp",2020-12-19,"quantile",0.8,108.779655342172
"27389",2020-12-12,"35","7  day ahead inc hosp",2020-12-19,"quantile",0.85,112.983140878408
"27390",2020-12-12,"35","7  day ahead inc hosp",2020-12-19,"quantile",0.9,118.272085517553
"27391",2020-12-12,"35","7  day ahead inc hosp",2020-12-19,"quantile",0.95,126.111098197175
"27392",2020-12-12,"35","7  day ahead inc hosp",2020-12-19,"quantile",0.975,132.910272633598
"27393",2020-12-12,"35","7  day ahead inc hosp",2020-12-19,"quantile",0.99,140.8157822921
"27394",2020-12-12,"35","8  day ahead inc hosp",2020-12-20,"quantile",0.01,40.2131134111264
"27395",2020-12-12,"35","8  day ahead inc hosp",2020-12-20,"quantile",0.025,48.2837653804452
"27396",2020-12-12,"35","8  day ahead inc hosp",2020-12-20,"quantile",0.05,55.2249713147186
"27397",2020-12-12,"35","8  day ahead inc hosp",2020-12-20,"quantile",0.1,63.2277372151135
"27398",2020-12-12,"35","8  day ahead inc hosp",2020-12-20,"quantile",0.15,68.6271653748936
"27399",2020-12-12,"35","8  day ahead inc hosp",2020-12-20,"quantile",0.2,72.9184597109309
"27400",2020-12-12,"35","8  day ahead inc hosp",2020-12-20,"quantile",0.25,76.600008147158
"27401",2020-12-12,"35","8  day ahead inc hosp",2020-12-20,"quantile",0.3,79.9061524259277
"27402",2020-12-12,"35","8  day ahead inc hosp",2020-12-20,"quantile",0.35,82.9697878142011
"27403",2020-12-12,"35","8  day ahead inc hosp",2020-12-20,"quantile",0.4,85.8768782041147
"27404",2020-12-12,"35","8  day ahead inc hosp",2020-12-20,"quantile",0.45,88.6895217998392
"27405",2020-12-12,"35","8  day ahead inc hosp",2020-12-20,"quantile",0.5,91.4575719939812
"27406",2020-12-12,"35","8  day ahead inc hosp",2020-12-20,"quantile",0.55,94.2256221881232
"27407",2020-12-12,"35","8  day ahead inc hosp",2020-12-20,"quantile",0.6,97.0382657838476
"27408",2020-12-12,"35","8  day ahead inc hosp",2020-12-20,"quantile",0.65,99.9453561737613
"27409",2020-12-12,"35","8  day ahead inc hosp",2020-12-20,"quantile",0.7,103.008991562035
"27410",2020-12-12,"35","8  day ahead inc hosp",2020-12-20,"quantile",0.75,106.315135840804
"27411",2020-12-12,"35","8  day ahead inc hosp",2020-12-20,"quantile",0.8,109.996684277031
"27412",2020-12-12,"35","8  day ahead inc hosp",2020-12-20,"quantile",0.85,114.287978613069
"27413",2020-12-12,"35","8  day ahead inc hosp",2020-12-20,"quantile",0.9,119.687406772849
"27414",2020-12-12,"35","8  day ahead inc hosp",2020-12-20,"quantile",0.95,127.690172673244
"27415",2020-12-12,"35","8  day ahead inc hosp",2020-12-20,"quantile",0.975,134.631378607517
"27416",2020-12-12,"35","8  day ahead inc hosp",2020-12-20,"quantile",0.99,142.702030576836
"27417",2020-12-12,"35","9  day ahead inc hosp",2020-12-21,"quantile",0.01,40.0663761279129
"27418",2020-12-12,"35","9  day ahead inc hosp",2020-12-21,"quantile",0.025,48.2988583452673
"27419",2020-12-12,"35","9  day ahead inc hosp",2020-12-21,"quantile",0.05,55.3792472206811
"27420",2020-12-12,"35","9  day ahead inc hosp",2020-12-21,"quantile",0.1,63.542482138394
"27421",2020-12-12,"35","9  day ahead inc hosp",2020-12-21,"quantile",0.15,69.0501779823302
"27422",2020-12-12,"35","9  day ahead inc hosp",2020-12-21,"quantile",0.2,73.4275200415793
"27423",2020-12-12,"35","9  day ahead inc hosp",2020-12-21,"quantile",0.25,77.1828897624876
"27424",2020-12-12,"35","9  day ahead inc hosp",2020-12-21,"quantile",0.3,80.5553278364437
"27425",2020-12-12,"35","9  day ahead inc hosp",2020-12-21,"quantile",0.35,83.6803943057078
"27426",2020-12-12,"35","9  day ahead inc hosp",2020-12-21,"quantile",0.4,86.6457767841232
"27427",2020-12-12,"35","9  day ahead inc hosp",2020-12-21,"quantile",0.45,89.5148186500818
"27428",2020-12-12,"35","9  day ahead inc hosp",2020-12-21,"quantile",0.5,92.338372941191
"27429",2020-12-12,"35","9  day ahead inc hosp",2020-12-21,"quantile",0.55,95.1619272323001
"27430",2020-12-12,"35","9  day ahead inc hosp",2020-12-21,"quantile",0.6,98.0309690982588
"27431",2020-12-12,"35","9  day ahead inc hosp",2020-12-21,"quantile",0.65,100.996351576674
"27432",2020-12-12,"35","9  day ahead inc hosp",2020-12-21,"quantile",0.7,104.121418045938
"27433",2020-12-12,"35","9  day ahead inc hosp",2020-12-21,"quantile",0.75,107.493856119894
"27434",2020-12-12,"35","9  day ahead inc hosp",2020-12-21,"quantile",0.8,111.249225840803
"27435",2020-12-12,"35","9  day ahead inc hosp",2020-12-21,"quantile",0.85,115.626567900052
"27436",2020-12-12,"35","9  day ahead inc hosp",2020-12-21,"quantile",0.9,121.134263743988
"27437",2020-12-12,"35","9  day ahead inc hosp",2020-12-21,"quantile",0.95,129.297498661701
"27438",2020-12-12,"35","9  day ahead inc hosp",2020-12-21,"quantile",0.975,136.377887537115
"27439",2020-12-12,"35","9  day ahead inc hosp",2020-12-21,"quantile",0.99,144.610369754469
"27440",2020-12-12,"35","10  day ahead inc hosp",2020-12-22,"quantile",0.01,39.9394519836761
"27441",2020-12-12,"35","10  day ahead inc hosp",2020-12-22,"quantile",0.025,48.3306440151008
"27442",2020-12-12,"35","10  day ahead inc hosp",2020-12-22,"quantile",0.05,55.547532086297
"27443",2020-12-12,"35","10  day ahead inc hosp",2020-12-22,"quantile",0.1,63.8681418348077
"27444",2020-12-12,"35","10  day ahead inc hosp",2020-12-22,"quantile",0.15,69.4820177299445
"27445",2020-12-12,"35","10  day ahead inc hosp",2020-12-22,"quantile",0.2,73.9437483279117
"27446",2020-12-12,"35","10  day ahead inc hosp",2020-12-22,"quantile",0.25,77.7715159009421
"27447",2020-12-12,"35","10  day ahead inc hosp",2020-12-22,"quantile",0.3,81.2089694836537
"27448",2020-12-12,"35","10  day ahead inc hosp",2020-12-22,"quantile",0.35,84.3942825110274
"27449",2020-12-12,"35","10  day ahead inc hosp",2020-12-22,"quantile",0.4,87.4168330815649
"27450",2020-12-12,"35","10  day ahead inc hosp",2020-12-22,"quantile",0.45,90.3411857382528
"27451",2020-12-12,"35","10  day ahead inc hosp",2020-12-22,"quantile",0.5,93.2191738884008
"27452",2020-12-12,"35","10  day ahead inc hosp",2020-12-22,"quantile",0.55,96.0971620385488
"27453",2020-12-12,"35","10  day ahead inc hosp",2020-12-22,"quantile",0.6,99.0215146952366
"27454",2020-12-12,"35","10  day ahead inc hosp",2020-12-22,"quantile",0.65,102.044065265774
"27455",2020-12-12,"35","10  day ahead inc hosp",2020-12-22,"quantile",0.7,105.229378293148
"27456",2020-12-12,"35","10  day ahead inc hosp",2020-12-22,"quantile",0.75,108.666831875859
"27457",2020-12-12,"35","10  day ahead inc hosp",2020-12-22,"quantile",0.8,112.49459944889
"27458",2020-12-12,"35","10  day ahead inc hosp",2020-12-22,"quantile",0.85,116.956330046857
"27459",2020-12-12,"35","10  day ahead inc hosp",2020-12-22,"quantile",0.9,122.570205941994
"27460",2020-12-12,"35","10  day ahead inc hosp",2020-12-22,"quantile",0.95,130.890815690505
"27461",2020-12-12,"35","10  day ahead inc hosp",2020-12-22,"quantile",0.975,138.107703761701
"27462",2020-12-12,"35","10  day ahead inc hosp",2020-12-22,"quantile",0.99,146.498895793125
"27463",2020-12-12,"35","11  day ahead inc hosp",2020-12-23,"quantile",0.01,39.8312372269078
"27464",2020-12-12,"35","11  day ahead inc hosp",2020-12-23,"quantile",0.025,48.3781924717557
"27465",2020-12-12,"35","11  day ahead inc hosp",2020-12-23,"quantile",0.05,55.7290454996202
"27466",2020-12-12,"35","11  day ahead inc hosp",2020-12-23,"quantile",0.1,64.2041082635326
"27467",2020-12-12,"35","11  day ahead inc hosp",2020-12-23,"quantile",0.15,69.9221928748936
"27468",2020-12-12,"35","11  day ahead inc hosp",2020-12-23,"quantile",0.2,74.4667452570323
"27469",2020-12-12,"35","11  day ahead inc hosp",2020-12-23,"quantile",0.25,78.3655665462904
"27470",2020-12-12,"35","11  day ahead inc hosp",2020-12-23,"quantile",0.3,81.8668285621817
"27471",2020-12-12,"35","11  day ahead inc hosp",2020-12-23,"quantile",0.35,85.111269612254
"27472",2020-12-12,"35","11  day ahead inc hosp",2020-12-23,"quantile",0.4,88.1899268941907
"27473",2020-12-12,"35","11  day ahead inc hosp",2020-12-23,"quantile",0.45,91.1685634434748
"27474",2020-12-12,"35","11  day ahead inc hosp",2020-12-23,"quantile",0.5,94.0999748356106
"27475",2020-12-12,"35","11  day ahead inc hosp",2020-12-23,"quantile",0.55,97.0313862277464
"27476",2020-12-12,"35","11  day ahead inc hosp",2020-12-23,"quantile",0.6,100.01002277703
"27477",2020-12-12,"35","11  day ahead inc hosp",2020-12-23,"quantile",0.65,103.088680058967
"27478",2020-12-12,"35","11  day ahead inc hosp",2020-12-23,"quantile",0.7,106.333121109039
"27479",2020-12-12,"35","11  day ahead inc hosp",2020-12-23,"quantile",0.75,109.834383124931
"27480",2020-12-12,"35","11  day ahead inc hosp",2020-12-23,"quantile",0.8,113.733204414189
"27481",2020-12-12,"35","11  day ahead inc hosp",2020-12-23,"quantile",0.85,118.277756796328
"27482",2020-12-12,"35","11  day ahead inc hosp",2020-12-23,"quantile",0.9,123.995841407689
"27483",2020-12-12,"35","11  day ahead inc hosp",2020-12-23,"quantile",0.95,132.470904171601
"27484",2020-12-12,"35","11  day ahead inc hosp",2020-12-23,"quantile",0.975,139.821757199465
"27485",2020-12-12,"35","11  day ahead inc hosp",2020-12-23,"quantile",0.99,148.368712444313
"27486",2020-12-12,"35","12  day ahead inc hosp",2020-12-24,"quantile",0.01,39.7407269320122
"27487",2020-12-12,"35","12  day ahead inc hosp",2020-12-24,"quantile",0.025,48.4406570585489
"27488",2020-12-12,"35","12  day ahead inc hosp",2020-12-24,"quantile",0.05,55.9230769239638
"27489",2020-12-12,"35","12  day ahead inc hosp",2020-12-24,"quantile",0.1,64.5498278255199
"27490",2020-12-12,"35","12  day ahead inc hosp",2020-12-24,"quantile",0.15,70.370255703208
"27491",2020-12-12,"35","12  day ahead inc hosp",2020-12-24,"quantile",0.2,74.996147269076
"27492",2020-12-12,"35","12  day ahead inc hosp",2020-12-24,"quantile",0.25,78.9647503353955
"27493",2020-12-12,"35","12  day ahead inc hosp",2020-12-24,"quantile",0.3,82.5286785437845
"27494",2020-12-12,"35","12  day ahead inc hosp",2020-12-24,"quantile",0.35,85.8311891603355
"27495",2020-12-12,"35","12  day ahead inc hosp",2020-12-24,"quantile",0.4,88.9649487822251
"27496",2020-12-12,"35","12  day ahead inc hosp",2020-12-24,"quantile",0.45,91.996897483108
"27497",2020-12-12,"35","12  day ahead inc hosp",2020-12-24,"quantile",0.5,94.9807757828204
"27498",2020-12-12,"35","12  day ahead inc hosp",2020-12-24,"quantile",0.55,97.9646540825328
"27499",2020-12-12,"35","12  day ahead inc hosp",2020-12-24,"quantile",0.6,100.996602783416
"27500",2020-12-12,"35","12  day ahead inc hosp",2020-12-24,"quantile",0.65,104.130362405305
"27501",2020-12-12,"35","12  day ahead inc hosp",2020-12-24,"quantile",0.7,107.432873021856
"27502",2020-12-12,"35","12  day ahead inc hosp",2020-12-24,"quantile",0.75,110.996801230245
"27503",2020-12-12,"35","12  day ahead inc hosp",2020-12-24,"quantile",0.8,114.965404296565
"27504",2020-12-12,"35","12  day ahead inc hosp",2020-12-24,"quantile",0.85,119.591295862433
"27505",2020-12-12,"35","12  day ahead inc hosp",2020-12-24,"quantile",0.9,125.411723740121
"27506",2020-12-12,"35","12  day ahead inc hosp",2020-12-24,"quantile",0.95,134.038474641677
"27507",2020-12-12,"35","12  day ahead inc hosp",2020-12-24,"quantile",0.975,141.520894507092
"27508",2020-12-12,"35","12  day ahead inc hosp",2020-12-24,"quantile",0.99,150.220824633629
"27509",2020-12-12,"35","13  day ahead inc hosp",2020-12-25,"quantile",0.01,39.6670030379279
"27510",2020-12-12,"35","13  day ahead inc hosp",2020-12-25,"quantile",0.025,48.5172643027612
"27511",2020-12-12,"35","13  day ahead inc hosp",2020-12-25,"quantile",0.05,56.1289772405595
"27512",2020-12-12,"35","13  day ahead inc hosp",2020-12-25,"quantile",0.1,64.9047947741425
"27513",2020-12-12,"35","13  day ahead inc hosp",2020-12-25,"quantile",0.15,70.8257972007638
"27514",2020-12-12,"35","13  day ahead inc hosp",2020-12-25,"quantile",0.2,75.5316222298457
"27515",2020-12-12,"35","13  day ahead inc hosp",2020-12-25,"quantile",0.25,79.5688010901923
"27516",2020-12-12,"35","13  day ahead inc hosp",2020-12-25,"quantile",0.3,83.1943124810416
"27517",2020-12-12,"35","13  day ahead inc hosp",2020-12-25,"quantile",0.35,86.5538890938709
"27518",2020-12-12,"35","13  day ahead inc hosp",2020-12-25,"quantile",0.4,89.7417987657328
"27519",2020-12-12,"35","13  day ahead inc hosp",2020-12-25,"quantile",0.45,92.8261382666371
"27520",2020-12-12,"35","13  day ahead inc hosp",2020-12-25,"quantile",0.5,95.8615767300302
"27521",2020-12-12,"35","13  day ahead inc hosp",2020-12-25,"quantile",0.55,98.8970151934233
"27522",2020-12-12,"35","13  day ahead inc hosp",2020-12-25,"quantile",0.6,101.981354694328
"27523",2020-12-12,"35","13  day ahead inc hosp",2020-12-25,"quantile",0.65,105.169264366189
"27524",2020-12-12,"35","13  day ahead inc hosp",2020-12-25,"quantile",0.7,108.528840979019
"27525",2020-12-12,"35","13  day ahead inc hosp",2020-12-25,"quantile",0.75,112.154352369868
"27526",2020-12-12,"35","13  day ahead inc hosp",2020-12-25,"quantile",0.8,116.191531230215
"27527",2020-12-12,"35","13  day ahead inc hosp",2020-12-25,"quantile",0.85,120.897356259297
"27528",2020-12-12,"35","13  day ahead inc hosp",2020-12-25,"quantile",0.9,126.818358685918
"27529",2020-12-12,"35","13  day ahead inc hosp",2020-12-25,"quantile",0.95,135.594176219501
"27530",2020-12-12,"35","13  day ahead inc hosp",2020-12-25,"quantile",0.975,143.205889157299
"27531",2020-12-12,"35","13  day ahead inc hosp",2020-12-25,"quantile",0.99,152.056150422132
"27532",2020-12-12,"35","14  day ahead inc hosp",2020-12-26,"quantile",0.01,39.6092241861666
"27533",2020-12-12,"35","14  day ahead inc hosp",2020-12-26,"quantile",0.025,48.6073053541155
"27534",2020-12-12,"35","14  day ahead inc hosp",2020-12-26,"quantile",0.05,56.3461515635021
"27535",2020-12-12,"35","14  day ahead inc hosp",2020-12-26,"quantile",0.1,65.2685456171172
"27536",2020-12-12,"35","14  day ahead inc hosp",2020-12-26,"quantile",0.15,71.2884425259306
"27537",2020-12-12,"35","14  day ahead inc hosp",2020-12-26,"quantile",0.2,76.0728657544399
"27538",2020-12-12,"35","14  day ahead inc hosp",2020-12-26,"quantile",0.25,80.1774748713787
"27539",2020-12-12,"35","14  day ahead inc hosp",2020-12-26,"quantile",0.3,83.8635407166677
"27540",2020-12-12,"35","14  day ahead inc hosp",2020-12-26,"quantile",0.35,87.2792300559531
"27541",2020-12-12,"35","14  day ahead inc hosp",2020-12-26,"quantile",0.4,90.5203852179461
"27542",2020-12-12,"35","14  day ahead inc hosp",2020-12-26,"quantile",0.45,93.6562403467575
"27543",2020-12-12,"35","14  day ahead inc hosp",2020-12-26,"quantile",0.5,96.74237767724
"27544",2020-12-12,"35","14  day ahead inc hosp",2020-12-26,"quantile",0.55,99.8285150077225
"27545",2020-12-12,"35","14  day ahead inc hosp",2020-12-26,"quantile",0.6,102.964370136534
"27546",2020-12-12,"35","14  day ahead inc hosp",2020-12-26,"quantile",0.65,106.205525298527
"27547",2020-12-12,"35","14  day ahead inc hosp",2020-12-26,"quantile",0.7,109.621214637812
"27548",2020-12-12,"35","14  day ahead inc hosp",2020-12-26,"quantile",0.75,113.307280483101
"27549",2020-12-12,"35","14  day ahead inc hosp",2020-12-26,"quantile",0.8,117.41188960004
"27550",2020-12-12,"35","14  day ahead inc hosp",2020-12-26,"quantile",0.85,122.196312828549
"27551",2020-12-12,"35","14  day ahead inc hosp",2020-12-26,"quantile",0.9,128.216209737363
"27552",2020-12-12,"35","14  day ahead inc hosp",2020-12-26,"quantile",0.95,137.138603790978
"27553",2020-12-12,"35","14  day ahead inc hosp",2020-12-26,"quantile",0.975,144.877450000364
"27554",2020-12-12,"35","14  day ahead inc hosp",2020-12-26,"quantile",0.99,153.875531168313
"27555",2020-12-12,"35","15  day ahead inc hosp",2020-12-27,"quantile",0.01,40.4662885923887
"27556",2020-12-12,"35","15  day ahead inc hosp",2020-12-27,"quantile",0.025,49.6098002238236
"27557",2020-12-12,"35","15  day ahead inc hosp",2020-12-27,"quantile",0.05,57.4737246548967
"27558",2020-12-12,"35","15  day ahead inc hosp",2020-12-27,"quantile",0.1,66.5403258876205
"27559",2020-12-12,"35","15  day ahead inc hosp",2020-12-27,"quantile",0.15,72.6575186955535
"27560",2020-12-12,"35","15  day ahead inc hosp",2020-12-27,"quantile",0.2,77.5192696203402
"27561",2020-12-12,"35","15  day ahead inc hosp",2020-12-27,"quantile",0.25,81.6902190152965
"27562",2020-12-12,"35","15  day ahead inc hosp",2020-12-27,"quantile",0.3,85.4358604805776
"27563",2020-12-12,"35","15  day ahead inc hosp",2020-12-27,"quantile",0.35,88.9067555103279
"27564",2020-12-12,"35","15  day ahead inc hosp",2020-12-27,"quantile",0.4,92.200295473996
"27565",2020-12-12,"35","15  day ahead inc hosp",2020-12-27,"quantile",0.45,95.3868335046724
"27566",2020-12-12,"35","15  day ahead inc hosp",2020-12-27,"quantile",0.5,98.5228501787589
"27567",2020-12-12,"35","15  day ahead inc hosp",2020-12-27,"quantile",0.55,101.658866852845
"27568",2020-12-12,"35","15  day ahead inc hosp",2020-12-27,"quantile",0.6,104.845404883522
"27569",2020-12-12,"35","15  day ahead inc hosp",2020-12-27,"quantile",0.65,108.13894484719
"27570",2020-12-12,"35","15  day ahead inc hosp",2020-12-27,"quantile",0.7,111.60983987694
"27571",2020-12-12,"35","15  day ahead inc hosp",2020-12-27,"quantile",0.75,115.355481342221
"27572",2020-12-12,"35","15  day ahead inc hosp",2020-12-27,"quantile",0.8,119.526430737178
"27573",2020-12-12,"35","15  day ahead inc hosp",2020-12-27,"quantile",0.85,124.388181661964
"27574",2020-12-12,"35","15  day ahead inc hosp",2020-12-27,"quantile",0.9,130.505374469897
"27575",2020-12-12,"35","15  day ahead inc hosp",2020-12-27,"quantile",0.95,139.571975702621
"27576",2020-12-12,"35","15  day ahead inc hosp",2020-12-27,"quantile",0.975,147.435900133694
"27577",2020-12-12,"35","15  day ahead inc hosp",2020-12-27,"quantile",0.99,156.579411765129
"27578",2020-12-12,"35","16  day ahead inc hosp",2020-12-28,"quantile",0.01,40.4381403707023
"27579",2020-12-12,"35","16  day ahead inc hosp",2020-12-28,"quantile",0.025,49.7248052835423
"27580",2020-12-12,"35","16  day ahead inc hosp",2020-12-28,"quantile",0.05,57.711849434085
"27581",2020-12-12,"35","16  day ahead inc hosp",2020-12-28,"quantile",0.1,66.9203998182918
"27582",2020-12-12,"35","16  day ahead inc hosp",2020-12-28,"quantile",0.15,73.1333650448251
"27583",2020-12-12,"35","16  day ahead inc hosp",2020-12-28,"quantile",0.2,78.071232851868
"27584",2020-12-12,"35","16  day ahead inc hosp",2020-12-28,"quantile",0.25,82.3074837542243
"27585",2020-12-12,"35","16  day ahead inc hosp",2020-12-28,"quantile",0.3,86.1117679913785
"27586",2020-12-12,"35","16  day ahead inc hosp",2020-12-28,"quantile",0.35,89.6370042887894
"27587",2020-12-12,"35","16  day ahead inc hosp",2020-12-28,"quantile",0.4,92.9821088014233
"27588",2020-12-12,"35","16  day ahead inc hosp",2020-12-28,"quantile",0.45,96.2185361299756
"27589",2020-12-12,"35","16  day ahead inc hosp",2020-12-28,"quantile",0.5,99.4036511259687
"27590",2020-12-12,"35","16  day ahead inc hosp",2020-12-28,"quantile",0.55,102.588766121962
"27591",2020-12-12,"35","16  day ahead inc hosp",2020-12-28,"quantile",0.6,105.825193450514
"27592",2020-12-12,"35","16  day ahead inc hosp",2020-12-28,"quantile",0.65,109.170297963148
"27593",2020-12-12,"35","16  day ahead inc hosp",2020-12-28,"quantile",0.7,112.695534260559
"27594",2020-12-12,"35","16  day ahead inc hosp",2020-12-28,"quantile",0.75,116.499818497713
"27595",2020-12-12,"35","16  day ahead inc hosp",2020-12-28,"quantile",0.8,120.736069400069
"27596",2020-12-12,"35","16  day ahead inc hosp",2020-12-28,"quantile",0.85,125.673937207112
"27597",2020-12-12,"35","16  day ahead inc hosp",2020-12-28,"quantile",0.9,131.886902433646
"27598",2020-12-12,"35","16  day ahead inc hosp",2020-12-28,"quantile",0.95,141.095452817852
"27599",2020-12-12,"35","16  day ahead inc hosp",2020-12-28,"quantile",0.975,149.082496968395
"27600",2020-12-12,"35","16  day ahead inc hosp",2020-12-28,"quantile",0.99,158.369161881235
"27601",2020-12-12,"35","17  day ahead inc hosp",2020-12-29,"quantile",0.01,40.423792420725
"27602",2020-12-12,"35","17  day ahead inc hosp",2020-12-29,"quantile",0.025,49.8514371665012
"27603",2020-12-12,"35","17  day ahead inc hosp",2020-12-29,"quantile",0.05,57.9597317509258
"27604",2020-12-12,"35","17  day ahead inc hosp",2020-12-29,"quantile",0.1,67.308076120049
"27605",2020-12-12,"35","17  day ahead inc hosp",2020-12-29,"quantile",0.15,73.615359684532
"27606",2020-12-12,"35","17  day ahead inc hosp",2020-12-29,"quantile",0.2,78.6281887166252
"27607",2020-12-12,"35","17  day ahead inc hosp",2020-12-29,"quantile",0.25,82.9287496754007
"27608",2020-12-12,"35","17  day ahead inc hosp",2020-12-29,"quantile",0.3,86.7907863308051
"27609",2020-12-12,"35","17  day ahead inc hosp",2020-12-29,"quantile",0.35,90.3695388505557
"27610",2020-12-12,"35","17  day ahead inc hosp",2020-12-29,"quantile",0.4,93.7654250248271
"27611",2020-12-12,"35","17  day ahead inc hosp",2020-12-29,"quantile",0.45,97.0509841987051
"27612",2020-12-12,"35","17  day ahead inc hosp",2020-12-29,"quantile",0.5,100.284452073179
"27613",2020-12-12,"35","17  day ahead inc hosp",2020-12-29,"quantile",0.55,103.517919947652
"27614",2020-12-12,"35","17  day ahead inc hosp",2020-12-29,"quantile",0.6,106.80347912153
"27615",2020-12-12,"35","17  day ahead inc hosp",2020-12-29,"quantile",0.65,110.199365295801
"27616",2020-12-12,"35","17  day ahead inc hosp",2020-12-29,"quantile",0.7,113.778117815552
"27617",2020-12-12,"35","17  day ahead inc hosp",2020-12-29,"quantile",0.75,117.640154470956
"27618",2020-12-12,"35","17  day ahead inc hosp",2020-12-29,"quantile",0.8,121.940715429732
"27619",2020-12-12,"35","17  day ahead inc hosp",2020-12-29,"quantile",0.85,126.953544461825
"27620",2020-12-12,"35","17  day ahead inc hosp",2020-12-29,"quantile",0.9,133.260828026308
"27621",2020-12-12,"35","17  day ahead inc hosp",2020-12-29,"quantile",0.95,142.609172395431
"27622",2020-12-12,"35","17  day ahead inc hosp",2020-12-29,"quantile",0.975,150.717466979856
"27623",2020-12-12,"35","17  day ahead inc hosp",2020-12-29,"quantile",0.99,160.145111725632
"27624",2020-12-12,"35","18  day ahead inc hosp",2020-12-30,"quantile",0.01,40.4226346258516
"27625",2020-12-12,"35","18  day ahead inc hosp",2020-12-30,"quantile",0.025,49.9891818452902
"27626",2020-12-12,"35","18  day ahead inc hosp",2020-12-30,"quantile",0.05,58.2169402200178
"27627",2020-12-12,"35","18  day ahead inc hosp",2020-12-30,"quantile",0.1,67.7030186884347
"27628",2020-12-12,"35","18  day ahead inc hosp",2020-12-30,"quantile",0.15,74.103230795817
"27629",2020-12-12,"35","18  day ahead inc hosp",2020-12-30,"quantile",0.2,79.1899164879118
"27630",2020-12-12,"35","18  day ahead inc hosp",2020-12-30,"quantile",0.25,83.5538398846469
"27631",2020-12-12,"35","18  day ahead inc hosp",2020-12-30,"quantile",0.3,87.4727779676376
"27632",2020-12-12,"35","18  day ahead inc hosp",2020-12-30,"quantile",0.35,91.1042581400548
"27633",2020-12-12,"35","18  day ahead inc hosp",2020-12-30,"quantile",0.4,94.5501777004583
"27634",2020-12-12,"35","18  day ahead inc hosp",2020-12-30,"quantile",0.45,97.8841447544509
"27635",2020-12-12,"35","18  day ahead inc hosp",2020-12-30,"quantile",0.5,101.165253020388
"27636",2020-12-12,"35","18  day ahead inc hosp",2020-12-30,"quantile",0.55,104.446361286326
"27637",2020-12-12,"35","18  day ahead inc hosp",2020-12-30,"quantile",0.6,107.780328340318
"27638",2020-12-12,"35","18  day ahead inc hosp",2020-12-30,"quantile",0.65,111.226247900722
"27639",2020-12-12,"35","18  day ahead inc hosp",2020-12-30,"quantile",0.7,114.857728073139
"27640",2020-12-12,"35","18  day ahead inc hosp",2020-12-30,"quantile",0.75,118.77666615613
"27641",2020-12-12,"35","18  day ahead inc hosp",2020-12-30,"quantile",0.8,123.140589552865
"27642",2020-12-12,"35","18  day ahead inc hosp",2020-12-30,"quantile",0.85,128.22727524496
"27643",2020-12-12,"35","18  day ahead inc hosp",2020-12-30,"quantile",0.9,134.627487352342
"27644",2020-12-12,"35","18  day ahead inc hosp",2020-12-30,"quantile",0.95,144.113565820759
"27645",2020-12-12,"35","18  day ahead inc hosp",2020-12-30,"quantile",0.975,152.341324195486
"27646",2020-12-12,"35","18  day ahead inc hosp",2020-12-30,"quantile",0.99,161.907871414925
"27647",2020-12-12,"35","19  day ahead inc hosp",2020-12-31,"quantile",0.01,40.4341005427816
"27648",2020-12-12,"35","19  day ahead inc hosp",2020-12-31,"quantile",0.025,50.1375620875572
"27649",2020-12-12,"35","19  day ahead inc hosp",2020-12-31,"quantile",0.05,58.4830743353458
"27650",2020-12-12,"35","19  day ahead inc hosp",2020-12-31,"quantile",0.1,68.1049154779861
"27651",2020-12-12,"35","19  day ahead inc hosp",2020-12-31,"quantile",0.15,74.5967260171323
"27652",2020-12-12,"35","19  day ahead inc hosp",2020-12-31,"quantile",0.2,79.7562112390636
"27653",2020-12-12,"35","19  day ahead inc hosp",2020-12-31,"quantile",0.25,84.1825901502054
"27654",2020-12-12,"35","19  day ahead inc hosp",2020-12-31,"quantile",0.3,88.1576152154021
"27655",2020-12-12,"35","19  day ahead inc hosp",2020-12-31,"quantile",0.35,91.8410683354644
"27656",2020-12-12,"35","19  day ahead inc hosp",2020-12-31,"quantile",0.4,95.3363051407376
"27657",2020-12-12,"35","19  day ahead inc hosp",2020-12-31,"quantile",0.45,98.7179871998854
"27658",2020-12-12,"35","19  day ahead inc hosp",2020-12-31,"quantile",0.5,102.046053967598
"27659",2020-12-12,"35","19  day ahead inc hosp",2020-12-31,"quantile",0.55,105.374120735311
"27660",2020-12-12,"35","19  day ahead inc hosp",2020-12-31,"quantile",0.6,108.755802794459
"27661",2020-12-12,"35","19  day ahead inc hosp",2020-12-31,"quantile",0.65,112.251039599732
"27662",2020-12-12,"35","19  day ahead inc hosp",2020-12-31,"quantile",0.7,115.934492719794
"27663",2020-12-12,"35","19  day ahead inc hosp",2020-12-31,"quantile",0.75,119.909517784991
"27664",2020-12-12,"35","19  day ahead inc hosp",2020-12-31,"quantile",0.8,124.335896696133
"27665",2020-12-12,"35","19  day ahead inc hosp",2020-12-31,"quantile",0.85,129.495381918064
"27666",2020-12-12,"35","19  day ahead inc hosp",2020-12-31,"quantile",0.9,135.98719245721
"27667",2020-12-12,"35","19  day ahead inc hosp",2020-12-31,"quantile",0.95,145.60903359985
"27668",2020-12-12,"35","19  day ahead inc hosp",2020-12-31,"quantile",0.975,153.954545847639
"27669",2020-12-12,"35","19  day ahead inc hosp",2020-12-31,"quantile",0.99,163.658007392415
"27670",2020-12-12,"35","20  day ahead inc hosp",2021-01-01,"quantile",0.01,40.4576631462314
"27671",2020-12-12,"35","20  day ahead inc hosp",2021-01-01,"quantile",0.025,50.2961338708982
"27672",2020-12-12,"35","20  day ahead inc hosp",2021-01-01,"quantile",0.05,58.7577614615619
"27673",2020-12-12,"35","20  day ahead inc hosp",2021-01-01,"quantile",0.1,68.513476158059
"27674",2020-12-12,"35","20  day ahead inc hosp",2021-01-01,"quantile",0.15,75.0956105484262
"27675",2020-12-12,"35","20  day ahead inc hosp",2021-01-01,"quantile",0.2,80.3268823039836
"27676",2020-12-12,"35","20  day ahead inc hosp",2021-01-01,"quantile",0.25,84.8148476689825
"27677",2020-12-12,"35","20  day ahead inc hosp",2021-01-01,"quantile",0.3,88.8451792731522
"27678",2020-12-12,"35","20  day ahead inc hosp",2021-01-01,"quantile",0.35,92.579882143895
"27679",2020-12-12,"35","20  day ahead inc hosp",2021-01-01,"quantile",0.4,96.12374995084
"27680",2020-12-12,"35","20  day ahead inc hosp",2021-01-01,"quantile",0.45,99.5524830669072
"27681",2020-12-12,"35","20  day ahead inc hosp",2021-01-01,"quantile",0.5,102.926854914808
"27682",2020-12-12,"35","20  day ahead inc hosp",2021-01-01,"quantile",0.55,106.301226762709
"27683",2020-12-12,"35","20  day ahead inc hosp",2021-01-01,"quantile",0.6,109.729959878776
"27684",2020-12-12,"35","20  day ahead inc hosp",2021-01-01,"quantile",0.65,113.273827685721
"27685",2020-12-12,"35","20  day ahead inc hosp",2021-01-01,"quantile",0.7,117.008530556464
"27686",2020-12-12,"35","20  day ahead inc hosp",2021-01-01,"quantile",0.75,121.038862160633
"27687",2020-12-12,"35","20  day ahead inc hosp",2021-01-01,"quantile",0.8,125.526827525632
"27688",2020-12-12,"35","20  day ahead inc hosp",2021-01-01,"quantile",0.85,130.75809928119
"27689",2020-12-12,"35","20  day ahead inc hosp",2021-01-01,"quantile",0.9,137.340233671557
"27690",2020-12-12,"35","20  day ahead inc hosp",2021-01-01,"quantile",0.95,147.095948368054
"27691",2020-12-12,"35","20  day ahead inc hosp",2021-01-01,"quantile",0.975,155.557575958718
"27692",2020-12-12,"35","20  day ahead inc hosp",2021-01-01,"quantile",0.99,165.396046683385
"27693",2020-12-12,"35","21  day ahead inc hosp",2021-01-02,"quantile",0.01,40.4928310923271
"27694",2020-12-12,"35","21  day ahead inc hosp",2021-01-02,"quantile",0.025,50.4644832347413
"27695",2020-12-12,"35","21  day ahead inc hosp",2021-01-02,"quantile",0.05,59.0406541920026
"27696",2020-12-12,"35","21  day ahead inc hosp",2021-01-02,"quantile",0.1,68.928430054384
"27697",2020-12-12,"35","21  day ahead inc hosp",2021-01-02,"quantile",0.15,75.5996654864116
"27698",2020-12-12,"35","21  day ahead inc hosp",2021-01-02,"quantile",0.2,80.9017519253202
"27699",2020-12-12,"35","21  day ahead inc hosp",2021-01-02,"quantile",0.25,85.4504699831754
"27700",2020-12-12,"35","21  day ahead inc hosp",2021-01-02,"quantile",0.3,89.5353593831711
"27701",2020-12-12,"35","21  day ahead inc hosp",2021-01-02,"quantile",0.35,93.3206181824835
"27702",2020-12-12,"35","21  day ahead inc hosp",2021-01-02,"quantile",0.4,96.912458621766
"27703",2020-12-12,"35","21  day ahead inc hosp",2021-01-02,"quantile",0.45,100.387605814803
"27704",2020-12-12,"35","21  day ahead inc hosp",2021-01-02,"quantile",0.5,103.807655862018
"27705",2020-12-12,"35","21  day ahead inc hosp",2021-01-02,"quantile",0.55,107.227705909233
"27706",2020-12-12,"35","21  day ahead inc hosp",2021-01-02,"quantile",0.6,110.702853102269
"27707",2020-12-12,"35","21  day ahead inc hosp",2021-01-02,"quantile",0.65,114.294693541552
"27708",2020-12-12,"35","21  day ahead inc hosp",2021-01-02,"quantile",0.7,118.079952340864
"27709",2020-12-12,"35","21  day ahead inc hosp",2021-01-02,"quantile",0.75,122.16484174086
"27710",2020-12-12,"35","21  day ahead inc hosp",2021-01-02,"quantile",0.8,126.713559798715
"27711",2020-12-12,"35","21  day ahead inc hosp",2021-01-02,"quantile",0.85,132.015646237624
"27712",2020-12-12,"35","21  day ahead inc hosp",2021-01-02,"quantile",0.9,138.686881669651
"27713",2020-12-12,"35","21  day ahead inc hosp",2021-01-02,"quantile",0.95,148.574657532033
"27714",2020-12-12,"35","21  day ahead inc hosp",2021-01-02,"quantile",0.975,157.150828489294
"27715",2020-12-12,"35","21  day ahead inc hosp",2021-01-02,"quantile",0.99,167.122480631708
"27716",2020-12-12,"35","22  day ahead inc hosp",2021-01-03,"quantile",0.01,34.920755822443
"27717",2020-12-12,"35","22  day ahead inc hosp",2021-01-03,"quantile",0.025,45.0238339028352
"27718",2020-12-12,"35","22  day ahead inc hosp",2021-01-03,"quantile",0.05,53.7130384172464
"27719",2020-12-12,"35","22  day ahead inc hosp",2021-01-03,"quantile",0.1,63.731134731913
"27720",2020-12-12,"35","22  day ahead inc hosp",2021-01-03,"quantile",0.15,70.4902967543997
"27721",2020-12-12,"35","22  day ahead inc hosp",2021-01-03,"quantile",0.2,75.8622644600755
"27722",2020-12-12,"35","22  day ahead inc hosp",2021-01-03,"quantile",0.25,80.470934422471
"27723",2020-12-12,"35","22  day ahead inc hosp",2021-01-03,"quantile",0.3,84.6096624856353
"27724",2020-12-12,"35","22  day ahead inc hosp",2021-01-03,"quantile",0.35,88.4448108299383
"27725",2020-12-12,"35","22  day ahead inc hosp",2021-01-03,"quantile",0.4,92.0839915687076
"27726",2020-12-12,"35","22  day ahead inc hosp",2021-01-03,"quantile",0.45,95.6049410493625
"27727",2020-12-12,"35","22  day ahead inc hosp",2021-01-03,"quantile",0.5,99.0700672062301
"27728",2020-12-12,"35","22  day ahead inc hosp",2021-01-03,"quantile",0.55,102.535193363098
"27729",2020-12-12,"35","22  day ahead inc hosp",2021-01-03,"quantile",0.6,106.056142843753
"27730",2020-12-12,"35","22  day ahead inc hosp",2021-01-03,"quantile",0.65,109.695323582522
"27731",2020-12-12,"35","22  day ahead inc hosp",2021-01-03,"quantile",0.7,113.530471926825
"27732",2020-12-12,"35","22  day ahead inc hosp",2021-01-03,"quantile",0.75,117.669199989989
"27733",2020-12-12,"35","22  day ahead inc hosp",2021-01-03,"quantile",0.8,122.277869952385
"27734",2020-12-12,"35","22  day ahead inc hosp",2021-01-03,"quantile",0.85,127.649837658061
"27735",2020-12-12,"35","22  day ahead inc hosp",2021-01-03,"quantile",0.9,134.408999680547
"27736",2020-12-12,"35","22  day ahead inc hosp",2021-01-03,"quantile",0.95,144.427095995214
"27737",2020-12-12,"35","22  day ahead inc hosp",2021-01-03,"quantile",0.975,153.116300509625
"27738",2020-12-12,"35","22  day ahead inc hosp",2021-01-03,"quantile",0.99,163.219378590017
"27739",2020-12-12,"35","23  day ahead inc hosp",2021-01-04,"quantile",0.01,34.977787062795
"27740",2020-12-12,"35","23  day ahead inc hosp",2021-01-04,"quantile",0.025,45.2106032415255
"27741",2020-12-12,"35","23  day ahead inc hosp",2021-01-04,"quantile",0.05,54.0113896778819
"27742",2020-12-12,"35","23  day ahead inc hosp",2021-01-04,"quantile",0.1,64.1581328024111
"27743",2020-12-12,"35","23  day ahead inc hosp",2021-01-04,"quantile",0.15,71.0040922167599
"27744",2020-12-12,"35","23  day ahead inc hosp",2021-01-04,"quantile",0.2,76.4450437379546
"27745",2020-12-12,"35","23  day ahead inc hosp",2021-01-04,"quantile",0.25,81.1128956716298
"27746",2020-12-12,"35","23  day ahead inc hosp",2021-01-04,"quantile",0.3,85.304770974099
"27747",2020-12-12,"35","23  day ahead inc hosp",2021-01-04,"quantile",0.35,89.1891681561399
"27748",2020-12-12,"35","23  day ahead inc hosp",2021-01-04,"quantile",0.4,92.8750812258682
"27749",2020-12-12,"35","23  day ahead inc hosp",2021-01-04,"quantile",0.45,96.4412447775547
"27750",2020-12-12,"35","23  day ahead inc hosp",2021-01-04,"quantile",0.5,99.9508681534399
"27751",2020-12-12,"35","23  day ahead inc hosp",2021-01-04,"quantile",0.55,103.460491529325
"27752",2020-12-12,"35","23  day ahead inc hosp",2021-01-04,"quantile",0.6,107.026655081012
"27753",2020-12-12,"35","23  day ahead inc hosp",2021-01-04,"quantile",0.65,110.71256815074
"27754",2020-12-12,"35","23  day ahead inc hosp",2021-01-04,"quantile",0.7,114.596965332781
"27755",2020-12-12,"35","23  day ahead inc hosp",2021-01-04,"quantile",0.75,118.78884063525
"27756",2020-12-12,"35","23  day ahead inc hosp",2021-01-04,"quantile",0.8,123.456692568925
"27757",2020-12-12,"35","23  day ahead inc hosp",2021-01-04,"quantile",0.85,128.89764409012
"27758",2020-12-12,"35","23  day ahead inc hosp",2021-01-04,"quantile",0.9,135.743603504469
"27759",2020-12-12,"35","23  day ahead inc hosp",2021-01-04,"quantile",0.95,145.890346628998
"27760",2020-12-12,"35","23  day ahead inc hosp",2021-01-04,"quantile",0.975,154.691133065354
"27761",2020-12-12,"35","23  day ahead inc hosp",2021-01-04,"quantile",0.99,164.923949244085
"27762",2020-12-12,"35","24  day ahead inc hosp",2021-01-05,"quantile",0.01,35.0451326223629
"27763",2020-12-12,"35","24  day ahead inc hosp",2021-01-05,"quantile",0.025,45.406062464654
"27764",2020-12-12,"35","24  day ahead inc hosp",2021-01-05,"quantile",0.05,54.31703371943
"27765",2020-12-12,"35","24  day ahead inc hosp",2021-01-05,"quantile",0.1,64.5908128829328
"27766",2020-12-12,"35","24  day ahead inc hosp",2021-01-05,"quantile",0.15,71.5224829096722
"27767",2020-12-12,"35","24  day ahead inc hosp",2021-01-05,"quantile",0.2,77.0315545085132
"27768",2020-12-12,"35","24  day ahead inc hosp",2021-01-05,"quantile",0.25,81.7578474032821
"27769",2020-12-12,"35","24  day ahead inc hosp",2021-01-05,"quantile",0.3,86.0022044950074
"27770",2020-12-12,"35","24  day ahead inc hosp",2021-01-05,"quantile",0.35,89.9352338761443
"27771",2020-12-12,"35","24  day ahead inc hosp",2021-01-05,"quantile",0.4,93.6672941470614
"27772",2020-12-12,"35","24  day ahead inc hosp",2021-01-05,"quantile",0.45,97.2781056499554
"27773",2020-12-12,"35","24  day ahead inc hosp",2021-01-05,"quantile",0.5,100.83166910065
"27774",2020-12-12,"35","24  day ahead inc hosp",2021-01-05,"quantile",0.55,104.385232551344
"27775",2020-12-12,"35","24  day ahead inc hosp",2021-01-05,"quantile",0.6,107.996044054238
"27776",2020-12-12,"35","24  day ahead inc hosp",2021-01-05,"quantile",0.65,111.728104325155
"27777",2020-12-12,"35","24  day ahead inc hosp",2021-01-05,"quantile",0.7,115.661133706292
"27778",2020-12-12,"35","24  day ahead inc hosp",2021-01-05,"quantile",0.75,119.905490798017
"27779",2020-12-12,"35","24  day ahead inc hosp",2021-01-05,"quantile",0.8,124.631783692786
"27780",2020-12-12,"35","24  day ahead inc hosp",2021-01-05,"quantile",0.85,130.140855291627
"27781",2020-12-12,"35","24  day ahead inc hosp",2021-01-05,"quantile",0.9,137.072525318367
"27782",2020-12-12,"35","24  day ahead inc hosp",2021-01-05,"quantile",0.95,147.346304481869
"27783",2020-12-12,"35","24  day ahead inc hosp",2021-01-05,"quantile",0.975,156.257275736645
"27784",2020-12-12,"35","24  day ahead inc hosp",2021-01-05,"quantile",0.99,166.618205578936
"27785",2020-12-12,"35","25  day ahead inc hosp",2021-01-06,"quantile",0.01,35.1224145049603
"27786",2020-12-12,"35","25  day ahead inc hosp",2021-01-06,"quantile",0.025,45.6098931078499
"27787",2020-12-12,"35","25  day ahead inc hosp",2021-01-06,"quantile",0.05,54.6297032781658
"27788",2020-12-12,"35","25  day ahead inc hosp",2021-01-06,"quantile",0.1,65.0289667408188
"27789",2020-12-12,"35","25  day ahead inc hosp",2021-01-06,"quantile",0.15,72.0453004284567
"27790",2020-12-12,"35","25  day ahead inc hosp",2021-01-06,"quantile",0.2,77.6216600210871
"27791",2020-12-12,"35","25  day ahead inc hosp",2021-01-06,"quantile",0.25,82.4056800230909
"27792",2020-12-12,"35","25  day ahead inc hosp",2021-01-06,"quantile",0.3,86.7018778412443
"27793",2020-12-12,"35","25  day ahead inc hosp",2021-01-06,"quantile",0.35,90.6829453812295
"27794",2020-12-12,"35","25  day ahead inc hosp",2021-01-06,"quantile",0.4,94.4605891672319
"27795",2020-12-12,"35","25  day ahead inc hosp",2021-01-06,"quantile",0.45,98.1155032485045
"27796",2020-12-12,"35","25  day ahead inc hosp",2021-01-06,"quantile",0.5,101.712470047859
"27797",2020-12-12,"35","25  day ahead inc hosp",2021-01-06,"quantile",0.55,105.309436847214
"27798",2020-12-12,"35","25  day ahead inc hosp",2021-01-06,"quantile",0.6,108.964350928487
"27799",2020-12-12,"35","25  day ahead inc hosp",2021-01-06,"quantile",0.65,112.741994714489
"27800",2020-12-12,"35","25  day ahead inc hosp",2021-01-06,"quantile",0.7,116.723062254475
"27801",2020-12-12,"35","25  day ahead inc hosp",2021-01-06,"quantile",0.75,121.019260072628
"27802",2020-12-12,"35","25  day ahead inc hosp",2021-01-06,"quantile",0.8,125.803280074632
"27803",2020-12-12,"35","25  day ahead inc hosp",2021-01-06,"quantile",0.85,131.379639667262
"27804",2020-12-12,"35","25  day ahead inc hosp",2021-01-06,"quantile",0.9,138.3959733549
"27805",2020-12-12,"35","25  day ahead inc hosp",2021-01-06,"quantile",0.95,148.795236817553
"27806",2020-12-12,"35","25  day ahead inc hosp",2021-01-06,"quantile",0.975,157.815046987869
"27807",2020-12-12,"35","25  day ahead inc hosp",2021-01-06,"quantile",0.99,168.302525590759
"27808",2020-12-12,"35","26  day ahead inc hosp",2021-01-07,"quantile",0.01,35.2092772532033
"27809",2020-12-12,"35","26  day ahead inc hosp",2021-01-07,"quantile",0.025,45.8217956958376
"27810",2020-12-12,"35","26  day ahead inc hosp",2021-01-07,"quantile",0.05,54.9491470265154
"27811",2020-12-12,"35","26  day ahead inc hosp",2021-01-07,"quantile",0.1,65.4723985597115
"27812",2020-12-12,"35","26  day ahead inc hosp",2021-01-07,"quantile",0.15,72.5723864099102
"27813",2020-12-12,"35","26  day ahead inc hosp",2021-01-07,"quantile",0.2,78.2152316790529
"27814",2020-12-12,"35","26  day ahead inc hosp",2021-01-07,"quantile",0.25,83.0562904715074
"27815",2020-12-12,"35","26  day ahead inc hosp",2021-01-07,"quantile",0.3,87.4037108863435
"27816",2020-12-12,"35","26  day ahead inc hosp",2021-01-07,"quantile",0.35,91.432243795848
"27817",2020-12-12,"35","26  day ahead inc hosp",2021-01-07,"quantile",0.4,95.2549275758757
"27818",2020-12-12,"35","26  day ahead inc hosp",2021-01-07,"quantile",0.45,98.9534183726115
"27819",2020-12-12,"35","26  day ahead inc hosp",2021-01-07,"quantile",0.5,102.593270995069
"27820",2020-12-12,"35","26  day ahead inc hosp",2021-01-07,"quantile",0.55,106.233123617527
"27821",2020-12-12,"35","26  day ahead inc hosp",2021-01-07,"quantile",0.6,109.931614414263
"27822",2020-12-12,"35","26  day ahead inc hosp",2021-01-07,"quantile",0.65,113.754298194291
"27823",2020-12-12,"35","26  day ahead inc hosp",2021-01-07,"quantile",0.7,117.782831103795
"27824",2020-12-12,"35","26  day ahead inc hosp",2021-01-07,"quantile",0.75,122.130251518631
"27825",2020-12-12,"35","26  day ahead inc hosp",2021-01-07,"quantile",0.8,126.971310311086
"27826",2020-12-12,"35","26  day ahead inc hosp",2021-01-07,"quantile",0.85,132.614155580228
"27827",2020-12-12,"35","26  day ahead inc hosp",2021-01-07,"quantile",0.9,139.714143430427
"27828",2020-12-12,"35","26  day ahead inc hosp",2021-01-07,"quantile",0.95,150.237394963623
"27829",2020-12-12,"35","26  day ahead inc hosp",2021-01-07,"quantile",0.975,159.364746294301
"27830",2020-12-12,"35","26  day ahead inc hosp",2021-01-07,"quantile",0.99,169.977264736935
"27831",2020-12-12,"35","27  day ahead inc hosp",2021-01-08,"quantile",0.01,35.3053861107239
"27832",2020-12-12,"35","27  day ahead inc hosp",2021-01-08,"quantile",0.025,46.0414881940893
"27833",2020-12-12,"35","27  day ahead inc hosp",2021-01-08,"quantile",0.05,55.2751282736417
"27834",2020-12-12,"35","27  day ahead inc hosp",2021-01-08,"quantile",0.1,65.9209239271453
"27835",2020-12-12,"35","27  day ahead inc hosp",2021-01-08,"quantile",0.15,73.1035917135359
"27836",2020-12-12,"35","27  day ahead inc hosp",2021-01-08,"quantile",0.2,78.8121483749568
"27837",2020-12-12,"35","27  day ahead inc hosp",2021-01-08,"quantile",0.25,83.7095816909326
"27838",2020-12-12,"35","27  day ahead inc hosp",2021-01-08,"quantile",0.3,88.1076281702187
"27839",2020-12-12,"35","27  day ahead inc hosp",2021-01-08,"quantile",0.35,92.183073673228
"27840",2020-12-12,"35","27  day ahead inc hosp",2021-01-08,"quantile",0.4,96.0502729168992
"27841",2020-12-12,"35","27  day ahead inc hosp",2021-01-08,"quantile",0.45,99.7918329398833
"27842",2020-12-12,"35","27  day ahead inc hosp",2021-01-08,"quantile",0.5,103.474071942279
"27843",2020-12-12,"35","27  day ahead inc hosp",2021-01-08,"quantile",0.55,107.156310944675
"27844",2020-12-12,"35","27  day ahead inc hosp",2021-01-08,"quantile",0.6,110.897870967659
"27845",2020-12-12,"35","27  day ahead inc hosp",2021-01-08,"quantile",0.65,114.76507021133
"27846",2020-12-12,"35","27  day ahead inc hosp",2021-01-08,"quantile",0.7,118.84051571434
"27847",2020-12-12,"35","27  day ahead inc hosp",2021-01-08,"quantile",0.75,123.238562193626
"27848",2020-12-12,"35","27  day ahead inc hosp",2021-01-08,"quantile",0.8,128.135995509601
"27849",2020-12-12,"35","27  day ahead inc hosp",2021-01-08,"quantile",0.85,133.844552171022
"27850",2020-12-12,"35","27  day ahead inc hosp",2021-01-08,"quantile",0.9,141.027219957413
"27851",2020-12-12,"35","27  day ahead inc hosp",2021-01-08,"quantile",0.95,151.673015610917
"27852",2020-12-12,"35","27  day ahead inc hosp",2021-01-08,"quantile",0.975,160.906655690469
"27853",2020-12-12,"35","27  day ahead inc hosp",2021-01-08,"quantile",0.99,171.642757773834
"27854",2020-12-12,"35","28  day ahead inc hosp",2021-01-09,"quantile",0.01,35.410425372675
"27855",2020-12-12,"35","28  day ahead inc hosp",2021-01-09,"quantile",0.025,46.2687046191131
"27856",2020-12-12,"35","28  day ahead inc hosp",2021-01-09,"quantile",0.05,55.6074237991617
"27857",2020-12-12,"35","28  day ahead inc hosp",2021-01-09,"quantile",0.1,66.3743689258632
"27858",2020-12-12,"35","28  day ahead inc hosp",2021-01-09,"quantile",0.15,73.638775686662
"27859",2020-12-12,"35","28  day ahead inc hosp",2021-01-09,"quantile",0.2,79.4122958937643
"27860",2020-12-12,"35","28  day ahead inc hosp",2021-01-09,"quantile",0.25,84.3654621474709
"27861",2020-12-12,"35","28  day ahead inc hosp",2021-01-09,"quantile",0.3,88.8135585273381
"27862",2020-12-12,"35","28  day ahead inc hosp",2021-01-09,"quantile",0.35,92.9353827221622
"27863",2020-12-12,"35","28  day ahead inc hosp",2021-01-09,"quantile",0.4,96.8465908089834
"27864",2020-12-12,"35","28  day ahead inc hosp",2021-01-09,"quantile",0.45,100.630729897025
"27865",2020-12-12,"35","28  day ahead inc hosp",2021-01-09,"quantile",0.5,104.354872889489
"27866",2020-12-12,"35","28  day ahead inc hosp",2021-01-09,"quantile",0.55,108.079015881953
"27867",2020-12-12,"35","28  day ahead inc hosp",2021-01-09,"quantile",0.6,111.863154969994
"27868",2020-12-12,"35","28  day ahead inc hosp",2021-01-09,"quantile",0.65,115.774363056816
"27869",2020-12-12,"35","28  day ahead inc hosp",2021-01-09,"quantile",0.7,119.89618725164
"27870",2020-12-12,"35","28  day ahead inc hosp",2021-01-09,"quantile",0.75,124.344283631507
"27871",2020-12-12,"35","28  day ahead inc hosp",2021-01-09,"quantile",0.8,129.297449885214
"27872",2020-12-12,"35","28  day ahead inc hosp",2021-01-09,"quantile",0.85,135.070970092316
"27873",2020-12-12,"35","28  day ahead inc hosp",2021-01-09,"quantile",0.9,142.335376853115
"27874",2020-12-12,"35","28  day ahead inc hosp",2021-01-09,"quantile",0.95,153.102321979816
"27875",2020-12-12,"35","28  day ahead inc hosp",2021-01-09,"quantile",0.975,162.441041159865
"27876",2020-12-12,"35","28  day ahead inc hosp",2021-01-09,"quantile",0.99,173.299320406303
"27877",2020-12-12,"35","29  day ahead inc hosp",2021-01-10,"quantile",0.01,32.0757071724105
"27878",2020-12-12,"35","29  day ahead inc hosp",2021-01-10,"quantile",0.025,43.0548040588952
"27879",2020-12-12,"35","29  day ahead inc hosp",2021-01-10,"quantile",0.05,52.4974330746354
"27880",2020-12-12,"35","29  day ahead inc hosp",2021-01-10,"quantile",0.1,63.3841795870992
"27881",2020-12-12,"35","29  day ahead inc hosp",2021-01-10,"quantile",0.15,70.7294157741136
"27882",2020-12-12,"35","29  day ahead inc hosp",2021-01-10,"quantile",0.2,76.5671766468271
"27883",2020-12-12,"35","29  day ahead inc hosp",2021-01-10,"quantile",0.25,81.5754556715307
"27884",2020-12-12,"35","29  day ahead inc hosp",2021-01-10,"quantile",0.3,86.0730450230851
"27885",2020-12-12,"35","29  day ahead inc hosp",2021-01-10,"quantile",0.35,90.2407318321046
"27886",2020-12-12,"35","29  day ahead inc hosp",2021-01-10,"quantile",0.4,94.1954590548823
"27887",2020-12-12,"35","29  day ahead inc hosp",2021-01-10,"quantile",0.45,98.0217034106052
"27888",2020-12-12,"35","29  day ahead inc hosp",2021-01-10,"quantile",0.5,101.787284107638
"27889",2020-12-12,"35","29  day ahead inc hosp",2021-01-10,"quantile",0.55,105.552864804671
"27890",2020-12-12,"35","29  day ahead inc hosp",2021-01-10,"quantile",0.6,109.379109160394
"27891",2020-12-12,"35","29  day ahead inc hosp",2021-01-10,"quantile",0.65,113.333836383172
"27892",2020-12-12,"35","29  day ahead inc hosp",2021-01-10,"quantile",0.7,117.501523192191
"27893",2020-12-12,"35","29  day ahead inc hosp",2021-01-10,"quantile",0.75,121.999112543745
"27894",2020-12-12,"35","29  day ahead inc hosp",2021-01-10,"quantile",0.8,127.007391568449
"27895",2020-12-12,"35","29  day ahead inc hosp",2021-01-10,"quantile",0.85,132.845152441163
"27896",2020-12-12,"35","29  day ahead inc hosp",2021-01-10,"quantile",0.9,140.190388628177
"27897",2020-12-12,"35","29  day ahead inc hosp",2021-01-10,"quantile",0.95,151.077135140641
"27898",2020-12-12,"35","29  day ahead inc hosp",2021-01-10,"quantile",0.975,160.519764156381
"27899",2020-12-12,"35","29  day ahead inc hosp",2021-01-10,"quantile",0.99,171.498861042866
"27900",2020-12-12,"35","30  day ahead inc hosp",2021-01-11,"quantile",0.01,32.1977290589145
"27901",2020-12-12,"35","30  day ahead inc hosp",2021-01-11,"quantile",0.025,43.2963284611817
"27902",2020-12-12,"35","30  day ahead inc hosp",2021-01-11,"quantile",0.05,52.8417362331938
"27903",2020-12-12,"35","30  day ahead inc hosp",2021-01-11,"quantile",0.1,63.8469800692879
"27904",2020-12-12,"35","30  day ahead inc hosp",2021-01-11,"quantile",0.15,71.2721658379883
"27905",2020-12-12,"35","30  day ahead inc hosp",2021-01-11,"quantile",0.2,77.1734681037725
"27906",2020-12-12,"35","30  day ahead inc hosp",2021-01-11,"quantile",0.25,82.236259985898
"27907",2020-12-12,"35","30  day ahead inc hosp",2021-01-11,"quantile",0.3,86.7828035682078
"27908",2020-12-12,"35","30  day ahead inc hosp",2021-01-11,"quantile",0.35,90.9958537676609
"27909",2020-12-12,"35","30  day ahead inc hosp",2021-01-11,"quantile",0.4,94.9936264118647
"27910",2020-12-12,"35","30  day ahead inc hosp",2021-01-11,"quantile",0.45,98.8615177109778
"27911",2020-12-12,"35","30  day ahead inc hosp",2021-01-11,"quantile",0.5,102.668085054848
"27912",2020-12-12,"35","30  day ahead inc hosp",2021-01-11,"quantile",0.55,106.474652398718
"27913",2020-12-12,"35","30  day ahead inc hosp",2021-01-11,"quantile",0.6,110.342543697831
"27914",2020-12-12,"35","30  day ahead inc hosp",2021-01-11,"quantile",0.65,114.340316342035
"27915",2020-12-12,"35","30  day ahead inc hosp",2021-01-11,"quantile",0.7,118.553366541488
"27916",2020-12-12,"35","30  day ahead inc hosp",2021-01-11,"quantile",0.75,123.099910123798
"27917",2020-12-12,"35","30  day ahead inc hosp",2021-01-11,"quantile",0.8,128.162702005923
"27918",2020-12-12,"35","30  day ahead inc hosp",2021-01-11,"quantile",0.85,134.064004271708
"27919",2020-12-12,"35","30  day ahead inc hosp",2021-01-11,"quantile",0.9,141.489190040408
"27920",2020-12-12,"35","30  day ahead inc hosp",2021-01-11,"quantile",0.95,152.494433876502
"27921",2020-12-12,"35","30  day ahead inc hosp",2021-01-11,"quantile",0.975,162.039841648514
"27922",2020-12-12,"35","30  day ahead inc hosp",2021-01-11,"quantile",0.99,173.138441050781
"27923",2020-12-12,"35","31  day ahead inc hosp",2021-01-12,"quantile",0.01,32.3278344120185
"27924",2020-12-12,"35","31  day ahead inc hosp",2021-01-12,"quantile",0.025,43.5446632393294
"27925",2020-12-12,"35","31  day ahead inc hosp",2021-01-12,"quantile",0.05,53.1917548393444
"27926",2020-12-12,"35","31  day ahead inc hosp",2021-01-12,"quantile",0.1,64.3142336168981
"27927",2020-12-12,"35","31  day ahead inc hosp",2021-01-12,"quantile",0.15,71.8185172440271
"27928",2020-12-12,"35","31  day ahead inc hosp",2021-01-12,"quantile",0.2,77.7826839802372
"27929",2020-12-12,"35","31  day ahead inc hosp",2021-01-12,"quantile",0.25,82.8994079804295
"27930",2020-12-12,"35","31  day ahead inc hosp",2021-01-12,"quantile",0.3,87.4943842716056
"27931",2020-12-12,"35","31  day ahead inc hosp",2021-01-12,"quantile",0.35,91.7523145937398
"27932",2020-12-12,"35","31  day ahead inc hosp",2021-01-12,"quantile",0.4,95.7926740855312
"27933",2020-12-12,"35","31  day ahead inc hosp",2021-01-12,"quantile",0.45,99.7017686525388
"27934",2020-12-12,"35","31  day ahead inc hosp",2021-01-12,"quantile",0.5,103.548886002058
"27935",2020-12-12,"35","31  day ahead inc hosp",2021-01-12,"quantile",0.55,107.396003351577
"27936",2020-12-12,"35","31  day ahead inc hosp",2021-01-12,"quantile",0.6,111.305097918584
"27937",2020-12-12,"35","31  day ahead inc hosp",2021-01-12,"quantile",0.65,115.345457410376
"27938",2020-12-12,"35","31  day ahead inc hosp",2021-01-12,"quantile",0.7,119.60338773251
"27939",2020-12-12,"35","31  day ahead inc hosp",2021-01-12,"quantile",0.75,124.198364023686
"27940",2020-12-12,"35","31  day ahead inc hosp",2021-01-12,"quantile",0.8,129.315088023878
"27941",2020-12-12,"35","31  day ahead inc hosp",2021-01-12,"quantile",0.85,135.279254760088
"27942",2020-12-12,"35","31  day ahead inc hosp",2021-01-12,"quantile",0.9,142.783538387217
"27943",2020-12-12,"35","31  day ahead inc hosp",2021-01-12,"quantile",0.95,153.906017164771
"27944",2020-12-12,"35","31  day ahead inc hosp",2021-01-12,"quantile",0.975,163.553108764786
"27945",2020-12-12,"35","31  day ahead inc hosp",2021-01-12,"quantile",0.99,174.769937592097
"27946",2020-12-12,"35","32  day ahead inc hosp",2021-01-13,"quantile",0.01,32.4657702618855
"27947",2020-12-12,"35","32  day ahead inc hosp",2021-01-13,"quantile",0.025,43.7995952645217
"27948",2020-12-12,"35","32  day ahead inc hosp",2021-01-13,"quantile",0.05,53.5473100297459
"27949",2020-12-12,"35","32  day ahead inc hosp",2021-01-13,"quantile",0.1,64.785800872487
"27950",2020-12-12,"35","32  day ahead inc hosp",2021-01-13,"quantile",0.15,72.3683572892295
"27951",2020-12-12,"35","32  day ahead inc hosp",2021-01-13,"quantile",0.2,78.3947327573264
"27952",2020-12-12,"35","32  day ahead inc hosp",2021-01-13,"quantile",0.25,83.5648263103071
"27953",2020-12-12,"35","32  day ahead inc hosp",2021-01-13,"quantile",0.3,88.2077301093425
"27954",2020-12-12,"35","32  day ahead inc hosp",2021-01-13,"quantile",0.35,92.5100724101349
"27955",2020-12-12,"35","32  day ahead inc hosp",2021-01-13,"quantile",0.4,96.5925745266161
"27956",2020-12-12,"35","32  day ahead inc hosp",2021-01-13,"quantile",0.45,100.542442570724
"27957",2020-12-12,"35","32  day ahead inc hosp",2021-01-13,"quantile",0.5,104.429686949268
"27958",2020-12-12,"35","32  day ahead inc hosp",2021-01-13,"quantile",0.55,108.316931327811
"27959",2020-12-12,"35","32  day ahead inc hosp",2021-01-13,"quantile",0.6,112.266799371919
"27960",2020-12-12,"35","32  day ahead inc hosp",2021-01-13,"quantile",0.65,116.3493014884
"27961",2020-12-12,"35","32  day ahead inc hosp",2021-01-13,"quantile",0.7,120.651643789193
"27962",2020-12-12,"35","32  day ahead inc hosp",2021-01-13,"quantile",0.75,125.294547588228
"27963",2020-12-12,"35","32  day ahead inc hosp",2021-01-13,"quantile",0.8,130.464641141209
"27964",2020-12-12,"35","32  day ahead inc hosp",2021-01-13,"quantile",0.85,136.491016609306
"27965",2020-12-12,"35","32  day ahead inc hosp",2021-01-13,"quantile",0.9,144.073573026048
"27966",2020-12-12,"35","32  day ahead inc hosp",2021-01-13,"quantile",0.95,155.312063868789
"27967",2020-12-12,"35","32  day ahead inc hosp",2021-01-13,"quantile",0.975,165.059778634013
"27968",2020-12-12,"35","32  day ahead inc hosp",2021-01-13,"quantile",0.99,176.39360363665
"27969",2020-12-12,"35","33  day ahead inc hosp",2021-01-14,"quantile",0.01,32.6112965640704
"27970",2020-12-12,"35","33  day ahead inc hosp",2021-01-14,"quantile",0.025,44.0609222976728
"27971",2020-12-12,"35","33  day ahead inc hosp",2021-01-14,"quantile",0.05,53.9082320800073
"27972",2020-12-12,"35","33  day ahead inc hosp",2021-01-14,"quantile",0.1,65.2615495990243
"27973",2020-12-12,"35","33  day ahead inc hosp",2021-01-14,"quantile",0.15,72.9215790291094
"27974",2020-12-12,"35","33  day ahead inc hosp",2021-01-14,"quantile",0.2,79.0095275922664
"27975",2020-12-12,"35","33  day ahead inc hosp",2021-01-14,"quantile",0.25,84.2324453782364
"27976",2020-12-12,"35","33  day ahead inc hosp",2021-01-14,"quantile",0.3,88.9227869710977
"27977",2020-12-12,"35","33  day ahead inc hosp",2021-01-14,"quantile",0.35,93.2690874575143
"27978",2020-12-12,"35","33  day ahead inc hosp",2021-01-14,"quantile",0.4,97.3933015934725
"27979",2020-12-12,"35","33  day ahead inc hosp",2021-01-14,"quantile",0.45,101.383526499153
"27980",2020-12-12,"35","33  day ahead inc hosp",2021-01-14,"quantile",0.5,105.310487896477
"27981",2020-12-12,"35","33  day ahead inc hosp",2021-01-14,"quantile",0.55,109.237449293801
"27982",2020-12-12,"35","33  day ahead inc hosp",2021-01-14,"quantile",0.6,113.227674199482
"27983",2020-12-12,"35","33  day ahead inc hosp",2021-01-14,"quantile",0.65,117.35188833544
"27984",2020-12-12,"35","33  day ahead inc hosp",2021-01-14,"quantile",0.7,121.698188821857
"27985",2020-12-12,"35","33  day ahead inc hosp",2021-01-14,"quantile",0.75,126.388530414718
"27986",2020-12-12,"35","33  day ahead inc hosp",2021-01-14,"quantile",0.8,131.611448200688
"27987",2020-12-12,"35","33  day ahead inc hosp",2021-01-14,"quantile",0.85,137.699396763845
"27988",2020-12-12,"35","33  day ahead inc hosp",2021-01-14,"quantile",0.9,145.35942619393
"27989",2020-12-12,"35","33  day ahead inc hosp",2021-01-14,"quantile",0.95,156.712743712947
"27990",2020-12-12,"35","33  day ahead inc hosp",2021-01-14,"quantile",0.975,166.560053495282
"27991",2020-12-12,"35","33  day ahead inc hosp",2021-01-14,"quantile",0.99,178.009679228884
"27992",2020-12-12,"35","34  day ahead inc hosp",2021-01-15,"quantile",0.01,32.7641852934085
"27993",2020-12-12,"35","34  day ahead inc hosp",2021-01-15,"quantile",0.025,44.3284522260228
"27994",2020-12-12,"35","34  day ahead inc hosp",2021-01-15,"quantile",0.05,54.2743597640181
"27995",2020-12-12,"35","34  day ahead inc hosp",2021-01-15,"quantile",0.1,65.7413541807283
"27996",2020-12-12,"35","34  day ahead inc hosp",2021-01-15,"quantile",0.15,73.4780808740046
"27997",2020-12-12,"35","34  day ahead inc hosp",2021-01-15,"quantile",0.2,79.6269859905934
"27998",2020-12-12,"35","34  day ahead inc hosp",2021-01-15,"quantile",0.25,84.9021990717333
"27999",2020-12-12,"35","34  day ahead inc hosp",2021-01-15,"quantile",0.3,89.6395034559113
"28000",2020-12-12,"35","34  day ahead inc hosp",2021-01-15,"quantile",0.35,94.0293219673379
"28001",2020-12-12,"35","34  day ahead inc hosp",2021-01-15,"quantile",0.4,98.1948304533936
"28002",2020-12-12,"35","34  day ahead inc hosp",2021-01-15,"quantile",0.45,102.225008120689
"28003",2020-12-12,"35","34  day ahead inc hosp",2021-01-15,"quantile",0.5,106.191288843687
"28004",2020-12-12,"35","34  day ahead inc hosp",2021-01-15,"quantile",0.55,110.157569566685
"28005",2020-12-12,"35","34  day ahead inc hosp",2021-01-15,"quantile",0.6,114.187747233981
"28006",2020-12-12,"35","34  day ahead inc hosp",2021-01-15,"quantile",0.65,118.353255720036
"28007",2020-12-12,"35","34  day ahead inc hosp",2021-01-15,"quantile",0.7,122.743074231463
"28008",2020-12-12,"35","34  day ahead inc hosp",2021-01-15,"quantile",0.75,127.480378615641
"28009",2020-12-12,"35","34  day ahead inc hosp",2021-01-15,"quantile",0.8,132.755591696781
"28010",2020-12-12,"35","34  day ahead inc hosp",2021-01-15,"quantile",0.85,138.90449681337
"28011",2020-12-12,"35","34  day ahead inc hosp",2021-01-15,"quantile",0.9,146.641223506646
"28012",2020-12-12,"35","34  day ahead inc hosp",2021-01-15,"quantile",0.95,158.108217923356
"28013",2020-12-12,"35","34  day ahead inc hosp",2021-01-15,"quantile",0.975,168.054125461352
"28014",2020-12-12,"35","34  day ahead inc hosp",2021-01-15,"quantile",0.99,179.618392393966
"28015",2020-12-12,"35","35  day ahead inc hosp",2021-01-16,"quantile",0.01,32.924219617973
"28016",2020-12-12,"35","35  day ahead inc hosp",2021-01-16,"quantile",0.025,44.6020023671915
"28017",2020-12-12,"35","35  day ahead inc hosp",2021-01-16,"quantile",0.05,54.6455397698919
"28018",2020-12-12,"35","35  day ahead inc hosp",2021-01-16,"quantile",0.1,66.2250951680109
"28019",2020-12-12,"35","35  day ahead inc hosp",2021-01-16,"quantile",0.15,74.0377662210593
"28020",2020-12-12,"35","35  day ahead inc hosp",2021-01-16,"quantile",0.2,80.2470295073097
"28021",2020-12-12,"35","35  day ahead inc hosp",2021-01-16,"quantile",0.25,85.574024523626
"28022",2020-12-12,"35","35  day ahead inc hosp",2021-01-16,"quantile",0.3,90.3578306859803
"28023",2020-12-12,"35","35  day ahead inc hosp",2021-01-16,"quantile",0.35,94.7907400250376
"28024",2020-12-12,"35","35  day ahead inc hosp",2021-01-16,"quantile",0.4,98.9971374926536
"28025",2020-12-12,"35","35  day ahead inc hosp",2021-01-16,"quantile",0.45,103.066875722813
"28026",2020-12-12,"35","35  day ahead inc hosp",2021-01-16,"quantile",0.5,107.072089790897
"28027",2020-12-12,"35","35  day ahead inc hosp",2021-01-16,"quantile",0.55,111.077303858981
"28028",2020-12-12,"35","35  day ahead inc hosp",2021-01-16,"quantile",0.6,115.14704208914
"28029",2020-12-12,"35","35  day ahead inc hosp",2021-01-16,"quantile",0.65,119.353439556756
"28030",2020-12-12,"35","35  day ahead inc hosp",2021-01-16,"quantile",0.7,123.786348895814
"28031",2020-12-12,"35","35  day ahead inc hosp",2021-01-16,"quantile",0.75,128.570155058168
"28032",2020-12-12,"35","35  day ahead inc hosp",2021-01-16,"quantile",0.8,133.897150074484
"28033",2020-12-12,"35","35  day ahead inc hosp",2021-01-16,"quantile",0.85,140.106413360735
"28034",2020-12-12,"35","35  day ahead inc hosp",2021-01-16,"quantile",0.9,147.919084413783
"28035",2020-12-12,"35","35  day ahead inc hosp",2021-01-16,"quantile",0.95,159.498639811902
"28036",2020-12-12,"35","35  day ahead inc hosp",2021-01-16,"quantile",0.975,169.542177214602
"28037",2020-12-12,"35","35  day ahead inc hosp",2021-01-16,"quantile",0.99,181.219959963821
"28038",2020-12-12,"35","36  day ahead inc hosp",2021-01-17,"quantile",0.01,33.0480723690572
"28039",2020-12-12,"35","36  day ahead inc hosp",2021-01-17,"quantile",0.025,44.8382780579811
"28040",2020-12-12,"35","36  day ahead inc hosp",2021-01-17,"quantile",0.05,54.9785053909621
"28041",2020-12-12,"35","36  day ahead inc hosp",2021-01-17,"quantile",0.1,66.6695380862953
"28042",2020-12-12,"35","36  day ahead inc hosp",2021-01-17,"quantile",0.15,74.5574223425345
"28043",2020-12-12,"35","36  day ahead inc hosp",2021-01-17,"quantile",0.2,80.8264626983738
"28044",2020-12-12,"35","36  day ahead inc hosp",2021-01-17,"quantile",0.25,86.2047411177463
"28045",2020-12-12,"35","36  day ahead inc hosp",2021-01-17,"quantile",0.3,91.0346013610252
"28046",2020-12-12,"35","36  day ahead inc hosp",2021-01-17,"quantile",0.35,95.5101866694893
"28047",2020-12-12,"35","36  day ahead inc hosp",2021-01-17,"quantile",0.4,99.7570794587801
"28048",2020-12-12,"35","36  day ahead inc hosp",2021-01-17,"quantile",0.45,103.865997381309
"28049",2020-12-12,"35","36  day ahead inc hosp",2021-01-17,"quantile",0.5,107.909769962541
"28050",2020-12-12,"35","36  day ahead inc hosp",2021-01-17,"quantile",0.55,111.953542543773
"28051",2020-12-12,"35","36  day ahead inc hosp",2021-01-17,"quantile",0.6,116.062460466302
"28052",2020-12-12,"35","36  day ahead inc hosp",2021-01-17,"quantile",0.65,120.309353255593
"28053",2020-12-12,"35","36  day ahead inc hosp",2021-01-17,"quantile",0.7,124.784938564057
"28054",2020-12-12,"35","36  day ahead inc hosp",2021-01-17,"quantile",0.75,129.614798807336
"28055",2020-12-12,"35","36  day ahead inc hosp",2021-01-17,"quantile",0.8,134.993077226708
"28056",2020-12-12,"35","36  day ahead inc hosp",2021-01-17,"quantile",0.85,141.262117582548
"28057",2020-12-12,"35","36  day ahead inc hosp",2021-01-17,"quantile",0.9,149.150001838787
"28058",2020-12-12,"35","36  day ahead inc hosp",2021-01-17,"quantile",0.95,160.84103453412
"28059",2020-12-12,"35","36  day ahead inc hosp",2021-01-17,"quantile",0.975,170.981261867101
"28060",2020-12-12,"35","36  day ahead inc hosp",2021-01-17,"quantile",0.99,182.771467556025
"28061",2020-12-12,"35","37  day ahead inc hosp",2021-01-18,"quantile",0.01,33.2217884531328
"28062",2020-12-12,"35","37  day ahead inc hosp",2021-01-18,"quantile",0.025,45.1233551750531
"28063",2020-12-12,"35","37  day ahead inc hosp",2021-01-18,"quantile",0.05,55.3593591399617
"28064",2020-12-12,"35","37  day ahead inc hosp",2021-01-18,"quantile",0.1,67.1608161579996
"28065",2020-12-12,"35","37  day ahead inc hosp",2021-01-18,"quantile",0.15,75.1232031805269
"28066",2020-12-12,"35","37  day ahead inc hosp",2021-01-18,"quantile",0.2,81.4514559732263
"28067",2020-12-12,"35","37  day ahead inc hosp",2021-01-18,"quantile",0.25,86.8805333910494
"28068",2020-12-12,"35","37  day ahead inc hosp",2021-01-18,"quantile",0.3,91.756012704946
"28069",2020-12-12,"35","37  day ahead inc hosp",2021-01-18,"quantile",0.35,96.2738708809379
"28070",2020-12-12,"35","37  day ahead inc hosp",2021-01-18,"quantile",0.4,100.56087648764
"28071",2020-12-12,"35","37  day ahead inc hosp",2021-01-18,"quantile",0.45,104.708604025236
"28072",2020-12-12,"35","37  day ahead inc hosp",2021-01-18,"quantile",0.5,108.790570909751
"28073",2020-12-12,"35","37  day ahead inc hosp",2021-01-18,"quantile",0.55,112.872537794266
"28074",2020-12-12,"35","37  day ahead inc hosp",2021-01-18,"quantile",0.6,117.020265331862
"28075",2020-12-12,"35","37  day ahead inc hosp",2021-01-18,"quantile",0.65,121.307270938564
"28076",2020-12-12,"35","37  day ahead inc hosp",2021-01-18,"quantile",0.7,125.825129114556
"28077",2020-12-12,"35","37  day ahead inc hosp",2021-01-18,"quantile",0.75,130.700608428452
"28078",2020-12-12,"35","37  day ahead inc hosp",2021-01-18,"quantile",0.8,136.129685846275
"28079",2020-12-12,"35","37  day ahead inc hosp",2021-01-18,"quantile",0.85,142.457938638975
"28080",2020-12-12,"35","37  day ahead inc hosp",2021-01-18,"quantile",0.9,150.420325661502
"28081",2020-12-12,"35","37  day ahead inc hosp",2021-01-18,"quantile",0.95,162.22178267954
"28082",2020-12-12,"35","37  day ahead inc hosp",2021-01-18,"quantile",0.975,172.457786644449
"28083",2020-12-12,"35","37  day ahead inc hosp",2021-01-18,"quantile",0.99,184.359353366369
"28084",2020-12-12,"36","1  day ahead inc hosp",2020-12-13,"quantile",0.01,438.173006647894
"28085",2020-12-12,"36","1  day ahead inc hosp",2020-12-13,"quantile",0.025,459.333081621154
"28086",2020-12-12,"36","1  day ahead inc hosp",2020-12-13,"quantile",0.05,477.531913454373
"28087",2020-12-12,"36","1  day ahead inc hosp",2020-12-13,"quantile",0.1,498.514001034108
"28088",2020-12-12,"36","1  day ahead inc hosp",2020-12-13,"quantile",0.15,512.670515911471
"28089",2020-12-12,"36","1  day ahead inc hosp",2020-12-13,"quantile",0.2,523.921665165345
"28090",2020-12-12,"36","1  day ahead inc hosp",2020-12-13,"quantile",0.25,533.574149403843
"28091",2020-12-12,"36","1  day ahead inc hosp",2020-12-13,"quantile",0.3,542.242378572581
"28092",2020-12-12,"36","1  day ahead inc hosp",2020-12-13,"quantile",0.35,550.274784721805
"28093",2020-12-12,"36","1  day ahead inc hosp",2020-12-13,"quantile",0.4,557.896752666708
"28094",2020-12-12,"36","1  day ahead inc hosp",2020-12-13,"quantile",0.45,565.271094861718
"28095",2020-12-12,"36","1  day ahead inc hosp",2020-12-13,"quantile",0.5,572.528519647282
"28096",2020-12-12,"36","1  day ahead inc hosp",2020-12-13,"quantile",0.55,579.785944432845
"28097",2020-12-12,"36","1  day ahead inc hosp",2020-12-13,"quantile",0.6,587.160286627856
"28098",2020-12-12,"36","1  day ahead inc hosp",2020-12-13,"quantile",0.65,594.782254572759
"28099",2020-12-12,"36","1  day ahead inc hosp",2020-12-13,"quantile",0.7,602.814660721982
"28100",2020-12-12,"36","1  day ahead inc hosp",2020-12-13,"quantile",0.75,611.482889890721
"28101",2020-12-12,"36","1  day ahead inc hosp",2020-12-13,"quantile",0.8,621.135374129219
"28102",2020-12-12,"36","1  day ahead inc hosp",2020-12-13,"quantile",0.85,632.386523383093
"28103",2020-12-12,"36","1  day ahead inc hosp",2020-12-13,"quantile",0.9,646.543038260456
"28104",2020-12-12,"36","1  day ahead inc hosp",2020-12-13,"quantile",0.95,667.525125840191
"28105",2020-12-12,"36","1  day ahead inc hosp",2020-12-13,"quantile",0.975,685.723957673409
"28106",2020-12-12,"36","1  day ahead inc hosp",2020-12-13,"quantile",0.99,706.88403264667
"28107",2020-12-12,"36","2  day ahead inc hosp",2020-12-14,"quantile",0.01,462.147348776512
"28108",2020-12-12,"36","2  day ahead inc hosp",2020-12-14,"quantile",0.025,485.473842674273
"28109",2020-12-12,"36","2  day ahead inc hosp",2020-12-14,"quantile",0.05,505.535914299274
"28110",2020-12-12,"36","2  day ahead inc hosp",2020-12-14,"quantile",0.1,528.666198029812
"28111",2020-12-12,"36","2  day ahead inc hosp",2020-12-14,"quantile",0.15,544.272090651538
"28112",2020-12-12,"36","2  day ahead inc hosp",2020-12-14,"quantile",0.2,556.675159390422
"28113",2020-12-12,"36","2  day ahead inc hosp",2020-12-14,"quantile",0.25,567.315887978203
"28114",2020-12-12,"36","2  day ahead inc hosp",2020-12-14,"quantile",0.3,576.871591115573
"28115",2020-12-12,"36","2  day ahead inc hosp",2020-12-14,"quantile",0.35,585.726374156794
"28116",2020-12-12,"36","2  day ahead inc hosp",2020-12-14,"quantile",0.4,594.128697351792
"28117",2020-12-12,"36","2  day ahead inc hosp",2020-12-14,"quantile",0.45,602.258042282246
"28118",2020-12-12,"36","2  day ahead inc hosp",2020-12-14,"quantile",0.5,610.258499520126
"28119",2020-12-12,"36","2  day ahead inc hosp",2020-12-14,"quantile",0.55,618.258956758006
"28120",2020-12-12,"36","2  day ahead inc hosp",2020-12-14,"quantile",0.6,626.388301688461
"28121",2020-12-12,"36","2  day ahead inc hosp",2020-12-14,"quantile",0.65,634.790624883458
"28122",2020-12-12,"36","2  day ahead inc hosp",2020-12-14,"quantile",0.7,643.645407924679
"28123",2020-12-12,"36","2  day ahead inc hosp",2020-12-14,"quantile",0.75,653.201111062049
"28124",2020-12-12,"36","2  day ahead inc hosp",2020-12-14,"quantile",0.8,663.84183964983
"28125",2020-12-12,"36","2  day ahead inc hosp",2020-12-14,"quantile",0.85,676.244908388714
"28126",2020-12-12,"36","2  day ahead inc hosp",2020-12-14,"quantile",0.9,691.85080101044
"28127",2020-12-12,"36","2  day ahead inc hosp",2020-12-14,"quantile",0.95,714.981084740978
"28128",2020-12-12,"36","2  day ahead inc hosp",2020-12-14,"quantile",0.975,735.043156365979
"28129",2020-12-12,"36","2  day ahead inc hosp",2020-12-14,"quantile",0.99,758.36965026374
"28130",2020-12-12,"36","3  day ahead inc hosp",2020-12-15,"quantile",0.01,481.442068828096
"28131",2020-12-12,"36","3  day ahead inc hosp",2020-12-15,"quantile",0.025,505.727681118796
"28132",2020-12-12,"36","3  day ahead inc hosp",2020-12-15,"quantile",0.05,526.614647474242
"28133",2020-12-12,"36","3  day ahead inc hosp",2020-12-15,"quantile",0.1,550.695981999517
"28134",2020-12-12,"36","3  day ahead inc hosp",2020-12-15,"quantile",0.15,566.943544077328
"28135",2020-12-12,"36","3  day ahead inc hosp",2020-12-15,"quantile",0.2,579.856591358572
"28136",2020-12-12,"36","3  day ahead inc hosp",2020-12-15,"quantile",0.25,590.934836126348
"28137",2020-12-12,"36","3  day ahead inc hosp",2020-12-15,"quantile",0.3,600.883442315359
"28138",2020-12-12,"36","3  day ahead inc hosp",2020-12-15,"quantile",0.35,610.102308588186
"28139",2020-12-12,"36","3  day ahead inc hosp",2020-12-15,"quantile",0.4,618.850111166201
"28140",2020-12-12,"36","3  day ahead inc hosp",2020-12-15,"quantile",0.45,627.313711397924
"28141",2020-12-12,"36","3  day ahead inc hosp",2020-12-15,"quantile",0.5,635.643124445555
"28142",2020-12-12,"36","3  day ahead inc hosp",2020-12-15,"quantile",0.55,643.972537493186
"28143",2020-12-12,"36","3  day ahead inc hosp",2020-12-15,"quantile",0.6,652.43613772491
"28144",2020-12-12,"36","3  day ahead inc hosp",2020-12-15,"quantile",0.65,661.183940302924
"28145",2020-12-12,"36","3  day ahead inc hosp",2020-12-15,"quantile",0.7,670.402806575751
"28146",2020-12-12,"36","3  day ahead inc hosp",2020-12-15,"quantile",0.75,680.351412764762
"28147",2020-12-12,"36","3  day ahead inc hosp",2020-12-15,"quantile",0.8,691.429657532538
"28148",2020-12-12,"36","3  day ahead inc hosp",2020-12-15,"quantile",0.85,704.342704813783
"28149",2020-12-12,"36","3  day ahead inc hosp",2020-12-15,"quantile",0.9,720.590266891593
"28150",2020-12-12,"36","3  day ahead inc hosp",2020-12-15,"quantile",0.95,744.671601416868
"28151",2020-12-12,"36","3  day ahead inc hosp",2020-12-15,"quantile",0.975,765.558567772314
"28152",2020-12-12,"36","3  day ahead inc hosp",2020-12-15,"quantile",0.99,789.844180063015
"28153",2020-12-12,"36","4  day ahead inc hosp",2020-12-16,"quantile",0.01,495.799171257791
"28154",2020-12-12,"36","4  day ahead inc hosp",2020-12-16,"quantile",0.025,520.967711352428
"28155",2020-12-12,"36","4  day ahead inc hosp",2020-12-16,"quantile",0.05,542.614044328503
"28156",2020-12-12,"36","4  day ahead inc hosp",2020-12-16,"quantile",0.1,567.570879934572
"28157",2020-12-12,"36","4  day ahead inc hosp",2020-12-16,"quantile",0.15,584.409138435144
"28158",2020-12-12,"36","4  day ahead inc hosp",2020-12-16,"quantile",0.2,597.791652507741
"28159",2020-12-12,"36","4  day ahead inc hosp",2020-12-16,"quantile",0.25,609.272657980382
"28160",2020-12-12,"36","4  day ahead inc hosp",2020-12-16,"quantile",0.3,619.582955730204
"28161",2020-12-12,"36","4  day ahead inc hosp",2020-12-16,"quantile",0.35,629.136983136941
"28162",2020-12-12,"36","4  day ahead inc hosp",2020-12-16,"quantile",0.4,638.202820855558
"28163",2020-12-12,"36","4  day ahead inc hosp",2020-12-16,"quantile",0.45,646.974123766404
"28164",2020-12-12,"36","4  day ahead inc hosp",2020-12-16,"quantile",0.5,655.606360983432
"28165",2020-12-12,"36","4  day ahead inc hosp",2020-12-16,"quantile",0.55,664.238598200459
"28166",2020-12-12,"36","4  day ahead inc hosp",2020-12-16,"quantile",0.6,673.009901111306
"28167",2020-12-12,"36","4  day ahead inc hosp",2020-12-16,"quantile",0.65,682.075738829922
"28168",2020-12-12,"36","4  day ahead inc hosp",2020-12-16,"quantile",0.7,691.629766236659
"28169",2020-12-12,"36","4  day ahead inc hosp",2020-12-16,"quantile",0.75,701.940063986482
"28170",2020-12-12,"36","4  day ahead inc hosp",2020-12-16,"quantile",0.8,713.421069459123
"28171",2020-12-12,"36","4  day ahead inc hosp",2020-12-16,"quantile",0.85,726.80358353172
"28172",2020-12-12,"36","4  day ahead inc hosp",2020-12-16,"quantile",0.9,743.641842032291
"28173",2020-12-12,"36","4  day ahead inc hosp",2020-12-16,"quantile",0.95,768.59867763836
"28174",2020-12-12,"36","4  day ahead inc hosp",2020-12-16,"quantile",0.975,790.245010614436
"28175",2020-12-12,"36","4  day ahead inc hosp",2020-12-16,"quantile",0.99,815.413550709072
"28176",2020-12-12,"36","5  day ahead inc hosp",2020-12-17,"quantile",0.01,506.227514129205
"28177",2020-12-12,"36","5  day ahead inc hosp",2020-12-17,"quantile",0.025,532.463119892889
"28178",2020-12-12,"36","5  day ahead inc hosp",2020-12-17,"quantile",0.05,555.027188212081
"28179",2020-12-12,"36","5  day ahead inc hosp",2020-12-17,"quantile",0.1,581.042113893424
"28180",2020-12-12,"36","5  day ahead inc hosp",2020-12-17,"quantile",0.15,598.594260744489
"28181",2020-12-12,"36","5  day ahead inc hosp",2020-12-17,"quantile",0.2,612.544150647337
"28182",2020-12-12,"36","5  day ahead inc hosp",2020-12-17,"quantile",0.25,624.511914062232
"28183",2020-12-12,"36","5  day ahead inc hosp",2020-12-17,"quantile",0.3,635.259335488085
"28184",2020-12-12,"36","5  day ahead inc hosp",2020-12-17,"quantile",0.35,645.218423125114
"28185",2020-12-12,"36","5  day ahead inc hosp",2020-12-17,"quantile",0.4,654.668623391352
"28186",2020-12-12,"36","5  day ahead inc hosp",2020-12-17,"quantile",0.45,663.811801515213
"28187",2020-12-12,"36","5  day ahead inc hosp",2020-12-17,"quantile",0.5,672.810018004249
"28188",2020-12-12,"36","5  day ahead inc hosp",2020-12-17,"quantile",0.55,681.808234493286
"28189",2020-12-12,"36","5  day ahead inc hosp",2020-12-17,"quantile",0.6,690.951412617147
"28190",2020-12-12,"36","5  day ahead inc hosp",2020-12-17,"quantile",0.65,700.401612883385
"28191",2020-12-12,"36","5  day ahead inc hosp",2020-12-17,"quantile",0.7,710.360700520414
"28192",2020-12-12,"36","5  day ahead inc hosp",2020-12-17,"quantile",0.75,721.108121946267
"28193",2020-12-12,"36","5  day ahead inc hosp",2020-12-17,"quantile",0.8,733.075885361161
"28194",2020-12-12,"36","5  day ahead inc hosp",2020-12-17,"quantile",0.85,747.02577526401
"28195",2020-12-12,"36","5  day ahead inc hosp",2020-12-17,"quantile",0.9,764.577922115075
"28196",2020-12-12,"36","5  day ahead inc hosp",2020-12-17,"quantile",0.95,790.592847796417
"28197",2020-12-12,"36","5  day ahead inc hosp",2020-12-17,"quantile",0.975,813.15691611561
"28198",2020-12-12,"36","5  day ahead inc hosp",2020-12-17,"quantile",0.99,839.392521879294
"28199",2020-12-12,"36","6  day ahead inc hosp",2020-12-18,"quantile",0.01,513.330736404161
"28200",2020-12-12,"36","6  day ahead inc hosp",2020-12-18,"quantile",0.025,540.892164086201
"28201",2020-12-12,"36","6  day ahead inc hosp",2020-12-18,"quantile",0.05,564.596512397947
"28202",2020-12-12,"36","6  day ahead inc hosp",2020-12-18,"quantile",0.1,591.926107882739
"28203",2020-12-12,"36","6  day ahead inc hosp",2020-12-18,"quantile",0.15,610.365256208783
"28204",2020-12-12,"36","6  day ahead inc hosp",2020-12-18,"quantile",0.2,625.020106765425
"28205",2020-12-12,"36","6  day ahead inc hosp",2020-12-18,"quantile",0.25,637.592663650387
"28206",2020-12-12,"36","6  day ahead inc hosp",2020-12-18,"quantile",0.3,648.88320830429
"28207",2020-12-12,"36","6  day ahead inc hosp",2020-12-18,"quantile",0.35,659.345580553649
"28208",2020-12-12,"36","6  day ahead inc hosp",2020-12-18,"quantile",0.4,669.273348700677
"28209",2020-12-12,"36","6  day ahead inc hosp",2020-12-18,"quantile",0.45,678.878579276052
"28210",2020-12-12,"36","6  day ahead inc hosp",2020-12-18,"quantile",0.5,688.331522549548
"28211",2020-12-12,"36","6  day ahead inc hosp",2020-12-18,"quantile",0.55,697.784465823044
"28212",2020-12-12,"36","6  day ahead inc hosp",2020-12-18,"quantile",0.6,707.389696398418
"28213",2020-12-12,"36","6  day ahead inc hosp",2020-12-18,"quantile",0.65,717.317464545447
"28214",2020-12-12,"36","6  day ahead inc hosp",2020-12-18,"quantile",0.7,727.779836794806
"28215",2020-12-12,"36","6  day ahead inc hosp",2020-12-18,"quantile",0.75,739.070381448708
"28216",2020-12-12,"36","6  day ahead inc hosp",2020-12-18,"quantile",0.8,751.64293833367
"28217",2020-12-12,"36","6  day ahead inc hosp",2020-12-18,"quantile",0.85,766.297788890313
"28218",2020-12-12,"36","6  day ahead inc hosp",2020-12-18,"quantile",0.9,784.736937216356
"28219",2020-12-12,"36","6  day ahead inc hosp",2020-12-18,"quantile",0.95,812.066532701148
"28220",2020-12-12,"36","6  day ahead inc hosp",2020-12-18,"quantile",0.975,835.770881012895
"28221",2020-12-12,"36","6  day ahead inc hosp",2020-12-18,"quantile",0.99,863.332308694934
"28222",2020-12-12,"36","7  day ahead inc hosp",2020-12-19,"quantile",0.01,517.591130004252
"28223",2020-12-12,"36","7  day ahead inc hosp",2020-12-19,"quantile",0.025,546.736997245011
"28224",2020-12-12,"36","7  day ahead inc hosp",2020-12-19,"quantile",0.05,571.804050987408
"28225",2020-12-12,"36","7  day ahead inc hosp",2020-12-19,"quantile",0.1,600.704758560786
"28226",2020-12-12,"36","7  day ahead inc hosp",2020-12-19,"quantile",0.15,620.203928754126
"28227",2020-12-12,"36","7  day ahead inc hosp",2020-12-19,"quantile",0.2,635.701251087519
"28228",2020-12-12,"36","7  day ahead inc hosp",2020-12-19,"quantile",0.25,648.996573741825
"28229",2020-12-12,"36","7  day ahead inc hosp",2020-12-19,"quantile",0.3,660.936184394612
"28230",2020-12-12,"36","7  day ahead inc hosp",2020-12-19,"quantile",0.35,672.000013022108
"28231",2020-12-12,"36","7  day ahead inc hosp",2020-12-19,"quantile",0.4,682.498504455441
"28232",2020-12-12,"36","7  day ahead inc hosp",2020-12-19,"quantile",0.45,692.655916415243
"28233",2020-12-12,"36","7  day ahead inc hosp",2020-12-19,"quantile",0.5,702.652286445932
"28234",2020-12-12,"36","7  day ahead inc hosp",2020-12-19,"quantile",0.55,712.648656476621
"28235",2020-12-12,"36","7  day ahead inc hosp",2020-12-19,"quantile",0.6,722.806068436423
"28236",2020-12-12,"36","7  day ahead inc hosp",2020-12-19,"quantile",0.65,733.304559869756
"28237",2020-12-12,"36","7  day ahead inc hosp",2020-12-19,"quantile",0.7,744.368388497253
"28238",2020-12-12,"36","7  day ahead inc hosp",2020-12-19,"quantile",0.75,756.30799915004
"28239",2020-12-12,"36","7  day ahead inc hosp",2020-12-19,"quantile",0.8,769.603321804345
"28240",2020-12-12,"36","7  day ahead inc hosp",2020-12-19,"quantile",0.85,785.100644137738
"28241",2020-12-12,"36","7  day ahead inc hosp",2020-12-19,"quantile",0.9,804.599814331079
"28242",2020-12-12,"36","7  day ahead inc hosp",2020-12-19,"quantile",0.95,833.500521904456
"28243",2020-12-12,"36","7  day ahead inc hosp",2020-12-19,"quantile",0.975,858.567575646854
"28244",2020-12-12,"36","7  day ahead inc hosp",2020-12-19,"quantile",0.99,887.713442887613
"28245",2020-12-12,"36","8  day ahead inc hosp",2020-12-20,"quantile",0.01,547.572638916001
"28246",2020-12-12,"36","8  day ahead inc hosp",2020-12-20,"quantile",0.025,578.527725120283
"28247",2020-12-12,"36","8  day ahead inc hosp",2020-12-20,"quantile",0.05,605.150806982063
"28248",2020-12-12,"36","8  day ahead inc hosp",2020-12-20,"quantile",0.1,635.845515322996
"28249",2020-12-12,"36","8  day ahead inc hosp",2020-12-20,"quantile",0.15,656.555089317168
"28250",2020-12-12,"36","8  day ahead inc hosp",2020-12-20,"quantile",0.2,673.014402220881
"28251",2020-12-12,"36","8  day ahead inc hosp",2020-12-20,"quantile",0.25,687.135027127257
"28252",2020-12-12,"36","8  day ahead inc hosp",2020-12-20,"quantile",0.3,699.815784709441
"28253",2020-12-12,"36","8  day ahead inc hosp",2020-12-20,"quantile",0.35,711.566396419996
"28254",2020-12-12,"36","8  day ahead inc hosp",2020-12-20,"quantile",0.4,722.716577838489
"28255",2020-12-12,"36","8  day ahead inc hosp",2020-12-20,"quantile",0.45,733.504507400878
"28256",2020-12-12,"36","8  day ahead inc hosp",2020-12-20,"quantile",0.5,744.121398415778
"28257",2020-12-12,"36","8  day ahead inc hosp",2020-12-20,"quantile",0.55,754.738289430678
"28258",2020-12-12,"36","8  day ahead inc hosp",2020-12-20,"quantile",0.6,765.526218993068
"28259",2020-12-12,"36","8  day ahead inc hosp",2020-12-20,"quantile",0.65,776.67640041156
"28260",2020-12-12,"36","8  day ahead inc hosp",2020-12-20,"quantile",0.7,788.427012122116
"28261",2020-12-12,"36","8  day ahead inc hosp",2020-12-20,"quantile",0.75,801.1077697043
"28262",2020-12-12,"36","8  day ahead inc hosp",2020-12-20,"quantile",0.8,815.228394610675
"28263",2020-12-12,"36","8  day ahead inc hosp",2020-12-20,"quantile",0.85,831.687707514388
"28264",2020-12-12,"36","8  day ahead inc hosp",2020-12-20,"quantile",0.9,852.397281508561
"28265",2020-12-12,"36","8  day ahead inc hosp",2020-12-20,"quantile",0.95,883.091989849493
"28266",2020-12-12,"36","8  day ahead inc hosp",2020-12-20,"quantile",0.975,909.715071711273
"28267",2020-12-12,"36","8  day ahead inc hosp",2020-12-20,"quantile",0.99,940.670157915556
"28268",2020-12-12,"36","9  day ahead inc hosp",2020-12-21,"quantile",0.01,547.523089346839
"28269",2020-12-12,"36","9  day ahead inc hosp",2020-12-21,"quantile",0.025,580.46698762202
"28270",2020-12-12,"36","9  day ahead inc hosp",2020-12-21,"quantile",0.05,608.800557583294
"28271",2020-12-12,"36","9  day ahead inc hosp",2020-12-21,"quantile",0.1,641.467349156634
"28272",2020-12-12,"36","9  day ahead inc hosp",2020-12-21,"quantile",0.15,663.507478345225
"28273",2020-12-12,"36","9  day ahead inc hosp",2020-12-21,"quantile",0.2,681.024274338004
"28274",2020-12-12,"36","9  day ahead inc hosp",2020-12-21,"quantile",0.25,696.052125574718
"28275",2020-12-12,"36","9  day ahead inc hosp",2020-12-21,"quantile",0.3,709.547600440555
"28276",2020-12-12,"36","9  day ahead inc hosp",2020-12-21,"quantile",0.35,722.053169131562
"28277",2020-12-12,"36","9  day ahead inc hosp",2020-12-21,"quantile",0.4,733.919730897099
"28278",2020-12-12,"36","9  day ahead inc hosp",2020-12-21,"quantile",0.45,745.400766735856
"28279",2020-12-12,"36","9  day ahead inc hosp",2020-12-21,"quantile",0.5,756.69977508897
"28280",2020-12-12,"36","9  day ahead inc hosp",2020-12-21,"quantile",0.55,767.998783442085
"28281",2020-12-12,"36","9  day ahead inc hosp",2020-12-21,"quantile",0.6,779.479819280842
"28282",2020-12-12,"36","9  day ahead inc hosp",2020-12-21,"quantile",0.65,791.346381046379
"28283",2020-12-12,"36","9  day ahead inc hosp",2020-12-21,"quantile",0.7,803.851949737385
"28284",2020-12-12,"36","9  day ahead inc hosp",2020-12-21,"quantile",0.75,817.347424603223
"28285",2020-12-12,"36","9  day ahead inc hosp",2020-12-21,"quantile",0.8,832.375275839937
"28286",2020-12-12,"36","9  day ahead inc hosp",2020-12-21,"quantile",0.85,849.892071832716
"28287",2020-12-12,"36","9  day ahead inc hosp",2020-12-21,"quantile",0.9,871.932201021307
"28288",2020-12-12,"36","9  day ahead inc hosp",2020-12-21,"quantile",0.95,904.598992594646
"28289",2020-12-12,"36","9  day ahead inc hosp",2020-12-21,"quantile",0.975,932.93256255592
"28290",2020-12-12,"36","9  day ahead inc hosp",2020-12-21,"quantile",0.99,965.876460831102
"28291",2020-12-12,"36","10  day ahead inc hosp",2020-12-22,"quantile",0.01,545.939566008984
"28292",2020-12-12,"36","10  day ahead inc hosp",2020-12-22,"quantile",0.025,581.006969980226
"28293",2020-12-12,"36","10  day ahead inc hosp",2020-12-22,"quantile",0.05,611.166871989393
"28294",2020-12-12,"36","10  day ahead inc hosp",2020-12-22,"quantile",0.1,645.939307448547
"28295",2020-12-12,"36","10  day ahead inc hosp",2020-12-22,"quantile",0.15,669.400104570331
"28296",2020-12-12,"36","10  day ahead inc hosp",2020-12-22,"quantile",0.2,688.046002400321
"28297",2020-12-12,"36","10  day ahead inc hosp",2020-12-22,"quantile",0.25,704.042522476228
"28298",2020-12-12,"36","10  day ahead inc hosp",2020-12-22,"quantile",0.3,718.407891897629
"28299",2020-12-12,"36","10  day ahead inc hosp",2020-12-22,"quantile",0.35,731.719547534571
"28300",2020-12-12,"36","10  day ahead inc hosp",2020-12-22,"quantile",0.4,744.351006984386
"28301",2020-12-12,"36","10  day ahead inc hosp",2020-12-22,"quantile",0.45,756.572090184771
"28302",2020-12-12,"36","10  day ahead inc hosp",2020-12-22,"quantile",0.5,768.599412728187
"28303",2020-12-12,"36","10  day ahead inc hosp",2020-12-22,"quantile",0.55,780.626735271603
"28304",2020-12-12,"36","10  day ahead inc hosp",2020-12-22,"quantile",0.6,792.847818471988
"28305",2020-12-12,"36","10  day ahead inc hosp",2020-12-22,"quantile",0.65,805.479277921803
"28306",2020-12-12,"36","10  day ahead inc hosp",2020-12-22,"quantile",0.7,818.790933558744
"28307",2020-12-12,"36","10  day ahead inc hosp",2020-12-22,"quantile",0.75,833.156302980146
"28308",2020-12-12,"36","10  day ahead inc hosp",2020-12-22,"quantile",0.8,849.152823056053
"28309",2020-12-12,"36","10  day ahead inc hosp",2020-12-22,"quantile",0.85,867.798720886043
"28310",2020-12-12,"36","10  day ahead inc hosp",2020-12-22,"quantile",0.9,891.259518007827
"28311",2020-12-12,"36","10  day ahead inc hosp",2020-12-22,"quantile",0.95,926.03195346698
"28312",2020-12-12,"36","10  day ahead inc hosp",2020-12-22,"quantile",0.975,956.191855476148
"28313",2020-12-12,"36","10  day ahead inc hosp",2020-12-22,"quantile",0.99,991.25925944739
"28314",2020-12-12,"36","11  day ahead inc hosp",2020-12-23,"quantile",0.01,543.164316109573
"28315",2020-12-12,"36","11  day ahead inc hosp",2020-12-23,"quantile",0.025,580.450361885378
"28316",2020-12-12,"36","11  day ahead inc hosp",2020-12-23,"quantile",0.05,612.518418244207
"28317",2020-12-12,"36","11  day ahead inc hosp",2020-12-23,"quantile",0.1,649.490833462894
"28318",2020-12-12,"36","11  day ahead inc hosp",2020-12-23,"quantile",0.15,674.435946484008
"28319",2020-12-12,"36","11  day ahead inc hosp",2020-12-23,"quantile",0.2,694.261531537014
"28320",2020-12-12,"36","11  day ahead inc hosp",2020-12-23,"quantile",0.25,711.270118208927
"28321",2020-12-12,"36","11  day ahead inc hosp",2020-12-23,"quantile",0.3,726.544354712775
"28322",2020-12-12,"36","11  day ahead inc hosp",2020-12-23,"quantile",0.35,740.698211149875
"28323",2020-12-12,"36","11  day ahead inc hosp",2020-12-23,"quantile",0.4,754.128836800044
"28324",2020-12-12,"36","11  day ahead inc hosp",2020-12-23,"quantile",0.45,767.123122547947
"28325",2020-12-12,"36","11  day ahead inc hosp",2020-12-23,"quantile",0.5,779.911388804609
"28326",2020-12-12,"36","11  day ahead inc hosp",2020-12-23,"quantile",0.55,792.699655061272
"28327",2020-12-12,"36","11  day ahead inc hosp",2020-12-23,"quantile",0.6,805.693940809175
"28328",2020-12-12,"36","11  day ahead inc hosp",2020-12-23,"quantile",0.65,819.124566459344
"28329",2020-12-12,"36","11  day ahead inc hosp",2020-12-23,"quantile",0.7,833.278422896444
"28330",2020-12-12,"36","11  day ahead inc hosp",2020-12-23,"quantile",0.75,848.552659400292
"28331",2020-12-12,"36","11  day ahead inc hosp",2020-12-23,"quantile",0.8,865.561246072205
"28332",2020-12-12,"36","11  day ahead inc hosp",2020-12-23,"quantile",0.85,885.386831125211
"28333",2020-12-12,"36","11  day ahead inc hosp",2020-12-23,"quantile",0.9,910.331944146325
"28334",2020-12-12,"36","11  day ahead inc hosp",2020-12-23,"quantile",0.95,947.304359365012
"28335",2020-12-12,"36","11  day ahead inc hosp",2020-12-23,"quantile",0.975,979.372415723841
"28336",2020-12-12,"36","11  day ahead inc hosp",2020-12-23,"quantile",0.99,1016.65846149965
"28337",2020-12-12,"36","12  day ahead inc hosp",2020-12-24,"quantile",0.01,539.481604186913
"28338",2020-12-12,"36","12  day ahead inc hosp",2020-12-24,"quantile",0.025,579.048690731329
"28339",2020-12-12,"36","12  day ahead inc hosp",2020-12-24,"quantile",0.05,613.078567991318
"28340",2020-12-12,"36","12  day ahead inc hosp",2020-12-24,"quantile",0.1,652.312837066404
"28341",2020-12-12,"36","12  day ahead inc hosp",2020-12-24,"quantile",0.15,678.784012146254
"28342",2020-12-12,"36","12  day ahead inc hosp",2020-12-24,"quantile",0.2,699.822462946392
"28343",2020-12-12,"36","12  day ahead inc hosp",2020-12-24,"quantile",0.25,717.87158043373
"28344",2020-12-12,"36","12  day ahead inc hosp",2020-12-24,"quantile",0.3,734.080245768787
"28345",2020-12-12,"36","12  day ahead inc hosp",2020-12-24,"quantile",0.35,749.099989775736
"28346",2020-12-12,"36","12  day ahead inc hosp",2020-12-24,"quantile",0.4,763.352258054362
"28347",2020-12-12,"36","12  day ahead inc hosp",2020-12-24,"quantile",0.45,777.14149255409
"28348",2020-12-12,"36","12  day ahead inc hosp",2020-12-24,"quantile",0.5,790.712103950451
"28349",2020-12-12,"36","12  day ahead inc hosp",2020-12-24,"quantile",0.55,804.282715346813
"28350",2020-12-12,"36","12  day ahead inc hosp",2020-12-24,"quantile",0.6,818.07194984654
"28351",2020-12-12,"36","12  day ahead inc hosp",2020-12-24,"quantile",0.65,832.324218125166
"28352",2020-12-12,"36","12  day ahead inc hosp",2020-12-24,"quantile",0.7,847.343962132116
"28353",2020-12-12,"36","12  day ahead inc hosp",2020-12-24,"quantile",0.75,863.552627467172
"28354",2020-12-12,"36","12  day ahead inc hosp",2020-12-24,"quantile",0.8,881.601744954511
"28355",2020-12-12,"36","12  day ahead inc hosp",2020-12-24,"quantile",0.85,902.640195754649
"28356",2020-12-12,"36","12  day ahead inc hosp",2020-12-24,"quantile",0.9,929.111370834499
"28357",2020-12-12,"36","12  day ahead inc hosp",2020-12-24,"quantile",0.95,968.345639909585
"28358",2020-12-12,"36","12  day ahead inc hosp",2020-12-24,"quantile",0.975,1002.37551716957
"28359",2020-12-12,"36","12  day ahead inc hosp",2020-12-24,"quantile",0.99,1041.94260371399
"28360",2020-12-12,"36","13  day ahead inc hosp",2020-12-25,"quantile",0.01,535.122848085447
"28361",2020-12-12,"36","13  day ahead inc hosp",2020-12-25,"quantile",0.025,577.007252202622
"28362",2020-12-12,"36","13  day ahead inc hosp",2020-12-25,"quantile",0.05,613.030150416653
"28363",2020-12-12,"36","13  day ahead inc hosp",2020-12-25,"quantile",0.1,654.562245010936
"28364",2020-12-12,"36","13  day ahead inc hosp",2020-12-25,"quantile",0.15,682.583752059637
"28365",2020-12-12,"36","13  day ahead inc hosp",2020-12-25,"quantile",0.2,704.854357562095
"28366",2020-12-12,"36","13  day ahead inc hosp",2020-12-25,"quantile",0.25,723.960554070888
"28367",2020-12-12,"36","13  day ahead inc hosp",2020-12-25,"quantile",0.3,741.118509037613
"28368",2020-12-12,"36","13  day ahead inc hosp",2020-12-25,"quantile",0.35,757.017911360738
"28369",2020-12-12,"36","13  day ahead inc hosp",2020-12-25,"quantile",0.4,772.10488935944
"28370",2020-12-12,"36","13  day ahead inc hosp",2020-12-25,"quantile",0.45,786.701715173359
"28371",2020-12-12,"36","13  day ahead inc hosp",2020-12-25,"quantile",0.5,801.067113828736
"28372",2020-12-12,"36","13  day ahead inc hosp",2020-12-25,"quantile",0.55,815.432512484113
"28373",2020-12-12,"36","13  day ahead inc hosp",2020-12-25,"quantile",0.6,830.029338298031
"28374",2020-12-12,"36","13  day ahead inc hosp",2020-12-25,"quantile",0.65,845.116316296734
"28375",2020-12-12,"36","13  day ahead inc hosp",2020-12-25,"quantile",0.7,861.015718619859
"28376",2020-12-12,"36","13  day ahead inc hosp",2020-12-25,"quantile",0.75,878.173673586583
"28377",2020-12-12,"36","13  day ahead inc hosp",2020-12-25,"quantile",0.8,897.279870095377
"28378",2020-12-12,"36","13  day ahead inc hosp",2020-12-25,"quantile",0.85,919.550475597834
"28379",2020-12-12,"36","13  day ahead inc hosp",2020-12-25,"quantile",0.9,947.571982646536
"28380",2020-12-12,"36","13  day ahead inc hosp",2020-12-25,"quantile",0.95,989.104077240819
"28381",2020-12-12,"36","13  day ahead inc hosp",2020-12-25,"quantile",0.975,1025.12697545485
"28382",2020-12-12,"36","13  day ahead inc hosp",2020-12-25,"quantile",0.99,1067.01137957202
"28383",2020-12-12,"36","14  day ahead inc hosp",2020-12-26,"quantile",0.01,530.274153781123
"28384",2020-12-12,"36","14  day ahead inc hosp",2020-12-26,"quantile",0.025,574.491789448229
"28385",2020-12-12,"36","14  day ahead inc hosp",2020-12-26,"quantile",0.05,612.52139551461
"28386",2020-12-12,"36","14  day ahead inc hosp",2020-12-26,"quantile",0.1,656.367095745277
"28387",2020-12-12,"36","14  day ahead inc hosp",2020-12-26,"quantile",0.15,685.94958153298
"28388",2020-12-12,"36","14  day ahead inc hosp",2020-12-26,"quantile",0.2,709.460803453162
"28389",2020-12-12,"36","14  day ahead inc hosp",2020-12-26,"quantile",0.25,729.631338381784
"28390",2020-12-12,"36","14  day ahead inc hosp",2020-12-26,"quantile",0.3,747.745102144275
"28391",2020-12-12,"36","14  day ahead inc hosp",2020-12-26,"quantile",0.35,764.530203760664
"28392",2020-12-12,"36","14  day ahead inc hosp",2020-12-26,"quantile",0.4,780.457623775951
"28393",2020-12-12,"36","14  day ahead inc hosp",2020-12-26,"quantile",0.45,795.867586967272
"28394",2020-12-12,"36","14  day ahead inc hosp",2020-12-26,"quantile",0.5,811.033231014138
"28395",2020-12-12,"36","14  day ahead inc hosp",2020-12-26,"quantile",0.55,826.198875061005
"28396",2020-12-12,"36","14  day ahead inc hosp",2020-12-26,"quantile",0.6,841.608838252325
"28397",2020-12-12,"36","14  day ahead inc hosp",2020-12-26,"quantile",0.65,857.536258267613
"28398",2020-12-12,"36","14  day ahead inc hosp",2020-12-26,"quantile",0.7,874.321359884002
"28399",2020-12-12,"36","14  day ahead inc hosp",2020-12-26,"quantile",0.75,892.435123646493
"28400",2020-12-12,"36","14  day ahead inc hosp",2020-12-26,"quantile",0.8,912.605658575114
"28401",2020-12-12,"36","14  day ahead inc hosp",2020-12-26,"quantile",0.85,936.116880495296
"28402",2020-12-12,"36","14  day ahead inc hosp",2020-12-26,"quantile",0.9,965.699366282999
"28403",2020-12-12,"36","14  day ahead inc hosp",2020-12-26,"quantile",0.95,1009.54506651367
"28404",2020-12-12,"36","14  day ahead inc hosp",2020-12-26,"quantile",0.975,1047.57467258005
"28405",2020-12-12,"36","14  day ahead inc hosp",2020-12-26,"quantile",0.99,1091.79230824715
"28406",2020-12-12,"36","15  day ahead inc hosp",2020-12-27,"quantile",0.01,604.159887602333
"28407",2020-12-12,"36","15  day ahead inc hosp",2020-12-27,"quantile",0.025,650.711060239031
"28408",2020-12-12,"36","15  day ahead inc hosp",2020-12-27,"quantile",0.05,690.74763683552
"28409",2020-12-12,"36","15  day ahead inc hosp",2020-12-27,"quantile",0.1,736.907245553204
"28410",2020-12-12,"36","15  day ahead inc hosp",2020-12-27,"quantile",0.15,768.050914411792
"28411",2020-12-12,"36","15  day ahead inc hosp",2020-12-27,"quantile",0.2,792.802915146203
"28412",2020-12-12,"36","15  day ahead inc hosp",2020-12-27,"quantile",0.25,814.037927816392
"28413",2020-12-12,"36","15  day ahead inc hosp",2020-12-27,"quantile",0.3,833.107625489879
"28414",2020-12-12,"36","15  day ahead inc hosp",2020-12-27,"quantile",0.35,850.778542337437
"28415",2020-12-12,"36","15  day ahead inc hosp",2020-12-27,"quantile",0.4,867.546514383043
"28416",2020-12-12,"36","15  day ahead inc hosp",2020-12-27,"quantile",0.45,883.769721391327
"28417",2020-12-12,"36","15  day ahead inc hosp",2020-12-27,"quantile",0.5,899.735715581686
"28418",2020-12-12,"36","15  day ahead inc hosp",2020-12-27,"quantile",0.55,915.701709772044
"28419",2020-12-12,"36","15  day ahead inc hosp",2020-12-27,"quantile",0.6,931.924916780328
"28420",2020-12-12,"36","15  day ahead inc hosp",2020-12-27,"quantile",0.65,948.692888825935
"28421",2020-12-12,"36","15  day ahead inc hosp",2020-12-27,"quantile",0.7,966.363805673493
"28422",2020-12-12,"36","15  day ahead inc hosp",2020-12-27,"quantile",0.75,985.433503346979
"28423",2020-12-12,"36","15  day ahead inc hosp",2020-12-27,"quantile",0.8,1006.66851601717
"28424",2020-12-12,"36","15  day ahead inc hosp",2020-12-27,"quantile",0.85,1031.42051675158
"28425",2020-12-12,"36","15  day ahead inc hosp",2020-12-27,"quantile",0.9,1062.56418561017
"28426",2020-12-12,"36","15  day ahead inc hosp",2020-12-27,"quantile",0.95,1108.72379432785
"28427",2020-12-12,"36","15  day ahead inc hosp",2020-12-27,"quantile",0.975,1148.76037092434
"28428",2020-12-12,"36","15  day ahead inc hosp",2020-12-27,"quantile",0.99,1195.31154356104
"28429",2020-12-12,"36","16  day ahead inc hosp",2020-12-28,"quantile",0.01,598.746429985576
"28430",2020-12-12,"36","16  day ahead inc hosp",2020-12-28,"quantile",0.025,647.619649684383
"28431",2020-12-12,"36","16  day ahead inc hosp",2020-12-28,"quantile",0.05,689.653314856671
"28432",2020-12-12,"36","16  day ahead inc hosp",2020-12-28,"quantile",0.1,738.115438800933
"28433",2020-12-12,"36","16  day ahead inc hosp",2020-12-28,"quantile",0.15,770.812603751677
"28434",2020-12-12,"36","16  day ahead inc hosp",2020-12-28,"quantile",0.2,796.799273933305
"28435",2020-12-12,"36","16  day ahead inc hosp",2020-12-28,"quantile",0.25,819.093523052155
"28436",2020-12-12,"36","16  day ahead inc hosp",2020-12-28,"quantile",0.3,839.114447793617
"28437",2020-12-12,"36","16  day ahead inc hosp",2020-12-28,"quantile",0.35,857.666818280827
"28438",2020-12-12,"36","16  day ahead inc hosp",2020-12-28,"quantile",0.4,875.271203632923
"28439",2020-12-12,"36","16  day ahead inc hosp",2020-12-28,"quantile",0.45,892.303650194968
"28440",2020-12-12,"36","16  day ahead inc hosp",2020-12-28,"quantile",0.5,909.066053751696
"28441",2020-12-12,"36","16  day ahead inc hosp",2020-12-28,"quantile",0.55,925.828457308425
"28442",2020-12-12,"36","16  day ahead inc hosp",2020-12-28,"quantile",0.6,942.86090387047
"28443",2020-12-12,"36","16  day ahead inc hosp",2020-12-28,"quantile",0.65,960.465289222566
"28444",2020-12-12,"36","16  day ahead inc hosp",2020-12-28,"quantile",0.7,979.017659709775
"28445",2020-12-12,"36","16  day ahead inc hosp",2020-12-28,"quantile",0.75,999.038584451238
"28446",2020-12-12,"36","16  day ahead inc hosp",2020-12-28,"quantile",0.8,1021.33283357009
"28447",2020-12-12,"36","16  day ahead inc hosp",2020-12-28,"quantile",0.85,1047.31950375172
"28448",2020-12-12,"36","16  day ahead inc hosp",2020-12-28,"quantile",0.9,1080.01666870246
"28449",2020-12-12,"36","16  day ahead inc hosp",2020-12-28,"quantile",0.95,1128.47879264672
"28450",2020-12-12,"36","16  day ahead inc hosp",2020-12-28,"quantile",0.975,1170.51245781901
"28451",2020-12-12,"36","16  day ahead inc hosp",2020-12-28,"quantile",0.99,1219.38567751782
"28452",2020-12-12,"36","17  day ahead inc hosp",2020-12-29,"quantile",0.01,593.203003257049
"28453",2020-12-12,"36","17  day ahead inc hosp",2020-12-29,"quantile",0.025,644.377993896169
"28454",2020-12-12,"36","17  day ahead inc hosp",2020-12-29,"quantile",0.05,688.39130906092
"28455",2020-12-12,"36","17  day ahead inc hosp",2020-12-29,"quantile",0.1,739.135842662006
"28456",2020-12-12,"36","17  day ahead inc hosp",2020-12-29,"quantile",0.15,773.372938572446
"28457",2020-12-12,"36","17  day ahead inc hosp",2020-12-29,"quantile",0.2,800.583497064036
"28458",2020-12-12,"36","17  day ahead inc hosp",2020-12-29,"quantile",0.25,823.927733375751
"28459",2020-12-12,"36","17  day ahead inc hosp",2020-12-29,"quantile",0.3,844.891579067625
"28460",2020-12-12,"36","17  day ahead inc hosp",2020-12-29,"quantile",0.35,864.317706338703
"28461",2020-12-12,"36","17  day ahead inc hosp",2020-12-29,"quantile",0.4,882.751201433829
"28462",2020-12-12,"36","17  day ahead inc hosp",2020-12-29,"quantile",0.45,900.585821267464
"28463",2020-12-12,"36","17  day ahead inc hosp",2020-12-29,"quantile",0.5,918.137679941626
"28464",2020-12-12,"36","17  day ahead inc hosp",2020-12-29,"quantile",0.55,935.689538615788
"28465",2020-12-12,"36","17  day ahead inc hosp",2020-12-29,"quantile",0.6,953.524158449423
"28466",2020-12-12,"36","17  day ahead inc hosp",2020-12-29,"quantile",0.65,971.957653544549
"28467",2020-12-12,"36","17  day ahead inc hosp",2020-12-29,"quantile",0.7,991.383780815627
"28468",2020-12-12,"36","17  day ahead inc hosp",2020-12-29,"quantile",0.75,1012.3476265075
"28469",2020-12-12,"36","17  day ahead inc hosp",2020-12-29,"quantile",0.8,1035.69186281922
"28470",2020-12-12,"36","17  day ahead inc hosp",2020-12-29,"quantile",0.85,1062.90242131081
"28471",2020-12-12,"36","17  day ahead inc hosp",2020-12-29,"quantile",0.9,1097.13951722125
"28472",2020-12-12,"36","17  day ahead inc hosp",2020-12-29,"quantile",0.95,1147.88405082233
"28473",2020-12-12,"36","17  day ahead inc hosp",2020-12-29,"quantile",0.975,1191.89736598708
"28474",2020-12-12,"36","17  day ahead inc hosp",2020-12-29,"quantile",0.99,1243.0723566262
"28475",2020-12-12,"36","18  day ahead inc hosp",2020-12-30,"quantile",0.01,587.603298934023
"28476",2020-12-12,"36","18  day ahead inc hosp",2020-12-30,"quantile",0.025,641.053350303759
"28477",2020-12-12,"36","18  day ahead inc hosp",2020-12-30,"quantile",0.05,687.023343207088
"28478",2020-12-12,"36","18  day ahead inc hosp",2020-12-30,"quantile",0.1,740.023800927503
"28479",2020-12-12,"36","18  day ahead inc hosp",2020-12-30,"quantile",0.15,775.78295813123
"28480",2020-12-12,"36","18  day ahead inc hosp",2020-12-30,"quantile",0.2,804.203202688401
"28481",2020-12-12,"36","18  day ahead inc hosp",2020-12-30,"quantile",0.25,828.585241931894
"28482",2020-12-12,"36","18  day ahead inc hosp",2020-12-30,"quantile",0.3,850.481066731152
"28483",2020-12-12,"36","18  day ahead inc hosp",2020-12-30,"quantile",0.35,870.770811537875
"28484",2020-12-12,"36","18  day ahead inc hosp",2020-12-30,"quantile",0.4,890.023795220984
"28485",2020-12-12,"36","18  day ahead inc hosp",2020-12-30,"quantile",0.45,908.651279747357
"28486",2020-12-12,"36","18  day ahead inc hosp",2020-12-30,"quantile",0.5,926.983432544101
"28487",2020-12-12,"36","18  day ahead inc hosp",2020-12-30,"quantile",0.55,945.315585340845
"28488",2020-12-12,"36","18  day ahead inc hosp",2020-12-30,"quantile",0.6,963.943069867218
"28489",2020-12-12,"36","18  day ahead inc hosp",2020-12-30,"quantile",0.65,983.196053550327
"28490",2020-12-12,"36","18  day ahead inc hosp",2020-12-30,"quantile",0.7,1003.48579835705
"28491",2020-12-12,"36","18  day ahead inc hosp",2020-12-30,"quantile",0.75,1025.38162315631
"28492",2020-12-12,"36","18  day ahead inc hosp",2020-12-30,"quantile",0.8,1049.7636623998
"28493",2020-12-12,"36","18  day ahead inc hosp",2020-12-30,"quantile",0.85,1078.18390695697
"28494",2020-12-12,"36","18  day ahead inc hosp",2020-12-30,"quantile",0.9,1113.9430641607
"28495",2020-12-12,"36","18  day ahead inc hosp",2020-12-30,"quantile",0.95,1166.94352188111
"28496",2020-12-12,"36","18  day ahead inc hosp",2020-12-30,"quantile",0.975,1212.91351478444
"28497",2020-12-12,"36","18  day ahead inc hosp",2020-12-30,"quantile",0.99,1266.36356615418
"28498",2020-12-12,"36","19  day ahead inc hosp",2020-12-31,"quantile",0.01,582.005231953424
"28499",2020-12-12,"36","19  day ahead inc hosp",2020-12-31,"quantile",0.025,637.699027637136
"28500",2020-12-12,"36","19  day ahead inc hosp",2020-12-31,"quantile",0.05,685.598764433074
"28501",2020-12-12,"36","19  day ahead inc hosp",2020-12-31,"quantile",0.1,740.824093273365
"28502",2020-12-12,"36","19  day ahead inc hosp",2020-12-31,"quantile",0.15,778.084360459072
"28503",2020-12-12,"36","19  day ahead inc hosp",2020-12-31,"quantile",0.2,807.697639643766
"28504",2020-12-12,"36","19  day ahead inc hosp",2020-12-31,"quantile",0.25,833.103196367856
"28505",2020-12-12,"36","19  day ahead inc hosp",2020-12-31,"quantile",0.3,855.918171497829
"28506",2020-12-12,"36","19  day ahead inc hosp",2020-12-31,"quantile",0.35,877.05964606674
"28507",2020-12-12,"36","19  day ahead inc hosp",2020-12-31,"quantile",0.4,897.120838003332
"28508",2020-12-12,"36","19  day ahead inc hosp",2020-12-31,"quantile",0.45,916.530273368267
"28509",2020-12-12,"36","19  day ahead inc hosp",2020-12-31,"quantile",0.5,935.631979468451
"28510",2020-12-12,"36","19  day ahead inc hosp",2020-12-31,"quantile",0.55,954.733685568636
"28511",2020-12-12,"36","19  day ahead inc hosp",2020-12-31,"quantile",0.6,974.143120933571
"28512",2020-12-12,"36","19  day ahead inc hosp",2020-12-31,"quantile",0.65,994.204312870162
"28513",2020-12-12,"36","19  day ahead inc hosp",2020-12-31,"quantile",0.7,1015.34578743907
"28514",2020-12-12,"36","19  day ahead inc hosp",2020-12-31,"quantile",0.75,1038.16076256905
"28515",2020-12-12,"36","19  day ahead inc hosp",2020-12-31,"quantile",0.8,1063.56631929314
"28516",2020-12-12,"36","19  day ahead inc hosp",2020-12-31,"quantile",0.85,1093.17959847783
"28517",2020-12-12,"36","19  day ahead inc hosp",2020-12-31,"quantile",0.9,1130.43986566354
"28518",2020-12-12,"36","19  day ahead inc hosp",2020-12-31,"quantile",0.95,1185.66519450383
"28519",2020-12-12,"36","19  day ahead inc hosp",2020-12-31,"quantile",0.975,1233.56493129977
"28520",2020-12-12,"36","19  day ahead inc hosp",2020-12-31,"quantile",0.99,1289.25872698348
"28521",2020-12-12,"36","20  day ahead inc hosp",2021-01-01,"quantile",0.01,576.454094687822
"28522",2020-12-12,"36","20  day ahead inc hosp",2021-01-01,"quantile",0.025,634.357126851877
"28523",2020-12-12,"36","20  day ahead inc hosp",2021-01-01,"quantile",0.05,684.156928899777
"28524",2020-12-12,"36","20  day ahead inc hosp",2021-01-01,"quantile",0.1,741.57291128801
"28525",2020-12-12,"36","20  day ahead inc hosp",2021-01-01,"quantile",0.15,780.311202022363
"28526",2020-12-12,"36","20  day ahead inc hosp",2021-01-01,"quantile",0.2,811.09916746922
"28527",2020-12-12,"36","20  day ahead inc hosp",2021-01-01,"quantile",0.25,837.512500410199
"28528",2020-12-12,"36","20  day ahead inc hosp",2021-01-01,"quantile",0.3,861.232489729571
"28529",2020-12-12,"36","20  day ahead inc hosp",2021-01-01,"quantile",0.35,883.212594819037
"28530",2020-12-12,"36","20  day ahead inc hosp",2021-01-01,"quantile",0.4,904.069565109777
"28531",2020-12-12,"36","20  day ahead inc hosp",2021-01-01,"quantile",0.45,924.248925241818
"28532",2020-12-12,"36","20  day ahead inc hosp",2021-01-01,"quantile",0.5,944.108349242808
"28533",2020-12-12,"36","20  day ahead inc hosp",2021-01-01,"quantile",0.55,963.967773243798
"28534",2020-12-12,"36","20  day ahead inc hosp",2021-01-01,"quantile",0.6,984.147133375839
"28535",2020-12-12,"36","20  day ahead inc hosp",2021-01-01,"quantile",0.65,1005.00410366658
"28536",2020-12-12,"36","20  day ahead inc hosp",2021-01-01,"quantile",0.7,1026.98420875605
"28537",2020-12-12,"36","20  day ahead inc hosp",2021-01-01,"quantile",0.75,1050.70419807542
"28538",2020-12-12,"36","20  day ahead inc hosp",2021-01-01,"quantile",0.8,1077.1175310164
"28539",2020-12-12,"36","20  day ahead inc hosp",2021-01-01,"quantile",0.85,1107.90549646325
"28540",2020-12-12,"36","20  day ahead inc hosp",2021-01-01,"quantile",0.9,1146.64378719761
"28541",2020-12-12,"36","20  day ahead inc hosp",2021-01-01,"quantile",0.95,1204.05976958584
"28542",2020-12-12,"36","20  day ahead inc hosp",2021-01-01,"quantile",0.975,1253.85957163374
"28543",2020-12-12,"36","20  day ahead inc hosp",2021-01-01,"quantile",0.99,1311.76260379779
"28544",2020-12-12,"36","21  day ahead inc hosp",2021-01-02,"quantile",0.01,570.985072964882
"28545",2020-12-12,"36","21  day ahead inc hosp",2021-01-02,"quantile",0.025,631.060733741571
"28546",2020-12-12,"36","21  day ahead inc hosp",2021-01-02,"quantile",0.05,682.729116255624
"28547",2020-12-12,"36","21  day ahead inc hosp",2021-01-02,"quantile",0.1,742.299452250171
"28548",2020-12-12,"36","21  day ahead inc hosp",2021-01-02,"quantile",0.15,782.491275134888
"28549",2020-12-12,"36","21  day ahead inc hosp",2021-01-02,"quantile",0.2,814.434461856947
"28550",2020-12-12,"36","21  day ahead inc hosp",2021-01-02,"quantile",0.25,841.838871789196
"28551",2020-12-12,"36","21  day ahead inc hosp",2021-01-02,"quantile",0.3,866.448878877251
"28552",2020-12-12,"36","21  day ahead inc hosp",2021-01-02,"quantile",0.35,889.253718068565
"28553",2020-12-12,"36","21  day ahead inc hosp",2021-01-02,"quantile",0.4,910.893280371035
"28554",2020-12-12,"36","21  day ahead inc hosp",2021-01-02,"quantile",0.45,931.829807331288
"28555",2020-12-12,"36","21  day ahead inc hosp",2021-01-02,"quantile",0.5,952.434393566489
"28556",2020-12-12,"36","21  day ahead inc hosp",2021-01-02,"quantile",0.55,973.03897980169
"28557",2020-12-12,"36","21  day ahead inc hosp",2021-01-02,"quantile",0.6,993.975506761944
"28558",2020-12-12,"36","21  day ahead inc hosp",2021-01-02,"quantile",0.65,1015.61506906441
"28559",2020-12-12,"36","21  day ahead inc hosp",2021-01-02,"quantile",0.7,1038.41990825573
"28560",2020-12-12,"36","21  day ahead inc hosp",2021-01-02,"quantile",0.75,1063.02991534378
"28561",2020-12-12,"36","21  day ahead inc hosp",2021-01-02,"quantile",0.8,1090.43432527603
"28562",2020-12-12,"36","21  day ahead inc hosp",2021-01-02,"quantile",0.85,1122.37751199809
"28563",2020-12-12,"36","21  day ahead inc hosp",2021-01-02,"quantile",0.9,1162.56933488281
"28564",2020-12-12,"36","21  day ahead inc hosp",2021-01-02,"quantile",0.95,1222.13967087736
"28565",2020-12-12,"36","21  day ahead inc hosp",2021-01-02,"quantile",0.975,1273.80805339141
"28566",2020-12-12,"36","21  day ahead inc hosp",2021-01-02,"quantile",0.99,1333.8837141681
"28567",2020-12-12,"36","22  day ahead inc hosp",2021-01-03,"quantile",0.01,518.183881032428
"28568",2020-12-12,"36","22  day ahead inc hosp",2021-01-03,"quantile",0.025,580.394301462638
"28569",2020-12-12,"36","22  day ahead inc hosp",2021-01-03,"quantile",0.05,633.898695048855
"28570",2020-12-12,"36","22  day ahead inc hosp",2021-01-03,"quantile",0.1,695.58583422432
"28571",2020-12-12,"36","22  day ahead inc hosp",2021-01-03,"quantile",0.15,737.205854165657
"28572",2020-12-12,"36","22  day ahead inc hosp",2021-01-03,"quantile",0.2,770.284126633549
"28573",2020-12-12,"36","22  day ahead inc hosp",2021-01-03,"quantile",0.25,798.662339065772
"28574",2020-12-12,"36","22  day ahead inc hosp",2021-01-03,"quantile",0.3,824.146850895434
"28575",2020-12-12,"36","22  day ahead inc hosp",2021-01-03,"quantile",0.35,847.762049057107
"28576",2020-12-12,"36","22  day ahead inc hosp",2021-01-03,"quantile",0.4,870.170562777271
"28577",2020-12-12,"36","22  day ahead inc hosp",2021-01-03,"quantile",0.45,891.851059133146
"28578",2020-12-12,"36","22  day ahead inc hosp",2021-01-03,"quantile",0.5,913.187819410276
"28579",2020-12-12,"36","22  day ahead inc hosp",2021-01-03,"quantile",0.55,934.524579687405
"28580",2020-12-12,"36","22  day ahead inc hosp",2021-01-03,"quantile",0.6,956.20507604328
"28581",2020-12-12,"36","22  day ahead inc hosp",2021-01-03,"quantile",0.65,978.613589763444
"28582",2020-12-12,"36","22  day ahead inc hosp",2021-01-03,"quantile",0.7,1002.22878792512
"28583",2020-12-12,"36","22  day ahead inc hosp",2021-01-03,"quantile",0.75,1027.71329975478
"28584",2020-12-12,"36","22  day ahead inc hosp",2021-01-03,"quantile",0.8,1056.091512187
"28585",2020-12-12,"36","22  day ahead inc hosp",2021-01-03,"quantile",0.85,1089.16978465489
"28586",2020-12-12,"36","22  day ahead inc hosp",2021-01-03,"quantile",0.9,1130.78980459623
"28587",2020-12-12,"36","22  day ahead inc hosp",2021-01-03,"quantile",0.95,1192.4769437717
"28588",2020-12-12,"36","22  day ahead inc hosp",2021-01-03,"quantile",0.975,1245.98133735791
"28589",2020-12-12,"36","22  day ahead inc hosp",2021-01-03,"quantile",0.99,1308.19175778812
"28590",2020-12-12,"36","23  day ahead inc hosp",2021-01-04,"quantile",0.01,512.953848787945
"28591",2020-12-12,"36","23  day ahead inc hosp",2021-01-04,"quantile",0.025,577.260540920302
"28592",2020-12-12,"36","23  day ahead inc hosp",2021-01-04,"quantile",0.05,632.567843817207
"28593",2020-12-12,"36","23  day ahead inc hosp",2021-01-04,"quantile",0.1,696.33362196257
"28594",2020-12-12,"36","23  day ahead inc hosp",2021-01-04,"quantile",0.15,739.356089748536
"28595",2020-12-12,"36","23  day ahead inc hosp",2021-01-04,"quantile",0.2,773.548983304839
"28596",2020-12-12,"36","23  day ahead inc hosp",2021-01-04,"quantile",0.25,802.883441383174
"28597",2020-12-12,"36","23  day ahead inc hosp",2021-01-04,"quantile",0.3,829.22669135706
"28598",2020-12-12,"36","23  day ahead inc hosp",2021-01-04,"quantile",0.35,853.637638386922
"28599",2020-12-12,"36","23  day ahead inc hosp",2021-01-04,"quantile",0.4,876.801239966546
"28600",2020-12-12,"36","23  day ahead inc hosp",2021-01-04,"quantile",0.45,899.21229256501
"28601",2020-12-12,"36","23  day ahead inc hosp",2021-01-04,"quantile",0.5,921.268026391509
"28602",2020-12-12,"36","23  day ahead inc hosp",2021-01-04,"quantile",0.55,943.323760218007
"28603",2020-12-12,"36","23  day ahead inc hosp",2021-01-04,"quantile",0.6,965.734812816471
"28604",2020-12-12,"36","23  day ahead inc hosp",2021-01-04,"quantile",0.65,988.898414396095
"28605",2020-12-12,"36","23  day ahead inc hosp",2021-01-04,"quantile",0.7,1013.30936142596
"28606",2020-12-12,"36","23  day ahead inc hosp",2021-01-04,"quantile",0.75,1039.65261139984
"28607",2020-12-12,"36","23  day ahead inc hosp",2021-01-04,"quantile",0.8,1068.98706947818
"28608",2020-12-12,"36","23  day ahead inc hosp",2021-01-04,"quantile",0.85,1103.17996303448
"28609",2020-12-12,"36","23  day ahead inc hosp",2021-01-04,"quantile",0.9,1146.20243082045
"28610",2020-12-12,"36","23  day ahead inc hosp",2021-01-04,"quantile",0.95,1209.96820896581
"28611",2020-12-12,"36","23  day ahead inc hosp",2021-01-04,"quantile",0.975,1265.27551186271
"28612",2020-12-12,"36","23  day ahead inc hosp",2021-01-04,"quantile",0.99,1329.58220399507
"28613",2020-12-12,"36","24  day ahead inc hosp",2021-01-05,"quantile",0.01,507.868975730478
"28614",2020-12-12,"36","24  day ahead inc hosp",2021-01-05,"quantile",0.025,574.233321231271
"28615",2020-12-12,"36","24  day ahead inc hosp",2021-01-05,"quantile",0.05,631.310319541379
"28616",2020-12-12,"36","24  day ahead inc hosp",2021-01-05,"quantile",0.1,697.11644315999
"28617",2020-12-12,"36","24  day ahead inc hosp",2021-01-05,"quantile",0.15,741.515522350194
"28618",2020-12-12,"36","24  day ahead inc hosp",2021-01-05,"quantile",0.2,776.802503011115
"28619",2020-12-12,"36","24  day ahead inc hosp",2021-01-05,"quantile",0.25,807.07559040585
"28620",2020-12-12,"36","24  day ahead inc hosp",2021-01-05,"quantile",0.3,834.261758515421
"28621",2020-12-12,"36","24  day ahead inc hosp",2021-01-05,"quantile",0.35,859.45379481791
"28622",2020-12-12,"36","24  day ahead inc hosp",2021-01-05,"quantile",0.4,883.358573734371
"28623",2020-12-12,"36","24  day ahead inc hosp",2021-01-05,"quantile",0.45,906.486723983799
"28624",2020-12-12,"36","24  day ahead inc hosp",2021-01-05,"quantile",0.5,929.248186148929
"28625",2020-12-12,"36","24  day ahead inc hosp",2021-01-05,"quantile",0.55,952.009648314058
"28626",2020-12-12,"36","24  day ahead inc hosp",2021-01-05,"quantile",0.6,975.137798563487
"28627",2020-12-12,"36","24  day ahead inc hosp",2021-01-05,"quantile",0.65,999.042577479947
"28628",2020-12-12,"36","24  day ahead inc hosp",2021-01-05,"quantile",0.7,1024.23461378244
"28629",2020-12-12,"36","24  day ahead inc hosp",2021-01-05,"quantile",0.75,1051.42078189201
"28630",2020-12-12,"36","24  day ahead inc hosp",2021-01-05,"quantile",0.8,1081.69386928674
"28631",2020-12-12,"36","24  day ahead inc hosp",2021-01-05,"quantile",0.85,1116.98084994766
"28632",2020-12-12,"36","24  day ahead inc hosp",2021-01-05,"quantile",0.9,1161.37992913787
"28633",2020-12-12,"36","24  day ahead inc hosp",2021-01-05,"quantile",0.95,1227.18605275648
"28634",2020-12-12,"36","24  day ahead inc hosp",2021-01-05,"quantile",0.975,1284.26305106659
"28635",2020-12-12,"36","24  day ahead inc hosp",2021-01-05,"quantile",0.99,1350.62739656738
"28636",2020-12-12,"36","25  day ahead inc hosp",2021-01-06,"quantile",0.01,502.940444803925
"28637",2020-12-12,"36","25  day ahead inc hosp",2021-01-06,"quantile",0.025,571.324063835498
"28638",2020-12-12,"36","25  day ahead inc hosp",2021-01-06,"quantile",0.05,630.137748781091
"28639",2020-12-12,"36","25  day ahead inc hosp",2021-01-06,"quantile",0.1,697.946160866249
"28640",2020-12-12,"36","25  day ahead inc hosp",2021-01-06,"quantile",0.15,743.696174578947
"28641",2020-12-12,"36","25  day ahead inc hosp",2021-01-06,"quantile",0.2,780.056835172851
"28642",2020-12-12,"36","25  day ahead inc hosp",2021-01-06,"quantile",0.25,811.251044347811
"28643",2020-12-12,"36","25  day ahead inc hosp",2021-01-06,"quantile",0.3,839.26440828449
"28644",2020-12-12,"36","25  day ahead inc hosp",2021-01-06,"quantile",0.35,865.222964797616
"28645",2020-12-12,"36","25  day ahead inc hosp",2021-01-06,"quantile",0.4,889.855096435796
"28646",2020-12-12,"36","25  day ahead inc hosp",2021-01-06,"quantile",0.45,913.686968861073
"28647",2020-12-12,"36","25  day ahead inc hosp",2021-01-06,"quantile",0.5,937.140995952821
"28648",2020-12-12,"36","25  day ahead inc hosp",2021-01-06,"quantile",0.55,960.59502304457
"28649",2020-12-12,"36","25  day ahead inc hosp",2021-01-06,"quantile",0.6,984.426895469846
"28650",2020-12-12,"36","25  day ahead inc hosp",2021-01-06,"quantile",0.65,1009.05902710803
"28651",2020-12-12,"36","25  day ahead inc hosp",2021-01-06,"quantile",0.7,1035.01758362115
"28652",2020-12-12,"36","25  day ahead inc hosp",2021-01-06,"quantile",0.75,1063.03094755783
"28653",2020-12-12,"36","25  day ahead inc hosp",2021-01-06,"quantile",0.8,1094.22515673279
"28654",2020-12-12,"36","25  day ahead inc hosp",2021-01-06,"quantile",0.85,1130.5858173267
"28655",2020-12-12,"36","25  day ahead inc hosp",2021-01-06,"quantile",0.9,1176.33583103939
"28656",2020-12-12,"36","25  day ahead inc hosp",2021-01-06,"quantile",0.95,1244.14424312455
"28657",2020-12-12,"36","25  day ahead inc hosp",2021-01-06,"quantile",0.975,1302.95792807014
"28658",2020-12-12,"36","25  day ahead inc hosp",2021-01-06,"quantile",0.99,1371.34154710172
"28659",2020-12-12,"36","26  day ahead inc hosp",2021-01-07,"quantile",0.01,498.176078590896
"28660",2020-12-12,"36","26  day ahead inc hosp",2021-01-07,"quantile",0.025,568.541105253559
"28661",2020-12-12,"36","26  day ahead inc hosp",2021-01-07,"quantile",0.05,629.058910071923
"28662",2020-12-12,"36","26  day ahead inc hosp",2021-01-07,"quantile",0.1,698.832063231923
"28663",2020-12-12,"36","26  day ahead inc hosp",2021-01-07,"quantile",0.15,745.907678420187
"28664",2020-12-12,"36","26  day ahead inc hosp",2021-01-07,"quantile",0.2,783.321885044449
"28665",2020-12-12,"36","26  day ahead inc hosp",2021-01-07,"quantile",0.25,815.419942903939
"28666",2020-12-12,"36","26  day ahead inc hosp",2021-01-07,"quantile",0.3,844.244990893943
"28667",2020-12-12,"36","26  day ahead inc hosp",2021-01-07,"quantile",0.35,870.955693647581
"28668",2020-12-12,"36","26  day ahead inc hosp",2021-01-07,"quantile",0.4,896.301538515466
"28669",2020-12-12,"36","26  day ahead inc hosp",2021-01-07,"quantile",0.45,920.823936750217
"28670",2020-12-12,"36","26  day ahead inc hosp",2021-01-07,"quantile",0.5,944.957541625615
"28671",2020-12-12,"36","26  day ahead inc hosp",2021-01-07,"quantile",0.55,969.091146501013
"28672",2020-12-12,"36","26  day ahead inc hosp",2021-01-07,"quantile",0.6,993.613544735764
"28673",2020-12-12,"36","26  day ahead inc hosp",2021-01-07,"quantile",0.65,1018.95938960365
"28674",2020-12-12,"36","26  day ahead inc hosp",2021-01-07,"quantile",0.7,1045.67009235729
"28675",2020-12-12,"36","26  day ahead inc hosp",2021-01-07,"quantile",0.75,1074.49514034729
"28676",2020-12-12,"36","26  day ahead inc hosp",2021-01-07,"quantile",0.8,1106.59319820678
"28677",2020-12-12,"36","26  day ahead inc hosp",2021-01-07,"quantile",0.85,1144.00740483104
"28678",2020-12-12,"36","26  day ahead inc hosp",2021-01-07,"quantile",0.9,1191.08302001931
"28679",2020-12-12,"36","26  day ahead inc hosp",2021-01-07,"quantile",0.95,1260.85617317931
"28680",2020-12-12,"36","26  day ahead inc hosp",2021-01-07,"quantile",0.975,1321.37397799767
"28681",2020-12-12,"36","26  day ahead inc hosp",2021-01-07,"quantile",0.99,1391.73900466033
"28682",2020-12-12,"36","27  day ahead inc hosp",2021-01-08,"quantile",0.01,493.581006866113
"28683",2020-12-12,"36","27  day ahead inc hosp",2021-01-08,"quantile",0.025,565.890291714658
"28684",2020-12-12,"36","27  day ahead inc hosp",2021-01-08,"quantile",0.05,628.08026583346
"28685",2020-12-12,"36","27  day ahead inc hosp",2021-01-08,"quantile",0.1,699.781323104639
"28686",2020-12-12,"36","27  day ahead inc hosp",2021-01-08,"quantile",0.15,748.15768604397
"28687",2020-12-12,"36","27  day ahead inc hosp",2021-01-08,"quantile",0.2,786.605685746238
"28688",2020-12-12,"36","27  day ahead inc hosp",2021-01-08,"quantile",0.25,819.590646015975
"28689",2020-12-12,"36","27  day ahead inc hosp",2021-01-08,"quantile",0.3,849.212159781254
"28690",2020-12-12,"36","27  day ahead inc hosp",2021-01-08,"quantile",0.35,876.660906772811
"28691",2020-12-12,"36","27  day ahead inc hosp",2021-01-08,"quantile",0.4,902.707083448978
"28692",2020-12-12,"36","27  day ahead inc hosp",2021-01-08,"quantile",0.45,927.907060813117
"28693",2020-12-12,"36","27  day ahead inc hosp",2021-01-08,"quantile",0.5,952.707502056798
"28694",2020-12-12,"36","27  day ahead inc hosp",2021-01-08,"quantile",0.55,977.507943300478
"28695",2020-12-12,"36","27  day ahead inc hosp",2021-01-08,"quantile",0.6,1002.70792066462
"28696",2020-12-12,"36","27  day ahead inc hosp",2021-01-08,"quantile",0.65,1028.75409734078
"28697",2020-12-12,"36","27  day ahead inc hosp",2021-01-08,"quantile",0.7,1056.20284433234
"28698",2020-12-12,"36","27  day ahead inc hosp",2021-01-08,"quantile",0.75,1085.82435809762
"28699",2020-12-12,"36","27  day ahead inc hosp",2021-01-08,"quantile",0.8,1118.80931836736
"28700",2020-12-12,"36","27  day ahead inc hosp",2021-01-08,"quantile",0.85,1157.25731806962
"28701",2020-12-12,"36","27  day ahead inc hosp",2021-01-08,"quantile",0.9,1205.63368100896
"28702",2020-12-12,"36","27  day ahead inc hosp",2021-01-08,"quantile",0.95,1277.33473828014
"28703",2020-12-12,"36","27  day ahead inc hosp",2021-01-08,"quantile",0.975,1339.52471239894
"28704",2020-12-12,"36","27  day ahead inc hosp",2021-01-08,"quantile",0.99,1411.83399724748
"28705",2020-12-12,"36","28  day ahead inc hosp",2021-01-09,"quantile",0.01,489.158206407524
"28706",2020-12-12,"36","28  day ahead inc hosp",2021-01-09,"quantile",0.025,563.375462072896
"28707",2020-12-12,"36","28  day ahead inc hosp",2021-01-09,"quantile",0.05,627.206396352849
"28708",2020-12-12,"36","28  day ahead inc hosp",2021-01-09,"quantile",0.1,700.799375596366
"28709",2020-12-12,"36","28  day ahead inc hosp",2021-01-09,"quantile",0.15,750.452209308514
"28710",2020-12-12,"36","28  day ahead inc hosp",2021-01-09,"quantile",0.2,789.914707516069
"28711",2020-12-12,"36","28  day ahead inc hosp",2021-01-09,"quantile",0.25,823.770017170684
"28712",2020-12-12,"36","28  day ahead inc hosp",2021-01-09,"quantile",0.3,854.17313158286
"28713",2020-12-12,"36","28  day ahead inc hosp",2021-01-09,"quantile",0.35,882.34614805555
"28714",2020-12-12,"36","28  day ahead inc hosp",2021-01-09,"quantile",0.4,909.079585642845
"28715",2020-12-12,"36","28  day ahead inc hosp",2021-01-09,"quantile",0.45,934.944495892106
"28716",2020-12-12,"36","28  day ahead inc hosp",2021-01-09,"quantile",0.5,960.399327761229
"28717",2020-12-12,"36","28  day ahead inc hosp",2021-01-09,"quantile",0.55,985.854159630353
"28718",2020-12-12,"36","28  day ahead inc hosp",2021-01-09,"quantile",0.6,1011.71906987961
"28719",2020-12-12,"36","28  day ahead inc hosp",2021-01-09,"quantile",0.65,1038.45250746691
"28720",2020-12-12,"36","28  day ahead inc hosp",2021-01-09,"quantile",0.7,1066.6255239396
"28721",2020-12-12,"36","28  day ahead inc hosp",2021-01-09,"quantile",0.75,1097.02863835178
"28722",2020-12-12,"36","28  day ahead inc hosp",2021-01-09,"quantile",0.8,1130.88394800639
"28723",2020-12-12,"36","28  day ahead inc hosp",2021-01-09,"quantile",0.85,1170.34644621394
"28724",2020-12-12,"36","28  day ahead inc hosp",2021-01-09,"quantile",0.9,1219.99927992609
"28725",2020-12-12,"36","28  day ahead inc hosp",2021-01-09,"quantile",0.95,1293.59225916961
"28726",2020-12-12,"36","28  day ahead inc hosp",2021-01-09,"quantile",0.975,1357.42319344956
"28727",2020-12-12,"36","28  day ahead inc hosp",2021-01-09,"quantile",0.99,1431.64044911493
"28728",2020-12-12,"36","29  day ahead inc hosp",2021-01-10,"quantile",0.01,443.555092779833
"28729",2020-12-12,"36","29  day ahead inc hosp",2021-01-10,"quantile",0.025,519.64499525154
"28730",2020-12-12,"36","29  day ahead inc hosp",2021-01-10,"quantile",0.05,585.086509094873
"28731",2020-12-12,"36","29  day ahead inc hosp",2021-01-10,"quantile",0.1,660.536383427187
"28732",2020-12-12,"36","29  day ahead inc hosp",2021-01-10,"quantile",0.15,711.442055440118
"28733",2020-12-12,"36","29  day ahead inc hosp",2021-01-10,"quantile",0.2,751.900269813352
"28734",2020-12-12,"36","29  day ahead inc hosp",2021-01-10,"quantile",0.25,786.609815277872
"28735",2020-12-12,"36","29  day ahead inc hosp",2021-01-10,"quantile",0.3,817.78005984861
"28736",2020-12-12,"36","29  day ahead inc hosp",2021-01-10,"quantile",0.35,846.663936738455
"28737",2020-12-12,"36","29  day ahead inc hosp",2021-01-10,"quantile",0.4,874.071911346439
"28738",2020-12-12,"36","29  day ahead inc hosp",2021-01-10,"quantile",0.45,900.58944396957
"28739",2020-12-12,"36","29  day ahead inc hosp",2021-01-10,"quantile",0.5,926.686551131388
"28740",2020-12-12,"36","29  day ahead inc hosp",2021-01-10,"quantile",0.55,952.783658293207
"28741",2020-12-12,"36","29  day ahead inc hosp",2021-01-10,"quantile",0.6,979.301190916337
"28742",2020-12-12,"36","29  day ahead inc hosp",2021-01-10,"quantile",0.65,1006.70916552432
"28743",2020-12-12,"36","29  day ahead inc hosp",2021-01-10,"quantile",0.7,1035.59304241417
"28744",2020-12-12,"36","29  day ahead inc hosp",2021-01-10,"quantile",0.75,1066.76328698491
"28745",2020-12-12,"36","29  day ahead inc hosp",2021-01-10,"quantile",0.8,1101.47283244942
"28746",2020-12-12,"36","29  day ahead inc hosp",2021-01-10,"quantile",0.85,1141.93104682266
"28747",2020-12-12,"36","29  day ahead inc hosp",2021-01-10,"quantile",0.9,1192.83671883559
"28748",2020-12-12,"36","29  day ahead inc hosp",2021-01-10,"quantile",0.95,1268.2865931679
"28749",2020-12-12,"36","29  day ahead inc hosp",2021-01-10,"quantile",0.975,1333.72810701124
"28750",2020-12-12,"36","29  day ahead inc hosp",2021-01-10,"quantile",0.99,1409.81800948294
"28751",2020-12-12,"36","30  day ahead inc hosp",2021-01-11,"quantile",0.01,439.47925798247
"28752",2020-12-12,"36","30  day ahead inc hosp",2021-01-11,"quantile",0.025,517.407513406402
"28753",2020-12-12,"36","30  day ahead inc hosp",2021-01-11,"quantile",0.05,584.43011220666
"28754",2020-12-12,"36","30  day ahead inc hosp",2021-01-11,"quantile",0.1,661.70287623548
"28755",2020-12-12,"36","30  day ahead inc hosp",2021-01-11,"quantile",0.15,713.838443272455
"28756",2020-12-12,"36","30  day ahead inc hosp",2021-01-11,"quantile",0.2,755.274139222334
"28757",2020-12-12,"36","30  day ahead inc hosp",2021-01-11,"quantile",0.25,790.822276843004
"28758",2020-12-12,"36","30  day ahead inc hosp",2021-01-11,"quantile",0.3,822.745603087746
"28759",2020-12-12,"36","30  day ahead inc hosp",2021-01-11,"quantile",0.35,852.327322380161
"28760",2020-12-12,"36","30  day ahead inc hosp",2021-01-11,"quantile",0.4,880.397481186026
"28761",2020-12-12,"36","30  day ahead inc hosp",2021-01-11,"quantile",0.45,907.555684684002
"28762",2020-12-12,"36","30  day ahead inc hosp",2021-01-11,"quantile",0.5,934.283305125993
"28763",2020-12-12,"36","30  day ahead inc hosp",2021-01-11,"quantile",0.55,961.010925567984
"28764",2020-12-12,"36","30  day ahead inc hosp",2021-01-11,"quantile",0.6,988.16912906596
"28765",2020-12-12,"36","30  day ahead inc hosp",2021-01-11,"quantile",0.65,1016.23928787183
"28766",2020-12-12,"36","30  day ahead inc hosp",2021-01-11,"quantile",0.7,1045.82100716424
"28767",2020-12-12,"36","30  day ahead inc hosp",2021-01-11,"quantile",0.75,1077.74433340898
"28768",2020-12-12,"36","30  day ahead inc hosp",2021-01-11,"quantile",0.8,1113.29247102965
"28769",2020-12-12,"36","30  day ahead inc hosp",2021-01-11,"quantile",0.85,1154.72816697953
"28770",2020-12-12,"36","30  day ahead inc hosp",2021-01-11,"quantile",0.9,1206.86373401651
"28771",2020-12-12,"36","30  day ahead inc hosp",2021-01-11,"quantile",0.95,1284.13649804533
"28772",2020-12-12,"36","30  day ahead inc hosp",2021-01-11,"quantile",0.975,1351.15909684558
"28773",2020-12-12,"36","30  day ahead inc hosp",2021-01-11,"quantile",0.99,1429.08735226952
"28774",2020-12-12,"36","31  day ahead inc hosp",2021-01-12,"quantile",0.01,435.575685174066
"28775",2020-12-12,"36","31  day ahead inc hosp",2021-01-12,"quantile",0.025,515.309069915257
"28776",2020-12-12,"36","31  day ahead inc hosp",2021-01-12,"quantile",0.05,583.884179513493
"28777",2020-12-12,"36","31  day ahead inc hosp",2021-01-12,"quantile",0.1,662.946889063551
"28778",2020-12-12,"36","31  day ahead inc hosp",2021-01-12,"quantile",0.15,716.290123845921
"28779",2020-12-12,"36","31  day ahead inc hosp",2021-01-12,"quantile",0.2,758.685635835993
"28780",2020-12-12,"36","31  day ahead inc hosp",2021-01-12,"quantile",0.25,795.057210155508
"28781",2020-12-12,"36","31  day ahead inc hosp",2021-01-12,"quantile",0.3,827.720008005194
"28782",2020-12-12,"36","31  day ahead inc hosp",2021-01-12,"quantile",0.35,857.986957942888
"28783",2020-12-12,"36","31  day ahead inc hosp",2021-01-12,"quantile",0.4,886.707333622273
"28784",2020-12-12,"36","31  day ahead inc hosp",2021-01-12,"quantile",0.45,914.494629470277
"28785",2020-12-12,"36","31  day ahead inc hosp",2021-01-12,"quantile",0.5,941.841368240761
"28786",2020-12-12,"36","31  day ahead inc hosp",2021-01-12,"quantile",0.55,969.188107011245
"28787",2020-12-12,"36","31  day ahead inc hosp",2021-01-12,"quantile",0.6,996.975402859249
"28788",2020-12-12,"36","31  day ahead inc hosp",2021-01-12,"quantile",0.65,1025.69577853863
"28789",2020-12-12,"36","31  day ahead inc hosp",2021-01-12,"quantile",0.7,1055.96272847633
"28790",2020-12-12,"36","31  day ahead inc hosp",2021-01-12,"quantile",0.75,1088.62552632601
"28791",2020-12-12,"36","31  day ahead inc hosp",2021-01-12,"quantile",0.8,1124.99710064553
"28792",2020-12-12,"36","31  day ahead inc hosp",2021-01-12,"quantile",0.85,1167.3926126356
"28793",2020-12-12,"36","31  day ahead inc hosp",2021-01-12,"quantile",0.9,1220.73584741797
"28794",2020-12-12,"36","31  day ahead inc hosp",2021-01-12,"quantile",0.95,1299.79855696803
"28795",2020-12-12,"36","31  day ahead inc hosp",2021-01-12,"quantile",0.975,1368.37366656627
"28796",2020-12-12,"36","31  day ahead inc hosp",2021-01-12,"quantile",0.99,1448.10705130746
"28797",2020-12-12,"36","32  day ahead inc hosp",2021-01-13,"quantile",0.01,431.842366001712
"28798",2020-12-12,"36","32  day ahead inc hosp",2021-01-13,"quantile",0.025,513.348746075994
"28799",2020-12-12,"36","32  day ahead inc hosp",2021-01-13,"quantile",0.05,583.44872947306
"28800",2020-12-12,"36","32  day ahead inc hosp",2021-01-13,"quantile",0.1,664.269520854321
"28801",2020-12-12,"36","32  day ahead inc hosp",2021-01-13,"quantile",0.15,718.798925101691
"28802",2020-12-12,"36","32  day ahead inc hosp",2021-01-13,"quantile",0.2,762.137166980208
"28803",2020-12-12,"36","32  day ahead inc hosp",2021-01-13,"quantile",0.25,799.317519601748
"28804",2020-12-12,"36","32  day ahead inc hosp",2021-01-13,"quantile",0.3,832.706625362996
"28805",2020-12-12,"36","32  day ahead inc hosp",2021-01-13,"quantile",0.35,863.64660782227
"28806",2020-12-12,"36","32  day ahead inc hosp",2021-01-13,"quantile",0.4,893.00562554864
"28807",2020-12-12,"36","32  day ahead inc hosp",2021-01-13,"quantile",0.45,921.410814968047
"28808",2020-12-12,"36","32  day ahead inc hosp",2021-01-13,"quantile",0.5,949.365650840801
"28809",2020-12-12,"36","32  day ahead inc hosp",2021-01-13,"quantile",0.55,977.320486713555
"28810",2020-12-12,"36","32  day ahead inc hosp",2021-01-13,"quantile",0.6,1005.72567613296
"28811",2020-12-12,"36","32  day ahead inc hosp",2021-01-13,"quantile",0.65,1035.08469385933
"28812",2020-12-12,"36","32  day ahead inc hosp",2021-01-13,"quantile",0.7,1066.02467631861
"28813",2020-12-12,"36","32  day ahead inc hosp",2021-01-13,"quantile",0.75,1099.41378207985
"28814",2020-12-12,"36","32  day ahead inc hosp",2021-01-13,"quantile",0.8,1136.59413470139
"28815",2020-12-12,"36","32  day ahead inc hosp",2021-01-13,"quantile",0.85,1179.93237657991
"28816",2020-12-12,"36","32  day ahead inc hosp",2021-01-13,"quantile",0.9,1234.46178082728
"28817",2020-12-12,"36","32  day ahead inc hosp",2021-01-13,"quantile",0.95,1315.28257220854
"28818",2020-12-12,"36","32  day ahead inc hosp",2021-01-13,"quantile",0.975,1385.38255560561
"28819",2020-12-12,"36","32  day ahead inc hosp",2021-01-13,"quantile",0.99,1466.88893567989
"28820",2020-12-12,"36","33  day ahead inc hosp",2021-01-14,"quantile",0.01,428.276645976843
"28821",2020-12-12,"36","33  day ahead inc hosp",2021-01-14,"quantile",0.025,511.524980664971
"28822",2020-12-12,"36","33  day ahead inc hosp",2021-01-14,"quantile",0.05,583.123141129867
"28823",2020-12-12,"36","33  day ahead inc hosp",2021-01-14,"quantile",0.1,665.67123472125
"28824",2020-12-12,"36","33  day ahead inc hosp",2021-01-14,"quantile",0.15,721.366041569403
"28825",2020-12-12,"36","33  day ahead inc hosp",2021-01-14,"quantile",0.2,765.630508491009
"28826",2020-12-12,"36","33  day ahead inc hosp",2021-01-14,"quantile",0.25,803.605479726877
"28827",2020-12-12,"36","33  day ahead inc hosp",2021-01-14,"quantile",0.3,837.708177562513
"28828",2020-12-12,"36","33  day ahead inc hosp",2021-01-14,"quantile",0.35,869.309409425185
"28829",2020-12-12,"36","33  day ahead inc hosp",2021-01-14,"quantile",0.4,899.29588817166
"28830",2020-12-12,"36","33  day ahead inc hosp",2021-01-14,"quantile",0.45,928.308153389565
"28831",2020-12-12,"36","33  day ahead inc hosp",2021-01-14,"quantile",0.5,956.860440103388
"28832",2020-12-12,"36","33  day ahead inc hosp",2021-01-14,"quantile",0.55,985.412726817211
"28833",2020-12-12,"36","33  day ahead inc hosp",2021-01-14,"quantile",0.6,1014.42499203512
"28834",2020-12-12,"36","33  day ahead inc hosp",2021-01-14,"quantile",0.65,1044.41147078159
"28835",2020-12-12,"36","33  day ahead inc hosp",2021-01-14,"quantile",0.7,1076.01270264426
"28836",2020-12-12,"36","33  day ahead inc hosp",2021-01-14,"quantile",0.75,1110.1154004799
"28837",2020-12-12,"36","33  day ahead inc hosp",2021-01-14,"quantile",0.8,1148.09037171577
"28838",2020-12-12,"36","33  day ahead inc hosp",2021-01-14,"quantile",0.85,1192.35483863737
"28839",2020-12-12,"36","33  day ahead inc hosp",2021-01-14,"quantile",0.9,1248.04964548553
"28840",2020-12-12,"36","33  day ahead inc hosp",2021-01-14,"quantile",0.95,1330.59773907691
"28841",2020-12-12,"36","33  day ahead inc hosp",2021-01-14,"quantile",0.975,1402.19589954181
"28842",2020-12-12,"36","33  day ahead inc hosp",2021-01-14,"quantile",0.99,1485.44423422993
"28843",2020-12-12,"36","34  day ahead inc hosp",2021-01-15,"quantile",0.01,424.875379878448
"28844",2020-12-12,"36","34  day ahead inc hosp",2021-01-15,"quantile",0.025,509.835713321492
"28845",2020-12-12,"36","34  day ahead inc hosp",2021-01-15,"quantile",0.05,582.906287162936
"28846",2020-12-12,"36","34  day ahead inc hosp",2021-01-15,"quantile",0.1,667.1519790784
"28847",2020-12-12,"36","34  day ahead inc hosp",2021-01-15,"quantile",0.15,723.992147456445
"28848",2020-12-12,"36","34  day ahead inc hosp",2021-01-15,"quantile",0.2,769.166911413309
"28849",2020-12-12,"36","34  day ahead inc hosp",2021-01-15,"quantile",0.25,807.922836451044
"28850",2020-12-12,"36","34  day ahead inc hosp",2021-01-15,"quantile",0.3,842.726854937148
"28851",2020-12-12,"36","34  day ahead inc hosp",2021-01-15,"quantile",0.35,874.97796490015
"28852",2020-12-12,"36","34  day ahead inc hosp",2021-01-15,"quantile",0.4,905.581114412119
"28853",2020-12-12,"36","34  day ahead inc hosp",2021-01-15,"quantile",0.45,935.190015732313
"28854",2020-12-12,"36","34  day ahead inc hosp",2021-01-15,"quantile",0.5,964.329479108434
"28855",2020-12-12,"36","34  day ahead inc hosp",2021-01-15,"quantile",0.55,993.468942484556
"28856",2020-12-12,"36","34  day ahead inc hosp",2021-01-15,"quantile",0.6,1023.07784380475
"28857",2020-12-12,"36","34  day ahead inc hosp",2021-01-15,"quantile",0.65,1053.68099331672
"28858",2020-12-12,"36","34  day ahead inc hosp",2021-01-15,"quantile",0.7,1085.93210327972
"28859",2020-12-12,"36","34  day ahead inc hosp",2021-01-15,"quantile",0.75,1120.73612176582
"28860",2020-12-12,"36","34  day ahead inc hosp",2021-01-15,"quantile",0.8,1159.49204680356
"28861",2020-12-12,"36","34  day ahead inc hosp",2021-01-15,"quantile",0.85,1204.66681076042
"28862",2020-12-12,"36","34  day ahead inc hosp",2021-01-15,"quantile",0.9,1261.50697913847
"28863",2020-12-12,"36","34  day ahead inc hosp",2021-01-15,"quantile",0.95,1345.75267105393
"28864",2020-12-12,"36","34  day ahead inc hosp",2021-01-15,"quantile",0.975,1418.82324489538
"28865",2020-12-12,"36","34  day ahead inc hosp",2021-01-15,"quantile",0.99,1503.78357833842
"28866",2020-12-12,"36","35  day ahead inc hosp",2021-01-16,"quantile",0.01,421.635058079892
"28867",2020-12-12,"36","35  day ahead inc hosp",2021-01-16,"quantile",0.025,508.27850185437
"28868",2020-12-12,"36","35  day ahead inc hosp",2021-01-16,"quantile",0.05,582.796643434456
"28869",2020-12-12,"36","35  day ahead inc hosp",2021-01-16,"quantile",0.1,668.711288244707
"28870",2020-12-12,"36","35  day ahead inc hosp",2021-01-16,"quantile",0.15,726.677491217492
"28871",2020-12-12,"36","35  day ahead inc hosp",2021-01-16,"quantile",0.2,772.747191774233
"28872",2020-12-12,"36","35  day ahead inc hosp",2021-01-16,"quantile",0.25,812.270892727996
"28873",2020-12-12,"36","35  day ahead inc hosp",2021-01-16,"quantile",0.3,847.764397715806
"28874",2020-12-12,"36","35  day ahead inc hosp",2021-01-16,"quantile",0.35,880.654419676668
"28875",2020-12-12,"36","35  day ahead inc hosp",2021-01-16,"quantile",0.4,911.863834195266
"28876",2020-12-12,"36","35  day ahead inc hosp",2021-01-16,"quantile",0.45,942.059303925621
"28877",2020-12-12,"36","35  day ahead inc hosp",2021-01-16,"quantile",0.5,971.776035891368
"28878",2020-12-12,"36","35  day ahead inc hosp",2021-01-16,"quantile",0.55,1001.49276785712
"28879",2020-12-12,"36","35  day ahead inc hosp",2021-01-16,"quantile",0.6,1031.68823758747
"28880",2020-12-12,"36","35  day ahead inc hosp",2021-01-16,"quantile",0.65,1062.89765210607
"28881",2020-12-12,"36","35  day ahead inc hosp",2021-01-16,"quantile",0.7,1095.78767406693
"28882",2020-12-12,"36","35  day ahead inc hosp",2021-01-16,"quantile",0.75,1131.28117905474
"28883",2020-12-12,"36","35  day ahead inc hosp",2021-01-16,"quantile",0.8,1170.8048800085
"28884",2020-12-12,"36","35  day ahead inc hosp",2021-01-16,"quantile",0.85,1216.87458056524
"28885",2020-12-12,"36","35  day ahead inc hosp",2021-01-16,"quantile",0.9,1274.84078353803
"28886",2020-12-12,"36","35  day ahead inc hosp",2021-01-16,"quantile",0.95,1360.75542834828
"28887",2020-12-12,"36","35  day ahead inc hosp",2021-01-16,"quantile",0.975,1435.27356992837
"28888",2020-12-12,"36","35  day ahead inc hosp",2021-01-16,"quantile",0.99,1521.91701370284
"28889",2020-12-12,"36","36  day ahead inc hosp",2021-01-17,"quantile",0.01,471.878950321145
"28890",2020-12-12,"36","36  day ahead inc hosp",2021-01-17,"quantile",0.025,560.177659359623
"28891",2020-12-12,"36","36  day ahead inc hosp",2021-01-17,"quantile",0.05,636.119420384204
"28892",2020-12-12,"36","36  day ahead inc hosp",2021-01-17,"quantile",0.1,723.675407239831
"28893",2020-12-12,"36","36  day ahead inc hosp",2021-01-17,"quantile",0.15,782.749015898343
"28894",2020-12-12,"36","36  day ahead inc hosp",2021-01-17,"quantile",0.2,829.698847388625
"28895",2020-12-12,"36","36  day ahead inc hosp",2021-01-17,"quantile",0.25,869.977622315023
"28896",2020-12-12,"36","36  day ahead inc hosp",2021-01-17,"quantile",0.3,906.1492070668
"28897",2020-12-12,"36","36  day ahead inc hosp",2021-01-17,"quantile",0.35,939.667570983064
"28898",2020-12-12,"36","36  day ahead inc hosp",2021-01-17,"quantile",0.4,971.473220571645
"28899",2020-12-12,"36","36  day ahead inc hosp",2021-01-17,"quantile",0.45,1002.24555463238
"28900",2020-12-12,"36","36  day ahead inc hosp",2021-01-17,"quantile",0.5,1032.53000496249
"28901",2020-12-12,"36","36  day ahead inc hosp",2021-01-17,"quantile",0.55,1062.8144552926
"28902",2020-12-12,"36","36  day ahead inc hosp",2021-01-17,"quantile",0.6,1093.58678935334
"28903",2020-12-12,"36","36  day ahead inc hosp",2021-01-17,"quantile",0.65,1125.39243894192
"28904",2020-12-12,"36","36  day ahead inc hosp",2021-01-17,"quantile",0.7,1158.91080285818
"28905",2020-12-12,"36","36  day ahead inc hosp",2021-01-17,"quantile",0.75,1195.08238760996
"28906",2020-12-12,"36","36  day ahead inc hosp",2021-01-17,"quantile",0.8,1235.36116253636
"28907",2020-12-12,"36","36  day ahead inc hosp",2021-01-17,"quantile",0.85,1282.31099402664
"28908",2020-12-12,"36","36  day ahead inc hosp",2021-01-17,"quantile",0.9,1341.38460268515
"28909",2020-12-12,"36","36  day ahead inc hosp",2021-01-17,"quantile",0.95,1428.94058954078
"28910",2020-12-12,"36","36  day ahead inc hosp",2021-01-17,"quantile",0.975,1504.88235056536
"28911",2020-12-12,"36","36  day ahead inc hosp",2021-01-17,"quantile",0.99,1593.18105960384
"28912",2020-12-12,"36","37  day ahead inc hosp",2021-01-18,"quantile",0.01,468.949023841517
"28913",2020-12-12,"36","37  day ahead inc hosp",2021-01-18,"quantile",0.025,558.876167562945
"28914",2020-12-12,"36","37  day ahead inc hosp",2021-01-18,"quantile",0.05,636.218472252131
"28915",2020-12-12,"36","37  day ahead inc hosp",2021-01-18,"quantile",0.1,725.389196256786
"28916",2020-12-12,"36","37  day ahead inc hosp",2021-01-18,"quantile",0.15,785.552260403766
"28917",2020-12-12,"36","37  day ahead inc hosp",2021-01-18,"quantile",0.2,833.36795657984
"28918",2020-12-12,"36","37  day ahead inc hosp",2021-01-18,"quantile",0.25,874.389566308593
"28919",2020-12-12,"36","37  day ahead inc hosp",2021-01-18,"quantile",0.3,911.228239671161
"28920",2020-12-12,"36","37  day ahead inc hosp",2021-01-18,"quantile",0.35,945.364760601398
"28921",2020-12-12,"36","37  day ahead inc hosp",2021-01-18,"quantile",0.4,977.756980746534
"28922",2020-12-12,"36","37  day ahead inc hosp",2021-01-18,"quantile",0.45,1009.09682860906
"28923",2020-12-12,"36","37  day ahead inc hosp",2021-01-18,"quantile",0.5,1039.93979502405
"28924",2020-12-12,"36","37  day ahead inc hosp",2021-01-18,"quantile",0.55,1070.78276143903
"28925",2020-12-12,"36","37  day ahead inc hosp",2021-01-18,"quantile",0.6,1102.12260930156
"28926",2020-12-12,"36","37  day ahead inc hosp",2021-01-18,"quantile",0.65,1134.5148294467
"28927",2020-12-12,"36","37  day ahead inc hosp",2021-01-18,"quantile",0.7,1168.65135037693
"28928",2020-12-12,"36","37  day ahead inc hosp",2021-01-18,"quantile",0.75,1205.4900237395
"28929",2020-12-12,"36","37  day ahead inc hosp",2021-01-18,"quantile",0.8,1246.51163346826
"28930",2020-12-12,"36","37  day ahead inc hosp",2021-01-18,"quantile",0.85,1294.32732964433
"28931",2020-12-12,"36","37  day ahead inc hosp",2021-01-18,"quantile",0.9,1354.49039379131
"28932",2020-12-12,"36","37  day ahead inc hosp",2021-01-18,"quantile",0.95,1443.66111779596
"28933",2020-12-12,"36","37  day ahead inc hosp",2021-01-18,"quantile",0.975,1521.00342248515
"28934",2020-12-12,"36","37  day ahead inc hosp",2021-01-18,"quantile",0.99,1610.93056620658
"28935",2020-12-12,"37","1  day ahead inc hosp",2020-12-13,"quantile",0.01,54.2708408621493
"28936",2020-12-12,"37","1  day ahead inc hosp",2020-12-13,"quantile",0.025,77.6489368904256
"28937",2020-12-12,"37","1  day ahead inc hosp",2020-12-13,"quantile",0.05,97.7553891944495
"28938",2020-12-12,"37","1  day ahead inc hosp",2020-12-13,"quantile",0.1,120.93684100559
"28939",2020-12-12,"37","1  day ahead inc hosp",2020-12-13,"quantile",0.15,136.577256488376
"28940",2020-12-12,"37","1  day ahead inc hosp",2020-12-13,"quantile",0.2,149.007762902835
"28941",2020-12-12,"37","1  day ahead inc hosp",2020-12-13,"quantile",0.25,159.672030573162
"28942",2020-12-12,"37","1  day ahead inc hosp",2020-12-13,"quantile",0.3,169.248872534163
"28943",2020-12-12,"37","1  day ahead inc hosp",2020-12-13,"quantile",0.35,178.123243845794
"28944",2020-12-12,"37","1  day ahead inc hosp",2020-12-13,"quantile",0.4,186.54415439387
"28945",2020-12-12,"37","1  day ahead inc hosp",2020-12-13,"quantile",0.45,194.691482803536
"28946",2020-12-12,"37","1  day ahead inc hosp",2020-12-13,"quantile",0.5,202.70963839936
"28947",2020-12-12,"37","1  day ahead inc hosp",2020-12-13,"quantile",0.55,210.727793995184
"28948",2020-12-12,"37","1  day ahead inc hosp",2020-12-13,"quantile",0.6,218.87512240485
"28949",2020-12-12,"37","1  day ahead inc hosp",2020-12-13,"quantile",0.65,227.296032952926
"28950",2020-12-12,"37","1  day ahead inc hosp",2020-12-13,"quantile",0.7,236.170404264557
"28951",2020-12-12,"37","1  day ahead inc hosp",2020-12-13,"quantile",0.75,245.747246225558
"28952",2020-12-12,"37","1  day ahead inc hosp",2020-12-13,"quantile",0.8,256.411513895885
"28953",2020-12-12,"37","1  day ahead inc hosp",2020-12-13,"quantile",0.85,268.842020310344
"28954",2020-12-12,"37","1  day ahead inc hosp",2020-12-13,"quantile",0.9,284.48243579313
"28955",2020-12-12,"37","1  day ahead inc hosp",2020-12-13,"quantile",0.95,307.663887604271
"28956",2020-12-12,"37","1  day ahead inc hosp",2020-12-13,"quantile",0.975,327.770339908294
"28957",2020-12-12,"37","1  day ahead inc hosp",2020-12-13,"quantile",0.99,351.148435936571
"28958",2020-12-12,"37","2  day ahead inc hosp",2020-12-14,"quantile",0.01,25.0877232625151
"28959",2020-12-12,"37","2  day ahead inc hosp",2020-12-14,"quantile",0.025,52.7544382307229
"28960",2020-12-12,"37","2  day ahead inc hosp",2020-12-14,"quantile",0.05,76.5493394170497
"28961",2020-12-12,"37","2  day ahead inc hosp",2020-12-14,"quantile",0.1,103.983336566874
"28962",2020-12-12,"37","2  day ahead inc hosp",2020-12-14,"quantile",0.15,122.492924200667
"28963",2020-12-12,"37","2  day ahead inc hosp",2020-12-14,"quantile",0.2,137.203757686137
"28964",2020-12-12,"37","2  day ahead inc hosp",2020-12-14,"quantile",0.25,149.82434293922
"28965",2020-12-12,"37","2  day ahead inc hosp",2020-12-14,"quantile",0.3,161.158018552073
"28966",2020-12-12,"37","2  day ahead inc hosp",2020-12-14,"quantile",0.35,171.660358062697
"28967",2020-12-12,"37","2  day ahead inc hosp",2020-12-14,"quantile",0.4,181.626051232259
"28968",2020-12-12,"37","2  day ahead inc hosp",2020-12-14,"quantile",0.45,191.267974705839
"28969",2020-12-12,"37","2  day ahead inc hosp",2020-12-14,"quantile",0.5,200.757029125501
"28970",2020-12-12,"37","2  day ahead inc hosp",2020-12-14,"quantile",0.55,210.246083545163
"28971",2020-12-12,"37","2  day ahead inc hosp",2020-12-14,"quantile",0.6,219.888007018742
"28972",2020-12-12,"37","2  day ahead inc hosp",2020-12-14,"quantile",0.65,229.853700188304
"28973",2020-12-12,"37","2  day ahead inc hosp",2020-12-14,"quantile",0.7,240.356039698929
"28974",2020-12-12,"37","2  day ahead inc hosp",2020-12-14,"quantile",0.75,251.689715311782
"28975",2020-12-12,"37","2  day ahead inc hosp",2020-12-14,"quantile",0.8,264.310300564864
"28976",2020-12-12,"37","2  day ahead inc hosp",2020-12-14,"quantile",0.85,279.021134050334
"28977",2020-12-12,"37","2  day ahead inc hosp",2020-12-14,"quantile",0.9,297.530721684127
"28978",2020-12-12,"37","2  day ahead inc hosp",2020-12-14,"quantile",0.95,324.964718833952
"28979",2020-12-12,"37","2  day ahead inc hosp",2020-12-14,"quantile",0.975,348.759620020278
"28980",2020-12-12,"37","2  day ahead inc hosp",2020-12-14,"quantile",0.99,376.426334988486
"28981",2020-12-12,"37","3  day ahead inc hosp",2020-12-15,"quantile",0.01,0
"28982",2020-12-12,"37","3  day ahead inc hosp",2020-12-15,"quantile",0.025,19.4408931132805
"28983",2020-12-12,"37","3  day ahead inc hosp",2020-12-15,"quantile",0.05,45.9021415870025
"28984",2020-12-12,"37","3  day ahead inc hosp",2020-12-15,"quantile",0.1,76.4102663959438
"28985",2020-12-12,"37","3  day ahead inc hosp",2020-12-15,"quantile",0.15,96.9939533668892
"28986",2020-12-12,"37","3  day ahead inc hosp",2020-12-15,"quantile",0.2,113.353215255241
"28987",2020-12-12,"37","3  day ahead inc hosp",2020-12-15,"quantile",0.25,127.388005299148
"28988",2020-12-12,"37","3  day ahead inc hosp",2020-12-15,"quantile",0.3,139.991680521997
"28989",2020-12-12,"37","3  day ahead inc hosp",2020-12-15,"quantile",0.35,151.670863939061
"28990",2020-12-12,"37","3  day ahead inc hosp",2020-12-15,"quantile",0.4,162.753266892018
"28991",2020-12-12,"37","3  day ahead inc hosp",2020-12-15,"quantile",0.45,173.475620004608
"28992",2020-12-12,"37","3  day ahead inc hosp",2020-12-15,"quantile",0.5,184.027974259545
"28993",2020-12-12,"37","3  day ahead inc hosp",2020-12-15,"quantile",0.55,194.580328514483
"28994",2020-12-12,"37","3  day ahead inc hosp",2020-12-15,"quantile",0.6,205.302681627073
"28995",2020-12-12,"37","3  day ahead inc hosp",2020-12-15,"quantile",0.65,216.38508458003
"28996",2020-12-12,"37","3  day ahead inc hosp",2020-12-15,"quantile",0.7,228.064267997094
"28997",2020-12-12,"37","3  day ahead inc hosp",2020-12-15,"quantile",0.75,240.667943219943
"28998",2020-12-12,"37","3  day ahead inc hosp",2020-12-15,"quantile",0.8,254.70273326385
"28999",2020-12-12,"37","3  day ahead inc hosp",2020-12-15,"quantile",0.85,271.061995152202
"29000",2020-12-12,"37","3  day ahead inc hosp",2020-12-15,"quantile",0.9,291.645682123147
"29001",2020-12-12,"37","3  day ahead inc hosp",2020-12-15,"quantile",0.95,322.153806932088
"29002",2020-12-12,"37","3  day ahead inc hosp",2020-12-15,"quantile",0.975,348.61505540581
"29003",2020-12-12,"37","3  day ahead inc hosp",2020-12-15,"quantile",0.99,379.381975322505
"29004",2020-12-12,"37","4  day ahead inc hosp",2020-12-16,"quantile",0.01,0
"29005",2020-12-12,"37","4  day ahead inc hosp",2020-12-16,"quantile",0.025,0
"29006",2020-12-12,"37","4  day ahead inc hosp",2020-12-16,"quantile",0.05,29.8939193536201
"29007",2020-12-12,"37","4  day ahead inc hosp",2020-12-16,"quantile",0.1,64.7232171164898
"29008",2020-12-12,"37","4  day ahead inc hosp",2020-12-16,"quantile",0.15,88.2223789646361
"29009",2020-12-12,"37","4  day ahead inc hosp",2020-12-16,"quantile",0.2,106.898767862953
"29010",2020-12-12,"37","4  day ahead inc hosp",2020-12-16,"quantile",0.25,122.921446560508
"29011",2020-12-12,"37","4  day ahead inc hosp",2020-12-16,"quantile",0.3,137.310307232616
"29012",2020-12-12,"37","4  day ahead inc hosp",2020-12-16,"quantile",0.35,150.643731014233
"29013",2020-12-12,"37","4  day ahead inc hosp",2020-12-16,"quantile",0.4,163.295846304633
"29014",2020-12-12,"37","4  day ahead inc hosp",2020-12-16,"quantile",0.45,175.536914269833
"29015",2020-12-12,"37","4  day ahead inc hosp",2020-12-16,"quantile",0.5,187.583904727168
"29016",2020-12-12,"37","4  day ahead inc hosp",2020-12-16,"quantile",0.55,199.630895184502
"29017",2020-12-12,"37","4  day ahead inc hosp",2020-12-16,"quantile",0.6,211.871963149702
"29018",2020-12-12,"37","4  day ahead inc hosp",2020-12-16,"quantile",0.65,224.524078440102
"29019",2020-12-12,"37","4  day ahead inc hosp",2020-12-16,"quantile",0.7,237.857502221719
"29020",2020-12-12,"37","4  day ahead inc hosp",2020-12-16,"quantile",0.75,252.246362893827
"29021",2020-12-12,"37","4  day ahead inc hosp",2020-12-16,"quantile",0.8,268.269041591382
"29022",2020-12-12,"37","4  day ahead inc hosp",2020-12-16,"quantile",0.85,286.945430489699
"29023",2020-12-12,"37","4  day ahead inc hosp",2020-12-16,"quantile",0.9,310.444592337845
"29024",2020-12-12,"37","4  day ahead inc hosp",2020-12-16,"quantile",0.95,345.273890100715
"29025",2020-12-12,"37","4  day ahead inc hosp",2020-12-16,"quantile",0.975,375.483111678255
"29026",2020-12-12,"37","4  day ahead inc hosp",2020-12-16,"quantile",0.99,410.607860306229
"29027",2020-12-12,"37","5  day ahead inc hosp",2020-12-17,"quantile",0.01,0
"29028",2020-12-12,"37","5  day ahead inc hosp",2020-12-17,"quantile",0.025,0
"29029",2020-12-12,"37","5  day ahead inc hosp",2020-12-17,"quantile",0.05,24.4504124056267
"29030",2020-12-12,"37","5  day ahead inc hosp",2020-12-17,"quantile",0.1,59.7028815600378
"29031",2020-12-12,"37","5  day ahead inc hosp",2020-12-17,"quantile",0.15,83.4875551370464
"29032",2020-12-12,"37","5  day ahead inc hosp",2020-12-17,"quantile",0.2,102.390859706557
"29033",2020-12-12,"37","5  day ahead inc hosp",2020-12-17,"quantile",0.25,118.608211845042
"29034",2020-12-12,"37","5  day ahead inc hosp",2020-12-17,"quantile",0.3,133.17189528374
"29035",2020-12-12,"37","5  day ahead inc hosp",2020-12-17,"quantile",0.35,146.667318412404
"29036",2020-12-12,"37","5  day ahead inc hosp",2020-12-17,"quantile",0.4,159.473155241201
"29037",2020-12-12,"37","5  day ahead inc hosp",2020-12-17,"quantile",0.45,171.862950573804
"29038",2020-12-12,"37","5  day ahead inc hosp",2020-12-17,"quantile",0.5,184.056310382322
"29039",2020-12-12,"37","5  day ahead inc hosp",2020-12-17,"quantile",0.55,196.24967019084
"29040",2020-12-12,"37","5  day ahead inc hosp",2020-12-17,"quantile",0.6,208.639465523443
"29041",2020-12-12,"37","5  day ahead inc hosp",2020-12-17,"quantile",0.65,221.44530235224
"29042",2020-12-12,"37","5  day ahead inc hosp",2020-12-17,"quantile",0.7,234.940725480903
"29043",2020-12-12,"37","5  day ahead inc hosp",2020-12-17,"quantile",0.75,249.504408919602
"29044",2020-12-12,"37","5  day ahead inc hosp",2020-12-17,"quantile",0.8,265.721761058087
"29045",2020-12-12,"37","5  day ahead inc hosp",2020-12-17,"quantile",0.85,284.625065627597
"29046",2020-12-12,"37","5  day ahead inc hosp",2020-12-17,"quantile",0.9,308.409739204606
"29047",2020-12-12,"37","5  day ahead inc hosp",2020-12-17,"quantile",0.95,343.662208359017
"29048",2020-12-12,"37","5  day ahead inc hosp",2020-12-17,"quantile",0.975,374.238468009485
"29049",2020-12-12,"37","5  day ahead inc hosp",2020-12-17,"quantile",0.99,409.789977718192
"29050",2020-12-12,"37","6  day ahead inc hosp",2020-12-18,"quantile",0.01,0
"29051",2020-12-12,"37","6  day ahead inc hosp",2020-12-18,"quantile",0.025,0
"29052",2020-12-12,"37","6  day ahead inc hosp",2020-12-18,"quantile",0.05,19.9678354156601
"29053",2020-12-12,"37","6  day ahead inc hosp",2020-12-18,"quantile",0.1,56.1452476607417
"29054",2020-12-12,"37","6  day ahead inc hosp",2020-12-18,"quantile",0.15,80.5539759498485
"29055",2020-12-12,"37","6  day ahead inc hosp",2020-12-18,"quantile",0.2,99.9532594215974
"29056",2020-12-12,"37","6  day ahead inc hosp",2020-12-18,"quantile",0.25,116.596117295404
"29057",2020-12-12,"37","6  day ahead inc hosp",2020-12-18,"quantile",0.3,131.54191803523
"29058",2020-12-12,"37","6  day ahead inc hosp",2020-12-18,"quantile",0.35,145.391429790249
"29059",2020-12-12,"37","6  day ahead inc hosp",2020-12-18,"quantile",0.4,158.533262099055
"29060",2020-12-12,"37","6  day ahead inc hosp",2020-12-18,"quantile",0.45,171.248136947011
"29061",2020-12-12,"37","6  day ahead inc hosp",2020-12-18,"quantile",0.5,183.761422257983
"29062",2020-12-12,"37","6  day ahead inc hosp",2020-12-18,"quantile",0.55,196.274707568954
"29063",2020-12-12,"37","6  day ahead inc hosp",2020-12-18,"quantile",0.6,208.98958241691
"29064",2020-12-12,"37","6  day ahead inc hosp",2020-12-18,"quantile",0.65,222.131414725716
"29065",2020-12-12,"37","6  day ahead inc hosp",2020-12-18,"quantile",0.7,235.980926480736
"29066",2020-12-12,"37","6  day ahead inc hosp",2020-12-18,"quantile",0.75,250.926727220561
"29067",2020-12-12,"37","6  day ahead inc hosp",2020-12-18,"quantile",0.8,267.569585094368
"29068",2020-12-12,"37","6  day ahead inc hosp",2020-12-18,"quantile",0.85,286.968868566117
"29069",2020-12-12,"37","6  day ahead inc hosp",2020-12-18,"quantile",0.9,311.377596855224
"29070",2020-12-12,"37","6  day ahead inc hosp",2020-12-18,"quantile",0.95,347.555009100305
"29071",2020-12-12,"37","6  day ahead inc hosp",2020-12-18,"quantile",0.975,378.933518941487
"29072",2020-12-12,"37","6  day ahead inc hosp",2020-12-18,"quantile",0.99,415.417817871963
"29073",2020-12-12,"37","7  day ahead inc hosp",2020-12-19,"quantile",0.01,0
"29074",2020-12-12,"37","7  day ahead inc hosp",2020-12-19,"quantile",0.025,0
"29075",2020-12-12,"37","7  day ahead inc hosp",2020-12-19,"quantile",0.05,23.0037998145578
"29076",2020-12-12,"37","7  day ahead inc hosp",2020-12-19,"quantile",0.1,59.5995441165874
"29077",2020-12-12,"37","7  day ahead inc hosp",2020-12-19,"quantile",0.15,84.2905190584812
"29078",2020-12-12,"37","7  day ahead inc hosp",2020-12-19,"quantile",0.2,103.914123222464
"29079",2020-12-12,"37","7  day ahead inc hosp",2020-12-19,"quantile",0.25,120.749428276315
"29080",2020-12-12,"37","7  day ahead inc hosp",2020-12-19,"quantile",0.3,135.868052531649
"29081",2020-12-12,"37","7  day ahead inc hosp",2020-12-19,"quantile",0.35,149.877711029641
"29082",2020-12-12,"37","7  day ahead inc hosp",2020-12-19,"quantile",0.4,163.171506936743
"29083",2020-12-12,"37","7  day ahead inc hosp",2020-12-19,"quantile",0.45,176.033408324711
"29084",2020-12-12,"37","7  day ahead inc hosp",2020-12-19,"quantile",0.5,188.69138912545
"29085",2020-12-12,"37","7  day ahead inc hosp",2020-12-19,"quantile",0.55,201.349369926188
"29086",2020-12-12,"37","7  day ahead inc hosp",2020-12-19,"quantile",0.6,214.211271314157
"29087",2020-12-12,"37","7  day ahead inc hosp",2020-12-19,"quantile",0.65,227.505067221259
"29088",2020-12-12,"37","7  day ahead inc hosp",2020-12-19,"quantile",0.7,241.51472571925
"29089",2020-12-12,"37","7  day ahead inc hosp",2020-12-19,"quantile",0.75,256.633349974585
"29090",2020-12-12,"37","7  day ahead inc hosp",2020-12-19,"quantile",0.8,273.468655028435
"29091",2020-12-12,"37","7  day ahead inc hosp",2020-12-19,"quantile",0.85,293.092259192418
"29092",2020-12-12,"37","7  day ahead inc hosp",2020-12-19,"quantile",0.9,317.783234134312
"29093",2020-12-12,"37","7  day ahead inc hosp",2020-12-19,"quantile",0.95,354.378978436342
"29094",2020-12-12,"37","7  day ahead inc hosp",2020-12-19,"quantile",0.975,386.120328949402
"29095",2020-12-12,"37","7  day ahead inc hosp",2020-12-19,"quantile",0.99,423.026508574785
"29096",2020-12-12,"37","8  day ahead inc hosp",2020-12-20,"quantile",0.01,0
"29097",2020-12-12,"37","8  day ahead inc hosp",2020-12-20,"quantile",0.025,0
"29098",2020-12-12,"37","8  day ahead inc hosp",2020-12-20,"quantile",0.05,0
"29099",2020-12-12,"37","8  day ahead inc hosp",2020-12-20,"quantile",0.1,27.1749144714197
"29100",2020-12-12,"37","8  day ahead inc hosp",2020-12-20,"quantile",0.15,52.0255056580793
"29101",2020-12-12,"37","8  day ahead inc hosp",2020-12-20,"quantile",0.2,71.7759677534642
"29102",2020-12-12,"37","8  day ahead inc hosp",2020-12-20,"quantile",0.25,88.7201056168135
"29103",2020-12-12,"37","8  day ahead inc hosp",2020-12-20,"quantile",0.3,103.936465098697
"29104",2020-12-12,"37","8  day ahead inc hosp",2020-12-20,"quantile",0.35,118.036689849547
"29105",2020-12-12,"37","8  day ahead inc hosp",2020-12-20,"quantile",0.4,131.416424274118
"29106",2020-12-12,"37","8  day ahead inc hosp",2020-12-20,"quantile",0.45,144.361472172296
"29107",2020-12-12,"37","8  day ahead inc hosp",2020-12-20,"quantile",0.5,157.101281226738
"29108",2020-12-12,"37","8  day ahead inc hosp",2020-12-20,"quantile",0.55,169.84109028118
"29109",2020-12-12,"37","8  day ahead inc hosp",2020-12-20,"quantile",0.6,182.786138179358
"29110",2020-12-12,"37","8  day ahead inc hosp",2020-12-20,"quantile",0.65,196.16587260393
"29111",2020-12-12,"37","8  day ahead inc hosp",2020-12-20,"quantile",0.7,210.266097354779
"29112",2020-12-12,"37","8  day ahead inc hosp",2020-12-20,"quantile",0.75,225.482456836663
"29113",2020-12-12,"37","8  day ahead inc hosp",2020-12-20,"quantile",0.8,242.426594700012
"29114",2020-12-12,"37","8  day ahead inc hosp",2020-12-20,"quantile",0.85,262.177056795397
"29115",2020-12-12,"37","8  day ahead inc hosp",2020-12-20,"quantile",0.9,287.027647982057
"29116",2020-12-12,"37","8  day ahead inc hosp",2020-12-20,"quantile",0.95,323.859967603354
"29117",2020-12-12,"37","8  day ahead inc hosp",2020-12-20,"quantile",0.975,355.80651192446
"29118",2020-12-12,"37","8  day ahead inc hosp",2020-12-20,"quantile",0.99,392.951273696329
"29119",2020-12-12,"37","9  day ahead inc hosp",2020-12-21,"quantile",0.01,0
"29120",2020-12-12,"37","9  day ahead inc hosp",2020-12-21,"quantile",0.025,0
"29121",2020-12-12,"37","9  day ahead inc hosp",2020-12-21,"quantile",0.05,0
"29122",2020-12-12,"37","9  day ahead inc hosp",2020-12-21,"quantile",0.1,27.0795949412774
"29123",2020-12-12,"37","9  day ahead inc hosp",2020-12-21,"quantile",0.15,52.3396623737527
"29124",2020-12-12,"37","9  day ahead inc hosp",2020-12-21,"quantile",0.2,72.4155632086509
"29125",2020-12-12,"37","9  day ahead inc hosp",2020-12-21,"quantile",0.25,89.6388985328876
"29126",2020-12-12,"37","9  day ahead inc hosp",2020-12-21,"quantile",0.3,105.105985963608
"29127",2020-12-12,"37","9  day ahead inc hosp",2020-12-21,"quantile",0.35,119.43854752499
"29128",2020-12-12,"37","9  day ahead inc hosp",2020-12-21,"quantile",0.4,133.038746862489
"29129",2020-12-12,"37","9  day ahead inc hosp",2020-12-21,"quantile",0.45,146.197097115345
"29130",2020-12-12,"37","9  day ahead inc hosp",2020-12-21,"quantile",0.5,159.146826696218
"29131",2020-12-12,"37","9  day ahead inc hosp",2020-12-21,"quantile",0.55,172.096556277091
"29132",2020-12-12,"37","9  day ahead inc hosp",2020-12-21,"quantile",0.6,185.254906529947
"29133",2020-12-12,"37","9  day ahead inc hosp",2020-12-21,"quantile",0.65,198.855105867447
"29134",2020-12-12,"37","9  day ahead inc hosp",2020-12-21,"quantile",0.7,213.187667428828
"29135",2020-12-12,"37","9  day ahead inc hosp",2020-12-21,"quantile",0.75,228.654754859549
"29136",2020-12-12,"37","9  day ahead inc hosp",2020-12-21,"quantile",0.8,245.878090183786
"29137",2020-12-12,"37","9  day ahead inc hosp",2020-12-21,"quantile",0.85,265.953991018684
"29138",2020-12-12,"37","9  day ahead inc hosp",2020-12-21,"quantile",0.9,291.214058451159
"29139",2020-12-12,"37","9  day ahead inc hosp",2020-12-21,"quantile",0.95,328.653283552086
"29140",2020-12-12,"37","9  day ahead inc hosp",2020-12-21,"quantile",0.975,361.126227866541
"29141",2020-12-12,"37","9  day ahead inc hosp",2020-12-21,"quantile",0.99,398.88304339149
"29142",2020-12-12,"37","10  day ahead inc hosp",2020-12-22,"quantile",0.01,0
"29143",2020-12-12,"37","10  day ahead inc hosp",2020-12-22,"quantile",0.025,0
"29144",2020-12-12,"37","10  day ahead inc hosp",2020-12-22,"quantile",0.05,0
"29145",2020-12-12,"37","10  day ahead inc hosp",2020-12-22,"quantile",0.1,26.5956152880277
"29146",2020-12-12,"37","10  day ahead inc hosp",2020-12-22,"quantile",0.15,52.2395738121692
"29147",2020-12-12,"37","10  day ahead inc hosp",2020-12-22,"quantile",0.2,72.6205791171285
"29148",2020-12-12,"37","10  day ahead inc hosp",2020-12-22,"quantile",0.25,90.1056669096605
"29149",2020-12-12,"37","10  day ahead inc hosp",2020-12-22,"quantile",0.3,105.807816146711
"29150",2020-12-12,"37","10  day ahead inc hosp",2020-12-22,"quantile",0.35,120.358197502868
"29151",2020-12-12,"37","10  day ahead inc hosp",2020-12-22,"quantile",0.4,134.165086524966
"29152",2020-12-12,"37","10  day ahead inc hosp",2020-12-22,"quantile",0.45,147.523411439671
"29153",2020-12-12,"37","10  day ahead inc hosp",2020-12-22,"quantile",0.5,160.669945159681
"29154",2020-12-12,"37","10  day ahead inc hosp",2020-12-22,"quantile",0.55,173.816478879691
"29155",2020-12-12,"37","10  day ahead inc hosp",2020-12-22,"quantile",0.6,187.174803794396
"29156",2020-12-12,"37","10  day ahead inc hosp",2020-12-22,"quantile",0.65,200.981692816494
"29157",2020-12-12,"37","10  day ahead inc hosp",2020-12-22,"quantile",0.7,215.532074172651
"29158",2020-12-12,"37","10  day ahead inc hosp",2020-12-22,"quantile",0.75,231.234223409701
"29159",2020-12-12,"37","10  day ahead inc hosp",2020-12-22,"quantile",0.8,248.719311202233
"29160",2020-12-12,"37","10  day ahead inc hosp",2020-12-22,"quantile",0.85,269.100316507192
"29161",2020-12-12,"37","10  day ahead inc hosp",2020-12-22,"quantile",0.9,294.744275031334
"29162",2020-12-12,"37","10  day ahead inc hosp",2020-12-22,"quantile",0.95,332.752484559303
"29163",2020-12-12,"37","10  day ahead inc hosp",2020-12-22,"quantile",0.975,365.718938009308
"29164",2020-12-12,"37","10  day ahead inc hosp",2020-12-22,"quantile",0.99,404.049564557068
"29165",2020-12-12,"37","11  day ahead inc hosp",2020-12-23,"quantile",0.01,0
"29166",2020-12-12,"37","11  day ahead inc hosp",2020-12-23,"quantile",0.025,0
"29167",2020-12-12,"37","11  day ahead inc hosp",2020-12-23,"quantile",0.05,0
"29168",2020-12-12,"37","11  day ahead inc hosp",2020-12-23,"quantile",0.1,22.9601606553855
"29169",2020-12-12,"37","11  day ahead inc hosp",2020-12-23,"quantile",0.15,49.0816701382323
"29170",2020-12-12,"37","11  day ahead inc hosp",2020-12-23,"quantile",0.2,69.842217806497
"29171",2020-12-12,"37","11  day ahead inc hosp",2020-12-23,"quantile",0.25,87.6529191516522
"29172",2020-12-12,"37","11  day ahead inc hosp",2020-12-23,"quantile",0.3,103.647479422468
"29173",2020-12-12,"37","11  day ahead inc hosp",2020-12-23,"quantile",0.35,118.468823179365
"29174",2020-12-12,"37","11  day ahead inc hosp",2020-12-23,"quantile",0.4,132.532829022293
"29175",2020-12-12,"37","11  day ahead inc hosp",2020-12-23,"quantile",0.45,146.139917436741
"29176",2020-12-12,"37","11  day ahead inc hosp",2020-12-23,"quantile",0.5,159.531270605188
"29177",2020-12-12,"37","11  day ahead inc hosp",2020-12-23,"quantile",0.55,172.922623773636
"29178",2020-12-12,"37","11  day ahead inc hosp",2020-12-23,"quantile",0.6,186.529712188083
"29179",2020-12-12,"37","11  day ahead inc hosp",2020-12-23,"quantile",0.65,200.593718031012
"29180",2020-12-12,"37","11  day ahead inc hosp",2020-12-23,"quantile",0.7,215.415061787908
"29181",2020-12-12,"37","11  day ahead inc hosp",2020-12-23,"quantile",0.75,231.409622058724
"29182",2020-12-12,"37","11  day ahead inc hosp",2020-12-23,"quantile",0.8,249.220323403879
"29183",2020-12-12,"37","11  day ahead inc hosp",2020-12-23,"quantile",0.85,269.980871072144
"29184",2020-12-12,"37","11  day ahead inc hosp",2020-12-23,"quantile",0.9,296.102380554991
"29185",2020-12-12,"37","11  day ahead inc hosp",2020-12-23,"quantile",0.95,334.818392541838
"29186",2020-12-12,"37","11  day ahead inc hosp",2020-12-23,"quantile",0.975,368.398759067522
"29187",2020-12-12,"37","11  day ahead inc hosp",2020-12-23,"quantile",0.99,407.443192239109
"29188",2020-12-12,"37","12  day ahead inc hosp",2020-12-24,"quantile",0.01,0
"29189",2020-12-12,"37","12  day ahead inc hosp",2020-12-24,"quantile",0.025,0
"29190",2020-12-12,"37","12  day ahead inc hosp",2020-12-24,"quantile",0.05,0
"29191",2020-12-12,"37","12  day ahead inc hosp",2020-12-24,"quantile",0.1,19.9158928812502
"29192",2020-12-12,"37","12  day ahead inc hosp",2020-12-24,"quantile",0.15,46.6944968910465
"29193",2020-12-12,"37","12  day ahead inc hosp",2020-12-24,"quantile",0.2,67.9772824590103
"29194",2020-12-12,"37","12  day ahead inc hosp",2020-12-24,"quantile",0.25,86.236017421163
"29195",2020-12-12,"37","12  day ahead inc hosp",2020-12-24,"quantile",0.3,102.632925727103
"29196",2020-12-12,"37","12  day ahead inc hosp",2020-12-24,"quantile",0.35,117.827104900387
"29197",2020-12-12,"37","12  day ahead inc hosp",2020-12-24,"quantile",0.4,132.244895093812
"29198",2020-12-12,"37","12  day ahead inc hosp",2020-12-24,"quantile",0.45,146.194273961678
"29199",2020-12-12,"37","12  day ahead inc hosp",2020-12-24,"quantile",0.5,159.922490697723
"29200",2020-12-12,"37","12  day ahead inc hosp",2020-12-24,"quantile",0.55,173.650707433769
"29201",2020-12-12,"37","12  day ahead inc hosp",2020-12-24,"quantile",0.6,187.600086301634
"29202",2020-12-12,"37","12  day ahead inc hosp",2020-12-24,"quantile",0.65,202.017876495059
"29203",2020-12-12,"37","12  day ahead inc hosp",2020-12-24,"quantile",0.7,217.212055668343
"29204",2020-12-12,"37","12  day ahead inc hosp",2020-12-24,"quantile",0.75,233.608963974283
"29205",2020-12-12,"37","12  day ahead inc hosp",2020-12-24,"quantile",0.8,251.867698936436
"29206",2020-12-12,"37","12  day ahead inc hosp",2020-12-24,"quantile",0.85,273.1504845044
"29207",2020-12-12,"37","12  day ahead inc hosp",2020-12-24,"quantile",0.9,299.929088514196
"29208",2020-12-12,"37","12  day ahead inc hosp",2020-12-24,"quantile",0.95,339.619013574427
"29209",2020-12-12,"37","12  day ahead inc hosp",2020-12-24,"quantile",0.975,374.04410444774
"29210",2020-12-12,"37","12  day ahead inc hosp",2020-12-24,"quantile",0.99,414.070712227641
"29211",2020-12-12,"37","13  day ahead inc hosp",2020-12-25,"quantile",0.01,0
"29212",2020-12-12,"37","13  day ahead inc hosp",2020-12-25,"quantile",0.025,0
"29213",2020-12-12,"37","13  day ahead inc hosp",2020-12-25,"quantile",0.05,0
"29214",2020-12-12,"37","13  day ahead inc hosp",2020-12-25,"quantile",0.1,16.1899258410675
"29215",2020-12-12,"37","13  day ahead inc hosp",2020-12-25,"quantile",0.15,43.5108506565836
"29216",2020-12-12,"37","13  day ahead inc hosp",2020-12-25,"quantile",0.2,65.224655609014
"29217",2020-12-12,"37","13  day ahead inc hosp",2020-12-25,"quantile",0.25,83.8531668243454
"29218",2020-12-12,"37","13  day ahead inc hosp",2020-12-25,"quantile",0.3,100.582145634056
"29219",2020-12-12,"37","13  day ahead inc hosp",2020-12-25,"quantile",0.35,116.08403761748
"29220",2020-12-12,"37","13  day ahead inc hosp",2020-12-25,"quantile",0.4,130.793817176428
"29221",2020-12-12,"37","13  day ahead inc hosp",2020-12-25,"quantile",0.45,145.025699134602
"29222",2020-12-12,"37","13  day ahead inc hosp",2020-12-25,"quantile",0.5,159.03193998119
"29223",2020-12-12,"37","13  day ahead inc hosp",2020-12-25,"quantile",0.55,173.038180827777
"29224",2020-12-12,"37","13  day ahead inc hosp",2020-12-25,"quantile",0.6,187.270062785951
"29225",2020-12-12,"37","13  day ahead inc hosp",2020-12-25,"quantile",0.65,201.979842344899
"29226",2020-12-12,"37","13  day ahead inc hosp",2020-12-25,"quantile",0.7,217.481734328323
"29227",2020-12-12,"37","13  day ahead inc hosp",2020-12-25,"quantile",0.75,234.210713138034
"29228",2020-12-12,"37","13  day ahead inc hosp",2020-12-25,"quantile",0.8,252.839224353365
"29229",2020-12-12,"37","13  day ahead inc hosp",2020-12-25,"quantile",0.85,274.553029305796
"29230",2020-12-12,"37","13  day ahead inc hosp",2020-12-25,"quantile",0.9,301.873954121312
"29231",2020-12-12,"37","13  day ahead inc hosp",2020-12-25,"quantile",0.95,342.367680310599
"29232",2020-12-12,"37","13  day ahead inc hosp",2020-12-25,"quantile",0.975,377.489948789308
"29233",2020-12-12,"37","13  day ahead inc hosp",2020-12-25,"quantile",0.99,418.327176203208
"29234",2020-12-12,"37","14  day ahead inc hosp",2020-12-26,"quantile",0.01,0
"29235",2020-12-12,"37","14  day ahead inc hosp",2020-12-26,"quantile",0.025,0
"29236",2020-12-12,"37","14  day ahead inc hosp",2020-12-26,"quantile",0.05,0
"29237",2020-12-12,"37","14  day ahead inc hosp",2020-12-26,"quantile",0.1,12.3208905913652
"29238",2020-12-12,"37","14  day ahead inc hosp",2020-12-26,"quantile",0.15,40.2438484981774
"29239",2020-12-12,"37","14  day ahead inc hosp",2020-12-26,"quantile",0.2,62.4361302667326
"29240",2020-12-12,"37","14  day ahead inc hosp",2020-12-26,"quantile",0.25,81.4751319859155
"29241",2020-12-12,"37","14  day ahead inc hosp",2020-12-26,"quantile",0.3,98.572743954827
"29242",2020-12-12,"37","14  day ahead inc hosp",2020-12-26,"quantile",0.35,114.416229497574
"29243",2020-12-12,"37","14  day ahead inc hosp",2020-12-26,"quantile",0.4,129.450147939812
"29244",2020-12-12,"37","14  day ahead inc hosp",2020-12-26,"quantile",0.45,143.995638018798
"29245",2020-12-12,"37","14  day ahead inc hosp",2020-12-26,"quantile",0.5,158.310514847925
"29246",2020-12-12,"37","14  day ahead inc hosp",2020-12-26,"quantile",0.55,172.625391677051
"29247",2020-12-12,"37","14  day ahead inc hosp",2020-12-26,"quantile",0.6,187.170881756037
"29248",2020-12-12,"37","14  day ahead inc hosp",2020-12-26,"quantile",0.65,202.204800198275
"29249",2020-12-12,"37","14  day ahead inc hosp",2020-12-26,"quantile",0.7,218.048285741022
"29250",2020-12-12,"37","14  day ahead inc hosp",2020-12-26,"quantile",0.75,235.145897709934
"29251",2020-12-12,"37","14  day ahead inc hosp",2020-12-26,"quantile",0.8,254.184899429117
"29252",2020-12-12,"37","14  day ahead inc hosp",2020-12-26,"quantile",0.85,276.377181197672
"29253",2020-12-12,"37","14  day ahead inc hosp",2020-12-26,"quantile",0.9,304.300139104484
"29254",2020-12-12,"37","14  day ahead inc hosp",2020-12-26,"quantile",0.95,345.686169025086
"29255",2020-12-12,"37","14  day ahead inc hosp",2020-12-26,"quantile",0.975,381.582377917904
"29256",2020-12-12,"37","14  day ahead inc hosp",2020-12-26,"quantile",0.99,423.319478320217
"29257",2020-12-12,"37","15  day ahead inc hosp",2020-12-27,"quantile",0.01,0
"29258",2020-12-12,"37","15  day ahead inc hosp",2020-12-27,"quantile",0.025,0
"29259",2020-12-12,"37","15  day ahead inc hosp",2020-12-27,"quantile",0.05,0
"29260",2020-12-12,"37","15  day ahead inc hosp",2020-12-27,"quantile",0.1,14.8058304836277
"29261",2020-12-12,"37","15  day ahead inc hosp",2020-12-27,"quantile",0.15,43.2682609191705
"29262",2020-12-12,"37","15  day ahead inc hosp",2020-12-27,"quantile",0.2,65.8892983519336
"29263",2020-12-12,"37","15  day ahead inc hosp",2020-12-27,"quantile",0.25,85.2961342538787
"29264",2020-12-12,"37","15  day ahead inc hosp",2020-12-27,"quantile",0.3,102.724072687304
"29265",2020-12-12,"37","15  day ahead inc hosp",2020-12-27,"quantile",0.35,118.873654927907
"29266",2020-12-12,"37","15  day ahead inc hosp",2020-12-27,"quantile",0.4,134.198029203149
"29267",2020-12-12,"37","15  day ahead inc hosp",2020-12-27,"quantile",0.45,149.024538661985
"29268",2020-12-12,"37","15  day ahead inc hosp",2020-12-27,"quantile",0.5,163.615979414864
"29269",2020-12-12,"37","15  day ahead inc hosp",2020-12-27,"quantile",0.55,178.207420167743
"29270",2020-12-12,"37","15  day ahead inc hosp",2020-12-27,"quantile",0.6,193.033929626578
"29271",2020-12-12,"37","15  day ahead inc hosp",2020-12-27,"quantile",0.65,208.35830390182
"29272",2020-12-12,"37","15  day ahead inc hosp",2020-12-27,"quantile",0.7,224.507886142424
"29273",2020-12-12,"37","15  day ahead inc hosp",2020-12-27,"quantile",0.75,241.935824575849
"29274",2020-12-12,"37","15  day ahead inc hosp",2020-12-27,"quantile",0.8,261.342660477794
"29275",2020-12-12,"37","15  day ahead inc hosp",2020-12-27,"quantile",0.85,283.963697910557
"29276",2020-12-12,"37","15  day ahead inc hosp",2020-12-27,"quantile",0.9,312.4261283461
"29277",2020-12-12,"37","15  day ahead inc hosp",2020-12-27,"quantile",0.95,354.611737820196
"29278",2020-12-12,"37","15  day ahead inc hosp",2020-12-27,"quantile",0.975,391.201462731191
"29279",2020-12-12,"37","15  day ahead inc hosp",2020-12-27,"quantile",0.99,433.744925381052
"29280",2020-12-12,"37","16  day ahead inc hosp",2020-12-28,"quantile",0.01,0
"29281",2020-12-12,"37","16  day ahead inc hosp",2020-12-28,"quantile",0.025,0
"29282",2020-12-12,"37","16  day ahead inc hosp",2020-12-28,"quantile",0.05,0
"29283",2020-12-12,"37","16  day ahead inc hosp",2020-12-28,"quantile",0.1,11.9574359858495
"29284",2020-12-12,"37","16  day ahead inc hosp",2020-12-28,"quantile",0.15,40.8981283596665
"29285",2020-12-12,"37","16  day ahead inc hosp",2020-12-28,"quantile",0.2,63.899273219758
"29286",2020-12-12,"37","16  day ahead inc hosp",2020-12-28,"quantile",0.25,83.6322074489437
"29287",2020-12-12,"37","16  day ahead inc hosp",2020-12-28,"quantile",0.3,101.352992258724
"29288",2020-12-12,"37","16  day ahead inc hosp",2020-12-28,"quantile",0.35,117.773940309854
"29289",2020-12-12,"37","16  day ahead inc hosp",2020-12-28,"quantile",0.4,133.355814202366
"29290",2020-12-12,"37","16  day ahead inc hosp",2020-12-28,"quantile",0.45,148.431457520928
"29291",2020-12-12,"37","16  day ahead inc hosp",2020-12-28,"quantile",0.5,163.268082210312
"29292",2020-12-12,"37","16  day ahead inc hosp",2020-12-28,"quantile",0.55,178.104706899696
"29293",2020-12-12,"37","16  day ahead inc hosp",2020-12-28,"quantile",0.6,193.180350218259
"29294",2020-12-12,"37","16  day ahead inc hosp",2020-12-28,"quantile",0.65,208.76222411077
"29295",2020-12-12,"37","16  day ahead inc hosp",2020-12-28,"quantile",0.7,225.183172161901
"29296",2020-12-12,"37","16  day ahead inc hosp",2020-12-28,"quantile",0.75,242.903956971681
"29297",2020-12-12,"37","16  day ahead inc hosp",2020-12-28,"quantile",0.8,262.636891200866
"29298",2020-12-12,"37","16  day ahead inc hosp",2020-12-28,"quantile",0.85,285.638036060958
"29299",2020-12-12,"37","16  day ahead inc hosp",2020-12-28,"quantile",0.9,314.578728434775
"29300",2020-12-12,"37","16  day ahead inc hosp",2020-12-28,"quantile",0.95,357.473194146572
"29301",2020-12-12,"37","16  day ahead inc hosp",2020-12-28,"quantile",0.975,394.677746129222
"29302",2020-12-12,"37","16  day ahead inc hosp",2020-12-28,"quantile",0.99,437.936078120754
"29303",2020-12-12,"37","17  day ahead inc hosp",2020-12-29,"quantile",0.01,0
"29304",2020-12-12,"37","17  day ahead inc hosp",2020-12-29,"quantile",0.025,0
"29305",2020-12-12,"37","17  day ahead inc hosp",2020-12-29,"quantile",0.05,0
"29306",2020-12-12,"37","17  day ahead inc hosp",2020-12-29,"quantile",0.1,9.59577068940064
"29307",2020-12-12,"37","17  day ahead inc hosp",2020-12-29,"quantile",0.15,39.0070457990126
"29308",2020-12-12,"37","17  day ahead inc hosp",2020-12-29,"quantile",0.2,62.3821948997375
"29309",2020-12-12,"37","17  day ahead inc hosp",2020-12-29,"quantile",0.25,82.4359914654177
"29310",2020-12-12,"37","17  day ahead inc hosp",2020-12-29,"quantile",0.3,100.444920570037
"29311",2020-12-12,"37","17  day ahead inc hosp",2020-12-29,"quantile",0.35,117.13287725242
"29312",2020-12-12,"37","17  day ahead inc hosp",2020-12-29,"quantile",0.4,132.96811622516
"29313",2020-12-12,"37","17  day ahead inc hosp",2020-12-29,"quantile",0.45,148.288893191014
"29314",2020-12-12,"37","17  day ahead inc hosp",2020-12-29,"quantile",0.5,163.366765026323
"29315",2020-12-12,"37","17  day ahead inc hosp",2020-12-29,"quantile",0.55,178.444636861633
"29316",2020-12-12,"37","17  day ahead inc hosp",2020-12-29,"quantile",0.6,193.765413827486
"29317",2020-12-12,"37","17  day ahead inc hosp",2020-12-29,"quantile",0.65,209.600652800226
"29318",2020-12-12,"37","17  day ahead inc hosp",2020-12-29,"quantile",0.7,226.288609482609
"29319",2020-12-12,"37","17  day ahead inc hosp",2020-12-29,"quantile",0.75,244.297538587229
"29320",2020-12-12,"37","17  day ahead inc hosp",2020-12-29,"quantile",0.8,264.351335152909
"29321",2020-12-12,"37","17  day ahead inc hosp",2020-12-29,"quantile",0.85,287.726484253634
"29322",2020-12-12,"37","17  day ahead inc hosp",2020-12-29,"quantile",0.9,317.137759363246
"29323",2020-12-12,"37","17  day ahead inc hosp",2020-12-29,"quantile",0.95,360.729699577878
"29324",2020-12-12,"37","17  day ahead inc hosp",2020-12-29,"quantile",0.975,398.539206674588
"29325",2020-12-12,"37","17  day ahead inc hosp",2020-12-29,"quantile",0.99,442.500929723652
"29326",2020-12-12,"37","18  day ahead inc hosp",2020-12-30,"quantile",0.01,0
"29327",2020-12-12,"37","18  day ahead inc hosp",2020-12-30,"quantile",0.025,0
"29328",2020-12-12,"37","18  day ahead inc hosp",2020-12-30,"quantile",0.05,0
"29329",2020-12-12,"37","18  day ahead inc hosp",2020-12-30,"quantile",0.1,7.56384529160331
"29330",2020-12-12,"37","18  day ahead inc hosp",2020-12-30,"quantile",0.15,37.41081322124
"29331",2020-12-12,"37","18  day ahead inc hosp",2020-12-30,"quantile",0.2,61.1322371635772
"29332",2020-12-12,"37","18  day ahead inc hosp",2020-12-30,"quantile",0.25,81.4831067104642
"29333",2020-12-12,"37","18  day ahead inc hosp",2020-12-30,"quantile",0.3,99.7588165336336
"29334",2020-12-12,"37","18  day ahead inc hosp",2020-12-30,"quantile",0.35,116.693985310029
"29335",2020-12-12,"37","18  day ahead inc hosp",2020-12-30,"quantile",0.4,132.763804385062
"29336",2020-12-12,"37","18  day ahead inc hosp",2020-12-30,"quantile",0.45,148.311540314658
"29337",2020-12-12,"37","18  day ahead inc hosp",2020-12-30,"quantile",0.5,163.612772765086
"29338",2020-12-12,"37","18  day ahead inc hosp",2020-12-30,"quantile",0.55,178.914005215514
"29339",2020-12-12,"37","18  day ahead inc hosp",2020-12-30,"quantile",0.6,194.46174114511
"29340",2020-12-12,"37","18  day ahead inc hosp",2020-12-30,"quantile",0.65,210.531560220143
"29341",2020-12-12,"37","18  day ahead inc hosp",2020-12-30,"quantile",0.7,227.466728996538
"29342",2020-12-12,"37","18  day ahead inc hosp",2020-12-30,"quantile",0.75,245.742438819708
"29343",2020-12-12,"37","18  day ahead inc hosp",2020-12-30,"quantile",0.8,266.093308366595
"29344",2020-12-12,"37","18  day ahead inc hosp",2020-12-30,"quantile",0.85,289.814732308932
"29345",2020-12-12,"37","18  day ahead inc hosp",2020-12-30,"quantile",0.9,319.661700238569
"29346",2020-12-12,"37","18  day ahead inc hosp",2020-12-30,"quantile",0.95,363.899402845062
"29347",2020-12-12,"37","18  day ahead inc hosp",2020-12-30,"quantile",0.975,402.269012511597
"29348",2020-12-12,"37","18  day ahead inc hosp",2020-12-30,"quantile",0.99,446.88197584239
"29349",2020-12-12,"37","19  day ahead inc hosp",2020-12-31,"quantile",0.01,0
"29350",2020-12-12,"37","19  day ahead inc hosp",2020-12-31,"quantile",0.025,0
"29351",2020-12-12,"37","19  day ahead inc hosp",2020-12-31,"quantile",0.05,0
"29352",2020-12-12,"37","19  day ahead inc hosp",2020-12-31,"quantile",0.1,5.37720217255992
"29353",2020-12-12,"37","19  day ahead inc hosp",2020-12-31,"quantile",0.15,35.6492359577082
"29354",2020-12-12,"37","19  day ahead inc hosp",2020-12-31,"quantile",0.2,59.7084887671442
"29355",2020-12-12,"37","19  day ahead inc hosp",2020-12-31,"quantile",0.25,80.3491854011492
"29356",2020-12-12,"37","19  day ahead inc hosp",2020-12-31,"quantile",0.3,98.8851689060334
"29357",2020-12-12,"37","19  day ahead inc hosp",2020-12-31,"quantile",0.35,116.06152003707
"29358",2020-12-12,"37","19  day ahead inc hosp",2020-12-31,"quantile",0.4,132.360197581384
"29359",2020-12-12,"37","19  day ahead inc hosp",2020-12-31,"quantile",0.45,148.129356728566
"29360",2020-12-12,"37","19  day ahead inc hosp",2020-12-31,"quantile",0.5,163.64850181512
"29361",2020-12-12,"37","19  day ahead inc hosp",2020-12-31,"quantile",0.55,179.167646901674
"29362",2020-12-12,"37","19  day ahead inc hosp",2020-12-31,"quantile",0.6,194.936806048857
"29363",2020-12-12,"37","19  day ahead inc hosp",2020-12-31,"quantile",0.65,211.235483593171
"29364",2020-12-12,"37","19  day ahead inc hosp",2020-12-31,"quantile",0.7,228.411834724207
"29365",2020-12-12,"37","19  day ahead inc hosp",2020-12-31,"quantile",0.75,246.947818229092
"29366",2020-12-12,"37","19  day ahead inc hosp",2020-12-31,"quantile",0.8,267.588514863097
"29367",2020-12-12,"37","19  day ahead inc hosp",2020-12-31,"quantile",0.85,291.647767672532
"29368",2020-12-12,"37","19  day ahead inc hosp",2020-12-31,"quantile",0.9,321.919801457681
"29369",2020-12-12,"37","19  day ahead inc hosp",2020-12-31,"quantile",0.95,366.787515693785
"29370",2020-12-12,"37","19  day ahead inc hosp",2020-12-31,"quantile",0.975,405.703566492867
"29371",2020-12-12,"37","19  day ahead inc hosp",2020-12-31,"quantile",0.99,450.951885732166
"29372",2020-12-12,"37","20  day ahead inc hosp",2021-01-01,"quantile",0.01,0
"29373",2020-12-12,"37","20  day ahead inc hosp",2021-01-01,"quantile",0.025,0
"29374",2020-12-12,"37","20  day ahead inc hosp",2021-01-01,"quantile",0.05,0
"29375",2020-12-12,"37","20  day ahead inc hosp",2021-01-01,"quantile",0.1,3.33305969714374
"29376",2020-12-12,"37","20  day ahead inc hosp",2021-01-01,"quantile",0.15,34.039652779404
"29377",2020-12-12,"37","20  day ahead inc hosp",2021-01-01,"quantile",0.2,58.4442795423745
"29378",2020-12-12,"37","20  day ahead inc hosp",2021-01-01,"quantile",0.25,79.3812762758322
"29379",2020-12-12,"37","20  day ahead inc hosp",2021-01-01,"quantile",0.3,98.1833464275644
"29380",2020-12-12,"37","20  day ahead inc hosp",2021-01-01,"quantile",0.35,115.606266491743
"29381",2020-12-12,"37","20  day ahead inc hosp",2021-01-01,"quantile",0.4,132.138913841581
"29382",2020-12-12,"37","20  day ahead inc hosp",2021-01-01,"quantile",0.45,148.134441483318
"29383",2020-12-12,"37","20  day ahead inc hosp",2021-01-01,"quantile",0.5,163.876366077468
"29384",2020-12-12,"37","20  day ahead inc hosp",2021-01-01,"quantile",0.55,179.618290671618
"29385",2020-12-12,"37","20  day ahead inc hosp",2021-01-01,"quantile",0.6,195.613818313355
"29386",2020-12-12,"37","20  day ahead inc hosp",2021-01-01,"quantile",0.65,212.146465663193
"29387",2020-12-12,"37","20  day ahead inc hosp",2021-01-01,"quantile",0.7,229.569385727371
"29388",2020-12-12,"37","20  day ahead inc hosp",2021-01-01,"quantile",0.75,248.371455879104
"29389",2020-12-12,"37","20  day ahead inc hosp",2021-01-01,"quantile",0.8,269.308452612561
"29390",2020-12-12,"37","20  day ahead inc hosp",2021-01-01,"quantile",0.85,293.713079375532
"29391",2020-12-12,"37","20  day ahead inc hosp",2021-01-01,"quantile",0.9,324.419672457792
"29392",2020-12-12,"37","20  day ahead inc hosp",2021-01-01,"quantile",0.95,369.931469034047
"29393",2020-12-12,"37","20  day ahead inc hosp",2021-01-01,"quantile",0.975,409.406165208648
"29394",2020-12-12,"37","20  day ahead inc hosp",2021-01-01,"quantile",0.99,455.30403042638
"29395",2020-12-12,"37","21  day ahead inc hosp",2021-01-02,"quantile",0.01,0
"29396",2020-12-12,"37","21  day ahead inc hosp",2021-01-02,"quantile",0.025,0
"29397",2020-12-12,"37","21  day ahead inc hosp",2021-01-02,"quantile",0.05,0
"29398",2020-12-12,"37","21  day ahead inc hosp",2021-01-02,"quantile",0.1,1.15682837311297
"29399",2020-12-12,"37","21  day ahead inc hosp",2021-01-02,"quantile",0.15,32.2878135189722
"29400",2020-12-12,"37","21  day ahead inc hosp",2021-01-02,"quantile",0.2,57.0297336405889
"29401",2020-12-12,"37","21  day ahead inc hosp",2021-01-02,"quantile",0.25,78.2560980425949
"29402",2020-12-12,"37","21  day ahead inc hosp",2021-01-02,"quantile",0.3,97.3180293039673
"29403",2020-12-12,"37","21  day ahead inc hosp",2021-01-02,"quantile",0.35,114.981749413275
"29404",2020-12-12,"37","21  day ahead inc hosp",2021-01-02,"quantile",0.4,131.742892458052
"29405",2020-12-12,"37","21  day ahead inc hosp",2021-01-02,"quantile",0.45,147.959492329001
"29406",2020-12-12,"37","21  day ahead inc hosp",2021-01-02,"quantile",0.5,163.918984135692
"29407",2020-12-12,"37","21  day ahead inc hosp",2021-01-02,"quantile",0.55,179.878475942383
"29408",2020-12-12,"37","21  day ahead inc hosp",2021-01-02,"quantile",0.6,196.095075813333
"29409",2020-12-12,"37","21  day ahead inc hosp",2021-01-02,"quantile",0.65,212.85621885811
"29410",2020-12-12,"37","21  day ahead inc hosp",2021-01-02,"quantile",0.7,230.519938967418
"29411",2020-12-12,"37","21  day ahead inc hosp",2021-01-02,"quantile",0.75,249.58187022879
"29412",2020-12-12,"37","21  day ahead inc hosp",2021-01-02,"quantile",0.8,270.808234630796
"29413",2020-12-12,"37","21  day ahead inc hosp",2021-01-02,"quantile",0.85,295.550154752413
"29414",2020-12-12,"37","21  day ahead inc hosp",2021-01-02,"quantile",0.9,326.681139898272
"29415",2020-12-12,"37","21  day ahead inc hosp",2021-01-02,"quantile",0.95,372.821949443023
"29416",2020-12-12,"37","21  day ahead inc hosp",2021-01-02,"quantile",0.975,412.842220560588
"29417",2020-12-12,"37","21  day ahead inc hosp",2021-01-02,"quantile",0.99,459.374434554245
"29418",2020-12-12,"37","22  day ahead inc hosp",2021-01-03,"quantile",0.01,0
"29419",2020-12-12,"37","22  day ahead inc hosp",2021-01-03,"quantile",0.025,0
"29420",2020-12-12,"37","22  day ahead inc hosp",2021-01-03,"quantile",0.05,0
"29421",2020-12-12,"37","22  day ahead inc hosp",2021-01-03,"quantile",0.1,1.0660353668508
"29422",2020-12-12,"37","22  day ahead inc hosp",2021-01-03,"quantile",0.15,32.6306810284171
"29423",2020-12-12,"37","22  day ahead inc hosp",2021-01-03,"quantile",0.2,57.7172607805997
"29424",2020-12-12,"37","22  day ahead inc hosp",2021-01-03,"quantile",0.25,79.2393124565558
"29425",2020-12-12,"37","22  day ahead inc hosp",2021-01-03,"quantile",0.3,98.5667800285347
"29426",2020-12-12,"37","22  day ahead inc hosp",2021-01-03,"quantile",0.35,116.47655910244
"29427",2020-12-12,"37","22  day ahead inc hosp",2021-01-03,"quantile",0.4,133.471188042462
"29428",2020-12-12,"37","22  day ahead inc hosp",2021-01-03,"quantile",0.45,149.913688219172
"29429",2020-12-12,"37","22  day ahead inc hosp",2021-01-03,"quantile",0.5,166.095498767621
"29430",2020-12-12,"37","22  day ahead inc hosp",2021-01-03,"quantile",0.55,182.27730931607
"29431",2020-12-12,"37","22  day ahead inc hosp",2021-01-03,"quantile",0.6,198.719809492779
"29432",2020-12-12,"37","22  day ahead inc hosp",2021-01-03,"quantile",0.65,215.714438432801
"29433",2020-12-12,"37","22  day ahead inc hosp",2021-01-03,"quantile",0.7,233.624217506707
"29434",2020-12-12,"37","22  day ahead inc hosp",2021-01-03,"quantile",0.75,252.951685078685
"29435",2020-12-12,"37","22  day ahead inc hosp",2021-01-03,"quantile",0.8,274.473736754642
"29436",2020-12-12,"37","22  day ahead inc hosp",2021-01-03,"quantile",0.85,299.560316506824
"29437",2020-12-12,"37","22  day ahead inc hosp",2021-01-03,"quantile",0.9,331.12496216839
"29438",2020-12-12,"37","22  day ahead inc hosp",2021-01-03,"quantile",0.95,377.908521923858
"29439",2020-12-12,"37","22  day ahead inc hosp",2021-01-03,"quantile",0.975,418.486282993324
"29440",2020-12-12,"37","22  day ahead inc hosp",2021-01-03,"quantile",0.99,465.666699535757
"29441",2020-12-12,"37","23  day ahead inc hosp",2021-01-04,"quantile",0.01,0
"29442",2020-12-12,"37","23  day ahead inc hosp",2021-01-04,"quantile",0.025,0
"29443",2020-12-12,"37","23  day ahead inc hosp",2021-01-04,"quantile",0.05,0
"29444",2020-12-12,"37","23  day ahead inc hosp",2021-01-04,"quantile",0.1,0
"29445",2020-12-12,"37","23  day ahead inc hosp",2021-01-04,"quantile",0.15,30.8144092579398
"29446",2020-12-12,"37","23  day ahead inc hosp",2021-01-04,"quantile",0.2,56.2438593278063
"29447",2020-12-12,"37","23  day ahead inc hosp",2021-01-04,"quantile",0.25,78.0600632065834
"29448",2020-12-12,"37","23  day ahead inc hosp",2021-01-04,"quantile",0.3,97.6516885478515
"29449",2020-12-12,"37","23  day ahead inc hosp",2021-01-04,"quantile",0.35,115.806249162381
"29450",2020-12-12,"37","23  day ahead inc hosp",2021-01-04,"quantile",0.4,133.033151847215
"29451",2020-12-12,"37","23  day ahead inc hosp",2021-01-04,"quantile",0.45,149.700379560114
"29452",2020-12-12,"37","23  day ahead inc hosp",2021-01-04,"quantile",0.5,166.103354674568
"29453",2020-12-12,"37","23  day ahead inc hosp",2021-01-04,"quantile",0.55,182.506329789022
"29454",2020-12-12,"37","23  day ahead inc hosp",2021-01-04,"quantile",0.6,199.17355750192
"29455",2020-12-12,"37","23  day ahead inc hosp",2021-01-04,"quantile",0.65,216.400460186755
"29456",2020-12-12,"37","23  day ahead inc hosp",2021-01-04,"quantile",0.7,234.555020801284
"29457",2020-12-12,"37","23  day ahead inc hosp",2021-01-04,"quantile",0.75,254.146646142553
"29458",2020-12-12,"37","23  day ahead inc hosp",2021-01-04,"quantile",0.8,275.96285002133
"29459",2020-12-12,"37","23  day ahead inc hosp",2021-01-04,"quantile",0.85,301.392300091196
"29460",2020-12-12,"37","23  day ahead inc hosp",2021-01-04,"quantile",0.9,333.388354904288
"29461",2020-12-12,"37","23  day ahead inc hosp",2021-01-04,"quantile",0.95,380.811328009611
"29462",2020-12-12,"37","23  day ahead inc hosp",2021-01-04,"quantile",0.975,421.943684801819
"29463",2020-12-12,"37","23  day ahead inc hosp",2021-01-04,"quantile",0.99,469.768938726158
"29464",2020-12-12,"37","24  day ahead inc hosp",2021-01-05,"quantile",0.01,0
"29465",2020-12-12,"37","24  day ahead inc hosp",2021-01-05,"quantile",0.025,0
"29466",2020-12-12,"37","24  day ahead inc hosp",2021-01-05,"quantile",0.05,0
"29467",2020-12-12,"37","24  day ahead inc hosp",2021-01-05,"quantile",0.1,0
"29468",2020-12-12,"37","24  day ahead inc hosp",2021-01-05,"quantile",0.15,28.9414734197497
"29469",2020-12-12,"37","24  day ahead inc hosp",2021-01-05,"quantile",0.2,54.7096678377544
"29470",2020-12-12,"37","24  day ahead inc hosp",2021-01-05,"quantile",0.25,76.8164842048652
"29471",2020-12-12,"37","24  day ahead inc hosp",2021-01-05,"quantile",0.3,96.6690885424136
"29472",2020-12-12,"37","24  day ahead inc hosp",2021-01-05,"quantile",0.35,115.065485090642
"29473",2020-12-12,"37","24  day ahead inc hosp",2021-01-05,"quantile",0.4,132.52186642737
"29474",2020-12-12,"37","24  day ahead inc hosp",2021-01-05,"quantile",0.45,149.411117391709
"29475",2020-12-12,"37","24  day ahead inc hosp",2021-01-05,"quantile",0.5,166.032595662834
"29476",2020-12-12,"37","24  day ahead inc hosp",2021-01-05,"quantile",0.55,182.654073933959
"29477",2020-12-12,"37","24  day ahead inc hosp",2021-01-05,"quantile",0.6,199.543324898299
"29478",2020-12-12,"37","24  day ahead inc hosp",2021-01-05,"quantile",0.65,216.999706235027
"29479",2020-12-12,"37","24  day ahead inc hosp",2021-01-05,"quantile",0.7,235.396102783255
"29480",2020-12-12,"37","24  day ahead inc hosp",2021-01-05,"quantile",0.75,255.248707120803
"29481",2020-12-12,"37","24  day ahead inc hosp",2021-01-05,"quantile",0.8,277.355523487914
"29482",2020-12-12,"37","24  day ahead inc hosp",2021-01-05,"quantile",0.85,303.123717905919
"29483",2020-12-12,"37","24  day ahead inc hosp",2021-01-05,"quantile",0.9,335.545990458713
"29484",2020-12-12,"37","24  day ahead inc hosp",2021-01-05,"quantile",0.95,383.600682459536
"29485",2020-12-12,"37","24  day ahead inc hosp",2021-01-05,"quantile",0.975,425.280961182839
"29486",2020-12-12,"37","24  day ahead inc hosp",2021-01-05,"quantile",0.99,473.743292764014
"29487",2020-12-12,"37","25  day ahead inc hosp",2021-01-06,"quantile",0.01,0
"29488",2020-12-12,"37","25  day ahead inc hosp",2021-01-06,"quantile",0.025,0
"29489",2020-12-12,"37","25  day ahead inc hosp",2021-01-06,"quantile",0.05,0
"29490",2020-12-12,"37","25  day ahead inc hosp",2021-01-06,"quantile",0.1,0
"29491",2020-12-12,"37","25  day ahead inc hosp",2021-01-06,"quantile",0.15,27.1121939146412
"29492",2020-12-12,"37","25  day ahead inc hosp",2021-01-06,"quantile",0.2,53.2166517808804
"29493",2020-12-12,"37","25  day ahead inc hosp",2021-01-06,"quantile",0.25,75.6119522451112
"29494",2020-12-12,"37","25  day ahead inc hosp",2021-01-06,"quantile",0.3,95.7236242178492
"29495",2020-12-12,"37","25  day ahead inc hosp",2021-01-06,"quantile",0.35,114.360085538876
"29496",2020-12-12,"37","25  day ahead inc hosp",2021-01-06,"quantile",0.4,132.044264869005
"29497",2020-12-12,"37","25  day ahead inc hosp",2021-01-06,"quantile",0.45,149.153913028244
"29498",2020-12-12,"37","25  day ahead inc hosp",2021-01-06,"quantile",0.5,165.992294180011
"29499",2020-12-12,"37","25  day ahead inc hosp",2021-01-06,"quantile",0.55,182.830675331778
"29500",2020-12-12,"37","25  day ahead inc hosp",2021-01-06,"quantile",0.6,199.940323491018
"29501",2020-12-12,"37","25  day ahead inc hosp",2021-01-06,"quantile",0.65,217.624502821147
"29502",2020-12-12,"37","25  day ahead inc hosp",2021-01-06,"quantile",0.7,236.260964142174
"29503",2020-12-12,"37","25  day ahead inc hosp",2021-01-06,"quantile",0.75,256.372636114912
"29504",2020-12-12,"37","25  day ahead inc hosp",2021-01-06,"quantile",0.8,278.767936579143
"29505",2020-12-12,"37","25  day ahead inc hosp",2021-01-06,"quantile",0.85,304.872394445382
"29506",2020-12-12,"37","25  day ahead inc hosp",2021-01-06,"quantile",0.9,337.717763199304
"29507",2020-12-12,"37","25  day ahead inc hosp",2021-01-06,"quantile",0.95,386.399547505235
"29508",2020-12-12,"37","25  day ahead inc hosp",2021-01-06,"quantile",0.975,428.623735282448
"29509",2020-12-12,"37","25  day ahead inc hosp",2021-01-06,"quantile",0.99,477.718478683506
"29510",2020-12-12,"37","26  day ahead inc hosp",2021-01-07,"quantile",0.01,0
"29511",2020-12-12,"37","26  day ahead inc hosp",2021-01-07,"quantile",0.025,0
"29512",2020-12-12,"37","26  day ahead inc hosp",2021-01-07,"quantile",0.05,0
"29513",2020-12-12,"37","26  day ahead inc hosp",2021-01-07,"quantile",0.1,0
"29514",2020-12-12,"37","26  day ahead inc hosp",2021-01-07,"quantile",0.15,25.3396203287865
"29515",2020-12-12,"37","26  day ahead inc hosp",2021-01-07,"quantile",0.2,51.7737051237089
"29516",2020-12-12,"37","26  day ahead inc hosp",2021-01-07,"quantile",0.25,74.4517961422118
"29517",2020-12-12,"37","26  day ahead inc hosp",2021-01-07,"quantile",0.3,94.8174227726956
"29518",2020-12-12,"37","26  day ahead inc hosp",2021-01-07,"quantile",0.35,113.689210930934
"29519",2020-12-12,"37","26  day ahead inc hosp",2021-01-07,"quantile",0.4,131.596692416915
"29520",2020-12-12,"37","26  day ahead inc hosp",2021-01-07,"quantile",0.45,148.922387996196
"29521",2020-12-12,"37","26  day ahead inc hosp",2021-01-07,"quantile",0.5,165.973391217783
"29522",2020-12-12,"37","26  day ahead inc hosp",2021-01-07,"quantile",0.55,183.02439443937
"29523",2020-12-12,"37","26  day ahead inc hosp",2021-01-07,"quantile",0.6,200.350090018651
"29524",2020-12-12,"37","26  day ahead inc hosp",2021-01-07,"quantile",0.65,218.257571504632
"29525",2020-12-12,"37","26  day ahead inc hosp",2021-01-07,"quantile",0.7,237.12935966287
"29526",2020-12-12,"37","26  day ahead inc hosp",2021-01-07,"quantile",0.75,257.494986293354
"29527",2020-12-12,"37","26  day ahead inc hosp",2021-01-07,"quantile",0.8,280.173077311857
"29528",2020-12-12,"37","26  day ahead inc hosp",2021-01-07,"quantile",0.85,306.607162106779
"29529",2020-12-12,"37","26  day ahead inc hosp",2021-01-07,"quantile",0.9,339.867276804835
"29530",2020-12-12,"37","26  day ahead inc hosp",2021-01-07,"quantile",0.95,389.163777077128
"29531",2020-12-12,"37","26  day ahead inc hosp",2021-01-07,"quantile",0.975,431.921139280122
"29532",2020-12-12,"37","26  day ahead inc hosp",2021-01-07,"quantile",0.99,481.63581317599
"29533",2020-12-12,"37","27  day ahead inc hosp",2021-01-08,"quantile",0.01,0
"29534",2020-12-12,"37","27  day ahead inc hosp",2021-01-08,"quantile",0.025,0
"29535",2020-12-12,"37","27  day ahead inc hosp",2021-01-08,"quantile",0.05,0
"29536",2020-12-12,"37","27  day ahead inc hosp",2021-01-08,"quantile",0.1,0
"29537",2020-12-12,"37","27  day ahead inc hosp",2021-01-08,"quantile",0.15,23.5889884547952
"29538",2020-12-12,"37","27  day ahead inc hosp",2021-01-08,"quantile",0.2,50.3467643668354
"29539",2020-12-12,"37","27  day ahead inc hosp",2021-01-08,"quantile",0.25,73.3025535418217
"29540",2020-12-12,"37","27  day ahead inc hosp",2021-01-08,"quantile",0.3,93.9175616994499
"29541",2020-12-12,"37","27  day ahead inc hosp",2021-01-08,"quantile",0.35,113.020439007865
"29542",2020-12-12,"37","27  day ahead inc hosp",2021-01-08,"quantile",0.4,131.147201499105
"29543",2020-12-12,"37","27  day ahead inc hosp",2021-01-08,"quantile",0.45,148.685053988694
"29544",2020-12-12,"37","27  day ahead inc hosp",2021-01-08,"quantile",0.5,165.944850452929
"29545",2020-12-12,"37","27  day ahead inc hosp",2021-01-08,"quantile",0.55,183.204646917165
"29546",2020-12-12,"37","27  day ahead inc hosp",2021-01-08,"quantile",0.6,200.742499406754
"29547",2020-12-12,"37","27  day ahead inc hosp",2021-01-08,"quantile",0.65,218.869261897994
"29548",2020-12-12,"37","27  day ahead inc hosp",2021-01-08,"quantile",0.7,237.972139206409
"29549",2020-12-12,"37","27  day ahead inc hosp",2021-01-08,"quantile",0.75,258.587147364037
"29550",2020-12-12,"37","27  day ahead inc hosp",2021-01-08,"quantile",0.8,281.542936539023
"29551",2020-12-12,"37","27  day ahead inc hosp",2021-01-08,"quantile",0.85,308.300712451064
"29552",2020-12-12,"37","27  day ahead inc hosp",2021-01-08,"quantile",0.9,341.968104486905
"29553",2020-12-12,"37","27  day ahead inc hosp",2021-01-08,"quantile",0.95,391.868251125884
"29554",2020-12-12,"37","27  day ahead inc hosp",2021-01-08,"quantile",0.975,435.149186527794
"29555",2020-12-12,"37","27  day ahead inc hosp",2021-01-08,"quantile",0.99,485.472627417312
"29556",2020-12-12,"37","28  day ahead inc hosp",2021-01-09,"quantile",0.01,0
"29557",2020-12-12,"37","28  day ahead inc hosp",2021-01-09,"quantile",0.025,0
"29558",2020-12-12,"37","28  day ahead inc hosp",2021-01-09,"quantile",0.05,0
"29559",2020-12-12,"37","28  day ahead inc hosp",2021-01-09,"quantile",0.1,0
"29560",2020-12-12,"37","28  day ahead inc hosp",2021-01-09,"quantile",0.15,21.9023114951105
"29561",2020-12-12,"37","28  day ahead inc hosp",2021-01-09,"quantile",0.2,48.979448599046
"29562",2020-12-12,"37","28  day ahead inc hosp",2021-01-09,"quantile",0.25,72.2092212402187
"29563",2020-12-12,"37","28  day ahead inc hosp",2021-01-09,"quantile",0.3,93.0702750182974
"29564",2020-12-12,"37","28  day ahead inc hosp",2021-01-09,"quantile",0.35,112.401150262187
"29565",2020-12-12,"37","28  day ahead inc hosp",2021-01-09,"quantile",0.4,130.744260498227
"29566",2020-12-12,"37","28  day ahead inc hosp",2021-01-09,"quantile",0.45,148.49143193468
"29567",2020-12-12,"37","28  day ahead inc hosp",2021-01-09,"quantile",0.5,165.95722867296
"29568",2020-12-12,"37","28  day ahead inc hosp",2021-01-09,"quantile",0.55,183.423025411239
"29569",2020-12-12,"37","28  day ahead inc hosp",2021-01-09,"quantile",0.6,201.170196847693
"29570",2020-12-12,"37","28  day ahead inc hosp",2021-01-09,"quantile",0.65,219.513307083733
"29571",2020-12-12,"37","28  day ahead inc hosp",2021-01-09,"quantile",0.7,238.844182327622
"29572",2020-12-12,"37","28  day ahead inc hosp",2021-01-09,"quantile",0.75,259.705236105701
"29573",2020-12-12,"37","28  day ahead inc hosp",2021-01-09,"quantile",0.8,282.935008746874
"29574",2020-12-12,"37","28  day ahead inc hosp",2021-01-09,"quantile",0.85,310.012145850809
"29575",2020-12-12,"37","28  day ahead inc hosp",2021-01-09,"quantile",0.9,344.081367189801
"29576",2020-12-12,"37","28  day ahead inc hosp",2021-01-09,"quantile",0.95,394.577085387446
"29577",2020-12-12,"37","28  day ahead inc hosp",2021-01-09,"quantile",0.975,438.374590296542
"29578",2020-12-12,"37","28  day ahead inc hosp",2021-01-09,"quantile",0.99,489.298654874501
"29579",2020-12-12,"37","29  day ahead inc hosp",2021-01-10,"quantile",0.01,0
"29580",2020-12-12,"37","29  day ahead inc hosp",2021-01-10,"quantile",0.025,0
"29581",2020-12-12,"37","29  day ahead inc hosp",2021-01-10,"quantile",0.05,0
"29582",2020-12-12,"37","29  day ahead inc hosp",2021-01-10,"quantile",0.1,0
"29583",2020-12-12,"37","29  day ahead inc hosp",2021-01-10,"quantile",0.15,20.8436445237679
"29584",2020-12-12,"37","29  day ahead inc hosp",2021-01-10,"quantile",0.2,48.2345588733072
"29585",2020-12-12,"37","29  day ahead inc hosp",2021-01-10,"quantile",0.25,71.7335244519522
"29586",2020-12-12,"37","29  day ahead inc hosp",2021-01-10,"quantile",0.3,92.8363218076386
"29587",2020-12-12,"37","29  day ahead inc hosp",2021-01-10,"quantile",0.35,112.391208503177
"29588",2020-12-12,"37","29  day ahead inc hosp",2021-01-10,"quantile",0.4,130.946883700703
"29589",2020-12-12,"37","29  day ahead inc hosp",2021-01-10,"quantile",0.45,148.899714197389
"29590",2020-12-12,"37","29  day ahead inc hosp",2021-01-10,"quantile",0.5,166.567909349201
"29591",2020-12-12,"37","29  day ahead inc hosp",2021-01-10,"quantile",0.55,184.236104501012
"29592",2020-12-12,"37","29  day ahead inc hosp",2021-01-10,"quantile",0.6,202.188934997698
"29593",2020-12-12,"37","29  day ahead inc hosp",2021-01-10,"quantile",0.65,220.744610195225
"29594",2020-12-12,"37","29  day ahead inc hosp",2021-01-10,"quantile",0.7,240.299496890763
"29595",2020-12-12,"37","29  day ahead inc hosp",2021-01-10,"quantile",0.75,261.402294246449
"29596",2020-12-12,"37","29  day ahead inc hosp",2021-01-10,"quantile",0.8,284.901259825094
"29597",2020-12-12,"37","29  day ahead inc hosp",2021-01-10,"quantile",0.85,312.292174174633
"29598",2020-12-12,"37","29  day ahead inc hosp",2021-01-10,"quantile",0.9,346.756198937288
"29599",2020-12-12,"37","29  day ahead inc hosp",2021-01-10,"quantile",0.95,397.837075281823
"29600",2020-12-12,"37","29  day ahead inc hosp",2021-01-10,"quantile",0.975,442.142117616385
"29601",2020-12-12,"37","29  day ahead inc hosp",2021-01-10,"quantile",0.99,493.65630413585
"29602",2020-12-12,"37","30  day ahead inc hosp",2021-01-11,"quantile",0.01,0
"29603",2020-12-12,"37","30  day ahead inc hosp",2021-01-11,"quantile",0.025,0
"29604",2020-12-12,"37","30  day ahead inc hosp",2021-01-11,"quantile",0.05,0
"29605",2020-12-12,"37","30  day ahead inc hosp",2021-01-11,"quantile",0.1,0
"29606",2020-12-12,"37","30  day ahead inc hosp",2021-01-11,"quantile",0.15,19.2019734085721
"29607",2020-12-12,"37","30  day ahead inc hosp",2021-01-11,"quantile",0.2,46.9034463406161
"29608",2020-12-12,"37","30  day ahead inc hosp",2021-01-11,"quantile",0.25,70.6688435303896
"29609",2020-12-12,"37","30  day ahead inc hosp",2021-01-11,"quantile",0.3,92.0109047072845
"29610",2020-12-12,"37","30  day ahead inc hosp",2021-01-11,"quantile",0.35,111.78750499061
"29611",2020-12-12,"37","30  day ahead inc hosp",2021-01-11,"quantile",0.4,130.553564701527
"29612",2020-12-12,"37","30  day ahead inc hosp",2021-01-11,"quantile",0.45,148.709944649679
"29613",2020-12-12,"37","30  day ahead inc hosp",2021-01-11,"quantile",0.5,166.578462053305
"29614",2020-12-12,"37","30  day ahead inc hosp",2021-01-11,"quantile",0.55,184.446979456931
"29615",2020-12-12,"37","30  day ahead inc hosp",2021-01-11,"quantile",0.6,202.603359405083
"29616",2020-12-12,"37","30  day ahead inc hosp",2021-01-11,"quantile",0.65,221.369419116001
"29617",2020-12-12,"37","30  day ahead inc hosp",2021-01-11,"quantile",0.7,241.146019399326
"29618",2020-12-12,"37","30  day ahead inc hosp",2021-01-11,"quantile",0.75,262.488080576221
"29619",2020-12-12,"37","30  day ahead inc hosp",2021-01-11,"quantile",0.8,286.253477765994
"29620",2020-12-12,"37","30  day ahead inc hosp",2021-01-11,"quantile",0.85,313.954950698038
"29621",2020-12-12,"37","30  day ahead inc hosp",2021-01-11,"quantile",0.9,348.809729071219
"29622",2020-12-12,"37","30  day ahead inc hosp",2021-01-11,"quantile",0.95,400.469761129515
"29623",2020-12-12,"37","30  day ahead inc hosp",2021-01-11,"quantile",0.975,445.277134673968
"29624",2020-12-12,"37","30  day ahead inc hosp",2021-01-11,"quantile",0.99,497.375389784215
"29625",2020-12-12,"37","31  day ahead inc hosp",2021-01-12,"quantile",0.01,0
"29626",2020-12-12,"37","31  day ahead inc hosp",2021-01-12,"quantile",0.025,0
"29627",2020-12-12,"37","31  day ahead inc hosp",2021-01-12,"quantile",0.05,0
"29628",2020-12-12,"37","31  day ahead inc hosp",2021-01-12,"quantile",0.1,0
"29629",2020-12-12,"37","31  day ahead inc hosp",2021-01-12,"quantile",0.15,17.5829245385046
"29630",2020-12-12,"37","31  day ahead inc hosp",2021-01-12,"quantile",0.2,45.5915497689407
"29631",2020-12-12,"37","31  day ahead inc hosp",2021-01-12,"quantile",0.25,69.6204562813754
"29632",2020-12-12,"37","31  day ahead inc hosp",2021-01-12,"quantile",0.3,91.1991569741179
"29633",2020-12-12,"37","31  day ahead inc hosp",2021-01-12,"quantile",0.35,111.195039035214
"29634",2020-12-12,"37","31  day ahead inc hosp",2021-01-12,"quantile",0.4,130.169175709624
"29635",2020-12-12,"37","31  day ahead inc hosp",2021-01-12,"quantile",0.45,148.52687252801
"29636",2020-12-12,"37","31  day ahead inc hosp",2021-01-12,"quantile",0.5,166.593514998951
"29637",2020-12-12,"37","31  day ahead inc hosp",2021-01-12,"quantile",0.55,184.660157469891
"29638",2020-12-12,"37","31  day ahead inc hosp",2021-01-12,"quantile",0.6,203.017854288278
"29639",2020-12-12,"37","31  day ahead inc hosp",2021-01-12,"quantile",0.65,221.991990962688
"29640",2020-12-12,"37","31  day ahead inc hosp",2021-01-12,"quantile",0.7,241.987873023784
"29641",2020-12-12,"37","31  day ahead inc hosp",2021-01-12,"quantile",0.75,263.566573716526
"29642",2020-12-12,"37","31  day ahead inc hosp",2021-01-12,"quantile",0.8,287.595480228961
"29643",2020-12-12,"37","31  day ahead inc hosp",2021-01-12,"quantile",0.85,315.604105459397
"29644",2020-12-12,"37","31  day ahead inc hosp",2021-01-12,"quantile",0.9,350.84535155989
"29645",2020-12-12,"37","31  day ahead inc hosp",2021-01-12,"quantile",0.95,403.078187007401
"29646",2020-12-12,"37","31  day ahead inc hosp",2021-01-12,"quantile",0.975,448.382382067549
"29647",2020-12-12,"37","31  day ahead inc hosp",2021-01-12,"quantile",0.99,501.05829955837
"29648",2020-12-12,"37","32  day ahead inc hosp",2021-01-13,"quantile",0.01,0
"29649",2020-12-12,"37","32  day ahead inc hosp",2021-01-13,"quantile",0.025,0
"29650",2020-12-12,"37","32  day ahead inc hosp",2021-01-13,"quantile",0.05,0
"29651",2020-12-12,"37","32  day ahead inc hosp",2021-01-13,"quantile",0.1,0
"29652",2020-12-12,"37","32  day ahead inc hosp",2021-01-13,"quantile",0.15,15.9690856688391
"29653",2020-12-12,"37","32  day ahead inc hosp",2021-01-13,"quantile",0.2,44.2817731575704
"29654",2020-12-12,"37","32  day ahead inc hosp",2021-01-13,"quantile",0.25,68.5715380134055
"29655",2020-12-12,"37","32  day ahead inc hosp",2021-01-13,"quantile",0.3,90.3844975606877
"29656",2020-12-12,"37","32  day ahead inc hosp",2021-01-13,"quantile",0.35,110.597455362063
"29657",2020-12-12,"37","32  day ahead inc hosp",2021-01-13,"quantile",0.4,129.777575686115
"29658",2020-12-12,"37","32  day ahead inc hosp",2021-01-13,"quantile",0.45,148.334564069359
"29659",2020-12-12,"37","32  day ahead inc hosp",2021-01-13,"quantile",0.5,166.597338412691
"29660",2020-12-12,"37","32  day ahead inc hosp",2021-01-13,"quantile",0.55,184.860112756022
"29661",2020-12-12,"37","32  day ahead inc hosp",2021-01-13,"quantile",0.6,203.417101139266
"29662",2020-12-12,"37","32  day ahead inc hosp",2021-01-13,"quantile",0.65,222.597221463318
"29663",2020-12-12,"37","32  day ahead inc hosp",2021-01-13,"quantile",0.7,242.810179264693
"29664",2020-12-12,"37","32  day ahead inc hosp",2021-01-13,"quantile",0.75,264.623138811976
"29665",2020-12-12,"37","32  day ahead inc hosp",2021-01-13,"quantile",0.8,288.912903667811
"29666",2020-12-12,"37","32  day ahead inc hosp",2021-01-13,"quantile",0.85,317.225591156542
"29667",2020-12-12,"37","32  day ahead inc hosp",2021-01-13,"quantile",0.9,352.849417008319
"29668",2020-12-12,"37","32  day ahead inc hosp",2021-01-13,"quantile",0.95,405.649293278886
"29669",2020-12-12,"37","32  day ahead inc hosp",2021-01-13,"quantile",0.975,451.445311687981
"29670",2020-12-12,"37","32  day ahead inc hosp",2021-01-13,"quantile",0.99,504.693080110373
"29671",2020-12-12,"37","33  day ahead inc hosp",2021-01-14,"quantile",0.01,0
"29672",2020-12-12,"37","33  day ahead inc hosp",2021-01-14,"quantile",0.025,0
"29673",2020-12-12,"37","33  day ahead inc hosp",2021-01-14,"quantile",0.05,0
"29674",2020-12-12,"37","33  day ahead inc hosp",2021-01-14,"quantile",0.1,0
"29675",2020-12-12,"37","33  day ahead inc hosp",2021-01-14,"quantile",0.15,14.3674785372384
"29676",2020-12-12,"37","33  day ahead inc hosp",2021-01-14,"quantile",0.2,42.9816197343318
"29677",2020-12-12,"37","33  day ahead inc hosp",2021-01-14,"quantile",0.25,67.5300050299944
"29678",2020-12-12,"37","33  day ahead inc hosp",2021-01-14,"quantile",0.3,89.5752137252424
"29679",2020-12-12,"37","33  day ahead inc hosp",2021-01-14,"quantile",0.35,110.00338497425
"29680",2020-12-12,"37","33  day ahead inc hosp",2021-01-14,"quantile",0.4,129.387721814336
"29681",2020-12-12,"37","33  day ahead inc hosp",2021-01-14,"quantile",0.45,148.142292040223
"29682",2020-12-12,"37","33  day ahead inc hosp",2021-01-14,"quantile",0.5,166.599515640727
"29683",2020-12-12,"37","33  day ahead inc hosp",2021-01-14,"quantile",0.55,185.056739241232
"29684",2020-12-12,"37","33  day ahead inc hosp",2021-01-14,"quantile",0.6,203.811309467119
"29685",2020-12-12,"37","33  day ahead inc hosp",2021-01-14,"quantile",0.65,223.195646307205
"29686",2020-12-12,"37","33  day ahead inc hosp",2021-01-14,"quantile",0.7,243.623817556213
"29687",2020-12-12,"37","33  day ahead inc hosp",2021-01-14,"quantile",0.75,265.669026251461
"29688",2020-12-12,"37","33  day ahead inc hosp",2021-01-14,"quantile",0.8,290.217411547123
"29689",2020-12-12,"37","33  day ahead inc hosp",2021-01-14,"quantile",0.85,318.831552744217
"29690",2020-12-12,"37","33  day ahead inc hosp",2021-01-14,"quantile",0.9,354.834676195818
"29691",2020-12-12,"37","33  day ahead inc hosp",2021-01-14,"quantile",0.95,408.196728646557
"29692",2020-12-12,"37","33  day ahead inc hosp",2021-01-14,"quantile",0.975,454.480351052381
"29693",2020-12-12,"37","33  day ahead inc hosp",2021-01-14,"quantile",0.99,508.295064497541
"29694",2020-12-12,"37","34  day ahead inc hosp",2021-01-15,"quantile",0.01,0
"29695",2020-12-12,"37","34  day ahead inc hosp",2021-01-15,"quantile",0.025,0
"29696",2020-12-12,"37","34  day ahead inc hosp",2021-01-15,"quantile",0.05,0
"29697",2020-12-12,"37","34  day ahead inc hosp",2021-01-15,"quantile",0.1,0
"29698",2020-12-12,"37","34  day ahead inc hosp",2021-01-15,"quantile",0.15,12.7790540416124
"29699",2020-12-12,"37","34  day ahead inc hosp",2021-01-15,"quantile",0.2,41.691722126901
"29700",2020-12-12,"37","34  day ahead inc hosp",2021-01-15,"quantile",0.25,66.496216911297
"29701",2020-12-12,"37","34  day ahead inc hosp",2021-01-15,"quantile",0.3,88.7714198428241
"29702",2020-12-12,"37","34  day ahead inc hosp",2021-01-15,"quantile",0.35,109.412715027737
"29703",2020-12-12,"37","34  day ahead inc hosp",2021-01-15,"quantile",0.4,128.999285641563
"29704",2020-12-12,"37","34  day ahead inc hosp",2021-01-15,"quantile",0.45,147.949519383975
"29705",2020-12-12,"37","34  day ahead inc hosp",2021-01-15,"quantile",0.5,166.599304329873
"29706",2020-12-12,"37","34  day ahead inc hosp",2021-01-15,"quantile",0.55,185.249089275771
"29707",2020-12-12,"37","34  day ahead inc hosp",2021-01-15,"quantile",0.6,204.199323018182
"29708",2020-12-12,"37","34  day ahead inc hosp",2021-01-15,"quantile",0.65,223.785893632008
"29709",2020-12-12,"37","34  day ahead inc hosp",2021-01-15,"quantile",0.7,244.427188816921
"29710",2020-12-12,"37","34  day ahead inc hosp",2021-01-15,"quantile",0.75,266.702391748448
"29711",2020-12-12,"37","34  day ahead inc hosp",2021-01-15,"quantile",0.8,291.506886532844
"29712",2020-12-12,"37","34  day ahead inc hosp",2021-01-15,"quantile",0.85,320.419554618133
"29713",2020-12-12,"37","34  day ahead inc hosp",2021-01-15,"quantile",0.9,356.798293061471
"29714",2020-12-12,"37","34  day ahead inc hosp",2021-01-15,"quantile",0.95,410.71706351245
"29715",2020-12-12,"37","34  day ahead inc hosp",2021-01-15,"quantile",0.975,457.483555757912
"29716",2020-12-12,"37","34  day ahead inc hosp",2021-01-15,"quantile",0.99,511.859709745119
"29717",2020-12-12,"37","35  day ahead inc hosp",2021-01-16,"quantile",0.01,0
"29718",2020-12-12,"37","35  day ahead inc hosp",2021-01-16,"quantile",0.025,0
"29719",2020-12-12,"37","35  day ahead inc hosp",2021-01-16,"quantile",0.05,0
"29720",2020-12-12,"37","35  day ahead inc hosp",2021-01-16,"quantile",0.1,0
"29721",2020-12-12,"37","35  day ahead inc hosp",2021-01-16,"quantile",0.15,11.2012386381466
"29722",2020-12-12,"37","35  day ahead inc hosp",2021-01-16,"quantile",0.2,40.409513836349
"29723",2020-12-12,"37","35  day ahead inc hosp",2021-01-16,"quantile",0.25,65.4676132022688
"29724",2020-12-12,"37","35  day ahead inc hosp",2021-01-16,"quantile",0.3,87.9705608859832
"29725",2020-12-12,"37","35  day ahead inc hosp",2021-01-16,"quantile",0.35,108.822895524551
"29726",2020-12-12,"37","35  day ahead inc hosp",2021-01-16,"quantile",0.4,128.609721942302
"29727",2020-12-12,"37","35  day ahead inc hosp",2021-01-16,"quantile",0.45,147.753705492552
"29728",2020-12-12,"37","35  day ahead inc hosp",2021-01-16,"quantile",0.5,166.594168416285
"29729",2020-12-12,"37","35  day ahead inc hosp",2021-01-16,"quantile",0.55,185.434631340019
"29730",2020-12-12,"37","35  day ahead inc hosp",2021-01-16,"quantile",0.6,204.578614890269
"29731",2020-12-12,"37","35  day ahead inc hosp",2021-01-16,"quantile",0.65,224.36544130802
"29732",2020-12-12,"37","35  day ahead inc hosp",2021-01-16,"quantile",0.7,245.217775946588
"29733",2020-12-12,"37","35  day ahead inc hosp",2021-01-16,"quantile",0.75,267.720723630302
"29734",2020-12-12,"37","35  day ahead inc hosp",2021-01-16,"quantile",0.8,292.778822996222
"29735",2020-12-12,"37","35  day ahead inc hosp",2021-01-16,"quantile",0.85,321.987098194424
"29736",2020-12-12,"37","35  day ahead inc hosp",2021-01-16,"quantile",0.9,358.737777885488
"29737",2020-12-12,"37","35  day ahead inc hosp",2021-01-16,"quantile",0.95,413.207821294668
"29738",2020-12-12,"37","35  day ahead inc hosp",2021-01-16,"quantile",0.975,460.45246061784
"29739",2020-12-12,"37","35  day ahead inc hosp",2021-01-16,"quantile",0.99,515.384563915713
"29740",2020-12-12,"37","36  day ahead inc hosp",2021-01-17,"quantile",0.01,0
"29741",2020-12-12,"37","36  day ahead inc hosp",2021-01-17,"quantile",0.025,0
"29742",2020-12-12,"37","36  day ahead inc hosp",2021-01-17,"quantile",0.05,0
"29743",2020-12-12,"37","36  day ahead inc hosp",2021-01-17,"quantile",0.1,0
"29744",2020-12-12,"37","36  day ahead inc hosp",2021-01-17,"quantile",0.15,9.64185089261835
"29745",2020-12-12,"37","36  day ahead inc hosp",2021-01-17,"quantile",0.2,39.1428958471203
"29746",2020-12-12,"37","36  day ahead inc hosp",2021-01-17,"quantile",0.25,64.4521655952316
"29747",2020-12-12,"37","36  day ahead inc hosp",2021-01-17,"quantile",0.3,87.1806720449011
"29748",2020-12-12,"37","36  day ahead inc hosp",2021-01-17,"quantile",0.35,108.242020495102
"29749",2020-12-12,"37","36  day ahead inc hosp",2021-01-17,"quantile",0.4,128.227180580588
"29750",2020-12-12,"37","36  day ahead inc hosp",2021-01-17,"quantile",0.45,147.563054249668
"29751",2020-12-12,"37","36  day ahead inc hosp",2021-01-17,"quantile",0.5,166.592364946895
"29752",2020-12-12,"37","36  day ahead inc hosp",2021-01-17,"quantile",0.55,185.621675644121
"29753",2020-12-12,"37","36  day ahead inc hosp",2021-01-17,"quantile",0.6,204.957549313201
"29754",2020-12-12,"37","36  day ahead inc hosp",2021-01-17,"quantile",0.65,224.942709398687
"29755",2020-12-12,"37","36  day ahead inc hosp",2021-01-17,"quantile",0.7,246.004057848888
"29756",2020-12-12,"37","36  day ahead inc hosp",2021-01-17,"quantile",0.75,268.732564298558
"29757",2020-12-12,"37","36  day ahead inc hosp",2021-01-17,"quantile",0.8,294.041834046669
"29758",2020-12-12,"37","36  day ahead inc hosp",2021-01-17,"quantile",0.85,323.542879001171
"29759",2020-12-12,"37","36  day ahead inc hosp",2021-01-17,"quantile",0.9,360.661929897448
"29760",2020-12-12,"37","36  day ahead inc hosp",2021-01-17,"quantile",0.95,415.677954924041
"29761",2020-12-12,"37","36  day ahead inc hosp",2021-01-17,"quantile",0.975,463.396151875907
"29762",2020-12-12,"37","36  day ahead inc hosp",2021-01-17,"quantile",0.99,518.878868258134
"29763",2020-12-12,"37","37  day ahead inc hosp",2021-01-18,"quantile",0.01,0
"29764",2020-12-12,"37","37  day ahead inc hosp",2021-01-18,"quantile",0.025,0
"29765",2020-12-12,"37","37  day ahead inc hosp",2021-01-18,"quantile",0.05,0
"29766",2020-12-12,"37","37  day ahead inc hosp",2021-01-18,"quantile",0.1,0
"29767",2020-12-12,"37","37  day ahead inc hosp",2021-01-18,"quantile",0.15,8.097620801369
"29768",2020-12-12,"37","37  day ahead inc hosp",2021-01-18,"quantile",0.2,37.8883774217645
"29769",2020-12-12,"37","37  day ahead inc hosp",2021-01-18,"quantile",0.25,63.4461939827965
"29770",2020-12-12,"37","37  day ahead inc hosp",2021-01-18,"quantile",0.3,86.397903152131
"29771",2020-12-12,"37","37  day ahead inc hosp",2021-01-18,"quantile",0.35,107.666082185957
"29772",2020-12-12,"37","37  day ahead inc hosp",2021-01-18,"quantile",0.4,127.847504269295
"29773",2020-12-12,"37","37  day ahead inc hosp",2021-01-18,"quantile",0.45,147.37326369262
"29774",2020-12-12,"37","37  day ahead inc hosp",2021-01-18,"quantile",0.5,166.589449577196
"29775",2020-12-12,"37","37  day ahead inc hosp",2021-01-18,"quantile",0.55,185.805635461772
"29776",2020-12-12,"37","37  day ahead inc hosp",2021-01-18,"quantile",0.6,205.331394885097
"29777",2020-12-12,"37","37  day ahead inc hosp",2021-01-18,"quantile",0.65,225.512816968435
"29778",2020-12-12,"37","37  day ahead inc hosp",2021-01-18,"quantile",0.7,246.780996002261
"29779",2020-12-12,"37","37  day ahead inc hosp",2021-01-18,"quantile",0.75,269.732705171595
"29780",2020-12-12,"37","37  day ahead inc hosp",2021-01-18,"quantile",0.8,295.290521732627
"29781",2020-12-12,"37","37  day ahead inc hosp",2021-01-18,"quantile",0.85,325.081278353023
"29782",2020-12-12,"37","37  day ahead inc hosp",2021-01-18,"quantile",0.9,362.564852678492
"29783",2020-12-12,"37","37  day ahead inc hosp",2021-01-18,"quantile",0.95,418.121156338803
"29784",2020-12-12,"37","37  day ahead inc hosp",2021-01-18,"quantile",0.975,466.307964431518
"29785",2020-12-12,"37","37  day ahead inc hosp",2021-01-18,"quantile",0.99,522.335542536988
"29786",2020-12-12,"38","1  day ahead inc hosp",2020-12-13,"quantile",0.01,12.3932493896342
"29787",2020-12-12,"38","1  day ahead inc hosp",2020-12-13,"quantile",0.025,14.9329296359005
"29788",2020-12-12,"38","1  day ahead inc hosp",2020-12-13,"quantile",0.05,17.117194756433
"29789",2020-12-12,"38","1  day ahead inc hosp",2020-12-13,"quantile",0.1,19.6355125515742
"29790",2020-12-12,"38","1  day ahead inc hosp",2020-12-13,"quantile",0.15,21.3346096122153
"29791",2020-12-12,"38","1  day ahead inc hosp",2020-12-13,"quantile",0.2,22.68499809354
"29792",2020-12-12,"38","1  day ahead inc hosp",2020-12-13,"quantile",0.25,23.8435111696463
"29793",2020-12-12,"38","1  day ahead inc hosp",2020-12-13,"quantile",0.3,24.8838917173415
"29794",2020-12-12,"38","1  day ahead inc hosp",2020-12-13,"quantile",0.35,25.8479593424775
"29795",2020-12-12,"38","1  day ahead inc hosp",2020-12-13,"quantile",0.4,26.7627652423529
"29796",2020-12-12,"38","1  day ahead inc hosp",2020-12-13,"quantile",0.45,27.6478505374449
"29797",2020-12-12,"38","1  day ahead inc hosp",2020-12-13,"quantile",0.5,28.5189031395718
"29798",2020-12-12,"38","1  day ahead inc hosp",2020-12-13,"quantile",0.55,29.3899557416987
"29799",2020-12-12,"38","1  day ahead inc hosp",2020-12-13,"quantile",0.6,30.2750410367907
"29800",2020-12-12,"38","1  day ahead inc hosp",2020-12-13,"quantile",0.65,31.1898469366661
"29801",2020-12-12,"38","1  day ahead inc hosp",2020-12-13,"quantile",0.7,32.1539145618021
"29802",2020-12-12,"38","1  day ahead inc hosp",2020-12-13,"quantile",0.75,33.1942951094974
"29803",2020-12-12,"38","1  day ahead inc hosp",2020-12-13,"quantile",0.8,34.3528081856036
"29804",2020-12-12,"38","1  day ahead inc hosp",2020-12-13,"quantile",0.85,35.7031966669283
"29805",2020-12-12,"38","1  day ahead inc hosp",2020-12-13,"quantile",0.9,37.4022937275694
"29806",2020-12-12,"38","1  day ahead inc hosp",2020-12-13,"quantile",0.95,39.9206115227106
"29807",2020-12-12,"38","1  day ahead inc hosp",2020-12-13,"quantile",0.975,42.1048766432431
"29808",2020-12-12,"38","1  day ahead inc hosp",2020-12-13,"quantile",0.99,44.6445568895094
"29809",2020-12-12,"38","2  day ahead inc hosp",2020-12-14,"quantile",0.01,10.991670428217
"29810",2020-12-12,"38","2  day ahead inc hosp",2020-12-14,"quantile",0.025,13.7520897810704
"29811",2020-12-12,"38","2  day ahead inc hosp",2020-12-14,"quantile",0.05,16.1262027109736
"29812",2020-12-12,"38","2  day ahead inc hosp",2020-12-14,"quantile",0.1,18.8634028717271
"29813",2020-12-12,"38","2  day ahead inc hosp",2020-12-14,"quantile",0.15,20.7101788253006
"29814",2020-12-12,"38","2  day ahead inc hosp",2020-12-14,"quantile",0.2,22.1779378092117
"29815",2020-12-12,"38","2  day ahead inc hosp",2020-12-14,"quantile",0.25,23.4371443256693
"29816",2020-12-12,"38","2  day ahead inc hosp",2020-12-14,"quantile",0.3,24.5679506948618
"29817",2020-12-12,"38","2  day ahead inc hosp",2020-12-14,"quantile",0.35,25.6158113197563
"29818",2020-12-12,"38","2  day ahead inc hosp",2020-12-14,"quantile",0.4,26.6101285822672
"29819",2020-12-12,"38","2  day ahead inc hosp",2020-12-14,"quantile",0.45,27.5721420408865
"29820",2020-12-12,"38","2  day ahead inc hosp",2020-12-14,"quantile",0.5,28.5189031395718
"29821",2020-12-12,"38","2  day ahead inc hosp",2020-12-14,"quantile",0.55,29.4656642382571
"29822",2020-12-12,"38","2  day ahead inc hosp",2020-12-14,"quantile",0.6,30.4276776968764
"29823",2020-12-12,"38","2  day ahead inc hosp",2020-12-14,"quantile",0.65,31.4219949593873
"29824",2020-12-12,"38","2  day ahead inc hosp",2020-12-14,"quantile",0.7,32.4698555842818
"29825",2020-12-12,"38","2  day ahead inc hosp",2020-12-14,"quantile",0.75,33.6006619534743
"29826",2020-12-12,"38","2  day ahead inc hosp",2020-12-14,"quantile",0.8,34.8598684699319
"29827",2020-12-12,"38","2  day ahead inc hosp",2020-12-14,"quantile",0.85,36.327627453843
"29828",2020-12-12,"38","2  day ahead inc hosp",2020-12-14,"quantile",0.9,38.1744034074165
"29829",2020-12-12,"38","2  day ahead inc hosp",2020-12-14,"quantile",0.95,40.91160356817
"29830",2020-12-12,"38","2  day ahead inc hosp",2020-12-14,"quantile",0.975,43.2857164980733
"29831",2020-12-12,"38","2  day ahead inc hosp",2020-12-14,"quantile",0.99,46.0461358509266
"29832",2020-12-12,"38","3  day ahead inc hosp",2020-12-15,"quantile",0.01,9.69415708091022
"29833",2020-12-12,"38","3  day ahead inc hosp",2020-12-15,"quantile",0.025,12.65892591742
"29834",2020-12-12,"38","3  day ahead inc hosp",2020-12-15,"quantile",0.05,15.208790676793
"29835",2020-12-12,"38","3  day ahead inc hosp",2020-12-15,"quantile",0.1,18.1486214410945
"29836",2020-12-12,"38","3  day ahead inc hosp",2020-12-15,"quantile",0.15,20.1321113008909
"29837",2020-12-12,"38","3  day ahead inc hosp",2020-12-15,"quantile",0.2,21.7085261635489
"29838",2020-12-12,"38","3  day ahead inc hosp",2020-12-15,"quantile",0.25,23.0609497490685
"29839",2020-12-12,"38","3  day ahead inc hosp",2020-12-15,"quantile",0.3,24.2754679272732
"29840",2020-12-12,"38","3  day ahead inc hosp",2020-12-15,"quantile",0.35,25.4009000187711
"29841",2020-12-12,"38","3  day ahead inc hosp",2020-12-15,"quantile",0.4,26.4688250173583
"29842",2020-12-12,"38","3  day ahead inc hosp",2020-12-15,"quantile",0.45,27.5020548124868
"29843",2020-12-12,"38","3  day ahead inc hosp",2020-12-15,"quantile",0.5,28.5189031395718
"29844",2020-12-12,"38","3  day ahead inc hosp",2020-12-15,"quantile",0.55,29.5357514666568
"29845",2020-12-12,"38","3  day ahead inc hosp",2020-12-15,"quantile",0.6,30.5689812617853
"29846",2020-12-12,"38","3  day ahead inc hosp",2020-12-15,"quantile",0.65,31.6369062603725
"29847",2020-12-12,"38","3  day ahead inc hosp",2020-12-15,"quantile",0.7,32.7623383518704
"29848",2020-12-12,"38","3  day ahead inc hosp",2020-12-15,"quantile",0.75,33.9768565300751
"29849",2020-12-12,"38","3  day ahead inc hosp",2020-12-15,"quantile",0.8,35.3292801155947
"29850",2020-12-12,"38","3  day ahead inc hosp",2020-12-15,"quantile",0.85,36.9056949782528
"29851",2020-12-12,"38","3  day ahead inc hosp",2020-12-15,"quantile",0.9,38.8891848380491
"29852",2020-12-12,"38","3  day ahead inc hosp",2020-12-15,"quantile",0.95,41.8290156023506
"29853",2020-12-12,"38","3  day ahead inc hosp",2020-12-15,"quantile",0.975,44.3788803617236
"29854",2020-12-12,"38","3  day ahead inc hosp",2020-12-15,"quantile",0.99,47.3436491982334
"29855",2020-12-12,"38","4  day ahead inc hosp",2020-12-16,"quantile",0.01,8.48048399463416
"29856",2020-12-12,"38","4  day ahead inc hosp",2020-12-16,"quantile",0.025,11.6363980467388
"29857",2020-12-12,"38","4  day ahead inc hosp",2020-12-16,"quantile",0.05,14.3506582365974
"29858",2020-12-12,"38","4  day ahead inc hosp",2020-12-16,"quantile",0.1,17.480026403726
"29859",2020-12-12,"38","4  day ahead inc hosp",2020-12-16,"quantile",0.15,19.591396249379
"29860",2020-12-12,"38","4  day ahead inc hosp",2020-12-16,"quantile",0.2,21.2694460709178
"29861",2020-12-12,"38","4  day ahead inc hosp",2020-12-16,"quantile",0.25,22.7090634014089
"29862",2020-12-12,"38","4  day ahead inc hosp",2020-12-16,"quantile",0.3,24.0018842574339
"29863",2020-12-12,"38","4  day ahead inc hosp",2020-12-16,"quantile",0.35,25.199875449364
"29864",2020-12-12,"38","4  day ahead inc hosp",2020-12-16,"quantile",0.4,26.3366519386915
"29865",2020-12-12,"38","4  day ahead inc hosp",2020-12-16,"quantile",0.45,27.4364963479231
"29866",2020-12-12,"38","4  day ahead inc hosp",2020-12-16,"quantile",0.5,28.5189031395718
"29867",2020-12-12,"38","4  day ahead inc hosp",2020-12-16,"quantile",0.55,29.6013099312205
"29868",2020-12-12,"38","4  day ahead inc hosp",2020-12-16,"quantile",0.6,30.7011543404521
"29869",2020-12-12,"38","4  day ahead inc hosp",2020-12-16,"quantile",0.65,31.8379308297797
"29870",2020-12-12,"38","4  day ahead inc hosp",2020-12-16,"quantile",0.7,33.0359220217097
"29871",2020-12-12,"38","4  day ahead inc hosp",2020-12-16,"quantile",0.75,34.3287428777348
"29872",2020-12-12,"38","4  day ahead inc hosp",2020-12-16,"quantile",0.8,35.7683602082258
"29873",2020-12-12,"38","4  day ahead inc hosp",2020-12-16,"quantile",0.85,37.4464100297646
"29874",2020-12-12,"38","4  day ahead inc hosp",2020-12-16,"quantile",0.9,39.5577798754176
"29875",2020-12-12,"38","4  day ahead inc hosp",2020-12-16,"quantile",0.95,42.6871480425462
"29876",2020-12-12,"38","4  day ahead inc hosp",2020-12-16,"quantile",0.975,45.4014082324048
"29877",2020-12-12,"38","4  day ahead inc hosp",2020-12-16,"quantile",0.99,48.5573222845095
"29878",2020-12-12,"38","5  day ahead inc hosp",2020-12-17,"quantile",0.01,7.33623523670101
"29879",2020-12-12,"38","5  day ahead inc hosp",2020-12-17,"quantile",0.025,10.672360647204
"29880",2020-12-12,"38","5  day ahead inc hosp",2020-12-17,"quantile",0.05,13.5416125471615
"29881",2020-12-12,"38","5  day ahead inc hosp",2020-12-17,"quantile",0.1,16.8496762297623
"29882",2020-12-12,"38","5  day ahead inc hosp",2020-12-17,"quantile",0.15,19.0816110913456
"29883",2020-12-12,"38","5  day ahead inc hosp",2020-12-17,"quantile",0.2,20.8554821655569
"29884",2020-12-12,"38","5  day ahead inc hosp",2020-12-17,"quantile",0.25,22.3773055987549
"29885",2020-12-12,"38","5  day ahead inc hosp",2020-12-17,"quantile",0.3,23.7439500756972
"29886",2020-12-12,"38","5  day ahead inc hosp",2020-12-17,"quantile",0.35,25.0103498543259
"29887",2020-12-12,"38","5  day ahead inc hosp",2020-12-17,"quantile",0.4,26.2120394027403
"29888",2020-12-12,"38","5  day ahead inc hosp",2020-12-17,"quantile",0.45,27.374687947871
"29889",2020-12-12,"38","5  day ahead inc hosp",2020-12-17,"quantile",0.5,28.5189031395718
"29890",2020-12-12,"38","5  day ahead inc hosp",2020-12-17,"quantile",0.55,29.6631183312727
"29891",2020-12-12,"38","5  day ahead inc hosp",2020-12-17,"quantile",0.6,30.8257668764034
"29892",2020-12-12,"38","5  day ahead inc hosp",2020-12-17,"quantile",0.65,32.0274564248177
"29893",2020-12-12,"38","5  day ahead inc hosp",2020-12-17,"quantile",0.7,33.2938562034465
"29894",2020-12-12,"38","5  day ahead inc hosp",2020-12-17,"quantile",0.75,34.6605006803887
"29895",2020-12-12,"38","5  day ahead inc hosp",2020-12-17,"quantile",0.8,36.1823241135867
"29896",2020-12-12,"38","5  day ahead inc hosp",2020-12-17,"quantile",0.85,37.9561951877981
"29897",2020-12-12,"38","5  day ahead inc hosp",2020-12-17,"quantile",0.9,40.1881300493813
"29898",2020-12-12,"38","5  day ahead inc hosp",2020-12-17,"quantile",0.95,43.4961937319821
"29899",2020-12-12,"38","5  day ahead inc hosp",2020-12-17,"quantile",0.975,46.3654456319396
"29900",2020-12-12,"38","5  day ahead inc hosp",2020-12-17,"quantile",0.99,49.7015710424426
"29901",2020-12-12,"38","6  day ahead inc hosp",2020-12-18,"quantile",0.01,6.25070615062766
"29902",2020-12-12,"38","6  day ahead inc hosp",2020-12-18,"quantile",0.025,9.75779497256188
"29903",2020-12-12,"38","6  day ahead inc hosp",2020-12-18,"quantile",0.05,12.7740848380371
"29904",2020-12-12,"38","6  day ahead inc hosp",2020-12-18,"quantile",0.1,16.2516738779967
"29905",2020-12-12,"38","6  day ahead inc hosp",2020-12-18,"quantile",0.15,18.5979866933664
"29906",2020-12-12,"38","6  day ahead inc hosp",2020-12-18,"quantile",0.2,20.4627617393924
"29907",2020-12-12,"38","6  day ahead inc hosp",2020-12-18,"quantile",0.25,22.0625726861641
"29908",2020-12-12,"38","6  day ahead inc hosp",2020-12-18,"quantile",0.3,23.4992523606011
"29909",2020-12-12,"38","6  day ahead inc hosp",2020-12-18,"quantile",0.35,24.8305501870396
"29910",2020-12-12,"38","6  day ahead inc hosp",2020-12-18,"quantile",0.4,26.0938216364314
"29911",2020-12-12,"38","6  day ahead inc hosp",2020-12-18,"quantile",0.45,27.3160513834394
"29912",2020-12-12,"38","6  day ahead inc hosp",2020-12-18,"quantile",0.5,28.5189031395718
"29913",2020-12-12,"38","6  day ahead inc hosp",2020-12-18,"quantile",0.55,29.7217548957042
"29914",2020-12-12,"38","6  day ahead inc hosp",2020-12-18,"quantile",0.6,30.9439846427122
"29915",2020-12-12,"38","6  day ahead inc hosp",2020-12-18,"quantile",0.65,32.207256092104
"29916",2020-12-12,"38","6  day ahead inc hosp",2020-12-18,"quantile",0.7,33.5385539185425
"29917",2020-12-12,"38","6  day ahead inc hosp",2020-12-18,"quantile",0.75,34.9752335929795
"29918",2020-12-12,"38","6  day ahead inc hosp",2020-12-18,"quantile",0.8,36.5750445397512
"29919",2020-12-12,"38","6  day ahead inc hosp",2020-12-18,"quantile",0.85,38.4398195857772
"29920",2020-12-12,"38","6  day ahead inc hosp",2020-12-18,"quantile",0.9,40.786132401147
"29921",2020-12-12,"38","6  day ahead inc hosp",2020-12-18,"quantile",0.95,44.2637214411065
"29922",2020-12-12,"38","6  day ahead inc hosp",2020-12-18,"quantile",0.975,47.2800113065817
"29923",2020-12-12,"38","6  day ahead inc hosp",2020-12-18,"quantile",0.99,50.787100128516
"29924",2020-12-12,"38","7  day ahead inc hosp",2020-12-19,"quantile",0.01,5.21568930985446
"29925",2020-12-12,"38","7  day ahead inc hosp",2020-12-19,"quantile",0.025,8.88578620983791
"29926",2020-12-12,"38","7  day ahead inc hosp",2020-12-19,"quantile",0.05,12.0422720152435
"29927",2020-12-12,"38","7  day ahead inc hosp",2020-12-19,"quantile",0.1,15.6814979952496
"29928",2020-12-12,"38","7  day ahead inc hosp",2020-12-19,"quantile",0.15,18.1368664866957
"29929",2020-12-12,"38","7  day ahead inc hosp",2020-12-19,"quantile",0.2,20.0883155269318
"29930",2020-12-12,"38","7  day ahead inc hosp",2020-12-19,"quantile",0.25,21.7624850431371
"29931",2020-12-12,"38","7  day ahead inc hosp",2020-12-19,"quantile",0.3,23.2659410110736
"29932",2020-12-12,"38","7  day ahead inc hosp",2020-12-19,"quantile",0.35,24.6591170250965
"29933",2020-12-12,"38","7  day ahead inc hosp",2020-12-19,"quantile",0.4,25.9811048234248
"29934",2020-12-12,"38","7  day ahead inc hosp",2020-12-19,"quantile",0.45,27.2601433175476
"29935",2020-12-12,"38","7  day ahead inc hosp",2020-12-19,"quantile",0.5,28.5189031395718
"29936",2020-12-12,"38","7  day ahead inc hosp",2020-12-19,"quantile",0.55,29.777662961596
"29937",2020-12-12,"38","7  day ahead inc hosp",2020-12-19,"quantile",0.6,31.0567014557188
"29938",2020-12-12,"38","7  day ahead inc hosp",2020-12-19,"quantile",0.65,32.3786892540471
"29939",2020-12-12,"38","7  day ahead inc hosp",2020-12-19,"quantile",0.7,33.77186526807
"29940",2020-12-12,"38","7  day ahead inc hosp",2020-12-19,"quantile",0.75,35.2753212360065
"29941",2020-12-12,"38","7  day ahead inc hosp",2020-12-19,"quantile",0.8,36.9494907522118
"29942",2020-12-12,"38","7  day ahead inc hosp",2020-12-19,"quantile",0.85,38.900939792448
"29943",2020-12-12,"38","7  day ahead inc hosp",2020-12-19,"quantile",0.9,41.356308283894
"29944",2020-12-12,"38","7  day ahead inc hosp",2020-12-19,"quantile",0.95,44.9955342639001
"29945",2020-12-12,"38","7  day ahead inc hosp",2020-12-19,"quantile",0.975,48.1520200693057
"29946",2020-12-12,"38","7  day ahead inc hosp",2020-12-19,"quantile",0.99,51.8221169692892
"29947",2020-12-12,"38","8  day ahead inc hosp",2020-12-20,"quantile",0.01,4.22472786135669
"29948",2020-12-12,"38","8  day ahead inc hosp",2020-12-20,"quantile",0.025,8.05089441622597
"29949",2020-12-12,"38","8  day ahead inc hosp",2020-12-20,"quantile",0.05,11.3416087348635
"29950",2020-12-12,"38","8  day ahead inc hosp",2020-12-20,"quantile",0.1,15.1355915941099
"29951",2020-12-12,"38","8  day ahead inc hosp",2020-12-20,"quantile",0.15,17.6953738172695
"29952",2020-12-12,"38","8  day ahead inc hosp",2020-12-20,"quantile",0.2,19.7298075814889
"29953",2020-12-12,"38","8  day ahead inc hosp",2020-12-20,"quantile",0.25,21.4751706017719
"29954",2020-12-12,"38","8  day ahead inc hosp",2020-12-20,"quantile",0.3,23.0425605366979
"29955",2020-12-12,"38","8  day ahead inc hosp",2020-12-20,"quantile",0.35,24.4949808992024
"29956",2020-12-12,"38","8  day ahead inc hosp",2020-12-20,"quantile",0.4,25.8731857907222
"29957",2020-12-12,"38","8  day ahead inc hosp",2020-12-20,"quantile",0.45,27.206614973103
"29958",2020-12-12,"38","8  day ahead inc hosp",2020-12-20,"quantile",0.5,28.5189031395718
"29959",2020-12-12,"38","8  day ahead inc hosp",2020-12-20,"quantile",0.55,29.8311913060407
"29960",2020-12-12,"38","8  day ahead inc hosp",2020-12-20,"quantile",0.6,31.1646204884214
"29961",2020-12-12,"38","8  day ahead inc hosp",2020-12-20,"quantile",0.65,32.5428253799412
"29962",2020-12-12,"38","8  day ahead inc hosp",2020-12-20,"quantile",0.7,33.9952457424457
"29963",2020-12-12,"38","8  day ahead inc hosp",2020-12-20,"quantile",0.75,35.5626356773717
"29964",2020-12-12,"38","8  day ahead inc hosp",2020-12-20,"quantile",0.8,37.3079986976547
"29965",2020-12-12,"38","8  day ahead inc hosp",2020-12-20,"quantile",0.85,39.3424324618741
"29966",2020-12-12,"38","8  day ahead inc hosp",2020-12-20,"quantile",0.9,41.9022146850337
"29967",2020-12-12,"38","8  day ahead inc hosp",2020-12-20,"quantile",0.95,45.6961975442802
"29968",2020-12-12,"38","8  day ahead inc hosp",2020-12-20,"quantile",0.975,48.9869118629177
"29969",2020-12-12,"38","8  day ahead inc hosp",2020-12-20,"quantile",0.99,52.8130784177869
"29970",2020-12-12,"38","9  day ahead inc hosp",2020-12-21,"quantile",0.01,3.27263351208531
"29971",2020-12-12,"38","9  day ahead inc hosp",2020-12-21,"quantile",0.025,7.24874841937011
"29972",2020-12-12,"38","9  day ahead inc hosp",2020-12-21,"quantile",0.05,10.6684265934158
"29973",2020-12-12,"38","9  day ahead inc hosp",2020-12-21,"quantile",0.1,14.6110965186011
"29974",2020-12-12,"38","9  day ahead inc hosp",2020-12-21,"quantile",0.15,17.2711971992561
"29975",2020-12-12,"38","9  day ahead inc hosp",2020-12-21,"quantile",0.2,19.3853608933331
"29976",2020-12-12,"38","9  day ahead inc hosp",2020-12-21,"quantile",0.25,21.1991250941464
"29977",2020-12-12,"38","9  day ahead inc hosp",2020-12-21,"quantile",0.3,22.8279414032159
"29978",2020-12-12,"38","9  day ahead inc hosp",2020-12-21,"quantile",0.35,24.3372824557241
"29979",2020-12-12,"38","9  day ahead inc hosp",2020-12-21,"quantile",0.4,25.7694995157711
"29980",2020-12-12,"38","9  day ahead inc hosp",2020-12-21,"quantile",0.45,27.1551860962795
"29981",2020-12-12,"38","9  day ahead inc hosp",2020-12-21,"quantile",0.5,28.5189031395718
"29982",2020-12-12,"38","9  day ahead inc hosp",2020-12-21,"quantile",0.55,29.8826201828641
"29983",2020-12-12,"38","9  day ahead inc hosp",2020-12-21,"quantile",0.6,31.2683067633725
"29984",2020-12-12,"38","9  day ahead inc hosp",2020-12-21,"quantile",0.65,32.7005238234195
"29985",2020-12-12,"38","9  day ahead inc hosp",2020-12-21,"quantile",0.7,34.2098648759277
"29986",2020-12-12,"38","9  day ahead inc hosp",2020-12-21,"quantile",0.75,35.8386811849973
"29987",2020-12-12,"38","9  day ahead inc hosp",2020-12-21,"quantile",0.8,37.6524453858105
"29988",2020-12-12,"38","9  day ahead inc hosp",2020-12-21,"quantile",0.85,39.7666090798875
"29989",2020-12-12,"38","9  day ahead inc hosp",2020-12-21,"quantile",0.9,42.4267097605426
"29990",2020-12-12,"38","9  day ahead inc hosp",2020-12-21,"quantile",0.95,46.3693796857278
"29991",2020-12-12,"38","9  day ahead inc hosp",2020-12-21,"quantile",0.975,49.7890578597735
"29992",2020-12-12,"38","9  day ahead inc hosp",2020-12-21,"quantile",0.99,53.7651727670583
"29993",2020-12-12,"38","10  day ahead inc hosp",2020-12-22,"quantile",0.01,2.35516281524401
"29994",2020-12-12,"38","10  day ahead inc hosp",2020-12-22,"quantile",0.025,6.47577308634035
"29995",2020-12-12,"38","10  day ahead inc hosp",2020-12-22,"quantile",0.05,10.019725244765
"29996",2020-12-12,"38","10  day ahead inc hosp",2020-12-22,"quantile",0.1,14.1056751149501
"29997",2020-12-12,"38","10  day ahead inc hosp",2020-12-22,"quantile",0.15,16.8624460942734
"29998",2020-12-12,"38","10  day ahead inc hosp",2020-12-22,"quantile",0.2,19.0534402772211
"29999",2020-12-12,"38","10  day ahead inc hosp",2020-12-22,"quantile",0.25,20.9331181963689
"30000",2020-12-12,"38","10  day ahead inc hosp",2020-12-22,"quantile",0.3,22.6211270616521
"30001",2020-12-12,"38","10  day ahead inc hosp",2020-12-22,"quantile",0.35,24.1853188389465
"30002",2020-12-12,"38","10  day ahead inc hosp",2020-12-22,"quantile",0.4,25.6695838729515
"30003",2020-12-12,"38","10  day ahead inc hosp",2020-12-22,"quantile",0.45,27.1056274706106
"30004",2020-12-12,"38","10  day ahead inc hosp",2020-12-22,"quantile",0.5,28.5189031395718
"30005",2020-12-12,"38","10  day ahead inc hosp",2020-12-22,"quantile",0.55,29.932178808533
"30006",2020-12-12,"38","10  day ahead inc hosp",2020-12-22,"quantile",0.6,31.3682224061921
"30007",2020-12-12,"38","10  day ahead inc hosp",2020-12-22,"quantile",0.65,32.8524874401971
"30008",2020-12-12,"38","10  day ahead inc hosp",2020-12-22,"quantile",0.7,34.4166792174916
"30009",2020-12-12,"38","10  day ahead inc hosp",2020-12-22,"quantile",0.75,36.1046880827747
"30010",2020-12-12,"38","10  day ahead inc hosp",2020-12-22,"quantile",0.8,37.9843660019225
"30011",2020-12-12,"38","10  day ahead inc hosp",2020-12-22,"quantile",0.85,40.1753601848702
"30012",2020-12-12,"38","10  day ahead inc hosp",2020-12-22,"quantile",0.9,42.9321311641936
"30013",2020-12-12,"38","10  day ahead inc hosp",2020-12-22,"quantile",0.95,47.0180810343786
"30014",2020-12-12,"38","10  day ahead inc hosp",2020-12-22,"quantile",0.975,50.5620331928033
"30015",2020-12-12,"38","10  day ahead inc hosp",2020-12-22,"quantile",0.99,54.6826434638996
"30016",2020-12-12,"38","11  day ahead inc hosp",2020-12-23,"quantile",0.01,1.46879250368041
"30017",2020-12-12,"38","11  day ahead inc hosp",2020-12-23,"quantile",0.025,5.72900004047914
"30018",2020-12-12,"38","11  day ahead inc hosp",2020-12-23,"quantile",0.05,9.39301354869137
"30019",2020-12-12,"38","11  day ahead inc hosp",2020-12-23,"quantile",0.1,13.6173864659857
"30020",2020-12-12,"38","11  day ahead inc hosp",2020-12-23,"quantile",0.15,16.4675508180287
"30021",2020-12-12,"38","11  day ahead inc hosp",2020-12-23,"quantile",0.2,18.7327710929839
"30022",2020-12-12,"38","11  day ahead inc hosp",2020-12-23,"quantile",0.25,20.6761283898576
"30023",2020-12-12,"38","11  day ahead inc hosp",2020-12-23,"quantile",0.3,22.4213233044325
"30024",2020-12-12,"38","11  day ahead inc hosp",2020-12-23,"quantile",0.35,24.0385064788207
"30025",2020-12-12,"38","11  day ahead inc hosp",2020-12-23,"quantile",0.4,25.5730551666277
"30026",2020-12-12,"38","11  day ahead inc hosp",2020-12-23,"quantile",0.45,27.0577487812683
"30027",2020-12-12,"38","11  day ahead inc hosp",2020-12-23,"quantile",0.5,28.5189031395718
"30028",2020-12-12,"38","11  day ahead inc hosp",2020-12-23,"quantile",0.55,29.9800574978753
"30029",2020-12-12,"38","11  day ahead inc hosp",2020-12-23,"quantile",0.6,31.4647511125159
"30030",2020-12-12,"38","11  day ahead inc hosp",2020-12-23,"quantile",0.65,32.9992998003229
"30031",2020-12-12,"38","11  day ahead inc hosp",2020-12-23,"quantile",0.7,34.6164829747111
"30032",2020-12-12,"38","11  day ahead inc hosp",2020-12-23,"quantile",0.75,36.361677889286
"30033",2020-12-12,"38","11  day ahead inc hosp",2020-12-23,"quantile",0.8,38.3050351861597
"30034",2020-12-12,"38","11  day ahead inc hosp",2020-12-23,"quantile",0.85,40.5702554611149
"30035",2020-12-12,"38","11  day ahead inc hosp",2020-12-23,"quantile",0.9,43.420419813158
"30036",2020-12-12,"38","11  day ahead inc hosp",2020-12-23,"quantile",0.95,47.6447927304522
"30037",2020-12-12,"38","11  day ahead inc hosp",2020-12-23,"quantile",0.975,51.3088062386645
"30038",2020-12-12,"38","11  day ahead inc hosp",2020-12-23,"quantile",0.99,55.5690137754632
"30039",2020-12-12,"38","12  day ahead inc hosp",2020-12-24,"quantile",0.01,0.610559170982889
"30040",2020-12-12,"38","12  day ahead inc hosp",2020-12-24,"quantile",0.025,5.00593259162975
"30041",2020-12-12,"38","12  day ahead inc hosp",2020-12-24,"quantile",0.05,8.78619621676495
"30042",2020-12-12,"38","12  day ahead inc hosp",2020-12-24,"quantile",0.1,13.1445980737618
"30043",2020-12-12,"38","12  day ahead inc hosp",2020-12-24,"quantile",0.15,16.0851911151184
"30044",2020-12-12,"38","12  day ahead inc hosp",2020-12-24,"quantile",0.2,18.4222812456922
"30045",2020-12-12,"38","12  day ahead inc hosp",2020-12-24,"quantile",0.25,20.4272964792734
"30046",2020-12-12,"38","12  day ahead inc hosp",2020-12-24,"quantile",0.3,22.2278621266302
"30047",2020-12-12,"38","12  day ahead inc hosp",2020-12-24,"quantile",0.35,23.8963545368297
"30048",2020-12-12,"38","12  day ahead inc hosp",2020-12-24,"quantile",0.4,25.4795906718805
"30049",2020-12-12,"38","12  day ahead inc hosp",2020-12-24,"quantile",0.45,27.0113899551847
"30050",2020-12-12,"38","12  day ahead inc hosp",2020-12-24,"quantile",0.5,28.5189031395718
"30051",2020-12-12,"38","12  day ahead inc hosp",2020-12-24,"quantile",0.55,30.026416323959
"30052",2020-12-12,"38","12  day ahead inc hosp",2020-12-24,"quantile",0.6,31.5582156072631
"30053",2020-12-12,"38","12  day ahead inc hosp",2020-12-24,"quantile",0.65,33.1414517423139
"30054",2020-12-12,"38","12  day ahead inc hosp",2020-12-24,"quantile",0.7,34.8099441525134
"30055",2020-12-12,"38","12  day ahead inc hosp",2020-12-24,"quantile",0.75,36.6105097998702
"30056",2020-12-12,"38","12  day ahead inc hosp",2020-12-24,"quantile",0.8,38.6155250334514
"30057",2020-12-12,"38","12  day ahead inc hosp",2020-12-24,"quantile",0.85,40.9526151640252
"30058",2020-12-12,"38","12  day ahead inc hosp",2020-12-24,"quantile",0.9,43.8932082053818
"30059",2020-12-12,"38","12  day ahead inc hosp",2020-12-24,"quantile",0.95,48.2516100623787
"30060",2020-12-12,"38","12  day ahead inc hosp",2020-12-24,"quantile",0.975,52.0318736875139
"30061",2020-12-12,"38","12  day ahead inc hosp",2020-12-24,"quantile",0.99,56.4272471081607
"30062",2020-12-12,"38","13  day ahead inc hosp",2020-12-25,"quantile",0.01,0
"30063",2020-12-12,"38","13  day ahead inc hosp",2020-12-25,"quantile",0.025,4.30444702941422
"30064",2020-12-12,"38","13  day ahead inc hosp",2020-12-25,"quantile",0.05,8.19749097505355
"30065",2020-12-12,"38","13  day ahead inc hosp",2020-12-25,"quantile",0.1,12.6859213187014
"30066",2020-12-12,"38","13  day ahead inc hosp",2020-12-25,"quantile",0.15,15.7142439626897
"30067",2020-12-12,"38","13  day ahead inc hosp",2020-12-25,"quantile",0.2,18.1210588003502
"30068",2020-12-12,"38","13  day ahead inc hosp",2020-12-25,"quantile",0.25,20.1858916242062
"30069",2020-12-12,"38","13  day ahead inc hosp",2020-12-25,"quantile",0.3,22.0401753163701
"30070",2020-12-12,"38","13  day ahead inc hosp",2020-12-25,"quantile",0.35,23.7584455006724
"30071",2020-12-12,"38","13  day ahead inc hosp",2020-12-25,"quantile",0.4,25.3889158755676
"30072",2020-12-12,"38","13  day ahead inc hosp",2020-12-25,"quantile",0.45,26.9664148325586
"30073",2020-12-12,"38","13  day ahead inc hosp",2020-12-25,"quantile",0.5,28.5189031395718
"30074",2020-12-12,"38","13  day ahead inc hosp",2020-12-25,"quantile",0.55,30.071391446585
"30075",2020-12-12,"38","13  day ahead inc hosp",2020-12-25,"quantile",0.6,31.6488904035761
"30076",2020-12-12,"38","13  day ahead inc hosp",2020-12-25,"quantile",0.65,33.2793607784713
"30077",2020-12-12,"38","13  day ahead inc hosp",2020-12-25,"quantile",0.7,34.9976309627735
"30078",2020-12-12,"38","13  day ahead inc hosp",2020-12-25,"quantile",0.75,36.8519146549374
"30079",2020-12-12,"38","13  day ahead inc hosp",2020-12-25,"quantile",0.8,38.9167474787934
"30080",2020-12-12,"38","13  day ahead inc hosp",2020-12-25,"quantile",0.85,41.3235623164539
"30081",2020-12-12,"38","13  day ahead inc hosp",2020-12-25,"quantile",0.9,44.3518849604423
"30082",2020-12-12,"38","13  day ahead inc hosp",2020-12-25,"quantile",0.95,48.8403153040901
"30083",2020-12-12,"38","13  day ahead inc hosp",2020-12-25,"quantile",0.975,52.7333592497294
"30084",2020-12-12,"38","13  day ahead inc hosp",2020-12-25,"quantile",0.99,57.2598641660264
"30085",2020-12-12,"38","14  day ahead inc hosp",2020-12-26,"quantile",0.01,0
"30086",2020-12-12,"38","14  day ahead inc hosp",2020-12-26,"quantile",0.025,3.62271898550704
"30087",2020-12-12,"38","14  day ahead inc hosp",2020-12-26,"quantile",0.05,7.62536676539446
"30088",2020-12-12,"38","14  day ahead inc hosp",2020-12-26,"quantile",0.1,12.2401633104745
"30089",2020-12-12,"38","14  day ahead inc hosp",2020-12-26,"quantile",0.15,15.3537446306443
"30090",2020-12-12,"38","14  day ahead inc hosp",2020-12-26,"quantile",0.2,17.8283203613788
"30091",2020-12-12,"38","14  day ahead inc hosp",2020-12-26,"quantile",0.25,19.9512859979479
"30092",2020-12-12,"38","14  day ahead inc hosp",2020-12-26,"quantile",0.3,21.8577747525983
"30093",2020-12-12,"38","14  day ahead inc hosp",2020-12-26,"quantile",0.35,23.624420707404
"30094",2020-12-12,"38","14  day ahead inc hosp",2020-12-26,"quantile",0.4,25.30079495783
"30095",2020-12-12,"38","14  day ahead inc hosp",2020-12-26,"quantile",0.45,26.9227064456382
"30096",2020-12-12,"38","14  day ahead inc hosp",2020-12-26,"quantile",0.5,28.5189031395718
"30097",2020-12-12,"38","14  day ahead inc hosp",2020-12-26,"quantile",0.55,30.1150998335054
"30098",2020-12-12,"38","14  day ahead inc hosp",2020-12-26,"quantile",0.6,31.7370113213137
"30099",2020-12-12,"38","14  day ahead inc hosp",2020-12-26,"quantile",0.65,33.4133855717396
"30100",2020-12-12,"38","14  day ahead inc hosp",2020-12-26,"quantile",0.7,35.1800315265453
"30101",2020-12-12,"38","14  day ahead inc hosp",2020-12-26,"quantile",0.75,37.0865202811957
"30102",2020-12-12,"38","14  day ahead inc hosp",2020-12-26,"quantile",0.8,39.2094859177648
"30103",2020-12-12,"38","14  day ahead inc hosp",2020-12-26,"quantile",0.85,41.6840616484993
"30104",2020-12-12,"38","14  day ahead inc hosp",2020-12-26,"quantile",0.9,44.7976429686691
"30105",2020-12-12,"38","14  day ahead inc hosp",2020-12-26,"quantile",0.95,49.4124395137492
"30106",2020-12-12,"38","14  day ahead inc hosp",2020-12-26,"quantile",0.975,53.4150872936366
"30107",2020-12-12,"38","14  day ahead inc hosp",2020-12-26,"quantile",0.99,58.0690303538376
"30108",2020-12-12,"38","15  day ahead inc hosp",2020-12-27,"quantile",0.01,0
"30109",2020-12-12,"38","15  day ahead inc hosp",2020-12-27,"quantile",0.025,2.9591674962702
"30110",2020-12-12,"38","15  day ahead inc hosp",2020-12-27,"quantile",0.05,7.06849680127806
"30111",2020-12-12,"38","15  day ahead inc hosp",2020-12-27,"quantile",0.1,11.8062903125222
"30112",2020-12-12,"38","15  day ahead inc hosp",2020-12-27,"quantile",0.15,15.0028571018335
"30113",2020-12-12,"38","15  day ahead inc hosp",2020-12-27,"quantile",0.2,17.5433870527488
"30114",2020-12-12,"38","15  day ahead inc hosp",2020-12-27,"quantile",0.25,19.7229355375579
"30115",2020-12-12,"38","15  day ahead inc hosp",2020-12-27,"quantile",0.3,21.6802374386943
"30116",2020-12-12,"38","15  day ahead inc hosp",2020-12-27,"quantile",0.35,23.4939693463918
"30117",2020-12-12,"38","15  day ahead inc hosp",2020-12-27,"quantile",0.4,25.2150235615668
"30118",2020-12-12,"38","15  day ahead inc hosp",2020-12-27,"quantile",0.45,26.8801634323467
"30119",2020-12-12,"38","15  day ahead inc hosp",2020-12-27,"quantile",0.5,28.5189031395718
"30120",2020-12-12,"38","15  day ahead inc hosp",2020-12-27,"quantile",0.55,30.1576428467969
"30121",2020-12-12,"38","15  day ahead inc hosp",2020-12-27,"quantile",0.6,31.8227827175769
"30122",2020-12-12,"38","15  day ahead inc hosp",2020-12-27,"quantile",0.65,33.5438369327518
"30123",2020-12-12,"38","15  day ahead inc hosp",2020-12-27,"quantile",0.7,35.3575688404494
"30124",2020-12-12,"38","15  day ahead inc hosp",2020-12-27,"quantile",0.75,37.3148707415857
"30125",2020-12-12,"38","15  day ahead inc hosp",2020-12-27,"quantile",0.8,39.4944192263948
"30126",2020-12-12,"38","15  day ahead inc hosp",2020-12-27,"quantile",0.85,42.0349491773101
"30127",2020-12-12,"38","15  day ahead inc hosp",2020-12-27,"quantile",0.9,45.2315159666214
"30128",2020-12-12,"38","15  day ahead inc hosp",2020-12-27,"quantile",0.95,49.9693094778656
"30129",2020-12-12,"38","15  day ahead inc hosp",2020-12-27,"quantile",0.975,54.0786387828734
"30130",2020-12-12,"38","15  day ahead inc hosp",2020-12-27,"quantile",0.99,58.8566221710745
"30131",2020-12-12,"38","16  day ahead inc hosp",2020-12-28,"quantile",0.01,0
"30132",2020-12-12,"38","16  day ahead inc hosp",2020-12-28,"quantile",0.025,2.31241182772657
"30133",2020-12-12,"38","16  day ahead inc hosp",2020-12-28,"quantile",0.05,6.52572233422321
"30134",2020-12-12,"38","16  day ahead inc hosp",2020-12-28,"quantile",0.1,11.3833995114234
"30135",2020-12-12,"38","16  day ahead inc hosp",2020-12-28,"quantile",0.15,14.6608512410063
"30136",2020-12-12,"38","16  day ahead inc hosp",2020-12-28,"quantile",0.2,17.2656659783446
"30137",2020-12-12,"38","16  day ahead inc hosp",2020-12-28,"quantile",0.25,19.5003650858788
"30138",2020-12-12,"38","16  day ahead inc hosp",2020-12-28,"quantile",0.3,21.5071939507239
"30139",2020-12-12,"38","16  day ahead inc hosp",2020-12-28,"quantile",0.35,23.3668199712907
"30140",2020-12-12,"38","16  day ahead inc hosp",2020-12-28,"quantile",0.4,25.1314232115835
"30141",2020-12-12,"38","16  day ahead inc hosp",2020-12-28,"quantile",0.45,26.8386972681537
"30142",2020-12-12,"38","16  day ahead inc hosp",2020-12-28,"quantile",0.5,28.5189031395718
"30143",2020-12-12,"38","16  day ahead inc hosp",2020-12-28,"quantile",0.55,30.1991090109899
"30144",2020-12-12,"38","16  day ahead inc hosp",2020-12-28,"quantile",0.6,31.9063830675602
"30145",2020-12-12,"38","16  day ahead inc hosp",2020-12-28,"quantile",0.65,33.670986307853
"30146",2020-12-12,"38","16  day ahead inc hosp",2020-12-28,"quantile",0.7,35.5306123284197
"30147",2020-12-12,"38","16  day ahead inc hosp",2020-12-28,"quantile",0.75,37.5374411932648
"30148",2020-12-12,"38","16  day ahead inc hosp",2020-12-28,"quantile",0.8,39.772140300799
"30149",2020-12-12,"38","16  day ahead inc hosp",2020-12-28,"quantile",0.85,42.3769550381373
"30150",2020-12-12,"38","16  day ahead inc hosp",2020-12-28,"quantile",0.9,45.6544067677202
"30151",2020-12-12,"38","16  day ahead inc hosp",2020-12-28,"quantile",0.95,50.5120839449204
"30152",2020-12-12,"38","16  day ahead inc hosp",2020-12-28,"quantile",0.975,54.7253944514171
"30153",2020-12-12,"38","16  day ahead inc hosp",2020-12-28,"quantile",0.99,59.6242784578268
"30154",2020-12-12,"38","17  day ahead inc hosp",2020-12-29,"quantile",0.01,0
"30155",2020-12-12,"38","17  day ahead inc hosp",2020-12-29,"quantile",0.025,1.68123767477817
"30156",2020-12-12,"38","17  day ahead inc hosp",2020-12-29,"quantile",0.05,5.99602428726709
"30157",2020-12-12,"38","17  day ahead inc hosp",2020-12-29,"quantile",0.1,10.9706969157519
"30158",2020-12-12,"38","17  day ahead inc hosp",2020-12-29,"quantile",0.15,14.3270849208794
"30159",2020-12-12,"38","17  day ahead inc hosp",2020-12-29,"quantile",0.2,16.9946357076897
"30160",2020-12-12,"38","17  day ahead inc hosp",2020-12-29,"quantile",0.25,19.2831567595471
"30161",2020-12-12,"38","17  day ahead inc hosp",2020-12-29,"quantile",0.3,21.3383193938315
"30162",2020-12-12,"38","17  day ahead inc hosp",2020-12-29,"quantile",0.35,23.2427338549554
"30163",2020-12-12,"38","17  day ahead inc hosp",2020-12-29,"quantile",0.4,25.0498369454658
"30164",2020-12-12,"38","17  day ahead inc hosp",2020-12-29,"quantile",0.45,26.7982300989683
"30165",2020-12-12,"38","17  day ahead inc hosp",2020-12-29,"quantile",0.5,28.5189031395718
"30166",2020-12-12,"38","17  day ahead inc hosp",2020-12-29,"quantile",0.55,30.2395761801753
"30167",2020-12-12,"38","17  day ahead inc hosp",2020-12-29,"quantile",0.6,31.9879693336778
"30168",2020-12-12,"38","17  day ahead inc hosp",2020-12-29,"quantile",0.65,33.7950724241882
"30169",2020-12-12,"38","17  day ahead inc hosp",2020-12-29,"quantile",0.7,35.6994868853121
"30170",2020-12-12,"38","17  day ahead inc hosp",2020-12-29,"quantile",0.75,37.7546495195966
"30171",2020-12-12,"38","17  day ahead inc hosp",2020-12-29,"quantile",0.8,40.0431705714539
"30172",2020-12-12,"38","17  day ahead inc hosp",2020-12-29,"quantile",0.85,42.7107213582642
"30173",2020-12-12,"38","17  day ahead inc hosp",2020-12-29,"quantile",0.9,46.0671093633917
"30174",2020-12-12,"38","17  day ahead inc hosp",2020-12-29,"quantile",0.95,51.0417819918765
"30175",2020-12-12,"38","17  day ahead inc hosp",2020-12-29,"quantile",0.975,55.3565686043655
"30176",2020-12-12,"38","17  day ahead inc hosp",2020-12-29,"quantile",0.99,60.3734405140906
"30177",2020-12-12,"38","18  day ahead inc hosp",2020-12-30,"quantile",0.01,0
"30178",2020-12-12,"38","18  day ahead inc hosp",2020-12-30,"quantile",0.025,1.06457036089123
"30179",2020-12-12,"38","18  day ahead inc hosp",2020-12-30,"quantile",0.05,5.47850076343184
"30180",2020-12-12,"38","18  day ahead inc hosp",2020-12-30,"quantile",0.1,10.5674798322924
"30181",2020-12-12,"38","18  day ahead inc hosp",2020-12-30,"quantile",0.15,14.0009898500703
"30182",2020-12-12,"38","18  day ahead inc hosp",2020-12-30,"quantile",0.2,16.7298347677176
"30183",2020-12-12,"38","18  day ahead inc hosp",2020-12-30,"quantile",0.25,19.0709407261003
"30184",2020-12-12,"38","18  day ahead inc hosp",2020-12-30,"quantile",0.3,21.1733262316493
"30185",2020-12-12,"38","18  day ahead inc hosp",2020-12-30,"quantile",0.35,23.1214997206145
"30186",2020-12-12,"38","18  day ahead inc hosp",2020-12-30,"quantile",0.4,24.9701258493415
"30187",2020-12-12,"38","18  day ahead inc hosp",2020-12-30,"quantile",0.45,26.7586930228609
"30188",2020-12-12,"38","18  day ahead inc hosp",2020-12-30,"quantile",0.5,28.5189031395718
"30189",2020-12-12,"38","18  day ahead inc hosp",2020-12-30,"quantile",0.55,30.2791132562827
"30190",2020-12-12,"38","18  day ahead inc hosp",2020-12-30,"quantile",0.6,32.0676804298021
"30191",2020-12-12,"38","18  day ahead inc hosp",2020-12-30,"quantile",0.65,33.9163065585292
"30192",2020-12-12,"38","18  day ahead inc hosp",2020-12-30,"quantile",0.7,35.8644800474943
"30193",2020-12-12,"38","18  day ahead inc hosp",2020-12-30,"quantile",0.75,37.9668655530434
"30194",2020-12-12,"38","18  day ahead inc hosp",2020-12-30,"quantile",0.8,40.307971511426
"30195",2020-12-12,"38","18  day ahead inc hosp",2020-12-30,"quantile",0.85,43.0368164290733
"30196",2020-12-12,"38","18  day ahead inc hosp",2020-12-30,"quantile",0.9,46.4703264468512
"30197",2020-12-12,"38","18  day ahead inc hosp",2020-12-30,"quantile",0.95,51.5593055157118
"30198",2020-12-12,"38","18  day ahead inc hosp",2020-12-30,"quantile",0.975,55.9732359182524
"30199",2020-12-12,"38","18  day ahead inc hosp",2020-12-30,"quantile",0.99,61.105383909973
"30200",2020-12-12,"38","19  day ahead inc hosp",2020-12-31,"quantile",0.01,0
"30201",2020-12-12,"38","19  day ahead inc hosp",2020-12-31,"quantile",0.025,0.461453343753014
"30202",2020-12-12,"38","19  day ahead inc hosp",2020-12-31,"quantile",0.05,4.97234900710313
"30203",2020-12-12,"38","19  day ahead inc hosp",2020-12-31,"quantile",0.1,10.1731228116447
"30204",2020-12-12,"38","19  day ahead inc hosp",2020-12-31,"quantile",0.15,13.6820602068398
"30205",2020-12-12,"38","19  day ahead inc hosp",2020-12-31,"quantile",0.2,16.4708524129619
"30206",2020-12-12,"38","19  day ahead inc hosp",2020-12-31,"quantile",0.25,18.863387807048
"30207",2020-12-12,"38","19  day ahead inc hosp",2020-12-31,"quantile",0.3,21.0119585353523
"30208",2020-12-12,"38","19  day ahead inc hosp",2020-12-31,"quantile",0.35,23.0029295161744
"30209",2020-12-12,"38","19  day ahead inc hosp",2020-12-31,"quantile",0.4,24.8921662794979
"30210",2020-12-12,"38","19  day ahead inc hosp",2020-12-31,"quantile",0.45,26.7200247119722
"30211",2020-12-12,"38","19  day ahead inc hosp",2020-12-31,"quantile",0.5,28.5189031395718
"30212",2020-12-12,"38","19  day ahead inc hosp",2020-12-31,"quantile",0.55,30.3177815671714
"30213",2020-12-12,"38","19  day ahead inc hosp",2020-12-31,"quantile",0.6,32.1456399996458
"30214",2020-12-12,"38","19  day ahead inc hosp",2020-12-31,"quantile",0.65,34.0348767629692
"30215",2020-12-12,"38","19  day ahead inc hosp",2020-12-31,"quantile",0.7,36.0258477437913
"30216",2020-12-12,"38","19  day ahead inc hosp",2020-12-31,"quantile",0.75,38.1744184720956
"30217",2020-12-12,"38","19  day ahead inc hosp",2020-12-31,"quantile",0.8,40.5669538661818
"30218",2020-12-12,"38","19  day ahead inc hosp",2020-12-31,"quantile",0.85,43.3557460723038
"30219",2020-12-12,"38","19  day ahead inc hosp",2020-12-31,"quantile",0.9,46.864683467499
"30220",2020-12-12,"38","19  day ahead inc hosp",2020-12-31,"quantile",0.95,52.0654572720405
"30221",2020-12-12,"38","19  day ahead inc hosp",2020-12-31,"quantile",0.975,56.5763529353906
"30222",2020-12-12,"38","19  day ahead inc hosp",2020-12-31,"quantile",0.99,61.8212439980585
"30223",2020-12-12,"38","20  day ahead inc hosp",2021-01-01,"quantile",0.01,0
"30224",2020-12-12,"38","20  day ahead inc hosp",2021-01-01,"quantile",0.025,0
"30225",2020-12-12,"38","20  day ahead inc hosp",2021-01-01,"quantile",0.05,4.4768507859952
"30226",2020-12-12,"38","20  day ahead inc hosp",2021-01-01,"quantile",0.1,9.78706625890304
"30227",2020-12-12,"38","20  day ahead inc hosp",2021-01-01,"quantile",0.15,13.3698434281695
"30228",2020-12-12,"38","20  day ahead inc hosp",2021-01-01,"quantile",0.2,16.2173211459549
"30229",2020-12-12,"38","20  day ahead inc hosp",2021-01-01,"quantile",0.25,18.6602034835912
"30230",2020-12-12,"38","20  day ahead inc hosp",2021-01-01,"quantile",0.3,20.8539873232412
"30231",2020-12-12,"38","20  day ahead inc hosp",2021-01-01,"quantile",0.35,22.8868549898257
"30232",2020-12-12,"38","20  day ahead inc hosp",2021-01-01,"quantile",0.4,24.8158476108518
"30233",2020-12-12,"38","20  day ahead inc hosp",2021-01-01,"quantile",0.45,26.6821702957443
"30234",2020-12-12,"38","20  day ahead inc hosp",2021-01-01,"quantile",0.5,28.5189031395718
"30235",2020-12-12,"38","20  day ahead inc hosp",2021-01-01,"quantile",0.55,30.3556359833994
"30236",2020-12-12,"38","20  day ahead inc hosp",2021-01-01,"quantile",0.6,32.2219586682919
"30237",2020-12-12,"38","20  day ahead inc hosp",2021-01-01,"quantile",0.65,34.150951289318
"30238",2020-12-12,"38","20  day ahead inc hosp",2021-01-01,"quantile",0.7,36.1838189559024
"30239",2020-12-12,"38","20  day ahead inc hosp",2021-01-01,"quantile",0.75,38.3776027955525
"30240",2020-12-12,"38","20  day ahead inc hosp",2021-01-01,"quantile",0.8,40.8204851331888
"30241",2020-12-12,"38","20  day ahead inc hosp",2021-01-01,"quantile",0.85,43.6679628509741
"30242",2020-12-12,"38","20  day ahead inc hosp",2021-01-01,"quantile",0.9,47.2507400202406
"30243",2020-12-12,"38","20  day ahead inc hosp",2021-01-01,"quantile",0.95,52.5609554931484
"30244",2020-12-12,"38","20  day ahead inc hosp",2021-01-01,"quantile",0.975,57.1667754823349
"30245",2020-12-12,"38","20  day ahead inc hosp",2021-01-01,"quantile",0.99,62.5220365879754
"30246",2020-12-12,"38","21  day ahead inc hosp",2021-01-02,"quantile",0.01,0
"30247",2020-12-12,"38","21  day ahead inc hosp",2021-01-02,"quantile",0.025,0
"30248",2020-12-12,"38","21  day ahead inc hosp",2021-01-02,"quantile",0.05,3.9913604328317
"30249",2020-12-12,"38","21  day ahead inc hosp",2021-01-02,"quantile",0.1,9.40880711659467
"30250",2020-12-12,"38","21  day ahead inc hosp",2021-01-02,"quantile",0.15,13.0639326747437
"30251",2020-12-12,"38","21  day ahead inc hosp",2021-01-02,"quantile",0.2,15.9689105985225
"30252",2020-12-12,"38","21  day ahead inc hosp",2021-01-02,"quantile",0.25,18.4611229929856
"30253",2020-12-12,"38","21  day ahead inc hosp",2021-01-02,"quantile",0.3,20.6992067482756
"30254",2020-12-12,"38","21  day ahead inc hosp",2021-01-02,"quantile",0.35,22.7731248887077
"30255",2020-12-12,"38","21  day ahead inc hosp",2021-01-02,"quantile",0.4,24.7410703950807
"30256",2020-12-12,"38","21  day ahead inc hosp",2021-01-02,"quantile",0.45,26.6450804473443
"30257",2020-12-12,"38","21  day ahead inc hosp",2021-01-02,"quantile",0.5,28.5189031395718
"30258",2020-12-12,"38","21  day ahead inc hosp",2021-01-02,"quantile",0.55,30.3927258317993
"30259",2020-12-12,"38","21  day ahead inc hosp",2021-01-02,"quantile",0.6,32.2967358840629
"30260",2020-12-12,"38","21  day ahead inc hosp",2021-01-02,"quantile",0.65,34.2646813904359
"30261",2020-12-12,"38","21  day ahead inc hosp",2021-01-02,"quantile",0.7,36.338599530868
"30262",2020-12-12,"38","21  day ahead inc hosp",2021-01-02,"quantile",0.75,38.576683286158
"30263",2020-12-12,"38","21  day ahead inc hosp",2021-01-02,"quantile",0.8,41.0688956806212
"30264",2020-12-12,"38","21  day ahead inc hosp",2021-01-02,"quantile",0.85,43.9738736043999
"30265",2020-12-12,"38","21  day ahead inc hosp",2021-01-02,"quantile",0.9,47.628999162549
"30266",2020-12-12,"38","21  day ahead inc hosp",2021-01-02,"quantile",0.95,53.0464458463119
"30267",2020-12-12,"38","21  day ahead inc hosp",2021-01-02,"quantile",0.975,57.7452729190981
"30268",2020-12-12,"38","21  day ahead inc hosp",2021-01-02,"quantile",0.99,63.208674859274
"30269",2020-12-12,"38","22  day ahead inc hosp",2021-01-03,"quantile",0.01,0
"30270",2020-12-12,"38","22  day ahead inc hosp",2021-01-03,"quantile",0.025,0
"30271",2020-12-12,"38","22  day ahead inc hosp",2021-01-03,"quantile",0.05,3.51529497815237
"30272",2020-12-12,"38","22  day ahead inc hosp",2021-01-03,"quantile",0.1,9.03789117687257
"30273",2020-12-12,"38","22  day ahead inc hosp",2021-01-03,"quantile",0.15,12.7639606135648
"30274",2020-12-12,"38","22  day ahead inc hosp",2021-01-03,"quantile",0.2,15.725322483043
"30275",2020-12-12,"38","22  day ahead inc hosp",2021-01-03,"quantile",0.25,18.2659072823945
"30276",2020-12-12,"38","22  day ahead inc hosp",2021-01-03,"quantile",0.3,20.5474309522863
"30277",2020-12-12,"38","22  day ahead inc hosp",2021-01-03,"quantile",0.35,22.6616026474384
"30278",2020-12-12,"38","22  day ahead inc hosp",2021-01-03,"quantile",0.4,24.667744840837
"30279",2020-12-12,"38","22  day ahead inc hosp",2021-01-03,"quantile",0.45,26.6087106298445
"30280",2020-12-12,"38","22  day ahead inc hosp",2021-01-03,"quantile",0.5,28.5189031395718
"30281",2020-12-12,"38","22  day ahead inc hosp",2021-01-03,"quantile",0.55,30.4290956492991
"30282",2020-12-12,"38","22  day ahead inc hosp",2021-01-03,"quantile",0.6,32.3700614383066
"30283",2020-12-12,"38","22  day ahead inc hosp",2021-01-03,"quantile",0.65,34.3762036317052
"30284",2020-12-12,"38","22  day ahead inc hosp",2021-01-03,"quantile",0.7,36.4903753268573
"30285",2020-12-12,"38","22  day ahead inc hosp",2021-01-03,"quantile",0.75,38.7718989967491
"30286",2020-12-12,"38","22  day ahead inc hosp",2021-01-03,"quantile",0.8,41.3124837961006
"30287",2020-12-12,"38","22  day ahead inc hosp",2021-01-03,"quantile",0.85,44.2738456655788
"30288",2020-12-12,"38","22  day ahead inc hosp",2021-01-03,"quantile",0.9,47.9999151022711
"30289",2020-12-12,"38","22  day ahead inc hosp",2021-01-03,"quantile",0.95,53.5225113009913
"30290",2020-12-12,"38","22  day ahead inc hosp",2021-01-03,"quantile",0.975,58.3125398966373
"30291",2020-12-12,"38","22  day ahead inc hosp",2021-01-03,"quantile",0.99,63.8819833167872
"30292",2020-12-12,"38","23  day ahead inc hosp",2021-01-04,"quantile",0.01,0
"30293",2020-12-12,"38","23  day ahead inc hosp",2021-01-04,"quantile",0.025,0
"30294",2020-12-12,"38","23  day ahead inc hosp",2021-01-04,"quantile",0.05,3.04812594395718
"30295",2020-12-12,"38","23  day ahead inc hosp",2021-01-04,"quantile",0.1,8.67390668771385
"30296",2020-12-12,"38","23  day ahead inc hosp",2021-01-04,"quantile",0.15,12.4695942470725
"30297",2020-12-12,"38","23  day ahead inc hosp",2021-01-04,"quantile",0.2,15.4862863935065
"30298",2020-12-12,"38","23  day ahead inc hosp",2021-01-04,"quantile",0.25,18.0743396437848
"30299",2020-12-12,"38","23  day ahead inc hosp",2021-01-04,"quantile",0.3,20.3984914496831
"30300",2020-12-12,"38","23  day ahead inc hosp",2021-01-04,"quantile",0.35,22.5521644657074
"30301",2020-12-12,"38","23  day ahead inc hosp",2021-01-04,"quantile",0.4,24.5957895497711
"30302",2020-12-12,"38","23  day ahead inc hosp",2021-01-04,"quantile",0.45,26.5730204692831
"30303",2020-12-12,"38","23  day ahead inc hosp",2021-01-04,"quantile",0.5,28.5189031395718
"30304",2020-12-12,"38","23  day ahead inc hosp",2021-01-04,"quantile",0.55,30.4647858098605
"30305",2020-12-12,"38","23  day ahead inc hosp",2021-01-04,"quantile",0.6,32.4420167293726
"30306",2020-12-12,"38","23  day ahead inc hosp",2021-01-04,"quantile",0.65,34.4856418134362
"30307",2020-12-12,"38","23  day ahead inc hosp",2021-01-04,"quantile",0.7,36.6393148294605
"30308",2020-12-12,"38","23  day ahead inc hosp",2021-01-04,"quantile",0.75,38.9634666353588
"30309",2020-12-12,"38","23  day ahead inc hosp",2021-01-04,"quantile",0.8,41.5515198856371
"30310",2020-12-12,"38","23  day ahead inc hosp",2021-01-04,"quantile",0.85,44.5682120320711
"30311",2020-12-12,"38","23  day ahead inc hosp",2021-01-04,"quantile",0.9,48.3638995914298
"30312",2020-12-12,"38","23  day ahead inc hosp",2021-01-04,"quantile",0.95,53.9896803351864
"30313",2020-12-12,"38","23  day ahead inc hosp",2021-01-04,"quantile",0.975,58.8692061353299
"30314",2020-12-12,"38","23  day ahead inc hosp",2021-01-04,"quantile",0.99,64.5427093970354
"30315",2020-12-12,"38","24  day ahead inc hosp",2021-01-05,"quantile",0.01,0
"30316",2020-12-12,"38","24  day ahead inc hosp",2021-01-05,"quantile",0.025,0
"30317",2020-12-12,"38","24  day ahead inc hosp",2021-01-05,"quantile",0.05,2.58937246878096
"30318",2020-12-12,"38","24  day ahead inc hosp",2021-01-05,"quantile",0.1,8.31647899647257
"30319",2020-12-12,"38","24  day ahead inc hosp",2021-01-05,"quantile",0.15,12.1805305812069
"30320",2020-12-12,"38","24  day ahead inc hosp",2021-01-05,"quantile",0.2,15.2515562878257
"30321",2020-12-12,"38","24  day ahead inc hosp",2021-01-05,"quantile",0.25,17.8862228947908
"30322",2020-12-12,"38","24  day ahead inc hosp",2021-01-05,"quantile",0.3,20.25223493564
"30323",2020-12-12,"38","24  day ahead inc hosp",2021-01-05,"quantile",0.35,22.4446976977686
"30324",2020-12-12,"38","24  day ahead inc hosp",2021-01-05,"quantile",0.4,24.5251304576275
"30325",2020-12-12,"38","24  day ahead inc hosp",2021-01-05,"quantile",0.45,26.5379732294433
"30326",2020-12-12,"38","24  day ahead inc hosp",2021-01-05,"quantile",0.5,28.5189031395718
"30327",2020-12-12,"38","24  day ahead inc hosp",2021-01-05,"quantile",0.55,30.4998330497003
"30328",2020-12-12,"38","24  day ahead inc hosp",2021-01-05,"quantile",0.6,32.5126758215161
"30329",2020-12-12,"38","24  day ahead inc hosp",2021-01-05,"quantile",0.65,34.5931085813751
"30330",2020-12-12,"38","24  day ahead inc hosp",2021-01-05,"quantile",0.7,36.7855713435036
"30331",2020-12-12,"38","24  day ahead inc hosp",2021-01-05,"quantile",0.75,39.1515833843529
"30332",2020-12-12,"38","24  day ahead inc hosp",2021-01-05,"quantile",0.8,41.7862499913179
"30333",2020-12-12,"38","24  day ahead inc hosp",2021-01-05,"quantile",0.85,44.8572756979367
"30334",2020-12-12,"38","24  day ahead inc hosp",2021-01-05,"quantile",0.9,48.7213272826711
"30335",2020-12-12,"38","24  day ahead inc hosp",2021-01-05,"quantile",0.95,54.4484338103627
"30336",2020-12-12,"38","24  day ahead inc hosp",2021-01-05,"quantile",0.975,59.4158446169524
"30337",2020-12-12,"38","24  day ahead inc hosp",2021-01-05,"quantile",0.99,65.1915331915653
"30338",2020-12-12,"38","25  day ahead inc hosp",2021-01-06,"quantile",0.01,0
"30339",2020-12-12,"38","25  day ahead inc hosp",2021-01-06,"quantile",0.025,0
"30340",2020-12-12,"38","25  day ahead inc hosp",2021-01-06,"quantile",0.05,2.13859550932753
"30341",2020-12-12,"38","25  day ahead inc hosp",2021-01-06,"quantile",0.1,7.96526603221042
"30342",2020-12-12,"38","25  day ahead inc hosp",2021-01-06,"quantile",0.15,11.8964929718192
"30343",2020-12-12,"38","25  day ahead inc hosp",2021-01-06,"quantile",0.2,15.0209075209901
"30344",2020-12-12,"38","25  day ahead inc hosp",2021-01-06,"quantile",0.25,17.7013770010322
"30345",2020-12-12,"38","25  day ahead inc hosp",2021-01-06,"quantile",0.3,20.1085214375019
"30346",2020-12-12,"38","25  day ahead inc hosp",2021-01-06,"quantile",0.35,22.3390994941252
"30347",2020-12-12,"38","25  day ahead inc hosp",2021-01-06,"quantile",0.4,24.4556999411569
"30348",2020-12-12,"38","25  day ahead inc hosp",2021-01-06,"quantile",0.45,26.5035353688775
"30349",2020-12-12,"38","25  day ahead inc hosp",2021-01-06,"quantile",0.5,28.5189031395718
"30350",2020-12-12,"38","25  day ahead inc hosp",2021-01-06,"quantile",0.55,30.5342709102662
"30351",2020-12-12,"38","25  day ahead inc hosp",2021-01-06,"quantile",0.6,32.5821063379867
"30352",2020-12-12,"38","25  day ahead inc hosp",2021-01-06,"quantile",0.65,34.6987067850185
"30353",2020-12-12,"38","25  day ahead inc hosp",2021-01-06,"quantile",0.7,36.9292848416417
"30354",2020-12-12,"38","25  day ahead inc hosp",2021-01-06,"quantile",0.75,39.3364292781114
"30355",2020-12-12,"38","25  day ahead inc hosp",2021-01-06,"quantile",0.8,42.0168987581535
"30356",2020-12-12,"38","25  day ahead inc hosp",2021-01-06,"quantile",0.85,45.1413133073245
"30357",2020-12-12,"38","25  day ahead inc hosp",2021-01-06,"quantile",0.9,49.0725402469332
"30358",2020-12-12,"38","25  day ahead inc hosp",2021-01-06,"quantile",0.95,54.8992107698161
"30359",2020-12-12,"38","25  day ahead inc hosp",2021-01-06,"quantile",0.975,59.9529784938595
"30360",2020-12-12,"38","25  day ahead inc hosp",2021-01-06,"quantile",0.99,65.8290756476893
"30361",2020-12-12,"38","26  day ahead inc hosp",2021-01-07,"quantile",0.01,0
"30362",2020-12-12,"38","26  day ahead inc hosp",2021-01-07,"quantile",0.025,0
"30363",2020-12-12,"38","26  day ahead inc hosp",2021-01-07,"quantile",0.05,1.69539291952108
"30364",2020-12-12,"38","26  day ahead inc hosp",2021-01-07,"quantile",0.1,7.61995447164769
"30365",2020-12-12,"38","26  day ahead inc hosp",2021-01-07,"quantile",0.15,11.6172280239485
"30366",2020-12-12,"38","26  day ahead inc hosp",2021-01-07,"quantile",0.2,14.7941343271668
"30367",2020-12-12,"38","26  day ahead inc hosp",2021-01-07,"quantile",0.25,17.5196370582272
"30368",2020-12-12,"38","26  day ahead inc hosp",2021-01-07,"quantile",0.3,19.9672227459224
"30369",2020-12-12,"38","26  day ahead inc hosp",2021-01-07,"quantile",0.35,22.2352756487574
"30370",2020-12-12,"38","26  day ahead inc hosp",2021-01-07,"quantile",0.4,24.3874360601708
"30371",2020-12-12,"38","26  day ahead inc hosp",2021-01-07,"quantile",0.45,26.4696761649628
"30372",2020-12-12,"38","26  day ahead inc hosp",2021-01-07,"quantile",0.5,28.5189031395718
"30373",2020-12-12,"38","26  day ahead inc hosp",2021-01-07,"quantile",0.55,30.5681301141808
"30374",2020-12-12,"38","26  day ahead inc hosp",2021-01-07,"quantile",0.6,32.6503702189728
"30375",2020-12-12,"38","26  day ahead inc hosp",2021-01-07,"quantile",0.65,34.8025306303863
"30376",2020-12-12,"38","26  day ahead inc hosp",2021-01-07,"quantile",0.7,37.0705835332212
"30377",2020-12-12,"38","26  day ahead inc hosp",2021-01-07,"quantile",0.75,39.5181692209165
"30378",2020-12-12,"38","26  day ahead inc hosp",2021-01-07,"quantile",0.8,42.2436719519768
"30379",2020-12-12,"38","26  day ahead inc hosp",2021-01-07,"quantile",0.85,45.4205782551952
"30380",2020-12-12,"38","26  day ahead inc hosp",2021-01-07,"quantile",0.9,49.4178518074959
"30381",2020-12-12,"38","26  day ahead inc hosp",2021-01-07,"quantile",0.95,55.3424133596225
"30382",2020-12-12,"38","26  day ahead inc hosp",2021-01-07,"quantile",0.975,60.4810869526562
"30383",2020-12-12,"38","26  day ahead inc hosp",2021-01-07,"quantile",0.99,66.4559055282766
"30384",2020-12-12,"38","27  day ahead inc hosp",2021-01-08,"quantile",0.01,0
"30385",2020-12-12,"38","27  day ahead inc hosp",2021-01-08,"quantile",0.025,0
"30386",2020-12-12,"38","27  day ahead inc hosp",2021-01-08,"quantile",0.05,1.25939524995635
"30387",2020-12-12,"38","27  day ahead inc hosp",2021-01-08,"quantile",0.1,7.28025646639718
"30388",2020-12-12,"38","27  day ahead inc hosp",2021-01-08,"quantile",0.15,11.3425029450271
"30389",2020-12-12,"38","27  day ahead inc hosp",2021-01-08,"quantile",0.2,14.5710476704082
"30390",2020-12-12,"38","27  day ahead inc hosp",2021-01-08,"quantile",0.25,17.3408515697118
"30391",2020-12-12,"38","27  day ahead inc hosp",2021-01-08,"quantile",0.3,19.8282210756747
"30392",2020-12-12,"38","27  day ahead inc hosp",2021-01-08,"quantile",0.35,22.1331396151088
"30393",2020-12-12,"38","27  day ahead inc hosp",2021-01-08,"quantile",0.4,24.3202819105563
"30394",2020-12-12,"38","27  day ahead inc hosp",2021-01-08,"quantile",0.45,26.4363673929934
"30395",2020-12-12,"38","27  day ahead inc hosp",2021-01-08,"quantile",0.5,28.5189031395718
"30396",2020-12-12,"38","27  day ahead inc hosp",2021-01-08,"quantile",0.55,30.6014388861502
"30397",2020-12-12,"38","27  day ahead inc hosp",2021-01-08,"quantile",0.6,32.7175243685873
"30398",2020-12-12,"38","27  day ahead inc hosp",2021-01-08,"quantile",0.65,34.9046666640348
"30399",2020-12-12,"38","27  day ahead inc hosp",2021-01-08,"quantile",0.7,37.2095852034689
"30400",2020-12-12,"38","27  day ahead inc hosp",2021-01-08,"quantile",0.75,39.6969547094318
"30401",2020-12-12,"38","27  day ahead inc hosp",2021-01-08,"quantile",0.8,42.4667586087355
"30402",2020-12-12,"38","27  day ahead inc hosp",2021-01-08,"quantile",0.85,45.6953033341165
"30403",2020-12-12,"38","27  day ahead inc hosp",2021-01-08,"quantile",0.9,49.7575498127464
"30404",2020-12-12,"38","27  day ahead inc hosp",2021-01-08,"quantile",0.95,55.7784110291873
"30405",2020-12-12,"38","27  day ahead inc hosp",2021-01-08,"quantile",0.975,61.0006102194614
"30406",2020-12-12,"38","27  day ahead inc hosp",2021-01-08,"quantile",0.99,67.0725453526715
"30407",2020-12-12,"38","28  day ahead inc hosp",2021-01-09,"quantile",0.01,0
"30408",2020-12-12,"38","28  day ahead inc hosp",2021-01-09,"quantile",0.025,0
"30409",2020-12-12,"38","28  day ahead inc hosp",2021-01-09,"quantile",0.05,0.830262142895055
"30410",2020-12-12,"38","28  day ahead inc hosp",2021-01-09,"quantile",0.1,6.94590683420487
"30411",2020-12-12,"38","28  day ahead inc hosp",2021-01-09,"quantile",0.15,11.0721032733433
"30412",2020-12-12,"38","28  day ahead inc hosp",2021-01-09,"quantile",0.2,14.3514734000816
"30413",2020-12-12,"38","28  day ahead inc hosp",2021-01-09,"quantile",0.25,17.1648809681701
"30414",2020-12-12,"38","28  day ahead inc hosp",2021-01-09,"quantile",0.3,19.69140791633
"30415",2020-12-12,"38","28  day ahead inc hosp",2021-01-09,"quantile",0.35,22.0326116615849
"30416",2020-12-12,"38","28  day ahead inc hosp",2021-01-09,"quantile",0.4,24.2541850690184
"30417",2020-12-12,"38","28  day ahead inc hosp",2021-01-09,"quantile",0.45,26.40358305077
"30418",2020-12-12,"38","28  day ahead inc hosp",2021-01-09,"quantile",0.5,28.5189031395718
"30419",2020-12-12,"38","28  day ahead inc hosp",2021-01-09,"quantile",0.55,30.6342232283737
"30420",2020-12-12,"38","28  day ahead inc hosp",2021-01-09,"quantile",0.6,32.7836212101252
"30421",2020-12-12,"38","28  day ahead inc hosp",2021-01-09,"quantile",0.65,35.0051946175587
"30422",2020-12-12,"38","28  day ahead inc hosp",2021-01-09,"quantile",0.7,37.3463983628137
"30423",2020-12-12,"38","28  day ahead inc hosp",2021-01-09,"quantile",0.75,39.8729253109735
"30424",2020-12-12,"38","28  day ahead inc hosp",2021-01-09,"quantile",0.8,42.686332879062
"30425",2020-12-12,"38","28  day ahead inc hosp",2021-01-09,"quantile",0.85,45.9657030058003
"30426",2020-12-12,"38","28  day ahead inc hosp",2021-01-09,"quantile",0.9,50.0918994449388
"30427",2020-12-12,"38","28  day ahead inc hosp",2021-01-09,"quantile",0.95,56.2075441362486
"30428",2020-12-12,"38","28  day ahead inc hosp",2021-01-09,"quantile",0.975,61.5119538555349
"30429",2020-12-12,"38","28  day ahead inc hosp",2021-01-09,"quantile",0.99,67.6794764953185
"30430",2020-12-12,"38","29  day ahead inc hosp",2021-01-10,"quantile",0.01,0
"30431",2020-12-12,"38","29  day ahead inc hosp",2021-01-10,"quantile",0.025,0
"30432",2020-12-12,"38","29  day ahead inc hosp",2021-01-10,"quantile",0.05,0.407679222750087
"30433",2020-12-12,"38","29  day ahead inc hosp",2021-01-10,"quantile",0.1,6.61666063623897
"30434",2020-12-12,"38","29  day ahead inc hosp",2021-01-10,"quantile",0.15,10.8058309187146
"30435",2020-12-12,"38","29  day ahead inc hosp",2021-01-10,"quantile",0.2,14.1352506598257
"30436",2020-12-12,"38","29  day ahead inc hosp",2021-01-10,"quantile",0.25,16.991596340544
"30437",2020-12-12,"38","29  day ahead inc hosp",2021-01-10,"quantile",0.3,19.5566830409036
"30438",2020-12-12,"38","29  day ahead inc hosp",2021-01-10,"quantile",0.35,21.9336181431234
"30439",2020-12-12,"38","29  day ahead inc hosp",2021-01-10,"quantile",0.4,24.1890971141395
"30440",2020-12-12,"38","29  day ahead inc hosp",2021-01-10,"quantile",0.45,26.3712991210432
"30441",2020-12-12,"38","29  day ahead inc hosp",2021-01-10,"quantile",0.5,28.5189031395718
"30442",2020-12-12,"38","29  day ahead inc hosp",2021-01-10,"quantile",0.55,30.6665071581005
"30443",2020-12-12,"38","29  day ahead inc hosp",2021-01-10,"quantile",0.6,32.8487091650041
"30444",2020-12-12,"38","29  day ahead inc hosp",2021-01-10,"quantile",0.65,35.1041881360202
"30445",2020-12-12,"38","29  day ahead inc hosp",2021-01-10,"quantile",0.7,37.4811232382401
"30446",2020-12-12,"38","29  day ahead inc hosp",2021-01-10,"quantile",0.75,40.0462099385996
"30447",2020-12-12,"38","29  day ahead inc hosp",2021-01-10,"quantile",0.8,42.9025556193179
"30448",2020-12-12,"38","29  day ahead inc hosp",2021-01-10,"quantile",0.85,46.2319753604291
"30449",2020-12-12,"38","29  day ahead inc hosp",2021-01-10,"quantile",0.9,50.4211456429047
"30450",2020-12-12,"38","29  day ahead inc hosp",2021-01-10,"quantile",0.95,56.6301270563935
"30451",2020-12-12,"38","29  day ahead inc hosp",2021-01-10,"quantile",0.975,62.0154924624934
"30452",2020-12-12,"38","29  day ahead inc hosp",2021-01-10,"quantile",0.99,68.2771435836096
"30453",2020-12-12,"38","30  day ahead inc hosp",2021-01-11,"quantile",0.01,0
"30454",2020-12-12,"38","30  day ahead inc hosp",2021-01-11,"quantile",0.025,0
"30455",2020-12-12,"38","30  day ahead inc hosp",2021-01-11,"quantile",0.05,0
"30456",2020-12-12,"38","30  day ahead inc hosp",2021-01-11,"quantile",0.1,6.29229107749127
"30457",2020-12-12,"38","30  day ahead inc hosp",2021-01-11,"quantile",0.15,10.543502464472
"30458",2020-12-12,"38","30  day ahead inc hosp",2021-01-11,"quantile",0.2,13.9222305087007
"30459",2020-12-12,"38","30  day ahead inc hosp",2021-01-11,"quantile",0.25,16.8208783229994
"30460",2020-12-12,"38","30  day ahead inc hosp",2021-01-11,"quantile",0.3,19.4239536467165
"30461",2020-12-12,"38","30  day ahead inc hosp",2021-01-11,"quantile",0.35,21.8360908699138
"30462",2020-12-12,"38","30  day ahead inc hosp",2021-01-11,"quantile",0.4,24.1249732113146
"30463",2020-12-12,"38","30  day ahead inc hosp",2021-01-11,"quantile",0.45,26.3394933656394
"30464",2020-12-12,"38","30  day ahead inc hosp",2021-01-11,"quantile",0.5,28.5189031395718
"30465",2020-12-12,"38","30  day ahead inc hosp",2021-01-11,"quantile",0.55,30.6983129135042
"30466",2020-12-12,"38","30  day ahead inc hosp",2021-01-11,"quantile",0.6,32.912833067829
"30467",2020-12-12,"38","30  day ahead inc hosp",2021-01-11,"quantile",0.65,35.2017154092299
"30468",2020-12-12,"38","30  day ahead inc hosp",2021-01-11,"quantile",0.7,37.6138526324271
"30469",2020-12-12,"38","30  day ahead inc hosp",2021-01-11,"quantile",0.75,40.2169279561442
"30470",2020-12-12,"38","30  day ahead inc hosp",2021-01-11,"quantile",0.8,43.1155757704429
"30471",2020-12-12,"38","30  day ahead inc hosp",2021-01-11,"quantile",0.85,46.4943038146717
"30472",2020-12-12,"38","30  day ahead inc hosp",2021-01-11,"quantile",0.9,50.7455152016524
"30473",2020-12-12,"38","30  day ahead inc hosp",2021-01-11,"quantile",0.95,57.0464508778638
"30474",2020-12-12,"38","30  day ahead inc hosp",2021-01-11,"quantile",0.975,62.5115728933706
"30475",2020-12-12,"38","30  day ahead inc hosp",2021-01-11,"quantile",0.99,68.8659583092002
"30476",2020-12-12,"38","31  day ahead inc hosp",2021-01-12,"quantile",0.01,0
"30477",2020-12-12,"38","31  day ahead inc hosp",2021-01-12,"quantile",0.025,0
"30478",2020-12-12,"38","31  day ahead inc hosp",2021-01-12,"quantile",0.05,0
"30479",2020-12-12,"38","31  day ahead inc hosp",2021-01-12,"quantile",0.1,5.97258767913242
"30480",2020-12-12,"38","31  day ahead inc hosp",2021-01-12,"quantile",0.15,10.2849476893834
"30481",2020-12-12,"38","31  day ahead inc hosp",2021-01-12,"quantile",0.2,13.7122747209366
"30482",2020-12-12,"38","31  day ahead inc hosp",2021-01-12,"quantile",0.25,16.6526161390238
"30483",2020-12-12,"38","31  day ahead inc hosp",2021-01-12,"quantile",0.3,19.293133607538
"30484",2020-12-12,"38","31  day ahead inc hosp",2021-01-12,"quantile",0.35,21.7399665578847
"30485",2020-12-12,"38","31  day ahead inc hosp",2021-01-12,"quantile",0.4,24.0617717514479
"30486",2020-12-12,"38","31  day ahead inc hosp",2021-01-12,"quantile",0.45,26.3081451462528
"30487",2020-12-12,"38","31  day ahead inc hosp",2021-01-12,"quantile",0.5,28.5189031395718
"30488",2020-12-12,"38","31  day ahead inc hosp",2021-01-12,"quantile",0.55,30.7296611328908
"30489",2020-12-12,"38","31  day ahead inc hosp",2021-01-12,"quantile",0.6,32.9760345276958
"30490",2020-12-12,"38","31  day ahead inc hosp",2021-01-12,"quantile",0.65,35.2978397212589
"30491",2020-12-12,"38","31  day ahead inc hosp",2021-01-12,"quantile",0.7,37.7446726716056
"30492",2020-12-12,"38","31  day ahead inc hosp",2021-01-12,"quantile",0.75,40.3851901401198
"30493",2020-12-12,"38","31  day ahead inc hosp",2021-01-12,"quantile",0.8,43.325531558207
"30494",2020-12-12,"38","31  day ahead inc hosp",2021-01-12,"quantile",0.85,46.7528585897602
"30495",2020-12-12,"38","31  day ahead inc hosp",2021-01-12,"quantile",0.9,51.0652186000112
"30496",2020-12-12,"38","31  day ahead inc hosp",2021-01-12,"quantile",0.95,57.4567857473124
"30497",2020-12-12,"38","31  day ahead inc hosp",2021-01-12,"quantile",0.975,63.0005170477575
"30498",2020-12-12,"38","31  day ahead inc hosp",2021-01-12,"quantile",0.99,69.4463027456565
"30499",2020-12-12,"38","32  day ahead inc hosp",2021-01-13,"quantile",0.01,0
"30500",2020-12-12,"38","32  day ahead inc hosp",2021-01-13,"quantile",0.025,0
"30501",2020-12-12,"38","32  day ahead inc hosp",2021-01-13,"quantile",0.05,0
"30502",2020-12-12,"38","32  day ahead inc hosp",2021-01-13,"quantile",0.1,5.65735468096839
"30503",2020-12-12,"38","32  day ahead inc hosp",2021-01-13,"quantile",0.15,10.0300082756669
"30504",2020-12-12,"38","32  day ahead inc hosp",2021-01-13,"quantile",0.2,13.5052547367935
"30505",2020-12-12,"38","32  day ahead inc hosp",2021-01-13,"quantile",0.25,16.4867067586277
"30506",2020-12-12,"38","32  day ahead inc hosp",2021-01-13,"quantile",0.3,19.1641428198833
"30507",2020-12-12,"38","32  day ahead inc hosp",2021-01-13,"quantile",0.35,21.6451863483752
"30508",2020-12-12,"38","32  day ahead inc hosp",2021-01-13,"quantile",0.4,23.9994540351383
"30509",2020-12-12,"38","32  day ahead inc hosp",2021-01-13,"quantile",0.45,26.2772352677996
"30510",2020-12-12,"38","32  day ahead inc hosp",2021-01-13,"quantile",0.5,28.5189031395718
"30511",2020-12-12,"38","32  day ahead inc hosp",2021-01-13,"quantile",0.55,30.760571011344
"30512",2020-12-12,"38","32  day ahead inc hosp",2021-01-13,"quantile",0.6,33.0383522440053
"30513",2020-12-12,"38","32  day ahead inc hosp",2021-01-13,"quantile",0.65,35.3926199307685
"30514",2020-12-12,"38","32  day ahead inc hosp",2021-01-13,"quantile",0.7,37.8736634592603
"30515",2020-12-12,"38","32  day ahead inc hosp",2021-01-13,"quantile",0.75,40.5510995205159
"30516",2020-12-12,"38","32  day ahead inc hosp",2021-01-13,"quantile",0.8,43.5325515423501
"30517",2020-12-12,"38","32  day ahead inc hosp",2021-01-13,"quantile",0.85,47.0077980034767
"30518",2020-12-12,"38","32  day ahead inc hosp",2021-01-13,"quantile",0.9,51.3804515981752
"30519",2020-12-12,"38","32  day ahead inc hosp",2021-01-13,"quantile",0.95,57.8613829202279
"30520",2020-12-12,"38","32  day ahead inc hosp",2021-01-13,"quantile",0.975,63.4826243150351
"30521",2020-12-12,"38","32  day ahead inc hosp",2021-01-13,"quantile",0.99,70.0185322484114
"30522",2020-12-12,"38","33  day ahead inc hosp",2021-01-14,"quantile",0.01,0
"30523",2020-12-12,"38","33  day ahead inc hosp",2021-01-14,"quantile",0.025,0
"30524",2020-12-12,"38","33  day ahead inc hosp",2021-01-14,"quantile",0.05,0
"30525",2020-12-12,"38","33  day ahead inc hosp",2021-01-14,"quantile",0.1,5.34640963955122
"30526",2020-12-12,"38","33  day ahead inc hosp",2021-01-14,"quantile",0.15,9.77853667523596
"30527",2020-12-12,"38","33  day ahead inc hosp",2021-01-14,"quantile",0.2,13.3010507419119
"30528",2020-12-12,"38","33  day ahead inc hosp",2021-01-14,"quantile",0.25,16.3230541605201
"30529",2020-12-12,"38","33  day ahead inc hosp",2021-01-14,"quantile",0.3,19.0369066293724
"30530",2020-12-12,"38","33  day ahead inc hosp",2021-01-14,"quantile",0.35,21.5516953866322
"30531",2020-12-12,"38","33  day ahead inc hosp",2021-01-14,"quantile",0.4,23.937983995543
"30532",2020-12-12,"38","33  day ahead inc hosp",2021-01-14,"quantile",0.45,26.2467458409573
"30533",2020-12-12,"38","33  day ahead inc hosp",2021-01-14,"quantile",0.5,28.5189031395718
"30534",2020-12-12,"38","33  day ahead inc hosp",2021-01-14,"quantile",0.55,30.7910604381863
"30535",2020-12-12,"38","33  day ahead inc hosp",2021-01-14,"quantile",0.6,33.0998222836006
"30536",2020-12-12,"38","33  day ahead inc hosp",2021-01-14,"quantile",0.65,35.4861108925114
"30537",2020-12-12,"38","33  day ahead inc hosp",2021-01-14,"quantile",0.7,38.0008996497713
"30538",2020-12-12,"38","33  day ahead inc hosp",2021-01-14,"quantile",0.75,40.7147521186235
"30539",2020-12-12,"38","33  day ahead inc hosp",2021-01-14,"quantile",0.8,43.7367555372317
"30540",2020-12-12,"38","33  day ahead inc hosp",2021-01-14,"quantile",0.85,47.2592696039077
"30541",2020-12-12,"38","33  day ahead inc hosp",2021-01-14,"quantile",0.9,51.6913966395924
"30542",2020-12-12,"38","33  day ahead inc hosp",2021-01-14,"quantile",0.95,58.260476560241
"30543",2020-12-12,"38","33  day ahead inc hosp",2021-01-14,"quantile",0.975,63.9581737183788
"30544",2020-12-12,"38","33  day ahead inc hosp",2021-01-14,"quantile",0.99,70.5829779995561
"30545",2020-12-12,"38","34  day ahead inc hosp",2021-01-15,"quantile",0.01,0
"30546",2020-12-12,"38","34  day ahead inc hosp",2021-01-15,"quantile",0.025,0
"30547",2020-12-12,"38","34  day ahead inc hosp",2021-01-15,"quantile",0.05,0
"30548",2020-12-12,"38","34  day ahead inc hosp",2021-01-15,"quantile",0.1,5.03958219343027
"30549",2020-12-12,"38","34  day ahead inc hosp",2021-01-15,"quantile",0.15,9.53039511111738
"30550",2020-12-12,"38","34  day ahead inc hosp",2021-01-15,"quantile",0.2,13.0995508564285
"30551",2020-12-12,"38","34  day ahead inc hosp",2021-01-15,"quantile",0.25,16.1615686822519
"30552",2020-12-12,"38","34  day ahead inc hosp",2021-01-15,"quantile",0.3,18.9113553254806
"30553",2020-12-12,"38","34  day ahead inc hosp",2021-01-15,"quantile",0.35,21.4594424505627
"30554",2020-12-12,"38","34  day ahead inc hosp",2021-01-15,"quantile",0.4,23.8773279542824
"30555",2020-12-12,"38","34  day ahead inc hosp",2021-01-15,"quantile",0.45,26.2166601610921
"30556",2020-12-12,"38","34  day ahead inc hosp",2021-01-15,"quantile",0.5,28.5189031395718
"30557",2020-12-12,"38","34  day ahead inc hosp",2021-01-15,"quantile",0.55,30.8211461180515
"30558",2020-12-12,"38","34  day ahead inc hosp",2021-01-15,"quantile",0.6,33.1604783248613
"30559",2020-12-12,"38","34  day ahead inc hosp",2021-01-15,"quantile",0.65,35.5783638285809
"30560",2020-12-12,"38","34  day ahead inc hosp",2021-01-15,"quantile",0.7,38.1264509536631
"30561",2020-12-12,"38","34  day ahead inc hosp",2021-01-15,"quantile",0.75,40.8762375968918
"30562",2020-12-12,"38","34  day ahead inc hosp",2021-01-15,"quantile",0.8,43.9382554227151
"30563",2020-12-12,"38","34  day ahead inc hosp",2021-01-15,"quantile",0.85,47.5074111680262
"30564",2020-12-12,"38","34  day ahead inc hosp",2021-01-15,"quantile",0.9,51.9982240857133
"30565",2020-12-12,"38","34  day ahead inc hosp",2021-01-15,"quantile",0.95,58.6542853239062
"30566",2020-12-12,"38","34  day ahead inc hosp",2021-01-15,"quantile",0.975,64.4274258031437
"30567",2020-12-12,"38","34  day ahead inc hosp",2021-01-15,"quantile",0.99,71.1399492492284
"30568",2020-12-12,"38","35  day ahead inc hosp",2021-01-16,"quantile",0.01,0
"30569",2020-12-12,"38","35  day ahead inc hosp",2021-01-16,"quantile",0.025,0
"30570",2020-12-12,"38","35  day ahead inc hosp",2021-01-16,"quantile",0.05,0
"30571",2020-12-12,"38","35  day ahead inc hosp",2021-01-16,"quantile",0.1,4.73671297181508
"30572",2020-12-12,"38","35  day ahead inc hosp",2021-01-16,"quantile",0.15,9.28545469485049
"30573",2020-12-12,"38","35  day ahead inc hosp",2021-01-16,"quantile",0.2,12.900650418272
"30574",2020-12-12,"38","35  day ahead inc hosp",2021-01-16,"quantile",0.25,16.0021664458366
"30575",2020-12-12,"38","35  day ahead inc hosp",2021-01-16,"quantile",0.3,18.7874236949722
"30576",2020-12-12,"38","35  day ahead inc hosp",2021-01-16,"quantile",0.35,21.3683796226041
"30577",2020-12-12,"38","35  day ahead inc hosp",2021-01-16,"quantile",0.4,23.8174544056963
"30578",2020-12-12,"38","35  day ahead inc hosp",2021-01-16,"quantile",0.45,26.1869626012496
"30579",2020-12-12,"38","35  day ahead inc hosp",2021-01-16,"quantile",0.5,28.5189031395718
"30580",2020-12-12,"38","35  day ahead inc hosp",2021-01-16,"quantile",0.55,30.8508436778941
"30581",2020-12-12,"38","35  day ahead inc hosp",2021-01-16,"quantile",0.6,33.2203518734473
"30582",2020-12-12,"38","35  day ahead inc hosp",2021-01-16,"quantile",0.65,35.6694266565395
"30583",2020-12-12,"38","35  day ahead inc hosp",2021-01-16,"quantile",0.7,38.2503825841714
"30584",2020-12-12,"38","35  day ahead inc hosp",2021-01-16,"quantile",0.75,41.0356398333071
"30585",2020-12-12,"38","35  day ahead inc hosp",2021-01-16,"quantile",0.8,44.1371558608717
"30586",2020-12-12,"38","35  day ahead inc hosp",2021-01-16,"quantile",0.85,47.7523515842931
"30587",2020-12-12,"38","35  day ahead inc hosp",2021-01-16,"quantile",0.9,52.3010933073285
"30588",2020-12-12,"38","35  day ahead inc hosp",2021-01-16,"quantile",0.95,59.0430137614186
"30589",2020-12-12,"38","35  day ahead inc hosp",2021-01-16,"quantile",0.975,64.8906243059204
"30590",2020-12-12,"38","35  day ahead inc hosp",2021-01-16,"quantile",0.99,71.6897352966727
"30591",2020-12-12,"38","36  day ahead inc hosp",2021-01-17,"quantile",0.01,0
"30592",2020-12-12,"38","36  day ahead inc hosp",2021-01-17,"quantile",0.025,0
"30593",2020-12-12,"38","36  day ahead inc hosp",2021-01-17,"quantile",0.05,0
"30594",2020-12-12,"38","36  day ahead inc hosp",2021-01-17,"quantile",0.1,4.43765262680215
"30595",2020-12-12,"38","36  day ahead inc hosp",2021-01-17,"quantile",0.15,9.04359464381679
"30596",2020-12-12,"38","36  day ahead inc hosp",2021-01-17,"quantile",0.2,12.7042513476067
"30597",2020-12-12,"38","36  day ahead inc hosp",2021-01-17,"quantile",0.25,15.8447688484051
"30598",2020-12-12,"38","36  day ahead inc hosp",2021-01-17,"quantile",0.3,18.6650506258957
"30599",2020-12-12,"38","36  day ahead inc hosp",2021-01-17,"quantile",0.35,21.2784619987468
"30600",2020-12-12,"38","36  day ahead inc hosp",2021-01-17,"quantile",0.4,23.758333825527
"30601",2020-12-12,"38","36  day ahead inc hosp",2021-01-17,"quantile",0.45,26.1576385172598
"30602",2020-12-12,"38","36  day ahead inc hosp",2021-01-17,"quantile",0.5,28.5189031395718
"30603",2020-12-12,"38","36  day ahead inc hosp",2021-01-17,"quantile",0.55,30.8801677618839
"30604",2020-12-12,"38","36  day ahead inc hosp",2021-01-17,"quantile",0.6,33.2794724536166
"30605",2020-12-12,"38","36  day ahead inc hosp",2021-01-17,"quantile",0.65,35.7593442803969
"30606",2020-12-12,"38","36  day ahead inc hosp",2021-01-17,"quantile",0.7,38.3727556532479
"30607",2020-12-12,"38","36  day ahead inc hosp",2021-01-17,"quantile",0.75,41.1930374307386
"30608",2020-12-12,"38","36  day ahead inc hosp",2021-01-17,"quantile",0.8,44.3335549315369
"30609",2020-12-12,"38","36  day ahead inc hosp",2021-01-17,"quantile",0.85,47.9942116353268
"30610",2020-12-12,"38","36  day ahead inc hosp",2021-01-17,"quantile",0.9,52.6001536523415
"30611",2020-12-12,"38","36  day ahead inc hosp",2021-01-17,"quantile",0.95,59.4268535587371
"30612",2020-12-12,"38","36  day ahead inc hosp",2021-01-17,"quantile",0.975,65.347997634617
"30613",2020-12-12,"38","36  day ahead inc hosp",2021-01-17,"quantile",0.99,72.2326072469989
"30614",2020-12-12,"38","37  day ahead inc hosp",2021-01-18,"quantile",0.01,0
"30615",2020-12-12,"38","37  day ahead inc hosp",2021-01-18,"quantile",0.025,0
"30616",2020-12-12,"38","37  day ahead inc hosp",2021-01-18,"quantile",0.05,0
"30617",2020-12-12,"38","37  day ahead inc hosp",2021-01-18,"quantile",0.1,4.14226097248503
"30618",2020-12-12,"38","37  day ahead inc hosp",2021-01-18,"quantile",0.15,8.80470158500962
"30619",2020-12-12,"38","37  day ahead inc hosp",2021-01-18,"quantile",0.2,12.5102615814689
"30620",2020-12-12,"38","37  day ahead inc hosp",2021-01-18,"quantile",0.25,15.6893021091126
"30621",2020-12-12,"38","37  day ahead inc hosp",2021-01-18,"quantile",0.3,18.5441787553146
"30622",2020-12-12,"38","37  day ahead inc hosp",2021-01-18,"quantile",0.35,21.1896474296927
"30623",2020-12-12,"38","37  day ahead inc hosp",2021-01-18,"quantile",0.4,23.6999385007319
"30624",2020-12-12,"38","37  day ahead inc hosp",2021-01-18,"quantile",0.45,26.1286741633241
"30625",2020-12-12,"38","37  day ahead inc hosp",2021-01-18,"quantile",0.5,28.5189031395718
"30626",2020-12-12,"38","37  day ahead inc hosp",2021-01-18,"quantile",0.55,30.9091321158195
"30627",2020-12-12,"38","37  day ahead inc hosp",2021-01-18,"quantile",0.6,33.3378677784118
"30628",2020-12-12,"38","37  day ahead inc hosp",2021-01-18,"quantile",0.65,35.8481588494509
"30629",2020-12-12,"38","37  day ahead inc hosp",2021-01-18,"quantile",0.7,38.493627523829
"30630",2020-12-12,"38","37  day ahead inc hosp",2021-01-18,"quantile",0.75,41.348504170031
"30631",2020-12-12,"38","37  day ahead inc hosp",2021-01-18,"quantile",0.8,44.5275446976747
"30632",2020-12-12,"38","37  day ahead inc hosp",2021-01-18,"quantile",0.85,48.233104694134
"30633",2020-12-12,"38","37  day ahead inc hosp",2021-01-18,"quantile",0.9,52.8955453066586
"30634",2020-12-12,"38","37  day ahead inc hosp",2021-01-18,"quantile",0.95,59.8059846425248
"30635",2020-12-12,"38","37  day ahead inc hosp",2021-01-18,"quantile",0.975,65.7997601850761
"30636",2020-12-12,"38","37  day ahead inc hosp",2021-01-18,"quantile",0.99,72.76881957392
"30637",2020-12-12,"39","1  day ahead inc hosp",2020-12-13,"quantile",0.01,370.942783948598
"30638",2020-12-12,"39","1  day ahead inc hosp",2020-12-13,"quantile",0.025,383.983786149773
"30639",2020-12-12,"39","1  day ahead inc hosp",2020-12-13,"quantile",0.05,395.199767487067
"30640",2020-12-12,"39","1  day ahead inc hosp",2020-12-13,"quantile",0.1,408.131075653903
"30641",2020-12-12,"39","1  day ahead inc hosp",2020-12-13,"quantile",0.15,416.855767882544
"30642",2020-12-12,"39","1  day ahead inc hosp",2020-12-13,"quantile",0.2,423.789876687496
"30643",2020-12-12,"39","1  day ahead inc hosp",2020-12-13,"quantile",0.25,429.738724617389
"30644",2020-12-12,"39","1  day ahead inc hosp",2020-12-13,"quantile",0.3,435.080973915308
"30645",2020-12-12,"39","1  day ahead inc hosp",2020-12-13,"quantile",0.35,440.03136404413
"30646",2020-12-12,"39","1  day ahead inc hosp",2020-12-13,"quantile",0.4,444.728800176676
"30647",2020-12-12,"39","1  day ahead inc hosp",2020-12-13,"quantile",0.45,449.273623997899
"30648",2020-12-12,"39","1  day ahead inc hosp",2020-12-13,"quantile",0.5,453.74639135449
"30649",2020-12-12,"39","1  day ahead inc hosp",2020-12-13,"quantile",0.55,458.21915871108
"30650",2020-12-12,"39","1  day ahead inc hosp",2020-12-13,"quantile",0.6,462.763982532304
"30651",2020-12-12,"39","1  day ahead inc hosp",2020-12-13,"quantile",0.65,467.46141866485
"30652",2020-12-12,"39","1  day ahead inc hosp",2020-12-13,"quantile",0.7,472.411808793672
"30653",2020-12-12,"39","1  day ahead inc hosp",2020-12-13,"quantile",0.75,477.75405809159
"30654",2020-12-12,"39","1  day ahead inc hosp",2020-12-13,"quantile",0.8,483.702906021484
"30655",2020-12-12,"39","1  day ahead inc hosp",2020-12-13,"quantile",0.85,490.637014826435
"30656",2020-12-12,"39","1  day ahead inc hosp",2020-12-13,"quantile",0.9,499.361707055077
"30657",2020-12-12,"39","1  day ahead inc hosp",2020-12-13,"quantile",0.95,512.293015221912
"30658",2020-12-12,"39","1  day ahead inc hosp",2020-12-13,"quantile",0.975,523.508996559206
"30659",2020-12-12,"39","1  day ahead inc hosp",2020-12-13,"quantile",0.99,536.549998760382
"30660",2020-12-12,"39","2  day ahead inc hosp",2020-12-14,"quantile",0.01,385.2125562688
"30661",2020-12-12,"39","2  day ahead inc hosp",2020-12-14,"quantile",0.025,401.086394918408
"30662",2020-12-12,"39","2  day ahead inc hosp",2020-12-14,"quantile",0.05,414.738771882899
"30663",2020-12-12,"39","2  day ahead inc hosp",2020-12-14,"quantile",0.1,430.479088171643
"30664",2020-12-12,"39","2  day ahead inc hosp",2020-12-14,"quantile",0.15,441.099004844339
"30665",2020-12-12,"39","2  day ahead inc hosp",2020-12-14,"quantile",0.2,449.539377957588
"30666",2020-12-12,"39","2  day ahead inc hosp",2020-12-14,"quantile",0.25,456.780466543684
"30667",2020-12-12,"39","2  day ahead inc hosp",2020-12-14,"quantile",0.3,463.283187889249
"30668",2020-12-12,"39","2  day ahead inc hosp",2020-12-14,"quantile",0.35,469.308928315122
"30669",2020-12-12,"39","2  day ahead inc hosp",2020-12-14,"quantile",0.4,475.026766720835
"30670",2020-12-12,"39","2  day ahead inc hosp",2020-12-14,"quantile",0.45,480.558841550367
"30671",2020-12-12,"39","2  day ahead inc hosp",2020-12-14,"quantile",0.5,486.003207423517
"30672",2020-12-12,"39","2  day ahead inc hosp",2020-12-14,"quantile",0.55,491.447573296666
"30673",2020-12-12,"39","2  day ahead inc hosp",2020-12-14,"quantile",0.6,496.979648126198
"30674",2020-12-12,"39","2  day ahead inc hosp",2020-12-14,"quantile",0.65,502.697486531911
"30675",2020-12-12,"39","2  day ahead inc hosp",2020-12-14,"quantile",0.7,508.723226957784
"30676",2020-12-12,"39","2  day ahead inc hosp",2020-12-14,"quantile",0.75,515.225948303349
"30677",2020-12-12,"39","2  day ahead inc hosp",2020-12-14,"quantile",0.8,522.467036889445
"30678",2020-12-12,"39","2  day ahead inc hosp",2020-12-14,"quantile",0.85,530.907410002694
"30679",2020-12-12,"39","2  day ahead inc hosp",2020-12-14,"quantile",0.9,541.52732667539
"30680",2020-12-12,"39","2  day ahead inc hosp",2020-12-14,"quantile",0.95,557.267642964134
"30681",2020-12-12,"39","2  day ahead inc hosp",2020-12-14,"quantile",0.975,570.920019928625
"30682",2020-12-12,"39","2  day ahead inc hosp",2020-12-14,"quantile",0.99,586.793858578233
"30683",2020-12-12,"39","3  day ahead inc hosp",2020-12-15,"quantile",0.01,350.985950571508
"30684",2020-12-12,"39","3  day ahead inc hosp",2020-12-15,"quantile",0.025,368.450924366741
"30685",2020-12-12,"39","3  day ahead inc hosp",2020-12-15,"quantile",0.05,383.471765336003
"30686",2020-12-12,"39","3  day ahead inc hosp",2020-12-15,"quantile",0.1,400.78983298049
"30687",2020-12-12,"39","3  day ahead inc hosp",2020-12-15,"quantile",0.15,412.474251002515
"30688",2020-12-12,"39","3  day ahead inc hosp",2020-12-15,"quantile",0.2,421.760656042832
"30689",2020-12-12,"39","3  day ahead inc hosp",2020-12-15,"quantile",0.25,429.72756469024
"30690",2020-12-12,"39","3  day ahead inc hosp",2020-12-15,"quantile",0.3,436.882094883275
"30691",2020-12-12,"39","3  day ahead inc hosp",2020-12-15,"quantile",0.35,443.511833345267
"30692",2020-12-12,"39","3  day ahead inc hosp",2020-12-15,"quantile",0.4,449.80280682216
"30693",2020-12-12,"39","3  day ahead inc hosp",2020-12-15,"quantile",0.45,455.889396465896
"30694",2020-12-12,"39","3  day ahead inc hosp",2020-12-15,"quantile",0.5,461.879485530368
"30695",2020-12-12,"39","3  day ahead inc hosp",2020-12-15,"quantile",0.55,467.869574594841
"30696",2020-12-12,"39","3  day ahead inc hosp",2020-12-15,"quantile",0.6,473.956164238577
"30697",2020-12-12,"39","3  day ahead inc hosp",2020-12-15,"quantile",0.65,480.24713771547
"30698",2020-12-12,"39","3  day ahead inc hosp",2020-12-15,"quantile",0.7,486.876876177462
"30699",2020-12-12,"39","3  day ahead inc hosp",2020-12-15,"quantile",0.75,494.031406370497
"30700",2020-12-12,"39","3  day ahead inc hosp",2020-12-15,"quantile",0.8,501.998315017905
"30701",2020-12-12,"39","3  day ahead inc hosp",2020-12-15,"quantile",0.85,511.284720058222
"30702",2020-12-12,"39","3  day ahead inc hosp",2020-12-15,"quantile",0.9,522.969138080247
"30703",2020-12-12,"39","3  day ahead inc hosp",2020-12-15,"quantile",0.95,540.287205724734
"30704",2020-12-12,"39","3  day ahead inc hosp",2020-12-15,"quantile",0.975,555.308046693996
"30705",2020-12-12,"39","3  day ahead inc hosp",2020-12-15,"quantile",0.99,572.773020489229
"30706",2020-12-12,"39","4  day ahead inc hosp",2020-12-16,"quantile",0.01,360.62597691112
"30707",2020-12-12,"39","4  day ahead inc hosp",2020-12-16,"quantile",0.025,382.064494259254
"30708",2020-12-12,"39","4  day ahead inc hosp",2020-12-16,"quantile",0.05,400.502801895935
"30709",2020-12-12,"39","4  day ahead inc hosp",2020-12-16,"quantile",0.1,421.760989740101
"30710",2020-12-12,"39","4  day ahead inc hosp",2020-12-16,"quantile",0.15,436.103788155087
"30711",2020-12-12,"39","4  day ahead inc hosp",2020-12-16,"quantile",0.2,447.502989659355
"30712",2020-12-12,"39","4  day ahead inc hosp",2020-12-16,"quantile",0.25,457.282489545869
"30713",2020-12-12,"39","4  day ahead inc hosp",2020-12-16,"quantile",0.3,466.064782692109
"30714",2020-12-12,"39","4  day ahead inc hosp",2020-12-16,"quantile",0.35,474.202886115419
"30715",2020-12-12,"39","4  day ahead inc hosp",2020-12-16,"quantile",0.4,481.925150437271
"30716",2020-12-12,"39","4  day ahead inc hosp",2020-12-16,"quantile",0.45,489.396530537699
"30717",2020-12-12,"39","4  day ahead inc hosp",2020-12-16,"quantile",0.5,496.749454729353
"30718",2020-12-12,"39","4  day ahead inc hosp",2020-12-16,"quantile",0.55,504.102378921006
"30719",2020-12-12,"39","4  day ahead inc hosp",2020-12-16,"quantile",0.6,511.573759021435
"30720",2020-12-12,"39","4  day ahead inc hosp",2020-12-16,"quantile",0.65,519.296023343287
"30721",2020-12-12,"39","4  day ahead inc hosp",2020-12-16,"quantile",0.7,527.434126766596
"30722",2020-12-12,"39","4  day ahead inc hosp",2020-12-16,"quantile",0.75,536.216419912836
"30723",2020-12-12,"39","4  day ahead inc hosp",2020-12-16,"quantile",0.8,545.99591979935
"30724",2020-12-12,"39","4  day ahead inc hosp",2020-12-16,"quantile",0.85,557.395121303618
"30725",2020-12-12,"39","4  day ahead inc hosp",2020-12-16,"quantile",0.9,571.737919718604
"30726",2020-12-12,"39","4  day ahead inc hosp",2020-12-16,"quantile",0.95,592.99610756277
"30727",2020-12-12,"39","4  day ahead inc hosp",2020-12-16,"quantile",0.975,611.434415199451
"30728",2020-12-12,"39","4  day ahead inc hosp",2020-12-16,"quantile",0.99,632.872932547585
"30729",2020-12-12,"39","5  day ahead inc hosp",2020-12-17,"quantile",0.01,365.428859478209
"30730",2020-12-12,"39","5  day ahead inc hosp",2020-12-17,"quantile",0.025,388.11535685635
"30731",2020-12-12,"39","5  day ahead inc hosp",2020-12-17,"quantile",0.05,407.626996167235
"30732",2020-12-12,"39","5  day ahead inc hosp",2020-12-17,"quantile",0.1,430.122666691423
"30733",2020-12-12,"39","5  day ahead inc hosp",2020-12-17,"quantile",0.15,445.300388795657
"30734",2020-12-12,"39","5  day ahead inc hosp",2020-12-17,"quantile",0.2,457.36316118052
"30735",2020-12-12,"39","5  day ahead inc hosp",2020-12-17,"quantile",0.25,467.711945797113
"30736",2020-12-12,"39","5  day ahead inc hosp",2020-12-17,"quantile",0.3,477.005474225449
"30737",2020-12-12,"39","5  day ahead inc hosp",2020-12-17,"quantile",0.35,485.617313326907
"30738",2020-12-12,"39","5  day ahead inc hosp",2020-12-17,"quantile",0.4,493.78910648061
"30739",2020-12-12,"39","5  day ahead inc hosp",2020-12-17,"quantile",0.45,501.695410928209
"30740",2020-12-12,"39","5  day ahead inc hosp",2020-12-17,"quantile",0.5,509.476363905823
"30741",2020-12-12,"39","5  day ahead inc hosp",2020-12-17,"quantile",0.55,517.257316883438
"30742",2020-12-12,"39","5  day ahead inc hosp",2020-12-17,"quantile",0.6,525.163621331037
"30743",2020-12-12,"39","5  day ahead inc hosp",2020-12-17,"quantile",0.65,533.33541448474
"30744",2020-12-12,"39","5  day ahead inc hosp",2020-12-17,"quantile",0.7,541.947253586198
"30745",2020-12-12,"39","5  day ahead inc hosp",2020-12-17,"quantile",0.75,551.240782014533
"30746",2020-12-12,"39","5  day ahead inc hosp",2020-12-17,"quantile",0.8,561.589566631127
"30747",2020-12-12,"39","5  day ahead inc hosp",2020-12-17,"quantile",0.85,573.65233901599
"30748",2020-12-12,"39","5  day ahead inc hosp",2020-12-17,"quantile",0.9,588.830061120224
"30749",2020-12-12,"39","5  day ahead inc hosp",2020-12-17,"quantile",0.95,611.325731644412
"30750",2020-12-12,"39","5  day ahead inc hosp",2020-12-17,"quantile",0.975,630.837370955297
"30751",2020-12-12,"39","5  day ahead inc hosp",2020-12-17,"quantile",0.99,653.523868333437
"30752",2020-12-12,"39","6  day ahead inc hosp",2020-12-18,"quantile",0.01,354.093966945695
"30753",2020-12-12,"39","6  day ahead inc hosp",2020-12-18,"quantile",0.025,377.522553677275
"30754",2020-12-12,"39","6  day ahead inc hosp",2020-12-18,"quantile",0.05,397.672430771605
"30755",2020-12-12,"39","6  day ahead inc hosp",2020-12-18,"quantile",0.1,420.903948584875
"30756",2020-12-12,"39","6  day ahead inc hosp",2020-12-18,"quantile",0.15,436.578143361611
"30757",2020-12-12,"39","6  day ahead inc hosp",2020-12-18,"quantile",0.2,449.035496488074
"30758",2020-12-12,"39","6  day ahead inc hosp",2020-12-18,"quantile",0.25,459.722796246824
"30759",2020-12-12,"39","6  day ahead inc hosp",2020-12-18,"quantile",0.3,469.320321735067
"30760",2020-12-12,"39","6  day ahead inc hosp",2020-12-18,"quantile",0.35,478.213859417148
"30761",2020-12-12,"39","6  day ahead inc hosp",2020-12-18,"quantile",0.4,486.652956976498
"30762",2020-12-12,"39","6  day ahead inc hosp",2020-12-18,"quantile",0.45,494.817881530048
"30763",2020-12-12,"39","6  day ahead inc hosp",2020-12-18,"quantile",0.5,502.853354289543
"30764",2020-12-12,"39","6  day ahead inc hosp",2020-12-18,"quantile",0.55,510.888827049038
"30765",2020-12-12,"39","6  day ahead inc hosp",2020-12-18,"quantile",0.6,519.053751602589
"30766",2020-12-12,"39","6  day ahead inc hosp",2020-12-18,"quantile",0.65,527.492849161938
"30767",2020-12-12,"39","6  day ahead inc hosp",2020-12-18,"quantile",0.7,536.386386844019
"30768",2020-12-12,"39","6  day ahead inc hosp",2020-12-18,"quantile",0.75,545.983912332262
"30769",2020-12-12,"39","6  day ahead inc hosp",2020-12-18,"quantile",0.8,556.671212091013
"30770",2020-12-12,"39","6  day ahead inc hosp",2020-12-18,"quantile",0.85,569.128565217476
"30771",2020-12-12,"39","6  day ahead inc hosp",2020-12-18,"quantile",0.9,584.802759994211
"30772",2020-12-12,"39","6  day ahead inc hosp",2020-12-18,"quantile",0.95,608.034277807481
"30773",2020-12-12,"39","6  day ahead inc hosp",2020-12-18,"quantile",0.975,628.184154901811
"30774",2020-12-12,"39","6  day ahead inc hosp",2020-12-18,"quantile",0.99,651.612741633391
"30775",2020-12-12,"39","7  day ahead inc hosp",2020-12-19,"quantile",0.01,348.11348532464
"30776",2020-12-12,"39","7  day ahead inc hosp",2020-12-19,"quantile",0.025,372.752177750683
"30777",2020-12-12,"39","7  day ahead inc hosp",2020-12-19,"quantile",0.05,393.942812501201
"30778",2020-12-12,"39","7  day ahead inc hosp",2020-12-19,"quantile",0.1,418.374257237888
"30779",2020-12-12,"39","7  day ahead inc hosp",2020-12-19,"quantile",0.15,434.858037013187
"30780",2020-12-12,"39","7  day ahead inc hosp",2020-12-19,"quantile",0.2,447.958822632142
"30781",2020-12-12,"39","7  day ahead inc hosp",2020-12-19,"quantile",0.25,459.198130177135
"30782",2020-12-12,"39","7  day ahead inc hosp",2020-12-19,"quantile",0.3,469.291375717941
"30783",2020-12-12,"39","7  day ahead inc hosp",2020-12-19,"quantile",0.35,478.644271905779
"30784",2020-12-12,"39","7  day ahead inc hosp",2020-12-19,"quantile",0.4,487.519255766325
"30785",2020-12-12,"39","7  day ahead inc hosp",2020-12-19,"quantile",0.45,496.105905360754
"30786",2020-12-12,"39","7  day ahead inc hosp",2020-12-19,"quantile",0.5,504.556416869934
"30787",2020-12-12,"39","7  day ahead inc hosp",2020-12-19,"quantile",0.55,513.006928379114
"30788",2020-12-12,"39","7  day ahead inc hosp",2020-12-19,"quantile",0.6,521.593577973543
"30789",2020-12-12,"39","7  day ahead inc hosp",2020-12-19,"quantile",0.65,530.468561834089
"30790",2020-12-12,"39","7  day ahead inc hosp",2020-12-19,"quantile",0.7,539.821458021927
"30791",2020-12-12,"39","7  day ahead inc hosp",2020-12-19,"quantile",0.75,549.914703562733
"30792",2020-12-12,"39","7  day ahead inc hosp",2020-12-19,"quantile",0.8,561.154011107726
"30793",2020-12-12,"39","7  day ahead inc hosp",2020-12-19,"quantile",0.85,574.254796726681
"30794",2020-12-12,"39","7  day ahead inc hosp",2020-12-19,"quantile",0.9,590.73857650198
"30795",2020-12-12,"39","7  day ahead inc hosp",2020-12-19,"quantile",0.95,615.170021238667
"30796",2020-12-12,"39","7  day ahead inc hosp",2020-12-19,"quantile",0.975,636.360655989185
"30797",2020-12-12,"39","7  day ahead inc hosp",2020-12-19,"quantile",0.99,660.999348415228
"30798",2020-12-12,"39","8  day ahead inc hosp",2020-12-20,"quantile",0.01,328.452168887113
"30799",2020-12-12,"39","8  day ahead inc hosp",2020-12-20,"quantile",0.025,354.386992917197
"30800",2020-12-12,"39","8  day ahead inc hosp",2020-12-20,"quantile",0.05,376.692372352007
"30801",2020-12-12,"39","8  day ahead inc hosp",2020-12-20,"quantile",0.1,402.409046317099
"30802",2020-12-12,"39","8  day ahead inc hosp",2020-12-20,"quantile",0.15,419.759964151163
"30803",2020-12-12,"39","8  day ahead inc hosp",2020-12-20,"quantile",0.2,433.549923610388
"30804",2020-12-12,"39","8  day ahead inc hosp",2020-12-20,"quantile",0.25,445.38048094513
"30805",2020-12-12,"39","8  day ahead inc hosp",2020-12-20,"quantile",0.3,456.004687070475
"30806",2020-12-12,"39","8  day ahead inc hosp",2020-12-20,"quantile",0.35,465.849597368832
"30807",2020-12-12,"39","8  day ahead inc hosp",2020-12-20,"quantile",0.4,475.191454506097
"30808",2020-12-12,"39","8  day ahead inc hosp",2020-12-20,"quantile",0.45,484.229809398832
"30809",2020-12-12,"39","8  day ahead inc hosp",2020-12-20,"quantile",0.5,493.124864589469
"30810",2020-12-12,"39","8  day ahead inc hosp",2020-12-20,"quantile",0.55,502.019919780105
"30811",2020-12-12,"39","8  day ahead inc hosp",2020-12-20,"quantile",0.6,511.058274672841
"30812",2020-12-12,"39","8  day ahead inc hosp",2020-12-20,"quantile",0.65,520.400131810105
"30813",2020-12-12,"39","8  day ahead inc hosp",2020-12-20,"quantile",0.7,530.245042108463
"30814",2020-12-12,"39","8  day ahead inc hosp",2020-12-20,"quantile",0.75,540.869248233807
"30815",2020-12-12,"39","8  day ahead inc hosp",2020-12-20,"quantile",0.8,552.69980556855
"30816",2020-12-12,"39","8  day ahead inc hosp",2020-12-20,"quantile",0.85,566.489765027775
"30817",2020-12-12,"39","8  day ahead inc hosp",2020-12-20,"quantile",0.9,583.840682861839
"30818",2020-12-12,"39","8  day ahead inc hosp",2020-12-20,"quantile",0.95,609.55735682693
"30819",2020-12-12,"39","8  day ahead inc hosp",2020-12-20,"quantile",0.975,631.86273626174
"30820",2020-12-12,"39","8  day ahead inc hosp",2020-12-20,"quantile",0.99,657.797560291824
"30821",2020-12-12,"39","9  day ahead inc hosp",2020-12-21,"quantile",0.01,326.673379846778
"30822",2020-12-12,"39","9  day ahead inc hosp",2020-12-21,"quantile",0.025,353.662514812642
"30823",2020-12-12,"39","9  day ahead inc hosp",2020-12-21,"quantile",0.05,376.87465981631
"30824",2020-12-12,"39","9  day ahead inc hosp",2020-12-21,"quantile",0.1,403.6367764095
"30825",2020-12-12,"39","9  day ahead inc hosp",2020-12-21,"quantile",0.15,421.693049421493
"30826",2020-12-12,"39","9  day ahead inc hosp",2020-12-21,"quantile",0.2,436.043602815921
"30827",2020-12-12,"39","9  day ahead inc hosp",2020-12-21,"quantile",0.25,448.355099830838
"30828",2020-12-12,"39","9  day ahead inc hosp",2020-12-21,"quantile",0.3,459.411204653044
"30829",2020-12-12,"39","9  day ahead inc hosp",2020-12-21,"quantile",0.35,469.656333459817
"30830",2020-12-12,"39","9  day ahead inc hosp",2020-12-21,"quantile",0.4,479.377958824114
"30831",2020-12-12,"39","9  day ahead inc hosp",2020-12-21,"quantile",0.45,488.783743871526
"30832",2020-12-12,"39","9  day ahead inc hosp",2020-12-21,"quantile",0.5,498.040403750553
"30833",2020-12-12,"39","9  day ahead inc hosp",2020-12-21,"quantile",0.55,507.29706362958
"30834",2020-12-12,"39","9  day ahead inc hosp",2020-12-21,"quantile",0.6,516.702848676991
"30835",2020-12-12,"39","9  day ahead inc hosp",2020-12-21,"quantile",0.65,526.424474041289
"30836",2020-12-12,"39","9  day ahead inc hosp",2020-12-21,"quantile",0.7,536.669602848062
"30837",2020-12-12,"39","9  day ahead inc hosp",2020-12-21,"quantile",0.75,547.725707670268
"30838",2020-12-12,"39","9  day ahead inc hosp",2020-12-21,"quantile",0.8,560.037204685185
"30839",2020-12-12,"39","9  day ahead inc hosp",2020-12-21,"quantile",0.85,574.387758079613
"30840",2020-12-12,"39","9  day ahead inc hosp",2020-12-21,"quantile",0.9,592.444031091606
"30841",2020-12-12,"39","9  day ahead inc hosp",2020-12-21,"quantile",0.95,619.206147684796
"30842",2020-12-12,"39","9  day ahead inc hosp",2020-12-21,"quantile",0.975,642.418292688463
"30843",2020-12-12,"39","9  day ahead inc hosp",2020-12-21,"quantile",0.99,669.407427654328
"30844",2020-12-12,"39","10  day ahead inc hosp",2020-12-22,"quantile",0.01,323.335629841437
"30845",2020-12-12,"39","10  day ahead inc hosp",2020-12-22,"quantile",0.025,351.303250452856
"30846",2020-12-12,"39","10  day ahead inc hosp",2020-12-22,"quantile",0.05,375.356947092668
"30847",2020-12-12,"39","10  day ahead inc hosp",2020-12-22,"quantile",0.1,403.089318826093
"30848",2020-12-12,"39","10  day ahead inc hosp",2020-12-22,"quantile",0.15,421.800218374905
"30849",2020-12-12,"39","10  day ahead inc hosp",2020-12-22,"quantile",0.2,436.671048188714
"30850",2020-12-12,"39","10  day ahead inc hosp",2020-12-22,"quantile",0.25,449.428896045168
"30851",2020-12-12,"39","10  day ahead inc hosp",2020-12-22,"quantile",0.3,460.885837718128
"30852",2020-12-12,"39","10  day ahead inc hosp",2020-12-22,"quantile",0.35,471.502401603757
"30853",2020-12-12,"39","10  day ahead inc hosp",2020-12-22,"quantile",0.4,481.576482535173
"30854",2020-12-12,"39","10  day ahead inc hosp",2020-12-22,"quantile",0.45,491.323272422707
"30855",2020-12-12,"39","10  day ahead inc hosp",2020-12-22,"quantile",0.5,500.915530638949
"30856",2020-12-12,"39","10  day ahead inc hosp",2020-12-22,"quantile",0.55,510.507788855191
"30857",2020-12-12,"39","10  day ahead inc hosp",2020-12-22,"quantile",0.6,520.254578742724
"30858",2020-12-12,"39","10  day ahead inc hosp",2020-12-22,"quantile",0.65,530.32865967414
"30859",2020-12-12,"39","10  day ahead inc hosp",2020-12-22,"quantile",0.7,540.945223559769
"30860",2020-12-12,"39","10  day ahead inc hosp",2020-12-22,"quantile",0.75,552.402165232729
"30861",2020-12-12,"39","10  day ahead inc hosp",2020-12-22,"quantile",0.8,565.160013089184
"30862",2020-12-12,"39","10  day ahead inc hosp",2020-12-22,"quantile",0.85,580.030842902993
"30863",2020-12-12,"39","10  day ahead inc hosp",2020-12-22,"quantile",0.9,598.741742451805
"30864",2020-12-12,"39","10  day ahead inc hosp",2020-12-22,"quantile",0.95,626.47411418523
"30865",2020-12-12,"39","10  day ahead inc hosp",2020-12-22,"quantile",0.975,650.527810825041
"30866",2020-12-12,"39","10  day ahead inc hosp",2020-12-22,"quantile",0.99,678.495431436461
"30867",2020-12-12,"39","11  day ahead inc hosp",2020-12-23,"quantile",0.01,320.986838471445
"30868",2020-12-12,"39","11  day ahead inc hosp",2020-12-23,"quantile",0.025,349.956369588215
"30869",2020-12-12,"39","11  day ahead inc hosp",2020-12-23,"quantile",0.05,374.871764535895
"30870",2020-12-12,"39","11  day ahead inc hosp",2020-12-23,"quantile",0.1,403.597619231781
"30871",2020-12-12,"39","11  day ahead inc hosp",2020-12-23,"quantile",0.15,422.978817018795
"30872",2020-12-12,"39","11  day ahead inc hosp",2020-12-23,"quantile",0.2,438.38237862344
"30873",2020-12-12,"39","11  day ahead inc hosp",2020-12-23,"quantile",0.25,451.597262921093
"30874",2020-12-12,"39","11  day ahead inc hosp",2020-12-23,"quantile",0.3,463.464637443555
"30875",2020-12-12,"39","11  day ahead inc hosp",2020-12-23,"quantile",0.35,474.46152853097
"30876",2020-12-12,"39","11  day ahead inc hosp",2020-12-23,"quantile",0.4,484.896502784602
"30877",2020-12-12,"39","11  day ahead inc hosp",2020-12-23,"quantile",0.45,494.992461137964
"30878",2020-12-12,"39","11  day ahead inc hosp",2020-12-23,"quantile",0.5,504.928351885927
"30879",2020-12-12,"39","11  day ahead inc hosp",2020-12-23,"quantile",0.55,514.864242633889
"30880",2020-12-12,"39","11  day ahead inc hosp",2020-12-23,"quantile",0.6,524.960200987252
"30881",2020-12-12,"39","11  day ahead inc hosp",2020-12-23,"quantile",0.65,535.395175240884
"30882",2020-12-12,"39","11  day ahead inc hosp",2020-12-23,"quantile",0.7,546.392066328298
"30883",2020-12-12,"39","11  day ahead inc hosp",2020-12-23,"quantile",0.75,558.25944085076
"30884",2020-12-12,"39","11  day ahead inc hosp",2020-12-23,"quantile",0.8,571.474325148414
"30885",2020-12-12,"39","11  day ahead inc hosp",2020-12-23,"quantile",0.85,586.877886753059
"30886",2020-12-12,"39","11  day ahead inc hosp",2020-12-23,"quantile",0.9,606.259084540072
"30887",2020-12-12,"39","11  day ahead inc hosp",2020-12-23,"quantile",0.95,634.984939235959
"30888",2020-12-12,"39","11  day ahead inc hosp",2020-12-23,"quantile",0.975,659.900334183638
"30889",2020-12-12,"39","11  day ahead inc hosp",2020-12-23,"quantile",0.99,688.869865300409
"30890",2020-12-12,"39","12  day ahead inc hosp",2020-12-24,"quantile",0.01,319.444179349386
"30891",2020-12-12,"39","12  day ahead inc hosp",2020-12-24,"quantile",0.025,349.391812925317
"30892",2020-12-12,"39","12  day ahead inc hosp",2020-12-24,"quantile",0.05,375.148429947701
"30893",2020-12-12,"39","12  day ahead inc hosp",2020-12-24,"quantile",0.1,404.844159820589
"30894",2020-12-12,"39","12  day ahead inc hosp",2020-12-24,"quantile",0.15,424.879727785032
"30895",2020-12-12,"39","12  day ahead inc hosp",2020-12-24,"quantile",0.2,440.803362062742
"30896",2020-12-12,"39","12  day ahead inc hosp",2020-12-24,"quantile",0.25,454.464422405736
"30897",2020-12-12,"39","12  day ahead inc hosp",2020-12-24,"quantile",0.3,466.732476806564
"30898",2020-12-12,"39","12  day ahead inc hosp",2020-12-24,"quantile",0.35,478.100657514524
"30899",2020-12-12,"39","12  day ahead inc hosp",2020-12-24,"quantile",0.4,488.887949309562
"30900",2020-12-12,"39","12  day ahead inc hosp",2020-12-24,"quantile",0.45,499.324778961572
"30901",2020-12-12,"39","12  day ahead inc hosp",2020-12-24,"quantile",0.5,509.596136622525
"30902",2020-12-12,"39","12  day ahead inc hosp",2020-12-24,"quantile",0.55,519.867494283479
"30903",2020-12-12,"39","12  day ahead inc hosp",2020-12-24,"quantile",0.6,530.304323935489
"30904",2020-12-12,"39","12  day ahead inc hosp",2020-12-24,"quantile",0.65,541.091615730527
"30905",2020-12-12,"39","12  day ahead inc hosp",2020-12-24,"quantile",0.7,552.459796438487
"30906",2020-12-12,"39","12  day ahead inc hosp",2020-12-24,"quantile",0.75,564.727850839315
"30907",2020-12-12,"39","12  day ahead inc hosp",2020-12-24,"quantile",0.8,578.388911182309
"30908",2020-12-12,"39","12  day ahead inc hosp",2020-12-24,"quantile",0.85,594.312545460019
"30909",2020-12-12,"39","12  day ahead inc hosp",2020-12-24,"quantile",0.9,614.348113424462
"30910",2020-12-12,"39","12  day ahead inc hosp",2020-12-24,"quantile",0.95,644.04384329735
"30911",2020-12-12,"39","12  day ahead inc hosp",2020-12-24,"quantile",0.975,669.800460319734
"30912",2020-12-12,"39","12  day ahead inc hosp",2020-12-24,"quantile",0.99,699.748093895665
"30913",2020-12-12,"39","13  day ahead inc hosp",2020-12-25,"quantile",0.01,317.802432071132
"30914",2020-12-12,"39","13  day ahead inc hosp",2020-12-25,"quantile",0.025,348.678453577238
"30915",2020-12-12,"39","13  day ahead inc hosp",2020-12-25,"quantile",0.05,375.233535436756
"30916",2020-12-12,"39","13  day ahead inc hosp",2020-12-25,"quantile",0.1,405.849844130065
"30917",2020-12-12,"39","13  day ahead inc hosp",2020-12-25,"quantile",0.15,426.506522254189
"30918",2020-12-12,"39","13  day ahead inc hosp",2020-12-25,"quantile",0.2,442.923795197221
"30919",2020-12-12,"39","13  day ahead inc hosp",2020-12-25,"quantile",0.25,457.00835356064
"30920",2020-12-12,"39","13  day ahead inc hosp",2020-12-25,"quantile",0.3,469.656722272567
"30921",2020-12-12,"39","13  day ahead inc hosp",2020-12-25,"quantile",0.35,481.377320867923
"30922",2020-12-12,"39","13  day ahead inc hosp",2020-12-25,"quantile",0.4,492.499022775079
"30923",2020-12-12,"39","13  day ahead inc hosp",2020-12-25,"quantile",0.45,503.259398080661
"30924",2020-12-12,"39","13  day ahead inc hosp",2020-12-25,"quantile",0.5,513.849171701084
"30925",2020-12-12,"39","13  day ahead inc hosp",2020-12-25,"quantile",0.55,524.438945321507
"30926",2020-12-12,"39","13  day ahead inc hosp",2020-12-25,"quantile",0.6,535.199320627089
"30927",2020-12-12,"39","13  day ahead inc hosp",2020-12-25,"quantile",0.65,546.321022534245
"30928",2020-12-12,"39","13  day ahead inc hosp",2020-12-25,"quantile",0.7,558.0416211296
"30929",2020-12-12,"39","13  day ahead inc hosp",2020-12-25,"quantile",0.75,570.689989841527
"30930",2020-12-12,"39","13  day ahead inc hosp",2020-12-25,"quantile",0.8,584.774548204947
"30931",2020-12-12,"39","13  day ahead inc hosp",2020-12-25,"quantile",0.85,601.191821147979
"30932",2020-12-12,"39","13  day ahead inc hosp",2020-12-25,"quantile",0.9,621.848499272103
"30933",2020-12-12,"39","13  day ahead inc hosp",2020-12-25,"quantile",0.95,652.464807965412
"30934",2020-12-12,"39","13  day ahead inc hosp",2020-12-25,"quantile",0.975,679.01988982493
"30935",2020-12-12,"39","13  day ahead inc hosp",2020-12-25,"quantile",0.99,709.895911331036
"30936",2020-12-12,"39","14  day ahead inc hosp",2020-12-26,"quantile",0.01,316.139784715972
"30937",2020-12-12,"39","14  day ahead inc hosp",2020-12-26,"quantile",0.025,347.91467430447
"30938",2020-12-12,"39","14  day ahead inc hosp",2020-12-26,"quantile",0.05,375.242832303479
"30939",2020-12-12,"39","14  day ahead inc hosp",2020-12-26,"quantile",0.1,406.750448274819
"30940",2020-12-12,"39","14  day ahead inc hosp",2020-12-26,"quantile",0.15,428.008487187941
"30941",2020-12-12,"39","14  day ahead inc hosp",2020-12-26,"quantile",0.2,444.903702622542
"30942",2020-12-12,"39","14  day ahead inc hosp",2020-12-26,"quantile",0.25,459.398293086922
"30943",2020-12-12,"39","14  day ahead inc hosp",2020-12-26,"quantile",0.3,472.414883298086
"30944",2020-12-12,"39","14  day ahead inc hosp",2020-12-26,"quantile",0.35,484.476693988458
"30945",2020-12-12,"39","14  day ahead inc hosp",2020-12-26,"quantile",0.4,495.922172806582
"30946",2020-12-12,"39","14  day ahead inc hosp",2020-12-26,"quantile",0.45,506.995806020564
"30947",2020-12-12,"39","14  day ahead inc hosp",2020-12-26,"quantile",0.5,517.893870963601
"30948",2020-12-12,"39","14  day ahead inc hosp",2020-12-26,"quantile",0.55,528.791935906637
"30949",2020-12-12,"39","14  day ahead inc hosp",2020-12-26,"quantile",0.6,539.865569120619
"30950",2020-12-12,"39","14  day ahead inc hosp",2020-12-26,"quantile",0.65,551.311047938743
"30951",2020-12-12,"39","14  day ahead inc hosp",2020-12-26,"quantile",0.7,563.372858629115
"30952",2020-12-12,"39","14  day ahead inc hosp",2020-12-26,"quantile",0.75,576.389448840279
"30953",2020-12-12,"39","14  day ahead inc hosp",2020-12-26,"quantile",0.8,590.884039304659
"30954",2020-12-12,"39","14  day ahead inc hosp",2020-12-26,"quantile",0.85,607.779254739261
"30955",2020-12-12,"39","14  day ahead inc hosp",2020-12-26,"quantile",0.9,629.037293652382
"30956",2020-12-12,"39","14  day ahead inc hosp",2020-12-26,"quantile",0.95,660.544909623722
"30957",2020-12-12,"39","14  day ahead inc hosp",2020-12-26,"quantile",0.975,687.873067622731
"30958",2020-12-12,"39","14  day ahead inc hosp",2020-12-26,"quantile",0.99,719.647957211229
"30959",2020-12-12,"39","15  day ahead inc hosp",2020-12-27,"quantile",0.01,318.347223074435
"30960",2020-12-12,"39","15  day ahead inc hosp",2020-12-27,"quantile",0.025,351.002382673851
"30961",2020-12-12,"39","15  day ahead inc hosp",2020-12-27,"quantile",0.05,379.087621444871
"30962",2020-12-12,"39","15  day ahead inc hosp",2020-12-27,"quantile",0.1,411.468103059942
"30963",2020-12-12,"39","15  day ahead inc hosp",2020-12-27,"quantile",0.15,433.31506027895
"30964",2020-12-12,"39","15  day ahead inc hosp",2020-12-27,"quantile",0.2,450.678329313979
"30965",2020-12-12,"39","15  day ahead inc hosp",2020-12-27,"quantile",0.25,465.574468091244
"30966",2020-12-12,"39","15  day ahead inc hosp",2020-12-27,"quantile",0.3,478.951661097751
"30967",2020-12-12,"39","15  day ahead inc hosp",2020-12-27,"quantile",0.35,491.347624018567
"30968",2020-12-12,"39","15  day ahead inc hosp",2020-12-27,"quantile",0.4,503.110180626565
"30969",2020-12-12,"39","15  day ahead inc hosp",2020-12-27,"quantile",0.45,514.490590271762
"30970",2020-12-12,"39","15  day ahead inc hosp",2020-12-27,"quantile",0.5,525.690567821597
"30971",2020-12-12,"39","15  day ahead inc hosp",2020-12-27,"quantile",0.55,536.890545371432
"30972",2020-12-12,"39","15  day ahead inc hosp",2020-12-27,"quantile",0.6,548.270955016628
"30973",2020-12-12,"39","15  day ahead inc hosp",2020-12-27,"quantile",0.65,560.033511624626
"30974",2020-12-12,"39","15  day ahead inc hosp",2020-12-27,"quantile",0.7,572.429474545443
"30975",2020-12-12,"39","15  day ahead inc hosp",2020-12-27,"quantile",0.75,585.80666755195
"30976",2020-12-12,"39","15  day ahead inc hosp",2020-12-27,"quantile",0.8,600.702806329214
"30977",2020-12-12,"39","15  day ahead inc hosp",2020-12-27,"quantile",0.85,618.066075364244
"30978",2020-12-12,"39","15  day ahead inc hosp",2020-12-27,"quantile",0.9,639.913032583251
"30979",2020-12-12,"39","15  day ahead inc hosp",2020-12-27,"quantile",0.95,672.293514198322
"30980",2020-12-12,"39","15  day ahead inc hosp",2020-12-27,"quantile",0.975,700.378752969342
"30981",2020-12-12,"39","15  day ahead inc hosp",2020-12-27,"quantile",0.99,733.033912568759
"30982",2020-12-12,"39","16  day ahead inc hosp",2020-12-28,"quantile",0.01,317.161511415787
"30983",2020-12-12,"39","16  day ahead inc hosp",2020-12-28,"quantile",0.025,350.674380792725
"30984",2020-12-12,"39","16  day ahead inc hosp",2020-12-28,"quantile",0.05,379.497297290432
"30985",2020-12-12,"39","16  day ahead inc hosp",2020-12-28,"quantile",0.1,412.728274080624
"30986",2020-12-12,"39","16  day ahead inc hosp",2020-12-28,"quantile",0.15,435.14905635655
"30987",2020-12-12,"39","16  day ahead inc hosp",2020-12-28,"quantile",0.2,452.968383356194
"30988",2020-12-12,"39","16  day ahead inc hosp",2020-12-28,"quantile",0.25,468.255779258927
"30989",2020-12-12,"39","16  day ahead inc hosp",2020-12-28,"quantile",0.3,481.984333256414
"30990",2020-12-12,"39","16  day ahead inc hosp",2020-12-28,"quantile",0.35,494.705884498629
"30991",2020-12-12,"39","16  day ahead inc hosp",2020-12-28,"quantile",0.4,506.777392584282
"30992",2020-12-12,"39","16  day ahead inc hosp",2020-12-28,"quantile",0.45,518.456716359577
"30993",2020-12-12,"39","16  day ahead inc hosp",2020-12-28,"quantile",0.5,529.950868868909
"30994",2020-12-12,"39","16  day ahead inc hosp",2020-12-28,"quantile",0.55,541.44502137824
"30995",2020-12-12,"39","16  day ahead inc hosp",2020-12-28,"quantile",0.6,553.124345153535
"30996",2020-12-12,"39","16  day ahead inc hosp",2020-12-28,"quantile",0.65,565.195853239189
"30997",2020-12-12,"39","16  day ahead inc hosp",2020-12-28,"quantile",0.7,577.917404481403
"30998",2020-12-12,"39","16  day ahead inc hosp",2020-12-28,"quantile",0.75,591.645958478891
"30999",2020-12-12,"39","16  day ahead inc hosp",2020-12-28,"quantile",0.8,606.933354381623
"31000",2020-12-12,"39","16  day ahead inc hosp",2020-12-28,"quantile",0.85,624.752681381267
"31001",2020-12-12,"39","16  day ahead inc hosp",2020-12-28,"quantile",0.9,647.173463657193
"31002",2020-12-12,"39","16  day ahead inc hosp",2020-12-28,"quantile",0.95,680.404440447385
"31003",2020-12-12,"39","16  day ahead inc hosp",2020-12-28,"quantile",0.975,709.227356945092
"31004",2020-12-12,"39","16  day ahead inc hosp",2020-12-28,"quantile",0.99,742.74022632203
"31005",2020-12-12,"39","17  day ahead inc hosp",2020-12-29,"quantile",0.01,316.07069237902
"31006",2020-12-12,"39","17  day ahead inc hosp",2020-12-29,"quantile",0.025,350.41783866329
"31007",2020-12-12,"39","17  day ahead inc hosp",2020-12-29,"quantile",0.05,379.95827932658
"31008",2020-12-12,"39","17  day ahead inc hosp",2020-12-29,"quantile",0.1,414.01651552665
"31009",2020-12-12,"39","17  day ahead inc hosp",2020-12-29,"quantile",0.15,436.995445798999
"31010",2020-12-12,"39","17  day ahead inc hosp",2020-12-29,"quantile",0.2,455.258371132547
"31011",2020-12-12,"39","17  day ahead inc hosp",2020-12-29,"quantile",0.25,470.926334907026
"31012",2020-12-12,"39","17  day ahead inc hosp",2020-12-29,"quantile",0.3,484.996650615286
"31013",2020-12-12,"39","17  day ahead inc hosp",2020-12-29,"quantile",0.35,498.034895015208
"31014",2020-12-12,"39","17  day ahead inc hosp",2020-12-29,"quantile",0.4,510.406913938034
"31015",2020-12-12,"39","17  day ahead inc hosp",2020-12-29,"quantile",0.45,522.376985426077
"31016",2020-12-12,"39","17  day ahead inc hosp",2020-12-29,"quantile",0.5,534.157275953017
"31017",2020-12-12,"39","17  day ahead inc hosp",2020-12-29,"quantile",0.55,545.937566479957
"31018",2020-12-12,"39","17  day ahead inc hosp",2020-12-29,"quantile",0.6,557.907637968
"31019",2020-12-12,"39","17  day ahead inc hosp",2020-12-29,"quantile",0.65,570.279656890826
"31020",2020-12-12,"39","17  day ahead inc hosp",2020-12-29,"quantile",0.7,583.317901290748
"31021",2020-12-12,"39","17  day ahead inc hosp",2020-12-29,"quantile",0.75,597.388216999007
"31022",2020-12-12,"39","17  day ahead inc hosp",2020-12-29,"quantile",0.8,613.056180773486
"31023",2020-12-12,"39","17  day ahead inc hosp",2020-12-29,"quantile",0.85,631.319106107035
"31024",2020-12-12,"39","17  day ahead inc hosp",2020-12-29,"quantile",0.9,654.298036379384
"31025",2020-12-12,"39","17  day ahead inc hosp",2020-12-29,"quantile",0.95,688.356272579454
"31026",2020-12-12,"39","17  day ahead inc hosp",2020-12-29,"quantile",0.975,717.896713242744
"31027",2020-12-12,"39","17  day ahead inc hosp",2020-12-29,"quantile",0.99,752.243859527013
"31028",2020-12-12,"39","18  day ahead inc hosp",2020-12-30,"quantile",0.01,315.085806958706
"31029",2020-12-12,"39","18  day ahead inc hosp",2020-12-30,"quantile",0.025,350.247336206804
"31030",2020-12-12,"39","18  day ahead inc hosp",2020-12-30,"quantile",0.05,380.488191146758
"31031",2020-12-12,"39","18  day ahead inc hosp",2020-12-30,"quantile",0.1,415.353960150569
"31032",2020-12-12,"39","18  day ahead inc hosp",2020-12-30,"quantile",0.15,438.87772897183
"31033",2020-12-12,"39","18  day ahead inc hosp",2020-12-30,"quantile",0.2,457.573674712321
"31034",2020-12-12,"39","18  day ahead inc hosp",2020-12-30,"quantile",0.25,473.613131439089
"31035",2020-12-12,"39","18  day ahead inc hosp",2020-12-30,"quantile",0.3,488.017059299975
"31036",2020-12-12,"39","18  day ahead inc hosp",2020-12-30,"quantile",0.35,501.364445077456
"31037",2020-12-12,"39","18  day ahead inc hosp",2020-12-30,"quantile",0.4,514.029808936585
"31038",2020-12-12,"39","18  day ahead inc hosp",2020-12-30,"quantile",0.45,526.283695045353
"31039",2020-12-12,"39","18  day ahead inc hosp",2020-12-30,"quantile",0.5,538.343300419433
"31040",2020-12-12,"39","18  day ahead inc hosp",2020-12-30,"quantile",0.55,550.402905793513
"31041",2020-12-12,"39","18  day ahead inc hosp",2020-12-30,"quantile",0.6,562.656791902282
"31042",2020-12-12,"39","18  day ahead inc hosp",2020-12-30,"quantile",0.65,575.32215576141
"31043",2020-12-12,"39","18  day ahead inc hosp",2020-12-30,"quantile",0.7,588.669541538891
"31044",2020-12-12,"39","18  day ahead inc hosp",2020-12-30,"quantile",0.75,603.073469399778
"31045",2020-12-12,"39","18  day ahead inc hosp",2020-12-30,"quantile",0.8,619.112926126545
"31046",2020-12-12,"39","18  day ahead inc hosp",2020-12-30,"quantile",0.85,637.808871867036
"31047",2020-12-12,"39","18  day ahead inc hosp",2020-12-30,"quantile",0.9,661.332640688298
"31048",2020-12-12,"39","18  day ahead inc hosp",2020-12-30,"quantile",0.95,696.198409692108
"31049",2020-12-12,"39","18  day ahead inc hosp",2020-12-30,"quantile",0.975,726.439264632062
"31050",2020-12-12,"39","18  day ahead inc hosp",2020-12-30,"quantile",0.99,761.60079388016
"31051",2020-12-12,"39","19  day ahead inc hosp",2020-12-31,"quantile",0.01,314.233019945563
"31052",2020-12-12,"39","19  day ahead inc hosp",2020-12-31,"quantile",0.025,350.191157430993
"31053",2020-12-12,"39","19  day ahead inc hosp",2020-12-31,"quantile",0.05,381.11713940223
"31054",2020-12-12,"39","19  day ahead inc hosp",2020-12-31,"quantile",0.1,416.772815994911
"31055",2020-12-12,"39","19  day ahead inc hosp",2020-12-31,"quantile",0.15,440.829531716288
"31056",2020-12-12,"39","19  day ahead inc hosp",2020-12-31,"quantile",0.2,459.94904675823
"31057",2020-12-12,"39","19  day ahead inc hosp",2020-12-31,"quantile",0.25,476.351888230317
"31058",2020-12-12,"39","19  day ahead inc hosp",2020-12-31,"quantile",0.3,491.082146823379
"31059",2020-12-12,"39","19  day ahead inc hosp",2020-12-31,"quantile",0.35,504.73192665722
"31060",2020-12-12,"39","19  day ahead inc hosp",2020-12-31,"quantile",0.4,517.684232904656
"31061",2020-12-12,"39","19  day ahead inc hosp",2020-12-31,"quantile",0.45,530.215739094869
"31062",2020-12-12,"39","19  day ahead inc hosp",2020-12-31,"quantile",0.5,542.548562988888
"31063",2020-12-12,"39","19  day ahead inc hosp",2020-12-31,"quantile",0.55,554.881386882907
"31064",2020-12-12,"39","19  day ahead inc hosp",2020-12-31,"quantile",0.6,567.41289307312
"31065",2020-12-12,"39","19  day ahead inc hosp",2020-12-31,"quantile",0.65,580.365199320556
"31066",2020-12-12,"39","19  day ahead inc hosp",2020-12-31,"quantile",0.7,594.014979154398
"31067",2020-12-12,"39","19  day ahead inc hosp",2020-12-31,"quantile",0.75,608.745237747459
"31068",2020-12-12,"39","19  day ahead inc hosp",2020-12-31,"quantile",0.8,625.148079219546
"31069",2020-12-12,"39","19  day ahead inc hosp",2020-12-31,"quantile",0.85,644.267594261489
"31070",2020-12-12,"39","19  day ahead inc hosp",2020-12-31,"quantile",0.9,668.324309982866
"31071",2020-12-12,"39","19  day ahead inc hosp",2020-12-31,"quantile",0.95,703.979986575546
"31072",2020-12-12,"39","19  day ahead inc hosp",2020-12-31,"quantile",0.975,734.905968546783
"31073",2020-12-12,"39","19  day ahead inc hosp",2020-12-31,"quantile",0.99,770.864106032213
"31074",2020-12-12,"39","20  day ahead inc hosp",2021-01-01,"quantile",0.01,313.496065984942
"31075",2020-12-12,"39","20  day ahead inc hosp",2021-01-01,"quantile",0.025,350.233551571351
"31076",2020-12-12,"39","20  day ahead inc hosp",2021-01-01,"quantile",0.05,381.829815904404
"31077",2020-12-12,"39","20  day ahead inc hosp",2021-01-01,"quantile",0.1,418.258285132768
"31078",2020-12-12,"39","20  day ahead inc hosp",2021-01-01,"quantile",0.15,442.8364003766
"31079",2020-12-12,"39","20  day ahead inc hosp",2021-01-01,"quantile",0.2,462.370307230288
"31080",2020-12-12,"39","20  day ahead inc hosp",2021-01-01,"quantile",0.25,479.128659978706
"31081",2020-12-12,"39","20  day ahead inc hosp",2021-01-01,"quantile",0.3,494.178178685451
"31082",2020-12-12,"39","20  day ahead inc hosp",2021-01-01,"quantile",0.35,508.123800593889
"31083",2020-12-12,"39","20  day ahead inc hosp",2021-01-01,"quantile",0.4,521.356832039656
"31084",2020-12-12,"39","20  day ahead inc hosp",2021-01-01,"quantile",0.45,534.159943108062
"31085",2020-12-12,"39","20  day ahead inc hosp",2021-01-01,"quantile",0.5,546.760065687543
"31086",2020-12-12,"39","20  day ahead inc hosp",2021-01-01,"quantile",0.55,559.360188267024
"31087",2020-12-12,"39","20  day ahead inc hosp",2021-01-01,"quantile",0.6,572.16329933543
"31088",2020-12-12,"39","20  day ahead inc hosp",2021-01-01,"quantile",0.65,585.396330781197
"31089",2020-12-12,"39","20  day ahead inc hosp",2021-01-01,"quantile",0.7,599.341952689635
"31090",2020-12-12,"39","20  day ahead inc hosp",2021-01-01,"quantile",0.75,614.39147139638
"31091",2020-12-12,"39","20  day ahead inc hosp",2021-01-01,"quantile",0.8,631.149824144798
"31092",2020-12-12,"39","20  day ahead inc hosp",2021-01-01,"quantile",0.85,650.683730998486
"31093",2020-12-12,"39","20  day ahead inc hosp",2021-01-01,"quantile",0.9,675.261846242318
"31094",2020-12-12,"39","20  day ahead inc hosp",2021-01-01,"quantile",0.95,711.690315470682
"31095",2020-12-12,"39","20  day ahead inc hosp",2021-01-01,"quantile",0.975,743.286579803735
"31096",2020-12-12,"39","20  day ahead inc hosp",2021-01-01,"quantile",0.99,780.024065390144
"31097",2020-12-12,"39","21  day ahead inc hosp",2021-01-02,"quantile",0.01,312.856491492647
"31098",2020-12-12,"39","21  day ahead inc hosp",2021-01-02,"quantile",0.025,350.356913299931
"31099",2020-12-12,"39","21  day ahead inc hosp",2021-01-02,"quantile",0.05,382.6093448725
"31100",2020-12-12,"39","21  day ahead inc hosp",2021-01-02,"quantile",0.1,419.794332904525
"31101",2020-12-12,"39","21  day ahead inc hosp",2021-01-02,"quantile",0.15,444.882867793605
"31102",2020-12-12,"39","21  day ahead inc hosp",2021-01-02,"quantile",0.2,464.822440000705
"31103",2020-12-12,"39","21  day ahead inc hosp",2021-01-02,"quantile",0.25,481.928817501223
"31104",2020-12-12,"39","21  day ahead inc hosp",2021-01-02,"quantile",0.3,497.29087319151
"31105",2020-12-12,"39","21  day ahead inc hosp",2021-01-02,"quantile",0.35,511.526107192521
"31106",2020-12-12,"39","21  day ahead inc hosp",2021-01-02,"quantile",0.4,525.033952192912
"31107",2020-12-12,"39","21  day ahead inc hosp",2021-01-02,"quantile",0.45,538.102948555808
"31108",2020-12-12,"39","21  day ahead inc hosp",2021-01-02,"quantile",0.5,550.964740918888
"31109",2020-12-12,"39","21  day ahead inc hosp",2021-01-02,"quantile",0.55,563.826533281967
"31110",2020-12-12,"39","21  day ahead inc hosp",2021-01-02,"quantile",0.6,576.895529644863
"31111",2020-12-12,"39","21  day ahead inc hosp",2021-01-02,"quantile",0.65,590.403374645254
"31112",2020-12-12,"39","21  day ahead inc hosp",2021-01-02,"quantile",0.7,604.638608646265
"31113",2020-12-12,"39","21  day ahead inc hosp",2021-01-02,"quantile",0.75,620.000664336553
"31114",2020-12-12,"39","21  day ahead inc hosp",2021-01-02,"quantile",0.8,637.10704183707
"31115",2020-12-12,"39","21  day ahead inc hosp",2021-01-02,"quantile",0.85,657.04661404417
"31116",2020-12-12,"39","21  day ahead inc hosp",2021-01-02,"quantile",0.9,682.13514893325
"31117",2020-12-12,"39","21  day ahead inc hosp",2021-01-02,"quantile",0.95,719.320136965275
"31118",2020-12-12,"39","21  day ahead inc hosp",2021-01-02,"quantile",0.975,751.572568537844
"31119",2020-12-12,"39","21  day ahead inc hosp",2021-01-02,"quantile",0.99,789.072990345128
"31120",2020-12-12,"39","22  day ahead inc hosp",2021-01-03,"quantile",0.01,277.333612896311
"31121",2020-12-12,"39","22  day ahead inc hosp",2021-01-03,"quantile",0.025,315.581760835905
"31122",2020-12-12,"39","22  day ahead inc hosp",2021-01-03,"quantile",0.05,348.477278132717
"31123",2020-12-12,"39","22  day ahead inc hosp",2021-01-03,"quantile",0.1,386.403702819083
"31124",2020-12-12,"39","22  day ahead inc hosp",2021-01-03,"quantile",0.15,411.992481498869
"31125",2020-12-12,"39","22  day ahead inc hosp",2021-01-03,"quantile",0.2,432.329631612772
"31126",2020-12-12,"39","22  day ahead inc hosp",2021-01-03,"quantile",0.25,449.777095556317
"31127",2020-12-12,"39","22  day ahead inc hosp",2021-01-03,"quantile",0.3,465.445457414163
"31128",2020-12-12,"39","22  day ahead inc hosp",2021-01-03,"quantile",0.35,479.964529728162
"31129",2020-12-12,"39","22  day ahead inc hosp",2021-01-03,"quantile",0.4,493.74170953097
"31130",2020-12-12,"39","22  day ahead inc hosp",2021-01-03,"quantile",0.45,507.071290432189
"31131",2020-12-12,"39","22  day ahead inc hosp",2021-01-03,"quantile",0.5,520.189535864187
"31132",2020-12-12,"39","22  day ahead inc hosp",2021-01-03,"quantile",0.55,533.307781296186
"31133",2020-12-12,"39","22  day ahead inc hosp",2021-01-03,"quantile",0.6,546.637362197405
"31134",2020-12-12,"39","22  day ahead inc hosp",2021-01-03,"quantile",0.65,560.414542000212
"31135",2020-12-12,"39","22  day ahead inc hosp",2021-01-03,"quantile",0.7,574.933614314211
"31136",2020-12-12,"39","22  day ahead inc hosp",2021-01-03,"quantile",0.75,590.601976172057
"31137",2020-12-12,"39","22  day ahead inc hosp",2021-01-03,"quantile",0.8,608.049440115603
"31138",2020-12-12,"39","22  day ahead inc hosp",2021-01-03,"quantile",0.85,628.386590229505
"31139",2020-12-12,"39","22  day ahead inc hosp",2021-01-03,"quantile",0.9,653.975368909291
"31140",2020-12-12,"39","22  day ahead inc hosp",2021-01-03,"quantile",0.95,691.901793595657
"31141",2020-12-12,"39","22  day ahead inc hosp",2021-01-03,"quantile",0.975,724.797310892469
"31142",2020-12-12,"39","22  day ahead inc hosp",2021-01-03,"quantile",0.99,763.045458832063
"31143",2020-12-12,"39","23  day ahead inc hosp",2021-01-04,"quantile",0.01,276.881744832364
"31144",2020-12-12,"39","23  day ahead inc hosp",2021-01-04,"quantile",0.025,315.86335086244
"31145",2020-12-12,"39","23  day ahead inc hosp",2021-01-04,"quantile",0.05,349.389682580385
"31146",2020-12-12,"39","23  day ahead inc hosp",2021-01-04,"quantile",0.1,388.043395894509
"31147",2020-12-12,"39","23  day ahead inc hosp",2021-01-04,"quantile",0.15,414.122872758633
"31148",2020-12-12,"39","23  day ahead inc hosp",2021-01-04,"quantile",0.2,434.850014233998
"31149",2020-12-12,"39","23  day ahead inc hosp",2021-01-04,"quantile",0.25,452.632056040188
"31150",2020-12-12,"39","23  day ahead inc hosp",2021-01-04,"quantile",0.3,468.600879159254
"31151",2020-12-12,"39","23  day ahead inc hosp",2021-01-04,"quantile",0.35,483.398373609452
"31152",2020-12-12,"39","23  day ahead inc hosp",2021-01-04,"quantile",0.4,497.439748792552
"31153",2020-12-12,"39","23  day ahead inc hosp",2021-01-04,"quantile",0.45,511.024941781713
"31154",2020-12-12,"39","23  day ahead inc hosp",2021-01-04,"quantile",0.5,524.394746668569
"31155",2020-12-12,"39","23  day ahead inc hosp",2021-01-04,"quantile",0.55,537.764551555426
"31156",2020-12-12,"39","23  day ahead inc hosp",2021-01-04,"quantile",0.6,551.349744544587
"31157",2020-12-12,"39","23  day ahead inc hosp",2021-01-04,"quantile",0.65,565.391119727687
"31158",2020-12-12,"39","23  day ahead inc hosp",2021-01-04,"quantile",0.7,580.188614177885
"31159",2020-12-12,"39","23  day ahead inc hosp",2021-01-04,"quantile",0.75,596.157437296951
"31160",2020-12-12,"39","23  day ahead inc hosp",2021-01-04,"quantile",0.8,613.939479103141
"31161",2020-12-12,"39","23  day ahead inc hosp",2021-01-04,"quantile",0.85,634.666620578506
"31162",2020-12-12,"39","23  day ahead inc hosp",2021-01-04,"quantile",0.9,660.74609744263
"31163",2020-12-12,"39","23  day ahead inc hosp",2021-01-04,"quantile",0.95,699.399810756754
"31164",2020-12-12,"39","23  day ahead inc hosp",2021-01-04,"quantile",0.975,732.926142474699
"31165",2020-12-12,"39","23  day ahead inc hosp",2021-01-04,"quantile",0.99,771.907748504775
"31166",2020-12-12,"39","24  day ahead inc hosp",2021-01-05,"quantile",0.01,276.516475694522
"31167",2020-12-12,"39","24  day ahead inc hosp",2021-01-05,"quantile",0.025,316.217987572644
"31168",2020-12-12,"39","24  day ahead inc hosp",2021-01-05,"quantile",0.05,350.363478035579
"31169",2020-12-12,"39","24  day ahead inc hosp",2021-01-05,"quantile",0.1,389.731041729343
"31170",2020-12-12,"39","24  day ahead inc hosp",2021-01-05,"quantile",0.15,416.292150055597
"31171",2020-12-12,"39","24  day ahead inc hosp",2021-01-05,"quantile",0.2,437.402076949035
"31172",2020-12-12,"39","24  day ahead inc hosp",2021-01-05,"quantile",0.25,455.512514560073
"31173",2020-12-12,"39","24  day ahead inc hosp",2021-01-05,"quantile",0.3,471.776247261391
"31174",2020-12-12,"39","24  day ahead inc hosp",2021-01-05,"quantile",0.35,486.847019389858
"31175",2020-12-12,"39","24  day ahead inc hosp",2021-01-05,"quantile",0.4,501.147708365754
"31176",2020-12-12,"39","24  day ahead inc hosp",2021-01-05,"quantile",0.45,514.983790450459
"31177",2020-12-12,"39","24  day ahead inc hosp",2021-01-05,"quantile",0.5,528.600506681036
"31178",2020-12-12,"39","24  day ahead inc hosp",2021-01-05,"quantile",0.55,542.217222911614
"31179",2020-12-12,"39","24  day ahead inc hosp",2021-01-05,"quantile",0.6,556.053304996318
"31180",2020-12-12,"39","24  day ahead inc hosp",2021-01-05,"quantile",0.65,570.353993972214
"31181",2020-12-12,"39","24  day ahead inc hosp",2021-01-05,"quantile",0.7,585.424766100682
"31182",2020-12-12,"39","24  day ahead inc hosp",2021-01-05,"quantile",0.75,601.688498801999
"31183",2020-12-12,"39","24  day ahead inc hosp",2021-01-05,"quantile",0.8,619.798936413037
"31184",2020-12-12,"39","24  day ahead inc hosp",2021-01-05,"quantile",0.85,640.908863306475
"31185",2020-12-12,"39","24  day ahead inc hosp",2021-01-05,"quantile",0.9,667.46997163273
"31186",2020-12-12,"39","24  day ahead inc hosp",2021-01-05,"quantile",0.95,706.837535326493
"31187",2020-12-12,"39","24  day ahead inc hosp",2021-01-05,"quantile",0.975,740.983025789429
"31188",2020-12-12,"39","24  day ahead inc hosp",2021-01-05,"quantile",0.99,780.684537667551
"31189",2020-12-12,"39","25  day ahead inc hosp",2021-01-06,"quantile",0.01,276.23193288368
"31190",2020-12-12,"39","25  day ahead inc hosp",2021-01-06,"quantile",0.025,316.64050347288
"31191",2020-12-12,"39","25  day ahead inc hosp",2021-01-06,"quantile",0.05,351.394103434264
"31192",2020-12-12,"39","25  day ahead inc hosp",2021-01-06,"quantile",0.1,391.462778434041
"31193",2020-12-12,"39","25  day ahead inc hosp",2021-01-06,"quantile",0.15,418.49692322993
"31194",2020-12-12,"39","25  day ahead inc hosp",2021-01-06,"quantile",0.2,439.982804513872
"31195",2020-12-12,"39","25  day ahead inc hosp",2021-01-06,"quantile",0.25,458.415777516348
"31196",2020-12-12,"39","25  day ahead inc hosp",2021-01-06,"quantile",0.3,474.969156967553
"31197",2020-12-12,"39","25  day ahead inc hosp",2021-01-06,"quantile",0.35,490.308329975785
"31198",2020-12-12,"39","25  day ahead inc hosp",2021-01-06,"quantile",0.4,504.863705139599
"31199",2020-12-12,"39","25  day ahead inc hosp",2021-01-06,"quantile",0.45,518.946199058574
"31200",2020-12-12,"39","25  day ahead inc hosp",2021-01-06,"quantile",0.5,532.805420356884
"31201",2020-12-12,"39","25  day ahead inc hosp",2021-01-06,"quantile",0.55,546.664641655195
"31202",2020-12-12,"39","25  day ahead inc hosp",2021-01-06,"quantile",0.6,560.74713557417
"31203",2020-12-12,"39","25  day ahead inc hosp",2021-01-06,"quantile",0.65,575.302510737984
"31204",2020-12-12,"39","25  day ahead inc hosp",2021-01-06,"quantile",0.7,590.641683746216
"31205",2020-12-12,"39","25  day ahead inc hosp",2021-01-06,"quantile",0.75,607.195063197421
"31206",2020-12-12,"39","25  day ahead inc hosp",2021-01-06,"quantile",0.8,625.628036199897
"31207",2020-12-12,"39","25  day ahead inc hosp",2021-01-06,"quantile",0.85,647.113917483839
"31208",2020-12-12,"39","25  day ahead inc hosp",2021-01-06,"quantile",0.9,674.148062279728
"31209",2020-12-12,"39","25  day ahead inc hosp",2021-01-06,"quantile",0.95,714.216737279505
"31210",2020-12-12,"39","25  day ahead inc hosp",2021-01-06,"quantile",0.975,748.970337240889
"31211",2020-12-12,"39","25  day ahead inc hosp",2021-01-06,"quantile",0.99,789.378907830089
"31212",2020-12-12,"39","26  day ahead inc hosp",2021-01-07,"quantile",0.01,276.024435459526
"31213",2020-12-12,"39","26  day ahead inc hosp",2021-01-07,"quantile",0.025,317.127906142394
"31214",2020-12-12,"39","26  day ahead inc hosp",2021-01-07,"quantile",0.05,352.479158520489
"31215",2020-12-12,"39","26  day ahead inc hosp",2021-01-07,"quantile",0.1,393.236888480749
"31216",2020-12-12,"39","26  day ahead inc hosp",2021-01-07,"quantile",0.15,420.735935387179
"31217",2020-12-12,"39","26  day ahead inc hosp",2021-01-07,"quantile",0.2,442.591306130883
"31218",2020-12-12,"39","26  day ahead inc hosp",2021-01-07,"quantile",0.25,461.34126818987
"31219",2020-12-12,"39","26  day ahead inc hosp",2021-01-07,"quantile",0.3,478.17931361078
"31220",2020-12-12,"39","26  day ahead inc hosp",2021-01-07,"quantile",0.35,493.782272063654
"31221",2020-12-12,"39","26  day ahead inc hosp",2021-01-07,"quantile",0.4,508.587953818799
"31222",2020-12-12,"39","26  day ahead inc hosp",2021-01-07,"quantile",0.45,522.91262226166
"31223",2020-12-12,"39","26  day ahead inc hosp",2021-01-07,"quantile",0.5,537.010178498275
"31224",2020-12-12,"39","26  day ahead inc hosp",2021-01-07,"quantile",0.55,551.107734734891
"31225",2020-12-12,"39","26  day ahead inc hosp",2021-01-07,"quantile",0.6,565.432403177752
"31226",2020-12-12,"39","26  day ahead inc hosp",2021-01-07,"quantile",0.65,580.238084932896
"31227",2020-12-12,"39","26  day ahead inc hosp",2021-01-07,"quantile",0.7,595.841043385771
"31228",2020-12-12,"39","26  day ahead inc hosp",2021-01-07,"quantile",0.75,612.67908880668
"31229",2020-12-12,"39","26  day ahead inc hosp",2021-01-07,"quantile",0.8,631.429050865667
"31230",2020-12-12,"39","26  day ahead inc hosp",2021-01-07,"quantile",0.85,653.284421609371
"31231",2020-12-12,"39","26  day ahead inc hosp",2021-01-07,"quantile",0.9,680.783468515801
"31232",2020-12-12,"39","26  day ahead inc hosp",2021-01-07,"quantile",0.95,721.541198476061
"31233",2020-12-12,"39","26  day ahead inc hosp",2021-01-07,"quantile",0.975,756.892450854156
"31234",2020-12-12,"39","26  day ahead inc hosp",2021-01-07,"quantile",0.99,797.995921537024
"31235",2020-12-12,"39","27  day ahead inc hosp",2021-01-08,"quantile",0.01,275.890548943294
"31236",2020-12-12,"39","27  day ahead inc hosp",2021-01-08,"quantile",0.025,317.677373089194
"31237",2020-12-12,"39","27  day ahead inc hosp",2021-01-08,"quantile",0.05,353.616347144649
"31238",2020-12-12,"39","27  day ahead inc hosp",2021-01-08,"quantile",0.1,395.051682558924
"31239",2020-12-12,"39","27  day ahead inc hosp",2021-01-08,"quantile",0.15,423.007906648239
"31240",2020-12-12,"39","27  day ahead inc hosp",2021-01-08,"quantile",0.2,445.226627324088
"31241",2020-12-12,"39","27  day ahead inc hosp",2021-01-08,"quantile",0.25,464.288311271564
"31242",2020-12-12,"39","27  day ahead inc hosp",2021-01-08,"quantile",0.3,481.406292582507
"31243",2020-12-12,"39","27  day ahead inc hosp",2021-01-08,"quantile",0.35,497.268653356285
"31244",2020-12-12,"39","27  day ahead inc hosp",2021-01-08,"quantile",0.4,512.320482546958
"31245",2020-12-12,"39","27  day ahead inc hosp",2021-01-08,"quantile",0.45,526.883301482334
"31246",2020-12-12,"39","27  day ahead inc hosp",2021-01-08,"quantile",0.5,541.21523242538
"31247",2020-12-12,"39","27  day ahead inc hosp",2021-01-08,"quantile",0.55,555.547163368426
"31248",2020-12-12,"39","27  day ahead inc hosp",2021-01-08,"quantile",0.6,570.109982303802
"31249",2020-12-12,"39","27  day ahead inc hosp",2021-01-08,"quantile",0.65,585.161811494475
"31250",2020-12-12,"39","27  day ahead inc hosp",2021-01-08,"quantile",0.7,601.024172268253
"31251",2020-12-12,"39","27  day ahead inc hosp",2021-01-08,"quantile",0.75,618.142153579195
"31252",2020-12-12,"39","27  day ahead inc hosp",2021-01-08,"quantile",0.8,637.203837526672
"31253",2020-12-12,"39","27  day ahead inc hosp",2021-01-08,"quantile",0.85,659.422558202521
"31254",2020-12-12,"39","27  day ahead inc hosp",2021-01-08,"quantile",0.9,687.378782291836
"31255",2020-12-12,"39","27  day ahead inc hosp",2021-01-08,"quantile",0.95,728.814117706111
"31256",2020-12-12,"39","27  day ahead inc hosp",2021-01-08,"quantile",0.975,764.753091761566
"31257",2020-12-12,"39","27  day ahead inc hosp",2021-01-08,"quantile",0.99,806.539915907465
"31258",2020-12-12,"39","28  day ahead inc hosp",2021-01-09,"quantile",0.01,275.826534564257
"31259",2020-12-12,"39","28  day ahead inc hosp",2021-01-09,"quantile",0.025,318.285714386643
"31260",2020-12-12,"39","28  day ahead inc hosp",2021-01-09,"quantile",0.05,354.802951416306
"31261",2020-12-12,"39","28  day ahead inc hosp",2021-01-09,"quantile",0.1,396.904987005632
"31262",2020-12-12,"39","28  day ahead inc hosp",2021-01-09,"quantile",0.15,425.311030537888
"31263",2020-12-12,"39","28  day ahead inc hosp",2021-01-09,"quantile",0.2,447.88725344742
"31264",2020-12-12,"39","28  day ahead inc hosp",2021-01-09,"quantile",0.25,467.255642478793
"31265",2020-12-12,"39","28  day ahead inc hosp",2021-01-09,"quantile",0.3,484.649054434195
"31266",2020-12-12,"39","28  day ahead inc hosp",2021-01-09,"quantile",0.35,500.766642747435
"31267",2020-12-12,"39","28  day ahead inc hosp",2021-01-09,"quantile",0.4,516.060657914303
"31268",2020-12-12,"39","28  day ahead inc hosp",2021-01-09,"quantile",0.45,530.857794584443
"31269",2020-12-12,"39","28  day ahead inc hosp",2021-01-09,"quantile",0.5,545.420328243095
"31270",2020-12-12,"39","28  day ahead inc hosp",2021-01-09,"quantile",0.55,559.982861901746
"31271",2020-12-12,"39","28  day ahead inc hosp",2021-01-09,"quantile",0.6,574.779998571886
"31272",2020-12-12,"39","28  day ahead inc hosp",2021-01-09,"quantile",0.65,590.074013738754
"31273",2020-12-12,"39","28  day ahead inc hosp",2021-01-09,"quantile",0.7,606.191602051995
"31274",2020-12-12,"39","28  day ahead inc hosp",2021-01-09,"quantile",0.75,623.585014007396
"31275",2020-12-12,"39","28  day ahead inc hosp",2021-01-09,"quantile",0.8,642.95340303877
"31276",2020-12-12,"39","28  day ahead inc hosp",2021-01-09,"quantile",0.85,665.529625948302
"31277",2020-12-12,"39","28  day ahead inc hosp",2021-01-09,"quantile",0.9,693.935669480558
"31278",2020-12-12,"39","28  day ahead inc hosp",2021-01-09,"quantile",0.95,736.037705069884
"31279",2020-12-12,"39","28  day ahead inc hosp",2021-01-09,"quantile",0.975,772.554942099546
"31280",2020-12-12,"39","28  day ahead inc hosp",2021-01-09,"quantile",0.99,815.014121921932
"31281",2020-12-12,"39","29  day ahead inc hosp",2021-01-10,"quantile",0.01,264.141944877418
"31282",2020-12-12,"39","29  day ahead inc hosp",2021-01-10,"quantile",0.025,307.26299557014
"31283",2020-12-12,"39","29  day ahead inc hosp",2021-01-10,"quantile",0.05,344.349478062297
"31284",2020-12-12,"39","29  day ahead inc hosp",2021-01-10,"quantile",0.1,387.107817213186
"31285",2020-12-12,"39","29  day ahead inc hosp",2021-01-10,"quantile",0.15,415.95666564262
"31286",2020-12-12,"39","29  day ahead inc hosp",2021-01-10,"quantile",0.2,438.884815847228
"31287",2020-12-12,"39","29  day ahead inc hosp",2021-01-10,"quantile",0.25,458.555127161576
"31288",2020-12-12,"39","29  day ahead inc hosp",2021-01-10,"quantile",0.3,476.21967465839
"31289",2020-12-12,"39","29  day ahead inc hosp",2021-01-10,"quantile",0.35,492.588510458022
"31290",2020-12-12,"39","29  day ahead inc hosp",2021-01-10,"quantile",0.4,508.12093491993
"31291",2020-12-12,"39","29  day ahead inc hosp",2021-01-10,"quantile",0.45,523.148735342109
"31292",2020-12-12,"39","29  day ahead inc hosp",2021-01-10,"quantile",0.5,537.938275666158
"31293",2020-12-12,"39","29  day ahead inc hosp",2021-01-10,"quantile",0.55,552.727815990206
"31294",2020-12-12,"39","29  day ahead inc hosp",2021-01-10,"quantile",0.6,567.755616412385
"31295",2020-12-12,"39","29  day ahead inc hosp",2021-01-10,"quantile",0.65,583.288040874293
"31296",2020-12-12,"39","29  day ahead inc hosp",2021-01-10,"quantile",0.7,599.656876673925
"31297",2020-12-12,"39","29  day ahead inc hosp",2021-01-10,"quantile",0.75,617.321424170739
"31298",2020-12-12,"39","29  day ahead inc hosp",2021-01-10,"quantile",0.8,636.991735485087
"31299",2020-12-12,"39","29  day ahead inc hosp",2021-01-10,"quantile",0.85,659.919885689695
"31300",2020-12-12,"39","29  day ahead inc hosp",2021-01-10,"quantile",0.9,688.76873411913
"31301",2020-12-12,"39","29  day ahead inc hosp",2021-01-10,"quantile",0.95,731.527073270018
"31302",2020-12-12,"39","29  day ahead inc hosp",2021-01-10,"quantile",0.975,768.613555762175
"31303",2020-12-12,"39","29  day ahead inc hosp",2021-01-10,"quantile",0.99,811.734606454897
"31304",2020-12-12,"39","30  day ahead inc hosp",2021-01-11,"quantile",0.01,264.207924875017
"31305",2020-12-12,"39","30  day ahead inc hosp",2021-01-11,"quantile",0.025,307.980840176884
"31306",2020-12-12,"39","30  day ahead inc hosp",2021-01-11,"quantile",0.05,345.627962194886
"31307",2020-12-12,"39","30  day ahead inc hosp",2021-01-11,"quantile",0.1,389.032682813537
"31308",2020-12-12,"39","30  day ahead inc hosp",2021-01-11,"quantile",0.15,418.317641750568
"31309",2020-12-12,"39","30  day ahead inc hosp",2021-01-11,"quantile",0.2,441.59239876163
"31310",2020-12-12,"39","30  day ahead inc hosp",2021-01-11,"quantile",0.25,461.560067853461
"31311",2020-12-12,"39","30  day ahead inc hosp",2021-01-11,"quantile",0.3,479.491651824681
"31312",2020-12-12,"39","30  day ahead inc hosp",2021-01-11,"quantile",0.35,496.107936714242
"31313",2020-12-12,"39","30  day ahead inc hosp",2021-01-11,"quantile",0.4,511.875166164393
"31314",2020-12-12,"39","30  day ahead inc hosp",2021-01-11,"quantile",0.45,527.130143130073
"31315",2020-12-12,"39","30  day ahead inc hosp",2021-01-11,"quantile",0.5,542.143258199353
"31316",2020-12-12,"39","30  day ahead inc hosp",2021-01-11,"quantile",0.55,557.156373268634
"31317",2020-12-12,"39","30  day ahead inc hosp",2021-01-11,"quantile",0.6,572.411350234314
"31318",2020-12-12,"39","30  day ahead inc hosp",2021-01-11,"quantile",0.65,588.178579684465
"31319",2020-12-12,"39","30  day ahead inc hosp",2021-01-11,"quantile",0.7,604.794864574026
"31320",2020-12-12,"39","30  day ahead inc hosp",2021-01-11,"quantile",0.75,622.726448545246
"31321",2020-12-12,"39","30  day ahead inc hosp",2021-01-11,"quantile",0.8,642.694117637077
"31322",2020-12-12,"39","30  day ahead inc hosp",2021-01-11,"quantile",0.85,665.968874648139
"31323",2020-12-12,"39","30  day ahead inc hosp",2021-01-11,"quantile",0.9,695.25383358517
"31324",2020-12-12,"39","30  day ahead inc hosp",2021-01-11,"quantile",0.95,738.658554203821
"31325",2020-12-12,"39","30  day ahead inc hosp",2021-01-11,"quantile",0.975,776.305676221823
"31326",2020-12-12,"39","30  day ahead inc hosp",2021-01-11,"quantile",0.99,820.07859152369
"31327",2020-12-12,"39","31  day ahead inc hosp",2021-01-12,"quantile",0.01,264.334675264756
"31328",2020-12-12,"39","31  day ahead inc hosp",2021-01-12,"quantile",0.025,308.749889866359
"31329",2020-12-12,"39","31  day ahead inc hosp",2021-01-12,"quantile",0.05,346.949424716415
"31330",2020-12-12,"39","31  day ahead inc hosp",2021-01-12,"quantile",0.1,390.991041951761
"31331",2020-12-12,"39","31  day ahead inc hosp",2021-01-12,"quantile",0.15,420.705712012402
"31332",2020-12-12,"39","31  day ahead inc hosp",2021-01-12,"quantile",0.2,444.321989802389
"31333",2020-12-12,"39","31  day ahead inc hosp",2021-01-12,"quantile",0.25,464.58265331295
"31334",2020-12-12,"39","31  day ahead inc hosp",2021-01-12,"quantile",0.3,482.777355327564
"31335",2020-12-12,"39","31  day ahead inc hosp",2021-01-12,"quantile",0.35,499.637458296756
"31336",2020-12-12,"39","31  day ahead inc hosp",2021-01-12,"quantile",0.4,515.636047261455
"31337",2020-12-12,"39","31  day ahead inc hosp",2021-01-12,"quantile",0.45,531.114867234963
"31338",2020-12-12,"39","31  day ahead inc hosp",2021-01-12,"quantile",0.5,546.34827636575
"31339",2020-12-12,"39","31  day ahead inc hosp",2021-01-12,"quantile",0.55,561.581685496537
"31340",2020-12-12,"39","31  day ahead inc hosp",2021-01-12,"quantile",0.6,577.060505470045
"31341",2020-12-12,"39","31  day ahead inc hosp",2021-01-12,"quantile",0.65,593.059094434744
"31342",2020-12-12,"39","31  day ahead inc hosp",2021-01-12,"quantile",0.7,609.919197403936
"31343",2020-12-12,"39","31  day ahead inc hosp",2021-01-12,"quantile",0.75,628.113899418551
"31344",2020-12-12,"39","31  day ahead inc hosp",2021-01-12,"quantile",0.8,648.374562929112
"31345",2020-12-12,"39","31  day ahead inc hosp",2021-01-12,"quantile",0.85,671.990840719099
"31346",2020-12-12,"39","31  day ahead inc hosp",2021-01-12,"quantile",0.9,701.70551077974
"31347",2020-12-12,"39","31  day ahead inc hosp",2021-01-12,"quantile",0.95,745.747128015085
"31348",2020-12-12,"39","31  day ahead inc hosp",2021-01-12,"quantile",0.975,783.946662865142
"31349",2020-12-12,"39","31  day ahead inc hosp",2021-01-12,"quantile",0.99,828.361877466744
"31350",2020-12-12,"39","32  day ahead inc hosp",2021-01-13,"quantile",0.01,264.519571010953
"31351",2020-12-12,"39","32  day ahead inc hosp",2021-01-13,"quantile",0.025,309.567927760693
"31352",2020-12-12,"39","32  day ahead inc hosp",2021-01-13,"quantile",0.05,348.31199978725
"31353",2020-12-12,"39","32  day ahead inc hosp",2021-01-13,"quantile",0.1,392.981433512822
"31354",2020-12-12,"39","32  day ahead inc hosp",2021-01-13,"quantile",0.15,423.119688378854
"31355",2020-12-12,"39","32  day ahead inc hosp",2021-01-13,"quantile",0.2,447.072617944254
"31356",2020-12-12,"39","32  day ahead inc hosp",2021-01-13,"quantile",0.25,467.622098702077
"31357",2020-12-12,"39","32  day ahead inc hosp",2021-01-13,"quantile",0.3,486.076167531005
"31358",2020-12-12,"39","32  day ahead inc hosp",2021-01-13,"quantile",0.35,503.17661250704
"31359",2020-12-12,"39","32  day ahead inc hosp",2021-01-13,"quantile",0.4,519.403262533138
"31360",2020-12-12,"39","32  day ahead inc hosp",2021-01-13,"quantile",0.45,535.102734222878
"31361",2020-12-12,"39","32  day ahead inc hosp",2021-01-13,"quantile",0.5,550.553296720299
"31362",2020-12-12,"39","32  day ahead inc hosp",2021-01-13,"quantile",0.55,566.003859217721
"31363",2020-12-12,"39","32  day ahead inc hosp",2021-01-13,"quantile",0.6,581.703330907461
"31364",2020-12-12,"39","32  day ahead inc hosp",2021-01-13,"quantile",0.65,597.929980933558
"31365",2020-12-12,"39","32  day ahead inc hosp",2021-01-13,"quantile",0.7,615.030425909594
"31366",2020-12-12,"39","32  day ahead inc hosp",2021-01-13,"quantile",0.75,633.484494738522
"31367",2020-12-12,"39","32  day ahead inc hosp",2021-01-13,"quantile",0.8,654.033975496345
"31368",2020-12-12,"39","32  day ahead inc hosp",2021-01-13,"quantile",0.85,677.986905061745
"31369",2020-12-12,"39","32  day ahead inc hosp",2021-01-13,"quantile",0.9,708.125159927776
"31370",2020-12-12,"39","32  day ahead inc hosp",2021-01-13,"quantile",0.95,752.794593653348
"31371",2020-12-12,"39","32  day ahead inc hosp",2021-01-13,"quantile",0.975,791.538665679905
"31372",2020-12-12,"39","32  day ahead inc hosp",2021-01-13,"quantile",0.99,836.587022429646
"31373",2020-12-12,"39","33  day ahead inc hosp",2021-01-14,"quantile",0.01,264.760180141148
"31374",2020-12-12,"39","33  day ahead inc hosp",2021-01-14,"quantile",0.025,310.432902626913
"31375",2020-12-12,"39","33  day ahead inc hosp",2021-01-14,"quantile",0.05,349.713963631378
"31376",2020-12-12,"39","33  day ahead inc hosp",2021-01-14,"quantile",0.1,395.002511257615
"31377",2020-12-12,"39","33  day ahead inc hosp",2021-01-14,"quantile",0.15,425.558479333175
"31378",2020-12-12,"39","33  day ahead inc hosp",2021-01-14,"quantile",0.2,449.84339411573
"31379",2020-12-12,"39","33  day ahead inc hosp",2021-01-14,"quantile",0.25,470.677688629348
"31380",2020-12-12,"39","33  day ahead inc hosp",2021-01-14,"quantile",0.3,489.387529013519
"31381",2020-12-12,"39","33  day ahead inc hosp",2021-01-14,"quantile",0.35,506.724984453069
"31382",2020-12-12,"39","33  day ahead inc hosp",2021-01-14,"quantile",0.4,523.176534231738
"31383",2020-12-12,"39","33  day ahead inc hosp",2021-01-14,"quantile",0.45,539.093599034834
"31384",2020-12-12,"39","33  day ahead inc hosp",2021-01-14,"quantile",0.5,554.758304789007
"31385",2020-12-12,"39","33  day ahead inc hosp",2021-01-14,"quantile",0.55,570.42301054318
"31386",2020-12-12,"39","33  day ahead inc hosp",2021-01-14,"quantile",0.6,586.340075346277
"31387",2020-12-12,"39","33  day ahead inc hosp",2021-01-14,"quantile",0.65,602.791625124946
"31388",2020-12-12,"39","33  day ahead inc hosp",2021-01-14,"quantile",0.7,620.129080564496
"31389",2020-12-12,"39","33  day ahead inc hosp",2021-01-14,"quantile",0.75,638.838920948666
"31390",2020-12-12,"39","33  day ahead inc hosp",2021-01-14,"quantile",0.8,659.673215462285
"31391",2020-12-12,"39","33  day ahead inc hosp",2021-01-14,"quantile",0.85,683.95813024484
"31392",2020-12-12,"39","33  day ahead inc hosp",2021-01-14,"quantile",0.9,714.5140983204
"31393",2020-12-12,"39","33  day ahead inc hosp",2021-01-14,"quantile",0.95,759.802645946637
"31394",2020-12-12,"39","33  day ahead inc hosp",2021-01-14,"quantile",0.975,799.083706951102
"31395",2020-12-12,"39","33  day ahead inc hosp",2021-01-14,"quantile",0.99,844.756429436867
"31396",2020-12-12,"39","34  day ahead inc hosp",2021-01-15,"quantile",0.01,265.054257567665
"31397",2020-12-12,"39","34  day ahead inc hosp",2021-01-15,"quantile",0.025,311.342924854604
"31398",2020-12-12,"39","34  day ahead inc hosp",2021-01-15,"quantile",0.05,351.153732368439
"31399",2020-12-12,"39","34  day ahead inc hosp",2021-01-15,"quantile",0.1,397.053043792954
"31400",2020-12-12,"39","34  day ahead inc hosp",2021-01-15,"quantile",0.15,428.021091303605
"31401",2020-12-12,"39","34  day ahead inc hosp",2021-01-15,"quantile",0.2,452.633513757986
"31402",2020-12-12,"39","34  day ahead inc hosp",2021-01-15,"quantile",0.25,473.748780692195
"31403",2020-12-12,"39","34  day ahead inc hosp",2021-01-15,"quantile",0.3,492.710942993873
"31404",2020-12-12,"39","34  day ahead inc hosp",2021-01-15,"quantile",0.35,510.282212293477
"31405",2020-12-12,"39","34  day ahead inc hosp",2021-01-15,"quantile",0.4,526.95562856063
"31406",2020-12-12,"39","34  day ahead inc hosp",2021-01-15,"quantile",0.45,543.087351758975
"31407",2020-12-12,"39","34  day ahead inc hosp",2021-01-15,"quantile",0.5,558.963312580639
"31408",2020-12-12,"39","34  day ahead inc hosp",2021-01-15,"quantile",0.55,574.839273402302
"31409",2020-12-12,"39","34  day ahead inc hosp",2021-01-15,"quantile",0.6,590.970996600647
"31410",2020-12-12,"39","34  day ahead inc hosp",2021-01-15,"quantile",0.65,607.6444128678
"31411",2020-12-12,"39","34  day ahead inc hosp",2021-01-15,"quantile",0.7,625.215682167404
"31412",2020-12-12,"39","34  day ahead inc hosp",2021-01-15,"quantile",0.75,644.177844469083
"31413",2020-12-12,"39","34  day ahead inc hosp",2021-01-15,"quantile",0.8,665.293111403291
"31414",2020-12-12,"39","34  day ahead inc hosp",2021-01-15,"quantile",0.85,689.905533857672
"31415",2020-12-12,"39","34  day ahead inc hosp",2021-01-15,"quantile",0.9,720.873581368323
"31416",2020-12-12,"39","34  day ahead inc hosp",2021-01-15,"quantile",0.95,766.772892792838
"31417",2020-12-12,"39","34  day ahead inc hosp",2021-01-15,"quantile",0.975,806.583700306673
"31418",2020-12-12,"39","34  day ahead inc hosp",2021-01-15,"quantile",0.99,852.872367593612
"31419",2020-12-12,"39","35  day ahead inc hosp",2021-01-16,"quantile",0.01,265.399700883847
"31420",2020-12-12,"39","35  day ahead inc hosp",2021-01-16,"quantile",0.025,312.296223859675
"31421",2020-12-12,"39","35  day ahead inc hosp",2021-01-16,"quantile",0.05,352.629820800057
"31422",2020-12-12,"39","35  day ahead inc hosp",2021-01-16,"quantile",0.1,399.131874951912
"31423",2020-12-12,"39","35  day ahead inc hosp",2021-01-16,"quantile",0.15,430.506590119172
"31424",2020-12-12,"39","35  day ahead inc hosp",2021-01-16,"quantile",0.2,455.442219135398
"31425",2020-12-12,"39","35  day ahead inc hosp",2021-01-16,"quantile",0.25,476.834768520813
"31426",2020-12-12,"39","35  day ahead inc hosp",2021-01-16,"quantile",0.3,496.045939033449
"31427",2020-12-12,"39","35  day ahead inc hosp",2021-01-16,"quantile",0.35,513.847951550146
"31428",2020-12-12,"39","35  day ahead inc hosp",2021-01-16,"quantile",0.4,530.740320565893
"31429",2020-12-12,"39","35  day ahead inc hosp",2021-01-16,"quantile",0.45,547.083883082421
"31430",2020-12-12,"39","35  day ahead inc hosp",2021-01-16,"quantile",0.5,563.168324589912
"31431",2020-12-12,"39","35  day ahead inc hosp",2021-01-16,"quantile",0.55,579.252766097403
"31432",2020-12-12,"39","35  day ahead inc hosp",2021-01-16,"quantile",0.6,595.596328613932
"31433",2020-12-12,"39","35  day ahead inc hosp",2021-01-16,"quantile",0.65,612.488697629678
"31434",2020-12-12,"39","35  day ahead inc hosp",2021-01-16,"quantile",0.7,630.290710146375
"31435",2020-12-12,"39","35  day ahead inc hosp",2021-01-16,"quantile",0.75,649.501880659011
"31436",2020-12-12,"39","35  day ahead inc hosp",2021-01-16,"quantile",0.8,670.894430044426
"31437",2020-12-12,"39","35  day ahead inc hosp",2021-01-16,"quantile",0.85,695.830059060653
"31438",2020-12-12,"39","35  day ahead inc hosp",2021-01-16,"quantile",0.9,727.204774227912
"31439",2020-12-12,"39","35  day ahead inc hosp",2021-01-16,"quantile",0.95,773.706828379767
"31440",2020-12-12,"39","35  day ahead inc hosp",2021-01-16,"quantile",0.975,814.040425320149
"31441",2020-12-12,"39","35  day ahead inc hosp",2021-01-16,"quantile",0.99,860.936948295977
"31442",2020-12-12,"39","36  day ahead inc hosp",2021-01-17,"quantile",0.01,250.148425072387
"31443",2020-12-12,"39","36  day ahead inc hosp",2021-01-17,"quantile",0.025,297.645025084359
"31444",2020-12-12,"39","36  day ahead inc hosp",2021-01-17,"quantile",0.05,338.494721380796
"31445",2020-12-12,"39","36  day ahead inc hosp",2021-01-17,"quantile",0.1,385.591805037172
"31446",2020-12-12,"39","36  day ahead inc hosp",2021-01-17,"quantile",0.15,417.367983786224
"31447",2020-12-12,"39","36  day ahead inc hosp",2021-01-17,"quantile",0.2,442.622683330604
"31448",2020-12-12,"39","36  day ahead inc hosp",2021-01-17,"quantile",0.25,464.288966818595
"31449",2020-12-12,"39","36  day ahead inc hosp",2021-01-17,"quantile",0.3,483.745959015454
"31450",2020-12-12,"39","36  day ahead inc hosp",2021-01-17,"quantile",0.35,501.775761957338
"31451",2020-12-12,"39","36  day ahead inc hosp",2021-01-17,"quantile",0.4,518.884281810912
"31452",2020-12-12,"39","36  day ahead inc hosp",2021-01-17,"quantile",0.45,535.436972764532
"31453",2020-12-12,"39","36  day ahead inc hosp",2021-01-17,"quantile",0.5,551.727227056754
"31454",2020-12-12,"39","36  day ahead inc hosp",2021-01-17,"quantile",0.55,568.017481348976
"31455",2020-12-12,"39","36  day ahead inc hosp",2021-01-17,"quantile",0.6,584.570172302596
"31456",2020-12-12,"39","36  day ahead inc hosp",2021-01-17,"quantile",0.65,601.67869215617
"31457",2020-12-12,"39","36  day ahead inc hosp",2021-01-17,"quantile",0.7,619.708495098054
"31458",2020-12-12,"39","36  day ahead inc hosp",2021-01-17,"quantile",0.75,639.165487294912
"31459",2020-12-12,"39","36  day ahead inc hosp",2021-01-17,"quantile",0.8,660.831770782904
"31460",2020-12-12,"39","36  day ahead inc hosp",2021-01-17,"quantile",0.85,686.086470327284
"31461",2020-12-12,"39","36  day ahead inc hosp",2021-01-17,"quantile",0.9,717.862649076335
"31462",2020-12-12,"39","36  day ahead inc hosp",2021-01-17,"quantile",0.95,764.959732732711
"31463",2020-12-12,"39","36  day ahead inc hosp",2021-01-17,"quantile",0.975,805.809429029148
"31464",2020-12-12,"39","36  day ahead inc hosp",2021-01-17,"quantile",0.99,853.306029041121
"31465",2020-12-12,"39","37  day ahead inc hosp",2021-01-18,"quantile",0.01,250.590798769005
"31466",2020-12-12,"39","37  day ahead inc hosp",2021-01-18,"quantile",0.025,298.679988359833
"31467",2020-12-12,"39","37  day ahead inc hosp",2021-01-18,"quantile",0.05,340.039344385988
"31468",2020-12-12,"39","37  day ahead inc hosp",2021-01-18,"quantile",0.1,387.72403307014
"31469",2020-12-12,"39","37  day ahead inc hosp",2021-01-18,"quantile",0.15,419.896666141769
"31470",2020-12-12,"39","37  day ahead inc hosp",2021-01-18,"quantile",0.2,445.466455013877
"31471",2020-12-12,"39","37  day ahead inc hosp",2021-01-18,"quantile",0.25,467.403057088973
"31472",2020-12-12,"39","37  day ahead inc hosp",2021-01-18,"quantile",0.3,487.102803731599
"31473",2020-12-12,"39","37  day ahead inc hosp",2021-01-18,"quantile",0.35,505.35755484513
"31474",2020-12-12,"39","37  day ahead inc hosp",2021-01-18,"quantile",0.4,522.679528515868
"31475",2020-12-12,"39","37  day ahead inc hosp",2021-01-18,"quantile",0.45,539.438738507875
"31476",2020-12-12,"39","37  day ahead inc hosp",2021-01-18,"quantile",0.5,555.932237557154
"31477",2020-12-12,"39","37  day ahead inc hosp",2021-01-18,"quantile",0.55,572.425736606433
"31478",2020-12-12,"39","37  day ahead inc hosp",2021-01-18,"quantile",0.6,589.184946598441
"31479",2020-12-12,"39","37  day ahead inc hosp",2021-01-18,"quantile",0.65,606.506920269179
"31480",2020-12-12,"39","37  day ahead inc hosp",2021-01-18,"quantile",0.7,624.76167138271
"31481",2020-12-12,"39","37  day ahead inc hosp",2021-01-18,"quantile",0.75,644.461418025336
"31482",2020-12-12,"39","37  day ahead inc hosp",2021-01-18,"quantile",0.8,666.398020100432
"31483",2020-12-12,"39","37  day ahead inc hosp",2021-01-18,"quantile",0.85,691.96780897254
"31484",2020-12-12,"39","37  day ahead inc hosp",2021-01-18,"quantile",0.9,724.140442044169
"31485",2020-12-12,"39","37  day ahead inc hosp",2021-01-18,"quantile",0.95,771.82513072832
"31486",2020-12-12,"39","37  day ahead inc hosp",2021-01-18,"quantile",0.975,813.184486754476
"31487",2020-12-12,"39","37  day ahead inc hosp",2021-01-18,"quantile",0.99,861.273676345304
"31488",2020-12-12,"40","1  day ahead inc hosp",2020-12-13,"quantile",0.01,181.85651671117
"31489",2020-12-12,"40","1  day ahead inc hosp",2020-12-13,"quantile",0.025,189.298319461646
"31490",2020-12-12,"40","1  day ahead inc hosp",2020-12-13,"quantile",0.05,195.698680375444
"31491",2020-12-12,"40","1  day ahead inc hosp",2020-12-13,"quantile",0.1,203.07788660505
"31492",2020-12-12,"40","1  day ahead inc hosp",2020-12-13,"quantile",0.15,208.056602015305
"31493",2020-12-12,"40","1  day ahead inc hosp",2020-12-13,"quantile",0.2,212.013527194885
"31494",2020-12-12,"40","1  day ahead inc hosp",2020-12-13,"quantile",0.25,215.408216667666
"31495",2020-12-12,"40","1  day ahead inc hosp",2020-12-13,"quantile",0.3,218.456752731512
"31496",2020-12-12,"40","1  day ahead inc hosp",2020-12-13,"quantile",0.35,221.28167571736
"31497",2020-12-12,"40","1  day ahead inc hosp",2020-12-13,"quantile",0.4,223.962251381109
"31498",2020-12-12,"40","1  day ahead inc hosp",2020-12-13,"quantile",0.45,226.555739357836
"31499",2020-12-12,"40","1  day ahead inc hosp",2020-12-13,"quantile",0.5,229.108108562521
"31500",2020-12-12,"40","1  day ahead inc hosp",2020-12-13,"quantile",0.55,231.660477767206
"31501",2020-12-12,"40","1  day ahead inc hosp",2020-12-13,"quantile",0.6,234.253965743933
"31502",2020-12-12,"40","1  day ahead inc hosp",2020-12-13,"quantile",0.65,236.934541407682
"31503",2020-12-12,"40","1  day ahead inc hosp",2020-12-13,"quantile",0.7,239.75946439353
"31504",2020-12-12,"40","1  day ahead inc hosp",2020-12-13,"quantile",0.75,242.808000457376
"31505",2020-12-12,"40","1  day ahead inc hosp",2020-12-13,"quantile",0.8,246.202689930157
"31506",2020-12-12,"40","1  day ahead inc hosp",2020-12-13,"quantile",0.85,250.159615109737
"31507",2020-12-12,"40","1  day ahead inc hosp",2020-12-13,"quantile",0.9,255.138330519992
"31508",2020-12-12,"40","1  day ahead inc hosp",2020-12-13,"quantile",0.95,262.517536749598
"31509",2020-12-12,"40","1  day ahead inc hosp",2020-12-13,"quantile",0.975,268.917897663396
"31510",2020-12-12,"40","1  day ahead inc hosp",2020-12-13,"quantile",0.99,276.359700413872
"31511",2020-12-12,"40","2  day ahead inc hosp",2020-12-14,"quantile",0.01,177.791056797666
"31512",2020-12-12,"40","2  day ahead inc hosp",2020-12-14,"quantile",0.025,186.438545660024
"31513",2020-12-12,"40","2  day ahead inc hosp",2020-12-14,"quantile",0.05,193.875863145172
"31514",2020-12-12,"40","2  day ahead inc hosp",2020-12-14,"quantile",0.1,202.450613890812
"31515",2020-12-12,"40","2  day ahead inc hosp",2020-12-14,"quantile",0.15,208.235957510175
"31516",2020-12-12,"40","2  day ahead inc hosp",2020-12-14,"quantile",0.2,212.83396521972
"31517",2020-12-12,"40","2  day ahead inc hosp",2020-12-14,"quantile",0.25,216.77864642014
"31518",2020-12-12,"40","2  day ahead inc hosp",2020-12-14,"quantile",0.3,220.321092053615
"31519",2020-12-12,"40","2  day ahead inc hosp",2020-12-14,"quantile",0.35,223.603695862964
"31520",2020-12-12,"40","2  day ahead inc hosp",2020-12-14,"quantile",0.4,226.718565871511
"31521",2020-12-12,"40","2  day ahead inc hosp",2020-12-14,"quantile",0.45,229.732238652876
"31522",2020-12-12,"40","2  day ahead inc hosp",2020-12-14,"quantile",0.5,232.69813079087
"31523",2020-12-12,"40","2  day ahead inc hosp",2020-12-14,"quantile",0.55,235.664022928864
"31524",2020-12-12,"40","2  day ahead inc hosp",2020-12-14,"quantile",0.6,238.67769571023
"31525",2020-12-12,"40","2  day ahead inc hosp",2020-12-14,"quantile",0.65,241.792565718776
"31526",2020-12-12,"40","2  day ahead inc hosp",2020-12-14,"quantile",0.7,245.075169528125
"31527",2020-12-12,"40","2  day ahead inc hosp",2020-12-14,"quantile",0.75,248.6176151616
"31528",2020-12-12,"40","2  day ahead inc hosp",2020-12-14,"quantile",0.8,252.56229636202
"31529",2020-12-12,"40","2  day ahead inc hosp",2020-12-14,"quantile",0.85,257.160304071565
"31530",2020-12-12,"40","2  day ahead inc hosp",2020-12-14,"quantile",0.9,262.945647690928
"31531",2020-12-12,"40","2  day ahead inc hosp",2020-12-14,"quantile",0.95,271.520398436568
"31532",2020-12-12,"40","2  day ahead inc hosp",2020-12-14,"quantile",0.975,278.957715921716
"31533",2020-12-12,"40","2  day ahead inc hosp",2020-12-14,"quantile",0.99,287.605204784074
"31534",2020-12-12,"40","3  day ahead inc hosp",2020-12-15,"quantile",0.01,176.113765831529
"31535",2020-12-12,"40","3  day ahead inc hosp",2020-12-15,"quantile",0.025,185.416025616715
"31536",2020-12-12,"40","3  day ahead inc hosp",2020-12-15,"quantile",0.05,193.416482217812
"31537",2020-12-12,"40","3  day ahead inc hosp",2020-12-15,"quantile",0.1,202.640496298522
"31538",2020-12-12,"40","3  day ahead inc hosp",2020-12-15,"quantile",0.15,208.863894807672
"31539",2020-12-12,"40","3  day ahead inc hosp",2020-12-15,"quantile",0.2,213.810054656997
"31540",2020-12-12,"40","3  day ahead inc hosp",2020-12-15,"quantile",0.25,218.053419393294
"31541",2020-12-12,"40","3  day ahead inc hosp",2020-12-15,"quantile",0.3,221.864092073189
"31542",2020-12-12,"40","3  day ahead inc hosp",2020-12-15,"quantile",0.35,225.395248214868
"31543",2020-12-12,"40","3  day ahead inc hosp",2020-12-15,"quantile",0.4,228.745970080809
"31544",2020-12-12,"40","3  day ahead inc hosp",2020-12-15,"quantile",0.45,231.987832263695
"31545",2020-12-12,"40","3  day ahead inc hosp",2020-12-15,"quantile",0.5,235.17829594646
"31546",2020-12-12,"40","3  day ahead inc hosp",2020-12-15,"quantile",0.55,238.368759629225
"31547",2020-12-12,"40","3  day ahead inc hosp",2020-12-15,"quantile",0.6,241.610621812111
"31548",2020-12-12,"40","3  day ahead inc hosp",2020-12-15,"quantile",0.65,244.961343678052
"31549",2020-12-12,"40","3  day ahead inc hosp",2020-12-15,"quantile",0.7,248.492499819731
"31550",2020-12-12,"40","3  day ahead inc hosp",2020-12-15,"quantile",0.75,252.303172499626
"31551",2020-12-12,"40","3  day ahead inc hosp",2020-12-15,"quantile",0.8,256.546537235923
"31552",2020-12-12,"40","3  day ahead inc hosp",2020-12-15,"quantile",0.85,261.492697085248
"31553",2020-12-12,"40","3  day ahead inc hosp",2020-12-15,"quantile",0.9,267.716095594398
"31554",2020-12-12,"40","3  day ahead inc hosp",2020-12-15,"quantile",0.95,276.940109675108
"31555",2020-12-12,"40","3  day ahead inc hosp",2020-12-15,"quantile",0.975,284.940566276205
"31556",2020-12-12,"40","3  day ahead inc hosp",2020-12-15,"quantile",0.99,294.242826061392
"31557",2020-12-12,"40","4  day ahead inc hosp",2020-12-16,"quantile",0.01,175.014519195125
"31558",2020-12-12,"40","4  day ahead inc hosp",2020-12-16,"quantile",0.025,184.824338420292
"31559",2020-12-12,"40","4  day ahead inc hosp",2020-12-16,"quantile",0.05,193.261324140744
"31560",2020-12-12,"40","4  day ahead inc hosp",2020-12-16,"quantile",0.1,202.988628339049
"31561",2020-12-12,"40","4  day ahead inc hosp",2020-12-16,"quantile",0.15,209.551594301164
"31562",2020-12-12,"40","4  day ahead inc hosp",2020-12-16,"quantile",0.2,214.767631597599
"31563",2020-12-12,"40","4  day ahead inc hosp",2020-12-16,"quantile",0.25,219.242527153173
"31564",2020-12-12,"40","4  day ahead inc hosp",2020-12-16,"quantile",0.3,223.261121664539
"31565",2020-12-12,"40","4  day ahead inc hosp",2020-12-16,"quantile",0.35,226.984948369623
"31566",2020-12-12,"40","4  day ahead inc hosp",2020-12-16,"quantile",0.4,230.51849575894
"31567",2020-12-12,"40","4  day ahead inc hosp",2020-12-16,"quantile",0.45,233.937243751515
"31568",2020-12-12,"40","4  day ahead inc hosp",2020-12-16,"quantile",0.5,237.301788786285
"31569",2020-12-12,"40","4  day ahead inc hosp",2020-12-16,"quantile",0.55,240.666333821054
"31570",2020-12-12,"40","4  day ahead inc hosp",2020-12-16,"quantile",0.6,244.085081813629
"31571",2020-12-12,"40","4  day ahead inc hosp",2020-12-16,"quantile",0.65,247.618629202946
"31572",2020-12-12,"40","4  day ahead inc hosp",2020-12-16,"quantile",0.7,251.34245590803
"31573",2020-12-12,"40","4  day ahead inc hosp",2020-12-16,"quantile",0.75,255.361050419397
"31574",2020-12-12,"40","4  day ahead inc hosp",2020-12-16,"quantile",0.8,259.83594597497
"31575",2020-12-12,"40","4  day ahead inc hosp",2020-12-16,"quantile",0.85,265.051983271405
"31576",2020-12-12,"40","4  day ahead inc hosp",2020-12-16,"quantile",0.9,271.61494923352
"31577",2020-12-12,"40","4  day ahead inc hosp",2020-12-16,"quantile",0.95,281.342253431825
"31578",2020-12-12,"40","4  day ahead inc hosp",2020-12-16,"quantile",0.975,289.779239152277
"31579",2020-12-12,"40","4  day ahead inc hosp",2020-12-16,"quantile",0.99,299.589058377444
"31580",2020-12-12,"40","5  day ahead inc hosp",2020-12-17,"quantile",0.01,174.150227751455
"31581",2020-12-12,"40","5  day ahead inc hosp",2020-12-17,"quantile",0.025,184.412550241536
"31582",2020-12-12,"40","5  day ahead inc hosp",2020-12-17,"quantile",0.05,193.238713733454
"31583",2020-12-12,"40","5  day ahead inc hosp",2020-12-17,"quantile",0.1,203.4147149778
"31584",2020-12-12,"40","5  day ahead inc hosp",2020-12-17,"quantile",0.15,210.280414706687
"31585",2020-12-12,"40","5  day ahead inc hosp",2020-12-17,"quantile",0.2,215.737055204095
"31586",2020-12-12,"40","5  day ahead inc hosp",2020-12-17,"quantile",0.25,220.418366882389
"31587",2020-12-12,"40","5  day ahead inc hosp",2020-12-17,"quantile",0.3,224.622329451516
"31588",2020-12-12,"40","5  day ahead inc hosp",2020-12-17,"quantile",0.35,228.517927287479
"31589",2020-12-12,"40","5  day ahead inc hosp",2020-12-17,"quantile",0.4,232.214468682464
"31590",2020-12-12,"40","5  day ahead inc hosp",2020-12-17,"quantile",0.45,235.790915261838
"31591",2020-12-12,"40","5  day ahead inc hosp",2020-12-17,"quantile",0.5,239.310658631891
"31592",2020-12-12,"40","5  day ahead inc hosp",2020-12-17,"quantile",0.55,242.830402001944
"31593",2020-12-12,"40","5  day ahead inc hosp",2020-12-17,"quantile",0.6,246.406848581318
"31594",2020-12-12,"40","5  day ahead inc hosp",2020-12-17,"quantile",0.65,250.103389976304
"31595",2020-12-12,"40","5  day ahead inc hosp",2020-12-17,"quantile",0.7,253.998987812266
"31596",2020-12-12,"40","5  day ahead inc hosp",2020-12-17,"quantile",0.75,258.202950381394
"31597",2020-12-12,"40","5  day ahead inc hosp",2020-12-17,"quantile",0.8,262.884262059687
"31598",2020-12-12,"40","5  day ahead inc hosp",2020-12-17,"quantile",0.85,268.340902557096
"31599",2020-12-12,"40","5  day ahead inc hosp",2020-12-17,"quantile",0.9,275.206602285982
"31600",2020-12-12,"40","5  day ahead inc hosp",2020-12-17,"quantile",0.95,285.382603530328
"31601",2020-12-12,"40","5  day ahead inc hosp",2020-12-17,"quantile",0.975,294.208767022247
"31602",2020-12-12,"40","5  day ahead inc hosp",2020-12-17,"quantile",0.99,304.471089512328
"31603",2020-12-12,"40","6  day ahead inc hosp",2020-12-18,"quantile",0.01,173.428222372332
"31604",2020-12-12,"40","6  day ahead inc hosp",2020-12-18,"quantile",0.025,184.114837604661
"31605",2020-12-12,"40","6  day ahead inc hosp",2020-12-18,"quantile",0.05,193.305916262238
"31606",2020-12-12,"40","6  day ahead inc hosp",2020-12-18,"quantile",0.1,203.902641322003
"31607",2020-12-12,"40","6  day ahead inc hosp",2020-12-18,"quantile",0.15,211.052201411762
"31608",2020-12-12,"40","6  day ahead inc hosp",2020-12-18,"quantile",0.2,216.734445125435
"31609",2020-12-12,"40","6  day ahead inc hosp",2020-12-18,"quantile",0.25,221.609304275192
"31610",2020-12-12,"40","6  day ahead inc hosp",2020-12-18,"quantile",0.3,225.98707845553
"31611",2020-12-12,"40","6  day ahead inc hosp",2020-12-18,"quantile",0.35,230.043738652388
"31612",2020-12-12,"40","6  day ahead inc hosp",2020-12-18,"quantile",0.4,233.89311247754
"31613",2020-12-12,"40","6  day ahead inc hosp",2020-12-18,"quantile",0.45,237.617426201815
"31614",2020-12-12,"40","6  day ahead inc hosp",2020-12-18,"quantile",0.5,241.282692339052
"31615",2020-12-12,"40","6  day ahead inc hosp",2020-12-18,"quantile",0.55,244.947958476289
"31616",2020-12-12,"40","6  day ahead inc hosp",2020-12-18,"quantile",0.6,248.672272200564
"31617",2020-12-12,"40","6  day ahead inc hosp",2020-12-18,"quantile",0.65,252.521646025716
"31618",2020-12-12,"40","6  day ahead inc hosp",2020-12-18,"quantile",0.7,256.578306222573
"31619",2020-12-12,"40","6  day ahead inc hosp",2020-12-18,"quantile",0.75,260.956080402911
"31620",2020-12-12,"40","6  day ahead inc hosp",2020-12-18,"quantile",0.8,265.830939552669
"31621",2020-12-12,"40","6  day ahead inc hosp",2020-12-18,"quantile",0.85,271.513183266342
"31622",2020-12-12,"40","6  day ahead inc hosp",2020-12-18,"quantile",0.9,278.6627433561
"31623",2020-12-12,"40","6  day ahead inc hosp",2020-12-18,"quantile",0.95,289.259468415865
"31624",2020-12-12,"40","6  day ahead inc hosp",2020-12-18,"quantile",0.975,298.450547073442
"31625",2020-12-12,"40","6  day ahead inc hosp",2020-12-18,"quantile",0.99,309.137162305771
"31626",2020-12-12,"40","7  day ahead inc hosp",2020-12-19,"quantile",0.01,172.815067253863
"31627",2020-12-12,"40","7  day ahead inc hosp",2020-12-19,"quantile",0.025,183.906967660415
"31628",2020-12-12,"40","7  day ahead inc hosp",2020-12-19,"quantile",0.05,193.446613926543
"31629",2020-12-12,"40","7  day ahead inc hosp",2020-12-19,"quantile",0.1,204.445215115342
"31630",2020-12-12,"40","7  day ahead inc hosp",2020-12-19,"quantile",0.15,211.865919121449
"31631",2020-12-12,"40","7  day ahead inc hosp",2020-12-19,"quantile",0.2,217.763659424398
"31632",2020-12-12,"40","7  day ahead inc hosp",2020-12-19,"quantile",0.25,222.823395459575
"31633",2020-12-12,"40","7  day ahead inc hosp",2020-12-19,"quantile",0.3,227.367194796879
"31634",2020-12-12,"40","7  day ahead inc hosp",2020-12-19,"quantile",0.35,231.577702044361
"31635",2020-12-12,"40","7  day ahead inc hosp",2020-12-19,"quantile",0.4,235.573061675819
"31636",2020-12-12,"40","7  day ahead inc hosp",2020-12-19,"quantile",0.45,239.438618357176
"31637",2020-12-12,"40","7  day ahead inc hosp",2020-12-19,"quantile",0.5,243.242888097772
"31638",2020-12-12,"40","7  day ahead inc hosp",2020-12-19,"quantile",0.55,247.047157838368
"31639",2020-12-12,"40","7  day ahead inc hosp",2020-12-19,"quantile",0.6,250.912714519724
"31640",2020-12-12,"40","7  day ahead inc hosp",2020-12-19,"quantile",0.65,254.908074151183
"31641",2020-12-12,"40","7  day ahead inc hosp",2020-12-19,"quantile",0.7,259.118581398664
"31642",2020-12-12,"40","7  day ahead inc hosp",2020-12-19,"quantile",0.75,263.662380735969
"31643",2020-12-12,"40","7  day ahead inc hosp",2020-12-19,"quantile",0.8,268.722116771145
"31644",2020-12-12,"40","7  day ahead inc hosp",2020-12-19,"quantile",0.85,274.619857074095
"31645",2020-12-12,"40","7  day ahead inc hosp",2020-12-19,"quantile",0.9,282.040561080201
"31646",2020-12-12,"40","7  day ahead inc hosp",2020-12-19,"quantile",0.95,293.039162269
"31647",2020-12-12,"40","7  day ahead inc hosp",2020-12-19,"quantile",0.975,302.578808535128
"31648",2020-12-12,"40","7  day ahead inc hosp",2020-12-19,"quantile",0.99,313.670708941681
"31649",2020-12-12,"40","8  day ahead inc hosp",2020-12-20,"quantile",0.01,172.140349662214
"31650",2020-12-12,"40","8  day ahead inc hosp",2020-12-20,"quantile",0.025,183.622374489171
"31651",2020-12-12,"40","8  day ahead inc hosp",2020-12-20,"quantile",0.05,193.497549279179
"31652",2020-12-12,"40","8  day ahead inc hosp",2020-12-20,"quantile",0.1,204.882993367461
"31653",2020-12-12,"40","8  day ahead inc hosp",2020-12-20,"quantile",0.15,212.564698441307
"31654",2020-12-12,"40","8  day ahead inc hosp",2020-12-20,"quantile",0.2,218.669874118994
"31655",2020-12-12,"40","8  day ahead inc hosp",2020-12-20,"quantile",0.25,223.907571235299
"31656",2020-12-12,"40","8  day ahead inc hosp",2020-12-20,"quantile",0.3,228.611185123576
"31657",2020-12-12,"40","8  day ahead inc hosp",2020-12-20,"quantile",0.35,232.969784369662
"31658",2020-12-12,"40","8  day ahead inc hosp",2020-12-20,"quantile",0.4,237.105668825849
"31659",2020-12-12,"40","8  day ahead inc hosp",2020-12-20,"quantile",0.45,241.10718490141
"31660",2020-12-12,"40","8  day ahead inc hosp",2020-12-20,"quantile",0.5,245.045258451382
"31661",2020-12-12,"40","8  day ahead inc hosp",2020-12-20,"quantile",0.55,248.983332001353
"31662",2020-12-12,"40","8  day ahead inc hosp",2020-12-20,"quantile",0.6,252.984848076915
"31663",2020-12-12,"40","8  day ahead inc hosp",2020-12-20,"quantile",0.65,257.120732533101
"31664",2020-12-12,"40","8  day ahead inc hosp",2020-12-20,"quantile",0.7,261.479331779188
"31665",2020-12-12,"40","8  day ahead inc hosp",2020-12-20,"quantile",0.75,266.182945667464
"31666",2020-12-12,"40","8  day ahead inc hosp",2020-12-20,"quantile",0.8,271.42064278377
"31667",2020-12-12,"40","8  day ahead inc hosp",2020-12-20,"quantile",0.85,277.525818461456
"31668",2020-12-12,"40","8  day ahead inc hosp",2020-12-20,"quantile",0.9,285.207523535303
"31669",2020-12-12,"40","8  day ahead inc hosp",2020-12-20,"quantile",0.95,296.592967623585
"31670",2020-12-12,"40","8  day ahead inc hosp",2020-12-20,"quantile",0.975,306.468142413593
"31671",2020-12-12,"40","8  day ahead inc hosp",2020-12-20,"quantile",0.99,317.95016724055
"31672",2020-12-12,"40","9  day ahead inc hosp",2020-12-21,"quantile",0.01,171.701580988575
"31673",2020-12-12,"40","9  day ahead inc hosp",2020-12-21,"quantile",0.025,183.560634610117
"31674",2020-12-12,"40","9  day ahead inc hosp",2020-12-21,"quantile",0.05,193.760074963343
"31675",2020-12-12,"40","9  day ahead inc hosp",2020-12-21,"quantile",0.1,205.519376478786
"31676",2020-12-12,"40","9  day ahead inc hosp",2020-12-21,"quantile",0.15,213.453321383847
"31677",2020-12-12,"40","9  day ahead inc hosp",2020-12-21,"quantile",0.2,219.758969283217
"31678",2020-12-12,"40","9  day ahead inc hosp",2020-12-21,"quantile",0.25,225.168653715341
"31679",2020-12-12,"40","9  day ahead inc hosp",2020-12-21,"quantile",0.3,230.026717528715
"31680",2020-12-12,"40","9  day ahead inc hosp",2020-12-21,"quantile",0.35,234.528437648044
"31681",2020-12-12,"40","9  day ahead inc hosp",2020-12-21,"quantile",0.4,238.800129817118
"31682",2020-12-12,"40","9  day ahead inc hosp",2020-12-21,"quantile",0.45,242.933041426587
"31683",2020-12-12,"40","9  day ahead inc hosp",2020-12-21,"quantile",0.5,247.000427283918
"31684",2020-12-12,"40","9  day ahead inc hosp",2020-12-21,"quantile",0.55,251.067813141249
"31685",2020-12-12,"40","9  day ahead inc hosp",2020-12-21,"quantile",0.6,255.200724750718
"31686",2020-12-12,"40","9  day ahead inc hosp",2020-12-21,"quantile",0.65,259.472416919791
"31687",2020-12-12,"40","9  day ahead inc hosp",2020-12-21,"quantile",0.7,263.97413703912
"31688",2020-12-12,"40","9  day ahead inc hosp",2020-12-21,"quantile",0.75,268.832200852494
"31689",2020-12-12,"40","9  day ahead inc hosp",2020-12-21,"quantile",0.8,274.241885284619
"31690",2020-12-12,"40","9  day ahead inc hosp",2020-12-21,"quantile",0.85,280.547533183989
"31691",2020-12-12,"40","9  day ahead inc hosp",2020-12-21,"quantile",0.9,288.481478089049
"31692",2020-12-12,"40","9  day ahead inc hosp",2020-12-21,"quantile",0.95,300.240779604493
"31693",2020-12-12,"40","9  day ahead inc hosp",2020-12-21,"quantile",0.975,310.440219957718
"31694",2020-12-12,"40","9  day ahead inc hosp",2020-12-21,"quantile",0.99,322.29927357926
"31695",2020-12-12,"40","10  day ahead inc hosp",2020-12-22,"quantile",0.01,171.336750965998
"31696",2020-12-12,"40","10  day ahead inc hosp",2020-12-22,"quantile",0.025,183.561126670682
"31697",2020-12-12,"40","10  day ahead inc hosp",2020-12-22,"quantile",0.05,194.074764169452
"31698",2020-12-12,"40","10  day ahead inc hosp",2020-12-22,"quantile",0.1,206.1963148713
"31699",2020-12-12,"40","10  day ahead inc hosp",2020-12-22,"quantile",0.15,214.374667582645
"31700",2020-12-12,"40","10  day ahead inc hosp",2020-12-22,"quantile",0.2,220.874563058566
"31701",2020-12-12,"40","10  day ahead inc hosp",2020-12-22,"quantile",0.25,226.450894615239
"31702",2020-12-12,"40","10  day ahead inc hosp",2020-12-22,"quantile",0.3,231.458612696903
"31703",2020-12-12,"40","10  day ahead inc hosp",2020-12-22,"quantile",0.35,236.099009798747
"31704",2020-12-12,"40","10  day ahead inc hosp",2020-12-22,"quantile",0.4,240.502292862976
"31705",2020-12-12,"40","10  day ahead inc hosp",2020-12-22,"quantile",0.45,244.762520186396
"31706",2020-12-12,"40","10  day ahead inc hosp",2020-12-22,"quantile",0.5,248.955203215135
"31707",2020-12-12,"40","10  day ahead inc hosp",2020-12-22,"quantile",0.55,253.147886243873
"31708",2020-12-12,"40","10  day ahead inc hosp",2020-12-22,"quantile",0.6,257.408113567294
"31709",2020-12-12,"40","10  day ahead inc hosp",2020-12-22,"quantile",0.65,261.811396631522
"31710",2020-12-12,"40","10  day ahead inc hosp",2020-12-22,"quantile",0.7,266.451793733367
"31711",2020-12-12,"40","10  day ahead inc hosp",2020-12-22,"quantile",0.75,271.459511815031
"31712",2020-12-12,"40","10  day ahead inc hosp",2020-12-22,"quantile",0.8,277.035843371703
"31713",2020-12-12,"40","10  day ahead inc hosp",2020-12-22,"quantile",0.85,283.535738847624
"31714",2020-12-12,"40","10  day ahead inc hosp",2020-12-22,"quantile",0.9,291.71409155897
"31715",2020-12-12,"40","10  day ahead inc hosp",2020-12-22,"quantile",0.95,303.835642260818
"31716",2020-12-12,"40","10  day ahead inc hosp",2020-12-22,"quantile",0.975,314.349279759587
"31717",2020-12-12,"40","10  day ahead inc hosp",2020-12-22,"quantile",0.99,326.573655464272
"31718",2020-12-12,"40","11  day ahead inc hosp",2020-12-23,"quantile",0.01,171.039298568309
"31719",2020-12-12,"40","11  day ahead inc hosp",2020-12-23,"quantile",0.025,183.618364954741
"31720",2020-12-12,"40","11  day ahead inc hosp",2020-12-23,"quantile",0.05,194.43705600734
"31721",2020-12-12,"40","11  day ahead inc hosp",2020-12-23,"quantile",0.1,206.910313919939
"31722",2020-12-12,"40","11  day ahead inc hosp",2020-12-23,"quantile",0.15,215.325961816644
"31723",2020-12-12,"40","11  day ahead inc hosp",2020-12-23,"quantile",0.2,222.014451983478
"31724",2020-12-12,"40","11  day ahead inc hosp",2020-12-23,"quantile",0.25,227.752580992165
"31725",2020-12-12,"40","11  day ahead inc hosp",2020-12-23,"quantile",0.3,232.905598186298
"31726",2020-12-12,"40","11  day ahead inc hosp",2020-12-23,"quantile",0.35,237.680636569741
"31727",2020-12-12,"40","11  day ahead inc hosp",2020-12-23,"quantile",0.4,242.211681043607
"31728",2020-12-12,"40","11  day ahead inc hosp",2020-12-23,"quantile",0.45,246.595519009423
"31729",2020-12-12,"40","11  day ahead inc hosp",2020-12-23,"quantile",0.5,250.909852880523
"31730",2020-12-12,"40","11  day ahead inc hosp",2020-12-23,"quantile",0.55,255.224186751622
"31731",2020-12-12,"40","11  day ahead inc hosp",2020-12-23,"quantile",0.6,259.608024717438
"31732",2020-12-12,"40","11  day ahead inc hosp",2020-12-23,"quantile",0.65,264.139069191304
"31733",2020-12-12,"40","11  day ahead inc hosp",2020-12-23,"quantile",0.7,268.914107574748
"31734",2020-12-12,"40","11  day ahead inc hosp",2020-12-23,"quantile",0.75,274.067124768881
"31735",2020-12-12,"40","11  day ahead inc hosp",2020-12-23,"quantile",0.8,279.805253777567
"31736",2020-12-12,"40","11  day ahead inc hosp",2020-12-23,"quantile",0.85,286.493743944401
"31737",2020-12-12,"40","11  day ahead inc hosp",2020-12-23,"quantile",0.9,294.909391841107
"31738",2020-12-12,"40","11  day ahead inc hosp",2020-12-23,"quantile",0.95,307.382649753705
"31739",2020-12-12,"40","11  day ahead inc hosp",2020-12-23,"quantile",0.975,318.201340806305
"31740",2020-12-12,"40","11  day ahead inc hosp",2020-12-23,"quantile",0.99,330.780407192736
"31741",2020-12-12,"40","12  day ahead inc hosp",2020-12-24,"quantile",0.01,170.803641672734
"31742",2020-12-12,"40","12  day ahead inc hosp",2020-12-24,"quantile",0.025,183.727659980981
"31743",2020-12-12,"40","12  day ahead inc hosp",2020-12-24,"quantile",0.05,194.843028716605
"31744",2020-12-12,"40","12  day ahead inc hosp",2020-12-24,"quantile",0.1,207.658336997337
"31745",2020-12-12,"40","12  day ahead inc hosp",2020-12-24,"quantile",0.15,216.304764653535
"31746",2020-12-12,"40","12  day ahead inc hosp",2020-12-24,"quantile",0.2,223.176671257346
"31747",2020-12-12,"40","12  day ahead inc hosp",2020-12-24,"quantile",0.25,229.07215523725
"31748",2020-12-12,"40","12  day ahead inc hosp",2020-12-24,"quantile",0.3,234.366482058796
"31749",2020-12-12,"40","12  day ahead inc hosp",2020-12-24,"quantile",0.35,239.272464871382
"31750",2020-12-12,"40","12  day ahead inc hosp",2020-12-24,"quantile",0.4,243.92776280342
"31751",2020-12-12,"40","12  day ahead inc hosp",2020-12-24,"quantile",0.45,248.431817427992
"31752",2020-12-12,"40","12  day ahead inc hosp",2020-12-24,"quantile",0.5,252.86446196814
"31753",2020-12-12,"40","12  day ahead inc hosp",2020-12-24,"quantile",0.55,257.297106508289
"31754",2020-12-12,"40","12  day ahead inc hosp",2020-12-24,"quantile",0.6,261.80116113286
"31755",2020-12-12,"40","12  day ahead inc hosp",2020-12-24,"quantile",0.65,266.456459064899
"31756",2020-12-12,"40","12  day ahead inc hosp",2020-12-24,"quantile",0.7,271.362441877485
"31757",2020-12-12,"40","12  day ahead inc hosp",2020-12-24,"quantile",0.75,276.656768699031
"31758",2020-12-12,"40","12  day ahead inc hosp",2020-12-24,"quantile",0.8,282.552252678934
"31759",2020-12-12,"40","12  day ahead inc hosp",2020-12-24,"quantile",0.85,289.424159282746
"31760",2020-12-12,"40","12  day ahead inc hosp",2020-12-24,"quantile",0.9,298.070586938943
"31761",2020-12-12,"40","12  day ahead inc hosp",2020-12-24,"quantile",0.95,310.885895219676
"31762",2020-12-12,"40","12  day ahead inc hosp",2020-12-24,"quantile",0.975,322.001263955299
"31763",2020-12-12,"40","12  day ahead inc hosp",2020-12-24,"quantile",0.99,334.925282263547
"31764",2020-12-12,"40","13  day ahead inc hosp",2020-12-25,"quantile",0.01,170.624947377739
"31765",2020-12-12,"40","13  day ahead inc hosp",2020-12-25,"quantile",0.025,183.88494433378
"31766",2020-12-12,"40","13  day ahead inc hosp",2020-12-25,"quantile",0.05,195.289273241732
"31767",2020-12-12,"40","13  day ahead inc hosp",2020-12-25,"quantile",0.1,208.437734095026
"31768",2020-12-12,"40","13  day ahead inc hosp",2020-12-25,"quantile",0.15,217.308938210285
"31769",2020-12-12,"40","13  day ahead inc hosp",2020-12-25,"quantile",0.2,224.3594900182
"31770",2020-12-12,"40","13  day ahead inc hosp",2020-12-25,"quantile",0.25,230.408235676354
"31771",2020-12-12,"40","13  day ahead inc hosp",2020-12-25,"quantile",0.3,235.84019622172
"31772",2020-12-12,"40","13  day ahead inc hosp",2020-12-25,"quantile",0.35,240.87371719095
"31773",2020-12-12,"40","13  day ahead inc hosp",2020-12-25,"quantile",0.4,245.650036361661
"31774",2020-12-12,"40","13  day ahead inc hosp",2020-12-25,"quantile",0.45,250.271180435215
"31775",2020-12-12,"40","13  day ahead inc hosp",2020-12-25,"quantile",0.5,254.819058015369
"31776",2020-12-12,"40","13  day ahead inc hosp",2020-12-25,"quantile",0.55,259.366935595524
"31777",2020-12-12,"40","13  day ahead inc hosp",2020-12-25,"quantile",0.6,263.988079669078
"31778",2020-12-12,"40","13  day ahead inc hosp",2020-12-25,"quantile",0.65,268.764398839789
"31779",2020-12-12,"40","13  day ahead inc hosp",2020-12-25,"quantile",0.7,273.797919809019
"31780",2020-12-12,"40","13  day ahead inc hosp",2020-12-25,"quantile",0.75,279.229880354385
"31781",2020-12-12,"40","13  day ahead inc hosp",2020-12-25,"quantile",0.8,285.278626012539
"31782",2020-12-12,"40","13  day ahead inc hosp",2020-12-25,"quantile",0.85,292.329177820454
"31783",2020-12-12,"40","13  day ahead inc hosp",2020-12-25,"quantile",0.9,301.200381935713
"31784",2020-12-12,"40","13  day ahead inc hosp",2020-12-25,"quantile",0.95,314.348842789007
"31785",2020-12-12,"40","13  day ahead inc hosp",2020-12-25,"quantile",0.975,325.753171696959
"31786",2020-12-12,"40","13  day ahead inc hosp",2020-12-25,"quantile",0.99,339.013168653
"31787",2020-12-12,"40","14  day ahead inc hosp",2020-12-26,"quantile",0.01,170.498987177115
"31788",2020-12-12,"40","14  day ahead inc hosp",2020-12-26,"quantile",0.025,184.08665686151
"31789",2020-12-12,"40","14  day ahead inc hosp",2020-12-26,"quantile",0.05,195.772802392852
"31790",2020-12-12,"40","14  day ahead inc hosp",2020-12-26,"quantile",0.1,209.246179764281
"31791",2020-12-12,"40","14  day ahead inc hosp",2020-12-26,"quantile",0.15,218.336603511782
"31792",2020-12-12,"40","14  day ahead inc hosp",2020-12-26,"quantile",0.2,225.561384133999
"31793",2020-12-12,"40","14  day ahead inc hosp",2020-12-26,"quantile",0.25,231.759602601196
"31794",2020-12-12,"40","14  day ahead inc hosp",2020-12-26,"quantile",0.3,237.325794348734
"31795",2020-12-12,"40","14  day ahead inc hosp",2020-12-26,"quantile",0.35,242.483700531225
"31796",2020-12-12,"40","14  day ahead inc hosp",2020-12-26,"quantile",0.4,247.378049105663
"31797",2020-12-12,"40","14  day ahead inc hosp",2020-12-26,"quantile",0.45,252.113387993267
"31798",2020-12-12,"40","14  day ahead inc hosp",2020-12-26,"quantile",0.5,256.773649871838
"31799",2020-12-12,"40","14  day ahead inc hosp",2020-12-26,"quantile",0.55,261.433911750408
"31800",2020-12-12,"40","14  day ahead inc hosp",2020-12-26,"quantile",0.6,266.169250638012
"31801",2020-12-12,"40","14  day ahead inc hosp",2020-12-26,"quantile",0.65,271.063599212451
"31802",2020-12-12,"40","14  day ahead inc hosp",2020-12-26,"quantile",0.7,276.221505394941
"31803",2020-12-12,"40","14  day ahead inc hosp",2020-12-26,"quantile",0.75,281.787697142479
"31804",2020-12-12,"40","14  day ahead inc hosp",2020-12-26,"quantile",0.8,287.985915609677
"31805",2020-12-12,"40","14  day ahead inc hosp",2020-12-26,"quantile",0.85,295.210696231893
"31806",2020-12-12,"40","14  day ahead inc hosp",2020-12-26,"quantile",0.9,304.301119979394
"31807",2020-12-12,"40","14  day ahead inc hosp",2020-12-26,"quantile",0.95,317.774497350824
"31808",2020-12-12,"40","14  day ahead inc hosp",2020-12-26,"quantile",0.975,329.460642882165
"31809",2020-12-12,"40","14  day ahead inc hosp",2020-12-26,"quantile",0.99,343.04831256656
"31810",2020-12-12,"40","15  day ahead inc hosp",2020-12-27,"quantile",0.01,170.343490004489
"31811",2020-12-12,"40","15  day ahead inc hosp",2020-12-27,"quantile",0.025,184.25111412235
"31812",2020-12-12,"40","15  day ahead inc hosp",2020-12-27,"quantile",0.05,196.212438117678
"31813",2020-12-12,"40","15  day ahead inc hosp",2020-12-27,"quantile",0.1,210.003078634583
"31814",2020-12-12,"40","15  day ahead inc hosp",2020-12-27,"quantile",0.15,219.307558320127
"31815",2020-12-12,"40","15  day ahead inc hosp",2020-12-27,"quantile",0.2,226.702463816189
"31816",2020-12-12,"40","15  day ahead inc hosp",2020-12-27,"quantile",0.25,233.046634276939
"31817",2020-12-12,"40","15  day ahead inc hosp",2020-12-27,"quantile",0.3,238.743895425524
"31818",2020-12-12,"40","15  day ahead inc hosp",2020-12-27,"quantile",0.35,244.02325694133
"31819",2020-12-12,"40","15  day ahead inc hosp",2020-12-27,"quantile",0.4,249.032854749942
"31820",2020-12-12,"40","15  day ahead inc hosp",2020-12-27,"quantile",0.45,253.879698605377
"31821",2020-12-12,"40","15  day ahead inc hosp",2020-12-27,"quantile",0.5,258.64969758264
"31822",2020-12-12,"40","15  day ahead inc hosp",2020-12-27,"quantile",0.55,263.419696559904
"31823",2020-12-12,"40","15  day ahead inc hosp",2020-12-27,"quantile",0.6,268.266540415339
"31824",2020-12-12,"40","15  day ahead inc hosp",2020-12-27,"quantile",0.65,273.276138223951
"31825",2020-12-12,"40","15  day ahead inc hosp",2020-12-27,"quantile",0.7,278.555499739757
"31826",2020-12-12,"40","15  day ahead inc hosp",2020-12-27,"quantile",0.75,284.252760888341
"31827",2020-12-12,"40","15  day ahead inc hosp",2020-12-27,"quantile",0.8,290.596931349092
"31828",2020-12-12,"40","15  day ahead inc hosp",2020-12-27,"quantile",0.85,297.991836845153
"31829",2020-12-12,"40","15  day ahead inc hosp",2020-12-27,"quantile",0.9,307.296316530697
"31830",2020-12-12,"40","15  day ahead inc hosp",2020-12-27,"quantile",0.95,321.086957047603
"31831",2020-12-12,"40","15  day ahead inc hosp",2020-12-27,"quantile",0.975,333.04828104293
"31832",2020-12-12,"40","15  day ahead inc hosp",2020-12-27,"quantile",0.99,346.955905160792
"31833",2020-12-12,"40","16  day ahead inc hosp",2020-12-28,"quantile",0.01,170.312233305076
"31834",2020-12-12,"40","16  day ahead inc hosp",2020-12-28,"quantile",0.025,184.532614716879
"31835",2020-12-12,"40","16  day ahead inc hosp",2020-12-28,"quantile",0.05,196.762927239149
"31836",2020-12-12,"40","16  day ahead inc hosp",2020-12-28,"quantile",0.1,210.863694300549
"31837",2020-12-12,"40","16  day ahead inc hosp",2020-12-28,"quantile",0.15,220.377414893333
"31838",2020-12-12,"40","16  day ahead inc hosp",2020-12-28,"quantile",0.2,227.938618429398
"31839",2020-12-12,"40","16  day ahead inc hosp",2020-12-28,"quantile",0.25,234.425457801013
"31840",2020-12-12,"40","16  day ahead inc hosp",2020-12-28,"quantile",0.3,240.250840040922
"31841",2020-12-12,"40","16  day ahead inc hosp",2020-12-28,"quantile",0.35,245.648924841699
"31842",2020-12-12,"40","16  day ahead inc hosp",2020-12-28,"quantile",0.4,250.771179437774
"31843",2020-12-12,"40","16  day ahead inc hosp",2020-12-28,"quantile",0.45,255.727020038845
"31844",2020-12-12,"40","16  day ahead inc hosp",2020-12-28,"quantile",0.5,260.604287659523
"31845",2020-12-12,"40","16  day ahead inc hosp",2020-12-28,"quantile",0.55,265.4815552802
"31846",2020-12-12,"40","16  day ahead inc hosp",2020-12-28,"quantile",0.6,270.437395881272
"31847",2020-12-12,"40","16  day ahead inc hosp",2020-12-28,"quantile",0.65,275.559650477346
"31848",2020-12-12,"40","16  day ahead inc hosp",2020-12-28,"quantile",0.7,280.957735278124
"31849",2020-12-12,"40","16  day ahead inc hosp",2020-12-28,"quantile",0.75,286.783117518033
"31850",2020-12-12,"40","16  day ahead inc hosp",2020-12-28,"quantile",0.8,293.269956889647
"31851",2020-12-12,"40","16  day ahead inc hosp",2020-12-28,"quantile",0.85,300.831160425712
"31852",2020-12-12,"40","16  day ahead inc hosp",2020-12-28,"quantile",0.9,310.344881018497
"31853",2020-12-12,"40","16  day ahead inc hosp",2020-12-28,"quantile",0.95,324.445648079896
"31854",2020-12-12,"40","16  day ahead inc hosp",2020-12-28,"quantile",0.975,336.675960602166
"31855",2020-12-12,"40","16  day ahead inc hosp",2020-12-28,"quantile",0.99,350.896342013969
"31856",2020-12-12,"40","17  day ahead inc hosp",2020-12-29,"quantile",0.01,170.323722515313
"31857",2020-12-12,"40","17  day ahead inc hosp",2020-12-29,"quantile",0.025,184.850129010552
"31858",2020-12-12,"40","17  day ahead inc hosp",2020-12-29,"quantile",0.05,197.343639987327
"31859",2020-12-12,"40","17  day ahead inc hosp",2020-12-29,"quantile",0.1,211.747858010519
"31860",2020-12-12,"40","17  day ahead inc hosp",2020-12-29,"quantile",0.15,221.466315526588
"31861",2020-12-12,"40","17  day ahead inc hosp",2020-12-29,"quantile",0.2,229.190237478987
"31862",2020-12-12,"40","17  day ahead inc hosp",2020-12-29,"quantile",0.25,235.816674763094
"31863",2020-12-12,"40","17  day ahead inc hosp",2020-12-29,"quantile",0.3,241.767420242876
"31864",2020-12-12,"40","17  day ahead inc hosp",2020-12-29,"quantile",0.35,247.281672768253
"31865",2020-12-12,"40","17  day ahead inc hosp",2020-12-29,"quantile",0.4,252.514159174906
"31866",2020-12-12,"40","17  day ahead inc hosp",2020-12-29,"quantile",0.45,257.576650328415
"31867",2020-12-12,"40","17  day ahead inc hosp",2020-12-29,"quantile",0.5,262.558877597314
"31868",2020-12-12,"40","17  day ahead inc hosp",2020-12-29,"quantile",0.55,267.541104866212
"31869",2020-12-12,"40","17  day ahead inc hosp",2020-12-29,"quantile",0.6,272.603596019721
"31870",2020-12-12,"40","17  day ahead inc hosp",2020-12-29,"quantile",0.65,277.836082426374
"31871",2020-12-12,"40","17  day ahead inc hosp",2020-12-29,"quantile",0.7,283.350334951751
"31872",2020-12-12,"40","17  day ahead inc hosp",2020-12-29,"quantile",0.75,289.301080431533
"31873",2020-12-12,"40","17  day ahead inc hosp",2020-12-29,"quantile",0.8,295.92751771564
"31874",2020-12-12,"40","17  day ahead inc hosp",2020-12-29,"quantile",0.85,303.651439668039
"31875",2020-12-12,"40","17  day ahead inc hosp",2020-12-29,"quantile",0.9,313.369897184108
"31876",2020-12-12,"40","17  day ahead inc hosp",2020-12-29,"quantile",0.95,327.7741152073
"31877",2020-12-12,"40","17  day ahead inc hosp",2020-12-29,"quantile",0.975,340.267626184076
"31878",2020-12-12,"40","17  day ahead inc hosp",2020-12-29,"quantile",0.99,354.794032679315
"31879",2020-12-12,"40","18  day ahead inc hosp",2020-12-30,"quantile",0.01,170.375310630112
"31880",2020-12-12,"40","18  day ahead inc hosp",2020-12-30,"quantile",0.025,185.201426898355
"31881",2020-12-12,"40","18  day ahead inc hosp",2020-12-30,"quantile",0.05,197.952704814263
"31882",2020-12-12,"40","18  day ahead inc hosp",2020-12-30,"quantile",0.1,212.654111609878
"31883",2020-12-12,"40","18  day ahead inc hosp",2020-12-30,"quantile",0.15,222.573080979794
"31884",2020-12-12,"40","18  day ahead inc hosp",2020-12-30,"quantile",0.2,230.456363397275
"31885",2020-12-12,"40","18  day ahead inc hosp",2020-12-30,"quantile",0.25,237.219517770698
"31886",2020-12-12,"40","18  day ahead inc hosp",2020-12-30,"quantile",0.3,243.293039422105
"31887",2020-12-12,"40","18  day ahead inc hosp",2020-12-30,"quantile",0.35,248.9210623678
"31888",2020-12-12,"40","18  day ahead inc hosp",2020-12-30,"quantile",0.4,254.261505777701
"31889",2020-12-12,"40","18  day ahead inc hosp",2020-12-30,"quantile",0.45,259.428446581228
"31890",2020-12-12,"40","18  day ahead inc hosp",2020-12-30,"quantile",0.5,264.513467490405
"31891",2020-12-12,"40","18  day ahead inc hosp",2020-12-30,"quantile",0.55,269.598488399583
"31892",2020-12-12,"40","18  day ahead inc hosp",2020-12-30,"quantile",0.6,274.76542920311
"31893",2020-12-12,"40","18  day ahead inc hosp",2020-12-30,"quantile",0.65,280.105872613011
"31894",2020-12-12,"40","18  day ahead inc hosp",2020-12-30,"quantile",0.7,285.733895558706
"31895",2020-12-12,"40","18  day ahead inc hosp",2020-12-30,"quantile",0.75,291.807417210113
"31896",2020-12-12,"40","18  day ahead inc hosp",2020-12-30,"quantile",0.8,298.570571583535
"31897",2020-12-12,"40","18  day ahead inc hosp",2020-12-30,"quantile",0.85,306.453854001017
"31898",2020-12-12,"40","18  day ahead inc hosp",2020-12-30,"quantile",0.9,316.372823370933
"31899",2020-12-12,"40","18  day ahead inc hosp",2020-12-30,"quantile",0.95,331.074230166547
"31900",2020-12-12,"40","18  day ahead inc hosp",2020-12-30,"quantile",0.975,343.825508082456
"31901",2020-12-12,"40","18  day ahead inc hosp",2020-12-30,"quantile",0.99,358.651624350699
"31902",2020-12-12,"40","19  day ahead inc hosp",2020-12-31,"quantile",0.01,170.464613065899
"31903",2020-12-12,"40","19  day ahead inc hosp",2020-12-31,"quantile",0.025,185.584499357107
"31904",2020-12-12,"40","19  day ahead inc hosp",2020-12-31,"quantile",0.05,198.58843569943
"31905",2020-12-12,"40","19  day ahead inc hosp",2020-12-31,"quantile",0.1,213.581141479474
"31906",2020-12-12,"40","19  day ahead inc hosp",2020-12-31,"quantile",0.15,223.696648891239
"31907",2020-12-12,"40","19  day ahead inc hosp",2020-12-31,"quantile",0.2,231.736133514
"31908",2020-12-12,"40","19  day ahead inc hosp",2020-12-31,"quantile",0.25,238.633295471044
"31909",2020-12-12,"40","19  day ahead inc hosp",2020-12-31,"quantile",0.3,244.827160074221
"31910",2020-12-12,"40","19  day ahead inc hosp",2020-12-31,"quantile",0.35,250.566698699416
"31911",2020-12-12,"40","19  day ahead inc hosp",2020-12-31,"quantile",0.4,256.012959584021
"31912",2020-12-12,"40","19  day ahead inc hosp",2020-12-31,"quantile",0.45,261.282280018939
"31913",2020-12-12,"40","19  day ahead inc hosp",2020-12-31,"quantile",0.5,266.468057369132
"31914",2020-12-12,"40","19  day ahead inc hosp",2020-12-31,"quantile",0.55,271.653834719325
"31915",2020-12-12,"40","19  day ahead inc hosp",2020-12-31,"quantile",0.6,276.923155154244
"31916",2020-12-12,"40","19  day ahead inc hosp",2020-12-31,"quantile",0.65,282.369416038848
"31917",2020-12-12,"40","19  day ahead inc hosp",2020-12-31,"quantile",0.7,288.108954664044
"31918",2020-12-12,"40","19  day ahead inc hosp",2020-12-31,"quantile",0.75,294.302819267221
"31919",2020-12-12,"40","19  day ahead inc hosp",2020-12-31,"quantile",0.8,301.199981224265
"31920",2020-12-12,"40","19  day ahead inc hosp",2020-12-31,"quantile",0.85,309.239465847025
"31921",2020-12-12,"40","19  day ahead inc hosp",2020-12-31,"quantile",0.9,319.35497325879
"31922",2020-12-12,"40","19  day ahead inc hosp",2020-12-31,"quantile",0.95,334.347679038834
"31923",2020-12-12,"40","19  day ahead inc hosp",2020-12-31,"quantile",0.975,347.351615381158
"31924",2020-12-12,"40","19  day ahead inc hosp",2020-12-31,"quantile",0.99,362.471501672366
"31925",2020-12-12,"40","20  day ahead inc hosp",2021-01-01,"quantile",0.01,170.589472613447
"31926",2020-12-12,"40","20  day ahead inc hosp",2021-01-01,"quantile",0.025,185.997528924825
"31927",2020-12-12,"40","20  day ahead inc hosp",2021-01-01,"quantile",0.05,199.24930738222
"31928",2020-12-12,"40","20  day ahead inc hosp",2021-01-01,"quantile",0.1,214.527759248167
"31929",2020-12-12,"40","20  day ahead inc hosp",2021-01-01,"quantile",0.15,224.836058187509
"31930",2020-12-12,"40","20  day ahead inc hosp",2021-01-01,"quantile",0.2,233.028767404772
"31931",2020-12-12,"40","20  day ahead inc hosp",2021-01-01,"quantile",0.25,240.057382420522
"31932",2020-12-12,"40","20  day ahead inc hosp",2021-01-01,"quantile",0.3,246.369295933146
"31933",2020-12-12,"40","20  day ahead inc hosp",2021-01-01,"quantile",0.35,252.218224465747
"31934",2020-12-12,"40","20  day ahead inc hosp",2021-01-01,"quantile",0.4,257.768285675217
"31935",2020-12-12,"40","20  day ahead inc hosp",2021-01-01,"quantile",0.45,263.138034125715
"31936",2020-12-12,"40","20  day ahead inc hosp",2021-01-01,"quantile",0.5,268.422647243242
"31937",2020-12-12,"40","20  day ahead inc hosp",2021-01-01,"quantile",0.55,273.70726036077
"31938",2020-12-12,"40","20  day ahead inc hosp",2021-01-01,"quantile",0.6,279.077008811267
"31939",2020-12-12,"40","20  day ahead inc hosp",2021-01-01,"quantile",0.65,284.627070020738
"31940",2020-12-12,"40","20  day ahead inc hosp",2021-01-01,"quantile",0.7,290.475998553339
"31941",2020-12-12,"40","20  day ahead inc hosp",2021-01-01,"quantile",0.75,296.787912065962
"31942",2020-12-12,"40","20  day ahead inc hosp",2021-01-01,"quantile",0.8,303.816527081713
"31943",2020-12-12,"40","20  day ahead inc hosp",2021-01-01,"quantile",0.85,312.009236298975
"31944",2020-12-12,"40","20  day ahead inc hosp",2021-01-01,"quantile",0.9,322.317535238317
"31945",2020-12-12,"40","20  day ahead inc hosp",2021-01-01,"quantile",0.95,337.595987104265
"31946",2020-12-12,"40","20  day ahead inc hosp",2021-01-01,"quantile",0.975,350.84776556166
"31947",2020-12-12,"40","20  day ahead inc hosp",2021-01-01,"quantile",0.99,366.255821873037
"31948",2020-12-12,"40","21  day ahead inc hosp",2021-01-02,"quantile",0.01,170.747930193198
"31949",2020-12-12,"40","21  day ahead inc hosp",2021-01-02,"quantile",0.025,186.438865064083
"31950",2020-12-12,"40","21  day ahead inc hosp",2021-01-02,"quantile",0.05,199.933934688461
"31951",2020-12-12,"40","21  day ahead inc hosp",2021-01-02,"quantile",0.1,215.492885688628
"31952",2020-12-12,"40","21  day ahead inc hosp",2021-01-02,"quantile",0.15,225.990436062155
"31953",2020-12-12,"40","21  day ahead inc hosp",2021-01-02,"quantile",0.2,234.333556319916
"31954",2020-12-12,"40","21  day ahead inc hosp",2021-01-02,"quantile",0.25,241.49121061556
"31955",2020-12-12,"40","21  day ahead inc hosp",2021-01-02,"quantile",0.3,247.919005389655
"31956",2020-12-12,"40","21  day ahead inc hosp",2021-01-02,"quantile",0.35,253.87531518077
"31957",2020-12-12,"40","21  day ahead inc hosp",2021-01-02,"quantile",0.4,259.527270703733
"31958",2020-12-12,"40","21  day ahead inc hosp",2021-01-02,"quantile",0.45,264.995603081749
"31959",2020-12-12,"40","21  day ahead inc hosp",2021-01-02,"quantile",0.5,270.377237115869
"31960",2020-12-12,"40","21  day ahead inc hosp",2021-01-02,"quantile",0.55,275.758871149989
"31961",2020-12-12,"40","21  day ahead inc hosp",2021-01-02,"quantile",0.6,281.227203528005
"31962",2020-12-12,"40","21  day ahead inc hosp",2021-01-02,"quantile",0.65,286.879159050968
"31963",2020-12-12,"40","21  day ahead inc hosp",2021-01-02,"quantile",0.7,292.835468842083
"31964",2020-12-12,"40","21  day ahead inc hosp",2021-01-02,"quantile",0.75,299.263263616178
"31965",2020-12-12,"40","21  day ahead inc hosp",2021-01-02,"quantile",0.8,306.420917911822
"31966",2020-12-12,"40","21  day ahead inc hosp",2021-01-02,"quantile",0.85,314.764038169583
"31967",2020-12-12,"40","21  day ahead inc hosp",2021-01-02,"quantile",0.9,325.26158854311
"31968",2020-12-12,"40","21  day ahead inc hosp",2021-01-02,"quantile",0.95,340.820539543277
"31969",2020-12-12,"40","21  day ahead inc hosp",2021-01-02,"quantile",0.975,354.315609167655
"31970",2020-12-12,"40","21  day ahead inc hosp",2021-01-02,"quantile",0.99,370.00654403854
"31971",2020-12-12,"40","22  day ahead inc hosp",2021-01-03,"quantile",0.01,176.385815574914
"31972",2020-12-12,"40","22  day ahead inc hosp",2021-01-03,"quantile",0.025,192.354618753225
"31973",2020-12-12,"40","22  day ahead inc hosp",2021-01-03,"quantile",0.05,206.088670451391
"31974",2020-12-12,"40","22  day ahead inc hosp",2021-01-03,"quantile",0.1,221.923152477295
"31975",2020-12-12,"40","22  day ahead inc hosp",2021-01-03,"quantile",0.15,232.606602325801
"31976",2020-12-12,"40","22  day ahead inc hosp",2021-01-03,"quantile",0.2,241.09746959314
"31977",2020-12-12,"40","22  day ahead inc hosp",2021-01-03,"quantile",0.25,248.381877667361
"31978",2020-12-12,"40","22  day ahead inc hosp",2021-01-03,"quantile",0.3,254.923501252106
"31979",2020-12-12,"40","22  day ahead inc hosp",2021-01-03,"quantile",0.35,260.985290400174
"31980",2020-12-12,"40","22  day ahead inc hosp",2021-01-03,"quantile",0.4,266.737335518037
"31981",2020-12-12,"40","22  day ahead inc hosp",2021-01-03,"quantile",0.45,272.302505737445
"31982",2020-12-12,"40","22  day ahead inc hosp",2021-01-03,"quantile",0.5,277.779442285567
"31983",2020-12-12,"40","22  day ahead inc hosp",2021-01-03,"quantile",0.55,283.25637883369
"31984",2020-12-12,"40","22  day ahead inc hosp",2021-01-03,"quantile",0.6,288.821549053098
"31985",2020-12-12,"40","22  day ahead inc hosp",2021-01-03,"quantile",0.65,294.573594170961
"31986",2020-12-12,"40","22  day ahead inc hosp",2021-01-03,"quantile",0.7,300.635383319028
"31987",2020-12-12,"40","22  day ahead inc hosp",2021-01-03,"quantile",0.75,307.177006903774
"31988",2020-12-12,"40","22  day ahead inc hosp",2021-01-03,"quantile",0.8,314.461414977994
"31989",2020-12-12,"40","22  day ahead inc hosp",2021-01-03,"quantile",0.85,322.952282245334
"31990",2020-12-12,"40","22  day ahead inc hosp",2021-01-03,"quantile",0.9,333.635732093839
"31991",2020-12-12,"40","22  day ahead inc hosp",2021-01-03,"quantile",0.95,349.470214119743
"31992",2020-12-12,"40","22  day ahead inc hosp",2021-01-03,"quantile",0.975,363.20426581791
"31993",2020-12-12,"40","22  day ahead inc hosp",2021-01-03,"quantile",0.99,379.173068996221
"31994",2020-12-12,"40","23  day ahead inc hosp",2021-01-04,"quantile",0.01,176.606265396353
"31995",2020-12-12,"40","23  day ahead inc hosp",2021-01-04,"quantile",0.025,192.848183779725
"31996",2020-12-12,"40","23  day ahead inc hosp",2021-01-04,"quantile",0.05,206.817129621428
"31997",2020-12-12,"40","23  day ahead inc hosp",2021-01-04,"quantile",0.1,222.922429551295
"31998",2020-12-12,"40","23  day ahead inc hosp",2021-01-04,"quantile",0.15,233.788598953893
"31999",2020-12-12,"40","23  day ahead inc hosp",2021-01-04,"quantile",0.2,242.424685930498
"32000",2020-12-12,"40","23  day ahead inc hosp",2021-01-04,"quantile",0.25,249.833679584659
"32001",2020-12-12,"40","23  day ahead inc hosp",2021-01-04,"quantile",0.3,256.487184870672
"32002",2020-12-12,"40","23  day ahead inc hosp",2021-01-04,"quantile",0.35,262.652649088669
"32003",2020-12-12,"40","23  day ahead inc hosp",2021-01-04,"quantile",0.4,268.503071709489
"32004",2020-12-12,"40","23  day ahead inc hosp",2021-01-04,"quantile",0.45,274.163423301521
"32005",2020-12-12,"40","23  day ahead inc hosp",2021-01-04,"quantile",0.5,279.734032157564
"32006",2020-12-12,"40","23  day ahead inc hosp",2021-01-04,"quantile",0.55,285.304641013607
"32007",2020-12-12,"40","23  day ahead inc hosp",2021-01-04,"quantile",0.6,290.964992605639
"32008",2020-12-12,"40","23  day ahead inc hosp",2021-01-04,"quantile",0.65,296.815415226459
"32009",2020-12-12,"40","23  day ahead inc hosp",2021-01-04,"quantile",0.7,302.980879444456
"32010",2020-12-12,"40","23  day ahead inc hosp",2021-01-04,"quantile",0.75,309.634384730469
"32011",2020-12-12,"40","23  day ahead inc hosp",2021-01-04,"quantile",0.8,317.043378384631
"32012",2020-12-12,"40","23  day ahead inc hosp",2021-01-04,"quantile",0.85,325.679465361235
"32013",2020-12-12,"40","23  day ahead inc hosp",2021-01-04,"quantile",0.9,336.545634763833
"32014",2020-12-12,"40","23  day ahead inc hosp",2021-01-04,"quantile",0.95,352.6509346937
"32015",2020-12-12,"40","23  day ahead inc hosp",2021-01-04,"quantile",0.975,366.619880535403
"32016",2020-12-12,"40","23  day ahead inc hosp",2021-01-04,"quantile",0.99,382.861798918775
"32017",2020-12-12,"40","24  day ahead inc hosp",2021-01-05,"quantile",0.01,176.85539725435
"32018",2020-12-12,"40","24  day ahead inc hosp",2021-01-05,"quantile",0.025,193.36591361806
"32019",2020-12-12,"40","24  day ahead inc hosp",2021-01-05,"quantile",0.05,207.565868540832
"32020",2020-12-12,"40","24  day ahead inc hosp",2021-01-05,"quantile",0.1,223.93750714645
"32021",2020-12-12,"40","24  day ahead inc hosp",2021-01-05,"quantile",0.15,234.983373989133
"32022",2020-12-12,"40","24  day ahead inc hosp",2021-01-05,"quantile",0.2,243.762278794592
"32023",2020-12-12,"40","24  day ahead inc hosp",2021-01-05,"quantile",0.25,251.29379742917
"32024",2020-12-12,"40","24  day ahead inc hosp",2021-01-05,"quantile",0.3,258.05733393439
"32025",2020-12-12,"40","24  day ahead inc hosp",2021-01-05,"quantile",0.35,264.324758474913
"32026",2020-12-12,"40","24  day ahead inc hosp",2021-01-05,"quantile",0.4,270.271931471088
"32027",2020-12-12,"40","24  day ahead inc hosp",2021-01-05,"quantile",0.45,276.025890170959
"32028",2020-12-12,"40","24  day ahead inc hosp",2021-01-05,"quantile",0.5,281.688622029511
"32029",2020-12-12,"40","24  day ahead inc hosp",2021-01-05,"quantile",0.55,287.351353888064
"32030",2020-12-12,"40","24  day ahead inc hosp",2021-01-05,"quantile",0.6,293.105312587935
"32031",2020-12-12,"40","24  day ahead inc hosp",2021-01-05,"quantile",0.65,299.05248558411
"32032",2020-12-12,"40","24  day ahead inc hosp",2021-01-05,"quantile",0.7,305.319910124633
"32033",2020-12-12,"40","24  day ahead inc hosp",2021-01-05,"quantile",0.75,312.083446629853
"32034",2020-12-12,"40","24  day ahead inc hosp",2021-01-05,"quantile",0.8,319.614965264431
"32035",2020-12-12,"40","24  day ahead inc hosp",2021-01-05,"quantile",0.85,328.39387006989
"32036",2020-12-12,"40","24  day ahead inc hosp",2021-01-05,"quantile",0.9,339.439736912573
"32037",2020-12-12,"40","24  day ahead inc hosp",2021-01-05,"quantile",0.95,355.811375518191
"32038",2020-12-12,"40","24  day ahead inc hosp",2021-01-05,"quantile",0.975,370.011330440963
"32039",2020-12-12,"40","24  day ahead inc hosp",2021-01-05,"quantile",0.99,386.521846804673
"32040",2020-12-12,"40","25  day ahead inc hosp",2021-01-06,"quantile",0.01,177.131833371442
"32041",2020-12-12,"40","25  day ahead inc hosp",2021-01-06,"quantile",0.025,193.906647481306
"32042",2020-12-12,"40","25  day ahead inc hosp",2021-01-06,"quantile",0.05,208.333913046513
"32043",2020-12-12,"40","25  day ahead inc hosp",2021-01-06,"quantile",0.1,224.967626265002
"32044",2020-12-12,"40","25  day ahead inc hosp",2021-01-06,"quantile",0.15,236.190313604786
"32045",2020-12-12,"40","25  day ahead inc hosp",2021-01-06,"quantile",0.2,245.109749736017
"32046",2020-12-12,"40","25  day ahead inc hosp",2021-01-06,"quantile",0.25,252.761831734962
"32047",2020-12-12,"40","25  day ahead inc hosp",2021-01-06,"quantile",0.3,259.63363786755
"32048",2020-12-12,"40","25  day ahead inc hosp",2021-01-06,"quantile",0.35,266.00139035323
"32049",2020-12-12,"40","25  day ahead inc hosp",2021-01-06,"quantile",0.4,272.043764758267
"32050",2020-12-12,"40","25  day ahead inc hosp",2021-01-06,"quantile",0.45,277.88983192297
"32051",2020-12-12,"40","25  day ahead inc hosp",2021-01-06,"quantile",0.5,283.643211901443
"32052",2020-12-12,"40","25  day ahead inc hosp",2021-01-06,"quantile",0.55,289.396591879916
"32053",2020-12-12,"40","25  day ahead inc hosp",2021-01-06,"quantile",0.6,295.242659044619
"32054",2020-12-12,"40","25  day ahead inc hosp",2021-01-06,"quantile",0.65,301.285033449656
"32055",2020-12-12,"40","25  day ahead inc hosp",2021-01-06,"quantile",0.7,307.652785935336
"32056",2020-12-12,"40","25  day ahead inc hosp",2021-01-06,"quantile",0.75,314.524592067925
"32057",2020-12-12,"40","25  day ahead inc hosp",2021-01-06,"quantile",0.8,322.176674066869
"32058",2020-12-12,"40","25  day ahead inc hosp",2021-01-06,"quantile",0.85,331.096110198101
"32059",2020-12-12,"40","25  day ahead inc hosp",2021-01-06,"quantile",0.9,342.318797537885
"32060",2020-12-12,"40","25  day ahead inc hosp",2021-01-06,"quantile",0.95,358.952510756374
"32061",2020-12-12,"40","25  day ahead inc hosp",2021-01-06,"quantile",0.975,373.379776321581
"32062",2020-12-12,"40","25  day ahead inc hosp",2021-01-06,"quantile",0.99,390.154590431445
"32063",2020-12-12,"40","26  day ahead inc hosp",2021-01-07,"quantile",0.01,177.434302865643
"32064",2020-12-12,"40","26  day ahead inc hosp",2021-01-07,"quantile",0.025,194.469314642704
"32065",2020-12-12,"40","26  day ahead inc hosp",2021-01-07,"quantile",0.05,209.120364556251
"32066",2020-12-12,"40","26  day ahead inc hosp",2021-01-07,"quantile",0.1,226.012086796356
"32067",2020-12-12,"40","26  day ahead inc hosp",2021-01-07,"quantile",0.15,237.408851598124
"32068",2020-12-12,"40","26  day ahead inc hosp",2021-01-07,"quantile",0.2,246.466638977772
"32069",2020-12-12,"40","26  day ahead inc hosp",2021-01-07,"quantile",0.25,254.23741402883
"32070",2020-12-12,"40","26  day ahead inc hosp",2021-01-07,"quantile",0.3,261.215810190579
"32071",2020-12-12,"40","26  day ahead inc hosp",2021-01-07,"quantile",0.35,267.682334223366
"32072",2020-12-12,"40","26  day ahead inc hosp",2021-01-07,"quantile",0.4,273.818433167716
"32073",2020-12-12,"40","26  day ahead inc hosp",2021-01-07,"quantile",0.45,279.75517990887
"32074",2020-12-12,"40","26  day ahead inc hosp",2021-01-07,"quantile",0.5,285.59780177337
"32075",2020-12-12,"40","26  day ahead inc hosp",2021-01-07,"quantile",0.55,291.440423637869
"32076",2020-12-12,"40","26  day ahead inc hosp",2021-01-07,"quantile",0.6,297.377170379023
"32077",2020-12-12,"40","26  day ahead inc hosp",2021-01-07,"quantile",0.65,303.513269323374
"32078",2020-12-12,"40","26  day ahead inc hosp",2021-01-07,"quantile",0.7,309.979793356161
"32079",2020-12-12,"40","26  day ahead inc hosp",2021-01-07,"quantile",0.75,316.95818951791
"32080",2020-12-12,"40","26  day ahead inc hosp",2021-01-07,"quantile",0.8,324.728964568967
"32081",2020-12-12,"40","26  day ahead inc hosp",2021-01-07,"quantile",0.85,333.786751948616
"32082",2020-12-12,"40","26  day ahead inc hosp",2021-01-07,"quantile",0.9,345.183516750383
"32083",2020-12-12,"40","26  day ahead inc hosp",2021-01-07,"quantile",0.95,362.075238990488
"32084",2020-12-12,"40","26  day ahead inc hosp",2021-01-07,"quantile",0.975,376.726288904035
"32085",2020-12-12,"40","26  day ahead inc hosp",2021-01-07,"quantile",0.99,393.761300681097
"32086",2020-12-12,"40","27  day ahead inc hosp",2021-01-08,"quantile",0.01,177.761630487709
"32087",2020-12-12,"40","27  day ahead inc hosp",2021-01-08,"quantile",0.025,195.052924946734
"32088",2020-12-12,"40","27  day ahead inc hosp",2021-01-08,"quantile",0.05,209.92439210534
"32089",2020-12-12,"40","27  day ahead inc hosp",2021-01-08,"quantile",0.1,227.070241312619
"32090",2020-12-12,"40","27  day ahead inc hosp",2021-01-08,"quantile",0.15,238.638464372669
"32091",2020-12-12,"40","27  day ahead inc hosp",2021-01-08,"quantile",0.2,247.832521340663
"32092",2020-12-12,"40","27  day ahead inc hosp",2021-01-08,"quantile",0.25,255.720203564847
"32093",2020-12-12,"40","27  day ahead inc hosp",2021-01-08,"quantile",0.3,262.803585981231
"32094",2020-12-12,"40","27  day ahead inc hosp",2021-01-08,"quantile",0.35,269.367395425017
"32095",2020-12-12,"40","27  day ahead inc hosp",2021-01-08,"quantile",0.4,275.595808710845
"32096",2020-12-12,"40","27  day ahead inc hosp",2021-01-08,"quantile",0.45,281.621870645724
"32097",2020-12-12,"40","27  day ahead inc hosp",2021-01-08,"quantile",0.5,287.552391645295
"32098",2020-12-12,"40","27  day ahead inc hosp",2021-01-08,"quantile",0.55,293.482912644865
"32099",2020-12-12,"40","27  day ahead inc hosp",2021-01-08,"quantile",0.6,299.508974579744
"32100",2020-12-12,"40","27  day ahead inc hosp",2021-01-08,"quantile",0.65,305.737387865572
"32101",2020-12-12,"40","27  day ahead inc hosp",2021-01-08,"quantile",0.7,312.301197309358
"32102",2020-12-12,"40","27  day ahead inc hosp",2021-01-08,"quantile",0.75,319.384579725742
"32103",2020-12-12,"40","27  day ahead inc hosp",2021-01-08,"quantile",0.8,327.272261949926
"32104",2020-12-12,"40","27  day ahead inc hosp",2021-01-08,"quantile",0.85,336.46631891792
"32105",2020-12-12,"40","27  day ahead inc hosp",2021-01-08,"quantile",0.9,348.03454197797
"32106",2020-12-12,"40","27  day ahead inc hosp",2021-01-08,"quantile",0.95,365.18039118525
"32107",2020-12-12,"40","27  day ahead inc hosp",2021-01-08,"quantile",0.975,380.051858343855
"32108",2020-12-12,"40","27  day ahead inc hosp",2021-01-08,"quantile",0.99,397.34315280288
"32109",2020-12-12,"40","28  day ahead inc hosp",2021-01-09,"quantile",0.01,178.11272683969
"32110",2020-12-12,"40","28  day ahead inc hosp",2021-01-09,"quantile",0.025,195.656560568178
"32111",2020-12-12,"40","28  day ahead inc hosp",2021-01-09,"quantile",0.05,210.745225430574
"32112",2020-12-12,"40","28  day ahead inc hosp",2021-01-09,"quantile",0.1,228.141489680139
"32113",2020-12-12,"40","28  day ahead inc hosp",2021-01-09,"quantile",0.15,239.878666580371
"32114",2020-12-12,"40","28  day ahead inc hosp",2021-01-09,"quantile",0.2,249.207002704596
"32115",2020-12-12,"40","28  day ahead inc hosp",2021-01-09,"quantile",0.25,257.209884488382
"32116",2020-12-12,"40","28  day ahead inc hosp",2021-01-09,"quantile",0.3,264.396719669682
"32117",2020-12-12,"40","28  day ahead inc hosp",2021-01-09,"quantile",0.35,271.056393517707
"32118",2020-12-12,"40","28  day ahead inc hosp",2021-01-09,"quantile",0.4,277.375772748557
"32119",2020-12-12,"40","28  day ahead inc hosp",2021-01-09,"quantile",0.45,283.489845287984
"32120",2020-12-12,"40","28  day ahead inc hosp",2021-01-09,"quantile",0.5,289.506981517219
"32121",2020-12-12,"40","28  day ahead inc hosp",2021-01-09,"quantile",0.55,295.524117746454
"32122",2020-12-12,"40","28  day ahead inc hosp",2021-01-09,"quantile",0.6,301.638190285881
"32123",2020-12-12,"40","28  day ahead inc hosp",2021-01-09,"quantile",0.65,307.957569516731
"32124",2020-12-12,"40","28  day ahead inc hosp",2021-01-09,"quantile",0.7,314.617243364756
"32125",2020-12-12,"40","28  day ahead inc hosp",2021-01-09,"quantile",0.75,321.804078546056
"32126",2020-12-12,"40","28  day ahead inc hosp",2021-01-09,"quantile",0.8,329.806960329842
"32127",2020-12-12,"40","28  day ahead inc hosp",2021-01-09,"quantile",0.85,339.135296454067
"32128",2020-12-12,"40","28  day ahead inc hosp",2021-01-09,"quantile",0.9,350.872473354299
"32129",2020-12-12,"40","28  day ahead inc hosp",2021-01-09,"quantile",0.95,368.268737603864
"32130",2020-12-12,"40","28  day ahead inc hosp",2021-01-09,"quantile",0.975,383.35740246626
"32131",2020-12-12,"40","28  day ahead inc hosp",2021-01-09,"quantile",0.99,400.901236194748
"32132",2020-12-12,"40","29  day ahead inc hosp",2021-01-10,"quantile",0.01,164.996114502138
"32133",2020-12-12,"40","29  day ahead inc hosp",2021-01-10,"quantile",0.025,182.788903482985
"32134",2020-12-12,"40","29  day ahead inc hosp",2021-01-10,"quantile",0.05,198.09168359674
"32135",2020-12-12,"40","29  day ahead inc hosp",2021-01-10,"quantile",0.1,215.734809018348
"32136",2020-12-12,"40","29  day ahead inc hosp",2021-01-10,"quantile",0.15,227.638541979382
"32137",2020-12-12,"40","29  day ahead inc hosp",2021-01-10,"quantile",0.2,237.099251580797
"32138",2020-12-12,"40","29  day ahead inc hosp",2021-01-10,"quantile",0.25,245.215698021255
"32139",2020-12-12,"40","29  day ahead inc hosp",2021-01-10,"quantile",0.3,252.504517774109
"32140",2020-12-12,"40","29  day ahead inc hosp",2021-01-10,"quantile",0.35,259.258695526419
"32141",2020-12-12,"40","29  day ahead inc hosp",2021-01-10,"quantile",0.4,265.667749720878
"32142",2020-12-12,"40","29  day ahead inc hosp",2021-01-10,"quantile",0.45,271.868583825397
"32143",2020-12-12,"40","29  day ahead inc hosp",2021-01-10,"quantile",0.5,277.971106047888
"32144",2020-12-12,"40","29  day ahead inc hosp",2021-01-10,"quantile",0.55,284.073628270379
"32145",2020-12-12,"40","29  day ahead inc hosp",2021-01-10,"quantile",0.6,290.274462374898
"32146",2020-12-12,"40","29  day ahead inc hosp",2021-01-10,"quantile",0.65,296.683516569357
"32147",2020-12-12,"40","29  day ahead inc hosp",2021-01-10,"quantile",0.7,303.437694321666
"32148",2020-12-12,"40","29  day ahead inc hosp",2021-01-10,"quantile",0.75,310.72651407452
"32149",2020-12-12,"40","29  day ahead inc hosp",2021-01-10,"quantile",0.8,318.842960514979
"32150",2020-12-12,"40","29  day ahead inc hosp",2021-01-10,"quantile",0.85,328.303670116394
"32151",2020-12-12,"40","29  day ahead inc hosp",2021-01-10,"quantile",0.9,340.207403077427
"32152",2020-12-12,"40","29  day ahead inc hosp",2021-01-10,"quantile",0.95,357.850528499036
"32153",2020-12-12,"40","29  day ahead inc hosp",2021-01-10,"quantile",0.975,373.153308612791
"32154",2020-12-12,"40","29  day ahead inc hosp",2021-01-10,"quantile",0.99,390.946097593638
"32155",2020-12-12,"40","30  day ahead inc hosp",2021-01-11,"quantile",0.01,165.391781927657
"32156",2020-12-12,"40","30  day ahead inc hosp",2021-01-11,"quantile",0.025,183.430090538529
"32157",2020-12-12,"40","30  day ahead inc hosp",2021-01-11,"quantile",0.05,198.9440310789
"32158",2020-12-12,"40","30  day ahead inc hosp",2021-01-11,"quantile",0.1,216.830610948862
"32159",2020-12-12,"40","30  day ahead inc hosp",2021-01-11,"quantile",0.15,228.898601470396
"32160",2020-12-12,"40","30  day ahead inc hosp",2021-01-11,"quantile",0.2,238.489857773828
"32161",2020-12-12,"40","30  day ahead inc hosp",2021-01-11,"quantile",0.25,246.718301660517
"32162",2020-12-12,"40","30  day ahead inc hosp",2021-01-11,"quantile",0.3,254.107698581513
"32163",2020-12-12,"40","30  day ahead inc hosp",2021-01-11,"quantile",0.35,260.9550760691
"32164",2020-12-12,"40","30  day ahead inc hosp",2021-01-11,"quantile",0.4,267.452567698315
"32165",2020-12-12,"40","30  day ahead inc hosp",2021-01-11,"quantile",0.45,273.73896604444
"32166",2020-12-12,"40","30  day ahead inc hosp",2021-01-11,"quantile",0.5,279.925695919812
"32167",2020-12-12,"40","30  day ahead inc hosp",2021-01-11,"quantile",0.55,286.112425795184
"32168",2020-12-12,"40","30  day ahead inc hosp",2021-01-11,"quantile",0.6,292.398824141309
"32169",2020-12-12,"40","30  day ahead inc hosp",2021-01-11,"quantile",0.65,298.896315770524
"32170",2020-12-12,"40","30  day ahead inc hosp",2021-01-11,"quantile",0.7,305.743693258111
"32171",2020-12-12,"40","30  day ahead inc hosp",2021-01-11,"quantile",0.75,313.133090179107
"32172",2020-12-12,"40","30  day ahead inc hosp",2021-01-11,"quantile",0.8,321.361534065796
"32173",2020-12-12,"40","30  day ahead inc hosp",2021-01-11,"quantile",0.85,330.952790369228
"32174",2020-12-12,"40","30  day ahead inc hosp",2021-01-11,"quantile",0.9,343.020780890762
"32175",2020-12-12,"40","30  day ahead inc hosp",2021-01-11,"quantile",0.95,360.907360760724
"32176",2020-12-12,"40","30  day ahead inc hosp",2021-01-11,"quantile",0.975,376.421301301095
"32177",2020-12-12,"40","30  day ahead inc hosp",2021-01-11,"quantile",0.99,394.459609911967
"32178",2020-12-12,"40","31  day ahead inc hosp",2021-01-12,"quantile",0.01,165.808384825299
"32179",2020-12-12,"40","31  day ahead inc hosp",2021-01-12,"quantile",0.025,184.088915872431
"32180",2020-12-12,"40","31  day ahead inc hosp",2021-01-12,"quantile",0.05,199.811181070881
"32181",2020-12-12,"40","31  day ahead inc hosp",2021-01-12,"quantile",0.1,217.937945929687
"32182",2020-12-12,"40","31  day ahead inc hosp",2021-01-12,"quantile",0.15,230.167988122914
"32183",2020-12-12,"40","31  day ahead inc hosp",2021-01-12,"quantile",0.2,239.888037957863
"32184",2020-12-12,"40","31  day ahead inc hosp",2021-01-12,"quantile",0.25,248.226975226602
"32185",2020-12-12,"40","31  day ahead inc hosp",2021-01-12,"quantile",0.3,255.71559861962
"32186",2020-12-12,"40","31  day ahead inc hosp",2021-01-12,"quantile",0.35,262.654924221236
"32187",2020-12-12,"40","31  day ahead inc hosp",2021-01-12,"quantile",0.4,269.239665619039
"32188",2020-12-12,"40","31  day ahead inc hosp",2021-01-12,"quantile",0.45,275.610479126005
"32189",2020-12-12,"40","31  day ahead inc hosp",2021-01-12,"quantile",0.5,281.880285791736
"32190",2020-12-12,"40","31  day ahead inc hosp",2021-01-12,"quantile",0.55,288.150092457468
"32191",2020-12-12,"40","31  day ahead inc hosp",2021-01-12,"quantile",0.6,294.520905964433
"32192",2020-12-12,"40","31  day ahead inc hosp",2021-01-12,"quantile",0.65,301.105647362237
"32193",2020-12-12,"40","31  day ahead inc hosp",2021-01-12,"quantile",0.7,308.044972963852
"32194",2020-12-12,"40","31  day ahead inc hosp",2021-01-12,"quantile",0.75,315.53359635687
"32195",2020-12-12,"40","31  day ahead inc hosp",2021-01-12,"quantile",0.8,323.872533625609
"32196",2020-12-12,"40","31  day ahead inc hosp",2021-01-12,"quantile",0.85,333.592583460558
"32197",2020-12-12,"40","31  day ahead inc hosp",2021-01-12,"quantile",0.9,345.822625653785
"32198",2020-12-12,"40","31  day ahead inc hosp",2021-01-12,"quantile",0.95,363.949390512591
"32199",2020-12-12,"40","31  day ahead inc hosp",2021-01-12,"quantile",0.975,379.671655711041
"32200",2020-12-12,"40","31  day ahead inc hosp",2021-01-12,"quantile",0.99,397.952186758173
"32201",2020-12-12,"40","32  day ahead inc hosp",2021-01-13,"quantile",0.01,166.24510173088
"32202",2020-12-12,"40","32  day ahead inc hosp",2021-01-13,"quantile",0.025,184.764687395502
"32203",2020-12-12,"40","32  day ahead inc hosp",2021-01-13,"quantile",0.05,200.692552753126
"32204",2020-12-12,"40","32  day ahead inc hosp",2021-01-13,"quantile",0.1,219.056361428027
"32205",2020-12-12,"40","32  day ahead inc hosp",2021-01-13,"quantile",0.15,231.446335958605
"32206",2020-12-12,"40","32  day ahead inc hosp",2021-01-13,"quantile",0.2,241.293494945323
"32207",2020-12-12,"40","32  day ahead inc hosp",2021-01-13,"quantile",0.25,249.741480548265
"32208",2020-12-12,"40","32  day ahead inc hosp",2021-01-13,"quantile",0.3,257.328032715678
"32209",2020-12-12,"40","32  day ahead inc hosp",2021-01-13,"quantile",0.35,264.358103921076
"32210",2020-12-12,"40","32  day ahead inc hosp",2021-01-13,"quantile",0.4,271.028954022837
"32211",2020-12-12,"40","32  day ahead inc hosp",2021-01-13,"quantile",0.45,277.483078697409
"32212",2020-12-12,"40","32  day ahead inc hosp",2021-01-13,"quantile",0.5,283.83487566366
"32213",2020-12-12,"40","32  day ahead inc hosp",2021-01-13,"quantile",0.55,290.186672629911
"32214",2020-12-12,"40","32  day ahead inc hosp",2021-01-13,"quantile",0.6,296.640797304484
"32215",2020-12-12,"40","32  day ahead inc hosp",2021-01-13,"quantile",0.65,303.311647406244
"32216",2020-12-12,"40","32  day ahead inc hosp",2021-01-13,"quantile",0.7,310.341718611642
"32217",2020-12-12,"40","32  day ahead inc hosp",2021-01-13,"quantile",0.75,317.928270779056
"32218",2020-12-12,"40","32  day ahead inc hosp",2021-01-13,"quantile",0.8,326.376256381998
"32219",2020-12-12,"40","32  day ahead inc hosp",2021-01-13,"quantile",0.85,336.223415368716
"32220",2020-12-12,"40","32  day ahead inc hosp",2021-01-13,"quantile",0.9,348.613389899294
"32221",2020-12-12,"40","32  day ahead inc hosp",2021-01-13,"quantile",0.95,366.977198574194
"32222",2020-12-12,"40","32  day ahead inc hosp",2021-01-13,"quantile",0.975,382.905063931819
"32223",2020-12-12,"40","32  day ahead inc hosp",2021-01-13,"quantile",0.99,401.424649596441
"32224",2020-12-12,"40","33  day ahead inc hosp",2021-01-14,"quantile",0.01,166.701163535923
"32225",2020-12-12,"40","33  day ahead inc hosp",2021-01-14,"quantile",0.025,185.456757128593
"32226",2020-12-12,"40","33  day ahead inc hosp",2021-01-14,"quantile",0.05,201.587602324392
"32227",2020-12-12,"40","33  day ahead inc hosp",2021-01-14,"quantile",0.1,220.18543375309
"32228",2020-12-12,"40","33  day ahead inc hosp",2021-01-14,"quantile",0.15,232.73330232463
"32229",2020-12-12,"40","33  day ahead inc hosp",2021-01-14,"quantile",0.2,242.705950489761
"32230",2020-12-12,"40","33  day ahead inc hosp",2021-01-14,"quantile",0.25,251.261594634013
"32231",2020-12-12,"40","33  day ahead inc hosp",2021-01-14,"quantile",0.3,258.94482749885
"32232",2020-12-12,"40","33  day ahead inc hosp",2021-01-14,"quantile",0.35,266.064487778716
"32233",2020-12-12,"40","33  day ahead inc hosp",2021-01-14,"quantile",0.4,272.820349151211
"32234",2020-12-12,"40","33  day ahead inc hosp",2021-01-14,"quantile",0.45,279.356723214047
"32235",2020-12-12,"40","33  day ahead inc hosp",2021-01-14,"quantile",0.5,285.789465535584
"32236",2020-12-12,"40","33  day ahead inc hosp",2021-01-14,"quantile",0.55,292.222207857122
"32237",2020-12-12,"40","33  day ahead inc hosp",2021-01-14,"quantile",0.6,298.758581919958
"32238",2020-12-12,"40","33  day ahead inc hosp",2021-01-14,"quantile",0.65,305.514443292453
"32239",2020-12-12,"40","33  day ahead inc hosp",2021-01-14,"quantile",0.7,312.634103572319
"32240",2020-12-12,"40","33  day ahead inc hosp",2021-01-14,"quantile",0.75,320.317336437156
"32241",2020-12-12,"40","33  day ahead inc hosp",2021-01-14,"quantile",0.8,328.872980581408
"32242",2020-12-12,"40","33  day ahead inc hosp",2021-01-14,"quantile",0.85,338.845628746539
"32243",2020-12-12,"40","33  day ahead inc hosp",2021-01-14,"quantile",0.9,351.393497318079
"32244",2020-12-12,"40","33  day ahead inc hosp",2021-01-14,"quantile",0.95,369.991328746777
"32245",2020-12-12,"40","33  day ahead inc hosp",2021-01-14,"quantile",0.975,386.122173942576
"32246",2020-12-12,"40","33  day ahead inc hosp",2021-01-14,"quantile",0.99,404.877767535246
"32247",2020-12-12,"40","34  day ahead inc hosp",2021-01-15,"quantile",0.01,167.175848931827
"32248",2020-12-12,"40","34  day ahead inc hosp",2021-01-15,"quantile",0.025,186.164517364276
"32249",2020-12-12,"40","34  day ahead inc hosp",2021-01-15,"quantile",0.05,202.495819780528
"32250",2020-12-12,"40","34  day ahead inc hosp",2021-01-15,"quantile",0.1,221.324765546348
"32251",2020-12-12,"40","34  day ahead inc hosp",2021-01-15,"quantile",0.15,234.028565863925
"32252",2020-12-12,"40","34  day ahead inc hosp",2021-01-15,"quantile",0.2,244.125143637671
"32253",2020-12-12,"40","34  day ahead inc hosp",2021-01-15,"quantile",0.25,252.787108351213
"32254",2020-12-12,"40","34  day ahead inc hosp",2021-01-15,"quantile",0.3,260.565820373247
"32255",2020-12-12,"40","34  day ahead inc hosp",2021-01-15,"quantile",0.35,267.773956321495
"32256",2020-12-12,"40","34  day ahead inc hosp",2021-01-15,"quantile",0.4,274.61377245123
"32257",2020-12-12,"40","34  day ahead inc hosp",2021-01-15,"quantile",0.45,281.231373713297
"32258",2020-12-12,"40","34  day ahead inc hosp",2021-01-15,"quantile",0.5,287.744055407509
"32259",2020-12-12,"40","34  day ahead inc hosp",2021-01-15,"quantile",0.55,294.256737101721
"32260",2020-12-12,"40","34  day ahead inc hosp",2021-01-15,"quantile",0.6,300.874338363787
"32261",2020-12-12,"40","34  day ahead inc hosp",2021-01-15,"quantile",0.65,307.714154493522
"32262",2020-12-12,"40","34  day ahead inc hosp",2021-01-15,"quantile",0.7,314.92229044177
"32263",2020-12-12,"40","34  day ahead inc hosp",2021-01-15,"quantile",0.75,322.701002463804
"32264",2020-12-12,"40","34  day ahead inc hosp",2021-01-15,"quantile",0.8,331.362967177346
"32265",2020-12-12,"40","34  day ahead inc hosp",2021-01-15,"quantile",0.85,341.459544951092
"32266",2020-12-12,"40","34  day ahead inc hosp",2021-01-15,"quantile",0.9,354.16334526867
"32267",2020-12-12,"40","34  day ahead inc hosp",2021-01-15,"quantile",0.95,372.992291034489
"32268",2020-12-12,"40","34  day ahead inc hosp",2021-01-15,"quantile",0.975,389.323593450741
"32269",2020-12-12,"40","34  day ahead inc hosp",2021-01-15,"quantile",0.99,408.31226188319
"32270",2020-12-12,"40","35  day ahead inc hosp",2021-01-16,"quantile",0.01,167.668480351401
"32271",2020-12-12,"40","35  day ahead inc hosp",2021-01-16,"quantile",0.025,186.887397247563
"32272",2020-12-12,"40","35  day ahead inc hosp",2021-01-16,"quantile",0.05,203.416726044926
"32273",2020-12-12,"40","35  day ahead inc hosp",2021-01-16,"quantile",0.1,222.473983545785
"32274",2020-12-12,"40","35  day ahead inc hosp",2021-01-16,"quantile",0.15,235.331824707083
"32275",2020-12-12,"40","35  day ahead inc hosp",2021-01-16,"quantile",0.2,245.550829260222
"32276",2020-12-12,"40","35  day ahead inc hosp",2021-01-16,"quantile",0.25,254.317825249397
"32277",2020-12-12,"40","35  day ahead inc hosp",2021-01-16,"quantile",0.3,262.190858603078
"32278",2020-12-12,"40","35  day ahead inc hosp",2021-01-16,"quantile",0.35,269.486397321784
"32279",2020-12-12,"40","35  day ahead inc hosp",2021-01-16,"quantile",0.4,276.40915013355
"32280",2020-12-12,"40","35  day ahead inc hosp",2021-01-16,"quantile",0.45,283.106993595298
"32281",2020-12-12,"40","35  day ahead inc hosp",2021-01-16,"quantile",0.5,289.698645279433
"32282",2020-12-12,"40","35  day ahead inc hosp",2021-01-16,"quantile",0.55,296.290296963567
"32283",2020-12-12,"40","35  day ahead inc hosp",2021-01-16,"quantile",0.6,302.988140425316
"32284",2020-12-12,"40","35  day ahead inc hosp",2021-01-16,"quantile",0.65,309.910893237081
"32285",2020-12-12,"40","35  day ahead inc hosp",2021-01-16,"quantile",0.7,317.206431955787
"32286",2020-12-12,"40","35  day ahead inc hosp",2021-01-16,"quantile",0.75,325.079465309468
"32287",2020-12-12,"40","35  day ahead inc hosp",2021-01-16,"quantile",0.8,333.846461298643
"32288",2020-12-12,"40","35  day ahead inc hosp",2021-01-16,"quantile",0.85,344.065465851783
"32289",2020-12-12,"40","35  day ahead inc hosp",2021-01-16,"quantile",0.9,356.92330701308
"32290",2020-12-12,"40","35  day ahead inc hosp",2021-01-16,"quantile",0.95,375.98056451394
"32291",2020-12-12,"40","35  day ahead inc hosp",2021-01-16,"quantile",0.975,392.509893311302
"32292",2020-12-12,"40","35  day ahead inc hosp",2021-01-16,"quantile",0.99,411.728810207464
"32293",2020-12-12,"40","36  day ahead inc hosp",2021-01-17,"quantile",0.01,168.277870151465
"32294",2020-12-12,"40","36  day ahead inc hosp",2021-01-17,"quantile",0.025,187.724309529555
"32295",2020-12-12,"40","36  day ahead inc hosp",2021-01-17,"quantile",0.05,204.449320213304
"32296",2020-12-12,"40","36  day ahead inc hosp",2021-01-17,"quantile",0.1,223.73218639694
"32297",2020-12-12,"40","36  day ahead inc hosp",2021-01-17,"quantile",0.15,236.742244665426
"32298",2020-12-12,"40","36  day ahead inc hosp",2021-01-17,"quantile",0.2,247.082226549979
"32299",2020-12-12,"40","36  day ahead inc hosp",2021-01-17,"quantile",0.25,255.953010317481
"32300",2020-12-12,"40","36  day ahead inc hosp",2021-01-17,"quantile",0.3,263.919248303795
"32301",2020-12-12,"40","36  day ahead inc hosp",2021-01-17,"quantile",0.35,271.301155004904
"32302",2020-12-12,"40","36  day ahead inc hosp",2021-01-17,"quantile",0.4,278.305862586025
"32303",2020-12-12,"40","36  day ahead inc hosp",2021-01-17,"quantile",0.45,285.082998235581
"32304",2020-12-12,"40","36  day ahead inc hosp",2021-01-17,"quantile",0.5,291.752684959841
"32305",2020-12-12,"40","36  day ahead inc hosp",2021-01-17,"quantile",0.55,298.422371684102
"32306",2020-12-12,"40","36  day ahead inc hosp",2021-01-17,"quantile",0.6,305.199507333657
"32307",2020-12-12,"40","36  day ahead inc hosp",2021-01-17,"quantile",0.65,312.204214914779
"32308",2020-12-12,"40","36  day ahead inc hosp",2021-01-17,"quantile",0.7,319.586121615887
"32309",2020-12-12,"40","36  day ahead inc hosp",2021-01-17,"quantile",0.75,327.552359602202
"32310",2020-12-12,"40","36  day ahead inc hosp",2021-01-17,"quantile",0.8,336.423143369703
"32311",2020-12-12,"40","36  day ahead inc hosp",2021-01-17,"quantile",0.85,346.763125254256
"32312",2020-12-12,"40","36  day ahead inc hosp",2021-01-17,"quantile",0.9,359.773183522742
"32313",2020-12-12,"40","36  day ahead inc hosp",2021-01-17,"quantile",0.95,379.056049706378
"32314",2020-12-12,"40","36  day ahead inc hosp",2021-01-17,"quantile",0.975,395.781060390128
"32315",2020-12-12,"40","36  day ahead inc hosp",2021-01-17,"quantile",0.99,415.227499768217
"32316",2020-12-12,"40","37  day ahead inc hosp",2021-01-18,"quantile",0.01,168.804518130551
"32317",2020-12-12,"40","37  day ahead inc hosp",2021-01-18,"quantile",0.025,188.475848596735
"32318",2020-12-12,"40","37  day ahead inc hosp",2021-01-18,"quantile",0.05,205.394278023007
"32319",2020-12-12,"40","37  day ahead inc hosp",2021-01-18,"quantile",0.1,224.900143629483
"32320",2020-12-12,"40","37  day ahead inc hosp",2021-01-18,"quantile",0.15,238.060658549868
"32321",2020-12-12,"40","37  day ahead inc hosp",2021-01-18,"quantile",0.2,248.520218611777
"32322",2020-12-12,"40","37  day ahead inc hosp",2021-01-18,"quantile",0.25,257.493589808007
"32323",2020-12-12,"40","37  day ahead inc hosp",2021-01-18,"quantile",0.3,265.551954475918
"32324",2020-12-12,"40","37  day ahead inc hosp",2021-01-18,"quantile",0.35,273.019230277145
"32325",2020-12-12,"40","37  day ahead inc hosp",2021-01-18,"quantile",0.4,280.104944786017
"32326",2020-12-12,"40","37  day ahead inc hosp",2021-01-18,"quantile",0.45,286.960455575657
"32327",2020-12-12,"40","37  day ahead inc hosp",2021-01-18,"quantile",0.5,293.707274831765
"32328",2020-12-12,"40","37  day ahead inc hosp",2021-01-18,"quantile",0.55,300.454094087874
"32329",2020-12-12,"40","37  day ahead inc hosp",2021-01-18,"quantile",0.6,307.309604877514
"32330",2020-12-12,"40","37  day ahead inc hosp",2021-01-18,"quantile",0.65,314.395319386385
"32331",2020-12-12,"40","37  day ahead inc hosp",2021-01-18,"quantile",0.7,321.862595187613
"32332",2020-12-12,"40","37  day ahead inc hosp",2021-01-18,"quantile",0.75,329.920959855523
"32333",2020-12-12,"40","37  day ahead inc hosp",2021-01-18,"quantile",0.8,338.894331051754
"32334",2020-12-12,"40","37  day ahead inc hosp",2021-01-18,"quantile",0.85,349.353891113662
"32335",2020-12-12,"40","37  day ahead inc hosp",2021-01-18,"quantile",0.9,362.514406034047
"32336",2020-12-12,"40","37  day ahead inc hosp",2021-01-18,"quantile",0.95,382.020271640523
"32337",2020-12-12,"40","37  day ahead inc hosp",2021-01-18,"quantile",0.975,398.938701066796
"32338",2020-12-12,"40","37  day ahead inc hosp",2021-01-18,"quantile",0.99,418.61003153298
"32339",2020-12-12,"41","1  day ahead inc hosp",2020-12-13,"quantile",0.01,26.3646730465567
"32340",2020-12-12,"41","1  day ahead inc hosp",2020-12-13,"quantile",0.025,29.2999368035904
"32341",2020-12-12,"41","1  day ahead inc hosp",2020-12-13,"quantile",0.05,31.8244255668818
"32342",2020-12-12,"41","1  day ahead inc hosp",2020-12-13,"quantile",0.1,34.7349994328785
"32343",2020-12-12,"41","1  day ahead inc hosp",2020-12-13,"quantile",0.15,36.6987498022861
"32344",2020-12-12,"41","1  day ahead inc hosp",2020-12-13,"quantile",0.2,38.2594763437377
"32345",2020-12-12,"41","1  day ahead inc hosp",2020-12-13,"quantile",0.25,39.5984407465769
"32346",2020-12-12,"41","1  day ahead inc hosp",2020-12-13,"quantile",0.3,40.800872162761
"32347",2020-12-12,"41","1  day ahead inc hosp",2020-12-13,"quantile",0.35,41.9151040679591
"32348",2020-12-12,"41","1  day ahead inc hosp",2020-12-13,"quantile",0.4,42.9724011850165
"32349",2020-12-12,"41","1  day ahead inc hosp",2020-12-13,"quantile",0.45,43.9953483817694
"32350",2020-12-12,"41","1  day ahead inc hosp",2020-12-13,"quantile",0.5,45.0020771371913
"32351",2020-12-12,"41","1  day ahead inc hosp",2020-12-13,"quantile",0.55,46.0088058926131
"32352",2020-12-12,"41","1  day ahead inc hosp",2020-12-13,"quantile",0.6,47.031753089366
"32353",2020-12-12,"41","1  day ahead inc hosp",2020-12-13,"quantile",0.65,48.0890502064235
"32354",2020-12-12,"41","1  day ahead inc hosp",2020-12-13,"quantile",0.7,49.2032821116216
"32355",2020-12-12,"41","1  day ahead inc hosp",2020-12-13,"quantile",0.75,50.4057135278057
"32356",2020-12-12,"41","1  day ahead inc hosp",2020-12-13,"quantile",0.8,51.7446779306448
"32357",2020-12-12,"41","1  day ahead inc hosp",2020-12-13,"quantile",0.85,53.3054044720964
"32358",2020-12-12,"41","1  day ahead inc hosp",2020-12-13,"quantile",0.9,55.269154841504
"32359",2020-12-12,"41","1  day ahead inc hosp",2020-12-13,"quantile",0.95,58.1797287075008
"32360",2020-12-12,"41","1  day ahead inc hosp",2020-12-13,"quantile",0.975,60.7042174707921
"32361",2020-12-12,"41","1  day ahead inc hosp",2020-12-13,"quantile",0.99,63.6394812278258
"32362",2020-12-12,"41","2  day ahead inc hosp",2020-12-14,"quantile",0.01,25.8465781456978
"32363",2020-12-12,"41","2  day ahead inc hosp",2020-12-14,"quantile",0.025,28.9181215095431
"32364",2020-12-12,"41","2  day ahead inc hosp",2020-12-14,"quantile",0.05,31.5598182529477
"32365",2020-12-12,"41","2  day ahead inc hosp",2020-12-14,"quantile",0.1,34.6055254135602
"32366",2020-12-12,"41","2  day ahead inc hosp",2020-12-14,"quantile",0.15,36.6604495752983
"32367",2020-12-12,"41","2  day ahead inc hosp",2020-12-14,"quantile",0.2,38.2936381566261
"32368",2020-12-12,"41","2  day ahead inc hosp",2020-12-14,"quantile",0.25,39.6947685375367
"32369",2020-12-12,"41","2  day ahead inc hosp",2020-12-14,"quantile",0.3,40.9530269233493
"32370",2020-12-12,"41","2  day ahead inc hosp",2020-12-14,"quantile",0.35,42.1189908357898
"32371",2020-12-12,"41","2  day ahead inc hosp",2020-12-14,"quantile",0.4,43.2253765688363
"32372",2020-12-12,"41","2  day ahead inc hosp",2020-12-14,"quantile",0.45,44.2958175696565
"32373",2020-12-12,"41","2  day ahead inc hosp",2020-12-14,"quantile",0.5,45.3492871328256
"32374",2020-12-12,"41","2  day ahead inc hosp",2020-12-14,"quantile",0.55,46.4027566959946
"32375",2020-12-12,"41","2  day ahead inc hosp",2020-12-14,"quantile",0.6,47.4731976968149
"32376",2020-12-12,"41","2  day ahead inc hosp",2020-12-14,"quantile",0.65,48.5795834298613
"32377",2020-12-12,"41","2  day ahead inc hosp",2020-12-14,"quantile",0.7,49.7455473423019
"32378",2020-12-12,"41","2  day ahead inc hosp",2020-12-14,"quantile",0.75,51.0038057281145
"32379",2020-12-12,"41","2  day ahead inc hosp",2020-12-14,"quantile",0.8,52.404936109025
"32380",2020-12-12,"41","2  day ahead inc hosp",2020-12-14,"quantile",0.85,54.0381246903529
"32381",2020-12-12,"41","2  day ahead inc hosp",2020-12-14,"quantile",0.9,56.0930488520909
"32382",2020-12-12,"41","2  day ahead inc hosp",2020-12-14,"quantile",0.95,59.1387560127034
"32383",2020-12-12,"41","2  day ahead inc hosp",2020-12-14,"quantile",0.975,61.780452756108
"32384",2020-12-12,"41","2  day ahead inc hosp",2020-12-14,"quantile",0.99,64.8519961199533
"32385",2020-12-12,"41","3  day ahead inc hosp",2020-12-15,"quantile",0.01,25.3652776757171
"32386",2020-12-12,"41","3  day ahead inc hosp",2020-12-15,"quantile",0.025,28.5673057750018
"32387",2020-12-12,"41","3  day ahead inc hosp",2020-12-15,"quantile",0.05,31.3212265894489
"32388",2020-12-12,"41","3  day ahead inc hosp",2020-12-15,"quantile",0.1,34.4963209167074
"32389",2020-12-12,"41","3  day ahead inc hosp",2020-12-15,"quantile",0.15,36.6385419855145
"32390",2020-12-12,"41","3  day ahead inc hosp",2020-12-15,"quantile",0.2,38.3411113812126
"32391",2020-12-12,"41","3  day ahead inc hosp",2020-12-15,"quantile",0.25,39.801764323068
"32392",2020-12-12,"41","3  day ahead inc hosp",2020-12-15,"quantile",0.3,41.1134758082311
"32393",2020-12-12,"41","3  day ahead inc hosp",2020-12-15,"quantile",0.35,42.3289719833242
"32394",2020-12-12,"41","3  day ahead inc hosp",2020-12-15,"quantile",0.4,43.4823589898574
"32395",2020-12-12,"41","3  day ahead inc hosp",2020-12-15,"quantile",0.45,44.5982742667174
"32396",2020-12-12,"41","3  day ahead inc hosp",2020-12-15,"quantile",0.5,45.6964971284599
"32397",2020-12-12,"41","3  day ahead inc hosp",2020-12-15,"quantile",0.55,46.7947199902024
"32398",2020-12-12,"41","3  day ahead inc hosp",2020-12-15,"quantile",0.6,47.9106352670624
"32399",2020-12-12,"41","3  day ahead inc hosp",2020-12-15,"quantile",0.65,49.0640222735956
"32400",2020-12-12,"41","3  day ahead inc hosp",2020-12-15,"quantile",0.7,50.2795184486886
"32401",2020-12-12,"41","3  day ahead inc hosp",2020-12-15,"quantile",0.75,51.5912299338518
"32402",2020-12-12,"41","3  day ahead inc hosp",2020-12-15,"quantile",0.8,53.0518828757072
"32403",2020-12-12,"41","3  day ahead inc hosp",2020-12-15,"quantile",0.85,54.7544522714052
"32404",2020-12-12,"41","3  day ahead inc hosp",2020-12-15,"quantile",0.9,56.8966733402124
"32405",2020-12-12,"41","3  day ahead inc hosp",2020-12-15,"quantile",0.95,60.0717676674709
"32406",2020-12-12,"41","3  day ahead inc hosp",2020-12-15,"quantile",0.975,62.825688481918
"32407",2020-12-12,"41","3  day ahead inc hosp",2020-12-15,"quantile",0.99,66.0277165812026
"32408",2020-12-12,"41","4  day ahead inc hosp",2020-12-16,"quantile",0.01,24.9164424872659
"32409",2020-12-12,"41","4  day ahead inc hosp",2020-12-16,"quantile",0.025,28.2438422620502
"32410",2020-12-12,"41","4  day ahead inc hosp",2020-12-16,"quantile",0.05,31.105589633915
"32411",2020-12-12,"41","4  day ahead inc hosp",2020-12-16,"quantile",0.1,34.4050010762441
"32412",2020-12-12,"41","4  day ahead inc hosp",2020-12-16,"quantile",0.15,36.6310983123925
"32413",2020-12-12,"41","4  day ahead inc hosp",2020-12-16,"quantile",0.2,38.4003298269649
"32414",2020-12-12,"41","4  day ahead inc hosp",2020-12-16,"quantile",0.25,39.9181729311067
"32415",2020-12-12,"41","4  day ahead inc hosp",2020-12-16,"quantile",0.3,41.2812429495394
"32416",2020-12-12,"41","4  day ahead inc hosp",2020-12-16,"quantile",0.35,42.5443304596582
"32417",2020-12-12,"41","4  day ahead inc hosp",2020-12-16,"quantile",0.4,43.742876989164
"32418",2020-12-12,"41","4  day ahead inc hosp",2020-12-16,"quantile",0.45,44.9024846271269
"32419",2020-12-12,"41","4  day ahead inc hosp",2020-12-16,"quantile",0.5,46.0437071240942
"32420",2020-12-12,"41","4  day ahead inc hosp",2020-12-16,"quantile",0.55,47.1849296210615
"32421",2020-12-12,"41","4  day ahead inc hosp",2020-12-16,"quantile",0.6,48.3445372590244
"32422",2020-12-12,"41","4  day ahead inc hosp",2020-12-16,"quantile",0.65,49.5430837885302
"32423",2020-12-12,"41","4  day ahead inc hosp",2020-12-16,"quantile",0.7,50.806171298649
"32424",2020-12-12,"41","4  day ahead inc hosp",2020-12-16,"quantile",0.75,52.1692413170816
"32425",2020-12-12,"41","4  day ahead inc hosp",2020-12-16,"quantile",0.8,53.6870844212235
"32426",2020-12-12,"41","4  day ahead inc hosp",2020-12-16,"quantile",0.85,55.4563159357959
"32427",2020-12-12,"41","4  day ahead inc hosp",2020-12-16,"quantile",0.9,57.6824131719443
"32428",2020-12-12,"41","4  day ahead inc hosp",2020-12-16,"quantile",0.95,60.9818246142734
"32429",2020-12-12,"41","4  day ahead inc hosp",2020-12-16,"quantile",0.975,63.8435719861382
"32430",2020-12-12,"41","4  day ahead inc hosp",2020-12-16,"quantile",0.99,67.1709717609225
"32431",2020-12-12,"41","5  day ahead inc hosp",2020-12-17,"quantile",0.01,24.4965311353359
"32432",2020-12-12,"41","5  day ahead inc hosp",2020-12-17,"quantile",0.025,27.9447472790632
"32433",2020-12-12,"41","5  day ahead inc hosp",2020-12-17,"quantile",0.05,30.9104033934003
"32434",2020-12-12,"41","5  day ahead inc hosp",2020-12-17,"quantile",0.1,34.32961496108
"32435",2020-12-12,"41","5  day ahead inc hosp",2020-12-17,"quantile",0.15,36.6365407730502
"32436",2020-12-12,"41","5  day ahead inc hosp",2020-12-17,"quantile",0.2,38.4700122773676
"32437",2020-12-12,"41","5  day ahead inc hosp",2020-12-17,"quantile",0.25,40.0429675726737
"32438",2020-12-12,"41","5  day ahead inc hosp",2020-12-17,"quantile",0.3,41.4555300420856
"32439",2020-12-12,"41","5  day ahead inc hosp",2020-12-17,"quantile",0.35,42.7644796838864
"32440",2020-12-12,"41","5  day ahead inc hosp",2020-12-17,"quantile",0.4,44.0065448914907
"32441",2020-12-12,"41","5  day ahead inc hosp",2020-12-17,"quantile",0.45,45.2082573541515
"32442",2020-12-12,"41","5  day ahead inc hosp",2020-12-17,"quantile",0.5,46.3909171197285
"32443",2020-12-12,"41","5  day ahead inc hosp",2020-12-17,"quantile",0.55,47.5735768853055
"32444",2020-12-12,"41","5  day ahead inc hosp",2020-12-17,"quantile",0.6,48.7752893479663
"32445",2020-12-12,"41","5  day ahead inc hosp",2020-12-17,"quantile",0.65,50.0173545555706
"32446",2020-12-12,"41","5  day ahead inc hosp",2020-12-17,"quantile",0.7,51.3263041973714
"32447",2020-12-12,"41","5  day ahead inc hosp",2020-12-17,"quantile",0.75,52.7388666667834
"32448",2020-12-12,"41","5  day ahead inc hosp",2020-12-17,"quantile",0.8,54.3118219620894
"32449",2020-12-12,"41","5  day ahead inc hosp",2020-12-17,"quantile",0.85,56.1452934664068
"32450",2020-12-12,"41","5  day ahead inc hosp",2020-12-17,"quantile",0.9,58.452219278377
"32451",2020-12-12,"41","5  day ahead inc hosp",2020-12-17,"quantile",0.95,61.8714308460567
"32452",2020-12-12,"41","5  day ahead inc hosp",2020-12-17,"quantile",0.975,64.8370869603938
"32453",2020-12-12,"41","5  day ahead inc hosp",2020-12-17,"quantile",0.99,68.2853031041211
"32454",2020-12-12,"41","6  day ahead inc hosp",2020-12-18,"quantile",0.01,24.1026027292886
"32455",2020-12-12,"41","6  day ahead inc hosp",2020-12-18,"quantile",0.025,27.6675431055765
"32456",2020-12-12,"41","6  day ahead inc hosp",2020-12-18,"quantile",0.05,30.7335884993428
"32457",2020-12-12,"41","6  day ahead inc hosp",2020-12-18,"quantile",0.1,34.2685424768845
"32458",2020-12-12,"41","6  day ahead inc hosp",2020-12-18,"quantile",0.15,36.6535591433002
"32459",2020-12-12,"41","6  day ahead inc hosp",2020-12-18,"quantile",0.2,38.5490947832005
"32460",2020-12-12,"41","6  day ahead inc hosp",2020-12-18,"quantile",0.25,40.1752955805412
"32461",2020-12-12,"41","6  day ahead inc hosp",2020-12-18,"quantile",0.3,41.6356741564017
"32462",2020-12-12,"41","6  day ahead inc hosp",2020-12-18,"quantile",0.35,42.9889325468514
"32463",2020-12-12,"41","6  day ahead inc hosp",2020-12-18,"quantile",0.4,44.2730424239617
"32464",2020-12-12,"41","6  day ahead inc hosp",2020-12-18,"quantile",0.45,45.5154335909484
"32465",2020-12-12,"41","6  day ahead inc hosp",2020-12-18,"quantile",0.5,46.7381271153628
"32466",2020-12-12,"41","6  day ahead inc hosp",2020-12-18,"quantile",0.55,47.9608206397772
"32467",2020-12-12,"41","6  day ahead inc hosp",2020-12-18,"quantile",0.6,49.203211806764
"32468",2020-12-12,"41","6  day ahead inc hosp",2020-12-18,"quantile",0.65,50.4873216838742
"32469",2020-12-12,"41","6  day ahead inc hosp",2020-12-18,"quantile",0.7,51.840580074324
"32470",2020-12-12,"41","6  day ahead inc hosp",2020-12-18,"quantile",0.75,53.3009586501844
"32471",2020-12-12,"41","6  day ahead inc hosp",2020-12-18,"quantile",0.8,54.9271594475251
"32472",2020-12-12,"41","6  day ahead inc hosp",2020-12-18,"quantile",0.85,56.8226950874254
"32473",2020-12-12,"41","6  day ahead inc hosp",2020-12-18,"quantile",0.9,59.2077117538411
"32474",2020-12-12,"41","6  day ahead inc hosp",2020-12-18,"quantile",0.95,62.7426657313828
"32475",2020-12-12,"41","6  day ahead inc hosp",2020-12-18,"quantile",0.975,65.8087111251491
"32476",2020-12-12,"41","6  day ahead inc hosp",2020-12-18,"quantile",0.99,69.373651501437
"32477",2020-12-12,"41","7  day ahead inc hosp",2020-12-19,"quantile",0.01,23.7321833447164
"32478",2020-12-12,"41","7  day ahead inc hosp",2020-12-19,"quantile",0.025,27.4101454433675
"32479",2020-12-12,"41","7  day ahead inc hosp",2020-12-19,"quantile",0.05,30.5733957535336
"32480",2020-12-12,"41","7  day ahead inc hosp",2020-12-19,"quantile",0.1,34.2204207743033
"32481",2020-12-12,"41","7  day ahead inc hosp",2020-12-19,"quantile",0.15,36.6810512415266
"32482",2020-12-12,"41","7  day ahead inc hosp",2020-12-19,"quantile",0.2,38.6366823333024
"32483",2020-12-12,"41","7  day ahead inc hosp",2020-12-19,"quantile",0.25,40.3144396773518
"32484",2020-12-12,"41","7  day ahead inc hosp",2020-12-19,"quantile",0.3,41.8211176255788
"32485",2020-12-12,"41","7  day ahead inc hosp",2020-12-19,"quantile",0.35,43.2172792845119
"32486",2020-12-12,"41","7  day ahead inc hosp",2020-12-19,"quantile",0.4,44.5421001678931
"32487",2020-12-12,"41","7  day ahead inc hosp",2020-12-19,"quantile",0.45,45.8238797045916
"32488",2020-12-12,"41","7  day ahead inc hosp",2020-12-19,"quantile",0.5,47.0853371109971
"32489",2020-12-12,"41","7  day ahead inc hosp",2020-12-19,"quantile",0.55,48.3467945174026
"32490",2020-12-12,"41","7  day ahead inc hosp",2020-12-19,"quantile",0.6,49.6285740541011
"32491",2020-12-12,"41","7  day ahead inc hosp",2020-12-19,"quantile",0.65,50.9533949374823
"32492",2020-12-12,"41","7  day ahead inc hosp",2020-12-19,"quantile",0.7,52.3495565964155
"32493",2020-12-12,"41","7  day ahead inc hosp",2020-12-19,"quantile",0.75,53.8562345446424
"32494",2020-12-12,"41","7  day ahead inc hosp",2020-12-19,"quantile",0.8,55.5339918886919
"32495",2020-12-12,"41","7  day ahead inc hosp",2020-12-19,"quantile",0.85,57.4896229804677
"32496",2020-12-12,"41","7  day ahead inc hosp",2020-12-19,"quantile",0.9,59.9502534476909
"32497",2020-12-12,"41","7  day ahead inc hosp",2020-12-19,"quantile",0.95,63.5972784684606
"32498",2020-12-12,"41","7  day ahead inc hosp",2020-12-19,"quantile",0.975,66.7605287786267
"32499",2020-12-12,"41","7  day ahead inc hosp",2020-12-19,"quantile",0.99,70.4384908772778
"32500",2020-12-12,"41","8  day ahead inc hosp",2020-12-20,"quantile",0.01,23.5806318018728
"32501",2020-12-12,"41","8  day ahead inc hosp",2020-12-20,"quantile",0.025,27.3682445740211
"32502",2020-12-12,"41","8  day ahead inc hosp",2020-12-20,"quantile",0.05,30.6258005125885
"32503",2020-12-12,"41","8  day ahead inc hosp",2020-12-20,"quantile",0.1,34.3815538832059
"32504",2020-12-12,"41","8  day ahead inc hosp",2020-12-20,"quantile",0.15,36.9155428518822
"32505",2020-12-12,"41","8  day ahead inc hosp",2020-12-20,"quantile",0.2,38.9294769551012
"32506",2020-12-12,"41","8  day ahead inc hosp",2020-12-20,"quantile",0.25,40.6572530915703
"32507",2020-12-12,"41","8  day ahead inc hosp",2020-12-20,"quantile",0.3,42.2088494612859
"32508",2020-12-12,"41","8  day ahead inc hosp",2020-12-20,"quantile",0.35,43.6466347319112
"32509",2020-12-12,"41","8  day ahead inc hosp",2020-12-20,"quantile",0.4,45.0109523524065
"32510",2020-12-12,"41","8  day ahead inc hosp",2020-12-20,"quantile",0.45,46.3309454393548
"32511",2020-12-12,"41","8  day ahead inc hosp",2020-12-20,"quantile",0.5,47.6300105346082
"32512",2020-12-12,"41","8  day ahead inc hosp",2020-12-20,"quantile",0.55,48.9290756298615
"32513",2020-12-12,"41","8  day ahead inc hosp",2020-12-20,"quantile",0.6,50.2490687168099
"32514",2020-12-12,"41","8  day ahead inc hosp",2020-12-20,"quantile",0.65,51.6133863373051
"32515",2020-12-12,"41","8  day ahead inc hosp",2020-12-20,"quantile",0.7,53.0511716079304
"32516",2020-12-12,"41","8  day ahead inc hosp",2020-12-20,"quantile",0.75,54.602767977646
"32517",2020-12-12,"41","8  day ahead inc hosp",2020-12-20,"quantile",0.8,56.3305441141151
"32518",2020-12-12,"41","8  day ahead inc hosp",2020-12-20,"quantile",0.85,58.3444782173341
"32519",2020-12-12,"41","8  day ahead inc hosp",2020-12-20,"quantile",0.9,60.8784671860105
"32520",2020-12-12,"41","8  day ahead inc hosp",2020-12-20,"quantile",0.95,64.6342205566278
"32521",2020-12-12,"41","8  day ahead inc hosp",2020-12-20,"quantile",0.975,67.8917764951952
"32522",2020-12-12,"41","8  day ahead inc hosp",2020-12-20,"quantile",0.99,71.6793892673435
"32523",2020-12-12,"41","9  day ahead inc hosp",2020-12-21,"quantile",0.01,23.2512130880869
"32524",2020-12-12,"41","9  day ahead inc hosp",2020-12-21,"quantile",0.025,27.1453902571904
"32525",2020-12-12,"41","9  day ahead inc hosp",2020-12-21,"quantile",0.05,30.4945974560699
"32526",2020-12-12,"41","9  day ahead inc hosp",2020-12-21,"quantile",0.1,34.3560188601239
"32527",2020-12-12,"41","9  day ahead inc hosp",2020-12-21,"quantile",0.15,36.9613015492999
"32528",2020-12-12,"41","9  day ahead inc hosp",2020-12-21,"quantile",0.2,39.031897641515
"32529",2020-12-12,"41","9  day ahead inc hosp",2020-12-21,"quantile",0.25,40.8082847192636
"32530",2020-12-12,"41","9  day ahead inc hosp",2020-12-21,"quantile",0.3,42.4035352166325
"32531",2020-12-12,"41","9  day ahead inc hosp",2020-12-21,"quantile",0.35,43.8817725422942
"32532",2020-12-12,"41","9  day ahead inc hosp",2020-12-21,"quantile",0.4,45.2844752072038
"32533",2020-12-12,"41","9  day ahead inc hosp",2020-12-21,"quantile",0.45,46.6416062688496
"32534",2020-12-12,"41","9  day ahead inc hosp",2020-12-21,"quantile",0.5,47.9772205302425
"32535",2020-12-12,"41","9  day ahead inc hosp",2020-12-21,"quantile",0.55,49.3128347916353
"32536",2020-12-12,"41","9  day ahead inc hosp",2020-12-21,"quantile",0.6,50.6699658532811
"32537",2020-12-12,"41","9  day ahead inc hosp",2020-12-21,"quantile",0.65,52.0726685181908
"32538",2020-12-12,"41","9  day ahead inc hosp",2020-12-21,"quantile",0.7,53.5509058438525
"32539",2020-12-12,"41","9  day ahead inc hosp",2020-12-21,"quantile",0.75,55.1461563412214
"32540",2020-12-12,"41","9  day ahead inc hosp",2020-12-21,"quantile",0.8,56.92254341897
"32541",2020-12-12,"41","9  day ahead inc hosp",2020-12-21,"quantile",0.85,58.9931395111851
"32542",2020-12-12,"41","9  day ahead inc hosp",2020-12-21,"quantile",0.9,61.5984222003611
"32543",2020-12-12,"41","9  day ahead inc hosp",2020-12-21,"quantile",0.95,65.4598436044151
"32544",2020-12-12,"41","9  day ahead inc hosp",2020-12-21,"quantile",0.975,68.8090508032946
"32545",2020-12-12,"41","9  day ahead inc hosp",2020-12-21,"quantile",0.99,72.7032279723981
"32546",2020-12-12,"41","10  day ahead inc hosp",2020-12-22,"quantile",0.01,22.9398235636147
"32547",2020-12-12,"41","10  day ahead inc hosp",2020-12-22,"quantile",0.025,26.9377256555866
"32548",2020-12-12,"41","10  day ahead inc hosp",2020-12-22,"quantile",0.05,30.3761420104158
"32549",2020-12-12,"41","10  day ahead inc hosp",2020-12-22,"quantile",0.1,34.3404158579784
"32550",2020-12-12,"41","10  day ahead inc hosp",2020-12-22,"quantile",0.15,37.0150926024966
"32551",2020-12-12,"41","10  day ahead inc hosp",2020-12-22,"quantile",0.2,39.1408408900614
"32552",2020-12-12,"41","10  day ahead inc hosp",2020-12-22,"quantile",0.25,40.9645436405754
"32553",2020-12-12,"41","10  day ahead inc hosp",2020-12-22,"quantile",0.3,42.60228507444
"32554",2020-12-12,"41","10  day ahead inc hosp",2020-12-22,"quantile",0.35,44.1198965851804
"32555",2020-12-12,"41","10  day ahead inc hosp",2020-12-22,"quantile",0.4,45.5599615013198
"32556",2020-12-12,"41","10  day ahead inc hosp",2020-12-22,"quantile",0.45,46.9532409734201
"32557",2020-12-12,"41","10  day ahead inc hosp",2020-12-22,"quantile",0.5,48.3244305258768
"32558",2020-12-12,"41","10  day ahead inc hosp",2020-12-22,"quantile",0.55,49.6956200783334
"32559",2020-12-12,"41","10  day ahead inc hosp",2020-12-22,"quantile",0.6,51.0888995504338
"32560",2020-12-12,"41","10  day ahead inc hosp",2020-12-22,"quantile",0.65,52.5289644665732
"32561",2020-12-12,"41","10  day ahead inc hosp",2020-12-22,"quantile",0.7,54.0465759773135
"32562",2020-12-12,"41","10  day ahead inc hosp",2020-12-22,"quantile",0.75,55.6843174111781
"32563",2020-12-12,"41","10  day ahead inc hosp",2020-12-22,"quantile",0.8,57.5080201616922
"32564",2020-12-12,"41","10  day ahead inc hosp",2020-12-22,"quantile",0.85,59.633768449257
"32565",2020-12-12,"41","10  day ahead inc hosp",2020-12-22,"quantile",0.9,62.3084451937752
"32566",2020-12-12,"41","10  day ahead inc hosp",2020-12-22,"quantile",0.95,66.2727190413378
"32567",2020-12-12,"41","10  day ahead inc hosp",2020-12-22,"quantile",0.975,69.711135396167
"32568",2020-12-12,"41","10  day ahead inc hosp",2020-12-22,"quantile",0.99,73.7090374881389
"32569",2020-12-12,"41","11  day ahead inc hosp",2020-12-23,"quantile",0.01,22.645094511187
"32570",2020-12-12,"41","11  day ahead inc hosp",2020-12-23,"quantile",0.025,26.7440976155552
"32571",2020-12-12,"41","11  day ahead inc hosp",2020-12-23,"quantile",0.05,30.2694664185724
"32572",2020-12-12,"41","11  day ahead inc hosp",2020-12-23,"quantile",0.1,34.3339908701229
"32573",2020-12-12,"41","11  day ahead inc hosp",2020-12-23,"quantile",0.15,37.0763062212109
"32574",2020-12-12,"41","11  day ahead inc hosp",2020-12-23,"quantile",0.2,39.2558115290899
"32575",2020-12-12,"41","11  day ahead inc hosp",2020-12-23,"quantile",0.25,41.1256330164177
"32576",2020-12-12,"41","11  day ahead inc hosp",2020-12-23,"quantile",0.3,42.8047905013005
"32577",2020-12-12,"41","11  day ahead inc hosp",2020-12-23,"quantile",0.35,44.3607801555347
"32578",2020-12-12,"41","11  day ahead inc hosp",2020-12-23,"quantile",0.4,45.8372621768429
"32579",2020-12-12,"41","11  day ahead inc hosp",2020-12-23,"quantile",0.45,47.2657756196458
"32580",2020-12-12,"41","11  day ahead inc hosp",2020-12-23,"quantile",0.5,48.6716405215111
"32581",2020-12-12,"41","11  day ahead inc hosp",2020-12-23,"quantile",0.55,50.0775054233764
"32582",2020-12-12,"41","11  day ahead inc hosp",2020-12-23,"quantile",0.6,51.5060188661793
"32583",2020-12-12,"41","11  day ahead inc hosp",2020-12-23,"quantile",0.65,52.9825008874875
"32584",2020-12-12,"41","11  day ahead inc hosp",2020-12-23,"quantile",0.7,54.5384905417217
"32585",2020-12-12,"41","11  day ahead inc hosp",2020-12-23,"quantile",0.75,56.2176480266045
"32586",2020-12-12,"41","11  day ahead inc hosp",2020-12-23,"quantile",0.8,58.0874695139323
"32587",2020-12-12,"41","11  day ahead inc hosp",2020-12-23,"quantile",0.85,60.2669748218113
"32588",2020-12-12,"41","11  day ahead inc hosp",2020-12-23,"quantile",0.9,63.0092901728993
"32589",2020-12-12,"41","11  day ahead inc hosp",2020-12-23,"quantile",0.95,67.0738146244498
"32590",2020-12-12,"41","11  day ahead inc hosp",2020-12-23,"quantile",0.975,70.599183427467
"32591",2020-12-12,"41","11  day ahead inc hosp",2020-12-23,"quantile",0.99,74.6981865318352
"32592",2020-12-12,"41","12  day ahead inc hosp",2020-12-24,"quantile",0.01,22.3658220995995
"32593",2020-12-12,"41","12  day ahead inc hosp",2020-12-24,"quantile",0.025,26.5634919010782
"32594",2020-12-12,"41","12  day ahead inc hosp",2020-12-24,"quantile",0.05,30.1737195068418
"32595",2020-12-12,"41","12  day ahead inc hosp",2020-12-24,"quantile",0.1,34.3360807232711
"32596",2020-12-12,"41","12  day ahead inc hosp",2020-12-24,"quantile",0.15,37.1444060751417
"32597",2020-12-12,"41","12  day ahead inc hosp",2020-12-24,"quantile",0.2,39.3763740390832
"32598",2020-12-12,"41","12  day ahead inc hosp",2020-12-24,"quantile",0.25,41.291203813949
"32599",2020-12-12,"41","12  day ahead inc hosp",2020-12-24,"quantile",0.3,43.0107801320807
"32600",2020-12-12,"41","12  day ahead inc hosp",2020-12-24,"quantile",0.35,44.6042238589302
"32601",2020-12-12,"41","12  day ahead inc hosp",2020-12-24,"quantile",0.4,46.1162461325086
"32602",2020-12-12,"41","12  day ahead inc hosp",2020-12-24,"quantile",0.45,47.5791451806869
"32603",2020-12-12,"41","12  day ahead inc hosp",2020-12-24,"quantile",0.5,49.0188505171454
"32604",2020-12-12,"41","12  day ahead inc hosp",2020-12-24,"quantile",0.55,50.4585558536039
"32605",2020-12-12,"41","12  day ahead inc hosp",2020-12-24,"quantile",0.6,51.9214549017822
"32606",2020-12-12,"41","12  day ahead inc hosp",2020-12-24,"quantile",0.65,53.4334771753606
"32607",2020-12-12,"41","12  day ahead inc hosp",2020-12-24,"quantile",0.7,55.0269209022101
"32608",2020-12-12,"41","12  day ahead inc hosp",2020-12-24,"quantile",0.75,56.7464972203418
"32609",2020-12-12,"41","12  day ahead inc hosp",2020-12-24,"quantile",0.8,58.6613269952077
"32610",2020-12-12,"41","12  day ahead inc hosp",2020-12-24,"quantile",0.85,60.8932949591491
"32611",2020-12-12,"41","12  day ahead inc hosp",2020-12-24,"quantile",0.9,63.7016203110198
"32612",2020-12-12,"41","12  day ahead inc hosp",2020-12-24,"quantile",0.95,67.863981527449
"32613",2020-12-12,"41","12  day ahead inc hosp",2020-12-24,"quantile",0.975,71.4742091332126
"32614",2020-12-12,"41","12  day ahead inc hosp",2020-12-24,"quantile",0.99,75.6718789346913
"32615",2020-12-12,"41","13  day ahead inc hosp",2020-12-25,"quantile",0.01,22.1009408463359
"32616",2020-12-12,"41","13  day ahead inc hosp",2020-12-25,"quantile",0.025,26.3950108358532
"32617",2020-12-12,"41","13  day ahead inc hosp",2020-12-25,"quantile",0.05,30.0881479215227
"32618",2020-12-12,"41","13  day ahead inc hosp",2020-12-25,"quantile",0.1,34.346098458438
"32619",2020-12-12,"41","13  day ahead inc hosp",2020-12-25,"quantile",0.15,37.2189174710293
"32620",2020-12-12,"41","13  day ahead inc hosp",2020-12-25,"quantile",0.2,39.5021429520208
"32621",2020-12-12,"41","13  day ahead inc hosp",2020-12-25,"quantile",0.25,41.4609471124598
"32622",2020-12-12,"41","13  day ahead inc hosp",2020-12-25,"quantile",0.3,43.2200137879217
"32623",2020-12-12,"41","13  day ahead inc hosp",2020-12-25,"quantile",0.35,44.8500512160773
"32624",2020-12-12,"41","13  day ahead inc hosp",2020-12-25,"quantile",0.4,46.3967973336894
"32625",2020-12-12,"41","13  day ahead inc hosp",2020-12-25,"quantile",0.45,47.8932921028261
"32626",2020-12-12,"41","13  day ahead inc hosp",2020-12-25,"quantile",0.5,49.3660605127797
"32627",2020-12-12,"41","13  day ahead inc hosp",2020-12-25,"quantile",0.55,50.8388289227333
"32628",2020-12-12,"41","13  day ahead inc hosp",2020-12-25,"quantile",0.6,52.33532369187
"32629",2020-12-12,"41","13  day ahead inc hosp",2020-12-25,"quantile",0.65,53.8820698094821
"32630",2020-12-12,"41","13  day ahead inc hosp",2020-12-25,"quantile",0.7,55.5121072376378
"32631",2020-12-12,"41","13  day ahead inc hosp",2020-12-25,"quantile",0.75,57.2711739130996
"32632",2020-12-12,"41","13  day ahead inc hosp",2020-12-25,"quantile",0.8,59.2299780735386
"32633",2020-12-12,"41","13  day ahead inc hosp",2020-12-25,"quantile",0.85,61.5132035545301
"32634",2020-12-12,"41","13  day ahead inc hosp",2020-12-25,"quantile",0.9,64.3860225671214
"32635",2020-12-12,"41","13  day ahead inc hosp",2020-12-25,"quantile",0.95,68.6439731040367
"32636",2020-12-12,"41","13  day ahead inc hosp",2020-12-25,"quantile",0.975,72.3371101897062
"32637",2020-12-12,"41","13  day ahead inc hosp",2020-12-25,"quantile",0.99,76.6311801792235
"32638",2020-12-12,"41","14  day ahead inc hosp",2020-12-26,"quantile",0.01,21.8495023313621
"32639",2020-12-12,"41","14  day ahead inc hosp",2020-12-26,"quantile",0.025,26.2378553695188
"32640",2020-12-12,"41","14  day ahead inc hosp",2020-12-26,"quantile",0.05,30.012081078413
"32641",2020-12-12,"41","14  day ahead inc hosp",2020-12-26,"quantile",0.1,34.3635216046755
"32642",2020-12-12,"41","14  day ahead inc hosp",2020-12-26,"quantile",0.15,37.2994178692347
"32643",2020-12-12,"41","14  day ahead inc hosp",2020-12-26,"quantile",0.2,39.6327751505007
"32644",2020-12-12,"41","14  day ahead inc hosp",2020-12-26,"quantile",0.25,41.6345879317551
"32645",2020-12-12,"41","14  day ahead inc hosp",2020-12-26,"quantile",0.3,43.4322776779464
"32646",2020-12-12,"41","14  day ahead inc hosp",2020-12-26,"quantile",0.35,45.0981051371212
"32647",2020-12-12,"41","14  day ahead inc hosp",2020-12-26,"quantile",0.4,46.6788124942556
"32648",2020-12-12,"41","14  day ahead inc hosp",2020-12-26,"quantile",0.45,48.2081651556604
"32649",2020-12-12,"41","14  day ahead inc hosp",2020-12-26,"quantile",0.5,49.713270508414
"32650",2020-12-12,"41","14  day ahead inc hosp",2020-12-26,"quantile",0.55,51.2183758611677
"32651",2020-12-12,"41","14  day ahead inc hosp",2020-12-26,"quantile",0.6,52.7477285225724
"32652",2020-12-12,"41","14  day ahead inc hosp",2020-12-26,"quantile",0.65,54.3284358797069
"32653",2020-12-12,"41","14  day ahead inc hosp",2020-12-26,"quantile",0.7,55.9942633388816
"32654",2020-12-12,"41","14  day ahead inc hosp",2020-12-26,"quantile",0.75,57.791953085073
"32655",2020-12-12,"41","14  day ahead inc hosp",2020-12-26,"quantile",0.8,59.7937658663273
"32656",2020-12-12,"41","14  day ahead inc hosp",2020-12-26,"quantile",0.85,62.1271231475933
"32657",2020-12-12,"41","14  day ahead inc hosp",2020-12-26,"quantile",0.9,65.0630194121525
"32658",2020-12-12,"41","14  day ahead inc hosp",2020-12-26,"quantile",0.95,69.4144599384151
"32659",2020-12-12,"41","14  day ahead inc hosp",2020-12-26,"quantile",0.975,73.1886856473092
"32660",2020-12-12,"41","14  day ahead inc hosp",2020-12-26,"quantile",0.99,77.5770386854659
"32661",2020-12-12,"41","15  day ahead inc hosp",2020-12-27,"quantile",0.01,21.924661533455
"32662",2020-12-12,"41","15  day ahead inc hosp",2020-12-27,"quantile",0.025,26.4053141310267
"32663",2020-12-12,"41","15  day ahead inc hosp",2020-12-27,"quantile",0.05,30.2589225529876
"32664",2020-12-12,"41","15  day ahead inc hosp",2020-12-27,"quantile",0.1,34.7018862634384
"32665",2020-12-12,"41","15  day ahead inc hosp",2020-12-27,"quantile",0.15,37.6995327858621
"32666",2020-12-12,"41","15  day ahead inc hosp",2020-12-27,"quantile",0.2,40.0819672145559
"32667",2020-12-12,"41","15  day ahead inc hosp",2020-12-27,"quantile",0.25,42.1258838183911
"32668",2020-12-12,"41","15  day ahead inc hosp",2020-12-27,"quantile",0.3,43.9613840985335
"32669",2020-12-12,"41","15  day ahead inc hosp",2020-12-27,"quantile",0.35,45.6622486523099
"32670",2020-12-12,"41","15  day ahead inc hosp",2020-12-27,"quantile",0.4,47.2762027859363
"32671",2020-12-12,"41","15  day ahead inc hosp",2020-12-27,"quantile",0.45,48.8377220883588
"32672",2020-12-12,"41","15  day ahead inc hosp",2020-12-27,"quantile",0.5,50.3744840921896
"32673",2020-12-12,"41","15  day ahead inc hosp",2020-12-27,"quantile",0.55,51.9112460960204
"32674",2020-12-12,"41","15  day ahead inc hosp",2020-12-27,"quantile",0.6,53.4727653984429
"32675",2020-12-12,"41","15  day ahead inc hosp",2020-12-27,"quantile",0.65,55.0867195320694
"32676",2020-12-12,"41","15  day ahead inc hosp",2020-12-27,"quantile",0.7,56.7875840858457
"32677",2020-12-12,"41","15  day ahead inc hosp",2020-12-27,"quantile",0.75,58.6230843659881
"32678",2020-12-12,"41","15  day ahead inc hosp",2020-12-27,"quantile",0.8,60.6670009698233
"32679",2020-12-12,"41","15  day ahead inc hosp",2020-12-27,"quantile",0.85,63.0494353985171
"32680",2020-12-12,"41","15  day ahead inc hosp",2020-12-27,"quantile",0.9,66.0470819209408
"32681",2020-12-12,"41","15  day ahead inc hosp",2020-12-27,"quantile",0.95,70.4900456313917
"32682",2020-12-12,"41","15  day ahead inc hosp",2020-12-27,"quantile",0.975,74.3436540533525
"32683",2020-12-12,"41","15  day ahead inc hosp",2020-12-27,"quantile",0.99,78.8243066509242
"32684",2020-12-12,"41","16  day ahead inc hosp",2020-12-28,"quantile",0.01,21.6976483632445
"32685",2020-12-12,"41","16  day ahead inc hosp",2020-12-28,"quantile",0.025,26.2687371846034
"32686",2020-12-12,"41","16  day ahead inc hosp",2020-12-28,"quantile",0.05,30.2001257481949
"32687",2020-12-12,"41","16  day ahead inc hosp",2020-12-28,"quantile",0.1,34.7327649806031
"32688",2020-12-12,"41","16  day ahead inc hosp",2020-12-28,"quantile",0.15,37.790915151956
"32689",2020-12-12,"41","16  day ahead inc hosp",2020-12-28,"quantile",0.2,40.2214359628139
"32690",2020-12-12,"41","16  day ahead inc hosp",2020-12-28,"quantile",0.25,42.3066064008534
"32691",2020-12-12,"41","16  day ahead inc hosp",2020-12-28,"quantile",0.3,44.1791538991144
"32692",2020-12-12,"41","16  day ahead inc hosp",2020-12-28,"quantile",0.35,45.914348221617
"32693",2020-12-12,"41","16  day ahead inc hosp",2020-12-28,"quantile",0.4,47.5608779486492
"32694",2020-12-12,"41","16  day ahead inc hosp",2020-12-28,"quantile",0.45,49.1539145146861
"32695",2020-12-12,"41","16  day ahead inc hosp",2020-12-28,"quantile",0.5,50.7216940878239
"32696",2020-12-12,"41","16  day ahead inc hosp",2020-12-28,"quantile",0.55,52.2894736609618
"32697",2020-12-12,"41","16  day ahead inc hosp",2020-12-28,"quantile",0.6,53.8825102269987
"32698",2020-12-12,"41","16  day ahead inc hosp",2020-12-28,"quantile",0.65,55.5290399540308
"32699",2020-12-12,"41","16  day ahead inc hosp",2020-12-28,"quantile",0.7,57.2642342765334
"32700",2020-12-12,"41","16  day ahead inc hosp",2020-12-28,"quantile",0.75,59.1367817747945
"32701",2020-12-12,"41","16  day ahead inc hosp",2020-12-28,"quantile",0.8,61.221952212834
"32702",2020-12-12,"41","16  day ahead inc hosp",2020-12-28,"quantile",0.85,63.6524730236919
"32703",2020-12-12,"41","16  day ahead inc hosp",2020-12-28,"quantile",0.9,66.7106231950447
"32704",2020-12-12,"41","16  day ahead inc hosp",2020-12-28,"quantile",0.95,71.2432624274529
"32705",2020-12-12,"41","16  day ahead inc hosp",2020-12-28,"quantile",0.975,75.1746509910444
"32706",2020-12-12,"41","16  day ahead inc hosp",2020-12-28,"quantile",0.99,79.7457398124033
"32707",2020-12-12,"41","17  day ahead inc hosp",2020-12-29,"quantile",0.01,21.4817775446835
"32708",2020-12-12,"41","17  day ahead inc hosp",2020-12-29,"quantile",0.025,26.1415477456031
"32709",2020-12-12,"41","17  day ahead inc hosp",2020-12-29,"quantile",0.05,30.1492071879795
"32710",2020-12-12,"41","17  day ahead inc hosp",2020-12-29,"quantile",0.1,34.7697818589429
"32711",2020-12-12,"41","17  day ahead inc hosp",2020-12-29,"quantile",0.15,37.8872616532146
"32712",2020-12-12,"41","17  day ahead inc hosp",2020-12-29,"quantile",0.2,40.364935767581
"32713",2020-12-12,"41","17  day ahead inc hosp",2020-12-29,"quantile",0.25,42.4905595414211
"32714",2020-12-12,"41","17  day ahead inc hosp",2020-12-29,"quantile",0.3,44.3994353854939
"32715",2020-12-12,"41","17  day ahead inc hosp",2020-12-29,"quantile",0.35,46.1682933343969
"32716",2020-12-12,"41","17  day ahead inc hosp",2020-12-29,"quantile",0.4,47.8467665509099
"32717",2020-12-12,"41","17  day ahead inc hosp",2020-12-29,"quantile",0.45,49.4707088126985
"32718",2020-12-12,"41","17  day ahead inc hosp",2020-12-29,"quantile",0.5,51.0689040834582
"32719",2020-12-12,"41","17  day ahead inc hosp",2020-12-29,"quantile",0.55,52.6670993542179
"32720",2020-12-12,"41","17  day ahead inc hosp",2020-12-29,"quantile",0.6,54.2910416160065
"32721",2020-12-12,"41","17  day ahead inc hosp",2020-12-29,"quantile",0.65,55.9695148325195
"32722",2020-12-12,"41","17  day ahead inc hosp",2020-12-29,"quantile",0.7,57.7383727814225
"32723",2020-12-12,"41","17  day ahead inc hosp",2020-12-29,"quantile",0.75,59.6472486254954
"32724",2020-12-12,"41","17  day ahead inc hosp",2020-12-29,"quantile",0.8,61.7728723993354
"32725",2020-12-12,"41","17  day ahead inc hosp",2020-12-29,"quantile",0.85,64.2505465137019
"32726",2020-12-12,"41","17  day ahead inc hosp",2020-12-29,"quantile",0.9,67.3680263079735
"32727",2020-12-12,"41","17  day ahead inc hosp",2020-12-29,"quantile",0.95,71.9886009789369
"32728",2020-12-12,"41","17  day ahead inc hosp",2020-12-29,"quantile",0.975,75.9962604213133
"32729",2020-12-12,"41","17  day ahead inc hosp",2020-12-29,"quantile",0.99,80.6560306222329
"32730",2020-12-12,"41","18  day ahead inc hosp",2020-12-30,"quantile",0.01,21.2764245747121
"32731",2020-12-12,"41","18  day ahead inc hosp",2020-12-30,"quantile",0.025,26.0232196659295
"32732",2020-12-12,"41","18  day ahead inc hosp",2020-12-30,"quantile",0.05,30.1057253149395
"32733",2020-12-12,"41","18  day ahead inc hosp",2020-12-30,"quantile",0.1,34.8125928687094
"32734",2020-12-12,"41","18  day ahead inc hosp",2020-12-30,"quantile",0.15,37.9882940613341
"32735",2020-12-12,"41","18  day ahead inc hosp",2020-12-30,"quantile",0.2,40.5122406974557
"32736",2020-12-12,"41","18  day ahead inc hosp",2020-12-30,"quantile",0.25,42.6775621747783
"32737",2020-12-12,"41","18  day ahead inc hosp",2020-12-30,"quantile",0.3,44.6220877834875
"32738",2020-12-12,"41","18  day ahead inc hosp",2020-12-30,"quantile",0.35,46.4239805522031
"32739",2020-12-12,"41","18  day ahead inc hosp",2020-12-30,"quantile",0.4,48.1338005822362
"32740",2020-12-12,"41","18  day ahead inc hosp",2020-12-30,"quantile",0.45,49.7880712488792
"32741",2020-12-12,"41","18  day ahead inc hosp",2020-12-30,"quantile",0.5,51.4161140790925
"32742",2020-12-12,"41","18  day ahead inc hosp",2020-12-30,"quantile",0.55,53.0441569093058
"32743",2020-12-12,"41","18  day ahead inc hosp",2020-12-30,"quantile",0.6,54.6984275759488
"32744",2020-12-12,"41","18  day ahead inc hosp",2020-12-30,"quantile",0.65,56.4082476059819
"32745",2020-12-12,"41","18  day ahead inc hosp",2020-12-30,"quantile",0.7,58.2101403746975
"32746",2020-12-12,"41","18  day ahead inc hosp",2020-12-30,"quantile",0.75,60.1546659834068
"32747",2020-12-12,"41","18  day ahead inc hosp",2020-12-30,"quantile",0.8,62.3199874607293
"32748",2020-12-12,"41","18  day ahead inc hosp",2020-12-30,"quantile",0.85,64.8439340968509
"32749",2020-12-12,"41","18  day ahead inc hosp",2020-12-30,"quantile",0.9,68.0196352894757
"32750",2020-12-12,"41","18  day ahead inc hosp",2020-12-30,"quantile",0.95,72.7265028432456
"32751",2020-12-12,"41","18  day ahead inc hosp",2020-12-30,"quantile",0.975,76.8090084922556
"32752",2020-12-12,"41","18  day ahead inc hosp",2020-12-30,"quantile",0.99,81.5558035834729
"32753",2020-12-12,"41","19  day ahead inc hosp",2020-12-31,"quantile",0.01,21.0810211947367
"32754",2020-12-12,"41","19  day ahead inc hosp",2020-12-31,"quantile",0.025,25.9132741838332
"32755",2020-12-12,"41","19  day ahead inc hosp",2020-12-31,"quantile",0.05,30.0692783395492
"32756",2020-12-12,"41","19  day ahead inc hosp",2020-12-31,"quantile",0.1,34.8608849644209
"32757",2020-12-12,"41","19  day ahead inc hosp",2020-12-31,"quantile",0.15,38.0937592060184
"32758",2020-12-12,"41","19  day ahead inc hosp",2020-12-31,"quantile",0.2,40.6631451690411
"32759",2020-12-12,"41","19  day ahead inc hosp",2020-12-31,"quantile",0.25,42.8674495428503
"32760",2020-12-12,"41","19  day ahead inc hosp",2020-12-31,"quantile",0.3,44.8469829974217
"32761",2020-12-12,"41","19  day ahead inc hosp",2020-12-31,"quantile",0.35,46.6813157525405
"32762",2020-12-12,"41","19  day ahead inc hosp",2020-12-31,"quantile",0.4,48.421918157357
"32763",2020-12-12,"41","19  day ahead inc hosp",2020-12-31,"quantile",0.45,50.1059711278446
"32764",2020-12-12,"41","19  day ahead inc hosp",2020-12-31,"quantile",0.5,51.7633240747268
"32765",2020-12-12,"41","19  day ahead inc hosp",2020-12-31,"quantile",0.55,53.4206770216091
"32766",2020-12-12,"41","19  day ahead inc hosp",2020-12-31,"quantile",0.6,55.1047299920966
"32767",2020-12-12,"41","19  day ahead inc hosp",2020-12-31,"quantile",0.65,56.8453323969132
"32768",2020-12-12,"41","19  day ahead inc hosp",2020-12-31,"quantile",0.7,58.679665152032
"32769",2020-12-12,"41","19  day ahead inc hosp",2020-12-31,"quantile",0.75,60.6591986066034
"32770",2020-12-12,"41","19  day ahead inc hosp",2020-12-31,"quantile",0.8,62.8635029804126
"32771",2020-12-12,"41","19  day ahead inc hosp",2020-12-31,"quantile",0.85,65.4328889434353
"32772",2020-12-12,"41","19  day ahead inc hosp",2020-12-31,"quantile",0.9,68.6657631850328
"32773",2020-12-12,"41","19  day ahead inc hosp",2020-12-31,"quantile",0.95,73.4573698099045
"32774",2020-12-12,"41","19  day ahead inc hosp",2020-12-31,"quantile",0.975,77.6133739656205
"32775",2020-12-12,"41","19  day ahead inc hosp",2020-12-31,"quantile",0.99,82.4456269547169
"32776",2020-12-12,"41","20  day ahead inc hosp",2021-01-01,"quantile",0.01,20.8950485444488
"32777",2020-12-12,"41","20  day ahead inc hosp",2021-01-01,"quantile",0.025,25.8112741559579
"32778",2020-12-12,"41","20  day ahead inc hosp",2021-01-01,"quantile",0.05,30.0394993995393
"32779",2020-12-12,"41","20  day ahead inc hosp",2021-01-01,"quantile",0.1,34.9143723134005
"32780",2020-12-12,"41","20  day ahead inc hosp",2021-01-01,"quantile",0.15,38.2034259248716
"32781",2020-12-12,"41","20  day ahead inc hosp",2021-01-01,"quantile",0.2,40.8174614701475
"32782",2020-12-12,"41","20  day ahead inc hosp",2021-01-01,"quantile",0.25,43.0600712098559
"32783",2020-12-12,"41","20  day ahead inc hosp",2021-01-01,"quantile",0.3,45.0740040668818
"32784",2020-12-12,"41","20  day ahead inc hosp",2021-01-01,"quantile",0.35,46.9402129949105
"32785",2020-12-12,"41","20  day ahead inc hosp",2021-01-01,"quantile",0.4,48.7110627706408
"32786",2020-12-12,"41","20  day ahead inc hosp",2021-01-01,"quantile",0.45,50.4243804225373
"32787",2020-12-12,"41","20  day ahead inc hosp",2021-01-01,"quantile",0.5,52.1105340703611
"32788",2020-12-12,"41","20  day ahead inc hosp",2021-01-01,"quantile",0.55,53.796687718185
"32789",2020-12-12,"41","20  day ahead inc hosp",2021-01-01,"quantile",0.6,55.5100053700815
"32790",2020-12-12,"41","20  day ahead inc hosp",2021-01-01,"quantile",0.65,57.2808551458118
"32791",2020-12-12,"41","20  day ahead inc hosp",2021-01-01,"quantile",0.7,59.1470640738405
"32792",2020-12-12,"41","20  day ahead inc hosp",2021-01-01,"quantile",0.75,61.1609969308664
"32793",2020-12-12,"41","20  day ahead inc hosp",2021-01-01,"quantile",0.8,63.4036066705747
"32794",2020-12-12,"41","20  day ahead inc hosp",2021-01-01,"quantile",0.85,66.0176422158507
"32795",2020-12-12,"41","20  day ahead inc hosp",2021-01-01,"quantile",0.9,69.3066958273218
"32796",2020-12-12,"41","20  day ahead inc hosp",2021-01-01,"quantile",0.95,74.181568741183
"32797",2020-12-12,"41","20  day ahead inc hosp",2021-01-01,"quantile",0.975,78.4097939847644
"32798",2020-12-12,"41","20  day ahead inc hosp",2021-01-01,"quantile",0.99,83.3260195962734
"32799",2020-12-12,"41","21  day ahead inc hosp",2021-01-02,"quantile",0.01,20.718031351205
"32800",2020-12-12,"41","21  day ahead inc hosp",2021-01-02,"quantile",0.025,25.7168191618531
"32801",2020-12-12,"41","21  day ahead inc hosp",2021-01-02,"quantile",0.05,30.0160524514746
"32802",2020-12-12,"41","21  day ahead inc hosp",2021-01-02,"quantile",0.1,34.9727930947885
"32803",2020-12-12,"41","21  day ahead inc hosp",2021-01-02,"quantile",0.15,38.3170824746535
"32804",2020-12-12,"41","21  day ahead inc hosp",2021-01-02,"quantile",0.2,40.9750176576393
"32805",2020-12-12,"41","21  day ahead inc hosp",2021-01-02,"quantile",0.25,43.2552893776049
"32806",2020-12-12,"41","21  day ahead inc hosp",2021-01-02,"quantile",0.3,45.3030438568943
"32807",2020-12-12,"41","21  day ahead inc hosp",2021-01-02,"quantile",0.35,47.2005935583794
"32808",2020-12-12,"41","21  day ahead inc hosp",2021-01-02,"quantile",0.4,49.0011826632989
"32809",2020-12-12,"41","21  day ahead inc hosp",2021-01-02,"quantile",0.45,50.7432734603565
"32810",2020-12-12,"41","21  day ahead inc hosp",2021-01-02,"quantile",0.5,52.4577440659955
"32811",2020-12-12,"41","21  day ahead inc hosp",2021-01-02,"quantile",0.55,54.1722146716344
"32812",2020-12-12,"41","21  day ahead inc hosp",2021-01-02,"quantile",0.6,55.914305468692
"32813",2020-12-12,"41","21  day ahead inc hosp",2021-01-02,"quantile",0.65,57.7148945736115
"32814",2020-12-12,"41","21  day ahead inc hosp",2021-01-02,"quantile",0.7,59.6124442750966
"32815",2020-12-12,"41","21  day ahead inc hosp",2021-01-02,"quantile",0.75,61.660198754386
"32816",2020-12-12,"41","21  day ahead inc hosp",2021-01-02,"quantile",0.8,63.9404704743516
"32817",2020-12-12,"41","21  day ahead inc hosp",2021-01-02,"quantile",0.85,66.5984056573375
"32818",2020-12-12,"41","21  day ahead inc hosp",2021-01-02,"quantile",0.9,69.9426950372024
"32819",2020-12-12,"41","21  day ahead inc hosp",2021-01-02,"quantile",0.95,74.8994356805163
"32820",2020-12-12,"41","21  day ahead inc hosp",2021-01-02,"quantile",0.975,79.1986689701378
"32821",2020-12-12,"41","21  day ahead inc hosp",2021-01-02,"quantile",0.99,84.1974567807859
"32822",2020-12-12,"41","22  day ahead inc hosp",2021-01-03,"quantile",0.01,26.6788789898989
"32823",2020-12-12,"41","22  day ahead inc hosp",2021-01-03,"quantile",0.025,31.7588873450604
"32824",2020-12-12,"41","22  day ahead inc hosp",2021-01-03,"quantile",0.05,36.1279747837276
"32825",2020-12-12,"41","22  day ahead inc hosp",2021-01-03,"quantile",0.1,41.16525278716
"32826",2020-12-12,"41","22  day ahead inc hosp",2021-01-03,"quantile",0.15,44.5638803415448
"32827",2020-12-12,"41","22  day ahead inc hosp",2021-01-03,"quantile",0.2,47.2650017830839
"32828",2020-12-12,"41","22  day ahead inc hosp",2021-01-03,"quantile",0.25,49.5823234675108
"32829",2020-12-12,"41","22  day ahead inc hosp",2021-01-03,"quantile",0.3,51.6633499599637
"32830",2020-12-12,"41","22  day ahead inc hosp",2021-01-03,"quantile",0.35,53.591731140166
"32831",2020-12-12,"41","22  day ahead inc hosp",2021-01-03,"quantile",0.4,55.4215763033713
"32832",2020-12-12,"41","22  day ahead inc hosp",2021-01-03,"quantile",0.45,57.1919726753979
"32833",2020-12-12,"41","22  day ahead inc hosp",2021-01-03,"quantile",0.5,58.9343000818088
"32834",2020-12-12,"41","22  day ahead inc hosp",2021-01-03,"quantile",0.55,60.6766274882196
"32835",2020-12-12,"41","22  day ahead inc hosp",2021-01-03,"quantile",0.6,62.4470238602462
"32836",2020-12-12,"41","22  day ahead inc hosp",2021-01-03,"quantile",0.65,64.2768690234515
"32837",2020-12-12,"41","22  day ahead inc hosp",2021-01-03,"quantile",0.7,66.2052502036538
"32838",2020-12-12,"41","22  day ahead inc hosp",2021-01-03,"quantile",0.75,68.2862766961067
"32839",2020-12-12,"41","22  day ahead inc hosp",2021-01-03,"quantile",0.8,70.6035983805336
"32840",2020-12-12,"41","22  day ahead inc hosp",2021-01-03,"quantile",0.85,73.3047198220727
"32841",2020-12-12,"41","22  day ahead inc hosp",2021-01-03,"quantile",0.9,76.7033473764576
"32842",2020-12-12,"41","22  day ahead inc hosp",2021-01-03,"quantile",0.95,81.7406253798899
"32843",2020-12-12,"41","22  day ahead inc hosp",2021-01-03,"quantile",0.975,86.1097128185571
"32844",2020-12-12,"41","22  day ahead inc hosp",2021-01-03,"quantile",0.99,91.1897211737186
"32845",2020-12-12,"41","23  day ahead inc hosp",2021-01-04,"quantile",0.01,26.5184971449392
"32846",2020-12-12,"41","23  day ahead inc hosp",2021-01-04,"quantile",0.025,31.6784477455881
"32847",2020-12-12,"41","23  day ahead inc hosp",2021-01-04,"quantile",0.05,36.1162899256177
"32848",2020-12-12,"41","23  day ahead inc hosp",2021-01-04,"quantile",0.1,41.2328377425199
"32849",2020-12-12,"41","23  day ahead inc hosp",2021-01-04,"quantile",0.15,44.6849482637185
"32850",2020-12-12,"41","23  day ahead inc hosp",2021-01-04,"quantile",0.2,47.4285762718367
"32851",2020-12-12,"41","23  day ahead inc hosp",2021-01-04,"quantile",0.25,49.782364805532
"32852",2020-12-12,"41","23  day ahead inc hosp",2021-01-04,"quantile",0.3,51.8961396556832
"32853",2020-12-12,"41","23  day ahead inc hosp",2021-01-04,"quantile",0.35,53.854867069774
"32854",2020-12-12,"41","23  day ahead inc hosp",2021-01-04,"quantile",0.4,55.7135078413747
"32855",2020-12-12,"41","23  day ahead inc hosp",2021-01-04,"quantile",0.45,57.5117642977728
"32856",2020-12-12,"41","23  day ahead inc hosp",2021-01-04,"quantile",0.5,59.2815100774431
"32857",2020-12-12,"41","23  day ahead inc hosp",2021-01-04,"quantile",0.55,61.0512558571133
"32858",2020-12-12,"41","23  day ahead inc hosp",2021-01-04,"quantile",0.6,62.8495123135114
"32859",2020-12-12,"41","23  day ahead inc hosp",2021-01-04,"quantile",0.65,64.7081530851122
"32860",2020-12-12,"41","23  day ahead inc hosp",2021-01-04,"quantile",0.7,66.6668804992029
"32861",2020-12-12,"41","23  day ahead inc hosp",2021-01-04,"quantile",0.75,68.7806553493542
"32862",2020-12-12,"41","23  day ahead inc hosp",2021-01-04,"quantile",0.8,71.1344438830495
"32863",2020-12-12,"41","23  day ahead inc hosp",2021-01-04,"quantile",0.85,73.8780718911676
"32864",2020-12-12,"41","23  day ahead inc hosp",2021-01-04,"quantile",0.9,77.3301824123663
"32865",2020-12-12,"41","23  day ahead inc hosp",2021-01-04,"quantile",0.95,82.4467302292684
"32866",2020-12-12,"41","23  day ahead inc hosp",2021-01-04,"quantile",0.975,86.884572409298
"32867",2020-12-12,"41","23  day ahead inc hosp",2021-01-04,"quantile",0.99,92.0445230099469
"32868",2020-12-12,"41","24  day ahead inc hosp",2021-01-05,"quantile",0.01,26.3658602589483
"32869",2020-12-12,"41","24  day ahead inc hosp",2021-01-05,"quantile",0.025,31.6045333269841
"32870",2020-12-12,"41","24  day ahead inc hosp",2021-01-05,"quantile",0.05,36.110081171917
"32871",2020-12-12,"41","24  day ahead inc hosp",2021-01-05,"quantile",0.1,41.3046892843187
"32872",2020-12-12,"41","24  day ahead inc hosp",2021-01-05,"quantile",0.15,44.8094667162987
"32873",2020-12-12,"41","24  day ahead inc hosp",2021-01-05,"quantile",0.2,47.5949527155309
"32874",2020-12-12,"41","24  day ahead inc hosp",2021-01-05,"quantile",0.25,49.9846516784958
"32875",2020-12-12,"41","24  day ahead inc hosp",2021-01-05,"quantile",0.3,52.1306752039897
"32876",2020-12-12,"41","24  day ahead inc hosp",2021-01-05,"quantile",0.35,54.1192858217988
"32877",2020-12-12,"41","24  day ahead inc hosp",2021-01-05,"quantile",0.4,56.0062828314433
"32878",2020-12-12,"41","24  day ahead inc hosp",2021-01-05,"quantile",0.45,57.8319742763129
"32879",2020-12-12,"41","24  day ahead inc hosp",2021-01-05,"quantile",0.5,59.6287200730774
"32880",2020-12-12,"41","24  day ahead inc hosp",2021-01-05,"quantile",0.55,61.4254658698419
"32881",2020-12-12,"41","24  day ahead inc hosp",2021-01-05,"quantile",0.6,63.2511573147115
"32882",2020-12-12,"41","24  day ahead inc hosp",2021-01-05,"quantile",0.65,65.138154324356
"32883",2020-12-12,"41","24  day ahead inc hosp",2021-01-05,"quantile",0.7,67.1267649421651
"32884",2020-12-12,"41","24  day ahead inc hosp",2021-01-05,"quantile",0.75,69.2727884676589
"32885",2020-12-12,"41","24  day ahead inc hosp",2021-01-05,"quantile",0.8,71.6624874306239
"32886",2020-12-12,"41","24  day ahead inc hosp",2021-01-05,"quantile",0.85,74.447973429856
"32887",2020-12-12,"41","24  day ahead inc hosp",2021-01-05,"quantile",0.9,77.9527508618361
"32888",2020-12-12,"41","24  day ahead inc hosp",2021-01-05,"quantile",0.95,83.1473589742378
"32889",2020-12-12,"41","24  day ahead inc hosp",2021-01-05,"quantile",0.975,87.6529068191707
"32890",2020-12-12,"41","24  day ahead inc hosp",2021-01-05,"quantile",0.99,92.8915798872065
"32891",2020-12-12,"41","25  day ahead inc hosp",2021-01-06,"quantile",0.01,26.2206242692763
"32892",2020-12-12,"41","25  day ahead inc hosp",2021-01-06,"quantile",0.025,31.5368542141141
"32893",2020-12-12,"41","25  day ahead inc hosp",2021-01-06,"quantile",0.05,36.1091052517443
"32894",2020-12-12,"41","25  day ahead inc hosp",2021-01-06,"quantile",0.1,41.3806178733939
"32895",2020-12-12,"41","25  day ahead inc hosp",2021-01-06,"quantile",0.15,44.9372824126587
"32896",2020-12-12,"41","25  day ahead inc hosp",2021-01-06,"quantile",0.2,47.7640066399059
"32897",2020-12-12,"41","25  day ahead inc hosp",2021-01-06,"quantile",0.25,50.1890843305864
"32898",2020-12-12,"41","25  day ahead inc hosp",2021-01-06,"quantile",0.3,52.3668790469943
"32899",2020-12-12,"41","25  day ahead inc hosp",2021-01-06,"quantile",0.35,54.3849304080392
"32900",2020-12-12,"41","25  day ahead inc hosp",2021-01-06,"quantile",0.4,56.299863803998
"32901",2020-12-12,"41","25  day ahead inc hosp",2021-01-06,"quantile",0.45,58.1525840259317
"32902",2020-12-12,"41","25  day ahead inc hosp",2021-01-06,"quantile",0.5,59.9759300687117
"32903",2020-12-12,"41","25  day ahead inc hosp",2021-01-06,"quantile",0.55,61.7992761114917
"32904",2020-12-12,"41","25  day ahead inc hosp",2021-01-06,"quantile",0.6,63.6519963334254
"32905",2020-12-12,"41","25  day ahead inc hosp",2021-01-06,"quantile",0.65,65.5669297293842
"32906",2020-12-12,"41","25  day ahead inc hosp",2021-01-06,"quantile",0.7,67.5849810904291
"32907",2020-12-12,"41","25  day ahead inc hosp",2021-01-06,"quantile",0.75,69.762775806837
"32908",2020-12-12,"41","25  day ahead inc hosp",2021-01-06,"quantile",0.8,72.1878534975174
"32909",2020-12-12,"41","25  day ahead inc hosp",2021-01-06,"quantile",0.85,75.0145777247647
"32910",2020-12-12,"41","25  day ahead inc hosp",2021-01-06,"quantile",0.9,78.5712422640295
"32911",2020-12-12,"41","25  day ahead inc hosp",2021-01-06,"quantile",0.95,83.8427548856791
"32912",2020-12-12,"41","25  day ahead inc hosp",2021-01-06,"quantile",0.975,88.4150059233093
"32913",2020-12-12,"41","25  day ahead inc hosp",2021-01-06,"quantile",0.99,93.7312358681471
"32914",2020-12-12,"41","26  day ahead inc hosp",2021-01-07,"quantile",0.01,26.0824698575234
"32915",2020-12-12,"41","26  day ahead inc hosp",2021-01-07,"quantile",0.025,31.4751413790437
"32916",2020-12-12,"41","26  day ahead inc hosp",2021-01-07,"quantile",0.05,36.1131363897397
"32917",2020-12-12,"41","26  day ahead inc hosp",2021-01-07,"quantile",0.1,41.4604476018345
"32918",2020-12-12,"41","26  day ahead inc hosp",2021-01-07,"quantile",0.15,45.0682530902179
"32919",2020-12-12,"41","26  day ahead inc hosp",2021-01-07,"quantile",0.2,47.9356225226237
"32920",2020-12-12,"41","26  day ahead inc hosp",2021-01-07,"quantile",0.25,50.3955701802123
"32921",2020-12-12,"41","26  day ahead inc hosp",2021-01-07,"quantile",0.3,52.6046792046055
"32922",2020-12-12,"41","26  day ahead inc hosp",2021-01-07,"quantile",0.35,54.6517479387636
"32923",2020-12-12,"41","26  day ahead inc hosp",2021-01-07,"quantile",0.4,56.5942159841916
"32924",2020-12-12,"41","26  day ahead inc hosp",2021-01-07,"quantile",0.45,58.4735762981428
"32925",2020-12-12,"41","26  day ahead inc hosp",2021-01-07,"quantile",0.5,60.323140064346
"32926",2020-12-12,"41","26  day ahead inc hosp",2021-01-07,"quantile",0.55,62.1727038305492
"32927",2020-12-12,"41","26  day ahead inc hosp",2021-01-07,"quantile",0.6,64.0520641445003
"32928",2020-12-12,"41","26  day ahead inc hosp",2021-01-07,"quantile",0.65,65.9945321899284
"32929",2020-12-12,"41","26  day ahead inc hosp",2021-01-07,"quantile",0.7,68.0416009240865
"32930",2020-12-12,"41","26  day ahead inc hosp",2021-01-07,"quantile",0.75,70.2507099484796
"32931",2020-12-12,"41","26  day ahead inc hosp",2021-01-07,"quantile",0.8,72.7106576060683
"32932",2020-12-12,"41","26  day ahead inc hosp",2021-01-07,"quantile",0.85,75.5780270384741
"32933",2020-12-12,"41","26  day ahead inc hosp",2021-01-07,"quantile",0.9,79.1858325268575
"32934",2020-12-12,"41","26  day ahead inc hosp",2021-01-07,"quantile",0.95,84.5331437389523
"32935",2020-12-12,"41","26  day ahead inc hosp",2021-01-07,"quantile",0.975,89.1711387496483
"32936",2020-12-12,"41","26  day ahead inc hosp",2021-01-07,"quantile",0.99,94.5638102711686
"32937",2020-12-12,"41","27  day ahead inc hosp",2021-01-08,"quantile",0.01,25.9511000275937
"32938",2020-12-12,"41","27  day ahead inc hosp",2021-01-08,"quantile",0.025,31.4191446005322
"32939",2020-12-12,"41","27  day ahead inc hosp",2021-01-08,"quantile",0.05,36.1219645936184
"32940",2020-12-12,"41","27  day ahead inc hosp",2021-01-08,"quantile",0.1,41.5440148587651
"32941",2020-12-12,"41","27  day ahead inc hosp",2021-01-08,"quantile",0.15,45.2022464314182
"32942",2020-12-12,"41","27  day ahead inc hosp",2021-01-08,"quantile",0.2,48.1096929170621
"32943",2020-12-12,"41","27  day ahead inc hosp",2021-01-08,"quantile",0.25,50.6040231178006
"32944",2020-12-12,"41","27  day ahead inc hosp",2021-01-08,"quantile",0.3,52.8440087285795
"32945",2020-12-12,"41","27  day ahead inc hosp",2021-01-08,"quantile",0.35,54.9196892215552
"32946",2020-12-12,"41","27  day ahead inc hosp",2021-01-08,"quantile",0.4,56.8893070281512
"32947",2020-12-12,"41","27  day ahead inc hosp",2021-01-08,"quantile",0.45,58.7949350502339
"32948",2020-12-12,"41","27  day ahead inc hosp",2021-01-08,"quantile",0.5,60.6703500599803
"32949",2020-12-12,"41","27  day ahead inc hosp",2021-01-08,"quantile",0.55,62.5457650697267
"32950",2020-12-12,"41","27  day ahead inc hosp",2021-01-08,"quantile",0.6,64.4513930918095
"32951",2020-12-12,"41","27  day ahead inc hosp",2021-01-08,"quantile",0.65,66.4210108984054
"32952",2020-12-12,"41","27  day ahead inc hosp",2021-01-08,"quantile",0.7,68.4966913913811
"32953",2020-12-12,"41","27  day ahead inc hosp",2021-01-08,"quantile",0.75,70.73667700216
"32954",2020-12-12,"41","27  day ahead inc hosp",2021-01-08,"quantile",0.8,73.2310072028985
"32955",2020-12-12,"41","27  day ahead inc hosp",2021-01-08,"quantile",0.85,76.1384536885424
"32956",2020-12-12,"41","27  day ahead inc hosp",2021-01-08,"quantile",0.9,79.7966852611955
"32957",2020-12-12,"41","27  day ahead inc hosp",2021-01-08,"quantile",0.95,85.2187355263423
"32958",2020-12-12,"41","27  day ahead inc hosp",2021-01-08,"quantile",0.975,89.9215555194284
"32959",2020-12-12,"41","27  day ahead inc hosp",2021-01-08,"quantile",0.99,95.389600092367
"32960",2020-12-12,"41","28  day ahead inc hosp",2021-01-09,"quantile",0.01,25.8262379802738
"32961",2020-12-12,"41","28  day ahead inc hosp",2021-01-09,"quantile",0.025,31.3686306733504
"32962",2020-12-12,"41","28  day ahead inc hosp",2021-01-09,"quantile",0.05,36.1353941513825
"32963",2020-12-12,"41","28  day ahead inc hosp",2021-01-09,"quantile",0.1,41.6311671594825
"32964",2020-12-12,"41","28  day ahead inc hosp",2021-01-09,"quantile",0.15,45.3391391168067
"32965",2020-12-12,"41","28  day ahead inc hosp",2021-01-09,"quantile",0.2,48.2861176833849
"32966",2020-12-12,"41","28  day ahead inc hosp",2021-01-09,"quantile",0.25,50.8143628895618
"32967",2020-12-12,"41","28  day ahead inc hosp",2021-01-09,"quantile",0.3,53.0848052234117
"32968",2020-12-12,"41","28  day ahead inc hosp",2021-01-09,"quantile",0.35,55.1887084092717
"32969",2020-12-12,"41","28  day ahead inc hosp",2021-01-09,"quantile",0.4,57.1851067915118
"32970",2020-12-12,"41","28  day ahead inc hosp",2021-01-09,"quantile",0.45,59.1166453304593
"32971",2020-12-12,"41","28  day ahead inc hosp",2021-01-09,"quantile",0.5,61.0175600556146
"32972",2020-12-12,"41","28  day ahead inc hosp",2021-01-09,"quantile",0.55,62.9184747807699
"32973",2020-12-12,"41","28  day ahead inc hosp",2021-01-09,"quantile",0.6,64.8500133197174
"32974",2020-12-12,"41","28  day ahead inc hosp",2021-01-09,"quantile",0.65,66.8464117019575
"32975",2020-12-12,"41","28  day ahead inc hosp",2021-01-09,"quantile",0.7,68.9503148878176
"32976",2020-12-12,"41","28  day ahead inc hosp",2021-01-09,"quantile",0.75,71.2207572216674
"32977",2020-12-12,"41","28  day ahead inc hosp",2021-01-09,"quantile",0.8,73.7490024278443
"32978",2020-12-12,"41","28  day ahead inc hosp",2021-01-09,"quantile",0.85,76.6959809944225
"32979",2020-12-12,"41","28  day ahead inc hosp",2021-01-09,"quantile",0.9,80.4039529517467
"32980",2020-12-12,"41","28  day ahead inc hosp",2021-01-09,"quantile",0.95,85.8997259598467
"32981",2020-12-12,"41","28  day ahead inc hosp",2021-01-09,"quantile",0.975,90.6664894378788
"32982",2020-12-12,"41","28  day ahead inc hosp",2021-01-09,"quantile",0.99,96.2088821309555
"32983",2020-12-12,"41","29  day ahead inc hosp",2021-01-10,"quantile",0.01,22.1265194128047
"32984",2020-12-12,"41","29  day ahead inc hosp",2021-01-10,"quantile",0.025,27.7422760026949
"32985",2020-12-12,"41","29  day ahead inc hosp",2021-01-10,"quantile",0.05,32.5721364793165
"32986",2020-12-12,"41","29  day ahead inc hosp",2021-01-10,"quantile",0.1,38.140656285813
"32987",2020-12-12,"41","29  day ahead inc hosp",2021-01-10,"quantile",0.15,41.8977101626491
"32988",2020-12-12,"41","29  day ahead inc hosp",2021-01-10,"quantile",0.2,44.8836974829268
"32989",2020-12-12,"41","29  day ahead inc hosp",2021-01-10,"quantile",0.25,47.4454087263726
"32990",2020-12-12,"41","29  day ahead inc hosp",2021-01-10,"quantile",0.3,49.7459045960013
"32991",2020-12-12,"41","29  day ahead inc hosp",2021-01-10,"quantile",0.35,51.8776568616327
"32992",2020-12-12,"41","29  day ahead inc hosp",2021-01-10,"quantile",0.4,53.9004812972082
"32993",2020-12-12,"41","29  day ahead inc hosp",2021-01-10,"quantile",0.45,55.857587348584
"32994",2020-12-12,"41","29  day ahead inc hosp",2021-01-10,"quantile",0.5,57.7836642229176
"32995",2020-12-12,"41","29  day ahead inc hosp",2021-01-10,"quantile",0.55,59.7097410972512
"32996",2020-12-12,"41","29  day ahead inc hosp",2021-01-10,"quantile",0.6,61.6668471486271
"32997",2020-12-12,"41","29  day ahead inc hosp",2021-01-10,"quantile",0.65,63.6896715842026
"32998",2020-12-12,"41","29  day ahead inc hosp",2021-01-10,"quantile",0.7,65.821423849834
"32999",2020-12-12,"41","29  day ahead inc hosp",2021-01-10,"quantile",0.75,68.1219197194627
"33000",2020-12-12,"41","29  day ahead inc hosp",2021-01-10,"quantile",0.8,70.6836309629085
"33001",2020-12-12,"41","29  day ahead inc hosp",2021-01-10,"quantile",0.85,73.6696182831862
"33002",2020-12-12,"41","29  day ahead inc hosp",2021-01-10,"quantile",0.9,77.4266721600223
"33003",2020-12-12,"41","29  day ahead inc hosp",2021-01-10,"quantile",0.95,82.9951919665187
"33004",2020-12-12,"41","29  day ahead inc hosp",2021-01-10,"quantile",0.975,87.8250524431404
"33005",2020-12-12,"41","29  day ahead inc hosp",2021-01-10,"quantile",0.99,93.4408090330306
"33006",2020-12-12,"41","30  day ahead inc hosp",2021-01-11,"quantile",0.01,22.0139141774805
"33007",2020-12-12,"41","30  day ahead inc hosp",2021-01-11,"quantile",0.025,27.7020885233951
"33008",2020-12-12,"41","30  day ahead inc hosp",2021-01-11,"quantile",0.05,32.5942322653309
"33009",2020-12-12,"41","30  day ahead inc hosp",2021-01-11,"quantile",0.1,38.2345606878721
"33010",2020-12-12,"41","30  day ahead inc hosp",2021-01-11,"quantile",0.15,42.0400634970415
"33011",2020-12-12,"41","30  day ahead inc hosp",2021-01-11,"quantile",0.2,45.0645564928752
"33012",2020-12-12,"41","30  day ahead inc hosp",2021-01-11,"quantile",0.25,47.6593021773377
"33013",2020-12-12,"41","30  day ahead inc hosp",2021-01-11,"quantile",0.3,49.9894639959718
"33014",2020-12-12,"41","30  day ahead inc hosp",2021-01-11,"quantile",0.35,52.1487061844668
"33015",2020-12-12,"41","30  day ahead inc hosp",2021-01-11,"quantile",0.4,54.1976158685945
"33016",2020-12-12,"41","30  day ahead inc hosp",2021-01-11,"quantile",0.45,56.1799596998267
"33017",2020-12-12,"41","30  day ahead inc hosp",2021-01-11,"quantile",0.5,58.1308742185519
"33018",2020-12-12,"41","30  day ahead inc hosp",2021-01-11,"quantile",0.55,60.0817887372772
"33019",2020-12-12,"41","30  day ahead inc hosp",2021-01-11,"quantile",0.6,62.0641325685094
"33020",2020-12-12,"41","30  day ahead inc hosp",2021-01-11,"quantile",0.65,64.1130422526371
"33021",2020-12-12,"41","30  day ahead inc hosp",2021-01-11,"quantile",0.7,66.2722844411321
"33022",2020-12-12,"41","30  day ahead inc hosp",2021-01-11,"quantile",0.75,68.6024462597661
"33023",2020-12-12,"41","30  day ahead inc hosp",2021-01-11,"quantile",0.8,71.1971919442287
"33024",2020-12-12,"41","30  day ahead inc hosp",2021-01-11,"quantile",0.85,74.2216849400624
"33025",2020-12-12,"41","30  day ahead inc hosp",2021-01-11,"quantile",0.9,78.0271877492318
"33026",2020-12-12,"41","30  day ahead inc hosp",2021-01-11,"quantile",0.95,83.6675161717729
"33027",2020-12-12,"41","30  day ahead inc hosp",2021-01-11,"quantile",0.975,88.5596599137087
"33028",2020-12-12,"41","30  day ahead inc hosp",2021-01-11,"quantile",0.99,94.2478342596234
"33029",2020-12-12,"41","31  day ahead inc hosp",2021-01-12,"quantile",0.01,21.9070898442303
"33030",2020-12-12,"41","31  day ahead inc hosp",2021-01-12,"quantile",0.025,27.6667714936055
"33031",2020-12-12,"41","31  day ahead inc hosp",2021-01-12,"quantile",0.05,32.6204154614227
"33032",2020-12-12,"41","31  day ahead inc hosp",2021-01-12,"quantile",0.1,38.3316497056915
"33033",2020-12-12,"41","31  day ahead inc hosp",2021-01-12,"quantile",0.15,42.1849923361543
"33034",2020-12-12,"41","31  day ahead inc hosp",2021-01-12,"quantile",0.2,45.2475069053989
"33035",2020-12-12,"41","31  day ahead inc hosp",2021-01-12,"quantile",0.25,47.8748717143429
"33036",2020-12-12,"41","31  day ahead inc hosp",2021-01-12,"quantile",0.3,50.2343265148977
"33037",2020-12-12,"41","31  day ahead inc hosp",2021-01-12,"quantile",0.35,52.4207130166692
"33038",2020-12-12,"41","31  day ahead inc hosp",2021-01-12,"quantile",0.4,54.4953799996482
"33039",2020-12-12,"41","31  day ahead inc hosp",2021-01-12,"quantile",0.45,56.5026443156058
"33040",2020-12-12,"41","31  day ahead inc hosp",2021-01-12,"quantile",0.5,58.4780842141862
"33041",2020-12-12,"41","31  day ahead inc hosp",2021-01-12,"quantile",0.55,60.4535241127667
"33042",2020-12-12,"41","31  day ahead inc hosp",2021-01-12,"quantile",0.6,62.4607884287242
"33043",2020-12-12,"41","31  day ahead inc hosp",2021-01-12,"quantile",0.65,64.5354554117033
"33044",2020-12-12,"41","31  day ahead inc hosp",2021-01-12,"quantile",0.7,66.7218419134748
"33045",2020-12-12,"41","31  day ahead inc hosp",2021-01-12,"quantile",0.75,69.0812967140296
"33046",2020-12-12,"41","31  day ahead inc hosp",2021-01-12,"quantile",0.8,71.7086615229736
"33047",2020-12-12,"41","31  day ahead inc hosp",2021-01-12,"quantile",0.85,74.7711760922182
"33048",2020-12-12,"41","31  day ahead inc hosp",2021-01-12,"quantile",0.9,78.624518722681
"33049",2020-12-12,"41","31  day ahead inc hosp",2021-01-12,"quantile",0.95,84.3357529669498
"33050",2020-12-12,"41","31  day ahead inc hosp",2021-01-12,"quantile",0.975,89.289396934767
"33051",2020-12-12,"41","31  day ahead inc hosp",2021-01-12,"quantile",0.99,95.0490785841422
"33052",2020-12-12,"41","32  day ahead inc hosp",2021-01-13,"quantile",0.01,21.8058337085337
"33053",2020-12-12,"41","32  day ahead inc hosp",2021-01-13,"quantile",0.025,27.6361457083134
"33054",2020-12-12,"41","32  day ahead inc hosp",2021-01-13,"quantile",0.05,32.6505356740043
"33055",2020-12-12,"41","32  day ahead inc hosp",2021-01-13,"quantile",0.1,38.4318061634116
"33056",2020-12-12,"41","32  day ahead inc hosp",2021-01-13,"quantile",0.15,42.3324019159716
"33057",2020-12-12,"41","32  day ahead inc hosp",2021-01-13,"quantile",0.2,45.4324717687045
"33058",2020-12-12,"41","32  day ahead inc hosp",2021-01-13,"quantile",0.25,48.0920556668956
"33059",2020-12-12,"41","32  day ahead inc hosp",2021-01-13,"quantile",0.3,50.4804442053672
"33060",2020-12-12,"41","32  day ahead inc hosp",2021-01-13,"quantile",0.35,52.6936421273075
"33061",2020-12-12,"41","32  day ahead inc hosp",2021-01-13,"quantile",0.4,54.7937505261322
"33062",2020-12-12,"41","32  day ahead inc hosp",2021-01-13,"quantile",0.45,56.8256297063516
"33063",2020-12-12,"41","32  day ahead inc hosp",2021-01-13,"quantile",0.5,58.8252942098206
"33064",2020-12-12,"41","32  day ahead inc hosp",2021-01-13,"quantile",0.55,60.8249587132895
"33065",2020-12-12,"41","32  day ahead inc hosp",2021-01-13,"quantile",0.6,62.8568378935089
"33066",2020-12-12,"41","32  day ahead inc hosp",2021-01-13,"quantile",0.65,64.9569462923336
"33067",2020-12-12,"41","32  day ahead inc hosp",2021-01-13,"quantile",0.7,67.170144214274
"33068",2020-12-12,"41","32  day ahead inc hosp",2021-01-13,"quantile",0.75,69.5585327527455
"33069",2020-12-12,"41","32  day ahead inc hosp",2021-01-13,"quantile",0.8,72.2181166509366
"33070",2020-12-12,"41","32  day ahead inc hosp",2021-01-13,"quantile",0.85,75.3181865036696
"33071",2020-12-12,"41","32  day ahead inc hosp",2021-01-13,"quantile",0.9,79.2187822562295
"33072",2020-12-12,"41","32  day ahead inc hosp",2021-01-13,"quantile",0.95,85.0000527456368
"33073",2020-12-12,"41","32  day ahead inc hosp",2021-01-13,"quantile",0.975,90.0144427113277
"33074",2020-12-12,"41","32  day ahead inc hosp",2021-01-13,"quantile",0.99,95.8447547111074
"33075",2020-12-12,"41","33  day ahead inc hosp",2021-01-14,"quantile",0.01,21.7099457983555
"33076",2020-12-12,"41","33  day ahead inc hosp",2021-01-14,"quantile",0.025,27.6100426897126
"33077",2020-12-12,"41","33  day ahead inc hosp",2021-01-14,"quantile",0.05,32.6844515120438
"33078",2020-12-12,"41","33  day ahead inc hosp",2021-01-14,"quantile",0.1,38.5349198993162
"33079",2020-12-12,"41","33  day ahead inc hosp",2021-01-14,"quantile",0.15,42.482203145048
"33080",2020-12-12,"41","33  day ahead inc hosp",2021-01-14,"quantile",0.2,45.6193787373303
"33081",2020-12-12,"41","33  day ahead inc hosp",2021-01-14,"quantile",0.25,48.3107960560971
"33082",2020-12-12,"41","33  day ahead inc hosp",2021-01-14,"quantile",0.3,50.7277719900988
"33083",2020-12-12,"41","33  day ahead inc hosp",2021-01-14,"quantile",0.35,52.9674603943714
"33084",2020-12-12,"41","33  day ahead inc hosp",2021-01-14,"quantile",0.4,55.0927056704196
"33085",2020-12-12,"41","33  day ahead inc hosp",2021-01-14,"quantile",0.45,57.1489050702593
"33086",2020-12-12,"41","33  day ahead inc hosp",2021-01-14,"quantile",0.5,59.1725042054549
"33087",2020-12-12,"41","33  day ahead inc hosp",2021-01-14,"quantile",0.55,61.1961033406504
"33088",2020-12-12,"41","33  day ahead inc hosp",2021-01-14,"quantile",0.6,63.2523027404902
"33089",2020-12-12,"41","33  day ahead inc hosp",2021-01-14,"quantile",0.65,65.3775480165383
"33090",2020-12-12,"41","33  day ahead inc hosp",2021-01-14,"quantile",0.7,67.6172364208109
"33091",2020-12-12,"41","33  day ahead inc hosp",2021-01-14,"quantile",0.75,70.0342123548126
"33092",2020-12-12,"41","33  day ahead inc hosp",2021-01-14,"quantile",0.8,72.7256296735794
"33093",2020-12-12,"41","33  day ahead inc hosp",2021-01-14,"quantile",0.85,75.8628052658617
"33094",2020-12-12,"41","33  day ahead inc hosp",2021-01-14,"quantile",0.9,79.8100885115935
"33095",2020-12-12,"41","33  day ahead inc hosp",2021-01-14,"quantile",0.95,85.660556898866
"33096",2020-12-12,"41","33  day ahead inc hosp",2021-01-14,"quantile",0.975,90.7349657211971
"33097",2020-12-12,"41","33  day ahead inc hosp",2021-01-14,"quantile",0.99,96.6350626125542
"33098",2020-12-12,"41","34  day ahead inc hosp",2021-01-15,"quantile",0.01,21.6192378319943
"33099",2020-12-12,"41","34  day ahead inc hosp",2021-01-15,"quantile",0.025,27.5883038091826
"33100",2020-12-12,"41","34  day ahead inc hosp",2021-01-15,"quantile",0.05,32.7220298502061
"33101",2020-12-12,"41","34  day ahead inc hosp",2021-01-15,"quantile",0.1,38.6408871917255
"33102",2020-12-12,"41","34  day ahead inc hosp",2021-01-15,"quantile",0.15,42.6343121402103
"33103",2020-12-12,"41","34  day ahead inc hosp",2021-01-15,"quantile",0.2,45.808159695119
"33104",2020-12-12,"41","34  day ahead inc hosp",2021-01-15,"quantile",0.25,48.5310382924858
"33105",2020-12-12,"41","34  day ahead inc hosp",2021-01-15,"quantile",0.3,50.976267427022
"33106",2020-12-12,"41","34  day ahead inc hosp",2021-01-15,"quantile",0.35,53.2421366321584
"33107",2020-12-12,"41","34  day ahead inc hosp",2021-01-15,"quantile",0.4,55.3922249280002
"33108",2020-12-12,"41","34  day ahead inc hosp",2021-01-15,"quantile",0.45,57.4724602369962
"33109",2020-12-12,"41","34  day ahead inc hosp",2021-01-15,"quantile",0.5,59.5197142010892
"33110",2020-12-12,"41","34  day ahead inc hosp",2021-01-15,"quantile",0.55,61.5669681651822
"33111",2020-12-12,"41","34  day ahead inc hosp",2021-01-15,"quantile",0.6,63.6472034741782
"33112",2020-12-12,"41","34  day ahead inc hosp",2021-01-15,"quantile",0.65,65.79729177002
"33113",2020-12-12,"41","34  day ahead inc hosp",2021-01-15,"quantile",0.7,68.0631609751564
"33114",2020-12-12,"41","34  day ahead inc hosp",2021-01-15,"quantile",0.75,70.5083901096926
"33115",2020-12-12,"41","34  day ahead inc hosp",2021-01-15,"quantile",0.8,73.2312687070593
"33116",2020-12-12,"41","34  day ahead inc hosp",2021-01-15,"quantile",0.85,76.405116261968
"33117",2020-12-12,"41","34  day ahead inc hosp",2021-01-15,"quantile",0.9,80.3985412104529
"33118",2020-12-12,"41","34  day ahead inc hosp",2021-01-15,"quantile",0.95,86.3173985519722
"33119",2020-12-12,"41","34  day ahead inc hosp",2021-01-15,"quantile",0.975,91.4511245929957
"33120",2020-12-12,"41","34  day ahead inc hosp",2021-01-15,"quantile",0.99,97.4201905701841
"33121",2020-12-12,"41","35  day ahead inc hosp",2021-01-16,"quantile",0.01,21.5335322831018
"33122",2020-12-12,"41","35  day ahead inc hosp",2021-01-16,"quantile",0.025,27.5707794995619
"33123",2020-12-12,"41","35  day ahead inc hosp",2021-01-16,"quantile",0.05,32.7631451677725
"33124",2020-12-12,"41","35  day ahead inc hosp",2021-01-16,"quantile",0.1,38.7496102439289
"33125",2020-12-12,"41","35  day ahead inc hosp",2021-01-16,"quantile",0.15,42.788649810005
"33126",2020-12-12,"41","35  day ahead inc hosp",2021-01-16,"quantile",0.2,45.9987504169624
"33127",2020-12-12,"41","35  day ahead inc hosp",2021-01-16,"quantile",0.25,48.7527309049539
"33128",2020-12-12,"41","35  day ahead inc hosp",2021-01-16,"quantile",0.3,51.2258904985155
"33129",2020-12-12,"41","35  day ahead inc hosp",2021-01-16,"quantile",0.35,53.5176414364094
"33130",2020-12-12,"41","35  day ahead inc hosp",2021-01-16,"quantile",0.4,55.6922889656579
"33131",2020-12-12,"41","35  day ahead inc hosp",2021-01-16,"quantile",0.45,57.7962856171967
"33132",2020-12-12,"41","35  day ahead inc hosp",2021-01-16,"quantile",0.5,59.8669241967235
"33133",2020-12-12,"41","35  day ahead inc hosp",2021-01-16,"quantile",0.55,61.9375627762503
"33134",2020-12-12,"41","35  day ahead inc hosp",2021-01-16,"quantile",0.6,64.041559427789
"33135",2020-12-12,"41","35  day ahead inc hosp",2021-01-16,"quantile",0.65,66.2162069570375
"33136",2020-12-12,"41","35  day ahead inc hosp",2021-01-16,"quantile",0.7,68.5079578949315
"33137",2020-12-12,"41","35  day ahead inc hosp",2021-01-16,"quantile",0.75,70.9811174884931
"33138",2020-12-12,"41","35  day ahead inc hosp",2021-01-16,"quantile",0.8,73.7350979764846
"33139",2020-12-12,"41","35  day ahead inc hosp",2021-01-16,"quantile",0.85,76.945198583442
"33140",2020-12-12,"41","35  day ahead inc hosp",2021-01-16,"quantile",0.9,80.984238149518
"33141",2020-12-12,"41","35  day ahead inc hosp",2021-01-16,"quantile",0.95,86.9707032256744
"33142",2020-12-12,"41","35  day ahead inc hosp",2021-01-16,"quantile",0.975,92.1630688938851
"33143",2020-12-12,"41","35  day ahead inc hosp",2021-01-16,"quantile",0.99,98.2003161103451
"33144",2020-12-12,"41","36  day ahead inc hosp",2021-01-17,"quantile",0.01,21.6501249676823
"33145",2020-12-12,"41","36  day ahead inc hosp",2021-01-17,"quantile",0.025,27.7547919745944
"33146",2020-12-12,"41","36  day ahead inc hosp",2021-01-17,"quantile",0.05,33.0051423819999
"33147",2020-12-12,"41","36  day ahead inc hosp",2021-01-17,"quantile",0.1,39.0584601488797
"33148",2020-12-12,"41","36  day ahead inc hosp",2021-01-17,"quantile",0.15,43.142604908003
"33149",2020-12-12,"41","36  day ahead inc hosp",2021-01-17,"quantile",0.2,46.3885536925306
"33150",2020-12-12,"41","36  day ahead inc hosp",2021-01-17,"quantile",0.25,49.1732887248952
"33151",2020-12-12,"41","36  day ahead inc hosp",2021-01-17,"quantile",0.3,51.6740668498129
"33152",2020-12-12,"41","36  day ahead inc hosp",2021-01-17,"quantile",0.35,53.9914104729922
"33153",2020-12-12,"41","36  day ahead inc hosp",2021-01-17,"quantile",0.4,56.1903429578624
"33154",2020-12-12,"41","36  day ahead inc hosp",2021-01-17,"quantile",0.45,58.3178355850127
"33155",2020-12-12,"41","36  day ahead inc hosp",2021-01-17,"quantile",0.5,60.4115976203345
"33156",2020-12-12,"41","36  day ahead inc hosp",2021-01-17,"quantile",0.55,62.5053596556564
"33157",2020-12-12,"41","36  day ahead inc hosp",2021-01-17,"quantile",0.6,64.6328522828066
"33158",2020-12-12,"41","36  day ahead inc hosp",2021-01-17,"quantile",0.65,66.8317847676769
"33159",2020-12-12,"41","36  day ahead inc hosp",2021-01-17,"quantile",0.7,69.1491283908562
"33160",2020-12-12,"41","36  day ahead inc hosp",2021-01-17,"quantile",0.75,71.6499065157739
"33161",2020-12-12,"41","36  day ahead inc hosp",2021-01-17,"quantile",0.8,74.4346415481384
"33162",2020-12-12,"41","36  day ahead inc hosp",2021-01-17,"quantile",0.85,77.680590332666
"33163",2020-12-12,"41","36  day ahead inc hosp",2021-01-17,"quantile",0.9,81.7647350917893
"33164",2020-12-12,"41","36  day ahead inc hosp",2021-01-17,"quantile",0.95,87.8180528586691
"33165",2020-12-12,"41","36  day ahead inc hosp",2021-01-17,"quantile",0.975,93.0684032660747
"33166",2020-12-12,"41","36  day ahead inc hosp",2021-01-17,"quantile",0.99,99.1730702729867
"33167",2020-12-12,"41","37  day ahead inc hosp",2021-01-18,"quantile",0.01,21.5739305739097
"33168",2020-12-12,"41","37  day ahead inc hosp",2021-01-18,"quantile",0.025,27.7452808781711
"33169",2020-12-12,"41","37  day ahead inc hosp",2021-01-18,"quantile",0.05,33.0529826000723
"33170",2020-12-12,"41","37  day ahead inc hosp",2021-01-18,"quantile",0.1,39.1724227595645
"33171",2020-12-12,"41","37  day ahead inc hosp",2021-01-18,"quantile",0.15,43.3011799830666
"33172",2020-12-12,"41","37  day ahead inc hosp",2021-01-18,"quantile",0.2,46.5825853400386
"33173",2020-12-12,"41","37  day ahead inc hosp",2021-01-18,"quantile",0.25,49.3977389544473
"33174",2020-12-12,"41","37  day ahead inc hosp",2021-01-18,"quantile",0.3,51.9258339061665
"33175",2020-12-12,"41","37  day ahead inc hosp",2021-01-18,"quantile",0.35,54.2684906403984
"33176",2020-12-12,"41","37  day ahead inc hosp",2021-01-18,"quantile",0.4,56.491442792283
"33177",2020-12-12,"41","37  day ahead inc hosp",2021-01-18,"quantile",0.45,58.642174725247
"33178",2020-12-12,"41","37  day ahead inc hosp",2021-01-18,"quantile",0.5,60.7588076159688
"33179",2020-12-12,"41","37  day ahead inc hosp",2021-01-18,"quantile",0.55,62.8754405066907
"33180",2020-12-12,"41","37  day ahead inc hosp",2021-01-18,"quantile",0.6,65.0261724396547
"33181",2020-12-12,"41","37  day ahead inc hosp",2021-01-18,"quantile",0.65,67.2491245915393
"33182",2020-12-12,"41","37  day ahead inc hosp",2021-01-18,"quantile",0.7,69.5917813257712
"33183",2020-12-12,"41","37  day ahead inc hosp",2021-01-18,"quantile",0.75,72.1198762774904
"33184",2020-12-12,"41","37  day ahead inc hosp",2021-01-18,"quantile",0.8,74.9350298918991
"33185",2020-12-12,"41","37  day ahead inc hosp",2021-01-18,"quantile",0.85,78.2164352488711
"33186",2020-12-12,"41","37  day ahead inc hosp",2021-01-18,"quantile",0.9,82.3451924723732
"33187",2020-12-12,"41","37  day ahead inc hosp",2021-01-18,"quantile",0.95,88.4646326318654
"33188",2020-12-12,"41","37  day ahead inc hosp",2021-01-18,"quantile",0.975,93.7723343537666
"33189",2020-12-12,"41","37  day ahead inc hosp",2021-01-18,"quantile",0.99,99.943684658028
"33190",2020-12-12,"42","1  day ahead inc hosp",2020-12-13,"quantile",0.01,491.865680950858
"33191",2020-12-12,"42","1  day ahead inc hosp",2020-12-13,"quantile",0.025,502.86075255063
"33192",2020-12-12,"42","1  day ahead inc hosp",2020-12-13,"quantile",0.05,512.317120701087
"33193",2020-12-12,"42","1  day ahead inc hosp",2020-12-13,"quantile",0.1,523.219707555972
"33194",2020-12-12,"42","1  day ahead inc hosp",2020-12-13,"quantile",0.15,530.575631146816
"33195",2020-12-12,"42","1  day ahead inc hosp",2020-12-13,"quantile",0.2,536.421886029296
"33196",2020-12-12,"42","1  day ahead inc hosp",2020-12-13,"quantile",0.25,541.437452158058
"33197",2020-12-12,"42","1  day ahead inc hosp",2020-12-13,"quantile",0.3,545.941585554274
"33198",2020-12-12,"42","1  day ahead inc hosp",2020-12-13,"quantile",0.35,550.115336395931
"33199",2020-12-12,"42","1  day ahead inc hosp",2020-12-13,"quantile",0.4,554.075817792678
"33200",2020-12-12,"42","1  day ahead inc hosp",2020-12-13,"quantile",0.45,557.907629378308
"33201",2020-12-12,"42","1  day ahead inc hosp",2020-12-13,"quantile",0.5,561.678689038922
"33202",2020-12-12,"42","1  day ahead inc hosp",2020-12-13,"quantile",0.55,565.449748699536
"33203",2020-12-12,"42","1  day ahead inc hosp",2020-12-13,"quantile",0.6,569.281560285167
"33204",2020-12-12,"42","1  day ahead inc hosp",2020-12-13,"quantile",0.65,573.242041681914
"33205",2020-12-12,"42","1  day ahead inc hosp",2020-12-13,"quantile",0.7,577.41579252357
"33206",2020-12-12,"42","1  day ahead inc hosp",2020-12-13,"quantile",0.75,581.919925919786
"33207",2020-12-12,"42","1  day ahead inc hosp",2020-12-13,"quantile",0.8,586.935492048548
"33208",2020-12-12,"42","1  day ahead inc hosp",2020-12-13,"quantile",0.85,592.781746931028
"33209",2020-12-12,"42","1  day ahead inc hosp",2020-12-13,"quantile",0.9,600.137670521872
"33210",2020-12-12,"42","1  day ahead inc hosp",2020-12-13,"quantile",0.95,611.040257376757
"33211",2020-12-12,"42","1  day ahead inc hosp",2020-12-13,"quantile",0.975,620.496625527215
"33212",2020-12-12,"42","1  day ahead inc hosp",2020-12-13,"quantile",0.99,631.491697126986
"33213",2020-12-12,"42","2  day ahead inc hosp",2020-12-14,"quantile",0.01,486.588229053075
"33214",2020-12-12,"42","2  day ahead inc hosp",2020-12-14,"quantile",0.025,499.385088611553
"33215",2020-12-12,"42","2  day ahead inc hosp",2020-12-14,"quantile",0.05,510.391093807298
"33216",2020-12-12,"42","2  day ahead inc hosp",2020-12-14,"quantile",0.1,523.080312930617
"33217",2020-12-12,"42","2  day ahead inc hosp",2020-12-14,"quantile",0.15,531.641668830917
"33218",2020-12-12,"42","2  day ahead inc hosp",2020-12-14,"quantile",0.2,538.44596309997
"33219",2020-12-12,"42","2  day ahead inc hosp",2020-12-14,"quantile",0.25,544.283441716968
"33220",2020-12-12,"42","2  day ahead inc hosp",2020-12-14,"quantile",0.3,549.525677929894
"33221",2020-12-12,"42","2  day ahead inc hosp",2020-12-14,"quantile",0.35,554.38339103054
"33222",2020-12-12,"42","2  day ahead inc hosp",2020-12-14,"quantile",0.4,558.992885726254
"33223",2020-12-12,"42","2  day ahead inc hosp",2020-12-14,"quantile",0.45,563.452625189604
"33224",2020-12-12,"42","2  day ahead inc hosp",2020-12-14,"quantile",0.5,567.841657168671
"33225",2020-12-12,"42","2  day ahead inc hosp",2020-12-14,"quantile",0.55,572.230689147737
"33226",2020-12-12,"42","2  day ahead inc hosp",2020-12-14,"quantile",0.6,576.690428611087
"33227",2020-12-12,"42","2  day ahead inc hosp",2020-12-14,"quantile",0.65,581.299923306801
"33228",2020-12-12,"42","2  day ahead inc hosp",2020-12-14,"quantile",0.7,586.157636407447
"33229",2020-12-12,"42","2  day ahead inc hosp",2020-12-14,"quantile",0.75,591.399872620373
"33230",2020-12-12,"42","2  day ahead inc hosp",2020-12-14,"quantile",0.8,597.237351237371
"33231",2020-12-12,"42","2  day ahead inc hosp",2020-12-14,"quantile",0.85,604.041645506424
"33232",2020-12-12,"42","2  day ahead inc hosp",2020-12-14,"quantile",0.9,612.603001406725
"33233",2020-12-12,"42","2  day ahead inc hosp",2020-12-14,"quantile",0.95,625.292220530043
"33234",2020-12-12,"42","2  day ahead inc hosp",2020-12-14,"quantile",0.975,636.298225725788
"33235",2020-12-12,"42","2  day ahead inc hosp",2020-12-14,"quantile",0.99,649.095085284266
"33236",2020-12-12,"42","3  day ahead inc hosp",2020-12-15,"quantile",0.01,480.189424886342
"33237",2020-12-12,"42","3  day ahead inc hosp",2020-12-15,"quantile",0.025,493.916510175221
"33238",2020-12-12,"42","3  day ahead inc hosp",2020-12-15,"quantile",0.05,505.722560817681
"33239",2020-12-12,"42","3  day ahead inc hosp",2020-12-15,"quantile",0.1,519.33418110304
"33240",2020-12-12,"42","3  day ahead inc hosp",2020-12-15,"quantile",0.15,528.51787668826
"33241",2020-12-12,"42","3  day ahead inc hosp",2020-12-15,"quantile",0.2,535.816786810318
"33242",2020-12-12,"42","3  day ahead inc hosp",2020-12-15,"quantile",0.25,542.078601787763
"33243",2020-12-12,"42","3  day ahead inc hosp",2020-12-15,"quantile",0.3,547.701905167037
"33244",2020-12-12,"42","3  day ahead inc hosp",2020-12-15,"quantile",0.35,552.912733787665
"33245",2020-12-12,"42","3  day ahead inc hosp",2020-12-15,"quantile",0.4,557.8573005806
"33246",2020-12-12,"42","3  day ahead inc hosp",2020-12-15,"quantile",0.45,562.641226175769
"33247",2020-12-12,"42","3  day ahead inc hosp",2020-12-15,"quantile",0.5,567.349304438013
"33248",2020-12-12,"42","3  day ahead inc hosp",2020-12-15,"quantile",0.55,572.057382700257
"33249",2020-12-12,"42","3  day ahead inc hosp",2020-12-15,"quantile",0.6,576.841308295427
"33250",2020-12-12,"42","3  day ahead inc hosp",2020-12-15,"quantile",0.65,581.785875088361
"33251",2020-12-12,"42","3  day ahead inc hosp",2020-12-15,"quantile",0.7,586.99670370899
"33252",2020-12-12,"42","3  day ahead inc hosp",2020-12-15,"quantile",0.75,592.620007088263
"33253",2020-12-12,"42","3  day ahead inc hosp",2020-12-15,"quantile",0.8,598.881822065709
"33254",2020-12-12,"42","3  day ahead inc hosp",2020-12-15,"quantile",0.85,606.180732187767
"33255",2020-12-12,"42","3  day ahead inc hosp",2020-12-15,"quantile",0.9,615.364427772986
"33256",2020-12-12,"42","3  day ahead inc hosp",2020-12-15,"quantile",0.95,628.976048058346
"33257",2020-12-12,"42","3  day ahead inc hosp",2020-12-15,"quantile",0.975,640.782098700805
"33258",2020-12-12,"42","3  day ahead inc hosp",2020-12-15,"quantile",0.99,654.509183989685
"33259",2020-12-12,"42","4  day ahead inc hosp",2020-12-16,"quantile",0.01,480.424906269259
"33260",2020-12-12,"42","4  day ahead inc hosp",2020-12-16,"quantile",0.025,496.400507496429
"33261",2020-12-12,"42","4  day ahead inc hosp",2020-12-16,"quantile",0.05,510.140405891649
"33262",2020-12-12,"42","4  day ahead inc hosp",2020-12-16,"quantile",0.1,525.981628784809
"33263",2020-12-12,"42","4  day ahead inc hosp",2020-12-16,"quantile",0.15,536.66962666445
"33264",2020-12-12,"42","4  day ahead inc hosp",2020-12-16,"quantile",0.2,545.164108562761
"33265",2020-12-12,"42","4  day ahead inc hosp",2020-12-16,"quantile",0.25,552.451617668502
"33266",2020-12-12,"42","4  day ahead inc hosp",2020-12-16,"quantile",0.3,558.996026075395
"33267",2020-12-12,"42","4  day ahead inc hosp",2020-12-16,"quantile",0.35,565.060395776203
"33268",2020-12-12,"42","4  day ahead inc hosp",2020-12-16,"quantile",0.4,570.814889586263
"33269",2020-12-12,"42","4  day ahead inc hosp",2020-12-16,"quantile",0.45,576.382428943711
"33270",2020-12-12,"42","4  day ahead inc hosp",2020-12-16,"quantile",0.5,581.861697068085
"33271",2020-12-12,"42","4  day ahead inc hosp",2020-12-16,"quantile",0.55,587.340965192459
"33272",2020-12-12,"42","4  day ahead inc hosp",2020-12-16,"quantile",0.6,592.908504549907
"33273",2020-12-12,"42","4  day ahead inc hosp",2020-12-16,"quantile",0.65,598.662998359968
"33274",2020-12-12,"42","4  day ahead inc hosp",2020-12-16,"quantile",0.7,604.727368060775
"33275",2020-12-12,"42","4  day ahead inc hosp",2020-12-16,"quantile",0.75,611.271776467668
"33276",2020-12-12,"42","4  day ahead inc hosp",2020-12-16,"quantile",0.8,618.559285573409
"33277",2020-12-12,"42","4  day ahead inc hosp",2020-12-16,"quantile",0.85,627.05376747172
"33278",2020-12-12,"42","4  day ahead inc hosp",2020-12-16,"quantile",0.9,637.741765351361
"33279",2020-12-12,"42","4  day ahead inc hosp",2020-12-16,"quantile",0.95,653.582988244521
"33280",2020-12-12,"42","4  day ahead inc hosp",2020-12-16,"quantile",0.975,667.322886639741
"33281",2020-12-12,"42","4  day ahead inc hosp",2020-12-16,"quantile",0.99,683.298487866911
"33282",2020-12-12,"42","5  day ahead inc hosp",2020-12-17,"quantile",0.01,478.547885098483
"33283",2020-12-12,"42","5  day ahead inc hosp",2020-12-17,"quantile",0.025,496.414173134625
"33284",2020-12-12,"42","5  day ahead inc hosp",2020-12-17,"quantile",0.05,511.780166490721
"33285",2020-12-12,"42","5  day ahead inc hosp",2020-12-17,"quantile",0.1,529.496172732326
"33286",2020-12-12,"42","5  day ahead inc hosp",2020-12-17,"quantile",0.15,541.449078036608
"33287",2020-12-12,"42","5  day ahead inc hosp",2020-12-17,"quantile",0.2,550.948868257643
"33288",2020-12-12,"42","5  day ahead inc hosp",2020-12-17,"quantile",0.25,559.09884238993
"33289",2020-12-12,"42","5  day ahead inc hosp",2020-12-17,"quantile",0.3,566.417771046264
"33290",2020-12-12,"42","5  day ahead inc hosp",2020-12-17,"quantile",0.35,573.19984918477
"33291",2020-12-12,"42","5  day ahead inc hosp",2020-12-17,"quantile",0.4,579.635378117346
"33292",2020-12-12,"42","5  day ahead inc hosp",2020-12-17,"quantile",0.45,585.861826837382
"33293",2020-12-12,"42","5  day ahead inc hosp",2020-12-17,"quantile",0.5,591.989557565339
"33294",2020-12-12,"42","5  day ahead inc hosp",2020-12-17,"quantile",0.55,598.117288293296
"33295",2020-12-12,"42","5  day ahead inc hosp",2020-12-17,"quantile",0.6,604.343737013332
"33296",2020-12-12,"42","5  day ahead inc hosp",2020-12-17,"quantile",0.65,610.779265945908
"33297",2020-12-12,"42","5  day ahead inc hosp",2020-12-17,"quantile",0.7,617.561344084414
"33298",2020-12-12,"42","5  day ahead inc hosp",2020-12-17,"quantile",0.75,624.880272740748
"33299",2020-12-12,"42","5  day ahead inc hosp",2020-12-17,"quantile",0.8,633.030246873035
"33300",2020-12-12,"42","5  day ahead inc hosp",2020-12-17,"quantile",0.85,642.53003709407
"33301",2020-12-12,"42","5  day ahead inc hosp",2020-12-17,"quantile",0.9,654.482942398353
"33302",2020-12-12,"42","5  day ahead inc hosp",2020-12-17,"quantile",0.95,672.198948639957
"33303",2020-12-12,"42","5  day ahead inc hosp",2020-12-17,"quantile",0.975,687.564941996053
"33304",2020-12-12,"42","5  day ahead inc hosp",2020-12-17,"quantile",0.99,705.431230032195
"33305",2020-12-12,"42","6  day ahead inc hosp",2020-12-18,"quantile",0.01,475.163231073386
"33306",2020-12-12,"42","6  day ahead inc hosp",2020-12-18,"quantile",0.025,494.543239821757
"33307",2020-12-12,"42","6  day ahead inc hosp",2020-12-18,"quantile",0.05,511.211116499113
"33308",2020-12-12,"42","6  day ahead inc hosp",2020-12-18,"quantile",0.1,530.428110832461
"33309",2020-12-12,"42","6  day ahead inc hosp",2020-12-18,"quantile",0.15,543.393725676286
"33310",2020-12-12,"42","6  day ahead inc hosp",2020-12-18,"quantile",0.2,553.698385335803
"33311",2020-12-12,"42","6  day ahead inc hosp",2020-12-18,"quantile",0.25,562.538865779374
"33312",2020-12-12,"42","6  day ahead inc hosp",2020-12-18,"quantile",0.3,570.477890444236
"33313",2020-12-12,"42","6  day ahead inc hosp",2020-12-18,"quantile",0.35,577.834579947422
"33314",2020-12-12,"42","6  day ahead inc hosp",2020-12-18,"quantile",0.4,584.815358873711
"33315",2020-12-12,"42","6  day ahead inc hosp",2020-12-18,"quantile",0.45,591.569343272792
"33316",2020-12-12,"42","6  day ahead inc hosp",2020-12-18,"quantile",0.5,598.216245800907
"33317",2020-12-12,"42","6  day ahead inc hosp",2020-12-18,"quantile",0.55,604.863148329022
"33318",2020-12-12,"42","6  day ahead inc hosp",2020-12-18,"quantile",0.6,611.617132728103
"33319",2020-12-12,"42","6  day ahead inc hosp",2020-12-18,"quantile",0.65,618.597911654392
"33320",2020-12-12,"42","6  day ahead inc hosp",2020-12-18,"quantile",0.7,625.954601157579
"33321",2020-12-12,"42","6  day ahead inc hosp",2020-12-18,"quantile",0.75,633.89362582244
"33322",2020-12-12,"42","6  day ahead inc hosp",2020-12-18,"quantile",0.8,642.734106266012
"33323",2020-12-12,"42","6  day ahead inc hosp",2020-12-18,"quantile",0.85,653.038765925529
"33324",2020-12-12,"42","6  day ahead inc hosp",2020-12-18,"quantile",0.9,666.004380769353
"33325",2020-12-12,"42","6  day ahead inc hosp",2020-12-18,"quantile",0.95,685.221375102701
"33326",2020-12-12,"42","6  day ahead inc hosp",2020-12-18,"quantile",0.975,701.889251780057
"33327",2020-12-12,"42","6  day ahead inc hosp",2020-12-18,"quantile",0.99,721.269260528429
"33328",2020-12-12,"42","7  day ahead inc hosp",2020-12-19,"quantile",0.01,473.622074589138
"33329",2020-12-12,"42","7  day ahead inc hosp",2020-12-19,"quantile",0.025,494.787153663226
"33330",2020-12-12,"42","7  day ahead inc hosp",2020-12-19,"quantile",0.05,512.990289299222
"33331",2020-12-12,"42","7  day ahead inc hosp",2020-12-19,"quantile",0.1,533.977338887928
"33332",2020-12-12,"42","7  day ahead inc hosp",2020-12-19,"quantile",0.15,548.137201609186
"33333",2020-12-12,"42","7  day ahead inc hosp",2020-12-19,"quantile",0.2,559.391011623259
"33334",2020-12-12,"42","7  day ahead inc hosp",2020-12-19,"quantile",0.25,569.045778557089
"33335",2020-12-12,"42","7  day ahead inc hosp",2020-12-19,"quantile",0.3,577.716057656786
"33336",2020-12-12,"42","7  day ahead inc hosp",2020-12-19,"quantile",0.35,585.750363372542
"33337",2020-12-12,"42","7  day ahead inc hosp",2020-12-19,"quantile",0.4,593.374133820327
"33338",2020-12-12,"42","7  day ahead inc hosp",2020-12-19,"quantile",0.45,600.750219957735
"33339",2020-12-12,"42","7  day ahead inc hosp",2020-12-19,"quantile",0.5,608.009361036148
"33340",2020-12-12,"42","7  day ahead inc hosp",2020-12-19,"quantile",0.55,615.268502114562
"33341",2020-12-12,"42","7  day ahead inc hosp",2020-12-19,"quantile",0.6,622.64458825197
"33342",2020-12-12,"42","7  day ahead inc hosp",2020-12-19,"quantile",0.65,630.268358699754
"33343",2020-12-12,"42","7  day ahead inc hosp",2020-12-19,"quantile",0.7,638.302664415511
"33344",2020-12-12,"42","7  day ahead inc hosp",2020-12-19,"quantile",0.75,646.972943515207
"33345",2020-12-12,"42","7  day ahead inc hosp",2020-12-19,"quantile",0.8,656.627710449037
"33346",2020-12-12,"42","7  day ahead inc hosp",2020-12-19,"quantile",0.85,667.88152046311
"33347",2020-12-12,"42","7  day ahead inc hosp",2020-12-19,"quantile",0.9,682.041383184369
"33348",2020-12-12,"42","7  day ahead inc hosp",2020-12-19,"quantile",0.95,703.028432773074
"33349",2020-12-12,"42","7  day ahead inc hosp",2020-12-19,"quantile",0.975,721.23156840907
"33350",2020-12-12,"42","7  day ahead inc hosp",2020-12-19,"quantile",0.99,742.396647483159
"33351",2020-12-12,"42","8  day ahead inc hosp",2020-12-20,"quantile",0.01,460.740298451907
"33352",2020-12-12,"42","8  day ahead inc hosp",2020-12-20,"quantile",0.025,483.713972522972
"33353",2020-12-12,"42","8  day ahead inc hosp",2020-12-20,"quantile",0.05,503.472599632697
"33354",2020-12-12,"42","8  day ahead inc hosp",2020-12-20,"quantile",0.1,526.253031270889
"33355",2020-12-12,"42","8  day ahead inc hosp",2020-12-20,"quantile",0.15,541.622880346835
"33356",2020-12-12,"42","8  day ahead inc hosp",2020-12-20,"quantile",0.2,553.838349158266
"33357",2020-12-12,"42","8  day ahead inc hosp",2020-12-20,"quantile",0.25,564.318133712507
"33358",2020-12-12,"42","8  day ahead inc hosp",2020-12-20,"quantile",0.3,573.729304133573
"33359",2020-12-12,"42","8  day ahead inc hosp",2020-12-20,"quantile",0.35,582.450156073459
"33360",2020-12-12,"42","8  day ahead inc hosp",2020-12-20,"quantile",0.4,590.725391750439
"33361",2020-12-12,"42","8  day ahead inc hosp",2020-12-20,"quantile",0.45,598.73177803644
"33362",2020-12-12,"42","8  day ahead inc hosp",2020-12-20,"quantile",0.5,606.611226092721
"33363",2020-12-12,"42","8  day ahead inc hosp",2020-12-20,"quantile",0.55,614.490674149002
"33364",2020-12-12,"42","8  day ahead inc hosp",2020-12-20,"quantile",0.6,622.497060435003
"33365",2020-12-12,"42","8  day ahead inc hosp",2020-12-20,"quantile",0.65,630.772296111984
"33366",2020-12-12,"42","8  day ahead inc hosp",2020-12-20,"quantile",0.7,639.493148051869
"33367",2020-12-12,"42","8  day ahead inc hosp",2020-12-20,"quantile",0.75,648.904318472935
"33368",2020-12-12,"42","8  day ahead inc hosp",2020-12-20,"quantile",0.8,659.384103027176
"33369",2020-12-12,"42","8  day ahead inc hosp",2020-12-20,"quantile",0.85,671.599571838607
"33370",2020-12-12,"42","8  day ahead inc hosp",2020-12-20,"quantile",0.9,686.969420914553
"33371",2020-12-12,"42","8  day ahead inc hosp",2020-12-20,"quantile",0.95,709.749852552745
"33372",2020-12-12,"42","8  day ahead inc hosp",2020-12-20,"quantile",0.975,729.50847966247
"33373",2020-12-12,"42","8  day ahead inc hosp",2020-12-20,"quantile",0.99,752.482153733535
"33374",2020-12-12,"42","9  day ahead inc hosp",2020-12-21,"quantile",0.01,458.169585587661
"33375",2020-12-12,"42","9  day ahead inc hosp",2020-12-21,"quantile",0.025,482.857390374135
"33376",2020-12-12,"42","9  day ahead inc hosp",2020-12-21,"quantile",0.05,504.090264464048
"33377",2020-12-12,"42","9  day ahead inc hosp",2020-12-21,"quantile",0.1,528.570408453886
"33378",2020-12-12,"42","9  day ahead inc hosp",2020-12-21,"quantile",0.15,545.087045384086
"33379",2020-12-12,"42","9  day ahead inc hosp",2020-12-21,"quantile",0.2,558.213944828163
"33380",2020-12-12,"42","9  day ahead inc hosp",2020-12-21,"quantile",0.25,569.475655709891
"33381",2020-12-12,"42","9  day ahead inc hosp",2020-12-21,"quantile",0.3,579.58902013949
"33382",2020-12-12,"42","9  day ahead inc hosp",2020-12-21,"quantile",0.35,588.960559476109
"33383",2020-12-12,"42","9  day ahead inc hosp",2020-12-21,"quantile",0.4,597.853233861729
"33384",2020-12-12,"42","9  day ahead inc hosp",2020-12-21,"quantile",0.45,606.4569992439
"33385",2020-12-12,"42","9  day ahead inc hosp",2020-12-21,"quantile",0.5,614.924355176472
"33386",2020-12-12,"42","9  day ahead inc hosp",2020-12-21,"quantile",0.55,623.391711109044
"33387",2020-12-12,"42","9  day ahead inc hosp",2020-12-21,"quantile",0.6,631.995476491215
"33388",2020-12-12,"42","9  day ahead inc hosp",2020-12-21,"quantile",0.65,640.888150876836
"33389",2020-12-12,"42","9  day ahead inc hosp",2020-12-21,"quantile",0.7,650.259690213454
"33390",2020-12-12,"42","9  day ahead inc hosp",2020-12-21,"quantile",0.75,660.373054643053
"33391",2020-12-12,"42","9  day ahead inc hosp",2020-12-21,"quantile",0.8,671.634765524781
"33392",2020-12-12,"42","9  day ahead inc hosp",2020-12-21,"quantile",0.85,684.761664968858
"33393",2020-12-12,"42","9  day ahead inc hosp",2020-12-21,"quantile",0.9,701.278301899058
"33394",2020-12-12,"42","9  day ahead inc hosp",2020-12-21,"quantile",0.95,725.758445888896
"33395",2020-12-12,"42","9  day ahead inc hosp",2020-12-21,"quantile",0.975,746.991319978809
"33396",2020-12-12,"42","9  day ahead inc hosp",2020-12-21,"quantile",0.99,771.679124765283
"33397",2020-12-12,"42","10  day ahead inc hosp",2020-12-22,"quantile",0.01,455.914238455387
"33398",2020-12-12,"42","10  day ahead inc hosp",2020-12-22,"quantile",0.025,482.374271301231
"33399",2020-12-12,"42","10  day ahead inc hosp",2020-12-22,"quantile",0.05,505.131359292246
"33400",2020-12-12,"42","10  day ahead inc hosp",2020-12-22,"quantile",0.1,531.368824293469
"33401",2020-12-12,"42","10  day ahead inc hosp",2020-12-22,"quantile",0.15,549.071117367149
"33402",2020-12-12,"42","10  day ahead inc hosp",2020-12-22,"quantile",0.2,563.140338728
"33403",2020-12-12,"42","10  day ahead inc hosp",2020-12-22,"quantile",0.25,575.210477908386
"33404",2020-12-12,"42","10  day ahead inc hosp",2020-12-22,"quantile",0.3,586.049835935707
"33405",2020-12-12,"42","10  day ahead inc hosp",2020-12-22,"quantile",0.35,596.094116535288
"33406",2020-12-12,"42","10  day ahead inc hosp",2020-12-22,"quantile",0.4,605.62515659195
"33407",2020-12-12,"42","10  day ahead inc hosp",2020-12-22,"quantile",0.45,614.846548148598
"33408",2020-12-12,"42","10  day ahead inc hosp",2020-12-22,"quantile",0.5,623.921738025994
"33409",2020-12-12,"42","10  day ahead inc hosp",2020-12-22,"quantile",0.55,632.996927903389
"33410",2020-12-12,"42","10  day ahead inc hosp",2020-12-22,"quantile",0.6,642.218319460037
"33411",2020-12-12,"42","10  day ahead inc hosp",2020-12-22,"quantile",0.65,651.749359516699
"33412",2020-12-12,"42","10  day ahead inc hosp",2020-12-22,"quantile",0.7,661.793640116281
"33413",2020-12-12,"42","10  day ahead inc hosp",2020-12-22,"quantile",0.75,672.632998143601
"33414",2020-12-12,"42","10  day ahead inc hosp",2020-12-22,"quantile",0.8,684.703137323987
"33415",2020-12-12,"42","10  day ahead inc hosp",2020-12-22,"quantile",0.85,698.772358684838
"33416",2020-12-12,"42","10  day ahead inc hosp",2020-12-22,"quantile",0.9,716.474651758519
"33417",2020-12-12,"42","10  day ahead inc hosp",2020-12-22,"quantile",0.95,742.712116759742
"33418",2020-12-12,"42","10  day ahead inc hosp",2020-12-22,"quantile",0.975,765.469204750756
"33419",2020-12-12,"42","10  day ahead inc hosp",2020-12-22,"quantile",0.99,791.929237596601
"33420",2020-12-12,"42","11  day ahead inc hosp",2020-12-23,"quantile",0.01,453.634925527492
"33421",2020-12-12,"42","11  day ahead inc hosp",2020-12-23,"quantile",0.025,481.905382587271
"33422",2020-12-12,"42","11  day ahead inc hosp",2020-12-23,"quantile",0.05,506.219535279513
"33423",2020-12-12,"42","11  day ahead inc hosp",2020-12-23,"quantile",0.1,534.252196160772
"33424",2020-12-12,"42","11  day ahead inc hosp",2020-12-23,"quantile",0.15,553.165699372002
"33425",2020-12-12,"42","11  day ahead inc hosp",2020-12-23,"quantile",0.2,568.197552154034
"33426",2020-12-12,"42","11  day ahead inc hosp",2020-12-23,"quantile",0.25,581.093543379466
"33427",2020-12-12,"42","11  day ahead inc hosp",2020-12-23,"quantile",0.3,592.674542067269
"33428",2020-12-12,"42","11  day ahead inc hosp",2020-12-23,"quantile",0.35,603.406063265341
"33429",2020-12-12,"42","11  day ahead inc hosp",2020-12-23,"quantile",0.4,613.589227444565
"33430",2020-12-12,"42","11  day ahead inc hosp",2020-12-23,"quantile",0.45,623.441556636763
"33431",2020-12-12,"42","11  day ahead inc hosp",2020-12-23,"quantile",0.5,633.137680871867
"33432",2020-12-12,"42","11  day ahead inc hosp",2020-12-23,"quantile",0.55,642.833805106972
"33433",2020-12-12,"42","11  day ahead inc hosp",2020-12-23,"quantile",0.6,652.68613429917
"33434",2020-12-12,"42","11  day ahead inc hosp",2020-12-23,"quantile",0.65,662.869298478394
"33435",2020-12-12,"42","11  day ahead inc hosp",2020-12-23,"quantile",0.7,673.600819676465
"33436",2020-12-12,"42","11  day ahead inc hosp",2020-12-23,"quantile",0.75,685.181818364268
"33437",2020-12-12,"42","11  day ahead inc hosp",2020-12-23,"quantile",0.8,698.0778095897
"33438",2020-12-12,"42","11  day ahead inc hosp",2020-12-23,"quantile",0.85,713.109662371732
"33439",2020-12-12,"42","11  day ahead inc hosp",2020-12-23,"quantile",0.9,732.023165582962
"33440",2020-12-12,"42","11  day ahead inc hosp",2020-12-23,"quantile",0.95,760.055826464221
"33441",2020-12-12,"42","11  day ahead inc hosp",2020-12-23,"quantile",0.975,784.369979156463
"33442",2020-12-12,"42","11  day ahead inc hosp",2020-12-23,"quantile",0.99,812.640436216242
"33443",2020-12-12,"42","12  day ahead inc hosp",2020-12-24,"quantile",0.01,451.020473995258
"33444",2020-12-12,"42","12  day ahead inc hosp",2020-12-24,"quantile",0.025,481.095257884633
"33445",2020-12-12,"42","12  day ahead inc hosp",2020-12-24,"quantile",0.05,506.961231191192
"33446",2020-12-12,"42","12  day ahead inc hosp",2020-12-24,"quantile",0.1,536.783041856131
"33447",2020-12-12,"42","12  day ahead inc hosp",2020-12-24,"quantile",0.15,556.903675932401
"33448",2020-12-12,"42","12  day ahead inc hosp",2020-12-24,"quantile",0.2,572.894918059141
"33449",2020-12-12,"42","12  day ahead inc hosp",2020-12-24,"quantile",0.25,586.613979916685
"33450",2020-12-12,"42","12  day ahead inc hosp",2020-12-24,"quantile",0.3,598.934121470192
"33451",2020-12-12,"42","12  day ahead inc hosp",2020-12-24,"quantile",0.35,610.350568687645
"33452",2020-12-12,"42","12  day ahead inc hosp",2020-12-24,"quantile",0.4,621.183660680201
"33453",2020-12-12,"42","12  day ahead inc hosp",2020-12-24,"quantile",0.45,631.664802553352
"33454",2020-12-12,"42","12  day ahead inc hosp",2020-12-24,"quantile",0.5,641.979769881919
"33455",2020-12-12,"42","12  day ahead inc hosp",2020-12-24,"quantile",0.55,652.294737210487
"33456",2020-12-12,"42","12  day ahead inc hosp",2020-12-24,"quantile",0.6,662.775879083637
"33457",2020-12-12,"42","12  day ahead inc hosp",2020-12-24,"quantile",0.65,673.608971076193
"33458",2020-12-12,"42","12  day ahead inc hosp",2020-12-24,"quantile",0.7,685.025418293647
"33459",2020-12-12,"42","12  day ahead inc hosp",2020-12-24,"quantile",0.75,697.345559847154
"33460",2020-12-12,"42","12  day ahead inc hosp",2020-12-24,"quantile",0.8,711.064621704698
"33461",2020-12-12,"42","12  day ahead inc hosp",2020-12-24,"quantile",0.85,727.055863831438
"33462",2020-12-12,"42","12  day ahead inc hosp",2020-12-24,"quantile",0.9,747.176497907708
"33463",2020-12-12,"42","12  day ahead inc hosp",2020-12-24,"quantile",0.95,776.998308572647
"33464",2020-12-12,"42","12  day ahead inc hosp",2020-12-24,"quantile",0.975,802.864281879206
"33465",2020-12-12,"42","12  day ahead inc hosp",2020-12-24,"quantile",0.99,832.939065768581
"33466",2020-12-12,"42","13  day ahead inc hosp",2020-12-25,"quantile",0.01,448.3411792291
"33467",2020-12-12,"42","13  day ahead inc hosp",2020-12-25,"quantile",0.025,480.244411576359
"33468",2020-12-12,"42","13  day ahead inc hosp",2020-12-25,"quantile",0.05,507.682951428301
"33469",2020-12-12,"42","13  day ahead inc hosp",2020-12-25,"quantile",0.1,539.317830606788
"33470",2020-12-12,"42","13  day ahead inc hosp",2020-12-25,"quantile",0.15,560.661733401588
"33471",2020-12-12,"42","13  day ahead inc hosp",2020-12-25,"quantile",0.2,577.625190727407
"33472",2020-12-12,"42","13  day ahead inc hosp",2020-12-25,"quantile",0.25,592.178326658079
"33473",2020-12-12,"42","13  day ahead inc hosp",2020-12-25,"quantile",0.3,605.247492507397
"33474",2020-12-12,"42","13  day ahead inc hosp",2020-12-25,"quantile",0.35,617.358022361855
"33475",2020-12-12,"42","13  day ahead inc hosp",2020-12-25,"quantile",0.4,628.849730902439
"33476",2020-12-12,"42","13  day ahead inc hosp",2020-12-25,"quantile",0.45,639.968091907913
"33477",2020-12-12,"42","13  day ahead inc hosp",2020-12-25,"quantile",0.5,650.910175500206
"33478",2020-12-12,"42","13  day ahead inc hosp",2020-12-25,"quantile",0.55,661.852259092499
"33479",2020-12-12,"42","13  day ahead inc hosp",2020-12-25,"quantile",0.6,672.970620097973
"33480",2020-12-12,"42","13  day ahead inc hosp",2020-12-25,"quantile",0.65,684.462328638557
"33481",2020-12-12,"42","13  day ahead inc hosp",2020-12-25,"quantile",0.7,696.572858493015
"33482",2020-12-12,"42","13  day ahead inc hosp",2020-12-25,"quantile",0.75,709.642024342333
"33483",2020-12-12,"42","13  day ahead inc hosp",2020-12-25,"quantile",0.8,724.195160273004
"33484",2020-12-12,"42","13  day ahead inc hosp",2020-12-25,"quantile",0.85,741.158617598824
"33485",2020-12-12,"42","13  day ahead inc hosp",2020-12-25,"quantile",0.9,762.502520393624
"33486",2020-12-12,"42","13  day ahead inc hosp",2020-12-25,"quantile",0.95,794.137399572111
"33487",2020-12-12,"42","13  day ahead inc hosp",2020-12-25,"quantile",0.975,821.575939424053
"33488",2020-12-12,"42","13  day ahead inc hosp",2020-12-25,"quantile",0.99,853.479171771312
"33489",2020-12-12,"42","14  day ahead inc hosp",2020-12-26,"quantile",0.01,445.584620081915
"33490",2020-12-12,"42","14  day ahead inc hosp",2020-12-26,"quantile",0.025,479.345321087127
"33491",2020-12-12,"42","14  day ahead inc hosp",2020-12-26,"quantile",0.05,508.381386457493
"33492",2020-12-12,"42","14  day ahead inc hosp",2020-12-26,"quantile",0.1,541.858110246977
"33493",2020-12-12,"42","14  day ahead inc hosp",2020-12-26,"quantile",0.15,564.44469685664
"33494",2020-12-12,"42","14  day ahead inc hosp",2020-12-26,"quantile",0.2,582.395799884633
"33495",2020-12-12,"42","14  day ahead inc hosp",2020-12-26,"quantile",0.25,597.79624788613
"33496",2020-12-12,"42","14  day ahead inc hosp",2020-12-26,"quantile",0.3,611.626326162328
"33497",2020-12-12,"42","14  day ahead inc hosp",2020-12-26,"quantile",0.35,624.441954778912
"33498",2020-12-12,"42","14  day ahead inc hosp",2020-12-26,"quantile",0.4,636.602733092995
"33499",2020-12-12,"42","14  day ahead inc hosp",2020-12-26,"quantile",0.45,648.368426847411
"33500",2020-12-12,"42","14  day ahead inc hosp",2020-12-26,"quantile",0.5,659.947579972475
"33501",2020-12-12,"42","14  day ahead inc hosp",2020-12-26,"quantile",0.55,671.52673309754
"33502",2020-12-12,"42","14  day ahead inc hosp",2020-12-26,"quantile",0.6,683.292426851956
"33503",2020-12-12,"42","14  day ahead inc hosp",2020-12-26,"quantile",0.65,695.453205166039
"33504",2020-12-12,"42","14  day ahead inc hosp",2020-12-26,"quantile",0.7,708.268833782622
"33505",2020-12-12,"42","14  day ahead inc hosp",2020-12-26,"quantile",0.75,722.098912058821
"33506",2020-12-12,"42","14  day ahead inc hosp",2020-12-26,"quantile",0.8,737.499360060318
"33507",2020-12-12,"42","14  day ahead inc hosp",2020-12-26,"quantile",0.85,755.450463088311
"33508",2020-12-12,"42","14  day ahead inc hosp",2020-12-26,"quantile",0.9,778.037049697974
"33509",2020-12-12,"42","14  day ahead inc hosp",2020-12-26,"quantile",0.95,811.513773487458
"33510",2020-12-12,"42","14  day ahead inc hosp",2020-12-26,"quantile",0.975,840.549838857824
"33511",2020-12-12,"42","14  day ahead inc hosp",2020-12-26,"quantile",0.99,874.310539863036
"33512",2020-12-12,"42","15  day ahead inc hosp",2020-12-27,"quantile",0.01,447.863760397303
"33513",2020-12-12,"42","15  day ahead inc hosp",2020-12-27,"quantile",0.025,483.498802758995
"33514",2020-12-12,"42","15  day ahead inc hosp",2020-12-27,"quantile",0.05,514.146905099349
"33515",2020-12-12,"42","15  day ahead inc hosp",2020-12-27,"quantile",0.1,549.482204274113
"33516",2020-12-12,"42","15  day ahead inc hosp",2020-12-27,"quantile",0.15,573.322762872618
"33517",2020-12-12,"42","15  day ahead inc hosp",2020-12-27,"quantile",0.2,592.270483085621
"33518",2020-12-12,"42","15  day ahead inc hosp",2020-12-27,"quantile",0.25,608.52593989138
"33519",2020-12-12,"42","15  day ahead inc hosp",2020-12-27,"quantile",0.3,623.123842498965
"33520",2020-12-12,"42","15  day ahead inc hosp",2020-12-27,"quantile",0.35,636.650974787277
"33521",2020-12-12,"42","15  day ahead inc hosp",2020-12-27,"quantile",0.4,649.486900507734
"33522",2020-12-12,"42","15  day ahead inc hosp",2020-12-27,"quantile",0.45,661.905807191235
"33523",2020-12-12,"42","15  day ahead inc hosp",2020-12-27,"quantile",0.5,674.127816801181
"33524",2020-12-12,"42","15  day ahead inc hosp",2020-12-27,"quantile",0.55,686.349826411127
"33525",2020-12-12,"42","15  day ahead inc hosp",2020-12-27,"quantile",0.6,698.768733094628
"33526",2020-12-12,"42","15  day ahead inc hosp",2020-12-27,"quantile",0.65,711.604658815085
"33527",2020-12-12,"42","15  day ahead inc hosp",2020-12-27,"quantile",0.7,725.131791103397
"33528",2020-12-12,"42","15  day ahead inc hosp",2020-12-27,"quantile",0.75,739.729693710982
"33529",2020-12-12,"42","15  day ahead inc hosp",2020-12-27,"quantile",0.8,755.985150516741
"33530",2020-12-12,"42","15  day ahead inc hosp",2020-12-27,"quantile",0.85,774.932870729744
"33531",2020-12-12,"42","15  day ahead inc hosp",2020-12-27,"quantile",0.9,798.773429328249
"33532",2020-12-12,"42","15  day ahead inc hosp",2020-12-27,"quantile",0.95,834.108728503013
"33533",2020-12-12,"42","15  day ahead inc hosp",2020-12-27,"quantile",0.975,864.756830843367
"33534",2020-12-12,"42","15  day ahead inc hosp",2020-12-27,"quantile",0.99,900.391873205059
"33535",2020-12-12,"42","16  day ahead inc hosp",2020-12-28,"quantile",0.01,444.774797956091
"33536",2020-12-12,"42","16  day ahead inc hosp",2020-12-28,"quantile",0.025,482.305842302665
"33537",2020-12-12,"42","16  day ahead inc hosp",2020-12-28,"quantile",0.05,514.584610948403
"33538",2020-12-12,"42","16  day ahead inc hosp",2020-12-28,"quantile",0.1,551.799963939064
"33539",2020-12-12,"42","16  day ahead inc hosp",2020-12-28,"quantile",0.15,576.908985921578
"33540",2020-12-12,"42","16  day ahead inc hosp",2020-12-28,"quantile",0.2,596.864840621085
"33541",2020-12-12,"42","16  day ahead inc hosp",2020-12-28,"quantile",0.25,613.985187050267
"33542",2020-12-12,"42","16  day ahead inc hosp",2020-12-28,"quantile",0.3,629.359787270222
"33543",2020-12-12,"42","16  day ahead inc hosp",2020-12-28,"quantile",0.35,643.60664564748
"33544",2020-12-12,"42","16  day ahead inc hosp",2020-12-28,"quantile",0.4,657.125521044179
"33545",2020-12-12,"42","16  day ahead inc hosp",2020-12-28,"quantile",0.45,670.205189443156
"33546",2020-12-12,"42","16  day ahead inc hosp",2020-12-28,"quantile",0.5,683.077484641218
"33547",2020-12-12,"42","16  day ahead inc hosp",2020-12-28,"quantile",0.55,695.949779839279
"33548",2020-12-12,"42","16  day ahead inc hosp",2020-12-28,"quantile",0.6,709.029448238256
"33549",2020-12-12,"42","16  day ahead inc hosp",2020-12-28,"quantile",0.65,722.548323634955
"33550",2020-12-12,"42","16  day ahead inc hosp",2020-12-28,"quantile",0.7,736.795182012213
"33551",2020-12-12,"42","16  day ahead inc hosp",2020-12-28,"quantile",0.75,752.169782232169
"33552",2020-12-12,"42","16  day ahead inc hosp",2020-12-28,"quantile",0.8,769.29012866135
"33553",2020-12-12,"42","16  day ahead inc hosp",2020-12-28,"quantile",0.85,789.245983360858
"33554",2020-12-12,"42","16  day ahead inc hosp",2020-12-28,"quantile",0.9,814.355005343371
"33555",2020-12-12,"42","16  day ahead inc hosp",2020-12-28,"quantile",0.95,851.570358334032
"33556",2020-12-12,"42","16  day ahead inc hosp",2020-12-28,"quantile",0.975,883.849126979771
"33557",2020-12-12,"42","16  day ahead inc hosp",2020-12-28,"quantile",0.99,921.380171326344
"33558",2020-12-12,"42","17  day ahead inc hosp",2020-12-29,"quantile",0.01,441.562713288483
"33559",2020-12-12,"42","17  day ahead inc hosp",2020-12-29,"quantile",0.025,481.014662817055
"33560",2020-12-12,"42","17  day ahead inc hosp",2020-12-29,"quantile",0.05,514.945515891555
"33561",2020-12-12,"42","17  day ahead inc hosp",2020-12-29,"quantile",0.1,554.065616422665
"33562",2020-12-12,"42","17  day ahead inc hosp",2020-12-29,"quantile",0.15,580.459762527911
"33563",2020-12-12,"42","17  day ahead inc hosp",2020-12-29,"quantile",0.2,601.436993140902
"33564",2020-12-12,"42","17  day ahead inc hosp",2020-12-29,"quantile",0.25,619.433589158817
"33565",2020-12-12,"42","17  day ahead inc hosp",2020-12-29,"quantile",0.3,635.595088591087
"33566",2020-12-12,"42","17  day ahead inc hosp",2020-12-29,"quantile",0.35,650.57112635998
"33567",2020-12-12,"42","17  day ahead inc hosp",2020-12-29,"quantile",0.4,664.781921692733
"33568",2020-12-12,"42","17  day ahead inc hosp",2020-12-29,"quantile",0.45,678.531030637366
"33569",2020-12-12,"42","17  day ahead inc hosp",2020-12-29,"quantile",0.5,692.062152654149
"33570",2020-12-12,"42","17  day ahead inc hosp",2020-12-29,"quantile",0.55,705.593274670932
"33571",2020-12-12,"42","17  day ahead inc hosp",2020-12-29,"quantile",0.6,719.342383615565
"33572",2020-12-12,"42","17  day ahead inc hosp",2020-12-29,"quantile",0.65,733.553178948318
"33573",2020-12-12,"42","17  day ahead inc hosp",2020-12-29,"quantile",0.7,748.529216717211
"33574",2020-12-12,"42","17  day ahead inc hosp",2020-12-29,"quantile",0.75,764.690716149482
"33575",2020-12-12,"42","17  day ahead inc hosp",2020-12-29,"quantile",0.8,782.687312167397
"33576",2020-12-12,"42","17  day ahead inc hosp",2020-12-29,"quantile",0.85,803.664542780388
"33577",2020-12-12,"42","17  day ahead inc hosp",2020-12-29,"quantile",0.9,830.058688885634
"33578",2020-12-12,"42","17  day ahead inc hosp",2020-12-29,"quantile",0.95,869.178789416744
"33579",2020-12-12,"42","17  day ahead inc hosp",2020-12-29,"quantile",0.975,903.109642491244
"33580",2020-12-12,"42","17  day ahead inc hosp",2020-12-29,"quantile",0.99,942.561592019816
"33581",2020-12-12,"42","18  day ahead inc hosp",2020-12-30,"quantile",0.01,438.194369876681
"33582",2020-12-12,"42","18  day ahead inc hosp",2020-12-30,"quantile",0.025,479.589415383379
"33583",2020-12-12,"42","18  day ahead inc hosp",2020-12-30,"quantile",0.05,515.191438195529
"33584",2020-12-12,"42","18  day ahead inc hosp",2020-12-30,"quantile",0.1,556.238290405941
"33585",2020-12-12,"42","18  day ahead inc hosp",2020-12-30,"quantile",0.15,583.932406721938
"33586",2020-12-12,"42","18  day ahead inc hosp",2020-12-30,"quantile",0.2,605.942812448539
"33587",2020-12-12,"42","18  day ahead inc hosp",2020-12-30,"quantile",0.25,624.825780718275
"33588",2020-12-12,"42","18  day ahead inc hosp",2020-12-30,"quantile",0.3,641.783269827167
"33589",2020-12-12,"42","18  day ahead inc hosp",2020-12-30,"quantile",0.35,657.496910657626
"33590",2020-12-12,"42","18  day ahead inc hosp",2020-12-30,"quantile",0.4,672.407619165444
"33591",2020-12-12,"42","18  day ahead inc hosp",2020-12-30,"quantile",0.45,686.833902206981
"33592",2020-12-12,"42","18  day ahead inc hosp",2020-12-30,"quantile",0.5,701.031461981202
"33593",2020-12-12,"42","18  day ahead inc hosp",2020-12-30,"quantile",0.55,715.229021755422
"33594",2020-12-12,"42","18  day ahead inc hosp",2020-12-30,"quantile",0.6,729.65530479696
"33595",2020-12-12,"42","18  day ahead inc hosp",2020-12-30,"quantile",0.65,744.566013304778
"33596",2020-12-12,"42","18  day ahead inc hosp",2020-12-30,"quantile",0.7,760.279654135236
"33597",2020-12-12,"42","18  day ahead inc hosp",2020-12-30,"quantile",0.75,777.237143244128
"33598",2020-12-12,"42","18  day ahead inc hosp",2020-12-30,"quantile",0.8,796.120111513865
"33599",2020-12-12,"42","18  day ahead inc hosp",2020-12-30,"quantile",0.85,818.130517240466
"33600",2020-12-12,"42","18  day ahead inc hosp",2020-12-30,"quantile",0.9,845.824633556463
"33601",2020-12-12,"42","18  day ahead inc hosp",2020-12-30,"quantile",0.95,886.871485766875
"33602",2020-12-12,"42","18  day ahead inc hosp",2020-12-30,"quantile",0.975,922.473508579025
"33603",2020-12-12,"42","18  day ahead inc hosp",2020-12-30,"quantile",0.99,963.868554085723
"33604",2020-12-12,"42","19  day ahead inc hosp",2020-12-31,"quantile",0.01,434.675758059644
"33605",2020-12-12,"42","19  day ahead inc hosp",2020-12-31,"quantile",0.025,478.03651100422
"33606",2020-12-12,"42","19  day ahead inc hosp",2020-12-31,"quantile",0.05,515.329150656834
"33607",2020-12-12,"42","19  day ahead inc hosp",2020-12-31,"quantile",0.1,558.325175810622
"33608",2020-12-12,"42","19  day ahead inc hosp",2020-12-31,"quantile",0.15,587.334389857796
"33609",2020-12-12,"42","19  day ahead inc hosp",2020-12-31,"quantile",0.2,610.389993571691
"33610",2020-12-12,"42","19  day ahead inc hosp",2020-12-31,"quantile",0.25,630.169648648331
"33611",2020-12-12,"42","19  day ahead inc hosp",2020-12-31,"quantile",0.3,647.932390223094
"33612",2020-12-12,"42","19  day ahead inc hosp",2020-12-31,"quantile",0.35,664.392217469788
"33613",2020-12-12,"42","19  day ahead inc hosp",2020-12-31,"quantile",0.4,680.010983916886
"33614",2020-12-12,"42","19  day ahead inc hosp",2020-12-31,"quantile",0.45,695.122321208964
"33615",2020-12-12,"42","19  day ahead inc hosp",2020-12-31,"quantile",0.5,709.994073957399
"33616",2020-12-12,"42","19  day ahead inc hosp",2020-12-31,"quantile",0.55,724.865826705834
"33617",2020-12-12,"42","19  day ahead inc hosp",2020-12-31,"quantile",0.6,739.977163997913
"33618",2020-12-12,"42","19  day ahead inc hosp",2020-12-31,"quantile",0.65,755.59593044501
"33619",2020-12-12,"42","19  day ahead inc hosp",2020-12-31,"quantile",0.7,772.055757691705
"33620",2020-12-12,"42","19  day ahead inc hosp",2020-12-31,"quantile",0.75,789.818499266468
"33621",2020-12-12,"42","19  day ahead inc hosp",2020-12-31,"quantile",0.8,809.598154343108
"33622",2020-12-12,"42","19  day ahead inc hosp",2020-12-31,"quantile",0.85,832.653758057003
"33623",2020-12-12,"42","19  day ahead inc hosp",2020-12-31,"quantile",0.9,861.662972104176
"33624",2020-12-12,"42","19  day ahead inc hosp",2020-12-31,"quantile",0.95,904.658997257965
"33625",2020-12-12,"42","19  day ahead inc hosp",2020-12-31,"quantile",0.975,941.951636910578
"33626",2020-12-12,"42","19  day ahead inc hosp",2020-12-31,"quantile",0.99,985.312389855155
"33627",2020-12-12,"42","20  day ahead inc hosp",2021-01-01,"quantile",0.01,431.015696008674
"33628",2020-12-12,"42","20  day ahead inc hosp",2021-01-01,"quantile",0.025,476.365887549436
"33629",2020-12-12,"42","20  day ahead inc hosp",2021-01-01,"quantile",0.05,515.369554147854
"33630",2020-12-12,"42","20  day ahead inc hosp",2021-01-01,"quantile",0.1,560.338283789335
"33631",2020-12-12,"42","20  day ahead inc hosp",2021-01-01,"quantile",0.15,590.67847218892
"33632",2020-12-12,"42","20  day ahead inc hosp",2021-01-01,"quantile",0.2,614.791892125365
"33633",2020-12-12,"42","20  day ahead inc hosp",2021-01-01,"quantile",0.25,635.479059331211
"33634",2020-12-12,"42","20  day ahead inc hosp",2021-01-01,"quantile",0.3,654.056774845842
"33635",2020-12-12,"42","20  day ahead inc hosp",2021-01-01,"quantile",0.35,671.271796903221
"33636",2020-12-12,"42","20  day ahead inc hosp",2021-01-01,"quantile",0.4,687.607169374997
"33637",2020-12-12,"42","20  day ahead inc hosp",2021-01-01,"quantile",0.45,703.411831289165
"33638",2020-12-12,"42","20  day ahead inc hosp",2021-01-01,"quantile",0.5,718.965916259747
"33639",2020-12-12,"42","20  day ahead inc hosp",2021-01-01,"quantile",0.55,734.52000123033
"33640",2020-12-12,"42","20  day ahead inc hosp",2021-01-01,"quantile",0.6,750.324663144498
"33641",2020-12-12,"42","20  day ahead inc hosp",2021-01-01,"quantile",0.65,766.660035616274
"33642",2020-12-12,"42","20  day ahead inc hosp",2021-01-01,"quantile",0.7,783.875057673653
"33643",2020-12-12,"42","20  day ahead inc hosp",2021-01-01,"quantile",0.75,802.452773188284
"33644",2020-12-12,"42","20  day ahead inc hosp",2021-01-01,"quantile",0.8,823.13994039413
"33645",2020-12-12,"42","20  day ahead inc hosp",2021-01-01,"quantile",0.85,847.253360330575
"33646",2020-12-12,"42","20  day ahead inc hosp",2021-01-01,"quantile",0.9,877.59354873016
"33647",2020-12-12,"42","20  day ahead inc hosp",2021-01-01,"quantile",0.95,922.562278371641
"33648",2020-12-12,"42","20  day ahead inc hosp",2021-01-01,"quantile",0.975,961.565944970059
"33649",2020-12-12,"42","20  day ahead inc hosp",2021-01-01,"quantile",0.99,1006.91613651082
"33650",2020-12-12,"42","21  day ahead inc hosp",2021-01-02,"quantile",0.01,427.206532293915
"33651",2020-12-12,"42","21  day ahead inc hosp",2021-01-02,"quantile",0.025,474.569382826281
"33652",2020-12-12,"42","21  day ahead inc hosp",2021-01-02,"quantile",0.05,515.304047191583
"33653",2020-12-12,"42","21  day ahead inc hosp",2021-01-02,"quantile",0.1,562.268506398452
"33654",2020-12-12,"42","21  day ahead inc hosp",2021-01-02,"quantile",0.15,593.955204061057
"33655",2020-12-12,"42","21  day ahead inc hosp",2021-01-02,"quantile",0.2,619.138786874538
"33656",2020-12-12,"42","21  day ahead inc hosp",2021-01-02,"quantile",0.25,640.744058539772
"33657",2020-12-12,"42","21  day ahead inc hosp",2021-01-02,"quantile",0.3,660.146260234144
"33658",2020-12-12,"42","21  day ahead inc hosp",2021-01-02,"quantile",0.35,678.125291610058
"33659",2020-12-12,"42","21  day ahead inc hosp",2021-01-02,"quantile",0.4,695.185634212488
"33660",2020-12-12,"42","21  day ahead inc hosp",2021-01-02,"quantile",0.45,711.691713118075
"33661",2020-12-12,"42","21  day ahead inc hosp",2021-01-02,"quantile",0.5,727.936094378676
"33662",2020-12-12,"42","21  day ahead inc hosp",2021-01-02,"quantile",0.55,744.180475639277
"33663",2020-12-12,"42","21  day ahead inc hosp",2021-01-02,"quantile",0.6,760.686554544865
"33664",2020-12-12,"42","21  day ahead inc hosp",2021-01-02,"quantile",0.65,777.746897147295
"33665",2020-12-12,"42","21  day ahead inc hosp",2021-01-02,"quantile",0.7,795.725928523208
"33666",2020-12-12,"42","21  day ahead inc hosp",2021-01-02,"quantile",0.75,815.12813021758
"33667",2020-12-12,"42","21  day ahead inc hosp",2021-01-02,"quantile",0.8,836.733401882814
"33668",2020-12-12,"42","21  day ahead inc hosp",2021-01-02,"quantile",0.85,861.916984696295
"33669",2020-12-12,"42","21  day ahead inc hosp",2021-01-02,"quantile",0.9,893.6036823589
"33670",2020-12-12,"42","21  day ahead inc hosp",2021-01-02,"quantile",0.95,940.56814156577
"33671",2020-12-12,"42","21  day ahead inc hosp",2021-01-02,"quantile",0.975,981.302805931071
"33672",2020-12-12,"42","21  day ahead inc hosp",2021-01-02,"quantile",0.99,1028.66565646344
"33673",2020-12-12,"42","22  day ahead inc hosp",2021-01-03,"quantile",0.01,489.218065829924
"33674",2020-12-12,"42","22  day ahead inc hosp",2021-01-03,"quantile",0.025,538.616675645478
"33675",2020-12-12,"42","22  day ahead inc hosp",2021-01-03,"quantile",0.05,581.10220530282
"33676",2020-12-12,"42","22  day ahead inc hosp",2021-01-03,"quantile",0.1,630.08530005919
"33677",2020-12-12,"42","22  day ahead inc hosp",2021-01-03,"quantile",0.15,663.133961543549
"33678",2020-12-12,"42","22  day ahead inc hosp",2021-01-03,"quantile",0.2,689.399990027428
"33679",2020-12-12,"42","22  day ahead inc hosp",2021-01-03,"quantile",0.25,711.933903695074
"33680",2020-12-12,"42","22  day ahead inc hosp",2021-01-03,"quantile",0.3,732.170054608499
"33681",2020-12-12,"42","22  day ahead inc hosp",2021-01-03,"quantile",0.35,750.921864219144
"33682",2020-12-12,"42","22  day ahead inc hosp",2021-01-03,"quantile",0.4,768.715497796186
"33683",2020-12-12,"42","22  day ahead inc hosp",2021-01-03,"quantile",0.45,785.931044206018
"33684",2020-12-12,"42","22  day ahead inc hosp",2021-01-03,"quantile",0.5,802.873644631622
"33685",2020-12-12,"42","22  day ahead inc hosp",2021-01-03,"quantile",0.55,819.816245057227
"33686",2020-12-12,"42","22  day ahead inc hosp",2021-01-03,"quantile",0.6,837.031791467059
"33687",2020-12-12,"42","22  day ahead inc hosp",2021-01-03,"quantile",0.65,854.825425044101
"33688",2020-12-12,"42","22  day ahead inc hosp",2021-01-03,"quantile",0.7,873.577234654746
"33689",2020-12-12,"42","22  day ahead inc hosp",2021-01-03,"quantile",0.75,893.813385568171
"33690",2020-12-12,"42","22  day ahead inc hosp",2021-01-03,"quantile",0.8,916.347299235817
"33691",2020-12-12,"42","22  day ahead inc hosp",2021-01-03,"quantile",0.85,942.613327719696
"33692",2020-12-12,"42","22  day ahead inc hosp",2021-01-03,"quantile",0.9,975.661989204055
"33693",2020-12-12,"42","22  day ahead inc hosp",2021-01-03,"quantile",0.95,1024.64508396042
"33694",2020-12-12,"42","22  day ahead inc hosp",2021-01-03,"quantile",0.975,1067.13061361777
"33695",2020-12-12,"42","22  day ahead inc hosp",2021-01-03,"quantile",0.99,1116.52922343332
"33696",2020-12-12,"42","23  day ahead inc hosp",2021-01-04,"quantile",0.01,485.113066394179
"33697",2020-12-12,"42","23  day ahead inc hosp",2021-01-04,"quantile",0.025,536.570789807361
"33698",2020-12-12,"42","23  day ahead inc hosp",2021-01-04,"quantile",0.05,580.82727075557
"33699",2020-12-12,"42","23  day ahead inc hosp",2021-01-04,"quantile",0.1,631.852158931701
"33700",2020-12-12,"42","23  day ahead inc hosp",2021-01-04,"quantile",0.15,666.278408742937
"33701",2020-12-12,"42","23  day ahead inc hosp",2021-01-04,"quantile",0.2,693.63930075858
"33702",2020-12-12,"42","23  day ahead inc hosp",2021-01-04,"quantile",0.25,717.112509847981
"33703",2020-12-12,"42","23  day ahead inc hosp",2021-01-04,"quantile",0.3,738.192177080288
"33704",2020-12-12,"42","23  day ahead inc hosp",2021-01-04,"quantile",0.35,757.725630269438
"33705",2020-12-12,"42","23  day ahead inc hosp",2021-01-04,"quantile",0.4,776.260967165389
"33706",2020-12-12,"42","23  day ahead inc hosp",2021-01-04,"quantile",0.45,794.194120119928
"33707",2020-12-12,"42","23  day ahead inc hosp",2021-01-04,"quantile",0.5,811.842949709589
"33708",2020-12-12,"42","23  day ahead inc hosp",2021-01-04,"quantile",0.55,829.491779299249
"33709",2020-12-12,"42","23  day ahead inc hosp",2021-01-04,"quantile",0.6,847.424932253788
"33710",2020-12-12,"42","23  day ahead inc hosp",2021-01-04,"quantile",0.65,865.96026914974
"33711",2020-12-12,"42","23  day ahead inc hosp",2021-01-04,"quantile",0.7,885.49372233889
"33712",2020-12-12,"42","23  day ahead inc hosp",2021-01-04,"quantile",0.75,906.573389571197
"33713",2020-12-12,"42","23  day ahead inc hosp",2021-01-04,"quantile",0.8,930.046598660598
"33714",2020-12-12,"42","23  day ahead inc hosp",2021-01-04,"quantile",0.85,957.40749067624
"33715",2020-12-12,"42","23  day ahead inc hosp",2021-01-04,"quantile",0.9,991.833740487476
"33716",2020-12-12,"42","23  day ahead inc hosp",2021-01-04,"quantile",0.95,1042.85862866361
"33717",2020-12-12,"42","23  day ahead inc hosp",2021-01-04,"quantile",0.975,1087.11510961182
"33718",2020-12-12,"42","23  day ahead inc hosp",2021-01-04,"quantile",0.99,1138.572833025
"33719",2020-12-12,"42","24  day ahead inc hosp",2021-01-05,"quantile",0.01,480.860782762832
"33720",2020-12-12,"42","24  day ahead inc hosp",2021-01-05,"quantile",0.025,534.400847980195
"33721",2020-12-12,"42","24  day ahead inc hosp",2021-01-05,"quantile",0.05,580.448257758357
"33722",2020-12-12,"42","24  day ahead inc hosp",2021-01-05,"quantile",0.1,633.537972177377
"33723",2020-12-12,"42","24  day ahead inc hosp",2021-01-05,"quantile",0.15,669.357350451905
"33724",2020-12-12,"42","24  day ahead inc hosp",2021-01-05,"quantile",0.2,697.825456807101
"33725",2020-12-12,"42","24  day ahead inc hosp",2021-01-05,"quantile",0.25,722.248557211605
"33726",2020-12-12,"42","24  day ahead inc hosp",2021-01-05,"quantile",0.3,744.1812562025
"33727",2020-12-12,"42","24  day ahead inc hosp",2021-01-05,"quantile",0.35,764.505170443127
"33728",2020-12-12,"42","24  day ahead inc hosp",2021-01-05,"quantile",0.4,783.790577577574
"33729",2020-12-12,"42","24  day ahead inc hosp",2021-01-05,"quantile",0.45,802.449432168351
"33730",2020-12-12,"42","24  day ahead inc hosp",2021-01-05,"quantile",0.5,820.81245766898
"33731",2020-12-12,"42","24  day ahead inc hosp",2021-01-05,"quantile",0.55,839.175483169608
"33732",2020-12-12,"42","24  day ahead inc hosp",2021-01-05,"quantile",0.6,857.834337760385
"33733",2020-12-12,"42","24  day ahead inc hosp",2021-01-05,"quantile",0.65,877.119744894833
"33734",2020-12-12,"42","24  day ahead inc hosp",2021-01-05,"quantile",0.7,897.44365913546
"33735",2020-12-12,"42","24  day ahead inc hosp",2021-01-05,"quantile",0.75,919.376358126355
"33736",2020-12-12,"42","24  day ahead inc hosp",2021-01-05,"quantile",0.8,943.799458530858
"33737",2020-12-12,"42","24  day ahead inc hosp",2021-01-05,"quantile",0.85,972.267564886055
"33738",2020-12-12,"42","24  day ahead inc hosp",2021-01-05,"quantile",0.9,1008.08694316058
"33739",2020-12-12,"42","24  day ahead inc hosp",2021-01-05,"quantile",0.95,1061.1766575796
"33740",2020-12-12,"42","24  day ahead inc hosp",2021-01-05,"quantile",0.975,1107.22406735776
"33741",2020-12-12,"42","24  day ahead inc hosp",2021-01-05,"quantile",0.99,1160.76413257513
"33742",2020-12-12,"42","25  day ahead inc hosp",2021-01-06,"quantile",0.01,476.461021042806
"33743",2020-12-12,"42","25  day ahead inc hosp",2021-01-06,"quantile",0.025,532.106514249357
"33744",2020-12-12,"42","25  day ahead inc hosp",2021-01-06,"quantile",0.05,579.964708250193
"33745",2020-12-12,"42","25  day ahead inc hosp",2021-01-06,"quantile",0.1,635.142140908292
"33746",2020-12-12,"42","25  day ahead inc hosp",2021-01-06,"quantile",0.15,672.370092767262
"33747",2020-12-12,"42","25  day ahead inc hosp",2021-01-06,"quantile",0.2,701.957688754682
"33748",2020-12-12,"42","25  day ahead inc hosp",2021-01-06,"quantile",0.25,727.341211582386
"33749",2020-12-12,"42","25  day ahead inc hosp",2021-01-06,"quantile",0.3,750.136399592418
"33750",2020-12-12,"42","25  day ahead inc hosp",2021-01-06,"quantile",0.35,771.259538445835
"33751",2020-12-12,"42","25  day ahead inc hosp",2021-01-06,"quantile",0.4,791.303331581474
"33752",2020-12-12,"42","25  day ahead inc hosp",2021-01-06,"quantile",0.45,810.695933405134
"33753",2020-12-12,"42","25  day ahead inc hosp",2021-01-06,"quantile",0.5,829.781072853481
"33754",2020-12-12,"42","25  day ahead inc hosp",2021-01-06,"quantile",0.55,848.866212301827
"33755",2020-12-12,"42","25  day ahead inc hosp",2021-01-06,"quantile",0.6,868.258814125487
"33756",2020-12-12,"42","25  day ahead inc hosp",2021-01-06,"quantile",0.65,888.302607261127
"33757",2020-12-12,"42","25  day ahead inc hosp",2021-01-06,"quantile",0.7,909.425746114543
"33758",2020-12-12,"42","25  day ahead inc hosp",2021-01-06,"quantile",0.75,932.220934124575
"33759",2020-12-12,"42","25  day ahead inc hosp",2021-01-06,"quantile",0.8,957.60445695228
"33760",2020-12-12,"42","25  day ahead inc hosp",2021-01-06,"quantile",0.85,987.192052939699
"33761",2020-12-12,"42","25  day ahead inc hosp",2021-01-06,"quantile",0.9,1024.42000479867
"33762",2020-12-12,"42","25  day ahead inc hosp",2021-01-06,"quantile",0.95,1079.59743745677
"33763",2020-12-12,"42","25  day ahead inc hosp",2021-01-06,"quantile",0.975,1127.4556314576
"33764",2020-12-12,"42","25  day ahead inc hosp",2021-01-06,"quantile",0.99,1183.10112466416
"33765",2020-12-12,"42","26  day ahead inc hosp",2021-01-07,"quantile",0.01,471.915177524114
"33766",2020-12-12,"42","26  day ahead inc hosp",2021-01-07,"quantile",0.025,529.689158759365
"33767",2020-12-12,"42","26  day ahead inc hosp",2021-01-07,"quantile",0.05,579.377969889028
"33768",2020-12-12,"42","26  day ahead inc hosp",2021-01-07,"quantile",0.1,636.665986856824
"33769",2020-12-12,"42","26  day ahead inc hosp",2021-01-07,"quantile",0.15,675.317939929527
"33770",2020-12-12,"42","26  day ahead inc hosp",2021-01-07,"quantile",0.2,706.037286939863
"33771",2020-12-12,"42","26  day ahead inc hosp",2021-01-07,"quantile",0.25,732.391751372208
"33772",2020-12-12,"42","26  day ahead inc hosp",2021-01-07,"quantile",0.3,756.058874951419
"33773",2020-12-12,"42","26  day ahead inc hosp",2021-01-07,"quantile",0.35,777.989992054056
"33774",2020-12-12,"42","26  day ahead inc hosp",2021-01-07,"quantile",0.4,798.800477535841
"33775",2020-12-12,"42","26  day ahead inc hosp",2021-01-07,"quantile",0.45,818.934863077255
"33776",2020-12-12,"42","26  day ahead inc hosp",2021-01-07,"quantile",0.5,838.750025542759
"33777",2020-12-12,"42","26  day ahead inc hosp",2021-01-07,"quantile",0.55,858.565188008263
"33778",2020-12-12,"42","26  day ahead inc hosp",2021-01-07,"quantile",0.6,878.699573549677
"33779",2020-12-12,"42","26  day ahead inc hosp",2021-01-07,"quantile",0.65,899.510059031462
"33780",2020-12-12,"42","26  day ahead inc hosp",2021-01-07,"quantile",0.7,921.441176134098
"33781",2020-12-12,"42","26  day ahead inc hosp",2021-01-07,"quantile",0.75,945.10829971331
"33782",2020-12-12,"42","26  day ahead inc hosp",2021-01-07,"quantile",0.8,971.462764145655
"33783",2020-12-12,"42","26  day ahead inc hosp",2021-01-07,"quantile",0.85,1002.18211115599
"33784",2020-12-12,"42","26  day ahead inc hosp",2021-01-07,"quantile",0.9,1040.83406422869
"33785",2020-12-12,"42","26  day ahead inc hosp",2021-01-07,"quantile",0.95,1098.12208119649
"33786",2020-12-12,"42","26  day ahead inc hosp",2021-01-07,"quantile",0.975,1147.81089232615
"33787",2020-12-12,"42","26  day ahead inc hosp",2021-01-07,"quantile",0.99,1205.5848735614
"33788",2020-12-12,"42","27  day ahead inc hosp",2021-01-08,"quantile",0.01,467.223770678921
"33789",2020-12-12,"42","27  day ahead inc hosp",2021-01-08,"quantile",0.025,527.149196078285
"33790",2020-12-12,"42","27  day ahead inc hosp",2021-01-08,"quantile",0.05,578.688367879671
"33791",2020-12-12,"42","27  day ahead inc hosp",2021-01-08,"quantile",0.1,638.109732197672
"33792",2020-12-12,"42","27  day ahead inc hosp",2021-01-08,"quantile",0.15,678.201044599467
"33793",2020-12-12,"42","27  day ahead inc hosp",2021-01-08,"quantile",0.2,710.064348775948
"33794",2020-12-12,"42","27  day ahead inc hosp",2021-01-08,"quantile",0.25,737.400226596967
"33795",2020-12-12,"42","27  day ahead inc hosp",2021-01-08,"quantile",0.3,761.948689731063
"33796",2020-12-12,"42","27  day ahead inc hosp",2021-01-08,"quantile",0.35,784.696499277152
"33797",2020-12-12,"42","27  day ahead inc hosp",2021-01-08,"quantile",0.4,806.281946023244
"33798",2020-12-12,"42","27  day ahead inc hosp",2021-01-08,"quantile",0.45,827.166115556428
"33799",2020-12-12,"42","27  day ahead inc hosp",2021-01-08,"quantile",0.5,847.719174471785
"33800",2020-12-12,"42","27  day ahead inc hosp",2021-01-08,"quantile",0.55,868.272233387142
"33801",2020-12-12,"42","27  day ahead inc hosp",2021-01-08,"quantile",0.6,889.156402920326
"33802",2020-12-12,"42","27  day ahead inc hosp",2021-01-08,"quantile",0.65,910.741849666419
"33803",2020-12-12,"42","27  day ahead inc hosp",2021-01-08,"quantile",0.7,933.489659212507
"33804",2020-12-12,"42","27  day ahead inc hosp",2021-01-08,"quantile",0.75,958.038122346603
"33805",2020-12-12,"42","27  day ahead inc hosp",2021-01-08,"quantile",0.8,985.374000167623
"33806",2020-12-12,"42","27  day ahead inc hosp",2021-01-08,"quantile",0.85,1017.2373043441
"33807",2020-12-12,"42","27  day ahead inc hosp",2021-01-08,"quantile",0.9,1057.3286167459
"33808",2020-12-12,"42","27  day ahead inc hosp",2021-01-08,"quantile",0.95,1116.7499810639
"33809",2020-12-12,"42","27  day ahead inc hosp",2021-01-08,"quantile",0.975,1168.28915286529
"33810",2020-12-12,"42","27  day ahead inc hosp",2021-01-08,"quantile",0.99,1228.21457826465
"33811",2020-12-12,"42","28  day ahead inc hosp",2021-01-09,"quantile",0.01,462.387250336772
"33812",2020-12-12,"42","28  day ahead inc hosp",2021-01-09,"quantile",0.025,524.486938720839
"33813",2020-12-12,"42","28  day ahead inc hosp",2021-01-09,"quantile",0.05,577.896096638524
"33814",2020-12-12,"42","28  day ahead inc hosp",2021-01-09,"quantile",0.1,639.473435187433
"33815",2020-12-12,"42","28  day ahead inc hosp",2021-01-09,"quantile",0.15,681.019373167311
"33816",2020-12-12,"42","28  day ahead inc hosp",2021-01-09,"quantile",0.2,714.038767640683
"33817",2020-12-12,"42","28  day ahead inc hosp",2021-01-09,"quantile",0.25,742.366467996203
"33818",2020-12-12,"42","28  day ahead inc hosp",2021-01-09,"quantile",0.3,767.805618419846
"33819",2020-12-12,"42","28  day ahead inc hosp",2021-01-09,"quantile",0.35,791.378782478639
"33820",2020-12-12,"42","28  day ahead inc hosp",2021-01-09,"quantile",0.4,813.747409945695
"33821",2020-12-12,"42","28  day ahead inc hosp",2021-01-09,"quantile",0.45,835.389315890089
"33822",2020-12-12,"42","28  day ahead inc hosp",2021-01-09,"quantile",0.5,856.688097592131
"33823",2020-12-12,"42","28  day ahead inc hosp",2021-01-09,"quantile",0.55,877.986879294173
"33824",2020-12-12,"42","28  day ahead inc hosp",2021-01-09,"quantile",0.6,899.628785238566
"33825",2020-12-12,"42","28  day ahead inc hosp",2021-01-09,"quantile",0.65,921.997412705622
"33826",2020-12-12,"42","28  day ahead inc hosp",2021-01-09,"quantile",0.7,945.570576764416
"33827",2020-12-12,"42","28  day ahead inc hosp",2021-01-09,"quantile",0.75,971.009727188058
"33828",2020-12-12,"42","28  day ahead inc hosp",2021-01-09,"quantile",0.8,999.337427543579
"33829",2020-12-12,"42","28  day ahead inc hosp",2021-01-09,"quantile",0.85,1032.35682201695
"33830",2020-12-12,"42","28  day ahead inc hosp",2021-01-09,"quantile",0.9,1073.90275999683
"33831",2020-12-12,"42","28  day ahead inc hosp",2021-01-09,"quantile",0.95,1135.48009854574
"33832",2020-12-12,"42","28  day ahead inc hosp",2021-01-09,"quantile",0.975,1188.88925646342
"33833",2020-12-12,"42","28  day ahead inc hosp",2021-01-09,"quantile",0.99,1250.98894484749
"33834",2020-12-12,"42","29  day ahead inc hosp",2021-01-10,"quantile",0.01,336.46210228328
"33835",2020-12-12,"42","29  day ahead inc hosp",2021-01-10,"quantile",0.025,400.758760951642
"33836",2020-12-12,"42","29  day ahead inc hosp",2021-01-10,"quantile",0.05,456.057434515986
"33837",2020-12-12,"42","29  day ahead inc hosp",2021-01-10,"quantile",0.1,519.813263593562
"33838",2020-12-12,"42","29  day ahead inc hosp",2021-01-10,"quantile",0.15,562.829018790726
"33839",2020-12-12,"42","29  day ahead inc hosp",2021-01-10,"quantile",0.2,597.016577394242
"33840",2020-12-12,"42","29  day ahead inc hosp",2021-01-10,"quantile",0.25,626.346458558119
"33841",2020-12-12,"42","29  day ahead inc hosp",2021-01-10,"quantile",0.3,652.685598321366
"33842",2020-12-12,"42","29  day ahead inc hosp",2021-01-10,"quantile",0.35,677.092736628528
"33843",2020-12-12,"42","29  day ahead inc hosp",2021-01-10,"quantile",0.4,700.252724102765
"33844",2020-12-12,"42","29  day ahead inc hosp",2021-01-10,"quantile",0.45,722.660280012441
"33845",2020-12-12,"42","29  day ahead inc hosp",2021-01-10,"quantile",0.5,744.712572588832
"33846",2020-12-12,"42","29  day ahead inc hosp",2021-01-10,"quantile",0.55,766.764865165222
"33847",2020-12-12,"42","29  day ahead inc hosp",2021-01-10,"quantile",0.6,789.172421074898
"33848",2020-12-12,"42","29  day ahead inc hosp",2021-01-10,"quantile",0.65,812.332408549136
"33849",2020-12-12,"42","29  day ahead inc hosp",2021-01-10,"quantile",0.7,836.739546856297
"33850",2020-12-12,"42","29  day ahead inc hosp",2021-01-10,"quantile",0.75,863.078686619544
"33851",2020-12-12,"42","29  day ahead inc hosp",2021-01-10,"quantile",0.8,892.408567783422
"33852",2020-12-12,"42","29  day ahead inc hosp",2021-01-10,"quantile",0.85,926.596126386937
"33853",2020-12-12,"42","29  day ahead inc hosp",2021-01-10,"quantile",0.9,969.611881584101
"33854",2020-12-12,"42","29  day ahead inc hosp",2021-01-10,"quantile",0.95,1033.36771066168
"33855",2020-12-12,"42","29  day ahead inc hosp",2021-01-10,"quantile",0.975,1088.66638422602
"33856",2020-12-12,"42","29  day ahead inc hosp",2021-01-10,"quantile",0.99,1152.96304289438
"33857",2020-12-12,"42","30  day ahead inc hosp",2021-01-11,"quantile",0.01,331.338128061232
"33858",2020-12-12,"42","30  day ahead inc hosp",2021-01-11,"quantile",0.025,397.85433818067
"33859",2020-12-12,"42","30  day ahead inc hosp",2021-01-11,"quantile",0.05,455.061948440859
"33860",2020-12-12,"42","30  day ahead inc hosp",2021-01-11,"quantile",0.1,521.018659273016
"33861",2020-12-12,"42","30  day ahead inc hosp",2021-01-11,"quantile",0.15,565.519338941285
"33862",2020-12-12,"42","30  day ahead inc hosp",2021-01-11,"quantile",0.2,600.887068441372
"33863",2020-12-12,"42","30  day ahead inc hosp",2021-01-11,"quantile",0.25,631.229431150099
"33864",2020-12-12,"42","30  day ahead inc hosp",2021-01-11,"quantile",0.3,658.477810632678
"33865",2020-12-12,"42","30  day ahead inc hosp",2021-01-11,"quantile",0.35,683.727495043606
"33866",2020-12-12,"42","30  day ahead inc hosp",2021-01-11,"quantile",0.4,707.686976377555
"33867",2020-12-12,"42","30  day ahead inc hosp",2021-01-11,"quantile",0.45,730.86805184897
"33868",2020-12-12,"42","30  day ahead inc hosp",2021-01-11,"quantile",0.5,753.681600126686
"33869",2020-12-12,"42","30  day ahead inc hosp",2021-01-11,"quantile",0.55,776.495148404402
"33870",2020-12-12,"42","30  day ahead inc hosp",2021-01-11,"quantile",0.6,799.676223875817
"33871",2020-12-12,"42","30  day ahead inc hosp",2021-01-11,"quantile",0.65,823.635705209766
"33872",2020-12-12,"42","30  day ahead inc hosp",2021-01-11,"quantile",0.7,848.885389620694
"33873",2020-12-12,"42","30  day ahead inc hosp",2021-01-11,"quantile",0.75,876.133769103273
"33874",2020-12-12,"42","30  day ahead inc hosp",2021-01-11,"quantile",0.8,906.476131811999
"33875",2020-12-12,"42","30  day ahead inc hosp",2021-01-11,"quantile",0.85,941.843861312086
"33876",2020-12-12,"42","30  day ahead inc hosp",2021-01-11,"quantile",0.9,986.344540980356
"33877",2020-12-12,"42","30  day ahead inc hosp",2021-01-11,"quantile",0.95,1052.30125181251
"33878",2020-12-12,"42","30  day ahead inc hosp",2021-01-11,"quantile",0.975,1109.5088620727
"33879",2020-12-12,"42","30  day ahead inc hosp",2021-01-11,"quantile",0.99,1176.02507219214
"33880",2020-12-12,"42","31  day ahead inc hosp",2021-01-12,"quantile",0.01,326.071627764931
"33881",2020-12-12,"42","31  day ahead inc hosp",2021-01-12,"quantile",0.025,394.829828831408
"33882",2020-12-12,"42","31  day ahead inc hosp",2021-01-12,"quantile",0.05,453.96567499191
"33883",2020-12-12,"42","31  day ahead inc hosp",2021-01-12,"quantile",0.1,522.145518325402
"33884",2020-12-12,"42","31  day ahead inc hosp",2021-01-12,"quantile",0.15,568.146134937977
"33885",2020-12-12,"42","31  day ahead inc hosp",2021-01-12,"quantile",0.2,604.70596677243
"33886",2020-12-12,"42","31  day ahead inc hosp",2021-01-12,"quantile",0.25,636.071047137237
"33887",2020-12-12,"42","31  day ahead inc hosp",2021-01-12,"quantile",0.3,664.237858683395
"33888",2020-12-12,"42","31  day ahead inc hosp",2021-01-12,"quantile",0.35,690.338607274968
"33889",2020-12-12,"42","31  day ahead inc hosp",2021-01-12,"quantile",0.4,715.105665290601
"33890",2020-12-12,"42","31  day ahead inc hosp",2021-01-12,"quantile",0.45,739.068080547554
"33891",2020-12-12,"42","31  day ahead inc hosp",2021-01-12,"quantile",0.5,762.650580763702
"33892",2020-12-12,"42","31  day ahead inc hosp",2021-01-12,"quantile",0.55,786.23308097985
"33893",2020-12-12,"42","31  day ahead inc hosp",2021-01-12,"quantile",0.6,810.195496236802
"33894",2020-12-12,"42","31  day ahead inc hosp",2021-01-12,"quantile",0.65,834.962554252436
"33895",2020-12-12,"42","31  day ahead inc hosp",2021-01-12,"quantile",0.7,861.063302844009
"33896",2020-12-12,"42","31  day ahead inc hosp",2021-01-12,"quantile",0.75,889.230114390167
"33897",2020-12-12,"42","31  day ahead inc hosp",2021-01-12,"quantile",0.8,920.595194754974
"33898",2020-12-12,"42","31  day ahead inc hosp",2021-01-12,"quantile",0.85,957.155026589426
"33899",2020-12-12,"42","31  day ahead inc hosp",2021-01-12,"quantile",0.9,1003.155643202
"33900",2020-12-12,"42","31  day ahead inc hosp",2021-01-12,"quantile",0.95,1071.33548653549
"33901",2020-12-12,"42","31  day ahead inc hosp",2021-01-12,"quantile",0.975,1130.471332696
"33902",2020-12-12,"42","31  day ahead inc hosp",2021-01-12,"quantile",0.99,1199.22953376247
"33903",2020-12-12,"42","32  day ahead inc hosp",2021-01-13,"quantile",0.01,320.66351862864
"33904",2020-12-12,"42","32  day ahead inc hosp",2021-01-13,"quantile",0.025,391.686011740354
"33905",2020-12-12,"42","32  day ahead inc hosp",2021-01-13,"quantile",0.05,452.769273975924
"33906",2020-12-12,"42","32  day ahead inc hosp",2021-01-13,"quantile",0.1,523.19436332387
"33907",2020-12-12,"42","32  day ahead inc hosp",2021-01-13,"quantile",0.15,570.709836763068
"33908",2020-12-12,"42","32  day ahead inc hosp",2021-01-13,"quantile",0.2,608.473628781381
"33909",2020-12-12,"42","32  day ahead inc hosp",2021-01-13,"quantile",0.25,640.871599781294
"33910",2020-12-12,"42","32  day ahead inc hosp",2021-01-13,"quantile",0.3,669.965979040603
"33911",2020-12-12,"42","32  day ahead inc hosp",2021-01-13,"quantile",0.35,696.926257353635
"33912",2020-12-12,"42","32  day ahead inc hosp",2021-01-13,"quantile",0.4,722.508925021337
"33913",2020-12-12,"42","32  day ahead inc hosp",2021-01-13,"quantile",0.45,747.26045205564
"33914",2020-12-12,"42","32  day ahead inc hosp",2021-01-13,"quantile",0.5,771.619552980038
"33915",2020-12-12,"42","32  day ahead inc hosp",2021-01-13,"quantile",0.55,795.978653904436
"33916",2020-12-12,"42","32  day ahead inc hosp",2021-01-13,"quantile",0.6,820.730180938739
"33917",2020-12-12,"42","32  day ahead inc hosp",2021-01-13,"quantile",0.65,846.312848606442
"33918",2020-12-12,"42","32  day ahead inc hosp",2021-01-13,"quantile",0.7,873.273126919473
"33919",2020-12-12,"42","32  day ahead inc hosp",2021-01-13,"quantile",0.75,902.367506178782
"33920",2020-12-12,"42","32  day ahead inc hosp",2021-01-13,"quantile",0.8,934.765477178695
"33921",2020-12-12,"42","32  day ahead inc hosp",2021-01-13,"quantile",0.85,972.529269197008
"33922",2020-12-12,"42","32  day ahead inc hosp",2021-01-13,"quantile",0.9,1020.04474263621
"33923",2020-12-12,"42","32  day ahead inc hosp",2021-01-13,"quantile",0.95,1090.46983198415
"33924",2020-12-12,"42","32  day ahead inc hosp",2021-01-13,"quantile",0.975,1151.55309421972
"33925",2020-12-12,"42","32  day ahead inc hosp",2021-01-13,"quantile",0.99,1222.57558733144
"33926",2020-12-12,"42","33  day ahead inc hosp",2021-01-14,"quantile",0.01,315.11472800383
"33927",2020-12-12,"42","33  day ahead inc hosp",2021-01-14,"quantile",0.025,388.42367308569
"33928",2020-12-12,"42","33  day ahead inc hosp",2021-01-14,"quantile",0.05,451.473410154266
"33929",2020-12-12,"42","33  day ahead inc hosp",2021-01-14,"quantile",0.1,524.165719043971
"33930",2020-12-12,"42","33  day ahead inc hosp",2021-01-14,"quantile",0.15,573.210874744344
"33931",2020-12-12,"42","33  day ahead inc hosp",2021-01-14,"quantile",0.2,612.190409731926
"33932",2020-12-12,"42","33  day ahead inc hosp",2021-01-14,"quantile",0.25,645.631379947664
"33933",2020-12-12,"42","33  day ahead inc hosp",2021-01-14,"quantile",0.3,675.66240473803
"33934",2020-12-12,"42","33  day ahead inc hosp",2021-01-14,"quantile",0.35,703.490624723675
"33935",2020-12-12,"42","33  day ahead inc hosp",2021-01-14,"quantile",0.4,729.896884162486
"33936",2020-12-12,"42","33  day ahead inc hosp",2021-01-14,"quantile",0.45,755.445245766686
"33937",2020-12-12,"42","33  day ahead inc hosp",2021-01-14,"quantile",0.5,780.588547749923
"33938",2020-12-12,"42","33  day ahead inc hosp",2021-01-14,"quantile",0.55,805.73184973316
"33939",2020-12-12,"42","33  day ahead inc hosp",2021-01-14,"quantile",0.6,831.28021133736
"33940",2020-12-12,"42","33  day ahead inc hosp",2021-01-14,"quantile",0.65,857.686470776171
"33941",2020-12-12,"42","33  day ahead inc hosp",2021-01-14,"quantile",0.7,885.514690761815
"33942",2020-12-12,"42","33  day ahead inc hosp",2021-01-14,"quantile",0.75,915.545715552182
"33943",2020-12-12,"42","33  day ahead inc hosp",2021-01-14,"quantile",0.8,948.986685767919
"33944",2020-12-12,"42","33  day ahead inc hosp",2021-01-14,"quantile",0.85,987.966220755501
"33945",2020-12-12,"42","33  day ahead inc hosp",2021-01-14,"quantile",0.9,1037.01137645587
"33946",2020-12-12,"42","33  day ahead inc hosp",2021-01-14,"quantile",0.95,1109.70368534558
"33947",2020-12-12,"42","33  day ahead inc hosp",2021-01-14,"quantile",0.975,1172.75342241416
"33948",2020-12-12,"42","33  day ahead inc hosp",2021-01-14,"quantile",0.99,1246.06236749602
"33949",2020-12-12,"42","34  day ahead inc hosp",2021-01-15,"quantile",0.01,309.42615662792
"33950",2020-12-12,"42","34  day ahead inc hosp",2021-01-15,"quantile",0.025,385.043567055957
"33951",2020-12-12,"42","34  day ahead inc hosp",2021-01-15,"quantile",0.05,450.078711675356
"33952",2020-12-12,"42","34  day ahead inc hosp",2021-01-15,"quantile",0.1,525.060068317939
"33953",2020-12-12,"42","34  day ahead inc hosp",2021-01-15,"quantile",0.15,575.649633669902
"33954",2020-12-12,"42","34  day ahead inc hosp",2021-01-15,"quantile",0.2,615.856616489784
"33955",2020-12-12,"42","34  day ahead inc hosp",2021-01-15,"quantile",0.25,650.350627651608
"33956",2020-12-12,"42","34  day ahead inc hosp",2021-01-15,"quantile",0.3,681.327315757158
"33957",2020-12-12,"42","34  day ahead inc hosp",2021-01-15,"quantile",0.35,710.031833736327
"33958",2020-12-12,"42","34  day ahead inc hosp",2021-01-15,"quantile",0.4,737.269614277626
"33959",2020-12-12,"42","34  day ahead inc hosp",2021-01-15,"quantile",0.45,763.622482171598
"33960",2020-12-12,"42","34  day ahead inc hosp",2021-01-15,"quantile",0.5,789.557535301328
"33961",2020-12-12,"42","34  day ahead inc hosp",2021-01-15,"quantile",0.55,815.492588431059
"33962",2020-12-12,"42","34  day ahead inc hosp",2021-01-15,"quantile",0.6,841.845456325031
"33963",2020-12-12,"42","34  day ahead inc hosp",2021-01-15,"quantile",0.65,869.083236866329
"33964",2020-12-12,"42","34  day ahead inc hosp",2021-01-15,"quantile",0.7,897.787754845499
"33965",2020-12-12,"42","34  day ahead inc hosp",2021-01-15,"quantile",0.75,928.764442951049
"33966",2020-12-12,"42","34  day ahead inc hosp",2021-01-15,"quantile",0.8,963.258454112874
"33967",2020-12-12,"42","34  day ahead inc hosp",2021-01-15,"quantile",0.85,1003.46543693276
"33968",2020-12-12,"42","34  day ahead inc hosp",2021-01-15,"quantile",0.9,1054.05500228472
"33969",2020-12-12,"42","34  day ahead inc hosp",2021-01-15,"quantile",0.95,1129.0363589273
"33970",2020-12-12,"42","34  day ahead inc hosp",2021-01-15,"quantile",0.975,1194.0715035467
"33971",2020-12-12,"42","34  day ahead inc hosp",2021-01-15,"quantile",0.99,1269.68891397474
"33972",2020-12-12,"42","35  day ahead inc hosp",2021-01-16,"quantile",0.01,303.598738262713
"33973",2020-12-12,"42","35  day ahead inc hosp",2021-01-16,"quantile",0.025,381.546480611523
"33974",2020-12-12,"42","35  day ahead inc hosp",2021-01-16,"quantile",0.05,448.585839242229
"33975",2020-12-12,"42","35  day ahead inc hosp",2021-01-16,"quantile",0.1,525.87792628219
"33976",2020-12-12,"42","35  day ahead inc hosp",2021-01-16,"quantile",0.15,578.026530463046
"33977",2020-12-12,"42","35  day ahead inc hosp",2021-01-16,"quantile",0.2,619.472587921596
"33978",2020-12-12,"42","35  day ahead inc hosp",2021-01-16,"quantile",0.25,655.029614794099
"33979",2020-12-12,"42","35  day ahead inc hosp",2021-01-16,"quantile",0.3,686.960923861721
"33980",2020-12-12,"42","35  day ahead inc hosp",2021-01-16,"quantile",0.35,716.550040429213
"33981",2020-12-12,"42","35  day ahead inc hosp",2021-01-16,"quantile",0.4,744.627218525745
"33982",2020-12-12,"42","35  day ahead inc hosp",2021-01-16,"quantile",0.45,771.792213268674
"33983",2020-12-12,"42","35  day ahead inc hosp",2021-01-16,"quantile",0.5,798.526517282996
"33984",2020-12-12,"42","35  day ahead inc hosp",2021-01-16,"quantile",0.55,825.260821297318
"33985",2020-12-12,"42","35  day ahead inc hosp",2021-01-16,"quantile",0.6,852.425816040248
"33986",2020-12-12,"42","35  day ahead inc hosp",2021-01-16,"quantile",0.65,880.50299413678
"33987",2020-12-12,"42","35  day ahead inc hosp",2021-01-16,"quantile",0.7,910.092110704272
"33988",2020-12-12,"42","35  day ahead inc hosp",2021-01-16,"quantile",0.75,942.023419771894
"33989",2020-12-12,"42","35  day ahead inc hosp",2021-01-16,"quantile",0.8,977.580446644397
"33990",2020-12-12,"42","35  day ahead inc hosp",2021-01-16,"quantile",0.85,1019.02650410295
"33991",2020-12-12,"42","35  day ahead inc hosp",2021-01-16,"quantile",0.9,1071.1751082838
"33992",2020-12-12,"42","35  day ahead inc hosp",2021-01-16,"quantile",0.95,1148.46719532376
"33993",2020-12-12,"42","35  day ahead inc hosp",2021-01-16,"quantile",0.975,1215.50655395447
"33994",2020-12-12,"42","35  day ahead inc hosp",2021-01-16,"quantile",0.99,1293.45429630328
"33995",2020-12-12,"42","36  day ahead inc hosp",2021-01-17,"quantile",0.01,286.027679651208
"33996",2020-12-12,"42","36  day ahead inc hosp",2021-01-17,"quantile",0.025,366.327473394382
"33997",2020-12-12,"42","36  day ahead inc hosp",2021-01-17,"quantile",0.05,435.389725981901
"33998",2020-12-12,"42","36  day ahead inc hosp",2021-01-17,"quantile",0.1,515.014080200072
"33999",2020-12-12,"42","36  day ahead inc hosp",2021-01-17,"quantile",0.15,568.736253973602
"34000",2020-12-12,"42","36  day ahead inc hosp",2021-01-17,"quantile",0.2,611.432934661239
"34001",2020-12-12,"42","36  day ahead inc hosp",2021-01-17,"quantile",0.25,648.062884906695
"34002",2020-12-12,"42","36  day ahead inc hosp",2021-01-17,"quantile",0.3,680.957712323319
"34003",2020-12-12,"42","36  day ahead inc hosp",2021-01-17,"quantile",0.35,711.4396722341
"34004",2020-12-12,"42","36  day ahead inc hosp",2021-01-17,"quantile",0.4,740.364071352073
"34005",2020-12-12,"42","36  day ahead inc hosp",2021-01-17,"quantile",0.45,768.348762238055
"34006",2020-12-12,"42","36  day ahead inc hosp",2021-01-17,"quantile",0.5,795.889766422767
"34007",2020-12-12,"42","36  day ahead inc hosp",2021-01-17,"quantile",0.55,823.430770607478
"34008",2020-12-12,"42","36  day ahead inc hosp",2021-01-17,"quantile",0.6,851.41546149346
"34009",2020-12-12,"42","36  day ahead inc hosp",2021-01-17,"quantile",0.65,880.339860611433
"34010",2020-12-12,"42","36  day ahead inc hosp",2021-01-17,"quantile",0.7,910.821820522214
"34011",2020-12-12,"42","36  day ahead inc hosp",2021-01-17,"quantile",0.75,943.716647938839
"34012",2020-12-12,"42","36  day ahead inc hosp",2021-01-17,"quantile",0.8,980.346598184294
"34013",2020-12-12,"42","36  day ahead inc hosp",2021-01-17,"quantile",0.85,1023.04327887193
"34014",2020-12-12,"42","36  day ahead inc hosp",2021-01-17,"quantile",0.9,1076.76545264546
"34015",2020-12-12,"42","36  day ahead inc hosp",2021-01-17,"quantile",0.95,1156.38980686363
"34016",2020-12-12,"42","36  day ahead inc hosp",2021-01-17,"quantile",0.975,1225.45205945115
"34017",2020-12-12,"42","36  day ahead inc hosp",2021-01-17,"quantile",0.99,1305.75185319432
"34018",2020-12-12,"42","37  day ahead inc hosp",2021-01-18,"quantile",0.01,279.925393055837
"34019",2020-12-12,"42","37  day ahead inc hosp",2021-01-18,"quantile",0.025,362.598809393696
"34020",2020-12-12,"42","37  day ahead inc hosp",2021-01-18,"quantile",0.05,433.702508360341
"34021",2020-12-12,"42","37  day ahead inc hosp",2021-01-18,"quantile",0.1,515.680519511479
"34022",2020-12-12,"42","37  day ahead inc hosp",2021-01-18,"quantile",0.15,570.990694443671
"34023",2020-12-12,"42","37  day ahead inc hosp",2021-01-18,"quantile",0.2,614.949468111551
"34024",2020-12-12,"42","37  day ahead inc hosp",2021-01-18,"quantile",0.25,652.662181755165
"34025",2020-12-12,"42","37  day ahead inc hosp",2021-01-18,"quantile",0.3,686.529364167546
"34026",2020-12-12,"42","37  day ahead inc hosp",2021-01-18,"quantile",0.35,717.912355891758
"34027",2020-12-12,"42","37  day ahead inc hosp",2021-01-18,"quantile",0.4,747.691746088583
"34028",2020-12-12,"42","37  day ahead inc hosp",2021-01-18,"quantile",0.45,776.503650738087
"34029",2020-12-12,"42","37  day ahead inc hosp",2021-01-18,"quantile",0.5,804.858753524623
"34030",2020-12-12,"42","37  day ahead inc hosp",2021-01-18,"quantile",0.55,833.213856311159
"34031",2020-12-12,"42","37  day ahead inc hosp",2021-01-18,"quantile",0.6,862.025760960662
"34032",2020-12-12,"42","37  day ahead inc hosp",2021-01-18,"quantile",0.65,891.805151157487
"34033",2020-12-12,"42","37  day ahead inc hosp",2021-01-18,"quantile",0.7,923.188142881699
"34034",2020-12-12,"42","37  day ahead inc hosp",2021-01-18,"quantile",0.75,957.05532529408
"34035",2020-12-12,"42","37  day ahead inc hosp",2021-01-18,"quantile",0.8,994.768038937694
"34036",2020-12-12,"42","37  day ahead inc hosp",2021-01-18,"quantile",0.85,1038.72681260557
"34037",2020-12-12,"42","37  day ahead inc hosp",2021-01-18,"quantile",0.9,1094.03698753777
"34038",2020-12-12,"42","37  day ahead inc hosp",2021-01-18,"quantile",0.95,1176.0149986889
"34039",2020-12-12,"42","37  day ahead inc hosp",2021-01-18,"quantile",0.975,1247.11869765555
"34040",2020-12-12,"42","37  day ahead inc hosp",2021-01-18,"quantile",0.99,1329.79211399341
"34041",2020-12-12,"44","1  day ahead inc hosp",2020-12-13,"quantile",0.01,16.8776100107714
"34042",2020-12-12,"44","1  day ahead inc hosp",2020-12-13,"quantile",0.025,18.6948658550571
"34043",2020-12-12,"44","1  day ahead inc hosp",2020-12-13,"quantile",0.05,20.2578061352726
"34044",2020-12-12,"44","1  day ahead inc hosp",2020-12-13,"quantile",0.1,22.0597761815873
"34045",2020-12-12,"44","1  day ahead inc hosp",2020-12-13,"quantile",0.15,23.2755568169639
"34046",2020-12-12,"44","1  day ahead inc hosp",2020-12-13,"quantile",0.2,24.2418207249307
"34047",2020-12-12,"44","1  day ahead inc hosp",2020-12-13,"quantile",0.25,25.0707891201964
"34048",2020-12-12,"44","1  day ahead inc hosp",2020-12-13,"quantile",0.3,25.8152283594904
"34049",2020-12-12,"44","1  day ahead inc hosp",2020-12-13,"quantile",0.35,26.505062258321
"34050",2020-12-12,"44","1  day ahead inc hosp",2020-12-13,"quantile",0.4,27.1596471693072
"34051",2020-12-12,"44","1  day ahead inc hosp",2020-12-13,"quantile",0.45,27.7929656461359
"34052",2020-12-12,"44","1  day ahead inc hosp",2020-12-13,"quantile",0.5,28.4162430977846
"34053",2020-12-12,"44","1  day ahead inc hosp",2020-12-13,"quantile",0.55,29.0395205494333
"34054",2020-12-12,"44","1  day ahead inc hosp",2020-12-13,"quantile",0.6,29.672839026262
"34055",2020-12-12,"44","1  day ahead inc hosp",2020-12-13,"quantile",0.65,30.3274239372482
"34056",2020-12-12,"44","1  day ahead inc hosp",2020-12-13,"quantile",0.7,31.0172578360788
"34057",2020-12-12,"44","1  day ahead inc hosp",2020-12-13,"quantile",0.75,31.7616970753728
"34058",2020-12-12,"44","1  day ahead inc hosp",2020-12-13,"quantile",0.8,32.5906654706385
"34059",2020-12-12,"44","1  day ahead inc hosp",2020-12-13,"quantile",0.85,33.5569293786053
"34060",2020-12-12,"44","1  day ahead inc hosp",2020-12-13,"quantile",0.9,34.7727100139819
"34061",2020-12-12,"44","1  day ahead inc hosp",2020-12-13,"quantile",0.95,36.5746800602965
"34062",2020-12-12,"44","1  day ahead inc hosp",2020-12-13,"quantile",0.975,38.1376203405121
"34063",2020-12-12,"44","1  day ahead inc hosp",2020-12-13,"quantile",0.99,39.9548761847978
"34064",2020-12-12,"44","2  day ahead inc hosp",2020-12-14,"quantile",0.01,17.0088672256392
"34065",2020-12-12,"44","2  day ahead inc hosp",2020-12-14,"quantile",0.025,18.8933697453002
"34066",2020-12-12,"44","2  day ahead inc hosp",2020-12-14,"quantile",0.05,20.5141458761942
"34067",2020-12-12,"44","2  day ahead inc hosp",2020-12-14,"quantile",0.1,22.3827969543083
"34068",2020-12-12,"44","2  day ahead inc hosp",2020-12-14,"quantile",0.15,23.643566965271
"34069",2020-12-12,"44","2  day ahead inc hosp",2020-12-14,"quantile",0.2,24.6455870027615
"34070",2020-12-12,"44","2  day ahead inc hosp",2020-12-14,"quantile",0.25,25.5052309733724
"34071",2020-12-12,"44","2  day ahead inc hosp",2020-12-14,"quantile",0.3,26.2772178273948
"34072",2020-12-12,"44","2  day ahead inc hosp",2020-12-14,"quantile",0.35,26.9925786966866
"34073",2020-12-12,"44","2  day ahead inc hosp",2020-12-14,"quantile",0.4,27.6713862063527
"34074",2020-12-12,"44","2  day ahead inc hosp",2020-12-14,"quantile",0.45,28.3281403277299
"34075",2020-12-12,"44","2  day ahead inc hosp",2020-12-14,"quantile",0.5,28.9744818606369
"34076",2020-12-12,"44","2  day ahead inc hosp",2020-12-14,"quantile",0.55,29.620823393544
"34077",2020-12-12,"44","2  day ahead inc hosp",2020-12-14,"quantile",0.6,30.2775775149212
"34078",2020-12-12,"44","2  day ahead inc hosp",2020-12-14,"quantile",0.65,30.9563850245872
"34079",2020-12-12,"44","2  day ahead inc hosp",2020-12-14,"quantile",0.7,31.671745893879
"34080",2020-12-12,"44","2  day ahead inc hosp",2020-12-14,"quantile",0.75,32.4437327479014
"34081",2020-12-12,"44","2  day ahead inc hosp",2020-12-14,"quantile",0.8,33.3033767185124
"34082",2020-12-12,"44","2  day ahead inc hosp",2020-12-14,"quantile",0.85,34.3053967560028
"34083",2020-12-12,"44","2  day ahead inc hosp",2020-12-14,"quantile",0.9,35.5661667669655
"34084",2020-12-12,"44","2  day ahead inc hosp",2020-12-14,"quantile",0.95,37.4348178450796
"34085",2020-12-12,"44","2  day ahead inc hosp",2020-12-14,"quantile",0.975,39.0555939759736
"34086",2020-12-12,"44","2  day ahead inc hosp",2020-12-14,"quantile",0.99,40.9400964956346
"34087",2020-12-12,"44","3  day ahead inc hosp",2020-12-15,"quantile",0.01,16.9355105432281
"34088",2020-12-12,"44","3  day ahead inc hosp",2020-12-15,"quantile",0.025,18.8681157748673
"34089",2020-12-12,"44","3  day ahead inc hosp",2020-12-15,"quantile",0.05,20.5302628917866
"34090",2020-12-12,"44","3  day ahead inc hosp",2020-12-15,"quantile",0.1,22.4466120672291
"34091",2020-12-12,"44","3  day ahead inc hosp",2020-12-15,"quantile",0.15,23.739563758012
"34092",2020-12-12,"44","3  day ahead inc hosp",2020-12-15,"quantile",0.2,24.7671607744435
"34093",2020-12-12,"44","3  day ahead inc hosp",2020-12-15,"quantile",0.25,25.6487475155685
"34094",2020-12-12,"44","3  day ahead inc hosp",2020-12-15,"quantile",0.3,26.4404396556824
"34095",2020-12-12,"44","3  day ahead inc hosp",2020-12-15,"quantile",0.35,27.1740604092127
"34096",2020-12-12,"44","3  day ahead inc hosp",2020-12-15,"quantile",0.4,27.870194763383
"34097",2020-12-12,"44","3  day ahead inc hosp",2020-12-15,"quantile",0.45,28.54371280734
"34098",2020-12-12,"44","3  day ahead inc hosp",2020-12-15,"quantile",0.5,29.2065524771679
"34099",2020-12-12,"44","3  day ahead inc hosp",2020-12-15,"quantile",0.55,29.8693921469957
"34100",2020-12-12,"44","3  day ahead inc hosp",2020-12-15,"quantile",0.6,30.5429101909528
"34101",2020-12-12,"44","3  day ahead inc hosp",2020-12-15,"quantile",0.65,31.2390445451231
"34102",2020-12-12,"44","3  day ahead inc hosp",2020-12-15,"quantile",0.7,31.9726652986534
"34103",2020-12-12,"44","3  day ahead inc hosp",2020-12-15,"quantile",0.75,32.7643574387673
"34104",2020-12-12,"44","3  day ahead inc hosp",2020-12-15,"quantile",0.8,33.6459441798923
"34105",2020-12-12,"44","3  day ahead inc hosp",2020-12-15,"quantile",0.85,34.6735411963238
"34106",2020-12-12,"44","3  day ahead inc hosp",2020-12-15,"quantile",0.9,35.9664928871067
"34107",2020-12-12,"44","3  day ahead inc hosp",2020-12-15,"quantile",0.95,37.8828420625492
"34108",2020-12-12,"44","3  day ahead inc hosp",2020-12-15,"quantile",0.975,39.5449891794684
"34109",2020-12-12,"44","3  day ahead inc hosp",2020-12-15,"quantile",0.99,41.4775944111077
"34110",2020-12-12,"44","4  day ahead inc hosp",2020-12-16,"quantile",0.01,16.8572984072125
"34111",2020-12-12,"44","4  day ahead inc hosp",2020-12-16,"quantile",0.025,18.8360267630035
"34112",2020-12-12,"44","4  day ahead inc hosp",2020-12-16,"quantile",0.05,20.5378423112077
"34113",2020-12-12,"44","4  day ahead inc hosp",2020-12-16,"quantile",0.1,22.4999266474011
"34114",2020-12-12,"44","4  day ahead inc hosp",2020-12-16,"quantile",0.15,23.8237356340145
"34115",2020-12-12,"44","4  day ahead inc hosp",2020-12-16,"quantile",0.2,24.8758570509759
"34116",2020-12-12,"44","4  day ahead inc hosp",2020-12-16,"quantile",0.25,25.7784835440615
"34117",2020-12-12,"44","4  day ahead inc hosp",2020-12-16,"quantile",0.3,26.5890700316969
"34118",2020-12-12,"44","4  day ahead inc hosp",2020-12-16,"quantile",0.35,27.3401992140265
"34119",2020-12-12,"44","4  day ahead inc hosp",2020-12-16,"quantile",0.4,28.0529473549744
"34120",2020-12-12,"44","4  day ahead inc hosp",2020-12-16,"quantile",0.45,28.7425394299086
"34121",2020-12-12,"44","4  day ahead inc hosp",2020-12-16,"quantile",0.5,29.4211982830253
"34122",2020-12-12,"44","4  day ahead inc hosp",2020-12-16,"quantile",0.55,30.0998571361419
"34123",2020-12-12,"44","4  day ahead inc hosp",2020-12-16,"quantile",0.6,30.7894492110761
"34124",2020-12-12,"44","4  day ahead inc hosp",2020-12-16,"quantile",0.65,31.502197352024
"34125",2020-12-12,"44","4  day ahead inc hosp",2020-12-16,"quantile",0.7,32.2533265343536
"34126",2020-12-12,"44","4  day ahead inc hosp",2020-12-16,"quantile",0.75,33.063913021989
"34127",2020-12-12,"44","4  day ahead inc hosp",2020-12-16,"quantile",0.8,33.9665395150746
"34128",2020-12-12,"44","4  day ahead inc hosp",2020-12-16,"quantile",0.85,35.018660932036
"34129",2020-12-12,"44","4  day ahead inc hosp",2020-12-16,"quantile",0.9,36.3424699186494
"34130",2020-12-12,"44","4  day ahead inc hosp",2020-12-16,"quantile",0.95,38.3045542548428
"34131",2020-12-12,"44","4  day ahead inc hosp",2020-12-16,"quantile",0.975,40.006369803047
"34132",2020-12-12,"44","4  day ahead inc hosp",2020-12-16,"quantile",0.99,41.985098158838
"34133",2020-12-12,"44","5  day ahead inc hosp",2020-12-17,"quantile",0.01,16.7850957832374
"34134",2020-12-12,"44","5  day ahead inc hosp",2020-12-17,"quantile",0.025,18.8088541985708
"34135",2020-12-12,"44","5  day ahead inc hosp",2020-12-17,"quantile",0.05,20.5493980821938
"34136",2020-12-12,"44","5  day ahead inc hosp",2020-12-17,"quantile",0.1,22.5561337088119
"34137",2020-12-12,"44","5  day ahead inc hosp",2020-12-17,"quantile",0.15,23.9100687090923
"34138",2020-12-12,"44","5  day ahead inc hosp",2020-12-17,"quantile",0.2,24.9861333267023
"34139",2020-12-12,"44","5  day ahead inc hosp",2020-12-17,"quantile",0.25,25.9093009540013
"34140",2020-12-12,"44","5  day ahead inc hosp",2020-12-17,"quantile",0.3,26.7383340150108
"34141",2020-12-12,"44","5  day ahead inc hosp",2020-12-17,"quantile",0.35,27.5065566966605
"34142",2020-12-12,"44","5  day ahead inc hosp",2020-12-17,"quantile",0.4,28.2355248968862
"34143",2020-12-12,"44","5  day ahead inc hosp",2020-12-17,"quantile",0.45,28.9408100668848
"34144",2020-12-12,"44","5  day ahead inc hosp",2020-12-17,"quantile",0.5,29.6349132069727
"34145",2020-12-12,"44","5  day ahead inc hosp",2020-12-17,"quantile",0.55,30.3290163470605
"34146",2020-12-12,"44","5  day ahead inc hosp",2020-12-17,"quantile",0.6,31.0343015170591
"34147",2020-12-12,"44","5  day ahead inc hosp",2020-12-17,"quantile",0.65,31.7632697172849
"34148",2020-12-12,"44","5  day ahead inc hosp",2020-12-17,"quantile",0.7,32.5314923989346
"34149",2020-12-12,"44","5  day ahead inc hosp",2020-12-17,"quantile",0.75,33.360525459944
"34150",2020-12-12,"44","5  day ahead inc hosp",2020-12-17,"quantile",0.8,34.283693087243
"34151",2020-12-12,"44","5  day ahead inc hosp",2020-12-17,"quantile",0.85,35.359757704853
"34152",2020-12-12,"44","5  day ahead inc hosp",2020-12-17,"quantile",0.9,36.7136927051334
"34153",2020-12-12,"44","5  day ahead inc hosp",2020-12-17,"quantile",0.95,38.7204283317515
"34154",2020-12-12,"44","5  day ahead inc hosp",2020-12-17,"quantile",0.975,40.4609722153745
"34155",2020-12-12,"44","5  day ahead inc hosp",2020-12-17,"quantile",0.99,42.4847306307079
"34156",2020-12-12,"44","6  day ahead inc hosp",2020-12-18,"quantile",0.01,16.7190822952053
"34157",2020-12-12,"44","6  day ahead inc hosp",2020-12-18,"quantile",0.025,18.7868881912901
"34158",2020-12-12,"44","6  day ahead inc hosp",2020-12-18,"quantile",0.05,20.5653153383648
"34159",2020-12-12,"44","6  day ahead inc hosp",2020-12-18,"quantile",0.1,22.6157279415512
"34160",2020-12-12,"44","6  day ahead inc hosp",2020-12-18,"quantile",0.15,23.9991315905655
"34161",2020-12-12,"44","6  day ahead inc hosp",2020-12-18,"quantile",0.2,25.0986169560138
"34162",2020-12-12,"44","6  day ahead inc hosp",2020-12-18,"quantile",0.25,26.0418774995352
"34163",2020-12-12,"44","6  day ahead inc hosp",2020-12-18,"quantile",0.3,26.8889546203101
"34164",2020-12-12,"44","6  day ahead inc hosp",2020-12-18,"quantile",0.35,27.673897812435
"34165",2020-12-12,"44","6  day ahead inc hosp",2020-12-18,"quantile",0.4,28.4187321419993
"34166",2020-12-12,"44","6  day ahead inc hosp",2020-12-18,"quantile",0.45,29.1393679757503
"34167",2020-12-12,"44","6  day ahead inc hosp",2020-12-18,"quantile",0.5,29.8485784006162
"34168",2020-12-12,"44","6  day ahead inc hosp",2020-12-18,"quantile",0.55,30.5577888254821
"34169",2020-12-12,"44","6  day ahead inc hosp",2020-12-18,"quantile",0.6,31.278424659233
"34170",2020-12-12,"44","6  day ahead inc hosp",2020-12-18,"quantile",0.65,32.0232589887974
"34171",2020-12-12,"44","6  day ahead inc hosp",2020-12-18,"quantile",0.7,32.8082021809222
"34172",2020-12-12,"44","6  day ahead inc hosp",2020-12-18,"quantile",0.75,33.6552793016971
"34173",2020-12-12,"44","6  day ahead inc hosp",2020-12-18,"quantile",0.8,34.5985398452185
"34174",2020-12-12,"44","6  day ahead inc hosp",2020-12-18,"quantile",0.85,35.6980252106669
"34175",2020-12-12,"44","6  day ahead inc hosp",2020-12-18,"quantile",0.9,37.0814288596811
"34176",2020-12-12,"44","6  day ahead inc hosp",2020-12-18,"quantile",0.95,39.1318414628675
"34177",2020-12-12,"44","6  day ahead inc hosp",2020-12-18,"quantile",0.975,40.9102686099422
"34178",2020-12-12,"44","6  day ahead inc hosp",2020-12-18,"quantile",0.99,42.978074506027
"34179",2020-12-12,"44","7  day ahead inc hosp",2020-12-19,"quantile",0.01,16.6589014840923
"34180",2020-12-12,"44","7  day ahead inc hosp",2020-12-19,"quantile",0.025,18.7698358357631
"34181",2020-12-12,"44","7  day ahead inc hosp",2020-12-19,"quantile",0.05,20.5853558339469
"34182",2020-12-12,"44","7  day ahead inc hosp",2020-12-19,"quantile",0.1,22.6785341188915
"34183",2020-12-12,"44","7  day ahead inc hosp",2020-12-19,"quantile",0.15,24.0907915703574
"34184",2020-12-12,"44","7  day ahead inc hosp",2020-12-19,"quantile",0.2,25.2132090233103
"34185",2020-12-12,"44","7  day ahead inc hosp",2020-12-19,"quantile",0.25,26.1761432559988
"34186",2020-12-12,"44","7  day ahead inc hosp",2020-12-19,"quantile",0.3,27.0408879576866
"34187",2020-12-12,"44","7  day ahead inc hosp",2020-12-19,"quantile",0.35,27.8422027965232
"34188",2020-12-12,"44","7  day ahead inc hosp",2020-12-19,"quantile",0.4,28.6025722178302
"34189",2020-12-12,"44","7  day ahead inc hosp",2020-12-19,"quantile",0.45,29.3382384326283
"34190",2020-12-12,"44","7  day ahead inc hosp",2020-12-19,"quantile",0.5,30.0622409375284
"34191",2020-12-12,"44","7  day ahead inc hosp",2020-12-19,"quantile",0.55,30.7862434424284
"34192",2020-12-12,"44","7  day ahead inc hosp",2020-12-19,"quantile",0.6,31.5219096572265
"34193",2020-12-12,"44","7  day ahead inc hosp",2020-12-19,"quantile",0.65,32.2822790785335
"34194",2020-12-12,"44","7  day ahead inc hosp",2020-12-19,"quantile",0.7,33.0835939173701
"34195",2020-12-12,"44","7  day ahead inc hosp",2020-12-19,"quantile",0.75,33.9483386190579
"34196",2020-12-12,"44","7  day ahead inc hosp",2020-12-19,"quantile",0.8,34.9112728517464
"34197",2020-12-12,"44","7  day ahead inc hosp",2020-12-19,"quantile",0.85,36.0336903046993
"34198",2020-12-12,"44","7  day ahead inc hosp",2020-12-19,"quantile",0.9,37.4459477561652
"34199",2020-12-12,"44","7  day ahead inc hosp",2020-12-19,"quantile",0.95,39.5391260411098
"34200",2020-12-12,"44","7  day ahead inc hosp",2020-12-19,"quantile",0.975,41.3546460392936
"34201",2020-12-12,"44","7  day ahead inc hosp",2020-12-19,"quantile",0.99,43.4655803909644
"34202",2020-12-12,"44","8  day ahead inc hosp",2020-12-20,"quantile",0.01,17.491037568031
"34203",2020-12-12,"44","8  day ahead inc hosp",2020-12-20,"quantile",0.025,19.64423668196
"34204",2020-12-12,"44","8  day ahead inc hosp",2020-12-20,"quantile",0.05,21.4961067073426
"34205",2020-12-12,"44","8  day ahead inc hosp",2020-12-20,"quantile",0.1,23.6311942456504
"34206",2020-12-12,"44","8  day ahead inc hosp",2020-12-20,"quantile",0.15,25.0717276713958
"34207",2020-12-12,"44","8  day ahead inc hosp",2020-12-20,"quantile",0.2,26.2166179723393
"34208",2020-12-12,"44","8  day ahead inc hosp",2020-12-20,"quantile",0.25,27.1988319075835
"34209",2020-12-12,"44","8  day ahead inc hosp",2020-12-20,"quantile",0.3,28.0808903780307
"34210",2020-12-12,"44","8  day ahead inc hosp",2020-12-20,"quantile",0.35,28.8982490038901
"34211",2020-12-12,"44","8  day ahead inc hosp",2020-12-20,"quantile",0.4,29.6738424101563
"34212",2020-12-12,"44","8  day ahead inc hosp",2020-12-20,"quantile",0.45,30.4242380065883
"34213",2020-12-12,"44","8  day ahead inc hosp",2020-12-20,"quantile",0.5,31.1627363643413
"34214",2020-12-12,"44","8  day ahead inc hosp",2020-12-20,"quantile",0.55,31.9012347220942
"34215",2020-12-12,"44","8  day ahead inc hosp",2020-12-20,"quantile",0.6,32.6516303185262
"34216",2020-12-12,"44","8  day ahead inc hosp",2020-12-20,"quantile",0.65,33.4272237247925
"34217",2020-12-12,"44","8  day ahead inc hosp",2020-12-20,"quantile",0.7,34.2445823506519
"34218",2020-12-12,"44","8  day ahead inc hosp",2020-12-20,"quantile",0.75,35.126640821099
"34219",2020-12-12,"44","8  day ahead inc hosp",2020-12-20,"quantile",0.8,36.1088547563432
"34220",2020-12-12,"44","8  day ahead inc hosp",2020-12-20,"quantile",0.85,37.2537450572868
"34221",2020-12-12,"44","8  day ahead inc hosp",2020-12-20,"quantile",0.9,38.6942784830322
"34222",2020-12-12,"44","8  day ahead inc hosp",2020-12-20,"quantile",0.95,40.82936602134
"34223",2020-12-12,"44","8  day ahead inc hosp",2020-12-20,"quantile",0.975,42.6812360467225
"34224",2020-12-12,"44","8  day ahead inc hosp",2020-12-20,"quantile",0.99,44.8344351606516
"34225",2020-12-12,"44","9  day ahead inc hosp",2020-12-21,"quantile",0.01,17.4415077441307
"34226",2020-12-12,"44","9  day ahead inc hosp",2020-12-21,"quantile",0.025,19.6361578324125
"34227",2020-12-12,"44","9  day ahead inc hosp",2020-12-21,"quantile",0.05,21.5236779825003
"34228",2020-12-12,"44","9  day ahead inc hosp",2020-12-21,"quantile",0.1,23.6998678314206
"34229",2020-12-12,"44","9  day ahead inc hosp",2020-12-21,"quantile",0.15,25.1681327910026
"34230",2020-12-12,"44","9  day ahead inc hosp",2020-12-21,"quantile",0.2,26.335063235932
"34231",2020-12-12,"44","9  day ahead inc hosp",2020-12-21,"quantile",0.25,27.3361856522244
"34232",2020-12-12,"44","9  day ahead inc hosp",2020-12-21,"quantile",0.3,28.235224523044
"34233",2020-12-12,"44","9  day ahead inc hosp",2020-12-21,"quantile",0.35,29.068318020434
"34234",2020-12-12,"44","9  day ahead inc hosp",2020-12-21,"quantile",0.4,29.8588422810664
"34235",2020-12-12,"44","9  day ahead inc hosp",2020-12-21,"quantile",0.45,30.623683651891
"34236",2020-12-12,"44","9  day ahead inc hosp",2020-12-21,"quantile",0.5,31.3763987517412
"34237",2020-12-12,"44","9  day ahead inc hosp",2020-12-21,"quantile",0.55,32.1291138515914
"34238",2020-12-12,"44","9  day ahead inc hosp",2020-12-21,"quantile",0.6,32.893955222416
"34239",2020-12-12,"44","9  day ahead inc hosp",2020-12-21,"quantile",0.65,33.6844794830484
"34240",2020-12-12,"44","9  day ahead inc hosp",2020-12-21,"quantile",0.7,34.5175729804384
"34241",2020-12-12,"44","9  day ahead inc hosp",2020-12-21,"quantile",0.75,35.416611851258
"34242",2020-12-12,"44","9  day ahead inc hosp",2020-12-21,"quantile",0.8,36.4177342675504
"34243",2020-12-12,"44","9  day ahead inc hosp",2020-12-21,"quantile",0.85,37.5846647124798
"34244",2020-12-12,"44","9  day ahead inc hosp",2020-12-21,"quantile",0.9,39.0529296720618
"34245",2020-12-12,"44","9  day ahead inc hosp",2020-12-21,"quantile",0.95,41.2291195209821
"34246",2020-12-12,"44","9  day ahead inc hosp",2020-12-21,"quantile",0.975,43.1166396710699
"34247",2020-12-12,"44","9  day ahead inc hosp",2020-12-21,"quantile",0.99,45.3112897593517
"34248",2020-12-12,"44","10  day ahead inc hosp",2020-12-22,"quantile",0.01,17.3968575959151
"34249",2020-12-12,"44","10  day ahead inc hosp",2020-12-22,"quantile",0.025,19.6321901429183
"34250",2020-12-12,"44","10  day ahead inc hosp",2020-12-22,"quantile",0.05,21.554699451871
"34251",2020-12-12,"44","10  day ahead inc hosp",2020-12-22,"quantile",0.1,23.7712295601206
"34252",2020-12-12,"44","10  day ahead inc hosp",2020-12-22,"quantile",0.15,25.2667119011564
"34253",2020-12-12,"44","10  day ahead inc hosp",2020-12-22,"quantile",0.2,26.4552738580567
"34254",2020-12-12,"44","10  day ahead inc hosp",2020-12-22,"quantile",0.25,27.4749541855137
"34255",2020-12-12,"44","10  day ahead inc hosp",2020-12-22,"quantile",0.3,28.3906586341155
"34256",2020-12-12,"44","10  day ahead inc hosp",2020-12-22,"quantile",0.35,29.2391952729884
"34257",2020-12-12,"44","10  day ahead inc hosp",2020-12-22,"quantile",0.4,30.0443735646998
"34258",2020-12-12,"44","10  day ahead inc hosp",2020-12-22,"quantile",0.45,30.8233928801831
"34259",2020-12-12,"44","10  day ahead inc hosp",2020-12-22,"quantile",0.5,31.590061138736
"34260",2020-12-12,"44","10  day ahead inc hosp",2020-12-22,"quantile",0.55,32.3567293972889
"34261",2020-12-12,"44","10  day ahead inc hosp",2020-12-22,"quantile",0.6,33.1357487127722
"34262",2020-12-12,"44","10  day ahead inc hosp",2020-12-22,"quantile",0.65,33.9409270044837
"34263",2020-12-12,"44","10  day ahead inc hosp",2020-12-22,"quantile",0.7,34.7894636433565
"34264",2020-12-12,"44","10  day ahead inc hosp",2020-12-22,"quantile",0.75,35.7051680919583
"34265",2020-12-12,"44","10  day ahead inc hosp",2020-12-22,"quantile",0.8,36.7248484194154
"34266",2020-12-12,"44","10  day ahead inc hosp",2020-12-22,"quantile",0.85,37.9134103763156
"34267",2020-12-12,"44","10  day ahead inc hosp",2020-12-22,"quantile",0.9,39.4088927173514
"34268",2020-12-12,"44","10  day ahead inc hosp",2020-12-22,"quantile",0.95,41.6254228256011
"34269",2020-12-12,"44","10  day ahead inc hosp",2020-12-22,"quantile",0.975,43.5479321345538
"34270",2020-12-12,"44","10  day ahead inc hosp",2020-12-22,"quantile",0.99,45.7832646815569
"34271",2020-12-12,"44","11  day ahead inc hosp",2020-12-23,"quantile",0.01,17.3568253734503
"34272",2020-12-12,"44","11  day ahead inc hosp",2020-12-23,"quantile",0.025,19.6321130874293
"34273",2020-12-12,"44","11  day ahead inc hosp",2020-12-23,"quantile",0.05,21.5889860442227
"34274",2020-12-12,"44","11  day ahead inc hosp",2020-12-23,"quantile",0.1,23.8451352376509
"34275",2020-12-12,"44","11  day ahead inc hosp",2020-12-23,"quantile",0.15,25.3673483873646
"34276",2020-12-12,"44","11  day ahead inc hosp",2020-12-23,"quantile",0.2,26.5771551436183
"34277",2020-12-12,"44","11  day ahead inc hosp",2020-12-23,"quantile",0.25,27.6150616172477
"34278",2020-12-12,"44","11  day ahead inc hosp",2020-12-23,"quantile",0.3,28.547133708415
"34279",2020-12-12,"44","11  day ahead inc hosp",2020-12-23,"quantile",0.35,29.4108374073912
"34280",2020-12-12,"44","11  day ahead inc hosp",2020-12-23,"quantile",0.4,30.2304077559507
"34281",2020-12-12,"44","11  day ahead inc hosp",2020-12-23,"quantile",0.45,31.0233515529924
"34282",2020-12-12,"44","11  day ahead inc hosp",2020-12-23,"quantile",0.5,31.8037235257092
"34283",2020-12-12,"44","11  day ahead inc hosp",2020-12-23,"quantile",0.55,32.5840954984261
"34284",2020-12-12,"44","11  day ahead inc hosp",2020-12-23,"quantile",0.6,33.3770392954678
"34285",2020-12-12,"44","11  day ahead inc hosp",2020-12-23,"quantile",0.65,34.1966096440273
"34286",2020-12-12,"44","11  day ahead inc hosp",2020-12-23,"quantile",0.7,35.0603133430034
"34287",2020-12-12,"44","11  day ahead inc hosp",2020-12-23,"quantile",0.75,35.9923854341708
"34288",2020-12-12,"44","11  day ahead inc hosp",2020-12-23,"quantile",0.8,37.0302919078002
"34289",2020-12-12,"44","11  day ahead inc hosp",2020-12-23,"quantile",0.85,38.2400986640538
"34290",2020-12-12,"44","11  day ahead inc hosp",2020-12-23,"quantile",0.9,39.7623118137675
"34291",2020-12-12,"44","11  day ahead inc hosp",2020-12-23,"quantile",0.95,42.0184610071958
"34292",2020-12-12,"44","11  day ahead inc hosp",2020-12-23,"quantile",0.975,43.9753339639891
"34293",2020-12-12,"44","11  day ahead inc hosp",2020-12-23,"quantile",0.99,46.2506216779681
"34294",2020-12-12,"44","12  day ahead inc hosp",2020-12-24,"quantile",0.01,17.3211719228289
"34295",2020-12-12,"44","12  day ahead inc hosp",2020-12-24,"quantile",0.025,19.6357251771473
"34296",2020-12-12,"44","12  day ahead inc hosp",2020-12-24,"quantile",0.05,21.6263686648287
"34297",2020-12-12,"44","12  day ahead inc hosp",2020-12-24,"quantile",0.1,23.9214531175747
"34298",2020-12-12,"44","12  day ahead inc hosp",2020-12-24,"quantile",0.15,25.4699357019045
"34299",2020-12-12,"44","12  day ahead inc hosp",2020-12-24,"quantile",0.2,26.700620572033
"34300",2020-12-12,"44","12  day ahead inc hosp",2020-12-24,"quantile",0.25,27.7564386083446
"34301",2020-12-12,"44","12  day ahead inc hosp",2020-12-24,"quantile",0.3,28.7045958363806
"34302",2020-12-12,"44","12  day ahead inc hosp",2020-12-24,"quantile",0.35,29.5832048118302
"34303",2020-12-12,"44","12  day ahead inc hosp",2020-12-24,"quantile",0.4,30.4169188101728
"34304",2020-12-12,"44","12  day ahead inc hosp",2020-12-24,"quantile",0.45,31.2235467520628
"34305",2020-12-12,"44","12  day ahead inc hosp",2020-12-24,"quantile",0.5,32.0173859126813
"34306",2020-12-12,"44","12  day ahead inc hosp",2020-12-24,"quantile",0.55,32.8112250732998
"34307",2020-12-12,"44","12  day ahead inc hosp",2020-12-24,"quantile",0.6,33.6178530151898
"34308",2020-12-12,"44","12  day ahead inc hosp",2020-12-24,"quantile",0.65,34.4515670135324
"34309",2020-12-12,"44","12  day ahead inc hosp",2020-12-24,"quantile",0.7,35.3301759889819
"34310",2020-12-12,"44","12  day ahead inc hosp",2020-12-24,"quantile",0.75,36.2783332170179
"34311",2020-12-12,"44","12  day ahead inc hosp",2020-12-24,"quantile",0.8,37.3341512533295
"34312",2020-12-12,"44","12  day ahead inc hosp",2020-12-24,"quantile",0.85,38.564836123458
"34313",2020-12-12,"44","12  day ahead inc hosp",2020-12-24,"quantile",0.9,40.1133187077879
"34314",2020-12-12,"44","12  day ahead inc hosp",2020-12-24,"quantile",0.95,42.4084031605339
"34315",2020-12-12,"44","12  day ahead inc hosp",2020-12-24,"quantile",0.975,44.3990466482152
"34316",2020-12-12,"44","12  day ahead inc hosp",2020-12-24,"quantile",0.99,46.7135999025336
"34317",2020-12-12,"44","13  day ahead inc hosp",2020-12-25,"quantile",0.01,17.2896780462487
"34318",2020-12-12,"44","13  day ahead inc hosp",2020-12-25,"quantile",0.025,19.6428417364259
"34319",2020-12-12,"44","13  day ahead inc hosp",2020-12-25,"quantile",0.05,21.6666923290011
"34320",2020-12-12,"44","13  day ahead inc hosp",2020-12-25,"quantile",0.1,24.0000624469777
"34321",2020-12-12,"44","13  day ahead inc hosp",2020-12-25,"quantile",0.15,25.574376187877
"34322",2020-12-12,"44","13  day ahead inc hosp",2020-12-25,"quantile",0.2,26.8255908423825
"34323",2020-12-12,"44","13  day ahead inc hosp",2020-12-25,"quantile",0.25,27.8990216056829
"34324",2020-12-12,"44","13  day ahead inc hosp",2020-12-25,"quantile",0.3,28.8629956068992
"34325",2020-12-12,"44","13  day ahead inc hosp",2020-12-25,"quantile",0.35,29.7562611798706
"34326",2020-12-12,"44","13  day ahead inc hosp",2020-12-25,"quantile",0.4,30.6038828559897
"34327",2020-12-12,"44","13  day ahead inc hosp",2020-12-25,"quantile",0.45,31.4239666370806
"34328",2020-12-12,"44","13  day ahead inc hosp",2020-12-25,"quantile",0.5,32.2310482996532
"34329",2020-12-12,"44","13  day ahead inc hosp",2020-12-25,"quantile",0.55,33.0381299622259
"34330",2020-12-12,"44","13  day ahead inc hosp",2020-12-25,"quantile",0.6,33.8582137433168
"34331",2020-12-12,"44","13  day ahead inc hosp",2020-12-25,"quantile",0.65,34.7058354194359
"34332",2020-12-12,"44","13  day ahead inc hosp",2020-12-25,"quantile",0.7,35.5991009924073
"34333",2020-12-12,"44","13  day ahead inc hosp",2020-12-25,"quantile",0.75,36.5630749936236
"34334",2020-12-12,"44","13  day ahead inc hosp",2020-12-25,"quantile",0.8,37.636505756924
"34335",2020-12-12,"44","13  day ahead inc hosp",2020-12-25,"quantile",0.85,38.8877204114295
"34336",2020-12-12,"44","13  day ahead inc hosp",2020-12-25,"quantile",0.9,40.4620341523288
"34337",2020-12-12,"44","13  day ahead inc hosp",2020-12-25,"quantile",0.95,42.7954042703054
"34338",2020-12-12,"44","13  day ahead inc hosp",2020-12-25,"quantile",0.975,44.8192548628806
"34339",2020-12-12,"44","13  day ahead inc hosp",2020-12-25,"quantile",0.99,47.1724185530578
"34340",2020-12-12,"44","14  day ahead inc hosp",2020-12-26,"quantile",0.01,17.2621422457088
"34341",2020-12-12,"44","14  day ahead inc hosp",2020-12-26,"quantile",0.025,19.6532930018219
"34342",2020-12-12,"44","14  day ahead inc hosp",2020-12-26,"quantile",0.05,21.7098145667675
"34343",2020-12-12,"44","14  day ahead inc hosp",2020-12-26,"quantile",0.1,24.0808522235109
"34344",2020-12-12,"44","14  day ahead inc hosp",2020-12-26,"quantile",0.15,25.6805800739892
"34345",2020-12-12,"44","14  day ahead inc hosp",2020-12-26,"quantile",0.2,26.9519930571444
"34346",2020-12-12,"44","14  day ahead inc hosp",2020-12-26,"quantile",0.25,28.042752187933
"34347",2020-12-12,"44","14  day ahead inc hosp",2020-12-26,"quantile",0.3,29.0222875987093
"34348",2020-12-12,"44","14  day ahead inc hosp",2020-12-26,"quantile",0.35,29.9299731367518
"34349",2020-12-12,"44","14  day ahead inc hosp",2020-12-26,"quantile",0.4,30.7912779495918
"34350",2020-12-12,"44","14  day ahead inc hosp",2020-12-26,"quantile",0.45,31.6246003238139
"34351",2020-12-12,"44","14  day ahead inc hosp",2020-12-26,"quantile",0.5,32.4447106866252
"34352",2020-12-12,"44","14  day ahead inc hosp",2020-12-26,"quantile",0.55,33.2648210494365
"34353",2020-12-12,"44","14  day ahead inc hosp",2020-12-26,"quantile",0.6,34.0981434236586
"34354",2020-12-12,"44","14  day ahead inc hosp",2020-12-26,"quantile",0.65,34.9594482364987
"34355",2020-12-12,"44","14  day ahead inc hosp",2020-12-26,"quantile",0.7,35.8671337745411
"34356",2020-12-12,"44","14  day ahead inc hosp",2020-12-26,"quantile",0.75,36.8466691853174
"34357",2020-12-12,"44","14  day ahead inc hosp",2020-12-26,"quantile",0.8,37.937428316106
"34358",2020-12-12,"44","14  day ahead inc hosp",2020-12-26,"quantile",0.85,39.2088412992613
"34359",2020-12-12,"44","14  day ahead inc hosp",2020-12-26,"quantile",0.9,40.8085691497395
"34360",2020-12-12,"44","14  day ahead inc hosp",2020-12-26,"quantile",0.95,43.179606806483
"34361",2020-12-12,"44","14  day ahead inc hosp",2020-12-26,"quantile",0.975,45.2361283714285
"34362",2020-12-12,"44","14  day ahead inc hosp",2020-12-26,"quantile",0.99,47.6272791275416
"34363",2020-12-12,"44","15  day ahead inc hosp",2020-12-27,"quantile",0.01,19.4857560693603
"34364",2020-12-12,"44","15  day ahead inc hosp",2020-12-27,"quantile",0.025,21.9142997737544
"34365",2020-12-12,"44","15  day ahead inc hosp",2020-12-27,"quantile",0.05,24.0029813371109
"34366",2020-12-12,"44","15  day ahead inc hosp",2020-12-27,"quantile",0.1,26.4110974123707
"34367",2020-12-12,"44","15  day ahead inc hosp",2020-12-27,"quantile",0.15,28.0358418957918
"34368",2020-12-12,"44","15  day ahead inc hosp",2020-12-27,"quantile",0.2,29.3271373057667
"34369",2020-12-12,"44","15  day ahead inc hosp",2020-12-27,"quantile",0.25,30.4349537884016
"34370",2020-12-12,"44","15  day ahead inc hosp",2020-12-27,"quantile",0.3,31.4298072283155
"34371",2020-12-12,"44","15  day ahead inc hosp",2020-12-27,"quantile",0.35,32.3516872031967
"34372",2020-12-12,"44","15  day ahead inc hosp",2020-12-27,"quantile",0.4,33.2264611485196
"34373",2020-12-12,"44","15  day ahead inc hosp",2020-12-27,"quantile",0.45,34.072815064296
"34374",2020-12-12,"44","15  day ahead inc hosp",2020-12-27,"quantile",0.5,34.9057503584935
"34375",2020-12-12,"44","15  day ahead inc hosp",2020-12-27,"quantile",0.55,35.7386856526911
"34376",2020-12-12,"44","15  day ahead inc hosp",2020-12-27,"quantile",0.6,36.5850395684674
"34377",2020-12-12,"44","15  day ahead inc hosp",2020-12-27,"quantile",0.65,37.4598135137904
"34378",2020-12-12,"44","15  day ahead inc hosp",2020-12-27,"quantile",0.7,38.3816934886715
"34379",2020-12-12,"44","15  day ahead inc hosp",2020-12-27,"quantile",0.75,39.3765469285855
"34380",2020-12-12,"44","15  day ahead inc hosp",2020-12-27,"quantile",0.8,40.4843634112204
"34381",2020-12-12,"44","15  day ahead inc hosp",2020-12-27,"quantile",0.85,41.7756588211952
"34382",2020-12-12,"44","15  day ahead inc hosp",2020-12-27,"quantile",0.9,43.4004033046163
"34383",2020-12-12,"44","15  day ahead inc hosp",2020-12-27,"quantile",0.95,45.8085193798761
"34384",2020-12-12,"44","15  day ahead inc hosp",2020-12-27,"quantile",0.975,47.8972009432326
"34385",2020-12-12,"44","15  day ahead inc hosp",2020-12-27,"quantile",0.99,50.3257446476267
"34386",2020-12-12,"44","16  day ahead inc hosp",2020-12-28,"quantile",0.01,19.4655932981009
"34387",2020-12-12,"44","16  day ahead inc hosp",2020-12-28,"quantile",0.025,21.9309628667142
"34388",2020-12-12,"44","16  day ahead inc hosp",2020-12-28,"quantile",0.05,24.0513167049035
"34389",2020-12-12,"44","16  day ahead inc hosp",2020-12-28,"quantile",0.1,26.49594888463
"34390",2020-12-12,"44","16  day ahead inc hosp",2020-12-28,"quantile",0.15,28.1453306103742
"34391",2020-12-12,"44","16  day ahead inc hosp",2020-12-28,"quantile",0.2,29.4562069195309
"34392",2020-12-12,"44","16  day ahead inc hosp",2020-12-28,"quantile",0.25,30.5808220701475
"34393",2020-12-12,"44","16  day ahead inc hosp",2020-12-28,"quantile",0.3,31.5907612330937
"34394",2020-12-12,"44","16  day ahead inc hosp",2020-12-28,"quantile",0.35,32.5266203785864
"34395",2020-12-12,"44","16  day ahead inc hosp",2020-12-28,"quantile",0.4,33.4146591897937
"34396",2020-12-12,"44","16  day ahead inc hosp",2020-12-28,"quantile",0.45,34.2738470168261
"34397",2020-12-12,"44","16  day ahead inc hosp",2020-12-28,"quantile",0.5,35.1194127454655
"34398",2020-12-12,"44","16  day ahead inc hosp",2020-12-28,"quantile",0.55,35.9649784741049
"34399",2020-12-12,"44","16  day ahead inc hosp",2020-12-28,"quantile",0.6,36.8241663011373
"34400",2020-12-12,"44","16  day ahead inc hosp",2020-12-28,"quantile",0.65,37.7122051123445
"34401",2020-12-12,"44","16  day ahead inc hosp",2020-12-28,"quantile",0.7,38.6480642578373
"34402",2020-12-12,"44","16  day ahead inc hosp",2020-12-28,"quantile",0.75,39.6580034207835
"34403",2020-12-12,"44","16  day ahead inc hosp",2020-12-28,"quantile",0.8,40.7826185714001
"34404",2020-12-12,"44","16  day ahead inc hosp",2020-12-28,"quantile",0.85,42.0934948805568
"34405",2020-12-12,"44","16  day ahead inc hosp",2020-12-28,"quantile",0.9,43.742876606301
"34406",2020-12-12,"44","16  day ahead inc hosp",2020-12-28,"quantile",0.95,46.1875087860275
"34407",2020-12-12,"44","16  day ahead inc hosp",2020-12-28,"quantile",0.975,48.3078626242168
"34408",2020-12-12,"44","16  day ahead inc hosp",2020-12-28,"quantile",0.99,50.7732321928301
"34409",2020-12-12,"44","17  day ahead inc hosp",2020-12-29,"quantile",0.01,19.4488722029707
"34410",2020-12-12,"44","17  day ahead inc hosp",2020-12-29,"quantile",0.025,21.9505255953367
"34411",2020-12-12,"44","17  day ahead inc hosp",2020-12-29,"quantile",0.05,24.1020855236547
"34412",2020-12-12,"44","17  day ahead inc hosp",2020-12-29,"quantile",0.1,26.58269632674
"34413",2020-12-12,"44","17  day ahead inc hosp",2020-12-29,"quantile",0.15,28.2563526588555
"34414",2020-12-12,"44","17  day ahead inc hosp",2020-12-29,"quantile",0.2,29.5865216556355
"34415",2020-12-12,"44","17  day ahead inc hosp",2020-12-29,"quantile",0.25,30.7276882143794
"34416",2020-12-12,"44","17  day ahead inc hosp",2020-12-29,"quantile",0.3,31.7524910533666
"34417",2020-12-12,"44","17  day ahead inc hosp",2020-12-29,"quantile",0.35,32.7021236098419
"34418",2020-12-12,"44","17  day ahead inc hosp",2020-12-29,"quantile",0.4,33.6032320411669
"34419",2020-12-12,"44","17  day ahead inc hosp",2020-12-29,"quantile",0.45,34.4750648769166
"34420",2020-12-12,"44","17  day ahead inc hosp",2020-12-29,"quantile",0.5,35.3330751324375
"34421",2020-12-12,"44","17  day ahead inc hosp",2020-12-29,"quantile",0.55,36.1910853879583
"34422",2020-12-12,"44","17  day ahead inc hosp",2020-12-29,"quantile",0.6,37.0629182237081
"34423",2020-12-12,"44","17  day ahead inc hosp",2020-12-29,"quantile",0.65,37.964026655033
"34424",2020-12-12,"44","17  day ahead inc hosp",2020-12-29,"quantile",0.7,38.9136592115083
"34425",2020-12-12,"44","17  day ahead inc hosp",2020-12-29,"quantile",0.75,39.9384620504955
"34426",2020-12-12,"44","17  day ahead inc hosp",2020-12-29,"quantile",0.8,41.0796286092395
"34427",2020-12-12,"44","17  day ahead inc hosp",2020-12-29,"quantile",0.85,42.4097976060194
"34428",2020-12-12,"44","17  day ahead inc hosp",2020-12-29,"quantile",0.9,44.0834539381349
"34429",2020-12-12,"44","17  day ahead inc hosp",2020-12-29,"quantile",0.95,46.5640647412202
"34430",2020-12-12,"44","17  day ahead inc hosp",2020-12-29,"quantile",0.975,48.7156246695382
"34431",2020-12-12,"44","17  day ahead inc hosp",2020-12-29,"quantile",0.99,51.2172780619042
"34432",2020-12-12,"44","18  day ahead inc hosp",2020-12-30,"quantile",0.01,19.4354451405135
"34433",2020-12-12,"44","18  day ahead inc hosp",2020-12-30,"quantile",0.025,21.9728635690011
"34434",2020-12-12,"44","18  day ahead inc hosp",2020-12-30,"quantile",0.05,24.1551834014644
"34435",2020-12-12,"44","18  day ahead inc hosp",2020-12-30,"quantile",0.1,26.6712584040455
"34436",2020-12-12,"44","18  day ahead inc hosp",2020-12-30,"quantile",0.15,28.368842263194
"34437",2020-12-12,"44","18  day ahead inc hosp",2020-12-30,"quantile",0.2,29.7180280999418
"34438",2020-12-12,"44","18  day ahead inc hosp",2020-12-30,"quantile",0.25,30.8755094140866
"34439",2020-12-12,"44","18  day ahead inc hosp",2020-12-30,"quantile",0.3,31.9149634076526
"34440",2020-12-12,"44","18  day ahead inc hosp",2020-12-30,"quantile",0.35,32.8781724423036
"34441",2020-12-12,"44","18  day ahead inc hosp",2020-12-30,"quantile",0.4,33.7921636237705
"34442",2020-12-12,"44","18  day ahead inc hosp",2020-12-30,"quantile",0.45,34.6764606693736
"34443",2020-12-12,"44","18  day ahead inc hosp",2020-12-30,"quantile",0.5,35.5467375194094
"34444",2020-12-12,"44","18  day ahead inc hosp",2020-12-30,"quantile",0.55,36.4170143694453
"34445",2020-12-12,"44","18  day ahead inc hosp",2020-12-30,"quantile",0.6,37.3013114150484
"34446",2020-12-12,"44","18  day ahead inc hosp",2020-12-30,"quantile",0.65,38.2153025965153
"34447",2020-12-12,"44","18  day ahead inc hosp",2020-12-30,"quantile",0.7,39.1785116311663
"34448",2020-12-12,"44","18  day ahead inc hosp",2020-12-30,"quantile",0.75,40.2179656247323
"34449",2020-12-12,"44","18  day ahead inc hosp",2020-12-30,"quantile",0.8,41.3754469388771
"34450",2020-12-12,"44","18  day ahead inc hosp",2020-12-30,"quantile",0.85,42.7246327756249
"34451",2020-12-12,"44","18  day ahead inc hosp",2020-12-30,"quantile",0.9,44.4222166347734
"34452",2020-12-12,"44","18  day ahead inc hosp",2020-12-30,"quantile",0.95,46.9382916373545
"34453",2020-12-12,"44","18  day ahead inc hosp",2020-12-30,"quantile",0.975,49.1206114698177
"34454",2020-12-12,"44","18  day ahead inc hosp",2020-12-30,"quantile",0.99,51.6580298983054
"34455",2020-12-12,"44","19  day ahead inc hosp",2020-12-31,"quantile",0.01,19.4251747309496
"34456",2020-12-12,"44","19  day ahead inc hosp",2020-12-31,"quantile",0.025,21.997861044304
"34457",2020-12-12,"44","19  day ahead inc hosp",2020-12-31,"quantile",0.05,24.2105132034066
"34458",2020-12-12,"44","19  day ahead inc hosp",2020-12-31,"quantile",0.1,26.7615594360027
"34459",2020-12-12,"44","19  day ahead inc hosp",2020-12-31,"quantile",0.15,28.4827382180161
"34460",2020-12-12,"44","19  day ahead inc hosp",2020-12-31,"quantile",0.2,29.8506765514827
"34461",2020-12-12,"44","19  day ahead inc hosp",2020-12-31,"quantile",0.25,31.0242458380581
"34462",2020-12-12,"44","19  day ahead inc hosp",2020-12-31,"quantile",0.3,32.0781473280865
"34463",2020-12-12,"44","19  day ahead inc hosp",2020-12-31,"quantile",0.35,33.0547441213174
"34464",2020-12-12,"44","19  day ahead inc hosp",2020-12-31,"quantile",0.4,33.9814389764848
"34465",2020-12-12,"44","19  day ahead inc hosp",2020-12-31,"quantile",0.45,34.8780269734115
"34466",2020-12-12,"44","19  day ahead inc hosp",2020-12-31,"quantile",0.5,35.7603999063814
"34467",2020-12-12,"44","19  day ahead inc hosp",2020-12-31,"quantile",0.55,36.6427728393513
"34468",2020-12-12,"44","19  day ahead inc hosp",2020-12-31,"quantile",0.6,37.539360836278
"34469",2020-12-12,"44","19  day ahead inc hosp",2020-12-31,"quantile",0.65,38.4660556914455
"34470",2020-12-12,"44","19  day ahead inc hosp",2020-12-31,"quantile",0.7,39.4426524846763
"34471",2020-12-12,"44","19  day ahead inc hosp",2020-12-31,"quantile",0.75,40.4965539747047
"34472",2020-12-12,"44","19  day ahead inc hosp",2020-12-31,"quantile",0.8,41.6701232612802
"34473",2020-12-12,"44","19  day ahead inc hosp",2020-12-31,"quantile",0.85,43.0380615947467
"34474",2020-12-12,"44","19  day ahead inc hosp",2020-12-31,"quantile",0.9,44.7592403767601
"34475",2020-12-12,"44","19  day ahead inc hosp",2020-12-31,"quantile",0.95,47.3102866093562
"34476",2020-12-12,"44","19  day ahead inc hosp",2020-12-31,"quantile",0.975,49.5229387684589
"34477",2020-12-12,"44","19  day ahead inc hosp",2020-12-31,"quantile",0.99,52.0956250818132
"34478",2020-12-12,"44","20  day ahead inc hosp",2021-01-01,"quantile",0.01,19.4179328862169
"34479",2020-12-12,"44","20  day ahead inc hosp",2021-01-01,"quantile",0.025,22.0254101061774
"34480",2020-12-12,"44","20  day ahead inc hosp",2021-01-01,"quantile",0.05,24.2679843643015
"34481",2020-12-12,"44","20  day ahead inc hosp",2021-01-01,"quantile",0.1,26.8535288607416
"34482",2020-12-12,"44","20  day ahead inc hosp",2021-01-01,"quantile",0.15,28.5979834575898
"34483",2020-12-12,"44","20  day ahead inc hosp",2021-01-01,"quantile",0.2,29.9844206708286
"34484",2020-12-12,"44","20  day ahead inc hosp",2021-01-01,"quantile",0.25,31.1738603490773
"34485",2020-12-12,"44","20  day ahead inc hosp",2021-01-01,"quantile",0.3,32.2420139413232
"34486",2020-12-12,"44","20  day ahead inc hosp",2021-01-01,"quantile",0.35,33.2318174312465
"34487",2020-12-12,"44","20  day ahead inc hosp",2021-01-01,"quantile",0.4,34.1710441500893
"34488",2020-12-12,"44","20  day ahead inc hosp",2021-01-01,"quantile",0.45,35.079756870152
"34489",2020-12-12,"44","20  day ahead inc hosp",2021-01-01,"quantile",0.5,35.9740622933534
"34490",2020-12-12,"44","20  day ahead inc hosp",2021-01-01,"quantile",0.55,36.8683677165548
"34491",2020-12-12,"44","20  day ahead inc hosp",2021-01-01,"quantile",0.6,37.7770804366175
"34492",2020-12-12,"44","20  day ahead inc hosp",2021-01-01,"quantile",0.65,38.7163071554603
"34493",2020-12-12,"44","20  day ahead inc hosp",2021-01-01,"quantile",0.7,39.7061106453836
"34494",2020-12-12,"44","20  day ahead inc hosp",2021-01-01,"quantile",0.75,40.7742642376295
"34495",2020-12-12,"44","20  day ahead inc hosp",2021-01-01,"quantile",0.8,41.9637039158782
"34496",2020-12-12,"44","20  day ahead inc hosp",2021-01-01,"quantile",0.85,43.350141129117
"34497",2020-12-12,"44","20  day ahead inc hosp",2021-01-01,"quantile",0.9,45.0945957259652
"34498",2020-12-12,"44","20  day ahead inc hosp",2021-01-01,"quantile",0.95,47.6801402224053
"34499",2020-12-12,"44","20  day ahead inc hosp",2021-01-01,"quantile",0.975,49.9227144805294
"34500",2020-12-12,"44","20  day ahead inc hosp",2021-01-01,"quantile",0.99,52.5301917004899
"34501",2020-12-12,"44","21  day ahead inc hosp",2021-01-02,"quantile",0.01,19.4135999532453
"34502",2020-12-12,"44","21  day ahead inc hosp",2021-01-02,"quantile",0.025,22.0554099460921
"34503",2020-12-12,"44","21  day ahead inc hosp",2021-01-02,"quantile",0.05,24.3275122829642
"34504",2020-12-12,"44","21  day ahead inc hosp",2021-01-02,"quantile",0.1,26.9471007631079
"34505",2020-12-12,"44","21  day ahead inc hosp",2021-01-02,"quantile",0.15,28.7145246741366
"34506",2020-12-12,"44","21  day ahead inc hosp",2021-01-02,"quantile",0.2,30.1192171701441
"34507",2020-12-12,"44","21  day ahead inc hosp",2021-01-02,"quantile",0.25,31.324318255527
"34508",2020-12-12,"44","21  day ahead inc hosp",2021-01-02,"quantile",0.3,32.4065362754157
"34509",2020-12-12,"44","21  day ahead inc hosp",2021-01-02,"quantile",0.35,33.4093725535687
"34510",2020-12-12,"44","21  day ahead inc hosp",2021-01-02,"quantile",0.4,34.3609661139624
"34511",2020-12-12,"44","21  day ahead inc hosp",2021-01-02,"quantile",0.45,35.2816438963459
"34512",2020-12-12,"44","21  day ahead inc hosp",2021-01-02,"quantile",0.5,36.1877246803254
"34513",2020-12-12,"44","21  day ahead inc hosp",2021-01-02,"quantile",0.55,37.0938054643048
"34514",2020-12-12,"44","21  day ahead inc hosp",2021-01-02,"quantile",0.6,38.0144832466883
"34515",2020-12-12,"44","21  day ahead inc hosp",2021-01-02,"quantile",0.65,38.966076807082
"34516",2020-12-12,"44","21  day ahead inc hosp",2021-01-02,"quantile",0.7,39.968913085235
"34517",2020-12-12,"44","21  day ahead inc hosp",2021-01-02,"quantile",0.75,41.0511311051237
"34518",2020-12-12,"44","21  day ahead inc hosp",2021-01-02,"quantile",0.8,42.2562321905067
"34519",2020-12-12,"44","21  day ahead inc hosp",2021-01-02,"quantile",0.85,43.6609246865141
"34520",2020-12-12,"44","21  day ahead inc hosp",2021-01-02,"quantile",0.9,45.4283485975429
"34521",2020-12-12,"44","21  day ahead inc hosp",2021-01-02,"quantile",0.95,48.0479370776866
"34522",2020-12-12,"44","21  day ahead inc hosp",2021-01-02,"quantile",0.975,50.3200394145587
"34523",2020-12-12,"44","21  day ahead inc hosp",2021-01-02,"quantile",0.99,52.9618494074055
"34524",2020-12-12,"44","22  day ahead inc hosp",2021-01-03,"quantile",0.01,23.6958321881109
"34525",2020-12-12,"44","22  day ahead inc hosp",2021-01-03,"quantile",0.025,26.3715344555534
"34526",2020-12-12,"44","22  day ahead inc hosp",2021-01-03,"quantile",0.05,28.6727860183424
"34527",2020-12-12,"44","22  day ahead inc hosp",2021-01-03,"quantile",0.1,31.3259816891385
"34528",2020-12-12,"44","22  day ahead inc hosp",2021-01-03,"quantile",0.15,33.1160802121499
"34529",2020-12-12,"44","22  day ahead inc hosp",2021-01-03,"quantile",0.2,34.5387937709614
"34530",2020-12-12,"44","22  day ahead inc hosp",2021-01-03,"quantile",0.25,35.7593553236043
"34531",2020-12-12,"44","22  day ahead inc hosp",2021-01-03,"quantile",0.3,36.8554573209183
"34532",2020-12-12,"44","22  day ahead inc hosp",2021-01-03,"quantile",0.35,37.871159173282
"34533",2020-12-12,"44","22  day ahead inc hosp",2021-01-03,"quantile",0.4,38.8349609054746
"34534",2020-12-12,"44","22  day ahead inc hosp",2021-01-03,"quantile",0.45,39.7674502353574
"34535",2020-12-12,"44","22  day ahead inc hosp",2021-01-03,"quantile",0.5,40.685155299213
"34536",2020-12-12,"44","22  day ahead inc hosp",2021-01-03,"quantile",0.55,41.6028603630687
"34537",2020-12-12,"44","22  day ahead inc hosp",2021-01-03,"quantile",0.6,42.5353496929515
"34538",2020-12-12,"44","22  day ahead inc hosp",2021-01-03,"quantile",0.65,43.499151425144
"34539",2020-12-12,"44","22  day ahead inc hosp",2021-01-03,"quantile",0.7,44.5148532775078
"34540",2020-12-12,"44","22  day ahead inc hosp",2021-01-03,"quantile",0.75,45.6109552748218
"34541",2020-12-12,"44","22  day ahead inc hosp",2021-01-03,"quantile",0.8,46.8315168274647
"34542",2020-12-12,"44","22  day ahead inc hosp",2021-01-03,"quantile",0.85,48.2542303862762
"34543",2020-12-12,"44","22  day ahead inc hosp",2021-01-03,"quantile",0.9,50.0443289092876
"34544",2020-12-12,"44","22  day ahead inc hosp",2021-01-03,"quantile",0.95,52.6975245800836
"34545",2020-12-12,"44","22  day ahead inc hosp",2021-01-03,"quantile",0.975,54.9987761428726
"34546",2020-12-12,"44","22  day ahead inc hosp",2021-01-03,"quantile",0.99,57.6744784103152
"34547",2020-12-12,"44","23  day ahead inc hosp",2021-01-04,"quantile",0.01,23.6969881559513
"34548",2020-12-12,"44","23  day ahead inc hosp",2021-01-04,"quantile",0.025,26.4061587319191
"34549",2020-12-12,"44","23  day ahead inc hosp",2021-01-04,"quantile",0.05,28.7361948864149
"34550",2020-12-12,"44","23  day ahead inc hosp",2021-01-04,"quantile",0.1,31.4225773479718
"34551",2020-12-12,"44","23  day ahead inc hosp",2021-01-04,"quantile",0.15,33.2350668411549
"34552",2020-12-12,"44","23  day ahead inc hosp",2021-01-04,"quantile",0.2,34.6755760332507
"34553",2020-12-12,"44","23  day ahead inc hosp",2021-01-04,"quantile",0.25,35.9114046546982
"34554",2020-12-12,"44","23  day ahead inc hosp",2021-01-04,"quantile",0.3,37.0212169516474
"34555",2020-12-12,"44","23  day ahead inc hosp",2021-01-04,"quantile",0.35,38.0496234398662
"34556",2020-12-12,"44","23  day ahead inc hosp",2021-01-04,"quantile",0.4,39.0254806290962
"34557",2020-12-12,"44","23  day ahead inc hosp",2021-01-04,"quantile",0.45,39.9696337531794
"34558",2020-12-12,"44","23  day ahead inc hosp",2021-01-04,"quantile",0.5,40.898817686185
"34559",2020-12-12,"44","23  day ahead inc hosp",2021-01-04,"quantile",0.55,41.8280016191906
"34560",2020-12-12,"44","23  day ahead inc hosp",2021-01-04,"quantile",0.6,42.7721547432739
"34561",2020-12-12,"44","23  day ahead inc hosp",2021-01-04,"quantile",0.65,43.7480119325038
"34562",2020-12-12,"44","23  day ahead inc hosp",2021-01-04,"quantile",0.7,44.7764184207227
"34563",2020-12-12,"44","23  day ahead inc hosp",2021-01-04,"quantile",0.75,45.8862307176718
"34564",2020-12-12,"44","23  day ahead inc hosp",2021-01-04,"quantile",0.8,47.1220593391194
"34565",2020-12-12,"44","23  day ahead inc hosp",2021-01-04,"quantile",0.85,48.5625685312151
"34566",2020-12-12,"44","23  day ahead inc hosp",2021-01-04,"quantile",0.9,50.3750580243982
"34567",2020-12-12,"44","23  day ahead inc hosp",2021-01-04,"quantile",0.95,53.0614404859551
"34568",2020-12-12,"44","23  day ahead inc hosp",2021-01-04,"quantile",0.975,55.391476640451
"34569",2020-12-12,"44","23  day ahead inc hosp",2021-01-04,"quantile",0.99,58.1006472164187
"34570",2020-12-12,"44","24  day ahead inc hosp",2021-01-05,"quantile",0.01,23.7007375239172
"34571",2020-12-12,"44","24  day ahead inc hosp",2021-01-05,"quantile",0.025,26.4429679656163
"34572",2020-12-12,"44","24  day ahead inc hosp",2021-01-05,"quantile",0.05,28.8014374284835
"34573",2020-12-12,"44","24  day ahead inc hosp",2021-01-05,"quantile",0.1,31.5206016736128
"34574",2020-12-12,"44","24  day ahead inc hosp",2021-01-05,"quantile",0.15,33.3552088805404
"34575",2020-12-12,"44","24  day ahead inc hosp",2021-01-05,"quantile",0.2,34.8132965303744
"34576",2020-12-12,"44","24  day ahead inc hosp",2021-01-05,"quantile",0.25,36.0642059033459
"34577",2020-12-12,"44","24  day ahead inc hosp",2021-01-05,"quantile",0.3,37.1875611812538
"34578",2020-12-12,"44","24  day ahead inc hosp",2021-01-05,"quantile",0.35,38.2285172596385
"34579",2020-12-12,"44","24  day ahead inc hosp",2021-01-05,"quantile",0.4,39.2162827827088
"34580",2020-12-12,"44","24  day ahead inc hosp",2021-01-05,"quantile",0.45,40.1719573575965
"34581",2020-12-12,"44","24  day ahead inc hosp",2021-01-05,"quantile",0.5,41.112480073157
"34582",2020-12-12,"44","24  day ahead inc hosp",2021-01-05,"quantile",0.55,42.0530027887175
"34583",2020-12-12,"44","24  day ahead inc hosp",2021-01-05,"quantile",0.6,43.0086773636052
"34584",2020-12-12,"44","24  day ahead inc hosp",2021-01-05,"quantile",0.65,43.9964428866755
"34585",2020-12-12,"44","24  day ahead inc hosp",2021-01-05,"quantile",0.7,45.0373989650602
"34586",2020-12-12,"44","24  day ahead inc hosp",2021-01-05,"quantile",0.75,46.1607542429681
"34587",2020-12-12,"44","24  day ahead inc hosp",2021-01-05,"quantile",0.8,47.4116636159395
"34588",2020-12-12,"44","24  day ahead inc hosp",2021-01-05,"quantile",0.85,48.8697512657736
"34589",2020-12-12,"44","24  day ahead inc hosp",2021-01-05,"quantile",0.9,50.7043584727012
"34590",2020-12-12,"44","24  day ahead inc hosp",2021-01-05,"quantile",0.95,53.4235227178305
"34591",2020-12-12,"44","24  day ahead inc hosp",2021-01-05,"quantile",0.975,55.7819921806977
"34592",2020-12-12,"44","24  day ahead inc hosp",2021-01-05,"quantile",0.99,58.5242226223968
"34593",2020-12-12,"44","25  day ahead inc hosp",2021-01-06,"quantile",0.01,23.7069875991602
"34594",2020-12-12,"44","25  day ahead inc hosp",2021-01-06,"quantile",0.025,26.481884062287
"34595",2020-12-12,"44","25  day ahead inc hosp",2021-01-06,"quantile",0.05,28.8684481056967
"34596",2020-12-12,"44","25  day ahead inc hosp",2021-01-06,"quantile",0.1,31.6200036029054
"34597",2020-12-12,"44","25  day ahead inc hosp",2021-01-06,"quantile",0.15,33.4764650338331
"34598",2020-12-12,"44","25  day ahead inc hosp",2021-01-06,"quantile",0.2,34.9519217281094
"34599",2020-12-12,"44","25  day ahead inc hosp",2021-01-06,"quantile",0.25,36.2177321946434
"34600",2020-12-12,"44","25  day ahead inc hosp",2021-01-06,"quantile",0.3,37.3544691151079
"34601",2020-12-12,"44","25  day ahead inc hosp",2021-01-06,"quantile",0.35,38.4078252795849
"34602",2020-12-12,"44","25  day ahead inc hosp",2021-01-06,"quantile",0.4,39.4073572717496
"34603",2020-12-12,"44","25  day ahead inc hosp",2021-01-06,"quantile",0.45,40.3744160416584
"34604",2020-12-12,"44","25  day ahead inc hosp",2021-01-06,"quantile",0.5,41.326142460129
"34605",2020-12-12,"44","25  day ahead inc hosp",2021-01-06,"quantile",0.55,42.2778688785995
"34606",2020-12-12,"44","25  day ahead inc hosp",2021-01-06,"quantile",0.6,43.2449276485084
"34607",2020-12-12,"44","25  day ahead inc hosp",2021-01-06,"quantile",0.65,44.2444596406731
"34608",2020-12-12,"44","25  day ahead inc hosp",2021-01-06,"quantile",0.7,45.29781580515
"34609",2020-12-12,"44","25  day ahead inc hosp",2021-01-06,"quantile",0.75,46.4345527256146
"34610",2020-12-12,"44","25  day ahead inc hosp",2021-01-06,"quantile",0.8,47.7003631921485
"34611",2020-12-12,"44","25  day ahead inc hosp",2021-01-06,"quantile",0.85,49.1758198864249
"34612",2020-12-12,"44","25  day ahead inc hosp",2021-01-06,"quantile",0.9,51.0322813173526
"34613",2020-12-12,"44","25  day ahead inc hosp",2021-01-06,"quantile",0.95,53.7838368145613
"34614",2020-12-12,"44","25  day ahead inc hosp",2021-01-06,"quantile",0.975,56.1704008579709
"34615",2020-12-12,"44","25  day ahead inc hosp",2021-01-06,"quantile",0.99,58.9452973210977
"34616",2020-12-12,"44","26  day ahead inc hosp",2021-01-07,"quantile",0.01,23.7156510823752
"34617",2020-12-12,"44","26  day ahead inc hosp",2021-01-07,"quantile",0.025,26.5228334716697
"34618",2020-12-12,"44","26  day ahead inc hosp",2021-01-07,"quantile",0.05,28.9371651927295
"34619",2020-12-12,"44","26  day ahead inc hosp",2021-01-07,"quantile",0.1,31.7207350439185
"34620",2020-12-12,"44","26  day ahead inc hosp",2021-01-07,"quantile",0.15,33.5987964074883
"34621",2020-12-12,"44","26  day ahead inc hosp",2021-01-07,"quantile",0.2,35.0914200434968
"34622",2020-12-12,"44","26  day ahead inc hosp",2021-01-07,"quantile",0.25,36.3719582174634
"34623",2020-12-12,"44","26  day ahead inc hosp",2021-01-07,"quantile",0.3,37.5219210743815
"34624",2020-12-12,"44","26  day ahead inc hosp",2021-01-07,"quantile",0.35,38.5875330400411
"34625",2020-12-12,"44","26  day ahead inc hosp",2021-01-07,"quantile",0.4,39.5986945890308
"34626",2020-12-12,"44","26  day ahead inc hosp",2021-01-07,"quantile",0.45,40.5770050897556
"34627",2020-12-12,"44","26  day ahead inc hosp",2021-01-07,"quantile",0.5,41.539804847101
"34628",2020-12-12,"44","26  day ahead inc hosp",2021-01-07,"quantile",0.55,42.5026046044463
"34629",2020-12-12,"44","26  day ahead inc hosp",2021-01-07,"quantile",0.6,43.4809151051711
"34630",2020-12-12,"44","26  day ahead inc hosp",2021-01-07,"quantile",0.65,44.4920766541608
"34631",2020-12-12,"44","26  day ahead inc hosp",2021-01-07,"quantile",0.7,45.5576886198204
"34632",2020-12-12,"44","26  day ahead inc hosp",2021-01-07,"quantile",0.75,46.7076514767385
"34633",2020-12-12,"44","26  day ahead inc hosp",2021-01-07,"quantile",0.8,47.9881896507051
"34634",2020-12-12,"44","26  day ahead inc hosp",2021-01-07,"quantile",0.85,49.4808132867136
"34635",2020-12-12,"44","26  day ahead inc hosp",2021-01-07,"quantile",0.9,51.3588746502834
"34636",2020-12-12,"44","26  day ahead inc hosp",2021-01-07,"quantile",0.95,54.1424445014725
"34637",2020-12-12,"44","26  day ahead inc hosp",2021-01-07,"quantile",0.975,56.5567762225322
"34638",2020-12-12,"44","26  day ahead inc hosp",2021-01-07,"quantile",0.99,59.3639586118267
"34639",2020-12-12,"44","27  day ahead inc hosp",2021-01-08,"quantile",0.01,23.7266456383956
"34640",2020-12-12,"44","27  day ahead inc hosp",2021-01-08,"quantile",0.025,26.5657468258241
"34641",2020-12-12,"44","27  day ahead inc hosp",2021-01-08,"quantile",0.05,29.007530474171
"34642",2020-12-12,"44","27  day ahead inc hosp",2021-01-08,"quantile",0.1,31.822750639394
"34643",2020-12-12,"44","27  day ahead inc hosp",2021-01-08,"quantile",0.15,33.7221663195822
"34644",2020-12-12,"44","27  day ahead inc hosp",2021-01-08,"quantile",0.2,35.2317616894935
"34645",2020-12-12,"44","27  day ahead inc hosp",2021-01-08,"quantile",0.25,36.5268600999568
"34646",2020-12-12,"44","27  day ahead inc hosp",2021-01-08,"quantile",0.3,37.689898499252
"34647",2020-12-12,"44","27  day ahead inc hosp",2021-01-08,"quantile",0.35,38.7676269035694
"34648",2020-12-12,"44","27  day ahead inc hosp",2021-01-08,"quantile",0.4,39.7902857679761
"34649",2020-12-12,"44","27  day ahead inc hosp",2021-01-08,"quantile",0.45,40.7797200544243
"34650",2020-12-12,"44","27  day ahead inc hosp",2021-01-08,"quantile",0.5,41.7534672340729
"34651",2020-12-12,"44","27  day ahead inc hosp",2021-01-08,"quantile",0.55,42.7272144137216
"34652",2020-12-12,"44","27  day ahead inc hosp",2021-01-08,"quantile",0.6,43.7166487001697
"34653",2020-12-12,"44","27  day ahead inc hosp",2021-01-08,"quantile",0.65,44.7393075645765
"34654",2020-12-12,"44","27  day ahead inc hosp",2021-01-08,"quantile",0.7,45.8170359688939
"34655",2020-12-12,"44","27  day ahead inc hosp",2021-01-08,"quantile",0.75,46.9800743681891
"34656",2020-12-12,"44","27  day ahead inc hosp",2021-01-08,"quantile",0.8,48.2751727786524
"34657",2020-12-12,"44","27  day ahead inc hosp",2021-01-08,"quantile",0.85,49.7847681485636
"34658",2020-12-12,"44","27  day ahead inc hosp",2021-01-08,"quantile",0.9,51.6841838287519
"34659",2020-12-12,"44","27  day ahead inc hosp",2021-01-08,"quantile",0.95,54.4994039939749
"34660",2020-12-12,"44","27  day ahead inc hosp",2021-01-08,"quantile",0.975,56.9411876423218
"34661",2020-12-12,"44","27  day ahead inc hosp",2021-01-08,"quantile",0.99,59.7802888297502
"34662",2020-12-12,"44","28  day ahead inc hosp",2021-01-09,"quantile",0.01,23.7398935097699
"34663",2020-12-12,"44","28  day ahead inc hosp",2021-01-09,"quantile",0.025,26.6105586135655
"34664",2020-12-12,"44","28  day ahead inc hosp",2021-01-09,"quantile",0.05,29.0794889713021
"34665",2020-12-12,"44","28  day ahead inc hosp",2021-01-09,"quantile",0.1,31.9260075538706
"34666",2020-12-12,"44","28  day ahead inc hosp",2021-01-09,"quantile",0.15,33.8465401276523
"34667",2020-12-12,"44","28  day ahead inc hosp",2021-01-09,"quantile",0.2,35.3729185351724
"34668",2020-12-12,"44","28  day ahead inc hosp",2021-01-09,"quantile",0.25,36.6824152975142
"34669",2020-12-12,"44","28  day ahead inc hosp",2021-01-09,"quantile",0.3,37.858383861796
"34670",2020-12-12,"44","28  day ahead inc hosp",2021-01-09,"quantile",0.35,38.9480939909532
"34671",2020-12-12,"44","28  day ahead inc hosp",2021-01-09,"quantile",0.4,39.9821223405376
"34672",2020-12-12,"44","28  day ahead inc hosp",2021-01-09,"quantile",0.45,40.9825567354731
"34673",2020-12-12,"44","28  day ahead inc hosp",2021-01-09,"quantile",0.5,41.9671296210449
"34674",2020-12-12,"44","28  day ahead inc hosp",2021-01-09,"quantile",0.55,42.9517025066167
"34675",2020-12-12,"44","28  day ahead inc hosp",2021-01-09,"quantile",0.6,43.9521369015522
"34676",2020-12-12,"44","28  day ahead inc hosp",2021-01-09,"quantile",0.65,44.9861652511366
"34677",2020-12-12,"44","28  day ahead inc hosp",2021-01-09,"quantile",0.7,46.0758753802939
"34678",2020-12-12,"44","28  day ahead inc hosp",2021-01-09,"quantile",0.75,47.2518439445756
"34679",2020-12-12,"44","28  day ahead inc hosp",2021-01-09,"quantile",0.8,48.5613407069174
"34680",2020-12-12,"44","28  day ahead inc hosp",2021-01-09,"quantile",0.85,50.0877191144376
"34681",2020-12-12,"44","28  day ahead inc hosp",2021-01-09,"quantile",0.9,52.0082516882192
"34682",2020-12-12,"44","28  day ahead inc hosp",2021-01-09,"quantile",0.95,54.8547702707877
"34683",2020-12-12,"44","28  day ahead inc hosp",2021-01-09,"quantile",0.975,57.3237006285243
"34684",2020-12-12,"44","28  day ahead inc hosp",2021-01-09,"quantile",0.99,60.1943657323199
"34685",2020-12-12,"44","29  day ahead inc hosp",2021-01-10,"quantile",0.01,20.0617523005275
"34686",2020-12-12,"44","29  day ahead inc hosp",2021-01-10,"quantile",0.025,22.9636380191323
"34687",2020-12-12,"44","29  day ahead inc hosp",2021-01-10,"quantile",0.05,25.4594198279794
"34688",2020-12-12,"44","29  day ahead inc hosp",2021-01-10,"quantile",0.1,28.336896414007
"34689",2020-12-12,"44","29  day ahead inc hosp",2021-01-10,"quantile",0.15,30.2783162057491
"34690",2020-12-12,"44","29  day ahead inc hosp",2021-01-10,"quantile",0.2,31.821295111966
"34691",2020-12-12,"44","29  day ahead inc hosp",2021-01-10,"quantile",0.25,33.145033624053
"34692",2020-12-12,"44","29  day ahead inc hosp",2021-01-10,"quantile",0.3,34.3337917197659
"34693",2020-12-12,"44","29  day ahead inc hosp",2021-01-10,"quantile",0.35,35.4353532558152
"34694",2020-12-12,"44","29  day ahead inc hosp",2021-01-10,"quantile",0.4,36.4806274315886
"34695",2020-12-12,"44","29  day ahead inc hosp",2021-01-10,"quantile",0.45,37.4919422935088
"34696",2020-12-12,"44","29  day ahead inc hosp",2021-01-10,"quantile",0.5,38.487223140372
"34697",2020-12-12,"44","29  day ahead inc hosp",2021-01-10,"quantile",0.55,39.4825039872352
"34698",2020-12-12,"44","29  day ahead inc hosp",2021-01-10,"quantile",0.6,40.4938188491554
"34699",2020-12-12,"44","29  day ahead inc hosp",2021-01-10,"quantile",0.65,41.5390930249288
"34700",2020-12-12,"44","29  day ahead inc hosp",2021-01-10,"quantile",0.7,42.6406545609781
"34701",2020-12-12,"44","29  day ahead inc hosp",2021-01-10,"quantile",0.75,43.8294126566909
"34702",2020-12-12,"44","29  day ahead inc hosp",2021-01-10,"quantile",0.8,45.153151168778
"34703",2020-12-12,"44","29  day ahead inc hosp",2021-01-10,"quantile",0.85,46.6961300749948
"34704",2020-12-12,"44","29  day ahead inc hosp",2021-01-10,"quantile",0.9,48.6375498667369
"34705",2020-12-12,"44","29  day ahead inc hosp",2021-01-10,"quantile",0.95,51.5150264527646
"34706",2020-12-12,"44","29  day ahead inc hosp",2021-01-10,"quantile",0.975,54.0108082616117
"34707",2020-12-12,"44","29  day ahead inc hosp",2021-01-10,"quantile",0.99,56.9126939802164
"34708",2020-12-12,"44","30  day ahead inc hosp",2021-01-11,"quantile",0.01,20.0792901315744
"34709",2020-12-12,"44","30  day ahead inc hosp",2021-01-11,"quantile",0.025,23.0120641272198
"34710",2020-12-12,"44","30  day ahead inc hosp",2021-01-11,"quantile",0.05,25.5344115583623
"34711",2020-12-12,"44","30  day ahead inc hosp",2021-01-11,"quantile",0.1,28.4425166055308
"34712",2020-12-12,"44","30  day ahead inc hosp",2021-01-11,"quantile",0.15,30.4046012745957
"34713",2020-12-12,"44","30  day ahead inc hosp",2021-01-11,"quantile",0.2,31.9640039702187
"34714",2020-12-12,"44","30  day ahead inc hosp",2021-01-11,"quantile",0.25,33.3018326312144
"34715",2020-12-12,"44","30  day ahead inc hosp",2021-01-11,"quantile",0.3,34.5032441161215
"34716",2020-12-12,"44","30  day ahead inc hosp",2021-01-11,"quantile",0.35,35.6165309029913
"34717",2020-12-12,"44","30  day ahead inc hosp",2021-01-11,"quantile",0.4,36.6729311951784
"34718",2020-12-12,"44","30  day ahead inc hosp",2021-01-11,"quantile",0.45,37.6950107034905
"34719",2020-12-12,"44","30  day ahead inc hosp",2021-01-11,"quantile",0.5,38.700885527344
"34720",2020-12-12,"44","30  day ahead inc hosp",2021-01-11,"quantile",0.55,39.7067603511974
"34721",2020-12-12,"44","30  day ahead inc hosp",2021-01-11,"quantile",0.6,40.7288398595095
"34722",2020-12-12,"44","30  day ahead inc hosp",2021-01-11,"quantile",0.65,41.7852401516967
"34723",2020-12-12,"44","30  day ahead inc hosp",2021-01-11,"quantile",0.7,42.8985269385665
"34724",2020-12-12,"44","30  day ahead inc hosp",2021-01-11,"quantile",0.75,44.0999384234736
"34725",2020-12-12,"44","30  day ahead inc hosp",2021-01-11,"quantile",0.8,45.4377670844692
"34726",2020-12-12,"44","30  day ahead inc hosp",2021-01-11,"quantile",0.85,46.9971697800922
"34727",2020-12-12,"44","30  day ahead inc hosp",2021-01-11,"quantile",0.9,48.9592544491571
"34728",2020-12-12,"44","30  day ahead inc hosp",2021-01-11,"quantile",0.95,51.8673594963256
"34729",2020-12-12,"44","30  day ahead inc hosp",2021-01-11,"quantile",0.975,54.3897069274681
"34730",2020-12-12,"44","30  day ahead inc hosp",2021-01-11,"quantile",0.99,57.3224809231136
"34731",2020-12-12,"44","31  day ahead inc hosp",2021-01-12,"quantile",0.01,20.0988721492115
"34732",2020-12-12,"44","31  day ahead inc hosp",2021-01-12,"quantile",0.025,23.0622124764818
"34733",2020-12-12,"44","31  day ahead inc hosp",2021-01-12,"quantile",0.05,25.610848639101
"34734",2020-12-12,"44","31  day ahead inc hosp",2021-01-12,"quantile",0.1,28.5492629100295
"34735",2020-12-12,"44","31  day ahead inc hosp",2021-01-12,"quantile",0.15,30.5317970684719
"34736",2020-12-12,"44","31  day ahead inc hosp",2021-01-12,"quantile",0.2,32.1074523699902
"34737",2020-12-12,"44","31  day ahead inc hosp",2021-01-12,"quantile",0.25,33.4592243196845
"34738",2020-12-12,"44","31  day ahead inc hosp",2021-01-12,"quantile",0.3,34.6731573087784
"34739",2020-12-12,"44","31  day ahead inc hosp",2021-01-12,"quantile",0.35,35.7980471353545
"34740",2020-12-12,"44","31  day ahead inc hosp",2021-01-12,"quantile",0.4,36.8654575775592
"34741",2020-12-12,"44","31  day ahead inc hosp",2021-01-12,"quantile",0.45,37.8981895334327
"34742",2020-12-12,"44","31  day ahead inc hosp",2021-01-12,"quantile",0.5,38.9145479143159
"34743",2020-12-12,"44","31  day ahead inc hosp",2021-01-12,"quantile",0.55,39.9309062951992
"34744",2020-12-12,"44","31  day ahead inc hosp",2021-01-12,"quantile",0.6,40.9636382510727
"34745",2020-12-12,"44","31  day ahead inc hosp",2021-01-12,"quantile",0.65,42.0310486932774
"34746",2020-12-12,"44","31  day ahead inc hosp",2021-01-12,"quantile",0.7,43.1559385198535
"34747",2020-12-12,"44","31  day ahead inc hosp",2021-01-12,"quantile",0.75,44.3698715089474
"34748",2020-12-12,"44","31  day ahead inc hosp",2021-01-12,"quantile",0.8,45.7216434586417
"34749",2020-12-12,"44","31  day ahead inc hosp",2021-01-12,"quantile",0.85,47.29729876016
"34750",2020-12-12,"44","31  day ahead inc hosp",2021-01-12,"quantile",0.9,49.2798329186024
"34751",2020-12-12,"44","31  day ahead inc hosp",2021-01-12,"quantile",0.95,52.2182471895309
"34752",2020-12-12,"44","31  day ahead inc hosp",2021-01-12,"quantile",0.975,54.7668833521501
"34753",2020-12-12,"44","31  day ahead inc hosp",2021-01-12,"quantile",0.99,57.7302236794203
"34754",2020-12-12,"44","32  day ahead inc hosp",2021-01-13,"quantile",0.01,20.1204357363546
"34755",2020-12-12,"44","32  day ahead inc hosp",2021-01-13,"quantile",0.025,23.1140303115966
"34756",2020-12-12,"44","32  day ahead inc hosp",2021-01-13,"quantile",0.05,25.6886867965338
"34757",2020-12-12,"44","32  day ahead inc hosp",2021-01-13,"quantile",0.1,28.6571008326524
"34758",2020-12-12,"44","32  day ahead inc hosp",2021-01-13,"quantile",0.15,30.6598756902443
"34759",2020-12-12,"44","32  day ahead inc hosp",2021-01-13,"quantile",0.2,32.2516176578034
"34760",2020-12-12,"44","32  day ahead inc hosp",2021-01-13,"quantile",0.25,33.6171905345769
"34761",2020-12-12,"44","32  day ahead inc hosp",2021-01-13,"quantile",0.3,34.8435171827234
"34762",2020-12-12,"44","32  day ahead inc hosp",2021-01-13,"quantile",0.35,35.9798915814362
"34763",2020-12-12,"44","32  day ahead inc hosp",2021-01-13,"quantile",0.4,37.0581997595199
"34764",2020-12-12,"44","32  day ahead inc hosp",2021-01-13,"quantile",0.45,38.1014754009747
"34765",2020-12-12,"44","32  day ahead inc hosp",2021-01-13,"quantile",0.5,39.1282103012879
"34766",2020-12-12,"44","32  day ahead inc hosp",2021-01-13,"quantile",0.55,40.1549452016011
"34767",2020-12-12,"44","32  day ahead inc hosp",2021-01-13,"quantile",0.6,41.198220843056
"34768",2020-12-12,"44","32  day ahead inc hosp",2021-01-13,"quantile",0.65,42.2765290211396
"34769",2020-12-12,"44","32  day ahead inc hosp",2021-01-13,"quantile",0.7,43.4129034198524
"34770",2020-12-12,"44","32  day ahead inc hosp",2021-01-13,"quantile",0.75,44.639230067999
"34771",2020-12-12,"44","32  day ahead inc hosp",2021-01-13,"quantile",0.8,46.0048029447724
"34772",2020-12-12,"44","32  day ahead inc hosp",2021-01-13,"quantile",0.85,47.5965449123315
"34773",2020-12-12,"44","32  day ahead inc hosp",2021-01-13,"quantile",0.9,49.5993197699234
"34774",2020-12-12,"44","32  day ahead inc hosp",2021-01-13,"quantile",0.95,52.567733806042
"34775",2020-12-12,"44","32  day ahead inc hosp",2021-01-13,"quantile",0.975,55.1423902909793
"34776",2020-12-12,"44","32  day ahead inc hosp",2021-01-13,"quantile",0.99,58.1359848662213
"34777",2020-12-12,"44","33  day ahead inc hosp",2021-01-14,"quantile",0.01,20.1439214088885
"34778",2020-12-12,"44","33  day ahead inc hosp",2021-01-14,"quantile",0.025,23.1674675167907
"34779",2020-12-12,"44","33  day ahead inc hosp",2021-01-14,"quantile",0.05,25.7678839721779
"34780",2020-12-12,"44","33  day ahead inc hosp",2021-01-14,"quantile",0.1,28.7659976044566
"34781",2020-12-12,"44","33  day ahead inc hosp",2021-01-14,"quantile",0.15,30.7888106385786
"34782",2020-12-12,"44","33  day ahead inc hosp",2021-01-14,"quantile",0.2,32.3964783136206
"34783",2020-12-12,"44","33  day ahead inc hosp",2021-01-14,"quantile",0.25,33.7757140293626
"34784",2020-12-12,"44","33  day ahead inc hosp",2021-01-14,"quantile",0.3,35.0143103291707
"34785",2020-12-12,"44","33  day ahead inc hosp",2021-01-14,"quantile",0.35,36.1620543886915
"34786",2020-12-12,"44","33  day ahead inc hosp",2021-01-14,"quantile",0.4,37.2511512630404
"34787",2020-12-12,"44","33  day ahead inc hosp",2021-01-14,"quantile",0.45,38.3048650929885
"34788",2020-12-12,"44","33  day ahead inc hosp",2021-01-14,"quantile",0.5,39.3418726882599
"34789",2020-12-12,"44","33  day ahead inc hosp",2021-01-14,"quantile",0.55,40.3788802835313
"34790",2020-12-12,"44","33  day ahead inc hosp",2021-01-14,"quantile",0.6,41.4325941134794
"34791",2020-12-12,"44","33  day ahead inc hosp",2021-01-14,"quantile",0.65,42.5216909878283
"34792",2020-12-12,"44","33  day ahead inc hosp",2021-01-14,"quantile",0.7,43.6694350473491
"34793",2020-12-12,"44","33  day ahead inc hosp",2021-01-14,"quantile",0.75,44.9080313471572
"34794",2020-12-12,"44","33  day ahead inc hosp",2021-01-14,"quantile",0.8,46.2872670628992
"34795",2020-12-12,"44","33  day ahead inc hosp",2021-01-14,"quantile",0.85,47.8949347379412
"34796",2020-12-12,"44","33  day ahead inc hosp",2021-01-14,"quantile",0.9,49.9177477720632
"34797",2020-12-12,"44","33  day ahead inc hosp",2021-01-14,"quantile",0.95,52.9158614043419
"34798",2020-12-12,"44","33  day ahead inc hosp",2021-01-14,"quantile",0.975,55.5162778597291
"34799",2020-12-12,"44","33  day ahead inc hosp",2021-01-14,"quantile",0.99,58.5398239676313
"34800",2020-12-12,"44","34  day ahead inc hosp",2021-01-15,"quantile",0.01,20.1692726005075
"34801",2020-12-12,"44","34  day ahead inc hosp",2021-01-15,"quantile",0.025,23.2224764345649
"34802",2020-12-12,"44","34  day ahead inc hosp",2021-01-15,"quantile",0.05,25.848400170599
"34803",2020-12-12,"44","34  day ahead inc hosp",2021-01-15,"quantile",0.1,28.8759220638782
"34804",2020-12-12,"44","34  day ahead inc hosp",2021-01-15,"quantile",0.15,30.9185767120812
"34805",2020-12-12,"44","34  day ahead inc hosp",2021-01-15,"quantile",0.2,32.5420138730029
"34806",2020-12-12,"44","34  day ahead inc hosp",2021-01-15,"quantile",0.25,33.9347784034879
"34807",2020-12-12,"44","34  day ahead inc hosp",2021-01-15,"quantile",0.3,35.1855239970608
"34808",2020-12-12,"44","34  day ahead inc hosp",2021-01-15,"quantile",0.35,36.3445261878615
"34809",2020-12-12,"44","34  day ahead inc hosp",2021-01-15,"quantile",0.4,37.44430592786
"34810",2020-12-12,"44","34  day ahead inc hosp",2021-01-15,"quantile",0.45,38.5083555539557
"34811",2020-12-12,"44","34  day ahead inc hosp",2021-01-15,"quantile",0.5,39.5555350752319
"34812",2020-12-12,"44","34  day ahead inc hosp",2021-01-15,"quantile",0.55,40.602714596508
"34813",2020-12-12,"44","34  day ahead inc hosp",2021-01-15,"quantile",0.6,41.6667642226038
"34814",2020-12-12,"44","34  day ahead inc hosp",2021-01-15,"quantile",0.65,42.7665439626022
"34815",2020-12-12,"44","34  day ahead inc hosp",2021-01-15,"quantile",0.7,43.9255461534029
"34816",2020-12-12,"44","34  day ahead inc hosp",2021-01-15,"quantile",0.75,45.1762917469759
"34817",2020-12-12,"44","34  day ahead inc hosp",2021-01-15,"quantile",0.8,46.5690562774609
"34818",2020-12-12,"44","34  day ahead inc hosp",2021-01-15,"quantile",0.85,48.1924934383826
"34819",2020-12-12,"44","34  day ahead inc hosp",2021-01-15,"quantile",0.9,50.2351480865856
"34820",2020-12-12,"44","34  day ahead inc hosp",2021-01-15,"quantile",0.95,53.2626699798647
"34821",2020-12-12,"44","34  day ahead inc hosp",2021-01-15,"quantile",0.975,55.8885937158989
"34822",2020-12-12,"44","34  day ahead inc hosp",2021-01-15,"quantile",0.99,58.9417975499562
"34823",2020-12-12,"44","35  day ahead inc hosp",2021-01-16,"quantile",0.01,20.1964354661876
"34824",2020-12-12,"44","35  day ahead inc hosp",2021-01-16,"quantile",0.025,23.2790117001184
"34825",2020-12-12,"44","35  day ahead inc hosp",2021-01-16,"quantile",0.05,25.9301973204564
"34826",2020-12-12,"44","35  day ahead inc hosp",2021-01-16,"quantile",0.1,28.9868445484684
"34827",2020-12-12,"44","35  day ahead inc hosp",2021-01-16,"quantile",0.15,31.0491499217429
"34828",2020-12-12,"44","35  day ahead inc hosp",2021-01-16,"quantile",0.2,32.6882048560108
"34829",2020-12-12,"44","35  day ahead inc hosp",2021-01-16,"quantile",0.25,34.0943680453939
"34830",2020-12-12,"44","35  day ahead inc hosp",2021-01-16,"quantile",0.3,35.3571460487603
"34831",2020-12-12,"44","35  day ahead inc hosp",2021-01-16,"quantile",0.35,36.5272980604221
"34832",2020-12-12,"44","35  day ahead inc hosp",2021-01-16,"quantile",0.4,37.6376578900744
"34833",2020-12-12,"44","35  day ahead inc hosp",2021-01-16,"quantile",0.45,38.7119438753527
"34834",2020-12-12,"44","35  day ahead inc hosp",2021-01-16,"quantile",0.5,39.7691974622039
"34835",2020-12-12,"44","35  day ahead inc hosp",2021-01-16,"quantile",0.55,40.826451049055
"34836",2020-12-12,"44","35  day ahead inc hosp",2021-01-16,"quantile",0.6,41.9007370343333
"34837",2020-12-12,"44","35  day ahead inc hosp",2021-01-16,"quantile",0.65,43.0110968639856
"34838",2020-12-12,"44","35  day ahead inc hosp",2021-01-16,"quantile",0.7,44.1812488756474
"34839",2020-12-12,"44","35  day ahead inc hosp",2021-01-16,"quantile",0.75,45.4440268790138
"34840",2020-12-12,"44","35  day ahead inc hosp",2021-01-16,"quantile",0.8,46.8501900683969
"34841",2020-12-12,"44","35  day ahead inc hosp",2021-01-16,"quantile",0.85,48.4892450026648
"34842",2020-12-12,"44","35  day ahead inc hosp",2021-01-16,"quantile",0.9,50.5515503759393
"34843",2020-12-12,"44","35  day ahead inc hosp",2021-01-16,"quantile",0.95,53.6081976039514
"34844",2020-12-12,"44","35  day ahead inc hosp",2021-01-16,"quantile",0.975,56.2593832242893
"34845",2020-12-12,"44","35  day ahead inc hosp",2021-01-16,"quantile",0.99,59.3419594582201
"34846",2020-12-12,"44","36  day ahead inc hosp",2021-01-17,"quantile",0.01,21.3356266578044
"34847",2020-12-12,"44","36  day ahead inc hosp",2021-01-17,"quantile",0.025,24.4472980452885
"34848",2020-12-12,"44","36  day ahead inc hosp",2021-01-17,"quantile",0.05,27.1235071027998
"34849",2020-12-12,"44","36  day ahead inc hosp",2021-01-17,"quantile",0.1,30.2090047512746
"34850",2020-12-12,"44","36  day ahead inc hosp",2021-01-17,"quantile",0.15,32.2907753662676
"34851",2020-12-12,"44","36  day ahead inc hosp",2021-01-17,"quantile",0.2,33.9453006575926
"34852",2020-12-12,"44","36  day ahead inc hosp",2021-01-17,"quantile",0.25,35.364736035824
"34853",2020-12-12,"44","36  day ahead inc hosp",2021-01-17,"quantile",0.3,36.6394328749705
"34854",2020-12-12,"44","36  day ahead inc hosp",2021-01-17,"quantile",0.35,37.8206294642441
"34855",2020-12-12,"44","36  day ahead inc hosp",2021-01-17,"quantile",0.4,38.9414695179984
"34856",2020-12-12,"44","36  day ahead inc hosp",2021-01-17,"quantile",0.45,40.0258952413821
"34857",2020-12-12,"44","36  day ahead inc hosp",2021-01-17,"quantile",0.5,41.0931278046217
"34858",2020-12-12,"44","36  day ahead inc hosp",2021-01-17,"quantile",0.55,42.1603603678614
"34859",2020-12-12,"44","36  day ahead inc hosp",2021-01-17,"quantile",0.6,43.244786091245
"34860",2020-12-12,"44","36  day ahead inc hosp",2021-01-17,"quantile",0.65,44.3656261449993
"34861",2020-12-12,"44","36  day ahead inc hosp",2021-01-17,"quantile",0.7,45.546822734273
"34862",2020-12-12,"44","36  day ahead inc hosp",2021-01-17,"quantile",0.75,46.8215195734194
"34863",2020-12-12,"44","36  day ahead inc hosp",2021-01-17,"quantile",0.8,48.2409549516508
"34864",2020-12-12,"44","36  day ahead inc hosp",2021-01-17,"quantile",0.85,49.8954802429758
"34865",2020-12-12,"44","36  day ahead inc hosp",2021-01-17,"quantile",0.9,51.9772508579688
"34866",2020-12-12,"44","36  day ahead inc hosp",2021-01-17,"quantile",0.95,55.0627485064436
"34867",2020-12-12,"44","36  day ahead inc hosp",2021-01-17,"quantile",0.975,57.738957563955
"34868",2020-12-12,"44","36  day ahead inc hosp",2021-01-17,"quantile",0.99,60.850628951439
"34869",2020-12-12,"44","37  day ahead inc hosp",2021-01-18,"quantile",0.01,21.3662613375167
"34870",2020-12-12,"44","37  day ahead inc hosp",2021-01-18,"quantile",0.025,24.506758337894
"34871",2020-12-12,"44","37  day ahead inc hosp",2021-01-18,"quantile",0.05,27.2077590127412
"34872",2020-12-12,"44","37  day ahead inc hosp",2021-01-18,"quantile",0.1,30.3218398082526
"34873",2020-12-12,"44","37  day ahead inc hosp",2021-01-18,"quantile",0.15,32.4228953368524
"34874",2020-12-12,"44","37  day ahead inc hosp",2021-01-18,"quantile",0.2,34.0927476661679
"34875",2020-12-12,"44","37  day ahead inc hosp",2021-01-18,"quantile",0.25,35.5253322782498
"34876",2020-12-12,"44","37  day ahead inc hosp",2021-01-18,"quantile",0.3,36.8118375357882
"34877",2020-12-12,"44","37  day ahead inc hosp",2021-01-18,"quantile",0.35,38.003976384508
"34878",2020-12-12,"44","37  day ahead inc hosp",2021-01-18,"quantile",0.4,39.135199572431
"34879",2020-12-12,"44","37  day ahead inc hosp",2021-01-18,"quantile",0.45,40.2296710982857
"34880",2020-12-12,"44","37  day ahead inc hosp",2021-01-18,"quantile",0.5,41.3067901915937
"34881",2020-12-12,"44","37  day ahead inc hosp",2021-01-18,"quantile",0.55,42.3839092849017
"34882",2020-12-12,"44","37  day ahead inc hosp",2021-01-18,"quantile",0.6,43.4783808107564
"34883",2020-12-12,"44","37  day ahead inc hosp",2021-01-18,"quantile",0.65,44.6096039986794
"34884",2020-12-12,"44","37  day ahead inc hosp",2021-01-18,"quantile",0.7,45.8017428473992
"34885",2020-12-12,"44","37  day ahead inc hosp",2021-01-18,"quantile",0.75,47.0882481049376
"34886",2020-12-12,"44","37  day ahead inc hosp",2021-01-18,"quantile",0.8,48.5208327170195
"34887",2020-12-12,"44","37  day ahead inc hosp",2021-01-18,"quantile",0.85,50.190685046335
"34888",2020-12-12,"44","37  day ahead inc hosp",2021-01-18,"quantile",0.9,52.2917405749348
"34889",2020-12-12,"44","37  day ahead inc hosp",2021-01-18,"quantile",0.95,55.4058213704462
"34890",2020-12-12,"44","37  day ahead inc hosp",2021-01-18,"quantile",0.975,58.1068220452933
"34891",2020-12-12,"44","37  day ahead inc hosp",2021-01-18,"quantile",0.99,61.2473190456707
"34892",2020-12-12,"45","1  day ahead inc hosp",2020-12-13,"quantile",0.01,32.6591019926898
"34893",2020-12-12,"45","1  day ahead inc hosp",2020-12-13,"quantile",0.025,38.3719273573796
"34894",2020-12-12,"45","1  day ahead inc hosp",2020-12-13,"quantile",0.05,43.2852723354061
"34895",2020-12-12,"45","1  day ahead inc hosp",2020-12-13,"quantile",0.1,48.9500444253503
"34896",2020-12-12,"45","1  day ahead inc hosp",2020-12-13,"quantile",0.15,52.7720392608698
"34897",2020-12-12,"45","1  day ahead inc hosp",2020-12-13,"quantile",0.2,55.8096395964388
"34898",2020-12-12,"45","1  day ahead inc hosp",2020-12-13,"quantile",0.25,58.4156302112945
"34899",2020-12-12,"45","1  day ahead inc hosp",2020-12-13,"quantile",0.3,60.7558903249609
"34900",2020-12-12,"45","1  day ahead inc hosp",2020-12-13,"quantile",0.35,62.9244900887501
"34901",2020-12-12,"45","1  day ahead inc hosp",2020-12-13,"quantile",0.4,64.9822791967527
"34902",2020-12-12,"45","1  day ahead inc hosp",2020-12-13,"quantile",0.45,66.9732139733447
"34903",2020-12-12,"45","1  day ahead inc hosp",2020-12-13,"quantile",0.5,68.9325832312367
"34904",2020-12-12,"45","1  day ahead inc hosp",2020-12-13,"quantile",0.55,70.8919524891287
"34905",2020-12-12,"45","1  day ahead inc hosp",2020-12-13,"quantile",0.6,72.8828872657206
"34906",2020-12-12,"45","1  day ahead inc hosp",2020-12-13,"quantile",0.65,74.9406763737232
"34907",2020-12-12,"45","1  day ahead inc hosp",2020-12-13,"quantile",0.7,77.1092761375124
"34908",2020-12-12,"45","1  day ahead inc hosp",2020-12-13,"quantile",0.75,79.4495362511788
"34909",2020-12-12,"45","1  day ahead inc hosp",2020-12-13,"quantile",0.8,82.0555268660345
"34910",2020-12-12,"45","1  day ahead inc hosp",2020-12-13,"quantile",0.85,85.0931272016035
"34911",2020-12-12,"45","1  day ahead inc hosp",2020-12-13,"quantile",0.9,88.9151220371231
"34912",2020-12-12,"45","1  day ahead inc hosp",2020-12-13,"quantile",0.95,94.5798941270672
"34913",2020-12-12,"45","1  day ahead inc hosp",2020-12-13,"quantile",0.975,99.4932391050937
"34914",2020-12-12,"45","1  day ahead inc hosp",2020-12-13,"quantile",0.99,105.206064469784
"34915",2020-12-12,"45","2  day ahead inc hosp",2020-12-14,"quantile",0.01,31.471300489141
"34916",2020-12-12,"45","2  day ahead inc hosp",2020-12-14,"quantile",0.025,38.0566460329338
"34917",2020-12-12,"45","2  day ahead inc hosp",2020-12-14,"quantile",0.05,43.7204065000666
"34918",2020-12-12,"45","2  day ahead inc hosp",2020-12-14,"quantile",0.1,50.250359589424
"34919",2020-12-12,"45","2  day ahead inc hosp",2020-12-14,"quantile",0.15,54.6560879377917
"34920",2020-12-12,"45","2  day ahead inc hosp",2020-12-14,"quantile",0.2,58.1576211646434
"34921",2020-12-12,"45","2  day ahead inc hosp",2020-12-14,"quantile",0.25,61.1616248908518
"34922",2020-12-12,"45","2  day ahead inc hosp",2020-12-14,"quantile",0.3,63.8593130796252
"34923",2020-12-12,"45","2  day ahead inc hosp",2020-12-14,"quantile",0.35,66.3591232224327
"34924",2020-12-12,"45","2  day ahead inc hosp",2020-12-14,"quantile",0.4,68.7311985909901
"34925",2020-12-12,"45","2  day ahead inc hosp",2020-12-14,"quantile",0.45,71.026208961874
"34926",2020-12-12,"45","2  day ahead inc hosp",2020-12-14,"quantile",0.5,73.2848328103914
"34927",2020-12-12,"45","2  day ahead inc hosp",2020-12-14,"quantile",0.55,75.5434566589088
"34928",2020-12-12,"45","2  day ahead inc hosp",2020-12-14,"quantile",0.6,77.8384670297928
"34929",2020-12-12,"45","2  day ahead inc hosp",2020-12-14,"quantile",0.65,80.2105423983502
"34930",2020-12-12,"45","2  day ahead inc hosp",2020-12-14,"quantile",0.7,82.7103525411576
"34931",2020-12-12,"45","2  day ahead inc hosp",2020-12-14,"quantile",0.75,85.408040729931
"34932",2020-12-12,"45","2  day ahead inc hosp",2020-12-14,"quantile",0.8,88.4120444561394
"34933",2020-12-12,"45","2  day ahead inc hosp",2020-12-14,"quantile",0.85,91.9135776829912
"34934",2020-12-12,"45","2  day ahead inc hosp",2020-12-14,"quantile",0.9,96.3193060313588
"34935",2020-12-12,"45","2  day ahead inc hosp",2020-12-14,"quantile",0.95,102.849259120716
"34936",2020-12-12,"45","2  day ahead inc hosp",2020-12-14,"quantile",0.975,108.513019587849
"34937",2020-12-12,"45","2  day ahead inc hosp",2020-12-14,"quantile",0.99,115.098365131642
"34938",2020-12-12,"45","3  day ahead inc hosp",2020-12-15,"quantile",0.01,33.5434593766996
"34939",2020-12-12,"45","3  day ahead inc hosp",2020-12-15,"quantile",0.025,40.6245870513468
"34940",2020-12-12,"45","3  day ahead inc hosp",2020-12-15,"quantile",0.05,46.7147475022574
"34941",2020-12-12,"45","3  day ahead inc hosp",2020-12-15,"quantile",0.1,53.7363124645974
"34942",2020-12-12,"45","3  day ahead inc hosp",2020-12-15,"quantile",0.15,58.4737290097338
"34943",2020-12-12,"45","3  day ahead inc hosp",2020-12-15,"quantile",0.2,62.2388775006475
"34944",2020-12-12,"45","3  day ahead inc hosp",2020-12-15,"quantile",0.25,65.4690396506729
"34945",2020-12-12,"45","3  day ahead inc hosp",2020-12-15,"quantile",0.3,68.3698250937539
"34946",2020-12-12,"45","3  day ahead inc hosp",2020-12-15,"quantile",0.35,71.0578351102188
"34947",2020-12-12,"45","3  day ahead inc hosp",2020-12-15,"quantile",0.4,73.6084937547714
"34948",2020-12-12,"45","3  day ahead inc hosp",2020-12-15,"quantile",0.45,76.076285511908
"34949",2020-12-12,"45","3  day ahead inc hosp",2020-12-15,"quantile",0.5,78.5049513630767
"34950",2020-12-12,"45","3  day ahead inc hosp",2020-12-15,"quantile",0.55,80.9336172142453
"34951",2020-12-12,"45","3  day ahead inc hosp",2020-12-15,"quantile",0.6,83.401408971382
"34952",2020-12-12,"45","3  day ahead inc hosp",2020-12-15,"quantile",0.65,85.9520676159345
"34953",2020-12-12,"45","3  day ahead inc hosp",2020-12-15,"quantile",0.7,88.6400776323995
"34954",2020-12-12,"45","3  day ahead inc hosp",2020-12-15,"quantile",0.75,91.5408630754804
"34955",2020-12-12,"45","3  day ahead inc hosp",2020-12-15,"quantile",0.8,94.7710252255058
"34956",2020-12-12,"45","3  day ahead inc hosp",2020-12-15,"quantile",0.85,98.5361737164195
"34957",2020-12-12,"45","3  day ahead inc hosp",2020-12-15,"quantile",0.9,103.273590261556
"34958",2020-12-12,"45","3  day ahead inc hosp",2020-12-15,"quantile",0.95,110.295155223896
"34959",2020-12-12,"45","3  day ahead inc hosp",2020-12-15,"quantile",0.975,116.385315674806
"34960",2020-12-12,"45","3  day ahead inc hosp",2020-12-15,"quantile",0.99,123.466443349454
"34961",2020-12-12,"45","4  day ahead inc hosp",2020-12-16,"quantile",0.01,36.2493276633165
"34962",2020-12-12,"45","4  day ahead inc hosp",2020-12-16,"quantile",0.025,43.7740976126115
"34963",2020-12-12,"45","4  day ahead inc hosp",2020-12-16,"quantile",0.05,50.2458148945173
"34964",2020-12-12,"45","4  day ahead inc hosp",2020-12-16,"quantile",0.1,57.7072904466116
"34965",2020-12-12,"45","4  day ahead inc hosp",2020-12-16,"quantile",0.15,62.7415125781749
"34966",2020-12-12,"45","4  day ahead inc hosp",2020-12-16,"quantile",0.2,66.7425527402523
"34967",2020-12-12,"45","4  day ahead inc hosp",2020-12-16,"quantile",0.25,70.1750889399434
"34968",2020-12-12,"45","4  day ahead inc hosp",2020-12-16,"quantile",0.3,73.257612534257
"34969",2020-12-12,"45","4  day ahead inc hosp",2020-12-16,"quantile",0.35,76.1140300322379
"34970",2020-12-12,"45","4  day ahead inc hosp",2020-12-16,"quantile",0.4,78.8244909081456
"34971",2020-12-12,"45","4  day ahead inc hosp",2020-12-16,"quantile",0.45,81.4468931734945
"34972",2020-12-12,"45","4  day ahead inc hosp",2020-12-16,"quantile",0.5,84.0277182416802
"34973",2020-12-12,"45","4  day ahead inc hosp",2020-12-16,"quantile",0.55,86.6085433098658
"34974",2020-12-12,"45","4  day ahead inc hosp",2020-12-16,"quantile",0.6,89.2309455752147
"34975",2020-12-12,"45","4  day ahead inc hosp",2020-12-16,"quantile",0.65,91.9414064511224
"34976",2020-12-12,"45","4  day ahead inc hosp",2020-12-16,"quantile",0.7,94.7978239491033
"34977",2020-12-12,"45","4  day ahead inc hosp",2020-12-16,"quantile",0.75,97.880347543417
"34978",2020-12-12,"45","4  day ahead inc hosp",2020-12-16,"quantile",0.8,101.312883743108
"34979",2020-12-12,"45","4  day ahead inc hosp",2020-12-16,"quantile",0.85,105.313923905185
"34980",2020-12-12,"45","4  day ahead inc hosp",2020-12-16,"quantile",0.9,110.348146036749
"34981",2020-12-12,"45","4  day ahead inc hosp",2020-12-16,"quantile",0.95,117.809621588843
"34982",2020-12-12,"45","4  day ahead inc hosp",2020-12-16,"quantile",0.975,124.281338870749
"34983",2020-12-12,"45","4  day ahead inc hosp",2020-12-16,"quantile",0.99,131.806108820044
"34984",2020-12-12,"45","5  day ahead inc hosp",2020-12-17,"quantile",0.01,38.8893457929332
"34985",2020-12-12,"45","5  day ahead inc hosp",2020-12-17,"quantile",0.025,46.8847509979792
"34986",2020-12-12,"45","5  day ahead inc hosp",2020-12-17,"quantile",0.05,53.7612405637745
"34987",2020-12-12,"45","5  day ahead inc hosp",2020-12-17,"quantile",0.1,61.6893926360021
"34988",2020-12-12,"45","5  day ahead inc hosp",2020-12-17,"quantile",0.15,67.0384792001476
"34989",2020-12-12,"45","5  day ahead inc hosp",2020-12-17,"quantile",0.2,71.2897636318356
"34990",2020-12-12,"45","5  day ahead inc hosp",2020-12-17,"quantile",0.25,74.9369871326804
"34991",2020-12-12,"45","5  day ahead inc hosp",2020-12-17,"quantile",0.3,78.2123065586201
"34992",2020-12-12,"45","5  day ahead inc hosp",2020-12-17,"quantile",0.35,81.2473781269251
"34993",2020-12-12,"45","5  day ahead inc hosp",2020-12-17,"quantile",0.4,84.1273642449508
"34994",2020-12-12,"45","5  day ahead inc hosp",2020-12-17,"quantile",0.45,86.9137841439484
"34995",2020-12-12,"45","5  day ahead inc hosp",2020-12-17,"quantile",0.5,89.6560264081679
"34996",2020-12-12,"45","5  day ahead inc hosp",2020-12-17,"quantile",0.55,92.3982686723873
"34997",2020-12-12,"45","5  day ahead inc hosp",2020-12-17,"quantile",0.6,95.1846885713849
"34998",2020-12-12,"45","5  day ahead inc hosp",2020-12-17,"quantile",0.65,98.0646746894106
"34999",2020-12-12,"45","5  day ahead inc hosp",2020-12-17,"quantile",0.7,101.099746257716
"35000",2020-12-12,"45","5  day ahead inc hosp",2020-12-17,"quantile",0.75,104.375065683655
"35001",2020-12-12,"45","5  day ahead inc hosp",2020-12-17,"quantile",0.8,108.0222891845
"35002",2020-12-12,"45","5  day ahead inc hosp",2020-12-17,"quantile",0.85,112.273573616188
"35003",2020-12-12,"45","5  day ahead inc hosp",2020-12-17,"quantile",0.9,117.622660180334
"35004",2020-12-12,"45","5  day ahead inc hosp",2020-12-17,"quantile",0.95,125.550812252561
"35005",2020-12-12,"45","5  day ahead inc hosp",2020-12-17,"quantile",0.975,132.427301818356
"35006",2020-12-12,"45","5  day ahead inc hosp",2020-12-17,"quantile",0.99,140.422707023402
"35007",2020-12-12,"45","6  day ahead inc hosp",2020-12-18,"quantile",0.01,41.2429642425531
"35008",2020-12-12,"45","6  day ahead inc hosp",2020-12-18,"quantile",0.025,49.7599072270751
"35009",2020-12-12,"45","6  day ahead inc hosp",2020-12-18,"quantile",0.05,57.084948055347
"35010",2020-12-12,"45","6  day ahead inc hosp",2020-12-18,"quantile",0.1,65.5302510062427
"35011",2020-12-12,"45","6  day ahead inc hosp",2020-12-18,"quantile",0.15,71.2282568130463
"35012",2020-12-12,"45","6  day ahead inc hosp",2020-12-18,"quantile",0.2,75.7568511978339
"35013",2020-12-12,"45","6  day ahead inc hosp",2020-12-18,"quantile",0.25,79.6419819462917
"35014",2020-12-12,"45","6  day ahead inc hosp",2020-12-18,"quantile",0.3,83.1309494334205
"35015",2020-12-12,"45","6  day ahead inc hosp",2020-12-18,"quantile",0.35,86.3639977703433
"35016",2020-12-12,"45","6  day ahead inc hosp",2020-12-18,"quantile",0.4,89.4318444815968
"35017",2020-12-12,"45","6  day ahead inc hosp",2020-12-18,"quantile",0.45,92.4000216786353
"35018",2020-12-12,"45","6  day ahead inc hosp",2020-12-18,"quantile",0.5,95.3211395476038
"35019",2020-12-12,"45","6  day ahead inc hosp",2020-12-18,"quantile",0.55,98.2422574165722
"35020",2020-12-12,"45","6  day ahead inc hosp",2020-12-18,"quantile",0.6,101.210434613611
"35021",2020-12-12,"45","6  day ahead inc hosp",2020-12-18,"quantile",0.65,104.278281324864
"35022",2020-12-12,"45","6  day ahead inc hosp",2020-12-18,"quantile",0.7,107.511329661787
"35023",2020-12-12,"45","6  day ahead inc hosp",2020-12-18,"quantile",0.75,111.000297148916
"35024",2020-12-12,"45","6  day ahead inc hosp",2020-12-18,"quantile",0.8,114.885427897374
"35025",2020-12-12,"45","6  day ahead inc hosp",2020-12-18,"quantile",0.85,119.414022282161
"35026",2020-12-12,"45","6  day ahead inc hosp",2020-12-18,"quantile",0.9,125.112028088965
"35027",2020-12-12,"45","6  day ahead inc hosp",2020-12-18,"quantile",0.95,133.557331039861
"35028",2020-12-12,"45","6  day ahead inc hosp",2020-12-18,"quantile",0.975,140.882371868132
"35029",2020-12-12,"45","6  day ahead inc hosp",2020-12-18,"quantile",0.99,149.399314852654
"35030",2020-12-12,"45","7  day ahead inc hosp",2020-12-19,"quantile",0.01,43.2463280318583
"35031",2020-12-12,"45","7  day ahead inc hosp",2020-12-19,"quantile",0.025,52.3419929111595
"35032",2020-12-12,"45","7  day ahead inc hosp",2020-12-19,"quantile",0.05,60.1647664957943
"35033",2020-12-12,"45","7  day ahead inc hosp",2020-12-19,"quantile",0.1,69.1839234380351
"35034",2020-12-12,"45","7  day ahead inc hosp",2020-12-19,"quantile",0.15,75.2691058084213
"35035",2020-12-12,"45","7  day ahead inc hosp",2020-12-19,"quantile",0.2,80.1054158521975
"35036",2020-12-12,"45","7  day ahead inc hosp",2020-12-19,"quantile",0.25,84.2545392365457
"35037",2020-12-12,"45","7  day ahead inc hosp",2020-12-19,"quantile",0.3,87.9805802697395
"35038",2020-12-12,"45","7  day ahead inc hosp",2020-12-19,"quantile",0.35,91.4333125781127
"35039",2020-12-12,"45","7  day ahead inc hosp",2020-12-19,"quantile",0.4,94.7096178953302
"35040",2020-12-12,"45","7  day ahead inc hosp",2020-12-19,"quantile",0.45,97.8794812061107
"35041",2020-12-12,"45","7  day ahead inc hosp",2020-12-19,"quantile",0.5,100.999087531686
"35042",2020-12-12,"45","7  day ahead inc hosp",2020-12-19,"quantile",0.55,104.118693857261
"35043",2020-12-12,"45","7  day ahead inc hosp",2020-12-19,"quantile",0.6,107.288557168041
"35044",2020-12-12,"45","7  day ahead inc hosp",2020-12-19,"quantile",0.65,110.564862485259
"35045",2020-12-12,"45","7  day ahead inc hosp",2020-12-19,"quantile",0.7,114.017594793632
"35046",2020-12-12,"45","7  day ahead inc hosp",2020-12-19,"quantile",0.75,117.743635826826
"35047",2020-12-12,"45","7  day ahead inc hosp",2020-12-19,"quantile",0.8,121.892759211174
"35048",2020-12-12,"45","7  day ahead inc hosp",2020-12-19,"quantile",0.85,126.72906925495
"35049",2020-12-12,"45","7  day ahead inc hosp",2020-12-19,"quantile",0.9,132.814251625336
"35050",2020-12-12,"45","7  day ahead inc hosp",2020-12-19,"quantile",0.95,141.833408567577
"35051",2020-12-12,"45","7  day ahead inc hosp",2020-12-19,"quantile",0.975,149.656182152212
"35052",2020-12-12,"45","7  day ahead inc hosp",2020-12-19,"quantile",0.99,158.751847031513
"35053",2020-12-12,"45","8  day ahead inc hosp",2020-12-20,"quantile",0.01,23.4154484262593
"35054",2020-12-12,"45","8  day ahead inc hosp",2020-12-20,"quantile",0.025,33.1468895367262
"35055",2020-12-12,"45","8  day ahead inc hosp",2020-12-20,"quantile",0.05,41.5164657545824
"35056",2020-12-12,"45","8  day ahead inc hosp",2020-12-20,"quantile",0.1,51.1660511135603
"35057",2020-12-12,"45","8  day ahead inc hosp",2020-12-20,"quantile",0.15,57.6765805437535
"35058",2020-12-12,"45","8  day ahead inc hosp",2020-12-20,"quantile",0.2,62.8509429468881
"35059",2020-12-12,"45","8  day ahead inc hosp",2020-12-20,"quantile",0.25,67.290085154813
"35060",2020-12-12,"45","8  day ahead inc hosp",2020-12-20,"quantile",0.3,71.2765720549871
"35061",2020-12-12,"45","8  day ahead inc hosp",2020-12-20,"quantile",0.35,74.970646273311
"35062",2020-12-12,"45","8  day ahead inc hosp",2020-12-20,"quantile",0.4,78.4759614621948
"35063",2020-12-12,"45","8  day ahead inc hosp",2020-12-20,"quantile",0.45,81.8673944741222
"35064",2020-12-12,"45","8  day ahead inc hosp",2020-12-20,"quantile",0.5,85.2050575969421
"35065",2020-12-12,"45","8  day ahead inc hosp",2020-12-20,"quantile",0.55,88.542720719762
"35066",2020-12-12,"45","8  day ahead inc hosp",2020-12-20,"quantile",0.6,91.9341537316893
"35067",2020-12-12,"45","8  day ahead inc hosp",2020-12-20,"quantile",0.65,95.4394689205732
"35068",2020-12-12,"45","8  day ahead inc hosp",2020-12-20,"quantile",0.7,99.133543138897
"35069",2020-12-12,"45","8  day ahead inc hosp",2020-12-20,"quantile",0.75,103.120030039071
"35070",2020-12-12,"45","8  day ahead inc hosp",2020-12-20,"quantile",0.8,107.559172246996
"35071",2020-12-12,"45","8  day ahead inc hosp",2020-12-20,"quantile",0.85,112.733534650131
"35072",2020-12-12,"45","8  day ahead inc hosp",2020-12-20,"quantile",0.9,119.244064080324
"35073",2020-12-12,"45","8  day ahead inc hosp",2020-12-20,"quantile",0.95,128.893649439302
"35074",2020-12-12,"45","8  day ahead inc hosp",2020-12-20,"quantile",0.975,137.263225657158
"35075",2020-12-12,"45","8  day ahead inc hosp",2020-12-20,"quantile",0.99,146.994666767625
"35076",2020-12-12,"45","9  day ahead inc hosp",2020-12-21,"quantile",0.01,24.7159333308028
"35077",2020-12-12,"45","9  day ahead inc hosp",2020-12-21,"quantile",0.025,35.1377456925839
"35078",2020-12-12,"45","9  day ahead inc hosp",2020-12-21,"quantile",0.05,44.10107927288
"35079",2020-12-12,"45","9  day ahead inc hosp",2020-12-21,"quantile",0.1,54.4352288442207
"35080",2020-12-12,"45","9  day ahead inc hosp",2020-12-21,"quantile",0.15,61.4076304985191
"35081",2020-12-12,"45","9  day ahead inc hosp",2020-12-21,"quantile",0.2,66.949074303725
"35082",2020-12-12,"45","9  day ahead inc hosp",2020-12-21,"quantile",0.25,71.7031396690793
"35083",2020-12-12,"45","9  day ahead inc hosp",2020-12-21,"quantile",0.3,75.9724372977344
"35084",2020-12-12,"45","9  day ahead inc hosp",2020-12-21,"quantile",0.35,79.9285778032198
"35085",2020-12-12,"45","9  day ahead inc hosp",2020-12-21,"quantile",0.4,83.6825682711019
"35086",2020-12-12,"45","9  day ahead inc hosp",2020-12-21,"quantile",0.45,87.3145974933556
"35087",2020-12-12,"45","9  day ahead inc hosp",2020-12-21,"quantile",0.5,90.8890422644854
"35088",2020-12-12,"45","9  day ahead inc hosp",2020-12-21,"quantile",0.55,94.4634870356151
"35089",2020-12-12,"45","9  day ahead inc hosp",2020-12-21,"quantile",0.6,98.0955162578688
"35090",2020-12-12,"45","9  day ahead inc hosp",2020-12-21,"quantile",0.65,101.849506725751
"35091",2020-12-12,"45","9  day ahead inc hosp",2020-12-21,"quantile",0.7,105.805647231236
"35092",2020-12-12,"45","9  day ahead inc hosp",2020-12-21,"quantile",0.75,110.074944859891
"35093",2020-12-12,"45","9  day ahead inc hosp",2020-12-21,"quantile",0.8,114.829010225246
"35094",2020-12-12,"45","9  day ahead inc hosp",2020-12-21,"quantile",0.85,120.370454030452
"35095",2020-12-12,"45","9  day ahead inc hosp",2020-12-21,"quantile",0.9,127.34285568475
"35096",2020-12-12,"45","9  day ahead inc hosp",2020-12-21,"quantile",0.95,137.677005256091
"35097",2020-12-12,"45","9  day ahead inc hosp",2020-12-21,"quantile",0.975,146.640338836387
"35098",2020-12-12,"45","9  day ahead inc hosp",2020-12-21,"quantile",0.99,157.062151198168
"35099",2020-12-12,"45","10  day ahead inc hosp",2020-12-22,"quantile",0.01,25.6905480498287
"35100",2020-12-12,"45","10  day ahead inc hosp",2020-12-22,"quantile",0.025,36.8541397142521
"35101",2020-12-12,"45","10  day ahead inc hosp",2020-12-22,"quantile",0.05,46.455444417203
"35102",2020-12-12,"45","10  day ahead inc hosp",2020-12-22,"quantile",0.1,57.5251338348128
"35103",2020-12-12,"45","10  day ahead inc hosp",2020-12-22,"quantile",0.15,64.9938007314058
"35104",2020-12-12,"45","10  day ahead inc hosp",2020-12-22,"quantile",0.2,70.9296604192591
"35105",2020-12-12,"45","10  day ahead inc hosp",2020-12-22,"quantile",0.25,76.0220994924687
"35106",2020-12-12,"45","10  day ahead inc hosp",2020-12-22,"quantile",0.3,80.595267168657
"35107",2020-12-12,"45","10  day ahead inc hosp",2020-12-22,"quantile",0.35,84.8329885588718
"35108",2020-12-12,"45","10  day ahead inc hosp",2020-12-22,"quantile",0.4,88.8541717505074
"35109",2020-12-12,"45","10  day ahead inc hosp",2020-12-22,"quantile",0.45,92.7447130251888
"35110",2020-12-12,"45","10  day ahead inc hosp",2020-12-22,"quantile",0.5,96.5735712378218
"35111",2020-12-12,"45","10  day ahead inc hosp",2020-12-22,"quantile",0.55,100.402429450455
"35112",2020-12-12,"45","10  day ahead inc hosp",2020-12-22,"quantile",0.6,104.292970725136
"35113",2020-12-12,"45","10  day ahead inc hosp",2020-12-22,"quantile",0.65,108.314153916772
"35114",2020-12-12,"45","10  day ahead inc hosp",2020-12-22,"quantile",0.7,112.551875306987
"35115",2020-12-12,"45","10  day ahead inc hosp",2020-12-22,"quantile",0.75,117.125042983175
"35116",2020-12-12,"45","10  day ahead inc hosp",2020-12-22,"quantile",0.8,122.217482056384
"35117",2020-12-12,"45","10  day ahead inc hosp",2020-12-22,"quantile",0.85,128.153341744238
"35118",2020-12-12,"45","10  day ahead inc hosp",2020-12-22,"quantile",0.9,135.622008640831
"35119",2020-12-12,"45","10  day ahead inc hosp",2020-12-22,"quantile",0.95,146.691698058441
"35120",2020-12-12,"45","10  day ahead inc hosp",2020-12-22,"quantile",0.975,156.293002761392
"35121",2020-12-12,"45","10  day ahead inc hosp",2020-12-22,"quantile",0.99,167.456594425815
"35122",2020-12-12,"45","11  day ahead inc hosp",2020-12-23,"quantile",0.01,26.3596990193396
"35123",2020-12-12,"45","11  day ahead inc hosp",2020-12-23,"quantile",0.025,38.3132083334266
"35124",2020-12-12,"45","11  day ahead inc hosp",2020-12-23,"quantile",0.05,48.5938857931606
"35125",2020-12-12,"45","11  day ahead inc hosp",2020-12-23,"quantile",0.1,60.4468484896678
"35126",2020-12-12,"45","11  day ahead inc hosp",2020-12-23,"quantile",0.15,68.4439861489346
"35127",2020-12-12,"45","11  day ahead inc hosp",2020-12-23,"quantile",0.2,74.799857646097
"35128",2020-12-12,"45","11  day ahead inc hosp",2020-12-23,"quantile",0.25,80.2526294531332
"35129",2020-12-12,"45","11  day ahead inc hosp",2020-12-23,"quantile",0.3,85.1493870608491
"35130",2020-12-12,"45","11  day ahead inc hosp",2020-12-23,"quantile",0.35,89.6869627471643
"35131",2020-12-12,"45","11  day ahead inc hosp",2020-12-23,"quantile",0.4,93.9926783429835
"35132",2020-12-12,"45","11  day ahead inc hosp",2020-12-23,"quantile",0.45,98.1585080115793
"35133",2020-12-12,"45","11  day ahead inc hosp",2020-12-23,"quantile",0.5,102.258290024646
"35134",2020-12-12,"45","11  day ahead inc hosp",2020-12-23,"quantile",0.55,106.358072037713
"35135",2020-12-12,"45","11  day ahead inc hosp",2020-12-23,"quantile",0.6,110.523901706309
"35136",2020-12-12,"45","11  day ahead inc hosp",2020-12-23,"quantile",0.65,114.829617302128
"35137",2020-12-12,"45","11  day ahead inc hosp",2020-12-23,"quantile",0.7,119.367192988443
"35138",2020-12-12,"45","11  day ahead inc hosp",2020-12-23,"quantile",0.75,124.263950596159
"35139",2020-12-12,"45","11  day ahead inc hosp",2020-12-23,"quantile",0.8,129.716722403196
"35140",2020-12-12,"45","11  day ahead inc hosp",2020-12-23,"quantile",0.85,136.072593900358
"35141",2020-12-12,"45","11  day ahead inc hosp",2020-12-23,"quantile",0.9,144.069731559625
"35142",2020-12-12,"45","11  day ahead inc hosp",2020-12-23,"quantile",0.95,155.922694256132
"35143",2020-12-12,"45","11  day ahead inc hosp",2020-12-23,"quantile",0.975,166.203371715866
"35144",2020-12-12,"45","11  day ahead inc hosp",2020-12-23,"quantile",0.99,178.156881029953
"35145",2020-12-12,"45","12  day ahead inc hosp",2020-12-24,"quantile",0.01,26.742918266711
"35146",2020-12-12,"45","12  day ahead inc hosp",2020-12-24,"quantile",0.025,39.5313879472702
"35147",2020-12-12,"45","12  day ahead inc hosp",2020-12-24,"quantile",0.05,50.5301773851533
"35148",2020-12-12,"45","12  day ahead inc hosp",2020-12-24,"quantile",0.1,63.2110772017825
"35149",2020-12-12,"45","12  day ahead inc hosp",2020-12-24,"quantile",0.15,71.7668201053554
"35150",2020-12-12,"45","12  day ahead inc hosp",2020-12-24,"quantile",0.2,78.5666533425457
"35151",2020-12-12,"45","12  day ahead inc hosp",2020-12-24,"quantile",0.25,84.4003047914228
"35152",2020-12-12,"45","12  day ahead inc hosp",2020-12-24,"quantile",0.3,89.6391040890921
"35153",2020-12-12,"45","12  day ahead inc hosp",2020-12-24,"quantile",0.35,94.493632375551
"35154",2020-12-12,"45","12  day ahead inc hosp",2020-12-24,"quantile",0.4,99.1001049940442
"35155",2020-12-12,"45","12  day ahead inc hosp",2020-12-24,"quantile",0.45,103.55692056271
"35156",2020-12-12,"45","12  day ahead inc hosp",2020-12-24,"quantile",0.5,107.943075004336
"35157",2020-12-12,"45","12  day ahead inc hosp",2020-12-24,"quantile",0.55,112.329229445963
"35158",2020-12-12,"45","12  day ahead inc hosp",2020-12-24,"quantile",0.6,116.786045014629
"35159",2020-12-12,"45","12  day ahead inc hosp",2020-12-24,"quantile",0.65,121.392517633122
"35160",2020-12-12,"45","12  day ahead inc hosp",2020-12-24,"quantile",0.7,126.247045919581
"35161",2020-12-12,"45","12  day ahead inc hosp",2020-12-24,"quantile",0.75,131.48584521725
"35162",2020-12-12,"45","12  day ahead inc hosp",2020-12-24,"quantile",0.8,137.319496666127
"35163",2020-12-12,"45","12  day ahead inc hosp",2020-12-24,"quantile",0.85,144.119329903318
"35164",2020-12-12,"45","12  day ahead inc hosp",2020-12-24,"quantile",0.9,152.67507280689
"35165",2020-12-12,"45","12  day ahead inc hosp",2020-12-24,"quantile",0.95,165.35597262352
"35166",2020-12-12,"45","12  day ahead inc hosp",2020-12-24,"quantile",0.975,176.354762061403
"35167",2020-12-12,"45","12  day ahead inc hosp",2020-12-24,"quantile",0.99,189.143231741962
"35168",2020-12-12,"45","13  day ahead inc hosp",2020-12-25,"quantile",0.01,26.8581217065539
"35169",2020-12-12,"45","13  day ahead inc hosp",2020-12-25,"quantile",0.025,40.5237660468149
"35170",2020-12-12,"45","13  day ahead inc hosp",2020-12-25,"quantile",0.05,52.2769740838969
"35171",2020-12-12,"45","13  day ahead inc hosp",2020-12-25,"quantile",0.1,65.8276702295016
"35172",2020-12-12,"45","13  day ahead inc hosp",2020-12-25,"quantile",0.15,74.9702605868668
"35173",2020-12-12,"45","13  day ahead inc hosp",2020-12-25,"quantile",0.2,82.2365015768884
"35174",2020-12-12,"45","13  day ahead inc hosp",2020-12-25,"quantile",0.25,88.4702893479611
"35175",2020-12-12,"45","13  day ahead inc hosp",2020-12-25,"quantile",0.3,94.0684234296948
"35176",2020-12-12,"45","13  day ahead inc hosp",2020-12-25,"quantile",0.35,99.2559289451774
"35177",2020-12-12,"45","13  day ahead inc hosp",2020-12-25,"quantile",0.4,104.1783643921
"35178",2020-12-12,"45","13  day ahead inc hosp",2020-12-25,"quantile",0.45,108.940877653879
"35179",2020-12-12,"45","13  day ahead inc hosp",2020-12-25,"quantile",0.5,113.627883067189
"35180",2020-12-12,"45","13  day ahead inc hosp",2020-12-25,"quantile",0.55,118.314888480498
"35181",2020-12-12,"45","13  day ahead inc hosp",2020-12-25,"quantile",0.6,123.077401742277
"35182",2020-12-12,"45","13  day ahead inc hosp",2020-12-25,"quantile",0.65,127.9998371892
"35183",2020-12-12,"45","13  day ahead inc hosp",2020-12-25,"quantile",0.7,133.187342704682
"35184",2020-12-12,"45","13  day ahead inc hosp",2020-12-25,"quantile",0.75,138.785476786416
"35185",2020-12-12,"45","13  day ahead inc hosp",2020-12-25,"quantile",0.8,145.019264557489
"35186",2020-12-12,"45","13  day ahead inc hosp",2020-12-25,"quantile",0.85,152.28550554751
"35187",2020-12-12,"45","13  day ahead inc hosp",2020-12-25,"quantile",0.9,161.428095904876
"35188",2020-12-12,"45","13  day ahead inc hosp",2020-12-25,"quantile",0.95,174.97879205048
"35189",2020-12-12,"45","13  day ahead inc hosp",2020-12-25,"quantile",0.975,186.732000087562
"35190",2020-12-12,"45","13  day ahead inc hosp",2020-12-25,"quantile",0.99,200.397644427823
"35191",2020-12-12,"45","14  day ahead inc hosp",2020-12-26,"quantile",0.01,26.7214185043832
"35192",2020-12-12,"45","14  day ahead inc hosp",2020-12-26,"quantile",0.025,41.3039123464452
"35193",2020-12-12,"45","14  day ahead inc hosp",2020-12-26,"quantile",0.05,53.845661535708
"35194",2020-12-12,"45","14  day ahead inc hosp",2020-12-26,"quantile",0.1,68.3054951285351
"35195",2020-12-12,"45","14  day ahead inc hosp",2020-12-26,"quantile",0.15,78.0614762054016
"35196",2020-12-12,"45","14  day ahead inc hosp",2020-12-26,"quantile",0.2,85.8152206944012
"35197",2020-12-12,"45","14  day ahead inc hosp",2020-12-26,"quantile",0.25,92.4672430594624
"35198",2020-12-12,"45","14  day ahead inc hosp",2020-12-26,"quantile",0.3,98.4409647326814
"35199",2020-12-12,"45","14  day ahead inc hosp",2020-12-26,"quantile",0.35,103.976508125416
"35200",2020-12-12,"45","14  day ahead inc hosp",2020-12-26,"quantile",0.4,109.229197483152
"35201",2020-12-12,"45","14  day ahead inc hosp",2020-12-26,"quantile",0.45,114.31123522564
"35202",2020-12-12,"45","14  day ahead inc hosp",2020-12-26,"quantile",0.5,119.312699179735
"35203",2020-12-12,"45","14  day ahead inc hosp",2020-12-26,"quantile",0.55,124.31416313383
"35204",2020-12-12,"45","14  day ahead inc hosp",2020-12-26,"quantile",0.6,129.396200876319
"35205",2020-12-12,"45","14  day ahead inc hosp",2020-12-26,"quantile",0.65,134.648890234055
"35206",2020-12-12,"45","14  day ahead inc hosp",2020-12-26,"quantile",0.7,140.184433626789
"35207",2020-12-12,"45","14  day ahead inc hosp",2020-12-26,"quantile",0.75,146.158155300008
"35208",2020-12-12,"45","14  day ahead inc hosp",2020-12-26,"quantile",0.8,152.810177665069
"35209",2020-12-12,"45","14  day ahead inc hosp",2020-12-26,"quantile",0.85,160.563922154069
"35210",2020-12-12,"45","14  day ahead inc hosp",2020-12-26,"quantile",0.9,170.319903230936
"35211",2020-12-12,"45","14  day ahead inc hosp",2020-12-26,"quantile",0.95,184.779736823763
"35212",2020-12-12,"45","14  day ahead inc hosp",2020-12-26,"quantile",0.975,197.321486013025
"35213",2020-12-12,"45","14  day ahead inc hosp",2020-12-26,"quantile",0.99,211.903979855087
"35214",2020-12-12,"45","15  day ahead inc hosp",2020-12-27,"quantile",0.01,0
"35215",2020-12-12,"45","15  day ahead inc hosp",2020-12-27,"quantile",0.025,10.1895663475784
"35216",2020-12-12,"45","15  day ahead inc hosp",2020-12-27,"quantile",0.05,23.5520353752684
"35217",2020-12-12,"45","15  day ahead inc hosp",2020-12-27,"quantile",0.1,38.9581063797118
"35218",2020-12-12,"45","15  day ahead inc hosp",2020-12-27,"quantile",0.15,49.3525093459236
"35219",2020-12-12,"45","15  day ahead inc hosp",2020-12-27,"quantile",0.2,57.6136513141892
"35220",2020-12-12,"45","15  day ahead inc hosp",2020-12-27,"quantile",0.25,64.7009755369323
"35221",2020-12-12,"45","15  day ahead inc hosp",2020-12-27,"quantile",0.3,71.0656117319192
"35222",2020-12-12,"45","15  day ahead inc hosp",2020-12-27,"quantile",0.35,76.9633956869811
"35223",2020-12-12,"45","15  day ahead inc hosp",2020-12-27,"quantile",0.4,82.5598159147845
"35224",2020-12-12,"45","15  day ahead inc hosp",2020-12-27,"quantile",0.45,87.9744172520278
"35225",2020-12-12,"45","15  day ahead inc hosp",2020-12-27,"quantile",0.5,93.3031721307268
"35226",2020-12-12,"45","15  day ahead inc hosp",2020-12-27,"quantile",0.55,98.6319270094258
"35227",2020-12-12,"45","15  day ahead inc hosp",2020-12-27,"quantile",0.6,104.046528346669
"35228",2020-12-12,"45","15  day ahead inc hosp",2020-12-27,"quantile",0.65,109.642948574472
"35229",2020-12-12,"45","15  day ahead inc hosp",2020-12-27,"quantile",0.7,115.540732529534
"35230",2020-12-12,"45","15  day ahead inc hosp",2020-12-27,"quantile",0.75,121.905368724521
"35231",2020-12-12,"45","15  day ahead inc hosp",2020-12-27,"quantile",0.8,128.992692947264
"35232",2020-12-12,"45","15  day ahead inc hosp",2020-12-27,"quantile",0.85,137.25383491553
"35233",2020-12-12,"45","15  day ahead inc hosp",2020-12-27,"quantile",0.9,147.648237881742
"35234",2020-12-12,"45","15  day ahead inc hosp",2020-12-27,"quantile",0.95,163.054308886185
"35235",2020-12-12,"45","15  day ahead inc hosp",2020-12-27,"quantile",0.975,176.416777913875
"35236",2020-12-12,"45","15  day ahead inc hosp",2020-12-27,"quantile",0.99,191.953535934667
"35237",2020-12-12,"45","16  day ahead inc hosp",2020-12-28,"quantile",0.01,0
"35238",2020-12-12,"45","16  day ahead inc hosp",2020-12-28,"quantile",0.025,10.5801373475105
"35239",2020-12-12,"45","16  day ahead inc hosp",2020-12-28,"quantile",0.05,24.7937815380007
"35240",2020-12-12,"45","16  day ahead inc hosp",2020-12-28,"quantile",0.1,41.1812029925851
"35241",2020-12-12,"45","16  day ahead inc hosp",2020-12-28,"quantile",0.15,52.2377184485354
"35242",2020-12-12,"45","16  day ahead inc hosp",2020-12-28,"quantile",0.2,61.025086434252
"35243",2020-12-12,"45","16  day ahead inc hosp",2020-12-28,"quantile",0.25,68.5638657239151
"35244",2020-12-12,"45","16  day ahead inc hosp",2020-12-28,"quantile",0.3,75.3339225218016
"35245",2020-12-12,"45","16  day ahead inc hosp",2020-12-28,"quantile",0.35,81.6073890851979
"35246",2020-12-12,"45","16  day ahead inc hosp",2020-12-28,"quantile",0.4,87.5602953702282
"35247",2020-12-12,"45","16  day ahead inc hosp",2020-12-28,"quantile",0.45,93.3198010934182
"35248",2020-12-12,"45","16  day ahead inc hosp",2020-12-28,"quantile",0.5,98.9879920293309
"35249",2020-12-12,"45","16  day ahead inc hosp",2020-12-28,"quantile",0.55,104.656182965244
"35250",2020-12-12,"45","16  day ahead inc hosp",2020-12-28,"quantile",0.6,110.415688688434
"35251",2020-12-12,"45","16  day ahead inc hosp",2020-12-28,"quantile",0.65,116.368594973464
"35252",2020-12-12,"45","16  day ahead inc hosp",2020-12-28,"quantile",0.7,122.64206153686
"35253",2020-12-12,"45","16  day ahead inc hosp",2020-12-28,"quantile",0.75,129.412118334747
"35254",2020-12-12,"45","16  day ahead inc hosp",2020-12-28,"quantile",0.8,136.95089762441
"35255",2020-12-12,"45","16  day ahead inc hosp",2020-12-28,"quantile",0.85,145.738265610126
"35256",2020-12-12,"45","16  day ahead inc hosp",2020-12-28,"quantile",0.9,156.794781066077
"35257",2020-12-12,"45","16  day ahead inc hosp",2020-12-28,"quantile",0.95,173.182202520661
"35258",2020-12-12,"45","16  day ahead inc hosp",2020-12-28,"quantile",0.975,187.395846711151
"35259",2020-12-12,"45","16  day ahead inc hosp",2020-12-28,"quantile",0.99,203.922279806986
"35260",2020-12-12,"45","17  day ahead inc hosp",2020-12-29,"quantile",0.01,0
"35261",2020-12-12,"45","17  day ahead inc hosp",2020-12-29,"quantile",0.025,10.7907729727768
"35262",2020-12-12,"45","17  day ahead inc hosp",2020-12-29,"quantile",0.05,25.8845212289817
"35263",2020-12-12,"45","17  day ahead inc hosp",2020-12-29,"quantile",0.1,43.2866463060481
"35264",2020-12-12,"45","17  day ahead inc hosp",2020-12-29,"quantile",0.15,55.0277774787707
"35265",2020-12-12,"45","17  day ahead inc hosp",2020-12-29,"quantile",0.2,64.3592563334181
"35266",2020-12-12,"45","17  day ahead inc hosp",2020-12-29,"quantile",0.25,72.3648343000734
"35267",2020-12-12,"45","17  day ahead inc hosp",2020-12-29,"quantile",0.3,79.5540907369184
"35268",2020-12-12,"45","17  day ahead inc hosp",2020-12-29,"quantile",0.35,86.2160082390448
"35269",2020-12-12,"45","17  day ahead inc hosp",2020-12-29,"quantile",0.4,92.5375164782297
"35270",2020-12-12,"45","17  day ahead inc hosp",2020-12-29,"quantile",0.45,98.6536488578601
"35271",2020-12-12,"45","17  day ahead inc hosp",2020-12-29,"quantile",0.5,104.67281226931
"35272",2020-12-12,"45","17  day ahead inc hosp",2020-12-29,"quantile",0.55,110.69197568076
"35273",2020-12-12,"45","17  day ahead inc hosp",2020-12-29,"quantile",0.6,116.808108060391
"35274",2020-12-12,"45","17  day ahead inc hosp",2020-12-29,"quantile",0.65,123.129616299575
"35275",2020-12-12,"45","17  day ahead inc hosp",2020-12-29,"quantile",0.7,129.791533801702
"35276",2020-12-12,"45","17  day ahead inc hosp",2020-12-29,"quantile",0.75,136.980790238547
"35277",2020-12-12,"45","17  day ahead inc hosp",2020-12-29,"quantile",0.8,144.986368205202
"35278",2020-12-12,"45","17  day ahead inc hosp",2020-12-29,"quantile",0.85,154.31784705985
"35279",2020-12-12,"45","17  day ahead inc hosp",2020-12-29,"quantile",0.9,166.058978232572
"35280",2020-12-12,"45","17  day ahead inc hosp",2020-12-29,"quantile",0.95,183.461103309639
"35281",2020-12-12,"45","17  day ahead inc hosp",2020-12-29,"quantile",0.975,198.554851565844
"35282",2020-12-12,"45","17  day ahead inc hosp",2020-12-29,"quantile",0.99,216.104595838212
"35283",2020-12-12,"45","18  day ahead inc hosp",2020-12-30,"quantile",0.01,0
"35284",2020-12-12,"45","18  day ahead inc hosp",2020-12-30,"quantile",0.025,10.8298902256691
"35285",2020-12-12,"45","18  day ahead inc hosp",2020-12-30,"quantile",0.05,26.8313181834631
"35286",2020-12-12,"45","18  day ahead inc hosp",2020-12-30,"quantile",0.1,45.2799398251236
"35287",2020-12-12,"45","18  day ahead inc hosp",2020-12-30,"quantile",0.15,57.7271372617243
"35288",2020-12-12,"45","18  day ahead inc hosp",2020-12-30,"quantile",0.2,67.6197752001459
"35289",2020-12-12,"45","18  day ahead inc hosp",2020-12-30,"quantile",0.25,76.1067776941272
"35290",2020-12-12,"45","18  day ahead inc hosp",2020-12-30,"quantile",0.3,83.7283682355615
"35291",2020-12-12,"45","18  day ahead inc hosp",2020-12-30,"quantile",0.35,90.7909077162514
"35292",2020-12-12,"45","18  day ahead inc hosp",2020-12-30,"quantile",0.4,97.4925670361845
"35293",2020-12-12,"45","18  day ahead inc hosp",2020-12-30,"quantile",0.45,103.976499985891
"35294",2020-12-12,"45","18  day ahead inc hosp",2020-12-30,"quantile",0.5,110.357632628336
"35295",2020-12-12,"45","18  day ahead inc hosp",2020-12-30,"quantile",0.55,116.73876527078
"35296",2020-12-12,"45","18  day ahead inc hosp",2020-12-30,"quantile",0.6,123.222698220487
"35297",2020-12-12,"45","18  day ahead inc hosp",2020-12-30,"quantile",0.65,129.92435754042
"35298",2020-12-12,"45","18  day ahead inc hosp",2020-12-30,"quantile",0.7,136.98689702111
"35299",2020-12-12,"45","18  day ahead inc hosp",2020-12-30,"quantile",0.75,144.608487562544
"35300",2020-12-12,"45","18  day ahead inc hosp",2020-12-30,"quantile",0.8,153.095490056525
"35301",2020-12-12,"45","18  day ahead inc hosp",2020-12-30,"quantile",0.85,162.988127994947
"35302",2020-12-12,"45","18  day ahead inc hosp",2020-12-30,"quantile",0.9,175.435325431548
"35303",2020-12-12,"45","18  day ahead inc hosp",2020-12-30,"quantile",0.95,193.883947073208
"35304",2020-12-12,"45","18  day ahead inc hosp",2020-12-30,"quantile",0.975,209.885375031002
"35305",2020-12-12,"45","18  day ahead inc hosp",2020-12-30,"quantile",0.99,228.490493116005
"35306",2020-12-12,"45","19  day ahead inc hosp",2020-12-31,"quantile",0.01,0
"35307",2020-12-12,"45","19  day ahead inc hosp",2020-12-31,"quantile",0.025,10.7049678640695
"35308",2020-12-12,"45","19  day ahead inc hosp",2020-12-31,"quantile",0.05,27.640448760446
"35309",2020-12-12,"45","19  day ahead inc hosp",2020-12-31,"quantile",0.1,47.1659736199094
"35310",2020-12-12,"45","19  day ahead inc hosp",2020-12-31,"quantile",0.15,60.3397525449522
"35311",2020-12-12,"45","19  day ahead inc hosp",2020-12-31,"quantile",0.2,70.8098544172857
"35312",2020-12-12,"45","19  day ahead inc hosp",2020-12-31,"quantile",0.25,79.7922695481998
"35313",2020-12-12,"45","19  day ahead inc hosp",2020-12-31,"quantile",0.3,87.8587559489709
"35314",2020-12-12,"45","19  day ahead inc hosp",2020-12-31,"quantile",0.35,95.3335577460736
"35315",2020-12-12,"45","19  day ahead inc hosp",2020-12-31,"quantile",0.4,102.426413689063
"35316",2020-12-12,"45","19  day ahead inc hosp",2020-12-31,"quantile",0.45,109.288833898858
"35317",2020-12-12,"45","19  day ahead inc hosp",2020-12-31,"quantile",0.5,116.042453028876
"35318",2020-12-12,"45","19  day ahead inc hosp",2020-12-31,"quantile",0.55,122.796072158894
"35319",2020-12-12,"45","19  day ahead inc hosp",2020-12-31,"quantile",0.6,129.658492368689
"35320",2020-12-12,"45","19  day ahead inc hosp",2020-12-31,"quantile",0.65,136.751348311678
"35321",2020-12-12,"45","19  day ahead inc hosp",2020-12-31,"quantile",0.7,144.22615010878
"35322",2020-12-12,"45","19  day ahead inc hosp",2020-12-31,"quantile",0.75,152.292636509552
"35323",2020-12-12,"45","19  day ahead inc hosp",2020-12-31,"quantile",0.8,161.275051640466
"35324",2020-12-12,"45","19  day ahead inc hosp",2020-12-31,"quantile",0.85,171.745153512799
"35325",2020-12-12,"45","19  day ahead inc hosp",2020-12-31,"quantile",0.9,184.918932437842
"35326",2020-12-12,"45","19  day ahead inc hosp",2020-12-31,"quantile",0.95,204.444457297305
"35327",2020-12-12,"45","19  day ahead inc hosp",2020-12-31,"quantile",0.975,221.379938193682
"35328",2020-12-12,"45","19  day ahead inc hosp",2020-12-31,"quantile",0.99,241.071094678871
"35329",2020-12-12,"45","20  day ahead inc hosp",2021-01-01,"quantile",0.01,0
"35330",2020-12-12,"45","20  day ahead inc hosp",2021-01-01,"quantile",0.025,10.4226711131149
"35331",2020-12-12,"45","20  day ahead inc hosp",2021-01-01,"quantile",0.05,28.3175065888479
"35332",2020-12-12,"45","20  day ahead inc hosp",2021-01-01,"quantile",0.1,48.9491058375112
"35333",2020-12-12,"45","20  day ahead inc hosp",2021-01-01,"quantile",0.15,62.8691479018472
"35334",2020-12-12,"45","20  day ahead inc hosp",2021-01-01,"quantile",0.2,73.932356060268
"35335",2020-12-12,"45","20  day ahead inc hosp",2021-01-01,"quantile",0.25,83.4236035734599
"35336",2020-12-12,"45","20  day ahead inc hosp",2021-01-01,"quantile",0.3,91.9470371796424
"35337",2020-12-12,"45","20  day ahead inc hosp",2021-01-01,"quantile",0.35,99.8452686613057
"35338",2020-12-12,"45","20  day ahead inc hosp",2021-01-01,"quantile",0.4,107.339917967663
"35339",2020-12-12,"45","20  day ahead inc hosp",2021-01-01,"quantile",0.45,114.591077906434
"35340",2020-12-12,"45","20  day ahead inc hosp",2021-01-01,"quantile",0.5,121.727273443893
"35341",2020-12-12,"45","20  day ahead inc hosp",2021-01-01,"quantile",0.55,128.863468981351
"35342",2020-12-12,"45","20  day ahead inc hosp",2021-01-01,"quantile",0.6,136.114628920122
"35343",2020-12-12,"45","20  day ahead inc hosp",2021-01-01,"quantile",0.65,143.60927822648
"35344",2020-12-12,"45","20  day ahead inc hosp",2021-01-01,"quantile",0.7,151.507509708143
"35345",2020-12-12,"45","20  day ahead inc hosp",2021-01-01,"quantile",0.75,160.030943314326
"35346",2020-12-12,"45","20  day ahead inc hosp",2021-01-01,"quantile",0.8,169.522190827518
"35347",2020-12-12,"45","20  day ahead inc hosp",2021-01-01,"quantile",0.85,180.585398985939
"35348",2020-12-12,"45","20  day ahead inc hosp",2021-01-01,"quantile",0.9,194.505441050275
"35349",2020-12-12,"45","20  day ahead inc hosp",2021-01-01,"quantile",0.95,215.137040298938
"35350",2020-12-12,"45","20  day ahead inc hosp",2021-01-01,"quantile",0.975,233.031875774671
"35351",2020-12-12,"45","20  day ahead inc hosp",2021-01-01,"quantile",0.99,253.838489285408
"35352",2020-12-12,"45","21  day ahead inc hosp",2021-01-02,"quantile",0.01,0
"35353",2020-12-12,"45","21  day ahead inc hosp",2021-01-02,"quantile",0.025,9.98896140153093
"35354",2020-12-12,"45","21  day ahead inc hosp",2021-01-02,"quantile",0.05,28.86749465585
"35355",2020-12-12,"45","21  day ahead inc hosp",2021-01-02,"quantile",0.1,50.6332344433916
"35356",2020-12-12,"45","21  day ahead inc hosp",2021-01-02,"quantile",0.15,65.3184757449646
"35357",2020-12-12,"45","21  day ahead inc hosp",2021-01-02,"quantile",0.2,76.9898399998319
"35358",2020-12-12,"45","21  day ahead inc hosp",2021-01-02,"quantile",0.25,87.0028312925292
"35359",2020-12-12,"45","21  day ahead inc hosp",2021-01-02,"quantile",0.3,95.994806937877
"35360",2020-12-12,"45","21  day ahead inc hosp",2021-01-02,"quantile",0.35,104.327212445549
"35361",2020-12-12,"45","21  day ahead inc hosp",2021-01-02,"quantile",0.4,112.233850444619
"35362",2020-12-12,"45","21  day ahead inc hosp",2021-01-02,"quantile",0.45,119.883614211496
"35363",2020-12-12,"45","21  day ahead inc hosp",2021-01-02,"quantile",0.5,127.412093863959
"35364",2020-12-12,"45","21  day ahead inc hosp",2021-01-02,"quantile",0.55,134.940573516422
"35365",2020-12-12,"45","21  day ahead inc hosp",2021-01-02,"quantile",0.6,142.590337283298
"35366",2020-12-12,"45","21  day ahead inc hosp",2021-01-02,"quantile",0.65,150.496975282368
"35367",2020-12-12,"45","21  day ahead inc hosp",2021-01-02,"quantile",0.7,158.829380790041
"35368",2020-12-12,"45","21  day ahead inc hosp",2021-01-02,"quantile",0.75,167.821356435388
"35369",2020-12-12,"45","21  day ahead inc hosp",2021-01-02,"quantile",0.8,177.834347728086
"35370",2020-12-12,"45","21  day ahead inc hosp",2021-01-02,"quantile",0.85,189.505711982953
"35371",2020-12-12,"45","21  day ahead inc hosp",2021-01-02,"quantile",0.9,204.190953284526
"35372",2020-12-12,"45","21  day ahead inc hosp",2021-01-02,"quantile",0.95,225.956693072068
"35373",2020-12-12,"45","21  day ahead inc hosp",2021-01-02,"quantile",0.975,244.835226326387
"35374",2020-12-12,"45","21  day ahead inc hosp",2021-01-02,"quantile",0.99,266.785601092608
"35375",2020-12-12,"45","22  day ahead inc hosp",2021-01-03,"quantile",0.01,0
"35376",2020-12-12,"45","22  day ahead inc hosp",2021-01-03,"quantile",0.025,0
"35377",2020-12-12,"45","22  day ahead inc hosp",2021-01-03,"quantile",0.05,0
"35378",2020-12-12,"45","22  day ahead inc hosp",2021-01-03,"quantile",0.1,18.9518029165878
"35379",2020-12-12,"45","22  day ahead inc hosp",2021-01-03,"quantile",0.15,34.4205101187526
"35380",2020-12-12,"45","22  day ahead inc hosp",2021-01-03,"quantile",0.2,46.7145482350359
"35381",2020-12-12,"45","22  day ahead inc hosp",2021-01-03,"quantile",0.25,57.2617382568962
"35382",2020-12-12,"45","22  day ahead inc hosp",2021-01-03,"quantile",0.3,66.7334408711381
"35383",2020-12-12,"45","22  day ahead inc hosp",2021-01-03,"quantile",0.35,75.5103849091011
"35384",2020-12-12,"45","22  day ahead inc hosp",2021-01-03,"quantile",0.4,83.8388465018993
"35385",2020-12-12,"45","22  day ahead inc hosp",2021-01-03,"quantile",0.45,91.8967294774323
"35386",2020-12-12,"45","22  day ahead inc hosp",2021-01-03,"quantile",0.5,99.8268577626879
"35387",2020-12-12,"45","22  day ahead inc hosp",2021-01-03,"quantile",0.55,107.756986047944
"35388",2020-12-12,"45","22  day ahead inc hosp",2021-01-03,"quantile",0.6,115.814869023477
"35389",2020-12-12,"45","22  day ahead inc hosp",2021-01-03,"quantile",0.65,124.143330616275
"35390",2020-12-12,"45","22  day ahead inc hosp",2021-01-03,"quantile",0.7,132.920274654238
"35391",2020-12-12,"45","22  day ahead inc hosp",2021-01-03,"quantile",0.75,142.39197726848
"35392",2020-12-12,"45","22  day ahead inc hosp",2021-01-03,"quantile",0.8,152.93916729034
"35393",2020-12-12,"45","22  day ahead inc hosp",2021-01-03,"quantile",0.85,165.233205406623
"35394",2020-12-12,"45","22  day ahead inc hosp",2021-01-03,"quantile",0.9,180.701912608788
"35395",2020-12-12,"45","22  day ahead inc hosp",2021-01-03,"quantile",0.95,203.628866881983
"35396",2020-12-12,"45","22  day ahead inc hosp",2021-01-03,"quantile",0.975,223.514580526069
"35397",2020-12-12,"45","22  day ahead inc hosp",2021-01-03,"quantile",0.99,246.636020158123
"35398",2020-12-12,"45","23  day ahead inc hosp",2021-01-04,"quantile",0.01,0
"35399",2020-12-12,"45","23  day ahead inc hosp",2021-01-04,"quantile",0.025,0
"35400",2020-12-12,"45","23  day ahead inc hosp",2021-01-04,"quantile",0.05,0
"35401",2020-12-12,"45","23  day ahead inc hosp",2021-01-04,"quantile",0.1,20.4480798228577
"35402",2020-12-12,"45","23  day ahead inc hosp",2021-01-04,"quantile",0.15,36.7179160428447
"35403",2020-12-12,"45","23  day ahead inc hosp",2021-01-04,"quantile",0.2,49.6486661061863
"35404",2020-12-12,"45","23  day ahead inc hosp",2021-01-04,"quantile",0.25,60.7420982847158
"35405",2020-12-12,"45","23  day ahead inc hosp",2021-01-04,"quantile",0.3,70.7043432379703
"35406",2020-12-12,"45","23  day ahead inc hosp",2021-01-04,"quantile",0.35,79.9358478584512
"35407",2020-12-12,"45","23  day ahead inc hosp",2021-01-04,"quantile",0.4,88.6956429924824
"35408",2020-12-12,"45","23  day ahead inc hosp",2021-01-04,"quantile",0.45,97.1708461609408
"35409",2020-12-12,"45","23  day ahead inc hosp",2021-01-04,"quantile",0.5,105.511678185128
"35410",2020-12-12,"45","23  day ahead inc hosp",2021-01-04,"quantile",0.55,113.852510209316
"35411",2020-12-12,"45","23  day ahead inc hosp",2021-01-04,"quantile",0.6,122.327713377774
"35412",2020-12-12,"45","23  day ahead inc hosp",2021-01-04,"quantile",0.65,131.087508511805
"35413",2020-12-12,"45","23  day ahead inc hosp",2021-01-04,"quantile",0.7,140.319013132286
"35414",2020-12-12,"45","23  day ahead inc hosp",2021-01-04,"quantile",0.75,150.281258085541
"35415",2020-12-12,"45","23  day ahead inc hosp",2021-01-04,"quantile",0.8,161.37469026407
"35416",2020-12-12,"45","23  day ahead inc hosp",2021-01-04,"quantile",0.85,174.305440327412
"35417",2020-12-12,"45","23  day ahead inc hosp",2021-01-04,"quantile",0.9,190.575276547399
"35418",2020-12-12,"45","23  day ahead inc hosp",2021-01-04,"quantile",0.95,214.689624706746
"35419",2020-12-12,"45","23  day ahead inc hosp",2021-01-04,"quantile",0.975,235.605225466296
"35420",2020-12-12,"45","23  day ahead inc hosp",2021-01-04,"quantile",0.99,259.924131439976
"35421",2020-12-12,"45","24  day ahead inc hosp",2021-01-05,"quantile",0.01,0
"35422",2020-12-12,"45","24  day ahead inc hosp",2021-01-05,"quantile",0.025,0
"35423",2020-12-12,"45","24  day ahead inc hosp",2021-01-05,"quantile",0.05,0
"35424",2020-12-12,"45","24  day ahead inc hosp",2021-01-05,"quantile",0.1,21.8548654090754
"35425",2020-12-12,"45","24  day ahead inc hosp",2021-01-05,"quantile",0.15,38.9429473589902
"35426",2020-12-12,"45","24  day ahead inc hosp",2021-01-05,"quantile",0.2,52.5240131895609
"35427",2020-12-12,"45","24  day ahead inc hosp",2021-01-05,"quantile",0.25,64.1753583911592
"35428",2020-12-12,"45","24  day ahead inc hosp",2021-01-05,"quantile",0.3,74.6386264821563
"35429",2020-12-12,"45","24  day ahead inc hosp",2021-01-05,"quantile",0.35,84.3344037071295
"35430",2020-12-12,"45","24  day ahead inc hosp",2021-01-05,"quantile",0.4,93.534748141507
"35431",2020-12-12,"45","24  day ahead inc hosp",2021-01-05,"quantile",0.45,102.436187856486
"35432",2020-12-12,"45","24  day ahead inc hosp",2021-01-05,"quantile",0.5,111.196498607783
"35433",2020-12-12,"45","24  day ahead inc hosp",2021-01-05,"quantile",0.55,119.956809359079
"35434",2020-12-12,"45","24  day ahead inc hosp",2021-01-05,"quantile",0.6,128.858249074058
"35435",2020-12-12,"45","24  day ahead inc hosp",2021-01-05,"quantile",0.65,138.058593508436
"35436",2020-12-12,"45","24  day ahead inc hosp",2021-01-05,"quantile",0.7,147.754370733409
"35437",2020-12-12,"45","24  day ahead inc hosp",2021-01-05,"quantile",0.75,158.217638824406
"35438",2020-12-12,"45","24  day ahead inc hosp",2021-01-05,"quantile",0.8,169.868984026004
"35439",2020-12-12,"45","24  day ahead inc hosp",2021-01-05,"quantile",0.85,183.450049856575
"35440",2020-12-12,"45","24  day ahead inc hosp",2021-01-05,"quantile",0.9,200.53813180649
"35441",2020-12-12,"45","24  day ahead inc hosp",2021-01-05,"quantile",0.95,225.865243397785
"35442",2020-12-12,"45","24  day ahead inc hosp",2021-01-05,"quantile",0.975,247.832735570313
"35443",2020-12-12,"45","24  day ahead inc hosp",2021-01-05,"quantile",0.99,273.374692636852
"35444",2020-12-12,"45","25  day ahead inc hosp",2021-01-06,"quantile",0.01,0
"35445",2020-12-12,"45","25  day ahead inc hosp",2021-01-06,"quantile",0.025,0
"35446",2020-12-12,"45","25  day ahead inc hosp",2021-01-06,"quantile",0.05,0
"35447",2020-12-12,"45","25  day ahead inc hosp",2021-01-06,"quantile",0.1,23.1747566995223
"35448",2020-12-12,"45","25  day ahead inc hosp",2021-01-06,"quantile",0.15,41.0977043671044
"35449",2020-12-12,"45","25  day ahead inc hosp",2021-01-06,"quantile",0.2,55.3422950042953
"35450",2020-12-12,"45","25  day ahead inc hosp",2021-01-06,"quantile",0.25,67.5628854086046
"35451",2020-12-12,"45","25  day ahead inc hosp",2021-01-06,"quantile",0.3,78.5373532848988
"35452",2020-12-12,"45","25  day ahead inc hosp",2021-01-06,"quantile",0.35,88.7068332949473
"35453",2020-12-12,"45","25  day ahead inc hosp",2021-01-06,"quantile",0.4,98.3566753488649
"35454",2020-12-12,"45","25  day ahead inc hosp",2021-01-06,"quantile",0.45,107.693009212742
"35455",2020-12-12,"45","25  day ahead inc hosp",2021-01-06,"quantile",0.5,116.881319030512
"35456",2020-12-12,"45","25  day ahead inc hosp",2021-01-06,"quantile",0.55,126.069628848281
"35457",2020-12-12,"45","25  day ahead inc hosp",2021-01-06,"quantile",0.6,135.405962712159
"35458",2020-12-12,"45","25  day ahead inc hosp",2021-01-06,"quantile",0.65,145.055804766076
"35459",2020-12-12,"45","25  day ahead inc hosp",2021-01-06,"quantile",0.7,155.225284776125
"35460",2020-12-12,"45","25  day ahead inc hosp",2021-01-06,"quantile",0.75,166.199752652419
"35461",2020-12-12,"45","25  day ahead inc hosp",2021-01-06,"quantile",0.8,178.420343056728
"35462",2020-12-12,"45","25  day ahead inc hosp",2021-01-06,"quantile",0.85,192.664933693919
"35463",2020-12-12,"45","25  day ahead inc hosp",2021-01-06,"quantile",0.9,210.587881361501
"35464",2020-12-12,"45","25  day ahead inc hosp",2021-01-06,"quantile",0.95,237.152389710202
"35465",2020-12-12,"45","25  day ahead inc hosp",2021-01-06,"quantile",0.975,260.193139031878
"35466",2020-12-12,"45","25  day ahead inc hosp",2021-01-06,"quantile",0.99,286.982989476941
"35467",2020-12-12,"45","26  day ahead inc hosp",2021-01-07,"quantile",0.01,0
"35468",2020-12-12,"45","26  day ahead inc hosp",2021-01-07,"quantile",0.025,0
"35469",2020-12-12,"45","26  day ahead inc hosp",2021-01-07,"quantile",0.05,0
"35470",2020-12-12,"45","26  day ahead inc hosp",2021-01-07,"quantile",0.1,24.4101242078114
"35471",2020-12-12,"45","26  day ahead inc hosp",2021-01-07,"quantile",0.15,43.1841041804061
"35472",2020-12-12,"45","26  day ahead inc hosp",2021-01-07,"quantile",0.2,58.1050683153478
"35473",2020-12-12,"45","26  day ahead inc hosp",2021-01-07,"quantile",0.25,70.9059269552892
"35474",2020-12-12,"45","26  day ahead inc hosp",2021-01-07,"quantile",0.3,82.4014936411248
"35475",2020-12-12,"45","26  day ahead inc hosp",2021-01-07,"quantile",0.35,93.0538493574604
"35476",2020-12-12,"45","26  day ahead inc hosp",2021-01-07,"quantile",0.4,103.161893236126
"35477",2020-12-12,"45","26  day ahead inc hosp",2021-01-07,"quantile",0.45,112.941542668174
"35478",2020-12-12,"45","26  day ahead inc hosp",2021-01-07,"quantile",0.5,122.566139453267
"35479",2020-12-12,"45","26  day ahead inc hosp",2021-01-07,"quantile",0.55,132.19073623836
"35480",2020-12-12,"45","26  day ahead inc hosp",2021-01-07,"quantile",0.6,141.970385670408
"35481",2020-12-12,"45","26  day ahead inc hosp",2021-01-07,"quantile",0.65,152.078429549073
"35482",2020-12-12,"45","26  day ahead inc hosp",2021-01-07,"quantile",0.7,162.730785265409
"35483",2020-12-12,"45","26  day ahead inc hosp",2021-01-07,"quantile",0.75,174.226351951245
"35484",2020-12-12,"45","26  day ahead inc hosp",2021-01-07,"quantile",0.8,187.027210591186
"35485",2020-12-12,"45","26  day ahead inc hosp",2021-01-07,"quantile",0.85,201.948174726128
"35486",2020-12-12,"45","26  day ahead inc hosp",2021-01-07,"quantile",0.9,220.722154698722
"35487",2020-12-12,"45","26  day ahead inc hosp",2021-01-07,"quantile",0.95,248.548021122602
"35488",2020-12-12,"45","26  day ahead inc hosp",2021-01-07,"quantile",0.975,272.682810463148
"35489",2020-12-12,"45","26  day ahead inc hosp",2021-01-07,"quantile",0.99,300.744718864193
"35490",2020-12-12,"45","27  day ahead inc hosp",2021-01-08,"quantile",0.01,0
"35491",2020-12-12,"45","27  day ahead inc hosp",2021-01-08,"quantile",0.025,0
"35492",2020-12-12,"45","27  day ahead inc hosp",2021-01-08,"quantile",0.05,0
"35493",2020-12-12,"45","27  day ahead inc hosp",2021-01-08,"quantile",0.1,25.5631402662046
"35494",2020-12-12,"45","27  day ahead inc hosp",2021-01-08,"quantile",0.15,45.2039036362677
"35495",2020-12-12,"45","27  day ahead inc hosp",2021-01-08,"quantile",0.2,60.8137597379245
"35496",2020-12-12,"45","27  day ahead inc hosp",2021-01-08,"quantile",0.25,74.2056263452035
"35497",2020-12-12,"45","27  day ahead inc hosp",2021-01-08,"quantile",0.3,86.2319364515775
"35498",2020-12-12,"45","27  day ahead inc hosp",2021-01-08,"quantile",0.35,97.3761050436233
"35499",2020-12-12,"45","27  day ahead inc hosp",2021-01-08,"quantile",0.4,107.950831246852
"35500",2020-12-12,"45","27  day ahead inc hosp",2021-01-08,"quantile",0.45,118.182001228785
"35501",2020-12-12,"45","27  day ahead inc hosp",2021-01-08,"quantile",0.5,128.250959876031
"35502",2020-12-12,"45","27  day ahead inc hosp",2021-01-08,"quantile",0.55,138.319918523277
"35503",2020-12-12,"45","27  day ahead inc hosp",2021-01-08,"quantile",0.6,148.55108850521
"35504",2020-12-12,"45","27  day ahead inc hosp",2021-01-08,"quantile",0.65,159.125814708439
"35505",2020-12-12,"45","27  day ahead inc hosp",2021-01-08,"quantile",0.7,170.269983300485
"35506",2020-12-12,"45","27  day ahead inc hosp",2021-01-08,"quantile",0.75,182.296293406859
"35507",2020-12-12,"45","27  day ahead inc hosp",2021-01-08,"quantile",0.8,195.688160014138
"35508",2020-12-12,"45","27  day ahead inc hosp",2021-01-08,"quantile",0.85,211.298016115795
"35509",2020-12-12,"45","27  day ahead inc hosp",2021-01-08,"quantile",0.9,230.938779485858
"35510",2020-12-12,"45","27  day ahead inc hosp",2021-01-08,"quantile",0.95,260.049349476674
"35511",2020-12-12,"45","27  day ahead inc hosp",2021-01-08,"quantile",0.975,285.298427568584
"35512",2020-12-12,"45","27  day ahead inc hosp",2021-01-08,"quantile",0.99,314.655937453108
"35513",2020-12-12,"45","28  day ahead inc hosp",2021-01-09,"quantile",0.01,0
"35514",2020-12-12,"45","28  day ahead inc hosp",2021-01-09,"quantile",0.025,0
"35515",2020-12-12,"45","28  day ahead inc hosp",2021-01-09,"quantile",0.05,0
"35516",2020-12-12,"45","28  day ahead inc hosp",2021-01-09,"quantile",0.1,26.635803203571
"35517",2020-12-12,"45","28  day ahead inc hosp",2021-01-09,"quantile",0.15,47.1587188497309
"35518",2020-12-12,"45","28  day ahead inc hosp",2021-01-09,"quantile",0.2,63.4696816156332
"35519",2020-12-12,"45","28  day ahead inc hosp",2021-01-09,"quantile",0.25,77.4630353131137
"35520",2020-12-12,"45","28  day ahead inc hosp",2021-01-09,"quantile",0.3,90.0294994162287
"35521",2020-12-12,"45","28  day ahead inc hosp",2021-01-09,"quantile",0.35,101.674201185293
"35522",2020-12-12,"45","28  day ahead inc hosp",2021-01-09,"quantile",0.4,112.723884426266
"35523",2020-12-12,"45","28  day ahead inc hosp",2021-01-09,"quantile",0.45,123.414580838849
"35524",2020-12-12,"45","28  day ahead inc hosp",2021-01-09,"quantile",0.5,133.935780298799
"35525",2020-12-12,"45","28  day ahead inc hosp",2021-01-09,"quantile",0.55,144.456979758748
"35526",2020-12-12,"45","28  day ahead inc hosp",2021-01-09,"quantile",0.6,155.147676171331
"35527",2020-12-12,"45","28  day ahead inc hosp",2021-01-09,"quantile",0.65,166.197359412304
"35528",2020-12-12,"45","28  day ahead inc hosp",2021-01-09,"quantile",0.7,177.842061181368
"35529",2020-12-12,"45","28  day ahead inc hosp",2021-01-09,"quantile",0.75,190.408525284483
"35530",2020-12-12,"45","28  day ahead inc hosp",2021-01-09,"quantile",0.8,204.401878981964
"35531",2020-12-12,"45","28  day ahead inc hosp",2021-01-09,"quantile",0.85,220.712841747866
"35532",2020-12-12,"45","28  day ahead inc hosp",2021-01-09,"quantile",0.9,241.235757394026
"35533",2020-12-12,"45","28  day ahead inc hosp",2021-01-09,"quantile",0.95,271.653809945068
"35534",2020-12-12,"45","28  day ahead inc hosp",2021-01-09,"quantile",0.975,298.036934167897
"35535",2020-12-12,"45","28  day ahead inc hosp",2021-01-09,"quantile",0.99,328.713017759421
"35536",2020-12-12,"45","29  day ahead inc hosp",2021-01-10,"quantile",0.01,0
"35537",2020-12-12,"45","29  day ahead inc hosp",2021-01-10,"quantile",0.025,0
"35538",2020-12-12,"45","29  day ahead inc hosp",2021-01-10,"quantile",0.05,0
"35539",2020-12-12,"45","29  day ahead inc hosp",2021-01-10,"quantile",0.1,0
"35540",2020-12-12,"45","29  day ahead inc hosp",2021-01-10,"quantile",0.15,8.71212134524484
"35541",2020-12-12,"45","29  day ahead inc hosp",2021-01-10,"quantile",0.2,25.736125009475
"35542",2020-12-12,"45","29  day ahead inc hosp",2021-01-10,"quantile",0.25,40.3412043073554
"35543",2020-12-12,"45","29  day ahead inc hosp",2021-01-10,"quantile",0.3,53.4570169058039
"35544",2020-12-12,"45","29  day ahead inc hosp",2021-01-10,"quantile",0.35,65.6107719250863
"35545",2020-12-12,"45","29  day ahead inc hosp",2021-01-10,"quantile",0.4,77.1434969200906
"35546",2020-12-12,"45","29  day ahead inc hosp",2021-01-10,"quantile",0.45,88.3015418198964
"35547",2020-12-12,"45","29  day ahead inc hosp",2021-01-10,"quantile",0.5,99.2826801333688
"35548",2020-12-12,"45","29  day ahead inc hosp",2021-01-10,"quantile",0.55,110.263818446841
"35549",2020-12-12,"45","29  day ahead inc hosp",2021-01-10,"quantile",0.6,121.421863346647
"35550",2020-12-12,"45","29  day ahead inc hosp",2021-01-10,"quantile",0.65,132.954588341651
"35551",2020-12-12,"45","29  day ahead inc hosp",2021-01-10,"quantile",0.7,145.108343360934
"35552",2020-12-12,"45","29  day ahead inc hosp",2021-01-10,"quantile",0.75,158.224155959382
"35553",2020-12-12,"45","29  day ahead inc hosp",2021-01-10,"quantile",0.8,172.829235257263
"35554",2020-12-12,"45","29  day ahead inc hosp",2021-01-10,"quantile",0.85,189.853238921493
"35555",2020-12-12,"45","29  day ahead inc hosp",2021-01-10,"quantile",0.9,211.273322835318
"35556",2020-12-12,"45","29  day ahead inc hosp",2021-01-10,"quantile",0.95,243.021113908094
"35557",2020-12-12,"45","29  day ahead inc hosp",2021-01-10,"quantile",0.975,270.55758798933
"35558",2020-12-12,"45","29  day ahead inc hosp",2021-01-10,"quantile",0.99,302.574690042806
"35559",2020-12-12,"45","30  day ahead inc hosp",2021-01-11,"quantile",0.01,0
"35560",2020-12-12,"45","30  day ahead inc hosp",2021-01-11,"quantile",0.025,0
"35561",2020-12-12,"45","30  day ahead inc hosp",2021-01-11,"quantile",0.05,0
"35562",2020-12-12,"45","30  day ahead inc hosp",2021-01-11,"quantile",0.1,0
"35563",2020-12-12,"45","30  day ahead inc hosp",2021-01-11,"quantile",0.15,10.5413347404046
"35564",2020-12-12,"45","30  day ahead inc hosp",2021-01-11,"quantile",0.2,28.2900536878805
"35565",2020-12-12,"45","30  day ahead inc hosp",2021-01-11,"quantile",0.25,43.5168741689132
"35566",2020-12-12,"45","30  day ahead inc hosp",2021-01-11,"quantile",0.3,57.1910295655516
"35567",2020-12-12,"45","30  day ahead inc hosp",2021-01-11,"quantile",0.35,69.8621723970678
"35568",2020-12-12,"45","30  day ahead inc hosp",2021-01-11,"quantile",0.4,81.8858478304176
"35569",2020-12-12,"45","30  day ahead inc hosp",2021-01-11,"quantile",0.45,93.5188929610457
"35570",2020-12-12,"45","30  day ahead inc hosp",2021-01-11,"quantile",0.5,104.967500556138
"35571",2020-12-12,"45","30  day ahead inc hosp",2021-01-11,"quantile",0.55,116.41610815123
"35572",2020-12-12,"45","30  day ahead inc hosp",2021-01-11,"quantile",0.6,128.049153281858
"35573",2020-12-12,"45","30  day ahead inc hosp",2021-01-11,"quantile",0.65,140.072828715208
"35574",2020-12-12,"45","30  day ahead inc hosp",2021-01-11,"quantile",0.7,152.743971546724
"35575",2020-12-12,"45","30  day ahead inc hosp",2021-01-11,"quantile",0.75,166.418126943362
"35576",2020-12-12,"45","30  day ahead inc hosp",2021-01-11,"quantile",0.8,181.644947424395
"35577",2020-12-12,"45","30  day ahead inc hosp",2021-01-11,"quantile",0.85,199.393666371871
"35578",2020-12-12,"45","30  day ahead inc hosp",2021-01-11,"quantile",0.9,221.725607595347
"35579",2020-12-12,"45","30  day ahead inc hosp",2021-01-11,"quantile",0.95,254.82490856283
"35580",2020-12-12,"45","30  day ahead inc hosp",2021-01-11,"quantile",0.975,283.533615921676
"35581",2020-12-12,"45","30  day ahead inc hosp",2021-01-11,"quantile",0.99,316.913692492841
"35582",2020-12-12,"45","31  day ahead inc hosp",2021-01-12,"quantile",0.01,0
"35583",2020-12-12,"45","31  day ahead inc hosp",2021-01-12,"quantile",0.025,0
"35584",2020-12-12,"45","31  day ahead inc hosp",2021-01-12,"quantile",0.05,0
"35585",2020-12-12,"45","31  day ahead inc hosp",2021-01-12,"quantile",0.1,0
"35586",2020-12-12,"45","31  day ahead inc hosp",2021-01-12,"quantile",0.15,12.3097235333762
"35587",2020-12-12,"45","31  day ahead inc hosp",2021-01-12,"quantile",0.2,30.7945905990539
"35588",2020-12-12,"45","31  day ahead inc hosp",2021-01-12,"quantile",0.25,46.6529606176327
"35589",2020-12-12,"45","31  day ahead inc hosp",2021-01-12,"quantile",0.3,60.8942670178463
"35590",2020-12-12,"45","31  day ahead inc hosp",2021-01-12,"quantile",0.35,74.090959776571
"35591",2020-12-12,"45","31  day ahead inc hosp",2021-01-12,"quantile",0.4,86.6133306972022
"35592",2020-12-12,"45","31  day ahead inc hosp",2021-01-12,"quantile",0.45,98.7288694831308
"35593",2020-12-12,"45","31  day ahead inc hosp",2021-01-12,"quantile",0.5,110.652320978907
"35594",2020-12-12,"45","31  day ahead inc hosp",2021-01-12,"quantile",0.55,122.575772474683
"35595",2020-12-12,"45","31  day ahead inc hosp",2021-01-12,"quantile",0.6,134.691311260611
"35596",2020-12-12,"45","31  day ahead inc hosp",2021-01-12,"quantile",0.65,147.213682181242
"35597",2020-12-12,"45","31  day ahead inc hosp",2021-01-12,"quantile",0.7,160.410374939967
"35598",2020-12-12,"45","31  day ahead inc hosp",2021-01-12,"quantile",0.75,174.651681340181
"35599",2020-12-12,"45","31  day ahead inc hosp",2021-01-12,"quantile",0.8,190.510051358759
"35600",2020-12-12,"45","31  day ahead inc hosp",2021-01-12,"quantile",0.85,208.994918424437
"35601",2020-12-12,"45","31  day ahead inc hosp",2021-01-12,"quantile",0.9,232.253102074542
"35602",2020-12-12,"45","31  day ahead inc hosp",2021-01-12,"quantile",0.95,266.72523384706
"35603",2020-12-12,"45","31  day ahead inc hosp",2021-01-12,"quantile",0.975,296.624667193555
"35604",2020-12-12,"45","31  day ahead inc hosp",2021-01-12,"quantile",0.99,331.389220054305
"35605",2020-12-12,"45","32  day ahead inc hosp",2021-01-13,"quantile",0.01,0
"35606",2020-12-12,"45","32  day ahead inc hosp",2021-01-13,"quantile",0.025,0
"35607",2020-12-12,"45","32  day ahead inc hosp",2021-01-13,"quantile",0.05,0
"35608",2020-12-12,"45","32  day ahead inc hosp",2021-01-13,"quantile",0.1,0
"35609",2020-12-12,"45","32  day ahead inc hosp",2021-01-13,"quantile",0.15,14.0184860723097
"35610",2020-12-12,"45","32  day ahead inc hosp",2021-01-13,"quantile",0.2,33.2507088448453
"35611",2020-12-12,"45","32  day ahead inc hosp",2021-01-13,"quantile",0.25,49.7502435140941
"35612",2020-12-12,"45","32  day ahead inc hosp",2021-01-13,"quantile",0.3,64.567335586636
"35613",2020-12-12,"45","32  day ahead inc hosp",2021-01-13,"quantile",0.35,78.2975795799917
"35614",2020-12-12,"45","32  day ahead inc hosp",2021-01-13,"quantile",0.4,91.3262384461987
"35615",2020-12-12,"45","32  day ahead inc hosp",2021-01-13,"quantile",0.45,103.931616678695
"35616",2020-12-12,"45","32  day ahead inc hosp",2021-01-13,"quantile",0.5,116.337141401676
"35617",2020-12-12,"45","32  day ahead inc hosp",2021-01-13,"quantile",0.55,128.742666124657
"35618",2020-12-12,"45","32  day ahead inc hosp",2021-01-13,"quantile",0.6,141.348044357153
"35619",2020-12-12,"45","32  day ahead inc hosp",2021-01-13,"quantile",0.65,154.37670322336
"35620",2020-12-12,"45","32  day ahead inc hosp",2021-01-13,"quantile",0.7,168.106947216715
"35621",2020-12-12,"45","32  day ahead inc hosp",2021-01-13,"quantile",0.75,182.924039289257
"35622",2020-12-12,"45","32  day ahead inc hosp",2021-01-13,"quantile",0.8,199.423573958506
"35623",2020-12-12,"45","32  day ahead inc hosp",2021-01-13,"quantile",0.85,218.655796731042
"35624",2020-12-12,"45","32  day ahead inc hosp",2021-01-13,"quantile",0.9,242.854324513474
"35625",2020-12-12,"45","32  day ahead inc hosp",2021-01-13,"quantile",0.95,278.720187943147
"35626",2020-12-12,"45","32  day ahead inc hosp",2021-01-13,"quantile",0.975,309.828475649477
"35627",2020-12-12,"45","32  day ahead inc hosp",2021-01-13,"quantile",0.99,345.998582950221
"35628",2020-12-12,"45","33  day ahead inc hosp",2021-01-14,"quantile",0.01,0
"35629",2020-12-12,"45","33  day ahead inc hosp",2021-01-14,"quantile",0.025,0
"35630",2020-12-12,"45","33  day ahead inc hosp",2021-01-14,"quantile",0.05,0
"35631",2020-12-12,"45","33  day ahead inc hosp",2021-01-14,"quantile",0.1,0
"35632",2020-12-12,"45","33  day ahead inc hosp",2021-01-14,"quantile",0.15,15.6687431468483
"35633",2020-12-12,"45","33  day ahead inc hosp",2021-01-14,"quantile",0.2,35.6593185468037
"35634",2020-12-12,"45","33  day ahead inc hosp",2021-01-14,"quantile",0.25,52.8094522453802
"35635",2020-12-12,"45","33  day ahead inc hosp",2021-01-14,"quantile",0.3,68.2108023538668
"35636",2020-12-12,"45","33  day ahead inc hosp",2021-01-14,"quantile",0.35,82.4824484893786
"35637",2020-12-12,"45","33  day ahead inc hosp",2021-01-14,"quantile",0.4,96.0248450446608
"35638",2020-12-12,"45","33  day ahead inc hosp",2021-01-14,"quantile",0.45,109.127270436775
"35639",2020-12-12,"45","33  day ahead inc hosp",2021-01-14,"quantile",0.5,122.021961824445
"35640",2020-12-12,"45","33  day ahead inc hosp",2021-01-14,"quantile",0.55,134.916653212115
"35641",2020-12-12,"45","33  day ahead inc hosp",2021-01-14,"quantile",0.6,148.019078604229
"35642",2020-12-12,"45","33  day ahead inc hosp",2021-01-14,"quantile",0.65,161.561475159511
"35643",2020-12-12,"45","33  day ahead inc hosp",2021-01-14,"quantile",0.7,175.833121295023
"35644",2020-12-12,"45","33  day ahead inc hosp",2021-01-14,"quantile",0.75,191.234471403509
"35645",2020-12-12,"45","33  day ahead inc hosp",2021-01-14,"quantile",0.8,208.384605102086
"35646",2020-12-12,"45","33  day ahead inc hosp",2021-01-14,"quantile",0.85,228.375180502041
"35647",2020-12-12,"45","33  day ahead inc hosp",2021-01-14,"quantile",0.9,253.527889053932
"35648",2020-12-12,"45","33  day ahead inc hosp",2021-01-14,"quantile",0.95,290.807992121335
"35649",2020-12-12,"45","33  day ahead inc hosp",2021-01-14,"quantile",0.975,323.142921802211
"35650",2020-12-12,"45","33  day ahead inc hosp",2021-01-14,"quantile",0.99,360.739265489148
"35651",2020-12-12,"45","34  day ahead inc hosp",2021-01-15,"quantile",0.01,0
"35652",2020-12-12,"45","34  day ahead inc hosp",2021-01-15,"quantile",0.025,0
"35653",2020-12-12,"45","34  day ahead inc hosp",2021-01-15,"quantile",0.05,0
"35654",2020-12-12,"45","34  day ahead inc hosp",2021-01-15,"quantile",0.1,0
"35655",2020-12-12,"45","34  day ahead inc hosp",2021-01-15,"quantile",0.15,17.2615459508697
"35656",2020-12-12,"45","34  day ahead inc hosp",2021-01-15,"quantile",0.2,38.0212733122104
"35657",2020-12-12,"45","34  day ahead inc hosp",2021-01-15,"quantile",0.25,55.8312709070663
"35658",2020-12-12,"45","34  day ahead inc hosp",2021-01-15,"quantile",0.3,71.8251991883629
"35659",2020-12-12,"45","34  day ahead inc hosp",2021-01-15,"quantile",0.35,86.6459573127848
"35660",2020-12-12,"45","34  day ahead inc hosp",2021-01-15,"quantile",0.4,100.709407447764
"35661",2020-12-12,"45","34  day ahead inc hosp",2021-01-15,"quantile",0.45,114.315958208339
"35662",2020-12-12,"45","34  day ahead inc hosp",2021-01-15,"quantile",0.5,127.706782247214
"35663",2020-12-12,"45","34  day ahead inc hosp",2021-01-15,"quantile",0.55,141.097606286088
"35664",2020-12-12,"45","34  day ahead inc hosp",2021-01-15,"quantile",0.6,154.704157046663
"35665",2020-12-12,"45","34  day ahead inc hosp",2021-01-15,"quantile",0.65,168.767607181643
"35666",2020-12-12,"45","34  day ahead inc hosp",2021-01-15,"quantile",0.7,183.588365306065
"35667",2020-12-12,"45","34  day ahead inc hosp",2021-01-15,"quantile",0.75,199.582293587361
"35668",2020-12-12,"45","34  day ahead inc hosp",2021-01-15,"quantile",0.8,217.392291182217
"35669",2020-12-12,"45","34  day ahead inc hosp",2021-01-15,"quantile",0.85,238.152018543558
"35670",2020-12-12,"45","34  day ahead inc hosp",2021-01-15,"quantile",0.9,264.272495892983
"35671",2020-12-12,"45","34  day ahead inc hosp",2021-01-15,"quantile",0.95,302.98697810262
"35672",2020-12-12,"45","34  day ahead inc hosp",2021-01-15,"quantile",0.975,336.566017774715
"35673",2020-12-12,"45","34  day ahead inc hosp",2021-01-15,"quantile",0.99,375.608908192258
"35674",2020-12-12,"45","35  day ahead inc hosp",2021-01-16,"quantile",0.01,0
"35675",2020-12-12,"45","35  day ahead inc hosp",2021-01-16,"quantile",0.025,0
"35676",2020-12-12,"45","35  day ahead inc hosp",2021-01-16,"quantile",0.05,0
"35677",2020-12-12,"45","35  day ahead inc hosp",2021-01-16,"quantile",0.1,0
"35678",2020-12-12,"45","35  day ahead inc hosp",2021-01-16,"quantile",0.15,18.7978830121499
"35679",2020-12-12,"45","35  day ahead inc hosp",2021-01-16,"quantile",0.2,40.3373758612159
"35680",2020-12-12,"45","35  day ahead inc hosp",2021-01-16,"quantile",0.25,58.8163428129047
"35681",2020-12-12,"45","35  day ahead inc hosp",2021-01-16,"quantile",0.3,75.4110262520044
"35682",2020-12-12,"45","35  day ahead inc hosp",2021-01-16,"quantile",0.35,90.7884735605468
"35683",2020-12-12,"45","35  day ahead inc hosp",2021-01-16,"quantile",0.4,105.380167292503
"35684",2020-12-12,"45","35  day ahead inc hosp",2021-01-16,"quantile",0.45,119.497799846466
"35685",2020-12-12,"45","35  day ahead inc hosp",2021-01-16,"quantile",0.5,133.391602669983
"35686",2020-12-12,"45","35  day ahead inc hosp",2021-01-16,"quantile",0.55,147.2854054935
"35687",2020-12-12,"45","35  day ahead inc hosp",2021-01-16,"quantile",0.6,161.403038047463
"35688",2020-12-12,"45","35  day ahead inc hosp",2021-01-16,"quantile",0.65,175.994731779419
"35689",2020-12-12,"45","35  day ahead inc hosp",2021-01-16,"quantile",0.7,191.372179087961
"35690",2020-12-12,"45","35  day ahead inc hosp",2021-01-16,"quantile",0.75,207.966862527061
"35691",2020-12-12,"45","35  day ahead inc hosp",2021-01-16,"quantile",0.8,226.445829478749
"35692",2020-12-12,"45","35  day ahead inc hosp",2021-01-16,"quantile",0.85,247.985322327816
"35693",2020-12-12,"45","35  day ahead inc hosp",2021-01-16,"quantile",0.9,275.086922714431
"35694",2020-12-12,"45","35  day ahead inc hosp",2021-01-16,"quantile",0.95,315.255577061147
"35695",2020-12-12,"45","35  day ahead inc hosp",2021-01-16,"quantile",0.975,350.095894195683
"35696",2020-12-12,"45","35  day ahead inc hosp",2021-01-16,"quantile",0.99,390.605292239204
"35697",2020-12-12,"45","36  day ahead inc hosp",2021-01-17,"quantile",0.01,0
"35698",2020-12-12,"45","36  day ahead inc hosp",2021-01-17,"quantile",0.025,0
"35699",2020-12-12,"45","36  day ahead inc hosp",2021-01-17,"quantile",0.05,0
"35700",2020-12-12,"45","36  day ahead inc hosp",2021-01-17,"quantile",0.1,0
"35701",2020-12-12,"45","36  day ahead inc hosp",2021-01-17,"quantile",0.15,0
"35702",2020-12-12,"45","36  day ahead inc hosp",2021-01-17,"quantile",0.2,21.4487920391099
"35703",2020-12-12,"45","36  day ahead inc hosp",2021-01-17,"quantile",0.25,40.6056835314225
"35704",2020-12-12,"45","36  day ahead inc hosp",2021-01-17,"quantile",0.3,57.8091641601411
"35705",2020-12-12,"45","36  day ahead inc hosp",2021-01-17,"quantile",0.35,73.7507527937838
"35706",2020-12-12,"45","36  day ahead inc hosp",2021-01-17,"quantile",0.4,88.8777614757594
"35707",2020-12-12,"45","36  day ahead inc hosp",2021-01-17,"quantile",0.45,103.513317439016
"35708",2020-12-12,"45","36  day ahead inc hosp",2021-01-17,"quantile",0.5,117.916832191846
"35709",2020-12-12,"45","36  day ahead inc hosp",2021-01-17,"quantile",0.55,132.320346944675
"35710",2020-12-12,"45","36  day ahead inc hosp",2021-01-17,"quantile",0.6,146.955902907932
"35711",2020-12-12,"45","36  day ahead inc hosp",2021-01-17,"quantile",0.65,162.082911589908
"35712",2020-12-12,"45","36  day ahead inc hosp",2021-01-17,"quantile",0.7,178.02450022355
"35713",2020-12-12,"45","36  day ahead inc hosp",2021-01-17,"quantile",0.75,195.227980852269
"35714",2020-12-12,"45","36  day ahead inc hosp",2021-01-17,"quantile",0.8,214.384872344581
"35715",2020-12-12,"45","36  day ahead inc hosp",2021-01-17,"quantile",0.85,236.714569041793
"35716",2020-12-12,"45","36  day ahead inc hosp",2021-01-17,"quantile",0.9,264.810426306528
"35717",2020-12-12,"45","36  day ahead inc hosp",2021-01-17,"quantile",0.95,306.452719121059
"35718",2020-12-12,"45","36  day ahead inc hosp",2021-01-17,"quantile",0.975,342.571197856855
"35719",2020-12-12,"45","36  day ahead inc hosp",2021-01-17,"quantile",0.99,384.566734986582
"35720",2020-12-12,"45","37  day ahead inc hosp",2021-01-18,"quantile",0.01,0
"35721",2020-12-12,"45","37  day ahead inc hosp",2021-01-18,"quantile",0.025,0
"35722",2020-12-12,"45","37  day ahead inc hosp",2021-01-18,"quantile",0.05,0
"35723",2020-12-12,"45","37  day ahead inc hosp",2021-01-18,"quantile",0.1,0
"35724",2020-12-12,"45","37  day ahead inc hosp",2021-01-18,"quantile",0.15,0.545245338497352
"35725",2020-12-12,"45","37  day ahead inc hosp",2021-01-18,"quantile",0.2,23.6754187238284
"35726",2020-12-12,"45","37  day ahead inc hosp",2021-01-18,"quantile",0.25,43.5190479387519
"35727",2020-12-12,"45","37  day ahead inc hosp",2021-01-18,"quantile",0.3,61.3392402668966
"35728",2020-12-12,"45","37  day ahead inc hosp",2021-01-18,"quantile",0.35,77.8523041984739
"35729",2020-12-12,"45","37  day ahead inc hosp",2021-01-18,"quantile",0.4,93.5215870534981
"35730",2020-12-12,"45","37  day ahead inc hosp",2021-01-18,"quantile",0.45,108.681799554867
"35731",2020-12-12,"45","37  day ahead inc hosp",2021-01-18,"quantile",0.5,123.601652614615
"35732",2020-12-12,"45","37  day ahead inc hosp",2021-01-18,"quantile",0.55,138.521505674362
"35733",2020-12-12,"45","37  day ahead inc hosp",2021-01-18,"quantile",0.6,153.681718175731
"35734",2020-12-12,"45","37  day ahead inc hosp",2021-01-18,"quantile",0.65,169.351001030756
"35735",2020-12-12,"45","37  day ahead inc hosp",2021-01-18,"quantile",0.7,185.864064962333
"35736",2020-12-12,"45","37  day ahead inc hosp",2021-01-18,"quantile",0.75,203.684257290477
"35737",2020-12-12,"45","37  day ahead inc hosp",2021-01-18,"quantile",0.8,223.527886505401
"35738",2020-12-12,"45","37  day ahead inc hosp",2021-01-18,"quantile",0.85,246.658059890732
"35739",2020-12-12,"45","37  day ahead inc hosp",2021-01-18,"quantile",0.9,275.761099612001
"35740",2020-12-12,"45","37  day ahead inc hosp",2021-01-18,"quantile",0.95,318.89618854866
"35741",2020-12-12,"45","37  day ahead inc hosp",2021-01-18,"quantile",0.975,356.309445293777
"35742",2020-12-12,"45","37  day ahead inc hosp",2021-01-18,"quantile",0.99,399.810441675067
"35743",2020-12-12,"46","1  day ahead inc hosp",2020-12-13,"quantile",0.01,20.1932597233521
"35744",2020-12-12,"46","1  day ahead inc hosp",2020-12-13,"quantile",0.025,23.6570042371245
"35745",2020-12-12,"46","1  day ahead inc hosp",2020-12-13,"quantile",0.05,26.6360156063674
"35746",2020-12-12,"46","1  day ahead inc hosp",2020-12-13,"quantile",0.1,30.0706249276311
"35747",2020-12-12,"46","1  day ahead inc hosp",2020-12-13,"quantile",0.15,32.3879395308434
"35748",2020-12-12,"46","1  day ahead inc hosp",2020-12-13,"quantile",0.2,34.2296677171086
"35749",2020-12-12,"46","1  day ahead inc hosp",2020-12-13,"quantile",0.25,35.809706510337
"35750",2020-12-12,"46","1  day ahead inc hosp",2020-12-13,"quantile",0.3,37.2286301798079
"35751",2020-12-12,"46","1  day ahead inc hosp",2020-12-13,"quantile",0.35,38.5434744214716
"35752",2020-12-12,"46","1  day ahead inc hosp",2020-12-13,"quantile",0.4,39.7911330279118
"35753",2020-12-12,"46","1  day ahead inc hosp",2020-12-13,"quantile",0.45,40.9982571686781
"35754",2020-12-12,"46","1  day ahead inc hosp",2020-12-13,"quantile",0.5,42.1862428122487
"35755",2020-12-12,"46","1  day ahead inc hosp",2020-12-13,"quantile",0.55,43.3742284558193
"35756",2020-12-12,"46","1  day ahead inc hosp",2020-12-13,"quantile",0.6,44.5813525965856
"35757",2020-12-12,"46","1  day ahead inc hosp",2020-12-13,"quantile",0.65,45.8290112030258
"35758",2020-12-12,"46","1  day ahead inc hosp",2020-12-13,"quantile",0.7,47.1438554446895
"35759",2020-12-12,"46","1  day ahead inc hosp",2020-12-13,"quantile",0.75,48.5627791141604
"35760",2020-12-12,"46","1  day ahead inc hosp",2020-12-13,"quantile",0.8,50.1428179073888
"35761",2020-12-12,"46","1  day ahead inc hosp",2020-12-13,"quantile",0.85,51.984546093654
"35762",2020-12-12,"46","1  day ahead inc hosp",2020-12-13,"quantile",0.9,54.3018606968663
"35763",2020-12-12,"46","1  day ahead inc hosp",2020-12-13,"quantile",0.95,57.73647001813
"35764",2020-12-12,"46","1  day ahead inc hosp",2020-12-13,"quantile",0.975,60.7154813873729
"35765",2020-12-12,"46","1  day ahead inc hosp",2020-12-13,"quantile",0.99,64.1792259011453
"35766",2020-12-12,"46","2  day ahead inc hosp",2020-12-14,"quantile",0.01,19.1402353838994
"35767",2020-12-12,"46","2  day ahead inc hosp",2020-12-14,"quantile",0.025,22.7698240336812
"35768",2020-12-12,"46","2  day ahead inc hosp",2020-12-14,"quantile",0.05,25.8914705091596
"35769",2020-12-12,"46","2  day ahead inc hosp",2020-12-14,"quantile",0.1,29.4905289730058
"35770",2020-12-12,"46","2  day ahead inc hosp",2020-12-14,"quantile",0.15,31.9187966319945
"35771",2020-12-12,"46","2  day ahead inc hosp",2020-12-14,"quantile",0.2,33.8487067897074
"35772",2020-12-12,"46","2  day ahead inc hosp",2020-12-14,"quantile",0.25,35.5043978625662
"35773",2020-12-12,"46","2  day ahead inc hosp",2020-12-14,"quantile",0.3,36.9912596172773
"35774",2020-12-12,"46","2  day ahead inc hosp",2020-12-14,"quantile",0.35,38.3690586197147
"35775",2020-12-12,"46","2  day ahead inc hosp",2020-12-14,"quantile",0.4,39.6764551377696
"35776",2020-12-12,"46","2  day ahead inc hosp",2020-12-14,"quantile",0.45,40.9413763993643
"35777",2020-12-12,"46","2  day ahead inc hosp",2020-12-14,"quantile",0.5,42.1862428122487
"35778",2020-12-12,"46","2  day ahead inc hosp",2020-12-14,"quantile",0.55,43.4311092251331
"35779",2020-12-12,"46","2  day ahead inc hosp",2020-12-14,"quantile",0.6,44.6960304867278
"35780",2020-12-12,"46","2  day ahead inc hosp",2020-12-14,"quantile",0.65,46.0034270047827
"35781",2020-12-12,"46","2  day ahead inc hosp",2020-12-14,"quantile",0.7,47.3812260072201
"35782",2020-12-12,"46","2  day ahead inc hosp",2020-12-14,"quantile",0.75,48.8680877619312
"35783",2020-12-12,"46","2  day ahead inc hosp",2020-12-14,"quantile",0.8,50.52377883479
"35784",2020-12-12,"46","2  day ahead inc hosp",2020-12-14,"quantile",0.85,52.4536889925029
"35785",2020-12-12,"46","2  day ahead inc hosp",2020-12-14,"quantile",0.9,54.8819566514916
"35786",2020-12-12,"46","2  day ahead inc hosp",2020-12-14,"quantile",0.95,58.4810151153378
"35787",2020-12-12,"46","2  day ahead inc hosp",2020-12-14,"quantile",0.975,61.6026615908162
"35788",2020-12-12,"46","2  day ahead inc hosp",2020-12-14,"quantile",0.99,65.232250240598
"35789",2020-12-12,"46","3  day ahead inc hosp",2020-12-15,"quantile",0.01,18.1332677025752
"35790",2020-12-12,"46","3  day ahead inc hosp",2020-12-15,"quantile",0.025,21.9214468795099
"35791",2020-12-12,"46","3  day ahead inc hosp",2020-12-15,"quantile",0.05,25.179489957441
"35792",2020-12-12,"46","3  day ahead inc hosp",2020-12-15,"quantile",0.1,28.9358049685463
"35793",2020-12-12,"46","3  day ahead inc hosp",2020-12-15,"quantile",0.15,31.4701728733935
"35794",2020-12-12,"46","3  day ahead inc hosp",2020-12-15,"quantile",0.2,33.4844081430686
"35795",2020-12-12,"46","3  day ahead inc hosp",2020-12-15,"quantile",0.25,35.2124426535406
"35796",2020-12-12,"46","3  day ahead inc hosp",2020-12-15,"quantile",0.3,36.7642710510962
"35797",2020-12-12,"46","3  day ahead inc hosp",2020-12-15,"quantile",0.35,38.2022713300944
"35798",2020-12-12,"46","3  day ahead inc hosp",2020-12-15,"quantile",0.4,39.5667929725098
"35799",2020-12-12,"46","3  day ahead inc hosp",2020-12-15,"quantile",0.45,40.886983453027
"35800",2020-12-12,"46","3  day ahead inc hosp",2020-12-15,"quantile",0.5,42.1862428122487
"35801",2020-12-12,"46","3  day ahead inc hosp",2020-12-15,"quantile",0.55,43.4855021714704
"35802",2020-12-12,"46","3  day ahead inc hosp",2020-12-15,"quantile",0.6,44.8056926519876
"35803",2020-12-12,"46","3  day ahead inc hosp",2020-12-15,"quantile",0.65,46.170214294403
"35804",2020-12-12,"46","3  day ahead inc hosp",2020-12-15,"quantile",0.7,47.6082145734012
"35805",2020-12-12,"46","3  day ahead inc hosp",2020-12-15,"quantile",0.75,49.1600429709568
"35806",2020-12-12,"46","3  day ahead inc hosp",2020-12-15,"quantile",0.8,50.8880774814288
"35807",2020-12-12,"46","3  day ahead inc hosp",2020-12-15,"quantile",0.85,52.9023127511039
"35808",2020-12-12,"46","3  day ahead inc hosp",2020-12-15,"quantile",0.9,55.4366806559511
"35809",2020-12-12,"46","3  day ahead inc hosp",2020-12-15,"quantile",0.95,59.1929956670564
"35810",2020-12-12,"46","3  day ahead inc hosp",2020-12-15,"quantile",0.975,62.4510387449875
"35811",2020-12-12,"46","3  day ahead inc hosp",2020-12-15,"quantile",0.99,66.2392179219222
"35812",2020-12-12,"46","4  day ahead inc hosp",2020-12-16,"quantile",0.01,17.1667950792228
"35813",2020-12-12,"46","4  day ahead inc hosp",2020-12-16,"quantile",0.025,21.1071870884648
"35814",2020-12-12,"46","4  day ahead inc hosp",2020-12-16,"quantile",0.05,24.4961415994376
"35815",2020-12-12,"46","4  day ahead inc hosp",2020-12-16,"quantile",0.1,28.4033891087627
"35816",2020-12-12,"46","4  day ahead inc hosp",2020-12-16,"quantile",0.15,31.0395904536051
"35817",2020-12-12,"46","4  day ahead inc hosp",2020-12-16,"quantile",0.2,33.1347597132027
"35818",2020-12-12,"46","4  day ahead inc hosp",2020-12-16,"quantile",0.25,34.9322283805291
"35819",2020-12-12,"46","4  day ahead inc hosp",2020-12-16,"quantile",0.3,36.5464107968927
"35820",2020-12-12,"46","4  day ahead inc hosp",2020-12-16,"quantile",0.35,38.042191366923
"35821",2020-12-12,"46","4  day ahead inc hosp",2020-12-16,"quantile",0.4,39.4615408551809
"35822",2020-12-12,"46","4  day ahead inc hosp",2020-12-16,"quantile",0.45,40.8347779110682
"35823",2020-12-12,"46","4  day ahead inc hosp",2020-12-16,"quantile",0.5,42.1862428122487
"35824",2020-12-12,"46","4  day ahead inc hosp",2020-12-16,"quantile",0.55,43.5377077134292
"35825",2020-12-12,"46","4  day ahead inc hosp",2020-12-16,"quantile",0.6,44.9109447693165
"35826",2020-12-12,"46","4  day ahead inc hosp",2020-12-16,"quantile",0.65,46.3302942575744
"35827",2020-12-12,"46","4  day ahead inc hosp",2020-12-16,"quantile",0.7,47.8260748276047
"35828",2020-12-12,"46","4  day ahead inc hosp",2020-12-16,"quantile",0.75,49.4402572439683
"35829",2020-12-12,"46","4  day ahead inc hosp",2020-12-16,"quantile",0.8,51.2377259112947
"35830",2020-12-12,"46","4  day ahead inc hosp",2020-12-16,"quantile",0.85,53.3328951708923
"35831",2020-12-12,"46","4  day ahead inc hosp",2020-12-16,"quantile",0.9,55.9690965157347
"35832",2020-12-12,"46","4  day ahead inc hosp",2020-12-16,"quantile",0.95,59.8763440250598
"35833",2020-12-12,"46","4  day ahead inc hosp",2020-12-16,"quantile",0.975,63.2652985360326
"35834",2020-12-12,"46","4  day ahead inc hosp",2020-12-16,"quantile",0.99,67.2056905452746
"35835",2020-12-12,"46","5  day ahead inc hosp",2020-12-17,"quantile",0.01,16.2362925597982
"35836",2020-12-12,"46","5  day ahead inc hosp",2020-12-17,"quantile",0.025,20.3232323558357
"35837",2020-12-12,"46","5  day ahead inc hosp",2020-12-17,"quantile",0.05,23.8382260481815
"35838",2020-12-12,"46","5  day ahead inc hosp",2020-12-17,"quantile",0.1,27.8907886615903
"35839",2020-12-12,"46","5  day ahead inc hosp",2020-12-17,"quantile",0.15,30.6250334172731
"35840",2020-12-12,"46","5  day ahead inc hosp",2020-12-17,"quantile",0.2,32.7981244717671
"35841",2020-12-12,"46","5  day ahead inc hosp",2020-12-17,"quantile",0.25,34.6624431008265
"35842",2020-12-12,"46","5  day ahead inc hosp",2020-12-17,"quantile",0.3,36.3366588489114
"35843",2020-12-12,"46","5  day ahead inc hosp",2020-12-17,"quantile",0.35,37.8880692475362
"35844",2020-12-12,"46","5  day ahead inc hosp",2020-12-17,"quantile",0.4,39.3602060030776
"35845",2020-12-12,"46","5  day ahead inc hosp",2020-12-17,"quantile",0.45,40.7845153509637
"35846",2020-12-12,"46","5  day ahead inc hosp",2020-12-17,"quantile",0.5,42.1862428122487
"35847",2020-12-12,"46","5  day ahead inc hosp",2020-12-17,"quantile",0.55,43.5879702735337
"35848",2020-12-12,"46","5  day ahead inc hosp",2020-12-17,"quantile",0.6,45.0122796214199
"35849",2020-12-12,"46","5  day ahead inc hosp",2020-12-17,"quantile",0.65,46.4844163769612
"35850",2020-12-12,"46","5  day ahead inc hosp",2020-12-17,"quantile",0.7,48.035826775586
"35851",2020-12-12,"46","5  day ahead inc hosp",2020-12-17,"quantile",0.75,49.7100425236709
"35852",2020-12-12,"46","5  day ahead inc hosp",2020-12-17,"quantile",0.8,51.5743611527303
"35853",2020-12-12,"46","5  day ahead inc hosp",2020-12-17,"quantile",0.85,53.7474522072243
"35854",2020-12-12,"46","5  day ahead inc hosp",2020-12-17,"quantile",0.9,56.4816969629071
"35855",2020-12-12,"46","5  day ahead inc hosp",2020-12-17,"quantile",0.95,60.5342595763159
"35856",2020-12-12,"46","5  day ahead inc hosp",2020-12-17,"quantile",0.975,64.0492532686617
"35857",2020-12-12,"46","5  day ahead inc hosp",2020-12-17,"quantile",0.99,68.1361930646992
"35858",2020-12-12,"46","6  day ahead inc hosp",2020-12-18,"quantile",0.01,15.3380199410101
"35859",2020-12-12,"46","6  day ahead inc hosp",2020-12-18,"quantile",0.025,19.5664315347852
"35860",2020-12-12,"46","6  day ahead inc hosp",2020-12-18,"quantile",0.05,23.2030987778828
"35861",2020-12-12,"46","6  day ahead inc hosp",2020-12-18,"quantile",0.1,27.395943202861
"35862",2020-12-12,"46","6  day ahead inc hosp",2020-12-18,"quantile",0.15,30.2248354308203
"35863",2020-12-12,"46","6  day ahead inc hosp",2020-12-18,"quantile",0.2,32.4731492958937
"35864",2020-12-12,"46","6  day ahead inc hosp",2020-12-18,"quantile",0.25,34.4020023984642
"35865",2020-12-12,"46","6  day ahead inc hosp",2020-12-18,"quantile",0.3,36.1341720982837
"35866",2020-12-12,"46","6  day ahead inc hosp",2020-12-18,"quantile",0.35,37.7392854700561
"35867",2020-12-12,"46","6  day ahead inc hosp",2020-12-18,"quantile",0.4,39.2623810954893
"35868",2020-12-12,"46","6  day ahead inc hosp",2020-12-18,"quantile",0.45,40.735993739738
"35869",2020-12-12,"46","6  day ahead inc hosp",2020-12-18,"quantile",0.5,42.1862428122487
"35870",2020-12-12,"46","6  day ahead inc hosp",2020-12-18,"quantile",0.55,43.6364918847594
"35871",2020-12-12,"46","6  day ahead inc hosp",2020-12-18,"quantile",0.6,45.1101045290081
"35872",2020-12-12,"46","6  day ahead inc hosp",2020-12-18,"quantile",0.65,46.6332001544413
"35873",2020-12-12,"46","6  day ahead inc hosp",2020-12-18,"quantile",0.7,48.2383135262137
"35874",2020-12-12,"46","6  day ahead inc hosp",2020-12-18,"quantile",0.75,49.9704832260332
"35875",2020-12-12,"46","6  day ahead inc hosp",2020-12-18,"quantile",0.8,51.8993363286037
"35876",2020-12-12,"46","6  day ahead inc hosp",2020-12-18,"quantile",0.85,54.1476501936771
"35877",2020-12-12,"46","6  day ahead inc hosp",2020-12-18,"quantile",0.9,56.9765424216364
"35878",2020-12-12,"46","6  day ahead inc hosp",2020-12-18,"quantile",0.95,61.1693868466146
"35879",2020-12-12,"46","6  day ahead inc hosp",2020-12-18,"quantile",0.975,64.8060540897122
"35880",2020-12-12,"46","6  day ahead inc hosp",2020-12-18,"quantile",0.99,69.0344656834873
"35881",2020-12-12,"46","7  day ahead inc hosp",2020-12-19,"quantile",0.01,14.4688435009363
"35882",2020-12-12,"46","7  day ahead inc hosp",2020-12-19,"quantile",0.025,18.8341444431748
"35883",2020-12-12,"46","7  day ahead inc hosp",2020-12-19,"quantile",0.05,22.5885440778444
"35884",2020-12-12,"46","7  day ahead inc hosp",2020-12-19,"quantile",0.1,26.9171264102649
"35885",2020-12-12,"46","7  day ahead inc hosp",2020-12-19,"quantile",0.15,29.8376003599583
"35886",2020-12-12,"46","7  day ahead inc hosp",2020-12-19,"quantile",0.2,32.1587004742663
"35887",2020-12-12,"46","7  day ahead inc hosp",2020-12-19,"quantile",0.25,34.1499976976696
"35888",2020-12-12,"46","7  day ahead inc hosp",2020-12-19,"quantile",0.3,35.9382441479137
"35889",2020-12-12,"46","7  day ahead inc hosp",2020-12-19,"quantile",0.35,37.5953209860609
"35890",2020-12-12,"46","7  day ahead inc hosp",2020-12-19,"quantile",0.4,39.1677248595653
"35891",2020-12-12,"46","7  day ahead inc hosp",2020-12-19,"quantile",0.45,40.6890438044625
"35892",2020-12-12,"46","7  day ahead inc hosp",2020-12-19,"quantile",0.5,42.1862428122487
"35893",2020-12-12,"46","7  day ahead inc hosp",2020-12-19,"quantile",0.55,43.6834418200349
"35894",2020-12-12,"46","7  day ahead inc hosp",2020-12-19,"quantile",0.6,45.2047607649321
"35895",2020-12-12,"46","7  day ahead inc hosp",2020-12-19,"quantile",0.65,46.7771646384365
"35896",2020-12-12,"46","7  day ahead inc hosp",2020-12-19,"quantile",0.7,48.4342414765837
"35897",2020-12-12,"46","7  day ahead inc hosp",2020-12-19,"quantile",0.75,50.2224879268278
"35898",2020-12-12,"46","7  day ahead inc hosp",2020-12-19,"quantile",0.8,52.2137851502311
"35899",2020-12-12,"46","7  day ahead inc hosp",2020-12-19,"quantile",0.85,54.5348852645391
"35900",2020-12-12,"46","7  day ahead inc hosp",2020-12-19,"quantile",0.9,57.4553592142325
"35901",2020-12-12,"46","7  day ahead inc hosp",2020-12-19,"quantile",0.95,61.783941546653
"35902",2020-12-12,"46","7  day ahead inc hosp",2020-12-19,"quantile",0.975,65.5383411813226
"35903",2020-12-12,"46","7  day ahead inc hosp",2020-12-19,"quantile",0.99,69.9036421235611
"35904",2020-12-12,"46","8  day ahead inc hosp",2020-12-20,"quantile",0.01,12.1261066462256
"35905",2020-12-12,"46","8  day ahead inc hosp",2020-12-20,"quantile",0.025,16.6241328829482
"35906",2020-12-12,"46","8  day ahead inc hosp",2020-12-20,"quantile",0.05,20.4926835930456
"35907",2020-12-12,"46","8  day ahead inc hosp",2020-12-20,"quantile",0.1,24.9528748047555
"35908",2020-12-12,"46","8  day ahead inc hosp",2020-12-20,"quantile",0.15,27.962144640491
"35909",2020-12-12,"46","8  day ahead inc hosp",2020-12-20,"quantile",0.2,30.3538169101384
"35910",2020-12-12,"46","8  day ahead inc hosp",2020-12-20,"quantile",0.25,32.405658758959
"35911",2020-12-12,"46","8  day ahead inc hosp",2020-12-20,"quantile",0.3,34.2482761540381
"35912",2020-12-12,"46","8  day ahead inc hosp",2020-12-20,"quantile",0.35,35.9557357754656
"35913",2020-12-12,"46","8  day ahead inc hosp",2020-12-20,"quantile",0.4,37.5759479833598
"35914",2020-12-12,"46","8  day ahead inc hosp",2020-12-20,"quantile",0.45,39.1435220450606
"35915",2020-12-12,"46","8  day ahead inc hosp",2020-12-20,"quantile",0.5,40.6862428122487
"35916",2020-12-12,"46","8  day ahead inc hosp",2020-12-20,"quantile",0.55,42.2289635794368
"35917",2020-12-12,"46","8  day ahead inc hosp",2020-12-20,"quantile",0.6,43.7965376411376
"35918",2020-12-12,"46","8  day ahead inc hosp",2020-12-20,"quantile",0.65,45.4167498490318
"35919",2020-12-12,"46","8  day ahead inc hosp",2020-12-20,"quantile",0.7,47.1242094704593
"35920",2020-12-12,"46","8  day ahead inc hosp",2020-12-20,"quantile",0.75,48.9668268655384
"35921",2020-12-12,"46","8  day ahead inc hosp",2020-12-20,"quantile",0.8,51.018668714359
"35922",2020-12-12,"46","8  day ahead inc hosp",2020-12-20,"quantile",0.85,53.4103409840064
"35923",2020-12-12,"46","8  day ahead inc hosp",2020-12-20,"quantile",0.9,56.4196108197419
"35924",2020-12-12,"46","8  day ahead inc hosp",2020-12-20,"quantile",0.95,60.8798020314518
"35925",2020-12-12,"46","8  day ahead inc hosp",2020-12-20,"quantile",0.975,64.7483527415492
"35926",2020-12-12,"46","8  day ahead inc hosp",2020-12-20,"quantile",0.99,69.2463789782718
"35927",2020-12-12,"46","9  day ahead inc hosp",2020-12-21,"quantile",0.01,11.3075340070472
"35928",2020-12-12,"46","9  day ahead inc hosp",2020-12-21,"quantile",0.025,15.9344798394708
"35929",2020-12-12,"46","9  day ahead inc hosp",2020-12-21,"quantile",0.05,19.9139085140902
"35930",2020-12-12,"46","9  day ahead inc hosp",2020-12-21,"quantile",0.1,24.5019349178379
"35931",2020-12-12,"46","9  day ahead inc hosp",2020-12-21,"quantile",0.15,27.5974545507424
"35932",2020-12-12,"46","9  day ahead inc hosp",2020-12-21,"quantile",0.2,30.0576754250055
"35933",2020-12-12,"46","9  day ahead inc hosp",2020-12-21,"quantile",0.25,32.1683258729028
"35934",2020-12-12,"46","9  day ahead inc hosp",2020-12-21,"quantile",0.3,34.0637552075091
"35935",2020-12-12,"46","9  day ahead inc hosp",2020-12-21,"quantile",0.35,35.8201529614607
"35936",2020-12-12,"46","9  day ahead inc hosp",2020-12-21,"quantile",0.4,37.48680267145
"35937",2020-12-12,"46","9  day ahead inc hosp",2020-12-21,"quantile",0.45,39.0993055538446
"35938",2020-12-12,"46","9  day ahead inc hosp",2020-12-21,"quantile",0.5,40.6862428122487
"35939",2020-12-12,"46","9  day ahead inc hosp",2020-12-21,"quantile",0.55,42.2731800706528
"35940",2020-12-12,"46","9  day ahead inc hosp",2020-12-21,"quantile",0.6,43.8856829530474
"35941",2020-12-12,"46","9  day ahead inc hosp",2020-12-21,"quantile",0.65,45.5523326630367
"35942",2020-12-12,"46","9  day ahead inc hosp",2020-12-21,"quantile",0.7,47.3087304169883
"35943",2020-12-12,"46","9  day ahead inc hosp",2020-12-21,"quantile",0.75,49.2041597515946
"35944",2020-12-12,"46","9  day ahead inc hosp",2020-12-21,"quantile",0.8,51.3148101994919
"35945",2020-12-12,"46","9  day ahead inc hosp",2020-12-21,"quantile",0.85,53.775031073755
"35946",2020-12-12,"46","9  day ahead inc hosp",2020-12-21,"quantile",0.9,56.8705507066595
"35947",2020-12-12,"46","9  day ahead inc hosp",2020-12-21,"quantile",0.95,61.4585771104072
"35948",2020-12-12,"46","9  day ahead inc hosp",2020-12-21,"quantile",0.975,65.4380057850266
"35949",2020-12-12,"46","9  day ahead inc hosp",2020-12-21,"quantile",0.99,70.0649516174502
"35950",2020-12-12,"46","10  day ahead inc hosp",2020-12-22,"quantile",0.01,10.5111589797245
"35951",2020-12-12,"46","10  day ahead inc hosp",2020-12-22,"quantile",0.025,15.2635284357031
"35952",2020-12-12,"46","10  day ahead inc hosp",2020-12-22,"quantile",0.05,19.3508283459337
"35953",2020-12-12,"46","10  day ahead inc hosp",2020-12-22,"quantile",0.1,24.0632233758477
"35954",2020-12-12,"46","10  day ahead inc hosp",2020-12-22,"quantile",0.15,27.2426539303852
"35955",2020-12-12,"46","10  day ahead inc hosp",2020-12-22,"quantile",0.2,29.7695645451318
"35956",2020-12-12,"46","10  day ahead inc hosp",2020-12-22,"quantile",0.25,31.937428852197
"35957",2020-12-12,"46","10  day ahead inc hosp",2020-12-22,"quantile",0.3,33.8842380006046
"35958",2020-12-12,"46","10  day ahead inc hosp",2020-12-22,"quantile",0.35,35.6882468091662
"35959",2020-12-12,"46","10  day ahead inc hosp",2020-12-22,"quantile",0.4,37.4000747540851
"35960",2020-12-12,"46","10  day ahead inc hosp",2020-12-22,"quantile",0.45,39.0562881016175
"35961",2020-12-12,"46","10  day ahead inc hosp",2020-12-22,"quantile",0.5,40.6862428122487
"35962",2020-12-12,"46","10  day ahead inc hosp",2020-12-22,"quantile",0.55,42.3161975228799
"35963",2020-12-12,"46","10  day ahead inc hosp",2020-12-22,"quantile",0.6,43.9724108704123
"35964",2020-12-12,"46","10  day ahead inc hosp",2020-12-22,"quantile",0.65,45.6842388153312
"35965",2020-12-12,"46","10  day ahead inc hosp",2020-12-22,"quantile",0.7,47.4882476238928
"35966",2020-12-12,"46","10  day ahead inc hosp",2020-12-22,"quantile",0.75,49.4350567723004
"35967",2020-12-12,"46","10  day ahead inc hosp",2020-12-22,"quantile",0.8,51.6029210793656
"35968",2020-12-12,"46","10  day ahead inc hosp",2020-12-22,"quantile",0.85,54.1298316941122
"35969",2020-12-12,"46","10  day ahead inc hosp",2020-12-22,"quantile",0.9,57.3092622486497
"35970",2020-12-12,"46","10  day ahead inc hosp",2020-12-22,"quantile",0.95,62.0216572785637
"35971",2020-12-12,"46","10  day ahead inc hosp",2020-12-22,"quantile",0.975,66.1089571887943
"35972",2020-12-12,"46","10  day ahead inc hosp",2020-12-22,"quantile",0.99,70.8613266447729
"35973",2020-12-12,"46","11  day ahead inc hosp",2020-12-23,"quantile",0.01,9.73526806929585
"35974",2020-12-12,"46","11  day ahead inc hosp",2020-12-23,"quantile",0.025,14.6098350404283
"35975",2020-12-12,"46","11  day ahead inc hosp",2020-12-23,"quantile",0.05,18.8022315550675
"35976",2020-12-12,"46","11  day ahead inc hosp",2020-12-23,"quantile",0.1,23.6357962390694
"35977",2020-12-12,"46","11  day ahead inc hosp",2020-12-23,"quantile",0.15,26.8969793839657
"35978",2020-12-12,"46","11  day ahead inc hosp",2020-12-23,"quantile",0.2,29.4888643659197
"35979",2020-12-12,"46","11  day ahead inc hosp",2020-12-23,"quantile",0.25,31.7124708946215
"35980",2020-12-12,"46","11  day ahead inc hosp",2020-12-23,"quantile",0.3,33.7093382808445
"35981",2020-12-12,"46","11  day ahead inc hosp",2020-12-23,"quantile",0.35,35.5597335069108
"35982",2020-12-12,"46","11  day ahead inc hosp",2020-12-23,"quantile",0.4,37.315577625904
"35983",2020-12-12,"46","11  day ahead inc hosp",2020-12-23,"quantile",0.45,39.0143771312484
"35984",2020-12-12,"46","11  day ahead inc hosp",2020-12-23,"quantile",0.5,40.6862428122487
"35985",2020-12-12,"46","11  day ahead inc hosp",2020-12-23,"quantile",0.55,42.358108493249
"35986",2020-12-12,"46","11  day ahead inc hosp",2020-12-23,"quantile",0.6,44.0569079985934
"35987",2020-12-12,"46","11  day ahead inc hosp",2020-12-23,"quantile",0.65,45.8127521175866
"35988",2020-12-12,"46","11  day ahead inc hosp",2020-12-23,"quantile",0.7,47.6631473436529
"35989",2020-12-12,"46","11  day ahead inc hosp",2020-12-23,"quantile",0.75,49.6600147298759
"35990",2020-12-12,"46","11  day ahead inc hosp",2020-12-23,"quantile",0.8,51.8836212585777
"35991",2020-12-12,"46","11  day ahead inc hosp",2020-12-23,"quantile",0.85,54.4755062405317
"35992",2020-12-12,"46","11  day ahead inc hosp",2020-12-23,"quantile",0.9,57.736689385428
"35993",2020-12-12,"46","11  day ahead inc hosp",2020-12-23,"quantile",0.95,62.5702540694299
"35994",2020-12-12,"46","11  day ahead inc hosp",2020-12-23,"quantile",0.975,66.7626505840691
"35995",2020-12-12,"46","11  day ahead inc hosp",2020-12-23,"quantile",0.99,71.6372175552016
"35996",2020-12-12,"46","12  day ahead inc hosp",2020-12-24,"quantile",0.01,8.97835750310286
"35997",2020-12-12,"46","12  day ahead inc hosp",2020-12-24,"quantile",0.025,13.9721327149033
"35998",2020-12-12,"46","12  day ahead inc hosp",2020-12-24,"quantile",0.05,18.2670548929813
"35999",2020-12-12,"46","12  day ahead inc hosp",2020-12-24,"quantile",0.1,23.218825100786
"36000",2020-12-12,"46","12  day ahead inc hosp",2020-12-24,"quantile",0.15,26.5597609514101
"36001",2020-12-12,"46","12  day ahead inc hosp",2020-12-24,"quantile",0.2,29.2150308556644
"36002",2020-12-12,"46","12  day ahead inc hosp",2020-12-24,"quantile",0.25,31.4930160037992
"36003",2020-12-12,"46","12  day ahead inc hosp",2020-12-24,"quantile",0.3,33.538717070915
"36004",2020-12-12,"46","12  day ahead inc hosp",2020-12-24,"quantile",0.35,35.4343639800018
"36005",2020-12-12,"46","12  day ahead inc hosp",2020-12-24,"quantile",0.4,37.2331475210097
"36006",2020-12-12,"46","12  day ahead inc hosp",2020-12-24,"quantile",0.45,38.9734914140872
"36007",2020-12-12,"46","12  day ahead inc hosp",2020-12-24,"quantile",0.5,40.6862428122487
"36008",2020-12-12,"46","12  day ahead inc hosp",2020-12-24,"quantile",0.55,42.3989942104102
"36009",2020-12-12,"46","12  day ahead inc hosp",2020-12-24,"quantile",0.6,44.1393381034877
"36010",2020-12-12,"46","12  day ahead inc hosp",2020-12-24,"quantile",0.65,45.9381216444956
"36011",2020-12-12,"46","12  day ahead inc hosp",2020-12-24,"quantile",0.7,47.8337685535824
"36012",2020-12-12,"46","12  day ahead inc hosp",2020-12-24,"quantile",0.75,49.8794696206982
"36013",2020-12-12,"46","12  day ahead inc hosp",2020-12-24,"quantile",0.8,52.157454768833
"36014",2020-12-12,"46","12  day ahead inc hosp",2020-12-24,"quantile",0.85,54.8127246730873
"36015",2020-12-12,"46","12  day ahead inc hosp",2020-12-24,"quantile",0.9,58.1536605237114
"36016",2020-12-12,"46","12  day ahead inc hosp",2020-12-24,"quantile",0.95,63.1054307315161
"36017",2020-12-12,"46","12  day ahead inc hosp",2020-12-24,"quantile",0.975,67.4003529095941
"36018",2020-12-12,"46","12  day ahead inc hosp",2020-12-24,"quantile",0.99,72.3941281213945
"36019",2020-12-12,"46","13  day ahead inc hosp",2020-12-25,"quantile",0.01,8.23909896233506
"36020",2020-12-12,"46","13  day ahead inc hosp",2020-12-25,"quantile",0.025,13.3493023414511
"36021",2020-12-12,"46","13  day ahead inc hosp",2020-12-25,"quantile",0.05,17.7443591665143
"36022",2020-12-12,"46","13  day ahead inc hosp",2020-12-25,"quantile",0.1,22.8115782092807
"36023",2020-12-12,"46","13  day ahead inc hosp",2020-12-25,"quantile",0.15,26.2304068407588
"36024",2020-12-12,"46","13  day ahead inc hosp",2020-12-25,"quantile",0.2,28.9475834579845
"36025",2020-12-12,"46","13  day ahead inc hosp",2020-12-25,"quantile",0.25,31.2786790535705
"36026",2020-12-12,"46","13  day ahead inc hosp",2020-12-25,"quantile",0.3,33.372074943945
"36027",2020-12-12,"46","13  day ahead inc hosp",2020-12-25,"quantile",0.35,35.3119182147304
"36028",2020-12-12,"46","13  day ahead inc hosp",2020-12-25,"quantile",0.4,37.1526397810187
"36029",2020-12-12,"46","13  day ahead inc hosp",2020-12-25,"quantile",0.45,38.9335591988998
"36030",2020-12-12,"46","13  day ahead inc hosp",2020-12-25,"quantile",0.5,40.6862428122487
"36031",2020-12-12,"46","13  day ahead inc hosp",2020-12-25,"quantile",0.55,42.4389264255976
"36032",2020-12-12,"46","13  day ahead inc hosp",2020-12-25,"quantile",0.6,44.2198458434787
"36033",2020-12-12,"46","13  day ahead inc hosp",2020-12-25,"quantile",0.65,46.060567409767
"36034",2020-12-12,"46","13  day ahead inc hosp",2020-12-25,"quantile",0.7,48.0004106805524
"36035",2020-12-12,"46","13  day ahead inc hosp",2020-12-25,"quantile",0.75,50.0938065709269
"36036",2020-12-12,"46","13  day ahead inc hosp",2020-12-25,"quantile",0.8,52.4249021665129
"36037",2020-12-12,"46","13  day ahead inc hosp",2020-12-25,"quantile",0.85,55.1420787837386
"36038",2020-12-12,"46","13  day ahead inc hosp",2020-12-25,"quantile",0.9,58.5609074152167
"36039",2020-12-12,"46","13  day ahead inc hosp",2020-12-25,"quantile",0.95,63.6281264579831
"36040",2020-12-12,"46","13  day ahead inc hosp",2020-12-25,"quantile",0.975,68.0231832830463
"36041",2020-12-12,"46","13  day ahead inc hosp",2020-12-25,"quantile",0.99,73.1333866621623
"36042",2020-12-12,"46","14  day ahead inc hosp",2020-12-26,"quantile",0.01,7.51631219344834
"36043",2020-12-12,"46","14  day ahead inc hosp",2020-12-26,"quantile",0.025,12.7403495483938
"36044",2020-12-12,"46","14  day ahead inc hosp",2020-12-26,"quantile",0.05,17.233309872648
"36045",2020-12-12,"46","14  day ahead inc hosp",2020-12-26,"quantile",0.1,22.4134053798608
"36046",2020-12-12,"46","14  day ahead inc hosp",2020-12-26,"quantile",0.15,25.9083912260188
"36047",2020-12-12,"46","14  day ahead inc hosp",2020-12-26,"quantile",0.2,28.6860951832391
"36048",2020-12-12,"46","14  day ahead inc hosp",2020-12-26,"quantile",0.25,31.069117847084
"36049",2020-12-12,"46","14  day ahead inc hosp",2020-12-26,"quantile",0.3,33.2091458496284
"36050",2020-12-12,"46","14  day ahead inc hosp",2020-12-26,"quantile",0.35,35.1922007219132
"36051",2020-12-12,"46","14  day ahead inc hosp",2020-12-26,"quantile",0.4,37.0739258723528
"36052",2020-12-12,"46","14  day ahead inc hosp",2020-12-26,"quantile",0.45,38.8945167324308
"36053",2020-12-12,"46","14  day ahead inc hosp",2020-12-26,"quantile",0.5,40.6862428122487
"36054",2020-12-12,"46","14  day ahead inc hosp",2020-12-26,"quantile",0.55,42.4779688920666
"36055",2020-12-12,"46","14  day ahead inc hosp",2020-12-26,"quantile",0.6,44.2985597521446
"36056",2020-12-12,"46","14  day ahead inc hosp",2020-12-26,"quantile",0.65,46.1802849025842
"36057",2020-12-12,"46","14  day ahead inc hosp",2020-12-26,"quantile",0.7,48.163339774869
"36058",2020-12-12,"46","14  day ahead inc hosp",2020-12-26,"quantile",0.75,50.3033677774134
"36059",2020-12-12,"46","14  day ahead inc hosp",2020-12-26,"quantile",0.8,52.6863904412583
"36060",2020-12-12,"46","14  day ahead inc hosp",2020-12-26,"quantile",0.85,55.4640943984786
"36061",2020-12-12,"46","14  day ahead inc hosp",2020-12-26,"quantile",0.9,58.9590802446366
"36062",2020-12-12,"46","14  day ahead inc hosp",2020-12-26,"quantile",0.95,64.1391757518494
"36063",2020-12-12,"46","14  day ahead inc hosp",2020-12-26,"quantile",0.975,68.6321360761036
"36064",2020-12-12,"46","14  day ahead inc hosp",2020-12-26,"quantile",0.99,73.8561734310491
"36065",2020-12-12,"46","15  day ahead inc hosp",2020-12-27,"quantile",0.01,6.14721003103219
"36066",2020-12-12,"46","15  day ahead inc hosp",2020-12-27,"quantile",0.025,11.4826532174791
"36067",2020-12-12,"46","15  day ahead inc hosp",2020-12-27,"quantile",0.05,16.0714287028467
"36068",2020-12-12,"46","15  day ahead inc hosp",2020-12-27,"quantile",0.1,21.3619929544476
"36069",2020-12-12,"46","15  day ahead inc hosp",2020-12-27,"quantile",0.15,24.9315115379927
"36070",2020-12-12,"46","15  day ahead inc hosp",2020-12-27,"quantile",0.2,27.7684517521525
"36071",2020-12-12,"46","15  day ahead inc hosp",2020-12-27,"quantile",0.25,30.2022938499551
"36072",2020-12-12,"46","15  day ahead inc hosp",2020-12-27,"quantile",0.3,32.3879592748342
"36073",2020-12-12,"46","15  day ahead inc hosp",2020-12-27,"quantile",0.35,34.4133040202477
"36074",2020-12-12,"46","15  day ahead inc hosp",2020-12-27,"quantile",0.4,36.3351581247506
"36075",2020-12-12,"46","15  day ahead inc hosp",2020-12-27,"quantile",0.45,38.1945742122935
"36076",2020-12-12,"46","15  day ahead inc hosp",2020-12-27,"quantile",0.5,40.0245099602631
"36077",2020-12-12,"46","15  day ahead inc hosp",2020-12-27,"quantile",0.55,41.8544457082328
"36078",2020-12-12,"46","15  day ahead inc hosp",2020-12-27,"quantile",0.6,43.7138617957757
"36079",2020-12-12,"46","15  day ahead inc hosp",2020-12-27,"quantile",0.65,45.6357159002786
"36080",2020-12-12,"46","15  day ahead inc hosp",2020-12-27,"quantile",0.7,47.6610606456921
"36081",2020-12-12,"46","15  day ahead inc hosp",2020-12-27,"quantile",0.75,49.8467260705711
"36082",2020-12-12,"46","15  day ahead inc hosp",2020-12-27,"quantile",0.8,52.2805681683738
"36083",2020-12-12,"46","15  day ahead inc hosp",2020-12-27,"quantile",0.85,55.1175083825336
"36084",2020-12-12,"46","15  day ahead inc hosp",2020-12-27,"quantile",0.9,58.6870269660786
"36085",2020-12-12,"46","15  day ahead inc hosp",2020-12-27,"quantile",0.95,63.9775912176796
"36086",2020-12-12,"46","15  day ahead inc hosp",2020-12-27,"quantile",0.975,68.5663667030472
"36087",2020-12-12,"46","15  day ahead inc hosp",2020-12-27,"quantile",0.99,73.9018098894941
"36088",2020-12-12,"46","16  day ahead inc hosp",2020-12-28,"quantile",0.01,5.4543117581395
"36089",2020-12-12,"46","16  day ahead inc hosp",2020-12-28,"quantile",0.025,10.8988816865856
"36090",2020-12-12,"46","16  day ahead inc hosp",2020-12-28,"quantile",0.05,15.5815121903621
"36091",2020-12-12,"46","16  day ahead inc hosp",2020-12-28,"quantile",0.1,20.9802852673482
"36092",2020-12-12,"46","16  day ahead inc hosp",2020-12-28,"quantile",0.15,24.6228118316581
"36093",2020-12-12,"46","16  day ahead inc hosp",2020-12-28,"quantile",0.2,27.5177764745297
"36094",2020-12-12,"46","16  day ahead inc hosp",2020-12-28,"quantile",0.25,30.0013983655739
"36095",2020-12-12,"46","16  day ahead inc hosp",2020-12-28,"quantile",0.3,32.2317675832931
"36096",2020-12-12,"46","16  day ahead inc hosp",2020-12-28,"quantile",0.35,34.2985370549699
"36097",2020-12-12,"46","16  day ahead inc hosp",2020-12-28,"quantile",0.4,36.2596991737639
"36098",2020-12-12,"46","16  day ahead inc hosp",2020-12-28,"quantile",0.45,38.1571462200414
"36099",2020-12-12,"46","16  day ahead inc hosp",2020-12-28,"quantile",0.5,40.0245099602631
"36100",2020-12-12,"46","16  day ahead inc hosp",2020-12-28,"quantile",0.55,41.8918737004848
"36101",2020-12-12,"46","16  day ahead inc hosp",2020-12-28,"quantile",0.6,43.7893207467623
"36102",2020-12-12,"46","16  day ahead inc hosp",2020-12-28,"quantile",0.65,45.7504828655564
"36103",2020-12-12,"46","16  day ahead inc hosp",2020-12-28,"quantile",0.7,47.8172523372332
"36104",2020-12-12,"46","16  day ahead inc hosp",2020-12-28,"quantile",0.75,50.0476215549524
"36105",2020-12-12,"46","16  day ahead inc hosp",2020-12-28,"quantile",0.8,52.5312434459966
"36106",2020-12-12,"46","16  day ahead inc hosp",2020-12-28,"quantile",0.85,55.4262080888682
"36107",2020-12-12,"46","16  day ahead inc hosp",2020-12-28,"quantile",0.9,59.0687346531781
"36108",2020-12-12,"46","16  day ahead inc hosp",2020-12-28,"quantile",0.95,64.4675077301642
"36109",2020-12-12,"46","16  day ahead inc hosp",2020-12-28,"quantile",0.975,69.1501382339407
"36110",2020-12-12,"46","16  day ahead inc hosp",2020-12-28,"quantile",0.99,74.5947081623868
"36111",2020-12-12,"46","17  day ahead inc hosp",2020-12-29,"quantile",0.01,4.7750311418018
"36112",2020-12-12,"46","17  day ahead inc hosp",2020-12-29,"quantile",0.025,10.3265831244167
"36113",2020-12-12,"46","17  day ahead inc hosp",2020-12-29,"quantile",0.05,15.1012240967503
"36114",2020-12-12,"46","17  day ahead inc hosp",2020-12-29,"quantile",0.1,20.6060793512745
"36115",2020-12-12,"46","17  day ahead inc hosp",2020-12-29,"quantile",0.15,24.320179057143
"36116",2020-12-12,"46","17  day ahead inc hosp",2020-12-29,"quantile",0.2,27.2720277640106
"36117",2020-12-12,"46","17  day ahead inc hosp",2020-12-29,"quantile",0.25,29.8044511169104
"36118",2020-12-12,"46","17  day ahead inc hosp",2020-12-29,"quantile",0.3,32.0786455556484
"36119",2020-12-12,"46","17  day ahead inc hosp",2020-12-29,"quantile",0.35,34.1860256258627
"36120",2020-12-12,"46","17  day ahead inc hosp",2020-12-29,"quantile",0.4,36.1857232313497
"36121",2020-12-12,"46","17  day ahead inc hosp",2020-12-29,"quantile",0.45,38.1204538069703
"36122",2020-12-12,"46","17  day ahead inc hosp",2020-12-29,"quantile",0.5,40.0245099602631
"36123",2020-12-12,"46","17  day ahead inc hosp",2020-12-29,"quantile",0.55,41.928566113556
"36124",2020-12-12,"46","17  day ahead inc hosp",2020-12-29,"quantile",0.6,43.8632966891766
"36125",2020-12-12,"46","17  day ahead inc hosp",2020-12-29,"quantile",0.65,45.8629942946636
"36126",2020-12-12,"46","17  day ahead inc hosp",2020-12-29,"quantile",0.7,47.9703743648779
"36127",2020-12-12,"46","17  day ahead inc hosp",2020-12-29,"quantile",0.75,50.2445688036159
"36128",2020-12-12,"46","17  day ahead inc hosp",2020-12-29,"quantile",0.8,52.7769921565157
"36129",2020-12-12,"46","17  day ahead inc hosp",2020-12-29,"quantile",0.85,55.7288408633833
"36130",2020-12-12,"46","17  day ahead inc hosp",2020-12-29,"quantile",0.9,59.4429405692518
"36131",2020-12-12,"46","17  day ahead inc hosp",2020-12-29,"quantile",0.95,64.947795823776
"36132",2020-12-12,"46","17  day ahead inc hosp",2020-12-29,"quantile",0.975,69.7224367961095
"36133",2020-12-12,"46","17  day ahead inc hosp",2020-12-29,"quantile",0.99,75.2739887787245
"36134",2020-12-12,"46","18  day ahead inc hosp",2020-12-30,"quantile",0.01,4.10859551816386
"36135",2020-12-12,"46","18  day ahead inc hosp",2020-12-30,"quantile",0.025,9.76510655639339
"36136",2020-12-12,"46","18  day ahead inc hosp",2020-12-30,"quantile",0.05,14.6300181069228
"36137",2020-12-12,"46","18  day ahead inc hosp",2020-12-30,"quantile",0.1,20.2389495568279
"36138",2020-12-12,"46","18  day ahead inc hosp",2020-12-30,"quantile",0.15,24.0232689776171
"36139",2020-12-12,"46","18  day ahead inc hosp",2020-12-30,"quantile",0.2,27.0309260878933
"36140",2020-12-12,"46","18  day ahead inc hosp",2020-12-30,"quantile",0.25,29.6112280816432
"36141",2020-12-12,"46","18  day ahead inc hosp",2020-12-30,"quantile",0.3,31.9284190196163
"36142",2020-12-12,"46","18  day ahead inc hosp",2020-12-30,"quantile",0.35,34.0756417541313
"36143",2020-12-12,"46","18  day ahead inc hosp",2020-12-30,"quantile",0.4,36.1131461518169
"36144",2020-12-12,"46","18  day ahead inc hosp",2020-12-30,"quantile",0.45,38.0844552364241
"36145",2020-12-12,"46","18  day ahead inc hosp",2020-12-30,"quantile",0.5,40.0245099602631
"36146",2020-12-12,"46","18  day ahead inc hosp",2020-12-30,"quantile",0.55,41.9645646841022
"36147",2020-12-12,"46","18  day ahead inc hosp",2020-12-30,"quantile",0.6,43.9358737687093
"36148",2020-12-12,"46","18  day ahead inc hosp",2020-12-30,"quantile",0.65,45.973378166395
"36149",2020-12-12,"46","18  day ahead inc hosp",2020-12-30,"quantile",0.7,48.1206009009099
"36150",2020-12-12,"46","18  day ahead inc hosp",2020-12-30,"quantile",0.75,50.437791838883
"36151",2020-12-12,"46","18  day ahead inc hosp",2020-12-30,"quantile",0.8,53.0180938326329
"36152",2020-12-12,"46","18  day ahead inc hosp",2020-12-30,"quantile",0.85,56.0257509429092
"36153",2020-12-12,"46","18  day ahead inc hosp",2020-12-30,"quantile",0.9,59.8100703636984
"36154",2020-12-12,"46","18  day ahead inc hosp",2020-12-30,"quantile",0.95,65.4190018136035
"36155",2020-12-12,"46","18  day ahead inc hosp",2020-12-30,"quantile",0.975,70.2839133641329
"36156",2020-12-12,"46","18  day ahead inc hosp",2020-12-30,"quantile",0.99,75.9404244023624
"36157",2020-12-12,"46","19  day ahead inc hosp",2020-12-31,"quantile",0.01,3.45430263994245
"36158",2020-12-12,"46","19  day ahead inc hosp",2020-12-31,"quantile",0.025,9.21386033437952
"36159",2020-12-12,"46","19  day ahead inc hosp",2020-12-31,"quantile",0.05,14.1673976941117
"36160",2020-12-12,"46","19  day ahead inc hosp",2020-12-31,"quantile",0.1,19.8785090260861
"36161",2020-12-12,"46","19  day ahead inc hosp",2020-12-31,"quantile",0.15,23.7317687282073
"36162",2020-12-12,"46","19  day ahead inc hosp",2020-12-31,"quantile",0.2,26.794217388635
"36163",2020-12-12,"46","19  day ahead inc hosp",2020-12-31,"quantile",0.25,29.4215256536826
"36164",2020-12-12,"46","19  day ahead inc hosp",2020-12-31,"quantile",0.3,31.7809296760709
"36165",2020-12-12,"46","19  day ahead inc hosp",2020-12-31,"quantile",0.35,33.9672691243038
"36166",2020-12-12,"46","19  day ahead inc hosp",2020-12-31,"quantile",0.4,36.041891458076
"36167",2020-12-12,"46","19  day ahead inc hosp",2020-12-31,"quantile",0.45,38.0491125754092
"36168",2020-12-12,"46","19  day ahead inc hosp",2020-12-31,"quantile",0.5,40.0245099602631
"36169",2020-12-12,"46","19  day ahead inc hosp",2020-12-31,"quantile",0.55,41.9999073451171
"36170",2020-12-12,"46","19  day ahead inc hosp",2020-12-31,"quantile",0.6,44.0071284624503
"36171",2020-12-12,"46","19  day ahead inc hosp",2020-12-31,"quantile",0.65,46.0817507962225
"36172",2020-12-12,"46","19  day ahead inc hosp",2020-12-31,"quantile",0.7,48.2680902444553
"36173",2020-12-12,"46","19  day ahead inc hosp",2020-12-31,"quantile",0.75,50.6274942668437
"36174",2020-12-12,"46","19  day ahead inc hosp",2020-12-31,"quantile",0.8,53.2548025318913
"36175",2020-12-12,"46","19  day ahead inc hosp",2020-12-31,"quantile",0.85,56.3172511923189
"36176",2020-12-12,"46","19  day ahead inc hosp",2020-12-31,"quantile",0.9,60.1705108944402
"36177",2020-12-12,"46","19  day ahead inc hosp",2020-12-31,"quantile",0.95,65.8816222264146
"36178",2020-12-12,"46","19  day ahead inc hosp",2020-12-31,"quantile",0.975,70.8351595861468
"36179",2020-12-12,"46","19  day ahead inc hosp",2020-12-31,"quantile",0.99,76.5947172805838
"36180",2020-12-12,"46","20  day ahead inc hosp",2021-01-01,"quantile",0.01,2.81151200672171
"36181",2020-12-12,"46","20  day ahead inc hosp",2021-01-01,"quantile",0.025,8.67230483239692
"36182",2020-12-12,"46","20  day ahead inc hosp",2021-01-01,"quantile",0.05,13.7129099899202
"36183",2020-12-12,"46","20  day ahead inc hosp",2021-01-01,"quantile",0.1,19.5244049165874
"36184",2020-12-12,"46","20  day ahead inc hosp",2021-01-01,"quantile",0.15,23.4453929534757
"36185",2020-12-12,"46","20  day ahead inc hosp",2021-01-01,"quantile",0.2,26.5616699473442
"36186",2020-12-12,"46","20  day ahead inc hosp",2021-01-01,"quantile",0.25,29.2351581295185
"36187",2020-12-12,"46","20  day ahead inc hosp",2021-01-01,"quantile",0.3,31.6360331447369
"36188",2020-12-12,"46","20  day ahead inc hosp",2021-01-01,"quantile",0.35,33.8608016482402
"36189",2020-12-12,"46","20  day ahead inc hosp",2021-01-01,"quantile",0.4,35.9718893974785
"36190",2020-12-12,"46","20  day ahead inc hosp",2021-01-01,"quantile",0.45,38.0143912262861
"36191",2020-12-12,"46","20  day ahead inc hosp",2021-01-01,"quantile",0.5,40.0245099602631
"36192",2020-12-12,"46","20  day ahead inc hosp",2021-01-01,"quantile",0.55,42.0346286942402
"36193",2020-12-12,"46","20  day ahead inc hosp",2021-01-01,"quantile",0.6,44.0771305230477
"36194",2020-12-12,"46","20  day ahead inc hosp",2021-01-01,"quantile",0.65,46.1882182722861
"36195",2020-12-12,"46","20  day ahead inc hosp",2021-01-01,"quantile",0.7,48.4129867757894
"36196",2020-12-12,"46","20  day ahead inc hosp",2021-01-01,"quantile",0.75,50.8138617910078
"36197",2020-12-12,"46","20  day ahead inc hosp",2021-01-01,"quantile",0.8,53.487349973182
"36198",2020-12-12,"46","20  day ahead inc hosp",2021-01-01,"quantile",0.85,56.6036269670506
"36199",2020-12-12,"46","20  day ahead inc hosp",2021-01-01,"quantile",0.9,60.5246150039389
"36200",2020-12-12,"46","20  day ahead inc hosp",2021-01-01,"quantile",0.95,66.3361099306061
"36201",2020-12-12,"46","20  day ahead inc hosp",2021-01-01,"quantile",0.975,71.3767150881294
"36202",2020-12-12,"46","20  day ahead inc hosp",2021-01-01,"quantile",0.99,77.2375079138046
"36203",2020-12-12,"46","21  day ahead inc hosp",2021-01-02,"quantile",0.01,2.17963752119525
"36204",2020-12-12,"46","21  day ahead inc hosp",2021-01-02,"quantile",0.025,8.13994625945896
"36205",2020-12-12,"46","21  day ahead inc hosp",2021-01-02,"quantile",0.05,13.2661405918891
"36206",2020-12-12,"46","21  day ahead inc hosp",2021-01-02,"quantile",0.1,19.1763143557601
"36207",2020-12-12,"46","21  day ahead inc hosp",2021-01-02,"quantile",0.15,23.1638805356311
"36208",2020-12-12,"46","21  day ahead inc hosp",2021-01-02,"quantile",0.2,26.3330717269722
"36209",2020-12-12,"46","21  day ahead inc hosp",2021-01-02,"quantile",0.25,29.0519555790084
"36210",2020-12-12,"46","21  day ahead inc hosp",2021-01-02,"quantile",0.3,31.493597308775
"36211",2020-12-12,"46","21  day ahead inc hosp",2021-01-02,"quantile",0.35,33.7561422487622
"36212",2020-12-12,"46","21  day ahead inc hosp",2021-01-02,"quantile",0.4,35.9030761420579
"36213",2020-12-12,"46","21  day ahead inc hosp",2021-01-02,"quantile",0.45,37.9802595300851
"36214",2020-12-12,"46","21  day ahead inc hosp",2021-01-02,"quantile",0.5,40.0245099602631
"36215",2020-12-12,"46","21  day ahead inc hosp",2021-01-02,"quantile",0.55,42.0687603904412
"36216",2020-12-12,"46","21  day ahead inc hosp",2021-01-02,"quantile",0.6,44.1459437784684
"36217",2020-12-12,"46","21  day ahead inc hosp",2021-01-02,"quantile",0.65,46.2928776717641
"36218",2020-12-12,"46","21  day ahead inc hosp",2021-01-02,"quantile",0.7,48.5554226117513
"36219",2020-12-12,"46","21  day ahead inc hosp",2021-01-02,"quantile",0.75,50.9970643415179
"36220",2020-12-12,"46","21  day ahead inc hosp",2021-01-02,"quantile",0.8,53.7159481935541
"36221",2020-12-12,"46","21  day ahead inc hosp",2021-01-02,"quantile",0.85,56.8851393848952
"36222",2020-12-12,"46","21  day ahead inc hosp",2021-01-02,"quantile",0.9,60.8727055647662
"36223",2020-12-12,"46","21  day ahead inc hosp",2021-01-02,"quantile",0.95,66.7828793286372
"36224",2020-12-12,"46","21  day ahead inc hosp",2021-01-02,"quantile",0.975,71.9090736610673
"36225",2020-12-12,"46","21  day ahead inc hosp",2021-01-02,"quantile",0.99,77.869382399331
"36226",2020-12-12,"46","22  day ahead inc hosp",2021-01-03,"quantile",0.01,1.02853834352781
"36227",2020-12-12,"46","22  day ahead inc hosp",2021-01-03,"quantile",0.025,7.08672849945388
"36228",2020-12-12,"46","22  day ahead inc hosp",2021-01-03,"quantile",0.05,12.2971062509827
"36229",2020-12-12,"46","22  day ahead inc hosp",2021-01-03,"quantile",0.1,18.304338105641
"36230",2020-12-12,"46","22  day ahead inc hosp",2021-01-03,"quantile",0.15,22.3573889185818
"36231",2020-12-12,"46","22  day ahead inc hosp",2021-01-03,"quantile",0.2,25.5786252203817
"36232",2020-12-12,"46","22  day ahead inc hosp",2021-01-03,"quantile",0.25,28.3421591430071
"36233",2020-12-12,"46","22  day ahead inc hosp",2021-01-03,"quantile",0.3,30.8238980161312
"36234",2020-12-12,"46","22  day ahead inc hosp",2021-01-03,"quantile",0.35,33.123598935108
"36235",2020-12-12,"46","22  day ahead inc hosp",2021-01-03,"quantile",0.4,35.3057902189738
"36236",2020-12-12,"46","22  day ahead inc hosp",2021-01-03,"quantile",0.45,37.417085540408
"36237",2020-12-12,"46","22  day ahead inc hosp",2021-01-03,"quantile",0.5,39.4949070721765
"36238",2020-12-12,"46","22  day ahead inc hosp",2021-01-03,"quantile",0.55,41.572728603945
"36239",2020-12-12,"46","22  day ahead inc hosp",2021-01-03,"quantile",0.6,43.6840239253792
"36240",2020-12-12,"46","22  day ahead inc hosp",2021-01-03,"quantile",0.65,45.866215209245
"36241",2020-12-12,"46","22  day ahead inc hosp",2021-01-03,"quantile",0.7,48.1659161282218
"36242",2020-12-12,"46","22  day ahead inc hosp",2021-01-03,"quantile",0.75,50.6476550013459
"36243",2020-12-12,"46","22  day ahead inc hosp",2021-01-03,"quantile",0.8,53.4111889239713
"36244",2020-12-12,"46","22  day ahead inc hosp",2021-01-03,"quantile",0.85,56.6324252257712
"36245",2020-12-12,"46","22  day ahead inc hosp",2021-01-03,"quantile",0.9,60.685476038712
"36246",2020-12-12,"46","22  day ahead inc hosp",2021-01-03,"quantile",0.95,66.6927078933703
"36247",2020-12-12,"46","22  day ahead inc hosp",2021-01-03,"quantile",0.975,71.9030856448991
"36248",2020-12-12,"46","22  day ahead inc hosp",2021-01-03,"quantile",0.99,77.9612758008252
"36249",2020-12-12,"46","23  day ahead inc hosp",2021-01-04,"quantile",0.01,0.416925082219507
"36250",2020-12-12,"46","23  day ahead inc hosp",2021-01-04,"quantile",0.025,6.57144014640581
"36251",2020-12-12,"46","23  day ahead inc hosp",2021-01-04,"quantile",0.05,11.8646626330782
"36252",2020-12-12,"46","23  day ahead inc hosp",2021-01-04,"quantile",0.1,17.9674091616581
"36253",2020-12-12,"46","23  day ahead inc hosp",2021-01-04,"quantile",0.15,22.0849032716368
"36254",2020-12-12,"46","23  day ahead inc hosp",2021-01-04,"quantile",0.2,25.3573570630284
"36255",2020-12-12,"46","23  day ahead inc hosp",2021-01-04,"quantile",0.25,28.1648310312317
"36256",2020-12-12,"46","23  day ahead inc hosp",2021-01-04,"quantile",0.3,30.6860294233089
"36257",2020-12-12,"46","23  day ahead inc hosp",2021-01-04,"quantile",0.35,33.0222954672397
"36258",2020-12-12,"46","23  day ahead inc hosp",2021-01-04,"quantile",0.4,35.2391834789755
"36259",2020-12-12,"46","23  day ahead inc hosp",2021-01-04,"quantile",0.45,37.3840482861658
"36260",2020-12-12,"46","23  day ahead inc hosp",2021-01-04,"quantile",0.5,39.4949070721765
"36261",2020-12-12,"46","23  day ahead inc hosp",2021-01-04,"quantile",0.55,41.6057658581872
"36262",2020-12-12,"46","23  day ahead inc hosp",2021-01-04,"quantile",0.6,43.7506306653775
"36263",2020-12-12,"46","23  day ahead inc hosp",2021-01-04,"quantile",0.65,45.9675186771133
"36264",2020-12-12,"46","23  day ahead inc hosp",2021-01-04,"quantile",0.7,48.3037847210441
"36265",2020-12-12,"46","23  day ahead inc hosp",2021-01-04,"quantile",0.75,50.8249831131213
"36266",2020-12-12,"46","23  day ahead inc hosp",2021-01-04,"quantile",0.8,53.6324570813246
"36267",2020-12-12,"46","23  day ahead inc hosp",2021-01-04,"quantile",0.85,56.9049108727161
"36268",2020-12-12,"46","23  day ahead inc hosp",2021-01-04,"quantile",0.9,61.0224049826949
"36269",2020-12-12,"46","23  day ahead inc hosp",2021-01-04,"quantile",0.95,67.1251515112748
"36270",2020-12-12,"46","23  day ahead inc hosp",2021-01-04,"quantile",0.975,72.4183739979472
"36271",2020-12-12,"46","23  day ahead inc hosp",2021-01-04,"quantile",0.99,78.5728890621335
"36272",2020-12-12,"46","24  day ahead inc hosp",2021-01-05,"quantile",0.01,0
"36273",2020-12-12,"46","24  day ahead inc hosp",2021-01-05,"quantile",0.025,6.06409328574356
"36274",2020-12-12,"46","24  day ahead inc hosp",2021-01-05,"quantile",0.05,11.4388837256772
"36275",2020-12-12,"46","24  day ahead inc hosp",2021-01-05,"quantile",0.1,17.6356728804384
"36276",2020-12-12,"46","24  day ahead inc hosp",2021-01-05,"quantile",0.15,21.8166171038333
"36277",2020-12-12,"46","24  day ahead inc hosp",2021-01-05,"quantile",0.2,25.1394990339585
"36278",2020-12-12,"46","24  day ahead inc hosp",2021-01-05,"quantile",0.25,27.9902358549886
"36279",2020-12-12,"46","24  day ahead inc hosp",2021-01-05,"quantile",0.3,30.550285625999
"36280",2020-12-12,"46","24  day ahead inc hosp",2021-01-05,"quantile",0.35,32.9225532625243
"36281",2020-12-12,"46","24  day ahead inc hosp",2021-01-05,"quantile",0.4,35.1736032650289
"36282",2020-12-12,"46","24  day ahead inc hosp",2021-01-05,"quantile",0.45,37.3515201936415
"36283",2020-12-12,"46","24  day ahead inc hosp",2021-01-05,"quantile",0.5,39.4949070721765
"36284",2020-12-12,"46","24  day ahead inc hosp",2021-01-05,"quantile",0.55,41.6382939507115
"36285",2020-12-12,"46","24  day ahead inc hosp",2021-01-05,"quantile",0.6,43.8162108793241
"36286",2020-12-12,"46","24  day ahead inc hosp",2021-01-05,"quantile",0.65,46.0672608818287
"36287",2020-12-12,"46","24  day ahead inc hosp",2021-01-05,"quantile",0.7,48.439528518354
"36288",2020-12-12,"46","24  day ahead inc hosp",2021-01-05,"quantile",0.75,50.9995782893644
"36289",2020-12-12,"46","24  day ahead inc hosp",2021-01-05,"quantile",0.8,53.8503151103945
"36290",2020-12-12,"46","24  day ahead inc hosp",2021-01-05,"quantile",0.85,57.1731970405197
"36291",2020-12-12,"46","24  day ahead inc hosp",2021-01-05,"quantile",0.9,61.3541412639146
"36292",2020-12-12,"46","24  day ahead inc hosp",2021-01-05,"quantile",0.95,67.5509304186758
"36293",2020-12-12,"46","24  day ahead inc hosp",2021-01-05,"quantile",0.975,72.9257208586094
"36294",2020-12-12,"46","24  day ahead inc hosp",2021-01-05,"quantile",0.99,79.1750762961912
"36295",2020-12-12,"46","25  day ahead inc hosp",2021-01-06,"quantile",0.01,0
"36296",2020-12-12,"46","25  day ahead inc hosp",2021-01-06,"quantile",0.025,5.56433168015002
"36297",2020-12-12,"46","25  day ahead inc hosp",2021-01-06,"quantile",0.05,11.0194705649989
"36298",2020-12-12,"46","25  day ahead inc hosp",2021-01-06,"quantile",0.1,17.3088963309204
"36299",2020-12-12,"46","25  day ahead inc hosp",2021-01-06,"quantile",0.15,21.5523420360719
"36300",2020-12-12,"46","25  day ahead inc hosp",2021-01-06,"quantile",0.2,24.92489816256
"36301",2020-12-12,"46","25  day ahead inc hosp",2021-01-06,"quantile",0.25,27.8182510209951
"36302",2020-12-12,"46","25  day ahead inc hosp",2021-01-06,"quantile",0.3,30.4165713106992
"36303",2020-12-12,"46","25  day ahead inc hosp",2021-01-06,"quantile",0.35,32.8243022862417
"36304",2020-12-12,"46","25  day ahead inc hosp",2021-01-06,"quantile",0.4,35.109003529506
"36305",2020-12-12,"46","25  day ahead inc hosp",2021-01-06,"quantile",0.45,37.3194784229964
"36306",2020-12-12,"46","25  day ahead inc hosp",2021-01-06,"quantile",0.5,39.4949070721765
"36307",2020-12-12,"46","25  day ahead inc hosp",2021-01-06,"quantile",0.55,41.6703357213566
"36308",2020-12-12,"46","25  day ahead inc hosp",2021-01-06,"quantile",0.6,43.880810614847
"36309",2020-12-12,"46","25  day ahead inc hosp",2021-01-06,"quantile",0.65,46.1655118581113
"36310",2020-12-12,"46","25  day ahead inc hosp",2021-01-06,"quantile",0.7,48.5732428336538
"36311",2020-12-12,"46","25  day ahead inc hosp",2021-01-06,"quantile",0.75,51.1715631233579
"36312",2020-12-12,"46","25  day ahead inc hosp",2021-01-06,"quantile",0.8,54.064915981793
"36313",2020-12-12,"46","25  day ahead inc hosp",2021-01-06,"quantile",0.85,57.4374721082811
"36314",2020-12-12,"46","25  day ahead inc hosp",2021-01-06,"quantile",0.9,61.6809178134325
"36315",2020-12-12,"46","25  day ahead inc hosp",2021-01-06,"quantile",0.95,67.9703435793541
"36316",2020-12-12,"46","25  day ahead inc hosp",2021-01-06,"quantile",0.975,73.425482464203
"36317",2020-12-12,"46","25  day ahead inc hosp",2021-01-06,"quantile",0.99,79.7682603331788
"36318",2020-12-12,"46","26  day ahead inc hosp",2021-01-07,"quantile",0.01,0
"36319",2020-12-12,"46","26  day ahead inc hosp",2021-01-07,"quantile",0.025,5.07182495501518
"36320",2020-12-12,"46","26  day ahead inc hosp",2021-01-07,"quantile",0.05,10.6061458919304
"36321",2020-12-12,"46","26  day ahead inc hosp",2021-01-07,"quantile",0.1,16.9868634927579
"36322",2020-12-12,"46","26  day ahead inc hosp",2021-01-07,"quantile",0.15,21.2919033655115
"36323",2020-12-12,"46","26  day ahead inc hosp",2021-01-07,"quantile",0.2,24.7134125838348
"36324",2020-12-12,"46","26  day ahead inc hosp",2021-01-07,"quantile",0.25,27.6487628361986
"36325",2020-12-12,"46","26  day ahead inc hosp",2021-01-07,"quantile",0.3,30.2847980836348
"36326",2020-12-12,"46","26  day ahead inc hosp",2021-01-07,"quantile",0.35,32.7274775881683
"36327",2020-12-12,"46","26  day ahead inc hosp",2021-01-07,"quantile",0.4,35.045341567821
"36328",2020-12-12,"46","26  day ahead inc hosp",2021-01-07,"quantile",0.45,37.2879017925563
"36329",2020-12-12,"46","26  day ahead inc hosp",2021-01-07,"quantile",0.5,39.4949070721765
"36330",2020-12-12,"46","26  day ahead inc hosp",2021-01-07,"quantile",0.55,41.7019123517967
"36331",2020-12-12,"46","26  day ahead inc hosp",2021-01-07,"quantile",0.6,43.944472576532
"36332",2020-12-12,"46","26  day ahead inc hosp",2021-01-07,"quantile",0.65,46.2623365561847
"36333",2020-12-12,"46","26  day ahead inc hosp",2021-01-07,"quantile",0.7,48.7050160607182
"36334",2020-12-12,"46","26  day ahead inc hosp",2021-01-07,"quantile",0.75,51.3410513081543
"36335",2020-12-12,"46","26  day ahead inc hosp",2021-01-07,"quantile",0.8,54.2764015605182
"36336",2020-12-12,"46","26  day ahead inc hosp",2021-01-07,"quantile",0.85,57.6979107788415
"36337",2020-12-12,"46","26  day ahead inc hosp",2021-01-07,"quantile",0.9,62.0029506515951
"36338",2020-12-12,"46","26  day ahead inc hosp",2021-01-07,"quantile",0.95,68.3836682524226
"36339",2020-12-12,"46","26  day ahead inc hosp",2021-01-07,"quantile",0.975,73.9179891893378
"36340",2020-12-12,"46","26  day ahead inc hosp",2021-01-07,"quantile",0.99,80.3528333059506
"36341",2020-12-12,"46","27  day ahead inc hosp",2021-01-08,"quantile",0.01,0
"36342",2020-12-12,"46","27  day ahead inc hosp",2021-01-08,"quantile",0.025,4.58626604369088
"36343",2020-12-12,"46","27  day ahead inc hosp",2021-01-08,"quantile",0.05,10.1986520080171
"36344",2020-12-12,"46","27  day ahead inc hosp",2021-01-08,"quantile",0.1,16.6693735858616
"36345",2020-12-12,"46","27  day ahead inc hosp",2021-01-08,"quantile",0.15,21.0351387146136
"36346",2020-12-12,"46","27  day ahead inc hosp",2021-01-08,"quantile",0.2,24.5049104413748
"36347",2020-12-12,"46","27  day ahead inc hosp",2021-01-08,"quantile",0.25,27.481665628603
"36348",2020-12-12,"46","27  day ahead inc hosp",2021-01-08,"quantile",0.3,30.1548837872207
"36349",2020-12-12,"46","27  day ahead inc hosp",2021-01-08,"quantile",0.35,32.6320188003254
"36350",2020-12-12,"46","27  day ahead inc hosp",2021-01-08,"quantile",0.4,34.9825776882007
"36351",2020-12-12,"46","27  day ahead inc hosp",2021-01-08,"quantile",0.45,37.2567706150164
"36352",2020-12-12,"46","27  day ahead inc hosp",2021-01-08,"quantile",0.5,39.4949070721765
"36353",2020-12-12,"46","27  day ahead inc hosp",2021-01-08,"quantile",0.55,41.7330435293366
"36354",2020-12-12,"46","27  day ahead inc hosp",2021-01-08,"quantile",0.6,44.0072364561523
"36355",2020-12-12,"46","27  day ahead inc hosp",2021-01-08,"quantile",0.65,46.3577953440276
"36356",2020-12-12,"46","27  day ahead inc hosp",2021-01-08,"quantile",0.7,48.8349303571323
"36357",2020-12-12,"46","27  day ahead inc hosp",2021-01-08,"quantile",0.75,51.50814851575
"36358",2020-12-12,"46","27  day ahead inc hosp",2021-01-08,"quantile",0.8,54.4849037029782
"36359",2020-12-12,"46","27  day ahead inc hosp",2021-01-08,"quantile",0.85,57.9546754297394
"36360",2020-12-12,"46","27  day ahead inc hosp",2021-01-08,"quantile",0.9,62.3204405584914
"36361",2020-12-12,"46","27  day ahead inc hosp",2021-01-08,"quantile",0.95,68.7911621363359
"36362",2020-12-12,"46","27  day ahead inc hosp",2021-01-08,"quantile",0.975,74.4035481006621
"36363",2020-12-12,"46","27  day ahead inc hosp",2021-01-08,"quantile",0.99,80.9291596823488
"36364",2020-12-12,"46","28  day ahead inc hosp",2021-01-09,"quantile",0.01,0
"36365",2020-12-12,"46","28  day ahead inc hosp",2021-01-09,"quantile",0.025,4.10736894833256
"36366",2020-12-12,"46","28  day ahead inc hosp",2021-01-09,"quantile",0.05,9.79674889630179
"36367",2020-12-12,"46","28  day ahead inc hosp",2021-01-09,"quantile",0.1,16.3562396062924
"36368",2020-12-12,"46","28  day ahead inc hosp",2021-01-09,"quantile",0.15,20.7818968470711
"36369",2020-12-12,"46","28  day ahead inc hosp",2021-01-09,"quantile",0.2,24.2992689258525
"36370",2020-12-12,"46","28  day ahead inc hosp",2021-01-09,"quantile",0.25,27.3168609766983
"36371",2020-12-12,"46","28  day ahead inc hosp",2021-01-09,"quantile",0.3,30.026751900961
"36372",2020-12-12,"46","28  day ahead inc hosp",2021-01-09,"quantile",0.35,32.5378696967703
"36373",2020-12-12,"46","28  day ahead inc hosp",2021-01-09,"quantile",0.4,34.9206749222488
"36374",2020-12-12,"46","28  day ahead inc hosp",2021-01-09,"quantile",0.45,37.2260665538794
"36375",2020-12-12,"46","28  day ahead inc hosp",2021-01-09,"quantile",0.5,39.4949070721765
"36376",2020-12-12,"46","28  day ahead inc hosp",2021-01-09,"quantile",0.55,41.7637475904736
"36377",2020-12-12,"46","28  day ahead inc hosp",2021-01-09,"quantile",0.6,44.0691392221042
"36378",2020-12-12,"46","28  day ahead inc hosp",2021-01-09,"quantile",0.65,46.4519444475826
"36379",2020-12-12,"46","28  day ahead inc hosp",2021-01-09,"quantile",0.7,48.963062243392
"36380",2020-12-12,"46","28  day ahead inc hosp",2021-01-09,"quantile",0.75,51.6729531676547
"36381",2020-12-12,"46","28  day ahead inc hosp",2021-01-09,"quantile",0.8,54.6905452185005
"36382",2020-12-12,"46","28  day ahead inc hosp",2021-01-09,"quantile",0.85,58.2079172972819
"36383",2020-12-12,"46","28  day ahead inc hosp",2021-01-09,"quantile",0.9,62.6335745380606
"36384",2020-12-12,"46","28  day ahead inc hosp",2021-01-09,"quantile",0.95,69.1930652480512
"36385",2020-12-12,"46","28  day ahead inc hosp",2021-01-09,"quantile",0.975,74.8824451960204
"36386",2020-12-12,"46","28  day ahead inc hosp",2021-01-09,"quantile",0.99,81.4975789229363
"36387",2020-12-12,"46","29  day ahead inc hosp",2021-01-10,"quantile",0.01,0
"36388",2020-12-12,"46","29  day ahead inc hosp",2021-01-10,"quantile",0.025,3.67981261832492
"36389",2020-12-12,"46","29  day ahead inc hosp",2021-01-10,"quantile",0.05,9.44515841646594
"36390",2020-12-12,"46","29  day ahead inc hosp",2021-01-10,"quantile",0.1,16.0922328865562
"36391",2020-12-12,"46","29  day ahead inc hosp",2021-01-10,"quantile",0.15,20.5769824744693
"36392",2020-12-12,"46","29  day ahead inc hosp",2021-01-10,"quantile",0.2,24.1413192774875
"36393",2020-12-12,"46","29  day ahead inc hosp",2021-01-10,"quantile",0.25,27.1992028799102
"36394",2020-12-12,"46","29  day ahead inc hosp",2021-01-10,"quantile",0.3,29.9452768627517
"36395",2020-12-12,"46","29  day ahead inc hosp",2021-01-10,"quantile",0.35,32.489923654688
"36396",2020-12-12,"46","29  day ahead inc hosp",2021-01-10,"quantile",0.4,34.9045446186832
"36397",2020-12-12,"46","29  day ahead inc hosp",2021-01-10,"quantile",0.45,37.2407183455294
"36398",2020-12-12,"46","29  day ahead inc hosp",2021-01-10,"quantile",0.5,39.539852920552
"36399",2020-12-12,"46","29  day ahead inc hosp",2021-01-10,"quantile",0.55,41.8389874955745
"36400",2020-12-12,"46","29  day ahead inc hosp",2021-01-10,"quantile",0.6,44.1751612224207
"36401",2020-12-12,"46","29  day ahead inc hosp",2021-01-10,"quantile",0.65,46.5897821864159
"36402",2020-12-12,"46","29  day ahead inc hosp",2021-01-10,"quantile",0.7,49.1344289783522
"36403",2020-12-12,"46","29  day ahead inc hosp",2021-01-10,"quantile",0.75,51.8805029611937
"36404",2020-12-12,"46","29  day ahead inc hosp",2021-01-10,"quantile",0.8,54.9383865636164
"36405",2020-12-12,"46","29  day ahead inc hosp",2021-01-10,"quantile",0.85,58.5027233666346
"36406",2020-12-12,"46","29  day ahead inc hosp",2021-01-10,"quantile",0.9,62.9874729545477
"36407",2020-12-12,"46","29  day ahead inc hosp",2021-01-10,"quantile",0.95,69.634547424638
"36408",2020-12-12,"46","29  day ahead inc hosp",2021-01-10,"quantile",0.975,75.399893222779
"36409",2020-12-12,"46","29  day ahead inc hosp",2021-01-10,"quantile",0.99,82.1033536675729
"36410",2020-12-12,"46","30  day ahead inc hosp",2021-01-11,"quantile",0.01,0
"36411",2020-12-12,"46","30  day ahead inc hosp",2021-01-11,"quantile",0.025,3.213455817506
"36412",2020-12-12,"46","30  day ahead inc hosp",2021-01-11,"quantile",0.05,9.05377945168333
"36413",2020-12-12,"46","30  day ahead inc hosp",2021-01-11,"quantile",0.1,15.7872985648512
"36414",2020-12-12,"46","30  day ahead inc hosp",2021-01-11,"quantile",0.15,20.3303719430519
"36415",2020-12-12,"46","30  day ahead inc hosp",2021-01-11,"quantile",0.2,23.941062645689
"36416",2020-12-12,"46","30  day ahead inc hosp",2021-01-11,"quantile",0.25,27.0387137665552
"36417",2020-12-12,"46","30  day ahead inc hosp",2021-01-11,"quantile",0.3,29.8205002100257
"36418",2020-12-12,"46","30  day ahead inc hosp",2021-01-11,"quantile",0.35,32.3982399189554
"36419",2020-12-12,"46","30  day ahead inc hosp",2021-01-11,"quantile",0.4,34.844262825014
"36420",2020-12-12,"46","30  day ahead inc hosp",2021-01-11,"quantile",0.45,37.2108182942181
"36421",2020-12-12,"46","30  day ahead inc hosp",2021-01-11,"quantile",0.5,39.539852920552
"36422",2020-12-12,"46","30  day ahead inc hosp",2021-01-11,"quantile",0.55,41.8688875468858
"36423",2020-12-12,"46","30  day ahead inc hosp",2021-01-11,"quantile",0.6,44.2354430160899
"36424",2020-12-12,"46","30  day ahead inc hosp",2021-01-11,"quantile",0.65,46.6814659221485
"36425",2020-12-12,"46","30  day ahead inc hosp",2021-01-11,"quantile",0.7,49.2592056310782
"36426",2020-12-12,"46","30  day ahead inc hosp",2021-01-11,"quantile",0.75,52.0409920745487
"36427",2020-12-12,"46","30  day ahead inc hosp",2021-01-11,"quantile",0.8,55.1386431954149
"36428",2020-12-12,"46","30  day ahead inc hosp",2021-01-11,"quantile",0.85,58.749333898052
"36429",2020-12-12,"46","30  day ahead inc hosp",2021-01-11,"quantile",0.9,63.2924072762527
"36430",2020-12-12,"46","30  day ahead inc hosp",2021-01-11,"quantile",0.95,70.0259263894206
"36431",2020-12-12,"46","30  day ahead inc hosp",2021-01-11,"quantile",0.975,75.8662500235979
"36432",2020-12-12,"46","30  day ahead inc hosp",2021-01-11,"quantile",0.99,82.6568884063167
"36433",2020-12-12,"46","31  day ahead inc hosp",2021-01-12,"quantile",0.01,0
"36434",2020-12-12,"46","31  day ahead inc hosp",2021-01-12,"quantile",0.025,2.75301067364222
"36435",2020-12-12,"46","31  day ahead inc hosp",2021-01-12,"quantile",0.05,8.66736170581119
"36436",2020-12-12,"46","31  day ahead inc hosp",2021-01-12,"quantile",0.1,15.486229667861
"36437",2020-12-12,"46","31  day ahead inc hosp",2021-01-12,"quantile",0.15,20.0868875092078
"36438",2020-12-12,"46","31  day ahead inc hosp",2021-01-12,"quantile",0.2,23.7433445176887
"36439",2020-12-12,"46","31  day ahead inc hosp",2021-01-12,"quantile",0.25,26.8802590538598
"36440",2020-12-12,"46","31  day ahead inc hosp",2021-01-12,"quantile",0.3,29.6973052577609
"36441",2020-12-12,"46","31  day ahead inc hosp",2021-01-12,"quantile",0.35,32.3077183894844
"36442",2020-12-12,"46","31  day ahead inc hosp",2021-01-12,"quantile",0.4,34.7847451786333
"36443",2020-12-12,"46","31  day ahead inc hosp",2021-01-12,"quantile",0.45,37.1812972635323
"36444",2020-12-12,"46","31  day ahead inc hosp",2021-01-12,"quantile",0.5,39.539852920552
"36445",2020-12-12,"46","31  day ahead inc hosp",2021-01-12,"quantile",0.55,41.8984085775717
"36446",2020-12-12,"46","31  day ahead inc hosp",2021-01-12,"quantile",0.6,44.2949606624707
"36447",2020-12-12,"46","31  day ahead inc hosp",2021-01-12,"quantile",0.65,46.7719874516195
"36448",2020-12-12,"46","31  day ahead inc hosp",2021-01-12,"quantile",0.7,49.382400583343
"36449",2020-12-12,"46","31  day ahead inc hosp",2021-01-12,"quantile",0.75,52.1994467872441
"36450",2020-12-12,"46","31  day ahead inc hosp",2021-01-12,"quantile",0.8,55.3363613234152
"36451",2020-12-12,"46","31  day ahead inc hosp",2021-01-12,"quantile",0.85,58.9928183318961
"36452",2020-12-12,"46","31  day ahead inc hosp",2021-01-12,"quantile",0.9,63.5934761732429
"36453",2020-12-12,"46","31  day ahead inc hosp",2021-01-12,"quantile",0.95,70.4123441352927
"36454",2020-12-12,"46","31  day ahead inc hosp",2021-01-12,"quantile",0.975,76.3266951674617
"36455",2020-12-12,"46","31  day ahead inc hosp",2021-01-12,"quantile",0.99,83.2034063984783
"36456",2020-12-12,"46","32  day ahead inc hosp",2021-01-13,"quantile",0.01,0
"36457",2020-12-12,"46","32  day ahead inc hosp",2021-01-13,"quantile",0.025,2.29825791564028
"36458",2020-12-12,"46","32  day ahead inc hosp",2021-01-13,"quantile",0.05,8.2857211607472
"36459",2020-12-12,"46","32  day ahead inc hosp",2021-01-13,"quantile",0.1,15.188882821924
"36460",2020-12-12,"46","32  day ahead inc hosp",2021-01-13,"quantile",0.15,19.8464132218865
"36461",2020-12-12,"46","32  day ahead inc hosp",2021-01-13,"quantile",0.2,23.5480707370584
"36462",2020-12-12,"46","32  day ahead inc hosp",2021-01-13,"quantile",0.25,26.723763283241
"36463",2020-12-12,"46","32  day ahead inc hosp",2021-01-13,"quantile",0.3,29.5756333386172
"36464",2020-12-12,"46","32  day ahead inc hosp",2021-01-13,"quantile",0.35,32.2183159585236
"36465",2020-12-12,"46","32  day ahead inc hosp",2021-01-13,"quantile",0.4,34.725963336318
"36466",2020-12-12,"46","32  day ahead inc hosp",2021-01-13,"quantile",0.45,37.1521411951007
"36467",2020-12-12,"46","32  day ahead inc hosp",2021-01-13,"quantile",0.5,39.539852920552
"36468",2020-12-12,"46","32  day ahead inc hosp",2021-01-13,"quantile",0.55,41.9275646460032
"36469",2020-12-12,"46","32  day ahead inc hosp",2021-01-13,"quantile",0.6,44.3537425047859
"36470",2020-12-12,"46","32  day ahead inc hosp",2021-01-13,"quantile",0.65,46.8613898825803
"36471",2020-12-12,"46","32  day ahead inc hosp",2021-01-13,"quantile",0.7,49.5040725024867
"36472",2020-12-12,"46","32  day ahead inc hosp",2021-01-13,"quantile",0.75,52.3559425578629
"36473",2020-12-12,"46","32  day ahead inc hosp",2021-01-13,"quantile",0.8,55.5316351040455
"36474",2020-12-12,"46","32  day ahead inc hosp",2021-01-13,"quantile",0.85,59.2332926192174
"36475",2020-12-12,"46","32  day ahead inc hosp",2021-01-13,"quantile",0.9,63.8908230191799
"36476",2020-12-12,"46","32  day ahead inc hosp",2021-01-13,"quantile",0.95,70.7939846803567
"36477",2020-12-12,"46","32  day ahead inc hosp",2021-01-13,"quantile",0.975,76.7814479254636
"36478",2020-12-12,"46","32  day ahead inc hosp",2021-01-13,"quantile",0.99,83.7431679043716
"36479",2020-12-12,"46","33  day ahead inc hosp",2021-01-14,"quantile",0.01,0
"36480",2020-12-12,"46","33  day ahead inc hosp",2021-01-14,"quantile",0.025,1.84899150136043
"36481",2020-12-12,"46","33  day ahead inc hosp",2021-01-14,"quantile",0.05,7.90868490047678
"36482",2020-12-12,"46","33  day ahead inc hosp",2021-01-14,"quantile",0.1,14.8951233033265
"36483",2020-12-12,"46","33  day ahead inc hosp",2021-01-14,"quantile",0.15,19.6088401255385
"36484",2020-12-12,"46","33  day ahead inc hosp",2021-01-14,"quantile",0.2,23.3551528279684
"36485",2020-12-12,"46","33  day ahead inc hosp",2021-01-14,"quantile",0.25,26.5691555486452
"36486",2020-12-12,"46","33  day ahead inc hosp",2021-01-14,"quantile",0.3,29.4554293247429
"36487",2020-12-12,"46","33  day ahead inc hosp",2021-01-14,"quantile",0.35,32.1299921190771
"36488",2020-12-12,"46","33  day ahead inc hosp",2021-01-14,"quantile",0.4,34.6678906648343
"36489",2020-12-12,"46","33  day ahead inc hosp",2021-01-14,"quantile",0.45,37.1233368787151
"36490",2020-12-12,"46","33  day ahead inc hosp",2021-01-14,"quantile",0.5,39.539852920552
"36491",2020-12-12,"46","33  day ahead inc hosp",2021-01-14,"quantile",0.55,41.9563689623888
"36492",2020-12-12,"46","33  day ahead inc hosp",2021-01-14,"quantile",0.6,44.4118151762696
"36493",2020-12-12,"46","33  day ahead inc hosp",2021-01-14,"quantile",0.65,46.9497137220268
"36494",2020-12-12,"46","33  day ahead inc hosp",2021-01-14,"quantile",0.7,49.624276516361
"36495",2020-12-12,"46","33  day ahead inc hosp",2021-01-14,"quantile",0.75,52.5105502924587
"36496",2020-12-12,"46","33  day ahead inc hosp",2021-01-14,"quantile",0.8,55.7245530131355
"36497",2020-12-12,"46","33  day ahead inc hosp",2021-01-14,"quantile",0.85,59.4708657155654
"36498",2020-12-12,"46","33  day ahead inc hosp",2021-01-14,"quantile",0.9,64.1845825377774
"36499",2020-12-12,"46","33  day ahead inc hosp",2021-01-14,"quantile",0.95,71.1710209406271
"36500",2020-12-12,"46","33  day ahead inc hosp",2021-01-14,"quantile",0.975,77.2307143397435
"36501",2020-12-12,"46","33  day ahead inc hosp",2021-01-14,"quantile",0.99,84.2764174824158
"36502",2020-12-12,"46","34  day ahead inc hosp",2021-01-15,"quantile",0.01,0
"36503",2020-12-12,"46","34  day ahead inc hosp",2021-01-15,"quantile",0.025,1.40501752649867
"36504",2020-12-12,"46","34  day ahead inc hosp",2021-01-15,"quantile",0.05,7.53609019537826
"36505",2020-12-12,"46","34  day ahead inc hosp",2021-01-15,"quantile",0.1,14.6048243248589
"36506",2020-12-12,"46","34  day ahead inc hosp",2021-01-15,"quantile",0.15,19.374065683129
"36507",2020-12-12,"46","34  day ahead inc hosp",2021-01-15,"quantile",0.2,23.1645075266544
"36508",2020-12-12,"46","34  day ahead inc hosp",2021-01-15,"quantile",0.25,26.4163691210576
"36509",2020-12-12,"46","34  day ahead inc hosp",2021-01-15,"quantile",0.3,29.3366413358395
"36510",2020-12-12,"46","34  day ahead inc hosp",2021-01-15,"quantile",0.35,32.0427087503948
"36511",2020-12-12,"46","34  day ahead inc hosp",2021-01-15,"quantile",0.4,34.6105020998984
"36512",2020-12-12,"46","34  day ahead inc hosp",2021-01-15,"quantile",0.45,37.0948718823734
"36513",2020-12-12,"46","34  day ahead inc hosp",2021-01-15,"quantile",0.5,39.539852920552
"36514",2020-12-12,"46","34  day ahead inc hosp",2021-01-15,"quantile",0.55,41.9848339587305
"36515",2020-12-12,"46","34  day ahead inc hosp",2021-01-15,"quantile",0.6,44.4692037412055
"36516",2020-12-12,"46","34  day ahead inc hosp",2021-01-15,"quantile",0.65,47.0369970907091
"36517",2020-12-12,"46","34  day ahead inc hosp",2021-01-15,"quantile",0.7,49.7430645052644
"36518",2020-12-12,"46","34  day ahead inc hosp",2021-01-15,"quantile",0.75,52.6633367200463
"36519",2020-12-12,"46","34  day ahead inc hosp",2021-01-15,"quantile",0.8,55.9151983144495
"36520",2020-12-12,"46","34  day ahead inc hosp",2021-01-15,"quantile",0.85,59.7056401579749
"36521",2020-12-12,"46","34  day ahead inc hosp",2021-01-15,"quantile",0.9,64.4748815162449
"36522",2020-12-12,"46","34  day ahead inc hosp",2021-01-15,"quantile",0.95,71.5436156457257
"36523",2020-12-12,"46","34  day ahead inc hosp",2021-01-15,"quantile",0.975,77.6746883146052
"36524",2020-12-12,"46","34  day ahead inc hosp",2021-01-15,"quantile",0.99,84.8033852842204
"36525",2020-12-12,"46","35  day ahead inc hosp",2021-01-16,"quantile",0.01,0
"36526",2020-12-12,"46","35  day ahead inc hosp",2021-01-16,"quantile",0.025,0.96615324652047
"36527",2020-12-12,"46","35  day ahead inc hosp",2021-01-16,"quantile",0.05,7.16778368140371
"36528",2020-12-12,"46","35  day ahead inc hosp",2021-01-16,"quantile",0.1,14.3178663962929
"36529",2020-12-12,"46","35  day ahead inc hosp",2021-01-16,"quantile",0.15,19.1419932589348
"36530",2020-12-12,"46","35  day ahead inc hosp",2021-01-16,"quantile",0.2,22.976056361429
"36531",2020-12-12,"46","35  day ahead inc hosp",2021-01-16,"quantile",0.25,26.265341111917
"36532",2020-12-12,"46","35  day ahead inc hosp",2021-01-16,"quantile",0.3,29.2192204774742
"36533",2020-12-12,"46","35  day ahead inc hosp",2021-01-16,"quantile",0.35,31.9564299256895
"36534",2020-12-12,"46","35  day ahead inc hosp",2021-01-16,"quantile",0.4,34.5537740197503
"36535",2020-12-12,"46","35  day ahead inc hosp",2021-01-16,"quantile",0.45,37.0667344895725
"36536",2020-12-12,"46","35  day ahead inc hosp",2021-01-16,"quantile",0.5,39.539852920552
"36537",2020-12-12,"46","35  day ahead inc hosp",2021-01-16,"quantile",0.55,42.0129713515314
"36538",2020-12-12,"46","35  day ahead inc hosp",2021-01-16,"quantile",0.6,44.5259318213536
"36539",2020-12-12,"46","35  day ahead inc hosp",2021-01-16,"quantile",0.65,47.1232759154144
"36540",2020-12-12,"46","35  day ahead inc hosp",2021-01-16,"quantile",0.7,49.8604853636297
"36541",2020-12-12,"46","35  day ahead inc hosp",2021-01-16,"quantile",0.75,52.8143647291869
"36542",2020-12-12,"46","35  day ahead inc hosp",2021-01-16,"quantile",0.8,56.1036494796749
"36543",2020-12-12,"46","35  day ahead inc hosp",2021-01-16,"quantile",0.85,59.9377125821691
"36544",2020-12-12,"46","35  day ahead inc hosp",2021-01-16,"quantile",0.9,64.761839444811
"36545",2020-12-12,"46","35  day ahead inc hosp",2021-01-16,"quantile",0.95,71.9119221597002
"36546",2020-12-12,"46","35  day ahead inc hosp",2021-01-16,"quantile",0.975,78.1135525945834
"36547",2020-12-12,"46","35  day ahead inc hosp",2021-01-16,"quantile",0.99,85.3242882154849
"36548",2020-12-12,"46","36  day ahead inc hosp",2021-01-17,"quantile",0.01,0
"36549",2020-12-12,"46","36  day ahead inc hosp",2021-01-17,"quantile",0.025,0
"36550",2020-12-12,"46","36  day ahead inc hosp",2021-01-17,"quantile",0.05,5.30362062239036
"36551",2020-12-12,"46","36  day ahead inc hosp",2021-01-17,"quantile",0.1,12.534136749627
"36552",2020-12-12,"46","36  day ahead inc hosp",2021-01-17,"quantile",0.15,17.4125316537213
"36553",2020-12-12,"46","36  day ahead inc hosp",2021-01-17,"quantile",0.2,21.2897252752298
"36554",2020-12-12,"46","36  day ahead inc hosp",2021-01-17,"quantile",0.25,24.6160121706179
"36555",2020-12-12,"46","36  day ahead inc hosp",2021-01-17,"quantile",0.3,27.6031206058948
"36556",2020-12-12,"46","36  day ahead inc hosp",2021-01-17,"quantile",0.35,30.3711217393268
"36557",2020-12-12,"46","36  day ahead inc hosp",2021-01-17,"quantile",0.4,32.9976841315327
"36558",2020-12-12,"46","36  day ahead inc hosp",2021-01-17,"quantile",0.45,35.5389136429509
"36559",2020-12-12,"46","36  day ahead inc hosp",2021-01-17,"quantile",0.5,38.039852920552
"36560",2020-12-12,"46","36  day ahead inc hosp",2021-01-17,"quantile",0.55,40.540792198153
"36561",2020-12-12,"46","36  day ahead inc hosp",2021-01-17,"quantile",0.6,43.0820217095712
"36562",2020-12-12,"46","36  day ahead inc hosp",2021-01-17,"quantile",0.65,45.7085841017771
"36563",2020-12-12,"46","36  day ahead inc hosp",2021-01-17,"quantile",0.7,48.4765852352091
"36564",2020-12-12,"46","36  day ahead inc hosp",2021-01-17,"quantile",0.75,51.463693670486
"36565",2020-12-12,"46","36  day ahead inc hosp",2021-01-17,"quantile",0.8,54.7899805658741
"36566",2020-12-12,"46","36  day ahead inc hosp",2021-01-17,"quantile",0.85,58.6671741873826
"36567",2020-12-12,"46","36  day ahead inc hosp",2021-01-17,"quantile",0.9,63.5455690914769
"36568",2020-12-12,"46","36  day ahead inc hosp",2021-01-17,"quantile",0.95,70.7760852187135
"36569",2020-12-12,"46","36  day ahead inc hosp",2021-01-17,"quantile",0.975,77.0474796434534
"36570",2020-12-12,"46","36  day ahead inc hosp",2021-01-17,"quantile",0.99,84.3393309793265
"36571",2020-12-12,"46","37  day ahead inc hosp",2021-01-18,"quantile",0.01,0
"36572",2020-12-12,"46","37  day ahead inc hosp",2021-01-18,"quantile",0.025,0
"36573",2020-12-12,"46","37  day ahead inc hosp",2021-01-18,"quantile",0.05,4.94346424543834
"36574",2020-12-12,"46","37  day ahead inc hosp",2021-01-18,"quantile",0.1,12.2535288212613
"36575",2020-12-12,"46","37  day ahead inc hosp",2021-01-18,"quantile",0.15,17.1855946859596
"36576",2020-12-12,"46","37  day ahead inc hosp",2021-01-18,"quantile",0.2,21.1054442855521
"36577",2020-12-12,"46","37  day ahead inc hosp",2021-01-18,"quantile",0.25,24.4683262119761
"36578",2020-12-12,"46","37  day ahead inc hosp",2021-01-18,"quantile",0.3,27.48829811614
"36579",2020-12-12,"46","37  day ahead inc hosp",2021-01-18,"quantile",0.35,30.2867521511318
"36580",2020-12-12,"46","37  day ahead inc hosp",2021-01-18,"quantile",0.4,32.9422113689223
"36581",2020-12-12,"46","37  day ahead inc hosp",2021-01-18,"quantile",0.45,35.5113988935138
"36582",2020-12-12,"46","37  day ahead inc hosp",2021-01-18,"quantile",0.5,38.039852920552
"36583",2020-12-12,"46","37  day ahead inc hosp",2021-01-18,"quantile",0.55,40.5683069475901
"36584",2020-12-12,"46","37  day ahead inc hosp",2021-01-18,"quantile",0.6,43.1374944721816
"36585",2020-12-12,"46","37  day ahead inc hosp",2021-01-18,"quantile",0.65,45.7929536899721
"36586",2020-12-12,"46","37  day ahead inc hosp",2021-01-18,"quantile",0.7,48.5914077249639
"36587",2020-12-12,"46","37  day ahead inc hosp",2021-01-18,"quantile",0.75,51.6113796291278
"36588",2020-12-12,"46","37  day ahead inc hosp",2021-01-18,"quantile",0.8,54.9742615555518
"36589",2020-12-12,"46","37  day ahead inc hosp",2021-01-18,"quantile",0.85,58.8941111551443
"36590",2020-12-12,"46","37  day ahead inc hosp",2021-01-18,"quantile",0.9,63.8261770198427
"36591",2020-12-12,"46","37  day ahead inc hosp",2021-01-18,"quantile",0.95,71.1362415956656
"36592",2020-12-12,"46","37  day ahead inc hosp",2021-01-18,"quantile",0.975,77.4766324361774
"36593",2020-12-12,"46","37  day ahead inc hosp",2021-01-18,"quantile",0.99,84.8487070162675
"36594",2020-12-12,"47","1  day ahead inc hosp",2020-12-13,"quantile",0.01,166.613528749253
"36595",2020-12-12,"47","1  day ahead inc hosp",2020-12-13,"quantile",0.025,174.360432927459
"36596",2020-12-12,"47","1  day ahead inc hosp",2020-12-13,"quantile",0.05,181.023197900901
"36597",2020-12-12,"47","1  day ahead inc hosp",2020-12-13,"quantile",0.1,188.704939205899
"36598",2020-12-12,"47","1  day ahead inc hosp",2020-12-13,"quantile",0.15,193.887773595232
"36599",2020-12-12,"47","1  day ahead inc hosp",2020-12-13,"quantile",0.2,198.006926068681
"36600",2020-12-12,"47","1  day ahead inc hosp",2020-12-13,"quantile",0.25,201.540792114609
"36601",2020-12-12,"47","1  day ahead inc hosp",2020-12-13,"quantile",0.3,204.714313042574
"36602",2020-12-12,"47","1  day ahead inc hosp",2020-12-13,"quantile",0.35,207.655053131496
"36603",2020-12-12,"47","1  day ahead inc hosp",2020-12-13,"quantile",0.4,210.445527900283
"36604",2020-12-12,"47","1  day ahead inc hosp",2020-12-13,"quantile",0.45,213.145344532986
"36605",2020-12-12,"47","1  day ahead inc hosp",2020-12-13,"quantile",0.5,215.802356592979
"36606",2020-12-12,"47","1  day ahead inc hosp",2020-12-13,"quantile",0.55,218.459368652972
"36607",2020-12-12,"47","1  day ahead inc hosp",2020-12-13,"quantile",0.6,221.159185285675
"36608",2020-12-12,"47","1  day ahead inc hosp",2020-12-13,"quantile",0.65,223.949660054462
"36609",2020-12-12,"47","1  day ahead inc hosp",2020-12-13,"quantile",0.7,226.890400143384
"36610",2020-12-12,"47","1  day ahead inc hosp",2020-12-13,"quantile",0.75,230.063921071349
"36611",2020-12-12,"47","1  day ahead inc hosp",2020-12-13,"quantile",0.8,233.597787117277
"36612",2020-12-12,"47","1  day ahead inc hosp",2020-12-13,"quantile",0.85,237.716939590726
"36613",2020-12-12,"47","1  day ahead inc hosp",2020-12-13,"quantile",0.9,242.899773980059
"36614",2020-12-12,"47","1  day ahead inc hosp",2020-12-13,"quantile",0.95,250.581515285057
"36615",2020-12-12,"47","1  day ahead inc hosp",2020-12-13,"quantile",0.975,257.244280258498
"36616",2020-12-12,"47","1  day ahead inc hosp",2020-12-13,"quantile",0.99,264.991184436705
"36617",2020-12-12,"47","2  day ahead inc hosp",2020-12-14,"quantile",0.01,187.851773791795
"36618",2020-12-12,"47","2  day ahead inc hosp",2020-12-14,"quantile",0.025,196.210419479311
"36619",2020-12-12,"47","2  day ahead inc hosp",2020-12-14,"quantile",0.05,203.399315899233
"36620",2020-12-12,"47","2  day ahead inc hosp",2020-12-14,"quantile",0.1,211.687653066518
"36621",2020-12-12,"47","2  day ahead inc hosp",2020-12-14,"quantile",0.15,217.279754804317
"36622",2020-12-12,"47","2  day ahead inc hosp",2020-12-14,"quantile",0.2,221.724179992287
"36623",2020-12-12,"47","2  day ahead inc hosp",2020-12-14,"quantile",0.25,225.537101064442
"36624",2020-12-12,"47","2  day ahead inc hosp",2020-12-14,"quantile",0.3,228.961222030518
"36625",2020-12-12,"47","2  day ahead inc hosp",2020-12-14,"quantile",0.35,232.134180401621
"36626",2020-12-12,"47","2  day ahead inc hosp",2020-12-14,"quantile",0.4,235.145007611522
"36627",2020-12-12,"47","2  day ahead inc hosp",2020-12-14,"quantile",0.45,238.058017781121
"36628",2020-12-12,"47","2  day ahead inc hosp",2020-12-14,"quantile",0.5,240.924843275028
"36629",2020-12-12,"47","2  day ahead inc hosp",2020-12-14,"quantile",0.55,243.791668768935
"36630",2020-12-12,"47","2  day ahead inc hosp",2020-12-14,"quantile",0.6,246.704678938534
"36631",2020-12-12,"47","2  day ahead inc hosp",2020-12-14,"quantile",0.65,249.715506148435
"36632",2020-12-12,"47","2  day ahead inc hosp",2020-12-14,"quantile",0.7,252.888464519538
"36633",2020-12-12,"47","2  day ahead inc hosp",2020-12-14,"quantile",0.75,256.312585485614
"36634",2020-12-12,"47","2  day ahead inc hosp",2020-12-14,"quantile",0.8,260.125506557769
"36635",2020-12-12,"47","2  day ahead inc hosp",2020-12-14,"quantile",0.85,264.569931745739
"36636",2020-12-12,"47","2  day ahead inc hosp",2020-12-14,"quantile",0.9,270.162033483538
"36637",2020-12-12,"47","2  day ahead inc hosp",2020-12-14,"quantile",0.95,278.450370650823
"36638",2020-12-12,"47","2  day ahead inc hosp",2020-12-14,"quantile",0.975,285.639267070745
"36639",2020-12-12,"47","2  day ahead inc hosp",2020-12-14,"quantile",0.99,293.997912758261
"36640",2020-12-12,"47","3  day ahead inc hosp",2020-12-15,"quantile",0.01,206.740547364693
"36641",2020-12-12,"47","3  day ahead inc hosp",2020-12-15,"quantile",0.025,215.540286062648
"36642",2020-12-12,"47","3  day ahead inc hosp",2020-12-15,"quantile",0.05,223.108546805708
"36643",2020-12-12,"47","3  day ahead inc hosp",2020-12-15,"quantile",0.1,231.834266741606
"36644",2020-12-12,"47","3  day ahead inc hosp",2020-12-15,"quantile",0.15,237.721468556908
"36645",2020-12-12,"47","3  day ahead inc hosp",2020-12-15,"quantile",0.2,242.400429931614
"36646",2020-12-12,"47","3  day ahead inc hosp",2020-12-15,"quantile",0.25,246.414562168492
"36647",2020-12-12,"47","3  day ahead inc hosp",2020-12-15,"quantile",0.3,250.01937697918
"36648",2020-12-12,"47","3  day ahead inc hosp",2020-12-15,"quantile",0.35,253.359775126083
"36649",2020-12-12,"47","3  day ahead inc hosp",2020-12-15,"quantile",0.4,256.529486309247
"36650",2020-12-12,"47","3  day ahead inc hosp",2020-12-15,"quantile",0.45,259.596218561727
"36651",2020-12-12,"47","3  day ahead inc hosp",2020-12-15,"quantile",0.5,262.614328932968
"36652",2020-12-12,"47","3  day ahead inc hosp",2020-12-15,"quantile",0.55,265.632439304208
"36653",2020-12-12,"47","3  day ahead inc hosp",2020-12-15,"quantile",0.6,268.699171556688
"36654",2020-12-12,"47","3  day ahead inc hosp",2020-12-15,"quantile",0.65,271.868882739852
"36655",2020-12-12,"47","3  day ahead inc hosp",2020-12-15,"quantile",0.7,275.209280886755
"36656",2020-12-12,"47","3  day ahead inc hosp",2020-12-15,"quantile",0.75,278.814095697444
"36657",2020-12-12,"47","3  day ahead inc hosp",2020-12-15,"quantile",0.8,282.828227934321
"36658",2020-12-12,"47","3  day ahead inc hosp",2020-12-15,"quantile",0.85,287.507189309028
"36659",2020-12-12,"47","3  day ahead inc hosp",2020-12-15,"quantile",0.9,293.39439112433
"36660",2020-12-12,"47","3  day ahead inc hosp",2020-12-15,"quantile",0.95,302.120111060227
"36661",2020-12-12,"47","3  day ahead inc hosp",2020-12-15,"quantile",0.975,309.688371803288
"36662",2020-12-12,"47","3  day ahead inc hosp",2020-12-15,"quantile",0.99,318.488110501243
"36663",2020-12-12,"47","4  day ahead inc hosp",2020-12-16,"quantile",0.01,208.121720997416
"36664",2020-12-12,"47","4  day ahead inc hosp",2020-12-16,"quantile",0.025,217.041468074001
"36665",2020-12-12,"47","4  day ahead inc hosp",2020-12-16,"quantile",0.05,224.712942643291
"36666",2020-12-12,"47","4  day ahead inc hosp",2020-12-16,"quantile",0.1,233.557661510615
"36667",2020-12-12,"47","4  day ahead inc hosp",2020-12-16,"quantile",0.15,239.525151340002
"36668",2020-12-12,"47","4  day ahead inc hosp",2020-12-16,"quantile",0.2,244.267923083122
"36669",2020-12-12,"47","4  day ahead inc hosp",2020-12-16,"quantile",0.25,248.336798934315
"36670",2020-12-12,"47","4  day ahead inc hosp",2020-12-16,"quantile",0.3,251.990775202581
"36671",2020-12-12,"47","4  day ahead inc hosp",2020-12-16,"quantile",0.35,255.376728766452
"36672",2020-12-12,"47","4  day ahead inc hosp",2020-12-16,"quantile",0.4,258.589667585444
"36673",2020-12-12,"47","4  day ahead inc hosp",2020-12-16,"quantile",0.45,261.698223075857
"36674",2020-12-12,"47","4  day ahead inc hosp",2020-12-16,"quantile",0.5,264.757493593395
"36675",2020-12-12,"47","4  day ahead inc hosp",2020-12-16,"quantile",0.55,267.816764110932
"36676",2020-12-12,"47","4  day ahead inc hosp",2020-12-16,"quantile",0.6,270.925319601345
"36677",2020-12-12,"47","4  day ahead inc hosp",2020-12-16,"quantile",0.65,274.138258420337
"36678",2020-12-12,"47","4  day ahead inc hosp",2020-12-16,"quantile",0.7,277.524211984208
"36679",2020-12-12,"47","4  day ahead inc hosp",2020-12-16,"quantile",0.75,281.178188252474
"36680",2020-12-12,"47","4  day ahead inc hosp",2020-12-16,"quantile",0.8,285.247064103667
"36681",2020-12-12,"47","4  day ahead inc hosp",2020-12-16,"quantile",0.85,289.989835846787
"36682",2020-12-12,"47","4  day ahead inc hosp",2020-12-16,"quantile",0.9,295.957325676174
"36683",2020-12-12,"47","4  day ahead inc hosp",2020-12-16,"quantile",0.95,304.802044543499
"36684",2020-12-12,"47","4  day ahead inc hosp",2020-12-16,"quantile",0.975,312.473519112788
"36685",2020-12-12,"47","4  day ahead inc hosp",2020-12-16,"quantile",0.99,321.393266189373
"36686",2020-12-12,"47","5  day ahead inc hosp",2020-12-17,"quantile",0.01,192.144817907686
"36687",2020-12-12,"47","5  day ahead inc hosp",2020-12-17,"quantile",0.025,201.342914168171
"36688",2020-12-12,"47","5  day ahead inc hosp",2020-12-17,"quantile",0.05,209.253784391545
"36689",2020-12-12,"47","5  day ahead inc hosp",2020-12-17,"quantile",0.1,218.3745111162
"36690",2020-12-12,"47","5  day ahead inc hosp",2020-12-17,"quantile",0.15,224.528222136578
"36691",2020-12-12,"47","5  day ahead inc hosp",2020-12-17,"quantile",0.2,229.418996578965
"36692",2020-12-12,"47","5  day ahead inc hosp",2020-12-17,"quantile",0.25,233.61484556772
"36693",2020-12-12,"47","5  day ahead inc hosp",2020-12-17,"quantile",0.3,237.382847637786
"36694",2020-12-12,"47","5  day ahead inc hosp",2020-12-17,"quantile",0.35,240.874463100266
"36695",2020-12-12,"47","5  day ahead inc hosp",2020-12-17,"quantile",0.4,244.187664728338
"36696",2020-12-12,"47","5  day ahead inc hosp",2020-12-17,"quantile",0.45,247.393225646869
"36697",2020-12-12,"47","5  day ahead inc hosp",2020-12-17,"quantile",0.5,250.54796360811
"36698",2020-12-12,"47","5  day ahead inc hosp",2020-12-17,"quantile",0.55,253.702701569351
"36699",2020-12-12,"47","5  day ahead inc hosp",2020-12-17,"quantile",0.6,256.908262487881
"36700",2020-12-12,"47","5  day ahead inc hosp",2020-12-17,"quantile",0.65,260.221464115954
"36701",2020-12-12,"47","5  day ahead inc hosp",2020-12-17,"quantile",0.7,263.713079578434
"36702",2020-12-12,"47","5  day ahead inc hosp",2020-12-17,"quantile",0.75,267.4810816485
"36703",2020-12-12,"47","5  day ahead inc hosp",2020-12-17,"quantile",0.8,271.676930637254
"36704",2020-12-12,"47","5  day ahead inc hosp",2020-12-17,"quantile",0.85,276.567705079642
"36705",2020-12-12,"47","5  day ahead inc hosp",2020-12-17,"quantile",0.9,282.721416100019
"36706",2020-12-12,"47","5  day ahead inc hosp",2020-12-17,"quantile",0.95,291.842142824675
"36707",2020-12-12,"47","5  day ahead inc hosp",2020-12-17,"quantile",0.975,299.753013048049
"36708",2020-12-12,"47","5  day ahead inc hosp",2020-12-17,"quantile",0.99,308.951109308534
"36709",2020-12-12,"47","6  day ahead inc hosp",2020-12-18,"quantile",0.01,169.738229899863
"36710",2020-12-12,"47","6  day ahead inc hosp",2020-12-18,"quantile",0.025,179.586025581623
"36711",2020-12-12,"47","6  day ahead inc hosp",2020-12-18,"quantile",0.05,188.055673149825
"36712",2020-12-12,"47","6  day ahead inc hosp",2020-12-18,"quantile",0.1,197.820634366792
"36713",2020-12-12,"47","6  day ahead inc hosp",2020-12-18,"quantile",0.15,204.409007340623
"36714",2020-12-12,"47","6  day ahead inc hosp",2020-12-18,"quantile",0.2,209.64523732455
"36715",2020-12-12,"47","6  day ahead inc hosp",2020-12-18,"quantile",0.25,214.137456408001
"36716",2020-12-12,"47","6  day ahead inc hosp",2020-12-18,"quantile",0.3,218.171607982808
"36717",2020-12-12,"47","6  day ahead inc hosp",2020-12-18,"quantile",0.35,221.909850625635
"36718",2020-12-12,"47","6  day ahead inc hosp",2020-12-18,"quantile",0.4,225.457077330133
"36719",2020-12-12,"47","6  day ahead inc hosp",2020-12-18,"quantile",0.45,228.889060218455
"36720",2020-12-12,"47","6  day ahead inc hosp",2020-12-18,"quantile",0.5,232.266630314699
"36721",2020-12-12,"47","6  day ahead inc hosp",2020-12-18,"quantile",0.55,235.644200410944
"36722",2020-12-12,"47","6  day ahead inc hosp",2020-12-18,"quantile",0.6,239.076183299266
"36723",2020-12-12,"47","6  day ahead inc hosp",2020-12-18,"quantile",0.65,242.623410003764
"36724",2020-12-12,"47","6  day ahead inc hosp",2020-12-18,"quantile",0.7,246.361652646591
"36725",2020-12-12,"47","6  day ahead inc hosp",2020-12-18,"quantile",0.75,250.395804221397
"36726",2020-12-12,"47","6  day ahead inc hosp",2020-12-18,"quantile",0.8,254.888023304849
"36727",2020-12-12,"47","6  day ahead inc hosp",2020-12-18,"quantile",0.85,260.124253288776
"36728",2020-12-12,"47","6  day ahead inc hosp",2020-12-18,"quantile",0.9,266.712626262607
"36729",2020-12-12,"47","6  day ahead inc hosp",2020-12-18,"quantile",0.95,276.477587479574
"36730",2020-12-12,"47","6  day ahead inc hosp",2020-12-18,"quantile",0.975,284.947235047776
"36731",2020-12-12,"47","6  day ahead inc hosp",2020-12-18,"quantile",0.99,294.795030729536
"36732",2020-12-12,"47","7  day ahead inc hosp",2020-12-19,"quantile",0.01,154.974617752698
"36733",2020-12-12,"47","7  day ahead inc hosp",2020-12-19,"quantile",0.025,165.879779017187
"36734",2020-12-12,"47","7  day ahead inc hosp",2020-12-19,"quantile",0.05,175.258819319141
"36735",2020-12-12,"47","7  day ahead inc hosp",2020-12-19,"quantile",0.1,186.072252117077
"36736",2020-12-12,"47","7  day ahead inc hosp",2020-12-19,"quantile",0.15,193.368023888958
"36737",2020-12-12,"47","7  day ahead inc hosp",2020-12-19,"quantile",0.2,199.166472012576
"36738",2020-12-12,"47","7  day ahead inc hosp",2020-12-19,"quantile",0.25,204.141024199031
"36739",2020-12-12,"47","7  day ahead inc hosp",2020-12-19,"quantile",0.3,208.608325807465
"36740",2020-12-12,"47","7  day ahead inc hosp",2020-12-19,"quantile",0.35,212.747946508708
"36741",2020-12-12,"47","7  day ahead inc hosp",2020-12-19,"quantile",0.4,216.676041739796
"36742",2020-12-12,"47","7  day ahead inc hosp",2020-12-19,"quantile",0.45,220.47651933535
"36743",2020-12-12,"47","7  day ahead inc hosp",2020-12-19,"quantile",0.5,224.216741794462
"36744",2020-12-12,"47","7  day ahead inc hosp",2020-12-19,"quantile",0.55,227.956964253573
"36745",2020-12-12,"47","7  day ahead inc hosp",2020-12-19,"quantile",0.6,231.757441849127
"36746",2020-12-12,"47","7  day ahead inc hosp",2020-12-19,"quantile",0.65,235.685537080216
"36747",2020-12-12,"47","7  day ahead inc hosp",2020-12-19,"quantile",0.7,239.825157781458
"36748",2020-12-12,"47","7  day ahead inc hosp",2020-12-19,"quantile",0.75,244.292459389893
"36749",2020-12-12,"47","7  day ahead inc hosp",2020-12-19,"quantile",0.8,249.267011576347
"36750",2020-12-12,"47","7  day ahead inc hosp",2020-12-19,"quantile",0.85,255.065459699966
"36751",2020-12-12,"47","7  day ahead inc hosp",2020-12-19,"quantile",0.9,262.361231471846
"36752",2020-12-12,"47","7  day ahead inc hosp",2020-12-19,"quantile",0.95,273.174664269783
"36753",2020-12-12,"47","7  day ahead inc hosp",2020-12-19,"quantile",0.975,282.553704571736
"36754",2020-12-12,"47","7  day ahead inc hosp",2020-12-19,"quantile",0.99,293.458865836226
"36755",2020-12-12,"47","8  day ahead inc hosp",2020-12-20,"quantile",0.01,165.654638484167
"36756",2020-12-12,"47","8  day ahead inc hosp",2020-12-20,"quantile",0.025,177.58049999705
"36757",2020-12-12,"47","8  day ahead inc hosp",2020-12-20,"quantile",0.05,187.837398822479
"36758",2020-12-12,"47","8  day ahead inc hosp",2020-12-20,"quantile",0.1,199.662946276508
"36759",2020-12-12,"47","8  day ahead inc hosp",2020-12-20,"quantile",0.15,207.641587001829
"36760",2020-12-12,"47","8  day ahead inc hosp",2020-12-20,"quantile",0.2,213.982757722256
"36761",2020-12-12,"47","8  day ahead inc hosp",2020-12-20,"quantile",0.25,219.422917571835
"36762",2020-12-12,"47","8  day ahead inc hosp",2020-12-20,"quantile",0.3,224.308349251966
"36763",2020-12-12,"47","8  day ahead inc hosp",2020-12-20,"quantile",0.35,228.835429778473
"36764",2020-12-12,"47","8  day ahead inc hosp",2020-12-20,"quantile",0.4,233.131186493958
"36765",2020-12-12,"47","8  day ahead inc hosp",2020-12-20,"quantile",0.45,237.287380830577
"36766",2020-12-12,"47","8  day ahead inc hosp",2020-12-20,"quantile",0.5,241.377680276216
"36767",2020-12-12,"47","8  day ahead inc hosp",2020-12-20,"quantile",0.55,245.467979721855
"36768",2020-12-12,"47","8  day ahead inc hosp",2020-12-20,"quantile",0.6,249.624174058474
"36769",2020-12-12,"47","8  day ahead inc hosp",2020-12-20,"quantile",0.65,253.919930773959
"36770",2020-12-12,"47","8  day ahead inc hosp",2020-12-20,"quantile",0.7,258.447011300466
"36771",2020-12-12,"47","8  day ahead inc hosp",2020-12-20,"quantile",0.75,263.332442980597
"36772",2020-12-12,"47","8  day ahead inc hosp",2020-12-20,"quantile",0.8,268.772602830176
"36773",2020-12-12,"47","8  day ahead inc hosp",2020-12-20,"quantile",0.85,275.113773550603
"36774",2020-12-12,"47","8  day ahead inc hosp",2020-12-20,"quantile",0.9,283.092414275924
"36775",2020-12-12,"47","8  day ahead inc hosp",2020-12-20,"quantile",0.95,294.917961729954
"36776",2020-12-12,"47","8  day ahead inc hosp",2020-12-20,"quantile",0.975,305.174860555382
"36777",2020-12-12,"47","8  day ahead inc hosp",2020-12-20,"quantile",0.99,317.100722068266
"36778",2020-12-12,"47","9  day ahead inc hosp",2020-12-21,"quantile",0.01,178.868454353143
"36779",2020-12-12,"47","9  day ahead inc hosp",2020-12-21,"quantile",0.025,191.455072247171
"36780",2020-12-12,"47","9  day ahead inc hosp",2020-12-21,"quantile",0.05,202.280258012904
"36781",2020-12-12,"47","9  day ahead inc hosp",2020-12-21,"quantile",0.1,214.7610039138
"36782",2020-12-12,"47","9  day ahead inc hosp",2020-12-21,"quantile",0.15,223.18170392066
"36783",2020-12-12,"47","9  day ahead inc hosp",2020-12-21,"quantile",0.2,229.874209344489
"36784",2020-12-12,"47","9  day ahead inc hosp",2020-12-21,"quantile",0.25,235.615783086153
"36785",2020-12-12,"47","9  day ahead inc hosp",2020-12-21,"quantile",0.3,240.771893756963
"36786",2020-12-12,"47","9  day ahead inc hosp",2020-12-21,"quantile",0.35,245.549798707568
"36787",2020-12-12,"47","9  day ahead inc hosp",2020-12-21,"quantile",0.4,250.083563273349
"36788",2020-12-12,"47","9  day ahead inc hosp",2020-12-21,"quantile",0.45,254.470032959571
"36789",2020-12-12,"47","9  day ahead inc hosp",2020-12-21,"quantile",0.5,258.786956826144
"36790",2020-12-12,"47","9  day ahead inc hosp",2020-12-21,"quantile",0.55,263.103880692717
"36791",2020-12-12,"47","9  day ahead inc hosp",2020-12-21,"quantile",0.6,267.490350378939
"36792",2020-12-12,"47","9  day ahead inc hosp",2020-12-21,"quantile",0.65,272.02411494472
"36793",2020-12-12,"47","9  day ahead inc hosp",2020-12-21,"quantile",0.7,276.802019895325
"36794",2020-12-12,"47","9  day ahead inc hosp",2020-12-21,"quantile",0.75,281.958130566135
"36795",2020-12-12,"47","9  day ahead inc hosp",2020-12-21,"quantile",0.8,287.699704307799
"36796",2020-12-12,"47","9  day ahead inc hosp",2020-12-21,"quantile",0.85,294.392209731629
"36797",2020-12-12,"47","9  day ahead inc hosp",2020-12-21,"quantile",0.9,302.812909738489
"36798",2020-12-12,"47","9  day ahead inc hosp",2020-12-21,"quantile",0.95,315.293655639384
"36799",2020-12-12,"47","9  day ahead inc hosp",2020-12-21,"quantile",0.975,326.118841405117
"36800",2020-12-12,"47","9  day ahead inc hosp",2020-12-21,"quantile",0.99,338.705459299145
"36801",2020-12-12,"47","10  day ahead inc hosp",2020-12-22,"quantile",0.01,192.168099851552
"36802",2020-12-12,"47","10  day ahead inc hosp",2020-12-22,"quantile",0.025,205.086862853327
"36803",2020-12-12,"47","10  day ahead inc hosp",2020-12-22,"quantile",0.05,216.19771173546
"36804",2020-12-12,"47","10  day ahead inc hosp",2020-12-22,"quantile",0.1,229.007808914586
"36805",2020-12-12,"47","10  day ahead inc hosp",2020-12-22,"quantile",0.15,237.65072066527
"36806",2020-12-12,"47","10  day ahead inc hosp",2020-12-22,"quantile",0.2,244.519832938835
"36807",2020-12-12,"47","10  day ahead inc hosp",2020-12-22,"quantile",0.25,250.4129196322
"36808",2020-12-12,"47","10  day ahead inc hosp",2020-12-22,"quantile",0.3,255.705093616343
"36809",2020-12-12,"47","10  day ahead inc hosp",2020-12-22,"quantile",0.35,260.609081504237
"36810",2020-12-12,"47","10  day ahead inc hosp",2020-12-22,"quantile",0.4,265.262486447828
"36811",2020-12-12,"47","10  day ahead inc hosp",2020-12-22,"quantile",0.45,269.764709584169
"36812",2020-12-12,"47","10  day ahead inc hosp",2020-12-22,"quantile",0.5,274.195551673641
"36813",2020-12-12,"47","10  day ahead inc hosp",2020-12-22,"quantile",0.55,278.626393763113
"36814",2020-12-12,"47","10  day ahead inc hosp",2020-12-22,"quantile",0.6,283.128616899454
"36815",2020-12-12,"47","10  day ahead inc hosp",2020-12-22,"quantile",0.65,287.782021843045
"36816",2020-12-12,"47","10  day ahead inc hosp",2020-12-22,"quantile",0.7,292.686009730939
"36817",2020-12-12,"47","10  day ahead inc hosp",2020-12-22,"quantile",0.75,297.978183715082
"36818",2020-12-12,"47","10  day ahead inc hosp",2020-12-22,"quantile",0.8,303.871270408447
"36819",2020-12-12,"47","10  day ahead inc hosp",2020-12-22,"quantile",0.85,310.740382682012
"36820",2020-12-12,"47","10  day ahead inc hosp",2020-12-22,"quantile",0.9,319.383294432696
"36821",2020-12-12,"47","10  day ahead inc hosp",2020-12-22,"quantile",0.95,332.193391611823
"36822",2020-12-12,"47","10  day ahead inc hosp",2020-12-22,"quantile",0.975,343.304240493955
"36823",2020-12-12,"47","10  day ahead inc hosp",2020-12-22,"quantile",0.99,356.22300349573
"36824",2020-12-12,"47","11  day ahead inc hosp",2020-12-23,"quantile",0.01,195.218018951665
"36825",2020-12-12,"47","11  day ahead inc hosp",2020-12-23,"quantile",0.025,208.338165732938
"36826",2020-12-12,"47","11  day ahead inc hosp",2020-12-23,"quantile",0.05,219.622215775352
"36827",2020-12-12,"47","11  day ahead inc hosp",2020-12-23,"quantile",0.1,232.632002799808
"36828",2020-12-12,"47","11  day ahead inc hosp",2020-12-23,"quantile",0.15,241.409644341106
"36829",2020-12-12,"47","11  day ahead inc hosp",2020-12-23,"quantile",0.2,248.38583558123
"36830",2020-12-12,"47","11  day ahead inc hosp",2020-12-23,"quantile",0.25,254.37078649341
"36831",2020-12-12,"47","11  day ahead inc hosp",2020-12-23,"quantile",0.3,259.745457385232
"36832",2020-12-12,"47","11  day ahead inc hosp",2020-12-23,"quantile",0.35,264.725890952589
"36833",2020-12-12,"47","11  day ahead inc hosp",2020-12-23,"quantile",0.4,269.45183537035
"36834",2020-12-12,"47","11  day ahead inc hosp",2020-12-23,"quantile",0.45,274.024241287442
"36835",2020-12-12,"47","11  day ahead inc hosp",2020-12-23,"quantile",0.5,278.524153436193
"36836",2020-12-12,"47","11  day ahead inc hosp",2020-12-23,"quantile",0.55,283.024065584943
"36837",2020-12-12,"47","11  day ahead inc hosp",2020-12-23,"quantile",0.6,287.596471502036
"36838",2020-12-12,"47","11  day ahead inc hosp",2020-12-23,"quantile",0.65,292.322415919797
"36839",2020-12-12,"47","11  day ahead inc hosp",2020-12-23,"quantile",0.7,297.302849487153
"36840",2020-12-12,"47","11  day ahead inc hosp",2020-12-23,"quantile",0.75,302.677520378975
"36841",2020-12-12,"47","11  day ahead inc hosp",2020-12-23,"quantile",0.8,308.662471291155
"36842",2020-12-12,"47","11  day ahead inc hosp",2020-12-23,"quantile",0.85,315.638662531279
"36843",2020-12-12,"47","11  day ahead inc hosp",2020-12-23,"quantile",0.9,324.416304072577
"36844",2020-12-12,"47","11  day ahead inc hosp",2020-12-23,"quantile",0.95,337.426091097033
"36845",2020-12-12,"47","11  day ahead inc hosp",2020-12-23,"quantile",0.975,348.710141139448
"36846",2020-12-12,"47","11  day ahead inc hosp",2020-12-23,"quantile",0.99,361.83028792072
"36847",2020-12-12,"47","12  day ahead inc hosp",2020-12-24,"quantile",0.01,186.460802607903
"36848",2020-12-12,"47","12  day ahead inc hosp",2020-12-24,"quantile",0.025,199.821497322239
"36849",2020-12-12,"47","12  day ahead inc hosp",2020-12-24,"quantile",0.05,211.312431857605
"36850",2020-12-12,"47","12  day ahead inc hosp",2020-12-24,"quantile",0.1,224.560743452747
"36851",2020-12-12,"47","12  day ahead inc hosp",2020-12-24,"quantile",0.15,233.499316389488
"36852",2020-12-12,"47","12  day ahead inc hosp",2020-12-24,"quantile",0.2,240.603410801082
"36853",2020-12-12,"47","12  day ahead inc hosp",2020-12-24,"quantile",0.25,246.698091245668
"36854",2020-12-12,"47","12  day ahead inc hosp",2020-12-24,"quantile",0.3,252.171302648925
"36855",2020-12-12,"47","12  day ahead inc hosp",2020-12-24,"quantile",0.35,257.243048685598
"36856",2020-12-12,"47","12  day ahead inc hosp",2020-12-24,"quantile",0.4,262.055639707274
"36857",2020-12-12,"47","12  day ahead inc hosp",2020-12-24,"quantile",0.45,266.711877216408
"36858",2020-12-12,"47","12  day ahead inc hosp",2020-12-24,"quantile",0.5,271.294291838979
"36859",2020-12-12,"47","12  day ahead inc hosp",2020-12-24,"quantile",0.55,275.87670646155
"36860",2020-12-12,"47","12  day ahead inc hosp",2020-12-24,"quantile",0.6,280.532943970684
"36861",2020-12-12,"47","12  day ahead inc hosp",2020-12-24,"quantile",0.65,285.34553499236
"36862",2020-12-12,"47","12  day ahead inc hosp",2020-12-24,"quantile",0.7,290.417281029033
"36863",2020-12-12,"47","12  day ahead inc hosp",2020-12-24,"quantile",0.75,295.89049243229
"36864",2020-12-12,"47","12  day ahead inc hosp",2020-12-24,"quantile",0.8,301.985172876876
"36865",2020-12-12,"47","12  day ahead inc hosp",2020-12-24,"quantile",0.85,309.08926728847
"36866",2020-12-12,"47","12  day ahead inc hosp",2020-12-24,"quantile",0.9,318.027840225211
"36867",2020-12-12,"47","12  day ahead inc hosp",2020-12-24,"quantile",0.95,331.276151820353
"36868",2020-12-12,"47","12  day ahead inc hosp",2020-12-24,"quantile",0.975,342.767086355719
"36869",2020-12-12,"47","12  day ahead inc hosp",2020-12-24,"quantile",0.99,356.127781070055
"36870",2020-12-12,"47","13  day ahead inc hosp",2020-12-25,"quantile",0.01,172.492766956904
"36871",2020-12-12,"47","13  day ahead inc hosp",2020-12-25,"quantile",0.025,186.268174621604
"36872",2020-12-12,"47","13  day ahead inc hosp",2020-12-25,"quantile",0.05,198.115785173112
"36873",2020-12-12,"47","13  day ahead inc hosp",2020-12-25,"quantile",0.1,211.775321371946
"36874",2020-12-12,"47","13  day ahead inc hosp",2020-12-25,"quantile",0.15,220.991345596505
"36875",2020-12-12,"47","13  day ahead inc hosp",2020-12-25,"quantile",0.2,228.315949496272
"36876",2020-12-12,"47","13  day ahead inc hosp",2020-12-25,"quantile",0.25,234.599807447174
"36877",2020-12-12,"47","13  day ahead inc hosp",2020-12-25,"quantile",0.3,240.242906097878
"36878",2020-12-12,"47","13  day ahead inc hosp",2020-12-25,"quantile",0.35,245.472077987573
"36879",2020-12-12,"47","13  day ahead inc hosp",2020-12-25,"quantile",0.4,250.434050749058
"36880",2020-12-12,"47","13  day ahead inc hosp",2020-12-25,"quantile",0.45,255.234816820239
"36881",2020-12-12,"47","13  day ahead inc hosp",2020-12-25,"quantile",0.5,259.959468559109
"36882",2020-12-12,"47","13  day ahead inc hosp",2020-12-25,"quantile",0.55,264.684120297979
"36883",2020-12-12,"47","13  day ahead inc hosp",2020-12-25,"quantile",0.6,269.48488636916
"36884",2020-12-12,"47","13  day ahead inc hosp",2020-12-25,"quantile",0.65,274.446859130646
"36885",2020-12-12,"47","13  day ahead inc hosp",2020-12-25,"quantile",0.7,279.67603102034
"36886",2020-12-12,"47","13  day ahead inc hosp",2020-12-25,"quantile",0.75,285.319129671044
"36887",2020-12-12,"47","13  day ahead inc hosp",2020-12-25,"quantile",0.8,291.602987621946
"36888",2020-12-12,"47","13  day ahead inc hosp",2020-12-25,"quantile",0.85,298.927591521713
"36889",2020-12-12,"47","13  day ahead inc hosp",2020-12-25,"quantile",0.9,308.143615746272
"36890",2020-12-12,"47","13  day ahead inc hosp",2020-12-25,"quantile",0.95,321.803151945106
"36891",2020-12-12,"47","13  day ahead inc hosp",2020-12-25,"quantile",0.975,333.650762496614
"36892",2020-12-12,"47","13  day ahead inc hosp",2020-12-25,"quantile",0.99,347.426170161314
"36893",2020-12-12,"47","14  day ahead inc hosp",2020-12-26,"quantile",0.01,162.554012011502
"36894",2020-12-12,"47","14  day ahead inc hosp",2020-12-26,"quantile",0.025,176.939807876084
"36895",2020-12-12,"47","14  day ahead inc hosp",2020-12-26,"quantile",0.05,189.312385953306
"36896",2020-12-12,"47","14  day ahead inc hosp",2020-12-26,"quantile",0.1,203.577176088326
"36897",2020-12-12,"47","14  day ahead inc hosp",2020-12-26,"quantile",0.15,213.201562270181
"36898",2020-12-12,"47","14  day ahead inc hosp",2020-12-26,"quantile",0.2,220.850719308269
"36899",2020-12-12,"47","14  day ahead inc hosp",2020-12-26,"quantile",0.25,227.413014953091
"36900",2020-12-12,"47","14  day ahead inc hosp",2020-12-26,"quantile",0.3,233.306159258414
"36901",2020-12-12,"47","14  day ahead inc hosp",2020-12-26,"quantile",0.35,238.767035711364
"36902",2020-12-12,"47","14  day ahead inc hosp",2020-12-26,"quantile",0.4,243.948873444942
"36903",2020-12-12,"47","14  day ahead inc hosp",2020-12-26,"quantile",0.45,248.962361421097
"36904",2020-12-12,"47","14  day ahead inc hosp",2020-12-26,"quantile",0.5,253.896362439506
"36905",2020-12-12,"47","14  day ahead inc hosp",2020-12-26,"quantile",0.55,258.830363457915
"36906",2020-12-12,"47","14  day ahead inc hosp",2020-12-26,"quantile",0.6,263.843851434071
"36907",2020-12-12,"47","14  day ahead inc hosp",2020-12-26,"quantile",0.65,269.025689167648
"36908",2020-12-12,"47","14  day ahead inc hosp",2020-12-26,"quantile",0.7,274.486565620599
"36909",2020-12-12,"47","14  day ahead inc hosp",2020-12-26,"quantile",0.75,280.379709925922
"36910",2020-12-12,"47","14  day ahead inc hosp",2020-12-26,"quantile",0.8,286.942005570744
"36911",2020-12-12,"47","14  day ahead inc hosp",2020-12-26,"quantile",0.85,294.591162608831
"36912",2020-12-12,"47","14  day ahead inc hosp",2020-12-26,"quantile",0.9,304.215548790687
"36913",2020-12-12,"47","14  day ahead inc hosp",2020-12-26,"quantile",0.95,318.480338925707
"36914",2020-12-12,"47","14  day ahead inc hosp",2020-12-26,"quantile",0.975,330.852917002929
"36915",2020-12-12,"47","14  day ahead inc hosp",2020-12-26,"quantile",0.99,345.238712867511
"36916",2020-12-12,"47","15  day ahead inc hosp",2020-12-27,"quantile",0.01,177.644261496643
"36917",2020-12-12,"47","15  day ahead inc hosp",2020-12-27,"quantile",0.025,192.677340601311
"36918",2020-12-12,"47","15  day ahead inc hosp",2020-12-27,"quantile",0.05,205.606617974243
"36919",2020-12-12,"47","15  day ahead inc hosp",2020-12-27,"quantile",0.1,220.513246744029
"36920",2020-12-12,"47","15  day ahead inc hosp",2020-12-27,"quantile",0.15,230.570678405625
"36921",2020-12-12,"47","15  day ahead inc hosp",2020-12-27,"quantile",0.2,238.564006263189
"36922",2020-12-12,"47","15  day ahead inc hosp",2020-12-27,"quantile",0.25,245.421569825571
"36923",2020-12-12,"47","15  day ahead inc hosp",2020-12-27,"quantile",0.3,251.579873846502
"36924",2020-12-12,"47","15  day ahead inc hosp",2020-12-27,"quantile",0.35,257.28646029266
"36925",2020-12-12,"47","15  day ahead inc hosp",2020-12-27,"quantile",0.4,262.701452781759
"36926",2020-12-12,"47","15  day ahead inc hosp",2020-12-27,"quantile",0.45,267.94052068216
"36927",2020-12-12,"47","15  day ahead inc hosp",2020-12-27,"quantile",0.5,273.09652514034
"36928",2020-12-12,"47","15  day ahead inc hosp",2020-12-27,"quantile",0.55,278.25252959852
"36929",2020-12-12,"47","15  day ahead inc hosp",2020-12-27,"quantile",0.6,283.491597498921
"36930",2020-12-12,"47","15  day ahead inc hosp",2020-12-27,"quantile",0.65,288.90658998802
"36931",2020-12-12,"47","15  day ahead inc hosp",2020-12-27,"quantile",0.7,294.613176434178
"36932",2020-12-12,"47","15  day ahead inc hosp",2020-12-27,"quantile",0.75,300.771480455109
"36933",2020-12-12,"47","15  day ahead inc hosp",2020-12-27,"quantile",0.8,307.629044017491
"36934",2020-12-12,"47","15  day ahead inc hosp",2020-12-27,"quantile",0.85,315.622371875055
"36935",2020-12-12,"47","15  day ahead inc hosp",2020-12-27,"quantile",0.9,325.679803536651
"36936",2020-12-12,"47","15  day ahead inc hosp",2020-12-27,"quantile",0.95,340.586432306437
"36937",2020-12-12,"47","15  day ahead inc hosp",2020-12-27,"quantile",0.975,353.515709679369
"36938",2020-12-12,"47","15  day ahead inc hosp",2020-12-27,"quantile",0.99,368.548788784037
"36939",2020-12-12,"47","16  day ahead inc hosp",2020-12-28,"quantile",0.01,185.658473971011
"36940",2020-12-12,"47","16  day ahead inc hosp",2020-12-28,"quantile",0.025,201.195894656687
"36941",2020-12-12,"47","16  day ahead inc hosp",2020-12-28,"quantile",0.05,214.558933612736
"36942",2020-12-12,"47","16  day ahead inc hosp",2020-12-28,"quantile",0.1,229.965661708076
"36943",2020-12-12,"47","16  day ahead inc hosp",2020-12-28,"quantile",0.15,240.360508010397
"36944",2020-12-12,"47","16  day ahead inc hosp",2020-12-28,"quantile",0.2,248.622002328147
"36945",2020-12-12,"47","16  day ahead inc hosp",2020-12-28,"quantile",0.25,255.709628835375
"36946",2020-12-12,"47","16  day ahead inc hosp",2020-12-28,"quantile",0.3,262.074536491171
"36947",2020-12-12,"47","16  day ahead inc hosp",2020-12-28,"quantile",0.35,267.972571995129
"36948",2020-12-12,"47","16  day ahead inc hosp",2020-12-28,"quantile",0.4,273.569230918236
"36949",2020-12-12,"47","16  day ahead inc hosp",2020-12-28,"quantile",0.45,278.984063195947
"36950",2020-12-12,"47","16  day ahead inc hosp",2020-12-28,"quantile",0.5,284.31304535364
"36951",2020-12-12,"47","16  day ahead inc hosp",2020-12-28,"quantile",0.55,289.642027511334
"36952",2020-12-12,"47","16  day ahead inc hosp",2020-12-28,"quantile",0.6,295.056859789045
"36953",2020-12-12,"47","16  day ahead inc hosp",2020-12-28,"quantile",0.65,300.653518712152
"36954",2020-12-12,"47","16  day ahead inc hosp",2020-12-28,"quantile",0.7,306.551554216109
"36955",2020-12-12,"47","16  day ahead inc hosp",2020-12-28,"quantile",0.75,312.916461871906
"36956",2020-12-12,"47","16  day ahead inc hosp",2020-12-28,"quantile",0.8,320.004088379133
"36957",2020-12-12,"47","16  day ahead inc hosp",2020-12-28,"quantile",0.85,328.265582696884
"36958",2020-12-12,"47","16  day ahead inc hosp",2020-12-28,"quantile",0.9,338.660428999205
"36959",2020-12-12,"47","16  day ahead inc hosp",2020-12-28,"quantile",0.95,354.067157094545
"36960",2020-12-12,"47","16  day ahead inc hosp",2020-12-28,"quantile",0.975,367.430196050594
"36961",2020-12-12,"47","16  day ahead inc hosp",2020-12-28,"quantile",0.99,382.96761673627
"36962",2020-12-12,"47","17  day ahead inc hosp",2020-12-29,"quantile",0.01,194.791834651975
"36963",2020-12-12,"47","17  day ahead inc hosp",2020-12-29,"quantile",0.025,210.657149069691
"36964",2020-12-12,"47","17  day ahead inc hosp",2020-12-29,"quantile",0.05,224.302194724492
"36965",2020-12-12,"47","17  day ahead inc hosp",2020-12-29,"quantile",0.1,240.034058482688
"36966",2020-12-12,"47","17  day ahead inc hosp",2020-12-29,"quantile",0.15,250.648272273152
"36967",2020-12-12,"47","17  day ahead inc hosp",2020-12-29,"quantile",0.2,259.084112916389
"36968",2020-12-12,"47","17  day ahead inc hosp",2020-12-29,"quantile",0.25,266.321313046792
"36969",2020-12-12,"47","17  day ahead inc hosp",2020-12-29,"quantile",0.3,272.820542438967
"36970",2020-12-12,"47","17  day ahead inc hosp",2020-12-29,"quantile",0.35,278.84304704962
"36971",2020-12-12,"47","17  day ahead inc hosp",2020-12-29,"quantile",0.4,284.55781498312
"36972",2020-12-12,"47","17  day ahead inc hosp",2020-12-29,"quantile",0.45,290.086919095252
"36973",2020-12-12,"47","17  day ahead inc hosp",2020-12-29,"quantile",0.5,295.528361350603
"36974",2020-12-12,"47","17  day ahead inc hosp",2020-12-29,"quantile",0.55,300.969803605954
"36975",2020-12-12,"47","17  day ahead inc hosp",2020-12-29,"quantile",0.6,306.498907718085
"36976",2020-12-12,"47","17  day ahead inc hosp",2020-12-29,"quantile",0.65,312.213675651585
"36977",2020-12-12,"47","17  day ahead inc hosp",2020-12-29,"quantile",0.7,318.236180262239
"36978",2020-12-12,"47","17  day ahead inc hosp",2020-12-29,"quantile",0.75,324.735409654414
"36979",2020-12-12,"47","17  day ahead inc hosp",2020-12-29,"quantile",0.8,331.972609784817
"36980",2020-12-12,"47","17  day ahead inc hosp",2020-12-29,"quantile",0.85,340.408450428054
"36981",2020-12-12,"47","17  day ahead inc hosp",2020-12-29,"quantile",0.9,351.022664218518
"36982",2020-12-12,"47","17  day ahead inc hosp",2020-12-29,"quantile",0.95,366.754527976714
"36983",2020-12-12,"47","17  day ahead inc hosp",2020-12-29,"quantile",0.975,380.399573631515
"36984",2020-12-12,"47","17  day ahead inc hosp",2020-12-29,"quantile",0.99,396.264888049231
"36985",2020-12-12,"47","18  day ahead inc hosp",2020-12-30,"quantile",0.01,198.060571331563
"36986",2020-12-12,"47","18  day ahead inc hosp",2020-12-30,"quantile",0.025,214.159434536972
"36987",2020-12-12,"47","18  day ahead inc hosp",2020-12-30,"quantile",0.05,228.005345033578
"36988",2020-12-12,"47","18  day ahead inc hosp",2020-12-30,"quantile",0.1,243.968793090209
"36989",2020-12-12,"47","18  day ahead inc hosp",2020-12-30,"quantile",0.15,254.739255707379
"36990",2020-12-12,"47","18  day ahead inc hosp",2020-12-30,"quantile",0.2,263.299277964892
"36991",2020-12-12,"47","18  day ahead inc hosp",2020-12-30,"quantile",0.25,270.643014863005
"36992",2020-12-12,"47","18  day ahead inc hosp",2020-12-30,"quantile",0.3,277.23791756524
"36993",2020-12-12,"47","18  day ahead inc hosp",2020-12-30,"quantile",0.35,283.349077755837
"36994",2020-12-12,"47","18  day ahead inc hosp",2020-12-30,"quantile",0.4,289.147971165055
"36995",2020-12-12,"47","18  day ahead inc hosp",2020-12-30,"quantile",0.45,294.758467648521
"36996",2020-12-12,"47","18  day ahead inc hosp",2020-12-30,"quantile",0.5,300.280011829909
"36997",2020-12-12,"47","18  day ahead inc hosp",2020-12-30,"quantile",0.55,305.801556011297
"36998",2020-12-12,"47","18  day ahead inc hosp",2020-12-30,"quantile",0.6,311.412052494762
"36999",2020-12-12,"47","18  day ahead inc hosp",2020-12-30,"quantile",0.65,317.210945903981
"37000",2020-12-12,"47","18  day ahead inc hosp",2020-12-30,"quantile",0.7,323.322106094578
"37001",2020-12-12,"47","18  day ahead inc hosp",2020-12-30,"quantile",0.75,329.917008796813
"37002",2020-12-12,"47","18  day ahead inc hosp",2020-12-30,"quantile",0.8,337.260745694925
"37003",2020-12-12,"47","18  day ahead inc hosp",2020-12-30,"quantile",0.85,345.820767952439
"37004",2020-12-12,"47","18  day ahead inc hosp",2020-12-30,"quantile",0.9,356.591230569608
"37005",2020-12-12,"47","18  day ahead inc hosp",2020-12-30,"quantile",0.95,372.55467862624
"37006",2020-12-12,"47","18  day ahead inc hosp",2020-12-30,"quantile",0.975,386.400589122846
"37007",2020-12-12,"47","18  day ahead inc hosp",2020-12-30,"quantile",0.99,402.499452328255
"37008",2020-12-12,"47","19  day ahead inc hosp",2020-12-31,"quantile",0.01,193.517230888918
"37009",2020-12-12,"47","19  day ahead inc hosp",2020-12-31,"quantile",0.025,209.856611866939
"37010",2020-12-12,"47","19  day ahead inc hosp",2020-12-31,"quantile",0.05,223.909380916844
"37011",2020-12-12,"47","19  day ahead inc hosp",2020-12-31,"quantile",0.1,240.111323637403
"37012",2020-12-12,"47","19  day ahead inc hosp",2020-12-31,"quantile",0.15,251.042697472069
"37013",2020-12-12,"47","19  day ahead inc hosp",2020-12-31,"quantile",0.2,259.730606864259
"37014",2020-12-12,"47","19  day ahead inc hosp",2020-12-31,"quantile",0.25,267.184059536637
"37015",2020-12-12,"47","19  day ahead inc hosp",2020-12-31,"quantile",0.3,273.877490395072
"37016",2020-12-12,"47","19  day ahead inc hosp",2020-12-31,"quantile",0.35,280.079951606018
"37017",2020-12-12,"47","19  day ahead inc hosp",2020-12-31,"quantile",0.4,285.965480755202
"37018",2020-12-12,"47","19  day ahead inc hosp",2020-12-31,"quantile",0.45,291.659798319712
"37019",2020-12-12,"47","19  day ahead inc hosp",2020-12-31,"quantile",0.5,297.263834630571
"37020",2020-12-12,"47","19  day ahead inc hosp",2020-12-31,"quantile",0.55,302.867870941431
"37021",2020-12-12,"47","19  day ahead inc hosp",2020-12-31,"quantile",0.6,308.56218850594
"37022",2020-12-12,"47","19  day ahead inc hosp",2020-12-31,"quantile",0.65,314.447717655124
"37023",2020-12-12,"47","19  day ahead inc hosp",2020-12-31,"quantile",0.7,320.65017886607
"37024",2020-12-12,"47","19  day ahead inc hosp",2020-12-31,"quantile",0.75,327.343609724505
"37025",2020-12-12,"47","19  day ahead inc hosp",2020-12-31,"quantile",0.8,334.797062396883
"37026",2020-12-12,"47","19  day ahead inc hosp",2020-12-31,"quantile",0.85,343.484971789073
"37027",2020-12-12,"47","19  day ahead inc hosp",2020-12-31,"quantile",0.9,354.416345623739
"37028",2020-12-12,"47","19  day ahead inc hosp",2020-12-31,"quantile",0.95,370.618288344298
"37029",2020-12-12,"47","19  day ahead inc hosp",2020-12-31,"quantile",0.975,384.671057394203
"37030",2020-12-12,"47","19  day ahead inc hosp",2020-12-31,"quantile",0.99,401.010438372225
"37031",2020-12-12,"47","20  day ahead inc hosp",2021-01-01,"quantile",0.01,184.793595741919
"37032",2020-12-12,"47","20  day ahead inc hosp",2021-01-01,"quantile",0.025,201.460386800979
"37033",2020-12-12,"47","20  day ahead inc hosp",2021-01-01,"quantile",0.05,215.794746583093
"37034",2020-12-12,"47","20  day ahead inc hosp",2021-01-01,"quantile",0.1,232.321345383724
"37035",2020-12-12,"47","20  day ahead inc hosp",2021-01-01,"quantile",0.15,243.471763134306
"37036",2020-12-12,"47","20  day ahead inc hosp",2021-01-01,"quantile",0.2,252.333761687032
"37037",2020-12-12,"47","20  day ahead inc hosp",2021-01-01,"quantile",0.25,259.936567357958
"37038",2020-12-12,"47","20  day ahead inc hosp",2021-01-01,"quantile",0.3,266.764121825037
"37039",2020-12-12,"47","20  day ahead inc hosp",2021-01-01,"quantile",0.35,273.090868547806
"37040",2020-12-12,"47","20  day ahead inc hosp",2021-01-01,"quantile",0.4,279.094332493803
"37041",2020-12-12,"47","20  day ahead inc hosp",2021-01-01,"quantile",0.45,284.902753339077
"37042",2020-12-12,"47","20  day ahead inc hosp",2021-01-01,"quantile",0.5,290.619083866293
"37043",2020-12-12,"47","20  day ahead inc hosp",2021-01-01,"quantile",0.55,296.33541439351
"37044",2020-12-12,"47","20  day ahead inc hosp",2021-01-01,"quantile",0.6,302.143835238784
"37045",2020-12-12,"47","20  day ahead inc hosp",2021-01-01,"quantile",0.65,308.14729918478
"37046",2020-12-12,"47","20  day ahead inc hosp",2021-01-01,"quantile",0.7,314.474045907549
"37047",2020-12-12,"47","20  day ahead inc hosp",2021-01-01,"quantile",0.75,321.301600374628
"37048",2020-12-12,"47","20  day ahead inc hosp",2021-01-01,"quantile",0.8,328.904406045554
"37049",2020-12-12,"47","20  day ahead inc hosp",2021-01-01,"quantile",0.85,337.766404598281
"37050",2020-12-12,"47","20  day ahead inc hosp",2021-01-01,"quantile",0.9,348.916822348862
"37051",2020-12-12,"47","20  day ahead inc hosp",2021-01-01,"quantile",0.95,365.443421149493
"37052",2020-12-12,"47","20  day ahead inc hosp",2021-01-01,"quantile",0.975,379.777780931608
"37053",2020-12-12,"47","20  day ahead inc hosp",2021-01-01,"quantile",0.99,396.444571990668
"37054",2020-12-12,"47","21  day ahead inc hosp",2021-01-02,"quantile",0.01,177.892489977071
"37055",2020-12-12,"47","21  day ahead inc hosp",2021-01-02,"quantile",0.025,194.993106693272
"37056",2020-12-12,"47","21  day ahead inc hosp",2021-01-02,"quantile",0.05,209.700580473764
"37057",2020-12-12,"47","21  day ahead inc hosp",2021-01-02,"quantile",0.1,226.657355818853
"37058",2020-12-12,"47","21  day ahead inc hosp",2021-01-02,"quantile",0.15,238.098011641713
"37059",2020-12-12,"47","21  day ahead inc hosp",2021-01-02,"quantile",0.2,247.190682213552
"37060",2020-12-12,"47","21  day ahead inc hosp",2021-01-02,"quantile",0.25,254.991383937451
"37061",2020-12-12,"47","21  day ahead inc hosp",2021-01-02,"quantile",0.3,261.996655176334
"37062",2020-12-12,"47","21  day ahead inc hosp",2021-01-02,"quantile",0.35,268.488082973272
"37063",2020-12-12,"47","21  day ahead inc hosp",2021-01-02,"quantile",0.4,274.647813154459
"37064",2020-12-12,"47","21  day ahead inc hosp",2021-01-02,"quantile",0.45,280.607423390733
"37065",2020-12-12,"47","21  day ahead inc hosp",2021-01-02,"quantile",0.5,286.472546258276
"37066",2020-12-12,"47","21  day ahead inc hosp",2021-01-02,"quantile",0.55,292.337669125818
"37067",2020-12-12,"47","21  day ahead inc hosp",2021-01-02,"quantile",0.6,298.297279362093
"37068",2020-12-12,"47","21  day ahead inc hosp",2021-01-02,"quantile",0.65,304.457009543279
"37069",2020-12-12,"47","21  day ahead inc hosp",2021-01-02,"quantile",0.7,310.948437340218
"37070",2020-12-12,"47","21  day ahead inc hosp",2021-01-02,"quantile",0.75,317.953708579101
"37071",2020-12-12,"47","21  day ahead inc hosp",2021-01-02,"quantile",0.8,325.754410302999
"37072",2020-12-12,"47","21  day ahead inc hosp",2021-01-02,"quantile",0.85,334.847080874838
"37073",2020-12-12,"47","21  day ahead inc hosp",2021-01-02,"quantile",0.9,346.287736697698
"37074",2020-12-12,"47","21  day ahead inc hosp",2021-01-02,"quantile",0.95,363.244512042787
"37075",2020-12-12,"47","21  day ahead inc hosp",2021-01-02,"quantile",0.975,377.951985823279
"37076",2020-12-12,"47","21  day ahead inc hosp",2021-01-02,"quantile",0.99,395.052602539481
"37077",2020-12-12,"47","22  day ahead inc hosp",2021-01-03,"quantile",0.01,195.453090661548
"37078",2020-12-12,"47","22  day ahead inc hosp",2021-01-03,"quantile",0.025,213.024502531658
"37079",2020-12-12,"47","22  day ahead inc hosp",2021-01-03,"quantile",0.05,228.136886117276
"37080",2020-12-12,"47","22  day ahead inc hosp",2021-01-03,"quantile",0.1,245.560496535676
"37081",2020-12-12,"47","22  day ahead inc hosp",2021-01-03,"quantile",0.15,257.316123766195
"37082",2020-12-12,"47","22  day ahead inc hosp",2021-01-03,"quantile",0.2,266.659123628044
"37083",2020-12-12,"47","22  day ahead inc hosp",2021-01-03,"quantile",0.25,274.674585593029
"37084",2020-12-12,"47","22  day ahead inc hosp",2021-01-03,"quantile",0.3,281.872718165852
"37085",2020-12-12,"47","22  day ahead inc hosp",2021-01-03,"quantile",0.35,288.54286073077
"37086",2020-12-12,"47","22  day ahead inc hosp",2021-01-03,"quantile",0.4,294.872173750214
"37087",2020-12-12,"47","22  day ahead inc hosp",2021-01-03,"quantile",0.45,300.995857345069
"37088",2020-12-12,"47","22  day ahead inc hosp",2021-01-03,"quantile",0.5,307.022452250079
"37089",2020-12-12,"47","22  day ahead inc hosp",2021-01-03,"quantile",0.55,313.049047155089
"37090",2020-12-12,"47","22  day ahead inc hosp",2021-01-03,"quantile",0.6,319.172730749944
"37091",2020-12-12,"47","22  day ahead inc hosp",2021-01-03,"quantile",0.65,325.502043769388
"37092",2020-12-12,"47","22  day ahead inc hosp",2021-01-03,"quantile",0.7,332.172186334306
"37093",2020-12-12,"47","22  day ahead inc hosp",2021-01-03,"quantile",0.75,339.370318907129
"37094",2020-12-12,"47","22  day ahead inc hosp",2021-01-03,"quantile",0.8,347.385780872113
"37095",2020-12-12,"47","22  day ahead inc hosp",2021-01-03,"quantile",0.85,356.728780733963
"37096",2020-12-12,"47","22  day ahead inc hosp",2021-01-03,"quantile",0.9,368.484407964481
"37097",2020-12-12,"47","22  day ahead inc hosp",2021-01-03,"quantile",0.95,385.908018382882
"37098",2020-12-12,"47","22  day ahead inc hosp",2021-01-03,"quantile",0.975,401.0204019685
"37099",2020-12-12,"47","22  day ahead inc hosp",2021-01-03,"quantile",0.99,418.591813838609
"37100",2020-12-12,"47","23  day ahead inc hosp",2021-01-04,"quantile",0.01,200.162993179344
"37101",2020-12-12,"47","23  day ahead inc hosp",2021-01-04,"quantile",0.025,218.144643876702
"37102",2020-12-12,"47","23  day ahead inc hosp",2021-01-04,"quantile",0.05,233.609855485754
"37103",2020-12-12,"47","23  day ahead inc hosp",2021-01-04,"quantile",0.1,251.440254018696
"37104",2020-12-12,"47","23  day ahead inc hosp",2021-01-04,"quantile",0.15,263.470339258865
"37105",2020-12-12,"47","23  day ahead inc hosp",2021-01-04,"quantile",0.2,273.031469646289
"37106",2020-12-12,"47","23  day ahead inc hosp",2021-01-04,"quantile",0.25,281.234068179506
"37107",2020-12-12,"47","23  day ahead inc hosp",2021-01-04,"quantile",0.3,288.6002551743
"37108",2020-12-12,"47","23  day ahead inc hosp",2021-01-04,"quantile",0.35,295.42612520629
"37109",2020-12-12,"47","23  day ahead inc hosp",2021-01-04,"quantile",0.4,301.903208363363
"37110",2020-12-12,"47","23  day ahead inc hosp",2021-01-04,"quantile",0.45,308.169861276504
"37111",2020-12-12,"47","23  day ahead inc hosp",2021-01-04,"quantile",0.5,314.337158775273
"37112",2020-12-12,"47","23  day ahead inc hosp",2021-01-04,"quantile",0.55,320.504456274042
"37113",2020-12-12,"47","23  day ahead inc hosp",2021-01-04,"quantile",0.6,326.771109187183
"37114",2020-12-12,"47","23  day ahead inc hosp",2021-01-04,"quantile",0.65,333.248192344256
"37115",2020-12-12,"47","23  day ahead inc hosp",2021-01-04,"quantile",0.7,340.074062376246
"37116",2020-12-12,"47","23  day ahead inc hosp",2021-01-04,"quantile",0.75,347.44024937104
"37117",2020-12-12,"47","23  day ahead inc hosp",2021-01-04,"quantile",0.8,355.642847904257
"37118",2020-12-12,"47","23  day ahead inc hosp",2021-01-04,"quantile",0.85,365.203978291681
"37119",2020-12-12,"47","23  day ahead inc hosp",2021-01-04,"quantile",0.9,377.23406353185
"37120",2020-12-12,"47","23  day ahead inc hosp",2021-01-04,"quantile",0.95,395.064462064792
"37121",2020-12-12,"47","23  day ahead inc hosp",2021-01-04,"quantile",0.975,410.529673673844
"37122",2020-12-12,"47","23  day ahead inc hosp",2021-01-04,"quantile",0.99,428.511324371202
"37123",2020-12-12,"47","24  day ahead inc hosp",2021-01-05,"quantile",0.01,206.329487187554
"37124",2020-12-12,"47","24  day ahead inc hosp",2021-01-05,"quantile",0.025,224.623342832853
"37125",2020-12-12,"47","24  day ahead inc hosp",2021-01-05,"quantile",0.05,240.357067920817
"37126",2020-12-12,"47","24  day ahead inc hosp",2021-01-05,"quantile",0.1,258.497045298296
"37127",2020-12-12,"47","24  day ahead inc hosp",2021-01-05,"quantile",0.15,270.736001915145
"37128",2020-12-12,"47","24  day ahead inc hosp",2021-01-05,"quantile",0.2,280.463136651397
"37129",2020-12-12,"47","24  day ahead inc hosp",2021-01-05,"quantile",0.25,288.808152134601
"37130",2020-12-12,"47","24  day ahead inc hosp",2021-01-05,"quantile",0.3,296.302233952064
"37131",2020-12-12,"47","24  day ahead inc hosp",2021-01-05,"quantile",0.35,303.246617597396
"37132",2020-12-12,"47","24  day ahead inc hosp",2021-01-05,"quantile",0.4,309.836158584059
"37133",2020-12-12,"47","24  day ahead inc hosp",2021-01-05,"quantile",0.45,316.211615748792
"37134",2020-12-12,"47","24  day ahead inc hosp",2021-01-05,"quantile",0.5,322.48599244885
"37135",2020-12-12,"47","24  day ahead inc hosp",2021-01-05,"quantile",0.55,328.760369148909
"37136",2020-12-12,"47","24  day ahead inc hosp",2021-01-05,"quantile",0.6,335.135826313642
"37137",2020-12-12,"47","24  day ahead inc hosp",2021-01-05,"quantile",0.65,341.725367300305
"37138",2020-12-12,"47","24  day ahead inc hosp",2021-01-05,"quantile",0.7,348.669750945637
"37139",2020-12-12,"47","24  day ahead inc hosp",2021-01-05,"quantile",0.75,356.1638327631
"37140",2020-12-12,"47","24  day ahead inc hosp",2021-01-05,"quantile",0.8,364.508848246304
"37141",2020-12-12,"47","24  day ahead inc hosp",2021-01-05,"quantile",0.85,374.235982982556
"37142",2020-12-12,"47","24  day ahead inc hosp",2021-01-05,"quantile",0.9,386.474939599405
"37143",2020-12-12,"47","24  day ahead inc hosp",2021-01-05,"quantile",0.95,404.614916976884
"37144",2020-12-12,"47","24  day ahead inc hosp",2021-01-05,"quantile",0.975,420.348642064848
"37145",2020-12-12,"47","24  day ahead inc hosp",2021-01-05,"quantile",0.99,438.642497710147
"37146",2020-12-12,"47","25  day ahead inc hosp",2021-01-06,"quantile",0.01,209.27377794033
"37147",2020-12-12,"47","25  day ahead inc hosp",2021-01-06,"quantile",0.025,227.814460760184
"37148",2020-12-12,"47","25  day ahead inc hosp",2021-01-06,"quantile",0.05,243.760470835193
"37149",2020-12-12,"47","25  day ahead inc hosp",2021-01-06,"quantile",0.1,262.14519920718
"37150",2020-12-12,"47","25  day ahead inc hosp",2021-01-06,"quantile",0.15,274.549288158065
"37151",2020-12-12,"47","25  day ahead inc hosp",2021-01-06,"quantile",0.2,284.407664838607
"37152",2020-12-12,"47","25  day ahead inc hosp",2021-01-06,"quantile",0.25,292.865274224008
"37153",2020-12-12,"47","25  day ahead inc hosp",2021-01-06,"quantile",0.3,300.460468845505
"37154",2020-12-12,"47","25  day ahead inc hosp",2021-01-06,"quantile",0.35,307.498548572595
"37155",2020-12-12,"47","25  day ahead inc hosp",2021-01-06,"quantile",0.4,314.176997978285
"37156",2020-12-12,"47","25  day ahead inc hosp",2021-01-06,"quantile",0.45,320.638475067357
"37157",2020-12-12,"47","25  day ahead inc hosp",2021-01-06,"quantile",0.5,326.997507878352
"37158",2020-12-12,"47","25  day ahead inc hosp",2021-01-06,"quantile",0.55,333.356540689347
"37159",2020-12-12,"47","25  day ahead inc hosp",2021-01-06,"quantile",0.6,339.818017778418
"37160",2020-12-12,"47","25  day ahead inc hosp",2021-01-06,"quantile",0.65,346.496467184109
"37161",2020-12-12,"47","25  day ahead inc hosp",2021-01-06,"quantile",0.7,353.534546911198
"37162",2020-12-12,"47","25  day ahead inc hosp",2021-01-06,"quantile",0.75,361.129741532695
"37163",2020-12-12,"47","25  day ahead inc hosp",2021-01-06,"quantile",0.8,369.587350918096
"37164",2020-12-12,"47","25  day ahead inc hosp",2021-01-06,"quantile",0.85,379.445727598638
"37165",2020-12-12,"47","25  day ahead inc hosp",2021-01-06,"quantile",0.9,391.849816549524
"37166",2020-12-12,"47","25  day ahead inc hosp",2021-01-06,"quantile",0.95,410.23454492151
"37167",2020-12-12,"47","25  day ahead inc hosp",2021-01-06,"quantile",0.975,426.18055499652
"37168",2020-12-12,"47","25  day ahead inc hosp",2021-01-06,"quantile",0.99,444.721237816373
"37169",2020-12-12,"47","26  day ahead inc hosp",2021-01-07,"quantile",0.01,207.150641498383
"37170",2020-12-12,"47","26  day ahead inc hosp",2021-01-07,"quantile",0.025,225.931696804011
"37171",2020-12-12,"47","26  day ahead inc hosp",2021-01-07,"quantile",0.05,242.084440477624
"37172",2020-12-12,"47","26  day ahead inc hosp",2021-01-07,"quantile",0.1,260.707519448776
"37173",2020-12-12,"47","26  day ahead inc hosp",2021-01-07,"quantile",0.15,273.272422417347
"37174",2020-12-12,"47","26  day ahead inc hosp",2021-01-07,"quantile",0.2,283.258608981237
"37175",2020-12-12,"47","26  day ahead inc hosp",2021-01-07,"quantile",0.25,291.825867866143
"37176",2020-12-12,"47","26  day ahead inc hosp",2021-01-07,"quantile",0.3,299.519531127055
"37177",2020-12-12,"47","26  day ahead inc hosp",2021-01-07,"quantile",0.35,306.648856723324
"37178",2020-12-12,"47","26  day ahead inc hosp",2021-01-07,"quantile",0.4,313.413889535913
"37179",2020-12-12,"47","26  day ahead inc hosp",2021-01-07,"quantile",0.45,319.95913707318
"37180",2020-12-12,"47","26  day ahead inc hosp",2021-01-07,"quantile",0.5,326.400612183563
"37181",2020-12-12,"47","26  day ahead inc hosp",2021-01-07,"quantile",0.55,332.842087293947
"37182",2020-12-12,"47","26  day ahead inc hosp",2021-01-07,"quantile",0.6,339.387334831214
"37183",2020-12-12,"47","26  day ahead inc hosp",2021-01-07,"quantile",0.65,346.152367643803
"37184",2020-12-12,"47","26  day ahead inc hosp",2021-01-07,"quantile",0.7,353.281693240072
"37185",2020-12-12,"47","26  day ahead inc hosp",2021-01-07,"quantile",0.75,360.975356500984
"37186",2020-12-12,"47","26  day ahead inc hosp",2021-01-07,"quantile",0.8,369.54261538589
"37187",2020-12-12,"47","26  day ahead inc hosp",2021-01-07,"quantile",0.85,379.52880194978
"37188",2020-12-12,"47","26  day ahead inc hosp",2021-01-07,"quantile",0.9,392.093704918351
"37189",2020-12-12,"47","26  day ahead inc hosp",2021-01-07,"quantile",0.95,410.716783889503
"37190",2020-12-12,"47","26  day ahead inc hosp",2021-01-07,"quantile",0.975,426.869527563116
"37191",2020-12-12,"47","26  day ahead inc hosp",2021-01-07,"quantile",0.99,445.650582868743
"37192",2020-12-12,"47","27  day ahead inc hosp",2021-01-08,"quantile",0.01,201.820625043191
"37193",2020-12-12,"47","27  day ahead inc hosp",2021-01-08,"quantile",0.025,220.885977894282
"37194",2020-12-12,"47","27  day ahead inc hosp",2021-01-08,"quantile",0.05,237.283233141082
"37195",2020-12-12,"47","27  day ahead inc hosp",2021-01-08,"quantile",0.1,256.188218296647
"37196",2020-12-12,"47","27  day ahead inc hosp",2021-01-08,"quantile",0.15,268.943322029489
"37197",2020-12-12,"47","27  day ahead inc hosp",2021-01-08,"quantile",0.2,279.080674131335
"37198",2020-12-12,"47","27  day ahead inc hosp",2021-01-08,"quantile",0.25,287.777619587772
"37199",2020-12-12,"47","27  day ahead inc hosp",2021-01-08,"quantile",0.3,295.587745398051
"37200",2020-12-12,"47","27  day ahead inc hosp",2021-01-08,"quantile",0.35,302.824990902698
"37201",2020-12-12,"47","27  day ahead inc hosp",2021-01-08,"quantile",0.4,309.692429154827
"37202",2020-12-12,"47","27  day ahead inc hosp",2021-01-08,"quantile",0.45,316.336755139977
"37203",2020-12-12,"47","27  day ahead inc hosp",2021-01-08,"quantile",0.5,322.875737846885
"37204",2020-12-12,"47","27  day ahead inc hosp",2021-01-08,"quantile",0.55,329.414720553793
"37205",2020-12-12,"47","27  day ahead inc hosp",2021-01-08,"quantile",0.6,336.059046538943
"37206",2020-12-12,"47","27  day ahead inc hosp",2021-01-08,"quantile",0.65,342.926484791072
"37207",2020-12-12,"47","27  day ahead inc hosp",2021-01-08,"quantile",0.7,350.163730295719
"37208",2020-12-12,"47","27  day ahead inc hosp",2021-01-08,"quantile",0.75,357.973856105998
"37209",2020-12-12,"47","27  day ahead inc hosp",2021-01-08,"quantile",0.8,366.670801562435
"37210",2020-12-12,"47","27  day ahead inc hosp",2021-01-08,"quantile",0.85,376.808153664281
"37211",2020-12-12,"47","27  day ahead inc hosp",2021-01-08,"quantile",0.9,389.563257397123
"37212",2020-12-12,"47","27  day ahead inc hosp",2021-01-08,"quantile",0.95,408.468242552688
"37213",2020-12-12,"47","27  day ahead inc hosp",2021-01-08,"quantile",0.975,424.865497799488
"37214",2020-12-12,"47","27  day ahead inc hosp",2021-01-08,"quantile",0.99,443.930850650579
"37215",2020-12-12,"47","28  day ahead inc hosp",2021-01-09,"quantile",0.01,197.100459693236
"37216",2020-12-12,"47","28  day ahead inc hosp",2021-01-09,"quantile",0.025,216.510269868422
"37217",2020-12-12,"47","28  day ahead inc hosp",2021-01-09,"quantile",0.05,233.20377741692
"37218",2020-12-12,"47","28  day ahead inc hosp",2021-01-09,"quantile",0.1,252.450322503193
"37219",2020-12-12,"47","28  day ahead inc hosp",2021-01-09,"quantile",0.15,265.435875099725
"37220",2020-12-12,"47","28  day ahead inc hosp",2021-01-09,"quantile",0.2,275.756380653053
"37221",2020-12-12,"47","28  day ahead inc hosp",2021-01-09,"quantile",0.25,284.61045546257
"37222",2020-12-12,"47","28  day ahead inc hosp",2021-01-09,"quantile",0.3,292.561688288202
"37223",2020-12-12,"47","28  day ahead inc hosp",2021-01-09,"quantile",0.35,299.929690471721
"37224",2020-12-12,"47","28  day ahead inc hosp",2021-01-09,"quantile",0.4,306.921204025377
"37225",2020-12-12,"47","28  day ahead inc hosp",2021-01-09,"quantile",0.45,313.685574300667
"37226",2020-12-12,"47","28  day ahead inc hosp",2021-01-09,"quantile",0.5,320.342698040847
"37227",2020-12-12,"47","28  day ahead inc hosp",2021-01-09,"quantile",0.55,326.999821781027
"37228",2020-12-12,"47","28  day ahead inc hosp",2021-01-09,"quantile",0.6,333.764192056316
"37229",2020-12-12,"47","28  day ahead inc hosp",2021-01-09,"quantile",0.65,340.755705609972
"37230",2020-12-12,"47","28  day ahead inc hosp",2021-01-09,"quantile",0.7,348.123707793492
"37231",2020-12-12,"47","28  day ahead inc hosp",2021-01-09,"quantile",0.75,356.074940619124
"37232",2020-12-12,"47","28  day ahead inc hosp",2021-01-09,"quantile",0.8,364.92901542864
"37233",2020-12-12,"47","28  day ahead inc hosp",2021-01-09,"quantile",0.85,375.249520981969
"37234",2020-12-12,"47","28  day ahead inc hosp",2021-01-09,"quantile",0.9,388.2350735785
"37235",2020-12-12,"47","28  day ahead inc hosp",2021-01-09,"quantile",0.95,407.481618664774
"37236",2020-12-12,"47","28  day ahead inc hosp",2021-01-09,"quantile",0.975,424.175126213272
"37237",2020-12-12,"47","28  day ahead inc hosp",2021-01-09,"quantile",0.99,443.584936388458
"37238",2020-12-12,"47","29  day ahead inc hosp",2021-01-10,"quantile",0.01,187.500755527353
"37239",2020-12-12,"47","29  day ahead inc hosp",2021-01-10,"quantile",0.025,207.283251292521
"37240",2020-12-12,"47","29  day ahead inc hosp",2021-01-10,"quantile",0.05,224.297289008673
"37241",2020-12-12,"47","29  day ahead inc hosp",2021-01-10,"quantile",0.1,243.913384850253
"37242",2020-12-12,"47","29  day ahead inc hosp",2021-01-10,"quantile",0.15,257.148271586943
"37243",2020-12-12,"47","29  day ahead inc hosp",2021-01-10,"quantile",0.2,267.666940010817
"37244",2020-12-12,"47","29  day ahead inc hosp",2021-01-10,"quantile",0.25,276.691020918505
"37245",2020-12-12,"47","29  day ahead inc hosp",2021-01-10,"quantile",0.3,284.794924474554
"37246",2020-12-12,"47","29  day ahead inc hosp",2021-01-10,"quantile",0.35,292.304398842292
"37247",2020-12-12,"47","29  day ahead inc hosp",2021-01-10,"quantile",0.4,299.430155664176
"37248",2020-12-12,"47","29  day ahead inc hosp",2021-01-10,"quantile",0.45,306.324407855061
"37249",2020-12-12,"47","29  day ahead inc hosp",2021-01-10,"quantile",0.5,313.109354282135
"37250",2020-12-12,"47","29  day ahead inc hosp",2021-01-10,"quantile",0.55,319.894300709209
"37251",2020-12-12,"47","29  day ahead inc hosp",2021-01-10,"quantile",0.6,326.788552900094
"37252",2020-12-12,"47","29  day ahead inc hosp",2021-01-10,"quantile",0.65,333.914309721979
"37253",2020-12-12,"47","29  day ahead inc hosp",2021-01-10,"quantile",0.7,341.423784089717
"37254",2020-12-12,"47","29  day ahead inc hosp",2021-01-10,"quantile",0.75,349.527687645766
"37255",2020-12-12,"47","29  day ahead inc hosp",2021-01-10,"quantile",0.8,358.551768553454
"37256",2020-12-12,"47","29  day ahead inc hosp",2021-01-10,"quantile",0.85,369.070436977328
"37257",2020-12-12,"47","29  day ahead inc hosp",2021-01-10,"quantile",0.9,382.305323714018
"37258",2020-12-12,"47","29  day ahead inc hosp",2021-01-10,"quantile",0.95,401.921419555598
"37259",2020-12-12,"47","29  day ahead inc hosp",2021-01-10,"quantile",0.975,418.93545727175
"37260",2020-12-12,"47","29  day ahead inc hosp",2021-01-10,"quantile",0.99,438.717953036918
"37261",2020-12-12,"47","30  day ahead inc hosp",2021-01-11,"quantile",0.01,190.206690835502
"37262",2020-12-12,"47","30  day ahead inc hosp",2021-01-11,"quantile",0.025,210.336218426085
"37263",2020-12-12,"47","30  day ahead inc hosp",2021-01-11,"quantile",0.05,227.648722657099
"37264",2020-12-12,"47","30  day ahead inc hosp",2021-01-11,"quantile",0.1,247.608931275359
"37265",2020-12-12,"47","30  day ahead inc hosp",2021-01-11,"quantile",0.15,261.075989268796
"37266",2020-12-12,"47","30  day ahead inc hosp",2021-01-11,"quantile",0.2,271.779180047554
"37267",2020-12-12,"47","30  day ahead inc hosp",2021-01-11,"quantile",0.25,280.96156470555
"37268",2020-12-12,"47","30  day ahead inc hosp",2021-01-11,"quantile",0.3,289.207629921959
"37269",2020-12-12,"47","30  day ahead inc hosp",2021-01-11,"quantile",0.35,296.848838254344
"37270",2020-12-12,"47","30  day ahead inc hosp",2021-01-11,"quantile",0.4,304.099597726385
"37271",2020-12-12,"47","30  day ahead inc hosp",2021-01-11,"quantile",0.45,311.11479142794
"37272",2020-12-12,"47","30  day ahead inc hosp",2021-01-11,"quantile",0.5,318.018761883725
"37273",2020-12-12,"47","30  day ahead inc hosp",2021-01-11,"quantile",0.55,324.92273233951
"37274",2020-12-12,"47","30  day ahead inc hosp",2021-01-11,"quantile",0.6,331.937926041066
"37275",2020-12-12,"47","30  day ahead inc hosp",2021-01-11,"quantile",0.65,339.188685513107
"37276",2020-12-12,"47","30  day ahead inc hosp",2021-01-11,"quantile",0.7,346.829893845491
"37277",2020-12-12,"47","30  day ahead inc hosp",2021-01-11,"quantile",0.75,355.0759590619
"37278",2020-12-12,"47","30  day ahead inc hosp",2021-01-11,"quantile",0.8,364.258343719897
"37279",2020-12-12,"47","30  day ahead inc hosp",2021-01-11,"quantile",0.85,374.961534498654
"37280",2020-12-12,"47","30  day ahead inc hosp",2021-01-11,"quantile",0.9,388.428592492091
"37281",2020-12-12,"47","30  day ahead inc hosp",2021-01-11,"quantile",0.95,408.388801110352
"37282",2020-12-12,"47","30  day ahead inc hosp",2021-01-11,"quantile",0.975,425.701305341366
"37283",2020-12-12,"47","30  day ahead inc hosp",2021-01-11,"quantile",0.99,445.830832931949
"37284",2020-12-12,"47","31  day ahead inc hosp",2021-01-12,"quantile",0.01,194.330775897645
"37285",2020-12-12,"47","31  day ahead inc hosp",2021-01-12,"quantile",0.025,214.752310398002
"37286",2020-12-12,"47","31  day ahead inc hosp",2021-01-12,"quantile",0.05,232.315956680821
"37287",2020-12-12,"47","31  day ahead inc hosp",2021-01-12,"quantile",0.1,252.565716000697
"37288",2020-12-12,"47","31  day ahead inc hosp",2021-01-12,"quantile",0.15,266.22813247787
"37289",2020-12-12,"47","31  day ahead inc hosp",2021-01-12,"quantile",0.2,277.086587986511
"37290",2020-12-12,"47","31  day ahead inc hosp",2021-01-12,"quantile",0.25,286.402175957714
"37291",2020-12-12,"47","31  day ahead inc hosp",2021-01-12,"quantile",0.3,294.767861866203
"37292",2020-12-12,"47","31  day ahead inc hosp",2021-01-12,"quantile",0.35,302.519916596847
"37293",2020-12-12,"47","31  day ahead inc hosp",2021-01-12,"quantile",0.4,309.875858461144
"37294",2020-12-12,"47","31  day ahead inc hosp",2021-01-12,"quantile",0.45,316.992817344472
"37295",2020-12-12,"47","31  day ahead inc hosp",2021-01-12,"quantile",0.5,323.99693953352
"37296",2020-12-12,"47","31  day ahead inc hosp",2021-01-12,"quantile",0.55,331.001061722568
"37297",2020-12-12,"47","31  day ahead inc hosp",2021-01-12,"quantile",0.6,338.118020605897
"37298",2020-12-12,"47","31  day ahead inc hosp",2021-01-12,"quantile",0.65,345.473962470193
"37299",2020-12-12,"47","31  day ahead inc hosp",2021-01-12,"quantile",0.7,353.226017200837
"37300",2020-12-12,"47","31  day ahead inc hosp",2021-01-12,"quantile",0.75,361.591703109327
"37301",2020-12-12,"47","31  day ahead inc hosp",2021-01-12,"quantile",0.8,370.907291080529
"37302",2020-12-12,"47","31  day ahead inc hosp",2021-01-12,"quantile",0.85,381.76574658917
"37303",2020-12-12,"47","31  day ahead inc hosp",2021-01-12,"quantile",0.9,395.428163066343
"37304",2020-12-12,"47","31  day ahead inc hosp",2021-01-12,"quantile",0.95,415.677922386219
"37305",2020-12-12,"47","31  day ahead inc hosp",2021-01-12,"quantile",0.975,433.241568669038
"37306",2020-12-12,"47","31  day ahead inc hosp",2021-01-12,"quantile",0.99,453.663103169395
"37307",2020-12-12,"47","32  day ahead inc hosp",2021-01-13,"quantile",0.01,196.782591659155
"37308",2020-12-12,"47","32  day ahead inc hosp",2021-01-13,"quantile",0.025,217.452139274685
"37309",2020-12-12,"47","32  day ahead inc hosp",2021-01-13,"quantile",0.05,235.229090518908
"37310",2020-12-12,"47","32  day ahead inc hosp",2021-01-13,"quantile",0.1,255.724776798403
"37311",2020-12-12,"47","32  day ahead inc hosp",2021-01-13,"quantile",0.15,269.553119027691
"37312",2020-12-12,"47","32  day ahead inc hosp",2021-01-13,"quantile",0.2,280.543447064158
"37313",2020-12-12,"47","32  day ahead inc hosp",2021-01-13,"quantile",0.25,289.972169922084
"37314",2020-12-12,"47","32  day ahead inc hosp",2021-01-13,"quantile",0.3,298.439454455431
"37315",2020-12-12,"47","32  day ahead inc hosp",2021-01-13,"quantile",0.35,306.285655453228
"37316",2020-12-12,"47","32  day ahead inc hosp",2021-01-13,"quantile",0.4,313.730932918469
"37317",2020-12-12,"47","32  day ahead inc hosp",2021-01-13,"quantile",0.45,320.934325029584
"37318",2020-12-12,"47","32  day ahead inc hosp",2021-01-13,"quantile",0.5,328.023510080246
"37319",2020-12-12,"47","32  day ahead inc hosp",2021-01-13,"quantile",0.55,335.112695130909
"37320",2020-12-12,"47","32  day ahead inc hosp",2021-01-13,"quantile",0.6,342.316087242023
"37321",2020-12-12,"47","32  day ahead inc hosp",2021-01-13,"quantile",0.65,349.761364707264
"37322",2020-12-12,"47","32  day ahead inc hosp",2021-01-13,"quantile",0.7,357.607565705061
"37323",2020-12-12,"47","32  day ahead inc hosp",2021-01-13,"quantile",0.75,366.074850238409
"37324",2020-12-12,"47","32  day ahead inc hosp",2021-01-13,"quantile",0.8,375.503573096334
"37325",2020-12-12,"47","32  day ahead inc hosp",2021-01-13,"quantile",0.85,386.493901132802
"37326",2020-12-12,"47","32  day ahead inc hosp",2021-01-13,"quantile",0.9,400.322243362089
"37327",2020-12-12,"47","32  day ahead inc hosp",2021-01-13,"quantile",0.95,420.817929641585
"37328",2020-12-12,"47","32  day ahead inc hosp",2021-01-13,"quantile",0.975,438.594880885807
"37329",2020-12-12,"47","32  day ahead inc hosp",2021-01-13,"quantile",0.99,459.264428501337
"37330",2020-12-12,"47","33  day ahead inc hosp",2021-01-14,"quantile",0.01,196.012839888625
"37331",2020-12-12,"47","33  day ahead inc hosp",2021-01-14,"quantile",0.025,216.919701479223
"37332",2020-12-12,"47","33  day ahead inc hosp",2021-01-14,"quantile",0.05,234.900755834109
"37333",2020-12-12,"47","33  day ahead inc hosp",2021-01-14,"quantile",0.1,255.631759928644
"37334",2020-12-12,"47","33  day ahead inc hosp",2021-01-14,"quantile",0.15,269.618869970564
"37335",2020-12-12,"47","33  day ahead inc hosp",2021-01-14,"quantile",0.2,280.73538163147
"37336",2020-12-12,"47","33  day ahead inc hosp",2021-01-14,"quantile",0.25,290.272358803561
"37337",2020-12-12,"47","33  day ahead inc hosp",2021-01-14,"quantile",0.3,298.836859056769
"37338",2020-12-12,"47","33  day ahead inc hosp",2021-01-14,"quantile",0.35,306.773144907055
"37339",2020-12-12,"47","33  day ahead inc hosp",2021-01-14,"quantile",0.4,314.303904087892
"37340",2020-12-12,"47","33  day ahead inc hosp",2021-01-14,"quantile",0.45,321.590000748117
"37341",2020-12-12,"47","33  day ahead inc hosp",2021-01-14,"quantile",0.5,328.76057909851
"37342",2020-12-12,"47","33  day ahead inc hosp",2021-01-14,"quantile",0.55,335.931157448903
"37343",2020-12-12,"47","33  day ahead inc hosp",2021-01-14,"quantile",0.6,343.217254109128
"37344",2020-12-12,"47","33  day ahead inc hosp",2021-01-14,"quantile",0.65,350.748013289964
"37345",2020-12-12,"47","33  day ahead inc hosp",2021-01-14,"quantile",0.7,358.684299140251
"37346",2020-12-12,"47","33  day ahead inc hosp",2021-01-14,"quantile",0.75,367.248799393459
"37347",2020-12-12,"47","33  day ahead inc hosp",2021-01-14,"quantile",0.8,376.78577656555
"37348",2020-12-12,"47","33  day ahead inc hosp",2021-01-14,"quantile",0.85,387.902288226456
"37349",2020-12-12,"47","33  day ahead inc hosp",2021-01-14,"quantile",0.9,401.889398268376
"37350",2020-12-12,"47","33  day ahead inc hosp",2021-01-14,"quantile",0.95,422.620402362911
"37351",2020-12-12,"47","33  day ahead inc hosp",2021-01-14,"quantile",0.975,440.601456717797
"37352",2020-12-12,"47","33  day ahead inc hosp",2021-01-14,"quantile",0.99,461.508318308395
"37353",2020-12-12,"47","34  day ahead inc hosp",2021-01-15,"quantile",0.01,192.876833971475
"37354",2020-12-12,"47","34  day ahead inc hosp",2021-01-15,"quantile",0.025,214.042411122401
"37355",2020-12-12,"47","34  day ahead inc hosp",2021-01-15,"quantile",0.05,232.245975131955
"37356",2020-12-12,"47","34  day ahead inc hosp",2021-01-15,"quantile",0.1,253.233518607939
"37357",2020-12-12,"47","34  day ahead inc hosp",2021-01-15,"quantile",0.15,267.393714552599
"37358",2020-12-12,"47","34  day ahead inc hosp",2021-01-15,"quantile",0.2,278.647789402068
"37359",2020-12-12,"47","34  day ahead inc hosp",2021-01-15,"quantile",0.25,288.302783541087
"37360",2020-12-12,"47","34  day ahead inc hosp",2021-01-15,"quantile",0.3,296.973266678065
"37361",2020-12-12,"47","34  day ahead inc hosp",2021-01-15,"quantile",0.35,305.00776146477
"37362",2020-12-12,"47","34  day ahead inc hosp",2021-01-15,"quantile",0.4,312.631711322396
"37363",2020-12-12,"47","34  day ahead inc hosp",2021-01-15,"quantile",0.45,320.007971040902
"37364",2020-12-12,"47","34  day ahead inc hosp",2021-01-15,"quantile",0.5,327.26728294835
"37365",2020-12-12,"47","34  day ahead inc hosp",2021-01-15,"quantile",0.55,334.526594855799
"37366",2020-12-12,"47","34  day ahead inc hosp",2021-01-15,"quantile",0.6,341.902854574304
"37367",2020-12-12,"47","34  day ahead inc hosp",2021-01-15,"quantile",0.65,349.52680443193
"37368",2020-12-12,"47","34  day ahead inc hosp",2021-01-15,"quantile",0.7,357.561299218636
"37369",2020-12-12,"47","34  day ahead inc hosp",2021-01-15,"quantile",0.75,366.231782355613
"37370",2020-12-12,"47","34  day ahead inc hosp",2021-01-15,"quantile",0.8,375.886776494632
"37371",2020-12-12,"47","34  day ahead inc hosp",2021-01-15,"quantile",0.85,387.140851344102
"37372",2020-12-12,"47","34  day ahead inc hosp",2021-01-15,"quantile",0.9,401.301047288761
"37373",2020-12-12,"47","34  day ahead inc hosp",2021-01-15,"quantile",0.95,422.288590764745
"37374",2020-12-12,"47","34  day ahead inc hosp",2021-01-15,"quantile",0.975,440.492154774299
"37375",2020-12-12,"47","34  day ahead inc hosp",2021-01-15,"quantile",0.99,461.657731925225
"37376",2020-12-12,"47","35  day ahead inc hosp",2021-01-16,"quantile",0.01,189.74671618499
"37377",2020-12-12,"47","35  day ahead inc hosp",2021-01-16,"quantile",0.025,211.205375723048
"37378",2020-12-12,"47","35  day ahead inc hosp",2021-01-16,"quantile",0.05,229.661006754267
"37379",2020-12-12,"47","35  day ahead inc hosp",2021-01-16,"quantile",0.1,250.939167362876
"37380",2020-12-12,"47","35  day ahead inc hosp",2021-01-16,"quantile",0.15,265.295441307211
"37381",2020-12-12,"47","35  day ahead inc hosp",2021-01-16,"quantile",0.2,276.705352735023
"37382",2020-12-12,"47","35  day ahead inc hosp",2021-01-16,"quantile",0.25,286.494040782308
"37383",2020-12-12,"47","35  day ahead inc hosp",2021-01-16,"quantile",0.3,295.284585180892
"37384",2020-12-12,"47","35  day ahead inc hosp",2021-01-16,"quantile",0.35,303.430334619181
"37385",2020-12-12,"47","35  day ahead inc hosp",2021-01-16,"quantile",0.4,311.159854261544
"37386",2020-12-12,"47","35  day ahead inc hosp",2021-01-16,"quantile",0.45,318.638253968531
"37387",2020-12-12,"47","35  day ahead inc hosp",2021-01-16,"quantile",0.5,325.998086473533
"37388",2020-12-12,"47","35  day ahead inc hosp",2021-01-16,"quantile",0.55,333.357918978535
"37389",2020-12-12,"47","35  day ahead inc hosp",2021-01-16,"quantile",0.6,340.836318685522
"37390",2020-12-12,"47","35  day ahead inc hosp",2021-01-16,"quantile",0.65,348.565838327884
"37391",2020-12-12,"47","35  day ahead inc hosp",2021-01-16,"quantile",0.7,356.711587766173
"37392",2020-12-12,"47","35  day ahead inc hosp",2021-01-16,"quantile",0.75,365.502132164758
"37393",2020-12-12,"47","35  day ahead inc hosp",2021-01-16,"quantile",0.8,375.290820212042
"37394",2020-12-12,"47","35  day ahead inc hosp",2021-01-16,"quantile",0.85,386.700731639854
"37395",2020-12-12,"47","35  day ahead inc hosp",2021-01-16,"quantile",0.9,401.057005584189
"37396",2020-12-12,"47","35  day ahead inc hosp",2021-01-16,"quantile",0.95,422.335166192799
"37397",2020-12-12,"47","35  day ahead inc hosp",2021-01-16,"quantile",0.975,440.790797224017
"37398",2020-12-12,"47","35  day ahead inc hosp",2021-01-16,"quantile",0.99,462.249456762075
"37399",2020-12-12,"47","36  day ahead inc hosp",2021-01-17,"quantile",0.01,197.994009668768
"37400",2020-12-12,"47","36  day ahead inc hosp",2021-01-17,"quantile",0.025,219.765525808104
"37401",2020-12-12,"47","36  day ahead inc hosp",2021-01-17,"quantile",0.05,238.490230776054
"37402",2020-12-12,"47","36  day ahead inc hosp",2021-01-17,"quantile",0.1,260.078616401172
"37403",2020-12-12,"47","36  day ahead inc hosp",2021-01-17,"quantile",0.15,274.644197691349
"37404",2020-12-12,"47","36  day ahead inc hosp",2021-01-17,"quantile",0.2,286.220459962459
"37405",2020-12-12,"47","36  day ahead inc hosp",2021-01-17,"quantile",0.25,296.151862221133
"37406",2020-12-12,"47","36  day ahead inc hosp",2021-01-17,"quantile",0.3,305.070568392313
"37407",2020-12-12,"47","36  day ahead inc hosp",2021-01-17,"quantile",0.35,313.335078812834
"37408",2020-12-12,"47","36  day ahead inc hosp",2021-01-17,"quantile",0.4,321.177291013673
"37409",2020-12-12,"47","36  day ahead inc hosp",2021-01-17,"quantile",0.45,328.764722075167
"37410",2020-12-12,"47","36  day ahead inc hosp",2021-01-17,"quantile",0.5,336.231857283742
"37411",2020-12-12,"47","36  day ahead inc hosp",2021-01-17,"quantile",0.55,343.698992492317
"37412",2020-12-12,"47","36  day ahead inc hosp",2021-01-17,"quantile",0.6,351.286423553811
"37413",2020-12-12,"47","36  day ahead inc hosp",2021-01-17,"quantile",0.65,359.128635754649
"37414",2020-12-12,"47","36  day ahead inc hosp",2021-01-17,"quantile",0.7,367.393146175171
"37415",2020-12-12,"47","36  day ahead inc hosp",2021-01-17,"quantile",0.75,376.311852346351
"37416",2020-12-12,"47","36  day ahead inc hosp",2021-01-17,"quantile",0.8,386.243254605025
"37417",2020-12-12,"47","36  day ahead inc hosp",2021-01-17,"quantile",0.85,397.819516876134
"37418",2020-12-12,"47","36  day ahead inc hosp",2021-01-17,"quantile",0.9,412.385098166311
"37419",2020-12-12,"47","36  day ahead inc hosp",2021-01-17,"quantile",0.95,433.97348379143
"37420",2020-12-12,"47","36  day ahead inc hosp",2021-01-17,"quantile",0.975,452.698188759379
"37421",2020-12-12,"47","36  day ahead inc hosp",2021-01-17,"quantile",0.99,474.469704898716
"37422",2020-12-12,"47","37  day ahead inc hosp",2021-01-18,"quantile",0.01,199.536091525199
"37423",2020-12-12,"47","37  day ahead inc hosp",2021-01-18,"quantile",0.025,221.610116913617
"37424",2020-12-12,"47","37  day ahead inc hosp",2021-01-18,"quantile",0.05,240.594996524566
"37425",2020-12-12,"47","37  day ahead inc hosp",2021-01-18,"quantile",0.1,262.483346850469
"37426",2020-12-12,"47","37  day ahead inc hosp",2021-01-18,"quantile",0.15,277.251312900179
"37427",2020-12-12,"47","37  day ahead inc hosp",2021-01-18,"quantile",0.2,288.988424162437
"37428",2020-12-12,"47","37  day ahead inc hosp",2021-01-18,"quantile",0.25,299.057820533252
"37429",2020-12-12,"47","37  day ahead inc hosp",2021-01-18,"quantile",0.3,308.100449682021
"37430",2020-12-12,"47","37  day ahead inc hosp",2021-01-18,"quantile",0.35,316.479793209495
"37431",2020-12-12,"47","37  day ahead inc hosp",2021-01-18,"quantile",0.4,324.430970799277
"37432",2020-12-12,"47","37  day ahead inc hosp",2021-01-18,"quantile",0.45,332.12382713562
"37433",2020-12-12,"47","37  day ahead inc hosp",2021-01-18,"quantile",0.5,339.694716141141
"37434",2020-12-12,"47","37  day ahead inc hosp",2021-01-18,"quantile",0.55,347.265605146663
"37435",2020-12-12,"47","37  day ahead inc hosp",2021-01-18,"quantile",0.6,354.958461483006
"37436",2020-12-12,"47","37  day ahead inc hosp",2021-01-18,"quantile",0.65,362.909639072788
"37437",2020-12-12,"47","37  day ahead inc hosp",2021-01-18,"quantile",0.7,371.288982600262
"37438",2020-12-12,"47","37  day ahead inc hosp",2021-01-18,"quantile",0.75,380.331611749031
"37439",2020-12-12,"47","37  day ahead inc hosp",2021-01-18,"quantile",0.8,390.401008119846
"37440",2020-12-12,"47","37  day ahead inc hosp",2021-01-18,"quantile",0.85,402.138119382104
"37441",2020-12-12,"47","37  day ahead inc hosp",2021-01-18,"quantile",0.9,416.906085431814
"37442",2020-12-12,"47","37  day ahead inc hosp",2021-01-18,"quantile",0.95,438.794435757717
"37443",2020-12-12,"47","37  day ahead inc hosp",2021-01-18,"quantile",0.975,457.779315368666
"37444",2020-12-12,"47","37  day ahead inc hosp",2021-01-18,"quantile",0.99,479.853340757084
"37445",2020-12-12,"48","1  day ahead inc hosp",2020-12-13,"quantile",0.01,676.862734167232
"37446",2020-12-12,"48","1  day ahead inc hosp",2020-12-13,"quantile",0.025,698.35355590917
"37447",2020-12-12,"48","1  day ahead inc hosp",2020-12-13,"quantile",0.05,716.836848210045
"37448",2020-12-12,"48","1  day ahead inc hosp",2020-12-13,"quantile",0.1,738.146900491033
"37449",2020-12-12,"48","1  day ahead inc hosp",2020-12-13,"quantile",0.15,752.524691595315
"37450",2020-12-12,"48","1  day ahead inc hosp",2020-12-13,"quantile",0.2,763.951704179746
"37451",2020-12-12,"48","1  day ahead inc hosp",2020-12-13,"quantile",0.25,773.755063496694
"37452",2020-12-12,"48","1  day ahead inc hosp",2020-12-13,"quantile",0.3,782.55878314887
"37453",2020-12-12,"48","1  day ahead inc hosp",2020-12-13,"quantile",0.35,790.716741423117
"37454",2020-12-12,"48","1  day ahead inc hosp",2020-12-13,"quantile",0.4,798.457846056899
"37455",2020-12-12,"48","1  day ahead inc hosp",2020-12-13,"quantile",0.45,805.947454377157
"37456",2020-12-12,"48","1  day ahead inc hosp",2020-12-13,"quantile",0.5,813.318317787101
"37457",2020-12-12,"48","1  day ahead inc hosp",2020-12-13,"quantile",0.55,820.689181197044
"37458",2020-12-12,"48","1  day ahead inc hosp",2020-12-13,"quantile",0.6,828.178789517302
"37459",2020-12-12,"48","1  day ahead inc hosp",2020-12-13,"quantile",0.65,835.919894151084
"37460",2020-12-12,"48","1  day ahead inc hosp",2020-12-13,"quantile",0.7,844.077852425332
"37461",2020-12-12,"48","1  day ahead inc hosp",2020-12-13,"quantile",0.75,852.881572077508
"37462",2020-12-12,"48","1  day ahead inc hosp",2020-12-13,"quantile",0.8,862.684931394455
"37463",2020-12-12,"48","1  day ahead inc hosp",2020-12-13,"quantile",0.85,874.111943978886
"37464",2020-12-12,"48","1  day ahead inc hosp",2020-12-13,"quantile",0.9,888.489735083169
"37465",2020-12-12,"48","1  day ahead inc hosp",2020-12-13,"quantile",0.95,909.799787364156
"37466",2020-12-12,"48","1  day ahead inc hosp",2020-12-13,"quantile",0.975,928.283079665031
"37467",2020-12-12,"48","1  day ahead inc hosp",2020-12-13,"quantile",0.99,949.773901406969
"37468",2020-12-12,"48","2  day ahead inc hosp",2020-12-14,"quantile",0.01,677.645907857831
"37469",2020-12-12,"48","2  day ahead inc hosp",2020-12-14,"quantile",0.025,705.174821873568
"37470",2020-12-12,"48","2  day ahead inc hosp",2020-12-14,"quantile",0.05,728.851206638586
"37471",2020-12-12,"48","2  day ahead inc hosp",2020-12-14,"quantile",0.1,756.148561944894
"37472",2020-12-12,"48","2  day ahead inc hosp",2020-12-14,"quantile",0.15,774.565957975574
"37473",2020-12-12,"48","2  day ahead inc hosp",2020-12-14,"quantile",0.2,789.203520497424
"37474",2020-12-12,"48","2  day ahead inc hosp",2020-12-14,"quantile",0.25,801.761245787891
"37475",2020-12-12,"48","2  day ahead inc hosp",2020-12-14,"quantile",0.3,813.038471211545
"37476",2020-12-12,"48","2  day ahead inc hosp",2020-12-14,"quantile",0.35,823.488501209118
"37477",2020-12-12,"48","2  day ahead inc hosp",2020-12-14,"quantile",0.4,833.404557766153
"37478",2020-12-12,"48","2  day ahead inc hosp",2020-12-14,"quantile",0.45,842.998457242672
"37479",2020-12-12,"48","2  day ahead inc hosp",2020-12-14,"quantile",0.5,852.440249067603
"37480",2020-12-12,"48","2  day ahead inc hosp",2020-12-14,"quantile",0.55,861.882040892535
"37481",2020-12-12,"48","2  day ahead inc hosp",2020-12-14,"quantile",0.6,871.475940369053
"37482",2020-12-12,"48","2  day ahead inc hosp",2020-12-14,"quantile",0.65,881.391996926088
"37483",2020-12-12,"48","2  day ahead inc hosp",2020-12-14,"quantile",0.7,891.842026923661
"37484",2020-12-12,"48","2  day ahead inc hosp",2020-12-14,"quantile",0.75,903.119252347316
"37485",2020-12-12,"48","2  day ahead inc hosp",2020-12-14,"quantile",0.8,915.676977637782
"37486",2020-12-12,"48","2  day ahead inc hosp",2020-12-14,"quantile",0.85,930.314540159632
"37487",2020-12-12,"48","2  day ahead inc hosp",2020-12-14,"quantile",0.9,948.731936190312
"37488",2020-12-12,"48","2  day ahead inc hosp",2020-12-14,"quantile",0.95,976.02929149662
"37489",2020-12-12,"48","2  day ahead inc hosp",2020-12-14,"quantile",0.975,999.705676261638
"37490",2020-12-12,"48","2  day ahead inc hosp",2020-12-14,"quantile",0.99,1027.23459027738
"37491",2020-12-12,"48","3  day ahead inc hosp",2020-12-15,"quantile",0.01,667.897327357186
"37492",2020-12-12,"48","3  day ahead inc hosp",2020-12-15,"quantile",0.025,700.206856505267
"37493",2020-12-12,"48","3  day ahead inc hosp",2020-12-15,"quantile",0.05,727.994834020442
"37494",2020-12-12,"48","3  day ahead inc hosp",2020-12-15,"quantile",0.1,760.032592445291
"37495",2020-12-12,"48","3  day ahead inc hosp",2020-12-15,"quantile",0.15,781.648315954938
"37496",2020-12-12,"48","3  day ahead inc hosp",2020-12-15,"quantile",0.2,798.827807768026
"37497",2020-12-12,"48","3  day ahead inc hosp",2020-12-15,"quantile",0.25,813.566282052699
"37498",2020-12-12,"48","3  day ahead inc hosp",2020-12-15,"quantile",0.3,826.801887472032
"37499",2020-12-12,"48","3  day ahead inc hosp",2020-12-15,"quantile",0.35,839.066648392563
"37500",2020-12-12,"48","3  day ahead inc hosp",2020-12-15,"quantile",0.4,850.704707132562
"37501",2020-12-12,"48","3  day ahead inc hosp",2020-12-15,"quantile",0.45,861.964663649667
"37502",2020-12-12,"48","3  day ahead inc hosp",2020-12-15,"quantile",0.5,873.04609781025
"37503",2020-12-12,"48","3  day ahead inc hosp",2020-12-15,"quantile",0.55,884.127531970832
"37504",2020-12-12,"48","3  day ahead inc hosp",2020-12-15,"quantile",0.6,895.387488487938
"37505",2020-12-12,"48","3  day ahead inc hosp",2020-12-15,"quantile",0.65,907.025547227936
"37506",2020-12-12,"48","3  day ahead inc hosp",2020-12-15,"quantile",0.7,919.290308148468
"37507",2020-12-12,"48","3  day ahead inc hosp",2020-12-15,"quantile",0.75,932.525913567801
"37508",2020-12-12,"48","3  day ahead inc hosp",2020-12-15,"quantile",0.8,947.264387852474
"37509",2020-12-12,"48","3  day ahead inc hosp",2020-12-15,"quantile",0.85,964.443879665561
"37510",2020-12-12,"48","3  day ahead inc hosp",2020-12-15,"quantile",0.9,986.059603175208
"37511",2020-12-12,"48","3  day ahead inc hosp",2020-12-15,"quantile",0.95,1018.09736160006
"37512",2020-12-12,"48","3  day ahead inc hosp",2020-12-15,"quantile",0.975,1045.88533911523
"37513",2020-12-12,"48","3  day ahead inc hosp",2020-12-15,"quantile",0.99,1078.19486826331
"37514",2020-12-12,"48","4  day ahead inc hosp",2020-12-16,"quantile",0.01,596.346418753351
"37515",2020-12-12,"48","4  day ahead inc hosp",2020-12-16,"quantile",0.025,631.626669773225
"37516",2020-12-12,"48","4  day ahead inc hosp",2020-12-16,"quantile",0.05,661.969631986533
"37517",2020-12-12,"48","4  day ahead inc hosp",2020-12-16,"quantile",0.1,696.953124137174
"37518",2020-12-12,"48","4  day ahead inc hosp",2020-12-16,"quantile",0.15,720.55632020671
"37519",2020-12-12,"48","4  day ahead inc hosp",2020-12-16,"quantile",0.2,739.315392206235
"37520",2020-12-12,"48","4  day ahead inc hosp",2020-12-16,"quantile",0.25,755.409005642385
"37521",2020-12-12,"48","4  day ahead inc hosp",2020-12-16,"quantile",0.3,769.861567902081
"37522",2020-12-12,"48","4  day ahead inc hosp",2020-12-16,"quantile",0.35,783.254020698032
"37523",2020-12-12,"48","4  day ahead inc hosp",2020-12-16,"quantile",0.4,795.962148750575
"37524",2020-12-12,"48","4  day ahead inc hosp",2020-12-16,"quantile",0.45,808.257409711379
"37525",2020-12-12,"48","4  day ahead inc hosp",2020-12-16,"quantile",0.5,820.357733954847
"37526",2020-12-12,"48","4  day ahead inc hosp",2020-12-16,"quantile",0.55,832.458058198315
"37527",2020-12-12,"48","4  day ahead inc hosp",2020-12-16,"quantile",0.6,844.753319159119
"37528",2020-12-12,"48","4  day ahead inc hosp",2020-12-16,"quantile",0.65,857.461447211663
"37529",2020-12-12,"48","4  day ahead inc hosp",2020-12-16,"quantile",0.7,870.853900007614
"37530",2020-12-12,"48","4  day ahead inc hosp",2020-12-16,"quantile",0.75,885.30646226731
"37531",2020-12-12,"48","4  day ahead inc hosp",2020-12-16,"quantile",0.8,901.400075703459
"37532",2020-12-12,"48","4  day ahead inc hosp",2020-12-16,"quantile",0.85,920.159147702984
"37533",2020-12-12,"48","4  day ahead inc hosp",2020-12-16,"quantile",0.9,943.76234377252
"37534",2020-12-12,"48","4  day ahead inc hosp",2020-12-16,"quantile",0.95,978.745835923161
"37535",2020-12-12,"48","4  day ahead inc hosp",2020-12-16,"quantile",0.975,1009.08879813647
"37536",2020-12-12,"48","4  day ahead inc hosp",2020-12-16,"quantile",0.99,1044.36904915634
"37537",2020-12-12,"48","5  day ahead inc hosp",2020-12-17,"quantile",0.01,597.60601832592
"37538",2020-12-12,"48","5  day ahead inc hosp",2020-12-17,"quantile",0.025,635.84424514503
"37539",2020-12-12,"48","5  day ahead inc hosp",2020-12-17,"quantile",0.05,668.731229730899
"37540",2020-12-12,"48","5  day ahead inc hosp",2020-12-17,"quantile",0.1,706.647816748016
"37541",2020-12-12,"48","5  day ahead inc hosp",2020-12-17,"quantile",0.15,732.229957999064
"37542",2020-12-12,"48","5  day ahead inc hosp",2020-12-17,"quantile",0.2,752.561832895016
"37543",2020-12-12,"48","5  day ahead inc hosp",2020-12-17,"quantile",0.25,770.004771171274
"37544",2020-12-12,"48","5  day ahead inc hosp",2020-12-17,"quantile",0.3,785.669068840025
"37545",2020-12-12,"48","5  day ahead inc hosp",2020-12-17,"quantile",0.35,800.184375077142
"37546",2020-12-12,"48","5  day ahead inc hosp",2020-12-17,"quantile",0.4,813.957981241274
"37547",2020-12-12,"48","5  day ahead inc hosp",2020-12-17,"quantile",0.45,827.284104605717
"37548",2020-12-12,"48","5  day ahead inc hosp",2020-12-17,"quantile",0.5,840.398947318879
"37549",2020-12-12,"48","5  day ahead inc hosp",2020-12-17,"quantile",0.55,853.51379003204
"37550",2020-12-12,"48","5  day ahead inc hosp",2020-12-17,"quantile",0.6,866.839913396484
"37551",2020-12-12,"48","5  day ahead inc hosp",2020-12-17,"quantile",0.65,880.613519560616
"37552",2020-12-12,"48","5  day ahead inc hosp",2020-12-17,"quantile",0.7,895.128825797732
"37553",2020-12-12,"48","5  day ahead inc hosp",2020-12-17,"quantile",0.75,910.793123466483
"37554",2020-12-12,"48","5  day ahead inc hosp",2020-12-17,"quantile",0.8,928.236061742742
"37555",2020-12-12,"48","5  day ahead inc hosp",2020-12-17,"quantile",0.85,948.567936638694
"37556",2020-12-12,"48","5  day ahead inc hosp",2020-12-17,"quantile",0.9,974.150077889742
"37557",2020-12-12,"48","5  day ahead inc hosp",2020-12-17,"quantile",0.95,1012.06666490686
"37558",2020-12-12,"48","5  day ahead inc hosp",2020-12-17,"quantile",0.975,1044.95364949273
"37559",2020-12-12,"48","5  day ahead inc hosp",2020-12-17,"quantile",0.99,1083.19187631184
"37560",2020-12-12,"48","6  day ahead inc hosp",2020-12-18,"quantile",0.01,628.949362352682
"37561",2020-12-12,"48","6  day ahead inc hosp",2020-12-18,"quantile",0.025,668.968902596501
"37562",2020-12-12,"48","6  day ahead inc hosp",2020-12-18,"quantile",0.05,703.387914998883
"37563",2020-12-12,"48","6  day ahead inc hosp",2020-12-18,"quantile",0.1,743.07083197142
"37564",2020-12-12,"48","6  day ahead inc hosp",2020-12-18,"quantile",0.15,769.84470765772
"37565",2020-12-12,"48","6  day ahead inc hosp",2020-12-18,"quantile",0.2,791.123735304059
"37566",2020-12-12,"48","6  day ahead inc hosp",2020-12-18,"quantile",0.25,809.37924630407
"37567",2020-12-12,"48","6  day ahead inc hosp",2020-12-18,"quantile",0.3,825.773259392367
"37568",2020-12-12,"48","6  day ahead inc hosp",2020-12-18,"quantile",0.35,840.964755715029
"37569",2020-12-12,"48","6  day ahead inc hosp",2020-12-18,"quantile",0.4,855.380000145572
"37570",2020-12-12,"48","6  day ahead inc hosp",2020-12-18,"quantile",0.45,869.326915958386
"37571",2020-12-12,"48","6  day ahead inc hosp",2020-12-18,"quantile",0.5,883.052708690188
"37572",2020-12-12,"48","6  day ahead inc hosp",2020-12-18,"quantile",0.55,896.77850142199
"37573",2020-12-12,"48","6  day ahead inc hosp",2020-12-18,"quantile",0.6,910.725417234804
"37574",2020-12-12,"48","6  day ahead inc hosp",2020-12-18,"quantile",0.65,925.140661665347
"37575",2020-12-12,"48","6  day ahead inc hosp",2020-12-18,"quantile",0.7,940.332157988009
"37576",2020-12-12,"48","6  day ahead inc hosp",2020-12-18,"quantile",0.75,956.726171076306
"37577",2020-12-12,"48","6  day ahead inc hosp",2020-12-18,"quantile",0.8,974.981682076317
"37578",2020-12-12,"48","6  day ahead inc hosp",2020-12-18,"quantile",0.85,996.260709722656
"37579",2020-12-12,"48","6  day ahead inc hosp",2020-12-18,"quantile",0.9,1023.03458540896
"37580",2020-12-12,"48","6  day ahead inc hosp",2020-12-18,"quantile",0.95,1062.71750238149
"37581",2020-12-12,"48","6  day ahead inc hosp",2020-12-18,"quantile",0.975,1097.13651478388
"37582",2020-12-12,"48","6  day ahead inc hosp",2020-12-18,"quantile",0.99,1137.15605502769
"37583",2020-12-12,"48","7  day ahead inc hosp",2020-12-19,"quantile",0.01,580.100041866223
"37584",2020-12-12,"48","7  day ahead inc hosp",2020-12-19,"quantile",0.025,622.012897738463
"37585",2020-12-12,"48","7  day ahead inc hosp",2020-12-19,"quantile",0.05,658.060266031473
"37586",2020-12-12,"48","7  day ahead inc hosp",2020-12-19,"quantile",0.1,699.62057305966
"37587",2020-12-12,"48","7  day ahead inc hosp",2020-12-19,"quantile",0.15,727.661114903577
"37588",2020-12-12,"48","7  day ahead inc hosp",2020-12-19,"quantile",0.2,749.946848657857
"37589",2020-12-12,"48","7  day ahead inc hosp",2020-12-19,"quantile",0.25,769.066023859669
"37590",2020-12-12,"48","7  day ahead inc hosp",2020-12-19,"quantile",0.3,786.235634093847
"37591",2020-12-12,"48","7  day ahead inc hosp",2020-12-19,"quantile",0.35,802.145836759251
"37592",2020-12-12,"48","7  day ahead inc hosp",2020-12-19,"quantile",0.4,817.243063226607
"37593",2020-12-12,"48","7  day ahead inc hosp",2020-12-19,"quantile",0.45,831.849804552554
"37594",2020-12-12,"48","7  day ahead inc hosp",2020-12-19,"quantile",0.5,846.224961513261
"37595",2020-12-12,"48","7  day ahead inc hosp",2020-12-19,"quantile",0.55,860.600118473969
"37596",2020-12-12,"48","7  day ahead inc hosp",2020-12-19,"quantile",0.6,875.206859799915
"37597",2020-12-12,"48","7  day ahead inc hosp",2020-12-19,"quantile",0.65,890.304086267272
"37598",2020-12-12,"48","7  day ahead inc hosp",2020-12-19,"quantile",0.7,906.214288932675
"37599",2020-12-12,"48","7  day ahead inc hosp",2020-12-19,"quantile",0.75,923.383899166853
"37600",2020-12-12,"48","7  day ahead inc hosp",2020-12-19,"quantile",0.8,942.503074368665
"37601",2020-12-12,"48","7  day ahead inc hosp",2020-12-19,"quantile",0.85,964.788808122945
"37602",2020-12-12,"48","7  day ahead inc hosp",2020-12-19,"quantile",0.9,992.829349966862
"37603",2020-12-12,"48","7  day ahead inc hosp",2020-12-19,"quantile",0.95,1034.38965699505
"37604",2020-12-12,"48","7  day ahead inc hosp",2020-12-19,"quantile",0.975,1070.43702528806
"37605",2020-12-12,"48","7  day ahead inc hosp",2020-12-19,"quantile",0.99,1112.3498811603
"37606",2020-12-12,"48","8  day ahead inc hosp",2020-12-20,"quantile",0.01,568.991512998886
"37607",2020-12-12,"48","8  day ahead inc hosp",2020-12-20,"quantile",0.025,613.516949955297
"37608",2020-12-12,"48","8  day ahead inc hosp",2020-12-20,"quantile",0.05,651.811282111221
"37609",2020-12-12,"48","8  day ahead inc hosp",2020-12-20,"quantile",0.1,695.962194569044
"37610",2020-12-12,"48","8  day ahead inc hosp",2020-12-20,"quantile",0.15,725.75060559741
"37611",2020-12-12,"48","8  day ahead inc hosp",2020-12-20,"quantile",0.2,749.425490370908
"37612",2020-12-12,"48","8  day ahead inc hosp",2020-12-20,"quantile",0.25,769.736433454858
"37613",2020-12-12,"48","8  day ahead inc hosp",2020-12-20,"quantile",0.3,787.976288080331
"37614",2020-12-12,"48","8  day ahead inc hosp",2020-12-20,"quantile",0.35,804.878231672567
"37615",2020-12-12,"48","8  day ahead inc hosp",2020-12-20,"quantile",0.4,820.916523296931
"37616",2020-12-12,"48","8  day ahead inc hosp",2020-12-20,"quantile",0.45,836.433756053141
"37617",2020-12-12,"48","8  day ahead inc hosp",2020-12-20,"quantile",0.5,851.704968946472
"37618",2020-12-12,"48","8  day ahead inc hosp",2020-12-20,"quantile",0.55,866.976181839804
"37619",2020-12-12,"48","8  day ahead inc hosp",2020-12-20,"quantile",0.6,882.493414596013
"37620",2020-12-12,"48","8  day ahead inc hosp",2020-12-20,"quantile",0.65,898.531706220378
"37621",2020-12-12,"48","8  day ahead inc hosp",2020-12-20,"quantile",0.7,915.433649812614
"37622",2020-12-12,"48","8  day ahead inc hosp",2020-12-20,"quantile",0.75,933.673504438087
"37623",2020-12-12,"48","8  day ahead inc hosp",2020-12-20,"quantile",0.8,953.984447522036
"37624",2020-12-12,"48","8  day ahead inc hosp",2020-12-20,"quantile",0.85,977.659332295535
"37625",2020-12-12,"48","8  day ahead inc hosp",2020-12-20,"quantile",0.9,1007.4477433239
"37626",2020-12-12,"48","8  day ahead inc hosp",2020-12-20,"quantile",0.95,1051.59865578172
"37627",2020-12-12,"48","8  day ahead inc hosp",2020-12-20,"quantile",0.975,1089.89298793765
"37628",2020-12-12,"48","8  day ahead inc hosp",2020-12-20,"quantile",0.99,1134.41842489406
"37629",2020-12-12,"48","9  day ahead inc hosp",2020-12-21,"quantile",0.01,602.806507157555
"37630",2020-12-12,"48","9  day ahead inc hosp",2020-12-21,"quantile",0.025,649.28955918511
"37631",2020-12-12,"48","9  day ahead inc hosp",2020-12-21,"quantile",0.05,689.267548299667
"37632",2020-12-12,"48","9  day ahead inc hosp",2020-12-21,"quantile",0.1,735.359609402854
"37633",2020-12-12,"48","9  day ahead inc hosp",2020-12-21,"quantile",0.15,766.457704206623
"37634",2020-12-12,"48","9  day ahead inc hosp",2020-12-21,"quantile",0.2,791.173484126992
"37635",2020-12-12,"48","9  day ahead inc hosp",2020-12-21,"quantile",0.25,812.377422563895
"37636",2020-12-12,"48","9  day ahead inc hosp",2020-12-21,"quantile",0.3,831.419214615501
"37637",2020-12-12,"48","9  day ahead inc hosp",2020-12-21,"quantile",0.35,849.064272745618
"37638",2020-12-12,"48","9  day ahead inc hosp",2020-12-21,"quantile",0.4,865.807707397102
"37639",2020-12-12,"48","9  day ahead inc hosp",2020-12-21,"quantile",0.45,882.007174192604
"37640",2020-12-12,"48","9  day ahead inc hosp",2020-12-21,"quantile",0.5,897.949804562285
"37641",2020-12-12,"48","9  day ahead inc hosp",2020-12-21,"quantile",0.55,913.892434931966
"37642",2020-12-12,"48","9  day ahead inc hosp",2020-12-21,"quantile",0.6,930.091901727467
"37643",2020-12-12,"48","9  day ahead inc hosp",2020-12-21,"quantile",0.65,946.835336378951
"37644",2020-12-12,"48","9  day ahead inc hosp",2020-12-21,"quantile",0.7,964.480394509068
"37645",2020-12-12,"48","9  day ahead inc hosp",2020-12-21,"quantile",0.75,983.522186560674
"37646",2020-12-12,"48","9  day ahead inc hosp",2020-12-21,"quantile",0.8,1004.72612499758
"37647",2020-12-12,"48","9  day ahead inc hosp",2020-12-21,"quantile",0.85,1029.44190491795
"37648",2020-12-12,"48","9  day ahead inc hosp",2020-12-21,"quantile",0.9,1060.53999972172
"37649",2020-12-12,"48","9  day ahead inc hosp",2020-12-21,"quantile",0.95,1106.6320608249
"37650",2020-12-12,"48","9  day ahead inc hosp",2020-12-21,"quantile",0.975,1146.61004993946
"37651",2020-12-12,"48","9  day ahead inc hosp",2020-12-21,"quantile",0.99,1193.09310196701
"37652",2020-12-12,"48","10  day ahead inc hosp",2020-12-22,"quantile",0.01,600.06206536265
"37653",2020-12-12,"48","10  day ahead inc hosp",2020-12-22,"quantile",0.025,647.959151446863
"37654",2020-12-12,"48","10  day ahead inc hosp",2020-12-22,"quantile",0.05,689.15328785939
"37655",2020-12-12,"48","10  day ahead inc hosp",2020-12-22,"quantile",0.1,736.647488910333
"37656",2020-12-12,"48","10  day ahead inc hosp",2020-12-22,"quantile",0.15,768.69160088018
"37657",2020-12-12,"48","10  day ahead inc hosp",2020-12-22,"quantile",0.2,794.159245254792
"37658",2020-12-12,"48","10  day ahead inc hosp",2020-12-22,"quantile",0.25,816.008216446156
"37659",2020-12-12,"48","10  day ahead inc hosp",2020-12-22,"quantile",0.3,835.629267846843
"37660",2020-12-12,"48","10  day ahead inc hosp",2020-12-22,"quantile",0.35,853.811096090783
"37661",2020-12-12,"48","10  day ahead inc hosp",2020-12-22,"quantile",0.4,871.063873089422
"37662",2020-12-12,"48","10  day ahead inc hosp",2020-12-22,"quantile",0.45,887.756134500367
"37663",2020-12-12,"48","10  day ahead inc hosp",2020-12-22,"quantile",0.5,904.183746413043
"37664",2020-12-12,"48","10  day ahead inc hosp",2020-12-22,"quantile",0.55,920.611358325719
"37665",2020-12-12,"48","10  day ahead inc hosp",2020-12-22,"quantile",0.6,937.303619736663
"37666",2020-12-12,"48","10  day ahead inc hosp",2020-12-22,"quantile",0.65,954.556396735302
"37667",2020-12-12,"48","10  day ahead inc hosp",2020-12-22,"quantile",0.7,972.738224979242
"37668",2020-12-12,"48","10  day ahead inc hosp",2020-12-22,"quantile",0.75,992.359276379929
"37669",2020-12-12,"48","10  day ahead inc hosp",2020-12-22,"quantile",0.8,1014.20824757129
"37670",2020-12-12,"48","10  day ahead inc hosp",2020-12-22,"quantile",0.85,1039.67589194591
"37671",2020-12-12,"48","10  day ahead inc hosp",2020-12-22,"quantile",0.9,1071.72000391575
"37672",2020-12-12,"48","10  day ahead inc hosp",2020-12-22,"quantile",0.95,1119.2142049667
"37673",2020-12-12,"48","10  day ahead inc hosp",2020-12-22,"quantile",0.975,1160.40834137922
"37674",2020-12-12,"48","10  day ahead inc hosp",2020-12-22,"quantile",0.99,1208.30542746344
"37675",2020-12-12,"48","11  day ahead inc hosp",2020-12-23,"quantile",0.01,540.296426970718
"37676",2020-12-12,"48","11  day ahead inc hosp",2020-12-23,"quantile",0.025,590.172427690729
"37677",2020-12-12,"48","11  day ahead inc hosp",2020-12-23,"quantile",0.05,633.068539862542
"37678",2020-12-12,"48","11  day ahead inc hosp",2020-12-23,"quantile",0.1,682.525009962796
"37679",2020-12-12,"48","11  day ahead inc hosp",2020-12-23,"quantile",0.15,715.893055544319
"37680",2020-12-12,"48","11  day ahead inc hosp",2020-12-23,"quantile",0.2,742.412920383942
"37681",2020-12-12,"48","11  day ahead inc hosp",2020-12-23,"quantile",0.25,765.164603042798
"37682",2020-12-12,"48","11  day ahead inc hosp",2020-12-23,"quantile",0.3,785.596317240765
"37683",2020-12-12,"48","11  day ahead inc hosp",2020-12-23,"quantile",0.35,804.529345379292
"37684",2020-12-12,"48","11  day ahead inc hosp",2020-12-23,"quantile",0.4,822.494937617897
"37685",2020-12-12,"48","11  day ahead inc hosp",2020-12-23,"quantile",0.45,839.876856022851
"37686",2020-12-12,"48","11  day ahead inc hosp",2020-12-23,"quantile",0.5,856.983190678452
"37687",2020-12-12,"48","11  day ahead inc hosp",2020-12-23,"quantile",0.55,874.089525334053
"37688",2020-12-12,"48","11  day ahead inc hosp",2020-12-23,"quantile",0.6,891.471443739008
"37689",2020-12-12,"48","11  day ahead inc hosp",2020-12-23,"quantile",0.65,909.437035977612
"37690",2020-12-12,"48","11  day ahead inc hosp",2020-12-23,"quantile",0.7,928.370064116139
"37691",2020-12-12,"48","11  day ahead inc hosp",2020-12-23,"quantile",0.75,948.801778314106
"37692",2020-12-12,"48","11  day ahead inc hosp",2020-12-23,"quantile",0.8,971.553460972962
"37693",2020-12-12,"48","11  day ahead inc hosp",2020-12-23,"quantile",0.85,998.073325812585
"37694",2020-12-12,"48","11  day ahead inc hosp",2020-12-23,"quantile",0.9,1031.44137139411
"37695",2020-12-12,"48","11  day ahead inc hosp",2020-12-23,"quantile",0.95,1080.89784149436
"37696",2020-12-12,"48","11  day ahead inc hosp",2020-12-23,"quantile",0.975,1123.79395366618
"37697",2020-12-12,"48","11  day ahead inc hosp",2020-12-23,"quantile",0.99,1173.66995438619
"37698",2020-12-12,"48","12  day ahead inc hosp",2020-12-24,"quantile",0.01,540.193743222534
"37699",2020-12-12,"48","12  day ahead inc hosp",2020-12-24,"quantile",0.025,592.184408954602
"37700",2020-12-12,"48","12  day ahead inc hosp",2020-12-24,"quantile",0.05,636.899249698344
"37701",2020-12-12,"48","12  day ahead inc hosp",2020-12-24,"quantile",0.1,688.452597363581
"37702",2020-12-12,"48","12  day ahead inc hosp",2020-12-24,"quantile",0.15,723.235396283249
"37703",2020-12-12,"48","12  day ahead inc hosp",2020-12-24,"quantile",0.2,750.879662227437
"37704",2020-12-12,"48","12  day ahead inc hosp",2020-12-24,"quantile",0.25,774.595980915437
"37705",2020-12-12,"48","12  day ahead inc hosp",2020-12-24,"quantile",0.3,795.893968080905
"37706",2020-12-12,"48","12  day ahead inc hosp",2020-12-24,"quantile",0.35,815.629727224301
"37707",2020-12-12,"48","12  day ahead inc hosp",2020-12-24,"quantile",0.4,834.35703268729
"37708",2020-12-12,"48","12  day ahead inc hosp",2020-12-24,"quantile",0.45,852.475917452073
"37709",2020-12-12,"48","12  day ahead inc hosp",2020-12-24,"quantile",0.5,870.307534144295
"37710",2020-12-12,"48","12  day ahead inc hosp",2020-12-24,"quantile",0.55,888.139150836518
"37711",2020-12-12,"48","12  day ahead inc hosp",2020-12-24,"quantile",0.6,906.2580356013
"37712",2020-12-12,"48","12  day ahead inc hosp",2020-12-24,"quantile",0.65,924.98534106429
"37713",2020-12-12,"48","12  day ahead inc hosp",2020-12-24,"quantile",0.7,944.721100207686
"37714",2020-12-12,"48","12  day ahead inc hosp",2020-12-24,"quantile",0.75,966.019087373154
"37715",2020-12-12,"48","12  day ahead inc hosp",2020-12-24,"quantile",0.8,989.735406061154
"37716",2020-12-12,"48","12  day ahead inc hosp",2020-12-24,"quantile",0.85,1017.37967200534
"37717",2020-12-12,"48","12  day ahead inc hosp",2020-12-24,"quantile",0.9,1052.16247092501
"37718",2020-12-12,"48","12  day ahead inc hosp",2020-12-24,"quantile",0.95,1103.71581859025
"37719",2020-12-12,"48","12  day ahead inc hosp",2020-12-24,"quantile",0.975,1148.43065933399
"37720",2020-12-12,"48","12  day ahead inc hosp",2020-12-24,"quantile",0.99,1200.42132506606
"37721",2020-12-12,"48","13  day ahead inc hosp",2020-12-25,"quantile",0.01,571.498829578011
"37722",2020-12-12,"48","13  day ahead inc hosp",2020-12-25,"quantile",0.025,624.875935693392
"37723",2020-12-12,"48","13  day ahead inc hosp",2020-12-25,"quantile",0.05,670.783191653743
"37724",2020-12-12,"48","13  day ahead inc hosp",2020-12-25,"quantile",0.1,723.711317696822
"37725",2020-12-12,"48","13  day ahead inc hosp",2020-12-25,"quantile",0.15,759.421673061246
"37726",2020-12-12,"48","13  day ahead inc hosp",2020-12-25,"quantile",0.2,787.803131463587
"37727",2020-12-12,"48","13  day ahead inc hosp",2020-12-25,"quantile",0.25,812.151895639822
"37728",2020-12-12,"48","13  day ahead inc hosp",2020-12-25,"quantile",0.3,834.017838400273
"37729",2020-12-12,"48","13  day ahead inc hosp",2020-12-25,"quantile",0.35,854.279893044727
"37730",2020-12-12,"48","13  day ahead inc hosp",2020-12-25,"quantile",0.4,873.50660147167
"37731",2020-12-12,"48","13  day ahead inc hosp",2020-12-25,"quantile",0.45,892.108664383621
"37732",2020-12-12,"48","13  day ahead inc hosp",2020-12-25,"quantile",0.5,910.415798616036
"37733",2020-12-12,"48","13  day ahead inc hosp",2020-12-25,"quantile",0.55,928.72293284845
"37734",2020-12-12,"48","13  day ahead inc hosp",2020-12-25,"quantile",0.6,947.324995760401
"37735",2020-12-12,"48","13  day ahead inc hosp",2020-12-25,"quantile",0.65,966.551704187344
"37736",2020-12-12,"48","13  day ahead inc hosp",2020-12-25,"quantile",0.7,986.813758831798
"37737",2020-12-12,"48","13  day ahead inc hosp",2020-12-25,"quantile",0.75,1008.67970159225
"37738",2020-12-12,"48","13  day ahead inc hosp",2020-12-25,"quantile",0.8,1033.02846576848
"37739",2020-12-12,"48","13  day ahead inc hosp",2020-12-25,"quantile",0.85,1061.40992417083
"37740",2020-12-12,"48","13  day ahead inc hosp",2020-12-25,"quantile",0.9,1097.12027953525
"37741",2020-12-12,"48","13  day ahead inc hosp",2020-12-25,"quantile",0.95,1150.04840557833
"37742",2020-12-12,"48","13  day ahead inc hosp",2020-12-25,"quantile",0.975,1195.95566153868
"37743",2020-12-12,"48","13  day ahead inc hosp",2020-12-25,"quantile",0.99,1249.33276765406
"37744",2020-12-12,"48","14  day ahead inc hosp",2020-12-26,"quantile",0.01,533.162889492428
"37745",2020-12-12,"48","14  day ahead inc hosp",2020-12-26,"quantile",0.025,587.963098358978
"37746",2020-12-12,"48","14  day ahead inc hosp",2020-12-26,"quantile",0.05,635.094301194878
"37747",2020-12-12,"48","14  day ahead inc hosp",2020-12-26,"quantile",0.1,689.433559599147
"37748",2020-12-12,"48","14  day ahead inc hosp",2020-12-26,"quantile",0.15,726.0959992683
"37749",2020-12-12,"48","14  day ahead inc hosp",2020-12-26,"quantile",0.2,755.234144094354
"37750",2020-12-12,"48","14  day ahead inc hosp",2020-12-26,"quantile",0.25,780.232077845497
"37751",2020-12-12,"48","14  day ahead inc hosp",2020-12-26,"quantile",0.3,802.680994947645
"37752",2020-12-12,"48","14  day ahead inc hosp",2020-12-26,"quantile",0.35,823.483262200225
"37753",2020-12-12,"48","14  day ahead inc hosp",2020-12-26,"quantile",0.4,843.222579564775
"37754",2020-12-12,"48","14  day ahead inc hosp",2020-12-26,"quantile",0.45,862.320597556235
"37755",2020-12-12,"48","14  day ahead inc hosp",2020-12-26,"quantile",0.5,881.115823687746
"37756",2020-12-12,"48","14  day ahead inc hosp",2020-12-26,"quantile",0.55,899.911049819258
"37757",2020-12-12,"48","14  day ahead inc hosp",2020-12-26,"quantile",0.6,919.009067810718
"37758",2020-12-12,"48","14  day ahead inc hosp",2020-12-26,"quantile",0.65,938.748385175267
"37759",2020-12-12,"48","14  day ahead inc hosp",2020-12-26,"quantile",0.7,959.550652427847
"37760",2020-12-12,"48","14  day ahead inc hosp",2020-12-26,"quantile",0.75,981.999569529996
"37761",2020-12-12,"48","14  day ahead inc hosp",2020-12-26,"quantile",0.8,1006.99750328114
"37762",2020-12-12,"48","14  day ahead inc hosp",2020-12-26,"quantile",0.85,1036.13564810719
"37763",2020-12-12,"48","14  day ahead inc hosp",2020-12-26,"quantile",0.9,1072.79808777635
"37764",2020-12-12,"48","14  day ahead inc hosp",2020-12-26,"quantile",0.95,1127.13734618061
"37765",2020-12-12,"48","14  day ahead inc hosp",2020-12-26,"quantile",0.975,1174.26854901651
"37766",2020-12-12,"48","14  day ahead inc hosp",2020-12-26,"quantile",0.99,1229.06875788306
"37767",2020-12-12,"48","15  day ahead inc hosp",2020-12-27,"quantile",0.01,508.443817047787
"37768",2020-12-12,"48","15  day ahead inc hosp",2020-12-27,"quantile",0.025,565.20135390276
"37769",2020-12-12,"48","15  day ahead inc hosp",2020-12-27,"quantile",0.05,614.015966790315
"37770",2020-12-12,"48","15  day ahead inc hosp",2020-12-27,"quantile",0.1,670.296089172016
"37771",2020-12-12,"48","15  day ahead inc hosp",2020-12-27,"quantile",0.15,708.26802055247
"37772",2020-12-12,"48","15  day ahead inc hosp",2020-12-27,"quantile",0.2,738.446907878934
"37773",2020-12-12,"48","15  day ahead inc hosp",2020-12-27,"quantile",0.25,764.33770602596
"37774",2020-12-12,"48","15  day ahead inc hosp",2020-12-27,"quantile",0.3,787.588442950744
"37775",2020-12-12,"48","15  day ahead inc hosp",2020-12-27,"quantile",0.35,809.133715764039
"37776",2020-12-12,"48","15  day ahead inc hosp",2020-12-27,"quantile",0.4,829.578072747034
"37777",2020-12-12,"48","15  day ahead inc hosp",2020-12-27,"quantile",0.45,849.358224728697
"37778",2020-12-12,"48","15  day ahead inc hosp",2020-12-27,"quantile",0.5,868.824769873709
"37779",2020-12-12,"48","15  day ahead inc hosp",2020-12-27,"quantile",0.55,888.291315018722
"37780",2020-12-12,"48","15  day ahead inc hosp",2020-12-27,"quantile",0.6,908.071467000385
"37781",2020-12-12,"48","15  day ahead inc hosp",2020-12-27,"quantile",0.65,928.51582398338
"37782",2020-12-12,"48","15  day ahead inc hosp",2020-12-27,"quantile",0.7,950.061096796674
"37783",2020-12-12,"48","15  day ahead inc hosp",2020-12-27,"quantile",0.75,973.311833721459
"37784",2020-12-12,"48","15  day ahead inc hosp",2020-12-27,"quantile",0.8,999.202631868485
"37785",2020-12-12,"48","15  day ahead inc hosp",2020-12-27,"quantile",0.85,1029.38151919495
"37786",2020-12-12,"48","15  day ahead inc hosp",2020-12-27,"quantile",0.9,1067.3534505754
"37787",2020-12-12,"48","15  day ahead inc hosp",2020-12-27,"quantile",0.95,1123.6335729571
"37788",2020-12-12,"48","15  day ahead inc hosp",2020-12-27,"quantile",0.975,1172.44818584466
"37789",2020-12-12,"48","15  day ahead inc hosp",2020-12-27,"quantile",0.99,1229.20572269963
"37790",2020-12-12,"48","16  day ahead inc hosp",2020-12-28,"quantile",0.01,537.630108573088
"37791",2020-12-12,"48","16  day ahead inc hosp",2020-12-28,"quantile",0.025,595.970160786571
"37792",2020-12-12,"48","16  day ahead inc hosp",2020-12-28,"quantile",0.05,646.145824186442
"37793",2020-12-12,"48","16  day ahead inc hosp",2020-12-28,"quantile",0.1,703.995150641876
"37794",2020-12-12,"48","16  day ahead inc hosp",2020-12-28,"quantile",0.15,743.025816561064
"37795",2020-12-12,"48","16  day ahead inc hosp",2020-12-28,"quantile",0.2,774.046152536346
"37796",2020-12-12,"48","16  day ahead inc hosp",2020-12-28,"quantile",0.25,800.658838700049
"37797",2020-12-12,"48","16  day ahead inc hosp",2020-12-28,"quantile",0.3,824.557853374697
"37798",2020-12-12,"48","16  day ahead inc hosp",2020-12-28,"quantile",0.35,846.703852135938
"37799",2020-12-12,"48","16  day ahead inc hosp",2020-12-28,"quantile",0.4,867.718239298416
"37800",2020-12-12,"48","16  day ahead inc hosp",2020-12-28,"quantile",0.45,888.049902075634
"37801",2020-12-12,"48","16  day ahead inc hosp",2020-12-28,"quantile",0.5,908.059214020901
"37802",2020-12-12,"48","16  day ahead inc hosp",2020-12-28,"quantile",0.55,928.068525966168
"37803",2020-12-12,"48","16  day ahead inc hosp",2020-12-28,"quantile",0.6,948.400188743386
"37804",2020-12-12,"48","16  day ahead inc hosp",2020-12-28,"quantile",0.65,969.414575905864
"37805",2020-12-12,"48","16  day ahead inc hosp",2020-12-28,"quantile",0.7,991.560574667105
"37806",2020-12-12,"48","16  day ahead inc hosp",2020-12-28,"quantile",0.75,1015.45958934175
"37807",2020-12-12,"48","16  day ahead inc hosp",2020-12-28,"quantile",0.8,1042.07227550546
"37808",2020-12-12,"48","16  day ahead inc hosp",2020-12-28,"quantile",0.85,1073.09261148074
"37809",2020-12-12,"48","16  day ahead inc hosp",2020-12-28,"quantile",0.9,1112.12327739993
"37810",2020-12-12,"48","16  day ahead inc hosp",2020-12-28,"quantile",0.95,1169.97260385536
"37811",2020-12-12,"48","16  day ahead inc hosp",2020-12-28,"quantile",0.975,1220.14826725523
"37812",2020-12-12,"48","16  day ahead inc hosp",2020-12-28,"quantile",0.99,1278.48831946871
"37813",2020-12-12,"48","17  day ahead inc hosp",2020-12-29,"quantile",0.01,539.924815623607
"37814",2020-12-12,"48","17  day ahead inc hosp",2020-12-29,"quantile",0.025,599.433118013908
"37815",2020-12-12,"48","17  day ahead inc hosp",2020-12-29,"quantile",0.05,650.613541015714
"37816",2020-12-12,"48","17  day ahead inc hosp",2020-12-29,"quantile",0.1,709.621290943466
"37817",2020-12-12,"48","17  day ahead inc hosp",2020-12-29,"quantile",0.15,749.4335396798
"37818",2020-12-12,"48","17  day ahead inc hosp",2020-12-29,"quantile",0.2,781.075052901469
"37819",2020-12-12,"48","17  day ahead inc hosp",2020-12-29,"quantile",0.25,808.220653831902
"37820",2020-12-12,"48","17  day ahead inc hosp",2020-12-29,"quantile",0.3,832.598242437497
"37821",2020-12-12,"48","17  day ahead inc hosp",2020-12-29,"quantile",0.35,855.187711267534
"37822",2020-12-12,"48","17  day ahead inc hosp",2020-12-29,"quantile",0.4,876.622908158265
"37823",2020-12-12,"48","17  day ahead inc hosp",2020-12-29,"quantile",0.45,897.361709217561
"37824",2020-12-12,"48","17  day ahead inc hosp",2020-12-29,"quantile",0.5,917.771704421261
"37825",2020-12-12,"48","17  day ahead inc hosp",2020-12-29,"quantile",0.55,938.181699624962
"37826",2020-12-12,"48","17  day ahead inc hosp",2020-12-29,"quantile",0.6,958.920500684257
"37827",2020-12-12,"48","17  day ahead inc hosp",2020-12-29,"quantile",0.65,980.355697574989
"37828",2020-12-12,"48","17  day ahead inc hosp",2020-12-29,"quantile",0.7,1002.94516640503
"37829",2020-12-12,"48","17  day ahead inc hosp",2020-12-29,"quantile",0.75,1027.32275501062
"37830",2020-12-12,"48","17  day ahead inc hosp",2020-12-29,"quantile",0.8,1054.46835594105
"37831",2020-12-12,"48","17  day ahead inc hosp",2020-12-29,"quantile",0.85,1086.10986916272
"37832",2020-12-12,"48","17  day ahead inc hosp",2020-12-29,"quantile",0.9,1125.92211789906
"37833",2020-12-12,"48","17  day ahead inc hosp",2020-12-29,"quantile",0.95,1184.92986782681
"37834",2020-12-12,"48","17  day ahead inc hosp",2020-12-29,"quantile",0.975,1236.11029082861
"37835",2020-12-12,"48","17  day ahead inc hosp",2020-12-29,"quantile",0.99,1295.61859321892
"37836",2020-12-12,"48","18  day ahead inc hosp",2020-12-30,"quantile",0.01,488.193781649126
"37837",2020-12-12,"48","18  day ahead inc hosp",2020-12-30,"quantile",0.025,549.257010160651
"37838",2020-12-12,"48","18  day ahead inc hosp",2020-12-30,"quantile",0.05,601.774755408668
"37839",2020-12-12,"48","18  day ahead inc hosp",2020-12-30,"quantile",0.1,662.324352238985
"37840",2020-12-12,"48","18  day ahead inc hosp",2020-12-30,"quantile",0.15,703.176877760544
"37841",2020-12-12,"48","18  day ahead inc hosp",2020-12-30,"quantile",0.2,735.645169993665
"37842",2020-12-12,"48","18  day ahead inc hosp",2020-12-30,"quantile",0.25,763.500073698125
"37843",2020-12-12,"48","18  day ahead inc hosp",2020-12-30,"quantile",0.3,788.51463811672
"37844",2020-12-12,"48","18  day ahead inc hosp",2020-12-30,"quantile",0.35,811.694359965873
"37845",2020-12-12,"48","18  day ahead inc hosp",2020-12-30,"quantile",0.4,833.689649250778
"37846",2020-12-12,"48","18  day ahead inc hosp",2020-12-30,"quantile",0.45,854.970346183333
"37847",2020-12-12,"48","18  day ahead inc hosp",2020-12-30,"quantile",0.5,875.913645705953
"37848",2020-12-12,"48","18  day ahead inc hosp",2020-12-30,"quantile",0.55,896.856945228573
"37849",2020-12-12,"48","18  day ahead inc hosp",2020-12-30,"quantile",0.6,918.137642161127
"37850",2020-12-12,"48","18  day ahead inc hosp",2020-12-30,"quantile",0.65,940.132931446032
"37851",2020-12-12,"48","18  day ahead inc hosp",2020-12-30,"quantile",0.7,963.312653295186
"37852",2020-12-12,"48","18  day ahead inc hosp",2020-12-30,"quantile",0.75,988.327217713781
"37853",2020-12-12,"48","18  day ahead inc hosp",2020-12-30,"quantile",0.8,1016.18212141824
"37854",2020-12-12,"48","18  day ahead inc hosp",2020-12-30,"quantile",0.85,1048.65041365136
"37855",2020-12-12,"48","18  day ahead inc hosp",2020-12-30,"quantile",0.9,1089.50293917292
"37856",2020-12-12,"48","18  day ahead inc hosp",2020-12-30,"quantile",0.95,1150.05253600324
"37857",2020-12-12,"48","18  day ahead inc hosp",2020-12-30,"quantile",0.975,1202.57028125125
"37858",2020-12-12,"48","18  day ahead inc hosp",2020-12-30,"quantile",0.99,1263.63350976278
"37859",2020-12-12,"48","19  day ahead inc hosp",2020-12-31,"quantile",0.01,485.055107460185
"37860",2020-12-12,"48","19  day ahead inc hosp",2020-12-31,"quantile",0.025,547.83743557728
"37861",2020-12-12,"48","19  day ahead inc hosp",2020-12-31,"quantile",0.05,601.833701325147
"37862",2020-12-12,"48","19  day ahead inc hosp",2020-12-31,"quantile",0.1,664.087937601587
"37863",2020-12-12,"48","19  day ahead inc hosp",2020-12-31,"quantile",0.15,706.090575264652
"37864",2020-12-12,"48","19  day ahead inc hosp",2020-12-31,"quantile",0.2,739.472940168545
"37865",2020-12-12,"48","19  day ahead inc hosp",2020-12-31,"quantile",0.25,768.112036833953
"37866",2020-12-12,"48","19  day ahead inc hosp",2020-12-31,"quantile",0.3,793.830830767982
"37867",2020-12-12,"48","19  day ahead inc hosp",2020-12-31,"quantile",0.35,817.663126214364
"37868",2020-12-12,"48","19  day ahead inc hosp",2020-12-31,"quantile",0.4,840.277644027726
"37869",2020-12-12,"48","19  day ahead inc hosp",2020-12-31,"quantile",0.45,862.157451727837
"37870",2020-12-12,"48","19  day ahead inc hosp",2020-12-31,"quantile",0.5,883.69036334314
"37871",2020-12-12,"48","19  day ahead inc hosp",2020-12-31,"quantile",0.55,905.223274958443
"37872",2020-12-12,"48","19  day ahead inc hosp",2020-12-31,"quantile",0.6,927.103082658554
"37873",2020-12-12,"48","19  day ahead inc hosp",2020-12-31,"quantile",0.65,949.717600471917
"37874",2020-12-12,"48","19  day ahead inc hosp",2020-12-31,"quantile",0.7,973.549895918298
"37875",2020-12-12,"48","19  day ahead inc hosp",2020-12-31,"quantile",0.75,999.268689852327
"37876",2020-12-12,"48","19  day ahead inc hosp",2020-12-31,"quantile",0.8,1027.90778651774
"37877",2020-12-12,"48","19  day ahead inc hosp",2020-12-31,"quantile",0.85,1061.29015142163
"37878",2020-12-12,"48","19  day ahead inc hosp",2020-12-31,"quantile",0.9,1103.29278908469
"37879",2020-12-12,"48","19  day ahead inc hosp",2020-12-31,"quantile",0.95,1165.54702536113
"37880",2020-12-12,"48","19  day ahead inc hosp",2020-12-31,"quantile",0.975,1219.543291109
"37881",2020-12-12,"48","19  day ahead inc hosp",2020-12-31,"quantile",0.99,1282.3256192261
"37882",2020-12-12,"48","20  day ahead inc hosp",2021-01-01,"quantile",0.01,514.661835194902
"37883",2020-12-12,"48","20  day ahead inc hosp",2021-01-01,"quantile",0.025,578.643815776686
"37884",2020-12-12,"48","20  day ahead inc hosp",2021-01-01,"quantile",0.05,633.671848826454
"37885",2020-12-12,"48","20  day ahead inc hosp",2021-01-01,"quantile",0.1,697.115646723596
"37886",2020-12-12,"48","20  day ahead inc hosp",2021-01-01,"quantile",0.15,739.920875964691
"37887",2020-12-12,"48","20  day ahead inc hosp",2021-01-01,"quantile",0.2,773.941115212133
"37888",2020-12-12,"48","20  day ahead inc hosp",2021-01-01,"quantile",0.25,803.127451266897
"37889",2020-12-12,"48","20  day ahead inc hosp",2021-01-01,"quantile",0.3,829.337683085711
"37890",2020-12-12,"48","20  day ahead inc hosp",2021-01-01,"quantile",0.35,853.625368971232
"37891",2020-12-12,"48","20  day ahead inc hosp",2021-01-01,"quantile",0.4,876.672007778611
"37892",2020-12-12,"48","20  day ahead inc hosp",2021-01-01,"quantile",0.45,898.969897541327
"37893",2020-12-12,"48","20  day ahead inc hosp",2021-01-01,"quantile",0.5,920.914262686086
"37894",2020-12-12,"48","20  day ahead inc hosp",2021-01-01,"quantile",0.55,942.858627830845
"37895",2020-12-12,"48","20  day ahead inc hosp",2021-01-01,"quantile",0.6,965.156517593561
"37896",2020-12-12,"48","20  day ahead inc hosp",2021-01-01,"quantile",0.65,988.20315640094
"37897",2020-12-12,"48","20  day ahead inc hosp",2021-01-01,"quantile",0.7,1012.49084228646
"37898",2020-12-12,"48","20  day ahead inc hosp",2021-01-01,"quantile",0.75,1038.70107410528
"37899",2020-12-12,"48","20  day ahead inc hosp",2021-01-01,"quantile",0.8,1067.88741016004
"37900",2020-12-12,"48","20  day ahead inc hosp",2021-01-01,"quantile",0.85,1101.90764940748
"37901",2020-12-12,"48","20  day ahead inc hosp",2021-01-01,"quantile",0.9,1144.71287864858
"37902",2020-12-12,"48","20  day ahead inc hosp",2021-01-01,"quantile",0.95,1208.15667654572
"37903",2020-12-12,"48","20  day ahead inc hosp",2021-01-01,"quantile",0.975,1263.18470959549
"37904",2020-12-12,"48","20  day ahead inc hosp",2021-01-01,"quantile",0.99,1327.16669017727
"37905",2020-12-12,"48","21  day ahead inc hosp",2021-01-02,"quantile",0.01,484.352735031045
"37906",2020-12-12,"48","21  day ahead inc hosp",2021-01-02,"quantile",0.025,549.523308436707
"37907",2020-12-12,"48","21  day ahead inc hosp",2021-01-02,"quantile",0.05,605.573596887141
"37908",2020-12-12,"48","21  day ahead inc hosp",2021-01-02,"quantile",0.1,670.195989792039
"37909",2020-12-12,"48","21  day ahead inc hosp",2021-01-02,"quantile",0.15,713.796411489476
"37910",2020-12-12,"48","21  day ahead inc hosp",2021-01-02,"quantile",0.2,748.448644493103
"37911",2020-12-12,"48","21  day ahead inc hosp",2021-01-02,"quantile",0.25,778.177174916883
"37912",2020-12-12,"48","21  day ahead inc hosp",2021-01-02,"quantile",0.3,804.874314036296
"37913",2020-12-12,"48","21  day ahead inc hosp",2021-01-02,"quantile",0.35,829.613192099515
"37914",2020-12-12,"48","21  day ahead inc hosp",2021-01-02,"quantile",0.4,853.087968161349
"37915",2020-12-12,"48","21  day ahead inc hosp",2021-01-02,"quantile",0.45,875.800085672544
"37916",2020-12-12,"48","21  day ahead inc hosp",2021-01-02,"quantile",0.5,898.152111141326
"37917",2020-12-12,"48","21  day ahead inc hosp",2021-01-02,"quantile",0.55,920.504136610108
"37918",2020-12-12,"48","21  day ahead inc hosp",2021-01-02,"quantile",0.6,943.216254121303
"37919",2020-12-12,"48","21  day ahead inc hosp",2021-01-02,"quantile",0.65,966.691030183137
"37920",2020-12-12,"48","21  day ahead inc hosp",2021-01-02,"quantile",0.7,991.429908246356
"37921",2020-12-12,"48","21  day ahead inc hosp",2021-01-02,"quantile",0.75,1018.12704736577
"37922",2020-12-12,"48","21  day ahead inc hosp",2021-01-02,"quantile",0.8,1047.85557778955
"37923",2020-12-12,"48","21  day ahead inc hosp",2021-01-02,"quantile",0.85,1082.50781079318
"37924",2020-12-12,"48","21  day ahead inc hosp",2021-01-02,"quantile",0.9,1126.10823249061
"37925",2020-12-12,"48","21  day ahead inc hosp",2021-01-02,"quantile",0.95,1190.73062539551
"37926",2020-12-12,"48","21  day ahead inc hosp",2021-01-02,"quantile",0.975,1246.78091384594
"37927",2020-12-12,"48","21  day ahead inc hosp",2021-01-02,"quantile",0.99,1311.95148725161
"37928",2020-12-12,"48","22  day ahead inc hosp",2021-01-03,"quantile",0.01,459.188980082174
"37929",2020-12-12,"48","22  day ahead inc hosp",2021-01-03,"quantile",0.025,525.963448300518
"37930",2020-12-12,"48","22  day ahead inc hosp",2021-01-03,"quantile",0.05,583.393174773315
"37931",2020-12-12,"48","22  day ahead inc hosp",2021-01-03,"quantile",0.1,649.605971373422
"37932",2020-12-12,"48","22  day ahead inc hosp",2021-01-03,"quantile",0.15,694.279430893558
"37933",2020-12-12,"48","22  day ahead inc hosp",2021-01-03,"quantile",0.2,729.784480342675
"37934",2020-12-12,"48","22  day ahead inc hosp",2021-01-03,"quantile",0.25,760.24465134047
"37935",2020-12-12,"48","22  day ahead inc hosp",2021-01-03,"quantile",0.3,787.59882630765
"37936",2020-12-12,"48","22  day ahead inc hosp",2021-01-03,"quantile",0.35,812.946546001741
"37937",2020-12-12,"48","22  day ahead inc hosp",2021-01-03,"quantile",0.4,836.99905323252
"37938",2020-12-12,"48","22  day ahead inc hosp",2021-01-03,"quantile",0.45,860.270132335697
"37939",2020-12-12,"48","22  day ahead inc hosp",2021-01-03,"quantile",0.5,883.172257271598
"37940",2020-12-12,"48","22  day ahead inc hosp",2021-01-03,"quantile",0.55,906.0743822075
"37941",2020-12-12,"48","22  day ahead inc hosp",2021-01-03,"quantile",0.6,929.345461310677
"37942",2020-12-12,"48","22  day ahead inc hosp",2021-01-03,"quantile",0.65,953.397968541455
"37943",2020-12-12,"48","22  day ahead inc hosp",2021-01-03,"quantile",0.7,978.745688235546
"37944",2020-12-12,"48","22  day ahead inc hosp",2021-01-03,"quantile",0.75,1006.09986320273
"37945",2020-12-12,"48","22  day ahead inc hosp",2021-01-03,"quantile",0.8,1036.56003420052
"37946",2020-12-12,"48","22  day ahead inc hosp",2021-01-03,"quantile",0.85,1072.06508364964
"37947",2020-12-12,"48","22  day ahead inc hosp",2021-01-03,"quantile",0.9,1116.73854316977
"37948",2020-12-12,"48","22  day ahead inc hosp",2021-01-03,"quantile",0.95,1182.95133976988
"37949",2020-12-12,"48","22  day ahead inc hosp",2021-01-03,"quantile",0.975,1240.38106624268
"37950",2020-12-12,"48","22  day ahead inc hosp",2021-01-03,"quantile",0.99,1307.15553446102
"37951",2020-12-12,"48","23  day ahead inc hosp",2021-01-04,"quantile",0.01,483.354961399472
"37952",2020-12-12,"48","23  day ahead inc hosp",2021-01-04,"quantile",0.025,551.501742905986
"37953",2020-12-12,"48","23  day ahead inc hosp",2021-01-04,"quantile",0.05,610.111734514208
"37954",2020-12-12,"48","23  day ahead inc hosp",2021-01-04,"quantile",0.1,677.685301226691
"37955",2020-12-12,"48","23  day ahead inc hosp",2021-01-04,"quantile",0.15,723.276865881375
"37956",2020-12-12,"48","23  day ahead inc hosp",2021-01-04,"quantile",0.2,759.511596186907
"37957",2020-12-12,"48","23  day ahead inc hosp",2021-01-04,"quantile",0.25,790.59776838749
"37958",2020-12-12,"48","23  day ahead inc hosp",2021-01-04,"quantile",0.3,818.514111782155
"37959",2020-12-12,"48","23  day ahead inc hosp",2021-01-04,"quantile",0.35,844.382764304154
"37960",2020-12-12,"48","23  day ahead inc hosp",2021-01-04,"quantile",0.4,868.929585846485
"37961",2020-12-12,"48","23  day ahead inc hosp",2021-01-04,"quantile",0.45,892.678919766741
"37962",2020-12-12,"48","23  day ahead inc hosp",2021-01-04,"quantile",0.5,916.051716970284
"37963",2020-12-12,"48","23  day ahead inc hosp",2021-01-04,"quantile",0.55,939.424514173827
"37964",2020-12-12,"48","23  day ahead inc hosp",2021-01-04,"quantile",0.6,963.173848094083
"37965",2020-12-12,"48","23  day ahead inc hosp",2021-01-04,"quantile",0.65,987.720669636415
"37966",2020-12-12,"48","23  day ahead inc hosp",2021-01-04,"quantile",0.7,1013.58932215841
"37967",2020-12-12,"48","23  day ahead inc hosp",2021-01-04,"quantile",0.75,1041.50566555308
"37968",2020-12-12,"48","23  day ahead inc hosp",2021-01-04,"quantile",0.8,1072.59183775366
"37969",2020-12-12,"48","23  day ahead inc hosp",2021-01-04,"quantile",0.85,1108.82656805919
"37970",2020-12-12,"48","23  day ahead inc hosp",2021-01-04,"quantile",0.9,1154.41813271388
"37971",2020-12-12,"48","23  day ahead inc hosp",2021-01-04,"quantile",0.95,1221.99169942636
"37972",2020-12-12,"48","23  day ahead inc hosp",2021-01-04,"quantile",0.975,1280.60169103458
"37973",2020-12-12,"48","23  day ahead inc hosp",2021-01-04,"quantile",0.99,1348.7484725411
"37974",2020-12-12,"48","24  day ahead inc hosp",2021-01-05,"quantile",0.01,489.011838523314
"37975",2020-12-12,"48","24  day ahead inc hosp",2021-01-05,"quantile",0.025,558.191473276806
"37976",2020-12-12,"48","24  day ahead inc hosp",2021-01-05,"quantile",0.05,617.689775657739
"37977",2020-12-12,"48","24  day ahead inc hosp",2021-01-05,"quantile",0.1,686.287507800282
"37978",2020-12-12,"48","24  day ahead inc hosp",2021-01-05,"quantile",0.15,732.570072008392
"37979",2020-12-12,"48","24  day ahead inc hosp",2021-01-05,"quantile",0.2,769.353986853855
"37980",2020-12-12,"48","24  day ahead inc hosp",2021-01-05,"quantile",0.25,800.911310489379
"37981",2020-12-12,"48","24  day ahead inc hosp",2021-01-05,"quantile",0.3,829.250762434169
"37982",2020-12-12,"48","24  day ahead inc hosp",2021-01-05,"quantile",0.35,855.511488083638
"37983",2020-12-12,"48","24  day ahead inc hosp",2021-01-05,"quantile",0.4,880.430348683023
"37984",2020-12-12,"48","24  day ahead inc hosp",2021-01-05,"quantile",0.45,904.539634696553
"37985",2020-12-12,"48","24  day ahead inc hosp",2021-01-05,"quantile",0.5,928.266677088921
"37986",2020-12-12,"48","24  day ahead inc hosp",2021-01-05,"quantile",0.55,951.993719481289
"37987",2020-12-12,"48","24  day ahead inc hosp",2021-01-05,"quantile",0.6,976.103005494819
"37988",2020-12-12,"48","24  day ahead inc hosp",2021-01-05,"quantile",0.65,1001.0218660942
"37989",2020-12-12,"48","24  day ahead inc hosp",2021-01-05,"quantile",0.7,1027.28259174367
"37990",2020-12-12,"48","24  day ahead inc hosp",2021-01-05,"quantile",0.75,1055.62204368846
"37991",2020-12-12,"48","24  day ahead inc hosp",2021-01-05,"quantile",0.8,1087.17936732399
"37992",2020-12-12,"48","24  day ahead inc hosp",2021-01-05,"quantile",0.85,1123.96328216945
"37993",2020-12-12,"48","24  day ahead inc hosp",2021-01-05,"quantile",0.9,1170.24584637756
"37994",2020-12-12,"48","24  day ahead inc hosp",2021-01-05,"quantile",0.95,1238.8435785201
"37995",2020-12-12,"48","24  day ahead inc hosp",2021-01-05,"quantile",0.975,1298.34188090104
"37996",2020-12-12,"48","24  day ahead inc hosp",2021-01-05,"quantile",0.99,1367.52151565453
"37997",2020-12-12,"48","25  day ahead inc hosp",2021-01-06,"quantile",0.01,443.962221537073
"37998",2020-12-12,"48","25  day ahead inc hosp",2021-01-06,"quantile",0.025,514.449255174421
"37999",2020-12-12,"48","25  day ahead inc hosp",2021-01-06,"quantile",0.05,575.071992721879
"38000",2020-12-12,"48","25  day ahead inc hosp",2021-01-06,"quantile",0.1,644.966126598223
"38001",2020-12-12,"48","25  day ahead inc hosp",2021-01-06,"quantile",0.15,692.123366901448
"38002",2020-12-12,"48","25  day ahead inc hosp",2021-01-06,"quantile",0.2,729.602446579512
"38003",2020-12-12,"48","25  day ahead inc hosp",2021-01-06,"quantile",0.25,761.756159742757
"38004",2020-12-12,"48","25  day ahead inc hosp",2021-01-06,"quantile",0.3,790.631187915634
"38005",2020-12-12,"48","25  day ahead inc hosp",2021-01-06,"quantile",0.35,817.388204757239
"38006",2020-12-12,"48","25  day ahead inc hosp",2021-01-06,"quantile",0.4,842.777997165541
"38007",2020-12-12,"48","25  day ahead inc hosp",2021-01-06,"quantile",0.45,867.342915154246
"38008",2020-12-12,"48","25  day ahead inc hosp",2021-01-06,"quantile",0.5,891.518365648962
"38009",2020-12-12,"48","25  day ahead inc hosp",2021-01-06,"quantile",0.55,915.693816143679
"38010",2020-12-12,"48","25  day ahead inc hosp",2021-01-06,"quantile",0.6,940.258734132384
"38011",2020-12-12,"48","25  day ahead inc hosp",2021-01-06,"quantile",0.65,965.648526540686
"38012",2020-12-12,"48","25  day ahead inc hosp",2021-01-06,"quantile",0.7,992.405543382291
"38013",2020-12-12,"48","25  day ahead inc hosp",2021-01-06,"quantile",0.75,1021.28057155517
"38014",2020-12-12,"48","25  day ahead inc hosp",2021-01-06,"quantile",0.8,1053.43428471841
"38015",2020-12-12,"48","25  day ahead inc hosp",2021-01-06,"quantile",0.85,1090.91336439648
"38016",2020-12-12,"48","25  day ahead inc hosp",2021-01-06,"quantile",0.9,1138.0706046997
"38017",2020-12-12,"48","25  day ahead inc hosp",2021-01-06,"quantile",0.95,1207.96473857605
"38018",2020-12-12,"48","25  day ahead inc hosp",2021-01-06,"quantile",0.975,1268.5874761235
"38019",2020-12-12,"48","25  day ahead inc hosp",2021-01-06,"quantile",0.99,1339.07450976085
"38020",2020-12-12,"48","26  day ahead inc hosp",2021-01-07,"quantile",0.01,437.864167746107
"38021",2020-12-12,"48","26  day ahead inc hosp",2021-01-07,"quantile",0.025,509.826102278701
"38022",2020-12-12,"48","26  day ahead inc hosp",2021-01-07,"quantile",0.05,571.717335963208
"38023",2020-12-12,"48","26  day ahead inc hosp",2021-01-07,"quantile",0.1,643.073964646145
"38024",2020-12-12,"48","26  day ahead inc hosp",2021-01-07,"quantile",0.15,691.217943252168
"38025",2020-12-12,"48","26  day ahead inc hosp",2021-01-07,"quantile",0.2,729.481251253055
"38026",2020-12-12,"48","26  day ahead inc hosp",2021-01-07,"quantile",0.25,762.307762488269
"38027",2020-12-12,"48","26  day ahead inc hosp",2021-01-07,"quantile",0.3,791.786984123472
"38028",2020-12-12,"48","26  day ahead inc hosp",2021-01-07,"quantile",0.35,819.103876250748
"38029",2020-12-12,"48","26  day ahead inc hosp",2021-01-07,"quantile",0.4,845.024935554827
"38030",2020-12-12,"48","26  day ahead inc hosp",2021-01-07,"quantile",0.45,870.1038604135
"38031",2020-12-12,"48","26  day ahead inc hosp",2021-01-07,"quantile",0.5,894.785168393454
"38032",2020-12-12,"48","26  day ahead inc hosp",2021-01-07,"quantile",0.55,919.466476373408
"38033",2020-12-12,"48","26  day ahead inc hosp",2021-01-07,"quantile",0.6,944.545401232081
"38034",2020-12-12,"48","26  day ahead inc hosp",2021-01-07,"quantile",0.65,970.46646053616
"38035",2020-12-12,"48","26  day ahead inc hosp",2021-01-07,"quantile",0.7,997.783352663436
"38036",2020-12-12,"48","26  day ahead inc hosp",2021-01-07,"quantile",0.75,1027.26257429864
"38037",2020-12-12,"48","26  day ahead inc hosp",2021-01-07,"quantile",0.8,1060.08908553385
"38038",2020-12-12,"48","26  day ahead inc hosp",2021-01-07,"quantile",0.85,1098.35239353474
"38039",2020-12-12,"48","26  day ahead inc hosp",2021-01-07,"quantile",0.9,1146.49637214076
"38040",2020-12-12,"48","26  day ahead inc hosp",2021-01-07,"quantile",0.95,1217.8530008237
"38041",2020-12-12,"48","26  day ahead inc hosp",2021-01-07,"quantile",0.975,1279.74423450821
"38042",2020-12-12,"48","26  day ahead inc hosp",2021-01-07,"quantile",0.99,1351.7061690408
"38043",2020-12-12,"48","27  day ahead inc hosp",2021-01-08,"quantile",0.01,465.112691511049
"38044",2020-12-12,"48","27  day ahead inc hosp",2021-01-08,"quantile",0.025,538.159826361148
"38045",2020-12-12,"48","27  day ahead inc hosp",2021-01-08,"quantile",0.05,600.984392186897
"38046",2020-12-12,"48","27  day ahead inc hosp",2021-01-08,"quantile",0.1,673.417093054465
"38047",2020-12-12,"48","27  day ahead inc hosp",2021-01-08,"quantile",0.15,722.287092454795
"38048",2020-12-12,"48","27  day ahead inc hosp",2021-01-08,"quantile",0.2,761.12741876767
"38049",2020-12-12,"48","27  day ahead inc hosp",2021-01-08,"quantile",0.25,794.448960335884
"38050",2020-12-12,"48","27  day ahead inc hosp",2021-01-08,"quantile",0.3,824.372734509677
"38051",2020-12-12,"48","27  day ahead inc hosp",2021-01-08,"quantile",0.35,852.101570815529
"38052",2020-12-12,"48","27  day ahead inc hosp",2021-01-08,"quantile",0.4,878.413524860969
"38053",2020-12-12,"48","27  day ahead inc hosp",2021-01-08,"quantile",0.45,903.870644905694
"38054",2020-12-12,"48","27  day ahead inc hosp",2021-01-08,"quantile",0.5,928.924151929911
"38055",2020-12-12,"48","27  day ahead inc hosp",2021-01-08,"quantile",0.55,953.977658954127
"38056",2020-12-12,"48","27  day ahead inc hosp",2021-01-08,"quantile",0.6,979.434778998853
"38057",2020-12-12,"48","27  day ahead inc hosp",2021-01-08,"quantile",0.65,1005.74673304429
"38058",2020-12-12,"48","27  day ahead inc hosp",2021-01-08,"quantile",0.7,1033.47556935014
"38059",2020-12-12,"48","27  day ahead inc hosp",2021-01-08,"quantile",0.75,1063.39934352394
"38060",2020-12-12,"48","27  day ahead inc hosp",2021-01-08,"quantile",0.8,1096.72088509215
"38061",2020-12-12,"48","27  day ahead inc hosp",2021-01-08,"quantile",0.85,1135.56121140503
"38062",2020-12-12,"48","27  day ahead inc hosp",2021-01-08,"quantile",0.9,1184.43121080536
"38063",2020-12-12,"48","27  day ahead inc hosp",2021-01-08,"quantile",0.95,1256.86391167292
"38064",2020-12-12,"48","27  day ahead inc hosp",2021-01-08,"quantile",0.975,1319.68847749867
"38065",2020-12-12,"48","27  day ahead inc hosp",2021-01-08,"quantile",0.99,1392.73561234877
"38066",2020-12-12,"48","28  day ahead inc hosp",2021-01-09,"quantile",0.01,441.337946591176
"38067",2020-12-12,"48","28  day ahead inc hosp",2021-01-09,"quantile",0.025,515.429382518779
"38068",2020-12-12,"48","28  day ahead inc hosp",2021-01-09,"quantile",0.05,579.152104883045
"38069",2020-12-12,"48","28  day ahead inc hosp",2021-01-09,"quantile",0.1,652.620322718085
"38070",2020-12-12,"48","28  day ahead inc hosp",2021-01-09,"quantile",0.15,702.18898050024
"38071",2020-12-12,"48","28  day ahead inc hosp",2021-01-09,"quantile",0.2,741.584578347068
"38072",2020-12-12,"48","28  day ahead inc hosp",2021-01-09,"quantile",0.25,775.3824934491
"38073",2020-12-12,"48","28  day ahead inc hosp",2021-01-09,"quantile",0.3,805.734065779204
"38074",2020-12-12,"48","28  day ahead inc hosp",2021-01-09,"quantile",0.35,833.859320831548
"38075",2020-12-12,"48","28  day ahead inc hosp",2021-01-09,"quantile",0.4,860.547437501535
"38076",2020-12-12,"48","28  day ahead inc hosp",2021-01-09,"quantile",0.45,886.368499238805
"38077",2020-12-12,"48","28  day ahead inc hosp",2021-01-09,"quantile",0.5,911.780177797529
"38078",2020-12-12,"48","28  day ahead inc hosp",2021-01-09,"quantile",0.55,937.191856356253
"38079",2020-12-12,"48","28  day ahead inc hosp",2021-01-09,"quantile",0.6,963.012918093522
"38080",2020-12-12,"48","28  day ahead inc hosp",2021-01-09,"quantile",0.65,989.701034763509
"38081",2020-12-12,"48","28  day ahead inc hosp",2021-01-09,"quantile",0.7,1017.82628981585
"38082",2020-12-12,"48","28  day ahead inc hosp",2021-01-09,"quantile",0.75,1048.17786214596
"38083",2020-12-12,"48","28  day ahead inc hosp",2021-01-09,"quantile",0.8,1081.97577724799
"38084",2020-12-12,"48","28  day ahead inc hosp",2021-01-09,"quantile",0.85,1121.37137509482
"38085",2020-12-12,"48","28  day ahead inc hosp",2021-01-09,"quantile",0.9,1170.94003287697
"38086",2020-12-12,"48","28  day ahead inc hosp",2021-01-09,"quantile",0.95,1244.40825071201
"38087",2020-12-12,"48","28  day ahead inc hosp",2021-01-09,"quantile",0.975,1308.13097307628
"38088",2020-12-12,"48","28  day ahead inc hosp",2021-01-09,"quantile",0.99,1382.22240900388
"38089",2020-12-12,"48","29  day ahead inc hosp",2021-01-10,"quantile",0.01,405.674373611791
"38090",2020-12-12,"48","29  day ahead inc hosp",2021-01-10,"quantile",0.025,481.140691910193
"38091",2020-12-12,"48","29  day ahead inc hosp",2021-01-10,"quantile",0.05,546.045888962676
"38092",2020-12-12,"48","29  day ahead inc hosp",2021-01-10,"quantile",0.1,620.877424382952
"38093",2020-12-12,"48","29  day ahead inc hosp",2021-01-10,"quantile",0.15,671.365906067501
"38094",2020-12-12,"48","29  day ahead inc hosp",2021-01-10,"quantile",0.2,711.492550792941
"38095",2020-12-12,"48","29  day ahead inc hosp",2021-01-10,"quantile",0.25,745.917639023173
"38096",2020-12-12,"48","29  day ahead inc hosp",2021-01-10,"quantile",0.3,776.832432206002
"38097",2020-12-12,"48","29  day ahead inc hosp",2021-01-10,"quantile",0.35,805.479595315081
"38098",2020-12-12,"48","29  day ahead inc hosp",2021-01-10,"quantile",0.4,832.66295169341
"38099",2020-12-12,"48","29  day ahead inc hosp",2021-01-10,"quantile",0.45,858.963163579863
"38100",2020-12-12,"48","29  day ahead inc hosp",2021-01-10,"quantile",0.5,884.846395543179
"38101",2020-12-12,"48","29  day ahead inc hosp",2021-01-10,"quantile",0.55,910.729627506496
"38102",2020-12-12,"48","29  day ahead inc hosp",2021-01-10,"quantile",0.6,937.029839392949
"38103",2020-12-12,"48","29  day ahead inc hosp",2021-01-10,"quantile",0.65,964.213195771277
"38104",2020-12-12,"48","29  day ahead inc hosp",2021-01-10,"quantile",0.7,992.860358880357
"38105",2020-12-12,"48","29  day ahead inc hosp",2021-01-10,"quantile",0.75,1023.77515206319
"38106",2020-12-12,"48","29  day ahead inc hosp",2021-01-10,"quantile",0.8,1058.20024029342
"38107",2020-12-12,"48","29  day ahead inc hosp",2021-01-10,"quantile",0.85,1098.32688501886
"38108",2020-12-12,"48","29  day ahead inc hosp",2021-01-10,"quantile",0.9,1148.81536670341
"38109",2020-12-12,"48","29  day ahead inc hosp",2021-01-10,"quantile",0.95,1223.64690212368
"38110",2020-12-12,"48","29  day ahead inc hosp",2021-01-10,"quantile",0.975,1288.55209917617
"38111",2020-12-12,"48","29  day ahead inc hosp",2021-01-10,"quantile",0.99,1364.01841747457
"38112",2020-12-12,"48","30  day ahead inc hosp",2021-01-11,"quantile",0.01,425.036363284702
"38113",2020-12-12,"48","30  day ahead inc hosp",2021-01-11,"quantile",0.025,501.733734683571
"38114",2020-12-12,"48","30  day ahead inc hosp",2021-01-11,"quantile",0.05,567.697705317029
"38115",2020-12-12,"48","30  day ahead inc hosp",2021-01-11,"quantile",0.1,643.749938868193
"38116",2020-12-12,"48","30  day ahead inc hosp",2021-01-11,"quantile",0.15,695.062019786375
"38117",2020-12-12,"48","30  day ahead inc hosp",2021-01-11,"quantile",0.2,735.843235074079
"38118",2020-12-12,"48","30  day ahead inc hosp",2021-01-11,"quantile",0.25,770.829886562665
"38119",2020-12-12,"48","30  day ahead inc hosp",2021-01-11,"quantile",0.3,802.248980907338
"38120",2020-12-12,"48","30  day ahead inc hosp",2021-01-11,"quantile",0.35,831.363454198764
"38121",2020-12-12,"48","30  day ahead inc hosp",2021-01-11,"quantile",0.4,858.990242241777
"38122",2020-12-12,"48","30  day ahead inc hosp",2021-01-11,"quantile",0.45,885.719479395604
"38123",2020-12-12,"48","30  day ahead inc hosp",2021-01-11,"quantile",0.5,912.024934592769
"38124",2020-12-12,"48","30  day ahead inc hosp",2021-01-11,"quantile",0.55,938.330389789933
"38125",2020-12-12,"48","30  day ahead inc hosp",2021-01-11,"quantile",0.6,965.059626943761
"38126",2020-12-12,"48","30  day ahead inc hosp",2021-01-11,"quantile",0.65,992.686414986773
"38127",2020-12-12,"48","30  day ahead inc hosp",2021-01-11,"quantile",0.7,1021.8008882782
"38128",2020-12-12,"48","30  day ahead inc hosp",2021-01-11,"quantile",0.75,1053.21998262287
"38129",2020-12-12,"48","30  day ahead inc hosp",2021-01-11,"quantile",0.8,1088.20663411146
"38130",2020-12-12,"48","30  day ahead inc hosp",2021-01-11,"quantile",0.85,1128.98784939916
"38131",2020-12-12,"48","30  day ahead inc hosp",2021-01-11,"quantile",0.9,1180.29993031734
"38132",2020-12-12,"48","30  day ahead inc hosp",2021-01-11,"quantile",0.95,1256.35216386851
"38133",2020-12-12,"48","30  day ahead inc hosp",2021-01-11,"quantile",0.975,1322.31613450197
"38134",2020-12-12,"48","30  day ahead inc hosp",2021-01-11,"quantile",0.99,1399.01350590084
"38135",2020-12-12,"48","31  day ahead inc hosp",2021-01-12,"quantile",0.01,432.934011134363
"38136",2020-12-12,"48","31  day ahead inc hosp",2021-01-12,"quantile",0.025,510.57649675142
"38137",2020-12-12,"48","31  day ahead inc hosp",2021-01-12,"quantile",0.05,577.353317752454
"38138",2020-12-12,"48","31  day ahead inc hosp",2021-01-12,"quantile",0.1,654.342715719335
"38139",2020-12-12,"48","31  day ahead inc hosp",2021-01-12,"quantile",0.15,706.287097019603
"38140",2020-12-12,"48","31  day ahead inc hosp",2021-01-12,"quantile",0.2,747.570844606659
"38141",2020-12-12,"48","31  day ahead inc hosp",2021-01-12,"quantile",0.25,782.988624061766
"38142",2020-12-12,"48","31  day ahead inc hosp",2021-01-12,"quantile",0.3,814.794884644943
"38143",2020-12-12,"48","31  day ahead inc hosp",2021-01-12,"quantile",0.35,844.268125155648
"38144",2020-12-12,"48","31  day ahead inc hosp",2021-01-12,"quantile",0.4,872.235348205832
"38145",2020-12-12,"48","31  day ahead inc hosp",2021-01-12,"quantile",0.45,899.293960168922
"38146",2020-12-12,"48","31  day ahead inc hosp",2021-01-12,"quantile",0.5,925.923568062186
"38147",2020-12-12,"48","31  day ahead inc hosp",2021-01-12,"quantile",0.55,952.55317595545
"38148",2020-12-12,"48","31  day ahead inc hosp",2021-01-12,"quantile",0.6,979.611787918539
"38149",2020-12-12,"48","31  day ahead inc hosp",2021-01-12,"quantile",0.65,1007.57901096872
"38150",2020-12-12,"48","31  day ahead inc hosp",2021-01-12,"quantile",0.7,1037.05225147943
"38151",2020-12-12,"48","31  day ahead inc hosp",2021-01-12,"quantile",0.75,1068.85851206261
"38152",2020-12-12,"48","31  day ahead inc hosp",2021-01-12,"quantile",0.8,1104.27629151771
"38153",2020-12-12,"48","31  day ahead inc hosp",2021-01-12,"quantile",0.85,1145.56003910477
"38154",2020-12-12,"48","31  day ahead inc hosp",2021-01-12,"quantile",0.9,1197.50442040504
"38155",2020-12-12,"48","31  day ahead inc hosp",2021-01-12,"quantile",0.95,1274.49381837192
"38156",2020-12-12,"48","31  day ahead inc hosp",2021-01-12,"quantile",0.975,1341.27063937295
"38157",2020-12-12,"48","31  day ahead inc hosp",2021-01-12,"quantile",0.99,1418.91312499001
"38158",2020-12-12,"48","32  day ahead inc hosp",2021-01-13,"quantile",0.01,393.746469944163
"38159",2020-12-12,"48","32  day ahead inc hosp",2021-01-13,"quantile",0.025,472.531264488447
"38160",2020-12-12,"48","32  day ahead inc hosp",2021-01-13,"quantile",0.05,540.290534185644
"38161",2020-12-12,"48","32  day ahead inc hosp",2021-01-13,"quantile",0.1,618.412632579366
"38162",2020-12-12,"48","32  day ahead inc hosp",2021-01-13,"quantile",0.15,671.121241480116
"38163",2020-12-12,"48","32  day ahead inc hosp",2021-01-13,"quantile",0.2,713.012372937527
"38164",2020-12-12,"48","32  day ahead inc hosp",2021-01-13,"quantile",0.25,748.951233670913
"38165",2020-12-12,"48","32  day ahead inc hosp",2021-01-13,"quantile",0.3,781.22544134668
"38166",2020-12-12,"48","32  day ahead inc hosp",2021-01-13,"quantile",0.35,811.132304576725
"38167",2020-12-12,"48","32  day ahead inc hosp",2021-01-13,"quantile",0.4,839.510993183507
"38168",2020-12-12,"48","32  day ahead inc hosp",2021-01-13,"quantile",0.45,866.967702834456
"38169",2020-12-12,"48","32  day ahead inc hosp",2021-01-13,"quantile",0.5,893.989096727141
"38170",2020-12-12,"48","32  day ahead inc hosp",2021-01-13,"quantile",0.55,921.010490619827
"38171",2020-12-12,"48","32  day ahead inc hosp",2021-01-13,"quantile",0.6,948.467200270776
"38172",2020-12-12,"48","32  day ahead inc hosp",2021-01-13,"quantile",0.65,976.845888877557
"38173",2020-12-12,"48","32  day ahead inc hosp",2021-01-13,"quantile",0.7,1006.7527521076
"38174",2020-12-12,"48","32  day ahead inc hosp",2021-01-13,"quantile",0.75,1039.02695978337
"38175",2020-12-12,"48","32  day ahead inc hosp",2021-01-13,"quantile",0.8,1074.96582051676
"38176",2020-12-12,"48","32  day ahead inc hosp",2021-01-13,"quantile",0.85,1116.85695197417
"38177",2020-12-12,"48","32  day ahead inc hosp",2021-01-13,"quantile",0.9,1169.56556087492
"38178",2020-12-12,"48","32  day ahead inc hosp",2021-01-13,"quantile",0.95,1247.68765926864
"38179",2020-12-12,"48","32  day ahead inc hosp",2021-01-13,"quantile",0.975,1315.44692896584
"38180",2020-12-12,"48","32  day ahead inc hosp",2021-01-13,"quantile",0.99,1394.23172351012
"38181",2020-12-12,"48","33  day ahead inc hosp",2021-01-14,"quantile",0.01,385.136833318635
"38182",2020-12-12,"48","33  day ahead inc hosp",2021-01-14,"quantile",0.025,465.225399268693
"38183",2020-12-12,"48","33  day ahead inc hosp",2021-01-14,"quantile",0.05,534.105984301145
"38184",2020-12-12,"48","33  day ahead inc hosp",2021-01-14,"quantile",0.1,613.52088746302
"38185",2020-12-12,"48","33  day ahead inc hosp",2021-01-14,"quantile",0.15,667.101745603239
"38186",2020-12-12,"48","33  day ahead inc hosp",2021-01-14,"quantile",0.2,709.686113105316
"38187",2020-12-12,"48","33  day ahead inc hosp",2021-01-14,"quantile",0.25,746.219708638118
"38188",2020-12-12,"48","33  day ahead inc hosp",2021-01-14,"quantile",0.3,779.028006544811
"38189",2020-12-12,"48","33  day ahead inc hosp",2021-01-14,"quantile",0.35,809.429783969167
"38190",2020-12-12,"48","33  day ahead inc hosp",2021-01-14,"quantile",0.4,838.278097748584
"38191",2020-12-12,"48","33  day ahead inc hosp",2021-01-14,"quantile",0.45,866.189175188985
"38192",2020-12-12,"48","33  day ahead inc hosp",2021-01-14,"quantile",0.5,893.657733041483
"38193",2020-12-12,"48","33  day ahead inc hosp",2021-01-14,"quantile",0.55,921.126290893982
"38194",2020-12-12,"48","33  day ahead inc hosp",2021-01-14,"quantile",0.6,949.037368334383
"38195",2020-12-12,"48","33  day ahead inc hosp",2021-01-14,"quantile",0.65,977.8856821138
"38196",2020-12-12,"48","33  day ahead inc hosp",2021-01-14,"quantile",0.7,1008.28745953816
"38197",2020-12-12,"48","33  day ahead inc hosp",2021-01-14,"quantile",0.75,1041.09575744485
"38198",2020-12-12,"48","33  day ahead inc hosp",2021-01-14,"quantile",0.8,1077.62935297765
"38199",2020-12-12,"48","33  day ahead inc hosp",2021-01-14,"quantile",0.85,1120.21372047973
"38200",2020-12-12,"48","33  day ahead inc hosp",2021-01-14,"quantile",0.9,1173.79457861995
"38201",2020-12-12,"48","33  day ahead inc hosp",2021-01-14,"quantile",0.95,1253.20948178182
"38202",2020-12-12,"48","33  day ahead inc hosp",2021-01-14,"quantile",0.975,1322.09006681427
"38203",2020-12-12,"48","33  day ahead inc hosp",2021-01-14,"quantile",0.99,1402.17863276433
"38204",2020-12-12,"48","34  day ahead inc hosp",2021-01-15,"quantile",0.01,409.722153057075
"38205",2020-12-12,"48","34  day ahead inc hosp",2021-01-15,"quantile",0.025,490.815649872157
"38206",2020-12-12,"48","34  day ahead inc hosp",2021-01-15,"quantile",0.05,560.560530888422
"38207",2020-12-12,"48","34  day ahead inc hosp",2021-01-15,"quantile",0.1,640.971911966757
"38208",2020-12-12,"48","34  day ahead inc hosp",2021-01-15,"quantile",0.15,695.225089026423
"38209",2020-12-12,"48","34  day ahead inc hosp",2021-01-15,"quantile",0.2,738.343794292732
"38210",2020-12-12,"48","34  day ahead inc hosp",2021-01-15,"quantile",0.25,775.335804048909
"38211",2020-12-12,"48","34  day ahead inc hosp",2021-01-15,"quantile",0.3,808.55577209608
"38212",2020-12-12,"48","34  day ahead inc hosp",2021-01-15,"quantile",0.35,839.339023256703
"38213",2020-12-12,"48","34  day ahead inc hosp",2021-01-15,"quantile",0.4,868.54931830744
"38214",2020-12-12,"48","34  day ahead inc hosp",2021-01-15,"quantile",0.45,896.810616817019
"38215",2020-12-12,"48","34  day ahead inc hosp",2021-01-15,"quantile",0.5,924.623843115958
"38216",2020-12-12,"48","34  day ahead inc hosp",2021-01-15,"quantile",0.55,952.437069414897
"38217",2020-12-12,"48","34  day ahead inc hosp",2021-01-15,"quantile",0.6,980.698367924476
"38218",2020-12-12,"48","34  day ahead inc hosp",2021-01-15,"quantile",0.65,1009.90866297521
"38219",2020-12-12,"48","34  day ahead inc hosp",2021-01-15,"quantile",0.7,1040.69191413584
"38220",2020-12-12,"48","34  day ahead inc hosp",2021-01-15,"quantile",0.75,1073.91188218301
"38221",2020-12-12,"48","34  day ahead inc hosp",2021-01-15,"quantile",0.8,1110.90389193918
"38222",2020-12-12,"48","34  day ahead inc hosp",2021-01-15,"quantile",0.85,1154.02259720549
"38223",2020-12-12,"48","34  day ahead inc hosp",2021-01-15,"quantile",0.9,1208.27577426516
"38224",2020-12-12,"48","34  day ahead inc hosp",2021-01-15,"quantile",0.95,1288.68715534349
"38225",2020-12-12,"48","34  day ahead inc hosp",2021-01-15,"quantile",0.975,1358.43203635976
"38226",2020-12-12,"48","34  day ahead inc hosp",2021-01-15,"quantile",0.99,1439.52553317484
"38227",2020-12-12,"48","35  day ahead inc hosp",2021-01-16,"quantile",0.01,391.348092572859
"38228",2020-12-12,"48","35  day ahead inc hosp",2021-01-16,"quantile",0.025,473.387191662294
"38229",2020-12-12,"48","35  day ahead inc hosp",2021-01-16,"quantile",0.05,543.945342801364
"38230",2020-12-12,"48","35  day ahead inc hosp",2021-01-16,"quantile",0.1,625.294372246312
"38231",2020-12-12,"48","35  day ahead inc hosp",2021-01-16,"quantile",0.15,680.180176207435
"38232",2020-12-12,"48","35  day ahead inc hosp",2021-01-16,"quantile",0.2,723.801673280342
"38233",2020-12-12,"48","35  day ahead inc hosp",2021-01-16,"quantile",0.25,761.225033637148
"38234",2020-12-12,"48","35  day ahead inc hosp",2021-01-16,"quantile",0.3,794.832367855136
"38235",2020-12-12,"48","35  day ahead inc hosp",2021-01-16,"quantile",0.35,825.97457150212
"38236",2020-12-12,"48","35  day ahead inc hosp",2021-01-16,"quantile",0.4,855.525477360373
"38237",2020-12-12,"48","35  day ahead inc hosp",2021-01-16,"quantile",0.45,884.116320768081
"38238",2020-12-12,"48","35  day ahead inc hosp",2021-01-16,"quantile",0.5,912.253867155292
"38239",2020-12-12,"48","35  day ahead inc hosp",2021-01-16,"quantile",0.55,940.391413542503
"38240",2020-12-12,"48","35  day ahead inc hosp",2021-01-16,"quantile",0.6,968.982256950211
"38241",2020-12-12,"48","35  day ahead inc hosp",2021-01-16,"quantile",0.65,998.533162808464
"38242",2020-12-12,"48","35  day ahead inc hosp",2021-01-16,"quantile",0.7,1029.67536645545
"38243",2020-12-12,"48","35  day ahead inc hosp",2021-01-16,"quantile",0.75,1063.28270067344
"38244",2020-12-12,"48","35  day ahead inc hosp",2021-01-16,"quantile",0.8,1100.70606103024
"38245",2020-12-12,"48","35  day ahead inc hosp",2021-01-16,"quantile",0.85,1144.32755810315
"38246",2020-12-12,"48","35  day ahead inc hosp",2021-01-16,"quantile",0.9,1199.21336206427
"38247",2020-12-12,"48","35  day ahead inc hosp",2021-01-16,"quantile",0.95,1280.56239150922
"38248",2020-12-12,"48","35  day ahead inc hosp",2021-01-16,"quantile",0.975,1351.12054264829
"38249",2020-12-12,"48","35  day ahead inc hosp",2021-01-16,"quantile",0.99,1433.15964173772
"38250",2020-12-12,"48","36  day ahead inc hosp",2021-01-17,"quantile",0.01,392.035008598587
"38251",2020-12-12,"48","36  day ahead inc hosp",2021-01-17,"quantile",0.025,475.286037877324
"38252",2020-12-12,"48","36  day ahead inc hosp",2021-01-17,"quantile",0.05,546.886515838798
"38253",2020-12-12,"48","36  day ahead inc hosp",2021-01-17,"quantile",0.1,629.437281355315
"38254",2020-12-12,"48","36  day ahead inc hosp",2021-01-17,"quantile",0.15,685.133890938671
"38255",2020-12-12,"48","36  day ahead inc hosp",2021-01-17,"quantile",0.2,729.399790617068
"38256",2020-12-12,"48","36  day ahead inc hosp",2021-01-17,"quantile",0.25,767.375991030687
"38257",2020-12-12,"48","36  day ahead inc hosp",2021-01-17,"quantile",0.3,801.479792705934
"38258",2020-12-12,"48","36  day ahead inc hosp",2021-01-17,"quantile",0.35,833.08204744051
"38259",2020-12-12,"48","36  day ahead inc hosp",2021-01-17,"quantile",0.4,863.069496792395
"38260",2020-12-12,"48","36  day ahead inc hosp",2021-01-17,"quantile",0.45,892.082701082267
"38261",2020-12-12,"48","36  day ahead inc hosp",2021-01-17,"quantile",0.5,920.635911979426
"38262",2020-12-12,"48","36  day ahead inc hosp",2021-01-17,"quantile",0.55,949.189122876585
"38263",2020-12-12,"48","36  day ahead inc hosp",2021-01-17,"quantile",0.6,978.202327166458
"38264",2020-12-12,"48","36  day ahead inc hosp",2021-01-17,"quantile",0.65,1008.18977651834
"38265",2020-12-12,"48","36  day ahead inc hosp",2021-01-17,"quantile",0.7,1039.79203125292
"38266",2020-12-12,"48","36  day ahead inc hosp",2021-01-17,"quantile",0.75,1073.89583292816
"38267",2020-12-12,"48","36  day ahead inc hosp",2021-01-17,"quantile",0.8,1111.87203334179
"38268",2020-12-12,"48","36  day ahead inc hosp",2021-01-17,"quantile",0.85,1156.13793302018
"38269",2020-12-12,"48","36  day ahead inc hosp",2021-01-17,"quantile",0.9,1211.83454260354
"38270",2020-12-12,"48","36  day ahead inc hosp",2021-01-17,"quantile",0.95,1294.38530812005
"38271",2020-12-12,"48","36  day ahead inc hosp",2021-01-17,"quantile",0.975,1365.98578608153
"38272",2020-12-12,"48","36  day ahead inc hosp",2021-01-17,"quantile",0.99,1449.23681536027
"38273",2020-12-12,"48","37  day ahead inc hosp",2021-01-18,"quantile",0.01,407.000678400645
"38274",2020-12-12,"48","37  day ahead inc hosp",2021-01-18,"quantile",0.025,491.377842660655
"38275",2020-12-12,"48","37  day ahead inc hosp",2021-01-18,"quantile",0.05,563.946858832489
"38276",2020-12-12,"48","37  day ahead inc hosp",2021-01-18,"quantile",0.1,647.614286876598
"38277",2020-12-12,"48","37  day ahead inc hosp",2021-01-18,"quantile",0.15,704.064303365952
"38278",2020-12-12,"48","37  day ahead inc hosp",2021-01-18,"quantile",0.2,748.928986969752
"38279",2020-12-12,"48","37  day ahead inc hosp",2021-01-18,"quantile",0.25,787.418890674636
"38280",2020-12-12,"48","37  day ahead inc hosp",2021-01-18,"quantile",0.3,821.984013782105
"38281",2020-12-12,"48","37  day ahead inc hosp",2021-01-18,"quantile",0.35,854.013751574273
"38282",2020-12-12,"48","37  day ahead inc hosp",2021-01-18,"quantile",0.4,884.406840544152
"38283",2020-12-12,"48","37  day ahead inc hosp",2021-01-18,"quantile",0.45,913.812505858864
"38284",2020-12-12,"48","37  day ahead inc hosp",2021-01-18,"quantile",0.5,942.751955459586
"38285",2020-12-12,"48","37  day ahead inc hosp",2021-01-18,"quantile",0.55,971.691405060309
"38286",2020-12-12,"48","37  day ahead inc hosp",2021-01-18,"quantile",0.6,1001.09707037502
"38287",2020-12-12,"48","37  day ahead inc hosp",2021-01-18,"quantile",0.65,1031.4901593449
"38288",2020-12-12,"48","37  day ahead inc hosp",2021-01-18,"quantile",0.7,1063.51989713707
"38289",2020-12-12,"48","37  day ahead inc hosp",2021-01-18,"quantile",0.75,1098.08502024454
"38290",2020-12-12,"48","37  day ahead inc hosp",2021-01-18,"quantile",0.8,1136.57492394942
"38291",2020-12-12,"48","37  day ahead inc hosp",2021-01-18,"quantile",0.85,1181.43960755322
"38292",2020-12-12,"48","37  day ahead inc hosp",2021-01-18,"quantile",0.9,1237.88962404257
"38293",2020-12-12,"48","37  day ahead inc hosp",2021-01-18,"quantile",0.95,1321.55705208668
"38294",2020-12-12,"48","37  day ahead inc hosp",2021-01-18,"quantile",0.975,1394.12606825852
"38295",2020-12-12,"48","37  day ahead inc hosp",2021-01-18,"quantile",0.99,1478.50323251853
"38296",2020-12-12,"49","1  day ahead inc hosp",2020-12-13,"quantile",0.01,45.6298733493029
"38297",2020-12-12,"49","1  day ahead inc hosp",2020-12-13,"quantile",0.025,49.145457270427
"38298",2020-12-12,"49","1  day ahead inc hosp",2020-12-13,"quantile",0.05,52.169053389862
"38299",2020-12-12,"49","1  day ahead inc hosp",2020-12-13,"quantile",0.1,55.6550660727163
"38300",2020-12-12,"49","1  day ahead inc hosp",2020-12-13,"quantile",0.15,58.0070622799558
"38301",2020-12-12,"49","1  day ahead inc hosp",2020-12-13,"quantile",0.2,59.8763543056726
"38302",2020-12-12,"49","1  day ahead inc hosp",2020-12-13,"quantile",0.25,61.4800404188196
"38303",2020-12-12,"49","1  day ahead inc hosp",2020-12-13,"quantile",0.3,62.9202001124287
"38304",2020-12-12,"49","1  day ahead inc hosp",2020-12-13,"quantile",0.35,64.2547226952566
"38305",2020-12-12,"49","1  day ahead inc hosp",2020-12-13,"quantile",0.4,65.5210541231124
"38306",2020-12-12,"49","1  day ahead inc hosp",2020-12-13,"quantile",0.45,66.7462444346971
"38307",2020-12-12,"49","1  day ahead inc hosp",2020-12-13,"quantile",0.5,67.9520098167733
"38308",2020-12-12,"49","1  day ahead inc hosp",2020-12-13,"quantile",0.55,69.1577751988496
"38309",2020-12-12,"49","1  day ahead inc hosp",2020-12-13,"quantile",0.6,70.3829655104343
"38310",2020-12-12,"49","1  day ahead inc hosp",2020-12-13,"quantile",0.65,71.6492969382901
"38311",2020-12-12,"49","1  day ahead inc hosp",2020-12-13,"quantile",0.7,72.983819521118
"38312",2020-12-12,"49","1  day ahead inc hosp",2020-12-13,"quantile",0.75,74.423979214727
"38313",2020-12-12,"49","1  day ahead inc hosp",2020-12-13,"quantile",0.8,76.0276653278741
"38314",2020-12-12,"49","1  day ahead inc hosp",2020-12-13,"quantile",0.85,77.8969573535909
"38315",2020-12-12,"49","1  day ahead inc hosp",2020-12-13,"quantile",0.9,80.2489535608304
"38316",2020-12-12,"49","1  day ahead inc hosp",2020-12-13,"quantile",0.95,83.7349662436847
"38317",2020-12-12,"49","1  day ahead inc hosp",2020-12-13,"quantile",0.975,86.7585623631197
"38318",2020-12-12,"49","1  day ahead inc hosp",2020-12-13,"quantile",0.99,90.2741462842437
"38319",2020-12-12,"49","2  day ahead inc hosp",2020-12-14,"quantile",0.01,45.7638311939492
"38320",2020-12-12,"49","2  day ahead inc hosp",2020-12-14,"quantile",0.025,49.3545269175693
"38321",2020-12-12,"49","2  day ahead inc hosp",2020-12-14,"quantile",0.05,52.4427233309089
"38322",2020-12-12,"49","2  day ahead inc hosp",2020-12-14,"quantile",0.1,56.003216015381
"38323",2020-12-12,"49","2  day ahead inc hosp",2020-12-14,"quantile",0.15,58.4054635261175
"38324",2020-12-12,"49","2  day ahead inc hosp",2020-12-14,"quantile",0.2,60.314693694855
"38325",2020-12-12,"49","2  day ahead inc hosp",2020-12-14,"quantile",0.25,61.9526431785541
"38326",2020-12-12,"49","2  day ahead inc hosp",2020-12-14,"quantile",0.3,63.4235724378728
"38327",2020-12-12,"49","2  day ahead inc hosp",2020-12-14,"quantile",0.35,64.7866076089128
"38328",2020-12-12,"49","2  day ahead inc hosp",2020-12-14,"quantile",0.4,66.0799946947297
"38329",2020-12-12,"49","2  day ahead inc hosp",2020-12-14,"quantile",0.45,67.3313616685044
"38330",2020-12-12,"49","2  day ahead inc hosp",2020-12-14,"quantile",0.5,68.5628886916813
"38331",2020-12-12,"49","2  day ahead inc hosp",2020-12-14,"quantile",0.55,69.7944157148581
"38332",2020-12-12,"49","2  day ahead inc hosp",2020-12-14,"quantile",0.6,71.0457826886328
"38333",2020-12-12,"49","2  day ahead inc hosp",2020-12-14,"quantile",0.65,72.3391697744497
"38334",2020-12-12,"49","2  day ahead inc hosp",2020-12-14,"quantile",0.7,73.7022049454897
"38335",2020-12-12,"49","2  day ahead inc hosp",2020-12-14,"quantile",0.75,75.1731342048084
"38336",2020-12-12,"49","2  day ahead inc hosp",2020-12-14,"quantile",0.8,76.8110836885075
"38337",2020-12-12,"49","2  day ahead inc hosp",2020-12-14,"quantile",0.85,78.720313857245
"38338",2020-12-12,"49","2  day ahead inc hosp",2020-12-14,"quantile",0.9,81.1225613679815
"38339",2020-12-12,"49","2  day ahead inc hosp",2020-12-14,"quantile",0.95,84.6830540524537
"38340",2020-12-12,"49","2  day ahead inc hosp",2020-12-14,"quantile",0.975,87.7712504657932
"38341",2020-12-12,"49","2  day ahead inc hosp",2020-12-14,"quantile",0.99,91.3619461894133
"38342",2020-12-12,"49","3  day ahead inc hosp",2020-12-15,"quantile",0.01,45.9075631254387
"38343",2020-12-12,"49","3  day ahead inc hosp",2020-12-15,"quantile",0.025,49.5718312996832
"38344",2020-12-12,"49","3  day ahead inc hosp",2020-12-15,"quantile",0.05,52.7233040793949
"38345",2020-12-12,"49","3  day ahead inc hosp",2020-12-15,"quantile",0.1,56.3567503618297
"38346",2020-12-12,"49","3  day ahead inc hosp",2020-12-15,"quantile",0.15,58.8082193187635
"38347",2020-12-12,"49","3  day ahead inc hosp",2020-12-15,"quantile",0.2,60.7565691325871
"38348",2020-12-12,"49","3  day ahead inc hosp",2020-12-15,"quantile",0.25,62.4280797884907
"38349",2020-12-12,"49","3  day ahead inc hosp",2020-12-15,"quantile",0.3,63.9291480177008
"38350",2020-12-12,"49","3  day ahead inc hosp",2020-12-15,"quantile",0.35,65.3201114359496
"38351",2020-12-12,"49","3  day ahead inc hosp",2020-12-15,"quantile",0.4,66.6399996972584
"38352",2020-12-12,"49","3  day ahead inc hosp",2020-12-15,"quantile",0.45,67.917006865017
"38353",2020-12-12,"49","3  day ahead inc hosp",2020-12-15,"quantile",0.5,69.1737675665892
"38354",2020-12-12,"49","3  day ahead inc hosp",2020-12-15,"quantile",0.55,70.4305282681613
"38355",2020-12-12,"49","3  day ahead inc hosp",2020-12-15,"quantile",0.6,71.70753543592
"38356",2020-12-12,"49","3  day ahead inc hosp",2020-12-15,"quantile",0.65,73.0274236972288
"38357",2020-12-12,"49","3  day ahead inc hosp",2020-12-15,"quantile",0.7,74.4183871154775
"38358",2020-12-12,"49","3  day ahead inc hosp",2020-12-15,"quantile",0.75,75.9194553446876
"38359",2020-12-12,"49","3  day ahead inc hosp",2020-12-15,"quantile",0.8,77.5909660005913
"38360",2020-12-12,"49","3  day ahead inc hosp",2020-12-15,"quantile",0.85,79.5393158144149
"38361",2020-12-12,"49","3  day ahead inc hosp",2020-12-15,"quantile",0.9,81.9907847713487
"38362",2020-12-12,"49","3  day ahead inc hosp",2020-12-15,"quantile",0.95,85.6242310537834
"38363",2020-12-12,"49","3  day ahead inc hosp",2020-12-15,"quantile",0.975,88.7757038334952
"38364",2020-12-12,"49","3  day ahead inc hosp",2020-12-15,"quantile",0.99,92.4399720077396
"38365",2020-12-12,"49","4  day ahead inc hosp",2020-12-16,"quantile",0.01,46.0604917587707
"38366",2020-12-12,"49","4  day ahead inc hosp",2020-12-16,"quantile",0.025,49.7968839659592
"38367",2020-12-12,"49","4  day ahead inc hosp",2020-12-16,"quantile",0.05,53.0103873929318
"38368",2020-12-12,"49","4  day ahead inc hosp",2020-12-16,"quantile",0.1,56.7153510389745
"38369",2020-12-12,"49","4  day ahead inc hosp",2020-12-16,"quantile",0.15,59.2150724216051
"38370",2020-12-12,"49","4  day ahead inc hosp",2020-12-16,"quantile",0.2,61.2017717337395
"38371",2020-12-12,"49","4  day ahead inc hosp",2020-12-16,"quantile",0.25,62.9061828444898
"38372",2020-12-12,"49","4  day ahead inc hosp",2020-12-16,"quantile",0.3,64.4367966989834
"38373",2020-12-12,"49","4  day ahead inc hosp",2020-12-16,"quantile",0.35,65.8551385422357
"38374",2020-12-12,"49","4  day ahead inc hosp",2020-12-16,"quantile",0.4,67.2010062515309
"38375",2020-12-12,"49","4  day ahead inc hosp",2020-12-16,"quantile",0.45,68.5031488358741
"38376",2020-12-12,"49","4  day ahead inc hosp",2020-12-16,"quantile",0.5,69.7846464414971
"38377",2020-12-12,"49","4  day ahead inc hosp",2020-12-16,"quantile",0.55,71.0661440471201
"38378",2020-12-12,"49","4  day ahead inc hosp",2020-12-16,"quantile",0.6,72.3682866314633
"38379",2020-12-12,"49","4  day ahead inc hosp",2020-12-16,"quantile",0.65,73.7141543407585
"38380",2020-12-12,"49","4  day ahead inc hosp",2020-12-16,"quantile",0.7,75.1324961840108
"38381",2020-12-12,"49","4  day ahead inc hosp",2020-12-16,"quantile",0.75,76.6631100385044
"38382",2020-12-12,"49","4  day ahead inc hosp",2020-12-16,"quantile",0.8,78.3675211492547
"38383",2020-12-12,"49","4  day ahead inc hosp",2020-12-16,"quantile",0.85,80.3542204613891
"38384",2020-12-12,"49","4  day ahead inc hosp",2020-12-16,"quantile",0.9,82.8539418440197
"38385",2020-12-12,"49","4  day ahead inc hosp",2020-12-16,"quantile",0.95,86.5589054900624
"38386",2020-12-12,"49","4  day ahead inc hosp",2020-12-16,"quantile",0.975,89.7724089170351
"38387",2020-12-12,"49","4  day ahead inc hosp",2020-12-16,"quantile",0.99,93.5088011242235
"38388",2020-12-12,"49","5  day ahead inc hosp",2020-12-17,"quantile",0.01,46.2220944113297
"38389",2020-12-12,"49","5  day ahead inc hosp",2020-12-17,"quantile",0.025,50.0292445527211
"38390",2020-12-12,"49","5  day ahead inc hosp",2020-12-17,"quantile",0.05,53.3036037066725
"38391",2020-12-12,"49","5  day ahead inc hosp",2020-12-17,"quantile",0.1,57.0787301084844
"38392",2020-12-12,"49","5  day ahead inc hosp",2020-12-17,"quantile",0.15,59.625789969334
"38393",2020-12-12,"49","5  day ahead inc hosp",2020-12-17,"quantile",0.2,61.6501124032966
"38394",2020-12-12,"49","5  day ahead inc hosp",2020-12-17,"quantile",0.25,63.3868008025492
"38395",2020-12-12,"49","5  day ahead inc hosp",2020-12-17,"quantile",0.3,64.9464006596894
"38396",2020-12-12,"49","5  day ahead inc hosp",2020-12-17,"quantile",0.35,66.3916023541717
"38397",2020-12-12,"49","5  day ahead inc hosp",2020-12-17,"quantile",0.4,67.7629574356536
"38398",2020-12-12,"49","5  day ahead inc hosp",2020-12-17,"quantile",0.45,69.0897593475504
"38399",2020-12-12,"49","5  day ahead inc hosp",2020-12-17,"quantile",0.5,70.395525316405
"38400",2020-12-12,"49","5  day ahead inc hosp",2020-12-17,"quantile",0.55,71.7012912852596
"38401",2020-12-12,"49","5  day ahead inc hosp",2020-12-17,"quantile",0.6,73.0280931971564
"38402",2020-12-12,"49","5  day ahead inc hosp",2020-12-17,"quantile",0.65,74.3994482786383
"38403",2020-12-12,"49","5  day ahead inc hosp",2020-12-17,"quantile",0.7,75.8446499731206
"38404",2020-12-12,"49","5  day ahead inc hosp",2020-12-17,"quantile",0.75,77.4042498302609
"38405",2020-12-12,"49","5  day ahead inc hosp",2020-12-17,"quantile",0.8,79.1409382295134
"38406",2020-12-12,"49","5  day ahead inc hosp",2020-12-17,"quantile",0.85,81.165260663476
"38407",2020-12-12,"49","5  day ahead inc hosp",2020-12-17,"quantile",0.9,83.7123205243256
"38408",2020-12-12,"49","5  day ahead inc hosp",2020-12-17,"quantile",0.95,87.4874469261375
"38409",2020-12-12,"49","5  day ahead inc hosp",2020-12-17,"quantile",0.975,90.7618060800889
"38410",2020-12-12,"49","5  day ahead inc hosp",2020-12-17,"quantile",0.99,94.5689562214803
"38411",2020-12-12,"49","6  day ahead inc hosp",2020-12-18,"quantile",0.01,46.3918961110167
"38412",2020-12-12,"49","6  day ahead inc hosp",2020-12-18,"quantile",0.025,50.268512892729
"38413",2020-12-12,"49","6  day ahead inc hosp",2020-12-18,"quantile",0.05,53.602617189683
"38414",2020-12-12,"49","6  day ahead inc hosp",2020-12-18,"quantile",0.1,57.4466259150653
"38415",2020-12-12,"49","6  day ahead inc hosp",2020-12-18,"quantile",0.15,60.0401603526085
"38416",2020-12-12,"49","6  day ahead inc hosp",2020-12-18,"quantile",0.2,62.1014193068529
"38417",2020-12-12,"49","6  day ahead inc hosp",2020-12-18,"quantile",0.25,63.8697959516172
"38418",2020-12-12,"49","6  day ahead inc hosp",2020-12-18,"quantile",0.3,65.4578528325934
"38419",2020-12-12,"49","6  day ahead inc hosp",2020-12-18,"quantile",0.35,66.9294242006041
"38420",2020-12-12,"49","6  day ahead inc hosp",2020-12-18,"quantile",0.4,68.3258015235684
"38421",2020-12-12,"49","6  day ahead inc hosp",2020-12-18,"quantile",0.45,69.6768127436794
"38422",2020-12-12,"49","6  day ahead inc hosp",2020-12-18,"quantile",0.5,71.0064041913129
"38423",2020-12-12,"49","6  day ahead inc hosp",2020-12-18,"quantile",0.55,72.3359956389465
"38424",2020-12-12,"49","6  day ahead inc hosp",2020-12-18,"quantile",0.6,73.6870068590575
"38425",2020-12-12,"49","6  day ahead inc hosp",2020-12-18,"quantile",0.65,75.0833841820218
"38426",2020-12-12,"49","6  day ahead inc hosp",2020-12-18,"quantile",0.7,76.5549555500324
"38427",2020-12-12,"49","6  day ahead inc hosp",2020-12-18,"quantile",0.75,78.1430124310086
"38428",2020-12-12,"49","6  day ahead inc hosp",2020-12-18,"quantile",0.8,79.9113890757729
"38429",2020-12-12,"49","6  day ahead inc hosp",2020-12-18,"quantile",0.85,81.9726480300174
"38430",2020-12-12,"49","6  day ahead inc hosp",2020-12-18,"quantile",0.9,84.5661824675606
"38431",2020-12-12,"49","6  day ahead inc hosp",2020-12-18,"quantile",0.95,88.4101911929429
"38432",2020-12-12,"49","6  day ahead inc hosp",2020-12-18,"quantile",0.975,91.7442954898968
"38433",2020-12-12,"49","6  day ahead inc hosp",2020-12-18,"quantile",0.99,95.6209122716091
"38434",2020-12-12,"49","7  day ahead inc hosp",2020-12-19,"quantile",0.01,46.5694637130818
"38435",2020-12-12,"49","7  day ahead inc hosp",2020-12-19,"quantile",0.025,50.5143240585708
"38436",2020-12-12,"49","7  day ahead inc hosp",2020-12-19,"quantile",0.05,53.9071215852244
"38437",2020-12-12,"49","7  day ahead inc hosp",2020-12-19,"quantile",0.1,57.818799845508
"38438",2020-12-12,"49","7  day ahead inc hosp",2020-12-19,"quantile",0.15,60.457990596987
"38439",2020-12-12,"49","7  day ahead inc hosp",2020-12-19,"quantile",0.2,62.5555357422132
"38440",2020-12-12,"49","7  day ahead inc hosp",2020-12-19,"quantile",0.25,64.3550427078561
"38441",2020-12-12,"49","7  day ahead inc hosp",2020-12-19,"quantile",0.3,65.9710555791043
"38442",2020-12-12,"49","7  day ahead inc hosp",2020-12-19,"quantile",0.35,67.4685323383774
"38443",2020-12-12,"49","7  day ahead inc hosp",2020-12-19,"quantile",0.4,68.889491344356
"38444",2020-12-12,"49","7  day ahead inc hosp",2020-12-19,"quantile",0.45,70.2642856272648
"38445",2020-12-12,"49","7  day ahead inc hosp",2020-12-19,"quantile",0.5,71.6172830662208
"38446",2020-12-12,"49","7  day ahead inc hosp",2020-12-19,"quantile",0.55,72.9702805051769
"38447",2020-12-12,"49","7  day ahead inc hosp",2020-12-19,"quantile",0.6,74.3450747880857
"38448",2020-12-12,"49","7  day ahead inc hosp",2020-12-19,"quantile",0.65,75.7660337940643
"38449",2020-12-12,"49","7  day ahead inc hosp",2020-12-19,"quantile",0.7,77.2635105533374
"38450",2020-12-12,"49","7  day ahead inc hosp",2020-12-19,"quantile",0.75,78.8795234245856
"38451",2020-12-12,"49","7  day ahead inc hosp",2020-12-19,"quantile",0.8,80.6790303902285
"38452",2020-12-12,"49","7  day ahead inc hosp",2020-12-19,"quantile",0.85,82.7765755354547
"38453",2020-12-12,"49","7  day ahead inc hosp",2020-12-19,"quantile",0.9,85.4157662869337
"38454",2020-12-12,"49","7  day ahead inc hosp",2020-12-19,"quantile",0.95,89.3274445472173
"38455",2020-12-12,"49","7  day ahead inc hosp",2020-12-19,"quantile",0.975,92.7202420738709
"38456",2020-12-12,"49","7  day ahead inc hosp",2020-12-19,"quantile",0.99,96.6651024193599
"38457",2020-12-12,"49","8  day ahead inc hosp",2020-12-20,"quantile",0.01,46.6639439034993
"38458",2020-12-12,"49","8  day ahead inc hosp",2020-12-20,"quantile",0.025,50.6758871506762
"38459",2020-12-12,"49","8  day ahead inc hosp",2020-12-20,"quantile",0.05,54.1263796736022
"38460",2020-12-12,"49","8  day ahead inc hosp",2020-12-20,"quantile",0.1,58.1045765695758
"38461",2020-12-12,"49","8  day ahead inc hosp",2020-12-20,"quantile",0.15,60.788647128757
"38462",2020-12-12,"49","8  day ahead inc hosp",2020-12-20,"quantile",0.2,62.921861322426
"38463",2020-12-12,"49","8  day ahead inc hosp",2020-12-20,"quantile",0.25,64.7519691556005
"38464",2020-12-12,"49","8  day ahead inc hosp",2020-12-20,"quantile",0.3,66.3954625516517
"38465",2020-12-12,"49","8  day ahead inc hosp",2020-12-20,"quantile",0.35,67.9184041125716
"38466",2020-12-12,"49","8  day ahead inc hosp",2020-12-20,"quantile",0.4,69.3635267251046
"38467",2020-12-12,"49","8  day ahead inc hosp",2020-12-20,"quantile",0.45,70.7616995769981
"38468",2020-12-12,"49","8  day ahead inc hosp",2020-12-20,"quantile",0.5,72.13770492656
"38469",2020-12-12,"49","8  day ahead inc hosp",2020-12-20,"quantile",0.55,73.5137102761218
"38470",2020-12-12,"49","8  day ahead inc hosp",2020-12-20,"quantile",0.6,74.9118831280153
"38471",2020-12-12,"49","8  day ahead inc hosp",2020-12-20,"quantile",0.65,76.3570057405483
"38472",2020-12-12,"49","8  day ahead inc hosp",2020-12-20,"quantile",0.7,77.8799473014682
"38473",2020-12-12,"49","8  day ahead inc hosp",2020-12-20,"quantile",0.75,79.5234406975194
"38474",2020-12-12,"49","8  day ahead inc hosp",2020-12-20,"quantile",0.8,81.3535485306939
"38475",2020-12-12,"49","8  day ahead inc hosp",2020-12-20,"quantile",0.85,83.4867627243629
"38476",2020-12-12,"49","8  day ahead inc hosp",2020-12-20,"quantile",0.9,86.1708332835442
"38477",2020-12-12,"49","8  day ahead inc hosp",2020-12-20,"quantile",0.95,90.1490301795177
"38478",2020-12-12,"49","8  day ahead inc hosp",2020-12-20,"quantile",0.975,93.5995227024437
"38479",2020-12-12,"49","8  day ahead inc hosp",2020-12-20,"quantile",0.99,97.6114659496206
"38480",2020-12-12,"49","9  day ahead inc hosp",2020-12-21,"quantile",0.01,46.8558870131354
"38481",2020-12-12,"49","9  day ahead inc hosp",2020-12-21,"quantile",0.025,50.9338097799035
"38482",2020-12-12,"49","9  day ahead inc hosp",2020-12-21,"quantile",0.05,54.4410483296274
"38483",2020-12-12,"49","9  day ahead inc hosp",2020-12-21,"quantile",0.1,58.4846697602626
"38484",2020-12-12,"49","9  day ahead inc hosp",2020-12-21,"quantile",0.15,61.2128819423764
"38485",2020-12-12,"49","9  day ahead inc hosp",2020-12-21,"quantile",0.2,63.3811784986343
"38486",2020-12-12,"49","9  day ahead inc hosp",2020-12-21,"quantile",0.25,65.2413838751173
"38487",2020-12-12,"49","9  day ahead inc hosp",2020-12-21,"quantile",0.3,66.9119057952631
"38488",2020-12-12,"49","9  day ahead inc hosp",2020-12-21,"quantile",0.35,68.4598933118121
"38489",2020-12-12,"49","9  day ahead inc hosp",2020-12-21,"quantile",0.4,69.9287820869877
"38490",2020-12-12,"49","9  day ahead inc hosp",2020-12-21,"quantile",0.45,71.3499489762815
"38491",2020-12-12,"49","9  day ahead inc hosp",2020-12-21,"quantile",0.5,72.7485838014679
"38492",2020-12-12,"49","9  day ahead inc hosp",2020-12-21,"quantile",0.55,74.1472186266543
"38493",2020-12-12,"49","9  day ahead inc hosp",2020-12-21,"quantile",0.6,75.568385515948
"38494",2020-12-12,"49","9  day ahead inc hosp",2020-12-21,"quantile",0.65,77.0372742911237
"38495",2020-12-12,"49","9  day ahead inc hosp",2020-12-21,"quantile",0.7,78.5852618076726
"38496",2020-12-12,"49","9  day ahead inc hosp",2020-12-21,"quantile",0.75,80.2557837278185
"38497",2020-12-12,"49","9  day ahead inc hosp",2020-12-21,"quantile",0.8,82.1159891043015
"38498",2020-12-12,"49","9  day ahead inc hosp",2020-12-21,"quantile",0.85,84.2842856605593
"38499",2020-12-12,"49","9  day ahead inc hosp",2020-12-21,"quantile",0.9,87.0124978426731
"38500",2020-12-12,"49","9  day ahead inc hosp",2020-12-21,"quantile",0.95,91.0561192733084
"38501",2020-12-12,"49","9  day ahead inc hosp",2020-12-21,"quantile",0.975,94.5633578230322
"38502",2020-12-12,"49","9  day ahead inc hosp",2020-12-21,"quantile",0.99,98.6412805898004
"38503",2020-12-12,"49","10  day ahead inc hosp",2020-12-22,"quantile",0.01,47.0545012948219
"38504",2020-12-12,"49","10  day ahead inc hosp",2020-12-22,"quantile",0.025,51.197352917181
"38505",2020-12-12,"49","10  day ahead inc hosp",2020-12-22,"quantile",0.05,54.7604338646996
"38506",2020-12-12,"49","10  day ahead inc hosp",2020-12-22,"quantile",0.1,58.8684380036278
"38507",2020-12-12,"49","10  day ahead inc hosp",2020-12-22,"quantile",0.15,61.6400888933693
"38508",2020-12-12,"49","10  day ahead inc hosp",2020-12-22,"quantile",0.2,63.8429091574146
"38509",2020-12-12,"49","10  day ahead inc hosp",2020-12-22,"quantile",0.25,65.73273280113
"38510",2020-12-12,"49","10  day ahead inc hosp",2020-12-22,"quantile",0.3,67.4298528406415
"38511",2020-12-12,"49","10  day ahead inc hosp",2020-12-22,"quantile",0.35,69.002487478695
"38512",2020-12-12,"49","10  day ahead inc hosp",2020-12-22,"quantile",0.4,70.4947639619312
"38513",2020-12-12,"49","10  day ahead inc hosp",2020-12-22,"quantile",0.45,71.9385587294372
"38514",2020-12-12,"49","10  day ahead inc hosp",2020-12-22,"quantile",0.5,73.3594626763758
"38515",2020-12-12,"49","10  day ahead inc hosp",2020-12-22,"quantile",0.55,74.7803666233144
"38516",2020-12-12,"49","10  day ahead inc hosp",2020-12-22,"quantile",0.6,76.2241613908204
"38517",2020-12-12,"49","10  day ahead inc hosp",2020-12-22,"quantile",0.65,77.7164378740566
"38518",2020-12-12,"49","10  day ahead inc hosp",2020-12-22,"quantile",0.7,79.2890725121101
"38519",2020-12-12,"49","10  day ahead inc hosp",2020-12-22,"quantile",0.75,80.9861925516216
"38520",2020-12-12,"49","10  day ahead inc hosp",2020-12-22,"quantile",0.8,82.876016195337
"38521",2020-12-12,"49","10  day ahead inc hosp",2020-12-22,"quantile",0.85,85.0788364593823
"38522",2020-12-12,"49","10  day ahead inc hosp",2020-12-22,"quantile",0.9,87.8504873491238
"38523",2020-12-12,"49","10  day ahead inc hosp",2020-12-22,"quantile",0.95,91.958491488052
"38524",2020-12-12,"49","10  day ahead inc hosp",2020-12-22,"quantile",0.975,95.5215724355706
"38525",2020-12-12,"49","10  day ahead inc hosp",2020-12-22,"quantile",0.99,99.6644240579297
"38526",2020-12-12,"49","11  day ahead inc hosp",2020-12-23,"quantile",0.01,47.2594778513289
"38527",2020-12-12,"49","11  day ahead inc hosp",2020-12-23,"quantile",0.025,51.4662563144811
"38528",2020-12-12,"49","11  day ahead inc hosp",2020-12-23,"quantile",0.05,55.0843178717892
"38529",2020-12-12,"49","11  day ahead inc hosp",2020-12-23,"quantile",0.1,59.2557111326327
"38530",2020-12-12,"49","11  day ahead inc hosp",2020-12-23,"quantile",0.15,62.0701303619899
"38531",2020-12-12,"49","11  day ahead inc hosp",2020-12-23,"quantile",0.2,64.3069415465778
"38532",2020-12-12,"49","11  day ahead inc hosp",2020-12-23,"quantile",0.25,66.2259263735098
"38533",2020-12-12,"49","11  day ahead inc hosp",2020-12-23,"quantile",0.3,67.949234056814
"38534",2020-12-12,"49","11  day ahead inc hosp",2020-12-23,"quantile",0.35,69.5461354495806
"38535",2020-12-12,"49","11  day ahead inc hosp",2020-12-23,"quantile",0.4,71.0614387099884
"38536",2020-12-12,"49","11  day ahead inc hosp",2020-12-23,"quantile",0.45,72.5275121508947
"38537",2020-12-12,"49","11  day ahead inc hosp",2020-12-23,"quantile",0.5,73.9703415512837
"38538",2020-12-12,"49","11  day ahead inc hosp",2020-12-23,"quantile",0.55,75.4131709516727
"38539",2020-12-12,"49","11  day ahead inc hosp",2020-12-23,"quantile",0.6,76.879244392579
"38540",2020-12-12,"49","11  day ahead inc hosp",2020-12-23,"quantile",0.65,78.3945476529868
"38541",2020-12-12,"49","11  day ahead inc hosp",2020-12-23,"quantile",0.7,79.9914490457534
"38542",2020-12-12,"49","11  day ahead inc hosp",2020-12-23,"quantile",0.75,81.7147567290577
"38543",2020-12-12,"49","11  day ahead inc hosp",2020-12-23,"quantile",0.8,83.6337415559896
"38544",2020-12-12,"49","11  day ahead inc hosp",2020-12-23,"quantile",0.85,85.8705527405776
"38545",2020-12-12,"49","11  day ahead inc hosp",2020-12-23,"quantile",0.9,88.6849719699347
"38546",2020-12-12,"49","11  day ahead inc hosp",2020-12-23,"quantile",0.95,92.8563652307782
"38547",2020-12-12,"49","11  day ahead inc hosp",2020-12-23,"quantile",0.975,96.4744267880863
"38548",2020-12-12,"49","11  day ahead inc hosp",2020-12-23,"quantile",0.99,100.681205251238
"38549",2020-12-12,"49","12  day ahead inc hosp",2020-12-24,"quantile",0.01,47.4705309124577
"38550",2020-12-12,"49","12  day ahead inc hosp",2020-12-24,"quantile",0.025,51.7402792084581
"38551",2020-12-12,"49","12  day ahead inc hosp",2020-12-24,"quantile",0.05,55.4124982959271
"38552",2020-12-12,"49","12  day ahead inc hosp",2020-12-24,"quantile",0.1,59.6463317205873
"38553",2020-12-12,"49","12  day ahead inc hosp",2020-12-24,"quantile",0.15,62.5028790320362
"38554",2020-12-12,"49","12  day ahead inc hosp",2020-12-24,"quantile",0.2,64.7731722807832
"38555",2020-12-12,"49","12  day ahead inc hosp",2020-12-24,"quantile",0.25,66.7208817374643
"38556",2020-12-12,"49","12  day ahead inc hosp",2020-12-24,"quantile",0.3,68.4699850260552
"38557",2020-12-12,"49","12  day ahead inc hosp",2020-12-24,"quantile",0.35,70.0907898914335
"38558",2020-12-12,"49","12  day ahead inc hosp",2020-12-24,"quantile",0.4,71.6287752098241
"38559",2020-12-12,"49","12  day ahead inc hosp",2020-12-24,"quantile",0.45,73.1167938043262
"38560",2020-12-12,"49","12  day ahead inc hosp",2020-12-24,"quantile",0.5,74.5812204261916
"38561",2020-12-12,"49","12  day ahead inc hosp",2020-12-24,"quantile",0.55,76.0456470480571
"38562",2020-12-12,"49","12  day ahead inc hosp",2020-12-24,"quantile",0.6,77.5336656425591
"38563",2020-12-12,"49","12  day ahead inc hosp",2020-12-24,"quantile",0.65,79.0716509609498
"38564",2020-12-12,"49","12  day ahead inc hosp",2020-12-24,"quantile",0.7,80.6924558263281
"38565",2020-12-12,"49","12  day ahead inc hosp",2020-12-24,"quantile",0.75,82.441559114919
"38566",2020-12-12,"49","12  day ahead inc hosp",2020-12-24,"quantile",0.8,84.3892685716
"38567",2020-12-12,"49","12  day ahead inc hosp",2020-12-24,"quantile",0.85,86.659561820347
"38568",2020-12-12,"49","12  day ahead inc hosp",2020-12-24,"quantile",0.9,89.516109131796
"38569",2020-12-12,"49","12  day ahead inc hosp",2020-12-24,"quantile",0.95,93.7499425564561
"38570",2020-12-12,"49","12  day ahead inc hosp",2020-12-24,"quantile",0.975,97.4221616439251
"38571",2020-12-12,"49","12  day ahead inc hosp",2020-12-24,"quantile",0.99,101.691909939925
"38572",2020-12-12,"49","13  day ahead inc hosp",2020-12-25,"quantile",0.01,47.68739548116
"38573",2020-12-12,"49","13  day ahead inc hosp",2020-12-25,"quantile",0.025,52.0191983372876
"38574",2020-12-12,"49","13  day ahead inc hosp",2020-12-25,"quantile",0.05,55.7447877698838
"38575",2020-12-12,"49","13  day ahead inc hosp",2020-12-25,"quantile",0.1,60.0401537844312
"38576",2020-12-12,"49","13  day ahead inc hosp",2020-12-25,"quantile",0.15,62.9382168421504
"38577",2020-12-12,"49","13  day ahead inc hosp",2020-12-25,"quantile",0.2,65.2415054899571
"38578",2020-12-12,"49","13  day ahead inc hosp",2020-12-25,"quantile",0.25,67.2175220610653
"38579",2020-12-12,"49","13  day ahead inc hosp",2020-12-25,"quantile",0.3,68.9920460132799
"38580",2020-12-12,"49","13  day ahead inc hosp",2020-12-25,"quantile",0.35,70.6364069119418
"38581",2020-12-12,"49","13  day ahead inc hosp",2020-12-25,"quantile",0.4,72.1967446023691
"38582",2020-12-12,"49","13  day ahead inc hosp",2020-12-25,"quantile",0.45,73.7063893754984
"38583",2020-12-12,"49","13  day ahead inc hosp",2020-12-25,"quantile",0.5,75.1920993010995
"38584",2020-12-12,"49","13  day ahead inc hosp",2020-12-25,"quantile",0.55,76.6778092267006
"38585",2020-12-12,"49","13  day ahead inc hosp",2020-12-25,"quantile",0.6,78.18745399983
"38586",2020-12-12,"49","13  day ahead inc hosp",2020-12-25,"quantile",0.65,79.7477916902573
"38587",2020-12-12,"49","13  day ahead inc hosp",2020-12-25,"quantile",0.7,81.3921525889192
"38588",2020-12-12,"49","13  day ahead inc hosp",2020-12-25,"quantile",0.75,83.1666765411338
"38589",2020-12-12,"49","13  day ahead inc hosp",2020-12-25,"quantile",0.8,85.142693112242
"38590",2020-12-12,"49","13  day ahead inc hosp",2020-12-25,"quantile",0.85,87.4459817600487
"38591",2020-12-12,"49","13  day ahead inc hosp",2020-12-25,"quantile",0.9,90.3440448177679
"38592",2020-12-12,"49","13  day ahead inc hosp",2020-12-25,"quantile",0.95,94.6394108323153
"38593",2020-12-12,"49","13  day ahead inc hosp",2020-12-25,"quantile",0.975,98.3650002649115
"38594",2020-12-12,"49","13  day ahead inc hosp",2020-12-25,"quantile",0.99,102.696803121039
"38595",2020-12-12,"49","14  day ahead inc hosp",2020-12-26,"quantile",0.01,47.9098252790129
"38596",2020-12-12,"49","14  day ahead inc hosp",2020-12-26,"quantile",0.025,52.3028062097151
"38597",2020-12-12,"49","14  day ahead inc hosp",2020-12-26,"quantile",0.05,56.0810121615093
"38598",2020-12-12,"49","14  day ahead inc hosp",2020-12-26,"quantile",0.1,60.4370416529254
"38599",2020-12-12,"49","14  day ahead inc hosp",2020-12-26,"quantile",0.15,63.3760340704875
"38600",2020-12-12,"49","14  day ahead inc hosp",2020-12-26,"quantile",0.2,65.7118520760103
"38601",2020-12-12,"49","14  day ahead inc hosp",2020-12-26,"quantile",0.25,67.7157759395698
"38602",2020-12-12,"49","14  day ahead inc hosp",2020-12-26,"quantile",0.3,69.515361502917
"38603",2020-12-12,"49","14  day ahead inc hosp",2020-12-26,"quantile",0.35,71.1829457192198
"38604",2020-12-12,"49","14  day ahead inc hosp",2020-12-26,"quantile",0.4,72.7653200670752
"38605",2020-12-12,"49","14  day ahead inc hosp",2020-12-26,"quantile",0.45,74.2962855612944
"38606",2020-12-12,"49","14  day ahead inc hosp",2020-12-26,"quantile",0.5,75.8029781760075
"38607",2020-12-12,"49","14  day ahead inc hosp",2020-12-26,"quantile",0.55,77.3096707907206
"38608",2020-12-12,"49","14  day ahead inc hosp",2020-12-26,"quantile",0.6,78.8406362849397
"38609",2020-12-12,"49","14  day ahead inc hosp",2020-12-26,"quantile",0.65,80.4230106327951
"38610",2020-12-12,"49","14  day ahead inc hosp",2020-12-26,"quantile",0.7,82.0905948490979
"38611",2020-12-12,"49","14  day ahead inc hosp",2020-12-26,"quantile",0.75,83.8901804124451
"38612",2020-12-12,"49","14  day ahead inc hosp",2020-12-26,"quantile",0.8,85.8941042760046
"38613",2020-12-12,"49","14  day ahead inc hosp",2020-12-26,"quantile",0.85,88.2299222815274
"38614",2020-12-12,"49","14  day ahead inc hosp",2020-12-26,"quantile",0.9,91.1689146990895
"38615",2020-12-12,"49","14  day ahead inc hosp",2020-12-26,"quantile",0.95,95.5249441905056
"38616",2020-12-12,"49","14  day ahead inc hosp",2020-12-26,"quantile",0.975,99.3031501422998
"38617",2020-12-12,"49","14  day ahead inc hosp",2020-12-26,"quantile",0.99,103.696131073002
"38618",2020-12-12,"49","15  day ahead inc hosp",2020-12-27,"quantile",0.01,48.2908063288446
"38619",2020-12-12,"49","15  day ahead inc hosp",2020-12-27,"quantile",0.025,52.744124971236
"38620",2020-12-12,"49","15  day ahead inc hosp",2020-12-27,"quantile",0.05,56.5742246837858
"38621",2020-12-12,"49","15  day ahead inc hosp",2020-12-27,"quantile",0.1,60.9900843578749
"38622",2020-12-12,"49","15  day ahead inc hosp",2020-12-27,"quantile",0.15,63.969443915642
"38623",2020-12-12,"49","15  day ahead inc hosp",2020-12-27,"quantile",0.2,66.3373444445352
"38624",2020-12-12,"49","15  day ahead inc hosp",2020-12-27,"quantile",0.25,68.3687922564647
"38625",2020-12-12,"49","15  day ahead inc hosp",2020-12-27,"quantile",0.3,70.1930951761114
"38626",2020-12-12,"49","15  day ahead inc hosp",2020-12-27,"quantile",0.35,71.8835837066482
"38627",2020-12-12,"49","15  day ahead inc hosp",2020-12-27,"quantile",0.4,73.4876920088938
"38628",2020-12-12,"49","15  day ahead inc hosp",2020-12-27,"quantile",0.45,75.0396853555106
"38629",2020-12-12,"49","15  day ahead inc hosp",2020-12-27,"quantile",0.5,76.567072433966
"38630",2020-12-12,"49","15  day ahead inc hosp",2020-12-27,"quantile",0.55,78.0944595124213
"38631",2020-12-12,"49","15  day ahead inc hosp",2020-12-27,"quantile",0.6,79.6464528590381
"38632",2020-12-12,"49","15  day ahead inc hosp",2020-12-27,"quantile",0.65,81.2505611612837
"38633",2020-12-12,"49","15  day ahead inc hosp",2020-12-27,"quantile",0.7,82.9410496918205
"38634",2020-12-12,"49","15  day ahead inc hosp",2020-12-27,"quantile",0.75,84.7653526114672
"38635",2020-12-12,"49","15  day ahead inc hosp",2020-12-27,"quantile",0.8,86.7968004233967
"38636",2020-12-12,"49","15  day ahead inc hosp",2020-12-27,"quantile",0.85,89.16470095229
"38637",2020-12-12,"49","15  day ahead inc hosp",2020-12-27,"quantile",0.9,92.1440605100571
"38638",2020-12-12,"49","15  day ahead inc hosp",2020-12-27,"quantile",0.95,96.5599201841462
"38639",2020-12-12,"49","15  day ahead inc hosp",2020-12-27,"quantile",0.975,100.390019896696
"38640",2020-12-12,"49","15  day ahead inc hosp",2020-12-27,"quantile",0.99,104.843338539087
"38641",2020-12-12,"49","16  day ahead inc hosp",2020-12-28,"quantile",0.01,48.5236938388197
"38642",2020-12-12,"49","16  day ahead inc hosp",2020-12-28,"quantile",0.025,53.0365435376052
"38643",2020-12-12,"49","16  day ahead inc hosp",2020-12-28,"quantile",0.05,56.9178432428553
"38644",2020-12-12,"49","16  day ahead inc hosp",2020-12-28,"quantile",0.1,61.3927332294813
"38645",2020-12-12,"49","16  day ahead inc hosp",2020-12-28,"quantile",0.15,64.41192025887
"38646",2020-12-12,"49","16  day ahead inc hosp",2020-12-28,"quantile",0.2,66.8114743996515
"38647",2020-12-12,"49","16  day ahead inc hosp",2020-12-28,"quantile",0.25,68.8700781920901
"38648",2020-12-12,"49","16  day ahead inc hosp",2020-12-28,"quantile",0.3,70.7187680215248
"38649",2020-12-12,"49","16  day ahead inc hosp",2020-12-28,"quantile",0.35,72.4318546583563
"38650",2020-12-12,"49","16  day ahead inc hosp",2020-12-28,"quantile",0.4,74.057406353602
"38651",2020-12-12,"49","16  day ahead inc hosp",2020-12-28,"quantile",0.45,75.6301464311087
"38652",2020-12-12,"49","16  day ahead inc hosp",2020-12-28,"quantile",0.5,77.1779513088739
"38653",2020-12-12,"49","16  day ahead inc hosp",2020-12-28,"quantile",0.55,78.7257561866391
"38654",2020-12-12,"49","16  day ahead inc hosp",2020-12-28,"quantile",0.6,80.2984962641457
"38655",2020-12-12,"49","16  day ahead inc hosp",2020-12-28,"quantile",0.65,81.9240479593914
"38656",2020-12-12,"49","16  day ahead inc hosp",2020-12-28,"quantile",0.7,83.6371345962229
"38657",2020-12-12,"49","16  day ahead inc hosp",2020-12-28,"quantile",0.75,85.4858244256577
"38658",2020-12-12,"49","16  day ahead inc hosp",2020-12-28,"quantile",0.8,87.5444282180962
"38659",2020-12-12,"49","16  day ahead inc hosp",2020-12-28,"quantile",0.85,89.9439823588778
"38660",2020-12-12,"49","16  day ahead inc hosp",2020-12-28,"quantile",0.9,92.9631693882665
"38661",2020-12-12,"49","16  day ahead inc hosp",2020-12-28,"quantile",0.95,97.4380593748924
"38662",2020-12-12,"49","16  day ahead inc hosp",2020-12-28,"quantile",0.975,101.319359080143
"38663",2020-12-12,"49","16  day ahead inc hosp",2020-12-28,"quantile",0.99,105.832208778928
"38664",2020-12-12,"49","17  day ahead inc hosp",2020-12-29,"quantile",0.01,48.7615031026902
"38665",2020-12-12,"49","17  day ahead inc hosp",2020-12-29,"quantile",0.025,53.3331087152716
"38666",2020-12-12,"49","17  day ahead inc hosp",2020-12-29,"quantile",0.05,57.2649417478247
"38667",2020-12-12,"49","17  day ahead inc hosp",2020-12-29,"quantile",0.1,61.7980934244801
"38668",2020-12-12,"49","17  day ahead inc hosp",2020-12-29,"quantile",0.15,64.8565893395337
"38669",2020-12-12,"49","17  day ahead inc hosp",2020-12-29,"quantile",0.2,67.2873849365247
"38670",2020-12-12,"49","17  day ahead inc hosp",2020-12-29,"quantile",0.25,69.372791116599
"38671",2020-12-12,"49","17  day ahead inc hosp",2020-12-29,"quantile",0.3,71.2455503184932
"38672",2020-12-12,"49","17  day ahead inc hosp",2020-12-29,"quantile",0.35,72.980940815962
"38673",2020-12-12,"49","17  day ahead inc hosp",2020-12-29,"quantile",0.4,74.6276566938531
"38674",2020-12-12,"49","17  day ahead inc hosp",2020-12-29,"quantile",0.45,76.2208733630004
"38675",2020-12-12,"49","17  day ahead inc hosp",2020-12-29,"quantile",0.5,77.7888301837818
"38676",2020-12-12,"49","17  day ahead inc hosp",2020-12-29,"quantile",0.55,79.3567870045633
"38677",2020-12-12,"49","17  day ahead inc hosp",2020-12-29,"quantile",0.6,80.9500036737105
"38678",2020-12-12,"49","17  day ahead inc hosp",2020-12-29,"quantile",0.65,82.5967195516017
"38679",2020-12-12,"49","17  day ahead inc hosp",2020-12-29,"quantile",0.7,84.3321100490704
"38680",2020-12-12,"49","17  day ahead inc hosp",2020-12-29,"quantile",0.75,86.2048692509646
"38681",2020-12-12,"49","17  day ahead inc hosp",2020-12-29,"quantile",0.8,88.2902754310389
"38682",2020-12-12,"49","17  day ahead inc hosp",2020-12-29,"quantile",0.85,90.7210710280299
"38683",2020-12-12,"49","17  day ahead inc hosp",2020-12-29,"quantile",0.9,93.7795669430835
"38684",2020-12-12,"49","17  day ahead inc hosp",2020-12-29,"quantile",0.95,98.3127186197389
"38685",2020-12-12,"49","17  day ahead inc hosp",2020-12-29,"quantile",0.975,102.244551652292
"38686",2020-12-12,"49","17  day ahead inc hosp",2020-12-29,"quantile",0.99,106.816157264873
"38687",2020-12-12,"49","18  day ahead inc hosp",2020-12-30,"quantile",0.01,49.0040467292712
"38688",2020-12-12,"49","18  day ahead inc hosp",2020-12-30,"quantile",0.025,53.6336626258811
"38689",2020-12-12,"49","18  day ahead inc hosp",2020-12-30,"quantile",0.05,57.6153877030024
"38690",2020-12-12,"49","18  day ahead inc hosp",2020-12-30,"quantile",0.1,62.2060617117644
"38691",2020-12-12,"49","18  day ahead inc hosp",2020-12-30,"quantile",0.15,65.3033676712024
"38692",2020-12-12,"49","18  day ahead inc hosp",2020-12-30,"quantile",0.2,67.7650082611667
"38693",2020-12-12,"49","18  day ahead inc hosp",2020-12-30,"quantile",0.25,69.8768766987218
"38694",2020-12-12,"49","18  day ahead inc hosp",2020-12-30,"quantile",0.3,71.7733998256842
"38695",2020-12-12,"49","18  day ahead inc hosp",2020-12-30,"quantile",0.35,73.5308111412616
"38696",2020-12-12,"49","18  day ahead inc hosp",2020-12-30,"quantile",0.4,75.1984226221172
"38697",2020-12-12,"49","18  day ahead inc hosp",2020-12-30,"quantile",0.45,76.8118560289554
"38698",2020-12-12,"49","18  day ahead inc hosp",2020-12-30,"quantile",0.5,78.3997090586897
"38699",2020-12-12,"49","18  day ahead inc hosp",2020-12-30,"quantile",0.55,79.987562088424
"38700",2020-12-12,"49","18  day ahead inc hosp",2020-12-30,"quantile",0.6,81.6009954952623
"38701",2020-12-12,"49","18  day ahead inc hosp",2020-12-30,"quantile",0.65,83.2686069761179
"38702",2020-12-12,"49","18  day ahead inc hosp",2020-12-30,"quantile",0.7,85.0260182916952
"38703",2020-12-12,"49","18  day ahead inc hosp",2020-12-30,"quantile",0.75,86.9225414186576
"38704",2020-12-12,"49","18  day ahead inc hosp",2020-12-30,"quantile",0.8,89.0344098562127
"38705",2020-12-12,"49","18  day ahead inc hosp",2020-12-30,"quantile",0.85,91.496050446177
"38706",2020-12-12,"49","18  day ahead inc hosp",2020-12-30,"quantile",0.9,94.593356405615
"38707",2020-12-12,"49","18  day ahead inc hosp",2020-12-30,"quantile",0.95,99.184030414377
"38708",2020-12-12,"49","18  day ahead inc hosp",2020-12-30,"quantile",0.975,103.165755491498
"38709",2020-12-12,"49","18  day ahead inc hosp",2020-12-30,"quantile",0.99,107.795371388108
"38710",2020-12-12,"49","19  day ahead inc hosp",2020-12-31,"quantile",0.01,49.2511489251467
"38711",2020-12-12,"49","19  day ahead inc hosp",2020-12-31,"quantile",0.025,53.9380571622792
"38712",2020-12-12,"49","19  day ahead inc hosp",2020-12-31,"quantile",0.05,57.9690568129462
"38713",2020-12-12,"49","19  day ahead inc hosp",2020-12-31,"quantile",0.1,62.6165412492711
"38714",2020-12-12,"49","19  day ahead inc hosp",2020-12-31,"quantile",0.15,65.7521769344776
"38715",2020-12-12,"49","19  day ahead inc hosp",2020-12-31,"quantile",0.2,68.2442807754057
"38716",2020-12-12,"49","19  day ahead inc hosp",2020-12-31,"quantile",0.25,70.3822839697885
"38717",2020-12-12,"49","19  day ahead inc hosp",2020-12-31,"quantile",0.3,72.3022769161108
"38718",2020-12-12,"49","19  day ahead inc hosp",2020-12-31,"quantile",0.35,74.0814365170273
"38719",2020-12-12,"49","19  day ahead inc hosp",2020-12-31,"quantile",0.4,75.7696849939003
"38720",2020-12-12,"49","19  day ahead inc hosp",2020-12-31,"quantile",0.45,77.4030849332154
"38721",2020-12-12,"49","19  day ahead inc hosp",2020-12-31,"quantile",0.5,79.0105879335976
"38722",2020-12-12,"49","19  day ahead inc hosp",2020-12-31,"quantile",0.55,80.6180909339798
"38723",2020-12-12,"49","19  day ahead inc hosp",2020-12-31,"quantile",0.6,82.251490873295
"38724",2020-12-12,"49","19  day ahead inc hosp",2020-12-31,"quantile",0.65,83.939739350168
"38725",2020-12-12,"49","19  day ahead inc hosp",2020-12-31,"quantile",0.7,85.7188989510845
"38726",2020-12-12,"49","19  day ahead inc hosp",2020-12-31,"quantile",0.75,87.6388918974068
"38727",2020-12-12,"49","19  day ahead inc hosp",2020-12-31,"quantile",0.8,89.7768950917895
"38728",2020-12-12,"49","19  day ahead inc hosp",2020-12-31,"quantile",0.85,92.2689989327176
"38729",2020-12-12,"49","19  day ahead inc hosp",2020-12-31,"quantile",0.9,95.4046346179242
"38730",2020-12-12,"49","19  day ahead inc hosp",2020-12-31,"quantile",0.95,100.052119054249
"38731",2020-12-12,"49","19  day ahead inc hosp",2020-12-31,"quantile",0.975,104.083118704916
"38732",2020-12-12,"49","19  day ahead inc hosp",2020-12-31,"quantile",0.99,108.770026942049
"38733",2020-12-12,"49","20  day ahead inc hosp",2021-01-01,"quantile",0.01,49.502644513963
"38734",2020-12-12,"49","20  day ahead inc hosp",2021-01-01,"quantile",0.025,54.2461531622589
"38735",2020-12-12,"49","20  day ahead inc hosp",2021-01-01,"quantile",0.05,58.3258322890505
"38736",2020-12-12,"49","20  day ahead inc hosp",2021-01-01,"quantile",0.1,63.0294410437239
"38737",2020-12-12,"49","20  day ahead inc hosp",2021-01-01,"quantile",0.15,66.2029435400695
"38738",2020-12-12,"49","20  day ahead inc hosp",2021-01-01,"quantile",0.2,68.7251427220885
"38739",2020-12-12,"49","20  day ahead inc hosp",2021-01-01,"quantile",0.25,70.8889650393873
"38740",2020-12-12,"49","20  day ahead inc hosp",2021-01-01,"quantile",0.3,72.8321443560617
"38741",2020-12-12,"49","20  day ahead inc hosp",2021-01-01,"quantile",0.35,74.6327895845694
"38742",2020-12-12,"49","20  day ahead inc hosp",2021-01-01,"quantile",0.4,76.3414258209424
"38743",2020-12-12,"49","20  day ahead inc hosp",2021-01-01,"quantile",0.45,77.9945511535194
"38744",2020-12-12,"49","20  day ahead inc hosp",2021-01-01,"quantile",0.5,79.6214668085055
"38745",2020-12-12,"49","20  day ahead inc hosp",2021-01-01,"quantile",0.55,81.2483824634917
"38746",2020-12-12,"49","20  day ahead inc hosp",2021-01-01,"quantile",0.6,82.9015077960687
"38747",2020-12-12,"49","20  day ahead inc hosp",2021-01-01,"quantile",0.65,84.6101440324417
"38748",2020-12-12,"49","20  day ahead inc hosp",2021-01-01,"quantile",0.7,86.4107892609494
"38749",2020-12-12,"49","20  day ahead inc hosp",2021-01-01,"quantile",0.75,88.3539685776238
"38750",2020-12-12,"49","20  day ahead inc hosp",2021-01-01,"quantile",0.8,90.5177908949226
"38751",2020-12-12,"49","20  day ahead inc hosp",2021-01-01,"quantile",0.85,93.0399900769416
"38752",2020-12-12,"49","20  day ahead inc hosp",2021-01-01,"quantile",0.9,96.2134925732872
"38753",2020-12-12,"49","20  day ahead inc hosp",2021-01-01,"quantile",0.95,100.917101327961
"38754",2020-12-12,"49","20  day ahead inc hosp",2021-01-01,"quantile",0.975,104.996780454752
"38755",2020-12-12,"49","20  day ahead inc hosp",2021-01-01,"quantile",0.99,109.740289103048
"38756",2020-12-12,"49","21  day ahead inc hosp",2021-01-02,"quantile",0.01,49.7583780598376
"38757",2020-12-12,"49","21  day ahead inc hosp",2021-01-02,"quantile",0.025,54.5578196700268
"38758",2020-12-12,"49","21  day ahead inc hosp",2021-01-02,"quantile",0.05,58.6856042297488
"38759",2020-12-12,"49","21  day ahead inc hosp",2021-01-02,"quantile",0.1,63.4446754677321
"38760",2020-12-12,"49","21  day ahead inc hosp",2021-01-02,"quantile",0.15,66.655598238258
"38761",2020-12-12,"49","21  day ahead inc hosp",2021-01-02,"quantile",0.2,69.2075378679488
"38762",2020-12-12,"49","21  day ahead inc hosp",2021-01-02,"quantile",0.25,71.3968748412103
"38763",2020-12-12,"49","21  day ahead inc hosp",2021-01-02,"quantile",0.3,73.3629671075028
"38764",2020-12-12,"49","21  day ahead inc hosp",2021-01-02,"quantile",0.35,75.1848445985438
"38765",2020-12-12,"49","21  day ahead inc hosp",2021-01-02,"quantile",0.4,76.9136281757534
"38766",2020-12-12,"49","21  day ahead inc hosp",2021-01-02,"quantile",0.45,78.586246293753
"38767",2020-12-12,"49","21  day ahead inc hosp",2021-01-02,"quantile",0.5,80.2323456834135
"38768",2020-12-12,"49","21  day ahead inc hosp",2021-01-02,"quantile",0.55,81.8784450730739
"38769",2020-12-12,"49","21  day ahead inc hosp",2021-01-02,"quantile",0.6,83.5510631910735
"38770",2020-12-12,"49","21  day ahead inc hosp",2021-01-02,"quantile",0.65,85.2798467682831
"38771",2020-12-12,"49","21  day ahead inc hosp",2021-01-02,"quantile",0.7,87.1017242593241
"38772",2020-12-12,"49","21  day ahead inc hosp",2021-01-02,"quantile",0.75,89.0678165256166
"38773",2020-12-12,"49","21  day ahead inc hosp",2021-01-02,"quantile",0.8,91.2571534988781
"38774",2020-12-12,"49","21  day ahead inc hosp",2021-01-02,"quantile",0.85,93.8090931285689
"38775",2020-12-12,"49","21  day ahead inc hosp",2021-01-02,"quantile",0.9,97.0200158990948
"38776",2020-12-12,"49","21  day ahead inc hosp",2021-01-02,"quantile",0.95,101.779087137078
"38777",2020-12-12,"49","21  day ahead inc hosp",2021-01-02,"quantile",0.975,105.9068716968
"38778",2020-12-12,"49","21  day ahead inc hosp",2021-01-02,"quantile",0.99,110.706313306989
"38779",2020-12-12,"49","22  day ahead inc hosp",2021-01-03,"quantile",0.01,51.6872169563739
"38780",2020-12-12,"49","22  day ahead inc hosp",2021-01-03,"quantile",0.025,56.5419471489565
"38781",2020-12-12,"49","22  day ahead inc hosp",2021-01-03,"quantile",0.05,60.71728293969
"38782",2020-12-12,"49","22  day ahead inc hosp",2021-01-03,"quantile",0.1,65.5311777016638
"38783",2020-12-12,"49","22  day ahead inc hosp",2021-01-03,"quantile",0.15,68.7790896435509
"38784",2020-12-12,"49","22  day ahead inc hosp",2021-01-03,"quantile",0.2,71.3604270940589
"38785",2020-12-12,"49","22  day ahead inc hosp",2021-01-03,"quantile",0.25,73.57498477995
"38786",2020-12-12,"49","22  day ahead inc hosp",2021-01-03,"quantile",0.3,75.5637260256627
"38787",2020-12-12,"49","22  day ahead inc hosp",2021-01-03,"quantile",0.35,77.4065911715093
"38788",2020-12-12,"49","22  day ahead inc hosp",2021-01-03,"quantile",0.4,79.1552899807421
"38789",2020-12-12,"49","22  day ahead inc hosp",2021-01-03,"quantile",0.45,80.8471763162013
"38790",2020-12-12,"49","22  day ahead inc hosp",2021-01-03,"quantile",0.5,82.5122384330131
"38791",2020-12-12,"49","22  day ahead inc hosp",2021-01-03,"quantile",0.55,84.1773005498249
"38792",2020-12-12,"49","22  day ahead inc hosp",2021-01-03,"quantile",0.6,85.8691868852841
"38793",2020-12-12,"49","22  day ahead inc hosp",2021-01-03,"quantile",0.65,87.617885694517
"38794",2020-12-12,"49","22  day ahead inc hosp",2021-01-03,"quantile",0.7,89.4607508403635
"38795",2020-12-12,"49","22  day ahead inc hosp",2021-01-03,"quantile",0.75,91.4494920860763
"38796",2020-12-12,"49","22  day ahead inc hosp",2021-01-03,"quantile",0.8,93.6640497719673
"38797",2020-12-12,"49","22  day ahead inc hosp",2021-01-03,"quantile",0.85,96.2453872224754
"38798",2020-12-12,"49","22  day ahead inc hosp",2021-01-03,"quantile",0.9,99.4932991643625
"38799",2020-12-12,"49","22  day ahead inc hosp",2021-01-03,"quantile",0.95,104.307193926336
"38800",2020-12-12,"49","22  day ahead inc hosp",2021-01-03,"quantile",0.975,108.48252971707
"38801",2020-12-12,"49","22  day ahead inc hosp",2021-01-03,"quantile",0.99,113.337259909652
"38802",2020-12-12,"49","23  day ahead inc hosp",2021-01-04,"quantile",0.01,51.9509952218681
"38803",2020-12-12,"49","23  day ahead inc hosp",2021-01-04,"quantile",0.025,56.8603913879898
"38804",2020-12-12,"49","23  day ahead inc hosp",2021-01-04,"quantile",0.05,61.0827429317721
"38805",2020-12-12,"49","23  day ahead inc hosp",2021-01-04,"quantile",0.1,65.9508438459396
"38806",2020-12-12,"49","23  day ahead inc hosp",2021-01-04,"quantile",0.15,69.2353284213674
"38807",2020-12-12,"49","23  day ahead inc hosp",2021-01-04,"quantile",0.2,71.8457326416376
"38808",2020-12-12,"49","23  day ahead inc hosp",2021-01-04,"quantile",0.25,74.0852270278302
"38809",2020-12-12,"49","23  day ahead inc hosp",2021-01-04,"quantile",0.3,76.096362201115
"38810",2020-12-12,"49","23  day ahead inc hosp",2021-01-04,"quantile",0.35,77.9599786582194
"38811",2020-12-12,"49","23  day ahead inc hosp",2021-01-04,"quantile",0.4,79.7283684325607
"38812",2020-12-12,"49","23  day ahead inc hosp",2021-01-04,"quantile",0.45,81.4393060046441
"38813",2020-12-12,"49","23  day ahead inc hosp",2021-01-04,"quantile",0.5,83.123117307921
"38814",2020-12-12,"49","23  day ahead inc hosp",2021-01-04,"quantile",0.55,84.806928611198
"38815",2020-12-12,"49","23  day ahead inc hosp",2021-01-04,"quantile",0.6,86.5178661832813
"38816",2020-12-12,"49","23  day ahead inc hosp",2021-01-04,"quantile",0.65,88.2862559576227
"38817",2020-12-12,"49","23  day ahead inc hosp",2021-01-04,"quantile",0.7,90.149872414727
"38818",2020-12-12,"49","23  day ahead inc hosp",2021-01-04,"quantile",0.75,92.1610075880118
"38819",2020-12-12,"49","23  day ahead inc hosp",2021-01-04,"quantile",0.8,94.4005019742045
"38820",2020-12-12,"49","23  day ahead inc hosp",2021-01-04,"quantile",0.85,97.0109061944747
"38821",2020-12-12,"49","23  day ahead inc hosp",2021-01-04,"quantile",0.9,100.295390769902
"38822",2020-12-12,"49","23  day ahead inc hosp",2021-01-04,"quantile",0.95,105.16349168407
"38823",2020-12-12,"49","23  day ahead inc hosp",2021-01-04,"quantile",0.975,109.385843227852
"38824",2020-12-12,"49","23  day ahead inc hosp",2021-01-04,"quantile",0.99,114.295239393974
"38825",2020-12-12,"49","24  day ahead inc hosp",2021-01-05,"quantile",0.01,52.2185961114304
"38826",2020-12-12,"49","24  day ahead inc hosp",2021-01-05,"quantile",0.025,57.1820562139283
"38827",2020-12-12,"49","24  day ahead inc hosp",2021-01-05,"quantile",0.05,61.4509057255862
"38828",2020-12-12,"49","24  day ahead inc hosp",2021-01-05,"quantile",0.1,66.3726158188034
"38829",2020-12-12,"49","24  day ahead inc hosp",2021-01-05,"quantile",0.15,69.6932702528261
"38830",2020-12-12,"49","24  day ahead inc hosp",2021-01-05,"quantile",0.2,72.3324211300995
"38831",2020-12-12,"49","24  day ahead inc hosp",2021-01-05,"quantile",0.25,74.5965775883501
"38832",2020-12-12,"49","24  day ahead inc hosp",2021-01-05,"quantile",0.3,76.6298600645563
"38833",2020-12-12,"49","24  day ahead inc hosp",2021-01-05,"quantile",0.35,78.5139992984253
"38834",2020-12-12,"49","24  day ahead inc hosp",2021-01-05,"quantile",0.4,80.3018631809895
"38835",2020-12-12,"49","24  day ahead inc hosp",2021-01-05,"quantile",0.45,82.0316421781506
"38836",2020-12-12,"49","24  day ahead inc hosp",2021-01-05,"quantile",0.5,83.733996182829
"38837",2020-12-12,"49","24  day ahead inc hosp",2021-01-05,"quantile",0.55,85.4363501875073
"38838",2020-12-12,"49","24  day ahead inc hosp",2021-01-05,"quantile",0.6,87.1661291846684
"38839",2020-12-12,"49","24  day ahead inc hosp",2021-01-05,"quantile",0.65,88.9539930672327
"38840",2020-12-12,"49","24  day ahead inc hosp",2021-01-05,"quantile",0.7,90.8381323011017
"38841",2020-12-12,"49","24  day ahead inc hosp",2021-01-05,"quantile",0.75,92.8714147773078
"38842",2020-12-12,"49","24  day ahead inc hosp",2021-01-05,"quantile",0.8,95.1355712355585
"38843",2020-12-12,"49","24  day ahead inc hosp",2021-01-05,"quantile",0.85,97.7747221128319
"38844",2020-12-12,"49","24  day ahead inc hosp",2021-01-05,"quantile",0.9,101.095376546855
"38845",2020-12-12,"49","24  day ahead inc hosp",2021-01-05,"quantile",0.95,106.017086640072
"38846",2020-12-12,"49","24  day ahead inc hosp",2021-01-05,"quantile",0.975,110.28593615173
"38847",2020-12-12,"49","24  day ahead inc hosp",2021-01-05,"quantile",0.99,115.249396254228
"38848",2020-12-12,"49","25  day ahead inc hosp",2021-01-06,"quantile",0.01,52.4898960438868
"38849",2020-12-12,"49","25  day ahead inc hosp",2021-01-06,"quantile",0.025,57.5068375087881
"38850",2020-12-12,"49","25  day ahead inc hosp",2021-01-06,"quantile",0.05,61.8216839425656
"38851",2020-12-12,"49","25  day ahead inc hosp",2021-01-06,"quantile",0.1,66.796425541165
"38852",2020-12-12,"49","25  day ahead inc hosp",2021-01-06,"quantile",0.15,70.1528600801014
"38853",2020-12-12,"49","25  day ahead inc hosp",2021-01-06,"quantile",0.2,72.8204478505078
"38854",2020-12-12,"49","25  day ahead inc hosp",2021-01-06,"quantile",0.25,75.1090006309976
"38855",2020-12-12,"49","25  day ahead inc hosp",2021-01-06,"quantile",0.3,77.1641917585746
"38856",2020-12-12,"49","25  day ahead inc hosp",2021-01-06,"quantile",0.35,79.0686326229803
"38857",2020-12-12,"49","25  day ahead inc hosp",2021-01-06,"quantile",0.4,80.8757607676232
"38858",2020-12-12,"49","25  day ahead inc hosp",2021-01-06,"quantile",0.45,82.6241781612889
"38859",2020-12-12,"49","25  day ahead inc hosp",2021-01-06,"quantile",0.5,84.3448750577369
"38860",2020-12-12,"49","25  day ahead inc hosp",2021-01-06,"quantile",0.55,86.0655719541849
"38861",2020-12-12,"49","25  day ahead inc hosp",2021-01-06,"quantile",0.6,87.8139893478505
"38862",2020-12-12,"49","25  day ahead inc hosp",2021-01-06,"quantile",0.65,89.6211174924934
"38863",2020-12-12,"49","25  day ahead inc hosp",2021-01-06,"quantile",0.7,91.5255583568992
"38864",2020-12-12,"49","25  day ahead inc hosp",2021-01-06,"quantile",0.75,93.5807494844762
"38865",2020-12-12,"49","25  day ahead inc hosp",2021-01-06,"quantile",0.8,95.869302264966
"38866",2020-12-12,"49","25  day ahead inc hosp",2021-01-06,"quantile",0.85,98.5368900353724
"38867",2020-12-12,"49","25  day ahead inc hosp",2021-01-06,"quantile",0.9,101.893324574309
"38868",2020-12-12,"49","25  day ahead inc hosp",2021-01-06,"quantile",0.95,106.868066172908
"38869",2020-12-12,"49","25  day ahead inc hosp",2021-01-06,"quantile",0.975,111.182912606686
"38870",2020-12-12,"49","25  day ahead inc hosp",2021-01-06,"quantile",0.99,116.199854071587
"38871",2020-12-12,"49","26  day ahead inc hosp",2021-01-07,"quantile",0.01,52.7647779566769
"38872",2020-12-12,"49","26  day ahead inc hosp",2021-01-07,"quantile",0.025,57.8346366465619
"38873",2020-12-12,"49","26  day ahead inc hosp",2021-01-07,"quantile",0.05,62.1949948131559
"38874",2020-12-12,"49","26  day ahead inc hosp",2021-01-07,"quantile",0.1,67.2222085249445
"38875",2020-12-12,"49","26  day ahead inc hosp",2021-01-07,"quantile",0.15,70.6140457495376
"38876",2020-12-12,"49","26  day ahead inc hosp",2021-01-07,"quantile",0.2,73.309770452216
"38877",2020-12-12,"49","26  day ahead inc hosp",2021-01-07,"quantile",0.25,75.6224622152352
"38878",2020-12-12,"49","26  day ahead inc hosp",2021-01-07,"quantile",0.3,77.6993308951703
"38879",2020-12-12,"49","26  day ahead inc hosp",2021-01-07,"quantile",0.35,79.6238592424369
"38880",2020-12-12,"49","26  day ahead inc hosp",2021-01-07,"quantile",0.4,81.4500484439555
"38881",2020-12-12,"49","26  day ahead inc hosp",2021-01-07,"quantile",0.45,83.2169076307402
"38882",2020-12-12,"49","26  day ahead inc hosp",2021-01-07,"quantile",0.5,84.9557539326448
"38883",2020-12-12,"49","26  day ahead inc hosp",2021-01-07,"quantile",0.55,86.6946002345494
"38884",2020-12-12,"49","26  day ahead inc hosp",2021-01-07,"quantile",0.6,88.4614594213341
"38885",2020-12-12,"49","26  day ahead inc hosp",2021-01-07,"quantile",0.65,90.2876486228527
"38886",2020-12-12,"49","26  day ahead inc hosp",2021-01-07,"quantile",0.7,92.2121769701193
"38887",2020-12-12,"49","26  day ahead inc hosp",2021-01-07,"quantile",0.75,94.2890456500543
"38888",2020-12-12,"49","26  day ahead inc hosp",2021-01-07,"quantile",0.8,96.6017374130736
"38889",2020-12-12,"49","26  day ahead inc hosp",2021-01-07,"quantile",0.85,99.297462115752
"38890",2020-12-12,"49","26  day ahead inc hosp",2021-01-07,"quantile",0.9,102.689299340345
"38891",2020-12-12,"49","26  day ahead inc hosp",2021-01-07,"quantile",0.95,107.716513052134
"38892",2020-12-12,"49","26  day ahead inc hosp",2021-01-07,"quantile",0.975,112.076871218728
"38893",2020-12-12,"49","26  day ahead inc hosp",2021-01-07,"quantile",0.99,117.146729908613
"38894",2020-12-12,"49","27  day ahead inc hosp",2021-01-08,"quantile",0.01,53.043130834397
"38895",2020-12-12,"49","27  day ahead inc hosp",2021-01-08,"quantile",0.025,58.1653600960135
"38896",2020-12-12,"49","27  day ahead inc hosp",2021-01-08,"quantile",0.05,62.5707598434694
"38897",2020-12-12,"49","27  day ahead inc hosp",2021-01-08,"quantile",0.1,67.6499036133536
"38898",2020-12-12,"49","27  day ahead inc hosp",2021-01-08,"quantile",0.15,71.0767778016053
"38899",2020-12-12,"49","27  day ahead inc hosp",2021-01-08,"quantile",0.2,73.8003487723053
"38900",2020-12-12,"49","27  day ahead inc hosp",2021-01-08,"quantile",0.25,76.1369301538083
"38901",2020-12-12,"49","27  day ahead inc hosp",2021-01-08,"quantile",0.3,78.2352524494815
"38902",2020-12-12,"49","27  day ahead inc hosp",2021-01-08,"quantile",0.35,80.1796607689573
"38903",2020-12-12,"49","27  day ahead inc hosp",2021-01-08,"quantile",0.4,82.0247141200358
"38904",2020-12-12,"49","27  day ahead inc hosp",2021-01-08,"quantile",0.45,83.8098245898327
"38905",2020-12-12,"49","27  day ahead inc hosp",2021-01-08,"quantile",0.5,85.5666328075527
"38906",2020-12-12,"49","27  day ahead inc hosp",2021-01-08,"quantile",0.55,87.3234410252727
"38907",2020-12-12,"49","27  day ahead inc hosp",2021-01-08,"quantile",0.6,89.1085514950696
"38908",2020-12-12,"49","27  day ahead inc hosp",2021-01-08,"quantile",0.65,90.9536048461481
"38909",2020-12-12,"49","27  day ahead inc hosp",2021-01-08,"quantile",0.7,92.898013165624
"38910",2020-12-12,"49","27  day ahead inc hosp",2021-01-08,"quantile",0.75,94.9963354612971
"38911",2020-12-12,"49","27  day ahead inc hosp",2021-01-08,"quantile",0.8,97.3329168428001
"38912",2020-12-12,"49","27  day ahead inc hosp",2021-01-08,"quantile",0.85,100.0564878135
"38913",2020-12-12,"49","27  day ahead inc hosp",2021-01-08,"quantile",0.9,103.483362001752
"38914",2020-12-12,"49","27  day ahead inc hosp",2021-01-08,"quantile",0.95,108.562505771636
"38915",2020-12-12,"49","27  day ahead inc hosp",2021-01-08,"quantile",0.975,112.967905519092
"38916",2020-12-12,"49","27  day ahead inc hosp",2021-01-08,"quantile",0.99,118.090134780708
"38917",2020-12-12,"49","28  day ahead inc hosp",2021-01-09,"quantile",0.01,53.3248492802993
"38918",2020-12-12,"49","28  day ahead inc hosp",2021-01-09,"quantile",0.025,58.4989190596624
"38919",2020-12-12,"49","28  day ahead inc hosp",2021-01-09,"quantile",0.05,62.9489045123111
"38920",2020-12-12,"49","28  day ahead inc hosp",2021-01-09,"quantile",0.1,68.0794527448407
"38921",2020-12-12,"49","28  day ahead inc hosp",2021-01-09,"quantile",0.15,71.541009279996
"38922",2020-12-12,"49","28  day ahead inc hosp",2021-01-09,"quantile",0.2,74.2921446805622
"38923",2020-12-12,"49","28  day ahead inc hosp",2021-01-09,"quantile",0.25,76.6523738885071
"38924",2020-12-12,"49","28  day ahead inc hosp",2021-01-09,"quantile",0.3,78.7719326631918
"38925",2020-12-12,"49","28  day ahead inc hosp",2021-01-09,"quantile",0.35,80.7360197453399
"38926",2020-12-12,"49","28  day ahead inc hosp",2021-01-09,"quantile",0.4,82.599746317804
"38927",2020-12-12,"49","28  day ahead inc hosp",2021-01-09,"quantile",0.45,84.4029233453949
"38928",2020-12-12,"49","28  day ahead inc hosp",2021-01-09,"quantile",0.5,86.1775116824606
"38929",2020-12-12,"49","28  day ahead inc hosp",2021-01-09,"quantile",0.55,87.9521000195264
"38930",2020-12-12,"49","28  day ahead inc hosp",2021-01-09,"quantile",0.6,89.7552770471173
"38931",2020-12-12,"49","28  day ahead inc hosp",2021-01-09,"quantile",0.65,91.6190036195814
"38932",2020-12-12,"49","28  day ahead inc hosp",2021-01-09,"quantile",0.7,93.5830907017295
"38933",2020-12-12,"49","28  day ahead inc hosp",2021-01-09,"quantile",0.75,95.7026494764142
"38934",2020-12-12,"49","28  day ahead inc hosp",2021-01-09,"quantile",0.8,98.062878684359
"38935",2020-12-12,"49","28  day ahead inc hosp",2021-01-09,"quantile",0.85,100.814014084925
"38936",2020-12-12,"49","28  day ahead inc hosp",2021-01-09,"quantile",0.9,104.275570620081
"38937",2020-12-12,"49","28  day ahead inc hosp",2021-01-09,"quantile",0.95,109.40611885261
"38938",2020-12-12,"49","28  day ahead inc hosp",2021-01-09,"quantile",0.975,113.856104305259
"38939",2020-12-12,"49","28  day ahead inc hosp",2021-01-09,"quantile",0.99,119.030174084622
"38940",2020-12-12,"49","29  day ahead inc hosp",2021-01-10,"quantile",0.01,49.5224567180978
"38941",2020-12-12,"49","29  day ahead inc hosp",2021-01-10,"quantile",0.025,54.7478527370494
"38942",2020-12-12,"49","29  day ahead inc hosp",2021-01-10,"quantile",0.05,59.2419815873035
"38943",2020-12-12,"49","29  day ahead inc hosp",2021-01-10,"quantile",0.1,64.4234243301572
"38944",2020-12-12,"49","29  day ahead inc hosp",2021-01-10,"quantile",0.15,67.9193191498061
"38945",2020-12-12,"49","29  day ahead inc hosp",2021-01-10,"quantile",0.2,70.6977455303419
"38946",2020-12-12,"49","29  day ahead inc hosp",2021-01-10,"quantile",0.25,73.0813879690657
"38947",2020-12-12,"49","29  day ahead inc hosp",2021-01-10,"quantile",0.3,75.2219725486063
"38948",2020-12-12,"49","29  day ahead inc hosp",2021-01-10,"quantile",0.35,77.2055431724248
"38949",2020-12-12,"49","29  day ahead inc hosp",2021-01-10,"quantile",0.4,79.0877577206342
"38950",2020-12-12,"49","29  day ahead inc hosp",2021-01-10,"quantile",0.45,80.9088220787184
"38951",2020-12-12,"49","29  day ahead inc hosp",2021-01-10,"quantile",0.5,82.7010141494104
"38952",2020-12-12,"49","29  day ahead inc hosp",2021-01-10,"quantile",0.55,84.4932062201023
"38953",2020-12-12,"49","29  day ahead inc hosp",2021-01-10,"quantile",0.6,86.3142705781865
"38954",2020-12-12,"49","29  day ahead inc hosp",2021-01-10,"quantile",0.65,88.196485126396
"38955",2020-12-12,"49","29  day ahead inc hosp",2021-01-10,"quantile",0.7,90.1800557502144
"38956",2020-12-12,"49","29  day ahead inc hosp",2021-01-10,"quantile",0.75,92.320640329755
"38957",2020-12-12,"49","29  day ahead inc hosp",2021-01-10,"quantile",0.8,94.7042827684788
"38958",2020-12-12,"49","29  day ahead inc hosp",2021-01-10,"quantile",0.85,97.4827091490146
"38959",2020-12-12,"49","29  day ahead inc hosp",2021-01-10,"quantile",0.9,100.978603968663
"38960",2020-12-12,"49","29  day ahead inc hosp",2021-01-10,"quantile",0.95,106.160046711517
"38961",2020-12-12,"49","29  day ahead inc hosp",2021-01-10,"quantile",0.975,110.654175561771
"38962",2020-12-12,"49","29  day ahead inc hosp",2021-01-10,"quantile",0.99,115.879571580723
"38963",2020-12-12,"49","30  day ahead inc hosp",2021-01-11,"quantile",0.01,49.8106106677364
"38964",2020-12-12,"49","30  day ahead inc hosp",2021-01-11,"quantile",0.025,55.086833656583
"38965",2020-12-12,"49","30  day ahead inc hosp",2021-01-11,"quantile",0.05,59.6246765049623
"38966",2020-12-12,"49","30  day ahead inc hosp",2021-01-11,"quantile",0.1,64.8565186880399
"38967",2020-12-12,"49","30  day ahead inc hosp",2021-01-11,"quantile",0.15,68.3864177707359
"38968",2020-12-12,"49","30  day ahead inc hosp",2021-01-11,"quantile",0.2,71.1918696615846
"38969",2020-12-12,"49","30  day ahead inc hosp",2021-01-11,"quantile",0.25,73.5986975817597
"38970",2020-12-12,"49","30  day ahead inc hosp",2021-01-11,"quantile",0.3,75.760103440221
"38971",2020-12-12,"49","30  day ahead inc hosp",2021-01-11,"quantile",0.35,77.7629680819504
"38972",2020-12-12,"49","30  day ahead inc hosp",2021-01-11,"quantile",0.4,79.6634907663912
"38973",2020-12-12,"49","30  day ahead inc hosp",2021-01-11,"quantile",0.45,81.5022684581575
"38974",2020-12-12,"49","30  day ahead inc hosp",2021-01-11,"quantile",0.5,83.3118930243183
"38975",2020-12-12,"49","30  day ahead inc hosp",2021-01-11,"quantile",0.55,85.1215175904791
"38976",2020-12-12,"49","30  day ahead inc hosp",2021-01-11,"quantile",0.6,86.9602952822454
"38977",2020-12-12,"49","30  day ahead inc hosp",2021-01-11,"quantile",0.65,88.8608179666862
"38978",2020-12-12,"49","30  day ahead inc hosp",2021-01-11,"quantile",0.7,90.8636826084155
"38979",2020-12-12,"49","30  day ahead inc hosp",2021-01-11,"quantile",0.75,93.0250884668768
"38980",2020-12-12,"49","30  day ahead inc hosp",2021-01-11,"quantile",0.8,95.431916387052
"38981",2020-12-12,"49","30  day ahead inc hosp",2021-01-11,"quantile",0.85,98.2373682779007
"38982",2020-12-12,"49","30  day ahead inc hosp",2021-01-11,"quantile",0.9,101.767267360597
"38983",2020-12-12,"49","30  day ahead inc hosp",2021-01-11,"quantile",0.95,106.999109543674
"38984",2020-12-12,"49","30  day ahead inc hosp",2021-01-11,"quantile",0.975,111.536952392054
"38985",2020-12-12,"49","30  day ahead inc hosp",2021-01-11,"quantile",0.99,116.8131753809
"38986",2020-12-12,"49","31  day ahead inc hosp",2021-01-12,"quantile",0.01,50.101843972158
"38987",2020-12-12,"49","31  day ahead inc hosp",2021-01-12,"quantile",0.025,55.4284089535686
"38988",2020-12-12,"49","31  day ahead inc hosp",2021-01-12,"quantile",0.05,60.0095486928134
"38989",2020-12-12,"49","31  day ahead inc hosp",2021-01-12,"quantile",0.1,65.2913094181577
"38990",2020-12-12,"49","31  day ahead inc hosp",2021-01-12,"quantile",0.15,68.8548883043322
"38991",2020-12-12,"49","31  day ahead inc hosp",2021-01-12,"quantile",0.2,71.6871078353141
"38992",2020-12-12,"49","31  day ahead inc hosp",2021-01-12,"quantile",0.25,74.1169000072877
"38993",2020-12-12,"49","31  day ahead inc hosp",2021-01-12,"quantile",0.3,76.2989284736041
"38994",2020-12-12,"49","31  day ahead inc hosp",2021-01-12,"quantile",0.35,78.3209030348941
"38995",2020-12-12,"49","31  day ahead inc hosp",2021-01-12,"quantile",0.4,80.2395591642348
"38996",2020-12-12,"49","31  day ahead inc hosp",2021-01-12,"quantile",0.45,82.0958811737984
"38997",2020-12-12,"49","31  day ahead inc hosp",2021-01-12,"quantile",0.5,83.9227718992262
"38998",2020-12-12,"49","31  day ahead inc hosp",2021-01-12,"quantile",0.55,85.7496626246539
"38999",2020-12-12,"49","31  day ahead inc hosp",2021-01-12,"quantile",0.6,87.6059846342176
"39000",2020-12-12,"49","31  day ahead inc hosp",2021-01-12,"quantile",0.65,89.5246407635583
"39001",2020-12-12,"49","31  day ahead inc hosp",2021-01-12,"quantile",0.7,91.5466153248483
"39002",2020-12-12,"49","31  day ahead inc hosp",2021-01-12,"quantile",0.75,93.7286437911647
"39003",2020-12-12,"49","31  day ahead inc hosp",2021-01-12,"quantile",0.8,96.1584359631383
"39004",2020-12-12,"49","31  day ahead inc hosp",2021-01-12,"quantile",0.85,98.9906554941202
"39005",2020-12-12,"49","31  day ahead inc hosp",2021-01-12,"quantile",0.9,102.554234380295
"39006",2020-12-12,"49","31  day ahead inc hosp",2021-01-12,"quantile",0.95,107.835995105639
"39007",2020-12-12,"49","31  day ahead inc hosp",2021-01-12,"quantile",0.975,112.417134844884
"39008",2020-12-12,"49","31  day ahead inc hosp",2021-01-12,"quantile",0.99,117.743699826294
"39009",2020-12-12,"49","32  day ahead inc hosp",2021-01-13,"quantile",0.01,50.3960701310882
"39010",2020-12-12,"49","32  day ahead inc hosp",2021-01-13,"quantile",0.025,55.7725057509341
"39011",2020-12-12,"49","32  day ahead inc hosp",2021-01-13,"quantile",0.05,60.39653699049
"39012",2020-12-12,"49","32  day ahead inc hosp",2021-01-13,"quantile",0.1,65.7277488687545
"39013",2020-12-12,"49","32  day ahead inc hosp",2021-01-13,"quantile",0.15,69.3246922130344
"39014",2020-12-12,"49","32  day ahead inc hosp",2021-01-13,"quantile",0.2,72.1834287576436
"39015",2020-12-12,"49","32  day ahead inc hosp",2021-01-13,"quantile",0.25,74.6359701661898
"39016",2020-12-12,"49","32  day ahead inc hosp",2021-01-13,"quantile",0.3,76.838428150043
"39017",2020-12-12,"49","32  day ahead inc hosp",2021-01-13,"quantile",0.35,78.8793337039376
"39018",2020-12-12,"49","32  day ahead inc hosp",2021-01-13,"quantile",0.4,80.8159534939944
"39019",2020-12-12,"49","32  day ahead inc hosp",2021-01-13,"quantile",0.45,82.6896555531926
"39020",2020-12-12,"49","32  day ahead inc hosp",2021-01-13,"quantile",0.5,84.5336507741341
"39021",2020-12-12,"49","32  day ahead inc hosp",2021-01-13,"quantile",0.55,86.3776459950757
"39022",2020-12-12,"49","32  day ahead inc hosp",2021-01-13,"quantile",0.6,88.2513480542738
"39023",2020-12-12,"49","32  day ahead inc hosp",2021-01-13,"quantile",0.65,90.1879678443306
"39024",2020-12-12,"49","32  day ahead inc hosp",2021-01-13,"quantile",0.7,92.2288733982252
"39025",2020-12-12,"49","32  day ahead inc hosp",2021-01-13,"quantile",0.75,94.4313313820785
"39026",2020-12-12,"49","32  day ahead inc hosp",2021-01-13,"quantile",0.8,96.8838727906246
"39027",2020-12-12,"49","32  day ahead inc hosp",2021-01-13,"quantile",0.85,99.7426093352338
"39028",2020-12-12,"49","32  day ahead inc hosp",2021-01-13,"quantile",0.9,103.339552679514
"39029",2020-12-12,"49","32  day ahead inc hosp",2021-01-13,"quantile",0.95,108.670764557778
"39030",2020-12-12,"49","32  day ahead inc hosp",2021-01-13,"quantile",0.975,113.294795797334
"39031",2020-12-12,"49","32  day ahead inc hosp",2021-01-13,"quantile",0.99,118.67123141718
"39032",2020-12-12,"49","33  day ahead inc hosp",2021-01-14,"quantile",0.01,50.6932066196868
"39033",2020-12-12,"49","33  day ahead inc hosp",2021-01-14,"quantile",0.025,56.1190545209374
"39034",2020-12-12,"49","33  day ahead inc hosp",2021-01-14,"quantile",0.05,60.7855830484715
"39035",2020-12-12,"49","33  day ahead inc hosp",2021-01-14,"quantile",0.1,66.1657915780833
"39036",2020-12-12,"49","33  day ahead inc hosp",2021-01-14,"quantile",0.15,69.795792730415
"39037",2020-12-12,"49","33  day ahead inc hosp",2021-01-14,"quantile",0.2,72.6808025729101
"39038",2020-12-12,"49","33  day ahead inc hosp",2021-01-14,"quantile",0.25,75.1558841316234
"39039",2020-12-12,"49","33  day ahead inc hosp",2021-01-14,"quantile",0.3,77.3785838669595
"39040",2020-12-12,"49","33  day ahead inc hosp",2021-01-14,"quantile",0.35,79.4382464202269
"39041",2020-12-12,"49","33  day ahead inc hosp",2021-01-14,"quantile",0.4,81.3926647684375
"39042",2020-12-12,"49","33  day ahead inc hosp",2021-01-14,"quantile",0.45,83.2835871386305
"39043",2020-12-12,"49","33  day ahead inc hosp",2021-01-14,"quantile",0.5,85.144529649042
"39044",2020-12-12,"49","33  day ahead inc hosp",2021-01-14,"quantile",0.55,87.0054721594535
"39045",2020-12-12,"49","33  day ahead inc hosp",2021-01-14,"quantile",0.6,88.8963945296465
"39046",2020-12-12,"49","33  day ahead inc hosp",2021-01-14,"quantile",0.65,90.8508128778571
"39047",2020-12-12,"49","33  day ahead inc hosp",2021-01-14,"quantile",0.7,92.9104754311246
"39048",2020-12-12,"49","33  day ahead inc hosp",2021-01-14,"quantile",0.75,95.1331751664606
"39049",2020-12-12,"49","33  day ahead inc hosp",2021-01-14,"quantile",0.8,97.608256725174
"39050",2020-12-12,"49","33  day ahead inc hosp",2021-01-14,"quantile",0.85,100.493266567669
"39051",2020-12-12,"49","33  day ahead inc hosp",2021-01-14,"quantile",0.9,104.123267720001
"39052",2020-12-12,"49","33  day ahead inc hosp",2021-01-14,"quantile",0.95,109.503476249613
"39053",2020-12-12,"49","33  day ahead inc hosp",2021-01-14,"quantile",0.975,114.170004777147
"39054",2020-12-12,"49","33  day ahead inc hosp",2021-01-14,"quantile",0.99,119.595852678397
"39055",2020-12-12,"49","34  day ahead inc hosp",2021-01-15,"quantile",0.01,50.9931746373669
"39056",2020-12-12,"49","34  day ahead inc hosp",2021-01-15,"quantile",0.025,56.4679888735454
"39057",2020-12-12,"49","34  day ahead inc hosp",2021-01-15,"quantile",0.05,61.1766311504858
"39058",2020-12-12,"49","34  day ahead inc hosp",2021-01-15,"quantile",0.1,66.6053941360348
"39059",2020-12-12,"49","34  day ahead inc hosp",2021-01-15,"quantile",0.15,70.2681547492746
"39060",2020-12-12,"49","34  day ahead inc hosp",2021-01-15,"quantile",0.2,73.1792007728032
"39061",2020-12-12,"49","34  day ahead inc hosp",2021-01-15,"quantile",0.25,75.6766190565379
"39062",2020-12-12,"49","34  day ahead inc hosp",2021-01-15,"quantile",0.3,77.9193778612887
"39063",2020-12-12,"49","34  day ahead inc hosp",2021-01-15,"quantile",0.35,79.9976281317677
"39064",2020-12-12,"49","34  day ahead inc hosp",2021-01-15,"quantile",0.4,81.9696844059153
"39065",2020-12-12,"49","34  day ahead inc hosp",2021-01-15,"quantile",0.45,83.8776716735745
"39066",2020-12-12,"49","34  day ahead inc hosp",2021-01-15,"quantile",0.5,85.7554085239499
"39067",2020-12-12,"49","34  day ahead inc hosp",2021-01-15,"quantile",0.55,87.6331453743254
"39068",2020-12-12,"49","34  day ahead inc hosp",2021-01-15,"quantile",0.6,89.5411326419845
"39069",2020-12-12,"49","34  day ahead inc hosp",2021-01-15,"quantile",0.65,91.5131889161321
"39070",2020-12-12,"49","34  day ahead inc hosp",2021-01-15,"quantile",0.7,93.5914391866112
"39071",2020-12-12,"49","34  day ahead inc hosp",2021-01-15,"quantile",0.75,95.8341979913619
"39072",2020-12-12,"49","34  day ahead inc hosp",2021-01-15,"quantile",0.8,98.3316162750967
"39073",2020-12-12,"49","34  day ahead inc hosp",2021-01-15,"quantile",0.85,101.242662298625
"39074",2020-12-12,"49","34  day ahead inc hosp",2021-01-15,"quantile",0.9,104.905422911865
"39075",2020-12-12,"49","34  day ahead inc hosp",2021-01-15,"quantile",0.95,110.334185897414
"39076",2020-12-12,"49","34  day ahead inc hosp",2021-01-15,"quantile",0.975,115.042828174354
"39077",2020-12-12,"49","34  day ahead inc hosp",2021-01-15,"quantile",0.99,120.517642410533
"39078",2020-12-12,"49","35  day ahead inc hosp",2021-01-16,"quantile",0.01,51.2958988766584
"39079",2020-12-12,"49","35  day ahead inc hosp",2021-01-16,"quantile",0.025,56.8192453616999
"39080",2020-12-12,"49","35  day ahead inc hosp",2021-01-16,"quantile",0.05,61.5696280500832
"39081",2020-12-12,"49","35  day ahead inc hosp",2021-01-16,"quantile",0.1,67.0465150568074
"39082",2020-12-12,"49","35  day ahead inc hosp",2021-01-16,"quantile",0.15,70.7417447186649
"39083",2020-12-12,"49","35  day ahead inc hosp",2021-01-16,"quantile",0.2,73.6785961127451
"39084",2020-12-12,"49","35  day ahead inc hosp",2021-01-16,"quantile",0.25,76.1981531066593
"39085",2020-12-12,"49","35  day ahead inc hosp",2021-01-16,"quantile",0.3,78.4607931573768
"39086",2020-12-12,"49","35  day ahead inc hosp",2021-01-16,"quantile",0.35,80.5574663651421
"39087",2020-12-12,"49","35  day ahead inc hosp",2021-01-16,"quantile",0.4,82.5470042051913
"39088",2020-12-12,"49","35  day ahead inc hosp",2021-01-16,"quantile",0.45,84.4719050901727
"39089",2020-12-12,"49","35  day ahead inc hosp",2021-01-16,"quantile",0.5,86.3662873988579
"39090",2020-12-12,"49","35  day ahead inc hosp",2021-01-16,"quantile",0.55,88.260669707543
"39091",2020-12-12,"49","35  day ahead inc hosp",2021-01-16,"quantile",0.6,90.1855705925245
"39092",2020-12-12,"49","35  day ahead inc hosp",2021-01-16,"quantile",0.65,92.1751084325737
"39093",2020-12-12,"49","35  day ahead inc hosp",2021-01-16,"quantile",0.7,94.2717816403389
"39094",2020-12-12,"49","35  day ahead inc hosp",2021-01-16,"quantile",0.75,96.5344216910564
"39095",2020-12-12,"49","35  day ahead inc hosp",2021-01-16,"quantile",0.8,99.0539786849706
"39096",2020-12-12,"49","35  day ahead inc hosp",2021-01-16,"quantile",0.85,101.990830079051
"39097",2020-12-12,"49","35  day ahead inc hosp",2021-01-16,"quantile",0.9,105.686059740908
"39098",2020-12-12,"49","35  day ahead inc hosp",2021-01-16,"quantile",0.95,111.162946747633
"39099",2020-12-12,"49","35  day ahead inc hosp",2021-01-16,"quantile",0.975,115.913329436016
"39100",2020-12-12,"49","35  day ahead inc hosp",2021-01-16,"quantile",0.99,121.436675921057
"39101",2020-12-12,"49","36  day ahead inc hosp",2021-01-17,"quantile",0.01,51.510850295625
"39102",2020-12-12,"49","36  day ahead inc hosp",2021-01-17,"quantile",0.025,57.0823062872826
"39103",2020-12-12,"49","36  day ahead inc hosp",2021-01-17,"quantile",0.05,61.8740658054546
"39104",2020-12-12,"49","36  day ahead inc hosp",2021-01-17,"quantile",0.1,67.3986576469922
"39105",2020-12-12,"49","36  day ahead inc hosp",2021-01-17,"quantile",0.15,71.1260735344191
"39106",2020-12-12,"49","36  day ahead inc hosp",2021-01-17,"quantile",0.2,74.0885055202577
"39107",2020-12-12,"49","36  day ahead inc hosp",2021-01-17,"quantile",0.25,76.6300083841616
"39108",2020-12-12,"49","36  day ahead inc hosp",2021-01-17,"quantile",0.3,78.9123565043953
"39109",2020-12-12,"49","36  day ahead inc hosp",2021-01-17,"quantile",0.35,81.027292175657
"39110",2020-12-12,"49","36  day ahead inc hosp",2021-01-17,"quantile",0.4,83.034159307674
"39111",2020-12-12,"49","36  day ahead inc hosp",2021-01-17,"quantile",0.45,84.9758264831846
"39112",2020-12-12,"49","36  day ahead inc hosp",2021-01-17,"quantile",0.5,86.886709259197
"39113",2020-12-12,"49","36  day ahead inc hosp",2021-01-17,"quantile",0.55,88.7975920352093
"39114",2020-12-12,"49","36  day ahead inc hosp",2021-01-17,"quantile",0.6,90.7392592107199
"39115",2020-12-12,"49","36  day ahead inc hosp",2021-01-17,"quantile",0.65,92.746126342737
"39116",2020-12-12,"49","36  day ahead inc hosp",2021-01-17,"quantile",0.7,94.8610620139986
"39117",2020-12-12,"49","36  day ahead inc hosp",2021-01-17,"quantile",0.75,97.1434101342324
"39118",2020-12-12,"49","36  day ahead inc hosp",2021-01-17,"quantile",0.8,99.6849129981362
"39119",2020-12-12,"49","36  day ahead inc hosp",2021-01-17,"quantile",0.85,102.647344983975
"39120",2020-12-12,"49","36  day ahead inc hosp",2021-01-17,"quantile",0.9,106.374760871402
"39121",2020-12-12,"49","36  day ahead inc hosp",2021-01-17,"quantile",0.95,111.899352712939
"39122",2020-12-12,"49","36  day ahead inc hosp",2021-01-17,"quantile",0.975,116.691112231111
"39123",2020-12-12,"49","36  day ahead inc hosp",2021-01-17,"quantile",0.99,122.262568222769
"39124",2020-12-12,"49","37  day ahead inc hosp",2021-01-18,"quantile",0.01,51.8188739795413
"39125",2020-12-12,"49","37  day ahead inc hosp",2021-01-18,"quantile",0.025,57.4380275937554
"39126",2020-12-12,"49","37  day ahead inc hosp",2021-01-18,"quantile",0.05,62.2708096987021
"39127",2020-12-12,"49","37  day ahead inc hosp",2021-01-18,"quantile",0.1,67.8426979555449
"39128",2020-12-12,"49","37  day ahead inc hosp",2021-01-18,"quantile",0.15,71.6020245098379
"39129",2020-12-12,"49","37  day ahead inc hosp",2021-01-18,"quantile",0.2,74.5898180821131
"39130",2020-12-12,"49","37  day ahead inc hosp",2021-01-18,"quantile",0.25,77.153078928941
"39131",2020-12-12,"49","37  day ahead inc hosp",2021-01-18,"quantile",0.3,79.4549663902993
"39132",2020-12-12,"49","37  day ahead inc hosp",2021-01-18,"quantile",0.35,81.5880081730567
"39133",2020-12-12,"49","37  day ahead inc hosp",2021-01-18,"quantile",0.4,83.6120562342828
"39134",2020-12-12,"49","37  day ahead inc hosp",2021-01-18,"quantile",0.45,85.5703461576365
"39135",2020-12-12,"49","37  day ahead inc hosp",2021-01-18,"quantile",0.5,87.4975881341049
"39136",2020-12-12,"49","37  day ahead inc hosp",2021-01-18,"quantile",0.55,89.4248301105734
"39137",2020-12-12,"49","37  day ahead inc hosp",2021-01-18,"quantile",0.6,91.383120033927
"39138",2020-12-12,"49","37  day ahead inc hosp",2021-01-18,"quantile",0.65,93.4071680951531
"39139",2020-12-12,"49","37  day ahead inc hosp",2021-01-18,"quantile",0.7,95.5402098779105
"39140",2020-12-12,"49","37  day ahead inc hosp",2021-01-18,"quantile",0.75,97.8420973392688
"39141",2020-12-12,"49","37  day ahead inc hosp",2021-01-18,"quantile",0.8,100.405358186097
"39142",2020-12-12,"49","37  day ahead inc hosp",2021-01-18,"quantile",0.85,103.393151758372
"39143",2020-12-12,"49","37  day ahead inc hosp",2021-01-18,"quantile",0.9,107.152478312665
"39144",2020-12-12,"49","37  day ahead inc hosp",2021-01-18,"quantile",0.95,112.724366569508
"39145",2020-12-12,"49","37  day ahead inc hosp",2021-01-18,"quantile",0.975,117.557148674454
"39146",2020-12-12,"49","37  day ahead inc hosp",2021-01-18,"quantile",0.99,123.176302288668
"39147",2020-12-12,"50","1  day ahead inc hosp",2020-12-13,"quantile",0.01,0
"39148",2020-12-12,"50","1  day ahead inc hosp",2020-12-13,"quantile",0.025,0
"39149",2020-12-12,"50","1  day ahead inc hosp",2020-12-13,"quantile",0.05,0
"39150",2020-12-12,"50","1  day ahead inc hosp",2020-12-13,"quantile",0.1,0
"39151",2020-12-12,"50","1  day ahead inc hosp",2020-12-13,"quantile",0.15,0
"39152",2020-12-12,"50","1  day ahead inc hosp",2020-12-13,"quantile",0.2,0.231317386342449
"39153",2020-12-12,"50","1  day ahead inc hosp",2020-12-13,"quantile",0.25,0.448196676939245
"39154",2020-12-12,"50","1  day ahead inc hosp",2020-12-13,"quantile",0.3,0.642960982831432
"39155",2020-12-12,"50","1  day ahead inc hosp",2020-12-13,"quantile",0.35,0.823439137924486
"39156",2020-12-12,"50","1  day ahead inc hosp",2020-12-13,"quantile",0.4,0.994695258110527
"39157",2020-12-12,"50","1  day ahead inc hosp",2020-12-13,"quantile",0.45,1.16038753632145
"39158",2020-12-12,"50","1  day ahead inc hosp",2020-12-13,"quantile",0.5,1.32345282606054
"39159",2020-12-12,"50","1  day ahead inc hosp",2020-12-13,"quantile",0.55,1.48651811579963
"39160",2020-12-12,"50","1  day ahead inc hosp",2020-12-13,"quantile",0.6,1.65221039401055
"39161",2020-12-12,"50","1  day ahead inc hosp",2020-12-13,"quantile",0.65,1.8234665141966
"39162",2020-12-12,"50","1  day ahead inc hosp",2020-12-13,"quantile",0.7,2.00394466928965
"39163",2020-12-12,"50","1  day ahead inc hosp",2020-12-13,"quantile",0.75,2.19870897518184
"39164",2020-12-12,"50","1  day ahead inc hosp",2020-12-13,"quantile",0.8,2.41558826577863
"39165",2020-12-12,"50","1  day ahead inc hosp",2020-12-13,"quantile",0.85,2.66838756679655
"39166",2020-12-12,"50","1  day ahead inc hosp",2020-12-13,"quantile",0.9,2.9864668123114
"39167",2020-12-12,"50","1  day ahead inc hosp",2020-12-13,"quantile",0.95,3.45790816948898
"39168",2020-12-12,"50","1  day ahead inc hosp",2020-12-13,"quantile",0.975,3.86681323891522
"39169",2020-12-12,"50","1  day ahead inc hosp",2020-12-13,"quantile",0.99,4.34225375099315
"39170",2020-12-12,"50","2  day ahead inc hosp",2020-12-14,"quantile",0.01,0
"39171",2020-12-12,"50","2  day ahead inc hosp",2020-12-14,"quantile",0.025,0
"39172",2020-12-12,"50","2  day ahead inc hosp",2020-12-14,"quantile",0.05,0
"39173",2020-12-12,"50","2  day ahead inc hosp",2020-12-14,"quantile",0.1,0.142932981734215
"39174",2020-12-12,"50","2  day ahead inc hosp",2020-12-14,"quantile",0.15,0.493432404627046
"39175",2020-12-12,"50","2  day ahead inc hosp",2020-12-14,"quantile",0.2,0.77199823488445
"39176",2020-12-12,"50","2  day ahead inc hosp",2020-12-14,"quantile",0.25,1.01098291327345
"39177",2020-12-12,"50","2  day ahead inc hosp",2020-12-14,"quantile",0.3,1.22559854059878
"39178",2020-12-12,"50","2  day ahead inc hosp",2020-12-14,"quantile",0.35,1.42447190343793
"39179",2020-12-12,"50","2  day ahead inc hosp",2020-12-14,"quantile",0.4,1.61318327690373
"39180",2020-12-12,"50","2  day ahead inc hosp",2020-12-14,"quantile",0.45,1.79576371467082
"39181",2020-12-12,"50","2  day ahead inc hosp",2020-12-14,"quantile",0.5,1.97544940857673
"39182",2020-12-12,"50","2  day ahead inc hosp",2020-12-14,"quantile",0.55,2.15513510248263
"39183",2020-12-12,"50","2  day ahead inc hosp",2020-12-14,"quantile",0.6,2.33771554024972
"39184",2020-12-12,"50","2  day ahead inc hosp",2020-12-14,"quantile",0.65,2.52642691371552
"39185",2020-12-12,"50","2  day ahead inc hosp",2020-12-14,"quantile",0.7,2.72530027655468
"39186",2020-12-12,"50","2  day ahead inc hosp",2020-12-14,"quantile",0.75,2.93991590388
"39187",2020-12-12,"50","2  day ahead inc hosp",2020-12-14,"quantile",0.8,3.178900582269
"39188",2020-12-12,"50","2  day ahead inc hosp",2020-12-14,"quantile",0.85,3.45746641252641
"39189",2020-12-12,"50","2  day ahead inc hosp",2020-12-14,"quantile",0.9,3.80796583541924
"39190",2020-12-12,"50","2  day ahead inc hosp",2020-12-14,"quantile",0.95,4.32745877923295
"39191",2020-12-12,"50","2  day ahead inc hosp",2020-12-14,"quantile",0.975,4.77804143394174
"39192",2020-12-12,"50","2  day ahead inc hosp",2020-12-14,"quantile",0.99,5.30194114589389
"39193",2020-12-12,"50","3  day ahead inc hosp",2020-12-15,"quantile",0.01,0
"39194",2020-12-12,"50","3  day ahead inc hosp",2020-12-15,"quantile",0.025,0
"39195",2020-12-12,"50","3  day ahead inc hosp",2020-12-15,"quantile",0.05,0
"39196",2020-12-12,"50","3  day ahead inc hosp",2020-12-15,"quantile",0.1,0.113510125424488
"39197",2020-12-12,"50","3  day ahead inc hosp",2020-12-15,"quantile",0.15,0.469637161802993
"39198",2020-12-12,"50","3  day ahead inc hosp",2020-12-15,"quantile",0.2,0.752675640859833
"39199",2020-12-12,"50","3  day ahead inc hosp",2020-12-15,"quantile",0.25,0.995497453666553
"39200",2020-12-12,"50","3  day ahead inc hosp",2020-12-15,"quantile",0.3,1.21355894629061
"39201",2020-12-12,"50","3  day ahead inc hosp",2020-12-15,"quantile",0.35,1.41562541686562
"39202",2020-12-12,"50","3  day ahead inc hosp",2020-12-15,"quantile",0.4,1.60736673731807
"39203",2020-12-12,"50","3  day ahead inc hosp",2020-12-15,"quantile",0.45,1.79287868386004
"39204",2020-12-12,"50","3  day ahead inc hosp",2020-12-15,"quantile",0.5,1.97544940857673
"39205",2020-12-12,"50","3  day ahead inc hosp",2020-12-15,"quantile",0.55,2.15802013329341
"39206",2020-12-12,"50","3  day ahead inc hosp",2020-12-15,"quantile",0.6,2.34353207983538
"39207",2020-12-12,"50","3  day ahead inc hosp",2020-12-15,"quantile",0.65,2.53527340028783
"39208",2020-12-12,"50","3  day ahead inc hosp",2020-12-15,"quantile",0.7,2.73733987086284
"39209",2020-12-12,"50","3  day ahead inc hosp",2020-12-15,"quantile",0.75,2.9554013634869
"39210",2020-12-12,"50","3  day ahead inc hosp",2020-12-15,"quantile",0.8,3.19822317629362
"39211",2020-12-12,"50","3  day ahead inc hosp",2020-12-15,"quantile",0.85,3.48126165535046
"39212",2020-12-12,"50","3  day ahead inc hosp",2020-12-15,"quantile",0.9,3.83738869172896
"39213",2020-12-12,"50","3  day ahead inc hosp",2020-12-15,"quantile",0.95,4.36522260646979
"39214",2020-12-12,"50","3  day ahead inc hosp",2020-12-15,"quantile",0.975,4.82303980953567
"39215",2020-12-12,"50","3  day ahead inc hosp",2020-12-15,"quantile",0.99,5.35535124741818
"39216",2020-12-12,"50","4  day ahead inc hosp",2020-12-16,"quantile",0.01,0
"39217",2020-12-12,"50","4  day ahead inc hosp",2020-12-16,"quantile",0.025,0
"39218",2020-12-12,"50","4  day ahead inc hosp",2020-12-16,"quantile",0.05,0
"39219",2020-12-12,"50","4  day ahead inc hosp",2020-12-16,"quantile",0.1,0.0845450393281659
"39220",2020-12-12,"50","4  day ahead inc hosp",2020-12-16,"quantile",0.15,0.44621213298097
"39221",2020-12-12,"50","4  day ahead inc hosp",2020-12-16,"quantile",0.2,0.733653673936034
"39222",2020-12-12,"50","4  day ahead inc hosp",2020-12-16,"quantile",0.25,0.980252921795364
"39223",2020-12-12,"50","4  day ahead inc hosp",2020-12-16,"quantile",0.3,1.2017066678432
"39224",2020-12-12,"50","4  day ahead inc hosp",2020-12-16,"quantile",0.35,1.40691656676217
"39225",2020-12-12,"50","4  day ahead inc hosp",2020-12-16,"quantile",0.4,1.60164069331651
"39226",2020-12-12,"50","4  day ahead inc hosp",2020-12-16,"quantile",0.45,1.79003853928178
"39227",2020-12-12,"50","4  day ahead inc hosp",2020-12-16,"quantile",0.5,1.97544940857673
"39228",2020-12-12,"50","4  day ahead inc hosp",2020-12-16,"quantile",0.55,2.16086027787167
"39229",2020-12-12,"50","4  day ahead inc hosp",2020-12-16,"quantile",0.6,2.34925812383694
"39230",2020-12-12,"50","4  day ahead inc hosp",2020-12-16,"quantile",0.65,2.54398225039128
"39231",2020-12-12,"50","4  day ahead inc hosp",2020-12-16,"quantile",0.7,2.74919214931025
"39232",2020-12-12,"50","4  day ahead inc hosp",2020-12-16,"quantile",0.75,2.97064589535809
"39233",2020-12-12,"50","4  day ahead inc hosp",2020-12-16,"quantile",0.8,3.21724514321742
"39234",2020-12-12,"50","4  day ahead inc hosp",2020-12-16,"quantile",0.85,3.50468668417248
"39235",2020-12-12,"50","4  day ahead inc hosp",2020-12-16,"quantile",0.9,3.86635377782529
"39236",2020-12-12,"50","4  day ahead inc hosp",2020-12-16,"quantile",0.95,4.40239889199853
"39237",2020-12-12,"50","4  day ahead inc hosp",2020-12-16,"quantile",0.975,4.8673380860032
"39238",2020-12-12,"50","4  day ahead inc hosp",2020-12-16,"quantile",0.99,5.4079303774924
"39239",2020-12-12,"50","5  day ahead inc hosp",2020-12-17,"quantile",0.01,0
"39240",2020-12-12,"50","5  day ahead inc hosp",2020-12-17,"quantile",0.025,0
"39241",2020-12-12,"50","5  day ahead inc hosp",2020-12-17,"quantile",0.05,0
"39242",2020-12-12,"50","5  day ahead inc hosp",2020-12-17,"quantile",0.1,0.0560169994669082
"39243",2020-12-12,"50","5  day ahead inc hosp",2020-12-17,"quantile",0.15,0.423140557990187
"39244",2020-12-12,"50","5  day ahead inc hosp",2020-12-17,"quantile",0.2,0.714918724250848
"39245",2020-12-12,"50","5  day ahead inc hosp",2020-12-17,"quantile",0.25,0.965238410481942
"39246",2020-12-12,"50","5  day ahead inc hosp",2020-12-17,"quantile",0.3,1.1900332251726
"39247",2020-12-12,"50","5  day ahead inc hosp",2020-12-17,"quantile",0.35,1.39833912210792
"39248",2020-12-12,"50","5  day ahead inc hosp",2020-12-17,"quantile",0.4,1.59600104802145
"39249",2020-12-12,"50","5  day ahead inc hosp",2020-12-17,"quantile",0.45,1.78724124886563
"39250",2020-12-12,"50","5  day ahead inc hosp",2020-12-17,"quantile",0.5,1.97544940857673
"39251",2020-12-12,"50","5  day ahead inc hosp",2020-12-17,"quantile",0.55,2.16365756828782
"39252",2020-12-12,"50","5  day ahead inc hosp",2020-12-17,"quantile",0.6,2.354897769132
"39253",2020-12-12,"50","5  day ahead inc hosp",2020-12-17,"quantile",0.65,2.55255969504554
"39254",2020-12-12,"50","5  day ahead inc hosp",2020-12-17,"quantile",0.7,2.76086559198085
"39255",2020-12-12,"50","5  day ahead inc hosp",2020-12-17,"quantile",0.75,2.98566040667151
"39256",2020-12-12,"50","5  day ahead inc hosp",2020-12-17,"quantile",0.8,3.2359800929026
"39257",2020-12-12,"50","5  day ahead inc hosp",2020-12-17,"quantile",0.85,3.52775825916326
"39258",2020-12-12,"50","5  day ahead inc hosp",2020-12-17,"quantile",0.9,3.89488181768654
"39259",2020-12-12,"50","5  day ahead inc hosp",2020-12-17,"quantile",0.95,4.43901423475742
"39260",2020-12-12,"50","5  day ahead inc hosp",2020-12-17,"quantile",0.975,4.91096795793413
"39261",2020-12-12,"50","5  day ahead inc hosp",2020-12-17,"quantile",0.99,5.4597161555025
"39262",2020-12-12,"50","6  day ahead inc hosp",2020-12-18,"quantile",0.01,0
"39263",2020-12-12,"50","6  day ahead inc hosp",2020-12-18,"quantile",0.025,0
"39264",2020-12-12,"50","6  day ahead inc hosp",2020-12-18,"quantile",0.05,0
"39265",2020-12-12,"50","6  day ahead inc hosp",2020-12-18,"quantile",0.1,0.0279067998929146
"39266",2020-12-12,"50","6  day ahead inc hosp",2020-12-18,"quantile",0.15,0.400406904341658
"39267",2020-12-12,"50","6  day ahead inc hosp",2020-12-18,"quantile",0.2,0.696458178863904
"39268",2020-12-12,"50","6  day ahead inc hosp",2020-12-18,"quantile",0.25,0.950443811498664
"39269",2020-12-12,"50","6  day ahead inc hosp",2020-12-18,"quantile",0.3,1.17853075936065
"39270",2020-12-12,"50","6  day ahead inc hosp",2020-12-18,"quantile",0.35,1.38988730830512
"39271",2020-12-12,"50","6  day ahead inc hosp",2020-12-18,"quantile",0.4,1.59044400465144
"39272",2020-12-12,"50","6  day ahead inc hosp",2020-12-18,"quantile",0.45,1.78448492939024
"39273",2020-12-12,"50","6  day ahead inc hosp",2020-12-18,"quantile",0.5,1.97544940857673
"39274",2020-12-12,"50","6  day ahead inc hosp",2020-12-18,"quantile",0.55,2.16641388776321
"39275",2020-12-12,"50","6  day ahead inc hosp",2020-12-18,"quantile",0.6,2.36045481250201
"39276",2020-12-12,"50","6  day ahead inc hosp",2020-12-18,"quantile",0.65,2.56101150884833
"39277",2020-12-12,"50","6  day ahead inc hosp",2020-12-18,"quantile",0.7,2.7723680577928
"39278",2020-12-12,"50","6  day ahead inc hosp",2020-12-18,"quantile",0.75,3.00045500565479
"39279",2020-12-12,"50","6  day ahead inc hosp",2020-12-18,"quantile",0.8,3.25444063828955
"39280",2020-12-12,"50","6  day ahead inc hosp",2020-12-18,"quantile",0.85,3.55049191281179
"39281",2020-12-12,"50","6  day ahead inc hosp",2020-12-18,"quantile",0.9,3.92299201726054
"39282",2020-12-12,"50","6  day ahead inc hosp",2020-12-18,"quantile",0.95,4.47509328531359
"39283",2020-12-12,"50","6  day ahead inc hosp",2020-12-18,"quantile",0.975,4.95395879829087
"39284",2020-12-12,"50","6  day ahead inc hosp",2020-12-18,"quantile",0.99,5.51074344521599
"39285",2020-12-12,"50","7  day ahead inc hosp",2020-12-19,"quantile",0.01,0
"39286",2020-12-12,"50","7  day ahead inc hosp",2020-12-19,"quantile",0.025,0
"39287",2020-12-12,"50","7  day ahead inc hosp",2020-12-19,"quantile",0.05,0
"39288",2020-12-12,"50","7  day ahead inc hosp",2020-12-19,"quantile",0.1,0.000196601431076138
"39289",2020-12-12,"50","7  day ahead inc hosp",2020-12-19,"quantile",0.15,0.377996744900946
"39290",2020-12-12,"50","7  day ahead inc hosp",2020-12-19,"quantile",0.2,0.678260322422527
"39291",2020-12-12,"50","7  day ahead inc hosp",2020-12-19,"quantile",0.25,0.935859735960145
"39292",2020-12-12,"50","7  day ahead inc hosp",2020-12-19,"quantile",0.3,1.1671919707615
"39293",2020-12-12,"50","7  day ahead inc hosp",2020-12-19,"quantile",0.35,1.38155576169972
"39294",2020-12-12,"50","7  day ahead inc hosp",2020-12-19,"quantile",0.4,1.58496603661927
"39295",2020-12-12,"50","7  day ahead inc hosp",2020-12-19,"quantile",0.45,1.78176783165188
"39296",2020-12-12,"50","7  day ahead inc hosp",2020-12-19,"quantile",0.5,1.97544940857673
"39297",2020-12-12,"50","7  day ahead inc hosp",2020-12-19,"quantile",0.55,2.16913098550158
"39298",2020-12-12,"50","7  day ahead inc hosp",2020-12-19,"quantile",0.6,2.36593278053418
"39299",2020-12-12,"50","7  day ahead inc hosp",2020-12-19,"quantile",0.65,2.56934305545373
"39300",2020-12-12,"50","7  day ahead inc hosp",2020-12-19,"quantile",0.7,2.78370684639196
"39301",2020-12-12,"50","7  day ahead inc hosp",2020-12-19,"quantile",0.75,3.01503908119331
"39302",2020-12-12,"50","7  day ahead inc hosp",2020-12-19,"quantile",0.8,3.27263849473093
"39303",2020-12-12,"50","7  day ahead inc hosp",2020-12-19,"quantile",0.85,3.57290207225251
"39304",2020-12-12,"50","7  day ahead inc hosp",2020-12-19,"quantile",0.9,3.95070221572238
"39305",2020-12-12,"50","7  day ahead inc hosp",2020-12-19,"quantile",0.95,4.5106589400004
"39306",2020-12-12,"50","7  day ahead inc hosp",2020-12-19,"quantile",0.975,4.9963378897374
"39307",2020-12-12,"50","7  day ahead inc hosp",2020-12-19,"quantile",0.99,5.5610446293541
"39308",2020-12-12,"50","8  day ahead inc hosp",2020-12-20,"quantile",0.01,0
"39309",2020-12-12,"50","8  day ahead inc hosp",2020-12-20,"quantile",0.025,0
"39310",2020-12-12,"50","8  day ahead inc hosp",2020-12-20,"quantile",0.05,0
"39311",2020-12-12,"50","8  day ahead inc hosp",2020-12-20,"quantile",0.1,0
"39312",2020-12-12,"50","8  day ahead inc hosp",2020-12-20,"quantile",0.15,0.309325466334429
"39313",2020-12-12,"50","8  day ahead inc hosp",2020-12-20,"quantile",0.2,0.613743065736748
"39314",2020-12-12,"50","8  day ahead inc hosp",2020-12-20,"quantile",0.25,0.874906260166917
"39315",2020-12-12,"50","8  day ahead inc hosp",2020-12-20,"quantile",0.3,1.10943888035306
"39316",2020-12-12,"50","8  day ahead inc hosp",2020-12-20,"quantile",0.35,1.32676830530306
"39317",2020-12-12,"50","8  day ahead inc hosp",2020-12-20,"quantile",0.4,1.5329926768898
"39318",2020-12-12,"50","8  day ahead inc hosp",2020-12-20,"quantile",0.45,1.73251714301519
"39319",2020-12-12,"50","8  day ahead inc hosp",2020-12-20,"quantile",0.5,1.92887822411128
"39320",2020-12-12,"50","8  day ahead inc hosp",2020-12-20,"quantile",0.55,2.12523930520738
"39321",2020-12-12,"50","8  day ahead inc hosp",2020-12-20,"quantile",0.6,2.32476377133276
"39322",2020-12-12,"50","8  day ahead inc hosp",2020-12-20,"quantile",0.65,2.53098814291951
"39323",2020-12-12,"50","8  day ahead inc hosp",2020-12-20,"quantile",0.7,2.74831756786951
"39324",2020-12-12,"50","8  day ahead inc hosp",2020-12-20,"quantile",0.75,2.98285018805565
"39325",2020-12-12,"50","8  day ahead inc hosp",2020-12-20,"quantile",0.8,3.24401338248582
"39326",2020-12-12,"50","8  day ahead inc hosp",2020-12-20,"quantile",0.85,3.54843098188814
"39327",2020-12-12,"50","8  day ahead inc hosp",2020-12-20,"quantile",0.9,3.93145783342388
"39328",2020-12-12,"50","8  day ahead inc hosp",2020-12-20,"quantile",0.95,4.49916132640464
"39329",2020-12-12,"50","8  day ahead inc hosp",2020-12-20,"quantile",0.975,4.99155944268484
"39330",2020-12-12,"50","8  day ahead inc hosp",2020-12-20,"quantile",0.99,5.56407866549357
"39331",2020-12-12,"50","9  day ahead inc hosp",2020-12-21,"quantile",0.01,0
"39332",2020-12-12,"50","9  day ahead inc hosp",2020-12-21,"quantile",0.025,0
"39333",2020-12-12,"50","9  day ahead inc hosp",2020-12-21,"quantile",0.05,0
"39334",2020-12-12,"50","9  day ahead inc hosp",2020-12-21,"quantile",0.1,0
"39335",2020-12-12,"50","9  day ahead inc hosp",2020-12-21,"quantile",0.15,0.287522912863781
"39336",2020-12-12,"50","9  day ahead inc hosp",2020-12-21,"quantile",0.2,0.596038607222565
"39337",2020-12-12,"50","9  day ahead inc hosp",2020-12-21,"quantile",0.25,0.860717602224088
"39338",2020-12-12,"50","9  day ahead inc hosp",2020-12-21,"quantile",0.3,1.09840751998369
"39339",2020-12-12,"50","9  day ahead inc hosp",2020-12-21,"quantile",0.35,1.3186626516669
"39340",2020-12-12,"50","9  day ahead inc hosp",2020-12-21,"quantile",0.4,1.52766323283798
"39341",2020-12-12,"50","9  day ahead inc hosp",2020-12-21,"quantile",0.45,1.72987371386502
"39342",2020-12-12,"50","9  day ahead inc hosp",2020-12-21,"quantile",0.5,1.92887822411128
"39343",2020-12-12,"50","9  day ahead inc hosp",2020-12-21,"quantile",0.55,2.12788273435755
"39344",2020-12-12,"50","9  day ahead inc hosp",2020-12-21,"quantile",0.6,2.33009321538459
"39345",2020-12-12,"50","9  day ahead inc hosp",2020-12-21,"quantile",0.65,2.53909379655567
"39346",2020-12-12,"50","9  day ahead inc hosp",2020-12-21,"quantile",0.7,2.75934892823888
"39347",2020-12-12,"50","9  day ahead inc hosp",2020-12-21,"quantile",0.75,2.99703884599848
"39348",2020-12-12,"50","9  day ahead inc hosp",2020-12-21,"quantile",0.8,3.261717841
"39349",2020-12-12,"50","9  day ahead inc hosp",2020-12-21,"quantile",0.85,3.57023353535879
"39350",2020-12-12,"50","9  day ahead inc hosp",2020-12-21,"quantile",0.9,3.95841672611917
"39351",2020-12-12,"50","9  day ahead inc hosp",2020-12-21,"quantile",0.95,4.53376269057964
"39352",2020-12-12,"50","9  day ahead inc hosp",2020-12-21,"quantile",0.975,5.0327895111163
"39353",2020-12-12,"50","9  day ahead inc hosp",2020-12-21,"quantile",0.99,5.61301603515886
"39354",2020-12-12,"50","10  day ahead inc hosp",2020-12-22,"quantile",0.01,0
"39355",2020-12-12,"50","10  day ahead inc hosp",2020-12-22,"quantile",0.025,0
"39356",2020-12-12,"50","10  day ahead inc hosp",2020-12-22,"quantile",0.05,0
"39357",2020-12-12,"50","10  day ahead inc hosp",2020-12-22,"quantile",0.1,0
"39358",2020-12-12,"50","10  day ahead inc hosp",2020-12-22,"quantile",0.15,0.266006196474112
"39359",2020-12-12,"50","10  day ahead inc hosp",2020-12-22,"quantile",0.2,0.578566258710949
"39360",2020-12-12,"50","10  day ahead inc hosp",2020-12-22,"quantile",0.25,0.846714961234496
"39361",2020-12-12,"50","10  day ahead inc hosp",2020-12-22,"quantile",0.3,1.0875207835847
"39362",2020-12-12,"50","10  day ahead inc hosp",2020-12-22,"quantile",0.35,1.31066326523371
"39363",2020-12-12,"50","10  day ahead inc hosp",2020-12-22,"quantile",0.4,1.52240365916776
"39364",2020-12-12,"50","10  day ahead inc hosp",2020-12-22,"quantile",0.45,1.72726494075057
"39365",2020-12-12,"50","10  day ahead inc hosp",2020-12-22,"quantile",0.5,1.92887822411128
"39366",2020-12-12,"50","10  day ahead inc hosp",2020-12-22,"quantile",0.55,2.130491507472
"39367",2020-12-12,"50","10  day ahead inc hosp",2020-12-22,"quantile",0.6,2.33535278905481
"39368",2020-12-12,"50","10  day ahead inc hosp",2020-12-22,"quantile",0.65,2.54709318298886
"39369",2020-12-12,"50","10  day ahead inc hosp",2020-12-22,"quantile",0.7,2.77023566463787
"39370",2020-12-12,"50","10  day ahead inc hosp",2020-12-22,"quantile",0.75,3.01104148698807
"39371",2020-12-12,"50","10  day ahead inc hosp",2020-12-22,"quantile",0.8,3.27919018951162
"39372",2020-12-12,"50","10  day ahead inc hosp",2020-12-22,"quantile",0.85,3.59175025174846
"39373",2020-12-12,"50","10  day ahead inc hosp",2020-12-22,"quantile",0.9,3.98502218080066
"39374",2020-12-12,"50","10  day ahead inc hosp",2020-12-22,"quantile",0.95,4.56791042197501
"39375",2020-12-12,"50","10  day ahead inc hosp",2020-12-22,"quantile",0.975,5.07347904275123
"39376",2020-12-12,"50","10  day ahead inc hosp",2020-12-22,"quantile",0.99,5.66131182332707
"39377",2020-12-12,"50","11  day ahead inc hosp",2020-12-23,"quantile",0.01,0
"39378",2020-12-12,"50","11  day ahead inc hosp",2020-12-23,"quantile",0.025,0
"39379",2020-12-12,"50","11  day ahead inc hosp",2020-12-23,"quantile",0.05,0
"39380",2020-12-12,"50","11  day ahead inc hosp",2020-12-23,"quantile",0.1,0
"39381",2020-12-12,"50","11  day ahead inc hosp",2020-12-23,"quantile",0.15,0.244764361322924
"39382",2020-12-12,"50","11  day ahead inc hosp",2020-12-23,"quantile",0.2,0.561317123663276
"39383",2020-12-12,"50","11  day ahead inc hosp",2020-12-23,"quantile",0.25,0.832891207358882
"39384",2020-12-12,"50","11  day ahead inc hosp",2020-12-23,"quantile",0.3,1.07677312786744
"39385",2020-12-12,"50","11  day ahead inc hosp",2020-12-23,"quantile",0.35,1.30276607289045
"39386",2020-12-12,"50","11  day ahead inc hosp",2020-12-23,"quantile",0.4,1.517211277819
"39387",2020-12-12,"50","11  day ahead inc hosp",2020-12-23,"quantile",0.45,1.72468949534151
"39388",2020-12-12,"50","11  day ahead inc hosp",2020-12-23,"quantile",0.5,1.92887822411128
"39389",2020-12-12,"50","11  day ahead inc hosp",2020-12-23,"quantile",0.55,2.13306695288106
"39390",2020-12-12,"50","11  day ahead inc hosp",2020-12-23,"quantile",0.6,2.34054517040357
"39391",2020-12-12,"50","11  day ahead inc hosp",2020-12-23,"quantile",0.65,2.55499037533212
"39392",2020-12-12,"50","11  day ahead inc hosp",2020-12-23,"quantile",0.7,2.78098332035512
"39393",2020-12-12,"50","11  day ahead inc hosp",2020-12-23,"quantile",0.75,3.02486524086369
"39394",2020-12-12,"50","11  day ahead inc hosp",2020-12-23,"quantile",0.8,3.29643932455929
"39395",2020-12-12,"50","11  day ahead inc hosp",2020-12-23,"quantile",0.85,3.61299208689964
"39396",2020-12-12,"50","11  day ahead inc hosp",2020-12-23,"quantile",0.9,4.01128774438535
"39397",2020-12-12,"50","11  day ahead inc hosp",2020-12-23,"quantile",0.95,4.6016219078705
"39398",2020-12-12,"50","11  day ahead inc hosp",2020-12-23,"quantile",0.975,5.11364875581133
"39399",2020-12-12,"50","11  day ahead inc hosp",2020-12-23,"quantile",0.99,5.70899062115973
"39400",2020-12-12,"50","12  day ahead inc hosp",2020-12-24,"quantile",0.01,0
"39401",2020-12-12,"50","12  day ahead inc hosp",2020-12-24,"quantile",0.025,0
"39402",2020-12-12,"50","12  day ahead inc hosp",2020-12-24,"quantile",0.05,0
"39403",2020-12-12,"50","12  day ahead inc hosp",2020-12-24,"quantile",0.1,0
"39404",2020-12-12,"50","12  day ahead inc hosp",2020-12-24,"quantile",0.15,0.223787134059582
"39405",2020-12-12,"50","12  day ahead inc hosp",2020-12-24,"quantile",0.2,0.544282859748896
"39406",2020-12-12,"50","12  day ahead inc hosp",2020-12-24,"quantile",0.25,0.819239654909796
"39407",2020-12-12,"50","12  day ahead inc hosp",2020-12-24,"quantile",0.3,1.06615935486129
"39408",2020-12-12,"50","12  day ahead inc hosp",2020-12-24,"quantile",0.35,1.2949672552578
"39409",2020-12-12,"50","12  day ahead inc hosp",2020-12-24,"quantile",0.4,1.51208357756072
"39410",2020-12-12,"50","12  day ahead inc hosp",2020-12-24,"quantile",0.45,1.72214613205553
"39411",2020-12-12,"50","12  day ahead inc hosp",2020-12-24,"quantile",0.5,1.92887822411128
"39412",2020-12-12,"50","12  day ahead inc hosp",2020-12-24,"quantile",0.55,2.13561031616703
"39413",2020-12-12,"50","12  day ahead inc hosp",2020-12-24,"quantile",0.6,2.34567287066184
"39414",2020-12-12,"50","12  day ahead inc hosp",2020-12-24,"quantile",0.65,2.56278919296477
"39415",2020-12-12,"50","12  day ahead inc hosp",2020-12-24,"quantile",0.7,2.79159709336128
"39416",2020-12-12,"50","12  day ahead inc hosp",2020-12-24,"quantile",0.75,3.03851679331277
"39417",2020-12-12,"50","12  day ahead inc hosp",2020-12-24,"quantile",0.8,3.31347358847367
"39418",2020-12-12,"50","12  day ahead inc hosp",2020-12-24,"quantile",0.85,3.63396931416299
"39419",2020-12-12,"50","12  day ahead inc hosp",2020-12-24,"quantile",0.9,4.03722611988795
"39420",2020-12-12,"50","12  day ahead inc hosp",2020-12-24,"quantile",0.95,4.63491345240898
"39421",2020-12-12,"50","12  day ahead inc hosp",2020-12-24,"quantile",0.975,5.15331807788107
"39422",2020-12-12,"50","12  day ahead inc hosp",2020-12-24,"quantile",0.99,5.75607548791723
"39423",2020-12-12,"50","13  day ahead inc hosp",2020-12-25,"quantile",0.01,0
"39424",2020-12-12,"50","13  day ahead inc hosp",2020-12-25,"quantile",0.025,0
"39425",2020-12-12,"50","13  day ahead inc hosp",2020-12-25,"quantile",0.05,0
"39426",2020-12-12,"50","13  day ahead inc hosp",2020-12-25,"quantile",0.1,0
"39427",2020-12-12,"50","13  day ahead inc hosp",2020-12-25,"quantile",0.15,0.20306486574617
"39428",2020-12-12,"50","13  day ahead inc hosp",2020-12-25,"quantile",0.2,0.527455631682767
"39429",2020-12-12,"50","13  day ahead inc hosp",2020-12-25,"quantile",0.25,0.805754024554877
"39430",2020-12-12,"50","13  day ahead inc hosp",2020-12-25,"quantile",0.3,1.05567458252745
"39431",2020-12-12,"50","13  day ahead inc hosp",2020-12-25,"quantile",0.35,1.28726322509775
"39432",2020-12-12,"50","13  day ahead inc hosp",2020-12-25,"quantile",0.4,1.50701819979422
"39433",2020-12-12,"50","13  day ahead inc hosp",2020-12-25,"quantile",0.45,1.71963368101666
"39434",2020-12-12,"50","13  day ahead inc hosp",2020-12-25,"quantile",0.5,1.92887822411128
"39435",2020-12-12,"50","13  day ahead inc hosp",2020-12-25,"quantile",0.55,2.13812276720591
"39436",2020-12-12,"50","13  day ahead inc hosp",2020-12-25,"quantile",0.6,2.35073824842835
"39437",2020-12-12,"50","13  day ahead inc hosp",2020-12-25,"quantile",0.65,2.57049322312482
"39438",2020-12-12,"50","13  day ahead inc hosp",2020-12-25,"quantile",0.7,2.80208186569512
"39439",2020-12-12,"50","13  day ahead inc hosp",2020-12-25,"quantile",0.75,3.05200242366769
"39440",2020-12-12,"50","13  day ahead inc hosp",2020-12-25,"quantile",0.8,3.3303008165398
"39441",2020-12-12,"50","13  day ahead inc hosp",2020-12-25,"quantile",0.85,3.6546915824764
"39442",2020-12-12,"50","13  day ahead inc hosp",2020-12-25,"quantile",0.9,4.06284923823582
"39443",2020-12-12,"50","13  day ahead inc hosp",2020-12-25,"quantile",0.95,4.66780036876993
"39444",2020-12-12,"50","13  day ahead inc hosp",2020-12-25,"quantile",0.975,5.19250525573926
"39445",2020-12-12,"50","13  day ahead inc hosp",2020-12-25,"quantile",0.99,5.80258808132158
"39446",2020-12-12,"50","14  day ahead inc hosp",2020-12-26,"quantile",0.01,0
"39447",2020-12-12,"50","14  day ahead inc hosp",2020-12-26,"quantile",0.025,0
"39448",2020-12-12,"50","14  day ahead inc hosp",2020-12-26,"quantile",0.05,0
"39449",2020-12-12,"50","14  day ahead inc hosp",2020-12-26,"quantile",0.1,0
"39450",2020-12-12,"50","14  day ahead inc hosp",2020-12-26,"quantile",0.15,0.182588479982537
"39451",2020-12-12,"50","14  day ahead inc hosp",2020-12-26,"quantile",0.2,0.510828069101132
"39452",2020-12-12,"50","14  day ahead inc hosp",2020-12-26,"quantile",0.25,0.792428409557682
"39453",2020-12-12,"50","14  day ahead inc hosp",2020-12-26,"quantile",0.3,1.04531421851206
"39454",2020-12-12,"50","14  day ahead inc hosp",2020-12-26,"quantile",0.35,1.27965060802774
"39455",2020-12-12,"50","14  day ahead inc hosp",2020-12-26,"quantile",0.4,1.50201292587262
"39456",2020-12-12,"50","14  day ahead inc hosp",2020-12-26,"quantile",0.45,1.71715104176568
"39457",2020-12-12,"50","14  day ahead inc hosp",2020-12-26,"quantile",0.5,1.92887822411128
"39458",2020-12-12,"50","14  day ahead inc hosp",2020-12-26,"quantile",0.55,2.14060540645688
"39459",2020-12-12,"50","14  day ahead inc hosp",2020-12-26,"quantile",0.6,2.35574352234995
"39460",2020-12-12,"50","14  day ahead inc hosp",2020-12-26,"quantile",0.65,2.57810584019483
"39461",2020-12-12,"50","14  day ahead inc hosp",2020-12-26,"quantile",0.7,2.8124422297105
"39462",2020-12-12,"50","14  day ahead inc hosp",2020-12-26,"quantile",0.75,3.06532803866489
"39463",2020-12-12,"50","14  day ahead inc hosp",2020-12-26,"quantile",0.8,3.34692837912144
"39464",2020-12-12,"50","14  day ahead inc hosp",2020-12-26,"quantile",0.85,3.67516796824003
"39465",2020-12-12,"50","14  day ahead inc hosp",2020-12-26,"quantile",0.9,4.08816832241247
"39466",2020-12-12,"50","14  day ahead inc hosp",2020-12-26,"quantile",0.95,4.70029706149672
"39467",2020-12-12,"50","14  day ahead inc hosp",2020-12-26,"quantile",0.975,5.23122745345799
"39468",2020-12-12,"50","14  day ahead inc hosp",2020-12-26,"quantile",0.99,5.84854877399333
"39469",2020-12-12,"50","15  day ahead inc hosp",2020-12-27,"quantile",0.01,0
"39470",2020-12-12,"50","15  day ahead inc hosp",2020-12-27,"quantile",0.025,0
"39471",2020-12-12,"50","15  day ahead inc hosp",2020-12-27,"quantile",0.05,0
"39472",2020-12-12,"50","15  day ahead inc hosp",2020-12-27,"quantile",0.1,0
"39473",2020-12-12,"50","15  day ahead inc hosp",2020-12-27,"quantile",0.15,0.256646259740792
"39474",2020-12-12,"50","15  day ahead inc hosp",2020-12-27,"quantile",0.2,0.588690062129207
"39475",2020-12-12,"50","15  day ahead inc hosp",2020-12-27,"quantile",0.25,0.873554078837689
"39476",2020-12-12,"50","15  day ahead inc hosp",2020-12-27,"quantile",0.3,1.12937076993446
"39477",2020-12-12,"50","15  day ahead inc hosp",2020-12-27,"quantile",0.35,1.36642305854382
"39478",2020-12-12,"50","15  day ahead inc hosp",2020-12-27,"quantile",0.4,1.59136249904025
"39479",2020-12-12,"50","15  day ahead inc hosp",2020-12-27,"quantile",0.45,1.80899401092348
"39480",2020-12-12,"50","15  day ahead inc hosp",2020-12-27,"quantile",0.5,2.02317505740785
"39481",2020-12-12,"50","15  day ahead inc hosp",2020-12-27,"quantile",0.55,2.23735610389221
"39482",2020-12-12,"50","15  day ahead inc hosp",2020-12-27,"quantile",0.6,2.45498761577545
"39483",2020-12-12,"50","15  day ahead inc hosp",2020-12-27,"quantile",0.65,2.67992705627188
"39484",2020-12-12,"50","15  day ahead inc hosp",2020-12-27,"quantile",0.7,2.91697934488123
"39485",2020-12-12,"50","15  day ahead inc hosp",2020-12-27,"quantile",0.75,3.17279603597801
"39486",2020-12-12,"50","15  day ahead inc hosp",2020-12-27,"quantile",0.8,3.45766005268649
"39487",2020-12-12,"50","15  day ahead inc hosp",2020-12-27,"quantile",0.85,3.7897038550749
"39488",2020-12-12,"50","15  day ahead inc hosp",2020-12-27,"quantile",0.9,4.20749077820449
"39489",2020-12-12,"50","15  day ahead inc hosp",2020-12-27,"quantile",0.95,4.82671393352999
"39490",2020-12-12,"50","15  day ahead inc hosp",2020-12-27,"quantile",0.975,5.36379767356202
"39491",2020-12-12,"50","15  day ahead inc hosp",2020-12-27,"quantile",0.99,5.98827359103561
"39492",2020-12-12,"50","16  day ahead inc hosp",2020-12-28,"quantile",0.01,0
"39493",2020-12-12,"50","16  day ahead inc hosp",2020-12-28,"quantile",0.025,0
"39494",2020-12-12,"50","16  day ahead inc hosp",2020-12-28,"quantile",0.05,0
"39495",2020-12-12,"50","16  day ahead inc hosp",2020-12-28,"quantile",0.1,0
"39496",2020-12-12,"50","16  day ahead inc hosp",2020-12-28,"quantile",0.15,0.236636472455151
"39497",2020-12-12,"50","16  day ahead inc hosp",2020-12-28,"quantile",0.2,0.572441394313614
"39498",2020-12-12,"50","16  day ahead inc hosp",2020-12-28,"quantile",0.25,0.860532116630971
"39499",2020-12-12,"50","16  day ahead inc hosp",2020-12-28,"quantile",0.3,1.11924648909004
"39500",2020-12-12,"50","16  day ahead inc hosp",2020-12-28,"quantile",0.35,1.35898391132242
"39501",2020-12-12,"50","16  day ahead inc hosp",2020-12-28,"quantile",0.4,1.5864712810473
"39502",2020-12-12,"50","16  day ahead inc hosp",2020-12-28,"quantile",0.45,1.80656794394601
"39503",2020-12-12,"50","16  day ahead inc hosp",2020-12-28,"quantile",0.5,2.02317505740785
"39504",2020-12-12,"50","16  day ahead inc hosp",2020-12-28,"quantile",0.55,2.23978217086968
"39505",2020-12-12,"50","16  day ahead inc hosp",2020-12-28,"quantile",0.6,2.45987883376839
"39506",2020-12-12,"50","16  day ahead inc hosp",2020-12-28,"quantile",0.65,2.68736620349328
"39507",2020-12-12,"50","16  day ahead inc hosp",2020-12-28,"quantile",0.7,2.92710362572565
"39508",2020-12-12,"50","16  day ahead inc hosp",2020-12-28,"quantile",0.75,3.18581799818473
"39509",2020-12-12,"50","16  day ahead inc hosp",2020-12-28,"quantile",0.8,3.47390872050208
"39510",2020-12-12,"50","16  day ahead inc hosp",2020-12-28,"quantile",0.85,3.80971364236055
"39511",2020-12-12,"50","16  day ahead inc hosp",2020-12-28,"quantile",0.9,4.23223291260703
"39512",2020-12-12,"50","16  day ahead inc hosp",2020-12-28,"quantile",0.95,4.85847011923855
"39513",2020-12-12,"50","16  day ahead inc hosp",2020-12-28,"quantile",0.975,5.40163750274517
"39514",2020-12-12,"50","16  day ahead inc hosp",2020-12-28,"quantile",0.99,6.03318697050006
"39515",2020-12-12,"50","17  day ahead inc hosp",2020-12-29,"quantile",0.01,0
"39516",2020-12-12,"50","17  day ahead inc hosp",2020-12-29,"quantile",0.025,0
"39517",2020-12-12,"50","17  day ahead inc hosp",2020-12-29,"quantile",0.05,0
"39518",2020-12-12,"50","17  day ahead inc hosp",2020-12-29,"quantile",0.1,0
"39519",2020-12-12,"50","17  day ahead inc hosp",2020-12-29,"quantile",0.15,0.216848332238075
"39520",2020-12-12,"50","17  day ahead inc hosp",2020-12-29,"quantile",0.2,0.556372711899066
"39521",2020-12-12,"50","17  day ahead inc hosp",2020-12-29,"quantile",0.25,0.847654397824189
"39522",2020-12-12,"50","17  day ahead inc hosp",2020-12-29,"quantile",0.3,1.10923435422391
"39523",2020-12-12,"50","17  day ahead inc hosp",2020-12-29,"quantile",0.35,1.35162716703468
"39524",2020-12-12,"50","17  day ahead inc hosp",2020-12-29,"quantile",0.4,1.58163424274725
"39525",2020-12-12,"50","17  day ahead inc hosp",2020-12-29,"quantile",0.45,1.80416875034936
"39526",2020-12-12,"50","17  day ahead inc hosp",2020-12-29,"quantile",0.5,2.02317505740785
"39527",2020-12-12,"50","17  day ahead inc hosp",2020-12-29,"quantile",0.55,2.24218136446634
"39528",2020-12-12,"50","17  day ahead inc hosp",2020-12-29,"quantile",0.6,2.46471587206845
"39529",2020-12-12,"50","17  day ahead inc hosp",2020-12-29,"quantile",0.65,2.69472294778102
"39530",2020-12-12,"50","17  day ahead inc hosp",2020-12-29,"quantile",0.7,2.93711576059179
"39531",2020-12-12,"50","17  day ahead inc hosp",2020-12-29,"quantile",0.75,3.19869571699151
"39532",2020-12-12,"50","17  day ahead inc hosp",2020-12-29,"quantile",0.8,3.48997740291663
"39533",2020-12-12,"50","17  day ahead inc hosp",2020-12-29,"quantile",0.85,3.82950178257762
"39534",2020-12-12,"50","17  day ahead inc hosp",2020-12-29,"quantile",0.9,4.25670098005012
"39535",2020-12-12,"50","17  day ahead inc hosp",2020-12-29,"quantile",0.95,4.88987454381288
"39536",2020-12-12,"50","17  day ahead inc hosp",2020-12-29,"quantile",0.975,5.43905818268432
"39537",2020-12-12,"50","17  day ahead inc hosp",2020-12-29,"quantile",0.99,6.07760284747958
"39538",2020-12-12,"50","18  day ahead inc hosp",2020-12-30,"quantile",0.01,0
"39539",2020-12-12,"50","18  day ahead inc hosp",2020-12-30,"quantile",0.025,0
"39540",2020-12-12,"50","18  day ahead inc hosp",2020-12-30,"quantile",0.05,0
"39541",2020-12-12,"50","18  day ahead inc hosp",2020-12-30,"quantile",0.1,0
"39542",2020-12-12,"50","18  day ahead inc hosp",2020-12-30,"quantile",0.15,0.197274632795287
"39543",2020-12-12,"50","18  day ahead inc hosp",2020-12-30,"quantile",0.2,0.540478163115116
"39544",2020-12-12,"50","18  day ahead inc hosp",2020-12-30,"quantile",0.25,0.834916232707734
"39545",2020-12-12,"50","18  day ahead inc hosp",2020-12-30,"quantile",0.3,1.09933071919301
"39546",2020-12-12,"50","18  day ahead inc hosp",2020-12-30,"quantile",0.35,1.34435014655746
"39547",2020-12-12,"50","18  day ahead inc hosp",2020-12-30,"quantile",0.4,1.57684962262428
"39548",2020-12-12,"50","18  day ahead inc hosp",2020-12-30,"quantile",0.45,1.80179555641345
"39549",2020-12-12,"50","18  day ahead inc hosp",2020-12-30,"quantile",0.5,2.02317505740785
"39550",2020-12-12,"50","18  day ahead inc hosp",2020-12-30,"quantile",0.55,2.24455455840224
"39551",2020-12-12,"50","18  day ahead inc hosp",2020-12-30,"quantile",0.6,2.46950049219141
"39552",2020-12-12,"50","18  day ahead inc hosp",2020-12-30,"quantile",0.65,2.70199996825824
"39553",2020-12-12,"50","18  day ahead inc hosp",2020-12-30,"quantile",0.7,2.94701939562269
"39554",2020-12-12,"50","18  day ahead inc hosp",2020-12-30,"quantile",0.75,3.21143388210796
"39555",2020-12-12,"50","18  day ahead inc hosp",2020-12-30,"quantile",0.8,3.50587195170058
"39556",2020-12-12,"50","18  day ahead inc hosp",2020-12-30,"quantile",0.85,3.84907548202041
"39557",2020-12-12,"50","18  day ahead inc hosp",2020-12-30,"quantile",0.9,4.28090389112833
"39558",2020-12-12,"50","18  day ahead inc hosp",2020-12-30,"quantile",0.95,4.92093864387729
"39559",2020-12-12,"50","18  day ahead inc hosp",2020-12-30,"quantile",0.975,5.47607334095785
"39560",2020-12-12,"50","18  day ahead inc hosp",2020-12-30,"quantile",0.99,6.12153739701014
"39561",2020-12-12,"50","19  day ahead inc hosp",2020-12-31,"quantile",0.01,0
"39562",2020-12-12,"50","19  day ahead inc hosp",2020-12-31,"quantile",0.025,0
"39563",2020-12-12,"50","19  day ahead inc hosp",2020-12-31,"quantile",0.05,0
"39564",2020-12-12,"50","19  day ahead inc hosp",2020-12-31,"quantile",0.1,0
"39565",2020-12-12,"50","19  day ahead inc hosp",2020-12-31,"quantile",0.15,0.17790855006044
"39566",2020-12-12,"50","19  day ahead inc hosp",2020-12-31,"quantile",0.2,0.524752206574157
"39567",2020-12-12,"50","19  day ahead inc hosp",2020-12-31,"quantile",0.25,0.822313180318151
"39568",2020-12-12,"50","19  day ahead inc hosp",2020-12-31,"quantile",0.3,1.08953213124877
"39569",2020-12-12,"50","19  day ahead inc hosp",2020-12-31,"quantile",0.35,1.33715031287059
"39570",2020-12-12,"50","19  day ahead inc hosp",2020-12-31,"quantile",0.4,1.57211575259491
"39571",2020-12-12,"50","19  day ahead inc hosp",2020-12-31,"quantile",0.45,1.79944753476108
"39572",2020-12-12,"50","19  day ahead inc hosp",2020-12-31,"quantile",0.5,2.02317505740785
"39573",2020-12-12,"50","19  day ahead inc hosp",2020-12-31,"quantile",0.55,2.24690258005461
"39574",2020-12-12,"50","19  day ahead inc hosp",2020-12-31,"quantile",0.6,2.47423436222078
"39575",2020-12-12,"50","19  day ahead inc hosp",2020-12-31,"quantile",0.65,2.70919980194511
"39576",2020-12-12,"50","19  day ahead inc hosp",2020-12-31,"quantile",0.7,2.95681798356693
"39577",2020-12-12,"50","19  day ahead inc hosp",2020-12-31,"quantile",0.75,3.22403693449755
"39578",2020-12-12,"50","19  day ahead inc hosp",2020-12-31,"quantile",0.8,3.52159790824154
"39579",2020-12-12,"50","19  day ahead inc hosp",2020-12-31,"quantile",0.85,3.86844156475526
"39580",2020-12-12,"50","19  day ahead inc hosp",2020-12-31,"quantile",0.9,4.30485008381075
"39581",2020-12-12,"50","19  day ahead inc hosp",2020-12-31,"quantile",0.95,4.95167324944786
"39582",2020-12-12,"50","19  day ahead inc hosp",2020-12-31,"quantile",0.975,5.51269588232586
"39583",2020-12-12,"50","19  day ahead inc hosp",2020-12-31,"quantile",0.99,6.16500593619018
"39584",2020-12-12,"50","20  day ahead inc hosp",2021-01-01,"quantile",0.01,0
"39585",2020-12-12,"50","20  day ahead inc hosp",2021-01-01,"quantile",0.025,0
"39586",2020-12-12,"50","20  day ahead inc hosp",2021-01-01,"quantile",0.05,0
"39587",2020-12-12,"50","20  day ahead inc hosp",2021-01-01,"quantile",0.1,0
"39588",2020-12-12,"50","20  day ahead inc hosp",2021-01-01,"quantile",0.15,0.158743614400122
"39589",2020-12-12,"50","20  day ahead inc hosp",2021-01-01,"quantile",0.2,0.509189588700895
"39590",2020-12-12,"50","20  day ahead inc hosp",2021-01-01,"quantile",0.25,0.809841030349723
"39591",2020-12-12,"50","20  day ahead inc hosp",2021-01-01,"quantile",0.3,1.07983531697381
"39592",2020-12-12,"50","20  day ahead inc hosp",2021-01-01,"quantile",0.35,1.33002526072333
"39593",2020-12-12,"50","20  day ahead inc hosp",2021-01-01,"quantile",0.4,1.56743105121367
"39594",2020-12-12,"50","20  day ahead inc hosp",2021-01-01,"quantile",0.45,1.79712390098792
"39595",2020-12-12,"50","20  day ahead inc hosp",2021-01-01,"quantile",0.5,2.02317505740785
"39596",2020-12-12,"50","20  day ahead inc hosp",2021-01-01,"quantile",0.55,2.24922621382778
"39597",2020-12-12,"50","20  day ahead inc hosp",2021-01-01,"quantile",0.6,2.47891906360202
"39598",2020-12-12,"50","20  day ahead inc hosp",2021-01-01,"quantile",0.65,2.71632485409237
"39599",2020-12-12,"50","20  day ahead inc hosp",2021-01-01,"quantile",0.7,2.96651479784189
"39600",2020-12-12,"50","20  day ahead inc hosp",2021-01-01,"quantile",0.75,3.23650908446597
"39601",2020-12-12,"50","20  day ahead inc hosp",2021-01-01,"quantile",0.8,3.5371605261148
"39602",2020-12-12,"50","20  day ahead inc hosp",2021-01-01,"quantile",0.85,3.88760650041558
"39603",2020-12-12,"50","20  day ahead inc hosp",2021-01-01,"quantile",0.9,4.32854755780957
"39604",2020-12-12,"50","20  day ahead inc hosp",2021-01-01,"quantile",0.95,4.98208862804403
"39605",2020-12-12,"50","20  day ahead inc hosp",2021-01-01,"quantile",0.975,5.54893804129238
"39606",2020-12-12,"50","20  day ahead inc hosp",2021-01-01,"quantile",0.99,6.20802298656839
"39607",2020-12-12,"50","21  day ahead inc hosp",2021-01-02,"quantile",0.01,0
"39608",2020-12-12,"50","21  day ahead inc hosp",2021-01-02,"quantile",0.025,0
"39609",2020-12-12,"50","21  day ahead inc hosp",2021-01-02,"quantile",0.05,0
"39610",2020-12-12,"50","21  day ahead inc hosp",2021-01-02,"quantile",0.1,0
"39611",2020-12-12,"50","21  day ahead inc hosp",2021-01-02,"quantile",0.15,0.139773685364798
"39612",2020-12-12,"50","21  day ahead inc hosp",2021-01-02,"quantile",0.2,0.493785323229191
"39613",2020-12-12,"50","21  day ahead inc hosp",2021-01-02,"quantile",0.25,0.797495786722902
"39614",2020-12-12,"50","21  day ahead inc hosp",2021-01-02,"quantile",0.3,1.07023716950674
"39615",2020-12-12,"50","21  day ahead inc hosp",2021-01-02,"quantile",0.35,1.32297270724743
"39616",2020-12-12,"50","21  day ahead inc hosp",2021-01-02,"quantile",0.4,1.56279401750122
"39617",2020-12-12,"50","21  day ahead inc hosp",2021-01-02,"quantile",0.45,1.79482391060118
"39618",2020-12-12,"50","21  day ahead inc hosp",2021-01-02,"quantile",0.5,2.02317505740785
"39619",2020-12-12,"50","21  day ahead inc hosp",2021-01-02,"quantile",0.55,2.25152620421451
"39620",2020-12-12,"50","21  day ahead inc hosp",2021-01-02,"quantile",0.6,2.48355609731447
"39621",2020-12-12,"50","21  day ahead inc hosp",2021-01-02,"quantile",0.65,2.72337740756827
"39622",2020-12-12,"50","21  day ahead inc hosp",2021-01-02,"quantile",0.7,2.97611294530896
"39623",2020-12-12,"50","21  day ahead inc hosp",2021-01-02,"quantile",0.75,3.24885432809279
"39624",2020-12-12,"50","21  day ahead inc hosp",2021-01-02,"quantile",0.8,3.55256479158651
"39625",2020-12-12,"50","21  day ahead inc hosp",2021-01-02,"quantile",0.85,3.9065764294509
"39626",2020-12-12,"50","21  day ahead inc hosp",2021-01-02,"quantile",0.9,4.3520039058006
"39627",2020-12-12,"50","21  day ahead inc hosp",2021-01-02,"quantile",0.95,5.01219452475969
"39628",2020-12-12,"50","21  day ahead inc hosp",2021-01-02,"quantile",0.975,5.58481142985301
"39629",2020-12-12,"50","21  day ahead inc hosp",2021-01-02,"quantile",0.99,6.25060233081702
"39630",2020-12-12,"50","22  day ahead inc hosp",2021-01-03,"quantile",0.01,0
"39631",2020-12-12,"50","22  day ahead inc hosp",2021-01-03,"quantile",0.025,0
"39632",2020-12-12,"50","22  day ahead inc hosp",2021-01-03,"quantile",0.05,0
"39633",2020-12-12,"50","22  day ahead inc hosp",2021-01-03,"quantile",0.1,0
"39634",2020-12-12,"50","22  day ahead inc hosp",2021-01-03,"quantile",0.15,0.0800693158900789
"39635",2020-12-12,"50","22  day ahead inc hosp",2021-01-03,"quantile",0.2,0.437611059723218
"39636",2020-12-12,"50","22  day ahead inc hosp",2021-01-03,"quantile",0.25,0.744350039811519
"39637",2020-12-12,"50","22  day ahead inc hosp",2021-01-03,"quantile",0.3,1.01981112409753
"39638",2020-12-12,"50","22  day ahead inc hosp",2021-01-03,"quantile",0.35,1.27506687059655
"39639",2020-12-12,"50","22  day ahead inc hosp",2021-01-03,"quantile",0.4,1.51727961251023
"39640",2020-12-12,"50","22  day ahead inc hosp",2021-01-03,"quantile",0.45,1.75162324341695
"39641",2020-12-12,"50","22  day ahead inc hosp",2021-01-03,"quantile",0.5,1.98225144459159
"39642",2020-12-12,"50","22  day ahead inc hosp",2021-01-03,"quantile",0.55,2.21287964576623
"39643",2020-12-12,"50","22  day ahead inc hosp",2021-01-03,"quantile",0.6,2.44722327667295
"39644",2020-12-12,"50","22  day ahead inc hosp",2021-01-03,"quantile",0.65,2.68943601858664
"39645",2020-12-12,"50","22  day ahead inc hosp",2021-01-03,"quantile",0.7,2.94469176508565
"39646",2020-12-12,"50","22  day ahead inc hosp",2021-01-03,"quantile",0.75,3.22015284937166
"39647",2020-12-12,"50","22  day ahead inc hosp",2021-01-03,"quantile",0.8,3.52689182945996
"39648",2020-12-12,"50","22  day ahead inc hosp",2021-01-03,"quantile",0.85,3.8844335732931
"39649",2020-12-12,"50","22  day ahead inc hosp",2021-01-03,"quantile",0.9,4.33430272902485
"39650",2020-12-12,"50","22  day ahead inc hosp",2021-01-03,"quantile",0.95,5.00107658592085
"39651",2020-12-12,"50","22  day ahead inc hosp",2021-01-03,"quantile",0.975,5.57940346813998
"39652",2020-12-12,"50","22  day ahead inc hosp",2021-01-03,"quantile",0.99,6.25183345150142
"39653",2020-12-12,"50","23  day ahead inc hosp",2021-01-04,"quantile",0.01,0
"39654",2020-12-12,"50","23  day ahead inc hosp",2021-01-04,"quantile",0.025,0
"39655",2020-12-12,"50","23  day ahead inc hosp",2021-01-04,"quantile",0.05,0
"39656",2020-12-12,"50","23  day ahead inc hosp",2021-01-04,"quantile",0.1,0
"39657",2020-12-12,"50","23  day ahead inc hosp",2021-01-04,"quantile",0.15,0.0614721826020237
"39658",2020-12-12,"50","23  day ahead inc hosp",2021-01-04,"quantile",0.2,0.422509517822433
"39659",2020-12-12,"50","23  day ahead inc hosp",2021-01-04,"quantile",0.25,0.732247404067653
"39660",2020-12-12,"50","23  day ahead inc hosp",2021-01-04,"quantile",0.3,1.01040159876767
"39661",2020-12-12,"50","23  day ahead inc hosp",2021-01-04,"quantile",0.35,1.26815291341894
"39662",2020-12-12,"50","23  day ahead inc hosp",2021-01-04,"quantile",0.4,1.51273370546699
"39663",2020-12-12,"50","23  day ahead inc hosp",2021-01-04,"quantile",0.45,1.74936845228391
"39664",2020-12-12,"50","23  day ahead inc hosp",2021-01-04,"quantile",0.5,1.98225144459159
"39665",2020-12-12,"50","23  day ahead inc hosp",2021-01-04,"quantile",0.55,2.21513443689927
"39666",2020-12-12,"50","23  day ahead inc hosp",2021-01-04,"quantile",0.6,2.4517691837162
"39667",2020-12-12,"50","23  day ahead inc hosp",2021-01-04,"quantile",0.65,2.69634997576424
"39668",2020-12-12,"50","23  day ahead inc hosp",2021-01-04,"quantile",0.7,2.95410129041551
"39669",2020-12-12,"50","23  day ahead inc hosp",2021-01-04,"quantile",0.75,3.23225548511553
"39670",2020-12-12,"50","23  day ahead inc hosp",2021-01-04,"quantile",0.8,3.54199337136075
"39671",2020-12-12,"50","23  day ahead inc hosp",2021-01-04,"quantile",0.85,3.90303070658116
"39672",2020-12-12,"50","23  day ahead inc hosp",2021-01-04,"quantile",0.9,4.35729811447031
"39673",2020-12-12,"50","23  day ahead inc hosp",2021-01-04,"quantile",0.95,5.03059084361444
"39674",2020-12-12,"50","23  day ahead inc hosp",2021-01-04,"quantile",0.975,5.61457187532347
"39675",2020-12-12,"50","23  day ahead inc hosp",2021-01-04,"quantile",0.99,6.29357602939062
"39676",2020-12-12,"50","24  day ahead inc hosp",2021-01-05,"quantile",0.01,0
"39677",2020-12-12,"50","24  day ahead inc hosp",2021-01-05,"quantile",0.025,0
"39678",2020-12-12,"50","24  day ahead inc hosp",2021-01-05,"quantile",0.05,0
"39679",2020-12-12,"50","24  day ahead inc hosp",2021-01-05,"quantile",0.1,0
"39680",2020-12-12,"50","24  day ahead inc hosp",2021-01-05,"quantile",0.15,0.0430533897691963
"39681",2020-12-12,"50","24  day ahead inc hosp",2021-01-05,"quantile",0.2,0.407552794793219
"39682",2020-12-12,"50","24  day ahead inc hosp",2021-01-05,"quantile",0.25,0.720260828661399
"39683",2020-12-12,"50","24  day ahead inc hosp",2021-01-05,"quantile",0.3,1.00108230772311
"39684",2020-12-12,"50","24  day ahead inc hosp",2021-01-05,"quantile",0.35,1.26130525884032
"39685",2020-12-12,"50","24  day ahead inc hosp",2021-01-05,"quantile",0.4,1.50823139219268
"39686",2020-12-12,"50","24  day ahead inc hosp",2021-01-05,"quantile",0.45,1.74713528386394
"39687",2020-12-12,"50","24  day ahead inc hosp",2021-01-05,"quantile",0.5,1.98225144459159
"39688",2020-12-12,"50","24  day ahead inc hosp",2021-01-05,"quantile",0.55,2.21736760531924
"39689",2020-12-12,"50","24  day ahead inc hosp",2021-01-05,"quantile",0.6,2.45627149699051
"39690",2020-12-12,"50","24  day ahead inc hosp",2021-01-05,"quantile",0.65,2.70319763034287
"39691",2020-12-12,"50","24  day ahead inc hosp",2021-01-05,"quantile",0.7,2.96342058146008
"39692",2020-12-12,"50","24  day ahead inc hosp",2021-01-05,"quantile",0.75,3.24424206052178
"39693",2020-12-12,"50","24  day ahead inc hosp",2021-01-05,"quantile",0.8,3.55695009438996
"39694",2020-12-12,"50","24  day ahead inc hosp",2021-01-05,"quantile",0.85,3.92144949941399
"39695",2020-12-12,"50","24  day ahead inc hosp",2021-01-05,"quantile",0.9,4.38007298165389
"39696",2020-12-12,"50","24  day ahead inc hosp",2021-01-05,"quantile",0.95,5.05982206918306
"39697",2020-12-12,"50","24  day ahead inc hosp",2021-01-05,"quantile",0.975,5.64940302892869
"39698",2020-12-12,"50","24  day ahead inc hosp",2021-01-05,"quantile",0.99,6.33491830954427
"39699",2020-12-12,"50","25  day ahead inc hosp",2021-01-06,"quantile",0.01,0
"39700",2020-12-12,"50","25  day ahead inc hosp",2021-01-06,"quantile",0.025,0
"39701",2020-12-12,"50","25  day ahead inc hosp",2021-01-06,"quantile",0.05,0
"39702",2020-12-12,"50","25  day ahead inc hosp",2021-01-06,"quantile",0.1,0
"39703",2020-12-12,"50","25  day ahead inc hosp",2021-01-06,"quantile",0.15,0.0248079030393114
"39704",2020-12-12,"50","25  day ahead inc hosp",2021-01-06,"quantile",0.2,0.392736802560237
"39705",2020-12-12,"50","25  day ahead inc hosp",2021-01-06,"quantile",0.25,0.708387037338778
"39706",2020-12-12,"50","25  day ahead inc hosp",2021-01-06,"quantile",0.3,0.991850703750533
"39707",2020-12-12,"50","25  day ahead inc hosp",2021-01-06,"quantile",0.35,1.25452203521219
"39708",2020-12-12,"50","25  day ahead inc hosp",2021-01-06,"quantile",0.4,1.5037714420838
"39709",2020-12-12,"50","25  day ahead inc hosp",2021-01-06,"quantile",0.45,1.74492312777196
"39710",2020-12-12,"50","25  day ahead inc hosp",2021-01-06,"quantile",0.5,1.98225144459159
"39711",2020-12-12,"50","25  day ahead inc hosp",2021-01-06,"quantile",0.55,2.21957976141122
"39712",2020-12-12,"50","25  day ahead inc hosp",2021-01-06,"quantile",0.6,2.46073144709939
"39713",2020-12-12,"50","25  day ahead inc hosp",2021-01-06,"quantile",0.65,2.70998085397099
"39714",2020-12-12,"50","25  day ahead inc hosp",2021-01-06,"quantile",0.7,2.97265218543265
"39715",2020-12-12,"50","25  day ahead inc hosp",2021-01-06,"quantile",0.75,3.25611585184441
"39716",2020-12-12,"50","25  day ahead inc hosp",2021-01-06,"quantile",0.8,3.57176608662295
"39717",2020-12-12,"50","25  day ahead inc hosp",2021-01-06,"quantile",0.85,3.93969498614387
"39718",2020-12-12,"50","25  day ahead inc hosp",2021-01-06,"quantile",0.9,4.40263355556036
"39719",2020-12-12,"50","25  day ahead inc hosp",2021-01-06,"quantile",0.95,5.08877825230816
"39720",2020-12-12,"50","25  day ahead inc hosp",2021-01-06,"quantile",0.975,5.6839064492483
"39721",2020-12-12,"50","25  day ahead inc hosp",2021-01-06,"quantile",0.99,6.37587159192129
"39722",2020-12-12,"50","26  day ahead inc hosp",2021-01-07,"quantile",0.01,0
"39723",2020-12-12,"50","26  day ahead inc hosp",2021-01-07,"quantile",0.025,0
"39724",2020-12-12,"50","26  day ahead inc hosp",2021-01-07,"quantile",0.05,0
"39725",2020-12-12,"50","26  day ahead inc hosp",2021-01-07,"quantile",0.1,0
"39726",2020-12-12,"50","26  day ahead inc hosp",2021-01-07,"quantile",0.15,0.0067309205517867
"39727",2020-12-12,"50","26  day ahead inc hosp",2021-01-07,"quantile",0.2,0.378057641839781
"39728",2020-12-12,"50","26  day ahead inc hosp",2021-01-07,"quantile",0.25,0.696622905146679
"39729",2020-12-12,"50","26  day ahead inc hosp",2021-01-07,"quantile",0.3,0.982704357269644
"39730",2020-12-12,"50","26  day ahead inc hosp",2021-01-07,"quantile",0.35,1.2478014573208
"39731",2020-12-12,"50","26  day ahead inc hosp",2021-01-07,"quantile",0.4,1.49935268136741
"39732",2020-12-12,"50","26  day ahead inc hosp",2021-01-07,"quantile",0.45,1.7427314018111
"39733",2020-12-12,"50","26  day ahead inc hosp",2021-01-07,"quantile",0.5,1.98225144459159
"39734",2020-12-12,"50","26  day ahead inc hosp",2021-01-07,"quantile",0.55,2.22177148737208
"39735",2020-12-12,"50","26  day ahead inc hosp",2021-01-07,"quantile",0.6,2.46515020781578
"39736",2020-12-12,"50","26  day ahead inc hosp",2021-01-07,"quantile",0.65,2.71670143186239
"39737",2020-12-12,"50","26  day ahead inc hosp",2021-01-07,"quantile",0.7,2.98179853191354
"39738",2020-12-12,"50","26  day ahead inc hosp",2021-01-07,"quantile",0.75,3.2678799840365
"39739",2020-12-12,"50","26  day ahead inc hosp",2021-01-07,"quantile",0.8,3.5864452473434
"39740",2020-12-12,"50","26  day ahead inc hosp",2021-01-07,"quantile",0.85,3.9577719686314
"39741",2020-12-12,"50","26  day ahead inc hosp",2021-01-07,"quantile",0.9,4.42498577369811
"39742",2020-12-12,"50","26  day ahead inc hosp",2021-01-07,"quantile",0.95,5.11746701369924
"39743",2020-12-12,"50","26  day ahead inc hosp",2021-01-07,"quantile",0.975,5.71809121691775
"39744",2020-12-12,"50","26  day ahead inc hosp",2021-01-07,"quantile",0.99,6.41644665463657
"39745",2020-12-12,"50","27  day ahead inc hosp",2021-01-08,"quantile",0.01,0
"39746",2020-12-12,"50","27  day ahead inc hosp",2021-01-08,"quantile",0.025,0
"39747",2020-12-12,"50","27  day ahead inc hosp",2021-01-08,"quantile",0.05,0
"39748",2020-12-12,"50","27  day ahead inc hosp",2021-01-08,"quantile",0.1,0
"39749",2020-12-12,"50","27  day ahead inc hosp",2021-01-08,"quantile",0.15,0
"39750",2020-12-12,"50","27  day ahead inc hosp",2021-01-08,"quantile",0.2,0.363511590154639
"39751",2020-12-12,"50","27  day ahead inc hosp",2021-01-08,"quantile",0.25,0.684965448827761
"39752",2020-12-12,"50","27  day ahead inc hosp",2021-01-08,"quantile",0.3,0.973640948865387
"39753",2020-12-12,"50","27  day ahead inc hosp",2021-01-08,"quantile",0.35,1.24114182089989
"39754",2020-12-12,"50","27  day ahead inc hosp",2021-01-08,"quantile",0.4,1.49497398949333
"39755",2020-12-12,"50","27  day ahead inc hosp",2021-01-08,"quantile",0.45,1.74055955018324
"39756",2020-12-12,"50","27  day ahead inc hosp",2021-01-08,"quantile",0.5,1.98225144459159
"39757",2020-12-12,"50","27  day ahead inc hosp",2021-01-08,"quantile",0.55,2.22394333899995
"39758",2020-12-12,"50","27  day ahead inc hosp",2021-01-08,"quantile",0.6,2.46952889968985
"39759",2020-12-12,"50","27  day ahead inc hosp",2021-01-08,"quantile",0.65,2.72336106828329
"39760",2020-12-12,"50","27  day ahead inc hosp",2021-01-08,"quantile",0.7,2.9908619403178
"39761",2020-12-12,"50","27  day ahead inc hosp",2021-01-08,"quantile",0.75,3.27953744035542
"39762",2020-12-12,"50","27  day ahead inc hosp",2021-01-08,"quantile",0.8,3.60099129902854
"39763",2020-12-12,"50","27  day ahead inc hosp",2021-01-08,"quantile",0.85,3.97568503100481
"39764",2020-12-12,"50","27  day ahead inc hosp",2021-01-08,"quantile",0.9,4.44713530434914
"39765",2020-12-12,"50","27  day ahead inc hosp",2021-01-08,"quantile",0.95,5.14589562851752
"39766",2020-12-12,"50","27  day ahead inc hosp",2021-01-08,"quantile",0.975,5.75196600082631
"39767",2020-12-12,"50","27  day ahead inc hosp",2021-01-08,"quantile",0.99,6.45665378708945
"39768",2020-12-12,"50","28  day ahead inc hosp",2021-01-09,"quantile",0.01,0
"39769",2020-12-12,"50","28  day ahead inc hosp",2021-01-09,"quantile",0.025,0
"39770",2020-12-12,"50","28  day ahead inc hosp",2021-01-09,"quantile",0.05,0
"39771",2020-12-12,"50","28  day ahead inc hosp",2021-01-09,"quantile",0.1,0
"39772",2020-12-12,"50","28  day ahead inc hosp",2021-01-09,"quantile",0.15,0
"39773",2020-12-12,"50","28  day ahead inc hosp",2021-01-09,"quantile",0.2,0.349095090809806
"39774",2020-12-12,"50","28  day ahead inc hosp",2021-01-09,"quantile",0.25,0.673411817985395
"39775",2020-12-12,"50","28  day ahead inc hosp",2021-01-09,"quantile",0.3,0.964658262418906
"39776",2020-12-12,"50","28  day ahead inc hosp",2021-01-09,"quantile",0.35,1.23454149758351
"39777",2020-12-12,"50","28  day ahead inc hosp",2021-01-09,"quantile",0.4,1.49063429581561
"39778",2020-12-12,"50","28  day ahead inc hosp",2021-01-09,"quantile",0.45,1.73840704184297
"39779",2020-12-12,"50","28  day ahead inc hosp",2021-01-09,"quantile",0.5,1.98225144459159
"39780",2020-12-12,"50","28  day ahead inc hosp",2021-01-09,"quantile",0.55,2.22609584734021
"39781",2020-12-12,"50","28  day ahead inc hosp",2021-01-09,"quantile",0.6,2.47386859336757
"39782",2020-12-12,"50","28  day ahead inc hosp",2021-01-09,"quantile",0.65,2.72996139159967
"39783",2020-12-12,"50","28  day ahead inc hosp",2021-01-09,"quantile",0.7,2.99984462676428
"39784",2020-12-12,"50","28  day ahead inc hosp",2021-01-09,"quantile",0.75,3.29109107119779
"39785",2020-12-12,"50","28  day ahead inc hosp",2021-01-09,"quantile",0.8,3.61540779837338
"39786",2020-12-12,"50","28  day ahead inc hosp",2021-01-09,"quantile",0.85,3.99343855323615
"39787",2020-12-12,"50","28  day ahead inc hosp",2021-01-09,"quantile",0.9,4.46908756335598
"39788",2020-12-12,"50","28  day ahead inc hosp",2021-01-09,"quantile",0.95,5.1740710479216
"39789",2020-12-12,"50","28  day ahead inc hosp",2021-01-09,"quantile",0.975,5.78553908379032
"39790",2020-12-12,"50","28  day ahead inc hosp",2021-01-09,"quantile",0.99,6.49650282043618
"39791",2020-12-12,"50","29  day ahead inc hosp",2021-01-10,"quantile",0.01,0
"39792",2020-12-12,"50","29  day ahead inc hosp",2021-01-10,"quantile",0.025,0
"39793",2020-12-12,"50","29  day ahead inc hosp",2021-01-10,"quantile",0.05,0
"39794",2020-12-12,"50","29  day ahead inc hosp",2021-01-10,"quantile",0.1,0
"39795",2020-12-12,"50","29  day ahead inc hosp",2021-01-10,"quantile",0.15,0.0200399976790995
"39796",2020-12-12,"50","29  day ahead inc hosp",2021-01-10,"quantile",0.2,0.401378574880421
"39797",2020-12-12,"50","29  day ahead inc hosp",2021-01-10,"quantile",0.25,0.728533119088401
"39798",2020-12-12,"50","29  day ahead inc hosp",2021-01-10,"quantile",0.3,1.02232801092342
"39799",2020-12-12,"50","29  day ahead inc hosp",2021-01-10,"quantile",0.35,1.29457276240011
"39800",2020-12-12,"50","29  day ahead inc hosp",2021-01-10,"quantile",0.4,1.55290640867919
"39801",2020-12-12,"50","29  day ahead inc hosp",2021-01-10,"quantile",0.45,1.80284720112514
"39802",2020-12-12,"50","29  day ahead inc hosp",2021-01-10,"quantile",0.5,2.04882527673547
"39803",2020-12-12,"50","29  day ahead inc hosp",2021-01-10,"quantile",0.55,2.29480335234579
"39804",2020-12-12,"50","29  day ahead inc hosp",2021-01-10,"quantile",0.6,2.54474414479174
"39805",2020-12-12,"50","29  day ahead inc hosp",2021-01-10,"quantile",0.65,2.80307779107082
"39806",2020-12-12,"50","29  day ahead inc hosp",2021-01-10,"quantile",0.7,3.07532254254751
"39807",2020-12-12,"50","29  day ahead inc hosp",2021-01-10,"quantile",0.75,3.36911743438253
"39808",2020-12-12,"50","29  day ahead inc hosp",2021-01-10,"quantile",0.8,3.69627197859051
"39809",2020-12-12,"50","29  day ahead inc hosp",2021-01-10,"quantile",0.85,4.07761055579183
"39810",2020-12-12,"50","29  day ahead inc hosp",2021-01-10,"quantile",0.9,4.55742156173011
"39811",2020-12-12,"50","29  day ahead inc hosp",2021-01-10,"quantile",0.95,5.26857375105999
"39812",2020-12-12,"50","29  day ahead inc hosp",2021-01-10,"quantile",0.975,5.88539221834821
"39813",2020-12-12,"50","29  day ahead inc hosp",2021-01-10,"quantile",0.99,6.60257698780615
"39814",2020-12-12,"50","30  day ahead inc hosp",2021-01-11,"quantile",0.01,0
"39815",2020-12-12,"50","30  day ahead inc hosp",2021-01-11,"quantile",0.025,0
"39816",2020-12-12,"50","30  day ahead inc hosp",2021-01-11,"quantile",0.05,0
"39817",2020-12-12,"50","30  day ahead inc hosp",2021-01-11,"quantile",0.1,0
"39818",2020-12-12,"50","30  day ahead inc hosp",2021-01-11,"quantile",0.15,0.00259317087513855
"39819",2020-12-12,"50","30  day ahead inc hosp",2021-01-11,"quantile",0.2,0.387211123266522
"39820",2020-12-12,"50","30  day ahead inc hosp",2021-01-11,"quantile",0.25,0.717179079386471
"39821",2020-12-12,"50","30  day ahead inc hosp",2021-01-11,"quantile",0.3,1.01350050207059
"39822",2020-12-12,"50","30  day ahead inc hosp",2021-01-11,"quantile",0.35,1.28808646090734
"39823",2020-12-12,"50","30  day ahead inc hosp",2021-01-11,"quantile",0.4,1.54864168402395
"39824",2020-12-12,"50","30  day ahead inc hosp",2021-01-11,"quantile",0.45,1.8007318777703
"39825",2020-12-12,"50","30  day ahead inc hosp",2021-01-11,"quantile",0.5,2.04882527673547
"39826",2020-12-12,"50","30  day ahead inc hosp",2021-01-11,"quantile",0.55,2.29691867570063
"39827",2020-12-12,"50","30  day ahead inc hosp",2021-01-11,"quantile",0.6,2.54900886944699
"39828",2020-12-12,"50","30  day ahead inc hosp",2021-01-11,"quantile",0.65,2.8095640925636
"39829",2020-12-12,"50","30  day ahead inc hosp",2021-01-11,"quantile",0.7,3.08415005140034
"39830",2020-12-12,"50","30  day ahead inc hosp",2021-01-11,"quantile",0.75,3.38047147408446
"39831",2020-12-12,"50","30  day ahead inc hosp",2021-01-11,"quantile",0.8,3.71043943020441
"39832",2020-12-12,"50","30  day ahead inc hosp",2021-01-11,"quantile",0.85,4.09505738259579
"39833",2020-12-12,"50","30  day ahead inc hosp",2021-01-11,"quantile",0.9,4.57899459134403
"39834",2020-12-12,"50","30  day ahead inc hosp",2021-01-11,"quantile",0.95,5.29626243480772
"39835",2020-12-12,"50","30  day ahead inc hosp",2021-01-11,"quantile",0.975,5.91838532000521
"39836",2020-12-12,"50","30  day ahead inc hosp",2021-01-11,"quantile",0.99,6.64173762162554
"39837",2020-12-12,"50","31  day ahead inc hosp",2021-01-12,"quantile",0.01,0
"39838",2020-12-12,"50","31  day ahead inc hosp",2021-01-12,"quantile",0.025,0
"39839",2020-12-12,"50","31  day ahead inc hosp",2021-01-12,"quantile",0.05,0
"39840",2020-12-12,"50","31  day ahead inc hosp",2021-01-12,"quantile",0.1,0
"39841",2020-12-12,"50","31  day ahead inc hosp",2021-01-12,"quantile",0.15,0
"39842",2020-12-12,"50","31  day ahead inc hosp",2021-01-12,"quantile",0.2,0.373163450899607
"39843",2020-12-12,"50","31  day ahead inc hosp",2021-01-12,"quantile",0.25,0.7059210328358
"39844",2020-12-12,"50","31  day ahead inc hosp",2021-01-12,"quantile",0.3,1.00474762571992
"39845",2020-12-12,"50","31  day ahead inc hosp",2021-01-12,"quantile",0.35,1.28165499809195
"39846",2020-12-12,"50","31  day ahead inc hosp",2021-01-12,"quantile",0.4,1.54441301564203
"39847",2020-12-12,"50","31  day ahead inc hosp",2021-01-12,"quantile",0.45,1.79863443849549
"39848",2020-12-12,"50","31  day ahead inc hosp",2021-01-12,"quantile",0.5,2.04882527673547
"39849",2020-12-12,"50","31  day ahead inc hosp",2021-01-12,"quantile",0.55,2.29901611497544
"39850",2020-12-12,"50","31  day ahead inc hosp",2021-01-12,"quantile",0.6,2.5532375378289
"39851",2020-12-12,"50","31  day ahead inc hosp",2021-01-12,"quantile",0.65,2.81599555537898
"39852",2020-12-12,"50","31  day ahead inc hosp",2021-01-12,"quantile",0.7,3.09290292775101
"39853",2020-12-12,"50","31  day ahead inc hosp",2021-01-12,"quantile",0.75,3.39172952063513
"39854",2020-12-12,"50","31  day ahead inc hosp",2021-01-12,"quantile",0.8,3.72448710257133
"39855",2020-12-12,"50","31  day ahead inc hosp",2021-01-12,"quantile",0.85,4.11235670455317
"39856",2020-12-12,"50","31  day ahead inc hosp",2021-01-12,"quantile",0.9,4.60038523097612
"39857",2020-12-12,"50","31  day ahead inc hosp",2021-01-12,"quantile",0.95,5.32371702354814
"39858",2020-12-12,"50","31  day ahead inc hosp",2021-01-12,"quantile",0.975,5.95109948025624
"39859",2020-12-12,"50","31  day ahead inc hosp",2021-01-12,"quantile",0.99,6.68056717040874
"39860",2020-12-12,"50","32  day ahead inc hosp",2021-01-13,"quantile",0.01,0
"39861",2020-12-12,"50","32  day ahead inc hosp",2021-01-13,"quantile",0.025,0
"39862",2020-12-12,"50","32  day ahead inc hosp",2021-01-13,"quantile",0.05,0
"39863",2020-12-12,"50","32  day ahead inc hosp",2021-01-13,"quantile",0.1,0
"39864",2020-12-12,"50","32  day ahead inc hosp",2021-01-13,"quantile",0.15,0
"39865",2020-12-12,"50","32  day ahead inc hosp",2021-01-13,"quantile",0.2,0.359232570158281
"39866",2020-12-12,"50","32  day ahead inc hosp",2021-01-13,"quantile",0.25,0.694756585105152
"39867",2020-12-12,"50","32  day ahead inc hosp",2021-01-13,"quantile",0.3,0.996067520333066
"39868",2020-12-12,"50","32  day ahead inc hosp",2021-01-13,"quantile",0.35,1.27527700612765
"39869",2020-12-12,"50","32  day ahead inc hosp",2021-01-13,"quantile",0.4,1.54021950419156
"39870",2020-12-12,"50","32  day ahead inc hosp",2021-01-13,"quantile",0.45,1.79655443722295
"39871",2020-12-12,"50","32  day ahead inc hosp",2021-01-13,"quantile",0.5,2.04882527673547
"39872",2020-12-12,"50","32  day ahead inc hosp",2021-01-13,"quantile",0.55,2.30109611624798
"39873",2020-12-12,"50","32  day ahead inc hosp",2021-01-13,"quantile",0.6,2.55743104927937
"39874",2020-12-12,"50","32  day ahead inc hosp",2021-01-13,"quantile",0.65,2.82237354734328
"39875",2020-12-12,"50","32  day ahead inc hosp",2021-01-13,"quantile",0.7,3.10158303313787
"39876",2020-12-12,"50","32  day ahead inc hosp",2021-01-13,"quantile",0.75,3.40289396836578
"39877",2020-12-12,"50","32  day ahead inc hosp",2021-01-13,"quantile",0.8,3.73841798331265
"39878",2020-12-12,"50","32  day ahead inc hosp",2021-01-13,"quantile",0.85,4.12951220083749
"39879",2020-12-12,"50","32  day ahead inc hosp",2021-01-13,"quantile",0.9,4.62159802993043
"39880",2020-12-12,"50","32  day ahead inc hosp",2021-01-13,"quantile",0.95,5.35094335624975
"39881",2020-12-12,"50","32  day ahead inc hosp",2021-01-13,"quantile",0.975,5.98354165666142
"39882",2020-12-12,"50","32  day ahead inc hosp",2021-01-13,"quantile",0.99,6.71907389232035
"39883",2020-12-12,"50","33  day ahead inc hosp",2021-01-14,"quantile",0.01,0
"39884",2020-12-12,"50","33  day ahead inc hosp",2021-01-14,"quantile",0.025,0
"39885",2020-12-12,"50","33  day ahead inc hosp",2021-01-14,"quantile",0.05,0
"39886",2020-12-12,"50","33  day ahead inc hosp",2021-01-14,"quantile",0.1,0
"39887",2020-12-12,"50","33  day ahead inc hosp",2021-01-14,"quantile",0.15,0
"39888",2020-12-12,"50","33  day ahead inc hosp",2021-01-14,"quantile",0.2,0.345415615592831
"39889",2020-12-12,"50","33  day ahead inc hosp",2021-01-14,"quantile",0.25,0.683683439773781
"39890",2020-12-12,"50","33  day ahead inc hosp",2021-01-14,"quantile",0.3,0.987458400494887
"39891",2020-12-12,"50","33  day ahead inc hosp",2021-01-14,"quantile",0.35,1.26895117312212
"39892",2020-12-12,"50","33  day ahead inc hosp",2021-01-14,"quantile",0.4,1.53606028710711
"39893",2020-12-12,"50","33  day ahead inc hosp",2021-01-14,"quantile",0.45,1.79449144611618
"39894",2020-12-12,"50","33  day ahead inc hosp",2021-01-14,"quantile",0.5,2.04882527673547
"39895",2020-12-12,"50","33  day ahead inc hosp",2021-01-14,"quantile",0.55,2.30315910735475
"39896",2020-12-12,"50","33  day ahead inc hosp",2021-01-14,"quantile",0.6,2.56159026636382
"39897",2020-12-12,"50","33  day ahead inc hosp",2021-01-14,"quantile",0.65,2.82869938034881
"39898",2020-12-12,"50","33  day ahead inc hosp",2021-01-14,"quantile",0.7,3.11019215297605
"39899",2020-12-12,"50","33  day ahead inc hosp",2021-01-14,"quantile",0.75,3.41396711369715
"39900",2020-12-12,"50","33  day ahead inc hosp",2021-01-14,"quantile",0.8,3.7522349378781
"39901",2020-12-12,"50","33  day ahead inc hosp",2021-01-14,"quantile",0.85,4.14652740017123
"39902",2020-12-12,"50","33  day ahead inc hosp",2021-01-14,"quantile",0.9,4.64263735147801
"39903",2020-12-12,"50","33  day ahead inc hosp",2021-01-14,"quantile",0.95,5.37794703311033
"39904",2020-12-12,"50","33  day ahead inc hosp",2021-01-14,"quantile",0.975,6.01571852226799
"39905",2020-12-12,"50","33  day ahead inc hosp",2021-01-14,"quantile",0.99,6.75726570782695
"39906",2020-12-12,"50","34  day ahead inc hosp",2021-01-15,"quantile",0.01,0
"39907",2020-12-12,"50","34  day ahead inc hosp",2021-01-15,"quantile",0.025,0
"39908",2020-12-12,"50","34  day ahead inc hosp",2021-01-15,"quantile",0.05,0
"39909",2020-12-12,"50","34  day ahead inc hosp",2021-01-15,"quantile",0.1,0
"39910",2020-12-12,"50","34  day ahead inc hosp",2021-01-15,"quantile",0.15,0
"39911",2020-12-12,"50","34  day ahead inc hosp",2021-01-15,"quantile",0.2,0.331709837043272
"39912",2020-12-12,"50","34  day ahead inc hosp",2021-01-15,"quantile",0.25,0.672699392816113
"39913",2020-12-12,"50","34  day ahead inc hosp",2021-01-15,"quantile",0.3,0.978918552625389
"39914",2020-12-12,"50","34  day ahead inc hosp",2021-01-15,"quantile",0.35,1.26267623996629
"39915",2020-12-12,"50","34  day ahead inc hosp",2021-01-15,"quantile",0.4,1.53193453652806
"39916",2020-12-12,"50","34  day ahead inc hosp",2021-01-15,"quantile",0.45,1.79244505455245
"39917",2020-12-12,"50","34  day ahead inc hosp",2021-01-15,"quantile",0.5,2.04882527673547
"39918",2020-12-12,"50","34  day ahead inc hosp",2021-01-15,"quantile",0.55,2.30520549891848
"39919",2020-12-12,"50","34  day ahead inc hosp",2021-01-15,"quantile",0.6,2.56571601694287
"39920",2020-12-12,"50","34  day ahead inc hosp",2021-01-15,"quantile",0.65,2.83497431350464
"39921",2020-12-12,"50","34  day ahead inc hosp",2021-01-15,"quantile",0.7,3.11873200084554
"39922",2020-12-12,"50","34  day ahead inc hosp",2021-01-15,"quantile",0.75,3.42495116065482
"39923",2020-12-12,"50","34  day ahead inc hosp",2021-01-15,"quantile",0.8,3.76594071642766
"39924",2020-12-12,"50","34  day ahead inc hosp",2021-01-15,"quantile",0.85,4.16340568930073
"39925",2020-12-12,"50","34  day ahead inc hosp",2021-01-15,"quantile",0.9,4.6635073833362
"39926",2020-12-12,"50","34  day ahead inc hosp",2021-01-15,"quantile",0.95,5.40473342900689
"39927",2020-12-12,"50","34  day ahead inc hosp",2021-01-15,"quantile",0.975,6.04763648163693
"39928",2020-12-12,"50","34  day ahead inc hosp",2021-01-15,"quantile",0.99,6.79515021871967
"39929",2020-12-12,"50","35  day ahead inc hosp",2021-01-16,"quantile",0.01,0
"39930",2020-12-12,"50","35  day ahead inc hosp",2021-01-16,"quantile",0.025,0
"39931",2020-12-12,"50","35  day ahead inc hosp",2021-01-16,"quantile",0.05,0
"39932",2020-12-12,"50","35  day ahead inc hosp",2021-01-16,"quantile",0.1,0
"39933",2020-12-12,"50","35  day ahead inc hosp",2021-01-16,"quantile",0.15,0
"39934",2020-12-12,"50","35  day ahead inc hosp",2021-01-16,"quantile",0.2,0.318112593247948
"39935",2020-12-12,"50","35  day ahead inc hosp",2021-01-16,"quantile",0.25,0.661802327479573
"39936",2020-12-12,"50","35  day ahead inc hosp",2021-01-16,"quantile",0.3,0.970446330997361
"39937",2020-12-12,"50","35  day ahead inc hosp",2021-01-16,"quantile",0.35,1.25645099740815
"39938",2020-12-12,"50","35  day ahead inc hosp",2021-01-16,"quantile",0.4,1.52784145737469
"39939",2020-12-12,"50","35  day ahead inc hosp",2021-01-16,"quantile",0.45,1.79041486816851
"39940",2020-12-12,"50","35  day ahead inc hosp",2021-01-16,"quantile",0.5,2.04882527673547
"39941",2020-12-12,"50","35  day ahead inc hosp",2021-01-16,"quantile",0.55,2.30723568530242
"39942",2020-12-12,"50","35  day ahead inc hosp",2021-01-16,"quantile",0.6,2.56980909609625
"39943",2020-12-12,"50","35  day ahead inc hosp",2021-01-16,"quantile",0.65,2.84119955606278
"39944",2020-12-12,"50","35  day ahead inc hosp",2021-01-16,"quantile",0.7,3.12720422247357
"39945",2020-12-12,"50","35  day ahead inc hosp",2021-01-16,"quantile",0.75,3.43584822599136
"39946",2020-12-12,"50","35  day ahead inc hosp",2021-01-16,"quantile",0.8,3.77953796022298
"39947",2020-12-12,"50","35  day ahead inc hosp",2021-01-16,"quantile",0.85,4.18015032086704
"39948",2020-12-12,"50","35  day ahead inc hosp",2021-01-16,"quantile",0.9,4.68421214740093
"39949",2020-12-12,"50","35  day ahead inc hosp",2021-01-16,"quantile",0.95,5.43130770598697
"39950",2020-12-12,"50","35  day ahead inc hosp",2021-01-16,"quantile",0.975,6.07930168572726
"39951",2020-12-12,"50","35  day ahead inc hosp",2021-01-16,"quantile",0.99,6.83273472578086
"39952",2020-12-12,"50","36  day ahead inc hosp",2021-01-17,"quantile",0.01,0
"39953",2020-12-12,"50","36  day ahead inc hosp",2021-01-17,"quantile",0.025,0
"39954",2020-12-12,"50","36  day ahead inc hosp",2021-01-17,"quantile",0.05,0
"39955",2020-12-12,"50","36  day ahead inc hosp",2021-01-17,"quantile",0.1,0
"39956",2020-12-12,"50","36  day ahead inc hosp",2021-01-17,"quantile",0.15,0
"39957",2020-12-12,"50","36  day ahead inc hosp",2021-01-17,"quantile",0.2,0.304621345900595
"39958",2020-12-12,"50","36  day ahead inc hosp",2021-01-17,"quantile",0.25,0.650990209521809
"39959",2020-12-12,"50","36  day ahead inc hosp",2021-01-17,"quantile",0.3,0.962040154033421
"39960",2020-12-12,"50","36  day ahead inc hosp",2021-01-17,"quantile",0.35,1.25027428333188
"39961",2020-12-12,"50","36  day ahead inc hosp",2021-01-17,"quantile",0.4,1.52378028555915
"39962",2020-12-12,"50","36  day ahead inc hosp",2021-01-17,"quantile",0.45,1.78840050797322
"39963",2020-12-12,"50","36  day ahead inc hosp",2021-01-17,"quantile",0.5,2.04882527673547
"39964",2020-12-12,"50","36  day ahead inc hosp",2021-01-17,"quantile",0.55,2.30925004549771
"39965",2020-12-12,"50","36  day ahead inc hosp",2021-01-17,"quantile",0.6,2.57387026791178
"39966",2020-12-12,"50","36  day ahead inc hosp",2021-01-17,"quantile",0.65,2.84737627013906
"39967",2020-12-12,"50","36  day ahead inc hosp",2021-01-17,"quantile",0.7,3.13561039943751
"39968",2020-12-12,"50","36  day ahead inc hosp",2021-01-17,"quantile",0.75,3.44666034394912
"39969",2020-12-12,"50","36  day ahead inc hosp",2021-01-17,"quantile",0.8,3.79302920757034
"39970",2020-12-12,"50","36  day ahead inc hosp",2021-01-17,"quantile",0.85,4.19676442072447
"39971",2020-12-12,"50","36  day ahead inc hosp",2021-01-17,"quantile",0.9,4.70475550879611
"39972",2020-12-12,"50","36  day ahead inc hosp",2021-01-17,"quantile",0.95,5.45767482488342
"39973",2020-12-12,"50","36  day ahead inc hosp",2021-01-17,"quantile",0.975,6.11072004573593
"39974",2020-12-12,"50","36  day ahead inc hosp",2021-01-17,"quantile",0.99,6.87002624521109
"39975",2020-12-12,"50","37  day ahead inc hosp",2021-01-18,"quantile",0.01,0
"39976",2020-12-12,"50","37  day ahead inc hosp",2021-01-18,"quantile",0.025,0
"39977",2020-12-12,"50","37  day ahead inc hosp",2021-01-18,"quantile",0.05,0
"39978",2020-12-12,"50","37  day ahead inc hosp",2021-01-18,"quantile",0.1,0
"39979",2020-12-12,"50","37  day ahead inc hosp",2021-01-18,"quantile",0.15,0
"39980",2020-12-12,"50","37  day ahead inc hosp",2021-01-18,"quantile",0.2,0.291233654118009
"39981",2020-12-12,"50","37  day ahead inc hosp",2021-01-18,"quantile",0.25,0.640261082776985
"39982",2020-12-12,"50","37  day ahead inc hosp",2021-01-18,"quantile",0.3,0.953698500858915
"39983",2020-12-12,"50","37  day ahead inc hosp",2021-01-18,"quantile",0.35,1.24414498022496
"39984",2020-12-12,"50","37  day ahead inc hosp",2021-01-18,"quantile",0.4,1.51975028632019
"39985",2020-12-12,"50","37  day ahead inc hosp",2021-01-18,"quantile",0.45,1.78640160952155
"39986",2020-12-12,"50","37  day ahead inc hosp",2021-01-18,"quantile",0.5,2.04882527673547
"39987",2020-12-12,"50","37  day ahead inc hosp",2021-01-18,"quantile",0.55,2.31124894394938
"39988",2020-12-12,"50","37  day ahead inc hosp",2021-01-18,"quantile",0.6,2.57790026715074
"39989",2020-12-12,"50","37  day ahead inc hosp",2021-01-18,"quantile",0.65,2.85350557324597
"39990",2020-12-12,"50","37  day ahead inc hosp",2021-01-18,"quantile",0.7,3.14395205261202
"39991",2020-12-12,"50","37  day ahead inc hosp",2021-01-18,"quantile",0.75,3.45738947069395
"39992",2020-12-12,"50","37  day ahead inc hosp",2021-01-18,"quantile",0.8,3.80641689935292
"39993",2020-12-12,"50","37  day ahead inc hosp",2021-01-18,"quantile",0.85,4.21325099475353
"39994",2020-12-12,"50","37  day ahead inc hosp",2021-01-18,"quantile",0.9,4.72514118429786
"39995",2020-12-12,"50","37  day ahead inc hosp",2021-01-18,"quantile",0.95,5.48383955612673
"39996",2020-12-12,"50","37  day ahead inc hosp",2021-01-18,"quantile",0.975,6.14189724598146
"39997",2020-12-12,"50","37  day ahead inc hosp",2021-01-18,"quantile",0.99,6.90703152392122
"39998",2020-12-12,"51","1  day ahead inc hosp",2020-12-13,"quantile",0.01,95.8027763898266
"39999",2020-12-12,"51","1  day ahead inc hosp",2020-12-13,"quantile",0.025,101.175873568061
"40000",2020-12-12,"51","1  day ahead inc hosp",2020-12-13,"quantile",0.05,105.797033563657
"40001",2020-12-12,"51","1  day ahead inc hosp",2020-12-13,"quantile",0.1,111.12493508152
"40002",2020-12-12,"51","1  day ahead inc hosp",2020-12-13,"quantile",0.15,114.719644941354
"40003",2020-12-12,"51","1  day ahead inc hosp",2020-12-13,"quantile",0.2,117.576606383328
"40004",2020-12-12,"51","1  day ahead inc hosp",2020-12-13,"quantile",0.25,120.027624911871
"40005",2020-12-12,"51","1  day ahead inc hosp",2020-12-13,"quantile",0.3,122.228715302416
"40006",2020-12-12,"51","1  day ahead inc hosp",2020-12-13,"quantile",0.35,124.268353577297
"40007",2020-12-12,"51","1  day ahead inc hosp",2020-12-13,"quantile",0.4,126.203770843498
"40008",2020-12-12,"51","1  day ahead inc hosp",2020-12-13,"quantile",0.45,128.076309446949
"40009",2020-12-12,"51","1  day ahead inc hosp",2020-12-13,"quantile",0.5,129.919159658295
"40010",2020-12-12,"51","1  day ahead inc hosp",2020-12-13,"quantile",0.55,131.76200986964
"40011",2020-12-12,"51","1  day ahead inc hosp",2020-12-13,"quantile",0.6,133.634548473091
"40012",2020-12-12,"51","1  day ahead inc hosp",2020-12-13,"quantile",0.65,135.569965739292
"40013",2020-12-12,"51","1  day ahead inc hosp",2020-12-13,"quantile",0.7,137.609604014174
"40014",2020-12-12,"51","1  day ahead inc hosp",2020-12-13,"quantile",0.75,139.810694404718
"40015",2020-12-12,"51","1  day ahead inc hosp",2020-12-13,"quantile",0.8,142.261712933261
"40016",2020-12-12,"51","1  day ahead inc hosp",2020-12-13,"quantile",0.85,145.118674375235
"40017",2020-12-12,"51","1  day ahead inc hosp",2020-12-13,"quantile",0.9,148.713384235069
"40018",2020-12-12,"51","1  day ahead inc hosp",2020-12-13,"quantile",0.95,154.041285752933
"40019",2020-12-12,"51","1  day ahead inc hosp",2020-12-13,"quantile",0.975,158.662445748528
"40020",2020-12-12,"51","1  day ahead inc hosp",2020-12-13,"quantile",0.99,164.035542926763
"40021",2020-12-12,"51","2  day ahead inc hosp",2020-12-14,"quantile",0.01,104.319209784612
"40022",2020-12-12,"51","2  day ahead inc hosp",2020-12-14,"quantile",0.025,110.429929676851
"40023",2020-12-12,"51","2  day ahead inc hosp",2020-12-14,"quantile",0.05,115.685485899562
"40024",2020-12-12,"51","2  day ahead inc hosp",2020-12-14,"quantile",0.1,121.744805638088
"40025",2020-12-12,"51","2  day ahead inc hosp",2020-12-14,"quantile",0.15,125.832999898987
"40026",2020-12-12,"51","2  day ahead inc hosp",2020-12-14,"quantile",0.2,129.082167099153
"40027",2020-12-12,"51","2  day ahead inc hosp",2020-12-14,"quantile",0.25,131.869663245563
"40028",2020-12-12,"51","2  day ahead inc hosp",2020-12-14,"quantile",0.3,134.37292093623
"40029",2020-12-12,"51","2  day ahead inc hosp",2020-12-14,"quantile",0.35,136.692562246604
"40030",2020-12-12,"51","2  day ahead inc hosp",2020-12-14,"quantile",0.4,138.893675011931
"40031",2020-12-12,"51","2  day ahead inc hosp",2020-12-14,"quantile",0.45,141.023277085656
"40032",2020-12-12,"51","2  day ahead inc hosp",2020-12-14,"quantile",0.5,143.119115123073
"40033",2020-12-12,"51","2  day ahead inc hosp",2020-12-14,"quantile",0.55,145.214953160491
"40034",2020-12-12,"51","2  day ahead inc hosp",2020-12-14,"quantile",0.6,147.344555234216
"40035",2020-12-12,"51","2  day ahead inc hosp",2020-12-14,"quantile",0.65,149.545667999543
"40036",2020-12-12,"51","2  day ahead inc hosp",2020-12-14,"quantile",0.7,151.865309309917
"40037",2020-12-12,"51","2  day ahead inc hosp",2020-12-14,"quantile",0.75,154.368567000583
"40038",2020-12-12,"51","2  day ahead inc hosp",2020-12-14,"quantile",0.8,157.156063146993
"40039",2020-12-12,"51","2  day ahead inc hosp",2020-12-14,"quantile",0.85,160.40523034716
"40040",2020-12-12,"51","2  day ahead inc hosp",2020-12-14,"quantile",0.9,164.493424608059
"40041",2020-12-12,"51","2  day ahead inc hosp",2020-12-14,"quantile",0.95,170.552744346585
"40042",2020-12-12,"51","2  day ahead inc hosp",2020-12-14,"quantile",0.975,175.808300569296
"40043",2020-12-12,"51","2  day ahead inc hosp",2020-12-14,"quantile",0.99,181.919020461535
"40044",2020-12-12,"51","3  day ahead inc hosp",2020-12-15,"quantile",0.01,111.006181080738
"40045",2020-12-12,"51","3  day ahead inc hosp",2020-12-15,"quantile",0.025,117.183771687436
"40046",2020-12-12,"51","3  day ahead inc hosp",2020-12-15,"quantile",0.05,122.496840413697
"40047",2020-12-12,"51","3  day ahead inc hosp",2020-12-15,"quantile",0.1,128.622468385492
"40048",2020-12-12,"51","3  day ahead inc hosp",2020-12-15,"quantile",0.15,132.755400496578
"40049",2020-12-12,"51","3  day ahead inc hosp",2020-12-15,"quantile",0.2,136.040123921855
"40050",2020-12-12,"51","3  day ahead inc hosp",2020-12-15,"quantile",0.25,138.858124143423
"40051",2020-12-12,"51","3  day ahead inc hosp",2020-12-15,"quantile",0.3,141.38877543635
"40052",2020-12-12,"51","3  day ahead inc hosp",2020-12-15,"quantile",0.35,143.733801001681
"40053",2020-12-12,"51","3  day ahead inc hosp",2020-12-15,"quantile",0.4,145.959000942631
"40054",2020-12-12,"51","3  day ahead inc hosp",2020-12-15,"quantile",0.45,148.111907637528
"40055",2020-12-12,"51","3  day ahead inc hosp",2020-12-15,"quantile",0.5,150.230680810155
"40056",2020-12-12,"51","3  day ahead inc hosp",2020-12-15,"quantile",0.55,152.349453982782
"40057",2020-12-12,"51","3  day ahead inc hosp",2020-12-15,"quantile",0.6,154.50236067768
"40058",2020-12-12,"51","3  day ahead inc hosp",2020-12-15,"quantile",0.65,156.727560618629
"40059",2020-12-12,"51","3  day ahead inc hosp",2020-12-15,"quantile",0.7,159.072586183961
"40060",2020-12-12,"51","3  day ahead inc hosp",2020-12-15,"quantile",0.75,161.603237476887
"40061",2020-12-12,"51","3  day ahead inc hosp",2020-12-15,"quantile",0.8,164.421237698455
"40062",2020-12-12,"51","3  day ahead inc hosp",2020-12-15,"quantile",0.85,167.705961123732
"40063",2020-12-12,"51","3  day ahead inc hosp",2020-12-15,"quantile",0.9,171.838893234818
"40064",2020-12-12,"51","3  day ahead inc hosp",2020-12-15,"quantile",0.95,177.964521206613
"40065",2020-12-12,"51","3  day ahead inc hosp",2020-12-15,"quantile",0.975,183.277589932874
"40066",2020-12-12,"51","3  day ahead inc hosp",2020-12-15,"quantile",0.99,189.455180539572
"40067",2020-12-12,"51","4  day ahead inc hosp",2020-12-16,"quantile",0.01,114.640605588132
"40068",2020-12-12,"51","4  day ahead inc hosp",2020-12-16,"quantile",0.025,120.895515116699
"40069",2020-12-12,"51","4  day ahead inc hosp",2020-12-16,"quantile",0.05,126.275082381287
"40070",2020-12-12,"51","4  day ahead inc hosp",2020-12-16,"quantile",0.1,132.477378908949
"40071",2020-12-12,"51","4  day ahead inc hosp",2020-12-16,"quantile",0.15,136.662038930694
"40072",2020-12-12,"51","4  day ahead inc hosp",2020-12-16,"quantile",0.2,139.987874059554
"40073",2020-12-12,"51","4  day ahead inc hosp",2020-12-16,"quantile",0.25,142.841144462141
"40074",2020-12-12,"51","4  day ahead inc hosp",2020-12-16,"quantile",0.3,145.403469467693
"40075",2020-12-12,"51","4  day ahead inc hosp",2020-12-16,"quantile",0.35,147.777845448099
"40076",2020-12-12,"51","4  day ahead inc hosp",2020-12-16,"quantile",0.4,150.030896062771
"40077",2020-12-12,"51","4  day ahead inc hosp",2020-12-16,"quantile",0.45,152.210748606809
"40078",2020-12-12,"51","4  day ahead inc hosp",2020-12-16,"quantile",0.5,154.356040412317
"40079",2020-12-12,"51","4  day ahead inc hosp",2020-12-16,"quantile",0.55,156.501332217826
"40080",2020-12-12,"51","4  day ahead inc hosp",2020-12-16,"quantile",0.6,158.681184761863
"40081",2020-12-12,"51","4  day ahead inc hosp",2020-12-16,"quantile",0.65,160.934235376535
"40082",2020-12-12,"51","4  day ahead inc hosp",2020-12-16,"quantile",0.7,163.308611356941
"40083",2020-12-12,"51","4  day ahead inc hosp",2020-12-16,"quantile",0.75,165.870936362493
"40084",2020-12-12,"51","4  day ahead inc hosp",2020-12-16,"quantile",0.8,168.72420676508
"40085",2020-12-12,"51","4  day ahead inc hosp",2020-12-16,"quantile",0.85,172.050041893941
"40086",2020-12-12,"51","4  day ahead inc hosp",2020-12-16,"quantile",0.9,176.234701915685
"40087",2020-12-12,"51","4  day ahead inc hosp",2020-12-16,"quantile",0.95,182.436998443347
"40088",2020-12-12,"51","4  day ahead inc hosp",2020-12-16,"quantile",0.975,187.816565707936
"40089",2020-12-12,"51","4  day ahead inc hosp",2020-12-16,"quantile",0.99,194.071475236503
"40090",2020-12-12,"51","5  day ahead inc hosp",2020-12-17,"quantile",0.01,113.460177206498
"40091",2020-12-12,"51","5  day ahead inc hosp",2020-12-17,"quantile",0.025,119.822588122894
"40092",2020-12-12,"51","5  day ahead inc hosp",2020-12-17,"quantile",0.05,125.294612511639
"40093",2020-12-12,"51","5  day ahead inc hosp",2020-12-17,"quantile",0.1,131.603506182138
"40094",2020-12-12,"51","5  day ahead inc hosp",2020-12-17,"quantile",0.15,135.860086790084
"40095",2020-12-12,"51","5  day ahead inc hosp",2020-12-17,"quantile",0.2,139.243082120928
"40096",2020-12-12,"51","5  day ahead inc hosp",2020-12-17,"quantile",0.25,142.145390887177
"40097",2020-12-12,"51","5  day ahead inc hosp",2020-12-17,"quantile",0.3,144.751753858891
"40098",2020-12-12,"51","5  day ahead inc hosp",2020-12-17,"quantile",0.35,147.166937577915
"40099",2020-12-12,"51","5  day ahead inc hosp",2020-12-17,"quantile",0.4,149.458710745939
"40100",2020-12-12,"51","5  day ahead inc hosp",2020-12-17,"quantile",0.45,151.676027808476
"40101",2020-12-12,"51","5  day ahead inc hosp",2020-12-17,"quantile",0.5,153.858190146698
"40102",2020-12-12,"51","5  day ahead inc hosp",2020-12-17,"quantile",0.55,156.040352484919
"40103",2020-12-12,"51","5  day ahead inc hosp",2020-12-17,"quantile",0.6,158.257669547457
"40104",2020-12-12,"51","5  day ahead inc hosp",2020-12-17,"quantile",0.65,160.54944271548
"40105",2020-12-12,"51","5  day ahead inc hosp",2020-12-17,"quantile",0.7,162.964626434504
"40106",2020-12-12,"51","5  day ahead inc hosp",2020-12-17,"quantile",0.75,165.570989406219
"40107",2020-12-12,"51","5  day ahead inc hosp",2020-12-17,"quantile",0.8,168.473298172467
"40108",2020-12-12,"51","5  day ahead inc hosp",2020-12-17,"quantile",0.85,171.856293503311
"40109",2020-12-12,"51","5  day ahead inc hosp",2020-12-17,"quantile",0.9,176.112874111257
"40110",2020-12-12,"51","5  day ahead inc hosp",2020-12-17,"quantile",0.95,182.421767781757
"40111",2020-12-12,"51","5  day ahead inc hosp",2020-12-17,"quantile",0.975,187.893792170501
"40112",2020-12-12,"51","5  day ahead inc hosp",2020-12-17,"quantile",0.99,194.256203086898
"40113",2020-12-12,"51","6  day ahead inc hosp",2020-12-18,"quantile",0.01,110.923332955751
"40114",2020-12-12,"51","6  day ahead inc hosp",2020-12-18,"quantile",0.025,117.619531148644
"40115",2020-12-12,"51","6  day ahead inc hosp",2020-12-18,"quantile",0.05,123.378631009508
"40116",2020-12-12,"51","6  day ahead inc hosp",2020-12-18,"quantile",0.1,130.018504313932
"40117",2020-12-12,"51","6  day ahead inc hosp",2020-12-18,"quantile",0.15,134.498395309557
"40118",2020-12-12,"51","6  day ahead inc hosp",2020-12-18,"quantile",0.2,138.058870657445
"40119",2020-12-12,"51","6  day ahead inc hosp",2020-12-18,"quantile",0.25,141.113441475197
"40120",2020-12-12,"51","6  day ahead inc hosp",2020-12-18,"quantile",0.3,143.856540475018
"40121",2020-12-12,"51","6  day ahead inc hosp",2020-12-18,"quantile",0.35,146.398430501825
"40122",2020-12-12,"51","6  day ahead inc hosp",2020-12-18,"quantile",0.4,148.810435565297
"40123",2020-12-12,"51","6  day ahead inc hosp",2020-12-18,"quantile",0.45,151.144078378114
"40124",2020-12-12,"51","6  day ahead inc hosp",2020-12-18,"quantile",0.5,153.440722165792
"40125",2020-12-12,"51","6  day ahead inc hosp",2020-12-18,"quantile",0.55,155.737365953471
"40126",2020-12-12,"51","6  day ahead inc hosp",2020-12-18,"quantile",0.6,158.071008766287
"40127",2020-12-12,"51","6  day ahead inc hosp",2020-12-18,"quantile",0.65,160.483013829759
"40128",2020-12-12,"51","6  day ahead inc hosp",2020-12-18,"quantile",0.7,163.024903856566
"40129",2020-12-12,"51","6  day ahead inc hosp",2020-12-18,"quantile",0.75,165.768002856387
"40130",2020-12-12,"51","6  day ahead inc hosp",2020-12-18,"quantile",0.8,168.822573674139
"40131",2020-12-12,"51","6  day ahead inc hosp",2020-12-18,"quantile",0.85,172.383049022028
"40132",2020-12-12,"51","6  day ahead inc hosp",2020-12-18,"quantile",0.9,176.862940017653
"40133",2020-12-12,"51","6  day ahead inc hosp",2020-12-18,"quantile",0.95,183.502813322077
"40134",2020-12-12,"51","6  day ahead inc hosp",2020-12-18,"quantile",0.975,189.26191318294
"40135",2020-12-12,"51","6  day ahead inc hosp",2020-12-18,"quantile",0.99,195.958111375834
"40136",2020-12-12,"51","7  day ahead inc hosp",2020-12-19,"quantile",0.01,107.181532114926
"40137",2020-12-12,"51","7  day ahead inc hosp",2020-12-19,"quantile",0.025,114.285845241762
"40138",2020-12-12,"51","7  day ahead inc hosp",2020-12-19,"quantile",0.05,120.395946460648
"40139",2020-12-12,"51","7  day ahead inc hosp",2020-12-19,"quantile",0.1,127.440501851378
"40140",2020-12-12,"51","7  day ahead inc hosp",2020-12-19,"quantile",0.15,132.193429929402
"40141",2020-12-12,"51","7  day ahead inc hosp",2020-12-19,"quantile",0.2,135.97090649493
"40142",2020-12-12,"51","7  day ahead inc hosp",2020-12-19,"quantile",0.25,139.211645035261
"40143",2020-12-12,"51","7  day ahead inc hosp",2020-12-19,"quantile",0.3,142.121928403714
"40144",2020-12-12,"51","7  day ahead inc hosp",2020-12-19,"quantile",0.35,144.818739663509
"40145",2020-12-12,"51","7  day ahead inc hosp",2020-12-19,"quantile",0.4,147.377749827307
"40146",2020-12-12,"51","7  day ahead inc hosp",2020-12-19,"quantile",0.45,149.853621775965
"40147",2020-12-12,"51","7  day ahead inc hosp",2020-12-19,"quantile",0.5,152.290239710271
"40148",2020-12-12,"51","7  day ahead inc hosp",2020-12-19,"quantile",0.55,154.726857644577
"40149",2020-12-12,"51","7  day ahead inc hosp",2020-12-19,"quantile",0.6,157.202729593235
"40150",2020-12-12,"51","7  day ahead inc hosp",2020-12-19,"quantile",0.65,159.761739757033
"40151",2020-12-12,"51","7  day ahead inc hosp",2020-12-19,"quantile",0.7,162.458551016829
"40152",2020-12-12,"51","7  day ahead inc hosp",2020-12-19,"quantile",0.75,165.368834385282
"40153",2020-12-12,"51","7  day ahead inc hosp",2020-12-19,"quantile",0.8,168.609572925613
"40154",2020-12-12,"51","7  day ahead inc hosp",2020-12-19,"quantile",0.85,172.38704949114
"40155",2020-12-12,"51","7  day ahead inc hosp",2020-12-19,"quantile",0.9,177.139977569165
"40156",2020-12-12,"51","7  day ahead inc hosp",2020-12-19,"quantile",0.95,184.184532959895
"40157",2020-12-12,"51","7  day ahead inc hosp",2020-12-19,"quantile",0.975,190.29463417878
"40158",2020-12-12,"51","7  day ahead inc hosp",2020-12-19,"quantile",0.99,197.398947305617
"40159",2020-12-12,"51","8  day ahead inc hosp",2020-12-20,"quantile",0.01,111.470349283473
"40160",2020-12-12,"51","8  day ahead inc hosp",2020-12-20,"quantile",0.025,119.095700827772
"40161",2020-12-12,"51","8  day ahead inc hosp",2020-12-20,"quantile",0.05,125.653923830254
"40162",2020-12-12,"51","8  day ahead inc hosp",2020-12-20,"quantile",0.1,133.215134938009
"40163",2020-12-12,"51","8  day ahead inc hosp",2020-12-20,"quantile",0.15,138.316648175482
"40164",2020-12-12,"51","8  day ahead inc hosp",2020-12-20,"quantile",0.2,142.371169175364
"40165",2020-12-12,"51","8  day ahead inc hosp",2020-12-20,"quantile",0.25,145.849587171868
"40166",2020-12-12,"51","8  day ahead inc hosp",2020-12-20,"quantile",0.3,148.973314037756
"40167",2020-12-12,"51","8  day ahead inc hosp",2020-12-20,"quantile",0.35,151.867912507365
"40168",2020-12-12,"51","8  day ahead inc hosp",2020-12-20,"quantile",0.4,154.614603391623
"40169",2020-12-12,"51","8  day ahead inc hosp",2020-12-20,"quantile",0.45,157.272058609337
"40170",2020-12-12,"51","8  day ahead inc hosp",2020-12-20,"quantile",0.5,159.887380878571
"40171",2020-12-12,"51","8  day ahead inc hosp",2020-12-20,"quantile",0.55,162.502703147806
"40172",2020-12-12,"51","8  day ahead inc hosp",2020-12-20,"quantile",0.6,165.16015836552
"40173",2020-12-12,"51","8  day ahead inc hosp",2020-12-20,"quantile",0.65,167.906849249778
"40174",2020-12-12,"51","8  day ahead inc hosp",2020-12-20,"quantile",0.7,170.801447719387
"40175",2020-12-12,"51","8  day ahead inc hosp",2020-12-20,"quantile",0.75,173.925174585275
"40176",2020-12-12,"51","8  day ahead inc hosp",2020-12-20,"quantile",0.8,177.403592581779
"40177",2020-12-12,"51","8  day ahead inc hosp",2020-12-20,"quantile",0.85,181.458113581661
"40178",2020-12-12,"51","8  day ahead inc hosp",2020-12-20,"quantile",0.9,186.559626819134
"40179",2020-12-12,"51","8  day ahead inc hosp",2020-12-20,"quantile",0.95,194.120837926889
"40180",2020-12-12,"51","8  day ahead inc hosp",2020-12-20,"quantile",0.975,200.679060929371
"40181",2020-12-12,"51","8  day ahead inc hosp",2020-12-20,"quantile",0.99,208.30441247367
"40182",2020-12-12,"51","9  day ahead inc hosp",2020-12-21,"quantile",0.01,109.468012328729
"40183",2020-12-12,"51","9  day ahead inc hosp",2020-12-21,"quantile",0.025,117.526866943794
"40184",2020-12-12,"51","9  day ahead inc hosp",2020-12-21,"quantile",0.05,124.457926502575
"40185",2020-12-12,"51","9  day ahead inc hosp",2020-12-21,"quantile",0.1,132.44899428184
"40186",2020-12-12,"51","9  day ahead inc hosp",2020-12-21,"quantile",0.15,137.840529774831
"40187",2020-12-12,"51","9  day ahead inc hosp",2020-12-21,"quantile",0.2,142.125551269506
"40188",2020-12-12,"51","9  day ahead inc hosp",2020-12-21,"quantile",0.25,145.80171816639
"40189",2020-12-12,"51","9  day ahead inc hosp",2020-12-21,"quantile",0.3,149.103029656505
"40190",2020-12-12,"51","9  day ahead inc hosp",2020-12-21,"quantile",0.35,152.162186745861
"40191",2020-12-12,"51","9  day ahead inc hosp",2020-12-21,"quantile",0.4,155.065027668036
"40192",2020-12-12,"51","9  day ahead inc hosp",2020-12-21,"quantile",0.45,157.873559854544
"40193",2020-12-12,"51","9  day ahead inc hosp",2020-12-21,"quantile",0.5,160.63756382431
"40194",2020-12-12,"51","9  day ahead inc hosp",2020-12-21,"quantile",0.55,163.401567794075
"40195",2020-12-12,"51","9  day ahead inc hosp",2020-12-21,"quantile",0.6,166.210099980584
"40196",2020-12-12,"51","9  day ahead inc hosp",2020-12-21,"quantile",0.65,169.112940902758
"40197",2020-12-12,"51","9  day ahead inc hosp",2020-12-21,"quantile",0.7,172.172097992114
"40198",2020-12-12,"51","9  day ahead inc hosp",2020-12-21,"quantile",0.75,175.47340948223
"40199",2020-12-12,"51","9  day ahead inc hosp",2020-12-21,"quantile",0.8,179.149576379113
"40200",2020-12-12,"51","9  day ahead inc hosp",2020-12-21,"quantile",0.85,183.434597873789
"40201",2020-12-12,"51","9  day ahead inc hosp",2020-12-21,"quantile",0.9,188.826133366779
"40202",2020-12-12,"51","9  day ahead inc hosp",2020-12-21,"quantile",0.95,196.817201146045
"40203",2020-12-12,"51","9  day ahead inc hosp",2020-12-21,"quantile",0.975,203.748260704825
"40204",2020-12-12,"51","9  day ahead inc hosp",2020-12-21,"quantile",0.99,211.807115319891
"40205",2020-12-12,"51","10  day ahead inc hosp",2020-12-22,"quantile",0.01,108.701432949006
"40206",2020-12-12,"51","10  day ahead inc hosp",2020-12-22,"quantile",0.025,117.174974113297
"40207",2020-12-12,"51","10  day ahead inc hosp",2020-12-22,"quantile",0.05,124.462686981785
"40208",2020-12-12,"51","10  day ahead inc hosp",2020-12-22,"quantile",0.1,132.864953185677
"40209",2020-12-12,"51","10  day ahead inc hosp",2020-12-22,"quantile",0.15,138.533922303594
"40210",2020-12-12,"51","10  day ahead inc hosp",2020-12-22,"quantile",0.2,143.039439248537
"40211",2020-12-12,"51","10  day ahead inc hosp",2020-12-22,"quantile",0.25,146.904771608462
"40212",2020-12-12,"51","10  day ahead inc hosp",2020-12-22,"quantile",0.3,150.375959530794
"40213",2020-12-12,"51","10  day ahead inc hosp",2020-12-22,"quantile",0.35,153.592532451247
"40214",2020-12-12,"51","10  day ahead inc hosp",2020-12-22,"quantile",0.4,156.644745603406
"40215",2020-12-12,"51","10  day ahead inc hosp",2020-12-22,"quantile",0.45,159.597797151094
"40216",2020-12-12,"51","10  day ahead inc hosp",2020-12-22,"quantile",0.5,162.504029182168
"40217",2020-12-12,"51","10  day ahead inc hosp",2020-12-22,"quantile",0.55,165.410261213242
"40218",2020-12-12,"51","10  day ahead inc hosp",2020-12-22,"quantile",0.6,168.363312760931
"40219",2020-12-12,"51","10  day ahead inc hosp",2020-12-22,"quantile",0.65,171.415525913089
"40220",2020-12-12,"51","10  day ahead inc hosp",2020-12-22,"quantile",0.7,174.632098833543
"40221",2020-12-12,"51","10  day ahead inc hosp",2020-12-22,"quantile",0.75,178.103286755874
"40222",2020-12-12,"51","10  day ahead inc hosp",2020-12-22,"quantile",0.8,181.968619115799
"40223",2020-12-12,"51","10  day ahead inc hosp",2020-12-22,"quantile",0.85,186.474136060742
"40224",2020-12-12,"51","10  day ahead inc hosp",2020-12-22,"quantile",0.9,192.14310517866
"40225",2020-12-12,"51","10  day ahead inc hosp",2020-12-22,"quantile",0.95,200.545371382552
"40226",2020-12-12,"51","10  day ahead inc hosp",2020-12-22,"quantile",0.975,207.833084251039
"40227",2020-12-12,"51","10  day ahead inc hosp",2020-12-22,"quantile",0.99,216.306625415331
"40228",2020-12-12,"51","11  day ahead inc hosp",2020-12-23,"quantile",0.01,108.057688491948
"40229",2020-12-12,"51","11  day ahead inc hosp",2020-12-23,"quantile",0.025,116.859965431624
"40230",2020-12-12,"51","11  day ahead inc hosp",2020-12-23,"quantile",0.05,124.430409202595
"40231",2020-12-12,"51","11  day ahead inc hosp",2020-12-23,"quantile",0.1,133.158646029864
"40232",2020-12-12,"51","11  day ahead inc hosp",2020-12-23,"quantile",0.15,139.047545979825
"40233",2020-12-12,"51","11  day ahead inc hosp",2020-12-23,"quantile",0.2,143.727856978127
"40234",2020-12-12,"51","11  day ahead inc hosp",2020-12-23,"quantile",0.25,147.743147071876
"40235",2020-12-12,"51","11  day ahead inc hosp",2020-12-23,"quantile",0.3,151.349001673821
"40236",2020-12-12,"51","11  day ahead inc hosp",2020-12-23,"quantile",0.35,154.690363342282
"40237",2020-12-12,"51","11  day ahead inc hosp",2020-12-23,"quantile",0.4,157.860988813183
"40238",2020-12-12,"51","11  day ahead inc hosp",2020-12-23,"quantile",0.45,160.928605649628
"40239",2020-12-12,"51","11  day ahead inc hosp",2020-12-23,"quantile",0.5,163.94758658009
"40240",2020-12-12,"51","11  day ahead inc hosp",2020-12-23,"quantile",0.55,166.966567510551
"40241",2020-12-12,"51","11  day ahead inc hosp",2020-12-23,"quantile",0.6,170.034184346997
"40242",2020-12-12,"51","11  day ahead inc hosp",2020-12-23,"quantile",0.65,173.204809817897
"40243",2020-12-12,"51","11  day ahead inc hosp",2020-12-23,"quantile",0.7,176.546171486359
"40244",2020-12-12,"51","11  day ahead inc hosp",2020-12-23,"quantile",0.75,180.152026088303
"40245",2020-12-12,"51","11  day ahead inc hosp",2020-12-23,"quantile",0.8,184.167316182052
"40246",2020-12-12,"51","11  day ahead inc hosp",2020-12-23,"quantile",0.85,188.847627180354
"40247",2020-12-12,"51","11  day ahead inc hosp",2020-12-23,"quantile",0.9,194.736527130315
"40248",2020-12-12,"51","11  day ahead inc hosp",2020-12-23,"quantile",0.95,203.464763957584
"40249",2020-12-12,"51","11  day ahead inc hosp",2020-12-23,"quantile",0.975,211.035207728555
"40250",2020-12-12,"51","11  day ahead inc hosp",2020-12-23,"quantile",0.99,219.837484668232
"40251",2020-12-12,"51","12  day ahead inc hosp",2020-12-24,"quantile",0.01,107.799752464437
"40252",2020-12-12,"51","12  day ahead inc hosp",2020-12-24,"quantile",0.025,116.922329333023
"40253",2020-12-12,"51","12  day ahead inc hosp",2020-12-24,"quantile",0.05,124.76824871312
"40254",2020-12-12,"51","12  day ahead inc hosp",2020-12-24,"quantile",0.1,133.814091275182
"40255",2020-12-12,"51","12  day ahead inc hosp",2020-12-24,"quantile",0.15,139.917278306571
"40256",2020-12-12,"51","12  day ahead inc hosp",2020-12-24,"quantile",0.2,144.767897884153
"40257",2020-12-12,"51","12  day ahead inc hosp",2020-12-24,"quantile",0.25,148.929297574362
"40258",2020-12-12,"51","12  day ahead inc hosp",2020-12-24,"quantile",0.3,152.666363109634
"40259",2020-12-12,"51","12  day ahead inc hosp",2020-12-24,"quantile",0.35,156.129311262161
"40260",2020-12-12,"51","12  day ahead inc hosp",2020-12-24,"quantile",0.4,159.415310416472
"40261",2020-12-12,"51","12  day ahead inc hosp",2020-12-24,"quantile",0.45,162.594552626825
"40262",2020-12-12,"51","12  day ahead inc hosp",2020-12-24,"quantile",0.5,165.723389153064
"40263",2020-12-12,"51","12  day ahead inc hosp",2020-12-24,"quantile",0.55,168.852225679303
"40264",2020-12-12,"51","12  day ahead inc hosp",2020-12-24,"quantile",0.6,172.031467889657
"40265",2020-12-12,"51","12  day ahead inc hosp",2020-12-24,"quantile",0.65,175.317467043967
"40266",2020-12-12,"51","12  day ahead inc hosp",2020-12-24,"quantile",0.7,178.780415196495
"40267",2020-12-12,"51","12  day ahead inc hosp",2020-12-24,"quantile",0.75,182.517480731766
"40268",2020-12-12,"51","12  day ahead inc hosp",2020-12-24,"quantile",0.8,186.678880421975
"40269",2020-12-12,"51","12  day ahead inc hosp",2020-12-24,"quantile",0.85,191.529499999557
"40270",2020-12-12,"51","12  day ahead inc hosp",2020-12-24,"quantile",0.9,197.632687030946
"40271",2020-12-12,"51","12  day ahead inc hosp",2020-12-24,"quantile",0.95,206.678529593008
"40272",2020-12-12,"51","12  day ahead inc hosp",2020-12-24,"quantile",0.975,214.524448973105
"40273",2020-12-12,"51","12  day ahead inc hosp",2020-12-24,"quantile",0.99,223.647025841692
"40274",2020-12-12,"51","13  day ahead inc hosp",2020-12-25,"quantile",0.01,107.205625099903
"40275",2020-12-12,"51","13  day ahead inc hosp",2020-12-25,"quantile",0.025,116.611856808042
"40276",2020-12-12,"51","13  day ahead inc hosp",2020-12-25,"quantile",0.05,124.701734998787
"40277",2020-12-12,"51","13  day ahead inc hosp",2020-12-25,"quantile",0.1,134.028846445455
"40278",2020-12-12,"51","13  day ahead inc hosp",2020-12-25,"quantile",0.15,140.321804257961
"40279",2020-12-12,"51","13  day ahead inc hosp",2020-12-25,"quantile",0.2,145.323247636519
"40280",2020-12-12,"51","13  day ahead inc hosp",2020-12-25,"quantile",0.25,149.614040718359
"40281",2020-12-12,"51","13  day ahead inc hosp",2020-12-25,"quantile",0.3,153.467305518386
"40282",2020-12-12,"51","13  day ahead inc hosp",2020-12-25,"quantile",0.35,157.037929606862
"40283",2020-12-12,"51","13  day ahead inc hosp",2020-12-25,"quantile",0.4,160.426102694734
"40284",2020-12-12,"51","13  day ahead inc hosp",2020-12-25,"quantile",0.45,163.704199368259
"40285",2020-12-12,"51","13  day ahead inc hosp",2020-12-25,"quantile",0.5,166.930323057502
"40286",2020-12-12,"51","13  day ahead inc hosp",2020-12-25,"quantile",0.55,170.156446746746
"40287",2020-12-12,"51","13  day ahead inc hosp",2020-12-25,"quantile",0.6,173.43454342027
"40288",2020-12-12,"51","13  day ahead inc hosp",2020-12-25,"quantile",0.65,176.822716508143
"40289",2020-12-12,"51","13  day ahead inc hosp",2020-12-25,"quantile",0.7,180.393340596618
"40290",2020-12-12,"51","13  day ahead inc hosp",2020-12-25,"quantile",0.75,184.246605396646
"40291",2020-12-12,"51","13  day ahead inc hosp",2020-12-25,"quantile",0.8,188.537398478485
"40292",2020-12-12,"51","13  day ahead inc hosp",2020-12-25,"quantile",0.85,193.538841857043
"40293",2020-12-12,"51","13  day ahead inc hosp",2020-12-25,"quantile",0.9,199.831799669549
"40294",2020-12-12,"51","13  day ahead inc hosp",2020-12-25,"quantile",0.95,209.158911116217
"40295",2020-12-12,"51","13  day ahead inc hosp",2020-12-25,"quantile",0.975,217.248789306962
"40296",2020-12-12,"51","13  day ahead inc hosp",2020-12-25,"quantile",0.99,226.655021015101
"40297",2020-12-12,"51","14  day ahead inc hosp",2020-12-26,"quantile",0.01,106.721671983836
"40298",2020-12-12,"51","14  day ahead inc hosp",2020-12-26,"quantile",0.025,116.422062247677
"40299",2020-12-12,"51","14  day ahead inc hosp",2020-12-26,"quantile",0.05,124.764933024426
"40300",2020-12-12,"51","14  day ahead inc hosp",2020-12-26,"quantile",0.1,134.383728720128
"40301",2020-12-12,"51","14  day ahead inc hosp",2020-12-26,"quantile",0.15,140.873484510683
"40302",2020-12-12,"51","14  day ahead inc hosp",2020-12-26,"quantile",0.2,146.031336683571
"40303",2020-12-12,"51","14  day ahead inc hosp",2020-12-26,"quantile",0.25,150.456314584043
"40304",2020-12-12,"51","14  day ahead inc hosp",2020-12-26,"quantile",0.3,154.430081498359
"40305",2020-12-12,"51","14  day ahead inc hosp",2020-12-26,"quantile",0.35,158.112368754127
"40306",2020-12-12,"51","14  day ahead inc hosp",2020-12-26,"quantile",0.4,161.606499268196
"40307",2020-12-12,"51","14  day ahead inc hosp",2020-12-26,"quantile",0.45,164.9871109778
"40308",2020-12-12,"51","14  day ahead inc hosp",2020-12-26,"quantile",0.5,168.314124365957
"40309",2020-12-12,"51","14  day ahead inc hosp",2020-12-26,"quantile",0.55,171.641137754114
"40310",2020-12-12,"51","14  day ahead inc hosp",2020-12-26,"quantile",0.6,175.021749463719
"40311",2020-12-12,"51","14  day ahead inc hosp",2020-12-26,"quantile",0.65,178.515879977787
"40312",2020-12-12,"51","14  day ahead inc hosp",2020-12-26,"quantile",0.7,182.198167233556
"40313",2020-12-12,"51","14  day ahead inc hosp",2020-12-26,"quantile",0.75,186.171934147871
"40314",2020-12-12,"51","14  day ahead inc hosp",2020-12-26,"quantile",0.8,190.596912048343
"40315",2020-12-12,"51","14  day ahead inc hosp",2020-12-26,"quantile",0.85,195.754764221231
"40316",2020-12-12,"51","14  day ahead inc hosp",2020-12-26,"quantile",0.9,202.244520011787
"40317",2020-12-12,"51","14  day ahead inc hosp",2020-12-26,"quantile",0.95,211.863315707488
"40318",2020-12-12,"51","14  day ahead inc hosp",2020-12-26,"quantile",0.975,220.206186484238
"40319",2020-12-12,"51","14  day ahead inc hosp",2020-12-26,"quantile",0.99,229.906576748079
"40320",2020-12-12,"51","15  day ahead inc hosp",2020-12-27,"quantile",0.01,122.617147011069
"40321",2020-12-12,"51","15  day ahead inc hosp",2020-12-27,"quantile",0.025,132.595839119225
"40322",2020-12-12,"51","15  day ahead inc hosp",2020-12-27,"quantile",0.05,141.178064835404
"40323",2020-12-12,"51","15  day ahead inc hosp",2020-12-27,"quantile",0.1,151.072821447048
"40324",2020-12-12,"51","15  day ahead inc hosp",2020-12-27,"quantile",0.15,157.748766757461
"40325",2020-12-12,"51","15  day ahead inc hosp",2020-12-27,"quantile",0.2,163.054596458405
"40326",2020-12-12,"51","15  day ahead inc hosp",2020-12-27,"quantile",0.25,167.60652590178
"40327",2020-12-12,"51","15  day ahead inc hosp",2020-12-27,"quantile",0.3,171.694299225224
"40328",2020-12-12,"51","15  day ahead inc hosp",2020-12-27,"quantile",0.35,175.482230409402
"40329",2020-12-12,"51","15  day ahead inc hosp",2020-12-27,"quantile",0.4,179.076606680589
"40330",2020-12-12,"51","15  day ahead inc hosp",2020-12-27,"quantile",0.45,182.55420732034
"40331",2020-12-12,"51","15  day ahead inc hosp",2020-12-27,"quantile",0.5,185.976671915799
"40332",2020-12-12,"51","15  day ahead inc hosp",2020-12-27,"quantile",0.55,189.399136511258
"40333",2020-12-12,"51","15  day ahead inc hosp",2020-12-27,"quantile",0.6,192.876737151009
"40334",2020-12-12,"51","15  day ahead inc hosp",2020-12-27,"quantile",0.65,196.471113422196
"40335",2020-12-12,"51","15  day ahead inc hosp",2020-12-27,"quantile",0.7,200.259044606374
"40336",2020-12-12,"51","15  day ahead inc hosp",2020-12-27,"quantile",0.75,204.346817929818
"40337",2020-12-12,"51","15  day ahead inc hosp",2020-12-27,"quantile",0.8,208.898747373193
"40338",2020-12-12,"51","15  day ahead inc hosp",2020-12-27,"quantile",0.85,214.204577074137
"40339",2020-12-12,"51","15  day ahead inc hosp",2020-12-27,"quantile",0.9,220.88052238455
"40340",2020-12-12,"51","15  day ahead inc hosp",2020-12-27,"quantile",0.95,230.775278996194
"40341",2020-12-12,"51","15  day ahead inc hosp",2020-12-27,"quantile",0.975,239.357504712373
"40342",2020-12-12,"51","15  day ahead inc hosp",2020-12-27,"quantile",0.99,249.336196820529
"40343",2020-12-12,"51","16  day ahead inc hosp",2020-12-28,"quantile",0.01,122.066030626143
"40344",2020-12-12,"51","16  day ahead inc hosp",2020-12-28,"quantile",0.025,132.331633011252
"40345",2020-12-12,"51","16  day ahead inc hosp",2020-12-28,"quantile",0.05,141.160617393839
"40346",2020-12-12,"51","16  day ahead inc hosp",2020-12-28,"quantile",0.1,151.339870944466
"40347",2020-12-12,"51","16  day ahead inc hosp",2020-12-28,"quantile",0.15,158.207764988959
"40348",2020-12-12,"51","16  day ahead inc hosp",2020-12-28,"quantile",0.2,163.666149458851
"40349",2020-12-12,"51","16  day ahead inc hosp",2020-12-28,"quantile",0.25,168.348957310249
"40350",2020-12-12,"51","16  day ahead inc hosp",2020-12-28,"quantile",0.3,172.554263489065
"40351",2020-12-12,"51","16  day ahead inc hosp",2020-12-28,"quantile",0.35,176.451106379643
"40352",2020-12-12,"51","16  day ahead inc hosp",2020-12-28,"quantile",0.4,180.148829209703
"40353",2020-12-12,"51","16  day ahead inc hosp",2020-12-28,"quantile",0.45,183.726418841185
"40354",2020-12-12,"51","16  day ahead inc hosp",2020-12-28,"quantile",0.5,187.247287140687
"40355",2020-12-12,"51","16  day ahead inc hosp",2020-12-28,"quantile",0.55,190.768155440188
"40356",2020-12-12,"51","16  day ahead inc hosp",2020-12-28,"quantile",0.6,194.34574507167
"40357",2020-12-12,"51","16  day ahead inc hosp",2020-12-28,"quantile",0.65,198.043467901731
"40358",2020-12-12,"51","16  day ahead inc hosp",2020-12-28,"quantile",0.7,201.940310792308
"40359",2020-12-12,"51","16  day ahead inc hosp",2020-12-28,"quantile",0.75,206.145616971124
"40360",2020-12-12,"51","16  day ahead inc hosp",2020-12-28,"quantile",0.8,210.828424822522
"40361",2020-12-12,"51","16  day ahead inc hosp",2020-12-28,"quantile",0.85,216.286809292414
"40362",2020-12-12,"51","16  day ahead inc hosp",2020-12-28,"quantile",0.9,223.154703336907
"40363",2020-12-12,"51","16  day ahead inc hosp",2020-12-28,"quantile",0.95,233.333956887534
"40364",2020-12-12,"51","16  day ahead inc hosp",2020-12-28,"quantile",0.975,242.162941270121
"40365",2020-12-12,"51","16  day ahead inc hosp",2020-12-28,"quantile",0.99,252.42854365523
"40366",2020-12-12,"51","17  day ahead inc hosp",2020-12-29,"quantile",0.01,121.440682458099
"40367",2020-12-12,"51","17  day ahead inc hosp",2020-12-29,"quantile",0.025,131.978958614102
"40368",2020-12-12,"51","17  day ahead inc hosp",2020-12-29,"quantile",0.05,141.042457482488
"40369",2020-12-12,"51","17  day ahead inc hosp",2020-12-29,"quantile",0.1,151.492091216022
"40370",2020-12-12,"51","17  day ahead inc hosp",2020-12-29,"quantile",0.15,158.54240948629
"40371",2020-12-12,"51","17  day ahead inc hosp",2020-12-29,"quantile",0.2,164.145778947862
"40372",2020-12-12,"51","17  day ahead inc hosp",2020-12-29,"quantile",0.25,168.952971012413
"40373",2020-12-12,"51","17  day ahead inc hosp",2020-12-29,"quantile",0.3,173.269978058896
"40374",2020-12-12,"51","17  day ahead inc hosp",2020-12-29,"quantile",0.35,177.270328450124
"40375",2020-12-12,"51","17  day ahead inc hosp",2020-12-29,"quantile",0.4,181.066269776282
"40376",2020-12-12,"51","17  day ahead inc hosp",2020-12-29,"quantile",0.45,184.738886939411
"40377",2020-12-12,"51","17  day ahead inc hosp",2020-12-29,"quantile",0.5,188.353276144947
"40378",2020-12-12,"51","17  day ahead inc hosp",2020-12-29,"quantile",0.55,191.967665350483
"40379",2020-12-12,"51","17  day ahead inc hosp",2020-12-29,"quantile",0.6,195.640282513612
"40380",2020-12-12,"51","17  day ahead inc hosp",2020-12-29,"quantile",0.65,199.43622383977
"40381",2020-12-12,"51","17  day ahead inc hosp",2020-12-29,"quantile",0.7,203.436574230997
"40382",2020-12-12,"51","17  day ahead inc hosp",2020-12-29,"quantile",0.75,207.753581277481
"40383",2020-12-12,"51","17  day ahead inc hosp",2020-12-29,"quantile",0.8,212.560773342032
"40384",2020-12-12,"51","17  day ahead inc hosp",2020-12-29,"quantile",0.85,218.164142803604
"40385",2020-12-12,"51","17  day ahead inc hosp",2020-12-29,"quantile",0.9,225.214461073872
"40386",2020-12-12,"51","17  day ahead inc hosp",2020-12-29,"quantile",0.95,235.664094807406
"40387",2020-12-12,"51","17  day ahead inc hosp",2020-12-29,"quantile",0.975,244.727593675792
"40388",2020-12-12,"51","17  day ahead inc hosp",2020-12-29,"quantile",0.99,255.265869831795
"40389",2020-12-12,"51","18  day ahead inc hosp",2020-12-30,"quantile",0.01,121.009721861465
"40390",2020-12-12,"51","18  day ahead inc hosp",2020-12-30,"quantile",0.025,131.821774313049
"40391",2020-12-12,"51","18  day ahead inc hosp",2020-12-30,"quantile",0.05,141.120735899289
"40392",2020-12-12,"51","18  day ahead inc hosp",2020-12-30,"quantile",0.1,151.841843066561
"40393",2020-12-12,"51","18  day ahead inc hosp",2020-12-30,"quantile",0.15,159.075323173748
"40394",2020-12-12,"51","18  day ahead inc hosp",2020-12-30,"quantile",0.2,164.824263856955
"40395",2020-12-12,"51","18  day ahead inc hosp",2020-12-30,"quantile",0.25,169.756343067762
"40396",2020-12-12,"51","18  day ahead inc hosp",2020-12-30,"quantile",0.3,174.185502631383
"40397",2020-12-12,"51","18  day ahead inc hosp",2020-12-30,"quantile",0.35,178.289779043805
"40398",2020-12-12,"51","18  day ahead inc hosp",2020-12-30,"quantile",0.4,182.184336001127
"40399",2020-12-12,"51","18  day ahead inc hosp",2020-12-30,"quantile",0.45,185.952364928678
"40400",2020-12-12,"51","18  day ahead inc hosp",2020-12-30,"quantile",0.5,189.660653181158
"40401",2020-12-12,"51","18  day ahead inc hosp",2020-12-30,"quantile",0.55,193.368941433638
"40402",2020-12-12,"51","18  day ahead inc hosp",2020-12-30,"quantile",0.6,197.136970361188
"40403",2020-12-12,"51","18  day ahead inc hosp",2020-12-30,"quantile",0.65,201.031527318511
"40404",2020-12-12,"51","18  day ahead inc hosp",2020-12-30,"quantile",0.7,205.135803730933
"40405",2020-12-12,"51","18  day ahead inc hosp",2020-12-30,"quantile",0.75,209.564963294554
"40406",2020-12-12,"51","18  day ahead inc hosp",2020-12-30,"quantile",0.8,214.497042505361
"40407",2020-12-12,"51","18  day ahead inc hosp",2020-12-30,"quantile",0.85,220.245983188567
"40408",2020-12-12,"51","18  day ahead inc hosp",2020-12-30,"quantile",0.9,227.479463295755
"40409",2020-12-12,"51","18  day ahead inc hosp",2020-12-30,"quantile",0.95,238.200570463027
"40410",2020-12-12,"51","18  day ahead inc hosp",2020-12-30,"quantile",0.975,247.499532049267
"40411",2020-12-12,"51","18  day ahead inc hosp",2020-12-30,"quantile",0.99,258.311584500851
"40412",2020-12-12,"51","19  day ahead inc hosp",2020-12-31,"quantile",0.01,120.550058371228
"40413",2020-12-12,"51","19  day ahead inc hosp",2020-12-31,"quantile",0.025,131.622078731102
"40414",2020-12-12,"51","19  day ahead inc hosp",2020-12-31,"quantile",0.05,141.144627060348
"40415",2020-12-12,"51","19  day ahead inc hosp",2020-12-31,"quantile",0.1,152.12351542294
"40416",2020-12-12,"51","19  day ahead inc hosp",2020-12-31,"quantile",0.15,159.530919278791
"40417",2020-12-12,"51","19  day ahead inc hosp",2020-12-31,"quantile",0.2,165.418089043941
"40418",2020-12-12,"51","19  day ahead inc hosp",2020-12-31,"quantile",0.25,170.468756498904
"40419",2020-12-12,"51","19  day ahead inc hosp",2020-12-31,"quantile",0.3,175.0044119709
"40420",2020-12-12,"51","19  day ahead inc hosp",2020-12-31,"quantile",0.35,179.207372713495
"40421",2020-12-12,"51","19  day ahead inc hosp",2020-12-31,"quantile",0.4,183.195571449791
"40422",2020-12-12,"51","19  day ahead inc hosp",2020-12-31,"quantile",0.45,187.054199882205
"40423",2020-12-12,"51","19  day ahead inc hosp",2020-12-31,"quantile",0.5,190.851651218628
"40424",2020-12-12,"51","19  day ahead inc hosp",2020-12-31,"quantile",0.55,194.649102555051
"40425",2020-12-12,"51","19  day ahead inc hosp",2020-12-31,"quantile",0.6,198.507730987465
"40426",2020-12-12,"51","19  day ahead inc hosp",2020-12-31,"quantile",0.65,202.495929723761
"40427",2020-12-12,"51","19  day ahead inc hosp",2020-12-31,"quantile",0.7,206.698890466356
"40428",2020-12-12,"51","19  day ahead inc hosp",2020-12-31,"quantile",0.75,211.234545938353
"40429",2020-12-12,"51","19  day ahead inc hosp",2020-12-31,"quantile",0.8,216.285213393316
"40430",2020-12-12,"51","19  day ahead inc hosp",2020-12-31,"quantile",0.85,222.172383158465
"40431",2020-12-12,"51","19  day ahead inc hosp",2020-12-31,"quantile",0.9,229.579787014317
"40432",2020-12-12,"51","19  day ahead inc hosp",2020-12-31,"quantile",0.95,240.558675376909
"40433",2020-12-12,"51","19  day ahead inc hosp",2020-12-31,"quantile",0.975,250.081223706154
"40434",2020-12-12,"51","19  day ahead inc hosp",2020-12-31,"quantile",0.99,261.153244066029
"40435",2020-12-12,"51","20  day ahead inc hosp",2021-01-01,"quantile",0.01,120.229562320211
"40436",2020-12-12,"51","20  day ahead inc hosp",2021-01-01,"quantile",0.025,131.559650789167
"40437",2020-12-12,"51","20  day ahead inc hosp",2021-01-01,"quantile",0.05,141.304151929289
"40438",2020-12-12,"51","20  day ahead inc hosp",2021-01-01,"quantile",0.1,152.538937668101
"40439",2020-12-12,"51","20  day ahead inc hosp",2021-01-01,"quantile",0.15,160.118994268812
"40440",2020-12-12,"51","20  day ahead inc hosp",2021-01-01,"quantile",0.2,166.143382962373
"40441",2020-12-12,"51","20  day ahead inc hosp",2021-01-01,"quantile",0.25,171.311772039708
"40442",2020-12-12,"51","20  day ahead inc hosp",2021-01-01,"quantile",0.3,175.953145166935
"40443",2020-12-12,"51","20  day ahead inc hosp",2021-01-01,"quantile",0.35,180.25406907218
"40444",2020-12-12,"51","20  day ahead inc hosp",2021-01-01,"quantile",0.4,184.335225269993
"40445",2020-12-12,"51","20  day ahead inc hosp",2021-01-01,"quantile",0.45,188.283791122212
"40446",2020-12-12,"51","20  day ahead inc hosp",2021-01-01,"quantile",0.5,192.169753954628
"40447",2020-12-12,"51","20  day ahead inc hosp",2021-01-01,"quantile",0.55,196.055716787044
"40448",2020-12-12,"51","20  day ahead inc hosp",2021-01-01,"quantile",0.6,200.004282639264
"40449",2020-12-12,"51","20  day ahead inc hosp",2021-01-01,"quantile",0.65,204.085438837076
"40450",2020-12-12,"51","20  day ahead inc hosp",2021-01-01,"quantile",0.7,208.386362742322
"40451",2020-12-12,"51","20  day ahead inc hosp",2021-01-01,"quantile",0.75,213.027735869548
"40452",2020-12-12,"51","20  day ahead inc hosp",2021-01-01,"quantile",0.8,218.196124946883
"40453",2020-12-12,"51","20  day ahead inc hosp",2021-01-01,"quantile",0.85,224.220513640444
"40454",2020-12-12,"51","20  day ahead inc hosp",2021-01-01,"quantile",0.9,231.800570241155
"40455",2020-12-12,"51","20  day ahead inc hosp",2021-01-01,"quantile",0.95,243.035355979967
"40456",2020-12-12,"51","20  day ahead inc hosp",2021-01-01,"quantile",0.975,252.779857120089
"40457",2020-12-12,"51","20  day ahead inc hosp",2021-01-01,"quantile",0.99,264.109945589045
"40458",2020-12-12,"51","21  day ahead inc hosp",2021-01-02,"quantile",0.01,119.87464039267
"40459",2020-12-12,"51","21  day ahead inc hosp",2021-01-02,"quantile",0.025,131.452019156019
"40460",2020-12-12,"51","21  day ahead inc hosp",2021-01-02,"quantile",0.05,141.409203591798
"40461",2020-12-12,"51","21  day ahead inc hosp",2021-01-02,"quantile",0.1,152.889199549437
"40462",2020-12-12,"51","21  day ahead inc hosp",2021-01-02,"quantile",0.15,160.634698320652
"40463",2020-12-12,"51","21  day ahead inc hosp",2021-01-02,"quantile",0.2,166.790575206707
"40464",2020-12-12,"51","21  day ahead inc hosp",2021-01-02,"quantile",0.25,172.07176944527
"40465",2020-12-12,"51","21  day ahead inc hosp",2021-01-02,"quantile",0.3,176.81444509367
"40466",2020-12-12,"51","21  day ahead inc hosp",2021-01-02,"quantile",0.35,181.209240881876
"40467",2020-12-12,"51","21  day ahead inc hosp",2021-01-02,"quantile",0.4,185.379472316867
"40468",2020-12-12,"51","21  day ahead inc hosp",2021-01-02,"quantile",0.45,189.414219491916
"40469",2020-12-12,"51","21  day ahead inc hosp",2021-01-02,"quantile",0.5,193.384997274847
"40470",2020-12-12,"51","21  day ahead inc hosp",2021-01-02,"quantile",0.55,197.355775057779
"40471",2020-12-12,"51","21  day ahead inc hosp",2021-01-02,"quantile",0.6,201.390522232828
"40472",2020-12-12,"51","21  day ahead inc hosp",2021-01-02,"quantile",0.65,205.560753667818
"40473",2020-12-12,"51","21  day ahead inc hosp",2021-01-02,"quantile",0.7,209.955549456025
"40474",2020-12-12,"51","21  day ahead inc hosp",2021-01-02,"quantile",0.75,214.698225104424
"40475",2020-12-12,"51","21  day ahead inc hosp",2021-01-02,"quantile",0.8,219.979419342988
"40476",2020-12-12,"51","21  day ahead inc hosp",2021-01-02,"quantile",0.85,226.135296229042
"40477",2020-12-12,"51","21  day ahead inc hosp",2021-01-02,"quantile",0.9,233.880795000258
"40478",2020-12-12,"51","21  day ahead inc hosp",2021-01-02,"quantile",0.95,245.360790957897
"40479",2020-12-12,"51","21  day ahead inc hosp",2021-01-02,"quantile",0.975,255.317975393676
"40480",2020-12-12,"51","21  day ahead inc hosp",2021-01-02,"quantile",0.99,266.895354157025
"40481",2020-12-12,"51","22  day ahead inc hosp",2021-01-03,"quantile",0.01,112.102969739193
"40482",2020-12-12,"51","22  day ahead inc hosp",2021-01-03,"quantile",0.025,123.925659977915
"40483",2020-12-12,"51","22  day ahead inc hosp",2021-01-03,"quantile",0.05,134.093825815825
"40484",2020-12-12,"51","22  day ahead inc hosp",2021-01-03,"quantile",0.1,145.817069818051
"40485",2020-12-12,"51","22  day ahead inc hosp",2021-01-03,"quantile",0.15,153.726686890127
"40486",2020-12-12,"51","22  day ahead inc hosp",2021-01-03,"quantile",0.2,160.01299979905
"40487",2020-12-12,"51","22  day ahead inc hosp",2021-01-03,"quantile",0.25,165.40609653099
"40488",2020-12-12,"51","22  day ahead inc hosp",2021-01-03,"quantile",0.3,170.249264076935
"40489",2020-12-12,"51","22  day ahead inc hosp",2021-01-03,"quantile",0.35,174.737180584503
"40490",2020-12-12,"51","22  day ahead inc hosp",2021-01-03,"quantile",0.4,178.995774475872
"40491",2020-12-12,"51","22  day ahead inc hosp",2021-01-03,"quantile",0.45,183.116013350078
"40492",2020-12-12,"51","22  day ahead inc hosp",2021-01-03,"quantile",0.5,187.170927393576
"40493",2020-12-12,"51","22  day ahead inc hosp",2021-01-03,"quantile",0.55,191.225841437074
"40494",2020-12-12,"51","22  day ahead inc hosp",2021-01-03,"quantile",0.6,195.34608031128
"40495",2020-12-12,"51","22  day ahead inc hosp",2021-01-03,"quantile",0.65,199.60467420265
"40496",2020-12-12,"51","22  day ahead inc hosp",2021-01-03,"quantile",0.7,204.092590710218
"40497",2020-12-12,"51","22  day ahead inc hosp",2021-01-03,"quantile",0.75,208.935758256162
"40498",2020-12-12,"51","22  day ahead inc hosp",2021-01-03,"quantile",0.8,214.328854988102
"40499",2020-12-12,"51","22  day ahead inc hosp",2021-01-03,"quantile",0.85,220.615167897025
"40500",2020-12-12,"51","22  day ahead inc hosp",2021-01-03,"quantile",0.9,228.524784969101
"40501",2020-12-12,"51","22  day ahead inc hosp",2021-01-03,"quantile",0.95,240.248028971328
"40502",2020-12-12,"51","22  day ahead inc hosp",2021-01-03,"quantile",0.975,250.416194809238
"40503",2020-12-12,"51","22  day ahead inc hosp",2021-01-03,"quantile",0.99,262.238885047959
"40504",2020-12-12,"51","23  day ahead inc hosp",2021-01-04,"quantile",0.01,111.810332265747
"40505",2020-12-12,"51","23  day ahead inc hosp",2021-01-04,"quantile",0.025,123.870447826888
"40506",2020-12-12,"51","23  day ahead inc hosp",2021-01-04,"quantile",0.05,134.242812540327
"40507",2020-12-12,"51","23  day ahead inc hosp",2021-01-04,"quantile",0.1,146.201484768349
"40508",2020-12-12,"51","23  day ahead inc hosp",2021-01-04,"quantile",0.15,154.269944146671
"40509",2020-12-12,"51","23  day ahead inc hosp",2021-01-04,"quantile",0.2,160.682499885195
"40510",2020-12-12,"51","23  day ahead inc hosp",2021-01-04,"quantile",0.25,166.183901724058
"40511",2020-12-12,"51","23  day ahead inc hosp",2021-01-04,"quantile",0.3,171.124330603329
"40512",2020-12-12,"51","23  day ahead inc hosp",2021-01-04,"quantile",0.35,175.70237423106
"40513",2020-12-12,"51","23  day ahead inc hosp",2021-01-04,"quantile",0.4,180.046489945915
"40514",2020-12-12,"51","23  day ahead inc hosp",2021-01-04,"quantile",0.45,184.249472174079
"40515",2020-12-12,"51","23  day ahead inc hosp",2021-01-04,"quantile",0.5,188.385817706918
"40516",2020-12-12,"51","23  day ahead inc hosp",2021-01-04,"quantile",0.55,192.522163239757
"40517",2020-12-12,"51","23  day ahead inc hosp",2021-01-04,"quantile",0.6,196.725145467921
"40518",2020-12-12,"51","23  day ahead inc hosp",2021-01-04,"quantile",0.65,201.069261182775
"40519",2020-12-12,"51","23  day ahead inc hosp",2021-01-04,"quantile",0.7,205.647304810507
"40520",2020-12-12,"51","23  day ahead inc hosp",2021-01-04,"quantile",0.75,210.587733689778
"40521",2020-12-12,"51","23  day ahead inc hosp",2021-01-04,"quantile",0.8,216.089135528641
"40522",2020-12-12,"51","23  day ahead inc hosp",2021-01-04,"quantile",0.85,222.501691267164
"40523",2020-12-12,"51","23  day ahead inc hosp",2021-01-04,"quantile",0.9,230.570150645487
"40524",2020-12-12,"51","23  day ahead inc hosp",2021-01-04,"quantile",0.95,242.528822873508
"40525",2020-12-12,"51","23  day ahead inc hosp",2021-01-04,"quantile",0.975,252.901187586948
"40526",2020-12-12,"51","23  day ahead inc hosp",2021-01-04,"quantile",0.99,264.961303148089
"40527",2020-12-12,"51","24  day ahead inc hosp",2021-01-05,"quantile",0.01,111.587463315095
"40528",2020-12-12,"51","24  day ahead inc hosp",2021-01-05,"quantile",0.025,123.883017933138
"40529",2020-12-12,"51","24  day ahead inc hosp",2021-01-05,"quantile",0.05,134.457873224185
"40530",2020-12-12,"51","24  day ahead inc hosp",2021-01-05,"quantile",0.1,146.650004119903
"40531",2020-12-12,"51","24  day ahead inc hosp",2021-01-05,"quantile",0.15,154.875976952973
"40532",2020-12-12,"51","24  day ahead inc hosp",2021-01-05,"quantile",0.2,161.413719392051
"40533",2020-12-12,"51","24  day ahead inc hosp",2021-01-05,"quantile",0.25,167.022520273156
"40534",2020-12-12,"51","24  day ahead inc hosp",2021-01-05,"quantile",0.3,172.059396811666
"40535",2020-12-12,"51","24  day ahead inc hosp",2021-01-05,"quantile",0.35,176.726813569257
"40536",2020-12-12,"51","24  day ahead inc hosp",2021-01-05,"quantile",0.4,181.155735644532
"40537",2020-12-12,"51","24  day ahead inc hosp",2021-01-05,"quantile",0.45,185.440769007857
"40538",2020-12-12,"51","24  day ahead inc hosp",2021-01-05,"quantile",0.5,189.657864786109
"40539",2020-12-12,"51","24  day ahead inc hosp",2021-01-05,"quantile",0.55,193.874960564362
"40540",2020-12-12,"51","24  day ahead inc hosp",2021-01-05,"quantile",0.6,198.159993927687
"40541",2020-12-12,"51","24  day ahead inc hosp",2021-01-05,"quantile",0.65,202.588916002962
"40542",2020-12-12,"51","24  day ahead inc hosp",2021-01-05,"quantile",0.7,207.256332760553
"40543",2020-12-12,"51","24  day ahead inc hosp",2021-01-05,"quantile",0.75,212.293209299063
"40544",2020-12-12,"51","24  day ahead inc hosp",2021-01-05,"quantile",0.8,217.902010180168
"40545",2020-12-12,"51","24  day ahead inc hosp",2021-01-05,"quantile",0.85,224.439752619246
"40546",2020-12-12,"51","24  day ahead inc hosp",2021-01-05,"quantile",0.9,232.665725452316
"40547",2020-12-12,"51","24  day ahead inc hosp",2021-01-05,"quantile",0.95,244.857856348034
"40548",2020-12-12,"51","24  day ahead inc hosp",2021-01-05,"quantile",0.975,255.432711639081
"40549",2020-12-12,"51","24  day ahead inc hosp",2021-01-05,"quantile",0.99,267.728266257124
"40550",2020-12-12,"51","25  day ahead inc hosp",2021-01-06,"quantile",0.01,111.352079826016
"40551",2020-12-12,"51","25  day ahead inc hosp",2021-01-06,"quantile",0.025,123.876818113825
"40552",2020-12-12,"51","25  day ahead inc hosp",2021-01-06,"quantile",0.05,134.648784004445
"40553",2020-12-12,"51","25  day ahead inc hosp",2021-01-06,"quantile",0.1,147.068170797741
"40554",2020-12-12,"51","25  day ahead inc hosp",2021-01-06,"quantile",0.15,155.447472106007
"40555",2020-12-12,"51","25  day ahead inc hosp",2021-01-06,"quantile",0.2,162.107075156559
"40556",2020-12-12,"51","25  day ahead inc hosp",2021-01-06,"quantile",0.25,167.820421591634
"40557",2020-12-12,"51","25  day ahead inc hosp",2021-01-06,"quantile",0.3,172.951183268726
"40558",2020-12-12,"51","25  day ahead inc hosp",2021-01-06,"quantile",0.35,177.705598598896
"40559",2020-12-12,"51","25  day ahead inc hosp",2021-01-06,"quantile",0.4,182.217073811938
"40560",2020-12-12,"51","25  day ahead inc hosp",2021-01-06,"quantile",0.45,186.581978291434
"40561",2020-12-12,"51","25  day ahead inc hosp",2021-01-06,"quantile",0.5,190.877678859485
"40562",2020-12-12,"51","25  day ahead inc hosp",2021-01-06,"quantile",0.55,195.173379427537
"40563",2020-12-12,"51","25  day ahead inc hosp",2021-01-06,"quantile",0.6,199.538283907032
"40564",2020-12-12,"51","25  day ahead inc hosp",2021-01-06,"quantile",0.65,204.049759120075
"40565",2020-12-12,"51","25  day ahead inc hosp",2021-01-06,"quantile",0.7,208.804174450244
"40566",2020-12-12,"51","25  day ahead inc hosp",2021-01-06,"quantile",0.75,213.934936127336
"40567",2020-12-12,"51","25  day ahead inc hosp",2021-01-06,"quantile",0.8,219.648282562411
"40568",2020-12-12,"51","25  day ahead inc hosp",2021-01-06,"quantile",0.85,226.307885612964
"40569",2020-12-12,"51","25  day ahead inc hosp",2021-01-06,"quantile",0.9,234.68718692123
"40570",2020-12-12,"51","25  day ahead inc hosp",2021-01-06,"quantile",0.95,247.106573714526
"40571",2020-12-12,"51","25  day ahead inc hosp",2021-01-06,"quantile",0.975,257.878539605145
"40572",2020-12-12,"51","25  day ahead inc hosp",2021-01-06,"quantile",0.99,270.403277892954
"40573",2020-12-12,"51","26  day ahead inc hosp",2021-01-07,"quantile",0.01,111.17596457753
"40574",2020-12-12,"51","26  day ahead inc hosp",2021-01-07,"quantile",0.025,123.927552529628
"40575",2020-12-12,"51","26  day ahead inc hosp",2021-01-07,"quantile",0.05,134.894621646348
"40576",2020-12-12,"51","26  day ahead inc hosp",2021-01-07,"quantile",0.1,147.538949964169
"40577",2020-12-12,"51","26  day ahead inc hosp",2021-01-07,"quantile",0.15,156.07001825112
"40578",2020-12-12,"51","26  day ahead inc hosp",2021-01-07,"quantile",0.2,162.85024088522
"40579",2020-12-12,"51","26  day ahead inc hosp",2021-01-07,"quantile",0.25,168.667068182807
"40580",2020-12-12,"51","26  day ahead inc hosp",2021-01-07,"quantile",0.3,173.890758872646
"40581",2020-12-12,"51","26  day ahead inc hosp",2021-01-07,"quantile",0.35,178.731286782317
"40582",2020-12-12,"51","26  day ahead inc hosp",2021-01-07,"quantile",0.4,183.324474412338
"40583",2020-12-12,"51","26  day ahead inc hosp",2021-01-07,"quantile",0.45,187.768436600912
"40584",2020-12-12,"51","26  day ahead inc hosp",2021-01-07,"quantile",0.5,192.141941447931
"40585",2020-12-12,"51","26  day ahead inc hosp",2021-01-07,"quantile",0.55,196.515446294951
"40586",2020-12-12,"51","26  day ahead inc hosp",2021-01-07,"quantile",0.6,200.959408483524
"40587",2020-12-12,"51","26  day ahead inc hosp",2021-01-07,"quantile",0.65,205.552596113545
"40588",2020-12-12,"51","26  day ahead inc hosp",2021-01-07,"quantile",0.7,210.393124023216
"40589",2020-12-12,"51","26  day ahead inc hosp",2021-01-07,"quantile",0.75,215.616814713055
"40590",2020-12-12,"51","26  day ahead inc hosp",2021-01-07,"quantile",0.8,221.433642010642
"40591",2020-12-12,"51","26  day ahead inc hosp",2021-01-07,"quantile",0.85,228.213864644742
"40592",2020-12-12,"51","26  day ahead inc hosp",2021-01-07,"quantile",0.9,236.744932931693
"40593",2020-12-12,"51","26  day ahead inc hosp",2021-01-07,"quantile",0.95,249.389261249514
"40594",2020-12-12,"51","26  day ahead inc hosp",2021-01-07,"quantile",0.975,260.356330366235
"40595",2020-12-12,"51","26  day ahead inc hosp",2021-01-07,"quantile",0.99,273.107918318333
"40596",2020-12-12,"51","27  day ahead inc hosp",2021-01-08,"quantile",0.01,110.998250138343
"40597",2020-12-12,"51","27  day ahead inc hosp",2021-01-08,"quantile",0.025,123.971364264922
"40598",2020-12-12,"51","27  day ahead inc hosp",2021-01-08,"quantile",0.05,135.128958112823
"40599",2020-12-12,"51","27  day ahead inc hosp",2021-01-08,"quantile",0.1,147.992949243751
"40600",2020-12-12,"51","27  day ahead inc hosp",2021-01-08,"quantile",0.15,156.672222987854
"40601",2020-12-12,"51","27  day ahead inc hosp",2021-01-08,"quantile",0.2,163.570234621089
"40602",2020-12-12,"51","27  day ahead inc hosp",2021-01-08,"quantile",0.25,169.488114391803
"40603",2020-12-12,"51","27  day ahead inc hosp",2021-01-08,"quantile",0.3,174.802553325668
"40604",2020-12-12,"51","27  day ahead inc hosp",2021-01-08,"quantile",0.35,179.727173007621
"40605",2020-12-12,"51","27  day ahead inc hosp",2021-01-08,"quantile",0.4,184.400155506185
"40606",2020-12-12,"51","27  day ahead inc hosp",2021-01-08,"quantile",0.45,188.921320153532
"40607",2020-12-12,"51","27  day ahead inc hosp",2021-01-08,"quantile",0.5,193.37080344351
"40608",2020-12-12,"51","27  day ahead inc hosp",2021-01-08,"quantile",0.55,197.820286733487
"40609",2020-12-12,"51","27  day ahead inc hosp",2021-01-08,"quantile",0.6,202.341451380834
"40610",2020-12-12,"51","27  day ahead inc hosp",2021-01-08,"quantile",0.65,207.014433879398
"40611",2020-12-12,"51","27  day ahead inc hosp",2021-01-08,"quantile",0.7,211.939053561351
"40612",2020-12-12,"51","27  day ahead inc hosp",2021-01-08,"quantile",0.75,217.253492495216
"40613",2020-12-12,"51","27  day ahead inc hosp",2021-01-08,"quantile",0.8,223.17137226593
"40614",2020-12-12,"51","27  day ahead inc hosp",2021-01-08,"quantile",0.85,230.069383899165
"40615",2020-12-12,"51","27  day ahead inc hosp",2021-01-08,"quantile",0.9,238.748657643268
"40616",2020-12-12,"51","27  day ahead inc hosp",2021-01-08,"quantile",0.95,251.612648774196
"40617",2020-12-12,"51","27  day ahead inc hosp",2021-01-08,"quantile",0.975,262.770242622097
"40618",2020-12-12,"51","27  day ahead inc hosp",2021-01-08,"quantile",0.99,275.743356748676
"40619",2020-12-12,"51","28  day ahead inc hosp",2021-01-09,"quantile",0.01,110.869169161512
"40620",2020-12-12,"51","28  day ahead inc hosp",2021-01-09,"quantile",0.025,124.061230602996
"40621",2020-12-12,"51","28  day ahead inc hosp",2021-01-09,"quantile",0.05,135.407131220571
"40622",2020-12-12,"51","28  day ahead inc hosp",2021-01-09,"quantile",0.1,148.488227997036
"40623",2020-12-12,"51","28  day ahead inc hosp",2021-01-09,"quantile",0.15,157.31398188947
"40624",2020-12-12,"51","28  day ahead inc hosp",2021-01-09,"quantile",0.2,164.328411301085
"40625",2020-12-12,"51","28  day ahead inc hosp",2021-01-09,"quantile",0.25,170.346167159613
"40626",2020-12-12,"51","28  day ahead inc hosp",2021-01-09,"quantile",0.3,175.750297907134
"40627",2020-12-12,"51","28  day ahead inc hosp",2021-01-09,"quantile",0.35,180.758030421193
"40628",2020-12-12,"51","28  day ahead inc hosp",2021-01-09,"quantile",0.4,185.509878869804
"40629",2020-12-12,"51","28  day ahead inc hosp",2021-01-09,"quantile",0.45,190.107347236529
"40630",2020-12-12,"51","28  day ahead inc hosp",2021-01-09,"quantile",0.5,194.631924479242
"40631",2020-12-12,"51","28  day ahead inc hosp",2021-01-09,"quantile",0.55,199.156501721955
"40632",2020-12-12,"51","28  day ahead inc hosp",2021-01-09,"quantile",0.6,203.75397008868
"40633",2020-12-12,"51","28  day ahead inc hosp",2021-01-09,"quantile",0.65,208.505818537291
"40634",2020-12-12,"51","28  day ahead inc hosp",2021-01-09,"quantile",0.7,213.51355105135
"40635",2020-12-12,"51","28  day ahead inc hosp",2021-01-09,"quantile",0.75,218.917681798871
"40636",2020-12-12,"51","28  day ahead inc hosp",2021-01-09,"quantile",0.8,224.935437657399
"40637",2020-12-12,"51","28  day ahead inc hosp",2021-01-09,"quantile",0.85,231.949867069014
"40638",2020-12-12,"51","28  day ahead inc hosp",2021-01-09,"quantile",0.9,240.775620961448
"40639",2020-12-12,"51","28  day ahead inc hosp",2021-01-09,"quantile",0.95,253.856717737913
"40640",2020-12-12,"51","28  day ahead inc hosp",2021-01-09,"quantile",0.975,265.202618355488
"40641",2020-12-12,"51","28  day ahead inc hosp",2021-01-09,"quantile",0.99,278.394679796972
"40642",2020-12-12,"51","29  day ahead inc hosp",2021-01-10,"quantile",0.01,102.302181812571
"40643",2020-12-12,"51","29  day ahead inc hosp",2021-01-10,"quantile",0.025,115.708616614928
"40644",2020-12-12,"51","29  day ahead inc hosp",2021-01-10,"quantile",0.05,127.238890149375
"40645",2020-12-12,"51","29  day ahead inc hosp",2021-01-10,"quantile",0.1,140.532557091034
"40646",2020-12-12,"51","29  day ahead inc hosp",2021-01-10,"quantile",0.15,149.501731064746
"40647",2020-12-12,"51","29  day ahead inc hosp",2021-01-10,"quantile",0.2,156.630146210451
"40648",2020-12-12,"51","29  day ahead inc hosp",2021-01-10,"quantile",0.25,162.745691679346
"40649",2020-12-12,"51","29  day ahead inc hosp",2021-01-10,"quantile",0.3,168.237640519293
"40650",2020-12-12,"51","29  day ahead inc hosp",2021-01-10,"quantile",0.35,173.326749583495
"40651",2020-12-12,"51","29  day ahead inc hosp",2021-01-10,"quantile",0.4,178.155816420362
"40652",2020-12-12,"51","29  day ahead inc hosp",2021-01-10,"quantile",0.45,182.827994471367
"40653",2020-12-12,"51","29  day ahead inc hosp",2021-01-10,"quantile",0.5,187.42609690454
"40654",2020-12-12,"51","29  day ahead inc hosp",2021-01-10,"quantile",0.55,192.024199337712
"40655",2020-12-12,"51","29  day ahead inc hosp",2021-01-10,"quantile",0.6,196.696377388717
"40656",2020-12-12,"51","29  day ahead inc hosp",2021-01-10,"quantile",0.65,201.525444225584
"40657",2020-12-12,"51","29  day ahead inc hosp",2021-01-10,"quantile",0.7,206.614553289786
"40658",2020-12-12,"51","29  day ahead inc hosp",2021-01-10,"quantile",0.75,212.106502129733
"40659",2020-12-12,"51","29  day ahead inc hosp",2021-01-10,"quantile",0.8,218.222047598628
"40660",2020-12-12,"51","29  day ahead inc hosp",2021-01-10,"quantile",0.85,225.350462744333
"40661",2020-12-12,"51","29  day ahead inc hosp",2021-01-10,"quantile",0.9,234.319636718045
"40662",2020-12-12,"51","29  day ahead inc hosp",2021-01-10,"quantile",0.95,247.613303659704
"40663",2020-12-12,"51","29  day ahead inc hosp",2021-01-10,"quantile",0.975,259.143577194151
"40664",2020-12-12,"51","29  day ahead inc hosp",2021-01-10,"quantile",0.99,272.550011996508
"40665",2020-12-12,"51","30  day ahead inc hosp",2021-01-11,"quantile",0.01,102.215123929063
"40666",2020-12-12,"51","30  day ahead inc hosp",2021-01-11,"quantile",0.025,115.833331021997
"40667",2020-12-12,"51","30  day ahead inc hosp",2021-01-11,"quantile",0.05,127.545740409366
"40668",2020-12-12,"51","30  day ahead inc hosp",2021-01-11,"quantile",0.1,141.049398324755
"40669",2020-12-12,"51","30  day ahead inc hosp",2021-01-11,"quantile",0.15,150.160252211508
"40670",2020-12-12,"51","30  day ahead inc hosp",2021-01-11,"quantile",0.2,157.401270060754
"40671",2020-12-12,"51","30  day ahead inc hosp",2021-01-11,"quantile",0.25,163.613418622952
"40672",2020-12-12,"51","30  day ahead inc hosp",2021-01-11,"quantile",0.3,169.192120026329
"40673",2020-12-12,"51","30  day ahead inc hosp",2021-01-11,"quantile",0.35,174.361618269266
"40674",2020-12-12,"51","30  day ahead inc hosp",2021-01-11,"quantile",0.4,179.266966575477
"40675",2020-12-12,"51","30  day ahead inc hosp",2021-01-11,"quantile",0.45,184.01294783087
"40676",2020-12-12,"51","30  day ahead inc hosp",2021-01-11,"quantile",0.5,188.683683346509
"40677",2020-12-12,"51","30  day ahead inc hosp",2021-01-11,"quantile",0.55,193.354418862149
"40678",2020-12-12,"51","30  day ahead inc hosp",2021-01-11,"quantile",0.6,198.100400117542
"40679",2020-12-12,"51","30  day ahead inc hosp",2021-01-11,"quantile",0.65,203.005748423753
"40680",2020-12-12,"51","30  day ahead inc hosp",2021-01-11,"quantile",0.7,208.17524666669
"40681",2020-12-12,"51","30  day ahead inc hosp",2021-01-11,"quantile",0.75,213.753948070067
"40682",2020-12-12,"51","30  day ahead inc hosp",2021-01-11,"quantile",0.8,219.966096632265
"40683",2020-12-12,"51","30  day ahead inc hosp",2021-01-11,"quantile",0.85,227.207114481511
"40684",2020-12-12,"51","30  day ahead inc hosp",2021-01-11,"quantile",0.9,236.317968368264
"40685",2020-12-12,"51","30  day ahead inc hosp",2021-01-11,"quantile",0.95,249.821626283653
"40686",2020-12-12,"51","30  day ahead inc hosp",2021-01-11,"quantile",0.975,261.534035671022
"40687",2020-12-12,"51","30  day ahead inc hosp",2021-01-11,"quantile",0.99,275.152242763955
"40688",2020-12-12,"51","31  day ahead inc hosp",2021-01-12,"quantile",0.01,102.13389357607
"40689",2020-12-12,"51","31  day ahead inc hosp",2021-01-12,"quantile",0.025,115.959945330466
"40690",2020-12-12,"51","31  day ahead inc hosp",2021-01-12,"quantile",0.05,127.851112593039
"40691",2020-12-12,"51","31  day ahead inc hosp",2021-01-12,"quantile",0.1,141.560866890189
"40692",2020-12-12,"51","31  day ahead inc hosp",2021-01-12,"quantile",0.15,150.810773027272
"40693",2020-12-12,"51","31  day ahead inc hosp",2021-01-12,"quantile",0.2,158.162305197033
"40694",2020-12-12,"51","31  day ahead inc hosp",2021-01-12,"quantile",0.25,164.469265205852
"40695",2020-12-12,"51","31  day ahead inc hosp",2021-01-12,"quantile",0.3,170.133110218565
"40696",2020-12-12,"51","31  day ahead inc hosp",2021-01-12,"quantile",0.35,175.381506704487
"40697",2020-12-12,"51","31  day ahead inc hosp",2021-01-12,"quantile",0.4,180.361721727815
"40698",2020-12-12,"51","31  day ahead inc hosp",2021-01-12,"quantile",0.45,185.180137398443
"40699",2020-12-12,"51","31  day ahead inc hosp",2021-01-12,"quantile",0.5,189.92215890903
"40700",2020-12-12,"51","31  day ahead inc hosp",2021-01-12,"quantile",0.55,194.664180419618
"40701",2020-12-12,"51","31  day ahead inc hosp",2021-01-12,"quantile",0.6,199.482596090246
"40702",2020-12-12,"51","31  day ahead inc hosp",2021-01-12,"quantile",0.65,204.462811113574
"40703",2020-12-12,"51","31  day ahead inc hosp",2021-01-12,"quantile",0.7,209.711207599495
"40704",2020-12-12,"51","31  day ahead inc hosp",2021-01-12,"quantile",0.75,215.375052612209
"40705",2020-12-12,"51","31  day ahead inc hosp",2021-01-12,"quantile",0.8,221.682012621027
"40706",2020-12-12,"51","31  day ahead inc hosp",2021-01-12,"quantile",0.85,229.033544790789
"40707",2020-12-12,"51","31  day ahead inc hosp",2021-01-12,"quantile",0.9,238.283450927872
"40708",2020-12-12,"51","31  day ahead inc hosp",2021-01-12,"quantile",0.95,251.993205225022
"40709",2020-12-12,"51","31  day ahead inc hosp",2021-01-12,"quantile",0.975,263.884372487595
"40710",2020-12-12,"51","31  day ahead inc hosp",2021-01-12,"quantile",0.99,277.710424241991
"40711",2020-12-12,"51","32  day ahead inc hosp",2021-01-13,"quantile",0.01,102.084379447117
"40712",2020-12-12,"51","32  day ahead inc hosp",2021-01-13,"quantile",0.025,116.115752784674
"40713",2020-12-12,"51","32  day ahead inc hosp",2021-01-13,"quantile",0.05,128.18350793592
"40714",2020-12-12,"51","32  day ahead inc hosp",2021-01-13,"quantile",0.1,142.096856759335
"40715",2020-12-12,"51","32  day ahead inc hosp",2021-01-13,"quantile",0.15,151.484127156721
"40716",2020-12-12,"51","32  day ahead inc hosp",2021-01-13,"quantile",0.2,158.944832086036
"40717",2020-12-12,"51","32  day ahead inc hosp",2021-01-13,"quantile",0.25,165.345452601625
"40718",2020-12-12,"51","32  day ahead inc hosp",2021-01-13,"quantile",0.3,171.093407644118
"40719",2020-12-12,"51","32  day ahead inc hosp",2021-01-13,"quantile",0.35,176.41974460753
"40720",2020-12-12,"51","32  day ahead inc hosp",2021-01-13,"quantile",0.4,181.47391752218
"40721",2020-12-12,"51","32  day ahead inc hosp",2021-01-13,"quantile",0.45,186.363888308571
"40722",2020-12-12,"51","32  day ahead inc hosp",2021-01-13,"quantile",0.5,191.176330455594
"40723",2020-12-12,"51","32  day ahead inc hosp",2021-01-13,"quantile",0.55,195.988772602617
"40724",2020-12-12,"51","32  day ahead inc hosp",2021-01-13,"quantile",0.6,200.878743389009
"40725",2020-12-12,"51","32  day ahead inc hosp",2021-01-13,"quantile",0.65,205.932916303659
"40726",2020-12-12,"51","32  day ahead inc hosp",2021-01-13,"quantile",0.7,211.259253267071
"40727",2020-12-12,"51","32  day ahead inc hosp",2021-01-13,"quantile",0.75,217.007208309563
"40728",2020-12-12,"51","32  day ahead inc hosp",2021-01-13,"quantile",0.8,223.407828825153
"40729",2020-12-12,"51","32  day ahead inc hosp",2021-01-13,"quantile",0.85,230.868533754468
"40730",2020-12-12,"51","32  day ahead inc hosp",2021-01-13,"quantile",0.9,240.255804151854
"40731",2020-12-12,"51","32  day ahead inc hosp",2021-01-13,"quantile",0.95,254.169152975269
"40732",2020-12-12,"51","32  day ahead inc hosp",2021-01-13,"quantile",0.975,266.236908126515
"40733",2020-12-12,"51","32  day ahead inc hosp",2021-01-13,"quantile",0.99,280.268281464072
"40734",2020-12-12,"51","33  day ahead inc hosp",2021-01-14,"quantile",0.01,102.042904308111
"40735",2020-12-12,"51","33  day ahead inc hosp",2021-01-14,"quantile",0.025,116.276177314958
"40736",2020-12-12,"51","33  day ahead inc hosp",2021-01-14,"quantile",0.05,128.517577320167
"40737",2020-12-12,"51","33  day ahead inc hosp",2021-01-14,"quantile",0.1,142.631127539309
"40738",2020-12-12,"51","33  day ahead inc hosp",2021-01-14,"quantile",0.15,152.153472867935
"40739",2020-12-12,"51","33  day ahead inc hosp",2021-01-14,"quantile",0.2,159.721531070637
"40740",2020-12-12,"51","33  day ahead inc hosp",2021-01-14,"quantile",0.25,166.214251135875
"40741",2020-12-12,"51","33  day ahead inc hosp",2021-01-14,"quantile",0.3,172.044914420408
"40742",2020-12-12,"51","33  day ahead inc hosp",2021-01-14,"quantile",0.35,177.447892896063
"40743",2020-12-12,"51","33  day ahead inc hosp",2021-01-14,"quantile",0.4,182.574791111043
"40744",2020-12-12,"51","33  day ahead inc hosp",2021-01-14,"quantile",0.45,187.535124467145
"40745",2020-12-12,"51","33  day ahead inc hosp",2021-01-14,"quantile",0.5,192.41681361192
"40746",2020-12-12,"51","33  day ahead inc hosp",2021-01-14,"quantile",0.55,197.298502756694
"40747",2020-12-12,"51","33  day ahead inc hosp",2021-01-14,"quantile",0.6,202.258836112797
"40748",2020-12-12,"51","33  day ahead inc hosp",2021-01-14,"quantile",0.65,207.385734327776
"40749",2020-12-12,"51","33  day ahead inc hosp",2021-01-14,"quantile",0.7,212.788712803431
"40750",2020-12-12,"51","33  day ahead inc hosp",2021-01-14,"quantile",0.75,218.619376087965
"40751",2020-12-12,"51","33  day ahead inc hosp",2021-01-14,"quantile",0.8,225.112096153203
"40752",2020-12-12,"51","33  day ahead inc hosp",2021-01-14,"quantile",0.85,232.680154355904
"40753",2020-12-12,"51","33  day ahead inc hosp",2021-01-14,"quantile",0.9,242.20249968453
"40754",2020-12-12,"51","33  day ahead inc hosp",2021-01-14,"quantile",0.95,256.316049903673
"40755",2020-12-12,"51","33  day ahead inc hosp",2021-01-14,"quantile",0.975,268.557449908882
"40756",2020-12-12,"51","33  day ahead inc hosp",2021-01-14,"quantile",0.99,282.790722915729
"40757",2020-12-12,"51","34  day ahead inc hosp",2021-01-15,"quantile",0.01,102.028223115865
"40758",2020-12-12,"51","34  day ahead inc hosp",2021-01-15,"quantile",0.025,116.46096627676
"40759",2020-12-12,"51","34  day ahead inc hosp",2021-01-15,"quantile",0.05,128.873921618793
"40760",2020-12-12,"51","34  day ahead inc hosp",2021-01-15,"quantile",0.1,143.185264154222
"40761",2020-12-12,"51","34  day ahead inc hosp",2021-01-15,"quantile",0.15,152.841059019626
"40762",2020-12-12,"51","34  day ahead inc hosp",2021-01-15,"quantile",0.2,160.515178683722
"40763",2020-12-12,"51","34  day ahead inc hosp",2021-01-15,"quantile",0.25,167.098890038945
"40764",2020-12-12,"51","34  day ahead inc hosp",2021-01-15,"quantile",0.3,173.011266314089
"40765",2020-12-12,"51","34  day ahead inc hosp",2021-01-15,"quantile",0.35,178.489964053215
"40766",2020-12-12,"51","34  day ahead inc hosp",2021-01-15,"quantile",0.4,183.688712444625
"40767",2020-12-12,"51","34  day ahead inc hosp",2021-01-15,"quantile",0.45,188.718561677939
"40768",2020-12-12,"51","34  day ahead inc hosp",2021-01-15,"quantile",0.5,193.668664551956
"40769",2020-12-12,"51","34  day ahead inc hosp",2021-01-15,"quantile",0.55,198.618767425973
"40770",2020-12-12,"51","34  day ahead inc hosp",2021-01-15,"quantile",0.6,203.648616659287
"40771",2020-12-12,"51","34  day ahead inc hosp",2021-01-15,"quantile",0.65,208.847365050698
"40772",2020-12-12,"51","34  day ahead inc hosp",2021-01-15,"quantile",0.7,214.326062789823
"40773",2020-12-12,"51","34  day ahead inc hosp",2021-01-15,"quantile",0.75,220.238439064967
"40774",2020-12-12,"51","34  day ahead inc hosp",2021-01-15,"quantile",0.8,226.82215042019
"40775",2020-12-12,"51","34  day ahead inc hosp",2021-01-15,"quantile",0.85,234.496270084286
"40776",2020-12-12,"51","34  day ahead inc hosp",2021-01-15,"quantile",0.9,244.15206494969
"40777",2020-12-12,"51","34  day ahead inc hosp",2021-01-15,"quantile",0.95,258.46340748512
"40778",2020-12-12,"51","34  day ahead inc hosp",2021-01-15,"quantile",0.975,270.876362827152
"40779",2020-12-12,"51","34  day ahead inc hosp",2021-01-15,"quantile",0.99,285.309105988047
"40780",2020-12-12,"51","35  day ahead inc hosp",2021-01-16,"quantile",0.01,102.023186655235
"40781",2020-12-12,"51","35  day ahead inc hosp",2021-01-16,"quantile",0.025,116.652361008841
"40782",2020-12-12,"51","35  day ahead inc hosp",2021-01-16,"quantile",0.05,129.234258013295
"40783",2020-12-12,"51","35  day ahead inc hosp",2021-01-16,"quantile",0.1,143.740379465816
"40784",2020-12-12,"51","35  day ahead inc hosp",2021-01-16,"quantile",0.15,153.527590741866
"40785",2020-12-12,"51","35  day ahead inc hosp",2021-01-16,"quantile",0.2,161.306156003159
"40786",2020-12-12,"51","35  day ahead inc hosp",2021-01-16,"quantile",0.25,167.979472380765
"40787",2020-12-12,"51","35  day ahead inc hosp",2021-01-16,"quantile",0.3,173.972316735368
"40788",2020-12-12,"51","35  day ahead inc hosp",2021-01-16,"quantile",0.35,179.525580142253
"40789",2020-12-12,"51","35  day ahead inc hosp",2021-01-16,"quantile",0.4,184.795084060575
"40790",2020-12-12,"51","35  day ahead inc hosp",2021-01-16,"quantile",0.45,189.893390085024
"40791",2020-12-12,"51","35  day ahead inc hosp",2021-01-16,"quantile",0.5,194.910864393614
"40792",2020-12-12,"51","35  day ahead inc hosp",2021-01-16,"quantile",0.55,199.928338702205
"40793",2020-12-12,"51","35  day ahead inc hosp",2021-01-16,"quantile",0.6,205.026644726654
"40794",2020-12-12,"51","35  day ahead inc hosp",2021-01-16,"quantile",0.65,210.296148644976
"40795",2020-12-12,"51","35  day ahead inc hosp",2021-01-16,"quantile",0.7,215.849412051861
"40796",2020-12-12,"51","35  day ahead inc hosp",2021-01-16,"quantile",0.75,221.842256406464
"40797",2020-12-12,"51","35  day ahead inc hosp",2021-01-16,"quantile",0.8,228.51557278407
"40798",2020-12-12,"51","35  day ahead inc hosp",2021-01-16,"quantile",0.85,236.294138045363
"40799",2020-12-12,"51","35  day ahead inc hosp",2021-01-16,"quantile",0.9,246.081349321413
"40800",2020-12-12,"51","35  day ahead inc hosp",2021-01-16,"quantile",0.95,260.587470773934
"40801",2020-12-12,"51","35  day ahead inc hosp",2021-01-16,"quantile",0.975,273.169367778388
"40802",2020-12-12,"51","35  day ahead inc hosp",2021-01-16,"quantile",0.99,287.798542131994
"40803",2020-12-12,"51","36  day ahead inc hosp",2021-01-17,"quantile",0.01,109.063412033523
"40804",2020-12-12,"51","36  day ahead inc hosp",2021-01-17,"quantile",0.025,123.886687292524
"40805",2020-12-12,"51","36  day ahead inc hosp",2021-01-17,"quantile",0.05,136.635521783751
"40806",2020-12-12,"51","36  day ahead inc hosp",2021-01-17,"quantile",0.1,151.334111467195
"40807",2020-12-12,"51","36  day ahead inc hosp",2021-01-17,"quantile",0.15,161.251180144904
"40808",2020-12-12,"51","36  day ahead inc hosp",2021-01-17,"quantile",0.2,169.132951952472
"40809",2020-12-12,"51","36  day ahead inc hosp",2021-01-17,"quantile",0.25,175.894810357096
"40810",2020-12-12,"51","36  day ahead inc hosp",2021-01-17,"quantile",0.3,181.967168188469
"40811",2020-12-12,"51","36  day ahead inc hosp",2021-01-17,"quantile",0.35,187.594112681458
"40812",2020-12-12,"51","36  day ahead inc hosp",2021-01-17,"quantile",0.4,192.933532745203
"40813",2020-12-12,"51","36  day ahead inc hosp",2021-01-17,"quantile",0.45,198.099483449482
"40814",2020-12-12,"51","36  day ahead inc hosp",2021-01-17,"quantile",0.5,203.18352995706
"40815",2020-12-12,"51","36  day ahead inc hosp",2021-01-17,"quantile",0.55,208.267576464638
"40816",2020-12-12,"51","36  day ahead inc hosp",2021-01-17,"quantile",0.6,213.433527168917
"40817",2020-12-12,"51","36  day ahead inc hosp",2021-01-17,"quantile",0.65,218.772947232662
"40818",2020-12-12,"51","36  day ahead inc hosp",2021-01-17,"quantile",0.7,224.399891725651
"40819",2020-12-12,"51","36  day ahead inc hosp",2021-01-17,"quantile",0.75,230.472249557024
"40820",2020-12-12,"51","36  day ahead inc hosp",2021-01-17,"quantile",0.8,237.234107961648
"40821",2020-12-12,"51","36  day ahead inc hosp",2021-01-17,"quantile",0.85,245.115879769216
"40822",2020-12-12,"51","36  day ahead inc hosp",2021-01-17,"quantile",0.9,255.032948446925
"40823",2020-12-12,"51","36  day ahead inc hosp",2021-01-17,"quantile",0.95,269.731538130369
"40824",2020-12-12,"51","36  day ahead inc hosp",2021-01-17,"quantile",0.975,282.480372621596
"40825",2020-12-12,"51","36  day ahead inc hosp",2021-01-17,"quantile",0.99,297.303647880597
"40826",2020-12-12,"51","37  day ahead inc hosp",2021-01-18,"quantile",0.01,109.091900147647
"40827",2020-12-12,"51","37  day ahead inc hosp",2021-01-18,"quantile",0.025,124.106541114487
"40828",2020-12-12,"51","37  day ahead inc hosp",2021-01-18,"quantile",0.05,137.019960671695
"40829",2020-12-12,"51","37  day ahead inc hosp",2021-01-18,"quantile",0.1,151.908306395547
"40830",2020-12-12,"51","37  day ahead inc hosp",2021-01-18,"quantile",0.15,161.95340257285
"40831",2020-12-12,"51","37  day ahead inc hosp",2021-01-18,"quantile",0.2,169.936926578541
"40832",2020-12-12,"51","37  day ahead inc hosp",2021-01-18,"quantile",0.25,176.786079308967
"40833",2020-12-12,"51","37  day ahead inc hosp",2021-01-18,"quantile",0.3,182.936830142855
"40834",2020-12-12,"51","37  day ahead inc hosp",2021-01-18,"quantile",0.35,188.636417435567
"40835",2020-12-12,"51","37  day ahead inc hosp",2021-01-18,"quantile",0.4,194.044768412494
"40836",2020-12-12,"51","37  day ahead inc hosp",2021-01-18,"quantile",0.45,199.277410573007
"40837",2020-12-12,"51","37  day ahead inc hosp",2021-01-18,"quantile",0.5,204.427091168978
"40838",2020-12-12,"51","37  day ahead inc hosp",2021-01-18,"quantile",0.55,209.576771764949
"40839",2020-12-12,"51","37  day ahead inc hosp",2021-01-18,"quantile",0.6,214.809413925462
"40840",2020-12-12,"51","37  day ahead inc hosp",2021-01-18,"quantile",0.65,220.217764902389
"40841",2020-12-12,"51","37  day ahead inc hosp",2021-01-18,"quantile",0.7,225.917352195102
"40842",2020-12-12,"51","37  day ahead inc hosp",2021-01-18,"quantile",0.75,232.068103028989
"40843",2020-12-12,"51","37  day ahead inc hosp",2021-01-18,"quantile",0.8,238.917255759415
"40844",2020-12-12,"51","37  day ahead inc hosp",2021-01-18,"quantile",0.85,246.900779765107
"40845",2020-12-12,"51","37  day ahead inc hosp",2021-01-18,"quantile",0.9,256.94587594241
"40846",2020-12-12,"51","37  day ahead inc hosp",2021-01-18,"quantile",0.95,271.834221666261
"40847",2020-12-12,"51","37  day ahead inc hosp",2021-01-18,"quantile",0.975,284.747641223469
"40848",2020-12-12,"51","37  day ahead inc hosp",2021-01-18,"quantile",0.99,299.76228219031
"40849",2020-12-12,"53","1  day ahead inc hosp",2020-12-13,"quantile",0.01,61.3864828363064
"40850",2020-12-12,"53","1  day ahead inc hosp",2020-12-13,"quantile",0.025,64.8682742699906
"40851",2020-12-12,"53","1  day ahead inc hosp",2020-12-13,"quantile",0.05,67.8628069859679
"40852",2020-12-12,"53","1  day ahead inc hosp",2020-12-13,"quantile",0.1,71.3153114259688
"40853",2020-12-12,"53","1  day ahead inc hosp",2020-12-13,"quantile",0.15,73.6446997808359
"40854",2020-12-12,"53","1  day ahead inc hosp",2020-12-13,"quantile",0.2,75.4960238021706
"40855",2020-12-12,"53","1  day ahead inc hosp",2020-12-13,"quantile",0.25,77.0842949674592
"40856",2020-12-12,"53","1  day ahead inc hosp",2020-12-13,"quantile",0.3,78.5106115614724
"40857",2020-12-12,"53","1  day ahead inc hosp",2020-12-13,"quantile",0.35,79.8323064494906
"40858",2020-12-12,"53","1  day ahead inc hosp",2020-12-13,"quantile",0.4,81.0864656493949
"40859",2020-12-12,"53","1  day ahead inc hosp",2020-12-13,"quantile",0.45,82.2998791895685
"40860",2020-12-12,"53","1  day ahead inc hosp",2020-12-13,"quantile",0.5,83.4940545164951
"40861",2020-12-12,"53","1  day ahead inc hosp",2020-12-13,"quantile",0.55,84.6882298434216
"40862",2020-12-12,"53","1  day ahead inc hosp",2020-12-13,"quantile",0.6,85.9016433835952
"40863",2020-12-12,"53","1  day ahead inc hosp",2020-12-13,"quantile",0.65,87.1558025834995
"40864",2020-12-12,"53","1  day ahead inc hosp",2020-12-13,"quantile",0.7,88.4774974715177
"40865",2020-12-12,"53","1  day ahead inc hosp",2020-12-13,"quantile",0.75,89.9038140655309
"40866",2020-12-12,"53","1  day ahead inc hosp",2020-12-13,"quantile",0.8,91.4920852308195
"40867",2020-12-12,"53","1  day ahead inc hosp",2020-12-13,"quantile",0.85,93.3434092521543
"40868",2020-12-12,"53","1  day ahead inc hosp",2020-12-13,"quantile",0.9,95.6727976070213
"40869",2020-12-12,"53","1  day ahead inc hosp",2020-12-13,"quantile",0.95,99.1253020470222
"40870",2020-12-12,"53","1  day ahead inc hosp",2020-12-13,"quantile",0.975,102.119834763
"40871",2020-12-12,"53","1  day ahead inc hosp",2020-12-13,"quantile",0.99,105.601626196684
"40872",2020-12-12,"53","2  day ahead inc hosp",2020-12-14,"quantile",0.01,59.1519966436387
"40873",2020-12-12,"53","2  day ahead inc hosp",2020-12-14,"quantile",0.025,62.985704379885
"40874",2020-12-12,"53","2  day ahead inc hosp",2020-12-14,"quantile",0.05,66.2829045305375
"40875",2020-12-12,"53","2  day ahead inc hosp",2020-12-14,"quantile",0.1,70.0843651387194
"40876",2020-12-12,"53","2  day ahead inc hosp",2020-12-14,"quantile",0.15,72.6491925635851
"40877",2020-12-12,"53","2  day ahead inc hosp",2020-12-14,"quantile",0.2,74.6876360941843
"40878",2020-12-12,"53","2  day ahead inc hosp",2020-12-14,"quantile",0.25,76.4364391369849
"40879",2020-12-12,"53","2  day ahead inc hosp",2020-12-14,"quantile",0.3,78.00691831845
"40880",2020-12-12,"53","2  day ahead inc hosp",2020-12-14,"quantile",0.35,79.4622013282628
"40881",2020-12-12,"53","2  day ahead inc hosp",2020-12-14,"quantile",0.4,80.8431225921392
"40882",2020-12-12,"53","2  day ahead inc hosp",2020-12-14,"quantile",0.45,82.1791798962113
"40883",2020-12-12,"53","2  day ahead inc hosp",2020-12-14,"quantile",0.5,83.4940545164951
"40884",2020-12-12,"53","2  day ahead inc hosp",2020-12-14,"quantile",0.55,84.8089291367788
"40885",2020-12-12,"53","2  day ahead inc hosp",2020-12-14,"quantile",0.6,86.1449864408509
"40886",2020-12-12,"53","2  day ahead inc hosp",2020-12-14,"quantile",0.65,87.5259077047274
"40887",2020-12-12,"53","2  day ahead inc hosp",2020-12-14,"quantile",0.7,88.9811907145401
"40888",2020-12-12,"53","2  day ahead inc hosp",2020-12-14,"quantile",0.75,90.5516698960052
"40889",2020-12-12,"53","2  day ahead inc hosp",2020-12-14,"quantile",0.8,92.3004729388058
"40890",2020-12-12,"53","2  day ahead inc hosp",2020-12-14,"quantile",0.85,94.338916469405
"40891",2020-12-12,"53","2  day ahead inc hosp",2020-12-14,"quantile",0.9,96.9037438942707
"40892",2020-12-12,"53","2  day ahead inc hosp",2020-12-14,"quantile",0.95,100.705204502453
"40893",2020-12-12,"53","2  day ahead inc hosp",2020-12-14,"quantile",0.975,104.002404653105
"40894",2020-12-12,"53","2  day ahead inc hosp",2020-12-14,"quantile",0.99,107.836112389351
"40895",2020-12-12,"53","3  day ahead inc hosp",2020-12-15,"quantile",0.01,57.1060489575997
"40896",2020-12-12,"53","3  day ahead inc hosp",2020-12-15,"quantile",0.025,61.2619794702805
"40897",2020-12-12,"53","3  day ahead inc hosp",2020-12-15,"quantile",0.05,64.8363089850102
"40898",2020-12-12,"53","3  day ahead inc hosp",2020-12-15,"quantile",0.1,68.957282001531
"40899",2020-12-12,"53","3  day ahead inc hosp",2020-12-15,"quantile",0.15,71.7376829314142
"40900",2020-12-12,"53","3  day ahead inc hosp",2020-12-15,"quantile",0.2,73.9474574499823
"40901",2020-12-12,"53","3  day ahead inc hosp",2020-12-15,"quantile",0.25,75.8432472248597
"40902",2020-12-12,"53","3  day ahead inc hosp",2020-12-15,"quantile",0.3,77.5457250345457
"40903",2020-12-12,"53","3  day ahead inc hosp",2020-12-15,"quantile",0.35,79.1233244451332
"40904",2020-12-12,"53","3  day ahead inc hosp",2020-12-15,"quantile",0.4,80.620312011998
"40905",2020-12-12,"53","3  day ahead inc hosp",2020-12-15,"quantile",0.45,82.0686648074357
"40906",2020-12-12,"53","3  day ahead inc hosp",2020-12-15,"quantile",0.5,83.4940545164951
"40907",2020-12-12,"53","3  day ahead inc hosp",2020-12-15,"quantile",0.55,84.9194442255544
"40908",2020-12-12,"53","3  day ahead inc hosp",2020-12-15,"quantile",0.6,86.3677970209921
"40909",2020-12-12,"53","3  day ahead inc hosp",2020-12-15,"quantile",0.65,87.8647845878569
"40910",2020-12-12,"53","3  day ahead inc hosp",2020-12-15,"quantile",0.7,89.4423839984444
"40911",2020-12-12,"53","3  day ahead inc hosp",2020-12-15,"quantile",0.75,91.1448618081305
"40912",2020-12-12,"53","3  day ahead inc hosp",2020-12-15,"quantile",0.8,93.0406515830078
"40913",2020-12-12,"53","3  day ahead inc hosp",2020-12-15,"quantile",0.85,95.2504261015759
"40914",2020-12-12,"53","3  day ahead inc hosp",2020-12-15,"quantile",0.9,98.0308270314591
"40915",2020-12-12,"53","3  day ahead inc hosp",2020-12-15,"quantile",0.95,102.15180004798
"40916",2020-12-12,"53","3  day ahead inc hosp",2020-12-15,"quantile",0.975,105.72612956271
"40917",2020-12-12,"53","3  day ahead inc hosp",2020-12-15,"quantile",0.99,109.88206007539
"40918",2020-12-12,"53","4  day ahead inc hosp",2020-12-16,"quantile",0.01,55.2076992675928
"40919",2020-12-12,"53","4  day ahead inc hosp",2020-12-16,"quantile",0.025,59.66260688117
"40920",2020-12-12,"53","4  day ahead inc hosp",2020-12-16,"quantile",0.05,63.4940731965999
"40921",2020-12-12,"53","4  day ahead inc hosp",2020-12-16,"quantile",0.1,67.911508476287
"40922",2020-12-12,"53","4  day ahead inc hosp",2020-12-16,"quantile",0.15,70.891931087671
"40923",2020-12-12,"53","4  day ahead inc hosp",2020-12-16,"quantile",0.2,73.2606764978794
"40924",2020-12-12,"53","4  day ahead inc hosp",2020-12-16,"quantile",0.25,75.2928491427476
"40925",2020-12-12,"53","4  day ahead inc hosp",2020-12-16,"quantile",0.3,77.1178029847752
"40926",2020-12-12,"53","4  day ahead inc hosp",2020-12-16,"quantile",0.35,78.8088946919048
"40927",2020-12-12,"53","4  day ahead inc hosp",2020-12-16,"quantile",0.4,80.4135753497521
"40928",2020-12-12,"53","4  day ahead inc hosp",2020-12-16,"quantile",0.45,81.9661224570374
"40929",2020-12-12,"53","4  day ahead inc hosp",2020-12-16,"quantile",0.5,83.4940545164951
"40930",2020-12-12,"53","4  day ahead inc hosp",2020-12-16,"quantile",0.55,85.0219865759527
"40931",2020-12-12,"53","4  day ahead inc hosp",2020-12-16,"quantile",0.6,86.574533683238
"40932",2020-12-12,"53","4  day ahead inc hosp",2020-12-16,"quantile",0.65,88.1792143410853
"40933",2020-12-12,"53","4  day ahead inc hosp",2020-12-16,"quantile",0.7,89.8703060482149
"40934",2020-12-12,"53","4  day ahead inc hosp",2020-12-16,"quantile",0.75,91.6952598902425
"40935",2020-12-12,"53","4  day ahead inc hosp",2020-12-16,"quantile",0.8,93.7274325351107
"40936",2020-12-12,"53","4  day ahead inc hosp",2020-12-16,"quantile",0.85,96.0961779453192
"40937",2020-12-12,"53","4  day ahead inc hosp",2020-12-16,"quantile",0.9,99.0766005567031
"40938",2020-12-12,"53","4  day ahead inc hosp",2020-12-16,"quantile",0.95,103.49403583639
"40939",2020-12-12,"53","4  day ahead inc hosp",2020-12-16,"quantile",0.975,107.32550215182
"40940",2020-12-12,"53","4  day ahead inc hosp",2020-12-16,"quantile",0.99,111.780409765397
"40941",2020-12-12,"53","5  day ahead inc hosp",2020-12-17,"quantile",0.01,53.4289759508584
"40942",2020-12-12,"53","5  day ahead inc hosp",2020-12-17,"quantile",0.025,58.1640203291917
"40943",2020-12-12,"53","5  day ahead inc hosp",2020-12-17,"quantile",0.05,62.2364197168596
"40944",2020-12-12,"53","5  day ahead inc hosp",2020-12-17,"quantile",0.1,66.9316353985464
"40945",2020-12-12,"53","5  day ahead inc hosp",2020-12-17,"quantile",0.15,70.0994751283941
"40946",2020-12-12,"53","5  day ahead inc hosp",2020-12-17,"quantile",0.2,72.617173723114
"40947",2020-12-12,"53","5  day ahead inc hosp",2020-12-17,"quantile",0.25,74.7771349372499
"40948",2020-12-12,"53","5  day ahead inc hosp",2020-12-17,"quantile",0.3,76.7168468639518
"40949",2020-12-12,"53","5  day ahead inc hosp",2020-12-17,"quantile",0.35,78.5142790389054
"40950",2020-12-12,"53","5  day ahead inc hosp",2020-12-17,"quantile",0.4,80.2198664016609
"40951",2020-12-12,"53","5  day ahead inc hosp",2020-12-17,"quantile",0.45,81.8700419137285
"40952",2020-12-12,"53","5  day ahead inc hosp",2020-12-17,"quantile",0.5,83.4940545164951
"40953",2020-12-12,"53","5  day ahead inc hosp",2020-12-17,"quantile",0.55,85.1180671192616
"40954",2020-12-12,"53","5  day ahead inc hosp",2020-12-17,"quantile",0.6,86.7682426313292
"40955",2020-12-12,"53","5  day ahead inc hosp",2020-12-17,"quantile",0.65,88.4738299940847
"40956",2020-12-12,"53","5  day ahead inc hosp",2020-12-17,"quantile",0.7,90.2712621690384
"40957",2020-12-12,"53","5  day ahead inc hosp",2020-12-17,"quantile",0.75,92.2109740957402
"40958",2020-12-12,"53","5  day ahead inc hosp",2020-12-17,"quantile",0.8,94.3709353098761
"40959",2020-12-12,"53","5  day ahead inc hosp",2020-12-17,"quantile",0.85,96.888633904596
"40960",2020-12-12,"53","5  day ahead inc hosp",2020-12-17,"quantile",0.9,100.056473634444
"40961",2020-12-12,"53","5  day ahead inc hosp",2020-12-17,"quantile",0.95,104.75168931613
"40962",2020-12-12,"53","5  day ahead inc hosp",2020-12-17,"quantile",0.975,108.824088703798
"40963",2020-12-12,"53","5  day ahead inc hosp",2020-12-17,"quantile",0.99,113.559133082132
"40964",2020-12-12,"53","6  day ahead inc hosp",2020-12-18,"quantile",0.01,51.7497636116928
"40965",2020-12-12,"53","6  day ahead inc hosp",2020-12-18,"quantile",0.025,56.7492724559757
"40966",2020-12-12,"53","6  day ahead inc hosp",2020-12-18,"quantile",0.05,61.0491258743009
"40967",2020-12-12,"53","6  day ahead inc hosp",2020-12-18,"quantile",0.1,66.0065814862949
"40968",2020-12-12,"53","6  day ahead inc hosp",2020-12-18,"quantile",0.15,69.351353252134
"40969",2020-12-12,"53","6  day ahead inc hosp",2020-12-18,"quantile",0.2,72.0096718202001
"40970",2020-12-12,"53","6  day ahead inc hosp",2020-12-18,"quantile",0.25,74.2902724504273
"40971",2020-12-12,"53","6  day ahead inc hosp",2020-12-18,"quantile",0.3,76.338322301297
"40972",2020-12-12,"53","6  day ahead inc hosp",2020-12-18,"quantile",0.35,78.2361457085705
"40973",2020-12-12,"53","6  day ahead inc hosp",2020-12-18,"quantile",0.4,80.0369945335174
"40974",2020-12-12,"53","6  day ahead inc hosp",2020-12-18,"quantile",0.45,81.7793366127072
"40975",2020-12-12,"53","6  day ahead inc hosp",2020-12-18,"quantile",0.5,83.4940545164951
"40976",2020-12-12,"53","6  day ahead inc hosp",2020-12-18,"quantile",0.55,85.208772420283
"40977",2020-12-12,"53","6  day ahead inc hosp",2020-12-18,"quantile",0.6,86.9511144994727
"40978",2020-12-12,"53","6  day ahead inc hosp",2020-12-18,"quantile",0.65,88.7519633244196
"40979",2020-12-12,"53","6  day ahead inc hosp",2020-12-18,"quantile",0.7,90.6497867316931
"40980",2020-12-12,"53","6  day ahead inc hosp",2020-12-18,"quantile",0.75,92.6978365825628
"40981",2020-12-12,"53","6  day ahead inc hosp",2020-12-18,"quantile",0.8,94.97843721279
"40982",2020-12-12,"53","6  day ahead inc hosp",2020-12-18,"quantile",0.85,97.6367557808561
"40983",2020-12-12,"53","6  day ahead inc hosp",2020-12-18,"quantile",0.9,100.981527546695
"40984",2020-12-12,"53","6  day ahead inc hosp",2020-12-18,"quantile",0.95,105.938983158689
"40985",2020-12-12,"53","6  day ahead inc hosp",2020-12-18,"quantile",0.975,110.238836577014
"40986",2020-12-12,"53","6  day ahead inc hosp",2020-12-18,"quantile",0.99,115.238345421297
"40987",2020-12-12,"53","7  day ahead inc hosp",2020-12-19,"quantile",0.01,50.1550224228736
"40988",2020-12-12,"53","7  day ahead inc hosp",2020-12-19,"quantile",0.025,55.4056921042895
"40989",2020-12-12,"53","7  day ahead inc hosp",2020-12-19,"quantile",0.05,59.921557698557
"40990",2020-12-12,"53","7  day ahead inc hosp",2020-12-19,"quantile",0.1,65.1280615151525
"40991",2020-12-12,"53","7  day ahead inc hosp",2020-12-19,"quantile",0.15,68.6408649222772
"40992",2020-12-12,"53","7  day ahead inc hosp",2020-12-19,"quantile",0.2,71.4327297121257
"40993",2020-12-12,"53","7  day ahead inc hosp",2020-12-19,"quantile",0.25,73.8279011094612
"40994",2020-12-12,"53","7  day ahead inc hosp",2020-12-19,"quantile",0.3,75.9788390501525
"40995",2020-12-12,"53","7  day ahead inc hosp",2020-12-19,"quantile",0.35,77.9720036060363
"40996",2020-12-12,"53","7  day ahead inc hosp",2020-12-19,"quantile",0.4,79.8633218575831
"40997",2020-12-12,"53","7  day ahead inc hosp",2020-12-19,"quantile",0.45,81.6931941540025
"40998",2020-12-12,"53","7  day ahead inc hosp",2020-12-19,"quantile",0.5,83.4940545164951
"40999",2020-12-12,"53","7  day ahead inc hosp",2020-12-19,"quantile",0.55,85.2949148789876
"41000",2020-12-12,"53","7  day ahead inc hosp",2020-12-19,"quantile",0.6,87.124787175407
"41001",2020-12-12,"53","7  day ahead inc hosp",2020-12-19,"quantile",0.65,89.0161054269538
"41002",2020-12-12,"53","7  day ahead inc hosp",2020-12-19,"quantile",0.7,91.0092699828376
"41003",2020-12-12,"53","7  day ahead inc hosp",2020-12-19,"quantile",0.75,93.1602079235289
"41004",2020-12-12,"53","7  day ahead inc hosp",2020-12-19,"quantile",0.8,95.5553793208644
"41005",2020-12-12,"53","7  day ahead inc hosp",2020-12-19,"quantile",0.85,98.3472441107129
"41006",2020-12-12,"53","7  day ahead inc hosp",2020-12-19,"quantile",0.9,101.860047517838
"41007",2020-12-12,"53","7  day ahead inc hosp",2020-12-19,"quantile",0.95,107.066551334433
"41008",2020-12-12,"53","7  day ahead inc hosp",2020-12-19,"quantile",0.975,111.582416928701
"41009",2020-12-12,"53","7  day ahead inc hosp",2020-12-19,"quantile",0.99,116.833086610116
"41010",2020-12-12,"53","8  day ahead inc hosp",2020-12-20,"quantile",0.01,50.5180784786345
"41011",2020-12-12,"53","8  day ahead inc hosp",2020-12-20,"quantile",0.025,56.008431429276
"41012",2020-12-12,"53","8  day ahead inc hosp",2020-12-20,"quantile",0.05,60.7304378578923
"41013",2020-12-12,"53","8  day ahead inc hosp",2020-12-20,"quantile",0.1,66.1746088544313
"41014",2020-12-12,"53","8  day ahead inc hosp",2020-12-20,"quantile",0.15,69.8477651795364
"41015",2020-12-12,"53","8  day ahead inc hosp",2020-12-20,"quantile",0.2,72.7670733853048
"41016",2020-12-12,"53","8  day ahead inc hosp",2020-12-20,"quantile",0.25,75.2715798857226
"41017",2020-12-12,"53","8  day ahead inc hosp",2020-12-20,"quantile",0.3,77.5207041281252
"41018",2020-12-12,"53","8  day ahead inc hosp",2020-12-20,"quantile",0.35,79.6048529252287
"41019",2020-12-12,"53","8  day ahead inc hosp",2020-12-20,"quantile",0.4,81.5825063243247
"41020",2020-12-12,"53","8  day ahead inc hosp",2020-12-20,"quantile",0.45,83.4959088751463
"41021",2020-12-12,"53","8  day ahead inc hosp",2020-12-20,"quantile",0.5,85.3789751514157
"41022",2020-12-12,"53","8  day ahead inc hosp",2020-12-20,"quantile",0.55,87.2620414276851
"41023",2020-12-12,"53","8  day ahead inc hosp",2020-12-20,"quantile",0.6,89.1754439785067
"41024",2020-12-12,"53","8  day ahead inc hosp",2020-12-20,"quantile",0.65,91.1530973776027
"41025",2020-12-12,"53","8  day ahead inc hosp",2020-12-20,"quantile",0.7,93.2372461747061
"41026",2020-12-12,"53","8  day ahead inc hosp",2020-12-20,"quantile",0.75,95.4863704171088
"41027",2020-12-12,"53","8  day ahead inc hosp",2020-12-20,"quantile",0.8,97.9908769175266
"41028",2020-12-12,"53","8  day ahead inc hosp",2020-12-20,"quantile",0.85,100.910185123295
"41029",2020-12-12,"53","8  day ahead inc hosp",2020-12-20,"quantile",0.9,104.5833414484
"41030",2020-12-12,"53","8  day ahead inc hosp",2020-12-20,"quantile",0.95,110.027512444939
"41031",2020-12-12,"53","8  day ahead inc hosp",2020-12-20,"quantile",0.975,114.749518873555
"41032",2020-12-12,"53","8  day ahead inc hosp",2020-12-20,"quantile",0.99,120.239871824197
"41033",2020-12-12,"53","9  day ahead inc hosp",2020-12-21,"quantile",0.01,49.0599281826263
"41034",2020-12-12,"53","9  day ahead inc hosp",2020-12-21,"quantile",0.025,54.779929838386
"41035",2020-12-12,"53","9  day ahead inc hosp",2020-12-21,"quantile",0.05,59.6994468226334
"41036",2020-12-12,"53","9  day ahead inc hosp",2020-12-21,"quantile",0.1,65.371334840471
"41037",2020-12-12,"53","9  day ahead inc hosp",2020-12-21,"quantile",0.15,69.1981307587573
"41038",2020-12-12,"53","9  day ahead inc hosp",2020-12-21,"quantile",0.2,72.2395468427119
"41039",2020-12-12,"53","9  day ahead inc hosp",2020-12-21,"quantile",0.25,74.8488110299218
"41040",2020-12-12,"53","9  day ahead inc hosp",2020-12-21,"quantile",0.3,77.1920109127361
"41041",2020-12-12,"53","9  day ahead inc hosp",2020-12-21,"quantile",0.35,79.3633348107542
"41042",2020-12-12,"53","9  day ahead inc hosp",2020-12-21,"quantile",0.4,81.4237088557463
"41043",2020-12-12,"53","9  day ahead inc hosp",2020-12-21,"quantile",0.45,83.4171445887908
"41044",2020-12-12,"53","9  day ahead inc hosp",2020-12-21,"quantile",0.5,85.3789751514157
"41045",2020-12-12,"53","9  day ahead inc hosp",2020-12-21,"quantile",0.55,87.3408057140406
"41046",2020-12-12,"53","9  day ahead inc hosp",2020-12-21,"quantile",0.6,89.3342414470851
"41047",2020-12-12,"53","9  day ahead inc hosp",2020-12-21,"quantile",0.65,91.3946154920772
"41048",2020-12-12,"53","9  day ahead inc hosp",2020-12-21,"quantile",0.7,93.5659393900953
"41049",2020-12-12,"53","9  day ahead inc hosp",2020-12-21,"quantile",0.75,95.9091392729096
"41050",2020-12-12,"53","9  day ahead inc hosp",2020-12-21,"quantile",0.8,98.5184034601195
"41051",2020-12-12,"53","9  day ahead inc hosp",2020-12-21,"quantile",0.85,101.559819544074
"41052",2020-12-12,"53","9  day ahead inc hosp",2020-12-21,"quantile",0.9,105.38661546236
"41053",2020-12-12,"53","9  day ahead inc hosp",2020-12-21,"quantile",0.95,111.058503480198
"41054",2020-12-12,"53","9  day ahead inc hosp",2020-12-21,"quantile",0.975,115.978020464445
"41055",2020-12-12,"53","9  day ahead inc hosp",2020-12-21,"quantile",0.99,121.698022120205
"41056",2020-12-12,"53","10  day ahead inc hosp",2020-12-22,"quantile",0.01,47.6581025659102
"41057",2020-12-12,"53","10  day ahead inc hosp",2020-12-22,"quantile",0.025,53.5988821747807
"41058",2020-12-12,"53","10  day ahead inc hosp",2020-12-22,"quantile",0.05,58.7082803785523
"41059",2020-12-12,"53","10  day ahead inc hosp",2020-12-22,"quantile",0.1,64.5990892817694
"41060",2020-12-12,"53","10  day ahead inc hosp",2020-12-22,"quantile",0.15,68.573590082092
"41061",2020-12-12,"53","10  day ahead inc hosp",2020-12-22,"quantile",0.2,71.7323973239491
"41062",2020-12-12,"53","10  day ahead inc hosp",2020-12-22,"quantile",0.25,74.4423726719324
"41063",2020-12-12,"53","10  day ahead inc hosp",2020-12-22,"quantile",0.3,76.8760142897305
"41064",2020-12-12,"53","10  day ahead inc hosp",2020-12-22,"quantile",0.35,79.131145933724
"41065",2020-12-12,"53","10  day ahead inc hosp",2020-12-22,"quantile",0.4,81.2710453340694
"41066",2020-12-12,"53","10  day ahead inc hosp",2020-12-22,"quantile",0.45,83.3414227687577
"41067",2020-12-12,"53","10  day ahead inc hosp",2020-12-22,"quantile",0.5,85.3789751514157
"41068",2020-12-12,"53","10  day ahead inc hosp",2020-12-22,"quantile",0.55,87.4165275340737
"41069",2020-12-12,"53","10  day ahead inc hosp",2020-12-22,"quantile",0.6,89.4869049687619
"41070",2020-12-12,"53","10  day ahead inc hosp",2020-12-22,"quantile",0.65,91.6268043691074
"41071",2020-12-12,"53","10  day ahead inc hosp",2020-12-22,"quantile",0.7,93.8819360131009
"41072",2020-12-12,"53","10  day ahead inc hosp",2020-12-22,"quantile",0.75,96.315577630899
"41073",2020-12-12,"53","10  day ahead inc hosp",2020-12-22,"quantile",0.8,99.0255529788823
"41074",2020-12-12,"53","10  day ahead inc hosp",2020-12-22,"quantile",0.85,102.184360220739
"41075",2020-12-12,"53","10  day ahead inc hosp",2020-12-22,"quantile",0.9,106.158861021062
"41076",2020-12-12,"53","10  day ahead inc hosp",2020-12-22,"quantile",0.95,112.049669924279
"41077",2020-12-12,"53","10  day ahead inc hosp",2020-12-22,"quantile",0.975,117.159068128051
"41078",2020-12-12,"53","10  day ahead inc hosp",2020-12-22,"quantile",0.99,123.099847736921
"41079",2020-12-12,"53","11  day ahead inc hosp",2020-12-23,"quantile",0.01,46.3065387735451
"41080",2020-12-12,"53","11  day ahead inc hosp",2020-12-23,"quantile",0.025,52.4601804417322
"41081",2020-12-12,"53","11  day ahead inc hosp",2020-12-23,"quantile",0.05,57.752651759662
"41082",2020-12-12,"53","11  day ahead inc hosp",2020-12-23,"quantile",0.1,63.8545322387893
"41083",2020-12-12,"53","11  day ahead inc hosp",2020-12-23,"quantile",0.15,67.971442029314
"41084",2020-12-12,"53","11  day ahead inc hosp",2020-12-23,"quantile",0.2,71.2434314221267
"41085",2020-12-12,"53","11  day ahead inc hosp",2020-12-23,"quantile",0.25,74.0505069777003
"41086",2020-12-12,"53","11  day ahead inc hosp",2020-12-23,"quantile",0.3,76.5713475829225
"41087",2020-12-12,"53","11  day ahead inc hosp",2020-12-23,"quantile",0.35,78.9072820840113
"41088",2020-12-12,"53","11  day ahead inc hosp",2020-12-23,"quantile",0.4,81.1238554940116
"41089",2020-12-12,"53","11  day ahead inc hosp",2020-12-23,"quantile",0.45,83.268415920382
"41090",2020-12-12,"53","11  day ahead inc hosp",2020-12-23,"quantile",0.5,85.3789751514157
"41091",2020-12-12,"53","11  day ahead inc hosp",2020-12-23,"quantile",0.55,87.4895343824493
"41092",2020-12-12,"53","11  day ahead inc hosp",2020-12-23,"quantile",0.6,89.6340948088198
"41093",2020-12-12,"53","11  day ahead inc hosp",2020-12-23,"quantile",0.65,91.8506682188201
"41094",2020-12-12,"53","11  day ahead inc hosp",2020-12-23,"quantile",0.7,94.1866027199089
"41095",2020-12-12,"53","11  day ahead inc hosp",2020-12-23,"quantile",0.75,96.7074433251311
"41096",2020-12-12,"53","11  day ahead inc hosp",2020-12-23,"quantile",0.8,99.5145188807046
"41097",2020-12-12,"53","11  day ahead inc hosp",2020-12-23,"quantile",0.85,102.786508273517
"41098",2020-12-12,"53","11  day ahead inc hosp",2020-12-23,"quantile",0.9,106.903418064042
"41099",2020-12-12,"53","11  day ahead inc hosp",2020-12-23,"quantile",0.95,113.005298543169
"41100",2020-12-12,"53","11  day ahead inc hosp",2020-12-23,"quantile",0.975,118.297769861099
"41101",2020-12-12,"53","11  day ahead inc hosp",2020-12-23,"quantile",0.99,124.451411529286
"41102",2020-12-12,"53","12  day ahead inc hosp",2020-12-24,"quantile",0.01,45.0001893797564
"41103",2020-12-12,"53","12  day ahead inc hosp",2020-12-24,"quantile",0.025,51.3595721485262
"41104",2020-12-12,"53","12  day ahead inc hosp",2020-12-24,"quantile",0.05,56.8289921632548
"41105",2020-12-12,"53","12  day ahead inc hosp",2020-12-24,"quantile",0.1,63.1348831573086
"41106",2020-12-12,"53","12  day ahead inc hosp",2020-12-24,"quantile",0.15,67.389437873712
"41107",2020-12-12,"53","12  day ahead inc hosp",2020-12-24,"quantile",0.2,70.7708230901803
"41108",2020-12-12,"53","12  day ahead inc hosp",2020-12-24,"quantile",0.25,73.6717505216614
"41109",2020-12-12,"53","12  day ahead inc hosp",2020-12-24,"quantile",0.3,76.2768730120628
"41110",2020-12-12,"53","12  day ahead inc hosp",2020-12-24,"quantile",0.35,78.6909072402818
"41111",2020-12-12,"53","12  day ahead inc hosp",2020-12-24,"quantile",0.4,80.9815896539399
"41112",2020-12-12,"53","12  day ahead inc hosp",2020-12-24,"quantile",0.45,83.1978513990056
"41113",2020-12-12,"53","12  day ahead inc hosp",2020-12-24,"quantile",0.5,85.3789751514157
"41114",2020-12-12,"53","12  day ahead inc hosp",2020-12-24,"quantile",0.55,87.5600989038258
"41115",2020-12-12,"53","12  day ahead inc hosp",2020-12-24,"quantile",0.6,89.7763606488915
"41116",2020-12-12,"53","12  day ahead inc hosp",2020-12-24,"quantile",0.65,92.0670430625495
"41117",2020-12-12,"53","12  day ahead inc hosp",2020-12-24,"quantile",0.7,94.4810772907686
"41118",2020-12-12,"53","12  day ahead inc hosp",2020-12-24,"quantile",0.75,97.08619978117
"41119",2020-12-12,"53","12  day ahead inc hosp",2020-12-24,"quantile",0.8,99.9871272126511
"41120",2020-12-12,"53","12  day ahead inc hosp",2020-12-24,"quantile",0.85,103.368512429119
"41121",2020-12-12,"53","12  day ahead inc hosp",2020-12-24,"quantile",0.9,107.623067145523
"41122",2020-12-12,"53","12  day ahead inc hosp",2020-12-24,"quantile",0.95,113.928958139577
"41123",2020-12-12,"53","12  day ahead inc hosp",2020-12-24,"quantile",0.975,119.398378154305
"41124",2020-12-12,"53","12  day ahead inc hosp",2020-12-24,"quantile",0.99,125.757760923075
"41125",2020-12-12,"53","13  day ahead inc hosp",2020-12-25,"quantile",0.01,43.734799132621
"41126",2020-12-12,"53","13  day ahead inc hosp",2020-12-25,"quantile",0.025,50.2934722163326
"41127",2020-12-12,"53","13  day ahead inc hosp",2020-12-25,"quantile",0.05,55.9342928963329
"41128",2020-12-12,"53","13  day ahead inc hosp",2020-12-25,"quantile",0.1,62.4377978802797
"41129",2020-12-12,"53","13  day ahead inc hosp",2020-12-25,"quantile",0.15,66.8256818174895
"41130",2020-12-12,"53","13  day ahead inc hosp",2020-12-25,"quantile",0.2,70.3130328720323
"41131",2020-12-12,"53","13  day ahead inc hosp",2020-12-25,"quantile",0.25,73.3048695572042
"41132",2020-12-12,"53","13  day ahead inc hosp",2020-12-25,"quantile",0.3,75.9916313670886
"41133",2020-12-12,"53","13  day ahead inc hosp",2020-12-25,"quantile",0.35,78.4813165914994
"41134",2020-12-12,"53","13  day ahead inc hosp",2020-12-25,"quantile",0.4,80.8437844026164
"41135",2020-12-12,"53","13  day ahead inc hosp",2020-12-25,"quantile",0.45,83.1294993504893
"41136",2020-12-12,"53","13  day ahead inc hosp",2020-12-25,"quantile",0.5,85.3789751514157
"41137",2020-12-12,"53","13  day ahead inc hosp",2020-12-25,"quantile",0.55,87.6284509523421
"41138",2020-12-12,"53","13  day ahead inc hosp",2020-12-25,"quantile",0.6,89.914165900215
"41139",2020-12-12,"53","13  day ahead inc hosp",2020-12-25,"quantile",0.65,92.276633711332
"41140",2020-12-12,"53","13  day ahead inc hosp",2020-12-25,"quantile",0.7,94.7663189357428
"41141",2020-12-12,"53","13  day ahead inc hosp",2020-12-25,"quantile",0.75,97.4530807456272
"41142",2020-12-12,"53","13  day ahead inc hosp",2020-12-25,"quantile",0.8,100.444917430799
"41143",2020-12-12,"53","13  day ahead inc hosp",2020-12-25,"quantile",0.85,103.932268485342
"41144",2020-12-12,"53","13  day ahead inc hosp",2020-12-25,"quantile",0.9,108.320152422552
"41145",2020-12-12,"53","13  day ahead inc hosp",2020-12-25,"quantile",0.95,114.823657406499
"41146",2020-12-12,"53","13  day ahead inc hosp",2020-12-25,"quantile",0.975,120.464478086499
"41147",2020-12-12,"53","13  day ahead inc hosp",2020-12-25,"quantile",0.99,127.02315117021
"41148",2020-12-12,"53","14  day ahead inc hosp",2020-12-26,"quantile",0.01,42.5067411044808
"41149",2020-12-12,"53","14  day ahead inc hosp",2020-12-26,"quantile",0.025,49.2588249338094
"41150",2020-12-12,"53","14  day ahead inc hosp",2020-12-26,"quantile",0.05,55.0659895250986
"41151",2020-12-12,"53","14  day ahead inc hosp",2020-12-26,"quantile",0.1,61.7612783854507
"41152",2020-12-12,"53","14  day ahead inc hosp",2020-12-26,"quantile",0.15,66.278557993575
"41153",2020-12-12,"53","14  day ahead inc hosp",2020-12-26,"quantile",0.2,69.8687486254346
"41154",2020-12-12,"53","14  day ahead inc hosp",2020-12-26,"quantile",0.25,72.9488125109346
"41155",2020-12-12,"53","14  day ahead inc hosp",2020-12-26,"quantile",0.3,75.7148050734899
"41156",2020-12-12,"53","14  day ahead inc hosp",2020-12-26,"quantile",0.35,78.2779093979929
"41157",2020-12-12,"53","14  day ahead inc hosp",2020-12-26,"quantile",0.4,80.7100447554279
"41158",2020-12-12,"53","14  day ahead inc hosp",2020-12-26,"quantile",0.45,83.0631638606194
"41159",2020-12-12,"53","14  day ahead inc hosp",2020-12-26,"quantile",0.5,85.3789751514157
"41160",2020-12-12,"53","14  day ahead inc hosp",2020-12-26,"quantile",0.55,87.694786442212
"41161",2020-12-12,"53","14  day ahead inc hosp",2020-12-26,"quantile",0.6,90.0479055474035
"41162",2020-12-12,"53","14  day ahead inc hosp",2020-12-26,"quantile",0.65,92.4800409048385
"41163",2020-12-12,"53","14  day ahead inc hosp",2020-12-26,"quantile",0.7,95.0431452293415
"41164",2020-12-12,"53","14  day ahead inc hosp",2020-12-26,"quantile",0.75,97.8091377918968
"41165",2020-12-12,"53","14  day ahead inc hosp",2020-12-26,"quantile",0.8,100.889201677397
"41166",2020-12-12,"53","14  day ahead inc hosp",2020-12-26,"quantile",0.85,104.479392309256
"41167",2020-12-12,"53","14  day ahead inc hosp",2020-12-26,"quantile",0.9,108.996671917381
"41168",2020-12-12,"53","14  day ahead inc hosp",2020-12-26,"quantile",0.95,115.691960777733
"41169",2020-12-12,"53","14  day ahead inc hosp",2020-12-26,"quantile",0.975,121.499125369022
"41170",2020-12-12,"53","14  day ahead inc hosp",2020-12-26,"quantile",0.99,128.251209198351
"41171",2020-12-12,"53","15  day ahead inc hosp",2020-12-27,"quantile",0.01,41.825775920262
"41172",2020-12-12,"53","15  day ahead inc hosp",2020-12-27,"quantile",0.025,48.7658825086047
"41173",2020-12-12,"53","15  day ahead inc hosp",2020-12-27,"quantile",0.05,54.7347570454608
"41174",2020-12-12,"53","15  day ahead inc hosp",2020-12-27,"quantile",0.1,61.6164871165176
"41175",2020-12-12,"53","15  day ahead inc hosp",2020-12-27,"quantile",0.15,66.2595577243728
"41176",2020-12-12,"53","15  day ahead inc hosp",2020-12-27,"quantile",0.2,69.9497230551626
"41177",2020-12-12,"53","15  day ahead inc hosp",2020-12-27,"quantile",0.25,73.1155563304288
"41178",2020-12-12,"53","15  day ahead inc hosp",2020-12-27,"quantile",0.3,75.9585724558085
"41179",2020-12-12,"53","15  day ahead inc hosp",2020-12-27,"quantile",0.35,78.5930505900739
"41180",2020-12-12,"53","15  day ahead inc hosp",2020-12-27,"quantile",0.4,81.0929127133132
"41181",2020-12-12,"53","15  day ahead inc hosp",2020-12-27,"quantile",0.45,83.511558248216
"41182",2020-12-12,"53","15  day ahead inc hosp",2020-12-27,"quantile",0.5,85.8918570719366
"41183",2020-12-12,"53","15  day ahead inc hosp",2020-12-27,"quantile",0.55,88.2721558956573
"41184",2020-12-12,"53","15  day ahead inc hosp",2020-12-27,"quantile",0.6,90.69080143056
"41185",2020-12-12,"53","15  day ahead inc hosp",2020-12-27,"quantile",0.65,93.1906635537994
"41186",2020-12-12,"53","15  day ahead inc hosp",2020-12-27,"quantile",0.7,95.8251416880648
"41187",2020-12-12,"53","15  day ahead inc hosp",2020-12-27,"quantile",0.75,98.6681578134445
"41188",2020-12-12,"53","15  day ahead inc hosp",2020-12-27,"quantile",0.8,101.833991088711
"41189",2020-12-12,"53","15  day ahead inc hosp",2020-12-27,"quantile",0.85,105.5241564195
"41190",2020-12-12,"53","15  day ahead inc hosp",2020-12-27,"quantile",0.9,110.167227027356
"41191",2020-12-12,"53","15  day ahead inc hosp",2020-12-27,"quantile",0.95,117.048957098412
"41192",2020-12-12,"53","15  day ahead inc hosp",2020-12-27,"quantile",0.975,123.017831635269
"41193",2020-12-12,"53","15  day ahead inc hosp",2020-12-27,"quantile",0.99,129.957938223611
"41194",2020-12-12,"53","16  day ahead inc hosp",2020-12-28,"quantile",0.01,40.663430568721
"41195",2020-12-12,"53","16  day ahead inc hosp",2020-12-28,"quantile",0.025,47.7865986052645
"41196",2020-12-12,"53","16  day ahead inc hosp",2020-12-28,"quantile",0.05,53.912916086683
"41197",2020-12-12,"53","16  day ahead inc hosp",2020-12-28,"quantile",0.1,60.9761677895618
"41198",2020-12-12,"53","16  day ahead inc hosp",2020-12-28,"quantile",0.15,65.7417101806314
"41199",2020-12-12,"53","16  day ahead inc hosp",2020-12-28,"quantile",0.2,69.5292122022855
"41200",2020-12-12,"53","16  day ahead inc hosp",2020-12-28,"quantile",0.25,72.7785516912899
"41201",2020-12-12,"53","16  day ahead inc hosp",2020-12-28,"quantile",0.3,75.6965589774747
"41202",2020-12-12,"53","16  day ahead inc hosp",2020-12-28,"quantile",0.35,78.4005275981429
"41203",2020-12-12,"53","16  day ahead inc hosp",2020-12-28,"quantile",0.4,80.9663293974892
"41204",2020-12-12,"53","16  day ahead inc hosp",2020-12-28,"quantile",0.45,83.448772332139
"41205",2020-12-12,"53","16  day ahead inc hosp",2020-12-28,"quantile",0.5,85.8918570719366
"41206",2020-12-12,"53","16  day ahead inc hosp",2020-12-28,"quantile",0.55,88.3349418117342
"41207",2020-12-12,"53","16  day ahead inc hosp",2020-12-28,"quantile",0.6,90.8173847463841
"41208",2020-12-12,"53","16  day ahead inc hosp",2020-12-28,"quantile",0.65,93.3831865457303
"41209",2020-12-12,"53","16  day ahead inc hosp",2020-12-28,"quantile",0.7,96.0871551663986
"41210",2020-12-12,"53","16  day ahead inc hosp",2020-12-28,"quantile",0.75,99.0051624525833
"41211",2020-12-12,"53","16  day ahead inc hosp",2020-12-28,"quantile",0.8,102.254501941588
"41212",2020-12-12,"53","16  day ahead inc hosp",2020-12-28,"quantile",0.85,106.042003963242
"41213",2020-12-12,"53","16  day ahead inc hosp",2020-12-28,"quantile",0.9,110.807546354311
"41214",2020-12-12,"53","16  day ahead inc hosp",2020-12-28,"quantile",0.95,117.87079805719
"41215",2020-12-12,"53","16  day ahead inc hosp",2020-12-28,"quantile",0.975,123.997115538609
"41216",2020-12-12,"53","16  day ahead inc hosp",2020-12-28,"quantile",0.99,131.120283575152
"41217",2020-12-12,"53","17  day ahead inc hosp",2020-12-29,"quantile",0.01,39.5302175426061
"41218",2020-12-12,"53","17  day ahead inc hosp",2020-12-29,"quantile",0.025,46.8318588852161
"41219",2020-12-12,"53","17  day ahead inc hosp",2020-12-29,"quantile",0.05,53.1116732558436
"41220",2020-12-12,"53","17  day ahead inc hosp",2020-12-29,"quantile",0.1,60.3518970414425
"41221",2020-12-12,"53","17  day ahead inc hosp",2020-12-29,"quantile",0.15,65.2368416565466
"41222",2020-12-12,"53","17  day ahead inc hosp",2020-12-29,"quantile",0.2,69.1192407807357
"41223",2020-12-12,"53","17  day ahead inc hosp",2020-12-29,"quantile",0.25,72.4499935339171
"41224",2020-12-12,"53","17  day ahead inc hosp",2020-12-29,"quantile",0.3,75.4411124475153
"41225",2020-12-12,"53","17  day ahead inc hosp",2020-12-29,"quantile",0.35,78.2128298867928
"41226",2020-12-12,"53","17  day ahead inc hosp",2020-12-29,"quantile",0.4,80.8429186898278
"41227",2020-12-12,"53","17  day ahead inc hosp",2020-12-29,"quantile",0.45,83.3875600445339
"41228",2020-12-12,"53","17  day ahead inc hosp",2020-12-29,"quantile",0.5,85.8918570719366
"41229",2020-12-12,"53","17  day ahead inc hosp",2020-12-29,"quantile",0.55,88.3961540993394
"41230",2020-12-12,"53","17  day ahead inc hosp",2020-12-29,"quantile",0.6,90.9407954540455
"41231",2020-12-12,"53","17  day ahead inc hosp",2020-12-29,"quantile",0.65,93.5708842570805
"41232",2020-12-12,"53","17  day ahead inc hosp",2020-12-29,"quantile",0.7,96.3426016963579
"41233",2020-12-12,"53","17  day ahead inc hosp",2020-12-29,"quantile",0.75,99.3337206099562
"41234",2020-12-12,"53","17  day ahead inc hosp",2020-12-29,"quantile",0.8,102.664473363138
"41235",2020-12-12,"53","17  day ahead inc hosp",2020-12-29,"quantile",0.85,106.546872487327
"41236",2020-12-12,"53","17  day ahead inc hosp",2020-12-29,"quantile",0.9,111.431817102431
"41237",2020-12-12,"53","17  day ahead inc hosp",2020-12-29,"quantile",0.95,118.67204088803
"41238",2020-12-12,"53","17  day ahead inc hosp",2020-12-29,"quantile",0.975,124.951855258657
"41239",2020-12-12,"53","17  day ahead inc hosp",2020-12-29,"quantile",0.99,132.253496601267
"41240",2020-12-12,"53","18  day ahead inc hosp",2020-12-30,"quantile",0.01,38.4240503421288
"41241",2020-12-12,"53","18  day ahead inc hosp",2020-12-30,"quantile",0.025,45.8999054581265
"41242",2020-12-12,"53","18  day ahead inc hosp",2020-12-30,"quantile",0.05,52.3295532848698
"41243",2020-12-12,"53","18  day ahead inc hosp",2020-12-30,"quantile",0.1,59.742525449453
"41244",2020-12-12,"53","18  day ahead inc hosp",2020-12-30,"quantile",0.15,64.744022575733
"41245",2020-12-12,"53","18  day ahead inc hosp",2020-12-30,"quantile",0.2,68.7190539410149
"41246",2020-12-12,"53","18  day ahead inc hosp",2020-12-30,"quantile",0.25,72.1292769089227
"41247",2020-12-12,"53","18  day ahead inc hosp",2020-12-30,"quantile",0.3,75.1917625314756
"41248",2020-12-12,"53","18  day ahead inc hosp",2020-12-30,"quantile",0.35,78.0296118623654
"41249",2020-12-12,"53","18  day ahead inc hosp",2020-12-30,"quantile",0.4,80.7224533634886
"41250",2020-12-12,"53","18  day ahead inc hosp",2020-12-30,"quantile",0.45,83.3278086798262
"41251",2020-12-12,"53","18  day ahead inc hosp",2020-12-30,"quantile",0.5,85.8918570719366
"41252",2020-12-12,"53","18  day ahead inc hosp",2020-12-30,"quantile",0.55,88.4559054640471
"41253",2020-12-12,"53","18  day ahead inc hosp",2020-12-30,"quantile",0.6,91.0612607803846
"41254",2020-12-12,"53","18  day ahead inc hosp",2020-12-30,"quantile",0.65,93.7541022815079
"41255",2020-12-12,"53","18  day ahead inc hosp",2020-12-30,"quantile",0.7,96.5919516123976
"41256",2020-12-12,"53","18  day ahead inc hosp",2020-12-30,"quantile",0.75,99.6544372349505
"41257",2020-12-12,"53","18  day ahead inc hosp",2020-12-30,"quantile",0.8,103.064660202858
"41258",2020-12-12,"53","18  day ahead inc hosp",2020-12-30,"quantile",0.85,107.03969156814
"41259",2020-12-12,"53","18  day ahead inc hosp",2020-12-30,"quantile",0.9,112.04118869442
"41260",2020-12-12,"53","18  day ahead inc hosp",2020-12-30,"quantile",0.95,119.454160859004
"41261",2020-12-12,"53","18  day ahead inc hosp",2020-12-30,"quantile",0.975,125.883808685747
"41262",2020-12-12,"53","18  day ahead inc hosp",2020-12-30,"quantile",0.99,133.359663801744
"41263",2020-12-12,"53","19  day ahead inc hosp",2020-12-31,"quantile",0.01,37.343080242554
"41264",2020-12-12,"53","19  day ahead inc hosp",2020-12-31,"quantile",0.025,44.9891807607703
"41265",2020-12-12,"53","19  day ahead inc hosp",2020-12-31,"quantile",0.05,51.5652490254972
"41266",2020-12-12,"53","19  day ahead inc hosp",2020-12-31,"quantile",0.1,59.1470345777414
"41267",2020-12-12,"53","19  day ahead inc hosp",2020-12-31,"quantile",0.15,64.2624292952329
"41268",2020-12-12,"53","19  day ahead inc hosp",2020-12-31,"quantile",0.2,68.3279828553826
"41269",2020-12-12,"53","19  day ahead inc hosp",2020-12-31,"quantile",0.25,71.8158658062379
"41270",2020-12-12,"53","19  day ahead inc hosp",2020-12-31,"quantile",0.3,74.9480924936604
"41271",2020-12-12,"53","19  day ahead inc hosp",2020-12-31,"quantile",0.35,77.8505673146481
"41272",2020-12-12,"53","19  day ahead inc hosp",2020-12-31,"quantile",0.4,80.6047320861338
"41273",2020-12-12,"53","19  day ahead inc hosp",2020-12-31,"quantile",0.45,83.2694183762355
"41274",2020-12-12,"53","19  day ahead inc hosp",2020-12-31,"quantile",0.5,85.8918570719366
"41275",2020-12-12,"53","19  day ahead inc hosp",2020-12-31,"quantile",0.55,88.5142957676377
"41276",2020-12-12,"53","19  day ahead inc hosp",2020-12-31,"quantile",0.6,91.1789820577394
"41277",2020-12-12,"53","19  day ahead inc hosp",2020-12-31,"quantile",0.65,93.9331468292252
"41278",2020-12-12,"53","19  day ahead inc hosp",2020-12-31,"quantile",0.7,96.8356216502129
"41279",2020-12-12,"53","19  day ahead inc hosp",2020-12-31,"quantile",0.75,99.9678483376353
"41280",2020-12-12,"53","19  day ahead inc hosp",2020-12-31,"quantile",0.8,103.455731288491
"41281",2020-12-12,"53","19  day ahead inc hosp",2020-12-31,"quantile",0.85,107.52128484864
"41282",2020-12-12,"53","19  day ahead inc hosp",2020-12-31,"quantile",0.9,112.636679566132
"41283",2020-12-12,"53","19  day ahead inc hosp",2020-12-31,"quantile",0.95,120.218465118376
"41284",2020-12-12,"53","19  day ahead inc hosp",2020-12-31,"quantile",0.975,126.794533383103
"41285",2020-12-12,"53","19  day ahead inc hosp",2020-12-31,"quantile",0.99,134.440633901319
"41286",2020-12-12,"53","20  day ahead inc hosp",2021-01-01,"quantile",0.01,36.2856600042315
"41287",2020-12-12,"53","20  day ahead inc hosp",2021-01-01,"quantile",0.025,44.098296982483
"41288",2020-12-12,"53","20  day ahead inc hosp",2021-01-01,"quantile",0.05,50.8175957903017
"41289",2020-12-12,"53","20  day ahead inc hosp",2021-01-01,"quantile",0.1,58.5645169856897
"41290",2020-12-12,"53","20  day ahead inc hosp",2021-01-01,"quantile",0.15,63.7913279376271
"41291",2020-12-12,"53","20  day ahead inc hosp",2021-01-01,"quantile",0.2,67.9454315889479
"41292",2020-12-12,"53","20  day ahead inc hosp",2021-01-01,"quantile",0.25,71.5092826333784
"41293",2020-12-12,"53","20  day ahead inc hosp",2021-01-01,"quantile",0.3,74.7097310167239
"41294",2020-12-12,"53","20  day ahead inc hosp",2021-01-01,"quantile",0.35,77.6754234060496
"41295",2020-12-12,"53","20  day ahead inc hosp",2021-01-01,"quantile",0.4,80.4895754678286
"41296",2020-12-12,"53","20  day ahead inc hosp",2021-01-01,"quantile",0.45,83.2123001555162
"41297",2020-12-12,"53","20  day ahead inc hosp",2021-01-01,"quantile",0.5,85.8918570719366
"41298",2020-12-12,"53","20  day ahead inc hosp",2021-01-01,"quantile",0.55,88.571413988357
"41299",2020-12-12,"53","20  day ahead inc hosp",2021-01-01,"quantile",0.6,91.2941386760447
"41300",2020-12-12,"53","20  day ahead inc hosp",2021-01-01,"quantile",0.65,94.1082907378237
"41301",2020-12-12,"53","20  day ahead inc hosp",2021-01-01,"quantile",0.7,97.0739831271493
"41302",2020-12-12,"53","20  day ahead inc hosp",2021-01-01,"quantile",0.75,100.274431510495
"41303",2020-12-12,"53","20  day ahead inc hosp",2021-01-01,"quantile",0.8,103.838282554925
"41304",2020-12-12,"53","20  day ahead inc hosp",2021-01-01,"quantile",0.85,107.992386206246
"41305",2020-12-12,"53","20  day ahead inc hosp",2021-01-01,"quantile",0.9,113.219197158184
"41306",2020-12-12,"53","20  day ahead inc hosp",2021-01-01,"quantile",0.95,120.966118353572
"41307",2020-12-12,"53","20  day ahead inc hosp",2021-01-01,"quantile",0.975,127.68541716139
"41308",2020-12-12,"53","20  day ahead inc hosp",2021-01-01,"quantile",0.99,135.498054139642
"41309",2020-12-12,"53","21  day ahead inc hosp",2021-01-02,"quantile",0.01,35.2503144077285
"41310",2020-12-12,"53","21  day ahead inc hosp",2021-01-02,"quantile",0.025,43.2260112408097
"41311",2020-12-12,"53","21  day ahead inc hosp",2021-01-02,"quantile",0.05,50.0855505194464
"41312",2020-12-12,"53","21  day ahead inc hosp",2021-01-02,"quantile",0.1,57.9941599961423
"41313",2020-12-12,"53","21  day ahead inc hosp",2021-01-02,"quantile",0.15,63.3300612638613
"41314",2020-12-12,"53","21  day ahead inc hosp",2021-01-02,"quantile",0.2,67.570866439932
"41315",2020-12-12,"53","21  day ahead inc hosp",2021-01-02,"quantile",0.25,71.2090996725477
"41316",2020-12-12,"53","21  day ahead inc hosp",2021-01-02,"quantile",0.3,74.4763455597617
"41317",2020-12-12,"53","21  day ahead inc hosp",2021-01-02,"quantile",0.35,77.5039357912396
"41318",2020-12-12,"53","21  day ahead inc hosp",2021-01-02,"quantile",0.4,80.3768228522179
"41319",2020-12-12,"53","21  day ahead inc hosp",2021-01-02,"quantile",0.45,83.1563743313655
"41320",2020-12-12,"53","21  day ahead inc hosp",2021-01-02,"quantile",0.5,85.8918570719366
"41321",2020-12-12,"53","21  day ahead inc hosp",2021-01-02,"quantile",0.55,88.6273398125078
"41322",2020-12-12,"53","21  day ahead inc hosp",2021-01-02,"quantile",0.6,91.4068912916553
"41323",2020-12-12,"53","21  day ahead inc hosp",2021-01-02,"quantile",0.65,94.2797783526336
"41324",2020-12-12,"53","21  day ahead inc hosp",2021-01-02,"quantile",0.7,97.3073685841115
"41325",2020-12-12,"53","21  day ahead inc hosp",2021-01-02,"quantile",0.75,100.574614471326
"41326",2020-12-12,"53","21  day ahead inc hosp",2021-01-02,"quantile",0.8,104.212847703941
"41327",2020-12-12,"53","21  day ahead inc hosp",2021-01-02,"quantile",0.85,108.453652880012
"41328",2020-12-12,"53","21  day ahead inc hosp",2021-01-02,"quantile",0.9,113.789554147731
"41329",2020-12-12,"53","21  day ahead inc hosp",2021-01-02,"quantile",0.95,121.698163624427
"41330",2020-12-12,"53","21  day ahead inc hosp",2021-01-02,"quantile",0.975,128.557702903064
"41331",2020-12-12,"53","21  day ahead inc hosp",2021-01-02,"quantile",0.99,136.533399736145
"41332",2020-12-12,"53","22  day ahead inc hosp",2021-01-03,"quantile",0.01,36.8131864894861
"41333",2020-12-12,"53","22  day ahead inc hosp",2021-01-03,"quantile",0.025,44.948675619987
"41334",2020-12-12,"53","22  day ahead inc hosp",2021-01-03,"quantile",0.05,51.9456450898049
"41335",2020-12-12,"53","22  day ahead inc hosp",2021-01-03,"quantile",0.1,60.0127027753689
"41336",2020-12-12,"53","22  day ahead inc hosp",2021-01-03,"quantile",0.15,65.4555082973767
"41337",2020-12-12,"53","22  day ahead inc hosp",2021-01-03,"quantile",0.2,69.7812775858222
"41338",2020-12-12,"53","22  day ahead inc hosp",2021-01-03,"quantile",0.25,73.4924024615075
"41339",2020-12-12,"53","22  day ahead inc hosp",2021-01-03,"quantile",0.3,76.8251072970091
"41340",2020-12-12,"53","22  day ahead inc hosp",2021-01-03,"quantile",0.35,79.9133549994087
"41341",2020-12-12,"53","22  day ahead inc hosp",2021-01-03,"quantile",0.4,82.8438000685847
"41342",2020-12-12,"53","22  day ahead inc hosp",2021-01-03,"quantile",0.45,85.679039586777
"41343",2020-12-12,"53","22  day ahead inc hosp",2021-01-03,"quantile",0.5,88.469327453573
"41344",2020-12-12,"53","22  day ahead inc hosp",2021-01-03,"quantile",0.55,91.2596153203689
"41345",2020-12-12,"53","22  day ahead inc hosp",2021-01-03,"quantile",0.6,94.0948548385612
"41346",2020-12-12,"53","22  day ahead inc hosp",2021-01-03,"quantile",0.65,97.0252999077372
"41347",2020-12-12,"53","22  day ahead inc hosp",2021-01-03,"quantile",0.7,100.113547610137
"41348",2020-12-12,"53","22  day ahead inc hosp",2021-01-03,"quantile",0.75,103.446252445638
"41349",2020-12-12,"53","22  day ahead inc hosp",2021-01-03,"quantile",0.8,107.157377321324
"41350",2020-12-12,"53","22  day ahead inc hosp",2021-01-03,"quantile",0.85,111.483146609769
"41351",2020-12-12,"53","22  day ahead inc hosp",2021-01-03,"quantile",0.9,116.925952131777
"41352",2020-12-12,"53","22  day ahead inc hosp",2021-01-03,"quantile",0.95,124.993009817341
"41353",2020-12-12,"53","22  day ahead inc hosp",2021-01-03,"quantile",0.975,131.989979287159
"41354",2020-12-12,"53","22  day ahead inc hosp",2021-01-03,"quantile",0.99,140.12546841766
"41355",2020-12-12,"53","23  day ahead inc hosp",2021-01-04,"quantile",0.01,35.8181360597173
"41356",2020-12-12,"53","23  day ahead inc hosp",2021-01-04,"quantile",0.025,44.1103388317059
"41357",2020-12-12,"53","23  day ahead inc hosp",2021-01-04,"quantile",0.05,51.2420906787607
"41358",2020-12-12,"53","23  day ahead inc hosp",2021-01-04,"quantile",0.1,59.4645438132912
"41359",2020-12-12,"53","23  day ahead inc hosp",2021-01-04,"quantile",0.15,65.0121939069751
"41360",2020-12-12,"53","23  day ahead inc hosp",2021-01-04,"quantile",0.2,69.4212903373482
"41361",2020-12-12,"53","23  day ahead inc hosp",2021-01-04,"quantile",0.25,73.2039024812181
"41362",2020-12-12,"53","23  day ahead inc hosp",2021-01-04,"quantile",0.3,76.6008050929562
"41363",2020-12-12,"53","23  day ahead inc hosp",2021-01-04,"quantile",0.35,79.7485416024202
"41364",2020-12-12,"53","23  day ahead inc hosp",2021-01-04,"quantile",0.4,82.7354357320773
"41365",2020-12-12,"53","23  day ahead inc hosp",2021-01-04,"quantile",0.45,85.6252903695646
"41366",2020-12-12,"53","23  day ahead inc hosp",2021-01-04,"quantile",0.5,88.469327453573
"41367",2020-12-12,"53","23  day ahead inc hosp",2021-01-04,"quantile",0.55,91.3133645375814
"41368",2020-12-12,"53","23  day ahead inc hosp",2021-01-04,"quantile",0.6,94.2032191750687
"41369",2020-12-12,"53","23  day ahead inc hosp",2021-01-04,"quantile",0.65,97.1901133047257
"41370",2020-12-12,"53","23  day ahead inc hosp",2021-01-04,"quantile",0.7,100.33784981419
"41371",2020-12-12,"53","23  day ahead inc hosp",2021-01-04,"quantile",0.75,103.734752425928
"41372",2020-12-12,"53","23  day ahead inc hosp",2021-01-04,"quantile",0.8,107.517364569798
"41373",2020-12-12,"53","23  day ahead inc hosp",2021-01-04,"quantile",0.85,111.926461000171
"41374",2020-12-12,"53","23  day ahead inc hosp",2021-01-04,"quantile",0.9,117.474111093855
"41375",2020-12-12,"53","23  day ahead inc hosp",2021-01-04,"quantile",0.95,125.696564228385
"41376",2020-12-12,"53","23  day ahead inc hosp",2021-01-04,"quantile",0.975,132.82831607544
"41377",2020-12-12,"53","23  day ahead inc hosp",2021-01-04,"quantile",0.99,141.120518847429
"41378",2020-12-12,"53","24  day ahead inc hosp",2021-01-05,"quantile",0.01,34.8415453711185
"41379",2020-12-12,"53","24  day ahead inc hosp",2021-01-05,"quantile",0.025,43.2875545015334
"41380",2020-12-12,"53","24  day ahead inc hosp",2021-01-05,"quantile",0.05,50.5515883020037
"41381",2020-12-12,"53","24  day ahead inc hosp",2021-01-05,"quantile",0.1,58.9265540569715
"41382",2020-12-12,"53","24  day ahead inc hosp",2021-01-05,"quantile",0.15,64.5771036916091
"41383",2020-12-12,"53","24  day ahead inc hosp",2021-01-05,"quantile",0.2,69.0679814151505
"41384",2020-12-12,"53","24  day ahead inc hosp",2021-01-05,"quantile",0.25,72.9207546266142
"41385",2020-12-12,"53","24  day ahead inc hosp",2021-01-05,"quantile",0.3,76.3806640454706
"41386",2020-12-12,"53","24  day ahead inc hosp",2021-01-05,"quantile",0.35,79.5867857516211
"41387",2020-12-12,"53","24  day ahead inc hosp",2021-01-05,"quantile",0.4,82.6290817234327
"41388",2020-12-12,"53","24  day ahead inc hosp",2021-01-05,"quantile",0.45,85.5725382843649
"41389",2020-12-12,"53","24  day ahead inc hosp",2021-01-05,"quantile",0.5,88.469327453573
"41390",2020-12-12,"53","24  day ahead inc hosp",2021-01-05,"quantile",0.55,91.366116622781
"41391",2020-12-12,"53","24  day ahead inc hosp",2021-01-05,"quantile",0.6,94.3095731837132
"41392",2020-12-12,"53","24  day ahead inc hosp",2021-01-05,"quantile",0.65,97.3518691555248
"41393",2020-12-12,"53","24  day ahead inc hosp",2021-01-05,"quantile",0.7,100.557990861675
"41394",2020-12-12,"53","24  day ahead inc hosp",2021-01-05,"quantile",0.75,104.017900280532
"41395",2020-12-12,"53","24  day ahead inc hosp",2021-01-05,"quantile",0.8,107.870673491995
"41396",2020-12-12,"53","24  day ahead inc hosp",2021-01-05,"quantile",0.85,112.361551215537
"41397",2020-12-12,"53","24  day ahead inc hosp",2021-01-05,"quantile",0.9,118.012100850174
"41398",2020-12-12,"53","24  day ahead inc hosp",2021-01-05,"quantile",0.95,126.387066605142
"41399",2020-12-12,"53","24  day ahead inc hosp",2021-01-05,"quantile",0.975,133.651100405613
"41400",2020-12-12,"53","24  day ahead inc hosp",2021-01-05,"quantile",0.99,142.097109536027
"41401",2020-12-12,"53","25  day ahead inc hosp",2021-01-06,"quantile",0.01,33.8824236489603
"41402",2020-12-12,"53","25  day ahead inc hosp",2021-01-06,"quantile",0.025,42.4794878949881
"41403",2020-12-12,"53","25  day ahead inc hosp",2021-01-06,"quantile",0.05,49.8734374282741
"41404",2020-12-12,"53","25  day ahead inc hosp",2021-01-06,"quantile",0.1,58.3981877028696
"41405",2020-12-12,"53","25  day ahead inc hosp",2021-01-06,"quantile",0.15,64.1497962417965
"41406",2020-12-12,"53","25  day ahead inc hosp",2021-01-06,"quantile",0.2,68.7209923788345
"41407",2020-12-12,"53","25  day ahead inc hosp",2021-01-06,"quantile",0.25,72.6426716373911
"41408",2020-12-12,"53","25  day ahead inc hosp",2021-01-06,"quantile",0.3,76.1644608161679
"41409",2020-12-12,"53","25  day ahead inc hosp",2021-01-06,"quantile",0.35,79.4279233418124
"41410",2020-12-12,"53","25  day ahead inc hosp",2021-01-06,"quantile",0.4,82.5246301439528
"41411",2020-12-12,"53","25  day ahead inc hosp",2021-01-06,"quantile",0.45,85.5207298129195
"41412",2020-12-12,"53","25  day ahead inc hosp",2021-01-06,"quantile",0.5,88.469327453573
"41413",2020-12-12,"53","25  day ahead inc hosp",2021-01-06,"quantile",0.55,91.4179250942264
"41414",2020-12-12,"53","25  day ahead inc hosp",2021-01-06,"quantile",0.6,94.4140247631931
"41415",2020-12-12,"53","25  day ahead inc hosp",2021-01-06,"quantile",0.65,97.5107315653336
"41416",2020-12-12,"53","25  day ahead inc hosp",2021-01-06,"quantile",0.7,100.774194090978
"41417",2020-12-12,"53","25  day ahead inc hosp",2021-01-06,"quantile",0.75,104.295983269755
"41418",2020-12-12,"53","25  day ahead inc hosp",2021-01-06,"quantile",0.8,108.217662528311
"41419",2020-12-12,"53","25  day ahead inc hosp",2021-01-06,"quantile",0.85,112.788858665349
"41420",2020-12-12,"53","25  day ahead inc hosp",2021-01-06,"quantile",0.9,118.540467204276
"41421",2020-12-12,"53","25  day ahead inc hosp",2021-01-06,"quantile",0.95,127.065217478872
"41422",2020-12-12,"53","25  day ahead inc hosp",2021-01-06,"quantile",0.975,134.459167012158
"41423",2020-12-12,"53","25  day ahead inc hosp",2021-01-06,"quantile",0.99,143.056231258186
"41424",2020-12-12,"53","26  day ahead inc hosp",2021-01-07,"quantile",0.01,32.9398656979892
"41425",2020-12-12,"53","26  day ahead inc hosp",2021-01-07,"quantile",0.025,41.6853763788818
"41426",2020-12-12,"53","26  day ahead inc hosp",2021-01-07,"quantile",0.05,49.2069980356248
"41427",2020-12-12,"53","26  day ahead inc hosp",2021-01-07,"quantile",0.1,57.8789460919469
"41428",2020-12-12,"53","26  day ahead inc hosp",2021-01-07,"quantile",0.15,63.7298682753817
"41429",2020-12-12,"53","26  day ahead inc hosp",2021-01-07,"quantile",0.2,68.379995748768
"41430",2020-12-12,"53","26  day ahead inc hosp",2021-01-07,"quantile",0.25,72.369391065732
"41431",2020-12-12,"53","26  day ahead inc hosp",2021-01-07,"quantile",0.3,75.9519913578114
"41432",2020-12-12,"53","26  day ahead inc hosp",2021-01-07,"quantile",0.35,79.2718044425983
"41433",2020-12-12,"53","26  day ahead inc hosp",2021-01-07,"quantile",0.4,82.4219824148316
"41434",2020-12-12,"53","26  day ahead inc hosp",2021-01-07,"quantile",0.45,85.4698160596801
"41435",2020-12-12,"53","26  day ahead inc hosp",2021-01-07,"quantile",0.5,88.469327453573
"41436",2020-12-12,"53","26  day ahead inc hosp",2021-01-07,"quantile",0.55,91.4688388474659
"41437",2020-12-12,"53","26  day ahead inc hosp",2021-01-07,"quantile",0.6,94.5166724923143
"41438",2020-12-12,"53","26  day ahead inc hosp",2021-01-07,"quantile",0.65,97.6668504645477
"41439",2020-12-12,"53","26  day ahead inc hosp",2021-01-07,"quantile",0.7,100.986663549335
"41440",2020-12-12,"53","26  day ahead inc hosp",2021-01-07,"quantile",0.75,104.569263841414
"41441",2020-12-12,"53","26  day ahead inc hosp",2021-01-07,"quantile",0.8,108.558659158378
"41442",2020-12-12,"53","26  day ahead inc hosp",2021-01-07,"quantile",0.85,113.208786631764
"41443",2020-12-12,"53","26  day ahead inc hosp",2021-01-07,"quantile",0.9,119.059708815199
"41444",2020-12-12,"53","26  day ahead inc hosp",2021-01-07,"quantile",0.95,127.731656871521
"41445",2020-12-12,"53","26  day ahead inc hosp",2021-01-07,"quantile",0.975,135.253278528264
"41446",2020-12-12,"53","26  day ahead inc hosp",2021-01-07,"quantile",0.99,143.998789209157
"41447",2020-12-12,"53","27  day ahead inc hosp",2021-01-08,"quantile",0.01,32.0130418977941
"41448",2020-12-12,"53","27  day ahead inc hosp",2021-01-08,"quantile",0.025,40.9045209923477
"41449",2020-12-12,"53","27  day ahead inc hosp",2021-01-08,"quantile",0.05,48.5516835376052
"41450",2020-12-12,"53","27  day ahead inc hosp",2021-01-08,"quantile",0.1,57.3683721982579
"41451",2020-12-12,"53","27  day ahead inc hosp",2021-01-08,"quantile",0.15,63.316950180277
"41452",2020-12-12,"53","27  day ahead inc hosp",2021-01-08,"quantile",0.2,68.0446913866263
"41453",2020-12-12,"53","27  day ahead inc hosp",2021-01-08,"quantile",0.25,72.1006723756147
"41454",2020-12-12,"53","27  day ahead inc hosp",2021-01-08,"quantile",0.3,75.7430686590887
"41455",2020-12-12,"53","27  day ahead inc hosp",2021-01-08,"quantile",0.35,79.1182916412869
"41456",2020-12-12,"53","27  day ahead inc hosp",2021-01-08,"quantile",0.4,82.3210481876178
"41457",2020-12-12,"53","27  day ahead inc hosp",2021-01-08,"quantile",0.45,85.4197522113926
"41458",2020-12-12,"53","27  day ahead inc hosp",2021-01-08,"quantile",0.5,88.469327453573
"41459",2020-12-12,"53","27  day ahead inc hosp",2021-01-08,"quantile",0.55,91.5189026957533
"41460",2020-12-12,"53","27  day ahead inc hosp",2021-01-08,"quantile",0.6,94.6176067195281
"41461",2020-12-12,"53","27  day ahead inc hosp",2021-01-08,"quantile",0.65,97.8203632658591
"41462",2020-12-12,"53","27  day ahead inc hosp",2021-01-08,"quantile",0.7,101.195586248057
"41463",2020-12-12,"53","27  day ahead inc hosp",2021-01-08,"quantile",0.75,104.837982531531
"41464",2020-12-12,"53","27  day ahead inc hosp",2021-01-08,"quantile",0.8,108.89396352052
"41465",2020-12-12,"53","27  day ahead inc hosp",2021-01-08,"quantile",0.85,113.621704726869
"41466",2020-12-12,"53","27  day ahead inc hosp",2021-01-08,"quantile",0.9,119.570282708888
"41467",2020-12-12,"53","27  day ahead inc hosp",2021-01-08,"quantile",0.95,128.386971369541
"41468",2020-12-12,"53","27  day ahead inc hosp",2021-01-08,"quantile",0.975,136.034133914798
"41469",2020-12-12,"53","27  day ahead inc hosp",2021-01-08,"quantile",0.99,144.925613009352
"41470",2020-12-12,"53","28  day ahead inc hosp",2021-01-09,"quantile",0.01,31.1011896535149
"41471",2020-12-12,"53","28  day ahead inc hosp",2021-01-09,"quantile",0.025,40.1362792440038
"41472",2020-12-12,"53","28  day ahead inc hosp",2021-01-09,"quantile",0.05,47.9069547384505
"41473",2020-12-12,"53","28  day ahead inc hosp",2021-01-09,"quantile",0.1,56.8660459192687
"41474",2020-12-12,"53","28  day ahead inc hosp",2021-01-09,"quantile",0.15,62.910702205586
"41475",2020-12-12,"53","28  day ahead inc hosp",2021-01-09,"quantile",0.2,67.7148034024472
"41476",2020-12-12,"53","28  day ahead inc hosp",2021-01-09,"quantile",0.25,71.8362944640725
"41477",2020-12-12,"53","28  day ahead inc hosp",2021-01-09,"quantile",0.3,75.5375208174482
"41478",2020-12-12,"53","28  day ahead inc hosp",2021-01-09,"quantile",0.35,78.9672586268434
"41479",2020-12-12,"53","28  day ahead inc hosp",2021-01-09,"quantile",0.4,82.2217444131678
"41480",2020-12-12,"53","28  day ahead inc hosp",2021-01-09,"quantile",0.45,85.3704970752939
"41481",2020-12-12,"53","28  day ahead inc hosp",2021-01-09,"quantile",0.5,88.469327453573
"41482",2020-12-12,"53","28  day ahead inc hosp",2021-01-09,"quantile",0.55,91.5681578318521
"41483",2020-12-12,"53","28  day ahead inc hosp",2021-01-09,"quantile",0.6,94.7169104939781
"41484",2020-12-12,"53","28  day ahead inc hosp",2021-01-09,"quantile",0.65,97.9713962803025
"41485",2020-12-12,"53","28  day ahead inc hosp",2021-01-09,"quantile",0.7,101.401134089698
"41486",2020-12-12,"53","28  day ahead inc hosp",2021-01-09,"quantile",0.75,105.102360443073
"41487",2020-12-12,"53","28  day ahead inc hosp",2021-01-09,"quantile",0.8,109.223851504699
"41488",2020-12-12,"53","28  day ahead inc hosp",2021-01-09,"quantile",0.85,114.02795270156
"41489",2020-12-12,"53","28  day ahead inc hosp",2021-01-09,"quantile",0.9,120.072608987877
"41490",2020-12-12,"53","28  day ahead inc hosp",2021-01-09,"quantile",0.95,129.031700168695
"41491",2020-12-12,"53","28  day ahead inc hosp",2021-01-09,"quantile",0.975,136.802375663142
"41492",2020-12-12,"53","28  day ahead inc hosp",2021-01-09,"quantile",0.99,145.837465253631
"41493",2020-12-12,"53","29  day ahead inc hosp",2021-01-10,"quantile",0.01,21.8619486831712
"41494",2020-12-12,"53","29  day ahead inc hosp",2021-01-10,"quantile",0.025,31.0384015560103
"41495",2020-12-12,"53","29  day ahead inc hosp",2021-01-10,"quantile",0.05,38.9306572719891
"41496",2020-12-12,"53","29  day ahead inc hosp",2021-01-10,"quantile",0.1,48.0299226617636
"41497",2020-12-12,"53","29  day ahead inc hosp",2021-01-10,"quantile",0.15,54.1691538213851
"41498",2020-12-12,"53","29  day ahead inc hosp",2021-01-10,"quantile",0.2,59.0484201294641
"41499",2020-12-12,"53","29  day ahead inc hosp",2021-01-10,"quantile",0.25,63.2343961636857
"41500",2020-12-12,"53","29  day ahead inc hosp",2021-01-10,"quantile",0.3,66.9935320154449
"41501",2020-12-12,"53","29  day ahead inc hosp",2021-01-10,"quantile",0.35,70.4769316053328
"41502",2020-12-12,"53","29  day ahead inc hosp",2021-01-10,"quantile",0.4,73.7823371737478
"41503",2020-12-12,"53","29  day ahead inc hosp",2021-01-10,"quantile",0.45,76.9803553143364
"41504",2020-12-12,"53","29  day ahead inc hosp",2021-01-10,"quantile",0.5,80.1276700855297
"41505",2020-12-12,"53","29  day ahead inc hosp",2021-01-10,"quantile",0.55,83.274984856723
"41506",2020-12-12,"53","29  day ahead inc hosp",2021-01-10,"quantile",0.6,86.4730029973116
"41507",2020-12-12,"53","29  day ahead inc hosp",2021-01-10,"quantile",0.65,89.7784085657266
"41508",2020-12-12,"53","29  day ahead inc hosp",2021-01-10,"quantile",0.7,93.2618081556145
"41509",2020-12-12,"53","29  day ahead inc hosp",2021-01-10,"quantile",0.75,97.0209440073737
"41510",2020-12-12,"53","29  day ahead inc hosp",2021-01-10,"quantile",0.8,101.206920041595
"41511",2020-12-12,"53","29  day ahead inc hosp",2021-01-10,"quantile",0.85,106.086186349674
"41512",2020-12-12,"53","29  day ahead inc hosp",2021-01-10,"quantile",0.9,112.225417509296
"41513",2020-12-12,"53","29  day ahead inc hosp",2021-01-10,"quantile",0.95,121.32468289907
"41514",2020-12-12,"53","29  day ahead inc hosp",2021-01-10,"quantile",0.975,129.216938615049
"41515",2020-12-12,"53","29  day ahead inc hosp",2021-01-10,"quantile",0.99,138.393391487888
"41516",2020-12-12,"53","30  day ahead inc hosp",2021-01-11,"quantile",0.01,20.977984148679
"41517",2020-12-12,"53","30  day ahead inc hosp",2021-01-11,"quantile",0.025,30.2936553937754
"41518",2020-12-12,"53","30  day ahead inc hosp",2021-01-11,"quantile",0.05,38.3056465902761
"41519",2020-12-12,"53","30  day ahead inc hosp",2021-01-11,"quantile",0.1,47.5429593207666
"41520",2020-12-12,"53","30  day ahead inc hosp",2021-01-11,"quantile",0.15,53.7753303657879
"41521",2020-12-12,"53","30  day ahead inc hosp",2021-01-11,"quantile",0.2,58.7286213021882
"41522",2020-12-12,"53","30  day ahead inc hosp",2021-01-11,"quantile",0.25,62.9781038762317
"41523",2020-12-12,"53","30  day ahead inc hosp",2021-01-11,"quantile",0.3,66.794270563503
"41524",2020-12-12,"53","30  day ahead inc hosp",2021-01-11,"quantile",0.35,70.3305177217864
"41525",2020-12-12,"53","30  day ahead inc hosp",2021-01-11,"quantile",0.4,73.6860704646338
"41526",2020-12-12,"53","30  day ahead inc hosp",2021-01-11,"quantile",0.45,76.9326065768342
"41527",2020-12-12,"53","30  day ahead inc hosp",2021-01-11,"quantile",0.5,80.1276700855297
"41528",2020-12-12,"53","30  day ahead inc hosp",2021-01-11,"quantile",0.55,83.3227335942252
"41529",2020-12-12,"53","30  day ahead inc hosp",2021-01-11,"quantile",0.6,86.5692697064256
"41530",2020-12-12,"53","30  day ahead inc hosp",2021-01-11,"quantile",0.65,89.924822449273
"41531",2020-12-12,"53","30  day ahead inc hosp",2021-01-11,"quantile",0.7,93.4610696075564
"41532",2020-12-12,"53","30  day ahead inc hosp",2021-01-11,"quantile",0.75,97.2772362948277
"41533",2020-12-12,"53","30  day ahead inc hosp",2021-01-11,"quantile",0.8,101.526718868871
"41534",2020-12-12,"53","30  day ahead inc hosp",2021-01-11,"quantile",0.85,106.480009805271
"41535",2020-12-12,"53","30  day ahead inc hosp",2021-01-11,"quantile",0.9,112.712380850293
"41536",2020-12-12,"53","30  day ahead inc hosp",2021-01-11,"quantile",0.95,121.949693580783
"41537",2020-12-12,"53","30  day ahead inc hosp",2021-01-11,"quantile",0.975,129.961684777284
"41538",2020-12-12,"53","30  day ahead inc hosp",2021-01-11,"quantile",0.99,139.27735602238
"41539",2020-12-12,"53","31  day ahead inc hosp",2021-01-12,"quantile",0.01,20.107036947259
"41540",2020-12-12,"53","31  day ahead inc hosp",2021-01-12,"quantile",0.025,29.5598764236276
"41541",2020-12-12,"53","31  day ahead inc hosp",2021-01-12,"quantile",0.05,37.6898398663013
"41542",2020-12-12,"53","31  day ahead inc hosp",2021-01-12,"quantile",0.1,47.0631670412277
"41543",2020-12-12,"53","31  day ahead inc hosp",2021-01-12,"quantile",0.15,53.38730638618
"41544",2020-12-12,"53","31  day ahead inc hosp",2021-01-12,"quantile",0.2,58.413531858251
"41545",2020-12-12,"53","31  day ahead inc hosp",2021-01-12,"quantile",0.25,62.7255857696858
"41546",2020-12-12,"53","31  day ahead inc hosp",2021-01-12,"quantile",0.3,66.597943451783
"41547",2020-12-12,"53","31  day ahead inc hosp",2021-01-12,"quantile",0.35,70.1862599409049
"41548",2020-12-12,"53","31  day ahead inc hosp",2021-01-12,"quantile",0.4,73.591221386847
"41549",2020-12-12,"53","31  day ahead inc hosp",2021-01-12,"quantile",0.45,76.8855609910938
"41550",2020-12-12,"53","31  day ahead inc hosp",2021-01-12,"quantile",0.5,80.1276700855297
"41551",2020-12-12,"53","31  day ahead inc hosp",2021-01-12,"quantile",0.55,83.3697791799656
"41552",2020-12-12,"53","31  day ahead inc hosp",2021-01-12,"quantile",0.6,86.6641187842124
"41553",2020-12-12,"53","31  day ahead inc hosp",2021-01-12,"quantile",0.65,90.0690802301545
"41554",2020-12-12,"53","31  day ahead inc hosp",2021-01-12,"quantile",0.7,93.6573967192764
"41555",2020-12-12,"53","31  day ahead inc hosp",2021-01-12,"quantile",0.75,97.5297544013736
"41556",2020-12-12,"53","31  day ahead inc hosp",2021-01-12,"quantile",0.8,101.841808312808
"41557",2020-12-12,"53","31  day ahead inc hosp",2021-01-12,"quantile",0.85,106.868033784879
"41558",2020-12-12,"53","31  day ahead inc hosp",2021-01-12,"quantile",0.9,113.192173129832
"41559",2020-12-12,"53","31  day ahead inc hosp",2021-01-12,"quantile",0.95,122.565500304758
"41560",2020-12-12,"53","31  day ahead inc hosp",2021-01-12,"quantile",0.975,130.695463747432
"41561",2020-12-12,"53","31  day ahead inc hosp",2021-01-12,"quantile",0.99,140.1483032238
"41562",2020-12-12,"53","32  day ahead inc hosp",2021-01-13,"quantile",0.01,19.2485483917201
"41563",2020-12-12,"53","32  day ahead inc hosp",2021-01-13,"quantile",0.025,28.8365939477899
"41564",2020-12-12,"53","32  day ahead inc hosp",2021-01-13,"quantile",0.05,37.0828420780377
"41565",2020-12-12,"53","32  day ahead inc hosp",2021-01-13,"quantile",0.1,46.5902380504134
"41566",2020-12-12,"53","32  day ahead inc hosp",2021-01-13,"quantile",0.15,53.0048329765117
"41567",2020-12-12,"53","32  day ahead inc hosp",2021-01-13,"quantile",0.2,58.1029496769774
"41568",2020-12-12,"53","32  day ahead inc hosp",2021-01-13,"quantile",0.25,62.4766798610584
"41569",2020-12-12,"53","32  day ahead inc hosp",2021-01-13,"quantile",0.3,66.4044247421772
"41570",2020-12-12,"53","32  day ahead inc hosp",2021-01-13,"quantile",0.35,70.0440657255354
"41571",2020-12-12,"53","32  day ahead inc hosp",2021-01-13,"quantile",0.4,73.4977290974745
"41572",2020-12-12,"53","32  day ahead inc hosp",2021-01-13,"quantile",0.45,76.8391883787462
"41573",2020-12-12,"53","32  day ahead inc hosp",2021-01-13,"quantile",0.5,80.1276700855297
"41574",2020-12-12,"53","32  day ahead inc hosp",2021-01-13,"quantile",0.55,83.4161517923132
"41575",2020-12-12,"53","32  day ahead inc hosp",2021-01-13,"quantile",0.6,86.7576110735849
"41576",2020-12-12,"53","32  day ahead inc hosp",2021-01-13,"quantile",0.65,90.211274445524
"41577",2020-12-12,"53","32  day ahead inc hosp",2021-01-13,"quantile",0.7,93.8509154288822
"41578",2020-12-12,"53","32  day ahead inc hosp",2021-01-13,"quantile",0.75,97.778660310001
"41579",2020-12-12,"53","32  day ahead inc hosp",2021-01-13,"quantile",0.8,102.152390494082
"41580",2020-12-12,"53","32  day ahead inc hosp",2021-01-13,"quantile",0.85,107.250507194548
"41581",2020-12-12,"53","32  day ahead inc hosp",2021-01-13,"quantile",0.9,113.665102120646
"41582",2020-12-12,"53","32  day ahead inc hosp",2021-01-13,"quantile",0.95,123.172498093022
"41583",2020-12-12,"53","32  day ahead inc hosp",2021-01-13,"quantile",0.975,131.41874622327
"41584",2020-12-12,"53","32  day ahead inc hosp",2021-01-13,"quantile",0.99,141.006791779339
"41585",2020-12-12,"53","33  day ahead inc hosp",2021-01-14,"quantile",0.01,18.4019986505385
"41586",2020-12-12,"53","33  day ahead inc hosp",2021-01-14,"quantile",0.025,28.1233700046504
"41587",2020-12-12,"53","33  day ahead inc hosp",2021-01-14,"quantile",0.05,36.4842856765143
"41588",2020-12-12,"53","33  day ahead inc hosp",2021-01-14,"quantile",0.1,46.1238859806182
"41589",2020-12-12,"53","33  day ahead inc hosp",2021-01-14,"quantile",0.15,52.627678541692
"41590",2020-12-12,"53","33  day ahead inc hosp",2021-01-14,"quantile",0.2,57.7966866948136
"41591",2020-12-12,"53","33  day ahead inc hosp",2021-01-14,"quantile",0.25,62.2312354329788
"41592",2020-12-12,"53","33  day ahead inc hosp",2021-01-14,"quantile",0.3,66.2135972553416
"41593",2020-12-12,"53","33  day ahead inc hosp",2021-01-14,"quantile",0.35,69.9038489743138
"41594",2020-12-12,"53","33  day ahead inc hosp",2021-01-14,"quantile",0.4,73.4055369851159
"41595",2020-12-12,"53","33  day ahead inc hosp",2021-01-14,"quantile",0.45,76.7934606602722
"41596",2020-12-12,"53","33  day ahead inc hosp",2021-01-14,"quantile",0.5,80.1276700855297
"41597",2020-12-12,"53","33  day ahead inc hosp",2021-01-14,"quantile",0.55,83.4618795107872
"41598",2020-12-12,"53","33  day ahead inc hosp",2021-01-14,"quantile",0.6,86.8498031859435
"41599",2020-12-12,"53","33  day ahead inc hosp",2021-01-14,"quantile",0.65,90.3514911967456
"41600",2020-12-12,"53","33  day ahead inc hosp",2021-01-14,"quantile",0.7,94.0417429157178
"41601",2020-12-12,"53","33  day ahead inc hosp",2021-01-14,"quantile",0.75,98.0241047380806
"41602",2020-12-12,"53","33  day ahead inc hosp",2021-01-14,"quantile",0.8,102.458653476246
"41603",2020-12-12,"53","33  day ahead inc hosp",2021-01-14,"quantile",0.85,107.627661629367
"41604",2020-12-12,"53","33  day ahead inc hosp",2021-01-14,"quantile",0.9,114.131454190441
"41605",2020-12-12,"53","33  day ahead inc hosp",2021-01-14,"quantile",0.95,123.771054494545
"41606",2020-12-12,"53","33  day ahead inc hosp",2021-01-14,"quantile",0.975,132.131970166409
"41607",2020-12-12,"53","33  day ahead inc hosp",2021-01-14,"quantile",0.99,141.853341520521
"41608",2020-12-12,"53","34  day ahead inc hosp",2021-01-15,"quantile",0.01,17.566903066644
"41609",2020-12-12,"53","34  day ahead inc hosp",2021-01-15,"quantile",0.025,27.4197962673148
"41610",2020-12-12,"53","34  day ahead inc hosp",2021-01-15,"quantile",0.05,35.8938279829992
"41611",2020-12-12,"53","34  day ahead inc hosp",2021-01-15,"quantile",0.1,45.6638438412367
"41612",2020-12-12,"53","34  day ahead inc hosp",2021-01-15,"quantile",0.15,52.2556271575352
"41613",2020-12-12,"53","34  day ahead inc hosp",2021-01-15,"quantile",0.2,57.4945675735458
"41614",2020-12-12,"53","34  day ahead inc hosp",2021-01-15,"quantile",0.25,61.9891119663829
"41615",2020-12-12,"53","34  day ahead inc hosp",2021-01-15,"quantile",0.3,66.0253517408847
"41616",2020-12-12,"53","34  day ahead inc hosp",2021-01-15,"quantile",0.35,69.7655294119337
"41617",2020-12-12,"53","34  day ahead inc hosp",2021-01-15,"quantile",0.4,73.3145922689872
"41618",2020-12-12,"53","34  day ahead inc hosp",2021-01-15,"quantile",0.45,76.7483516561564
"41619",2020-12-12,"53","34  day ahead inc hosp",2021-01-15,"quantile",0.5,80.1276700855297
"41620",2020-12-12,"53","34  day ahead inc hosp",2021-01-15,"quantile",0.55,83.506988514903
"41621",2020-12-12,"53","34  day ahead inc hosp",2021-01-15,"quantile",0.6,86.9407479020722
"41622",2020-12-12,"53","34  day ahead inc hosp",2021-01-15,"quantile",0.65,90.4898107591257
"41623",2020-12-12,"53","34  day ahead inc hosp",2021-01-15,"quantile",0.7,94.2299884301747
"41624",2020-12-12,"53","34  day ahead inc hosp",2021-01-15,"quantile",0.75,98.2662282046765
"41625",2020-12-12,"53","34  day ahead inc hosp",2021-01-15,"quantile",0.8,102.760772597514
"41626",2020-12-12,"53","34  day ahead inc hosp",2021-01-15,"quantile",0.85,107.999713013524
"41627",2020-12-12,"53","34  day ahead inc hosp",2021-01-15,"quantile",0.9,114.591496329823
"41628",2020-12-12,"53","34  day ahead inc hosp",2021-01-15,"quantile",0.95,124.36151218806
"41629",2020-12-12,"53","34  day ahead inc hosp",2021-01-15,"quantile",0.975,132.835543903745
"41630",2020-12-12,"53","34  day ahead inc hosp",2021-01-15,"quantile",0.99,142.688437104415
"41631",2020-12-12,"53","35  day ahead inc hosp",2021-01-16,"quantile",0.01,16.7428089128325
"41632",2020-12-12,"53","35  day ahead inc hosp",2021-01-16,"quantile",0.025,26.7254913100192
"41633",2020-12-12,"53","35  day ahead inc hosp",2021-01-16,"quantile",0.05,35.3111488949005
"41634",2020-12-12,"53","35  day ahead inc hosp",2021-01-16,"quantile",0.1,45.2098622313673
"41635",2020-12-12,"53","35  day ahead inc hosp",2021-01-16,"quantile",0.15,51.8884771252345
"41636",2020-12-12,"53","35  day ahead inc hosp",2021-01-16,"quantile",0.2,57.1964285264795
"41637",2020-12-12,"53","35  day ahead inc hosp",2021-01-16,"quantile",0.25,61.7501781997932
"41638",2020-12-12,"53","35  day ahead inc hosp",2021-01-16,"quantile",0.3,65.8395861459792
"41639",2020-12-12,"53","35  day ahead inc hosp",2021-01-16,"quantile",0.35,69.629032051735
"41640",2020-12-12,"53","35  day ahead inc hosp",2021-01-16,"quantile",0.4,73.2248456455742
"41641",2020-12-12,"53","35  day ahead inc hosp",2021-01-16,"quantile",0.45,76.7038369116253
"41642",2020-12-12,"53","35  day ahead inc hosp",2021-01-16,"quantile",0.5,80.1276700855297
"41643",2020-12-12,"53","35  day ahead inc hosp",2021-01-16,"quantile",0.55,83.5515032594341
"41644",2020-12-12,"53","35  day ahead inc hosp",2021-01-16,"quantile",0.6,87.0304945254852
"41645",2020-12-12,"53","35  day ahead inc hosp",2021-01-16,"quantile",0.65,90.6263081193244
"41646",2020-12-12,"53","35  day ahead inc hosp",2021-01-16,"quantile",0.7,94.4157540250802
"41647",2020-12-12,"53","35  day ahead inc hosp",2021-01-16,"quantile",0.75,98.5051619712662
"41648",2020-12-12,"53","35  day ahead inc hosp",2021-01-16,"quantile",0.8,103.05891164458
"41649",2020-12-12,"53","35  day ahead inc hosp",2021-01-16,"quantile",0.85,108.366863045825
"41650",2020-12-12,"53","35  day ahead inc hosp",2021-01-16,"quantile",0.9,115.045477939692
"41651",2020-12-12,"53","35  day ahead inc hosp",2021-01-16,"quantile",0.95,124.944191276159
"41652",2020-12-12,"53","35  day ahead inc hosp",2021-01-16,"quantile",0.975,133.52984886104
"41653",2020-12-12,"53","35  day ahead inc hosp",2021-01-16,"quantile",0.99,143.512531258227
"41654",2020-12-12,"53","36  day ahead inc hosp",2021-01-17,"quantile",0.01,17.81421315705
"41655",2020-12-12,"53","36  day ahead inc hosp",2021-01-17,"quantile",0.025,27.9250188253624
"41656",2020-12-12,"53","36  day ahead inc hosp",2021-01-17,"quantile",0.05,36.6208694916995
"41657",2020-12-12,"53","36  day ahead inc hosp",2021-01-17,"quantile",0.1,46.6466283938913
"41658",2020-12-12,"53","36  day ahead inc hosp",2021-01-17,"quantile",0.15,53.410960327803
"41659",2020-12-12,"53","36  day ahead inc hosp",2021-01-17,"quantile",0.2,58.7870369151899
"41660",2020-12-12,"53","36  day ahead inc hosp",2021-01-17,"quantile",0.25,63.3992319322318
"41661",2020-12-12,"53","36  day ahead inc hosp",2021-01-17,"quantile",0.3,67.5411256034149
"41662",2020-12-12,"53","36  day ahead inc hosp",2021-01-17,"quantile",0.35,71.3792073553173
"41663",2020-12-12,"53","36  day ahead inc hosp",2021-01-17,"quantile",0.4,75.0211716110398
"41664",2020-12-12,"53","36  day ahead inc hosp",2021-01-17,"quantile",0.45,78.5448141765602
"41665",2020-12-12,"53","36  day ahead inc hosp",2021-01-17,"quantile",0.5,82.0125907204503
"41666",2020-12-12,"53","36  day ahead inc hosp",2021-01-17,"quantile",0.55,85.4803672643404
"41667",2020-12-12,"53","36  day ahead inc hosp",2021-01-17,"quantile",0.6,89.0040098298609
"41668",2020-12-12,"53","36  day ahead inc hosp",2021-01-17,"quantile",0.65,92.6459740855834
"41669",2020-12-12,"53","36  day ahead inc hosp",2021-01-17,"quantile",0.7,96.4840558374858
"41670",2020-12-12,"53","36  day ahead inc hosp",2021-01-17,"quantile",0.75,100.625949508669
"41671",2020-12-12,"53","36  day ahead inc hosp",2021-01-17,"quantile",0.8,105.238144525711
"41672",2020-12-12,"53","36  day ahead inc hosp",2021-01-17,"quantile",0.85,110.614221113098
"41673",2020-12-12,"53","36  day ahead inc hosp",2021-01-17,"quantile",0.9,117.378553047009
"41674",2020-12-12,"53","36  day ahead inc hosp",2021-01-17,"quantile",0.95,127.404311949201
"41675",2020-12-12,"53","36  day ahead inc hosp",2021-01-17,"quantile",0.975,136.100162615538
"41676",2020-12-12,"53","36  day ahead inc hosp",2021-01-17,"quantile",0.99,146.210968283851
"41677",2020-12-12,"53","37  day ahead inc hosp",2021-01-18,"quantile",0.01,17.0108773763875
"41678",2020-12-12,"53","37  day ahead inc hosp",2021-01-18,"quantile",0.025,27.248202939329
"41679",2020-12-12,"53","37  day ahead inc hosp",2021-01-18,"quantile",0.05,36.0528676948799
"41680",2020-12-12,"53","37  day ahead inc hosp",2021-01-18,"quantile",0.1,46.2040822730578
"41681",2020-12-12,"53","37  day ahead inc hosp",2021-01-18,"quantile",0.15,53.0530585559552
"41682",2020-12-12,"53","37  day ahead inc hosp",2021-01-18,"quantile",0.2,58.4964077886354
"41683",2020-12-12,"53","37  day ahead inc hosp",2021-01-18,"quantile",0.25,63.166316745269
"41684",2020-12-12,"53","37  day ahead inc hosp",2021-01-18,"quantile",0.3,67.3600393179299
"41685",2020-12-12,"53","37  day ahead inc hosp",2021-01-18,"quantile",0.35,71.2461482711017
"41686",2020-12-12,"53","37  day ahead inc hosp",2021-01-18,"quantile",0.4,74.9336856442387
"41687",2020-12-12,"53","37  day ahead inc hosp",2021-01-18,"quantile",0.45,78.501420728271
"41688",2020-12-12,"53","37  day ahead inc hosp",2021-01-18,"quantile",0.5,82.0125907204503
"41689",2020-12-12,"53","37  day ahead inc hosp",2021-01-18,"quantile",0.55,85.5237607126297
"41690",2020-12-12,"53","37  day ahead inc hosp",2021-01-18,"quantile",0.6,89.091495796662
"41691",2020-12-12,"53","37  day ahead inc hosp",2021-01-18,"quantile",0.65,92.779033169799
"41692",2020-12-12,"53","37  day ahead inc hosp",2021-01-18,"quantile",0.7,96.6651421229708
"41693",2020-12-12,"53","37  day ahead inc hosp",2021-01-18,"quantile",0.75,100.858864695632
"41694",2020-12-12,"53","37  day ahead inc hosp",2021-01-18,"quantile",0.8,105.528773652265
"41695",2020-12-12,"53","37  day ahead inc hosp",2021-01-18,"quantile",0.85,110.972122884946
"41696",2020-12-12,"53","37  day ahead inc hosp",2021-01-18,"quantile",0.9,117.821099167843
"41697",2020-12-12,"53","37  day ahead inc hosp",2021-01-18,"quantile",0.95,127.972313746021
"41698",2020-12-12,"53","37  day ahead inc hosp",2021-01-18,"quantile",0.975,136.776978501572
"41699",2020-12-12,"53","37  day ahead inc hosp",2021-01-18,"quantile",0.99,147.014304064513
"41700",2020-12-12,"54","1  day ahead inc hosp",2020-12-13,"quantile",0.01,32.3917904587556
"41701",2020-12-12,"54","1  day ahead inc hosp",2020-12-13,"quantile",0.025,35.2793372462343
"41702",2020-12-12,"54","1  day ahead inc hosp",2020-12-13,"quantile",0.05,37.7627867832649
"41703",2020-12-12,"54","1  day ahead inc hosp",2020-12-13,"quantile",0.1,40.6260450496947
"41704",2020-12-12,"54","1  day ahead inc hosp",2020-12-13,"quantile",0.15,42.5578718087058
"41705",2020-12-12,"54","1  day ahead inc hosp",2020-12-13,"quantile",0.2,44.0932264766133
"41706",2020-12-12,"54","1  day ahead inc hosp",2020-12-13,"quantile",0.25,45.410424071106
"41707",2020-12-12,"54","1  day ahead inc hosp",2020-12-13,"quantile",0.3,46.5933082206636
"41708",2020-12-12,"54","1  day ahead inc hosp",2020-12-13,"quantile",0.35,47.6894266702071
"41709",2020-12-12,"54","1  day ahead inc hosp",2020-12-13,"quantile",0.4,48.729535889167
"41710",2020-12-12,"54","1  day ahead inc hosp",2020-12-13,"quantile",0.45,49.7358535955967
"41711",2020-12-12,"54","1  day ahead inc hosp",2020-12-13,"quantile",0.5,50.7262165149817
"41712",2020-12-12,"54","1  day ahead inc hosp",2020-12-13,"quantile",0.55,51.7165794343666
"41713",2020-12-12,"54","1  day ahead inc hosp",2020-12-13,"quantile",0.6,52.7228971407963
"41714",2020-12-12,"54","1  day ahead inc hosp",2020-12-13,"quantile",0.65,53.7630063597562
"41715",2020-12-12,"54","1  day ahead inc hosp",2020-12-13,"quantile",0.7,54.8591248092997
"41716",2020-12-12,"54","1  day ahead inc hosp",2020-12-13,"quantile",0.75,56.0420089588573
"41717",2020-12-12,"54","1  day ahead inc hosp",2020-12-13,"quantile",0.8,57.35920655335
"41718",2020-12-12,"54","1  day ahead inc hosp",2020-12-13,"quantile",0.85,58.8945612212575
"41719",2020-12-12,"54","1  day ahead inc hosp",2020-12-13,"quantile",0.9,60.8263879802686
"41720",2020-12-12,"54","1  day ahead inc hosp",2020-12-13,"quantile",0.95,63.6896462466984
"41721",2020-12-12,"54","1  day ahead inc hosp",2020-12-13,"quantile",0.975,66.173095783729
"41722",2020-12-12,"54","1  day ahead inc hosp",2020-12-13,"quantile",0.99,69.0606425712077
"41723",2020-12-12,"54","2  day ahead inc hosp",2020-12-14,"quantile",0.01,33.958876567591
"41724",2020-12-12,"54","2  day ahead inc hosp",2020-12-14,"quantile",0.025,37.0601500458739
"41725",2020-12-12,"54","2  day ahead inc hosp",2020-12-14,"quantile",0.05,39.7274163278419
"41726",2020-12-12,"54","2  day ahead inc hosp",2020-12-14,"quantile",0.1,42.8026035288453
"41727",2020-12-12,"54","2  day ahead inc hosp",2020-12-14,"quantile",0.15,44.8774177338783
"41728",2020-12-12,"54","2  day ahead inc hosp",2020-12-14,"quantile",0.2,46.5264142910897
"41729",2020-12-12,"54","2  day ahead inc hosp",2020-12-14,"quantile",0.25,47.9411065077396
"41730",2020-12-12,"54","2  day ahead inc hosp",2020-12-14,"quantile",0.3,49.2115438411922
"41731",2020-12-12,"54","2  day ahead inc hosp",2020-12-14,"quantile",0.35,50.3887933636472
"41732",2020-12-12,"54","2  day ahead inc hosp",2020-12-14,"quantile",0.4,51.5058880369753
"41733",2020-12-12,"54","2  day ahead inc hosp",2020-12-14,"quantile",0.45,52.5866900614515
"41734",2020-12-12,"54","2  day ahead inc hosp",2020-12-14,"quantile",0.5,53.6503563781609
"41735",2020-12-12,"54","2  day ahead inc hosp",2020-12-14,"quantile",0.55,54.7140226948702
"41736",2020-12-12,"54","2  day ahead inc hosp",2020-12-14,"quantile",0.6,55.7948247193465
"41737",2020-12-12,"54","2  day ahead inc hosp",2020-12-14,"quantile",0.65,56.9119193926745
"41738",2020-12-12,"54","2  day ahead inc hosp",2020-12-14,"quantile",0.7,58.0891689151295
"41739",2020-12-12,"54","2  day ahead inc hosp",2020-12-14,"quantile",0.75,59.3596062485821
"41740",2020-12-12,"54","2  day ahead inc hosp",2020-12-14,"quantile",0.8,60.774298465232
"41741",2020-12-12,"54","2  day ahead inc hosp",2020-12-14,"quantile",0.85,62.4232950224434
"41742",2020-12-12,"54","2  day ahead inc hosp",2020-12-14,"quantile",0.9,64.4981092274764
"41743",2020-12-12,"54","2  day ahead inc hosp",2020-12-14,"quantile",0.95,67.5732964284798
"41744",2020-12-12,"54","2  day ahead inc hosp",2020-12-14,"quantile",0.975,70.2405627104478
"41745",2020-12-12,"54","2  day ahead inc hosp",2020-12-14,"quantile",0.99,73.3418361887308
"41746",2020-12-12,"54","3  day ahead inc hosp",2020-12-15,"quantile",0.01,33.4043296264865
"41747",2020-12-12,"54","3  day ahead inc hosp",2020-12-15,"quantile",0.025,36.5385281874543
"41748",2020-12-12,"54","3  day ahead inc hosp",2020-12-15,"quantile",0.05,39.2341118569378
"41749",2020-12-12,"54","3  day ahead inc hosp",2020-12-15,"quantile",0.1,42.341947192191
"41750",2020-12-12,"54","3  day ahead inc hosp",2020-12-15,"quantile",0.15,44.438788938405
"41751",2020-12-12,"54","3  day ahead inc hosp",2020-12-15,"quantile",0.2,46.1052922870599
"41752",2020-12-12,"54","3  day ahead inc hosp",2020-12-15,"quantile",0.25,47.5350037719339
"41753",2020-12-12,"54","3  day ahead inc hosp",2020-12-15,"quantile",0.3,48.8189288724418
"41754",2020-12-12,"54","3  day ahead inc hosp",2020-12-15,"quantile",0.35,50.0086768211526
"41755",2020-12-12,"54","3  day ahead inc hosp",2020-12-15,"quantile",0.4,51.1376312787737
"41756",2020-12-12,"54","3  day ahead inc hosp",2020-12-15,"quantile",0.45,52.2299077818056
"41757",2020-12-12,"54","3  day ahead inc hosp",2020-12-15,"quantile",0.5,53.3048666535482
"41758",2020-12-12,"54","3  day ahead inc hosp",2020-12-15,"quantile",0.55,54.3798255252909
"41759",2020-12-12,"54","3  day ahead inc hosp",2020-12-15,"quantile",0.6,55.4721020283227
"41760",2020-12-12,"54","3  day ahead inc hosp",2020-12-15,"quantile",0.65,56.6010564859438
"41761",2020-12-12,"54","3  day ahead inc hosp",2020-12-15,"quantile",0.7,57.7908044346547
"41762",2020-12-12,"54","3  day ahead inc hosp",2020-12-15,"quantile",0.75,59.0747295351626
"41763",2020-12-12,"54","3  day ahead inc hosp",2020-12-15,"quantile",0.8,60.5044410200366
"41764",2020-12-12,"54","3  day ahead inc hosp",2020-12-15,"quantile",0.85,62.1709443686914
"41765",2020-12-12,"54","3  day ahead inc hosp",2020-12-15,"quantile",0.9,64.2677861149054
"41766",2020-12-12,"54","3  day ahead inc hosp",2020-12-15,"quantile",0.95,67.3756214501586
"41767",2020-12-12,"54","3  day ahead inc hosp",2020-12-15,"quantile",0.975,70.0712051196421
"41768",2020-12-12,"54","3  day ahead inc hosp",2020-12-15,"quantile",0.99,73.2054036806099
"41769",2020-12-12,"54","4  day ahead inc hosp",2020-12-16,"quantile",0.01,32.7657666498292
"41770",2020-12-12,"54","4  day ahead inc hosp",2020-12-16,"quantile",0.025,35.9985018238258
"41771",2020-12-12,"54","4  day ahead inc hosp",2020-12-16,"quantile",0.05,38.778832416569
"41772",2020-12-12,"54","4  day ahead inc hosp",2020-12-16,"quantile",0.1,41.984375526818
"41773",2020-12-12,"54","4  day ahead inc hosp",2020-12-16,"quantile",0.15,44.147140244953
"41774",2020-12-12,"54","4  day ahead inc hosp",2020-12-16,"quantile",0.2,45.8660370818898
"41775",2020-12-12,"54","4  day ahead inc hosp",2020-12-16,"quantile",0.25,47.3406975145052
"41776",2020-12-12,"54","4  day ahead inc hosp",2020-12-16,"quantile",0.3,48.6649881592904
"41777",2020-12-12,"54","4  day ahead inc hosp",2020-12-16,"quantile",0.35,49.892140800443
"41778",2020-12-12,"54","4  day ahead inc hosp",2020-12-16,"quantile",0.4,51.0565886533783
"41779",2020-12-12,"54","4  day ahead inc hosp",2020-12-16,"quantile",0.45,52.1832054271384
"41780",2020-12-12,"54","4  day ahead inc hosp",2020-12-16,"quantile",0.5,53.2919601175908
"41781",2020-12-12,"54","4  day ahead inc hosp",2020-12-16,"quantile",0.55,54.4007148080432
"41782",2020-12-12,"54","4  day ahead inc hosp",2020-12-16,"quantile",0.6,55.5273315818033
"41783",2020-12-12,"54","4  day ahead inc hosp",2020-12-16,"quantile",0.65,56.6917794347386
"41784",2020-12-12,"54","4  day ahead inc hosp",2020-12-16,"quantile",0.7,57.9189320758912
"41785",2020-12-12,"54","4  day ahead inc hosp",2020-12-16,"quantile",0.75,59.2432227206764
"41786",2020-12-12,"54","4  day ahead inc hosp",2020-12-16,"quantile",0.8,60.7178831532918
"41787",2020-12-12,"54","4  day ahead inc hosp",2020-12-16,"quantile",0.85,62.4367799902286
"41788",2020-12-12,"54","4  day ahead inc hosp",2020-12-16,"quantile",0.9,64.5995447083636
"41789",2020-12-12,"54","4  day ahead inc hosp",2020-12-16,"quantile",0.95,67.8050878186126
"41790",2020-12-12,"54","4  day ahead inc hosp",2020-12-16,"quantile",0.975,70.5854184113558
"41791",2020-12-12,"54","4  day ahead inc hosp",2020-12-16,"quantile",0.99,73.8181535853524
"41792",2020-12-12,"54","5  day ahead inc hosp",2020-12-17,"quantile",0.01,32.5862269040559
"41793",2020-12-12,"54","5  day ahead inc hosp",2020-12-17,"quantile",0.025,35.955177358158
"41794",2020-12-12,"54","5  day ahead inc hosp",2020-12-17,"quantile",0.05,38.8526606064984
"41795",2020-12-12,"54","5  day ahead inc hosp",2020-12-17,"quantile",0.1,42.1932732257394
"41796",2020-12-12,"54","5  day ahead inc hosp",2020-12-17,"quantile",0.15,44.4471687003473
"41797",2020-12-12,"54","5  day ahead inc hosp",2020-12-17,"quantile",0.2,46.2384933736251
"41798",2020-12-12,"54","5  day ahead inc hosp",2020-12-17,"quantile",0.25,47.7752904407241
"41799",2020-12-12,"54","5  day ahead inc hosp",2020-12-17,"quantile",0.3,49.1553817036891
"41800",2020-12-12,"54","5  day ahead inc hosp",2020-12-17,"quantile",0.35,50.4342419335397
"41801",2020-12-12,"54","5  day ahead inc hosp",2020-12-17,"quantile",0.4,51.6477552316533
"41802",2020-12-12,"54","5  day ahead inc hosp",2020-12-17,"quantile",0.45,52.8218433914533
"41803",2020-12-12,"54","5  day ahead inc hosp",2020-12-17,"quantile",0.5,53.9773168270547
"41804",2020-12-12,"54","5  day ahead inc hosp",2020-12-17,"quantile",0.55,55.1327902626561
"41805",2020-12-12,"54","5  day ahead inc hosp",2020-12-17,"quantile",0.6,56.306878422456
"41806",2020-12-12,"54","5  day ahead inc hosp",2020-12-17,"quantile",0.65,57.5203917205697
"41807",2020-12-12,"54","5  day ahead inc hosp",2020-12-17,"quantile",0.7,58.7992519504203
"41808",2020-12-12,"54","5  day ahead inc hosp",2020-12-17,"quantile",0.75,60.1793432133853
"41809",2020-12-12,"54","5  day ahead inc hosp",2020-12-17,"quantile",0.8,61.7161402804843
"41810",2020-12-12,"54","5  day ahead inc hosp",2020-12-17,"quantile",0.85,63.5074649537621
"41811",2020-12-12,"54","5  day ahead inc hosp",2020-12-17,"quantile",0.9,65.76136042837
"41812",2020-12-12,"54","5  day ahead inc hosp",2020-12-17,"quantile",0.95,69.1019730476109
"41813",2020-12-12,"54","5  day ahead inc hosp",2020-12-17,"quantile",0.975,71.9994562959513
"41814",2020-12-12,"54","5  day ahead inc hosp",2020-12-17,"quantile",0.99,75.3684067500534
"41815",2020-12-12,"54","6  day ahead inc hosp",2020-12-18,"quantile",0.01,32.5073513648785
"41816",2020-12-12,"54","6  day ahead inc hosp",2020-12-18,"quantile",0.025,35.9903325226767
"41817",2020-12-12,"54","6  day ahead inc hosp",2020-12-18,"quantile",0.05,38.9858884670265
"41818",2020-12-12,"54","6  day ahead inc hosp",2020-12-18,"quantile",0.1,42.4395726238095
"41819",2020-12-12,"54","6  day ahead inc hosp",2020-12-18,"quantile",0.15,44.7697569279886
"41820",2020-12-12,"54","6  day ahead inc hosp",2020-12-18,"quantile",0.2,46.6217135446045
"41821",2020-12-12,"54","6  day ahead inc hosp",2020-12-18,"quantile",0.25,48.210527420317
"41822",2020-12-12,"54","6  day ahead inc hosp",2020-12-18,"quantile",0.3,49.6373313850641
"41823",2020-12-12,"54","6  day ahead inc hosp",2020-12-18,"quantile",0.35,50.9594778946998
"41824",2020-12-12,"54","6  day ahead inc hosp",2020-12-18,"quantile",0.4,52.2140656393551
"41825",2020-12-12,"54","6  day ahead inc hosp",2020-12-18,"quantile",0.45,53.4278938015348
"41826",2020-12-12,"54","6  day ahead inc hosp",2020-12-18,"quantile",0.5,54.6224771767922
"41827",2020-12-12,"54","6  day ahead inc hosp",2020-12-18,"quantile",0.55,55.8170605520496
"41828",2020-12-12,"54","6  day ahead inc hosp",2020-12-18,"quantile",0.6,57.0308887142292
"41829",2020-12-12,"54","6  day ahead inc hosp",2020-12-18,"quantile",0.65,58.2854764588845
"41830",2020-12-12,"54","6  day ahead inc hosp",2020-12-18,"quantile",0.7,59.6076229685203
"41831",2020-12-12,"54","6  day ahead inc hosp",2020-12-18,"quantile",0.75,61.0344269332673
"41832",2020-12-12,"54","6  day ahead inc hosp",2020-12-18,"quantile",0.8,62.6232408089798
"41833",2020-12-12,"54","6  day ahead inc hosp",2020-12-18,"quantile",0.85,64.4751974255958
"41834",2020-12-12,"54","6  day ahead inc hosp",2020-12-18,"quantile",0.9,66.8053817297749
"41835",2020-12-12,"54","6  day ahead inc hosp",2020-12-18,"quantile",0.95,70.2590658865579
"41836",2020-12-12,"54","6  day ahead inc hosp",2020-12-18,"quantile",0.975,73.2546218309077
"41837",2020-12-12,"54","6  day ahead inc hosp",2020-12-18,"quantile",0.99,76.7376029887059
"41838",2020-12-12,"54","7  day ahead inc hosp",2020-12-19,"quantile",0.01,32.3578701556131
"41839",2020-12-12,"54","7  day ahead inc hosp",2020-12-19,"quantile",0.025,35.9427208140239
"41840",2020-12-12,"54","7  day ahead inc hosp",2020-12-19,"quantile",0.05,39.0258901488237
"41841",2020-12-12,"54","7  day ahead inc hosp",2020-12-19,"quantile",0.1,42.5805869336931
"41842",2020-12-12,"54","7  day ahead inc hosp",2020-12-19,"quantile",0.15,44.9789239784837
"41843",2020-12-12,"54","7  day ahead inc hosp",2020-12-19,"quantile",0.2,46.8850462328517
"41844",2020-12-12,"54","7  day ahead inc hosp",2020-12-19,"quantile",0.25,48.5203294027558
"41845",2020-12-12,"54","7  day ahead inc hosp",2020-12-19,"quantile",0.3,49.9888642298806
"41846",2020-12-12,"54","7  day ahead inc hosp",2020-12-19,"quantile",0.35,51.3496806026513
"41847",2020-12-12,"54","7  day ahead inc hosp",2020-12-19,"quantile",0.4,52.6409622658873
"41848",2020-12-12,"54","7  day ahead inc hosp",2020-12-19,"quantile",0.45,53.8902922189492
"41849",2020-12-12,"54","7  day ahead inc hosp",2020-12-19,"quantile",0.5,55.119814517607
"41850",2020-12-12,"54","7  day ahead inc hosp",2020-12-19,"quantile",0.55,56.3493368162648
"41851",2020-12-12,"54","7  day ahead inc hosp",2020-12-19,"quantile",0.6,57.5986667693267
"41852",2020-12-12,"54","7  day ahead inc hosp",2020-12-19,"quantile",0.65,58.8899484325628
"41853",2020-12-12,"54","7  day ahead inc hosp",2020-12-19,"quantile",0.7,60.2507648053334
"41854",2020-12-12,"54","7  day ahead inc hosp",2020-12-19,"quantile",0.75,61.7192996324583
"41855",2020-12-12,"54","7  day ahead inc hosp",2020-12-19,"quantile",0.8,63.3545828023623
"41856",2020-12-12,"54","7  day ahead inc hosp",2020-12-19,"quantile",0.85,65.2607050567303
"41857",2020-12-12,"54","7  day ahead inc hosp",2020-12-19,"quantile",0.9,67.6590421015209
"41858",2020-12-12,"54","7  day ahead inc hosp",2020-12-19,"quantile",0.95,71.2137388863904
"41859",2020-12-12,"54","7  day ahead inc hosp",2020-12-19,"quantile",0.975,74.2969082211901
"41860",2020-12-12,"54","7  day ahead inc hosp",2020-12-19,"quantile",0.99,77.8817588796009
"41861",2020-12-12,"54","8  day ahead inc hosp",2020-12-20,"quantile",0.01,35.8615466304656
"41862",2020-12-12,"54","8  day ahead inc hosp",2020-12-20,"quantile",0.025,39.5482282592288
"41863",2020-12-12,"54","8  day ahead inc hosp",2020-12-20,"quantile",0.05,42.7189778463291
"41864",2020-12-12,"54","8  day ahead inc hosp",2020-12-20,"quantile",0.1,46.3746490531212
"41865",2020-12-12,"54","8  day ahead inc hosp",2020-12-20,"quantile",0.15,48.8411130610058
"41866",2020-12-12,"54","8  day ahead inc hosp",2020-12-20,"quantile",0.2,50.8013804659723
"41867",2020-12-12,"54","8  day ahead inc hosp",2020-12-20,"quantile",0.25,52.4831153539142
"41868",2020-12-12,"54","8  day ahead inc hosp",2020-12-20,"quantile",0.3,53.9933652594877
"41869",2020-12-12,"54","8  day ahead inc hosp",2020-12-20,"quantile",0.35,55.3928368692305
"41870",2020-12-12,"54","8  day ahead inc hosp",2020-12-20,"quantile",0.4,56.7207985722493
"41871",2020-12-12,"54","8  day ahead inc hosp",2020-12-20,"quantile",0.45,58.0056168882956
"41872",2020-12-12,"54","8  day ahead inc hosp",2020-12-20,"quantile",0.5,59.2700648953504
"41873",2020-12-12,"54","8  day ahead inc hosp",2020-12-20,"quantile",0.55,60.5345129024051
"41874",2020-12-12,"54","8  day ahead inc hosp",2020-12-20,"quantile",0.6,61.8193312184514
"41875",2020-12-12,"54","8  day ahead inc hosp",2020-12-20,"quantile",0.65,63.1472929214702
"41876",2020-12-12,"54","8  day ahead inc hosp",2020-12-20,"quantile",0.7,64.546764531213
"41877",2020-12-12,"54","8  day ahead inc hosp",2020-12-20,"quantile",0.75,66.0570144367866
"41878",2020-12-12,"54","8  day ahead inc hosp",2020-12-20,"quantile",0.8,67.7387493247284
"41879",2020-12-12,"54","8  day ahead inc hosp",2020-12-20,"quantile",0.85,69.6990167296949
"41880",2020-12-12,"54","8  day ahead inc hosp",2020-12-20,"quantile",0.9,72.1654807375796
"41881",2020-12-12,"54","8  day ahead inc hosp",2020-12-20,"quantile",0.95,75.8211519443716
"41882",2020-12-12,"54","8  day ahead inc hosp",2020-12-20,"quantile",0.975,78.9919015314719
"41883",2020-12-12,"54","8  day ahead inc hosp",2020-12-20,"quantile",0.99,82.6785831602351
"41884",2020-12-12,"54","9  day ahead inc hosp",2020-12-21,"quantile",0.01,35.7514398039367
"41885",2020-12-12,"54","9  day ahead inc hosp",2020-12-21,"quantile",0.025,39.5390208711088
"41886",2020-12-12,"54","9  day ahead inc hosp",2020-12-21,"quantile",0.05,42.7965495416476
"41887",2020-12-12,"54","9  day ahead inc hosp",2020-12-21,"quantile",0.1,46.5522714739742
"41888",2020-12-12,"54","9  day ahead inc hosp",2020-12-21,"quantile",0.15,49.0862392313851
"41889",2020-12-12,"54","9  day ahead inc hosp",2020-12-21,"quantile",0.2,51.1001564765627
"41890",2020-12-12,"54","9  day ahead inc hosp",2020-12-21,"quantile",0.25,52.8279181503333
"41891",2020-12-12,"54","9  day ahead inc hosp",2020-12-21,"quantile",0.3,54.3795015320988
"41892",2020-12-12,"54","9  day ahead inc hosp",2020-12-21,"quantile",0.35,55.8172747674526
"41893",2020-12-12,"54","9  day ahead inc hosp",2020-12-21,"quantile",0.4,57.1815809676522
"41894",2020-12-12,"54","9  day ahead inc hosp",2020-12-21,"quantile",0.45,58.5015630053324
"41895",2020-12-12,"54","9  day ahead inc hosp",2020-12-21,"quantile",0.5,59.8006172264995
"41896",2020-12-12,"54","9  day ahead inc hosp",2020-12-21,"quantile",0.55,61.0996714476666
"41897",2020-12-12,"54","9  day ahead inc hosp",2020-12-21,"quantile",0.6,62.4196534853467
"41898",2020-12-12,"54","9  day ahead inc hosp",2020-12-21,"quantile",0.65,63.7839596855463
"41899",2020-12-12,"54","9  day ahead inc hosp",2020-12-21,"quantile",0.7,65.2217329209002
"41900",2020-12-12,"54","9  day ahead inc hosp",2020-12-21,"quantile",0.75,66.7733163026656
"41901",2020-12-12,"54","9  day ahead inc hosp",2020-12-21,"quantile",0.8,68.5010779764362
"41902",2020-12-12,"54","9  day ahead inc hosp",2020-12-21,"quantile",0.85,70.5149952216138
"41903",2020-12-12,"54","9  day ahead inc hosp",2020-12-21,"quantile",0.9,73.0489629790247
"41904",2020-12-12,"54","9  day ahead inc hosp",2020-12-21,"quantile",0.95,76.8046849113514
"41905",2020-12-12,"54","9  day ahead inc hosp",2020-12-21,"quantile",0.975,80.0622135818902
"41906",2020-12-12,"54","9  day ahead inc hosp",2020-12-21,"quantile",0.99,83.8497946490622
"41907",2020-12-12,"54","10  day ahead inc hosp",2020-12-22,"quantile",0.01,35.661892015234
"41908",2020-12-12,"54","10  day ahead inc hosp",2020-12-22,"quantile",0.025,39.5472683216796
"41909",2020-12-12,"54","10  day ahead inc hosp",2020-12-22,"quantile",0.05,42.8889062931485
"41910",2020-12-12,"54","10  day ahead inc hosp",2020-12-22,"quantile",0.1,46.7416008627608
"41911",2020-12-12,"54","10  day ahead inc hosp",2020-12-22,"quantile",0.15,49.3409955981697
"41912",2020-12-12,"54","10  day ahead inc hosp",2020-12-22,"quantile",0.2,51.4069121313827
"41913",2020-12-12,"54","10  day ahead inc hosp",2020-12-22,"quantile",0.25,53.1792845641833
"41914",2020-12-12,"54","10  day ahead inc hosp",2020-12-22,"quantile",0.3,54.7709297863111
"41915",2020-12-12,"54","10  day ahead inc hosp",2020-12-22,"quantile",0.35,56.2458262871685
"41916",2020-12-12,"54","10  day ahead inc hosp",2020-12-22,"quantile",0.4,57.6453588360388
"41917",2020-12-12,"54","10  day ahead inc hosp",2020-12-22,"quantile",0.45,58.9994227737291
"41918",2020-12-12,"54","10  day ahead inc hosp",2020-12-22,"quantile",0.5,60.332018539258
"41919",2020-12-12,"54","10  day ahead inc hosp",2020-12-22,"quantile",0.55,61.6646143047869
"41920",2020-12-12,"54","10  day ahead inc hosp",2020-12-22,"quantile",0.6,63.0186782424772
"41921",2020-12-12,"54","10  day ahead inc hosp",2020-12-22,"quantile",0.65,64.4182107913475
"41922",2020-12-12,"54","10  day ahead inc hosp",2020-12-22,"quantile",0.7,65.8931072922049
"41923",2020-12-12,"54","10  day ahead inc hosp",2020-12-22,"quantile",0.75,67.4847525143327
"41924",2020-12-12,"54","10  day ahead inc hosp",2020-12-22,"quantile",0.8,69.2571249471333
"41925",2020-12-12,"54","10  day ahead inc hosp",2020-12-22,"quantile",0.85,71.3230414803463
"41926",2020-12-12,"54","10  day ahead inc hosp",2020-12-22,"quantile",0.9,73.9224362157552
"41927",2020-12-12,"54","10  day ahead inc hosp",2020-12-22,"quantile",0.95,77.7751307853675
"41928",2020-12-12,"54","10  day ahead inc hosp",2020-12-22,"quantile",0.975,81.1167687568364
"41929",2020-12-12,"54","10  day ahead inc hosp",2020-12-22,"quantile",0.99,85.002145063282
"41930",2020-12-12,"54","11  day ahead inc hosp",2020-12-23,"quantile",0.01,35.5835491076559
"41931",2020-12-12,"54","11  day ahead inc hosp",2020-12-23,"quantile",0.025,39.5639389194192
"41932",2020-12-12,"54","11  day ahead inc hosp",2020-12-23,"quantile",0.05,42.9872937471538
"41933",2020-12-12,"54","11  day ahead inc hosp",2020-12-23,"quantile",0.1,46.9342026185752
"41934",2020-12-12,"54","11  day ahead inc hosp",2020-12-23,"quantile",0.15,49.5971632961313
"41935",2020-12-12,"54","11  day ahead inc hosp",2020-12-23,"quantile",0.2,51.7136000250815
"41936",2020-12-12,"54","11  day ahead inc hosp",2020-12-23,"quantile",0.25,53.5293142874211
"41937",2020-12-12,"54","11  day ahead inc hosp",2020-12-23,"quantile",0.3,55.1598818120105
"41938",2020-12-12,"54","11  day ahead inc hosp",2020-12-23,"quantile",0.35,56.6708456266812
"41939",2020-12-12,"54","11  day ahead inc hosp",2020-12-23,"quantile",0.4,58.10460252933
"41940",2020-12-12,"54","11  day ahead inc hosp",2020-12-23,"quantile",0.45,59.4917789253762
"41941",2020-12-12,"54","11  day ahead inc hosp",2020-12-23,"quantile",0.5,60.8569621637438
"41942",2020-12-12,"54","11  day ahead inc hosp",2020-12-23,"quantile",0.55,62.2221454021114
"41943",2020-12-12,"54","11  day ahead inc hosp",2020-12-23,"quantile",0.6,63.6093217981576
"41944",2020-12-12,"54","11  day ahead inc hosp",2020-12-23,"quantile",0.65,65.0430787008065
"41945",2020-12-12,"54","11  day ahead inc hosp",2020-12-23,"quantile",0.7,66.5540425154771
"41946",2020-12-12,"54","11  day ahead inc hosp",2020-12-23,"quantile",0.75,68.1846100400665
"41947",2020-12-12,"54","11  day ahead inc hosp",2020-12-23,"quantile",0.8,70.0003243024061
"41948",2020-12-12,"54","11  day ahead inc hosp",2020-12-23,"quantile",0.85,72.1167610313563
"41949",2020-12-12,"54","11  day ahead inc hosp",2020-12-23,"quantile",0.9,74.7797217089125
"41950",2020-12-12,"54","11  day ahead inc hosp",2020-12-23,"quantile",0.95,78.7266305803338
"41951",2020-12-12,"54","11  day ahead inc hosp",2020-12-23,"quantile",0.975,82.1499854080684
"41952",2020-12-12,"54","11  day ahead inc hosp",2020-12-23,"quantile",0.99,86.1303752198318
"41953",2020-12-12,"54","12  day ahead inc hosp",2020-12-24,"quantile",0.01,35.5183114630768
"41954",2020-12-12,"54","12  day ahead inc hosp",2020-12-24,"quantile",0.025,39.5915799785744
"41955",2020-12-12,"54","12  day ahead inc hosp",2020-12-24,"quantile",0.05,43.0948156154405
"41956",2020-12-12,"54","12  day ahead inc hosp",2020-12-24,"quantile",0.1,47.1338219439129
"41957",2020-12-12,"54","12  day ahead inc hosp",2020-12-24,"quantile",0.15,49.8589203385076
"41958",2020-12-12,"54","12  day ahead inc hosp",2020-12-24,"quantile",0.2,52.0247421551544
"41959",2020-12-12,"54","12  day ahead inc hosp",2020-12-24,"quantile",0.25,53.8828244254061
"41960",2020-12-12,"54","12  day ahead inc hosp",2020-12-24,"quantile",0.3,55.5514397305389
"41961",2020-12-12,"54","12  day ahead inc hosp",2020-12-24,"quantile",0.35,57.0976604841358
"41962",2020-12-12,"54","12  day ahead inc hosp",2020-12-24,"quantile",0.4,58.5648727740421
"41963",2020-12-12,"54","12  day ahead inc hosp",2020-12-24,"quantile",0.45,59.9844176444359
"41964",2020-12-12,"54","12  day ahead inc hosp",2020-12-24,"quantile",0.5,61.3814561672193
"41965",2020-12-12,"54","12  day ahead inc hosp",2020-12-24,"quantile",0.55,62.7784946900026
"41966",2020-12-12,"54","12  day ahead inc hosp",2020-12-24,"quantile",0.6,64.1980395603964
"41967",2020-12-12,"54","12  day ahead inc hosp",2020-12-24,"quantile",0.65,65.6652518503027
"41968",2020-12-12,"54","12  day ahead inc hosp",2020-12-24,"quantile",0.7,67.2114726038996
"41969",2020-12-12,"54","12  day ahead inc hosp",2020-12-24,"quantile",0.75,68.8800879090324
"41970",2020-12-12,"54","12  day ahead inc hosp",2020-12-24,"quantile",0.8,70.7381701792841
"41971",2020-12-12,"54","12  day ahead inc hosp",2020-12-24,"quantile",0.85,72.9039919959309
"41972",2020-12-12,"54","12  day ahead inc hosp",2020-12-24,"quantile",0.9,75.6290903905256
"41973",2020-12-12,"54","12  day ahead inc hosp",2020-12-24,"quantile",0.95,79.668096718998
"41974",2020-12-12,"54","12  day ahead inc hosp",2020-12-24,"quantile",0.975,83.1713323558641
"41975",2020-12-12,"54","12  day ahead inc hosp",2020-12-24,"quantile",0.99,87.2446008713617
"41976",2020-12-12,"54","13  day ahead inc hosp",2020-12-25,"quantile",0.01,35.467053267777
"41977",2020-12-12,"54","13  day ahead inc hosp",2020-12-25,"quantile",0.025,39.6312086803883
"41978",2020-12-12,"54","13  day ahead inc hosp",2020-12-25,"quantile",0.05,43.2126120628085
"41979",2020-12-12,"54","13  day ahead inc hosp",2020-12-25,"quantile",0.1,47.3417407957383
"41980",2020-12-12,"54","13  day ahead inc hosp",2020-12-25,"quantile",0.15,50.1276443487634
"41981",2020-12-12,"54","13  day ahead inc hosp",2020-12-25,"quantile",0.2,52.3417921777679
"41982",2020-12-12,"54","13  day ahead inc hosp",2020-12-25,"quantile",0.25,54.2413338635927
"41983",2020-12-12,"54","13  day ahead inc hosp",2020-12-25,"quantile",0.3,55.9471810052673
"41984",2020-12-12,"54","13  day ahead inc hosp",2020-12-25,"quantile",0.35,57.527902604073
"41985",2020-12-12,"54","13  day ahead inc hosp",2020-12-25,"quantile",0.4,59.0278528222375
"41986",2020-12-12,"54","13  day ahead inc hosp",2020-12-25,"quantile",0.45,60.4790720170941
"41987",2020-12-12,"54","13  day ahead inc hosp",2020-12-25,"quantile",0.5,61.9072826798925
"41988",2020-12-12,"54","13  day ahead inc hosp",2020-12-25,"quantile",0.55,63.3354933426909
"41989",2020-12-12,"54","13  day ahead inc hosp",2020-12-25,"quantile",0.6,64.7867125375475
"41990",2020-12-12,"54","13  day ahead inc hosp",2020-12-25,"quantile",0.65,66.286662755712
"41991",2020-12-12,"54","13  day ahead inc hosp",2020-12-25,"quantile",0.7,67.8673843545177
"41992",2020-12-12,"54","13  day ahead inc hosp",2020-12-25,"quantile",0.75,69.5732314961923
"41993",2020-12-12,"54","13  day ahead inc hosp",2020-12-25,"quantile",0.8,71.4727731820171
"41994",2020-12-12,"54","13  day ahead inc hosp",2020-12-25,"quantile",0.85,73.6869210110216
"41995",2020-12-12,"54","13  day ahead inc hosp",2020-12-25,"quantile",0.9,76.4728245640467
"41996",2020-12-12,"54","13  day ahead inc hosp",2020-12-25,"quantile",0.95,80.6019532969765
"41997",2020-12-12,"54","13  day ahead inc hosp",2020-12-25,"quantile",0.975,84.1833566793967
"41998",2020-12-12,"54","13  day ahead inc hosp",2020-12-25,"quantile",0.99,88.347512092008
"41999",2020-12-12,"54","14  day ahead inc hosp",2020-12-26,"quantile",0.01,35.4283568104063
"42000",2020-12-12,"54","14  day ahead inc hosp",2020-12-26,"quantile",0.025,39.6814443893796
"42001",2020-12-12,"54","14  day ahead inc hosp",2020-12-26,"quantile",0.05,43.3393343410692
"42002",2020-12-12,"54","14  day ahead inc hosp",2020-12-26,"quantile",0.1,47.5566471898692
"42003",2020-12-12,"54","14  day ahead inc hosp",2020-12-26,"quantile",0.15,50.4020481472169
"42004",2020-12-12,"54","14  day ahead inc hosp",2020-12-26,"quantile",0.2,52.6634826270709
"42005",2020-12-12,"54","14  day ahead inc hosp",2020-12-26,"quantile",0.25,54.6035920488414
"42006",2020-12-12,"54","14  day ahead inc hosp",2020-12-26,"quantile",0.3,56.3458702711938
"42007",2020-12-12,"54","14  day ahead inc hosp",2020-12-26,"quantile",0.35,57.9603506955638
"42008",2020-12-12,"54","14  day ahead inc hosp",2020-12-26,"quantile",0.4,59.4923347379061
"42009",2020-12-12,"54","14  day ahead inc hosp",2020-12-26,"quantile",0.45,60.9745470283791
"42010",2020-12-12,"54","14  day ahead inc hosp",2020-12-26,"quantile",0.5,62.4332594029723
"42011",2020-12-12,"54","14  day ahead inc hosp",2020-12-26,"quantile",0.55,63.8919717775655
"42012",2020-12-12,"54","14  day ahead inc hosp",2020-12-26,"quantile",0.6,65.3741840680385
"42013",2020-12-12,"54","14  day ahead inc hosp",2020-12-26,"quantile",0.65,66.9061681103808
"42014",2020-12-12,"54","14  day ahead inc hosp",2020-12-26,"quantile",0.7,68.5206485347508
"42015",2020-12-12,"54","14  day ahead inc hosp",2020-12-26,"quantile",0.75,70.2629267571032
"42016",2020-12-12,"54","14  day ahead inc hosp",2020-12-26,"quantile",0.8,72.2030361788737
"42017",2020-12-12,"54","14  day ahead inc hosp",2020-12-26,"quantile",0.85,74.4644706587277
"42018",2020-12-12,"54","14  day ahead inc hosp",2020-12-26,"quantile",0.9,77.3098716160754
"42019",2020-12-12,"54","14  day ahead inc hosp",2020-12-26,"quantile",0.95,81.5271844648754
"42020",2020-12-12,"54","14  day ahead inc hosp",2020-12-26,"quantile",0.975,85.1850744165649
"42021",2020-12-12,"54","14  day ahead inc hosp",2020-12-26,"quantile",0.99,89.4381619955383
"42022",2020-12-12,"54","15  day ahead inc hosp",2020-12-27,"quantile",0.01,35.7184005139026
"42023",2020-12-12,"54","15  day ahead inc hosp",2020-12-27,"quantile",0.025,40.058581928718
"42024",2020-12-12,"54","15  day ahead inc hosp",2020-12-27,"quantile",0.05,43.7913773840129
"42025",2020-12-12,"54","15  day ahead inc hosp",2020-12-27,"quantile",0.1,48.0950514812302
"42026",2020-12-12,"54","15  day ahead inc hosp",2020-12-27,"quantile",0.15,50.9987199628841
"42027",2020-12-12,"54","15  day ahead inc hosp",2020-12-27,"quantile",0.2,53.3064636239385
"42028",2020-12-12,"54","15  day ahead inc hosp",2020-12-27,"quantile",0.25,55.2863021997313
"42029",2020-12-12,"54","15  day ahead inc hosp",2020-12-27,"quantile",0.3,57.0642584302768
"42030",2020-12-12,"54","15  day ahead inc hosp",2020-12-27,"quantile",0.35,58.7117998463239
"42031",2020-12-12,"54","15  day ahead inc hosp",2020-12-27,"quantile",0.4,60.2751555367263
"42032",2020-12-12,"54","15  day ahead inc hosp",2020-12-27,"quantile",0.45,61.7877202597586
"42033",2020-12-12,"54","15  day ahead inc hosp",2020-12-27,"quantile",0.5,63.2763038405602
"42034",2020-12-12,"54","15  day ahead inc hosp",2020-12-27,"quantile",0.55,64.7648874213617
"42035",2020-12-12,"54","15  day ahead inc hosp",2020-12-27,"quantile",0.6,66.277452144394
"42036",2020-12-12,"54","15  day ahead inc hosp",2020-12-27,"quantile",0.65,67.8408078347964
"42037",2020-12-12,"54","15  day ahead inc hosp",2020-12-27,"quantile",0.7,69.4883492508435
"42038",2020-12-12,"54","15  day ahead inc hosp",2020-12-27,"quantile",0.75,71.266305481389
"42039",2020-12-12,"54","15  day ahead inc hosp",2020-12-27,"quantile",0.8,73.2461440571818
"42040",2020-12-12,"54","15  day ahead inc hosp",2020-12-27,"quantile",0.85,75.5538877182362
"42041",2020-12-12,"54","15  day ahead inc hosp",2020-12-27,"quantile",0.9,78.4575561998901
"42042",2020-12-12,"54","15  day ahead inc hosp",2020-12-27,"quantile",0.95,82.7612302971074
"42043",2020-12-12,"54","15  day ahead inc hosp",2020-12-27,"quantile",0.975,86.4940257524023
"42044",2020-12-12,"54","15  day ahead inc hosp",2020-12-27,"quantile",0.99,90.8342071672177
"42045",2020-12-12,"54","16  day ahead inc hosp",2020-12-28,"quantile",0.01,35.7019296161771
"42046",2020-12-12,"54","16  day ahead inc hosp",2020-12-28,"quantile",0.025,40.1274931423748
"42047",2020-12-12,"54","16  day ahead inc hosp",2020-12-28,"quantile",0.05,43.9337219238075
"42048",2020-12-12,"54","16  day ahead inc hosp",2020-12-28,"quantile",0.1,48.3220599431057
"42049",2020-12-12,"54","16  day ahead inc hosp",2020-12-28,"quantile",0.15,51.2828507710448
"42050",2020-12-12,"54","16  day ahead inc hosp",2020-12-28,"quantile",0.2,53.6359934621115
"42051",2020-12-12,"54","16  day ahead inc hosp",2020-12-28,"quantile",0.25,55.6547803632486
"42052",2020-12-12,"54","16  day ahead inc hosp",2020-12-28,"quantile",0.3,57.4677133937018
"42053",2020-12-12,"54","16  day ahead inc hosp",2020-12-28,"quantile",0.35,59.1476660274486
"42054",2020-12-12,"54","16  day ahead inc hosp",2020-12-28,"quantile",0.4,60.7417767939481
"42055",2020-12-12,"54","16  day ahead inc hosp",2020-12-28,"quantile",0.45,62.28409740903
"42056",2020-12-12,"54","16  day ahead inc hosp",2020-12-28,"quantile",0.5,63.8019651134545
"42057",2020-12-12,"54","16  day ahead inc hosp",2020-12-28,"quantile",0.55,65.3198328178791
"42058",2020-12-12,"54","16  day ahead inc hosp",2020-12-28,"quantile",0.6,66.862153432961
"42059",2020-12-12,"54","16  day ahead inc hosp",2020-12-28,"quantile",0.65,68.4562641994605
"42060",2020-12-12,"54","16  day ahead inc hosp",2020-12-28,"quantile",0.7,70.1362168332073
"42061",2020-12-12,"54","16  day ahead inc hosp",2020-12-28,"quantile",0.75,71.9491498636606
"42062",2020-12-12,"54","16  day ahead inc hosp",2020-12-28,"quantile",0.8,73.9679367647976
"42063",2020-12-12,"54","16  day ahead inc hosp",2020-12-28,"quantile",0.85,76.3210794558643
"42064",2020-12-12,"54","16  day ahead inc hosp",2020-12-28,"quantile",0.9,79.2818702838034
"42065",2020-12-12,"54","16  day ahead inc hosp",2020-12-28,"quantile",0.95,83.6702083031016
"42066",2020-12-12,"54","16  day ahead inc hosp",2020-12-28,"quantile",0.975,87.4764370845343
"42067",2020-12-12,"54","16  day ahead inc hosp",2020-12-28,"quantile",0.99,91.902000610732
"42068",2020-12-12,"54","17  day ahead inc hosp",2020-12-29,"quantile",0.01,35.6957555762292
"42069",2020-12-12,"54","17  day ahead inc hosp",2020-12-29,"quantile",0.025,40.2050882272124
"42070",2020-12-12,"54","17  day ahead inc hosp",2020-12-29,"quantile",0.05,44.0833630773246
"42071",2020-12-12,"54","17  day ahead inc hosp",2020-12-29,"quantile",0.1,48.5547655996999
"42072",2020-12-12,"54","17  day ahead inc hosp",2020-12-29,"quantile",0.15,51.5715996535154
"42073",2020-12-12,"54","17  day ahead inc hosp",2020-12-29,"quantile",0.2,53.9692837239023
"42074",2020-12-12,"54","17  day ahead inc hosp",2020-12-29,"quantile",0.25,56.0262831624564
"42075",2020-12-12,"54","17  day ahead inc hosp",2020-12-29,"quantile",0.3,57.8735322325183
"42076",2020-12-12,"54","17  day ahead inc hosp",2020-12-29,"quantile",0.35,59.5852837910749
"42077",2020-12-12,"54","17  day ahead inc hosp",2020-12-29,"quantile",0.4,61.2095686275951
"42078",2020-12-12,"54","17  day ahead inc hosp",2020-12-29,"quantile",0.45,62.7810830046237
"42079",2020-12-12,"54","17  day ahead inc hosp",2020-12-29,"quantile",0.5,64.3276816149289
"42080",2020-12-12,"54","17  day ahead inc hosp",2020-12-29,"quantile",0.55,65.874280225234
"42081",2020-12-12,"54","17  day ahead inc hosp",2020-12-29,"quantile",0.6,67.4457946022626
"42082",2020-12-12,"54","17  day ahead inc hosp",2020-12-29,"quantile",0.65,69.0700794387829
"42083",2020-12-12,"54","17  day ahead inc hosp",2020-12-29,"quantile",0.7,70.7818309973394
"42084",2020-12-12,"54","17  day ahead inc hosp",2020-12-29,"quantile",0.75,72.6290800674013
"42085",2020-12-12,"54","17  day ahead inc hosp",2020-12-29,"quantile",0.8,74.6860795059555
"42086",2020-12-12,"54","17  day ahead inc hosp",2020-12-29,"quantile",0.85,77.0837635763423
"42087",2020-12-12,"54","17  day ahead inc hosp",2020-12-29,"quantile",0.9,80.1005976301579
"42088",2020-12-12,"54","17  day ahead inc hosp",2020-12-29,"quantile",0.95,84.5720001525332
"42089",2020-12-12,"54","17  day ahead inc hosp",2020-12-29,"quantile",0.975,88.4502750026453
"42090",2020-12-12,"54","17  day ahead inc hosp",2020-12-29,"quantile",0.99,92.9596076536285
"42091",2020-12-12,"54","18  day ahead inc hosp",2020-12-30,"quantile",0.01,35.6992966676966
"42092",2020-12-12,"54","18  day ahead inc hosp",2020-12-30,"quantile",0.025,40.2908701573592
"42093",2020-12-12,"54","18  day ahead inc hosp",2020-12-30,"quantile",0.05,44.2398766657873
"42094",2020-12-12,"54","18  day ahead inc hosp",2020-12-30,"quantile",0.1,48.7928282602704
"42095",2020-12-12,"54","18  day ahead inc hosp",2020-12-30,"quantile",0.15,51.864683085882
"42096",2020-12-12,"54","18  day ahead inc hosp",2020-12-30,"quantile",0.2,54.3060959214985
"42097",2020-12-12,"54","18  day ahead inc hosp",2020-12-30,"quantile",0.25,56.4006107469365
"42098",2020-12-12,"54","18  day ahead inc hosp",2020-12-30,"quantile",0.3,58.2815497938819
"42099",2020-12-12,"54","18  day ahead inc hosp",2020-12-30,"quantile",0.35,60.0245201368312
"42100",2020-12-12,"54","18  day ahead inc hosp",2020-12-30,"quantile",0.4,61.6784285468486
"42101",2020-12-12,"54","18  day ahead inc hosp",2020-12-30,"quantile",0.45,63.2786040740666
"42102",2020-12-12,"54","18  day ahead inc hosp",2020-12-30,"quantile",0.5,64.8534094228531
"42103",2020-12-12,"54","18  day ahead inc hosp",2020-12-30,"quantile",0.55,66.4282147716397
"42104",2020-12-12,"54","18  day ahead inc hosp",2020-12-30,"quantile",0.6,68.0283902988576
"42105",2020-12-12,"54","18  day ahead inc hosp",2020-12-30,"quantile",0.65,69.6822987088751
"42106",2020-12-12,"54","18  day ahead inc hosp",2020-12-30,"quantile",0.7,71.4252690518244
"42107",2020-12-12,"54","18  day ahead inc hosp",2020-12-30,"quantile",0.75,73.3062080987698
"42108",2020-12-12,"54","18  day ahead inc hosp",2020-12-30,"quantile",0.8,75.4007229242078
"42109",2020-12-12,"54","18  day ahead inc hosp",2020-12-30,"quantile",0.85,77.8421357598242
"42110",2020-12-12,"54","18  day ahead inc hosp",2020-12-30,"quantile",0.9,80.9139905854359
"42111",2020-12-12,"54","18  day ahead inc hosp",2020-12-30,"quantile",0.95,85.466942179919
"42112",2020-12-12,"54","18  day ahead inc hosp",2020-12-30,"quantile",0.975,89.4159486883471
"42113",2020-12-12,"54","18  day ahead inc hosp",2020-12-30,"quantile",0.99,94.0075221780097
"42114",2020-12-12,"54","19  day ahead inc hosp",2020-12-31,"quantile",0.01,35.7120209621174
"42115",2020-12-12,"54","19  day ahead inc hosp",2020-12-31,"quantile",0.025,40.3843872534359
"42116",2020-12-12,"54","19  day ahead inc hosp",2020-12-31,"quantile",0.05,44.4028800284548
"42117",2020-12-12,"54","19  day ahead inc hosp",2020-12-31,"quantile",0.1,49.0359448381463
"42118",2020-12-12,"54","19  day ahead inc hosp",2020-12-31,"quantile",0.15,52.1618516697206
"42119",2020-12-12,"54","19  day ahead inc hosp",2020-12-31,"quantile",0.2,54.6462233261928
"42120",2020-12-12,"54","19  day ahead inc hosp",2020-12-31,"quantile",0.25,56.7775929947991
"42121",2020-12-12,"54","19  day ahead inc hosp",2020-12-31,"quantile",0.3,58.6916288299564
"42122",2020-12-12,"54","19  day ahead inc hosp",2020-12-31,"quantile",0.35,60.4652682795915
"42123",2020-12-12,"54","19  day ahead inc hosp",2020-12-31,"quantile",0.4,62.1482786727153
"42124",2020-12-12,"54","19  day ahead inc hosp",2020-12-31,"quantile",0.45,63.7766107053832
"42125",2020-12-12,"54","19  day ahead inc hosp",2020-12-31,"quantile",0.5,65.3791261488633
"42126",2020-12-12,"54","19  day ahead inc hosp",2020-12-31,"quantile",0.55,66.9816415923435
"42127",2020-12-12,"54","19  day ahead inc hosp",2020-12-31,"quantile",0.6,68.6099736250114
"42128",2020-12-12,"54","19  day ahead inc hosp",2020-12-31,"quantile",0.65,70.2929840181352
"42129",2020-12-12,"54","19  day ahead inc hosp",2020-12-31,"quantile",0.7,72.0666234677703
"42130",2020-12-12,"54","19  day ahead inc hosp",2020-12-31,"quantile",0.75,73.9806593029276
"42131",2020-12-12,"54","19  day ahead inc hosp",2020-12-31,"quantile",0.8,76.1120289715339
"42132",2020-12-12,"54","19  day ahead inc hosp",2020-12-31,"quantile",0.85,78.5964006280061
"42133",2020-12-12,"54","19  day ahead inc hosp",2020-12-31,"quantile",0.9,81.7223074595804
"42134",2020-12-12,"54","19  day ahead inc hosp",2020-12-31,"quantile",0.95,86.3553722692719
"42135",2020-12-12,"54","19  day ahead inc hosp",2020-12-31,"quantile",0.975,90.3738650442908
"42136",2020-12-12,"54","19  day ahead inc hosp",2020-12-31,"quantile",0.99,95.0462313356093
"42137",2020-12-12,"54","20  day ahead inc hosp",2021-01-01,"quantile",0.01,35.7334632426661
"42138",2020-12-12,"54","20  day ahead inc hosp",2021-01-01,"quantile",0.025,40.4852488662566
"42139",2020-12-12,"54","20  day ahead inc hosp",2021-01-01,"quantile",0.05,44.5720466484246
"42140",2020-12-12,"54","20  day ahead inc hosp",2021-01-01,"quantile",0.1,49.2838627568407
"42141",2020-12-12,"54","20  day ahead inc hosp",2021-01-01,"quantile",0.15,52.4629027157919
"42142",2020-12-12,"54","20  day ahead inc hosp",2021-01-01,"quantile",0.2,54.9895028975488
"42143",2020-12-12,"54","20  day ahead inc hosp",2021-01-01,"quantile",0.25,57.1571008807502
"42144",2020-12-12,"54","20  day ahead inc hosp",2021-01-01,"quantile",0.3,59.103670862097
"42145",2020-12-12,"54","20  day ahead inc hosp",2021-01-01,"quantile",0.35,60.9074580467338
"42146",2020-12-12,"54","20  day ahead inc hosp",2021-01-01,"quantile",0.4,62.6190756922207
"42147",2020-12-12,"54","20  day ahead inc hosp",2021-01-01,"quantile",0.45,64.2750855726189
"42148",2020-12-12,"54","20  day ahead inc hosp",2021-01-01,"quantile",0.5,65.9048400420104
"42149",2020-12-12,"54","20  day ahead inc hosp",2021-01-01,"quantile",0.55,67.534594511402
"42150",2020-12-12,"54","20  day ahead inc hosp",2021-01-01,"quantile",0.6,69.1906043918002
"42151",2020-12-12,"54","20  day ahead inc hosp",2021-01-01,"quantile",0.65,70.9022220372871
"42152",2020-12-12,"54","20  day ahead inc hosp",2021-01-01,"quantile",0.7,72.7060092219239
"42153",2020-12-12,"54","20  day ahead inc hosp",2021-01-01,"quantile",0.75,74.6525792032707
"42154",2020-12-12,"54","20  day ahead inc hosp",2021-01-01,"quantile",0.8,76.8201771864721
"42155",2020-12-12,"54","20  day ahead inc hosp",2021-01-01,"quantile",0.85,79.346777368229
"42156",2020-12-12,"54","20  day ahead inc hosp",2021-01-01,"quantile",0.9,82.5258173271802
"42157",2020-12-12,"54","20  day ahead inc hosp",2021-01-01,"quantile",0.95,87.2376334355963
"42158",2020-12-12,"54","20  day ahead inc hosp",2021-01-01,"quantile",0.975,91.3244312177643
"42159",2020-12-12,"54","20  day ahead inc hosp",2021-01-01,"quantile",0.99,96.0762168413548
"42160",2020-12-12,"54","21  day ahead inc hosp",2021-01-02,"quantile",0.01,35.7631975758441
"42161",2020-12-12,"54","21  day ahead inc hosp",2021-01-02,"quantile",0.025,40.5930969365612
"42162",2020-12-12,"54","21  day ahead inc hosp",2021-01-02,"quantile",0.05,44.7470768420264
"42163",2020-12-12,"54","21  day ahead inc hosp",2021-01-02,"quantile",0.1,49.5363496359997
"42164",2020-12-12,"54","21  day ahead inc hosp",2021-01-02,"quantile",0.15,52.7676492529699
"42165",2020-12-12,"54","21  day ahead inc hosp",2021-01-02,"quantile",0.2,55.3357837542555
"42166",2020-12-12,"54","21  day ahead inc hosp",2021-01-02,"quantile",0.25,57.5390144853265
"42167",2020-12-12,"54","21  day ahead inc hosp",2021-01-02,"quantile",0.3,59.5175837755366
"42168",2020-12-12,"54","21  day ahead inc hosp",2021-01-02,"quantile",0.35,61.3510230886856
"42169",2020-12-12,"54","21  day ahead inc hosp",2021-01-02,"quantile",0.4,63.0907777044426
"42170",2020-12-12,"54","21  day ahead inc hosp",2021-01-02,"quantile",0.45,64.7740104292036
"42171",2020-12-12,"54","21  day ahead inc hosp",2021-01-02,"quantile",0.5,66.4305561350455
"42172",2020-12-12,"54","21  day ahead inc hosp",2021-01-02,"quantile",0.55,68.0871018408874
"42173",2020-12-12,"54","21  day ahead inc hosp",2021-01-02,"quantile",0.6,69.7703345656484
"42174",2020-12-12,"54","21  day ahead inc hosp",2021-01-02,"quantile",0.65,71.5100891814054
"42175",2020-12-12,"54","21  day ahead inc hosp",2021-01-02,"quantile",0.7,73.3435284945543
"42176",2020-12-12,"54","21  day ahead inc hosp",2021-01-02,"quantile",0.75,75.3220977847645
"42177",2020-12-12,"54","21  day ahead inc hosp",2021-01-02,"quantile",0.8,77.5253285158355
"42178",2020-12-12,"54","21  day ahead inc hosp",2021-01-02,"quantile",0.85,80.0934630171211
"42179",2020-12-12,"54","21  day ahead inc hosp",2021-01-02,"quantile",0.9,83.3247626340913
"42180",2020-12-12,"54","21  day ahead inc hosp",2021-01-02,"quantile",0.95,88.1140354280646
"42181",2020-12-12,"54","21  day ahead inc hosp",2021-01-02,"quantile",0.975,92.2680153335298
"42182",2020-12-12,"54","21  day ahead inc hosp",2021-01-02,"quantile",0.99,97.0979146942469
"42183",2020-12-12,"54","22  day ahead inc hosp",2021-01-03,"quantile",0.01,43.8121754548388
"42184",2020-12-12,"54","22  day ahead inc hosp",2021-01-03,"quantile",0.025,48.7189451734973
"42185",2020-12-12,"54","22  day ahead inc hosp",2021-01-03,"quantile",0.05,52.9390378275658
"42186",2020-12-12,"54","22  day ahead inc hosp",2021-01-03,"quantile",0.1,57.8045343865612
"42187",2020-12-12,"54","22  day ahead inc hosp",2021-01-03,"quantile",0.15,61.0872618159188
"42188",2020-12-12,"54","22  day ahead inc hosp",2021-01-03,"quantile",0.2,63.6962695121949
"42189",2020-12-12,"54","22  day ahead inc hosp",2021-01-03,"quantile",0.25,65.9345658051495
"42190",2020-12-12,"54","22  day ahead inc hosp",2021-01-03,"quantile",0.3,67.944625053678
"42191",2020-12-12,"54","22  day ahead inc hosp",2021-01-03,"quantile",0.35,69.8072445061507
"42192",2020-12-12,"54","22  day ahead inc hosp",2021-01-03,"quantile",0.4,71.5746882205939
"42193",2020-12-12,"54","22  day ahead inc hosp",2021-01-03,"quantile",0.45,73.2847104687772
"42194",2020-12-12,"54","22  day ahead inc hosp",2021-01-03,"quantile",0.5,74.9676209602687
"42195",2020-12-12,"54","22  day ahead inc hosp",2021-01-03,"quantile",0.55,76.6505314517602
"42196",2020-12-12,"54","22  day ahead inc hosp",2021-01-03,"quantile",0.6,78.3605536999435
"42197",2020-12-12,"54","22  day ahead inc hosp",2021-01-03,"quantile",0.65,80.1279974143867
"42198",2020-12-12,"54","22  day ahead inc hosp",2021-01-03,"quantile",0.7,81.9906168668594
"42199",2020-12-12,"54","22  day ahead inc hosp",2021-01-03,"quantile",0.75,84.0006761153878
"42200",2020-12-12,"54","22  day ahead inc hosp",2021-01-03,"quantile",0.8,86.2389724083425
"42201",2020-12-12,"54","22  day ahead inc hosp",2021-01-03,"quantile",0.85,88.8479801046186
"42202",2020-12-12,"54","22  day ahead inc hosp",2021-01-03,"quantile",0.9,92.1307075339761
"42203",2020-12-12,"54","22  day ahead inc hosp",2021-01-03,"quantile",0.95,96.9962040929716
"42204",2020-12-12,"54","22  day ahead inc hosp",2021-01-03,"quantile",0.975,101.21629674704
"42205",2020-12-12,"54","22  day ahead inc hosp",2021-01-03,"quantile",0.99,106.123066465699
"42206",2020-12-12,"54","23  day ahead inc hosp",2021-01-04,"quantile",0.01,43.8573344505091
"42207",2020-12-12,"54","23  day ahead inc hosp",2021-01-04,"quantile",0.025,48.8397886673794
"42208",2020-12-12,"54","23  day ahead inc hosp",2021-01-04,"quantile",0.05,53.1249741652625
"42209",2020-12-12,"54","23  day ahead inc hosp",2021-01-04,"quantile",0.1,58.0655186043772
"42210",2020-12-12,"54","23  day ahead inc hosp",2021-01-04,"quantile",0.15,61.3988804821607
"42211",2020-12-12,"54","23  day ahead inc hosp",2021-01-04,"quantile",0.2,64.048130832901
"42212",2020-12-12,"54","23  day ahead inc hosp",2021-01-04,"quantile",0.25,66.3209517401121
"42213",2020-12-12,"54","23  day ahead inc hosp",2021-01-04,"quantile",0.3,68.3620151592708
"42214",2020-12-12,"54","23  day ahead inc hosp",2021-01-04,"quantile",0.35,70.2533645963776
"42215",2020-12-12,"54","23  day ahead inc hosp",2021-01-04,"quantile",0.4,72.0480702567272
"42216",2020-12-12,"54","23  day ahead inc hosp",2021-01-04,"quantile",0.45,73.7844687530749
"42217",2020-12-12,"54","23  day ahead inc hosp",2021-01-04,"quantile",0.5,75.4933373072812
"42218",2020-12-12,"54","23  day ahead inc hosp",2021-01-04,"quantile",0.55,77.2022058614874
"42219",2020-12-12,"54","23  day ahead inc hosp",2021-01-04,"quantile",0.6,78.9386043578351
"42220",2020-12-12,"54","23  day ahead inc hosp",2021-01-04,"quantile",0.65,80.7333100181848
"42221",2020-12-12,"54","23  day ahead inc hosp",2021-01-04,"quantile",0.7,82.6246594552915
"42222",2020-12-12,"54","23  day ahead inc hosp",2021-01-04,"quantile",0.75,84.6657228744503
"42223",2020-12-12,"54","23  day ahead inc hosp",2021-01-04,"quantile",0.8,86.9385437816613
"42224",2020-12-12,"54","23  day ahead inc hosp",2021-01-04,"quantile",0.85,89.5877941324017
"42225",2020-12-12,"54","23  day ahead inc hosp",2021-01-04,"quantile",0.9,92.9211560101851
"42226",2020-12-12,"54","23  day ahead inc hosp",2021-01-04,"quantile",0.95,97.8617004492999
"42227",2020-12-12,"54","23  day ahead inc hosp",2021-01-04,"quantile",0.975,102.146885947183
"42228",2020-12-12,"54","23  day ahead inc hosp",2021-01-04,"quantile",0.99,107.129340164053
"42229",2020-12-12,"54","24  day ahead inc hosp",2021-01-05,"quantile",0.01,43.9096846378919
"42230",2020-12-12,"54","24  day ahead inc hosp",2021-01-05,"quantile",0.025,48.9666907639757
"42231",2020-12-12,"54","24  day ahead inc hosp",2021-01-05,"quantile",0.05,53.3159950166522
"42232",2020-12-12,"54","24  day ahead inc hosp",2021-01-05,"quantile",0.1,58.3304642736294
"42233",2020-12-12,"54","24  day ahead inc hosp",2021-01-05,"quantile",0.15,61.7137028750657
"42234",2020-12-12,"54","24  day ahead inc hosp",2021-01-05,"quantile",0.2,64.402593664641
"42235",2020-12-12,"54","24  day ahead inc hosp",2021-01-05,"quantile",0.25,66.7094225387209
"42236",2020-12-12,"54","24  day ahead inc hosp",2021-01-05,"quantile",0.3,68.7810261631883
"42237",2020-12-12,"54","24  day ahead inc hosp",2021-01-05,"quantile",0.35,70.7006756519139
"42238",2020-12-12,"54","24  day ahead inc hosp",2021-01-05,"quantile",0.4,72.5222352937818
"42239",2020-12-12,"54","24  day ahead inc hosp",2021-01-05,"quantile",0.45,74.284615328027
"42240",2020-12-12,"54","24  day ahead inc hosp",2021-01-05,"quantile",0.5,76.0190534926633
"42241",2020-12-12,"54","24  day ahead inc hosp",2021-01-05,"quantile",0.55,77.7534916572995
"42242",2020-12-12,"54","24  day ahead inc hosp",2021-01-05,"quantile",0.6,79.5158716915447
"42243",2020-12-12,"54","24  day ahead inc hosp",2021-01-05,"quantile",0.65,81.3374313334126
"42244",2020-12-12,"54","24  day ahead inc hosp",2021-01-05,"quantile",0.7,83.2570808221383
"42245",2020-12-12,"54","24  day ahead inc hosp",2021-01-05,"quantile",0.75,85.3286844466056
"42246",2020-12-12,"54","24  day ahead inc hosp",2021-01-05,"quantile",0.8,87.6355133206855
"42247",2020-12-12,"54","24  day ahead inc hosp",2021-01-05,"quantile",0.85,90.3244041102608
"42248",2020-12-12,"54","24  day ahead inc hosp",2021-01-05,"quantile",0.9,93.7076427116972
"42249",2020-12-12,"54","24  day ahead inc hosp",2021-01-05,"quantile",0.95,98.7221119686743
"42250",2020-12-12,"54","24  day ahead inc hosp",2021-01-05,"quantile",0.975,103.071416221351
"42251",2020-12-12,"54","24  day ahead inc hosp",2021-01-05,"quantile",0.99,108.128422347435
"42252",2020-12-12,"54","25  day ahead inc hosp",2021-01-06,"quantile",0.01,43.9689127177588
"42253",2020-12-12,"54","25  day ahead inc hosp",2021-01-06,"quantile",0.025,49.0993875451511
"42254",2020-12-12,"54","25  day ahead inc hosp",2021-01-06,"quantile",0.05,53.5118789340644
"42255",2020-12-12,"54","25  day ahead inc hosp",2021-01-06,"quantile",0.1,58.5991989123728
"42256",2020-12-12,"54","25  day ahead inc hosp",2021-01-06,"quantile",0.15,62.0315895496317
"42257",2020-12-12,"54","25  day ahead inc hosp",2021-01-06,"quantile",0.2,64.7595448191276
"42258",2020-12-12,"54","25  day ahead inc hosp",2021-01-06,"quantile",0.25,67.0998875386121
"42259",2020-12-12,"54","25  day ahead inc hosp",2021-01-06,"quantile",0.3,69.2015876320416
"42260",2020-12-12,"54","25  day ahead inc hosp",2021-01-06,"quantile",0.35,71.1491259845313
"42261",2020-12-12,"54","25  day ahead inc hosp",2021-01-06,"quantile",0.4,72.9971494308533
"42262",2020-12-12,"54","25  day ahead inc hosp",2021-01-06,"quantile",0.45,74.785133502171
"42263",2020-12-12,"54","25  day ahead inc hosp",2021-01-06,"quantile",0.5,76.5447697615453
"42264",2020-12-12,"54","25  day ahead inc hosp",2021-01-06,"quantile",0.55,78.3044060209195
"42265",2020-12-12,"54","25  day ahead inc hosp",2021-01-06,"quantile",0.6,80.0923900922372
"42266",2020-12-12,"54","25  day ahead inc hosp",2021-01-06,"quantile",0.65,81.9404135385592
"42267",2020-12-12,"54","25  day ahead inc hosp",2021-01-06,"quantile",0.7,83.8879518910489
"42268",2020-12-12,"54","25  day ahead inc hosp",2021-01-06,"quantile",0.75,85.9896519844785
"42269",2020-12-12,"54","25  day ahead inc hosp",2021-01-06,"quantile",0.8,88.3299947039629
"42270",2020-12-12,"54","25  day ahead inc hosp",2021-01-06,"quantile",0.85,91.0579499734588
"42271",2020-12-12,"54","25  day ahead inc hosp",2021-01-06,"quantile",0.9,94.4903406107177
"42272",2020-12-12,"54","25  day ahead inc hosp",2021-01-06,"quantile",0.95,99.5776605890261
"42273",2020-12-12,"54","25  day ahead inc hosp",2021-01-06,"quantile",0.975,103.990151977939
"42274",2020-12-12,"54","25  day ahead inc hosp",2021-01-06,"quantile",0.99,109.120626805332
"42275",2020-12-12,"54","26  day ahead inc hosp",2021-01-07,"quantile",0.01,44.0347273168087
"42276",2020-12-12,"54","26  day ahead inc hosp",2021-01-07,"quantile",0.025,49.2376335196383
"42277",2020-12-12,"54","26  day ahead inc hosp",2021-01-07,"quantile",0.05,53.7124198873123
"42278",2020-12-12,"54","26  day ahead inc hosp",2021-01-07,"quantile",0.1,58.8715619865189
"42279",2020-12-12,"54","26  day ahead inc hosp",2021-01-07,"quantile",0.15,62.3524106677716
"42280",2020-12-12,"54","26  day ahead inc hosp",2021-01-07,"quantile",0.2,65.1188788544825
"42281",2020-12-12,"54","26  day ahead inc hosp",2021-01-07,"quantile",0.25,67.4922622276823
"42282",2020-12-12,"54","26  day ahead inc hosp",2021-01-07,"quantile",0.3,69.6236338493125
"42283",2020-12-12,"54","26  day ahead inc hosp",2021-01-07,"quantile",0.35,71.5986672946218
"42284",2020-12-12,"54","26  day ahead inc hosp",2021-01-07,"quantile",0.4,73.4727808952786
"42285",2020-12-12,"54","26  day ahead inc hosp",2021-01-07,"quantile",0.45,75.2860074928541
"42286",2020-12-12,"54","26  day ahead inc hosp",2021-01-07,"quantile",0.5,77.0704860677691
"42287",2020-12-12,"54","26  day ahead inc hosp",2021-01-07,"quantile",0.55,78.8549646426842
"42288",2020-12-12,"54","26  day ahead inc hosp",2021-01-07,"quantile",0.6,80.6681912402596
"42289",2020-12-12,"54","26  day ahead inc hosp",2021-01-07,"quantile",0.65,82.5423048409164
"42290",2020-12-12,"54","26  day ahead inc hosp",2021-01-07,"quantile",0.7,84.5173382862257
"42291",2020-12-12,"54","26  day ahead inc hosp",2021-01-07,"quantile",0.75,86.648709907856
"42292",2020-12-12,"54","26  day ahead inc hosp",2021-01-07,"quantile",0.8,89.0220932810558
"42293",2020-12-12,"54","26  day ahead inc hosp",2021-01-07,"quantile",0.85,91.7885614677667
"42294",2020-12-12,"54","26  day ahead inc hosp",2021-01-07,"quantile",0.9,95.2694101490194
"42295",2020-12-12,"54","26  day ahead inc hosp",2021-01-07,"quantile",0.95,100.428552248226
"42296",2020-12-12,"54","26  day ahead inc hosp",2021-01-07,"quantile",0.975,104.9033386159
"42297",2020-12-12,"54","26  day ahead inc hosp",2021-01-07,"quantile",0.99,110.10624481873
"42298",2020-12-12,"54","27  day ahead inc hosp",2021-01-08,"quantile",0.01,44.1068570393761
"42299",2020-12-12,"54","27  day ahead inc hosp",2021-01-08,"quantile",0.025,49.3812000263486
"42300",2020-12-12,"54","27  day ahead inc hosp",2021-01-08,"quantile",0.05,53.9174259694006
"42301",2020-12-12,"54","27  day ahead inc hosp",2021-01-08,"quantile",0.1,59.1474039641886
"42302",2020-12-12,"54","27  day ahead inc hosp",2021-01-08,"quantile",0.15,62.6760452878959
"42303",2020-12-12,"54","27  day ahead inc hosp",2021-01-08,"quantile",0.2,65.4804975517722
"42304",2020-12-12,"54","27  day ahead inc hosp",2021-01-08,"quantile",0.25,67.8864678810135
"42305",2020-12-12,"54","27  day ahead inc hosp",2021-01-08,"quantile",0.3,70.0471035963112
"42306",2020-12-12,"54","27  day ahead inc hosp",2021-01-08,"quantile",0.35,72.0492545856252
"42307",2020-12-12,"54","27  day ahead inc hosp",2021-01-08,"quantile",0.4,73.9491000837121
"42308",2020-12-12,"54","27  day ahead inc hosp",2021-01-08,"quantile",0.45,75.7872225898439
"42309",2020-12-12,"54","27  day ahead inc hosp",2021-01-08,"quantile",0.5,77.596202358091
"42310",2020-12-12,"54","27  day ahead inc hosp",2021-01-08,"quantile",0.55,79.405182126338
"42311",2020-12-12,"54","27  day ahead inc hosp",2021-01-08,"quantile",0.6,81.2433046324699
"42312",2020-12-12,"54","27  day ahead inc hosp",2021-01-08,"quantile",0.65,83.1431501305567
"42313",2020-12-12,"54","27  day ahead inc hosp",2021-01-08,"quantile",0.7,85.1453011198707
"42314",2020-12-12,"54","27  day ahead inc hosp",2021-01-08,"quantile",0.75,87.3059368351685
"42315",2020-12-12,"54","27  day ahead inc hosp",2021-01-08,"quantile",0.8,89.7119071644097
"42316",2020-12-12,"54","27  day ahead inc hosp",2021-01-08,"quantile",0.85,92.516359428286
"42317",2020-12-12,"54","27  day ahead inc hosp",2021-01-08,"quantile",0.9,96.0450007519933
"42318",2020-12-12,"54","27  day ahead inc hosp",2021-01-08,"quantile",0.95,101.274978746781
"42319",2020-12-12,"54","27  day ahead inc hosp",2021-01-08,"quantile",0.975,105.811204689833
"42320",2020-12-12,"54","27  day ahead inc hosp",2021-01-08,"quantile",0.99,111.085547676806
"42321",2020-12-12,"54","28  day ahead inc hosp",2021-01-09,"quantile",0.01,44.1850486688772
"42322",2020-12-12,"54","28  day ahead inc hosp",2021-01-09,"quantile",0.025,49.5298737297476
"42323",2020-12-12,"54","28  day ahead inc hosp",2021-01-09,"quantile",0.05,54.1267181446975
"42324",2020-12-12,"54","28  day ahead inc hosp",2021-01-09,"quantile",0.1,59.4265853553412
"42325",2020-12-12,"54","28  day ahead inc hosp",2021-01-09,"quantile",0.15,63.0023806011866
"42326",2020-12-12,"54","28  day ahead inc hosp",2021-01-09,"quantile",0.2,65.8443093075683
"42327",2020-12-12,"54","28  day ahead inc hosp",2021-01-09,"quantile",0.25,68.2824310875137
"42328",2020-12-12,"54","28  day ahead inc hosp",2021-01-09,"quantile",0.3,70.471939799226
"42329",2020-12-12,"54","28  day ahead inc hosp",2021-01-09,"quantile",0.35,72.5008459226547
"42330",2020-12-12,"54","28  day ahead inc hosp",2021-01-09,"quantile",0.4,74.4260794266262
"42331",2020-12-12,"54","28  day ahead inc hosp",2021-01-09,"quantile",0.45,76.2887651222645
"42332",2020-12-12,"54","28  day ahead inc hosp",2021-01-09,"quantile",0.5,78.1219186399284
"42333",2020-12-12,"54","28  day ahead inc hosp",2021-01-09,"quantile",0.55,79.9550721575922
"42334",2020-12-12,"54","28  day ahead inc hosp",2021-01-09,"quantile",0.6,81.8177578532305
"42335",2020-12-12,"54","28  day ahead inc hosp",2021-01-09,"quantile",0.65,83.742991357202
"42336",2020-12-12,"54","28  day ahead inc hosp",2021-01-09,"quantile",0.7,85.7718974806307
"42337",2020-12-12,"54","28  day ahead inc hosp",2021-01-09,"quantile",0.75,87.961406192343
"42338",2020-12-12,"54","28  day ahead inc hosp",2021-01-09,"quantile",0.8,90.3995279722884
"42339",2020-12-12,"54","28  day ahead inc hosp",2021-01-09,"quantile",0.85,93.2414566786701
"42340",2020-12-12,"54","28  day ahead inc hosp",2021-01-09,"quantile",0.9,96.8172519245155
"42341",2020-12-12,"54","28  day ahead inc hosp",2021-01-09,"quantile",0.95,102.117119135159
"42342",2020-12-12,"54","28  day ahead inc hosp",2021-01-09,"quantile",0.975,106.713963550109
"42343",2020-12-12,"54","28  day ahead inc hosp",2021-01-09,"quantile",0.99,112.05878861098
"42344",2020-12-12,"54","29  day ahead inc hosp",2021-01-10,"quantile",0.01,39.0455570580493
"42345",2020-12-12,"54","29  day ahead inc hosp",2021-01-10,"quantile",0.025,44.4599467670436
"42346",2020-12-12,"54","29  day ahead inc hosp",2021-01-10,"quantile",0.05,49.1166206171133
"42347",2020-12-12,"54","29  day ahead inc hosp",2021-01-10,"quantile",0.1,54.4854673347405
"42348",2020-12-12,"54","29  day ahead inc hosp",2021-01-10,"quantile",0.15,58.1078027264666
"42349",2020-12-12,"54","29  day ahead inc hosp",2021-01-10,"quantile",0.2,60.9867200654418
"42350",2020-12-12,"54","29  day ahead inc hosp",2021-01-10,"quantile",0.25,63.456574798622
"42351",2020-12-12,"54","29  day ahead inc hosp",2021-01-10,"quantile",0.3,65.6745806830873
"42352",2020-12-12,"54","29  day ahead inc hosp",2021-01-10,"quantile",0.35,67.7298936839995
"42353",2020-12-12,"54","29  day ahead inc hosp",2021-01-10,"quantile",0.4,69.6801847323686
"42354",2020-12-12,"54","29  day ahead inc hosp",2021-01-10,"quantile",0.45,71.5671138922001
"42355",2020-12-12,"54","29  day ahead inc hosp",2021-01-10,"quantile",0.5,73.4241265030917
"42356",2020-12-12,"54","29  day ahead inc hosp",2021-01-10,"quantile",0.55,75.2811391139833
"42357",2020-12-12,"54","29  day ahead inc hosp",2021-01-10,"quantile",0.6,77.1680682738148
"42358",2020-12-12,"54","29  day ahead inc hosp",2021-01-10,"quantile",0.65,79.1183593221838
"42359",2020-12-12,"54","29  day ahead inc hosp",2021-01-10,"quantile",0.7,81.173672323096
"42360",2020-12-12,"54","29  day ahead inc hosp",2021-01-10,"quantile",0.75,83.3916782075614
"42361",2020-12-12,"54","29  day ahead inc hosp",2021-01-10,"quantile",0.8,85.8615329407416
"42362",2020-12-12,"54","29  day ahead inc hosp",2021-01-10,"quantile",0.85,88.7404502797167
"42363",2020-12-12,"54","29  day ahead inc hosp",2021-01-10,"quantile",0.9,92.3627856714429
"42364",2020-12-12,"54","29  day ahead inc hosp",2021-01-10,"quantile",0.95,97.73163238907
"42365",2020-12-12,"54","29  day ahead inc hosp",2021-01-10,"quantile",0.975,102.38830623914
"42366",2020-12-12,"54","29  day ahead inc hosp",2021-01-10,"quantile",0.99,107.802695948134
"42367",2020-12-12,"54","30  day ahead inc hosp",2021-01-11,"quantile",0.01,39.1351773345399
"42368",2020-12-12,"54","30  day ahead inc hosp",2021-01-11,"quantile",0.025,44.6182491844136
"42369",2020-12-12,"54","30  day ahead inc hosp",2021-01-11,"quantile",0.05,49.3339934646869
"42370",2020-12-12,"54","30  day ahead inc hosp",2021-01-11,"quantile",0.1,54.7709446052388
"42371",2020-12-12,"54","30  day ahead inc hosp",2021-01-11,"quantile",0.15,58.4392297277857
"42372",2020-12-12,"54","30  day ahead inc hosp",2021-01-11,"quantile",0.2,61.3546664561811
"42373",2020-12-12,"54","30  day ahead inc hosp",2021-01-11,"quantile",0.25,63.8558515737358
"42374",2020-12-12,"54","30  day ahead inc hosp",2021-01-11,"quantile",0.3,66.1019931116757
"42375",2020-12-12,"54","30  day ahead inc hosp",2021-01-11,"quantile",0.35,68.1833779885826
"42376",2020-12-12,"54","30  day ahead inc hosp",2021-01-11,"quantile",0.4,70.1584086976963
"42377",2020-12-12,"54","30  day ahead inc hosp",2021-01-11,"quantile",0.45,72.0692737656081
"42378",2020-12-12,"54","30  day ahead inc hosp",2021-01-11,"quantile",0.5,73.9498427898004
"42379",2020-12-12,"54","30  day ahead inc hosp",2021-01-11,"quantile",0.55,75.8304118139927
"42380",2020-12-12,"54","30  day ahead inc hosp",2021-01-11,"quantile",0.6,77.7412768819045
"42381",2020-12-12,"54","30  day ahead inc hosp",2021-01-11,"quantile",0.65,79.7163075910182
"42382",2020-12-12,"54","30  day ahead inc hosp",2021-01-11,"quantile",0.7,81.7976924679251
"42383",2020-12-12,"54","30  day ahead inc hosp",2021-01-11,"quantile",0.75,84.043834005865
"42384",2020-12-12,"54","30  day ahead inc hosp",2021-01-11,"quantile",0.8,86.5450191234196
"42385",2020-12-12,"54","30  day ahead inc hosp",2021-01-11,"quantile",0.85,89.4604558518151
"42386",2020-12-12,"54","30  day ahead inc hosp",2021-01-11,"quantile",0.9,93.128740974362
"42387",2020-12-12,"54","30  day ahead inc hosp",2021-01-11,"quantile",0.95,98.5656921149138
"42388",2020-12-12,"54","30  day ahead inc hosp",2021-01-11,"quantile",0.975,103.281436395187
"42389",2020-12-12,"54","30  day ahead inc hosp",2021-01-11,"quantile",0.99,108.764508245061
"42390",2020-12-12,"54","31  day ahead inc hosp",2021-01-12,"quantile",0.01,39.2301930767933
"42391",2020-12-12,"54","31  day ahead inc hosp",2021-01-12,"quantile",0.025,44.7810973184817
"42392",2020-12-12,"54","31  day ahead inc hosp",2021-01-12,"quantile",0.05,49.555181197884
"42393",2020-12-12,"54","31  day ahead inc hosp",2021-01-12,"quantile",0.1,55.0593941599369
"42394",2020-12-12,"54","31  day ahead inc hosp",2021-01-12,"quantile",0.15,58.7730605141243
"42395",2020-12-12,"54","31  day ahead inc hosp",2021-01-12,"quantile",0.2,61.7245648068132
"42396",2020-12-12,"54","31  day ahead inc hosp",2021-01-12,"quantile",0.25,64.2566926830149
"42397",2020-12-12,"54","31  day ahead inc hosp",2021-01-12,"quantile",0.3,66.530621774546
"42398",2020-12-12,"54","31  day ahead inc hosp",2021-01-12,"quantile",0.35,68.6377559610285
"42399",2020-12-12,"54","31  day ahead inc hosp",2021-01-12,"quantile",0.4,70.637220246899
"42400",2020-12-12,"54","31  day ahead inc hosp",2021-01-12,"quantile",0.45,72.5717250830904
"42401",2020-12-12,"54","31  day ahead inc hosp",2021-01-12,"quantile",0.5,74.4755590759675
"42402",2020-12-12,"54","31  day ahead inc hosp",2021-01-12,"quantile",0.55,76.3793930688445
"42403",2020-12-12,"54","31  day ahead inc hosp",2021-01-12,"quantile",0.6,78.3138979050359
"42404",2020-12-12,"54","31  day ahead inc hosp",2021-01-12,"quantile",0.65,80.3133621909064
"42405",2020-12-12,"54","31  day ahead inc hosp",2021-01-12,"quantile",0.7,82.4204963773889
"42406",2020-12-12,"54","31  day ahead inc hosp",2021-01-12,"quantile",0.75,84.69442546892
"42407",2020-12-12,"54","31  day ahead inc hosp",2021-01-12,"quantile",0.8,87.2265533451217
"42408",2020-12-12,"54","31  day ahead inc hosp",2021-01-12,"quantile",0.85,90.1780576378106
"42409",2020-12-12,"54","31  day ahead inc hosp",2021-01-12,"quantile",0.9,93.891723991998
"42410",2020-12-12,"54","31  day ahead inc hosp",2021-01-12,"quantile",0.95,99.3959369540509
"42411",2020-12-12,"54","31  day ahead inc hosp",2021-01-12,"quantile",0.975,104.170020833453
"42412",2020-12-12,"54","31  day ahead inc hosp",2021-01-12,"quantile",0.99,109.720925075142
"42413",2020-12-12,"54","32  day ahead inc hosp",2021-01-13,"quantile",0.01,39.3304088448342
"42414",2020-12-12,"54","32  day ahead inc hosp",2021-01-13,"quantile",0.025,44.9483265097519
"42415",2020-12-12,"54","32  day ahead inc hosp",2021-01-13,"quantile",0.05,49.780045630119
"42416",2020-12-12,"54","32  day ahead inc hosp",2021-01-13,"quantile",0.1,55.3507083338193
"42417",2020-12-12,"54","32  day ahead inc hosp",2021-01-13,"quantile",0.15,59.1092080132254
"42418",2020-12-12,"54","32  day ahead inc hosp",2021-01-13,"quantile",0.2,62.0963444115528
"42419",2020-12-12,"54","32  day ahead inc hosp",2021-01-13,"quantile",0.25,64.6590414616495
"42420",2020-12-12,"54","32  day ahead inc hosp",2021-01-13,"quantile",0.3,66.9604226161183
"42421",2020-12-12,"54","32  day ahead inc hosp",2021-01-13,"quantile",0.35,69.0929952300878
"42422",2020-12-12,"54","32  day ahead inc hosp",2021-01-13,"quantile",0.4,71.1165980960142
"42423",2020-12-12,"54","32  day ahead inc hosp",2021-01-13,"quantile",0.45,73.0744572877632
"42424",2020-12-12,"54","32  day ahead inc hosp",2021-01-13,"quantile",0.5,75.0012753617139
"42425",2020-12-12,"54","32  day ahead inc hosp",2021-01-13,"quantile",0.55,76.9280934356646
"42426",2020-12-12,"54","32  day ahead inc hosp",2021-01-13,"quantile",0.6,78.8859526274136
"42427",2020-12-12,"54","32  day ahead inc hosp",2021-01-13,"quantile",0.65,80.9095554933401
"42428",2020-12-12,"54","32  day ahead inc hosp",2021-01-13,"quantile",0.7,83.0421281073096
"42429",2020-12-12,"54","32  day ahead inc hosp",2021-01-13,"quantile",0.75,85.3435092617784
"42430",2020-12-12,"54","32  day ahead inc hosp",2021-01-13,"quantile",0.8,87.906206311875
"42431",2020-12-12,"54","32  day ahead inc hosp",2021-01-13,"quantile",0.85,90.8933427102025
"42432",2020-12-12,"54","32  day ahead inc hosp",2021-01-13,"quantile",0.9,94.6518423896086
"42433",2020-12-12,"54","32  day ahead inc hosp",2021-01-13,"quantile",0.95,100.222505093309
"42434",2020-12-12,"54","32  day ahead inc hosp",2021-01-13,"quantile",0.975,105.054224213676
"42435",2020-12-12,"54","32  day ahead inc hosp",2021-01-13,"quantile",0.99,110.672141878594
"42436",2020-12-12,"54","33  day ahead inc hosp",2021-01-14,"quantile",0.01,39.4356407207985
"42437",2020-12-12,"54","33  day ahead inc hosp",2021-01-14,"quantile",0.025,45.1197818062479
"42438",2020-12-12,"54","33  day ahead inc hosp",2021-01-14,"quantile",0.05,50.0084567216771
"42439",2020-12-12,"54","33  day ahead inc hosp",2021-01-14,"quantile",0.1,55.6447858094133
"42440",2020-12-12,"54","33  day ahead inc hosp",2021-01-14,"quantile",0.15,59.4475902863766
"42441",2020-12-12,"54","33  day ahead inc hosp",2021-01-14,"quantile",0.2,62.4699387333119
"42442",2020-12-12,"54","33  day ahead inc hosp",2021-01-14,"quantile",0.25,65.0628445857738
"42443",2020-12-12,"54","33  day ahead inc hosp",2021-01-14,"quantile",0.3,67.3913541784089
"42444",2020-12-12,"54","33  day ahead inc hosp",2021-01-14,"quantile",0.35,69.5490653332849
"42445",2020-12-12,"54","33  day ahead inc hosp",2021-01-14,"quantile",0.4,71.5965222162284
"42446",2020-12-12,"54","33  day ahead inc hosp",2021-01-14,"quantile",0.45,73.5774604455017
"42447",2020-12-12,"54","33  day ahead inc hosp",2021-01-14,"quantile",0.5,75.526991647556
"42448",2020-12-12,"54","33  day ahead inc hosp",2021-01-14,"quantile",0.55,77.4765228496104
"42449",2020-12-12,"54","33  day ahead inc hosp",2021-01-14,"quantile",0.6,79.4574610788837
"42450",2020-12-12,"54","33  day ahead inc hosp",2021-01-14,"quantile",0.65,81.5049179618272
"42451",2020-12-12,"54","33  day ahead inc hosp",2021-01-14,"quantile",0.7,83.6626291167032
"42452",2020-12-12,"54","33  day ahead inc hosp",2021-01-14,"quantile",0.75,85.9911387093383
"42453",2020-12-12,"54","33  day ahead inc hosp",2021-01-14,"quantile",0.8,88.5840445618002
"42454",2020-12-12,"54","33  day ahead inc hosp",2021-01-14,"quantile",0.85,91.6063930087355
"42455",2020-12-12,"54","33  day ahead inc hosp",2021-01-14,"quantile",0.9,95.4091974856988
"42456",2020-12-12,"54","33  day ahead inc hosp",2021-01-14,"quantile",0.95,101.045526573435
"42457",2020-12-12,"54","33  day ahead inc hosp",2021-01-14,"quantile",0.975,105.934201488864
"42458",2020-12-12,"54","33  day ahead inc hosp",2021-01-14,"quantile",0.99,111.618342574314
"42459",2020-12-12,"54","34  day ahead inc hosp",2021-01-15,"quantile",0.01,39.5457153790106
"42460",2020-12-12,"54","34  day ahead inc hosp",2021-01-15,"quantile",0.025,45.2953171799026
"42461",2020-12-12,"54","34  day ahead inc hosp",2021-01-15,"quantile",0.05,50.2402919219406
"42462",2020-12-12,"54","34  day ahead inc hosp",2021-01-15,"quantile",0.1,55.941531104097
"42463",2020-12-12,"54","34  day ahead inc hosp",2021-01-15,"quantile",0.15,59.7881301136041
"42464",2020-12-12,"54","34  day ahead inc hosp",2021-01-15,"quantile",0.2,62.8452850666903
"42465",2020-12-12,"54","34  day ahead inc hosp",2021-01-15,"quantile",0.25,65.4680518021997
"42466",2020-12-12,"54","34  day ahead inc hosp",2021-01-15,"quantile",0.3,67.8233773907007
"42467",2020-12-12,"54","34  day ahead inc hosp",2021-01-15,"quantile",0.35,70.0059375621288
"42468",2020-12-12,"54","34  day ahead inc hosp",2021-01-15,"quantile",0.4,72.0769737317896
"42469",2020-12-12,"54","34  day ahead inc hosp",2021-01-15,"quantile",0.45,74.0807251938428
"42470",2020-12-12,"54","34  day ahead inc hosp",2021-01-15,"quantile",0.5,76.0527079334902
"42471",2020-12-12,"54","34  day ahead inc hosp",2021-01-15,"quantile",0.55,78.0246906731377
"42472",2020-12-12,"54","34  day ahead inc hosp",2021-01-15,"quantile",0.6,80.0284421351908
"42473",2020-12-12,"54","34  day ahead inc hosp",2021-01-15,"quantile",0.65,82.0994783048516
"42474",2020-12-12,"54","34  day ahead inc hosp",2021-01-15,"quantile",0.7,84.2820384762797
"42475",2020-12-12,"54","34  day ahead inc hosp",2021-01-15,"quantile",0.75,86.6373640647808
"42476",2020-12-12,"54","34  day ahead inc hosp",2021-01-15,"quantile",0.8,89.2601308002901
"42477",2020-12-12,"54","34  day ahead inc hosp",2021-01-15,"quantile",0.85,92.3172857533763
"42478",2020-12-12,"54","34  day ahead inc hosp",2021-01-15,"quantile",0.9,96.1638847628835
"42479",2020-12-12,"54","34  day ahead inc hosp",2021-01-15,"quantile",0.95,101.86512394504
"42480",2020-12-12,"54","34  day ahead inc hosp",2021-01-15,"quantile",0.975,106.810098687078
"42481",2020-12-12,"54","34  day ahead inc hosp",2021-01-15,"quantile",0.99,112.55970048797
"42482",2020-12-12,"54","35  day ahead inc hosp",2021-01-16,"quantile",0.01,39.6604692513103
"42483",2020-12-12,"54","35  day ahead inc hosp",2021-01-16,"quantile",0.025,45.4747948234062
"42484",2020-12-12,"54","35  day ahead inc hosp",2021-01-16,"quantile",0.05,50.475435579352
"42485",2020-12-12,"54","35  day ahead inc hosp",2021-01-16,"quantile",0.1,56.240854110476
"42486",2020-12-12,"54","35  day ahead inc hosp",2021-01-16,"quantile",0.15,60.1307546220396
"42487",2020-12-12,"54","35  day ahead inc hosp",2021-01-16,"quantile",0.2,63.2223242362746
"42488",2020-12-12,"54","35  day ahead inc hosp",2021-01-16,"quantile",0.25,65.8746156867101
"42489",2020-12-12,"54","35  day ahead inc hosp",2021-01-16,"quantile",0.3,68.2564553817145
"42490",2020-12-12,"54","35  day ahead inc hosp",2021-01-16,"quantile",0.35,70.4635848242098
"42491",2020-12-12,"54","35  day ahead inc hosp",2021-01-16,"quantile",0.4,72.5579348294791
"42492",2020-12-12,"54","35  day ahead inc hosp",2021-01-16,"quantile",0.45,74.5842426972922
"42493",2020-12-12,"54","35  day ahead inc hosp",2021-01-16,"quantile",0.5,76.5784242194082
"42494",2020-12-12,"54","35  day ahead inc hosp",2021-01-16,"quantile",0.55,78.5726057415243
"42495",2020-12-12,"54","35  day ahead inc hosp",2021-01-16,"quantile",0.6,80.5989136093374
"42496",2020-12-12,"54","35  day ahead inc hosp",2021-01-16,"quantile",0.65,82.6932636146067
"42497",2020-12-12,"54","35  day ahead inc hosp",2021-01-16,"quantile",0.7,84.900393057102
"42498",2020-12-12,"54","35  day ahead inc hosp",2021-01-16,"quantile",0.75,87.2822327521064
"42499",2020-12-12,"54","35  day ahead inc hosp",2021-01-16,"quantile",0.8,89.9345242025419
"42500",2020-12-12,"54","35  day ahead inc hosp",2021-01-16,"quantile",0.85,93.0260938167769
"42501",2020-12-12,"54","35  day ahead inc hosp",2021-01-16,"quantile",0.9,96.9159943283405
"42502",2020-12-12,"54","35  day ahead inc hosp",2021-01-16,"quantile",0.95,102.681412859464
"42503",2020-12-12,"54","35  day ahead inc hosp",2021-01-16,"quantile",0.975,107.68205361541
"42504",2020-12-12,"54","35  day ahead inc hosp",2021-01-16,"quantile",0.99,113.496379187506
"42505",2020-12-12,"54","36  day ahead inc hosp",2021-01-17,"quantile",0.01,42.0865161289898
"42506",2020-12-12,"54","36  day ahead inc hosp",2021-01-17,"quantile",0.025,47.9648528706056
"42507",2020-12-12,"54","36  day ahead inc hosp",2021-01-17,"quantile",0.05,53.0205467636981
"42508",2020-12-12,"54","36  day ahead inc hosp",2021-01-17,"quantile",0.1,58.8494380361354
"42509",2020-12-12,"54","36  day ahead inc hosp",2021-01-17,"quantile",0.15,62.7821633049254
"42510",2020-12-12,"54","36  day ahead inc hosp",2021-01-17,"quantile",0.2,65.9077686786316
"42511",2020-12-12,"54","36  day ahead inc hosp",2021-01-17,"quantile",0.25,68.589259780092
"42512",2020-12-12,"54","36  day ahead inc hosp",2021-01-17,"quantile",0.3,70.9973216641698
"42513",2020-12-12,"54","36  day ahead inc hosp",2021-01-17,"quantile",0.35,73.228749872729
"42514",2020-12-12,"54","36  day ahead inc hosp",2021-01-17,"quantile",0.4,75.3461570308114
"42515",2020-12-12,"54","36  day ahead inc hosp",2021-01-17,"quantile",0.45,77.3947729608095
"42516",2020-12-12,"54","36  day ahead inc hosp",2021-01-17,"quantile",0.5,79.4109088592126
"42517",2020-12-12,"54","36  day ahead inc hosp",2021-01-17,"quantile",0.55,81.4270447576158
"42518",2020-12-12,"54","36  day ahead inc hosp",2021-01-17,"quantile",0.6,83.4756606876139
"42519",2020-12-12,"54","36  day ahead inc hosp",2021-01-17,"quantile",0.65,85.5930678456963
"42520",2020-12-12,"54","36  day ahead inc hosp",2021-01-17,"quantile",0.7,87.8244960542555
"42521",2020-12-12,"54","36  day ahead inc hosp",2021-01-17,"quantile",0.75,90.2325579383333
"42522",2020-12-12,"54","36  day ahead inc hosp",2021-01-17,"quantile",0.8,92.9140490397936
"42523",2020-12-12,"54","36  day ahead inc hosp",2021-01-17,"quantile",0.85,96.0396544134999
"42524",2020-12-12,"54","36  day ahead inc hosp",2021-01-17,"quantile",0.9,99.9723796822899
"42525",2020-12-12,"54","36  day ahead inc hosp",2021-01-17,"quantile",0.95,105.801270954727
"42526",2020-12-12,"54","36  day ahead inc hosp",2021-01-17,"quantile",0.975,110.85696484782
"42527",2020-12-12,"54","36  day ahead inc hosp",2021-01-17,"quantile",0.99,116.735301589435
"42528",2020-12-12,"54","37  day ahead inc hosp",2021-01-18,"quantile",0.01,42.2101730679106
"42529",2020-12-12,"54","37  day ahead inc hosp",2021-01-18,"quantile",0.025,48.1518314085874
"42530",2020-12-12,"54","37  day ahead inc hosp",2021-01-18,"quantile",0.05,53.2619853701901
"42531",2020-12-12,"54","37  day ahead inc hosp",2021-01-18,"quantile",0.1,59.153665613785
"42532",2020-12-12,"54","37  day ahead inc hosp",2021-01-18,"quantile",0.15,63.1287543033237
"42533",2020-12-12,"54","37  day ahead inc hosp",2021-01-18,"quantile",0.2,66.2880287808933
"42534",2020-12-12,"54","37  day ahead inc hosp",2021-01-18,"quantile",0.25,68.9984049755144
"42535",2020-12-12,"54","37  day ahead inc hosp",2021-01-18,"quantile",0.3,71.4324065659821
"42536",2020-12-12,"54","37  day ahead inc hosp",2021-01-18,"quantile",0.35,73.6878717783005
"42537",2020-12-12,"54","37  day ahead inc hosp",2021-01-18,"quantile",0.4,75.8280877023666
"42538",2020-12-12,"54","37  day ahead inc hosp",2021-01-18,"quantile",0.45,77.8987713774177
"42539",2020-12-12,"54","37  day ahead inc hosp",2021-01-18,"quantile",0.5,79.9366251451133
"42540",2020-12-12,"54","37  day ahead inc hosp",2021-01-18,"quantile",0.55,81.9744789128088
"42541",2020-12-12,"54","37  day ahead inc hosp",2021-01-18,"quantile",0.6,84.0451625878599
"42542",2020-12-12,"54","37  day ahead inc hosp",2021-01-18,"quantile",0.65,86.185378511926
"42543",2020-12-12,"54","37  day ahead inc hosp",2021-01-18,"quantile",0.7,88.4408437242444
"42544",2020-12-12,"54","37  day ahead inc hosp",2021-01-18,"quantile",0.75,90.8748453147121
"42545",2020-12-12,"54","37  day ahead inc hosp",2021-01-18,"quantile",0.8,93.5852215093333
"42546",2020-12-12,"54","37  day ahead inc hosp",2021-01-18,"quantile",0.85,96.7444959869028
"42547",2020-12-12,"54","37  day ahead inc hosp",2021-01-18,"quantile",0.9,100.719584676442
"42548",2020-12-12,"54","37  day ahead inc hosp",2021-01-18,"quantile",0.95,106.611264920036
"42549",2020-12-12,"54","37  day ahead inc hosp",2021-01-18,"quantile",0.975,111.721418881639
"42550",2020-12-12,"54","37  day ahead inc hosp",2021-01-18,"quantile",0.99,117.663077222316
"42551",2020-12-12,"55","1  day ahead inc hosp",2020-12-13,"quantile",0.01,201.925079761789
"42552",2020-12-12,"55","1  day ahead inc hosp",2020-12-13,"quantile",0.025,213.929585895891
"42553",2020-12-12,"55","1  day ahead inc hosp",2020-12-13,"quantile",0.05,224.254123434224
"42554",2020-12-12,"55","1  day ahead inc hosp",2020-12-13,"quantile",0.1,236.157653992385
"42555",2020-12-12,"55","1  day ahead inc hosp",2020-12-13,"quantile",0.15,244.188909547839
"42556",2020-12-12,"55","1  day ahead inc hosp",2020-12-13,"quantile",0.2,250.571896867331
"42557",2020-12-12,"55","1  day ahead inc hosp",2020-12-13,"quantile",0.25,256.047931635488
"42558",2020-12-12,"55","1  day ahead inc hosp",2020-12-13,"quantile",0.3,260.965580101262
"42559",2020-12-12,"55","1  day ahead inc hosp",2020-12-13,"quantile",0.35,265.522514280928
"42560",2020-12-12,"55","1  day ahead inc hosp",2020-12-13,"quantile",0.4,269.846599193867
"42561",2020-12-12,"55","1  day ahead inc hosp",2020-12-13,"quantile",0.45,274.030201389362
"42562",2020-12-12,"55","1  day ahead inc hosp",2020-12-13,"quantile",0.5,278.147474152628
"42563",2020-12-12,"55","1  day ahead inc hosp",2020-12-13,"quantile",0.55,282.264746915895
"42564",2020-12-12,"55","1  day ahead inc hosp",2020-12-13,"quantile",0.6,286.44834911139
"42565",2020-12-12,"55","1  day ahead inc hosp",2020-12-13,"quantile",0.65,290.772434024328
"42566",2020-12-12,"55","1  day ahead inc hosp",2020-12-13,"quantile",0.7,295.329368203994
"42567",2020-12-12,"55","1  day ahead inc hosp",2020-12-13,"quantile",0.75,300.247016669768
"42568",2020-12-12,"55","1  day ahead inc hosp",2020-12-13,"quantile",0.8,305.723051437925
"42569",2020-12-12,"55","1  day ahead inc hosp",2020-12-13,"quantile",0.85,312.106038757417
"42570",2020-12-12,"55","1  day ahead inc hosp",2020-12-13,"quantile",0.9,320.137294312871
"42571",2020-12-12,"55","1  day ahead inc hosp",2020-12-13,"quantile",0.95,332.040824871033
"42572",2020-12-12,"55","1  day ahead inc hosp",2020-12-13,"quantile",0.975,342.365362409365
"42573",2020-12-12,"55","1  day ahead inc hosp",2020-12-13,"quantile",0.99,354.369868543467
"42574",2020-12-12,"55","2  day ahead inc hosp",2020-12-14,"quantile",0.01,195.833891637199
"42575",2020-12-12,"55","2  day ahead inc hosp",2020-12-14,"quantile",0.025,209.150739086637
"42576",2020-12-12,"55","2  day ahead inc hosp",2020-12-14,"quantile",0.05,220.603962555231
"42577",2020-12-12,"55","2  day ahead inc hosp",2020-12-14,"quantile",0.1,233.808795705547
"42578",2020-12-12,"55","2  day ahead inc hosp",2020-12-14,"quantile",0.15,242.71803394198
"42579",2020-12-12,"55","2  day ahead inc hosp",2020-12-14,"quantile",0.2,249.798814063697
"42580",2020-12-12,"55","2  day ahead inc hosp",2020-12-14,"quantile",0.25,255.873492923513
"42581",2020-12-12,"55","2  day ahead inc hosp",2020-12-14,"quantile",0.3,261.328742285471
"42582",2020-12-12,"55","2  day ahead inc hosp",2020-12-14,"quantile",0.35,266.383843814001
"42583",2020-12-12,"55","2  day ahead inc hosp",2020-12-14,"quantile",0.4,271.18064082512
"42584",2020-12-12,"55","2  day ahead inc hosp",2020-12-14,"quantile",0.45,275.821597446257
"42585",2020-12-12,"55","2  day ahead inc hosp",2020-12-14,"quantile",0.5,280.388973453537
"42586",2020-12-12,"55","2  day ahead inc hosp",2020-12-14,"quantile",0.55,284.956349460818
"42587",2020-12-12,"55","2  day ahead inc hosp",2020-12-14,"quantile",0.6,289.597306081955
"42588",2020-12-12,"55","2  day ahead inc hosp",2020-12-14,"quantile",0.65,294.394103093073
"42589",2020-12-12,"55","2  day ahead inc hosp",2020-12-14,"quantile",0.7,299.449204621604
"42590",2020-12-12,"55","2  day ahead inc hosp",2020-12-14,"quantile",0.75,304.904453983561
"42591",2020-12-12,"55","2  day ahead inc hosp",2020-12-14,"quantile",0.8,310.979132843378
"42592",2020-12-12,"55","2  day ahead inc hosp",2020-12-14,"quantile",0.85,318.059912965094
"42593",2020-12-12,"55","2  day ahead inc hosp",2020-12-14,"quantile",0.9,326.969151201527
"42594",2020-12-12,"55","2  day ahead inc hosp",2020-12-14,"quantile",0.95,340.173984351843
"42595",2020-12-12,"55","2  day ahead inc hosp",2020-12-14,"quantile",0.975,351.627207820437
"42596",2020-12-12,"55","2  day ahead inc hosp",2020-12-14,"quantile",0.99,364.944055269876
"42597",2020-12-12,"55","3  day ahead inc hosp",2020-12-15,"quantile",0.01,190.493236442178
"42598",2020-12-12,"55","3  day ahead inc hosp",2020-12-15,"quantile",0.025,205.004221400462
"42599",2020-12-12,"55","3  day ahead inc hosp",2020-12-15,"quantile",0.05,217.484469004683
"42600",2020-12-12,"55","3  day ahead inc hosp",2020-12-15,"quantile",0.1,231.873395208757
"42601",2020-12-12,"55","3  day ahead inc hosp",2020-12-15,"quantile",0.15,241.581535407066
"42602",2020-12-12,"55","3  day ahead inc hosp",2020-12-15,"quantile",0.2,249.297257482374
"42603",2020-12-12,"55","3  day ahead inc hosp",2020-12-15,"quantile",0.25,255.916660002068
"42604",2020-12-12,"55","3  day ahead inc hosp",2020-12-15,"quantile",0.3,261.861088045989
"42605",2020-12-12,"55","3  day ahead inc hosp",2020-12-15,"quantile",0.35,267.369486525555
"42606",2020-12-12,"55","3  day ahead inc hosp",2020-12-15,"quantile",0.4,272.596418015201
"42607",2020-12-12,"55","3  day ahead inc hosp",2020-12-15,"quantile",0.45,277.653534722219
"42608",2020-12-12,"55","3  day ahead inc hosp",2020-12-15,"quantile",0.5,282.630472754446
"42609",2020-12-12,"55","3  day ahead inc hosp",2020-12-15,"quantile",0.55,287.607410786673
"42610",2020-12-12,"55","3  day ahead inc hosp",2020-12-15,"quantile",0.6,292.664527493691
"42611",2020-12-12,"55","3  day ahead inc hosp",2020-12-15,"quantile",0.65,297.891458983337
"42612",2020-12-12,"55","3  day ahead inc hosp",2020-12-15,"quantile",0.7,303.399857462903
"42613",2020-12-12,"55","3  day ahead inc hosp",2020-12-15,"quantile",0.75,309.344285506824
"42614",2020-12-12,"55","3  day ahead inc hosp",2020-12-15,"quantile",0.8,315.963688026518
"42615",2020-12-12,"55","3  day ahead inc hosp",2020-12-15,"quantile",0.85,323.679410101827
"42616",2020-12-12,"55","3  day ahead inc hosp",2020-12-15,"quantile",0.9,333.387550300135
"42617",2020-12-12,"55","3  day ahead inc hosp",2020-12-15,"quantile",0.95,347.77647650421
"42618",2020-12-12,"55","3  day ahead inc hosp",2020-12-15,"quantile",0.975,360.256724108431
"42619",2020-12-12,"55","3  day ahead inc hosp",2020-12-15,"quantile",0.99,374.767709066714
"42620",2020-12-12,"55","4  day ahead inc hosp",2020-12-16,"quantile",0.01,185.730765841401
"42621",2020-12-12,"55","4  day ahead inc hosp",2020-12-16,"quantile",0.025,201.344828186846
"42622",2020-12-12,"55","4  day ahead inc hosp",2020-12-16,"quantile",0.05,214.773783198454
"42623",2020-12-12,"55","4  day ahead inc hosp",2020-12-16,"quantile",0.1,230.256508284332
"42624",2020-12-12,"55","4  day ahead inc hosp",2020-12-16,"quantile",0.15,240.702629395373
"42625",2020-12-12,"55","4  day ahead inc hosp",2020-12-16,"quantile",0.2,249.00487530565
"42626",2020-12-12,"55","4  day ahead inc hosp",2020-12-16,"quantile",0.25,256.127463050674
"42627",2020-12-12,"55","4  day ahead inc hosp",2020-12-16,"quantile",0.3,262.523766978534
"42628",2020-12-12,"55","4  day ahead inc hosp",2020-12-16,"quantile",0.35,268.450895807539
"42629",2020-12-12,"55","4  day ahead inc hosp",2020-12-16,"quantile",0.4,274.075161451073
"42630",2020-12-12,"55","4  day ahead inc hosp",2020-12-16,"quantile",0.45,279.516703550288
"42631",2020-12-12,"55","4  day ahead inc hosp",2020-12-16,"quantile",0.5,284.871972055355
"42632",2020-12-12,"55","4  day ahead inc hosp",2020-12-16,"quantile",0.55,290.227240560423
"42633",2020-12-12,"55","4  day ahead inc hosp",2020-12-16,"quantile",0.6,295.668782659638
"42634",2020-12-12,"55","4  day ahead inc hosp",2020-12-16,"quantile",0.65,301.293048303171
"42635",2020-12-12,"55","4  day ahead inc hosp",2020-12-16,"quantile",0.7,307.220177132176
"42636",2020-12-12,"55","4  day ahead inc hosp",2020-12-16,"quantile",0.75,313.616481060037
"42637",2020-12-12,"55","4  day ahead inc hosp",2020-12-16,"quantile",0.8,320.739068805061
"42638",2020-12-12,"55","4  day ahead inc hosp",2020-12-16,"quantile",0.85,329.041314715338
"42639",2020-12-12,"55","4  day ahead inc hosp",2020-12-16,"quantile",0.9,339.487435826378
"42640",2020-12-12,"55","4  day ahead inc hosp",2020-12-16,"quantile",0.95,354.970160912257
"42641",2020-12-12,"55","4  day ahead inc hosp",2020-12-16,"quantile",0.975,368.399115923864
"42642",2020-12-12,"55","4  day ahead inc hosp",2020-12-16,"quantile",0.99,384.01317826931
"42643",2020-12-12,"55","5  day ahead inc hosp",2020-12-17,"quantile",0.01,181.431461421494
"42644",2020-12-12,"55","5  day ahead inc hosp",2020-12-17,"quantile",0.025,198.075655646369
"42645",2020-12-12,"55","5  day ahead inc hosp",2020-12-17,"quantile",0.05,212.390580904466
"42646",2020-12-12,"55","5  day ahead inc hosp",2020-12-17,"quantile",0.1,228.894772943566
"42647",2020-12-12,"55","5  day ahead inc hosp",2020-12-17,"quantile",0.15,240.03007295852
"42648",2020-12-12,"55","5  day ahead inc hosp",2020-12-17,"quantile",0.2,248.880056414211
"42649",2020-12-12,"55","5  day ahead inc hosp",2020-12-17,"quantile",0.25,256.472554201725
"42650",2020-12-12,"55","5  day ahead inc hosp",2020-12-17,"quantile",0.3,263.290851870922
"42651",2020-12-12,"55","5  day ahead inc hosp",2020-12-17,"quantile",0.35,269.609020790914
"42652",2020-12-12,"55","5  day ahead inc hosp",2020-12-17,"quantile",0.4,275.604345240901
"42653",2020-12-12,"55","5  day ahead inc hosp",2020-12-17,"quantile",0.45,281.404891029588
"42654",2020-12-12,"55","5  day ahead inc hosp",2020-12-17,"quantile",0.5,287.113471356264
"42655",2020-12-12,"55","5  day ahead inc hosp",2020-12-17,"quantile",0.55,292.82205168294
"42656",2020-12-12,"55","5  day ahead inc hosp",2020-12-17,"quantile",0.6,298.622597471627
"42657",2020-12-12,"55","5  day ahead inc hosp",2020-12-17,"quantile",0.65,304.617921921614
"42658",2020-12-12,"55","5  day ahead inc hosp",2020-12-17,"quantile",0.7,310.936090841606
"42659",2020-12-12,"55","5  day ahead inc hosp",2020-12-17,"quantile",0.75,317.754388510803
"42660",2020-12-12,"55","5  day ahead inc hosp",2020-12-17,"quantile",0.8,325.346886298317
"42661",2020-12-12,"55","5  day ahead inc hosp",2020-12-17,"quantile",0.85,334.196869754009
"42662",2020-12-12,"55","5  day ahead inc hosp",2020-12-17,"quantile",0.9,345.332169768962
"42663",2020-12-12,"55","5  day ahead inc hosp",2020-12-17,"quantile",0.95,361.836361808063
"42664",2020-12-12,"55","5  day ahead inc hosp",2020-12-17,"quantile",0.975,376.151287066159
"42665",2020-12-12,"55","5  day ahead inc hosp",2020-12-17,"quantile",0.99,392.795481291035
"42666",2020-12-12,"55","6  day ahead inc hosp",2020-12-18,"quantile",0.01,177.514031470541
"42667",2020-12-12,"55","6  day ahead inc hosp",2020-12-18,"quantile",0.025,195.12821495611
"42668",2020-12-12,"55","6  day ahead inc hosp",2020-12-18,"quantile",0.05,210.277384490642
"42669",2020-12-12,"55","6  day ahead inc hosp",2020-12-18,"quantile",0.1,227.743406752225
"42670",2020-12-12,"55","6  day ahead inc hosp",2020-12-18,"quantile",0.15,239.527649051989
"42671",2020-12-12,"55","6  day ahead inc hosp",2020-12-18,"quantile",0.2,248.893391263758
"42672",2020-12-12,"55","6  day ahead inc hosp",2020-12-18,"quantile",0.25,256.928364139956
"42673",2020-12-12,"55","6  day ahead inc hosp",2020-12-18,"quantile",0.3,264.144018114059
"42674",2020-12-12,"55","6  day ahead inc hosp",2020-12-18,"quantile",0.35,270.830396868474
"42675",2020-12-12,"55","6  day ahead inc hosp",2020-12-18,"quantile",0.4,277.17511644401
"42676",2020-12-12,"55","6  day ahead inc hosp",2020-12-18,"quantile",0.45,283.313706060182
"42677",2020-12-12,"55","6  day ahead inc hosp",2020-12-18,"quantile",0.5,289.354970657173
"42678",2020-12-12,"55","6  day ahead inc hosp",2020-12-18,"quantile",0.55,295.396235254164
"42679",2020-12-12,"55","6  day ahead inc hosp",2020-12-18,"quantile",0.6,301.534824870337
"42680",2020-12-12,"55","6  day ahead inc hosp",2020-12-18,"quantile",0.65,307.879544445873
"42681",2020-12-12,"55","6  day ahead inc hosp",2020-12-18,"quantile",0.7,314.565923200288
"42682",2020-12-12,"55","6  day ahead inc hosp",2020-12-18,"quantile",0.75,321.78157717439
"42683",2020-12-12,"55","6  day ahead inc hosp",2020-12-18,"quantile",0.8,329.816550050589
"42684",2020-12-12,"55","6  day ahead inc hosp",2020-12-18,"quantile",0.85,339.182292262358
"42685",2020-12-12,"55","6  day ahead inc hosp",2020-12-18,"quantile",0.9,350.966534562121
"42686",2020-12-12,"55","6  day ahead inc hosp",2020-12-18,"quantile",0.95,368.432556823704
"42687",2020-12-12,"55","6  day ahead inc hosp",2020-12-18,"quantile",0.975,383.581726358236
"42688",2020-12-12,"55","6  day ahead inc hosp",2020-12-18,"quantile",0.99,401.195909843805
"42689",2020-12-12,"55","7  day ahead inc hosp",2020-12-19,"quantile",0.01,173.918502043765
"42690",2020-12-12,"55","7  day ahead inc hosp",2020-12-19,"quantile",0.025,192.451977657671
"42691",2020-12-12,"55","7  day ahead inc hosp",2020-12-19,"quantile",0.05,208.391789137958
"42692",2020-12-12,"55","7  day ahead inc hosp",2020-12-19,"quantile",0.1,226.769370927212
"42693",2020-12-12,"55","7  day ahead inc hosp",2020-12-19,"quantile",0.15,239.168638112656
"42694",2020-12-12,"55","7  day ahead inc hosp",2020-12-19,"quantile",0.2,249.023182606879
"42695",2020-12-12,"55","7  day ahead inc hosp",2020-12-19,"quantile",0.25,257.477504317642
"42696",2020-12-12,"55","7  day ahead inc hosp",2020-12-19,"quantile",0.3,265.069746505705
"42697",2020-12-12,"55","7  day ahead inc hosp",2020-12-19,"quantile",0.35,272.105090363216
"42698",2020-12-12,"55","7  day ahead inc hosp",2020-12-19,"quantile",0.4,278.780943696219
"42699",2020-12-12,"55","7  day ahead inc hosp",2020-12-19,"quantile",0.45,285.239909054921
"42700",2020-12-12,"55","7  day ahead inc hosp",2020-12-19,"quantile",0.5,291.596469958082
"42701",2020-12-12,"55","7  day ahead inc hosp",2020-12-19,"quantile",0.55,297.953030861244
"42702",2020-12-12,"55","7  day ahead inc hosp",2020-12-19,"quantile",0.6,304.411996219945
"42703",2020-12-12,"55","7  day ahead inc hosp",2020-12-19,"quantile",0.65,311.087849552948
"42704",2020-12-12,"55","7  day ahead inc hosp",2020-12-19,"quantile",0.7,318.12319341046
"42705",2020-12-12,"55","7  day ahead inc hosp",2020-12-19,"quantile",0.75,325.715435598522
"42706",2020-12-12,"55","7  day ahead inc hosp",2020-12-19,"quantile",0.8,334.169757309285
"42707",2020-12-12,"55","7  day ahead inc hosp",2020-12-19,"quantile",0.85,344.024301803508
"42708",2020-12-12,"55","7  day ahead inc hosp",2020-12-19,"quantile",0.9,356.423568988953
"42709",2020-12-12,"55","7  day ahead inc hosp",2020-12-19,"quantile",0.95,374.801150778207
"42710",2020-12-12,"55","7  day ahead inc hosp",2020-12-19,"quantile",0.975,390.740962258494
"42711",2020-12-12,"55","7  day ahead inc hosp",2020-12-19,"quantile",0.99,409.274437872399
"42712",2020-12-12,"55","8  day ahead inc hosp",2020-12-20,"quantile",0.01,160.341821183784
"42713",2020-12-12,"55","8  day ahead inc hosp",2020-12-20,"quantile",0.025,179.751096718928
"42714",2020-12-12,"55","8  day ahead inc hosp",2020-12-20,"quantile",0.05,196.444144447495
"42715",2020-12-12,"55","8  day ahead inc hosp",2020-12-20,"quantile",0.1,215.690159390836
"42716",2020-12-12,"55","8  day ahead inc hosp",2020-12-20,"quantile",0.15,228.675354302448
"42717",2020-12-12,"55","8  day ahead inc hosp",2020-12-20,"quantile",0.2,238.995575579142
"42718",2020-12-12,"55","8  day ahead inc hosp",2020-12-20,"quantile",0.25,247.849406504618
"42719",2020-12-12,"55","8  day ahead inc hosp",2020-12-20,"quantile",0.3,255.800420314844
"42720",2020-12-12,"55","8  day ahead inc hosp",2020-12-20,"quantile",0.35,263.16821954795
"42721",2020-12-12,"55","8  day ahead inc hosp",2020-12-20,"quantile",0.4,270.15954052151
"42722",2020-12-12,"55","8  day ahead inc hosp",2020-12-20,"quantile",0.45,276.923724473328
"42723",2020-12-12,"55","8  day ahead inc hosp",2020-12-20,"quantile",0.5,283.580664844125
"42724",2020-12-12,"55","8  day ahead inc hosp",2020-12-20,"quantile",0.55,290.237605214922
"42725",2020-12-12,"55","8  day ahead inc hosp",2020-12-20,"quantile",0.6,297.00178916674
"42726",2020-12-12,"55","8  day ahead inc hosp",2020-12-20,"quantile",0.65,303.9931101403
"42727",2020-12-12,"55","8  day ahead inc hosp",2020-12-20,"quantile",0.7,311.360909373407
"42728",2020-12-12,"55","8  day ahead inc hosp",2020-12-20,"quantile",0.75,319.311923183633
"42729",2020-12-12,"55","8  day ahead inc hosp",2020-12-20,"quantile",0.8,328.165754109109
"42730",2020-12-12,"55","8  day ahead inc hosp",2020-12-20,"quantile",0.85,338.485975385802
"42731",2020-12-12,"55","8  day ahead inc hosp",2020-12-20,"quantile",0.9,351.471170297414
"42732",2020-12-12,"55","8  day ahead inc hosp",2020-12-20,"quantile",0.95,370.717185240756
"42733",2020-12-12,"55","8  day ahead inc hosp",2020-12-20,"quantile",0.975,387.410232969323
"42734",2020-12-12,"55","8  day ahead inc hosp",2020-12-20,"quantile",0.99,406.819508504467
"42735",2020-12-12,"55","9  day ahead inc hosp",2020-12-21,"quantile",0.01,157.262757484016
"42736",2020-12-12,"55","9  day ahead inc hosp",2020-12-21,"quantile",0.025,177.509985325552
"42737",2020-12-12,"55","9  day ahead inc hosp",2020-12-21,"quantile",0.05,194.923718265657
"42738",2020-12-12,"55","9  day ahead inc hosp",2020-12-21,"quantile",0.1,215.000637102419
"42739",2020-12-12,"55","9  day ahead inc hosp",2020-12-21,"quantile",0.15,228.546438926197
"42740",2020-12-12,"55","9  day ahead inc hosp",2020-12-21,"quantile",0.2,239.312212805079
"42741",2020-12-12,"55","9  day ahead inc hosp",2020-12-21,"quantile",0.25,248.548288190477
"42742",2020-12-12,"55","9  day ahead inc hosp",2020-12-21,"quantile",0.3,256.842569339474
"42743",2020-12-12,"55","9  day ahead inc hosp",2020-12-21,"quantile",0.35,264.528456919013
"42744",2020-12-12,"55","9  day ahead inc hosp",2020-12-21,"quantile",0.4,271.821612627409
"42745",2020-12-12,"55","9  day ahead inc hosp",2020-12-21,"quantile",0.45,278.877825178287
"42746",2020-12-12,"55","9  day ahead inc hosp",2020-12-21,"quantile",0.5,285.822164145034
"42747",2020-12-12,"55","9  day ahead inc hosp",2020-12-21,"quantile",0.55,292.766503111782
"42748",2020-12-12,"55","9  day ahead inc hosp",2020-12-21,"quantile",0.6,299.822715662659
"42749",2020-12-12,"55","9  day ahead inc hosp",2020-12-21,"quantile",0.65,307.115871371056
"42750",2020-12-12,"55","9  day ahead inc hosp",2020-12-21,"quantile",0.7,314.801758950594
"42751",2020-12-12,"55","9  day ahead inc hosp",2020-12-21,"quantile",0.75,323.096040099592
"42752",2020-12-12,"55","9  day ahead inc hosp",2020-12-21,"quantile",0.8,332.33211548499
"42753",2020-12-12,"55","9  day ahead inc hosp",2020-12-21,"quantile",0.85,343.097889363872
"42754",2020-12-12,"55","9  day ahead inc hosp",2020-12-21,"quantile",0.9,356.643691187649
"42755",2020-12-12,"55","9  day ahead inc hosp",2020-12-21,"quantile",0.95,376.720610024411
"42756",2020-12-12,"55","9  day ahead inc hosp",2020-12-21,"quantile",0.975,394.134342964517
"42757",2020-12-12,"55","9  day ahead inc hosp",2020-12-21,"quantile",0.99,414.381570806053
"42758",2020-12-12,"55","10  day ahead inc hosp",2020-12-22,"quantile",0.01,154.395307073434
"42759",2020-12-12,"55","10  day ahead inc hosp",2020-12-22,"quantile",0.025,175.447159574698
"42760",2020-12-12,"55","10  day ahead inc hosp",2020-12-22,"quantile",0.05,193.552914111597
"42761",2020-12-12,"55","10  day ahead inc hosp",2020-12-22,"quantile",0.1,214.427689529707
"42762",2020-12-12,"55","10  day ahead inc hosp",2020-12-22,"quantile",0.15,228.511801401087
"42763",2020-12-12,"55","10  day ahead inc hosp",2020-12-22,"quantile",0.2,239.705407041029
"42764",2020-12-12,"55","10  day ahead inc hosp",2020-12-22,"quantile",0.25,249.308523982553
"42765",2020-12-12,"55","10  day ahead inc hosp",2020-12-22,"quantile",0.3,257.932419792848
"42766",2020-12-12,"55","10  day ahead inc hosp",2020-12-22,"quantile",0.35,265.923744478483
"42767",2020-12-12,"55","10  day ahead inc hosp",2020-12-22,"quantile",0.4,273.506730131805
"42768",2020-12-12,"55","10  day ahead inc hosp",2020-12-22,"quantile",0.45,280.843356508573
"42769",2020-12-12,"55","10  day ahead inc hosp",2020-12-22,"quantile",0.5,288.063663445943
"42770",2020-12-12,"55","10  day ahead inc hosp",2020-12-22,"quantile",0.55,295.283970383314
"42771",2020-12-12,"55","10  day ahead inc hosp",2020-12-22,"quantile",0.6,302.620596760081
"42772",2020-12-12,"55","10  day ahead inc hosp",2020-12-22,"quantile",0.65,310.203582413404
"42773",2020-12-12,"55","10  day ahead inc hosp",2020-12-22,"quantile",0.7,318.194907099039
"42774",2020-12-12,"55","10  day ahead inc hosp",2020-12-22,"quantile",0.75,326.818802909334
"42775",2020-12-12,"55","10  day ahead inc hosp",2020-12-22,"quantile",0.8,336.421919850858
"42776",2020-12-12,"55","10  day ahead inc hosp",2020-12-22,"quantile",0.85,347.615525490799
"42777",2020-12-12,"55","10  day ahead inc hosp",2020-12-22,"quantile",0.9,361.69963736218
"42778",2020-12-12,"55","10  day ahead inc hosp",2020-12-22,"quantile",0.95,382.57441278029
"42779",2020-12-12,"55","10  day ahead inc hosp",2020-12-22,"quantile",0.975,400.680167317189
"42780",2020-12-12,"55","10  day ahead inc hosp",2020-12-22,"quantile",0.99,421.732019818453
"42781",2020-12-12,"55","11  day ahead inc hosp",2020-12-23,"quantile",0.01,151.716065233292
"42782",2020-12-12,"55","11  day ahead inc hosp",2020-12-23,"quantile",0.025,173.542900830851
"42783",2020-12-12,"55","11  day ahead inc hosp",2020-12-23,"quantile",0.05,192.315183584729
"42784",2020-12-12,"55","11  day ahead inc hosp",2020-12-23,"quantile",0.1,213.958423349957
"42785",2020-12-12,"55","11  day ahead inc hosp",2020-12-23,"quantile",0.15,228.561014468045
"42786",2020-12-12,"55","11  day ahead inc hosp",2020-12-23,"quantile",0.2,240.166690977143
"42787",2020-12-12,"55","11  day ahead inc hosp",2020-12-23,"quantile",0.25,250.123328032918
"42788",2020-12-12,"55","11  day ahead inc hosp",2020-12-23,"quantile",0.3,259.064695831808
"42789",2020-12-12,"55","11  day ahead inc hosp",2020-12-23,"quantile",0.35,267.350205627661
"42790",2020-12-12,"55","11  day ahead inc hosp",2020-12-23,"quantile",0.4,275.212344182156
"42791",2020-12-12,"55","11  day ahead inc hosp",2020-12-23,"quantile",0.45,282.819054221418
"42792",2020-12-12,"55","11  day ahead inc hosp",2020-12-23,"quantile",0.5,290.305162746852
"42793",2020-12-12,"55","11  day ahead inc hosp",2020-12-23,"quantile",0.55,297.791271272287
"42794",2020-12-12,"55","11  day ahead inc hosp",2020-12-23,"quantile",0.6,305.397981311549
"42795",2020-12-12,"55","11  day ahead inc hosp",2020-12-23,"quantile",0.65,313.260119866044
"42796",2020-12-12,"55","11  day ahead inc hosp",2020-12-23,"quantile",0.7,321.545629661896
"42797",2020-12-12,"55","11  day ahead inc hosp",2020-12-23,"quantile",0.75,330.486997460787
"42798",2020-12-12,"55","11  day ahead inc hosp",2020-12-23,"quantile",0.8,340.443634516562
"42799",2020-12-12,"55","11  day ahead inc hosp",2020-12-23,"quantile",0.85,352.049311025659
"42800",2020-12-12,"55","11  day ahead inc hosp",2020-12-23,"quantile",0.9,366.651902143747
"42801",2020-12-12,"55","11  day ahead inc hosp",2020-12-23,"quantile",0.95,388.295141908975
"42802",2020-12-12,"55","11  day ahead inc hosp",2020-12-23,"quantile",0.975,407.067424662853
"42803",2020-12-12,"55","11  day ahead inc hosp",2020-12-23,"quantile",0.99,428.894260260413
"42804",2020-12-12,"55","12  day ahead inc hosp",2020-12-24,"quantile",0.01,149.205647666258
"42805",2020-12-12,"55","12  day ahead inc hosp",2020-12-24,"quantile",0.025,171.780877691018
"42806",2020-12-12,"55","12  day ahead inc hosp",2020-12-24,"quantile",0.05,191.196820939613
"42807",2020-12-12,"55","12  day ahead inc hosp",2020-12-24,"quantile",0.1,213.582160032728
"42808",2020-12-12,"55","12  day ahead inc hosp",2020-12-24,"quantile",0.15,228.685442044217
"42809",2020-12-12,"55","12  day ahead inc hosp",2020-12-24,"quantile",0.2,240.689051803166
"42810",2020-12-12,"55","12  day ahead inc hosp",2020-12-24,"quantile",0.25,250.987080154664
"42811",2020-12-12,"55","12  day ahead inc hosp",2020-12-24,"quantile",0.3,260.235027888256
"42812",2020-12-12,"55","12  day ahead inc hosp",2020-12-24,"quantile",0.35,268.804629683153
"42813",2020-12-12,"55","12  day ahead inc hosp",2020-12-24,"quantile",0.4,276.936343763324
"42814",2020-12-12,"55","12  day ahead inc hosp",2020-12-24,"quantile",0.45,284.80387124345
"42815",2020-12-12,"55","12  day ahead inc hosp",2020-12-24,"quantile",0.5,292.546662047761
"42816",2020-12-12,"55","12  day ahead inc hosp",2020-12-24,"quantile",0.55,300.289452852072
"42817",2020-12-12,"55","12  day ahead inc hosp",2020-12-24,"quantile",0.6,308.156980332198
"42818",2020-12-12,"55","12  day ahead inc hosp",2020-12-24,"quantile",0.65,316.288694412369
"42819",2020-12-12,"55","12  day ahead inc hosp",2020-12-24,"quantile",0.7,324.858296207267
"42820",2020-12-12,"55","12  day ahead inc hosp",2020-12-24,"quantile",0.75,334.106243940859
"42821",2020-12-12,"55","12  day ahead inc hosp",2020-12-24,"quantile",0.8,344.404272292357
"42822",2020-12-12,"55","12  day ahead inc hosp",2020-12-24,"quantile",0.85,356.407882051306
"42823",2020-12-12,"55","12  day ahead inc hosp",2020-12-24,"quantile",0.9,371.511164062795
"42824",2020-12-12,"55","12  day ahead inc hosp",2020-12-24,"quantile",0.95,393.89650315591
"42825",2020-12-12,"55","12  day ahead inc hosp",2020-12-24,"quantile",0.975,413.312446404505
"42826",2020-12-12,"55","12  day ahead inc hosp",2020-12-24,"quantile",0.99,435.887676429265
"42827",2020-12-12,"55","13  day ahead inc hosp",2020-12-25,"quantile",0.01,146.847785324363
"42828",2020-12-12,"55","13  day ahead inc hosp",2020-12-25,"quantile",0.025,170.147383371084
"42829",2020-12-12,"55","13  day ahead inc hosp",2020-12-25,"quantile",0.05,190.186323080404
"42830",2020-12-12,"55","13  day ahead inc hosp",2020-12-25,"quantile",0.1,213.289937193619
"42831",2020-12-12,"55","13  day ahead inc hosp",2020-12-25,"quantile",0.15,228.877835951151
"42832",2020-12-12,"55","13  day ahead inc hosp",2020-12-25,"quantile",0.2,241.266603737191
"42833",2020-12-12,"55","13  day ahead inc hosp",2020-12-25,"quantile",0.25,251.895063380813
"42834",2020-12-12,"55","13  day ahead inc hosp",2020-12-25,"quantile",0.3,261.439748627141
"42835",2020-12-12,"55","13  day ahead inc hosp",2020-12-25,"quantile",0.35,270.284321950317
"42836",2020-12-12,"55","13  day ahead inc hosp",2020-12-25,"quantile",0.4,278.676957121301
"42837",2020-12-12,"55","13  day ahead inc hosp",2020-12-25,"quantile",0.45,286.796928776403
"42838",2020-12-12,"55","13  day ahead inc hosp",2020-12-25,"quantile",0.5,294.78816134867
"42839",2020-12-12,"55","13  day ahead inc hosp",2020-12-25,"quantile",0.55,302.779393920938
"42840",2020-12-12,"55","13  day ahead inc hosp",2020-12-25,"quantile",0.6,310.89936557604
"42841",2020-12-12,"55","13  day ahead inc hosp",2020-12-25,"quantile",0.65,319.292000747023
"42842",2020-12-12,"55","13  day ahead inc hosp",2020-12-25,"quantile",0.7,328.1365740702
"42843",2020-12-12,"55","13  day ahead inc hosp",2020-12-25,"quantile",0.75,337.681259316527
"42844",2020-12-12,"55","13  day ahead inc hosp",2020-12-25,"quantile",0.8,348.309718960149
"42845",2020-12-12,"55","13  day ahead inc hosp",2020-12-25,"quantile",0.85,360.698486746189
"42846",2020-12-12,"55","13  day ahead inc hosp",2020-12-25,"quantile",0.9,376.286385503722
"42847",2020-12-12,"55","13  day ahead inc hosp",2020-12-25,"quantile",0.95,399.389999616937
"42848",2020-12-12,"55","13  day ahead inc hosp",2020-12-25,"quantile",0.975,419.428939326257
"42849",2020-12-12,"55","13  day ahead inc hosp",2020-12-25,"quantile",0.99,442.728537372977
"42850",2020-12-12,"55","14  day ahead inc hosp",2020-12-26,"quantile",0.01,144.62866553305
"42851",2020-12-12,"55","14  day ahead inc hosp",2020-12-26,"quantile",0.025,168.630780598324
"42852",2020-12-12,"55","14  day ahead inc hosp",2020-12-26,"quantile",0.05,189.273923699966
"42853",2020-12-12,"55","14  day ahead inc hosp",2020-12-26,"quantile",0.1,213.074145628994
"42854",2020-12-12,"55","14  day ahead inc hosp",2020-12-26,"quantile",0.15,229.132042372702
"42855",2020-12-12,"55","14  day ahead inc hosp",2020-12-26,"quantile",0.2,241.894349658915
"42856",2020-12-12,"55","14  day ahead inc hosp",2020-12-26,"quantile",0.25,252.843272933097
"42857",2020-12-12,"55","14  day ahead inc hosp",2020-12-26,"quantile",0.3,262.675744424013
"42858",2020-12-12,"55","14  day ahead inc hosp",2020-12-26,"quantile",0.35,271.786994591525
"42859",2020-12-12,"55","14  day ahead inc hosp",2020-12-26,"quantile",0.4,280.432680009397
"42860",2020-12-12,"55","14  day ahead inc hosp",2020-12-26,"quantile",0.45,288.79748070689
"42861",2020-12-12,"55","14  day ahead inc hosp",2020-12-26,"quantile",0.5,297.029660649579
"42862",2020-12-12,"55","14  day ahead inc hosp",2020-12-26,"quantile",0.55,305.261840592269
"42863",2020-12-12,"55","14  day ahead inc hosp",2020-12-26,"quantile",0.6,313.626641289762
"42864",2020-12-12,"55","14  day ahead inc hosp",2020-12-26,"quantile",0.65,322.272326707634
"42865",2020-12-12,"55","14  day ahead inc hosp",2020-12-26,"quantile",0.7,331.383576875146
"42866",2020-12-12,"55","14  day ahead inc hosp",2020-12-26,"quantile",0.75,341.216048366061
"42867",2020-12-12,"55","14  day ahead inc hosp",2020-12-26,"quantile",0.8,352.164971640244
"42868",2020-12-12,"55","14  day ahead inc hosp",2020-12-26,"quantile",0.85,364.927278926457
"42869",2020-12-12,"55","14  day ahead inc hosp",2020-12-26,"quantile",0.9,380.985175670165
"42870",2020-12-12,"55","14  day ahead inc hosp",2020-12-26,"quantile",0.95,404.785397599193
"42871",2020-12-12,"55","14  day ahead inc hosp",2020-12-26,"quantile",0.975,425.428540700835
"42872",2020-12-12,"55","14  day ahead inc hosp",2020-12-26,"quantile",0.99,449.430655766109
"42873",2020-12-12,"55","15  day ahead inc hosp",2020-12-27,"quantile",0.01,129.699987052445
"42874",2020-12-12,"55","15  day ahead inc hosp",2020-12-27,"quantile",0.025,154.384633820721
"42875",2020-12-12,"55","15  day ahead inc hosp",2020-12-27,"quantile",0.05,175.614791840764
"42876",2020-12-12,"55","15  day ahead inc hosp",2020-12-27,"quantile",0.1,200.091804375989
"42877",2020-12-12,"55","15  day ahead inc hosp",2020-12-27,"quantile",0.15,216.606328528628
"42878",2020-12-12,"55","15  day ahead inc hosp",2020-12-27,"quantile",0.2,229.731548804076
"42879",2020-12-12,"55","15  day ahead inc hosp",2020-12-27,"quantile",0.25,240.991819108637
"42880",2020-12-12,"55","15  day ahead inc hosp",2020-12-27,"quantile",0.3,251.103889855416
"42881",2020-12-12,"55","15  day ahead inc hosp",2020-12-27,"quantile",0.35,260.474230402105
"42882",2020-12-12,"55","15  day ahead inc hosp",2020-12-27,"quantile",0.4,269.365767253313
"42883",2020-12-12,"55","15  day ahead inc hosp",2020-12-27,"quantile",0.45,277.968432057774
"42884",2020-12-12,"55","15  day ahead inc hosp",2020-12-27,"quantile",0.5,286.434704861881
"42885",2020-12-12,"55","15  day ahead inc hosp",2020-12-27,"quantile",0.55,294.900977665987
"42886",2020-12-12,"55","15  day ahead inc hosp",2020-12-27,"quantile",0.6,303.503642470448
"42887",2020-12-12,"55","15  day ahead inc hosp",2020-12-27,"quantile",0.65,312.395179321656
"42888",2020-12-12,"55","15  day ahead inc hosp",2020-12-27,"quantile",0.7,321.765519868345
"42889",2020-12-12,"55","15  day ahead inc hosp",2020-12-27,"quantile",0.75,331.877590615125
"42890",2020-12-12,"55","15  day ahead inc hosp",2020-12-27,"quantile",0.8,343.137860919685
"42891",2020-12-12,"55","15  day ahead inc hosp",2020-12-27,"quantile",0.85,356.263081195133
"42892",2020-12-12,"55","15  day ahead inc hosp",2020-12-27,"quantile",0.9,372.777605347772
"42893",2020-12-12,"55","15  day ahead inc hosp",2020-12-27,"quantile",0.95,397.254617882997
"42894",2020-12-12,"55","15  day ahead inc hosp",2020-12-27,"quantile",0.975,418.48477590304
"42895",2020-12-12,"55","15  day ahead inc hosp",2020-12-27,"quantile",0.99,443.169422671316
"42896",2020-12-12,"55","16  day ahead inc hosp",2020-12-28,"quantile",0.01,127.724409450526
"42897",2020-12-12,"55","16  day ahead inc hosp",2020-12-28,"quantile",0.025,153.073217007145
"42898",2020-12-12,"55","16  day ahead inc hosp",2020-12-28,"quantile",0.05,174.874589945497
"42899",2020-12-12,"55","16  day ahead inc hosp",2020-12-28,"quantile",0.1,200.010176698707
"42900",2020-12-12,"55","16  day ahead inc hosp",2020-12-28,"quantile",0.15,216.969037749633
"42901",2020-12-12,"55","16  day ahead inc hosp",2020-12-28,"quantile",0.2,230.447402906073
"42902",2020-12-12,"55","16  day ahead inc hosp",2020-12-28,"quantile",0.25,242.010640073908
"42903",2020-12-12,"55","16  day ahead inc hosp",2020-12-28,"quantile",0.3,252.394784427493
"42904",2020-12-12,"55","16  day ahead inc hosp",2020-12-28,"quantile",0.35,262.01724171796
"42905",2020-12-12,"55","16  day ahead inc hosp",2020-12-28,"quantile",0.4,271.148012704463
"42906",2020-12-12,"55","16  day ahead inc hosp",2020-12-28,"quantile",0.45,279.982139303456
"42907",2020-12-12,"55","16  day ahead inc hosp",2020-12-28,"quantile",0.5,288.67620416279
"42908",2020-12-12,"55","16  day ahead inc hosp",2020-12-28,"quantile",0.55,297.370269022123
"42909",2020-12-12,"55","16  day ahead inc hosp",2020-12-28,"quantile",0.6,306.204395621117
"42910",2020-12-12,"55","16  day ahead inc hosp",2020-12-28,"quantile",0.65,315.335166607619
"42911",2020-12-12,"55","16  day ahead inc hosp",2020-12-28,"quantile",0.7,324.957623898086
"42912",2020-12-12,"55","16  day ahead inc hosp",2020-12-28,"quantile",0.75,335.341768251671
"42913",2020-12-12,"55","16  day ahead inc hosp",2020-12-28,"quantile",0.8,346.905005419506
"42914",2020-12-12,"55","16  day ahead inc hosp",2020-12-28,"quantile",0.85,360.383370575946
"42915",2020-12-12,"55","16  day ahead inc hosp",2020-12-28,"quantile",0.9,377.342231626872
"42916",2020-12-12,"55","16  day ahead inc hosp",2020-12-28,"quantile",0.95,402.477818380082
"42917",2020-12-12,"55","16  day ahead inc hosp",2020-12-28,"quantile",0.975,424.279191318434
"42918",2020-12-12,"55","16  day ahead inc hosp",2020-12-28,"quantile",0.99,449.627998875053
"42919",2020-12-12,"55","17  day ahead inc hosp",2020-12-29,"quantile",0.01,125.856536996859
"42920",2020-12-12,"55","17  day ahead inc hosp",2020-12-29,"quantile",0.025,151.852542517139
"42921",2020-12-12,"55","17  day ahead inc hosp",2020-12-29,"quantile",0.05,174.210541408771
"42922",2020-12-12,"55","17  day ahead inc hosp",2020-12-29,"quantile",0.1,199.987882237622
"42923",2020-12-12,"55","17  day ahead inc hosp",2020-12-29,"quantile",0.15,217.379731716649
"42924",2020-12-12,"55","17  day ahead inc hosp",2020-12-29,"quantile",0.2,231.202222349731
"42925",2020-12-12,"55","17  day ahead inc hosp",2020-12-29,"quantile",0.25,243.060688535011
"42926",2020-12-12,"55","17  day ahead inc hosp",2020-12-29,"quantile",0.3,253.709957670698
"42927",2020-12-12,"55","17  day ahead inc hosp",2020-12-29,"quantile",0.35,263.578092583274
"42928",2020-12-12,"55","17  day ahead inc hosp",2020-12-29,"quantile",0.4,272.941987608291
"42929",2020-12-12,"55","17  day ahead inc hosp",2020-12-29,"quantile",0.45,282.001664412469
"42930",2020-12-12,"55","17  day ahead inc hosp",2020-12-29,"quantile",0.5,290.917703463699
"42931",2020-12-12,"55","17  day ahead inc hosp",2020-12-29,"quantile",0.55,299.833742514928
"42932",2020-12-12,"55","17  day ahead inc hosp",2020-12-29,"quantile",0.6,308.893419319106
"42933",2020-12-12,"55","17  day ahead inc hosp",2020-12-29,"quantile",0.65,318.257314344123
"42934",2020-12-12,"55","17  day ahead inc hosp",2020-12-29,"quantile",0.7,328.125449256699
"42935",2020-12-12,"55","17  day ahead inc hosp",2020-12-29,"quantile",0.75,338.774718392386
"42936",2020-12-12,"55","17  day ahead inc hosp",2020-12-29,"quantile",0.8,350.633184577667
"42937",2020-12-12,"55","17  day ahead inc hosp",2020-12-29,"quantile",0.85,364.455675210748
"42938",2020-12-12,"55","17  day ahead inc hosp",2020-12-29,"quantile",0.9,381.847524689775
"42939",2020-12-12,"55","17  day ahead inc hosp",2020-12-29,"quantile",0.95,407.624865518626
"42940",2020-12-12,"55","17  day ahead inc hosp",2020-12-29,"quantile",0.975,429.982864410258
"42941",2020-12-12,"55","17  day ahead inc hosp",2020-12-29,"quantile",0.99,455.978869930538
"42942",2020-12-12,"55","18  day ahead inc hosp",2020-12-30,"quantile",0.01,124.088515980385
"42943",2020-12-12,"55","18  day ahead inc hosp",2020-12-30,"quantile",0.025,150.715993545456
"42944",2020-12-12,"55","18  day ahead inc hosp",2020-12-30,"quantile",0.05,173.617093232574
"42945",2020-12-12,"55","18  day ahead inc hosp",2020-12-30,"quantile",0.1,200.020594496334
"42946",2020-12-12,"55","18  day ahead inc hosp",2020-12-30,"quantile",0.15,217.83491144809
"42947",2020-12-12,"55","18  day ahead inc hosp",2020-12-30,"quantile",0.2,231.993165836005
"42948",2020-12-12,"55","18  day ahead inc hosp",2020-12-30,"quantile",0.25,244.139687425962
"42949",2020-12-12,"55","18  day ahead inc hosp",2020-12-30,"quantile",0.3,255.047639217775
"42950",2020-12-12,"55","18  day ahead inc hosp",2020-12-30,"quantile",0.35,265.155482162673
"42951",2020-12-12,"55","18  day ahead inc hosp",2020-12-30,"quantile",0.4,274.746836669265
"42952",2020-12-12,"55","18  day ahead inc hosp",2020-12-30,"quantile",0.45,284.026583154233
"42953",2020-12-12,"55","18  day ahead inc hosp",2020-12-30,"quantile",0.5,293.159202764608
"42954",2020-12-12,"55","18  day ahead inc hosp",2020-12-30,"quantile",0.55,302.291822374982
"42955",2020-12-12,"55","18  day ahead inc hosp",2020-12-30,"quantile",0.6,311.571568859951
"42956",2020-12-12,"55","18  day ahead inc hosp",2020-12-30,"quantile",0.65,321.162923366542
"42957",2020-12-12,"55","18  day ahead inc hosp",2020-12-30,"quantile",0.7,331.27076631144
"42958",2020-12-12,"55","18  day ahead inc hosp",2020-12-30,"quantile",0.75,342.178718103253
"42959",2020-12-12,"55","18  day ahead inc hosp",2020-12-30,"quantile",0.8,354.32523969321
"42960",2020-12-12,"55","18  day ahead inc hosp",2020-12-30,"quantile",0.85,368.483494081126
"42961",2020-12-12,"55","18  day ahead inc hosp",2020-12-30,"quantile",0.9,386.297811032881
"42962",2020-12-12,"55","18  day ahead inc hosp",2020-12-30,"quantile",0.95,412.701312296642
"42963",2020-12-12,"55","18  day ahead inc hosp",2020-12-30,"quantile",0.975,435.602411983759
"42964",2020-12-12,"55","18  day ahead inc hosp",2020-12-30,"quantile",0.99,462.22988954883
"42965",2020-12-12,"55","19  day ahead inc hosp",2020-12-31,"quantile",0.01,122.413403156077
"42966",2020-12-12,"55","19  day ahead inc hosp",2020-12-31,"quantile",0.025,149.657720360703
"42967",2020-12-12,"55","19  day ahead inc hosp",2020-12-31,"quantile",0.05,173.089336167566
"42968",2020-12-12,"55","19  day ahead inc hosp",2020-12-31,"quantile",0.1,200.104488541076
"42969",2020-12-12,"55","19  day ahead inc hosp",2020-12-31,"quantile",0.15,218.33148359276
"42970",2020-12-12,"55","19  day ahead inc hosp",2020-12-31,"quantile",0.2,232.817721452337
"42971",2020-12-12,"55","19  day ahead inc hosp",2020-12-31,"quantile",0.25,245.245623656777
"42972",2020-12-12,"55","19  day ahead inc hosp",2020-12-31,"quantile",0.3,256.406263936829
"42973",2020-12-12,"55","19  day ahead inc hosp",2020-12-31,"quantile",0.35,266.748260424194
"42974",2020-12-12,"55","19  day ahead inc hosp",2020-12-31,"quantile",0.4,276.561803744661
"42975",2020-12-12,"55","19  day ahead inc hosp",2020-12-31,"quantile",0.45,286.056520478425
"42976",2020-12-12,"55","19  day ahead inc hosp",2020-12-31,"quantile",0.5,295.400702065517
"42977",2020-12-12,"55","19  day ahead inc hosp",2020-12-31,"quantile",0.55,304.744883652608
"42978",2020-12-12,"55","19  day ahead inc hosp",2020-12-31,"quantile",0.6,314.239600386372
"42979",2020-12-12,"55","19  day ahead inc hosp",2020-12-31,"quantile",0.65,324.053143706839
"42980",2020-12-12,"55","19  day ahead inc hosp",2020-12-31,"quantile",0.7,334.395140194204
"42981",2020-12-12,"55","19  day ahead inc hosp",2020-12-31,"quantile",0.75,345.555780474256
"42982",2020-12-12,"55","19  day ahead inc hosp",2020-12-31,"quantile",0.8,357.983682678696
"42983",2020-12-12,"55","19  day ahead inc hosp",2020-12-31,"quantile",0.85,372.469920538273
"42984",2020-12-12,"55","19  day ahead inc hosp",2020-12-31,"quantile",0.9,390.696915589957
"42985",2020-12-12,"55","19  day ahead inc hosp",2020-12-31,"quantile",0.95,417.712067963468
"42986",2020-12-12,"55","19  day ahead inc hosp",2020-12-31,"quantile",0.975,441.14368377033
"42987",2020-12-12,"55","19  day ahead inc hosp",2020-12-31,"quantile",0.99,468.388000974956
"42988",2020-12-12,"55","20  day ahead inc hosp",2021-01-01,"quantile",0.01,120.825024490765
"42989",2020-12-12,"55","20  day ahead inc hosp",2021-01-01,"quantile",0.025,148.672521297734
"42990",2020-12-12,"55","20  day ahead inc hosp",2021-01-01,"quantile",0.05,172.622904838745
"42991",2020-12-12,"55","20  day ahead inc hosp",2021-01-01,"quantile",0.1,200.236163185826
"42992",2020-12-12,"55","20  day ahead inc hosp",2021-01-01,"quantile",0.15,218.866697498363
"42993",2020-12-12,"55","20  day ahead inc hosp",2021-01-01,"quantile",0.2,233.673655570011
"42994",2020-12-12,"55","20  day ahead inc hosp",2021-01-01,"quantile",0.25,246.376707158938
"42995",2020-12-12,"55","20  day ahead inc hosp",2021-01-01,"quantile",0.3,257.78444009011
"42996",2020-12-12,"55","20  day ahead inc hosp",2021-01-01,"quantile",0.35,268.355404742903
"42997",2020-12-12,"55","20  day ahead inc hosp",2021-01-01,"quantile",0.4,278.386216461516
"42998",2020-12-12,"55","20  day ahead inc hosp",2021-01-01,"quantile",0.45,288.091142884913
"42999",2020-12-12,"55","20  day ahead inc hosp",2021-01-01,"quantile",0.5,297.642201366426
"43000",2020-12-12,"55","20  day ahead inc hosp",2021-01-01,"quantile",0.55,307.193259847939
"43001",2020-12-12,"55","20  day ahead inc hosp",2021-01-01,"quantile",0.6,316.898186271335
"43002",2020-12-12,"55","20  day ahead inc hosp",2021-01-01,"quantile",0.65,326.928997989949
"43003",2020-12-12,"55","20  day ahead inc hosp",2021-01-01,"quantile",0.7,337.499962642742
"43004",2020-12-12,"55","20  day ahead inc hosp",2021-01-01,"quantile",0.75,348.907695573913
"43005",2020-12-12,"55","20  day ahead inc hosp",2021-01-01,"quantile",0.8,361.610747162841
"43006",2020-12-12,"55","20  day ahead inc hosp",2021-01-01,"quantile",0.85,376.417705234489
"43007",2020-12-12,"55","20  day ahead inc hosp",2021-01-01,"quantile",0.9,395.048239547026
"43008",2020-12-12,"55","20  day ahead inc hosp",2021-01-01,"quantile",0.95,422.661497894106
"43009",2020-12-12,"55","20  day ahead inc hosp",2021-01-01,"quantile",0.975,446.611881435117
"43010",2020-12-12,"55","20  day ahead inc hosp",2021-01-01,"quantile",0.99,474.459378242087
"43011",2020-12-12,"55","21  day ahead inc hosp",2021-01-02,"quantile",0.01,119.317860895317
"43012",2020-12-12,"55","21  day ahead inc hosp",2021-01-02,"quantile",0.025,147.755746486235
"43013",2020-12-12,"55","21  day ahead inc hosp",2021-01-02,"quantile",0.05,172.213896951931
"43014",2020-12-12,"55","21  day ahead inc hosp",2021-01-02,"quantile",0.1,200.412578043805
"43015",2020-12-12,"55","21  day ahead inc hosp",2021-01-02,"quantile",0.15,219.438094302953
"43016",2020-12-12,"55","21  day ahead inc hosp",2021-01-02,"quantile",0.2,234.558971504586
"43017",2020-12-12,"55","21  day ahead inc hosp",2021-01-02,"quantile",0.25,247.531337755151
"43018",2020-12-12,"55","21  day ahead inc hosp",2021-01-02,"quantile",0.3,259.180923575992
"43019",2020-12-12,"55","21  day ahead inc hosp",2021-01-02,"quantile",0.35,269.976000974349
"43020",2020-12-12,"55","21  day ahead inc hosp",2021-01-02,"quantile",0.4,280.219473772471
"43021",2020-12-12,"55","21  day ahead inc hosp",2021-01-02,"quantile",0.45,290.130152251398
"43022",2020-12-12,"55","21  day ahead inc hosp",2021-01-02,"quantile",0.5,299.883700667335
"43023",2020-12-12,"55","21  day ahead inc hosp",2021-01-02,"quantile",0.55,309.637249083271
"43024",2020-12-12,"55","21  day ahead inc hosp",2021-01-02,"quantile",0.6,319.547927562199
"43025",2020-12-12,"55","21  day ahead inc hosp",2021-01-02,"quantile",0.65,329.79140036032
"43026",2020-12-12,"55","21  day ahead inc hosp",2021-01-02,"quantile",0.7,340.586477758677
"43027",2020-12-12,"55","21  day ahead inc hosp",2021-01-02,"quantile",0.75,352.236063579519
"43028",2020-12-12,"55","21  day ahead inc hosp",2021-01-02,"quantile",0.8,365.208429830083
"43029",2020-12-12,"55","21  day ahead inc hosp",2021-01-02,"quantile",0.85,380.329307031716
"43030",2020-12-12,"55","21  day ahead inc hosp",2021-01-02,"quantile",0.9,399.354823290864
"43031",2020-12-12,"55","21  day ahead inc hosp",2021-01-02,"quantile",0.95,427.553504382738
"43032",2020-12-12,"55","21  day ahead inc hosp",2021-01-02,"quantile",0.975,452.011654848434
"43033",2020-12-12,"55","21  day ahead inc hosp",2021-01-02,"quantile",0.99,480.449540439352
"43034",2020-12-12,"55","22  day ahead inc hosp",2021-01-03,"quantile",0.01,104.71201787945
"43035",2020-12-12,"55","22  day ahead inc hosp",2021-01-03,"quantile",0.025,133.728282203963
"43036",2020-12-12,"55","22  day ahead inc hosp",2021-01-03,"quantile",0.05,158.683870288473
"43037",2020-12-12,"55","22  day ahead inc hosp",2021-01-03,"quantile",0.1,187.456065097
"43038",2020-12-12,"55","22  day ahead inc hosp",2021-01-03,"quantile",0.15,206.868528338012
"43039",2020-12-12,"55","22  day ahead inc hosp",2021-01-03,"quantile",0.2,222.29693873436
"43040",2020-12-12,"55","22  day ahead inc hosp",2021-01-03,"quantile",0.25,235.533141082716
"43041",2020-12-12,"55","22  day ahead inc hosp",2021-01-03,"quantile",0.3,247.419659873571
"43042",2020-12-12,"55","22  day ahead inc hosp",2021-01-03,"quantile",0.35,258.434290978718
"43043",2020-12-12,"55","22  day ahead inc hosp",2021-01-03,"quantile",0.4,268.886098774379
"43044",2020-12-12,"55","22  day ahead inc hosp",2021-01-03,"quantile",0.45,278.998343774466
"43045",2020-12-12,"55","22  day ahead inc hosp",2021-01-03,"quantile",0.5,288.950262950523
"43046",2020-12-12,"55","22  day ahead inc hosp",2021-01-03,"quantile",0.55,298.90218212658
"43047",2020-12-12,"55","22  day ahead inc hosp",2021-01-03,"quantile",0.6,309.014427126667
"43048",2020-12-12,"55","22  day ahead inc hosp",2021-01-03,"quantile",0.65,319.466234922328
"43049",2020-12-12,"55","22  day ahead inc hosp",2021-01-03,"quantile",0.7,330.480866027475
"43050",2020-12-12,"55","22  day ahead inc hosp",2021-01-03,"quantile",0.75,342.36738481833
"43051",2020-12-12,"55","22  day ahead inc hosp",2021-01-03,"quantile",0.8,355.603587166686
"43052",2020-12-12,"55","22  day ahead inc hosp",2021-01-03,"quantile",0.85,371.031997563034
"43053",2020-12-12,"55","22  day ahead inc hosp",2021-01-03,"quantile",0.9,390.444460804046
"43054",2020-12-12,"55","22  day ahead inc hosp",2021-01-03,"quantile",0.95,419.216655612573
"43055",2020-12-12,"55","22  day ahead inc hosp",2021-01-03,"quantile",0.975,444.172243697083
"43056",2020-12-12,"55","22  day ahead inc hosp",2021-01-03,"quantile",0.99,473.188508021596
"43057",2020-12-12,"55","23  day ahead inc hosp",2021-01-04,"quantile",0.01,103.352896727909
"43058",2020-12-12,"55","23  day ahead inc hosp",2021-01-04,"quantile",0.025,132.93623416333
"43059",2020-12-12,"55","23  day ahead inc hosp",2021-01-04,"quantile",0.05,158.379536407434
"43060",2020-12-12,"55","23  day ahead inc hosp",2021-01-04,"quantile",0.1,187.714034406862
"43061",2020-12-12,"55","23  day ahead inc hosp",2021-01-04,"quantile",0.15,207.505880941234
"43062",2020-12-12,"55","23  day ahead inc hosp",2021-01-04,"quantile",0.2,223.23581315245
"43063",2020-12-12,"55","23  day ahead inc hosp",2021-01-04,"quantile",0.25,236.730694369951
"43064",2020-12-12,"55","23  day ahead inc hosp",2021-01-04,"quantile",0.3,248.849514780105
"43065",2020-12-12,"55","23  day ahead inc hosp",2021-01-04,"quantile",0.35,260.079407955395
"43066",2020-12-12,"55","23  day ahead inc hosp",2021-01-04,"quantile",0.4,270.735478405096
"43067",2020-12-12,"55","23  day ahead inc hosp",2021-01-04,"quantile",0.45,281.045349886881
"43068",2020-12-12,"55","23  day ahead inc hosp",2021-01-04,"quantile",0.5,291.191762251432
"43069",2020-12-12,"55","23  day ahead inc hosp",2021-01-04,"quantile",0.55,301.338174615983
"43070",2020-12-12,"55","23  day ahead inc hosp",2021-01-04,"quantile",0.6,311.648046097768
"43071",2020-12-12,"55","23  day ahead inc hosp",2021-01-04,"quantile",0.65,322.304116547469
"43072",2020-12-12,"55","23  day ahead inc hosp",2021-01-04,"quantile",0.7,333.534009722759
"43073",2020-12-12,"55","23  day ahead inc hosp",2021-01-04,"quantile",0.75,345.652830132913
"43074",2020-12-12,"55","23  day ahead inc hosp",2021-01-04,"quantile",0.8,359.147711350414
"43075",2020-12-12,"55","23  day ahead inc hosp",2021-01-04,"quantile",0.85,374.87764356163
"43076",2020-12-12,"55","23  day ahead inc hosp",2021-01-04,"quantile",0.9,394.669490096002
"43077",2020-12-12,"55","23  day ahead inc hosp",2021-01-04,"quantile",0.95,424.00398809543
"43078",2020-12-12,"55","23  day ahead inc hosp",2021-01-04,"quantile",0.975,449.447290339534
"43079",2020-12-12,"55","23  day ahead inc hosp",2021-01-04,"quantile",0.99,479.030627774954
"43080",2020-12-12,"55","24  day ahead inc hosp",2021-01-05,"quantile",0.01,102.061508528393
"43081",2020-12-12,"55","24  day ahead inc hosp",2021-01-05,"quantile",0.025,132.201251597734
"43082",2020-12-12,"55","24  day ahead inc hosp",2021-01-05,"quantile",0.05,158.123093382722
"43083",2020-12-12,"55","24  day ahead inc hosp",2021-01-05,"quantile",0.1,188.009316825255
"43084",2020-12-12,"55","24  day ahead inc hosp",2021-01-05,"quantile",0.15,208.173409896768
"43085",2020-12-12,"55","24  day ahead inc hosp",2021-01-05,"quantile",0.2,224.199191855249
"43086",2020-12-12,"55","24  day ahead inc hosp",2021-01-05,"quantile",0.25,237.947885812942
"43087",2020-12-12,"55","24  day ahead inc hosp",2021-01-05,"quantile",0.3,250.2946379082
"43088",2020-12-12,"55","24  day ahead inc hosp",2021-01-05,"quantile",0.35,261.73574375835
"43089",2020-12-12,"55","24  day ahead inc hosp",2021-01-05,"quantile",0.4,272.592234381963
"43090",2020-12-12,"55","24  day ahead inc hosp",2021-01-05,"quantile",0.45,283.09601470145
"43091",2020-12-12,"55","24  day ahead inc hosp",2021-01-05,"quantile",0.5,293.433261552341
"43092",2020-12-12,"55","24  day ahead inc hosp",2021-01-05,"quantile",0.55,303.770508403232
"43093",2020-12-12,"55","24  day ahead inc hosp",2021-01-05,"quantile",0.6,314.274288722719
"43094",2020-12-12,"55","24  day ahead inc hosp",2021-01-05,"quantile",0.65,325.130779346332
"43095",2020-12-12,"55","24  day ahead inc hosp",2021-01-05,"quantile",0.7,336.571885196482
"43096",2020-12-12,"55","24  day ahead inc hosp",2021-01-05,"quantile",0.75,348.91863729174
"43097",2020-12-12,"55","24  day ahead inc hosp",2021-01-05,"quantile",0.8,362.667331249433
"43098",2020-12-12,"55","24  day ahead inc hosp",2021-01-05,"quantile",0.85,378.693113207914
"43099",2020-12-12,"55","24  day ahead inc hosp",2021-01-05,"quantile",0.9,398.857206279427
"43100",2020-12-12,"55","24  day ahead inc hosp",2021-01-05,"quantile",0.95,428.74342972196
"43101",2020-12-12,"55","24  day ahead inc hosp",2021-01-05,"quantile",0.975,454.665271506948
"43102",2020-12-12,"55","24  day ahead inc hosp",2021-01-05,"quantile",0.99,484.805014576289
"43103",2020-12-12,"55","25  day ahead inc hosp",2021-01-06,"quantile",0.01,100.834168804893
"43104",2020-12-12,"55","25  day ahead inc hosp",2021-01-06,"quantile",0.025,131.520230310955
"43105",2020-12-12,"55","25  day ahead inc hosp",2021-01-06,"quantile",0.05,157.911936090746
"43106",2020-12-12,"55","25  day ahead inc hosp",2021-01-06,"quantile",0.1,188.33988262737
"43107",2020-12-12,"55","25  day ahead inc hosp",2021-01-06,"quantile",0.15,208.86947369863
"43108",2020-12-12,"55","25  day ahead inc hosp",2021-01-06,"quantile",0.2,225.185741880787
"43109",2020-12-12,"55","25  day ahead inc hosp",2021-01-06,"quantile",0.25,239.18364715301
"43110",2020-12-12,"55","25  day ahead inc hosp",2021-01-06,"quantile",0.3,251.754198710916
"43111",2020-12-12,"55","25  day ahead inc hosp",2021-01-06,"quantile",0.35,263.402688115997
"43112",2020-12-12,"55","25  day ahead inc hosp",2021-01-06,"quantile",0.4,274.455965453156
"43113",2020-12-12,"55","25  day ahead inc hosp",2021-01-06,"quantile",0.45,285.150139195394
"43114",2020-12-12,"55","25  day ahead inc hosp",2021-01-06,"quantile",0.5,295.67476085325
"43115",2020-12-12,"55","25  day ahead inc hosp",2021-01-06,"quantile",0.55,306.199382511106
"43116",2020-12-12,"55","25  day ahead inc hosp",2021-01-06,"quantile",0.6,316.893556253344
"43117",2020-12-12,"55","25  day ahead inc hosp",2021-01-06,"quantile",0.65,327.946833590503
"43118",2020-12-12,"55","25  day ahead inc hosp",2021-01-06,"quantile",0.7,339.595322995584
"43119",2020-12-12,"55","25  day ahead inc hosp",2021-01-06,"quantile",0.75,352.16587455349
"43120",2020-12-12,"55","25  day ahead inc hosp",2021-01-06,"quantile",0.8,366.163779825713
"43121",2020-12-12,"55","25  day ahead inc hosp",2021-01-06,"quantile",0.85,382.48004800787
"43122",2020-12-12,"55","25  day ahead inc hosp",2021-01-06,"quantile",0.9,403.00963907913
"43123",2020-12-12,"55","25  day ahead inc hosp",2021-01-06,"quantile",0.95,433.437585615754
"43124",2020-12-12,"55","25  day ahead inc hosp",2021-01-06,"quantile",0.975,459.829291395545
"43125",2020-12-12,"55","25  day ahead inc hosp",2021-01-06,"quantile",0.99,490.515352901607
"43126",2020-12-12,"55","26  day ahead inc hosp",2021-01-07,"quantile",0.01,99.6675154820952
"43127",2020-12-12,"55","26  day ahead inc hosp",2021-01-07,"quantile",0.025,130.890337731561
"43128",2020-12-12,"55","26  day ahead inc hosp",2021-01-07,"quantile",0.05,157.743687362625
"43129",2020-12-12,"55","26  day ahead inc hosp",2021-01-07,"quantile",0.1,188.703879694299
"43130",2020-12-12,"55","26  day ahead inc hosp",2021-01-07,"quantile",0.15,209.592574476637
"43131",2020-12-12,"55","26  day ahead inc hosp",2021-01-07,"quantile",0.2,226.194246904538
"43132",2020-12-12,"55","26  day ahead inc hosp",2021-01-07,"quantile",0.25,240.437003606735
"43133",2020-12-12,"55","26  day ahead inc hosp",2021-01-07,"quantile",0.3,253.22743931621
"43134",2020-12-12,"55","26  day ahead inc hosp",2021-01-07,"quantile",0.35,265.079684157007
"43135",2020-12-12,"55","26  day ahead inc hosp",2021-01-07,"quantile",0.4,276.326305477374
"43136",2020-12-12,"55","26  day ahead inc hosp",2021-01-07,"quantile",0.45,287.207541760918
"43137",2020-12-12,"55","26  day ahead inc hosp",2021-01-07,"quantile",0.5,297.916260154159
"43138",2020-12-12,"55","26  day ahead inc hosp",2021-01-07,"quantile",0.55,308.6249785474
"43139",2020-12-12,"55","26  day ahead inc hosp",2021-01-07,"quantile",0.6,319.506214830944
"43140",2020-12-12,"55","26  day ahead inc hosp",2021-01-07,"quantile",0.65,330.752836151311
"43141",2020-12-12,"55","26  day ahead inc hosp",2021-01-07,"quantile",0.7,342.605080992108
"43142",2020-12-12,"55","26  day ahead inc hosp",2021-01-07,"quantile",0.75,355.395516701583
"43143",2020-12-12,"55","26  day ahead inc hosp",2021-01-07,"quantile",0.8,369.63827340378
"43144",2020-12-12,"55","26  day ahead inc hosp",2021-01-07,"quantile",0.85,386.239945831682
"43145",2020-12-12,"55","26  day ahead inc hosp",2021-01-07,"quantile",0.9,407.128640614019
"43146",2020-12-12,"55","26  day ahead inc hosp",2021-01-07,"quantile",0.95,438.088832945693
"43147",2020-12-12,"55","26  day ahead inc hosp",2021-01-07,"quantile",0.975,464.942182576757
"43148",2020-12-12,"55","26  day ahead inc hosp",2021-01-07,"quantile",0.99,496.165004826223
"43149",2020-12-12,"55","27  day ahead inc hosp",2021-01-08,"quantile",0.01,98.55847072035
"43150",2020-12-12,"55","27  day ahead inc hosp",2021-01-08,"quantile",0.025,130.30898075861
"43151",2020-12-12,"55","27  day ahead inc hosp",2021-01-08,"quantile",0.05,157.616170999447
"43152",2020-12-12,"55","27  day ahead inc hosp",2021-01-08,"quantile",0.1,189.099612488472
"43153",2020-12-12,"55","27  day ahead inc hosp",2021-01-08,"quantile",0.15,210.341340993143
"43154",2020-12-12,"55","27  day ahead inc hosp",2021-01-08,"quantile",0.2,227.223593432159
"43155",2020-12-12,"55","27  day ahead inc hosp",2021-01-08,"quantile",0.25,241.707062800574
"43156",2020-12-12,"55","27  day ahead inc hosp",2021-01-08,"quantile",0.3,254.71366592385
"43157",2020-12-12,"55","27  day ahead inc hosp",2021-01-08,"quantile",0.35,266.766222088919
"43158",2020-12-12,"55","27  day ahead inc hosp",2021-01-08,"quantile",0.4,278.202919267533
"43159",2020-12-12,"55","27  day ahead inc hosp",2021-01-08,"quantile",0.45,289.26805614366
"43160",2020-12-12,"55","27  day ahead inc hosp",2021-01-08,"quantile",0.5,300.157759455068
"43161",2020-12-12,"55","27  day ahead inc hosp",2021-01-08,"quantile",0.55,311.047462766476
"43162",2020-12-12,"55","27  day ahead inc hosp",2021-01-08,"quantile",0.6,322.112599642603
"43163",2020-12-12,"55","27  day ahead inc hosp",2021-01-08,"quantile",0.65,333.549296821217
"43164",2020-12-12,"55","27  day ahead inc hosp",2021-01-08,"quantile",0.7,345.601852986286
"43165",2020-12-12,"55","27  day ahead inc hosp",2021-01-08,"quantile",0.75,358.608456109562
"43166",2020-12-12,"55","27  day ahead inc hosp",2021-01-08,"quantile",0.8,373.091925477977
"43167",2020-12-12,"55","27  day ahead inc hosp",2021-01-08,"quantile",0.85,389.974177916993
"43168",2020-12-12,"55","27  day ahead inc hosp",2021-01-08,"quantile",0.9,411.215906421664
"43169",2020-12-12,"55","27  day ahead inc hosp",2021-01-08,"quantile",0.95,442.699347910689
"43170",2020-12-12,"55","27  day ahead inc hosp",2021-01-08,"quantile",0.975,470.006538151526
"43171",2020-12-12,"55","27  day ahead inc hosp",2021-01-08,"quantile",0.99,501.757048189786
"43172",2020-12-12,"55","28  day ahead inc hosp",2021-01-09,"quantile",0.01,97.50420837008
"43173",2020-12-12,"55","28  day ahead inc hosp",2021-01-09,"quantile",0.025,129.773778341766
"43174",2020-12-12,"55","28  day ahead inc hosp",2021-01-09,"quantile",0.05,157.52738876078
"43175",2020-12-12,"55","28  day ahead inc hosp",2021-01-09,"quantile",0.1,189.525524124758
"43176",2020-12-12,"55","28  day ahead inc hosp",2021-01-09,"quantile",0.15,211.114514143346
"43177",2020-12-12,"55","28  day ahead inc hosp",2021-01-09,"quantile",0.2,228.272759025208
"43178",2020-12-12,"55","28  day ahead inc hosp",2021-01-09,"quantile",0.25,242.993005334752
"43179",2020-12-12,"55","28  day ahead inc hosp",2021-01-09,"quantile",0.3,256.212241469061
"43180",2020-12-12,"55","28  day ahead inc hosp",2021-01-09,"quantile",0.35,268.461833807506
"43181",2020-12-12,"55","28  day ahead inc hosp",2021-01-09,"quantile",0.4,280.085499046444
"43182",2020-12-12,"55","28  day ahead inc hosp",2021-01-09,"quantile",0.45,291.331529684698
"43183",2020-12-12,"55","28  day ahead inc hosp",2021-01-09,"quantile",0.5,302.399258755977
"43184",2020-12-12,"55","28  day ahead inc hosp",2021-01-09,"quantile",0.55,313.466987827256
"43185",2020-12-12,"55","28  day ahead inc hosp",2021-01-09,"quantile",0.6,324.71301846551
"43186",2020-12-12,"55","28  day ahead inc hosp",2021-01-09,"quantile",0.65,336.336683704448
"43187",2020-12-12,"55","28  day ahead inc hosp",2021-01-09,"quantile",0.7,348.586276042893
"43188",2020-12-12,"55","28  day ahead inc hosp",2021-01-09,"quantile",0.75,361.805512177202
"43189",2020-12-12,"55","28  day ahead inc hosp",2021-01-09,"quantile",0.8,376.525758486746
"43190",2020-12-12,"55","28  day ahead inc hosp",2021-01-09,"quantile",0.85,393.684003368608
"43191",2020-12-12,"55","28  day ahead inc hosp",2021-01-09,"quantile",0.9,415.272993387196
"43192",2020-12-12,"55","28  day ahead inc hosp",2021-01-09,"quantile",0.95,447.271128751174
"43193",2020-12-12,"55","28  day ahead inc hosp",2021-01-09,"quantile",0.975,475.024739170188
"43194",2020-12-12,"55","28  day ahead inc hosp",2021-01-09,"quantile",0.99,507.294309141874
"43195",2020-12-12,"55","29  day ahead inc hosp",2021-01-10,"quantile",0.01,80.6613403152688
"43196",2020-12-12,"55","29  day ahead inc hosp",2021-01-10,"quantile",0.025,113.44175221972
"43197",2020-12-12,"55","29  day ahead inc hosp",2021-01-10,"quantile",0.05,141.634714882972
"43198",2020-12-12,"55","29  day ahead inc hosp",2021-01-10,"quantile",0.1,174.139395246729
"43199",2020-12-12,"55","29  day ahead inc hosp",2021-01-10,"quantile",0.15,196.070148771841
"43200",2020-12-12,"55","29  day ahead inc hosp",2021-01-10,"quantile",0.2,213.500016454565
"43201",2020-12-12,"55","29  day ahead inc hosp",2021-01-10,"quantile",0.25,228.453290941495
"43202",2020-12-12,"55","29  day ahead inc hosp",2021-01-10,"quantile",0.3,241.881793581135
"43203",2020-12-12,"55","29  day ahead inc hosp",2021-01-10,"quantile",0.35,254.325302523714
"43204",2020-12-12,"55","29  day ahead inc hosp",2021-01-10,"quantile",0.4,266.132975656828
"43205",2020-12-12,"55","29  day ahead inc hosp",2021-01-10,"quantile",0.45,277.557036062204
"43206",2020-12-12,"55","29  day ahead inc hosp",2021-01-10,"quantile",0.5,288.799972305907
"43207",2020-12-12,"55","29  day ahead inc hosp",2021-01-10,"quantile",0.55,300.042908549611
"43208",2020-12-12,"55","29  day ahead inc hosp",2021-01-10,"quantile",0.6,311.466968954986
"43209",2020-12-12,"55","29  day ahead inc hosp",2021-01-10,"quantile",0.65,323.274642088101
"43210",2020-12-12,"55","29  day ahead inc hosp",2021-01-10,"quantile",0.7,335.718151030679
"43211",2020-12-12,"55","29  day ahead inc hosp",2021-01-10,"quantile",0.75,349.146653670319
"43212",2020-12-12,"55","29  day ahead inc hosp",2021-01-10,"quantile",0.8,364.09992815725
"43213",2020-12-12,"55","29  day ahead inc hosp",2021-01-10,"quantile",0.85,381.529795839974
"43214",2020-12-12,"55","29  day ahead inc hosp",2021-01-10,"quantile",0.9,403.460549365085
"43215",2020-12-12,"55","29  day ahead inc hosp",2021-01-10,"quantile",0.95,435.965229728843
"43216",2020-12-12,"55","29  day ahead inc hosp",2021-01-10,"quantile",0.975,464.158192392094
"43217",2020-12-12,"55","29  day ahead inc hosp",2021-01-10,"quantile",0.99,496.938604296545
"43218",2020-12-12,"55","30  day ahead inc hosp",2021-01-11,"quantile",0.01,79.709035428104
"43219",2020-12-12,"55","30  day ahead inc hosp",2021-01-11,"quantile",0.025,112.992449662425
"43220",2020-12-12,"55","30  day ahead inc hosp",2021-01-11,"quantile",0.05,141.618022078931
"43221",2020-12-12,"55","30  day ahead inc hosp",2021-01-11,"quantile",0.1,174.621473782179
"43222",2020-12-12,"55","30  day ahead inc hosp",2021-01-11,"quantile",0.15,196.888745962123
"43223",2020-12-12,"55","30  day ahead inc hosp",2021-01-11,"quantile",0.2,214.586068003849
"43224",2020-12-12,"55","30  day ahead inc hosp",2021-01-11,"quantile",0.25,229.768794516216
"43225",2020-12-12,"55","30  day ahead inc hosp",2021-01-11,"quantile",0.3,243.403352166211
"43226",2020-12-12,"55","30  day ahead inc hosp",2021-01-11,"quantile",0.35,256.037801784218
"43227",2020-12-12,"55","30  day ahead inc hosp",2021-01-11,"quantile",0.4,268.026658946185
"43228",2020-12-12,"55","30  day ahead inc hosp",2021-01-11,"quantile",0.45,279.626016996301
"43229",2020-12-12,"55","30  day ahead inc hosp",2021-01-11,"quantile",0.5,291.041471606816
"43230",2020-12-12,"55","30  day ahead inc hosp",2021-01-11,"quantile",0.55,302.456926217331
"43231",2020-12-12,"55","30  day ahead inc hosp",2021-01-11,"quantile",0.6,314.056284267447
"43232",2020-12-12,"55","30  day ahead inc hosp",2021-01-11,"quantile",0.65,326.045141429414
"43233",2020-12-12,"55","30  day ahead inc hosp",2021-01-11,"quantile",0.7,338.679591047421
"43234",2020-12-12,"55","30  day ahead inc hosp",2021-01-11,"quantile",0.75,352.314148697416
"43235",2020-12-12,"55","30  day ahead inc hosp",2021-01-11,"quantile",0.8,367.496875209783
"43236",2020-12-12,"55","30  day ahead inc hosp",2021-01-11,"quantile",0.85,385.194197251509
"43237",2020-12-12,"55","30  day ahead inc hosp",2021-01-11,"quantile",0.9,407.461469431453
"43238",2020-12-12,"55","30  day ahead inc hosp",2021-01-11,"quantile",0.95,440.464921134701
"43239",2020-12-12,"55","30  day ahead inc hosp",2021-01-11,"quantile",0.975,469.090493551207
"43240",2020-12-12,"55","30  day ahead inc hosp",2021-01-11,"quantile",0.99,502.373907785528
"43241",2020-12-12,"55","31  day ahead inc hosp",2021-01-12,"quantile",0.01,78.8042842381064
"43242",2020-12-12,"55","31  day ahead inc hosp",2021-01-12,"quantile",0.025,112.583211420024
"43243",2020-12-12,"55","31  day ahead inc hosp",2021-01-12,"quantile",0.05,141.634952307856
"43244",2020-12-12,"55","31  day ahead inc hosp",2021-01-12,"quantile",0.1,175.129748965058
"43245",2020-12-12,"55","31  day ahead inc hosp",2021-01-12,"quantile",0.15,197.728529252768
"43246",2020-12-12,"55","31  day ahead inc hosp",2021-01-12,"quantile",0.2,215.689323429526
"43247",2020-12-12,"55","31  day ahead inc hosp",2021-01-12,"quantile",0.25,231.098085573746
"43248",2020-12-12,"55","31  day ahead inc hosp",2021-01-12,"quantile",0.3,244.935630207071
"43249",2020-12-12,"55","31  day ahead inc hosp",2021-01-12,"quantile",0.35,257.758177516241
"43250",2020-12-12,"55","31  day ahead inc hosp",2021-01-12,"quantile",0.4,269.925520993007
"43251",2020-12-12,"55","31  day ahead inc hosp",2021-01-12,"quantile",0.45,281.697566618298
"43252",2020-12-12,"55","31  day ahead inc hosp",2021-01-12,"quantile",0.5,293.282970907725
"43253",2020-12-12,"55","31  day ahead inc hosp",2021-01-12,"quantile",0.55,304.868375197152
"43254",2020-12-12,"55","31  day ahead inc hosp",2021-01-12,"quantile",0.6,316.640420822443
"43255",2020-12-12,"55","31  day ahead inc hosp",2021-01-12,"quantile",0.65,328.80776429921
"43256",2020-12-12,"55","31  day ahead inc hosp",2021-01-12,"quantile",0.7,341.630311608379
"43257",2020-12-12,"55","31  day ahead inc hosp",2021-01-12,"quantile",0.75,355.467856241704
"43258",2020-12-12,"55","31  day ahead inc hosp",2021-01-12,"quantile",0.8,370.876618385924
"43259",2020-12-12,"55","31  day ahead inc hosp",2021-01-12,"quantile",0.85,388.837412562682
"43260",2020-12-12,"55","31  day ahead inc hosp",2021-01-12,"quantile",0.9,411.436192850392
"43261",2020-12-12,"55","31  day ahead inc hosp",2021-01-12,"quantile",0.95,444.930989507594
"43262",2020-12-12,"55","31  day ahead inc hosp",2021-01-12,"quantile",0.975,473.982730395426
"43263",2020-12-12,"55","31  day ahead inc hosp",2021-01-12,"quantile",0.99,507.761657577344
"43264",2020-12-12,"55","32  day ahead inc hosp",2021-01-13,"quantile",0.01,77.9450238222175
"43265",2020-12-12,"55","32  day ahead inc hosp",2021-01-13,"quantile",0.025,112.212299465741
"43266",2020-12-12,"55","32  day ahead inc hosp",2021-01-13,"quantile",0.05,141.684046971698
"43267",2020-12-12,"55","32  day ahead inc hosp",2021-01-13,"quantile",0.1,175.663084360739
"43268",2020-12-12,"55","32  day ahead inc hosp",2021-01-13,"quantile",0.15,198.588579571284
"43269",2020-12-12,"55","32  day ahead inc hosp",2021-01-13,"quantile",0.2,216.809036411637
"43270",2020-12-12,"55","32  day ahead inc hosp",2021-01-13,"quantile",0.25,232.44056600042
"43271",2020-12-12,"55","32  day ahead inc hosp",2021-01-13,"quantile",0.3,246.478162683879
"43272",2020-12-12,"55","32  day ahead inc hosp",2021-01-13,"quantile",0.35,259.486088031213
"43273",2020-12-12,"55","32  day ahead inc hosp",2021-01-13,"quantile",0.4,271.829337138041
"43274",2020-12-12,"55","32  day ahead inc hosp",2021-01-13,"quantile",0.45,283.771573496155
"43275",2020-12-12,"55","32  day ahead inc hosp",2021-01-13,"quantile",0.5,295.524470208634
"43276",2020-12-12,"55","32  day ahead inc hosp",2021-01-13,"quantile",0.55,307.277366921114
"43277",2020-12-12,"55","32  day ahead inc hosp",2021-01-13,"quantile",0.6,319.219603279227
"43278",2020-12-12,"55","32  day ahead inc hosp",2021-01-13,"quantile",0.65,331.562852386055
"43279",2020-12-12,"55","32  day ahead inc hosp",2021-01-13,"quantile",0.7,344.57077773339
"43280",2020-12-12,"55","32  day ahead inc hosp",2021-01-13,"quantile",0.75,358.608374416849
"43281",2020-12-12,"55","32  day ahead inc hosp",2021-01-13,"quantile",0.8,374.239904005632
"43282",2020-12-12,"55","32  day ahead inc hosp",2021-01-13,"quantile",0.85,392.460360845985
"43283",2020-12-12,"55","32  day ahead inc hosp",2021-01-13,"quantile",0.9,415.385856056529
"43284",2020-12-12,"55","32  day ahead inc hosp",2021-01-13,"quantile",0.95,449.364893445571
"43285",2020-12-12,"55","32  day ahead inc hosp",2021-01-13,"quantile",0.975,478.836640951527
"43286",2020-12-12,"55","32  day ahead inc hosp",2021-01-13,"quantile",0.99,513.103916595051
"43287",2020-12-12,"55","33  day ahead inc hosp",2021-01-14,"quantile",0.01,77.1293362318515
"43288",2020-12-12,"55","33  day ahead inc hosp",2021-01-14,"quantile",0.025,111.878097914783
"43289",2020-12-12,"55","33  day ahead inc hosp",2021-01-14,"quantile",0.05,141.763949977188
"43290",2020-12-12,"55","33  day ahead inc hosp",2021-01-14,"quantile",0.1,176.220423398948
"43291",2020-12-12,"55","33  day ahead inc hosp",2021-01-14,"quantile",0.15,199.468042434135
"43292",2020-12-12,"55","33  day ahead inc hosp",2021-01-14,"quantile",0.2,217.944513078782
"43293",2020-12-12,"55","33  day ahead inc hosp",2021-01-14,"quantile",0.25,233.795679715747
"43294",2020-12-12,"55","33  day ahead inc hosp",2021-01-14,"quantile",0.3,248.030517256641
"43295",2020-12-12,"55","33  day ahead inc hosp",2021-01-14,"quantile",0.35,261.221215653154
"43296",2020-12-12,"55","33  day ahead inc hosp",2021-01-14,"quantile",0.4,273.737898510237
"43297",2020-12-12,"55","33  day ahead inc hosp",2021-01-14,"quantile",0.45,285.847934028854
"43298",2020-12-12,"55","33  day ahead inc hosp",2021-01-14,"quantile",0.5,297.765969509543
"43299",2020-12-12,"55","33  day ahead inc hosp",2021-01-14,"quantile",0.55,309.684004990232
"43300",2020-12-12,"55","33  day ahead inc hosp",2021-01-14,"quantile",0.6,321.79404050885
"43301",2020-12-12,"55","33  day ahead inc hosp",2021-01-14,"quantile",0.65,334.310723365932
"43302",2020-12-12,"55","33  day ahead inc hosp",2021-01-14,"quantile",0.7,347.501421762445
"43303",2020-12-12,"55","33  day ahead inc hosp",2021-01-14,"quantile",0.75,361.736259303339
"43304",2020-12-12,"55","33  day ahead inc hosp",2021-01-14,"quantile",0.8,377.587425940305
"43305",2020-12-12,"55","33  day ahead inc hosp",2021-01-14,"quantile",0.85,396.063896584951
"43306",2020-12-12,"55","33  day ahead inc hosp",2021-01-14,"quantile",0.9,419.311515620138
"43307",2020-12-12,"55","33  day ahead inc hosp",2021-01-14,"quantile",0.95,453.767989041899
"43308",2020-12-12,"55","33  day ahead inc hosp",2021-01-14,"quantile",0.975,483.653841104303
"43309",2020-12-12,"55","33  day ahead inc hosp",2021-01-14,"quantile",0.99,518.402602787235
"43310",2020-12-12,"55","34  day ahead inc hosp",2021-01-15,"quantile",0.01,76.3554346180271
"43311",2020-12-12,"55","34  day ahead inc hosp",2021-01-15,"quantile",0.025,111.579101334669
"43312",2020-12-12,"55","34  day ahead inc hosp",2021-01-15,"quantile",0.05,141.873397925563
"43313",2020-12-12,"55","34  day ahead inc hosp",2021-01-15,"quantile",0.1,176.800781730296
"43314",2020-12-12,"55","34  day ahead inc hosp",2021-01-15,"quantile",0.15,200.366121765222
"43315",2020-12-12,"55","34  day ahead inc hosp",2021-01-15,"quantile",0.2,219.095106988501
"43316",2020-12-12,"55","34  day ahead inc hosp",2021-01-15,"quantile",0.25,235.162908649608
"43317",2020-12-12,"55","34  day ahead inc hosp",2021-01-15,"quantile",0.3,249.592291137569
"43318",2020-12-12,"55","34  day ahead inc hosp",2021-01-15,"quantile",0.35,262.963264420531
"43319",2020-12-12,"55","34  day ahead inc hosp",2021-01-15,"quantile",0.4,275.651010515735
"43320",2020-12-12,"55","34  day ahead inc hosp",2021-01-15,"quantile",0.45,287.926551696934
"43321",2020-12-12,"55","34  day ahead inc hosp",2021-01-15,"quantile",0.5,300.007468810452
"43322",2020-12-12,"55","34  day ahead inc hosp",2021-01-15,"quantile",0.55,312.088385923971
"43323",2020-12-12,"55","34  day ahead inc hosp",2021-01-15,"quantile",0.6,324.363927105169
"43324",2020-12-12,"55","34  day ahead inc hosp",2021-01-15,"quantile",0.65,337.051673200373
"43325",2020-12-12,"55","34  day ahead inc hosp",2021-01-15,"quantile",0.7,350.422646483336
"43326",2020-12-12,"55","34  day ahead inc hosp",2021-01-15,"quantile",0.75,364.852028971297
"43327",2020-12-12,"55","34  day ahead inc hosp",2021-01-15,"quantile",0.8,380.919830632404
"43328",2020-12-12,"55","34  day ahead inc hosp",2021-01-15,"quantile",0.85,399.648815855682
"43329",2020-12-12,"55","34  day ahead inc hosp",2021-01-15,"quantile",0.9,423.214155890608
"43330",2020-12-12,"55","34  day ahead inc hosp",2021-01-15,"quantile",0.95,458.141539695341
"43331",2020-12-12,"55","34  day ahead inc hosp",2021-01-15,"quantile",0.975,488.435836286235
"43332",2020-12-12,"55","34  day ahead inc hosp",2021-01-15,"quantile",0.99,523.659503002877
"43333",2020-12-12,"55","35  day ahead inc hosp",2021-01-16,"quantile",0.01,75.6216510185077
"43334",2020-12-12,"55","35  day ahead inc hosp",2021-01-16,"quantile",0.025,111.313904455816
"43335",2020-12-12,"55","35  day ahead inc hosp",2021-01-16,"quantile",0.05,142.011211477412
"43336",2020-12-12,"55","35  day ahead inc hosp",2021-01-16,"quantile",0.1,177.403240498389
"43337",2020-12-12,"55","35  day ahead inc hosp",2021-01-16,"quantile",0.15,201.282074454808
"43338",2020-12-12,"55","35  day ahead inc hosp",2021-01-16,"quantile",0.2,220.260214708929
"43339",2020-12-12,"55","35  day ahead inc hosp",2021-01-16,"quantile",0.25,236.541769201314
"43340",2020-12-12,"55","35  day ahead inc hosp",2021-01-16,"quantile",0.3,251.163108338072
"43341",2020-12-12,"55","35  day ahead inc hosp",2021-01-16,"quantile",0.35,264.711958063404
"43342",2020-12-12,"55","35  day ahead inc hosp",2021-01-16,"quantile",0.4,277.568491507841
"43343",2020-12-12,"55","35  day ahead inc hosp",2021-01-16,"quantile",0.45,290.007336402784
"43344",2020-12-12,"55","35  day ahead inc hosp",2021-01-16,"quantile",0.5,302.248968111361
"43345",2020-12-12,"55","35  day ahead inc hosp",2021-01-16,"quantile",0.55,314.490599819938
"43346",2020-12-12,"55","35  day ahead inc hosp",2021-01-16,"quantile",0.6,326.929444714881
"43347",2020-12-12,"55","35  day ahead inc hosp",2021-01-16,"quantile",0.65,339.785978159318
"43348",2020-12-12,"55","35  day ahead inc hosp",2021-01-16,"quantile",0.7,353.33482788465
"43349",2020-12-12,"55","35  day ahead inc hosp",2021-01-16,"quantile",0.75,367.956167021408
"43350",2020-12-12,"55","35  day ahead inc hosp",2021-01-16,"quantile",0.8,384.237721513793
"43351",2020-12-12,"55","35  day ahead inc hosp",2021-01-16,"quantile",0.85,403.215861767914
"43352",2020-12-12,"55","35  day ahead inc hosp",2021-01-16,"quantile",0.9,427.094695724333
"43353",2020-12-12,"55","35  day ahead inc hosp",2021-01-16,"quantile",0.95,462.48672474531
"43354",2020-12-12,"55","35  day ahead inc hosp",2021-01-16,"quantile",0.975,493.184031766907
"43355",2020-12-12,"55","35  day ahead inc hosp",2021-01-16,"quantile",0.99,528.876285204214
"43356",2020-12-12,"55","36  day ahead inc hosp",2021-01-17,"quantile",0.01,66.640456236499
"43357",2020-12-12,"55","36  day ahead inc hosp",2021-01-17,"quantile",0.025,102.795223749248
"43358",2020-12-12,"55","36  day ahead inc hosp",2021-01-17,"quantile",0.05,133.890318391639
"43359",2020-12-12,"55","36  day ahead inc hosp",2021-01-17,"quantile",0.1,169.740971063527
"43360",2020-12-12,"55","36  day ahead inc hosp",2021-01-17,"quantile",0.15,193.929236219894
"43361",2020-12-12,"55","36  day ahead inc hosp",2021-01-17,"quantile",0.2,213.153302582565
"43362",2020-12-12,"55","36  day ahead inc hosp",2021-01-17,"quantile",0.25,229.64583977841
"43363",2020-12-12,"55","36  day ahead inc hosp",2021-01-17,"quantile",0.3,244.45664790357
"43364",2020-12-12,"55","36  day ahead inc hosp",2021-01-17,"quantile",0.35,258.181068883181
"43365",2020-12-12,"55","36  day ahead inc hosp",2021-01-17,"quantile",0.4,271.204202278777
"43366",2020-12-12,"55","36  day ahead inc hosp",2021-01-17,"quantile",0.45,283.804234554512
"43367",2020-12-12,"55","36  day ahead inc hosp",2021-01-17,"quantile",0.5,296.204498078857
"43368",2020-12-12,"55","36  day ahead inc hosp",2021-01-17,"quantile",0.55,308.604761603201
"43369",2020-12-12,"55","36  day ahead inc hosp",2021-01-17,"quantile",0.6,321.204793878936
"43370",2020-12-12,"55","36  day ahead inc hosp",2021-01-17,"quantile",0.65,334.227927274533
"43371",2020-12-12,"55","36  day ahead inc hosp",2021-01-17,"quantile",0.7,347.952348254144
"43372",2020-12-12,"55","36  day ahead inc hosp",2021-01-17,"quantile",0.75,362.763156379303
"43373",2020-12-12,"55","36  day ahead inc hosp",2021-01-17,"quantile",0.8,379.255693575149
"43374",2020-12-12,"55","36  day ahead inc hosp",2021-01-17,"quantile",0.85,398.47975993782
"43375",2020-12-12,"55","36  day ahead inc hosp",2021-01-17,"quantile",0.9,422.668025094187
"43376",2020-12-12,"55","36  day ahead inc hosp",2021-01-17,"quantile",0.95,458.518677766074
"43377",2020-12-12,"55","36  day ahead inc hosp",2021-01-17,"quantile",0.975,489.613772408465
"43378",2020-12-12,"55","36  day ahead inc hosp",2021-01-17,"quantile",0.99,525.768539921214
"43379",2020-12-12,"55","37  day ahead inc hosp",2021-01-18,"quantile",0.01,65.9823276132948
"43380",2020-12-12,"55","37  day ahead inc hosp",2021-01-18,"quantile",0.025,102.593766705044
"43381",2020-12-12,"55","37  day ahead inc hosp",2021-01-18,"quantile",0.05,134.081624098972
"43382",2020-12-12,"55","37  day ahead inc hosp",2021-01-18,"quantile",0.1,170.385107069328
"43383",2020-12-12,"55","37  day ahead inc hosp",2021-01-18,"quantile",0.15,194.878894678255
"43384",2020-12-12,"55","37  day ahead inc hosp",2021-01-18,"quantile",0.2,214.345780600962
"43385",2020-12-12,"55","37  day ahead inc hosp",2021-01-18,"quantile",0.25,231.046635358255
"43386",2020-12-12,"55","37  day ahead inc hosp",2021-01-18,"quantile",0.3,246.044519091919
"43387",2020-12-12,"55","37  day ahead inc hosp",2021-01-18,"quantile",0.35,259.942293502648
"43388",2020-12-12,"55","37  day ahead inc hosp",2021-01-18,"quantile",0.4,273.129922352107
"43389",2020-12-12,"55","37  day ahead inc hosp",2021-01-18,"quantile",0.45,285.889105883144
"43390",2020-12-12,"55","37  day ahead inc hosp",2021-01-18,"quantile",0.5,298.445997379766
"43391",2020-12-12,"55","37  day ahead inc hosp",2021-01-18,"quantile",0.55,311.002888876388
"43392",2020-12-12,"55","37  day ahead inc hosp",2021-01-18,"quantile",0.6,323.762072407425
"43393",2020-12-12,"55","37  day ahead inc hosp",2021-01-18,"quantile",0.65,336.949701256884
"43394",2020-12-12,"55","37  day ahead inc hosp",2021-01-18,"quantile",0.7,350.847475667613
"43395",2020-12-12,"55","37  day ahead inc hosp",2021-01-18,"quantile",0.75,365.845359401277
"43396",2020-12-12,"55","37  day ahead inc hosp",2021-01-18,"quantile",0.8,382.546214158569
"43397",2020-12-12,"55","37  day ahead inc hosp",2021-01-18,"quantile",0.85,402.013100081276
"43398",2020-12-12,"55","37  day ahead inc hosp",2021-01-18,"quantile",0.9,426.506887690203
"43399",2020-12-12,"55","37  day ahead inc hosp",2021-01-18,"quantile",0.95,462.810370660559
"43400",2020-12-12,"55","37  day ahead inc hosp",2021-01-18,"quantile",0.975,494.298228054488
"43401",2020-12-12,"55","37  day ahead inc hosp",2021-01-18,"quantile",0.99,530.909667146237
"43402",2020-12-12,"56","1  day ahead inc hosp",2020-12-13,"quantile",0.01,11.0688802083847
"43403",2020-12-12,"56","1  day ahead inc hosp",2020-12-13,"quantile",0.025,13.1766836120965
"43404",2020-12-12,"56","1  day ahead inc hosp",2020-12-13,"quantile",0.05,14.9895108223078
"43405",2020-12-12,"56","1  day ahead inc hosp",2020-12-13,"quantile",0.1,17.0795844951768
"43406",2020-12-12,"56","1  day ahead inc hosp",2020-12-13,"quantile",0.15,18.4897472796144
"43407",2020-12-12,"56","1  day ahead inc hosp",2020-12-13,"quantile",0.2,19.6104999576155
"43408",2020-12-12,"56","1  day ahead inc hosp",2020-12-13,"quantile",0.25,20.5720059616297
"43409",2020-12-12,"56","1  day ahead inc hosp",2020-12-13,"quantile",0.3,21.4354680698269
"43410",2020-12-12,"56","1  day ahead inc hosp",2020-12-13,"quantile",0.35,22.2355943946496
"43411",2020-12-12,"56","1  day ahead inc hosp",2020-12-13,"quantile",0.4,22.9948360323825
"43412",2020-12-12,"56","1  day ahead inc hosp",2020-12-13,"quantile",0.45,23.729411103521
"43413",2020-12-12,"56","1  day ahead inc hosp",2020-12-13,"quantile",0.5,24.4523397644319
"43414",2020-12-12,"56","1  day ahead inc hosp",2020-12-13,"quantile",0.55,25.1752684253428
"43415",2020-12-12,"56","1  day ahead inc hosp",2020-12-13,"quantile",0.6,25.9098434964813
"43416",2020-12-12,"56","1  day ahead inc hosp",2020-12-13,"quantile",0.65,26.6690851342142
"43417",2020-12-12,"56","1  day ahead inc hosp",2020-12-13,"quantile",0.7,27.469211459037
"43418",2020-12-12,"56","1  day ahead inc hosp",2020-12-13,"quantile",0.75,28.3326735672341
"43419",2020-12-12,"56","1  day ahead inc hosp",2020-12-13,"quantile",0.8,29.2941795712483
"43420",2020-12-12,"56","1  day ahead inc hosp",2020-12-13,"quantile",0.85,30.4149322492494
"43421",2020-12-12,"56","1  day ahead inc hosp",2020-12-13,"quantile",0.9,31.8250950336871
"43422",2020-12-12,"56","1  day ahead inc hosp",2020-12-13,"quantile",0.95,33.915168706556
"43423",2020-12-12,"56","1  day ahead inc hosp",2020-12-13,"quantile",0.975,35.7279959167673
"43424",2020-12-12,"56","1  day ahead inc hosp",2020-12-13,"quantile",0.99,37.8357993204791
"43425",2020-12-12,"56","2  day ahead inc hosp",2020-12-14,"quantile",0.01,10.0987537108193
"43426",2020-12-12,"56","2  day ahead inc hosp",2020-12-14,"quantile",0.025,12.4918700320314
"43427",2020-12-12,"56","2  day ahead inc hosp",2020-12-14,"quantile",0.05,14.5500820913983
"43428",2020-12-12,"56","2  day ahead inc hosp",2020-12-14,"quantile",0.1,16.9230687799435
"43429",2020-12-12,"56","2  day ahead inc hosp",2020-12-14,"quantile",0.15,18.5241116329255
"43430",2020-12-12,"56","2  day ahead inc hosp",2020-12-14,"quantile",0.2,19.7965697383842
"43431",2020-12-12,"56","2  day ahead inc hosp",2020-12-14,"quantile",0.25,20.8882254910497
"43432",2020-12-12,"56","2  day ahead inc hosp",2020-12-14,"quantile",0.3,21.8685660959828
"43433",2020-12-12,"56","2  day ahead inc hosp",2020-12-14,"quantile",0.35,22.7769977664094
"43434",2020-12-12,"56","2  day ahead inc hosp",2020-12-14,"quantile",0.4,23.6390105859175
"43435",2020-12-12,"56","2  day ahead inc hosp",2020-12-14,"quantile",0.45,24.4730179647847
"43436",2020-12-12,"56","2  day ahead inc hosp",2020-12-14,"quantile",0.5,25.2938024717513
"43437",2020-12-12,"56","2  day ahead inc hosp",2020-12-14,"quantile",0.55,26.1145869787178
"43438",2020-12-12,"56","2  day ahead inc hosp",2020-12-14,"quantile",0.6,26.948594357585
"43439",2020-12-12,"56","2  day ahead inc hosp",2020-12-14,"quantile",0.65,27.8106071770932
"43440",2020-12-12,"56","2  day ahead inc hosp",2020-12-14,"quantile",0.7,28.7190388475198
"43441",2020-12-12,"56","2  day ahead inc hosp",2020-12-14,"quantile",0.75,29.6993794524528
"43442",2020-12-12,"56","2  day ahead inc hosp",2020-12-14,"quantile",0.8,30.7910352051183
"43443",2020-12-12,"56","2  day ahead inc hosp",2020-12-14,"quantile",0.85,32.0634933105771
"43444",2020-12-12,"56","2  day ahead inc hosp",2020-12-14,"quantile",0.9,33.664536163559
"43445",2020-12-12,"56","2  day ahead inc hosp",2020-12-14,"quantile",0.95,36.0375228521043
"43446",2020-12-12,"56","2  day ahead inc hosp",2020-12-14,"quantile",0.975,38.0957349114711
"43447",2020-12-12,"56","2  day ahead inc hosp",2020-12-14,"quantile",0.99,40.4888512326833
"43448",2020-12-12,"56","3  day ahead inc hosp",2020-12-15,"quantile",0.01,9.22873180805056
"43449",2020-12-12,"56","3  day ahead inc hosp",2020-12-15,"quantile",0.025,11.6890665965928
"43450",2020-12-12,"56","3  day ahead inc hosp",2020-12-15,"quantile",0.05,13.805090246163
"43451",2020-12-12,"56","3  day ahead inc hosp",2020-12-15,"quantile",0.1,16.2447299957337
"43452",2020-12-12,"56","3  day ahead inc hosp",2020-12-15,"quantile",0.15,17.8907433525534
"43453",2020-12-12,"56","3  day ahead inc hosp",2020-12-15,"quantile",0.2,19.1989425888684
"43454",2020-12-12,"56","3  day ahead inc hosp",2020-12-15,"quantile",0.25,20.321261049358
"43455",2020-12-12,"56","3  day ahead inc hosp",2020-12-15,"quantile",0.3,21.3291377135878
"43456",2020-12-12,"56","3  day ahead inc hosp",2020-12-15,"quantile",0.35,22.2630856466461
"43457",2020-12-12,"56","3  day ahead inc hosp",2020-12-15,"quantile",0.4,23.1493109041509
"43458",2020-12-12,"56","3  day ahead inc hosp",2020-12-15,"quantile",0.45,24.0067440969882
"43459",2020-12-12,"56","3  day ahead inc hosp",2020-12-15,"quantile",0.5,24.8505830104947
"43460",2020-12-12,"56","3  day ahead inc hosp",2020-12-15,"quantile",0.55,25.6944219240011
"43461",2020-12-12,"56","3  day ahead inc hosp",2020-12-15,"quantile",0.6,26.5518551168384
"43462",2020-12-12,"56","3  day ahead inc hosp",2020-12-15,"quantile",0.65,27.4380803743432
"43463",2020-12-12,"56","3  day ahead inc hosp",2020-12-15,"quantile",0.7,28.3720283074015
"43464",2020-12-12,"56","3  day ahead inc hosp",2020-12-15,"quantile",0.75,29.3799049716314
"43465",2020-12-12,"56","3  day ahead inc hosp",2020-12-15,"quantile",0.8,30.5022234321209
"43466",2020-12-12,"56","3  day ahead inc hosp",2020-12-15,"quantile",0.85,31.8104226684359
"43467",2020-12-12,"56","3  day ahead inc hosp",2020-12-15,"quantile",0.9,33.4564360252556
"43468",2020-12-12,"56","3  day ahead inc hosp",2020-12-15,"quantile",0.95,35.8960757748263
"43469",2020-12-12,"56","3  day ahead inc hosp",2020-12-15,"quantile",0.975,38.0120994243965
"43470",2020-12-12,"56","3  day ahead inc hosp",2020-12-15,"quantile",0.99,40.4724342129388
"43471",2020-12-12,"56","4  day ahead inc hosp",2020-12-16,"quantile",0.01,8.57426650563279
"43472",2020-12-12,"56","4  day ahead inc hosp",2020-12-16,"quantile",0.025,11.1001539991353
"43473",2020-12-12,"56","4  day ahead inc hosp",2020-12-16,"quantile",0.05,13.2725565913742
"43474",2020-12-12,"56","4  day ahead inc hosp",2020-12-16,"quantile",0.1,15.7771976511153
"43475",2020-12-12,"56","4  day ahead inc hosp",2020-12-16,"quantile",0.15,17.4670670833124
"43476",2020-12-12,"56","4  day ahead inc hosp",2020-12-16,"quantile",0.2,18.8101217380716
"43477",2020-12-12,"56","4  day ahead inc hosp",2020-12-16,"quantile",0.25,19.9623430440009
"43478",2020-12-12,"56","4  day ahead inc hosp",2020-12-16,"quantile",0.3,20.997073387622
"43479",2020-12-12,"56","4  day ahead inc hosp",2020-12-16,"quantile",0.35,21.9559052566345
"43480",2020-12-12,"56","4  day ahead inc hosp",2020-12-16,"quantile",0.4,22.8657429359544
"43481",2020-12-12,"56","4  day ahead inc hosp",2020-12-16,"quantile",0.45,23.7460214201622
"43482",2020-12-12,"56","4  day ahead inc hosp",2020-12-16,"quantile",0.5,24.6123434215755
"43483",2020-12-12,"56","4  day ahead inc hosp",2020-12-16,"quantile",0.55,25.4786654229888
"43484",2020-12-12,"56","4  day ahead inc hosp",2020-12-16,"quantile",0.6,26.3589439071965
"43485",2020-12-12,"56","4  day ahead inc hosp",2020-12-16,"quantile",0.65,27.2687815865165
"43486",2020-12-12,"56","4  day ahead inc hosp",2020-12-16,"quantile",0.7,28.227613455529
"43487",2020-12-12,"56","4  day ahead inc hosp",2020-12-16,"quantile",0.75,29.2623437991501
"43488",2020-12-12,"56","4  day ahead inc hosp",2020-12-16,"quantile",0.8,30.4145651050794
"43489",2020-12-12,"56","4  day ahead inc hosp",2020-12-16,"quantile",0.85,31.7576197598386
"43490",2020-12-12,"56","4  day ahead inc hosp",2020-12-16,"quantile",0.9,33.4474891920357
"43491",2020-12-12,"56","4  day ahead inc hosp",2020-12-16,"quantile",0.95,35.9521302517768
"43492",2020-12-12,"56","4  day ahead inc hosp",2020-12-16,"quantile",0.975,38.1245328440157
"43493",2020-12-12,"56","4  day ahead inc hosp",2020-12-16,"quantile",0.99,40.6504203375182
"43494",2020-12-12,"56","5  day ahead inc hosp",2020-12-17,"quantile",0.01,8.04822492175669
"43495",2020-12-12,"56","5  day ahead inc hosp",2020-12-17,"quantile",0.025,10.6576993387728
"43496",2020-12-12,"56","5  day ahead inc hosp",2020-12-17,"quantile",0.05,12.9019912965458
"43497",2020-12-12,"56","5  day ahead inc hosp",2020-12-17,"quantile",0.1,15.489516190673
"43498",2020-12-12,"56","5  day ahead inc hosp",2020-12-17,"quantile",0.15,17.2353069524387
"43499",2020-12-12,"56","5  day ahead inc hosp",2020-12-17,"quantile",0.2,18.6228061071967
"43500",2020-12-12,"56","5  day ahead inc hosp",2020-12-17,"quantile",0.25,19.8131568367116
"43501",2020-12-12,"56","5  day ahead inc hosp",2020-12-17,"quantile",0.3,20.882128581152
"43502",2020-12-12,"56","5  day ahead inc hosp",2020-12-17,"quantile",0.35,21.8726902110124
"43503",2020-12-12,"56","5  day ahead inc hosp",2020-12-17,"quantile",0.4,22.812636330517
"43504",2020-12-12,"56","5  day ahead inc hosp",2020-12-17,"quantile",0.45,23.7220450790455
"43505",2020-12-12,"56","5  day ahead inc hosp",2020-12-17,"quantile",0.5,24.6170354954442
"43506",2020-12-12,"56","5  day ahead inc hosp",2020-12-17,"quantile",0.55,25.512025911843
"43507",2020-12-12,"56","5  day ahead inc hosp",2020-12-17,"quantile",0.6,26.4214346603715
"43508",2020-12-12,"56","5  day ahead inc hosp",2020-12-17,"quantile",0.65,27.361380779876
"43509",2020-12-12,"56","5  day ahead inc hosp",2020-12-17,"quantile",0.7,28.3519424097364
"43510",2020-12-12,"56","5  day ahead inc hosp",2020-12-17,"quantile",0.75,29.4209141541768
"43511",2020-12-12,"56","5  day ahead inc hosp",2020-12-17,"quantile",0.8,30.6112648836918
"43512",2020-12-12,"56","5  day ahead inc hosp",2020-12-17,"quantile",0.85,31.9987640384497
"43513",2020-12-12,"56","5  day ahead inc hosp",2020-12-17,"quantile",0.9,33.7445548002154
"43514",2020-12-12,"56","5  day ahead inc hosp",2020-12-17,"quantile",0.95,36.3320796943426
"43515",2020-12-12,"56","5  day ahead inc hosp",2020-12-17,"quantile",0.975,38.5763716521156
"43516",2020-12-12,"56","5  day ahead inc hosp",2020-12-17,"quantile",0.99,41.1858460691317
"43517",2020-12-12,"56","6  day ahead inc hosp",2020-12-18,"quantile",0.01,7.53706718447461
"43518",2020-12-12,"56","6  day ahead inc hosp",2020-12-18,"quantile",0.025,10.2327967547755
"43519",2020-12-12,"56","6  day ahead inc hosp",2020-12-18,"quantile",0.05,12.5512729028863
"43520",2020-12-12,"56","6  day ahead inc hosp",2020-12-18,"quantile",0.1,15.224327417429
"43521",2020-12-12,"56","6  day ahead inc hosp",2020-12-18,"quantile",0.15,17.0278246080362
"43522",2020-12-12,"56","6  day ahead inc hosp",2020-12-18,"quantile",0.2,18.4611870031064
"43523",2020-12-12,"56","6  day ahead inc hosp",2020-12-18,"quantile",0.25,19.6908843090689
"43524",2020-12-12,"56","6  day ahead inc hosp",2020-12-18,"quantile",0.3,20.7951904952162
"43525",2020-12-12,"56","6  day ahead inc hosp",2020-12-18,"quantile",0.35,21.8184947512026
"43526",2020-12-12,"56","6  day ahead inc hosp",2020-12-18,"quantile",0.4,22.7895104209923
"43527",2020-12-12,"56","6  day ahead inc hosp",2020-12-18,"quantile",0.45,23.7289793189867
"43528",2020-12-12,"56","6  day ahead inc hosp",2020-12-18,"quantile",0.5,24.6535532925384
"43529",2020-12-12,"56","6  day ahead inc hosp",2020-12-18,"quantile",0.55,25.5781272660901
"43530",2020-12-12,"56","6  day ahead inc hosp",2020-12-18,"quantile",0.6,26.5175961640844
"43531",2020-12-12,"56","6  day ahead inc hosp",2020-12-18,"quantile",0.65,27.4886118338741
"43532",2020-12-12,"56","6  day ahead inc hosp",2020-12-18,"quantile",0.7,28.5119160898605
"43533",2020-12-12,"56","6  day ahead inc hosp",2020-12-18,"quantile",0.75,29.6162222760078
"43534",2020-12-12,"56","6  day ahead inc hosp",2020-12-18,"quantile",0.8,30.8459195819704
"43535",2020-12-12,"56","6  day ahead inc hosp",2020-12-18,"quantile",0.85,32.2792819770405
"43536",2020-12-12,"56","6  day ahead inc hosp",2020-12-18,"quantile",0.9,34.0827791676477
"43537",2020-12-12,"56","6  day ahead inc hosp",2020-12-18,"quantile",0.95,36.7558336821904
"43538",2020-12-12,"56","6  day ahead inc hosp",2020-12-18,"quantile",0.975,39.0743098303012
"43539",2020-12-12,"56","6  day ahead inc hosp",2020-12-18,"quantile",0.99,41.7700394006021
"43540",2020-12-12,"56","7  day ahead inc hosp",2020-12-19,"quantile",0.01,7.02567738477104
"43541",2020-12-12,"56","7  day ahead inc hosp",2020-12-19,"quantile",0.025,9.80331064222009
"43542",2020-12-12,"56","7  day ahead inc hosp",2020-12-19,"quantile",0.05,12.1922284797301
"43543",2020-12-12,"56","7  day ahead inc hosp",2020-12-19,"quantile",0.1,14.9464977507902
"43544",2020-12-12,"56","7  day ahead inc hosp",2020-12-19,"quantile",0.15,16.8047901520518
"43545",2020-12-12,"56","7  day ahead inc hosp",2020-12-19,"quantile",0.2,18.2817020435066
"43546",2020-12-12,"56","7  day ahead inc hosp",2020-12-19,"quantile",0.25,19.5487609396464
"43547",2020-12-12,"56","7  day ahead inc hosp",2020-12-19,"quantile",0.3,20.6866189884815
"43548",2020-12-12,"56","7  day ahead inc hosp",2020-12-19,"quantile",0.35,21.7410140454752
"43549",2020-12-12,"56","7  day ahead inc hosp",2020-12-19,"quantile",0.4,22.7415318450447
"43550",2020-12-12,"56","7  day ahead inc hosp",2020-12-19,"quantile",0.45,23.7095443950264
"43551",2020-12-12,"56","7  day ahead inc hosp",2020-12-19,"quantile",0.5,24.6622094717471
"43552",2020-12-12,"56","7  day ahead inc hosp",2020-12-19,"quantile",0.55,25.6148745484678
"43553",2020-12-12,"56","7  day ahead inc hosp",2020-12-19,"quantile",0.6,26.5828870984496
"43554",2020-12-12,"56","7  day ahead inc hosp",2020-12-19,"quantile",0.65,27.5834048980191
"43555",2020-12-12,"56","7  day ahead inc hosp",2020-12-19,"quantile",0.7,28.6377999550128
"43556",2020-12-12,"56","7  day ahead inc hosp",2020-12-19,"quantile",0.75,29.7756580038478
"43557",2020-12-12,"56","7  day ahead inc hosp",2020-12-19,"quantile",0.8,31.0427168999876
"43558",2020-12-12,"56","7  day ahead inc hosp",2020-12-19,"quantile",0.85,32.5196287914424
"43559",2020-12-12,"56","7  day ahead inc hosp",2020-12-19,"quantile",0.9,34.3779211927041
"43560",2020-12-12,"56","7  day ahead inc hosp",2020-12-19,"quantile",0.95,37.1321904637642
"43561",2020-12-12,"56","7  day ahead inc hosp",2020-12-19,"quantile",0.975,39.5211083012742
"43562",2020-12-12,"56","7  day ahead inc hosp",2020-12-19,"quantile",0.99,42.2987415587232
"43563",2020-12-12,"56","8  day ahead inc hosp",2020-12-20,"quantile",0.01,6.56323851342676
"43564",2020-12-12,"56","8  day ahead inc hosp",2020-12-20,"quantile",0.025,9.41927780490466
"43565",2020-12-12,"56","8  day ahead inc hosp",2020-12-20,"quantile",0.05,11.8756291571731
"43566",2020-12-12,"56","8  day ahead inc hosp",2020-12-20,"quantile",0.1,14.7076449520453
"43567",2020-12-12,"56","8  day ahead inc hosp",2020-12-20,"quantile",0.15,16.6183925638205
"43568",2020-12-12,"56","8  day ahead inc hosp",2020-12-20,"quantile",0.2,18.1369941937274
"43569",2020-12-12,"56","8  day ahead inc hosp",2020-12-20,"quantile",0.25,19.4398191733345
"43570",2020-12-12,"56","8  day ahead inc hosp",2020-12-20,"quantile",0.3,20.6097962705204
"43571",2020-12-12,"56","8  day ahead inc hosp",2020-12-20,"quantile",0.35,21.6939544125062
"43572",2020-12-12,"56","8  day ahead inc hosp",2020-12-20,"quantile",0.4,22.7227144691949
"43573",2020-12-12,"56","8  day ahead inc hosp",2020-12-20,"quantile",0.45,23.7180517297844
"43574",2020-12-12,"56","8  day ahead inc hosp",2020-12-20,"quantile",0.5,24.6976082941495
"43575",2020-12-12,"56","8  day ahead inc hosp",2020-12-20,"quantile",0.55,25.6771648585146
"43576",2020-12-12,"56","8  day ahead inc hosp",2020-12-20,"quantile",0.6,26.6725021191041
"43577",2020-12-12,"56","8  day ahead inc hosp",2020-12-20,"quantile",0.65,27.7012621757928
"43578",2020-12-12,"56","8  day ahead inc hosp",2020-12-20,"quantile",0.7,28.7854203177786
"43579",2020-12-12,"56","8  day ahead inc hosp",2020-12-20,"quantile",0.75,29.9553974149645
"43580",2020-12-12,"56","8  day ahead inc hosp",2020-12-20,"quantile",0.8,31.2582223945716
"43581",2020-12-12,"56","8  day ahead inc hosp",2020-12-20,"quantile",0.85,32.7768240244785
"43582",2020-12-12,"56","8  day ahead inc hosp",2020-12-20,"quantile",0.9,34.6875716362537
"43583",2020-12-12,"56","8  day ahead inc hosp",2020-12-20,"quantile",0.95,37.5195874311259
"43584",2020-12-12,"56","8  day ahead inc hosp",2020-12-20,"quantile",0.975,39.9759387833943
"43585",2020-12-12,"56","8  day ahead inc hosp",2020-12-20,"quantile",0.99,42.8319780748723
"43586",2020-12-12,"56","9  day ahead inc hosp",2020-12-21,"quantile",0.01,6.07694571741616
"43587",2020-12-12,"56","9  day ahead inc hosp",2020-12-21,"quantile",0.025,9.00924178380748
"43588",2020-12-12,"56","9  day ahead inc hosp",2020-12-21,"quantile",0.05,11.5311781694252
"43589",2020-12-12,"56","9  day ahead inc hosp",2020-12-21,"quantile",0.1,14.4388093074284
"43590",2020-12-12,"56","9  day ahead inc hosp",2020-12-21,"quantile",0.15,16.4005742322294
"43591",2020-12-12,"56","9  day ahead inc hosp",2020-12-21,"quantile",0.2,17.9597228052475
"43592",2020-12-12,"56","9  day ahead inc hosp",2020-12-21,"quantile",0.25,19.2973334516758
"43593",2020-12-12,"56","9  day ahead inc hosp",2020-12-21,"quantile",0.3,20.4985491527633
"43594",2020-12-12,"56","9  day ahead inc hosp",2020-12-21,"quantile",0.35,21.6116545167466
"43595",2020-12-12,"56","9  day ahead inc hosp",2020-12-21,"quantile",0.4,22.6678826563559
"43596",2020-12-12,"56","9  day ahead inc hosp",2020-12-21,"quantile",0.45,23.6897956050566
"43597",2020-12-12,"56","9  day ahead inc hosp",2020-12-21,"quantile",0.5,24.6955065100383
"43598",2020-12-12,"56","9  day ahead inc hosp",2020-12-21,"quantile",0.55,25.7012174150201
"43599",2020-12-12,"56","9  day ahead inc hosp",2020-12-21,"quantile",0.6,26.7231303637208
"43600",2020-12-12,"56","9  day ahead inc hosp",2020-12-21,"quantile",0.65,27.7793585033301
"43601",2020-12-12,"56","9  day ahead inc hosp",2020-12-21,"quantile",0.7,28.8924638673134
"43602",2020-12-12,"56","9  day ahead inc hosp",2020-12-21,"quantile",0.75,30.0936795684009
"43603",2020-12-12,"56","9  day ahead inc hosp",2020-12-21,"quantile",0.8,31.4312902148291
"43604",2020-12-12,"56","9  day ahead inc hosp",2020-12-21,"quantile",0.85,32.9904387878473
"43605",2020-12-12,"56","9  day ahead inc hosp",2020-12-21,"quantile",0.9,34.9522037126483
"43606",2020-12-12,"56","9  day ahead inc hosp",2020-12-21,"quantile",0.95,37.8598348506515
"43607",2020-12-12,"56","9  day ahead inc hosp",2020-12-21,"quantile",0.975,40.3817712362692
"43608",2020-12-12,"56","9  day ahead inc hosp",2020-12-21,"quantile",0.99,43.3140673026605
"43609",2020-12-12,"56","10  day ahead inc hosp",2020-12-22,"quantile",0.01,5.60402642416859
"43610",2020-12-12,"56","10  day ahead inc hosp",2020-12-22,"quantile",0.025,8.61079390734416
"43611",2020-12-12,"56","10  day ahead inc hosp",2020-12-22,"quantile",0.05,11.1967798198256
"43612",2020-12-12,"56","10  day ahead inc hosp",2020-12-22,"quantile",0.1,14.1782559603219
"43613",2020-12-12,"56","10  day ahead inc hosp",2020-12-22,"quantile",0.15,16.189843757725
"43614",2020-12-12,"56","10  day ahead inc hosp",2020-12-22,"quantile",0.2,17.7885899704701
"43615",2020-12-12,"56","10  day ahead inc hosp",2020-12-22,"quantile",0.25,19.1601718659434
"43616",2020-12-12,"56","10  day ahead inc hosp",2020-12-22,"quantile",0.3,20.391894798599
"43617",2020-12-12,"56","10  day ahead inc hosp",2020-12-22,"quantile",0.35,21.5332696591165
"43618",2020-12-12,"56","10  day ahead inc hosp",2020-12-22,"quantile",0.4,22.6163227864566
"43619",2020-12-12,"56","10  day ahead inc hosp",2020-12-22,"quantile",0.45,23.6641892212299
"43620",2020-12-12,"56","10  day ahead inc hosp",2020-12-22,"quantile",0.5,24.6954421295679
"43621",2020-12-12,"56","10  day ahead inc hosp",2020-12-22,"quantile",0.55,25.7266950379059
"43622",2020-12-12,"56","10  day ahead inc hosp",2020-12-22,"quantile",0.6,26.7745614726793
"43623",2020-12-12,"56","10  day ahead inc hosp",2020-12-22,"quantile",0.65,27.8576146000194
"43624",2020-12-12,"56","10  day ahead inc hosp",2020-12-22,"quantile",0.7,28.9989894605369
"43625",2020-12-12,"56","10  day ahead inc hosp",2020-12-22,"quantile",0.75,30.2307123931924
"43626",2020-12-12,"56","10  day ahead inc hosp",2020-12-22,"quantile",0.8,31.6022942886657
"43627",2020-12-12,"56","10  day ahead inc hosp",2020-12-22,"quantile",0.85,33.2010405014108
"43628",2020-12-12,"56","10  day ahead inc hosp",2020-12-22,"quantile",0.9,35.212628298814
"43629",2020-12-12,"56","10  day ahead inc hosp",2020-12-22,"quantile",0.95,38.1941044393103
"43630",2020-12-12,"56","10  day ahead inc hosp",2020-12-22,"quantile",0.975,40.7800903517917
"43631",2020-12-12,"56","10  day ahead inc hosp",2020-12-22,"quantile",0.99,43.7868578349673
"43632",2020-12-12,"56","11  day ahead inc hosp",2020-12-23,"quantile",0.01,5.14261514456494
"43633",2020-12-12,"56","11  day ahead inc hosp",2020-12-23,"quantile",0.025,8.22209822325537
"43634",2020-12-12,"56","11  day ahead inc hosp",2020-12-23,"quantile",0.05,10.8706235594439
"43635",2020-12-12,"56","11  day ahead inc hosp",2020-12-23,"quantile",0.1,13.9242036502066
"43636",2020-12-12,"56","11  day ahead inc hosp",2020-12-23,"quantile",0.15,15.9844396405402
"43637",2020-12-12,"56","11  day ahead inc hosp",2020-12-23,"quantile",0.2,17.6218498948474
"43638",2020-12-12,"56","11  day ahead inc hosp",2020-12-23,"quantile",0.25,19.0266020952694
"43639",2020-12-12,"56","11  day ahead inc hosp",2020-12-23,"quantile",0.3,20.2881129869402
"43640",2020-12-12,"56","11  day ahead inc hosp",2020-12-23,"quantile",0.35,21.4570908307787
"43641",2020-12-12,"56","11  day ahead inc hosp",2020-12-23,"quantile",0.4,22.5663364899889
"43642",2020-12-12,"56","11  day ahead inc hosp",2020-12-23,"quantile",0.45,23.6395445024701
"43643",2020-12-12,"56","11  day ahead inc hosp",2020-12-23,"quantile",0.5,24.6957372073756
"43644",2020-12-12,"56","11  day ahead inc hosp",2020-12-23,"quantile",0.55,25.7519299122812
"43645",2020-12-12,"56","11  day ahead inc hosp",2020-12-23,"quantile",0.6,26.8251379247624
"43646",2020-12-12,"56","11  day ahead inc hosp",2020-12-23,"quantile",0.65,27.9343835839726
"43647",2020-12-12,"56","11  day ahead inc hosp",2020-12-23,"quantile",0.7,29.103361427811
"43648",2020-12-12,"56","11  day ahead inc hosp",2020-12-23,"quantile",0.75,30.3648723194819
"43649",2020-12-12,"56","11  day ahead inc hosp",2020-12-23,"quantile",0.8,31.7696245199039
"43650",2020-12-12,"56","11  day ahead inc hosp",2020-12-23,"quantile",0.85,33.407034774211
"43651",2020-12-12,"56","11  day ahead inc hosp",2020-12-23,"quantile",0.9,35.4672707645447
"43652",2020-12-12,"56","11  day ahead inc hosp",2020-12-23,"quantile",0.95,38.5208508553074
"43653",2020-12-12,"56","11  day ahead inc hosp",2020-12-23,"quantile",0.975,41.1693761914959
"43654",2020-12-12,"56","11  day ahead inc hosp",2020-12-23,"quantile",0.99,44.2488592701863
"43655",2020-12-12,"56","12  day ahead inc hosp",2020-12-24,"quantile",0.01,4.69170968937346
"43656",2020-12-12,"56","12  day ahead inc hosp",2020-12-24,"quantile",0.025,7.84222069941543
"43657",2020-12-12,"56","12  day ahead inc hosp",2020-12-24,"quantile",0.05,10.5518339750258
"43658",2020-12-12,"56","12  day ahead inc hosp",2020-12-24,"quantile",0.1,13.6758445476327
"43659",2020-12-12,"56","12  day ahead inc hosp",2020-12-24,"quantile",0.15,15.7835996496971
"43660",2020-12-12,"56","12  day ahead inc hosp",2020-12-24,"quantile",0.2,17.4587765876214
"43661",2020-12-12,"56","12  day ahead inc hosp",2020-12-24,"quantile",0.25,18.8959292397776
"43662",2020-12-12,"56","12  day ahead inc hosp",2020-12-24,"quantile",0.3,20.1865367384838
"43663",2020-12-12,"56","12  day ahead inc hosp",2020-12-24,"quantile",0.35,21.3824769250019
"43664",2020-12-12,"56","12  day ahead inc hosp",2020-12-24,"quantile",0.4,22.5173072107617
"43665",2020-12-12,"56","12  day ahead inc hosp",2020-12-24,"quantile",0.45,23.6152686455183
"43666",2020-12-12,"56","12  day ahead inc hosp",2020-12-24,"quantile",0.5,24.6958223165409
"43667",2020-12-12,"56","12  day ahead inc hosp",2020-12-24,"quantile",0.55,25.7763759875635
"43668",2020-12-12,"56","12  day ahead inc hosp",2020-12-24,"quantile",0.6,26.87433742232
"43669",2020-12-12,"56","12  day ahead inc hosp",2020-12-24,"quantile",0.65,28.0091677080798
"43670",2020-12-12,"56","12  day ahead inc hosp",2020-12-24,"quantile",0.7,29.2051078945979
"43671",2020-12-12,"56","12  day ahead inc hosp",2020-12-24,"quantile",0.75,30.4957153933041
"43672",2020-12-12,"56","12  day ahead inc hosp",2020-12-24,"quantile",0.8,31.9328680454603
"43673",2020-12-12,"56","12  day ahead inc hosp",2020-12-24,"quantile",0.85,33.6080449833846
"43674",2020-12-12,"56","12  day ahead inc hosp",2020-12-24,"quantile",0.9,35.715800085449
"43675",2020-12-12,"56","12  day ahead inc hosp",2020-12-24,"quantile",0.95,38.8398106580559
"43676",2020-12-12,"56","12  day ahead inc hosp",2020-12-24,"quantile",0.975,41.5494239336663
"43677",2020-12-12,"56","12  day ahead inc hosp",2020-12-24,"quantile",0.99,44.6999349437082
"43678",2020-12-12,"56","13  day ahead inc hosp",2020-12-25,"quantile",0.01,4.25069872043608
"43679",2020-12-12,"56","13  day ahead inc hosp",2020-12-25,"quantile",0.025,7.47066248734012
"43680",2020-12-12,"56","13  day ahead inc hosp",2020-12-25,"quantile",0.05,10.2400089654123
"43681",2020-12-12,"56","13  day ahead inc hosp",2020-12-25,"quantile",0.1,13.4328880949112
"43682",2020-12-12,"56","13  day ahead inc hosp",2020-12-25,"quantile",0.15,15.5871084853564
"43683",2020-12-12,"56","13  day ahead inc hosp",2020-12-25,"quantile",0.2,17.2992145615061
"43684",2020-12-12,"56","13  day ahead inc hosp",2020-12-25,"quantile",0.25,18.7680491260269
"43685",2020-12-12,"56","13  day ahead inc hosp",2020-12-25,"quantile",0.3,20.0871079612073
"43686",2020-12-12,"56","13  day ahead inc hosp",2020-12-25,"quantile",0.35,21.3094125510653
"43687",2020-12-12,"56","13  day ahead inc hosp",2020-12-25,"quantile",0.4,22.4692600774142
"43688",2020-12-12,"56","13  day ahead inc hosp",2020-12-25,"quantile",0.45,23.5914259819627
"43689",2020-12-12,"56","13  day ahead inc hosp",2020-12-25,"quantile",0.5,24.6958003700534
"43690",2020-12-12,"56","13  day ahead inc hosp",2020-12-25,"quantile",0.55,25.800174758144
"43691",2020-12-12,"56","13  day ahead inc hosp",2020-12-25,"quantile",0.6,26.9223406626926
"43692",2020-12-12,"56","13  day ahead inc hosp",2020-12-25,"quantile",0.65,28.0821881890414
"43693",2020-12-12,"56","13  day ahead inc hosp",2020-12-25,"quantile",0.7,29.3044927788995
"43694",2020-12-12,"56","13  day ahead inc hosp",2020-12-25,"quantile",0.75,30.6235516140798
"43695",2020-12-12,"56","13  day ahead inc hosp",2020-12-25,"quantile",0.8,32.0923861786006
"43696",2020-12-12,"56","13  day ahead inc hosp",2020-12-25,"quantile",0.85,33.8044922547504
"43697",2020-12-12,"56","13  day ahead inc hosp",2020-12-25,"quantile",0.9,35.9587126451956
"43698",2020-12-12,"56","13  day ahead inc hosp",2020-12-25,"quantile",0.95,39.1515917746944
"43699",2020-12-12,"56","13  day ahead inc hosp",2020-12-25,"quantile",0.975,41.9209382527666
"43700",2020-12-12,"56","13  day ahead inc hosp",2020-12-25,"quantile",0.99,45.1409020196707
"43701",2020-12-12,"56","14  day ahead inc hosp",2020-12-26,"quantile",0.01,3.8190097299343
"43702",2020-12-12,"56","14  day ahead inc hosp",2020-12-26,"quantile",0.025,7.10695869008872
"43703",2020-12-12,"56","14  day ahead inc hosp",2020-12-26,"quantile",0.05,9.93477618495442
"43704",2020-12-12,"56","14  day ahead inc hosp",2020-12-26,"quantile",0.1,13.1950686521048
"43705",2020-12-12,"56","14  day ahead inc hosp",2020-12-26,"quantile",0.15,15.394772501418
"43706",2020-12-12,"56","14  day ahead inc hosp",2020-12-26,"quantile",0.2,17.143027388821
"43707",2020-12-12,"56","14  day ahead inc hosp",2020-12-26,"quantile",0.25,18.6428744146459
"43708",2020-12-12,"56","14  day ahead inc hosp",2020-12-26,"quantile",0.3,19.9897833985578
"43709",2020-12-12,"56","14  day ahead inc hosp",2020-12-26,"quantile",0.35,21.2378953017174
"43710",2020-12-12,"56","14  day ahead inc hosp",2020-12-26,"quantile",0.4,22.4222314446869
"43711",2020-12-12,"56","14  day ahead inc hosp",2020-12-26,"quantile",0.45,23.5680903692203
"43712",2020-12-12,"56","14  day ahead inc hosp",2020-12-26,"quantile",0.5,24.6957821334152
"43713",2020-12-12,"56","14  day ahead inc hosp",2020-12-26,"quantile",0.55,25.8234738976101
"43714",2020-12-12,"56","14  day ahead inc hosp",2020-12-26,"quantile",0.6,26.9693328221436
"43715",2020-12-12,"56","14  day ahead inc hosp",2020-12-26,"quantile",0.65,28.153668965113
"43716",2020-12-12,"56","14  day ahead inc hosp",2020-12-26,"quantile",0.7,29.4017808682726
"43717",2020-12-12,"56","14  day ahead inc hosp",2020-12-26,"quantile",0.75,30.7486898521845
"43718",2020-12-12,"56","14  day ahead inc hosp",2020-12-26,"quantile",0.8,32.2485368780094
"43719",2020-12-12,"56","14  day ahead inc hosp",2020-12-26,"quantile",0.85,33.9967917654124
"43720",2020-12-12,"56","14  day ahead inc hosp",2020-12-26,"quantile",0.9,36.1964956147256
"43721",2020-12-12,"56","14  day ahead inc hosp",2020-12-26,"quantile",0.95,39.456788081876
"43722",2020-12-12,"56","14  day ahead inc hosp",2020-12-26,"quantile",0.975,42.2846055767417
"43723",2020-12-12,"56","14  day ahead inc hosp",2020-12-26,"quantile",0.99,45.5725545368961
"43724",2020-12-12,"56","15  day ahead inc hosp",2020-12-27,"quantile",0.01,4.61376119511846
"43725",2020-12-12,"56","15  day ahead inc hosp",2020-12-27,"quantile",0.025,7.96831885407562
"43726",2020-12-12,"56","15  day ahead inc hosp",2020-12-27,"quantile",0.05,10.8534235045716
"43727",2020-12-12,"56","15  day ahead inc hosp",2020-12-27,"quantile",0.1,14.1797643932714
"43728",2020-12-12,"56","15  day ahead inc hosp",2020-12-27,"quantile",0.15,16.4240307990384
"43729",2020-12-12,"56","15  day ahead inc hosp",2020-12-27,"quantile",0.2,18.2077025936491
"43730",2020-12-12,"56","15  day ahead inc hosp",2020-12-27,"quantile",0.25,19.737934172277
"43731",2020-12-12,"56","15  day ahead inc hosp",2020-12-27,"quantile",0.3,21.11212942368
"43732",2020-12-12,"56","15  day ahead inc hosp",2020-12-27,"quantile",0.35,22.385526120137
"43733",2020-12-12,"56","15  day ahead inc hosp",2020-12-27,"quantile",0.4,23.5938550593403
"43734",2020-12-12,"56","15  day ahead inc hosp",2020-12-27,"quantile",0.45,24.7629272918963
"43735",2020-12-12,"56","15  day ahead inc hosp",2020-12-27,"quantile",0.5,25.9134643258852
"43736",2020-12-12,"56","15  day ahead inc hosp",2020-12-27,"quantile",0.55,27.0640013598741
"43737",2020-12-12,"56","15  day ahead inc hosp",2020-12-27,"quantile",0.6,28.2330735924302
"43738",2020-12-12,"56","15  day ahead inc hosp",2020-12-27,"quantile",0.65,29.4414025316334
"43739",2020-12-12,"56","15  day ahead inc hosp",2020-12-27,"quantile",0.7,30.7147992280904
"43740",2020-12-12,"56","15  day ahead inc hosp",2020-12-27,"quantile",0.75,32.0889944794934
"43741",2020-12-12,"56","15  day ahead inc hosp",2020-12-27,"quantile",0.8,33.6192260581213
"43742",2020-12-12,"56","15  day ahead inc hosp",2020-12-27,"quantile",0.85,35.4028978527321
"43743",2020-12-12,"56","15  day ahead inc hosp",2020-12-27,"quantile",0.9,37.6471642584991
"43744",2020-12-12,"56","15  day ahead inc hosp",2020-12-27,"quantile",0.95,40.9735051471989
"43745",2020-12-12,"56","15  day ahead inc hosp",2020-12-27,"quantile",0.975,43.8586097976948
"43746",2020-12-12,"56","15  day ahead inc hosp",2020-12-27,"quantile",0.99,47.213167456652
"43747",2020-12-12,"56","16  day ahead inc hosp",2020-12-28,"quantile",0.01,4.19906625440716
"43748",2020-12-12,"56","16  day ahead inc hosp",2020-12-28,"quantile",0.025,7.61893590069093
"43749",2020-12-12,"56","16  day ahead inc hosp",2020-12-28,"quantile",0.05,10.5602124634108
"43750",2020-12-12,"56","16  day ahead inc hosp",2020-12-28,"quantile",0.1,13.9513159694371
"43751",2020-12-12,"56","16  day ahead inc hosp",2020-12-28,"quantile",0.15,16.2392774056531
"43752",2020-12-12,"56","16  day ahead inc hosp",2020-12-28,"quantile",0.2,18.057676625304
"43753",2020-12-12,"56","16  day ahead inc hosp",2020-12-28,"quantile",0.25,19.6177012424279
"43754",2020-12-12,"56","16  day ahead inc hosp",2020-12-28,"quantile",0.3,21.0186515631928
"43755",2020-12-12,"56","16  day ahead inc hosp",2020-12-28,"quantile",0.35,22.316840818716
"43756",2020-12-12,"56","16  day ahead inc hosp",2020-12-28,"quantile",0.4,23.5486954720034
"43757",2020-12-12,"56","16  day ahead inc hosp",2020-12-28,"quantile",0.45,24.7405291051968
"43758",2020-12-12,"56","16  day ahead inc hosp",2020-12-28,"quantile",0.5,25.9134666664153
"43759",2020-12-12,"56","16  day ahead inc hosp",2020-12-28,"quantile",0.55,27.0864042276338
"43760",2020-12-12,"56","16  day ahead inc hosp",2020-12-28,"quantile",0.6,28.2782378608272
"43761",2020-12-12,"56","16  day ahead inc hosp",2020-12-28,"quantile",0.65,29.5100925141146
"43762",2020-12-12,"56","16  day ahead inc hosp",2020-12-28,"quantile",0.7,30.8082817696379
"43763",2020-12-12,"56","16  day ahead inc hosp",2020-12-28,"quantile",0.75,32.2092320904028
"43764",2020-12-12,"56","16  day ahead inc hosp",2020-12-28,"quantile",0.8,33.7692567075266
"43765",2020-12-12,"56","16  day ahead inc hosp",2020-12-28,"quantile",0.85,35.5876559271776
"43766",2020-12-12,"56","16  day ahead inc hosp",2020-12-28,"quantile",0.9,37.8756173633935
"43767",2020-12-12,"56","16  day ahead inc hosp",2020-12-28,"quantile",0.95,41.2667208694198
"43768",2020-12-12,"56","16  day ahead inc hosp",2020-12-28,"quantile",0.975,44.2079974321397
"43769",2020-12-12,"56","16  day ahead inc hosp",2020-12-28,"quantile",0.99,47.6278670784235
"43770",2020-12-12,"56","17  day ahead inc hosp",2020-12-29,"quantile",0.01,3.79214288124659
"43771",2020-12-12,"56","17  day ahead inc hosp",2020-12-29,"quantile",0.025,7.27610030494575
"43772",2020-12-12,"56","17  day ahead inc hosp",2020-12-29,"quantile",0.05,10.2724958918289
"43773",2020-12-12,"56","17  day ahead inc hosp",2020-12-29,"quantile",0.1,13.7271481026788
"43774",2020-12-12,"56","17  day ahead inc hosp",2020-12-29,"quantile",0.15,16.0579855483411
"43775",2020-12-12,"56","17  day ahead inc hosp",2020-12-29,"quantile",0.2,17.9104612611028
"43776",2020-12-12,"56","17  day ahead inc hosp",2020-12-29,"quantile",0.25,19.4997204750872
"43777",2020-12-12,"56","17  day ahead inc hosp",2020-12-29,"quantile",0.3,20.9269243673661
"43778",2020-12-12,"56","17  day ahead inc hosp",2020-12-29,"quantile",0.35,22.2494414694613
"43779",2020-12-12,"56","17  day ahead inc hosp",2020-12-29,"quantile",0.4,23.5043808701203
"43780",2020-12-12,"56","17  day ahead inc hosp",2020-12-29,"quantile",0.45,24.7185492635532
"43781",2020-12-12,"56","17  day ahead inc hosp",2020-12-29,"quantile",0.5,25.9134674758258
"43782",2020-12-12,"56","17  day ahead inc hosp",2020-12-29,"quantile",0.55,27.1083856880984
"43783",2020-12-12,"56","17  day ahead inc hosp",2020-12-29,"quantile",0.6,28.3225540815314
"43784",2020-12-12,"56","17  day ahead inc hosp",2020-12-29,"quantile",0.65,29.5774934821903
"43785",2020-12-12,"56","17  day ahead inc hosp",2020-12-29,"quantile",0.7,30.9000105842856
"43786",2020-12-12,"56","17  day ahead inc hosp",2020-12-29,"quantile",0.75,32.3272144765645
"43787",2020-12-12,"56","17  day ahead inc hosp",2020-12-29,"quantile",0.8,33.9164736905489
"43788",2020-12-12,"56","17  day ahead inc hosp",2020-12-29,"quantile",0.85,35.7689494033106
"43789",2020-12-12,"56","17  day ahead inc hosp",2020-12-29,"quantile",0.9,38.0997868489728
"43790",2020-12-12,"56","17  day ahead inc hosp",2020-12-29,"quantile",0.95,41.5544390598227
"43791",2020-12-12,"56","17  day ahead inc hosp",2020-12-29,"quantile",0.975,44.5508346467059
"43792",2020-12-12,"56","17  day ahead inc hosp",2020-12-29,"quantile",0.99,48.034792070405
"43793",2020-12-12,"56","18  day ahead inc hosp",2020-12-30,"quantile",0.01,3.39257039530572
"43794",2020-12-12,"56","18  day ahead inc hosp",2020-12-30,"quantile",0.025,6.93945773245197
"43795",2020-12-12,"56","18  day ahead inc hosp",2020-12-30,"quantile",0.05,9.98997651660873
"43796",2020-12-12,"56","18  day ahead inc hosp",2020-12-30,"quantile",0.1,13.5070293076551
"43797",2020-12-12,"56","18  day ahead inc hosp",2020-12-30,"quantile",0.15,15.8799681285285
"43798",2020-12-12,"56","18  day ahead inc hosp",2020-12-30,"quantile",0.2,17.7659046796672
"43799",2020-12-12,"56","18  day ahead inc hosp",2020-12-30,"quantile",0.25,19.3838703135696
"43800",2020-12-12,"56","18  day ahead inc hosp",2020-12-30,"quantile",0.3,20.836853458144
"43801",2020-12-12,"56","18  day ahead inc hosp",2020-12-30,"quantile",0.35,22.1832588793677
"43802",2020-12-12,"56","18  day ahead inc hosp",2020-12-30,"quantile",0.4,23.4608659588357
"43803",2020-12-12,"56","18  day ahead inc hosp",2020-12-30,"quantile",0.45,24.6969655938473
"43804",2020-12-12,"56","18  day ahead inc hosp",2020-12-30,"quantile",0.5,25.913467336149
"43805",2020-12-12,"56","18  day ahead inc hosp",2020-12-30,"quantile",0.55,27.1299690784508
"43806",2020-12-12,"56","18  day ahead inc hosp",2020-12-30,"quantile",0.6,28.3660687134624
"43807",2020-12-12,"56","18  day ahead inc hosp",2020-12-30,"quantile",0.65,29.6436757929304
"43808",2020-12-12,"56","18  day ahead inc hosp",2020-12-30,"quantile",0.7,30.990081214154
"43809",2020-12-12,"56","18  day ahead inc hosp",2020-12-30,"quantile",0.75,32.4430643587285
"43810",2020-12-12,"56","18  day ahead inc hosp",2020-12-30,"quantile",0.8,34.0610299926309
"43811",2020-12-12,"56","18  day ahead inc hosp",2020-12-30,"quantile",0.85,35.9469665437696
"43812",2020-12-12,"56","18  day ahead inc hosp",2020-12-30,"quantile",0.9,38.319905364643
"43813",2020-12-12,"56","18  day ahead inc hosp",2020-12-30,"quantile",0.95,41.8369581556893
"43814",2020-12-12,"56","18  day ahead inc hosp",2020-12-30,"quantile",0.975,44.8874769398461
"43815",2020-12-12,"56","18  day ahead inc hosp",2020-12-30,"quantile",0.99,48.4343642769924
"43816",2020-12-12,"56","19  day ahead inc hosp",2020-12-31,"quantile",0.01,2.99996475235122
"43817",2020-12-12,"56","19  day ahead inc hosp",2020-12-31,"quantile",0.025,6.60868477026058
"43818",2020-12-12,"56","19  day ahead inc hosp",2020-12-31,"quantile",0.05,9.71238307105077
"43819",2020-12-12,"56","19  day ahead inc hosp",2020-12-31,"quantile",0.1,13.2907484389524
"43820",2020-12-12,"56","19  day ahead inc hosp",2020-12-31,"quantile",0.15,15.7050545643479
"43821",2020-12-12,"56","19  day ahead inc hosp",2020-12-31,"quantile",0.2,17.6238685377506
"43822",2020-12-12,"56","19  day ahead inc hosp",2020-12-31,"quantile",0.25,19.2700400724943
"43823",2020-12-12,"56","19  day ahead inc hosp",2020-12-31,"quantile",0.3,20.7483529877642
"43824",2020-12-12,"56","19  day ahead inc hosp",2020-12-31,"quantile",0.35,22.1182302164277
"43825",2020-12-12,"56","19  day ahead inc hosp",2020-12-31,"quantile",0.4,23.4181097458431
"43826",2020-12-12,"56","19  day ahead inc hosp",2020-12-31,"quantile",0.45,24.6757582339357
"43827",2020-12-12,"56","19  day ahead inc hosp",2020-12-31,"quantile",0.5,25.9134671803941
"43828",2020-12-12,"56","19  day ahead inc hosp",2020-12-31,"quantile",0.55,27.1511761268525
"43829",2020-12-12,"56","19  day ahead inc hosp",2020-12-31,"quantile",0.6,28.4088246149451
"43830",2020-12-12,"56","19  day ahead inc hosp",2020-12-31,"quantile",0.65,29.7087041443605
"43831",2020-12-12,"56","19  day ahead inc hosp",2020-12-31,"quantile",0.7,31.0785813730239
"43832",2020-12-12,"56","19  day ahead inc hosp",2020-12-31,"quantile",0.75,32.5568942882939
"43833",2020-12-12,"56","19  day ahead inc hosp",2020-12-31,"quantile",0.8,34.2030658230375
"43834",2020-12-12,"56","19  day ahead inc hosp",2020-12-31,"quantile",0.85,36.1218797964402
"43835",2020-12-12,"56","19  day ahead inc hosp",2020-12-31,"quantile",0.9,38.5361859218358
"43836",2020-12-12,"56","19  day ahead inc hosp",2020-12-31,"quantile",0.95,42.1145512897374
"43837",2020-12-12,"56","19  day ahead inc hosp",2020-12-31,"quantile",0.975,45.2182495905276
"43838",2020-12-12,"56","19  day ahead inc hosp",2020-12-31,"quantile",0.99,48.8269696084369
"43839",2020-12-12,"56","20  day ahead inc hosp",2021-01-01,"quantile",0.01,2.61397381482248
"43840",2020-12-12,"56","20  day ahead inc hosp",2021-01-01,"quantile",0.025,6.28348476411153
"43841",2020-12-12,"56","20  day ahead inc hosp",2021-01-01,"quantile",0.05,9.43946661959431
"43842",2020-12-12,"56","20  day ahead inc hosp",2021-01-01,"quantile",0.1,13.0781115776143
"43843",2020-12-12,"56","20  day ahead inc hosp",2021-01-01,"quantile",0.15,15.5330880562847
"43844",2020-12-12,"56","20  day ahead inc hosp",2021-01-01,"quantile",0.2,17.4842255371939
"43845",2020-12-12,"56","20  day ahead inc hosp",2021-01-01,"quantile",0.25,19.1581277632384
"43846",2020-12-12,"56","20  day ahead inc hosp",2021-01-01,"quantile",0.3,20.6613436963495
"43847",2020-12-12,"56","20  day ahead inc hosp",2021-01-01,"quantile",0.35,22.0542972823344
"43848",2020-12-12,"56","20  day ahead inc hosp",2021-01-01,"quantile",0.4,23.3760740182059
"43849",2020-12-12,"56","20  day ahead inc hosp",2021-01-01,"quantile",0.45,24.6549083069591
"43850",2020-12-12,"56","20  day ahead inc hosp",2021-01-01,"quantile",0.5,25.9134671612127
"43851",2020-12-12,"56","20  day ahead inc hosp",2021-01-01,"quantile",0.55,27.1720260154664
"43852",2020-12-12,"56","20  day ahead inc hosp",2021-01-01,"quantile",0.6,28.4508603042196
"43853",2020-12-12,"56","20  day ahead inc hosp",2021-01-01,"quantile",0.65,29.7726370400911
"43854",2020-12-12,"56","20  day ahead inc hosp",2021-01-01,"quantile",0.7,31.165590626076
"43855",2020-12-12,"56","20  day ahead inc hosp",2021-01-01,"quantile",0.75,32.6688065591871
"43856",2020-12-12,"56","20  day ahead inc hosp",2021-01-01,"quantile",0.8,34.3427087852316
"43857",2020-12-12,"56","20  day ahead inc hosp",2021-01-01,"quantile",0.85,36.2938462661407
"43858",2020-12-12,"56","20  day ahead inc hosp",2021-01-01,"quantile",0.9,38.7488227448112
"43859",2020-12-12,"56","20  day ahead inc hosp",2021-01-01,"quantile",0.95,42.3874677028312
"43860",2020-12-12,"56","20  day ahead inc hosp",2021-01-01,"quantile",0.975,45.5434495583139
"43861",2020-12-12,"56","20  day ahead inc hosp",2021-01-01,"quantile",0.99,49.212960507603
"43862",2020-12-12,"56","21  day ahead inc hosp",2021-01-02,"quantile",0.01,2.23427403782638
"43863",2020-12-12,"56","21  day ahead inc hosp",2021-01-02,"quantile",0.025,5.96358510959515
"43864",2020-12-12,"56","21  day ahead inc hosp",2021-01-02,"quantile",0.05,9.17099836945573
"43865",2020-12-12,"56","21  day ahead inc hosp",2021-01-02,"quantile",0.1,12.8689404428562
"43866",2020-12-12,"56","21  day ahead inc hosp",2021-01-02,"quantile",0.15,15.3639244037601
"43867",2020-12-12,"56","21  day ahead inc hosp",2021-01-02,"quantile",0.2,17.3468585632854
"43868",2020-12-12,"56","21  day ahead inc hosp",2021-01-02,"quantile",0.25,19.0480395083527
"43869",2020-12-12,"56","21  day ahead inc hosp",2021-01-02,"quantile",0.3,20.5757525742305
"43870",2020-12-12,"56","21  day ahead inc hosp",2021-01-02,"quantile",0.35,21.9914064045263
"43871",2020-12-12,"56","21  day ahead inc hosp",2021-01-02,"quantile",0.4,23.3347234523871
"43872",2020-12-12,"56","21  day ahead inc hosp",2021-01-02,"quantile",0.45,24.634398242274
"43873",2020-12-12,"56","21  day ahead inc hosp",2021-01-02,"quantile",0.5,25.9134671793895
"43874",2020-12-12,"56","21  day ahead inc hosp",2021-01-02,"quantile",0.55,27.192536116505
"43875",2020-12-12,"56","21  day ahead inc hosp",2021-01-02,"quantile",0.6,28.4922109063919
"43876",2020-12-12,"56","21  day ahead inc hosp",2021-01-02,"quantile",0.65,29.8355279542527
"43877",2020-12-12,"56","21  day ahead inc hosp",2021-01-02,"quantile",0.7,31.2511817845485
"43878",2020-12-12,"56","21  day ahead inc hosp",2021-01-02,"quantile",0.75,32.7788948504263
"43879",2020-12-12,"56","21  day ahead inc hosp",2021-01-02,"quantile",0.8,34.4800757954936
"43880",2020-12-12,"56","21  day ahead inc hosp",2021-01-02,"quantile",0.85,36.4630099550189
"43881",2020-12-12,"56","21  day ahead inc hosp",2021-01-02,"quantile",0.9,38.9579939159228
"43882",2020-12-12,"56","21  day ahead inc hosp",2021-01-02,"quantile",0.95,42.6559359893233
"43883",2020-12-12,"56","21  day ahead inc hosp",2021-01-02,"quantile",0.975,45.8633492491838
"43884",2020-12-12,"56","21  day ahead inc hosp",2021-01-02,"quantile",0.99,49.5926603209526
"43885",2020-12-12,"56","22  day ahead inc hosp",2021-01-03,"quantile",0.01,1.41518474424496
"43886",2020-12-12,"56","22  day ahead inc hosp",2021-01-03,"quantile",0.025,5.20335204930937
"43887",2020-12-12,"56","22  day ahead inc hosp",2021-01-03,"quantile",0.05,8.46138491677707
"43888",2020-12-12,"56","22  day ahead inc hosp",2021-01-03,"quantile",0.1,12.217688155872
"43889",2020-12-12,"56","22  day ahead inc hosp",2021-01-03,"quantile",0.15,14.7520481181997
"43890",2020-12-12,"56","22  day ahead inc hosp",2021-01-03,"quantile",0.2,16.7662770754121
"43891",2020-12-12,"56","22  day ahead inc hosp",2021-01-03,"quantile",0.25,18.4943061703531
"43892",2020-12-12,"56","22  day ahead inc hosp",2021-01-03,"quantile",0.3,20.0461297045946
"43893",2020-12-12,"56","22  day ahead inc hosp",2021-01-03,"quantile",0.35,21.4841254770074
"43894",2020-12-12,"56","22  day ahead inc hosp",2021-01-03,"quantile",0.4,22.848642843114
"43895",2020-12-12,"56","22  day ahead inc hosp",2021-01-03,"quantile",0.45,24.1688291862529
"43896",2020-12-12,"56","22  day ahead inc hosp",2021-01-03,"quantile",0.5,25.468084473693
"43897",2020-12-12,"56","22  day ahead inc hosp",2021-01-03,"quantile",0.55,26.767339761133
"43898",2020-12-12,"56","22  day ahead inc hosp",2021-01-03,"quantile",0.6,28.087526104272
"43899",2020-12-12,"56","22  day ahead inc hosp",2021-01-03,"quantile",0.65,29.4520434703786
"43900",2020-12-12,"56","22  day ahead inc hosp",2021-01-03,"quantile",0.7,30.8900392427914
"43901",2020-12-12,"56","22  day ahead inc hosp",2021-01-03,"quantile",0.75,32.4418627770329
"43902",2020-12-12,"56","22  day ahead inc hosp",2021-01-03,"quantile",0.8,34.1698918719739
"43903",2020-12-12,"56","22  day ahead inc hosp",2021-01-03,"quantile",0.85,36.1841208291862
"43904",2020-12-12,"56","22  day ahead inc hosp",2021-01-03,"quantile",0.9,38.718480791514
"43905",2020-12-12,"56","22  day ahead inc hosp",2021-01-03,"quantile",0.95,42.4747840306089
"43906",2020-12-12,"56","22  day ahead inc hosp",2021-01-03,"quantile",0.975,45.7328168980766
"43907",2020-12-12,"56","22  day ahead inc hosp",2021-01-03,"quantile",0.99,49.520984203141
"43908",2020-12-12,"56","23  day ahead inc hosp",2021-01-04,"quantile",0.01,1.04719622551081
"43909",2020-12-12,"56","23  day ahead inc hosp",2021-01-04,"quantile",0.025,4.89331920694084
"43910",2020-12-12,"56","23  day ahead inc hosp",2021-01-04,"quantile",0.05,8.20119715337406
"43911",2020-12-12,"56","23  day ahead inc hosp",2021-01-04,"quantile",0.1,12.0149685762435
"43912",2020-12-12,"56","23  day ahead inc hosp",2021-01-04,"quantile",0.15,14.5881020493331
"43913",2020-12-12,"56","23  day ahead inc hosp",2021-01-04,"quantile",0.2,16.6331469637537
"43914",2020-12-12,"56","23  day ahead inc hosp",2021-01-04,"quantile",0.25,18.3876134060745
"43915",2020-12-12,"56","23  day ahead inc hosp",2021-01-04,"quantile",0.3,19.9631784953436
"43916",2020-12-12,"56","23  day ahead inc hosp",2021-01-04,"quantile",0.35,21.4231743566886
"43917",2020-12-12,"56","23  day ahead inc hosp",2021-01-04,"quantile",0.4,22.8085676557983
"43918",2020-12-12,"56","23  day ahead inc hosp",2021-01-04,"quantile",0.45,24.148951705713
"43919",2020-12-12,"56","23  day ahead inc hosp",2021-01-04,"quantile",0.5,25.4680844729187
"43920",2020-12-12,"56","23  day ahead inc hosp",2021-01-04,"quantile",0.55,26.7872172401244
"43921",2020-12-12,"56","23  day ahead inc hosp",2021-01-04,"quantile",0.6,28.1276012900391
"43922",2020-12-12,"56","23  day ahead inc hosp",2021-01-04,"quantile",0.65,29.5129945891489
"43923",2020-12-12,"56","23  day ahead inc hosp",2021-01-04,"quantile",0.7,30.9729904504938
"43924",2020-12-12,"56","23  day ahead inc hosp",2021-01-04,"quantile",0.75,32.5485555397629
"43925",2020-12-12,"56","23  day ahead inc hosp",2021-01-04,"quantile",0.8,34.3030219820837
"43926",2020-12-12,"56","23  day ahead inc hosp",2021-01-04,"quantile",0.85,36.3480668965043
"43927",2020-12-12,"56","23  day ahead inc hosp",2021-01-04,"quantile",0.9,38.9212003695939
"43928",2020-12-12,"56","23  day ahead inc hosp",2021-01-04,"quantile",0.95,42.7349717924634
"43929",2020-12-12,"56","23  day ahead inc hosp",2021-01-04,"quantile",0.975,46.0428497388966
"43930",2020-12-12,"56","23  day ahead inc hosp",2021-01-04,"quantile",0.99,49.8889727203266
"43931",2020-12-12,"56","24  day ahead inc hosp",2021-01-05,"quantile",0.01,0.684671063445865
"43932",2020-12-12,"56","24  day ahead inc hosp",2021-01-05,"quantile",0.025,4.58788927982399
"43933",2020-12-12,"56","24  day ahead inc hosp",2021-01-05,"quantile",0.05,7.94487227813493
"43934",2020-12-12,"56","24  day ahead inc hosp",2021-01-05,"quantile",0.1,11.8152586809409
"43935",2020-12-12,"56","24  day ahead inc hosp",2021-01-05,"quantile",0.15,14.4265900122135
"43936",2020-12-12,"56","24  day ahead inc hosp",2021-01-05,"quantile",0.2,16.5019933734211
"43937",2020-12-12,"56","24  day ahead inc hosp",2021-01-05,"quantile",0.25,18.2825046599179
"43938",2020-12-12,"56","24  day ahead inc hosp",2021-01-05,"quantile",0.3,19.8814588242067
"43939",2020-12-12,"56","24  day ahead inc hosp",2021-01-05,"quantile",0.35,21.3631281492264
"43940",2020-12-12,"56","24  day ahead inc hosp",2021-01-05,"quantile",0.4,22.7690874459109
"43941",2020-12-12,"56","24  day ahead inc hosp",2021-01-05,"quantile",0.45,24.1293693364875
"43942",2020-12-12,"56","24  day ahead inc hosp",2021-01-05,"quantile",0.5,25.4680844716089
"43943",2020-12-12,"56","24  day ahead inc hosp",2021-01-05,"quantile",0.55,26.8067996067302
"43944",2020-12-12,"56","24  day ahead inc hosp",2021-01-05,"quantile",0.6,28.1670814973069
"43945",2020-12-12,"56","24  day ahead inc hosp",2021-01-05,"quantile",0.65,29.5730407939913
"43946",2020-12-12,"56","24  day ahead inc hosp",2021-01-05,"quantile",0.7,31.054710119011
"43947",2020-12-12,"56","24  day ahead inc hosp",2021-01-05,"quantile",0.75,32.6536642832999
"43948",2020-12-12,"56","24  day ahead inc hosp",2021-01-05,"quantile",0.8,34.4341755697967
"43949",2020-12-12,"56","24  day ahead inc hosp",2021-01-05,"quantile",0.85,36.5095789310043
"43950",2020-12-12,"56","24  day ahead inc hosp",2021-01-05,"quantile",0.9,39.1209102622769
"43951",2020-12-12,"56","24  day ahead inc hosp",2021-01-05,"quantile",0.95,42.9912966650828
"43952",2020-12-12,"56","24  day ahead inc hosp",2021-01-05,"quantile",0.975,46.3482796633938
"43953",2020-12-12,"56","24  day ahead inc hosp",2021-01-05,"quantile",0.99,50.2514978797719
"43954",2020-12-12,"56","25  day ahead inc hosp",2021-01-06,"quantile",0.01,0.327372915352836
"43955",2020-12-12,"56","25  day ahead inc hosp",2021-01-06,"quantile",0.025,4.28686314787682
"43956",2020-12-12,"56","25  day ahead inc hosp",2021-01-06,"quantile",0.05,7.69224318448034
"43957",2020-12-12,"56","25  day ahead inc hosp",2021-01-06,"quantile",0.1,11.6184282729031
"43958",2020-12-12,"56","25  day ahead inc hosp",2021-01-06,"quantile",0.15,14.2674067124565
"43959",2020-12-12,"56","25  day ahead inc hosp",2021-01-06,"quantile",0.2,16.372730801888
"43960",2020-12-12,"56","25  day ahead inc hosp",2021-01-06,"quantile",0.25,18.1789114090089
"43961",2020-12-12,"56","25  day ahead inc hosp",2021-01-06,"quantile",0.3,19.8009174165617
"43962",2020-12-12,"56","25  day ahead inc hosp",2021-01-06,"quantile",0.35,21.303947709777
"43963",2020-12-12,"56","25  day ahead inc hosp",2021-01-06,"quantile",0.4,22.7301764763854
"43964",2020-12-12,"56","25  day ahead inc hosp",2021-01-06,"quantile",0.45,24.1100693136901
"43965",2020-12-12,"56","25  day ahead inc hosp",2021-01-06,"quantile",0.5,25.4680844713882
"43966",2020-12-12,"56","25  day ahead inc hosp",2021-01-06,"quantile",0.55,26.8260996290864
"43967",2020-12-12,"56","25  day ahead inc hosp",2021-01-06,"quantile",0.6,28.2059924663911
"43968",2020-12-12,"56","25  day ahead inc hosp",2021-01-06,"quantile",0.65,29.6322212329995
"43969",2020-12-12,"56","25  day ahead inc hosp",2021-01-06,"quantile",0.7,31.1352515262148
"43970",2020-12-12,"56","25  day ahead inc hosp",2021-01-06,"quantile",0.75,32.7572575337676
"43971",2020-12-12,"56","25  day ahead inc hosp",2021-01-06,"quantile",0.8,34.5634381408884
"43972",2020-12-12,"56","25  day ahead inc hosp",2021-01-06,"quantile",0.85,36.66876223032
"43973",2020-12-12,"56","25  day ahead inc hosp",2021-01-06,"quantile",0.9,39.3177406698734
"43974",2020-12-12,"56","25  day ahead inc hosp",2021-01-06,"quantile",0.95,43.2439257582962
"43975",2020-12-12,"56","25  day ahead inc hosp",2021-01-06,"quantile",0.975,46.6493057948997
"43976",2020-12-12,"56","25  day ahead inc hosp",2021-01-06,"quantile",0.99,50.6087960274237
"43977",2020-12-12,"56","26  day ahead inc hosp",2021-01-07,"quantile",0.01,0
"43978",2020-12-12,"56","26  day ahead inc hosp",2021-01-07,"quantile",0.025,3.99005564506618
"43979",2020-12-12,"56","26  day ahead inc hosp",2021-01-07,"quantile",0.05,7.44315447605916
"43980",2020-12-12,"56","26  day ahead inc hosp",2021-01-07,"quantile",0.1,11.4243562783158
"43981",2020-12-12,"56","26  day ahead inc hosp",2021-01-07,"quantile",0.15,14.1104542335004
"43982",2020-12-12,"56","26  day ahead inc hosp",2021-01-07,"quantile",0.2,16.2452797372432
"43983",2020-12-12,"56","26  day ahead inc hosp",2021-01-07,"quantile",0.25,18.0767699309872
"43984",2020-12-12,"56","26  day ahead inc hosp",2021-01-07,"quantile",0.3,19.7215047295534
"43985",2020-12-12,"56","26  day ahead inc hosp",2021-01-07,"quantile",0.35,21.2455966349095
"43986",2020-12-12,"56","26  day ahead inc hosp",2021-01-07,"quantile",0.4,22.69181081182
"43987",2020-12-12,"56","26  day ahead inc hosp",2021-01-07,"quantile",0.45,24.0910397648813
"43988",2020-12-12,"56","26  day ahead inc hosp",2021-01-07,"quantile",0.5,25.4680844715259
"43989",2020-12-12,"56","26  day ahead inc hosp",2021-01-07,"quantile",0.55,26.8451291781706
"43990",2020-12-12,"56","26  day ahead inc hosp",2021-01-07,"quantile",0.6,28.2443581312318
"43991",2020-12-12,"56","26  day ahead inc hosp",2021-01-07,"quantile",0.65,29.6905723081423
"43992",2020-12-12,"56","26  day ahead inc hosp",2021-01-07,"quantile",0.7,31.2146642134984
"43993",2020-12-12,"56","26  day ahead inc hosp",2021-01-07,"quantile",0.75,32.8593990120646
"43994",2020-12-12,"56","26  day ahead inc hosp",2021-01-07,"quantile",0.8,34.6908892058086
"43995",2020-12-12,"56","26  day ahead inc hosp",2021-01-07,"quantile",0.85,36.8257147095514
"43996",2020-12-12,"56","26  day ahead inc hosp",2021-01-07,"quantile",0.9,39.511812664736
"43997",2020-12-12,"56","26  day ahead inc hosp",2021-01-07,"quantile",0.95,43.4930144669927
"43998",2020-12-12,"56","26  day ahead inc hosp",2021-01-07,"quantile",0.975,46.9461132979856
"43999",2020-12-12,"56","26  day ahead inc hosp",2021-01-07,"quantile",0.99,50.9610869415422
"44000",2020-12-12,"56","27  day ahead inc hosp",2021-01-08,"quantile",0.01,0
"44001",2020-12-12,"56","27  day ahead inc hosp",2021-01-08,"quantile",0.025,3.69729422905227
"44002",2020-12-12,"56","27  day ahead inc hosp",2021-01-08,"quantile",0.05,7.19746135070639
"44003",2020-12-12,"56","27  day ahead inc hosp",2021-01-08,"quantile",0.1,11.232929877659
"44004",2020-12-12,"56","27  day ahead inc hosp",2021-01-08,"quantile",0.15,13.9556413343641
"44005",2020-12-12,"56","27  day ahead inc hosp",2021-01-08,"quantile",0.2,16.1195660884437
"44006",2020-12-12,"56","27  day ahead inc hosp",2021-01-08,"quantile",0.25,17.9760208479303
"44007",2020-12-12,"56","27  day ahead inc hosp",2021-01-08,"quantile",0.3,19.6431745980958
"44008",2020-12-12,"56","27  day ahead inc hosp",2021-01-08,"quantile",0.35,21.1880410032002
"44009",2020-12-12,"56","27  day ahead inc hosp",2021-01-08,"quantile",0.4,22.6539681488292
"44010",2020-12-12,"56","27  day ahead inc hosp",2021-01-08,"quantile",0.45,24.0722696272619
"44011",2020-12-12,"56","27  day ahead inc hosp",2021-01-08,"quantile",0.5,25.4680844715939
"44012",2020-12-12,"56","27  day ahead inc hosp",2021-01-08,"quantile",0.55,26.8638993159259
"44013",2020-12-12,"56","27  day ahead inc hosp",2021-01-08,"quantile",0.6,28.2822007943585
"44014",2020-12-12,"56","27  day ahead inc hosp",2021-01-08,"quantile",0.65,29.7481279399875
"44015",2020-12-12,"56","27  day ahead inc hosp",2021-01-08,"quantile",0.7,31.292994345092
"44016",2020-12-12,"56","27  day ahead inc hosp",2021-01-08,"quantile",0.75,32.9601480952574
"44017",2020-12-12,"56","27  day ahead inc hosp",2021-01-08,"quantile",0.8,34.8166028547441
"44018",2020-12-12,"56","27  day ahead inc hosp",2021-01-08,"quantile",0.85,36.9805276088237
"44019",2020-12-12,"56","27  day ahead inc hosp",2021-01-08,"quantile",0.9,39.7032390655288
"44020",2020-12-12,"56","27  day ahead inc hosp",2021-01-08,"quantile",0.95,43.7387075924813
"44021",2020-12-12,"56","27  day ahead inc hosp",2021-01-08,"quantile",0.975,47.2388747141355
"44022",2020-12-12,"56","27  day ahead inc hosp",2021-01-08,"quantile",0.99,51.3085754175594
"44023",2020-12-12,"56","28  day ahead inc hosp",2021-01-09,"quantile",0.01,0
"44024",2020-12-12,"56","28  day ahead inc hosp",2021-01-09,"quantile",0.025,3.4084178082365
"44025",2020-12-12,"56","28  day ahead inc hosp",2021-01-09,"quantile",0.05,6.95502861609059
"44026",2020-12-12,"56","28  day ahead inc hosp",2021-01-09,"quantile",0.1,11.0440437387974
"44027",2020-12-12,"56","28  day ahead inc hosp",2021-01-09,"quantile",0.15,13.8028828294449
"44028",2020-12-12,"56","28  day ahead inc hosp",2021-01-09,"quantile",0.2,15.9955206817126
"44029",2020-12-12,"56","28  day ahead inc hosp",2021-01-09,"quantile",0.25,17.8766087227819
"44030",2020-12-12,"56","28  day ahead inc hosp",2021-01-09,"quantile",0.3,19.5658839211322
"44031",2020-12-12,"56","28  day ahead inc hosp",2021-01-09,"quantile",0.35,21.1312491447346
"44032",2020-12-12,"56","28  day ahead inc hosp",2021-01-09,"quantile",0.4,22.6166276645344
"44033",2020-12-12,"56","28  day ahead inc hosp",2021-01-09,"quantile",0.45,24.0537485725863
"44034",2020-12-12,"56","28  day ahead inc hosp",2021-01-09,"quantile",0.5,25.4680844715909
"44035",2020-12-12,"56","28  day ahead inc hosp",2021-01-09,"quantile",0.55,26.8824203705955
"44036",2020-12-12,"56","28  day ahead inc hosp",2021-01-09,"quantile",0.6,28.3195412786473
"44037",2020-12-12,"56","28  day ahead inc hosp",2021-01-09,"quantile",0.65,29.8049197984471
"44038",2020-12-12,"56","28  day ahead inc hosp",2021-01-09,"quantile",0.7,31.3702850220496
"44039",2020-12-12,"56","28  day ahead inc hosp",2021-01-09,"quantile",0.75,33.0595602203998
"44040",2020-12-12,"56","28  day ahead inc hosp",2021-01-09,"quantile",0.8,34.9406482614691
"44041",2020-12-12,"56","28  day ahead inc hosp",2021-01-09,"quantile",0.85,37.1332861137368
"44042",2020-12-12,"56","28  day ahead inc hosp",2021-01-09,"quantile",0.9,39.8921252043843
"44043",2020-12-12,"56","28  day ahead inc hosp",2021-01-09,"quantile",0.95,43.9811403270911
"44044",2020-12-12,"56","28  day ahead inc hosp",2021-01-09,"quantile",0.975,47.5277511349452
"44045",2020-12-12,"56","28  day ahead inc hosp",2021-01-09,"quantile",0.99,51.6514526605665
"44046",2020-12-12,"56","29  day ahead inc hosp",2021-01-10,"quantile",0.01,0
"44047",2020-12-12,"56","29  day ahead inc hosp",2021-01-10,"quantile",0.025,3.92928458706952
"44048",2020-12-12,"56","29  day ahead inc hosp",2021-01-10,"quantile",0.05,7.52173870163532
"44049",2020-12-12,"56","29  day ahead inc hosp",2021-01-10,"quantile",0.1,11.6636082209971
"44050",2020-12-12,"56","29  day ahead inc hosp",2021-01-10,"quantile",0.15,14.4581079221409
"44051",2020-12-12,"56","29  day ahead inc hosp",2021-01-10,"quantile",0.2,16.6790876971667
"44052",2020-12-12,"56","29  day ahead inc hosp",2021-01-10,"quantile",0.25,18.5844905843498
"44053",2020-12-12,"56","29  day ahead inc hosp",2021-01-10,"quantile",0.3,20.2956012659921
"44054",2020-12-12,"56","29  day ahead inc hosp",2021-01-10,"quantile",0.35,21.8812003190022
"44055",2020-12-12,"56","29  day ahead inc hosp",2021-01-10,"quantile",0.4,23.3857787642394
"44056",2020-12-12,"56","29  day ahead inc hosp",2021-01-10,"quantile",0.45,24.8414758223508
"44057",2020-12-12,"56","29  day ahead inc hosp",2021-01-10,"quantile",0.5,26.2740933535739
"44058",2020-12-12,"56","29  day ahead inc hosp",2021-01-10,"quantile",0.55,27.706710884797
"44059",2020-12-12,"56","29  day ahead inc hosp",2021-01-10,"quantile",0.6,29.1624079429085
"44060",2020-12-12,"56","29  day ahead inc hosp",2021-01-10,"quantile",0.65,30.6669863881456
"44061",2020-12-12,"56","29  day ahead inc hosp",2021-01-10,"quantile",0.7,32.2525854411557
"44062",2020-12-12,"56","29  day ahead inc hosp",2021-01-10,"quantile",0.75,33.9636961227981
"44063",2020-12-12,"56","29  day ahead inc hosp",2021-01-10,"quantile",0.8,35.8690990099812
"44064",2020-12-12,"56","29  day ahead inc hosp",2021-01-10,"quantile",0.85,38.0900787850069
"44065",2020-12-12,"56","29  day ahead inc hosp",2021-01-10,"quantile",0.9,40.8845784861507
"44066",2020-12-12,"56","29  day ahead inc hosp",2021-01-10,"quantile",0.95,45.0264480055125
"44067",2020-12-12,"56","29  day ahead inc hosp",2021-01-10,"quantile",0.975,48.6189021200783
"44068",2020-12-12,"56","29  day ahead inc hosp",2021-01-10,"quantile",0.99,52.7959063969933
"44069",2020-12-12,"56","30  day ahead inc hosp",2021-01-11,"quantile",0.01,0
"44070",2020-12-12,"56","30  day ahead inc hosp",2021-01-11,"quantile",0.025,3.64773561917078
"44071",2020-12-12,"56","30  day ahead inc hosp",2021-01-11,"quantile",0.05,7.2854553593564
"44072",2020-12-12,"56","30  day ahead inc hosp",2021-01-11,"quantile",0.1,11.4795132460712
"44073",2020-12-12,"56","30  day ahead inc hosp",2021-01-11,"quantile",0.15,14.3092241909032
"44074",2020-12-12,"56","30  day ahead inc hosp",2021-01-11,"quantile",0.2,16.5581887461932
"44075",2020-12-12,"56","30  day ahead inc hosp",2021-01-11,"quantile",0.25,18.4876000830309
"44076",2020-12-12,"56","30  day ahead inc hosp",2021-01-11,"quantile",0.3,20.2202710944755
"44077",2020-12-12,"56","30  day ahead inc hosp",2021-01-11,"quantile",0.35,21.8258490061788
"44078",2020-12-12,"56","30  day ahead inc hosp",2021-01-11,"quantile",0.4,23.3493854345789
"44079",2020-12-12,"56","30  day ahead inc hosp",2021-01-11,"quantile",0.45,24.8234245607995
"44080",2020-12-12,"56","30  day ahead inc hosp",2021-01-11,"quantile",0.5,26.2740933535716
"44081",2020-12-12,"56","30  day ahead inc hosp",2021-01-11,"quantile",0.55,27.7247621463437
"44082",2020-12-12,"56","30  day ahead inc hosp",2021-01-11,"quantile",0.6,29.1988012725643
"44083",2020-12-12,"56","30  day ahead inc hosp",2021-01-11,"quantile",0.65,30.7223377009644
"44084",2020-12-12,"56","30  day ahead inc hosp",2021-01-11,"quantile",0.7,32.3279156126677
"44085",2020-12-12,"56","30  day ahead inc hosp",2021-01-11,"quantile",0.75,34.0605866241122
"44086",2020-12-12,"56","30  day ahead inc hosp",2021-01-11,"quantile",0.8,35.98999796095
"44087",2020-12-12,"56","30  day ahead inc hosp",2021-01-11,"quantile",0.85,38.23896251624
"44088",2020-12-12,"56","30  day ahead inc hosp",2021-01-11,"quantile",0.9,41.068673461072
"44089",2020-12-12,"56","30  day ahead inc hosp",2021-01-11,"quantile",0.95,45.2627313477868
"44090",2020-12-12,"56","30  day ahead inc hosp",2021-01-11,"quantile",0.975,48.9004510879724
"44091",2020-12-12,"56","30  day ahead inc hosp",2021-01-11,"quantile",0.99,53.1300864370686
"44092",2020-12-12,"56","31  day ahead inc hosp",2021-01-12,"quantile",0.01,0
"44093",2020-12-12,"56","31  day ahead inc hosp",2021-01-12,"quantile",0.025,3.36964728215317
"44094",2020-12-12,"56","31  day ahead inc hosp",2021-01-12,"quantile",0.05,7.05207627006495
"44095",2020-12-12,"56","31  day ahead inc hosp",2021-01-12,"quantile",0.1,11.2976810560539
"44096",2020-12-12,"56","31  day ahead inc hosp",2021-01-12,"quantile",0.15,14.1621704491067
"44097",2020-12-12,"56","31  day ahead inc hosp",2021-01-12,"quantile",0.2,16.4387758125434
"44098",2020-12-12,"56","31  day ahead inc hosp",2021-01-12,"quantile",0.25,18.3919005015867
"44099",2020-12-12,"56","31  day ahead inc hosp",2021-01-12,"quantile",0.3,20.1458668362039
"44100",2020-12-12,"56","31  day ahead inc hosp",2021-01-12,"quantile",0.35,21.7711780384642
"44101",2020-12-12,"56","31  day ahead inc hosp",2021-01-12,"quantile",0.4,23.3134394298802
"44102",2020-12-12,"56","31  day ahead inc hosp",2021-01-12,"quantile",0.45,24.8055951745209
"44103",2020-12-12,"56","31  day ahead inc hosp",2021-01-12,"quantile",0.5,26.2740933535726
"44104",2020-12-12,"56","31  day ahead inc hosp",2021-01-12,"quantile",0.55,27.7425915326243
"44105",2020-12-12,"56","31  day ahead inc hosp",2021-01-12,"quantile",0.6,29.234747277265
"44106",2020-12-12,"56","31  day ahead inc hosp",2021-01-12,"quantile",0.65,30.777008668681
"44107",2020-12-12,"56","31  day ahead inc hosp",2021-01-12,"quantile",0.7,32.4023198709413
"44108",2020-12-12,"56","31  day ahead inc hosp",2021-01-12,"quantile",0.75,34.1562862055584
"44109",2020-12-12,"56","31  day ahead inc hosp",2021-01-12,"quantile",0.8,36.1094108946018
"44110",2020-12-12,"56","31  day ahead inc hosp",2021-01-12,"quantile",0.85,38.3860162580385
"44111",2020-12-12,"56","31  day ahead inc hosp",2021-01-12,"quantile",0.9,41.2505056510913
"44112",2020-12-12,"56","31  day ahead inc hosp",2021-01-12,"quantile",0.95,45.4961104370802
"44113",2020-12-12,"56","31  day ahead inc hosp",2021-01-12,"quantile",0.975,49.178539424992
"44114",2020-12-12,"56","31  day ahead inc hosp",2021-01-12,"quantile",0.99,53.4601589367286
"44115",2020-12-12,"56","32  day ahead inc hosp",2021-01-13,"quantile",0.01,0
"44116",2020-12-12,"56","32  day ahead inc hosp",2021-01-13,"quantile",0.025,3.0948950207567
"44117",2020-12-12,"56","32  day ahead inc hosp",2021-01-13,"quantile",0.05,6.82149690369104
"44118",2020-12-12,"56","32  day ahead inc hosp",2021-01-13,"quantile",0.1,11.118030208637
"44119",2020-12-12,"56","32  day ahead inc hosp",2021-01-13,"quantile",0.15,14.0168808316464
"44120",2020-12-12,"56","32  day ahead inc hosp",2021-01-13,"quantile",0.2,16.3207954113795
"44121",2020-12-12,"56","32  day ahead inc hosp",2021-01-13,"quantile",0.25,18.2973489763464
"44122",2020-12-12,"56","32  day ahead inc hosp",2021-01-13,"quantile",0.3,20.0723551656428
"44123",2020-12-12,"56","32  day ahead inc hosp",2021-01-13,"quantile",0.35,21.7171629288285
"44124",2020-12-12,"56","32  day ahead inc hosp",2021-01-13,"quantile",0.4,23.27792464999
"44125",2020-12-12,"56","32  day ahead inc hosp",2021-01-13,"quantile",0.45,24.7879796777619
"44126",2020-12-12,"56","32  day ahead inc hosp",2021-01-13,"quantile",0.5,26.2740933535732
"44127",2020-12-12,"56","32  day ahead inc hosp",2021-01-13,"quantile",0.55,27.7602070293845
"44128",2020-12-12,"56","32  day ahead inc hosp",2021-01-13,"quantile",0.6,29.2702620571564
"44129",2020-12-12,"56","32  day ahead inc hosp",2021-01-13,"quantile",0.65,30.8310237783179
"44130",2020-12-12,"56","32  day ahead inc hosp",2021-01-13,"quantile",0.7,32.4758315415036
"44131",2020-12-12,"56","32  day ahead inc hosp",2021-01-13,"quantile",0.75,34.2508377308
"44132",2020-12-12,"56","32  day ahead inc hosp",2021-01-13,"quantile",0.8,36.2273912957669
"44133",2020-12-12,"56","32  day ahead inc hosp",2021-01-13,"quantile",0.85,38.5313058755
"44134",2020-12-12,"56","32  day ahead inc hosp",2021-01-13,"quantile",0.9,41.4301564985094
"44135",2020-12-12,"56","32  day ahead inc hosp",2021-01-13,"quantile",0.95,45.7266898034554
"44136",2020-12-12,"56","32  day ahead inc hosp",2021-01-13,"quantile",0.975,49.4532916863897
"44137",2020-12-12,"56","32  day ahead inc hosp",2021-01-13,"quantile",0.99,53.7862717348371
"44138",2020-12-12,"56","33  day ahead inc hosp",2021-01-14,"quantile",0.01,0
"44139",2020-12-12,"56","33  day ahead inc hosp",2021-01-14,"quantile",0.025,2.82336157681369
"44140",2020-12-12,"56","33  day ahead inc hosp",2021-01-14,"quantile",0.05,6.59361885407826
"44141",2020-12-12,"56","33  day ahead inc hosp",2021-01-14,"quantile",0.1,10.9404840328258
"44142",2020-12-12,"56","33  day ahead inc hosp",2021-01-14,"quantile",0.15,13.873293332138
"44143",2020-12-12,"56","33  day ahead inc hosp",2021-01-14,"quantile",0.2,16.2041971912845
"44144",2020-12-12,"56","33  day ahead inc hosp",2021-01-14,"quantile",0.25,18.2039051548172
"44145",2020-12-12,"56","33  day ahead inc hosp",2021-01-14,"quantile",0.3,19.9997047096424
"44146",2020-12-12,"56","33  day ahead inc hosp",2021-01-14,"quantile",0.35,21.6637806248216
"44147",2020-12-12,"56","33  day ahead inc hosp",2021-01-14,"quantile",0.4,23.2428259379881
"44148",2020-12-12,"56","33  day ahead inc hosp",2021-01-14,"quantile",0.45,24.7705705526192
"44149",2020-12-12,"56","33  day ahead inc hosp",2021-01-14,"quantile",0.5,26.2740933535732
"44150",2020-12-12,"56","33  day ahead inc hosp",2021-01-14,"quantile",0.55,27.7776161545272
"44151",2020-12-12,"56","33  day ahead inc hosp",2021-01-14,"quantile",0.6,29.3053607691583
"44152",2020-12-12,"56","33  day ahead inc hosp",2021-01-14,"quantile",0.65,30.8844060823248
"44153",2020-12-12,"56","33  day ahead inc hosp",2021-01-14,"quantile",0.7,32.548481997504
"44154",2020-12-12,"56","33  day ahead inc hosp",2021-01-14,"quantile",0.75,34.3442815523292
"44155",2020-12-12,"56","33  day ahead inc hosp",2021-01-14,"quantile",0.8,36.3439895158619
"44156",2020-12-12,"56","33  day ahead inc hosp",2021-01-14,"quantile",0.85,38.6748933750084
"44157",2020-12-12,"56","33  day ahead inc hosp",2021-01-14,"quantile",0.9,41.6077026743207
"44158",2020-12-12,"56","33  day ahead inc hosp",2021-01-14,"quantile",0.95,45.9545678530681
"44159",2020-12-12,"56","33  day ahead inc hosp",2021-01-14,"quantile",0.975,49.7248251303327
"44160",2020-12-12,"56","33  day ahead inc hosp",2021-01-14,"quantile",0.99,54.1085640090985
"44161",2020-12-12,"56","34  day ahead inc hosp",2021-01-15,"quantile",0.01,0
"44162",2020-12-12,"56","34  day ahead inc hosp",2021-01-15,"quantile",0.025,2.55493640441086
"44163",2020-12-12,"56","34  day ahead inc hosp",2021-01-15,"quantile",0.05,6.36834934817176
"44164",2020-12-12,"56","34  day ahead inc hosp",2021-01-15,"quantile",0.1,10.7649702465328
"44165",2020-12-12,"56","34  day ahead inc hosp",2021-01-15,"quantile",0.15,13.7313494936525
"44166",2020-12-12,"56","34  day ahead inc hosp",2021-01-15,"quantile",0.2,16.0889336831274
"44167",2020-12-12,"56","34  day ahead inc hosp",2021-01-15,"quantile",0.25,18.1115309944201
"44168",2020-12-12,"56","34  day ahead inc hosp",2021-01-15,"quantile",0.3,19.9278858909589
"44169",2020-12-12,"56","34  day ahead inc hosp",2021-01-15,"quantile",0.35,21.611009393594
"44170",2020-12-12,"56","34  day ahead inc hosp",2021-01-15,"quantile",0.4,23.2081290045885
"44171",2020-12-12,"56","34  day ahead inc hosp",2021-01-15,"quantile",0.45,24.7533607115404
"44172",2020-12-12,"56","34  day ahead inc hosp",2021-01-15,"quantile",0.5,26.2740933535731
"44173",2020-12-12,"56","34  day ahead inc hosp",2021-01-15,"quantile",0.55,27.7948259956059
"44174",2020-12-12,"56","34  day ahead inc hosp",2021-01-15,"quantile",0.6,29.3400577025577
"44175",2020-12-12,"56","34  day ahead inc hosp",2021-01-15,"quantile",0.65,30.9371773135522
"44176",2020-12-12,"56","34  day ahead inc hosp",2021-01-15,"quantile",0.7,32.6203008161873
"44177",2020-12-12,"56","34  day ahead inc hosp",2021-01-15,"quantile",0.75,34.4366557127261
"44178",2020-12-12,"56","34  day ahead inc hosp",2021-01-15,"quantile",0.8,36.4592530240189
"44179",2020-12-12,"56","34  day ahead inc hosp",2021-01-15,"quantile",0.85,38.8168372134938
"44180",2020-12-12,"56","34  day ahead inc hosp",2021-01-15,"quantile",0.9,41.7832164606134
"44181",2020-12-12,"56","34  day ahead inc hosp",2021-01-15,"quantile",0.95,46.1798373589745
"44182",2020-12-12,"56","34  day ahead inc hosp",2021-01-15,"quantile",0.975,49.9932503027354
"44183",2020-12-12,"56","34  day ahead inc hosp",2021-01-15,"quantile",0.99,54.4271669702159
"44184",2020-12-12,"56","35  day ahead inc hosp",2021-01-16,"quantile",0.01,0
"44185",2020-12-12,"56","35  day ahead inc hosp",2021-01-16,"quantile",0.025,2.28951514397212
"44186",2020-12-12,"56","35  day ahead inc hosp",2021-01-16,"quantile",0.05,6.14560080465444
"44187",2020-12-12,"56","35  day ahead inc hosp",2021-01-16,"quantile",0.1,10.5914206126991
"44188",2020-12-12,"56","35  day ahead inc hosp",2021-01-16,"quantile",0.15,13.59099413061
"44189",2020-12-12,"56","35  day ahead inc hosp",2021-01-16,"quantile",0.2,15.97496007423
"44190",2020-12-12,"56","35  day ahead inc hosp",2021-01-16,"quantile",0.25,18.0201905815033
"44191",2020-12-12,"56","35  day ahead inc hosp",2021-01-16,"quantile",0.3,19.8568707875409
"44192",2020-12-12,"56","35  day ahead inc hosp",2021-01-16,"quantile",0.35,21.5588287185033
"44193",2020-12-12,"56","35  day ahead inc hosp",2021-01-16,"quantile",0.4,23.1738203601577
"44194",2020-12-12,"56","35  day ahead inc hosp",2021-01-16,"quantile",0.45,24.7363434636043
"44195",2020-12-12,"56","35  day ahead inc hosp",2021-01-16,"quantile",0.5,26.2740933535731
"44196",2020-12-12,"56","35  day ahead inc hosp",2021-01-16,"quantile",0.55,27.8118432435419
"44197",2020-12-12,"56","35  day ahead inc hosp",2021-01-16,"quantile",0.6,29.3743663469885
"44198",2020-12-12,"56","35  day ahead inc hosp",2021-01-16,"quantile",0.65,30.9893579886429
"44199",2020-12-12,"56","35  day ahead inc hosp",2021-01-16,"quantile",0.7,32.6913159196053
"44200",2020-12-12,"56","35  day ahead inc hosp",2021-01-16,"quantile",0.75,34.5279961256429
"44201",2020-12-12,"56","35  day ahead inc hosp",2021-01-16,"quantile",0.8,36.5732266329162
"44202",2020-12-12,"56","35  day ahead inc hosp",2021-01-16,"quantile",0.85,38.9571925765362
"44203",2020-12-12,"56","35  day ahead inc hosp",2021-01-16,"quantile",0.9,41.9567660944471
"44204",2020-12-12,"56","35  day ahead inc hosp",2021-01-16,"quantile",0.95,46.4025859024917
"44205",2020-12-12,"56","35  day ahead inc hosp",2021-01-16,"quantile",0.975,50.2586715631741
"44206",2020-12-12,"56","35  day ahead inc hosp",2021-01-16,"quantile",0.99,54.7422044861178
"44207",2020-12-12,"56","36  day ahead inc hosp",2021-01-17,"quantile",0.01,0
"44208",2020-12-12,"56","36  day ahead inc hosp",2021-01-17,"quantile",0.025,2.02699914816483
"44209",2020-12-12,"56","36  day ahead inc hosp",2021-01-17,"quantile",0.05,5.92529043607501
"44210",2020-12-12,"56","36  day ahead inc hosp",2021-01-17,"quantile",0.1,10.4197706293009
"44211",2020-12-12,"56","36  day ahead inc hosp",2021-01-17,"quantile",0.15,13.4521750780779
"44212",2020-12-12,"56","36  day ahead inc hosp",2021-01-17,"quantile",0.2,15.8622340047885
"44213",2020-12-12,"56","36  day ahead inc hosp",2021-01-17,"quantile",0.25,17.9298499681903
"44214",2020-12-12,"56","36  day ahead inc hosp",2021-01-17,"quantile",0.3,19.786633005683
"44215",2020-12-12,"56","36  day ahead inc hosp",2021-01-17,"quantile",0.35,21.5072192059092
"44216",2020-12-12,"56","36  day ahead inc hosp",2021-01-17,"quantile",0.4,23.1398872534326
"44217",2020-12-12,"56","36  day ahead inc hosp",2021-01-17,"quantile",0.45,24.7195124841248
"44218",2020-12-12,"56","36  day ahead inc hosp",2021-01-17,"quantile",0.5,26.274093353573
"44219",2020-12-12,"56","36  day ahead inc hosp",2021-01-17,"quantile",0.55,27.8286742230212
"44220",2020-12-12,"56","36  day ahead inc hosp",2021-01-17,"quantile",0.6,29.4082994537135
"44221",2020-12-12,"56","36  day ahead inc hosp",2021-01-17,"quantile",0.65,31.0409675012368
"44222",2020-12-12,"56","36  day ahead inc hosp",2021-01-17,"quantile",0.7,32.7615537014631
"44223",2020-12-12,"56","36  day ahead inc hosp",2021-01-17,"quantile",0.75,34.6183367389557
"44224",2020-12-12,"56","36  day ahead inc hosp",2021-01-17,"quantile",0.8,36.6859527023575
"44225",2020-12-12,"56","36  day ahead inc hosp",2021-01-17,"quantile",0.85,39.0960116290682
"44226",2020-12-12,"56","36  day ahead inc hosp",2021-01-17,"quantile",0.9,42.1284160778451
"44227",2020-12-12,"56","36  day ahead inc hosp",2021-01-17,"quantile",0.95,46.622896271071
"44228",2020-12-12,"56","36  day ahead inc hosp",2021-01-17,"quantile",0.975,50.5211875589812
"44229",2020-12-12,"56","36  day ahead inc hosp",2021-01-17,"quantile",0.99,55.0537936446763
"44230",2020-12-12,"56","37  day ahead inc hosp",2021-01-18,"quantile",0.01,0
"44231",2020-12-12,"56","37  day ahead inc hosp",2021-01-18,"quantile",0.025,1.7672950535214
"44232",2020-12-12,"56","37  day ahead inc hosp",2021-01-18,"quantile",0.05,5.70733988934155
"44233",2020-12-12,"56","37  day ahead inc hosp",2021-01-18,"quantile",0.1,10.2499592492481
"44234",2020-12-12,"56","37  day ahead inc hosp",2021-01-18,"quantile",0.15,13.3148429652432
"44235",2020-12-12,"56","37  day ahead inc hosp",2021-01-18,"quantile",0.2,15.7507153839252
"44236",2020-12-12,"56","37  day ahead inc hosp",2021-01-18,"quantile",0.25,17.8404770249615
"44237",2020-12-12,"56","37  day ahead inc hosp",2021-01-18,"quantile",0.3,19.7171475654108
"44238",2020-12-12,"56","37  day ahead inc hosp",2021-01-18,"quantile",0.35,21.4561625009568
"44239",2020-12-12,"56","37  day ahead inc hosp",2021-01-18,"quantile",0.4,23.1063176161487
"44240",2020-12-12,"56","37  day ahead inc hosp",2021-01-18,"quantile",0.45,24.7028617871865
"44241",2020-12-12,"56","37  day ahead inc hosp",2021-01-18,"quantile",0.5,26.274093353573
"44242",2020-12-12,"56","37  day ahead inc hosp",2021-01-18,"quantile",0.55,27.8453249199596
"44243",2020-12-12,"56","37  day ahead inc hosp",2021-01-18,"quantile",0.6,29.4418690909973
"44244",2020-12-12,"56","37  day ahead inc hosp",2021-01-18,"quantile",0.65,31.0920242061892
"44245",2020-12-12,"56","37  day ahead inc hosp",2021-01-18,"quantile",0.7,32.8310391417353
"44246",2020-12-12,"56","37  day ahead inc hosp",2021-01-18,"quantile",0.75,34.7077096821846
"44247",2020-12-12,"56","37  day ahead inc hosp",2021-01-18,"quantile",0.8,36.7974713232209
"44248",2020-12-12,"56","37  day ahead inc hosp",2021-01-18,"quantile",0.85,39.2333437419029
"44249",2020-12-12,"56","37  day ahead inc hosp",2021-01-18,"quantile",0.9,42.298227457898
"44250",2020-12-12,"56","37  day ahead inc hosp",2021-01-18,"quantile",0.95,46.8408468178045
"44251",2020-12-12,"56","37  day ahead inc hosp",2021-01-18,"quantile",0.975,50.7808916536247
"44252",2020-12-12,"56","37  day ahead inc hosp",2021-01-18,"quantile",0.99,55.3620452621647
"44253",2020-12-12,"72","1  day ahead inc hosp",2020-12-13,"quantile",0.01,0
"44254",2020-12-12,"72","1  day ahead inc hosp",2020-12-13,"quantile",0.025,2.93522982853809
"44255",2020-12-12,"72","1  day ahead inc hosp",2020-12-13,"quantile",0.05,7.58624465341384
"44256",2020-12-12,"72","1  day ahead inc hosp",2020-12-13,"quantile",0.1,12.9485668774184
"44257",2020-12-12,"72","1  day ahead inc hosp",2020-12-13,"quantile",0.15,16.5665002242724
"44258",2020-12-12,"72","1  day ahead inc hosp",2020-12-13,"quantile",0.2,19.4419189575309
"44259",2020-12-12,"72","1  day ahead inc hosp",2020-12-13,"quantile",0.25,21.908772198528
"44260",2020-12-12,"72","1  day ahead inc hosp",2020-12-13,"quantile",0.3,24.1240826502478
"44261",2020-12-12,"72","1  day ahead inc hosp",2020-12-13,"quantile",0.35,26.1768979310215
"44262",2020-12-12,"72","1  day ahead inc hosp",2020-12-13,"quantile",0.4,28.1248188872318
"44263",2020-12-12,"72","1  day ahead inc hosp",2020-12-13,"quantile",0.45,30.0094549554708
"44264",2020-12-12,"72","1  day ahead inc hosp",2020-12-13,"quantile",0.5,31.8642108308707
"44265",2020-12-12,"72","1  day ahead inc hosp",2020-12-13,"quantile",0.55,33.7189667062707
"44266",2020-12-12,"72","1  day ahead inc hosp",2020-12-13,"quantile",0.6,35.6036027745097
"44267",2020-12-12,"72","1  day ahead inc hosp",2020-12-13,"quantile",0.65,37.5515237307199
"44268",2020-12-12,"72","1  day ahead inc hosp",2020-12-13,"quantile",0.7,39.6043390114936
"44269",2020-12-12,"72","1  day ahead inc hosp",2020-12-13,"quantile",0.75,41.8196494632135
"44270",2020-12-12,"72","1  day ahead inc hosp",2020-12-13,"quantile",0.8,44.2865027042105
"44271",2020-12-12,"72","1  day ahead inc hosp",2020-12-13,"quantile",0.85,47.161921437469
"44272",2020-12-12,"72","1  day ahead inc hosp",2020-12-13,"quantile",0.9,50.7798547843231
"44273",2020-12-12,"72","1  day ahead inc hosp",2020-12-13,"quantile",0.95,56.1421770083276
"44274",2020-12-12,"72","1  day ahead inc hosp",2020-12-13,"quantile",0.975,60.7931918332034
"44275",2020-12-12,"72","1  day ahead inc hosp",2020-12-13,"quantile",0.99,66.2010017024323
"44276",2020-12-12,"72","2  day ahead inc hosp",2020-12-14,"quantile",0.01,0
"44277",2020-12-12,"72","2  day ahead inc hosp",2020-12-14,"quantile",0.025,0
"44278",2020-12-12,"72","2  day ahead inc hosp",2020-12-14,"quantile",0.05,1.59941163173803
"44279",2020-12-12,"72","2  day ahead inc hosp",2020-12-14,"quantile",0.1,8.32150855980361
"44280",2020-12-12,"72","2  day ahead inc hosp",2020-12-14,"quantile",0.15,12.8568754439427
"44281",2020-12-12,"72","2  day ahead inc hosp",2020-12-14,"quantile",0.2,16.4614412694004
"44282",2020-12-12,"72","2  day ahead inc hosp",2020-12-14,"quantile",0.25,19.5538377910162
"44283",2020-12-12,"72","2  day ahead inc hosp",2020-12-14,"quantile",0.3,22.3309054419596
"44284",2020-12-12,"72","2  day ahead inc hosp",2020-12-14,"quantile",0.35,24.9042724863723
"44285",2020-12-12,"72","2  day ahead inc hosp",2020-12-14,"quantile",0.4,27.3461461614079
"44286",2020-12-12,"72","2  day ahead inc hosp",2020-12-14,"quantile",0.45,29.7086872015788
"44287",2020-12-12,"72","2  day ahead inc hosp",2020-12-14,"quantile",0.5,32.033771046135
"44288",2020-12-12,"72","2  day ahead inc hosp",2020-12-14,"quantile",0.55,34.3588548906911
"44289",2020-12-12,"72","2  day ahead inc hosp",2020-12-14,"quantile",0.6,36.721395930862
"44290",2020-12-12,"72","2  day ahead inc hosp",2020-12-14,"quantile",0.65,39.1632696058977
"44291",2020-12-12,"72","2  day ahead inc hosp",2020-12-14,"quantile",0.7,41.7366366503103
"44292",2020-12-12,"72","2  day ahead inc hosp",2020-12-14,"quantile",0.75,44.5137043012537
"44293",2020-12-12,"72","2  day ahead inc hosp",2020-12-14,"quantile",0.8,47.6061008228695
"44294",2020-12-12,"72","2  day ahead inc hosp",2020-12-14,"quantile",0.85,51.2106666483272
"44295",2020-12-12,"72","2  day ahead inc hosp",2020-12-14,"quantile",0.9,55.7460335324663
"44296",2020-12-12,"72","2  day ahead inc hosp",2020-12-14,"quantile",0.95,62.4681304605319
"44297",2020-12-12,"72","2  day ahead inc hosp",2020-12-14,"quantile",0.975,68.2985470525688
"44298",2020-12-12,"72","2  day ahead inc hosp",2020-12-14,"quantile",0.99,75.077666357779
"44299",2020-12-12,"72","3  day ahead inc hosp",2020-12-15,"quantile",0.01,0
"44300",2020-12-12,"72","3  day ahead inc hosp",2020-12-15,"quantile",0.025,0
"44301",2020-12-12,"72","3  day ahead inc hosp",2020-12-15,"quantile",0.05,0
"44302",2020-12-12,"72","3  day ahead inc hosp",2020-12-15,"quantile",0.1,5.98798583001454
"44303",2020-12-12,"72","3  day ahead inc hosp",2020-12-15,"quantile",0.15,10.9924349825031
"44304",2020-12-12,"72","3  day ahead inc hosp",2020-12-15,"quantile",0.2,14.9698125246345
"44305",2020-12-12,"72","3  day ahead inc hosp",2020-12-15,"quantile",0.25,18.3820483033716
"44306",2020-12-12,"72","3  day ahead inc hosp",2020-12-15,"quantile",0.3,21.4463414922577
"44307",2020-12-12,"72","3  day ahead inc hosp",2020-12-15,"quantile",0.35,24.2858658027364
"44308",2020-12-12,"72","3  day ahead inc hosp",2020-12-15,"quantile",0.4,26.9802966956929
"44309",2020-12-12,"72","3  day ahead inc hosp",2020-12-15,"quantile",0.45,29.5871897670231
"44310",2020-12-12,"72","3  day ahead inc hosp",2020-12-15,"quantile",0.5,32.1527515336017
"44311",2020-12-12,"72","3  day ahead inc hosp",2020-12-15,"quantile",0.55,34.7183133001803
"44312",2020-12-12,"72","3  day ahead inc hosp",2020-12-15,"quantile",0.6,37.3252063715105
"44313",2020-12-12,"72","3  day ahead inc hosp",2020-12-15,"quantile",0.65,40.019637264467
"44314",2020-12-12,"72","3  day ahead inc hosp",2020-12-15,"quantile",0.7,42.8591615749457
"44315",2020-12-12,"72","3  day ahead inc hosp",2020-12-15,"quantile",0.75,45.9234547638318
"44316",2020-12-12,"72","3  day ahead inc hosp",2020-12-15,"quantile",0.8,49.3356905425689
"44317",2020-12-12,"72","3  day ahead inc hosp",2020-12-15,"quantile",0.85,53.3130680847003
"44318",2020-12-12,"72","3  day ahead inc hosp",2020-12-15,"quantile",0.9,58.3175172371889
"44319",2020-12-12,"72","3  day ahead inc hosp",2020-12-15,"quantile",0.95,65.7348647493052
"44320",2020-12-12,"72","3  day ahead inc hosp",2020-12-15,"quantile",0.975,72.1683075375204
"44321",2020-12-12,"72","3  day ahead inc hosp",2020-12-15,"quantile",0.99,79.648575116362
"44322",2020-12-12,"72","4  day ahead inc hosp",2020-12-16,"quantile",0.01,0
"44323",2020-12-12,"72","4  day ahead inc hosp",2020-12-16,"quantile",0.025,0
"44324",2020-12-12,"72","4  day ahead inc hosp",2020-12-16,"quantile",0.05,0
"44325",2020-12-12,"72","4  day ahead inc hosp",2020-12-16,"quantile",0.1,4.63540603792712
"44326",2020-12-12,"72","4  day ahead inc hosp",2020-12-16,"quantile",0.15,9.91452730733292
"44327",2020-12-12,"72","4  day ahead inc hosp",2020-12-16,"quantile",0.2,14.1102055407068
"44328",2020-12-12,"72","4  day ahead inc hosp",2020-12-16,"quantile",0.25,17.7097238746678
"44329",2020-12-12,"72","4  day ahead inc hosp",2020-12-16,"quantile",0.3,20.9422025863557
"44330",2020-12-12,"72","4  day ahead inc hosp",2020-12-16,"quantile",0.35,23.9375758483637
"44331",2020-12-12,"72","4  day ahead inc hosp",2020-12-16,"quantile",0.4,26.7798921558194
"44332",2020-12-12,"72","4  day ahead inc hosp",2020-12-16,"quantile",0.45,29.5298660771414
"44333",2020-12-12,"72","4  day ahead inc hosp",2020-12-16,"quantile",0.5,32.2362402008917
"44334",2020-12-12,"72","4  day ahead inc hosp",2020-12-16,"quantile",0.55,34.9426143246421
"44335",2020-12-12,"72","4  day ahead inc hosp",2020-12-16,"quantile",0.6,37.6925882459641
"44336",2020-12-12,"72","4  day ahead inc hosp",2020-12-16,"quantile",0.65,40.5349045534198
"44337",2020-12-12,"72","4  day ahead inc hosp",2020-12-16,"quantile",0.7,43.5302778154278
"44338",2020-12-12,"72","4  day ahead inc hosp",2020-12-16,"quantile",0.75,46.7627565271157
"44339",2020-12-12,"72","4  day ahead inc hosp",2020-12-16,"quantile",0.8,50.3622748610767
"44340",2020-12-12,"72","4  day ahead inc hosp",2020-12-16,"quantile",0.85,54.5579530944506
"44341",2020-12-12,"72","4  day ahead inc hosp",2020-12-16,"quantile",0.9,59.8370743638564
"44342",2020-12-12,"72","4  day ahead inc hosp",2020-12-16,"quantile",0.95,67.6615273297368
"44343",2020-12-12,"72","4  day ahead inc hosp",2020-12-16,"quantile",0.975,74.4480733858364
"44344",2020-12-12,"72","4  day ahead inc hosp",2020-12-16,"quantile",0.99,82.3388998230823
"44345",2020-12-12,"72","5  day ahead inc hosp",2020-12-17,"quantile",0.01,0
"44346",2020-12-12,"72","5  day ahead inc hosp",2020-12-17,"quantile",0.025,0
"44347",2020-12-12,"72","5  day ahead inc hosp",2020-12-17,"quantile",0.05,0
"44348",2020-12-12,"72","5  day ahead inc hosp",2020-12-17,"quantile",0.1,3.77235900033356
"44349",2020-12-12,"72","5  day ahead inc hosp",2020-12-17,"quantile",0.15,9.22775763122735
"44350",2020-12-12,"72","5  day ahead inc hosp",2020-12-17,"quantile",0.2,13.5635355234058
"44351",2020-12-12,"72","5  day ahead inc hosp",2020-12-17,"quantile",0.25,17.283246889911
"44352",2020-12-12,"72","5  day ahead inc hosp",2020-12-17,"quantile",0.3,20.6236626595454
"44353",2020-12-12,"72","5  day ahead inc hosp",2020-12-17,"quantile",0.35,23.719055691578
"44354",2020-12-12,"72","5  day ahead inc hosp",2020-12-17,"quantile",0.4,26.6562809798325
"44355",2020-12-12,"72","5  day ahead inc hosp",2020-12-17,"quantile",0.45,29.49808043845
"44356",2020-12-12,"72","5  day ahead inc hosp",2020-12-17,"quantile",0.5,32.2948242402941
"44357",2020-12-12,"72","5  day ahead inc hosp",2020-12-17,"quantile",0.55,35.0915680421382
"44358",2020-12-12,"72","5  day ahead inc hosp",2020-12-17,"quantile",0.6,37.9333675007558
"44359",2020-12-12,"72","5  day ahead inc hosp",2020-12-17,"quantile",0.65,40.8705927890102
"44360",2020-12-12,"72","5  day ahead inc hosp",2020-12-17,"quantile",0.7,43.9659858210429
"44361",2020-12-12,"72","5  day ahead inc hosp",2020-12-17,"quantile",0.75,47.3064015906773
"44362",2020-12-12,"72","5  day ahead inc hosp",2020-12-17,"quantile",0.8,51.0261129571825
"44363",2020-12-12,"72","5  day ahead inc hosp",2020-12-17,"quantile",0.85,55.3618908493609
"44364",2020-12-12,"72","5  day ahead inc hosp",2020-12-17,"quantile",0.9,60.8172894802547
"44365",2020-12-12,"72","5  day ahead inc hosp",2020-12-17,"quantile",0.95,68.9030120502084
"44366",2020-12-12,"72","5  day ahead inc hosp",2020-12-17,"quantile",0.975,75.9161705236659
"44367",2020-12-12,"72","5  day ahead inc hosp",2020-12-17,"quantile",0.99,84.0704828695191
"44368",2020-12-12,"72","6  day ahead inc hosp",2020-12-18,"quantile",0.01,0
"44369",2020-12-12,"72","6  day ahead inc hosp",2020-12-18,"quantile",0.025,0
"44370",2020-12-12,"72","6  day ahead inc hosp",2020-12-18,"quantile",0.05,0
"44371",2020-12-12,"72","6  day ahead inc hosp",2020-12-18,"quantile",0.1,3.17414133849871
"44372",2020-12-12,"72","6  day ahead inc hosp",2020-12-18,"quantile",0.15,8.75182178352583
"44373",2020-12-12,"72","6  day ahead inc hosp",2020-12-18,"quantile",0.2,13.184785385165
"44374",2020-12-12,"72","6  day ahead inc hosp",2020-12-18,"quantile",0.25,16.9878734368079
"44375",2020-12-12,"72","6  day ahead inc hosp",2020-12-18,"quantile",0.3,20.4031640465607
"44376",2020-12-12,"72","6  day ahead inc hosp",2020-12-18,"quantile",0.35,23.567939776545
"44377",2020-12-12,"72","6  day ahead inc hosp",2020-12-18,"quantile",0.4,26.5710024602066
"44378",2020-12-12,"72","6  day ahead inc hosp",2020-12-18,"quantile",0.45,29.4765003608106
"44379",2020-12-12,"72","6  day ahead inc hosp",2020-12-18,"quantile",0.5,32.3359326899089
"44380",2020-12-12,"72","6  day ahead inc hosp",2020-12-18,"quantile",0.55,35.1953650190073
"44381",2020-12-12,"72","6  day ahead inc hosp",2020-12-18,"quantile",0.6,38.1008629196113
"44382",2020-12-12,"72","6  day ahead inc hosp",2020-12-18,"quantile",0.65,41.1039256032729
"44383",2020-12-12,"72","6  day ahead inc hosp",2020-12-18,"quantile",0.7,44.2687013332572
"44384",2020-12-12,"72","6  day ahead inc hosp",2020-12-18,"quantile",0.75,47.68399194301
"44385",2020-12-12,"72","6  day ahead inc hosp",2020-12-18,"quantile",0.8,51.4870799946529
"44386",2020-12-12,"72","6  day ahead inc hosp",2020-12-18,"quantile",0.85,55.9200435962921
"44387",2020-12-12,"72","6  day ahead inc hosp",2020-12-18,"quantile",0.9,61.4977240413192
"44388",2020-12-12,"72","6  day ahead inc hosp",2020-12-18,"quantile",0.95,69.7646866802998
"44389",2020-12-12,"72","6  day ahead inc hosp",2020-12-18,"quantile",0.975,76.9350438845857
"44390",2020-12-12,"72","6  day ahead inc hosp",2020-12-18,"quantile",0.99,85.2721337273964
"44391",2020-12-12,"72","7  day ahead inc hosp",2020-12-19,"quantile",0.01,0
"44392",2020-12-12,"72","7  day ahead inc hosp",2020-12-19,"quantile",0.025,0
"44393",2020-12-12,"72","7  day ahead inc hosp",2020-12-19,"quantile",0.05,0
"44394",2020-12-12,"72","7  day ahead inc hosp",2020-12-19,"quantile",0.1,2.72751412103635
"44395",2020-12-12,"72","7  day ahead inc hosp",2020-12-19,"quantile",0.15,8.39613673860639
"44396",2020-12-12,"72","7  day ahead inc hosp",2020-12-19,"quantile",0.2,12.9013782960572
"44397",2020-12-12,"72","7  day ahead inc hosp",2020-12-19,"quantile",0.25,16.7664743980352
"44398",2020-12-12,"72","7  day ahead inc hosp",2020-12-19,"quantile",0.3,20.2374501534283
"44399",2020-12-12,"72","7  day ahead inc hosp",2020-12-19,"quantile",0.35,23.4538264695939
"44400",2020-12-12,"72","7  day ahead inc hosp",2020-12-19,"quantile",0.4,26.5058530635094
"44401",2020-12-12,"72","7  day ahead inc hosp",2020-12-19,"quantile",0.45,29.4587241139386
"44402",2020-12-12,"72","7  day ahead inc hosp",2020-12-19,"quantile",0.5,32.3647785094696
"44403",2020-12-12,"72","7  day ahead inc hosp",2020-12-19,"quantile",0.55,35.2708329050005
"44404",2020-12-12,"72","7  day ahead inc hosp",2020-12-19,"quantile",0.6,38.2237039554297
"44405",2020-12-12,"72","7  day ahead inc hosp",2020-12-19,"quantile",0.65,41.2757305493452
"44406",2020-12-12,"72","7  day ahead inc hosp",2020-12-19,"quantile",0.7,44.4921068655108
"44407",2020-12-12,"72","7  day ahead inc hosp",2020-12-19,"quantile",0.75,47.963082620904
"44408",2020-12-12,"72","7  day ahead inc hosp",2020-12-19,"quantile",0.8,51.828178722882
"44409",2020-12-12,"72","7  day ahead inc hosp",2020-12-19,"quantile",0.85,56.3334202803327
"44410",2020-12-12,"72","7  day ahead inc hosp",2020-12-19,"quantile",0.9,62.0020428979028
"44411",2020-12-12,"72","7  day ahead inc hosp",2020-12-19,"quantile",0.95,70.4037955360829
"44412",2020-12-12,"72","7  day ahead inc hosp",2020-12-19,"quantile",0.975,77.6910629629054
"44413",2020-12-12,"72","7  day ahead inc hosp",2020-12-19,"quantile",0.99,86.1640862049963
"44414",2020-12-12,"72","8  day ahead inc hosp",2020-12-20,"quantile",0.01,0
"44415",2020-12-12,"72","8  day ahead inc hosp",2020-12-20,"quantile",0.025,0
"44416",2020-12-12,"72","8  day ahead inc hosp",2020-12-20,"quantile",0.05,0
"44417",2020-12-12,"72","8  day ahead inc hosp",2020-12-20,"quantile",0.1,1.8272521944502
"44418",2020-12-12,"72","8  day ahead inc hosp",2020-12-20,"quantile",0.15,7.56780664256294
"44419",2020-12-12,"72","8  day ahead inc hosp",2020-12-20,"quantile",0.2,12.1302173386436
"44420",2020-12-12,"72","8  day ahead inc hosp",2020-12-20,"quantile",0.25,16.0443594711294
"44421",2020-12-12,"72","8  day ahead inc hosp",2020-12-20,"quantile",0.3,19.5593800777499
"44422",2020-12-12,"72","8  day ahead inc hosp",2020-12-20,"quantile",0.35,22.8165705125726
"44423",2020-12-12,"72","8  day ahead inc hosp",2020-12-20,"quantile",0.4,25.9073257138724
"44424",2020-12-12,"72","8  day ahead inc hosp",2020-12-20,"quantile",0.45,28.8976671401484
"44425",2020-12-12,"72","8  day ahead inc hosp",2020-12-20,"quantile",0.5,31.8405978328735
"44426",2020-12-12,"72","8  day ahead inc hosp",2020-12-20,"quantile",0.55,34.7835285255986
"44427",2020-12-12,"72","8  day ahead inc hosp",2020-12-20,"quantile",0.6,37.7738699518746
"44428",2020-12-12,"72","8  day ahead inc hosp",2020-12-20,"quantile",0.65,40.8646251531743
"44429",2020-12-12,"72","8  day ahead inc hosp",2020-12-20,"quantile",0.7,44.1218155879971
"44430",2020-12-12,"72","8  day ahead inc hosp",2020-12-20,"quantile",0.75,47.6368361946176
"44431",2020-12-12,"72","8  day ahead inc hosp",2020-12-20,"quantile",0.8,51.5509783271034
"44432",2020-12-12,"72","8  day ahead inc hosp",2020-12-20,"quantile",0.85,56.1133890231841
"44433",2020-12-12,"72","8  day ahead inc hosp",2020-12-20,"quantile",0.9,61.8539434712968
"44434",2020-12-12,"72","8  day ahead inc hosp",2020-12-20,"quantile",0.95,70.3623099181221
"44435",2020-12-12,"72","8  day ahead inc hosp",2020-12-20,"quantile",0.975,77.7420489242028
"44436",2020-12-12,"72","8  day ahead inc hosp",2020-12-20,"quantile",0.99,86.3225903613037
"44437",2020-12-12,"72","9  day ahead inc hosp",2020-12-21,"quantile",0.01,0
"44438",2020-12-12,"72","9  day ahead inc hosp",2020-12-21,"quantile",0.025,0
"44439",2020-12-12,"72","9  day ahead inc hosp",2020-12-21,"quantile",0.05,0
"44440",2020-12-12,"72","9  day ahead inc hosp",2020-12-21,"quantile",0.1,1.52790047426123
"44441",2020-12-12,"72","9  day ahead inc hosp",2020-12-21,"quantile",0.15,7.32842754789564
"44442",2020-12-12,"72","9  day ahead inc hosp",2020-12-21,"quantile",0.2,11.93850258557
"44443",2020-12-12,"72","9  day ahead inc hosp",2020-12-21,"quantile",0.25,15.8935364790298
"44444",2020-12-12,"72","9  day ahead inc hosp",2020-12-21,"quantile",0.3,19.4452791508179
"44445",2020-12-12,"72","9  day ahead inc hosp",2020-12-21,"quantile",0.35,22.7364980517002
"44446",2020-12-12,"72","9  day ahead inc hosp",2020-12-21,"quantile",0.4,25.8595429396394
"44447",2020-12-12,"72","9  day ahead inc hosp",2020-12-21,"quantile",0.45,28.8811250114247
"44448",2020-12-12,"72","9  day ahead inc hosp",2020-12-21,"quantile",0.5,31.8548010410273
"44449",2020-12-12,"72","9  day ahead inc hosp",2020-12-21,"quantile",0.55,34.82847707063
"44450",2020-12-12,"72","9  day ahead inc hosp",2020-12-21,"quantile",0.6,37.8500591424152
"44451",2020-12-12,"72","9  day ahead inc hosp",2020-12-21,"quantile",0.65,40.9731040303545
"44452",2020-12-12,"72","9  day ahead inc hosp",2020-12-21,"quantile",0.7,44.2643229312368
"44453",2020-12-12,"72","9  day ahead inc hosp",2020-12-21,"quantile",0.75,47.8160656030248
"44454",2020-12-12,"72","9  day ahead inc hosp",2020-12-21,"quantile",0.8,51.7710994964846
"44455",2020-12-12,"72","9  day ahead inc hosp",2020-12-21,"quantile",0.85,56.381174534159
"44456",2020-12-12,"72","9  day ahead inc hosp",2020-12-21,"quantile",0.9,62.1817016077934
"44457",2020-12-12,"72","9  day ahead inc hosp",2020-12-21,"quantile",0.95,70.7789565198931
"44458",2020-12-12,"72","9  day ahead inc hosp",2020-12-21,"quantile",0.975,78.2357930133088
"44459",2020-12-12,"72","9  day ahead inc hosp",2020-12-21,"quantile",0.99,86.9059769410492
"44460",2020-12-12,"72","10  day ahead inc hosp",2020-12-22,"quantile",0.01,0
"44461",2020-12-12,"72","10  day ahead inc hosp",2020-12-22,"quantile",0.025,0
"44462",2020-12-12,"72","10  day ahead inc hosp",2020-12-22,"quantile",0.05,0
"44463",2020-12-12,"72","10  day ahead inc hosp",2020-12-22,"quantile",0.1,1.26486535186572
"44464",2020-12-12,"72","10  day ahead inc hosp",2020-12-22,"quantile",0.15,7.11760853337639
"44465",2020-12-12,"72","10  day ahead inc hosp",2020-12-22,"quantile",0.2,11.7691832783065
"44466",2020-12-12,"72","10  day ahead inc hosp",2020-12-22,"quantile",0.25,15.7598202253877
"44467",2020-12-12,"72","10  day ahead inc hosp",2020-12-22,"quantile",0.3,19.3435355396865
"44468",2020-12-12,"72","10  day ahead inc hosp",2020-12-22,"quantile",0.35,22.6643818587312
"44469",2020-12-12,"72","10  day ahead inc hosp",2020-12-22,"quantile",0.4,25.815540269235
"44470",2020-12-12,"72","10  day ahead inc hosp",2020-12-22,"quantile",0.45,28.8643224994566
"44471",2020-12-12,"72","10  day ahead inc hosp",2020-12-22,"quantile",0.5,31.86476743926
"44472",2020-12-12,"72","10  day ahead inc hosp",2020-12-22,"quantile",0.55,34.8652123790633
"44473",2020-12-12,"72","10  day ahead inc hosp",2020-12-22,"quantile",0.6,37.9139946092849
"44474",2020-12-12,"72","10  day ahead inc hosp",2020-12-22,"quantile",0.65,41.0651530197888
"44475",2020-12-12,"72","10  day ahead inc hosp",2020-12-22,"quantile",0.7,44.3859993388334
"44476",2020-12-12,"72","10  day ahead inc hosp",2020-12-22,"quantile",0.75,47.9697146531322
"44477",2020-12-12,"72","10  day ahead inc hosp",2020-12-22,"quantile",0.8,51.9603516002134
"44478",2020-12-12,"72","10  day ahead inc hosp",2020-12-22,"quantile",0.85,56.6119263451435
"44479",2020-12-12,"72","10  day ahead inc hosp",2020-12-22,"quantile",0.9,62.4646695266542
"44480",2020-12-12,"72","10  day ahead inc hosp",2020-12-22,"quantile",0.95,71.1393165764391
"44481",2020-12-12,"72","10  day ahead inc hosp",2020-12-22,"quantile",0.975,78.6632792074994
"44482",2020-12-12,"72","10  day ahead inc hosp",2020-12-22,"quantile",0.99,87.4115117769462
"44483",2020-12-12,"72","11  day ahead inc hosp",2020-12-23,"quantile",0.01,0
"44484",2020-12-12,"72","11  day ahead inc hosp",2020-12-23,"quantile",0.025,0
"44485",2020-12-12,"72","11  day ahead inc hosp",2020-12-23,"quantile",0.05,0
"44486",2020-12-12,"72","11  day ahead inc hosp",2020-12-23,"quantile",0.1,1.02584812154983
"44487",2020-12-12,"72","11  day ahead inc hosp",2020-12-23,"quantile",0.15,6.9256449567206
"44488",2020-12-12,"72","11  day ahead inc hosp",2020-12-23,"quantile",0.2,11.6146164539486
"44489",2020-12-12,"72","11  day ahead inc hosp",2020-12-23,"quantile",0.25,15.6373364846314
"44490",2020-12-12,"72","11  day ahead inc hosp",2020-12-23,"quantile",0.3,19.2498633995738
"44491",2020-12-12,"72","11  day ahead inc hosp",2020-12-23,"quantile",0.35,22.5974079604016
"44492",2020-12-12,"72","11  day ahead inc hosp",2020-12-23,"quantile",0.4,25.7739003915309
"44493",2020-12-12,"72","11  day ahead inc hosp",2020-12-23,"quantile",0.45,28.8471935798959
"44494",2020-12-12,"72","11  day ahead inc hosp",2020-12-23,"quantile",0.5,31.8717608658616
"44495",2020-12-12,"72","11  day ahead inc hosp",2020-12-23,"quantile",0.55,34.8963281518273
"44496",2020-12-12,"72","11  day ahead inc hosp",2020-12-23,"quantile",0.6,37.9696213401923
"44497",2020-12-12,"72","11  day ahead inc hosp",2020-12-23,"quantile",0.65,41.1461137713215
"44498",2020-12-12,"72","11  day ahead inc hosp",2020-12-23,"quantile",0.7,44.4936583321494
"44499",2020-12-12,"72","11  day ahead inc hosp",2020-12-23,"quantile",0.75,48.1061852470917
"44500",2020-12-12,"72","11  day ahead inc hosp",2020-12-23,"quantile",0.8,52.1289052777745
"44501",2020-12-12,"72","11  day ahead inc hosp",2020-12-23,"quantile",0.85,56.8178767750026
"44502",2020-12-12,"72","11  day ahead inc hosp",2020-12-23,"quantile",0.9,62.7176736101733
"44503",2020-12-12,"72","11  day ahead inc hosp",2020-12-23,"quantile",0.95,71.4620612628252
"44504",2020-12-12,"72","11  day ahead inc hosp",2020-12-23,"quantile",0.975,79.046513466179
"44505",2020-12-12,"72","11  day ahead inc hosp",2020-12-23,"quantile",0.99,87.865078235877
"44506",2020-12-12,"72","12  day ahead inc hosp",2020-12-24,"quantile",0.01,0
"44507",2020-12-12,"72","12  day ahead inc hosp",2020-12-24,"quantile",0.025,0
"44508",2020-12-12,"72","12  day ahead inc hosp",2020-12-24,"quantile",0.05,0
"44509",2020-12-12,"72","12  day ahead inc hosp",2020-12-24,"quantile",0.1,0.803116419655517
"44510",2020-12-12,"72","12  day ahead inc hosp",2020-12-24,"quantile",0.15,6.74645302038768
"44511",2020-12-12,"72","12  day ahead inc hosp",2020-12-24,"quantile",0.2,11.4700285430452
"44512",2020-12-12,"72","12  day ahead inc hosp",2020-12-24,"quantile",0.25,15.5224357463457
"44513",2020-12-12,"72","12  day ahead inc hosp",2020-12-24,"quantile",0.3,19.1616226598195
"44514",2020-12-12,"72","12  day ahead inc hosp",2020-12-24,"quantile",0.35,22.5338716824206
"44515",2020-12-12,"72","12  day ahead inc hosp",2020-12-24,"quantile",0.4,25.7338062319182
"44516",2020-12-12,"72","12  day ahead inc hosp",2020-12-24,"quantile",0.45,28.8297799410979
"44517",2020-12-12,"72","12  day ahead inc hosp",2020-12-24,"quantile",0.5,31.8766681567896
"44518",2020-12-12,"72","12  day ahead inc hosp",2020-12-24,"quantile",0.55,34.9235563724813
"44519",2020-12-12,"72","12  day ahead inc hosp",2020-12-24,"quantile",0.6,38.0195300816611
"44520",2020-12-12,"72","12  day ahead inc hosp",2020-12-24,"quantile",0.65,41.2194646311587
"44521",2020-12-12,"72","12  day ahead inc hosp",2020-12-24,"quantile",0.7,44.5917136537598
"44522",2020-12-12,"72","12  day ahead inc hosp",2020-12-24,"quantile",0.75,48.2309005672335
"44523",2020-12-12,"72","12  day ahead inc hosp",2020-12-24,"quantile",0.8,52.283307770534
"44524",2020-12-12,"72","12  day ahead inc hosp",2020-12-24,"quantile",0.85,57.0068832931916
"44525",2020-12-12,"72","12  day ahead inc hosp",2020-12-24,"quantile",0.9,62.9502198939237
"44526",2020-12-12,"72","12  day ahead inc hosp",2020-12-24,"quantile",0.95,71.7591400379497
"44527",2020-12-12,"72","12  day ahead inc hosp",2020-12-24,"quantile",0.975,79.3995645535834
"44528",2020-12-12,"72","12  day ahead inc hosp",2020-12-24,"quantile",0.99,88.2832092325371
"44529",2020-12-12,"72","13  day ahead inc hosp",2020-12-25,"quantile",0.01,0
"44530",2020-12-12,"72","13  day ahead inc hosp",2020-12-25,"quantile",0.025,0
"44531",2020-12-12,"72","13  day ahead inc hosp",2020-12-25,"quantile",0.05,0
"44532",2020-12-12,"72","13  day ahead inc hosp",2020-12-25,"quantile",0.1,0.591683209993182
"44533",2020-12-12,"72","13  day ahead inc hosp",2020-12-25,"quantile",0.15,6.57611856627886
"44534",2020-12-12,"72","13  day ahead inc hosp",2020-12-25,"quantile",0.2,11.3323580769933
"44535",2020-12-12,"72","13  day ahead inc hosp",2020-12-25,"quantile",0.25,15.4127880735899
"44536",2020-12-12,"72","13  day ahead inc hosp",2020-12-25,"quantile",0.3,19.0771403215244
"44537",2020-12-12,"72","13  day ahead inc hosp",2020-12-25,"quantile",0.35,22.472708776888
"44538",2020-12-12,"72","13  day ahead inc hosp",2020-12-25,"quantile",0.4,25.6947711876649
"44539",2020-12-12,"72","13  day ahead inc hosp",2020-12-25,"quantile",0.45,28.812153858716
"44540",2020-12-12,"72","13  day ahead inc hosp",2020-12-25,"quantile",0.5,31.8801116052769
"44541",2020-12-12,"72","13  day ahead inc hosp",2020-12-25,"quantile",0.55,34.9480693518379
"44542",2020-12-12,"72","13  day ahead inc hosp",2020-12-25,"quantile",0.6,38.065452022889
"44543",2020-12-12,"72","13  day ahead inc hosp",2020-12-25,"quantile",0.65,41.2875144336659
"44544",2020-12-12,"72","13  day ahead inc hosp",2020-12-25,"quantile",0.7,44.6830828890295
"44545",2020-12-12,"72","13  day ahead inc hosp",2020-12-25,"quantile",0.75,48.347435136964
"44546",2020-12-12,"72","13  day ahead inc hosp",2020-12-25,"quantile",0.8,52.4278651335606
"44547",2020-12-12,"72","13  day ahead inc hosp",2020-12-25,"quantile",0.85,57.184104644275
"44548",2020-12-12,"72","13  day ahead inc hosp",2020-12-25,"quantile",0.9,63.1685400005607
"44549",2020-12-12,"72","13  day ahead inc hosp",2020-12-25,"quantile",0.95,72.0383746914164
"44550",2020-12-12,"72","13  day ahead inc hosp",2020-12-25,"quantile",0.975,79.731633491996
"44551",2020-12-12,"72","13  day ahead inc hosp",2020-12-25,"quantile",0.99,88.6767094452679
"44552",2020-12-12,"72","14  day ahead inc hosp",2020-12-26,"quantile",0.01,0
"44553",2020-12-12,"72","14  day ahead inc hosp",2020-12-26,"quantile",0.025,0
"44554",2020-12-12,"72","14  day ahead inc hosp",2020-12-26,"quantile",0.05,0
"44555",2020-12-12,"72","14  day ahead inc hosp",2020-12-26,"quantile",0.1,0.388265023939123
"44556",2020-12-12,"72","14  day ahead inc hosp",2020-12-26,"quantile",0.15,6.41206966326786
"44557",2020-12-12,"72","14  day ahead inc hosp",2020-12-26,"quantile",0.2,11.1995986321132
"44558",2020-12-12,"72","14  day ahead inc hosp",2020-12-26,"quantile",0.25,15.3068721977201
"44559",2020-12-12,"72","14  day ahead inc hosp",2020-12-26,"quantile",0.3,18.9953308002611
"44560",2020-12-12,"72","14  day ahead inc hosp",2020-12-26,"quantile",0.35,22.4132373857326
"44561",2020-12-12,"72","14  day ahead inc hosp",2020-12-26,"quantile",0.4,25.6564964975314
"44562",2020-12-12,"72","14  day ahead inc hosp",2020-12-26,"quantile",0.45,28.7943872221287
"44563",2020-12-12,"72","14  day ahead inc hosp",2020-12-26,"quantile",0.5,31.8825278747948
"44564",2020-12-12,"72","14  day ahead inc hosp",2020-12-26,"quantile",0.55,34.970668527461
"44565",2020-12-12,"72","14  day ahead inc hosp",2020-12-26,"quantile",0.6,38.1085592520582
"44566",2020-12-12,"72","14  day ahead inc hosp",2020-12-26,"quantile",0.65,41.351818363857
"44567",2020-12-12,"72","14  day ahead inc hosp",2020-12-26,"quantile",0.7,44.7697249493286
"44568",2020-12-12,"72","14  day ahead inc hosp",2020-12-26,"quantile",0.75,48.4581835518696
"44569",2020-12-12,"72","14  day ahead inc hosp",2020-12-26,"quantile",0.8,52.5654571174764
"44570",2020-12-12,"72","14  day ahead inc hosp",2020-12-26,"quantile",0.85,57.3529860863218
"44571",2020-12-12,"72","14  day ahead inc hosp",2020-12-26,"quantile",0.9,63.3767907256505
"44572",2020-12-12,"72","14  day ahead inc hosp",2020-12-26,"quantile",0.95,72.3049766245483
"44573",2020-12-12,"72","14  day ahead inc hosp",2020-12-26,"quantile",0.975,80.0488463959567
"44574",2020-12-12,"72","14  day ahead inc hosp",2020-12-26,"quantile",0.99,89.0527685404029
"44575",2020-12-12,"72","15  day ahead inc hosp",2020-12-27,"quantile",0.01,0
"44576",2020-12-12,"72","15  day ahead inc hosp",2020-12-27,"quantile",0.025,0
"44577",2020-12-12,"72","15  day ahead inc hosp",2020-12-27,"quantile",0.05,0
"44578",2020-12-12,"72","15  day ahead inc hosp",2020-12-27,"quantile",0.1,0.0648712191724989
"44579",2020-12-12,"72","15  day ahead inc hosp",2020-12-27,"quantile",0.15,6.12679458810866
"44580",2020-12-12,"72","15  day ahead inc hosp",2020-12-27,"quantile",0.2,10.9446191148577
"44581",2020-12-12,"72","15  day ahead inc hosp",2020-12-27,"quantile",0.25,15.0778835715782
"44582",2020-12-12,"72","15  day ahead inc hosp",2020-12-27,"quantile",0.3,18.7896827976216
"44583",2020-12-12,"72","15  day ahead inc hosp",2020-12-27,"quantile",0.35,22.2292179492164
"44584",2020-12-12,"72","15  day ahead inc hosp",2020-12-27,"quantile",0.4,25.493000455204
"44585",2020-12-12,"72","15  day ahead inc hosp",2020-12-27,"quantile",0.45,28.6507478011943
"44586",2020-12-12,"72","15  day ahead inc hosp",2020-12-27,"quantile",0.5,31.7584302560231
"44587",2020-12-12,"72","15  day ahead inc hosp",2020-12-27,"quantile",0.55,34.8661127108521
"44588",2020-12-12,"72","15  day ahead inc hosp",2020-12-27,"quantile",0.6,38.0238600568423
"44589",2020-12-12,"72","15  day ahead inc hosp",2020-12-27,"quantile",0.65,41.2876425628299
"44590",2020-12-12,"72","15  day ahead inc hosp",2020-12-27,"quantile",0.7,44.7271777144247
"44591",2020-12-12,"72","15  day ahead inc hosp",2020-12-27,"quantile",0.75,48.4389769404681
"44592",2020-12-12,"72","15  day ahead inc hosp",2020-12-27,"quantile",0.8,52.5722413971886
"44593",2020-12-12,"72","15  day ahead inc hosp",2020-12-27,"quantile",0.85,57.3900659239376
"44594",2020-12-12,"72","15  day ahead inc hosp",2020-12-27,"quantile",0.9,63.4519892928738
"44595",2020-12-12,"72","15  day ahead inc hosp",2020-12-27,"quantile",0.95,72.4366728912393
"44596",2020-12-12,"72","15  day ahead inc hosp",2020-12-27,"quantile",0.975,80.2295459912092
"44597",2020-12-12,"72","15  day ahead inc hosp",2020-12-27,"quantile",0.99,89.2904450952648
"44598",2020-12-12,"72","16  day ahead inc hosp",2020-12-28,"quantile",0.01,0
"44599",2020-12-12,"72","16  day ahead inc hosp",2020-12-28,"quantile",0.025,0
"44600",2020-12-12,"72","16  day ahead inc hosp",2020-12-28,"quantile",0.05,0
"44601",2020-12-12,"72","16  day ahead inc hosp",2020-12-28,"quantile",0.1,0
"44602",2020-12-12,"72","16  day ahead inc hosp",2020-12-28,"quantile",0.15,5.97071579764875
"44603",2020-12-12,"72","16  day ahead inc hosp",2020-12-28,"quantile",0.2,10.8181011433791
"44604",2020-12-12,"72","16  day ahead inc hosp",2020-12-28,"quantile",0.25,14.9767261506404
"44605",2020-12-12,"72","16  day ahead inc hosp",2020-12-28,"quantile",0.3,18.7112999348701
"44606",2020-12-12,"72","16  day ahead inc hosp",2020-12-28,"quantile",0.35,22.1719391087122
"44607",2020-12-12,"72","16  day ahead inc hosp",2020-12-28,"quantile",0.4,25.4557472680457
"44608",2020-12-12,"72","16  day ahead inc hosp",2020-12-28,"quantile",0.45,28.632869665403
"44609",2020-12-12,"72","16  day ahead inc hosp",2020-12-28,"quantile",0.5,31.7596199874796
"44610",2020-12-12,"72","16  day ahead inc hosp",2020-12-28,"quantile",0.55,34.8863703095562
"44611",2020-12-12,"72","16  day ahead inc hosp",2020-12-28,"quantile",0.6,38.0634927069135
"44612",2020-12-12,"72","16  day ahead inc hosp",2020-12-28,"quantile",0.65,41.347300866247
"44613",2020-12-12,"72","16  day ahead inc hosp",2020-12-28,"quantile",0.7,44.8079400400891
"44614",2020-12-12,"72","16  day ahead inc hosp",2020-12-28,"quantile",0.75,48.5425138243188
"44615",2020-12-12,"72","16  day ahead inc hosp",2020-12-28,"quantile",0.8,52.7011388315801
"44616",2020-12-12,"72","16  day ahead inc hosp",2020-12-28,"quantile",0.85,57.5485241773104
"44617",2020-12-12,"72","16  day ahead inc hosp",2020-12-28,"quantile",0.9,63.6476418065175
"44618",2020-12-12,"72","16  day ahead inc hosp",2020-12-28,"quantile",0.95,72.6874529015324
"44619",2020-12-12,"72","16  day ahead inc hosp",2020-12-28,"quantile",0.975,80.5281408834628
"44620",2020-12-12,"72","16  day ahead inc hosp",2020-12-28,"quantile",0.99,89.6446351211178
"44621",2020-12-12,"72","17  day ahead inc hosp",2020-12-29,"quantile",0.01,0
"44622",2020-12-12,"72","17  day ahead inc hosp",2020-12-29,"quantile",0.025,0
"44623",2020-12-12,"72","17  day ahead inc hosp",2020-12-29,"quantile",0.05,0
"44624",2020-12-12,"72","17  day ahead inc hosp",2020-12-29,"quantile",0.1,0
"44625",2020-12-12,"72","17  day ahead inc hosp",2020-12-29,"quantile",0.15,5.81724366361275
"44626",2020-12-12,"72","17  day ahead inc hosp",2020-12-29,"quantile",0.2,10.6936331630557
"44627",2020-12-12,"72","17  day ahead inc hosp",2020-12-29,"quantile",0.25,14.8771411516236
"44628",2020-12-12,"72","17  day ahead inc hosp",2020-12-29,"quantile",0.3,18.6340606221075
"44629",2020-12-12,"72","17  day ahead inc hosp",2020-12-29,"quantile",0.35,22.1154064044371
"44630",2020-12-12,"72","17  day ahead inc hosp",2020-12-29,"quantile",0.4,25.4188631103216
"44631",2020-12-12,"72","17  day ahead inc hosp",2020-12-29,"quantile",0.45,28.6149957038578
"44632",2020-12-12,"72","17  day ahead inc hosp",2020-12-29,"quantile",0.5,31.7604548226349
"44633",2020-12-12,"72","17  day ahead inc hosp",2020-12-29,"quantile",0.55,34.905913941412
"44634",2020-12-12,"72","17  day ahead inc hosp",2020-12-29,"quantile",0.6,38.1020465349482
"44635",2020-12-12,"72","17  day ahead inc hosp",2020-12-29,"quantile",0.65,41.4055032408327
"44636",2020-12-12,"72","17  day ahead inc hosp",2020-12-29,"quantile",0.7,44.8868490231622
"44637",2020-12-12,"72","17  day ahead inc hosp",2020-12-29,"quantile",0.75,48.6437684936461
"44638",2020-12-12,"72","17  day ahead inc hosp",2020-12-29,"quantile",0.8,52.827276482214
"44639",2020-12-12,"72","17  day ahead inc hosp",2020-12-29,"quantile",0.85,57.703665981657
"44640",2020-12-12,"72","17  day ahead inc hosp",2020-12-29,"quantile",0.9,63.8392774591167
"44641",2020-12-12,"72","17  day ahead inc hosp",2020-12-29,"quantile",0.95,72.93317793466
"44642",2020-12-12,"72","17  day ahead inc hosp",2020-12-29,"quantile",0.975,80.8207803876342
"44643",2020-12-12,"72","17  day ahead inc hosp",2020-12-29,"quantile",0.99,89.9918228366093
"44644",2020-12-12,"72","18  day ahead inc hosp",2020-12-30,"quantile",0.01,0
"44645",2020-12-12,"72","18  day ahead inc hosp",2020-12-30,"quantile",0.025,0
"44646",2020-12-12,"72","18  day ahead inc hosp",2020-12-30,"quantile",0.05,0
"44647",2020-12-12,"72","18  day ahead inc hosp",2020-12-30,"quantile",0.1,0
"44648",2020-12-12,"72","18  day ahead inc hosp",2020-12-30,"quantile",0.15,5.66582817391362
"44649",2020-12-12,"72","18  day ahead inc hosp",2020-12-30,"quantile",0.2,10.5707884431485
"44650",2020-12-12,"72","18  day ahead inc hosp",2020-12-30,"quantile",0.25,14.7788076082082
"44651",2020-12-12,"72","18  day ahead inc hosp",2020-12-30,"quantile",0.3,18.5577388727316
"44652",2020-12-12,"72","18  day ahead inc hosp",2020-12-30,"quantile",0.35,22.0594818626518
"44653",2020-12-12,"72","18  day ahead inc hosp",2020-12-30,"quantile",0.4,25.3822935238924
"44654",2020-12-12,"72","18  day ahead inc hosp",2020-12-30,"quantile",0.45,28.5971522607289
"44655",2020-12-12,"72","18  day ahead inc hosp",2020-12-30,"quantile",0.5,31.761040626879
"44656",2020-12-12,"72","18  day ahead inc hosp",2020-12-30,"quantile",0.55,34.9249289930291
"44657",2020-12-12,"72","18  day ahead inc hosp",2020-12-30,"quantile",0.6,38.1397877298655
"44658",2020-12-12,"72","18  day ahead inc hosp",2020-12-30,"quantile",0.65,41.4625993911062
"44659",2020-12-12,"72","18  day ahead inc hosp",2020-12-30,"quantile",0.7,44.9643423810264
"44660",2020-12-12,"72","18  day ahead inc hosp",2020-12-30,"quantile",0.75,48.7432736455497
"44661",2020-12-12,"72","18  day ahead inc hosp",2020-12-30,"quantile",0.8,52.9512928106095
"44662",2020-12-12,"72","18  day ahead inc hosp",2020-12-30,"quantile",0.85,57.8562530798444
"44663",2020-12-12,"72","18  day ahead inc hosp",2020-12-30,"quantile",0.9,64.0278131096244
"44664",2020-12-12,"72","18  day ahead inc hosp",2020-12-30,"quantile",0.95,73.1749947549812
"44665",2020-12-12,"72","18  day ahead inc hosp",2020-12-30,"quantile",0.975,81.1088106767358
"44666",2020-12-12,"72","18  day ahead inc hosp",2020-12-30,"quantile",0.99,90.3335862704057
"44667",2020-12-12,"72","19  day ahead inc hosp",2020-12-31,"quantile",0.01,0
"44668",2020-12-12,"72","19  day ahead inc hosp",2020-12-31,"quantile",0.025,0
"44669",2020-12-12,"72","19  day ahead inc hosp",2020-12-31,"quantile",0.05,0
"44670",2020-12-12,"72","19  day ahead inc hosp",2020-12-31,"quantile",0.1,0
"44671",2020-12-12,"72","19  day ahead inc hosp",2020-12-31,"quantile",0.15,5.51608651530814
"44672",2020-12-12,"72","19  day ahead inc hosp",2020-12-31,"quantile",0.2,10.4492700885738
"44673",2020-12-12,"72","19  day ahead inc hosp",2020-12-31,"quantile",0.25,14.6815023354414
"44674",2020-12-12,"72","19  day ahead inc hosp",2020-12-31,"quantile",0.3,18.4821776957649
"44675",2020-12-12,"72","19  day ahead inc hosp",2020-12-31,"quantile",0.35,22.004069830962
"44676",2020-12-12,"72","19  day ahead inc hosp",2020-12-31,"quantile",0.4,25.3460010606812
"44677",2020-12-12,"72","19  day ahead inc hosp",2020-12-31,"quantile",0.45,28.5793582012896
"44678",2020-12-12,"72","19  day ahead inc hosp",2020-12-31,"quantile",0.5,31.7614516860087
"44679",2020-12-12,"72","19  day ahead inc hosp",2020-12-31,"quantile",0.55,34.9435451707278
"44680",2020-12-12,"72","19  day ahead inc hosp",2020-12-31,"quantile",0.6,38.1769023113362
"44681",2020-12-12,"72","19  day ahead inc hosp",2020-12-31,"quantile",0.65,41.5188335410554
"44682",2020-12-12,"72","19  day ahead inc hosp",2020-12-31,"quantile",0.7,45.0407256762525
"44683",2020-12-12,"72","19  day ahead inc hosp",2020-12-31,"quantile",0.75,48.8414010365761
"44684",2020-12-12,"72","19  day ahead inc hosp",2020-12-31,"quantile",0.8,53.0736332834436
"44685",2020-12-12,"72","19  day ahead inc hosp",2020-12-31,"quantile",0.85,58.0068168567093
"44686",2020-12-12,"72","19  day ahead inc hosp",2020-12-31,"quantile",0.9,64.213888247541
"44687",2020-12-12,"72","19  day ahead inc hosp",2020-12-31,"quantile",0.95,73.413703079393
"44688",2020-12-12,"72","19  day ahead inc hosp",2020-12-31,"quantile",0.975,81.3931704410356
"44689",2020-12-12,"72","19  day ahead inc hosp",2020-12-31,"quantile",0.99,90.6710256993522
"44690",2020-12-12,"72","20  day ahead inc hosp",2021-01-01,"quantile",0.01,0
"44691",2020-12-12,"72","20  day ahead inc hosp",2021-01-01,"quantile",0.025,0
"44692",2020-12-12,"72","20  day ahead inc hosp",2021-01-01,"quantile",0.05,0
"44693",2020-12-12,"72","20  day ahead inc hosp",2021-01-01,"quantile",0.1,0
"44694",2020-12-12,"72","20  day ahead inc hosp",2021-01-01,"quantile",0.15,5.36775018775511
"44695",2020-12-12,"72","20  day ahead inc hosp",2021-01-01,"quantile",0.2,10.3288698655123
"44696",2020-12-12,"72","20  day ahead inc hosp",2021-01-01,"quantile",0.25,14.5850688025556
"44697",2020-12-12,"72","20  day ahead inc hosp",2021-01-01,"quantile",0.3,18.4072669913787
"44698",2020-12-12,"72","20  day ahead inc hosp",2021-01-01,"quantile",0.35,21.9491032347233
"44699",2020-12-12,"72","20  day ahead inc hosp",2021-01-01,"quantile",0.4,25.309959472736
"44700",2020-12-12,"72","20  day ahead inc hosp",2021-01-01,"quantile",0.45,28.5616267778856
"44701",2020-12-12,"72","20  day ahead inc hosp",2021-01-01,"quantile",0.5,31.7617401264047
"44702",2020-12-12,"72","20  day ahead inc hosp",2021-01-01,"quantile",0.55,34.9618534749238
"44703",2020-12-12,"72","20  day ahead inc hosp",2021-01-01,"quantile",0.6,38.2135207800734
"44704",2020-12-12,"72","20  day ahead inc hosp",2021-01-01,"quantile",0.65,41.574377018086
"44705",2020-12-12,"72","20  day ahead inc hosp",2021-01-01,"quantile",0.7,45.1162132614306
"44706",2020-12-12,"72","20  day ahead inc hosp",2021-01-01,"quantile",0.75,48.9384114502537
"44707",2020-12-12,"72","20  day ahead inc hosp",2021-01-01,"quantile",0.8,53.1946103872971
"44708",2020-12-12,"72","20  day ahead inc hosp",2021-01-01,"quantile",0.85,58.1557300650543
"44709",2020-12-12,"72","20  day ahead inc hosp",2021-01-01,"quantile",0.9,64.3979514543373
"44710",2020-12-12,"72","20  day ahead inc hosp",2021-01-01,"quantile",0.95,73.6498638788753
"44711",2020-12-12,"72","20  day ahead inc hosp",2021-01-01,"quantile",0.975,81.6745181326518
"44712",2020-12-12,"72","20  day ahead inc hosp",2021-01-01,"quantile",0.99,91.0049129184568
"44713",2020-12-12,"72","21  day ahead inc hosp",2021-01-02,"quantile",0.01,0
"44714",2020-12-12,"72","21  day ahead inc hosp",2021-01-02,"quantile",0.025,0
"44715",2020-12-12,"72","21  day ahead inc hosp",2021-01-02,"quantile",0.05,0
"44716",2020-12-12,"72","21  day ahead inc hosp",2021-01-02,"quantile",0.1,0
"44717",2020-12-12,"72","21  day ahead inc hosp",2021-01-02,"quantile",0.15,5.22062931594058
"44718",2020-12-12,"72","21  day ahead inc hosp",2021-01-02,"quantile",0.2,10.2094404635507
"44719",2020-12-12,"72","21  day ahead inc hosp",2021-01-02,"quantile",0.25,14.4893962160327
"44720",2020-12-12,"72","21  day ahead inc hosp",2021-01-02,"quantile",0.3,18.3329287593549
"44721",2020-12-12,"72","21  day ahead inc hosp",2021-01-02,"quantile",0.35,21.8945344615974
"44722",2020-12-12,"72","21  day ahead inc hosp",2021-01-02,"quantile",0.4,25.2741499828445
"44723",2020-12-12,"72","21  day ahead inc hosp",2021-01-02,"quantile",0.45,28.5439671116228
"44724",2020-12-12,"72","21  day ahead inc hosp",2021-01-02,"quantile",0.5,31.7619425251741
"44725",2020-12-12,"72","21  day ahead inc hosp",2021-01-02,"quantile",0.55,34.9799179387254
"44726",2020-12-12,"72","21  day ahead inc hosp",2021-01-02,"quantile",0.6,38.2497350675038
"44727",2020-12-12,"72","21  day ahead inc hosp",2021-01-02,"quantile",0.65,41.6293505887509
"44728",2020-12-12,"72","21  day ahead inc hosp",2021-01-02,"quantile",0.7,45.1909562909934
"44729",2020-12-12,"72","21  day ahead inc hosp",2021-01-02,"quantile",0.75,49.0344888343156
"44730",2020-12-12,"72","21  day ahead inc hosp",2021-01-02,"quantile",0.8,53.3144445867975
"44731",2020-12-12,"72","21  day ahead inc hosp",2021-01-02,"quantile",0.85,58.3032557344077
"44732",2020-12-12,"72","21  day ahead inc hosp",2021-01-02,"quantile",0.9,64.5803193159063
"44733",2020-12-12,"72","21  day ahead inc hosp",2021-01-02,"quantile",0.95,73.8838731179211
"44734",2020-12-12,"72","21  day ahead inc hosp",2021-01-02,"quantile",0.975,81.9533185651745
"44735",2020-12-12,"72","21  day ahead inc hosp",2021-01-02,"quantile",0.99,91.3357927932647
"44736",2020-12-12,"72","22  day ahead inc hosp",2021-01-03,"quantile",0.01,0
"44737",2020-12-12,"72","22  day ahead inc hosp",2021-01-03,"quantile",0.025,0
"44738",2020-12-12,"72","22  day ahead inc hosp",2021-01-03,"quantile",0.05,0
"44739",2020-12-12,"72","22  day ahead inc hosp",2021-01-03,"quantile",0.1,0
"44740",2020-12-12,"72","22  day ahead inc hosp",2021-01-03,"quantile",0.15,5.03177077267452
"44741",2020-12-12,"72","22  day ahead inc hosp",2021-01-03,"quantile",0.2,10.0480590579779
"44742",2020-12-12,"72","22  day ahead inc hosp",2021-01-03,"quantile",0.25,14.35158774799
"44743",2020-12-12,"72","22  day ahead inc hosp",2021-01-03,"quantile",0.3,18.2162895177664
"44744",2020-12-12,"72","22  day ahead inc hosp",2021-01-03,"quantile",0.35,21.7975116631642
"44745",2020-12-12,"72","22  day ahead inc hosp",2021-01-03,"quantile",0.4,25.1957412706695
"44746",2020-12-12,"72","22  day ahead inc hosp",2021-01-03,"quantile",0.45,28.4835677433217
"44747",2020-12-12,"72","22  day ahead inc hosp",2021-01-03,"quantile",0.5,31.7192669694038
"44748",2020-12-12,"72","22  day ahead inc hosp",2021-01-03,"quantile",0.55,34.9549661954859
"44749",2020-12-12,"72","22  day ahead inc hosp",2021-01-03,"quantile",0.6,38.2427926681381
"44750",2020-12-12,"72","22  day ahead inc hosp",2021-01-03,"quantile",0.65,41.6410222756434
"44751",2020-12-12,"72","22  day ahead inc hosp",2021-01-03,"quantile",0.7,45.2222444210412
"44752",2020-12-12,"72","22  day ahead inc hosp",2021-01-03,"quantile",0.75,49.0869461908177
"44753",2020-12-12,"72","22  day ahead inc hosp",2021-01-03,"quantile",0.8,53.3904748808297
"44754",2020-12-12,"72","22  day ahead inc hosp",2021-01-03,"quantile",0.85,58.4067631661331
"44755",2020-12-12,"72","22  day ahead inc hosp",2021-01-03,"quantile",0.9,64.7183992610492
"44756",2020-12-12,"72","22  day ahead inc hosp",2021-01-03,"quantile",0.95,74.0731947359376
"44757",2020-12-12,"72","22  day ahead inc hosp",2021-01-03,"quantile",0.975,82.1870846925345
"44758",2020-12-12,"72","22  day ahead inc hosp",2021-01-03,"quantile",0.99,91.6212352676822
"44759",2020-12-12,"72","23  day ahead inc hosp",2021-01-04,"quantile",0.01,0
"44760",2020-12-12,"72","23  day ahead inc hosp",2021-01-04,"quantile",0.025,0
"44761",2020-12-12,"72","23  day ahead inc hosp",2021-01-04,"quantile",0.05,0
"44762",2020-12-12,"72","23  day ahead inc hosp",2021-01-04,"quantile",0.1,0
"44763",2020-12-12,"72","23  day ahead inc hosp",2021-01-04,"quantile",0.15,4.88671184435917
"44764",2020-12-12,"72","23  day ahead inc hosp",2021-01-04,"quantile",0.2,9.93028471679043
"44765",2020-12-12,"72","23  day ahead inc hosp",2021-01-04,"quantile",0.25,14.2572211530925
"44766",2020-12-12,"72","23  day ahead inc hosp",2021-01-04,"quantile",0.3,18.1429438024842
"44767",2020-12-12,"72","23  day ahead inc hosp",2021-01-04,"quantile",0.35,21.7436449255828
"44768",2020-12-12,"72","23  day ahead inc hosp",2021-01-04,"quantile",0.4,25.1603581780728
"44769",2020-12-12,"72","23  day ahead inc hosp",2021-01-04,"quantile",0.45,28.4660677911572
"44770",2020-12-12,"72","23  day ahead inc hosp",2021-01-04,"quantile",0.5,31.7193666272363
"44771",2020-12-12,"72","23  day ahead inc hosp",2021-01-04,"quantile",0.55,34.9726654633153
"44772",2020-12-12,"72","23  day ahead inc hosp",2021-01-04,"quantile",0.6,38.2783750763997
"44773",2020-12-12,"72","23  day ahead inc hosp",2021-01-04,"quantile",0.65,41.6950883288897
"44774",2020-12-12,"72","23  day ahead inc hosp",2021-01-04,"quantile",0.7,45.2957894519883
"44775",2020-12-12,"72","23  day ahead inc hosp",2021-01-04,"quantile",0.75,49.18151210138
"44776",2020-12-12,"72","23  day ahead inc hosp",2021-01-04,"quantile",0.8,53.5084485376821
"44777",2020-12-12,"72","23  day ahead inc hosp",2021-01-04,"quantile",0.85,58.5520214101133
"44778",2020-12-12,"72","23  day ahead inc hosp",2021-01-04,"quantile",0.9,64.8979877458682
"44779",2020-12-12,"72","23  day ahead inc hosp",2021-01-04,"quantile",0.95,74.3036658091728
"44780",2020-12-12,"72","23  day ahead inc hosp",2021-01-04,"quantile",0.975,82.4616888228979
"44781",2020-12-12,"72","23  day ahead inc hosp",2021-01-04,"quantile",0.99,91.9471536145948
"44782",2020-12-12,"72","24  day ahead inc hosp",2021-01-05,"quantile",0.01,0
"44783",2020-12-12,"72","24  day ahead inc hosp",2021-01-05,"quantile",0.025,0
"44784",2020-12-12,"72","24  day ahead inc hosp",2021-01-05,"quantile",0.05,0
"44785",2020-12-12,"72","24  day ahead inc hosp",2021-01-05,"quantile",0.1,0
"44786",2020-12-12,"72","24  day ahead inc hosp",2021-01-05,"quantile",0.15,4.74256329079625
"44787",2020-12-12,"72","24  day ahead inc hosp",2021-01-05,"quantile",0.2,9.81324404491265
"44788",2020-12-12,"72","24  day ahead inc hosp",2021-01-05,"quantile",0.25,14.163436629969
"44789",2020-12-12,"72","24  day ahead inc hosp",2021-01-05,"quantile",0.3,18.0700440197036
"44790",2020-12-12,"72","24  day ahead inc hosp",2021-01-05,"quantile",0.35,21.6900979671783
"44791",2020-12-12,"72","24  day ahead inc hosp",2021-01-05,"quantile",0.4,25.1251751574845
"44792",2020-12-12,"72","24  day ahead inc hosp",2021-01-05,"quantile",0.45,28.4486520929301
"44793",2020-12-12,"72","24  day ahead inc hosp",2021-01-05,"quantile",0.5,31.7194365571869
"44794",2020-12-12,"72","24  day ahead inc hosp",2021-01-05,"quantile",0.55,34.9902210214437
"44795",2020-12-12,"72","24  day ahead inc hosp",2021-01-05,"quantile",0.6,38.3136979568894
"44796",2020-12-12,"72","24  day ahead inc hosp",2021-01-05,"quantile",0.65,41.7487751471955
"44797",2020-12-12,"72","24  day ahead inc hosp",2021-01-05,"quantile",0.7,45.3688290946702
"44798",2020-12-12,"72","24  day ahead inc hosp",2021-01-05,"quantile",0.75,49.2754364844048
"44799",2020-12-12,"72","24  day ahead inc hosp",2021-01-05,"quantile",0.8,53.6256290694612
"44800",2020-12-12,"72","24  day ahead inc hosp",2021-01-05,"quantile",0.85,58.6963098235776
"44801",2020-12-12,"72","24  day ahead inc hosp",2021-01-05,"quantile",0.9,65.0763840643749
"44802",2020-12-12,"72","24  day ahead inc hosp",2021-01-05,"quantile",0.95,74.5326151809529
"44803",2020-12-12,"72","24  day ahead inc hosp",2021-01-05,"quantile",0.975,82.7344854292147
"44804",2020-12-12,"72","24  day ahead inc hosp",2021-01-05,"quantile",0.99,92.2709321069288
"44805",2020-12-12,"72","25  day ahead inc hosp",2021-01-06,"quantile",0.01,0
"44806",2020-12-12,"72","25  day ahead inc hosp",2021-01-06,"quantile",0.025,0
"44807",2020-12-12,"72","25  day ahead inc hosp",2021-01-06,"quantile",0.05,0
"44808",2020-12-12,"72","25  day ahead inc hosp",2021-01-06,"quantile",0.1,0
"44809",2020-12-12,"72","25  day ahead inc hosp",2021-01-06,"quantile",0.15,4.5992717384413
"44810",2020-12-12,"72","25  day ahead inc hosp",2021-01-06,"quantile",0.2,9.69689536793389
"44811",2020-12-12,"72","25  day ahead inc hosp",2021-01-06,"quantile",0.25,14.0702025410239
"44812",2020-12-12,"72","25  day ahead inc hosp",2021-01-06,"quantile",0.3,17.9975675451991
"44813",2020-12-12,"72","25  day ahead inc hosp",2021-01-06,"quantile",0.35,21.636856515956
"44814",2020-12-12,"72","25  day ahead inc hosp",2021-01-06,"quantile",0.4,25.0901858623599
"44815",2020-12-12,"72","25  day ahead inc hosp",2021-01-06,"quantile",0.45,28.4313219700606
"44816",2020-12-12,"72","25  day ahead inc hosp",2021-01-06,"quantile",0.5,31.7194856270681
"44817",2020-12-12,"72","25  day ahead inc hosp",2021-01-06,"quantile",0.55,35.0076492840755
"44818",2020-12-12,"72","25  day ahead inc hosp",2021-01-06,"quantile",0.6,38.3487853917763
"44819",2020-12-12,"72","25  day ahead inc hosp",2021-01-06,"quantile",0.65,41.8021147381802
"44820",2020-12-12,"72","25  day ahead inc hosp",2021-01-06,"quantile",0.7,45.4414037089371
"44821",2020-12-12,"72","25  day ahead inc hosp",2021-01-06,"quantile",0.75,49.3687687131123
"44822",2020-12-12,"72","25  day ahead inc hosp",2021-01-06,"quantile",0.8,53.7420758862023
"44823",2020-12-12,"72","25  day ahead inc hosp",2021-01-06,"quantile",0.85,58.8396995156949
"44824",2020-12-12,"72","25  day ahead inc hosp",2021-01-06,"quantile",0.9,65.25367404592
"44825",2020-12-12,"72","25  day ahead inc hosp",2021-01-06,"quantile",0.95,74.7601504981556
"44826",2020-12-12,"72","25  day ahead inc hosp",2021-01-06,"quantile",0.975,83.0056010818134
"44827",2020-12-12,"72","25  day ahead inc hosp",2021-01-06,"quantile",0.99,92.5927193176138
"44828",2020-12-12,"72","26  day ahead inc hosp",2021-01-07,"quantile",0.01,0
"44829",2020-12-12,"72","26  day ahead inc hosp",2021-01-07,"quantile",0.025,0
"44830",2020-12-12,"72","26  day ahead inc hosp",2021-01-07,"quantile",0.05,0
"44831",2020-12-12,"72","26  day ahead inc hosp",2021-01-07,"quantile",0.1,0
"44832",2020-12-12,"72","26  day ahead inc hosp",2021-01-07,"quantile",0.15,4.45679661186126
"44833",2020-12-12,"72","26  day ahead inc hosp",2021-01-07,"quantile",0.2,9.58120690675645
"44834",2020-12-12,"72","26  day ahead inc hosp",2021-01-07,"quantile",0.25,13.977494653632
"44835",2020-12-12,"72","26  day ahead inc hosp",2021-01-07,"quantile",0.3,17.925496923311
"44836",2020-12-12,"72","26  day ahead inc hosp",2021-01-07,"quantile",0.35,21.5839093961247
"44837",2020-12-12,"72","26  day ahead inc hosp",2021-01-07,"quantile",0.4,25.0553850758891
"44838",2020-12-12,"72","26  day ahead inc hosp",2021-01-07,"quantile",0.45,28.4140779711219
"44839",2020-12-12,"72","26  day ahead inc hosp",2021-01-07,"quantile",0.5,31.7195200594281
"44840",2020-12-12,"72","26  day ahead inc hosp",2021-01-07,"quantile",0.55,35.0249621477344
"44841",2020-12-12,"72","26  day ahead inc hosp",2021-01-07,"quantile",0.6,38.3836550429672
"44842",2020-12-12,"72","26  day ahead inc hosp",2021-01-07,"quantile",0.65,41.8551307227316
"44843",2020-12-12,"72","26  day ahead inc hosp",2021-01-07,"quantile",0.7,45.5135431955452
"44844",2020-12-12,"72","26  day ahead inc hosp",2021-01-07,"quantile",0.75,49.4615454652243
"44845",2020-12-12,"72","26  day ahead inc hosp",2021-01-07,"quantile",0.8,53.8578332120998
"44846",2020-12-12,"72","26  day ahead inc hosp",2021-01-07,"quantile",0.85,58.982243506995
"44847",2020-12-12,"72","26  day ahead inc hosp",2021-01-07,"quantile",0.9,65.4299217788318
"44848",2020-12-12,"72","26  day ahead inc hosp",2021-01-07,"quantile",0.95,74.9863522532534
"44849",2020-12-12,"72","26  day ahead inc hosp",2021-01-07,"quantile",0.975,83.2751305013155
"44850",2020-12-12,"72","26  day ahead inc hosp",2021-01-07,"quantile",0.99,92.9126265105694
"44851",2020-12-12,"72","27  day ahead inc hosp",2021-01-08,"quantile",0.01,0
"44852",2020-12-12,"72","27  day ahead inc hosp",2021-01-08,"quantile",0.025,0
"44853",2020-12-12,"72","27  day ahead inc hosp",2021-01-08,"quantile",0.05,0
"44854",2020-12-12,"72","27  day ahead inc hosp",2021-01-08,"quantile",0.1,0
"44855",2020-12-12,"72","27  day ahead inc hosp",2021-01-08,"quantile",0.15,4.31510632281664
"44856",2020-12-12,"72","27  day ahead inc hosp",2021-01-08,"quantile",0.2,9.46615383131183
"44857",2020-12-12,"72","27  day ahead inc hosp",2021-01-08,"quantile",0.25,13.8852939356337
"44858",2020-12-12,"72","27  day ahead inc hosp",2021-01-08,"quantile",0.3,17.8538183285813
"44859",2020-12-12,"72","27  day ahead inc hosp",2021-01-08,"quantile",0.35,21.5312476070111
"44860",2020-12-12,"72","27  day ahead inc hosp",2021-01-08,"quantile",0.4,25.0207683756477
"44861",2020-12-12,"72","27  day ahead inc hosp",2021-01-08,"quantile",0.45,28.3969201031985
"44862",2020-12-12,"72","27  day ahead inc hosp",2021-01-08,"quantile",0.5,31.7195442206323
"44863",2020-12-12,"72","27  day ahead inc hosp",2021-01-08,"quantile",0.55,35.0421683380662
"44864",2020-12-12,"72","27  day ahead inc hosp",2021-01-08,"quantile",0.6,38.418320065617
"44865",2020-12-12,"72","27  day ahead inc hosp",2021-01-08,"quantile",0.65,41.9078408342536
"44866",2020-12-12,"72","27  day ahead inc hosp",2021-01-08,"quantile",0.7,45.5852701126833
"44867",2020-12-12,"72","27  day ahead inc hosp",2021-01-08,"quantile",0.75,49.553794505631
"44868",2020-12-12,"72","27  day ahead inc hosp",2021-01-08,"quantile",0.8,53.9729346099528
"44869",2020-12-12,"72","27  day ahead inc hosp",2021-01-08,"quantile",0.85,59.123982118448
"44870",2020-12-12,"72","27  day ahead inc hosp",2021-01-08,"quantile",0.9,65.6051760874026
"44871",2020-12-12,"72","27  day ahead inc hosp",2021-01-08,"quantile",0.95,75.2112818737433
"44872",2020-12-12,"72","27  day ahead inc hosp",2021-01-08,"quantile",0.975,83.5431460466184
"44873",2020-12-12,"72","27  day ahead inc hosp",2021-01-08,"quantile",0.99,93.2307387548083
"44874",2020-12-12,"72","28  day ahead inc hosp",2021-01-09,"quantile",0.01,0
"44875",2020-12-12,"72","28  day ahead inc hosp",2021-01-09,"quantile",0.025,0
"44876",2020-12-12,"72","28  day ahead inc hosp",2021-01-09,"quantile",0.05,0
"44877",2020-12-12,"72","28  day ahead inc hosp",2021-01-09,"quantile",0.1,0
"44878",2020-12-12,"72","28  day ahead inc hosp",2021-01-09,"quantile",0.15,4.17417562043107
"44879",2020-12-12,"72","28  day ahead inc hosp",2021-01-09,"quantile",0.2,9.35171621287838
"44880",2020-12-12,"72","28  day ahead inc hosp",2021-01-09,"quantile",0.25,13.7935850242422
"44881",2020-12-12,"72","28  day ahead inc hosp",2021-01-09,"quantile",0.3,17.7825204985738
"44882",2020-12-12,"72","28  day ahead inc hosp",2021-01-09,"quantile",0.35,21.478863685765
"44883",2020-12-12,"72","28  day ahead inc hosp",2021-01-09,"quantile",0.4,24.986331904221
"44884",2020-12-12,"72","28  day ahead inc hosp",2021-01-09,"quantile",0.45,28.3798479971763
"44885",2020-12-12,"72","28  day ahead inc hosp",2021-01-09,"quantile",0.5,31.7195611745614
"44886",2020-12-12,"72","28  day ahead inc hosp",2021-01-09,"quantile",0.55,35.0592743519465
"44887",2020-12-12,"72","28  day ahead inc hosp",2021-01-09,"quantile",0.6,38.4527904449017
"44888",2020-12-12,"72","28  day ahead inc hosp",2021-01-09,"quantile",0.65,41.9602586633577
"44889",2020-12-12,"72","28  day ahead inc hosp",2021-01-09,"quantile",0.7,45.6566018505489
"44890",2020-12-12,"72","28  day ahead inc hosp",2021-01-09,"quantile",0.75,49.6455373248805
"44891",2020-12-12,"72","28  day ahead inc hosp",2021-01-09,"quantile",0.8,54.0874061362443
"44892",2020-12-12,"72","28  day ahead inc hosp",2021-01-09,"quantile",0.85,59.2649467286916
"44893",2020-12-12,"72","28  day ahead inc hosp",2021-01-09,"quantile",0.9,65.779475046756
"44894",2020-12-12,"72","28  day ahead inc hosp",2021-01-09,"quantile",0.95,75.4349873599499
"44895",2020-12-12,"72","28  day ahead inc hosp",2021-01-09,"quantile",0.975,83.8097043266782
"44896",2020-12-12,"72","28  day ahead inc hosp",2021-01-09,"quantile",0.99,93.5471226686811
"44897",2020-12-12,"72","29  day ahead inc hosp",2021-01-10,"quantile",0.01,0
"44898",2020-12-12,"72","29  day ahead inc hosp",2021-01-10,"quantile",0.025,0
"44899",2020-12-12,"72","29  day ahead inc hosp",2021-01-10,"quantile",0.05,0
"44900",2020-12-12,"72","29  day ahead inc hosp",2021-01-10,"quantile",0.1,0
"44901",2020-12-12,"72","29  day ahead inc hosp",2021-01-10,"quantile",0.15,4.04730353926932
"44902",2020-12-12,"72","29  day ahead inc hosp",2021-01-10,"quantile",0.2,9.25119739197888
"44903",2020-12-12,"72","29  day ahead inc hosp",2021-01-10,"quantile",0.25,13.7156749541089
"44904",2020-12-12,"72","29  day ahead inc hosp",2021-01-10,"quantile",0.3,17.7249137853814
"44905",2020-12-12,"72","29  day ahead inc hosp",2021-01-10,"quantile",0.35,21.4400710585834
"44906",2020-12-12,"72","29  day ahead inc hosp",2021-01-10,"quantile",0.4,24.9653920048302
"44907",2020-12-12,"72","29  day ahead inc hosp",2021-01-10,"quantile",0.45,28.3761808185309
"44908",2020-12-12,"72","29  day ahead inc hosp",2021-01-10,"quantile",0.5,31.7328928641998
"44909",2020-12-12,"72","29  day ahead inc hosp",2021-01-10,"quantile",0.55,35.0896049098687
"44910",2020-12-12,"72","29  day ahead inc hosp",2021-01-10,"quantile",0.6,38.5003937235694
"44911",2020-12-12,"72","29  day ahead inc hosp",2021-01-10,"quantile",0.65,42.0257146698162
"44912",2020-12-12,"72","29  day ahead inc hosp",2021-01-10,"quantile",0.7,45.7408719430181
"44913",2020-12-12,"72","29  day ahead inc hosp",2021-01-10,"quantile",0.75,49.7501107742906
"44914",2020-12-12,"72","29  day ahead inc hosp",2021-01-10,"quantile",0.8,54.2145883364207
"44915",2020-12-12,"72","29  day ahead inc hosp",2021-01-10,"quantile",0.85,59.4184821891303
"44916",2020-12-12,"72","29  day ahead inc hosp",2021-01-10,"quantile",0.9,65.966168926175
"44917",2020-12-12,"72","29  day ahead inc hosp",2021-01-10,"quantile",0.95,75.670827011268
"44918",2020-12-12,"72","29  day ahead inc hosp",2021-01-10,"quantile",0.975,84.0881706058143
"44919",2020-12-12,"72","29  day ahead inc hosp",2021-01-10,"quantile",0.99,93.8751516147374
"44920",2020-12-12,"72","30  day ahead inc hosp",2021-01-11,"quantile",0.01,0
"44921",2020-12-12,"72","30  day ahead inc hosp",2021-01-11,"quantile",0.025,0
"44922",2020-12-12,"72","30  day ahead inc hosp",2021-01-11,"quantile",0.05,0
"44923",2020-12-12,"72","30  day ahead inc hosp",2021-01-11,"quantile",0.1,0
"44924",2020-12-12,"72","30  day ahead inc hosp",2021-01-11,"quantile",0.15,3.90783294090151
"44925",2020-12-12,"72","30  day ahead inc hosp",2021-01-11,"quantile",0.2,9.13794381294975
"44926",2020-12-12,"72","30  day ahead inc hosp",2021-01-11,"quantile",0.25,13.6249132432647
"44927",2020-12-12,"72","30  day ahead inc hosp",2021-01-11,"quantile",0.3,17.6543504673077
"44928",2020-12-12,"72","30  day ahead inc hosp",2021-01-11,"quantile",0.35,21.3882245615738
"44929",2020-12-12,"72","30  day ahead inc hosp",2021-01-11,"quantile",0.4,24.9313059406885
"44930",2020-12-12,"72","30  day ahead inc hosp",2021-01-11,"quantile",0.45,28.3592781787287
"44931",2020-12-12,"72","30  day ahead inc hosp",2021-01-11,"quantile",0.5,31.7329012120362
"44932",2020-12-12,"72","30  day ahead inc hosp",2021-01-11,"quantile",0.55,35.1065242453436
"44933",2020-12-12,"72","30  day ahead inc hosp",2021-01-11,"quantile",0.6,38.5344964833839
"44934",2020-12-12,"72","30  day ahead inc hosp",2021-01-11,"quantile",0.65,42.0775778624986
"44935",2020-12-12,"72","30  day ahead inc hosp",2021-01-11,"quantile",0.7,45.8114519567647
"44936",2020-12-12,"72","30  day ahead inc hosp",2021-01-11,"quantile",0.75,49.8408891808076
"44937",2020-12-12,"72","30  day ahead inc hosp",2021-01-11,"quantile",0.8,54.3278586111226
"44938",2020-12-12,"72","30  day ahead inc hosp",2021-01-11,"quantile",0.85,59.5579694831709
"44939",2020-12-12,"72","30  day ahead inc hosp",2021-01-11,"quantile",0.9,66.1386432170044
"44940",2020-12-12,"72","30  day ahead inc hosp",2021-01-11,"quantile",0.95,75.8921930004859
"44941",2020-12-12,"72","30  day ahead inc hosp",2021-01-11,"quantile",0.975,84.3519428519707
"44942",2020-12-12,"72","30  day ahead inc hosp",2021-01-11,"quantile",0.99,94.1882302990419
"44943",2020-12-12,"72","31  day ahead inc hosp",2021-01-12,"quantile",0.01,0
"44944",2020-12-12,"72","31  day ahead inc hosp",2021-01-12,"quantile",0.025,0
"44945",2020-12-12,"72","31  day ahead inc hosp",2021-01-12,"quantile",0.05,0
"44946",2020-12-12,"72","31  day ahead inc hosp",2021-01-12,"quantile",0.1,0
"44947",2020-12-12,"72","31  day ahead inc hosp",2021-01-12,"quantile",0.15,3.76906837443265
"44948",2020-12-12,"72","31  day ahead inc hosp",2021-01-12,"quantile",0.2,9.02526308918678
"44949",2020-12-12,"72","31  day ahead inc hosp",2021-01-12,"quantile",0.25,13.534610133994
"44950",2020-12-12,"72","31  day ahead inc hosp",2021-01-12,"quantile",0.3,17.5841431474603
"44951",2020-12-12,"72","31  day ahead inc hosp",2021-01-12,"quantile",0.35,21.3366389854983
"44952",2020-12-12,"72","31  day ahead inc hosp",2021-01-12,"quantile",0.4,24.8973905784284
"44953",2020-12-12,"72","31  day ahead inc hosp",2021-01-12,"quantile",0.45,28.3424589528307
"44954",2020-12-12,"72","31  day ahead inc hosp",2021-01-12,"quantile",0.5,31.7329070697172
"44955",2020-12-12,"72","31  day ahead inc hosp",2021-01-12,"quantile",0.55,35.1233551866036
"44956",2020-12-12,"72","31  day ahead inc hosp",2021-01-12,"quantile",0.6,38.5684235610059
"44957",2020-12-12,"72","31  day ahead inc hosp",2021-01-12,"quantile",0.65,42.129175153936
"44958",2020-12-12,"72","31  day ahead inc hosp",2021-01-12,"quantile",0.7,45.881670991974
"44959",2020-12-12,"72","31  day ahead inc hosp",2021-01-12,"quantile",0.75,49.9312040054403
"44960",2020-12-12,"72","31  day ahead inc hosp",2021-01-12,"quantile",0.8,54.4405510502475
"44961",2020-12-12,"72","31  day ahead inc hosp",2021-01-12,"quantile",0.85,59.6967457650016
"44962",2020-12-12,"72","31  day ahead inc hosp",2021-01-12,"quantile",0.9,66.3102389290101
"44963",2020-12-12,"72","31  day ahead inc hosp",2021-01-12,"quantile",0.95,76.112432051916
"44964",2020-12-12,"72","31  day ahead inc hosp",2021-01-12,"quantile",0.975,84.6143727459767
"44965",2020-12-12,"72","31  day ahead inc hosp",2021-01-12,"quantile",0.99,94.4997161654462
"44966",2020-12-12,"72","32  day ahead inc hosp",2021-01-13,"quantile",0.01,0
"44967",2020-12-12,"72","32  day ahead inc hosp",2021-01-13,"quantile",0.025,0
"44968",2020-12-12,"72","32  day ahead inc hosp",2021-01-13,"quantile",0.05,0
"44969",2020-12-12,"72","32  day ahead inc hosp",2021-01-13,"quantile",0.1,0
"44970",2020-12-12,"72","32  day ahead inc hosp",2021-01-13,"quantile",0.15,3.63099627664641
"44971",2020-12-12,"72","32  day ahead inc hosp",2021-01-13,"quantile",0.2,8.91314434649182
"44972",2020-12-12,"72","32  day ahead inc hosp",2021-01-13,"quantile",0.25,13.4447570590368
"44973",2020-12-12,"72","32  day ahead inc hosp",2021-01-13,"quantile",0.3,17.514285330281
"44974",2020-12-12,"72","32  day ahead inc hosp",2021-01-13,"quantile",0.35,21.2853097545394
"44975",2020-12-12,"72","32  day ahead inc hosp",2021-01-13,"quantile",0.4,24.8636431638781
"44976",2020-12-12,"72","32  day ahead inc hosp",2021-01-13,"quantile",0.45,28.3257221491285
"44977",2020-12-12,"72","32  day ahead inc hosp",2021-01-13,"quantile",0.5,31.7329111800548
"44978",2020-12-12,"72","32  day ahead inc hosp",2021-01-13,"quantile",0.55,35.1401002109811
"44979",2020-12-12,"72","32  day ahead inc hosp",2021-01-13,"quantile",0.6,38.6021791962315
"44980",2020-12-12,"72","32  day ahead inc hosp",2021-01-13,"quantile",0.65,42.1805126055702
"44981",2020-12-12,"72","32  day ahead inc hosp",2021-01-13,"quantile",0.7,45.9515370298286
"44982",2020-12-12,"72","32  day ahead inc hosp",2021-01-13,"quantile",0.75,50.0210653010728
"44983",2020-12-12,"72","32  day ahead inc hosp",2021-01-13,"quantile",0.8,54.5526780136178
"44984",2020-12-12,"72","32  day ahead inc hosp",2021-01-13,"quantile",0.85,59.8348260834632
"44985",2020-12-12,"72","32  day ahead inc hosp",2021-01-13,"quantile",0.9,66.4809744944315
"44986",2020-12-12,"72","32  day ahead inc hosp",2021-01-13,"quantile",0.95,76.3315676125046
"44987",2020-12-12,"72","32  day ahead inc hosp",2021-01-13,"quantile",0.975,84.875488084289
"44988",2020-12-12,"72","32  day ahead inc hosp",2021-01-13,"quantile",0.99,94.8096420676527
"44989",2020-12-12,"72","33  day ahead inc hosp",2021-01-14,"quantile",0.01,0
"44990",2020-12-12,"72","33  day ahead inc hosp",2021-01-14,"quantile",0.025,0
"44991",2020-12-12,"72","33  day ahead inc hosp",2021-01-14,"quantile",0.05,0
"44992",2020-12-12,"72","33  day ahead inc hosp",2021-01-14,"quantile",0.1,0
"44993",2020-12-12,"72","33  day ahead inc hosp",2021-01-14,"quantile",0.15,3.49360432554511
"44994",2020-12-12,"72","33  day ahead inc hosp",2021-01-14,"quantile",0.2,8.80157767693184
"44995",2020-12-12,"72","33  day ahead inc hosp",2021-01-14,"quantile",0.25,13.3553461815126
"44996",2020-12-12,"72","33  day ahead inc hosp",2021-01-14,"quantile",0.3,17.4447710387585
"44997",2020-12-12,"72","33  day ahead inc hosp",2021-01-14,"quantile",0.35,21.2342326151315
"44998",2020-12-12,"72","33  day ahead inc hosp",2021-01-14,"quantile",0.4,24.8300610788539
"44999",2020-12-12,"72","33  day ahead inc hosp",2021-01-14,"quantile",0.45,28.3090667316892
"45000",2020-12-12,"72","33  day ahead inc hosp",2021-01-14,"quantile",0.5,31.7329140642808
"45001",2020-12-12,"72","33  day ahead inc hosp",2021-01-14,"quantile",0.55,35.1567613968723
"45002",2020-12-12,"72","33  day ahead inc hosp",2021-01-14,"quantile",0.6,38.6357670497076
"45003",2020-12-12,"72","33  day ahead inc hosp",2021-01-14,"quantile",0.65,42.2315955134301
"45004",2020-12-12,"72","33  day ahead inc hosp",2021-01-14,"quantile",0.7,46.0210570898031
"45005",2020-12-12,"72","33  day ahead inc hosp",2021-01-14,"quantile",0.75,50.1104819470489
"45006",2020-12-12,"72","33  day ahead inc hosp",2021-01-14,"quantile",0.8,54.6642504516297
"45007",2020-12-12,"72","33  day ahead inc hosp",2021-01-14,"quantile",0.85,59.9722238030164
"45008",2020-12-12,"72","33  day ahead inc hosp",2021-01-14,"quantile",0.9,66.650866315174
"45009",2020-12-12,"72","33  day ahead inc hosp",2021-01-14,"quantile",0.95,76.5496205861076
"45010",2020-12-12,"72","33  day ahead inc hosp",2021-01-14,"quantile",0.975,85.1353136755341
"45011",2020-12-12,"72","33  day ahead inc hosp",2021-01-14,"quantile",0.99,95.1180373544275
"45012",2020-12-12,"72","34  day ahead inc hosp",2021-01-15,"quantile",0.01,0
"45013",2020-12-12,"72","34  day ahead inc hosp",2021-01-15,"quantile",0.025,0
"45014",2020-12-12,"72","34  day ahead inc hosp",2021-01-15,"quantile",0.05,0
"45015",2020-12-12,"72","34  day ahead inc hosp",2021-01-15,"quantile",0.1,0
"45016",2020-12-12,"72","34  day ahead inc hosp",2021-01-15,"quantile",0.15,3.35688113187254
"45017",2020-12-12,"72","34  day ahead inc hosp",2021-01-15,"quantile",0.2,8.69055390076822
"45018",2020-12-12,"72","34  day ahead inc hosp",2021-01-15,"quantile",0.25,13.2663702172522
"45019",2020-12-12,"72","34  day ahead inc hosp",2021-01-15,"quantile",0.3,17.3755946910033
"45020",2020-12-12,"72","34  day ahead inc hosp",2021-01-15,"quantile",0.35,21.1834035628012
"45021",2020-12-12,"72","34  day ahead inc hosp",2021-01-15,"quantile",0.4,24.7966418156959
"45022",2020-12-12,"72","34  day ahead inc hosp",2021-01-15,"quantile",0.45,28.2924916410373
"45023",2020-12-12,"72","34  day ahead inc hosp",2021-01-15,"quantile",0.5,31.7329160881436
"45024",2020-12-12,"72","34  day ahead inc hosp",2021-01-15,"quantile",0.55,35.1733405352499
"45025",2020-12-12,"72","34  day ahead inc hosp",2021-01-15,"quantile",0.6,38.6691903605912
"45026",2020-12-12,"72","34  day ahead inc hosp",2021-01-15,"quantile",0.65,42.282428613486
"45027",2020-12-12,"72","34  day ahead inc hosp",2021-01-15,"quantile",0.7,46.0902374852839
"45028",2020-12-12,"72","34  day ahead inc hosp",2021-01-15,"quantile",0.75,50.199461959035
"45029",2020-12-12,"72","34  day ahead inc hosp",2021-01-15,"quantile",0.8,54.7752782755189
"45030",2020-12-12,"72","34  day ahead inc hosp",2021-01-15,"quantile",0.85,60.1089510444146
"45031",2020-12-12,"72","34  day ahead inc hosp",2021-01-15,"quantile",0.9,66.8199292920687
"45032",2020-12-12,"72","34  day ahead inc hosp",2021-01-15,"quantile",0.95,76.7666099940498
"45033",2020-12-12,"72","34  day ahead inc hosp",2021-01-15,"quantile",0.975,85.3938721149507
"45034",2020-12-12,"72","34  day ahead inc hosp",2021-01-15,"quantile",0.99,95.4249287764566
"45035",2020-12-12,"72","35  day ahead inc hosp",2021-01-16,"quantile",0.01,0
"45036",2020-12-12,"72","35  day ahead inc hosp",2021-01-16,"quantile",0.025,0
"45037",2020-12-12,"72","35  day ahead inc hosp",2021-01-16,"quantile",0.05,0
"45038",2020-12-12,"72","35  day ahead inc hosp",2021-01-16,"quantile",0.1,0
"45039",2020-12-12,"72","35  day ahead inc hosp",2021-01-16,"quantile",0.15,3.22081602197829
"45040",2020-12-12,"72","35  day ahead inc hosp",2021-01-16,"quantile",0.2,8.58006439885266
"45041",2020-12-12,"72","35  day ahead inc hosp",2021-01-16,"quantile",0.25,13.177822309687
"45042",2020-12-12,"72","35  day ahead inc hosp",2021-01-16,"quantile",0.3,17.3067510132983
"45043",2020-12-12,"72","35  day ahead inc hosp",2021-01-16,"quantile",0.35,21.1328187905789
"45044",2020-12-12,"72","35  day ahead inc hosp",2021-01-16,"quantile",0.4,24.7633829592345
"45045",2020-12-12,"72","35  day ahead inc hosp",2021-01-16,"quantile",0.45,28.2759958085856
"45046",2020-12-12,"72","35  day ahead inc hosp",2021-01-16,"quantile",0.5,31.7329175082891
"45047",2020-12-12,"72","35  day ahead inc hosp",2021-01-16,"quantile",0.55,35.1898392079927
"45048",2020-12-12,"72","35  day ahead inc hosp",2021-01-16,"quantile",0.6,38.7024520573438
"45049",2020-12-12,"72","35  day ahead inc hosp",2021-01-16,"quantile",0.65,42.3330162259994
"45050",2020-12-12,"72","35  day ahead inc hosp",2021-01-16,"quantile",0.7,46.1590840032799
"45051",2020-12-12,"72","35  day ahead inc hosp",2021-01-16,"quantile",0.75,50.2880127068912
"45052",2020-12-12,"72","35  day ahead inc hosp",2021-01-16,"quantile",0.8,54.8857706177256
"45053",2020-12-12,"72","35  day ahead inc hosp",2021-01-16,"quantile",0.85,60.2450189945999
"45054",2020-12-12,"72","35  day ahead inc hosp",2021-01-16,"quantile",0.9,66.9881771970905
"45055",2020-12-12,"72","35  day ahead inc hosp",2021-01-16,"quantile",0.95,76.9825534397141
"45056",2020-12-12,"72","35  day ahead inc hosp",2021-01-16,"quantile",0.975,85.6511843290967
"45057",2020-12-12,"72","35  day ahead inc hosp",2021-01-16,"quantile",0.99,95.7303411242072
"45058",2020-12-12,"72","36  day ahead inc hosp",2021-01-17,"quantile",0.01,0
"45059",2020-12-12,"72","36  day ahead inc hosp",2021-01-17,"quantile",0.025,0
"45060",2020-12-12,"72","36  day ahead inc hosp",2021-01-17,"quantile",0.05,0
"45061",2020-12-12,"72","36  day ahead inc hosp",2021-01-17,"quantile",0.1,0
"45062",2020-12-12,"72","36  day ahead inc hosp",2021-01-17,"quantile",0.15,3.02901175483789
"45063",2020-12-12,"72","36  day ahead inc hosp",2021-01-17,"quantile",0.2,8.41371386460314
"45064",2020-12-12,"72","36  day ahead inc hosp",2021-01-17,"quantile",0.25,13.0333088118145
"45065",2020-12-12,"72","36  day ahead inc hosp",2021-01-17,"quantile",0.3,17.1818478489943
"45066",2020-12-12,"72","36  day ahead inc hosp",2021-01-17,"quantile",0.35,21.0260875228501
"45067",2020-12-12,"72","36  day ahead inc hosp",2021-01-17,"quantile",0.4,24.6738950443219
"45068",2020-12-12,"72","36  day ahead inc hosp",2021-01-17,"quantile",0.45,28.2031910370784
"45069",2020-12-12,"72","36  day ahead inc hosp",2021-01-17,"quantile",0.5,31.6765313752516
"45070",2020-12-12,"72","36  day ahead inc hosp",2021-01-17,"quantile",0.55,35.1498717134248
"45071",2020-12-12,"72","36  day ahead inc hosp",2021-01-17,"quantile",0.6,38.6791677061813
"45072",2020-12-12,"72","36  day ahead inc hosp",2021-01-17,"quantile",0.65,42.3269752276531
"45073",2020-12-12,"72","36  day ahead inc hosp",2021-01-17,"quantile",0.7,46.1712149015088
"45074",2020-12-12,"72","36  day ahead inc hosp",2021-01-17,"quantile",0.75,50.3197539386887
"45075",2020-12-12,"72","36  day ahead inc hosp",2021-01-17,"quantile",0.8,54.9393488859
"45076",2020-12-12,"72","36  day ahead inc hosp",2021-01-17,"quantile",0.85,60.3240509956653
"45077",2020-12-12,"72","36  day ahead inc hosp",2021-01-17,"quantile",0.9,67.0992358063026
"45078",2020-12-12,"72","36  day ahead inc hosp",2021-01-17,"quantile",0.95,77.1410803066745
"45079",2020-12-12,"72","36  day ahead inc hosp",2021-01-17,"quantile",0.975,85.8508828305236
"45080",2020-12-12,"72","36  day ahead inc hosp",2021-01-17,"quantile",0.99,95.9779105483432
"45081",2020-12-12,"72","37  day ahead inc hosp",2021-01-18,"quantile",0.01,0
"45082",2020-12-12,"72","37  day ahead inc hosp",2021-01-18,"quantile",0.025,0
"45083",2020-12-12,"72","37  day ahead inc hosp",2021-01-18,"quantile",0.05,0
"45084",2020-12-12,"72","37  day ahead inc hosp",2021-01-18,"quantile",0.1,0
"45085",2020-12-12,"72","37  day ahead inc hosp",2021-01-18,"quantile",0.15,2.8942329313134
"45086",2020-12-12,"72","37  day ahead inc hosp",2021-01-18,"quantile",0.2,8.30426873803697
"45087",2020-12-12,"72","37  day ahead inc hosp",2021-01-18,"quantile",0.25,12.9455977414834
"45088",2020-12-12,"72","37  day ahead inc hosp",2021-01-18,"quantile",0.3,17.1136546328816
"45089",2020-12-12,"72","37  day ahead inc hosp",2021-01-18,"quantile",0.35,20.9759805074125
"45090",2020-12-12,"72","37  day ahead inc hosp",2021-01-18,"quantile",0.4,24.6409500646715
"45091",2020-12-12,"72","37  day ahead inc hosp",2021-01-18,"quantile",0.45,28.1868505256667
"45092",2020-12-12,"72","37  day ahead inc hosp",2021-01-18,"quantile",0.5,31.6765320745079
"45093",2020-12-12,"72","37  day ahead inc hosp",2021-01-18,"quantile",0.55,35.1662136233492
"45094",2020-12-12,"72","37  day ahead inc hosp",2021-01-18,"quantile",0.6,38.7121140843444
"45095",2020-12-12,"72","37  day ahead inc hosp",2021-01-18,"quantile",0.65,42.3770836416034
"45096",2020-12-12,"72","37  day ahead inc hosp",2021-01-18,"quantile",0.7,46.2394095161343
"45097",2020-12-12,"72","37  day ahead inc hosp",2021-01-18,"quantile",0.75,50.4074664075325
"45098",2020-12-12,"72","37  day ahead inc hosp",2021-01-18,"quantile",0.8,55.0487954109789
"45099",2020-12-12,"72","37  day ahead inc hosp",2021-01-18,"quantile",0.85,60.4588312177025
"45100",2020-12-12,"72","37  day ahead inc hosp",2021-01-18,"quantile",0.9,67.265891603874
"45101",2020-12-12,"72","37  day ahead inc hosp",2021-01-18,"quantile",0.95,77.3549805089111
"45102",2020-12-12,"72","37  day ahead inc hosp",2021-01-18,"quantile",0.975,86.1057605080612
"45103",2020-12-12,"72","37  day ahead inc hosp",2021-01-18,"quantile",0.99,96.2804333966
