"","forecast_date","location","target","target_end_date","type","quantile","value"
"1",2021-05-15,"US","1  day ahead inc hosp",2021-05-16,"quantile",0.01,2926.54389885485
"2",2021-05-15,"US","1  day ahead inc hosp",2021-05-16,"quantile",0.025,2997.57934502738
"3",2021-05-15,"US","1  day ahead inc hosp",2021-05-16,"quantile",0.05,3059.70132646313
"4",2021-05-15,"US","1  day ahead inc hosp",2021-05-16,"quantile",0.1,3132.51681212084
"5",2021-05-15,"US","1  day ahead inc hosp",2021-05-16,"quantile",0.15,3182.37406236002
"6",2021-05-15,"US","1  day ahead inc hosp",2021-05-16,"quantile",0.2,3222.42158326978
"7",2021-05-15,"US","1  day ahead inc hosp",2021-05-16,"quantile",0.25,3257.07898812281
"8",2021-05-15,"US","1  day ahead inc hosp",2021-05-16,"quantile",0.3,3288.43997892198
"9",2021-05-15,"US","1  day ahead inc hosp",2021-05-16,"quantile",0.35,3317.70226444026
"10",2021-05-15,"US","1  day ahead inc hosp",2021-05-16,"quantile",0.4,3345.64947765573
"11",2021-05-15,"US","1  day ahead inc hosp",2021-05-16,"quantile",0.45,3372.85642166053
"12",2021-05-15,"US","1  day ahead inc hosp",2021-05-16,"quantile",0.5,3399.79368844279
"13",2021-05-15,"US","1  day ahead inc hosp",2021-05-16,"quantile",0.55,3426.89198453266
"14",2021-05-15,"US","1  day ahead inc hosp",2021-05-16,"quantile",0.6,3454.59243632727
"15",2021-05-15,"US","1  day ahead inc hosp",2021-05-16,"quantile",0.65,3483.39918978709
"16",2021-05-15,"US","1  day ahead inc hosp",2021-05-16,"quantile",0.7,3513.95174922126
"17",2021-05-15,"US","1  day ahead inc hosp",2021-05-16,"quantile",0.75,3547.14777103906
"18",2021-05-15,"US","1  day ahead inc hosp",2021-05-16,"quantile",0.8,3584.38928904873
"19",2021-05-15,"US","1  day ahead inc hosp",2021-05-16,"quantile",0.85,3628.16808910322
"20",2021-05-15,"US","1  day ahead inc hosp",2021-05-16,"quantile",0.9,3683.82011324488
"21",2021-05-15,"US","1  day ahead inc hosp",2021-05-16,"quantile",0.95,3767.47941636075
"22",2021-05-15,"US","1  day ahead inc hosp",2021-05-16,"quantile",0.975,3841.18825434317
"23",2021-05-15,"US","1  day ahead inc hosp",2021-05-16,"quantile",0.99,3928.24466799032
"24",2021-05-15,"US","2  day ahead inc hosp",2021-05-17,"quantile",0.01,3350.82443079536
"25",2021-05-15,"US","2  day ahead inc hosp",2021-05-17,"quantile",0.025,3446.64999989575
"26",2021-05-15,"US","2  day ahead inc hosp",2021-05-17,"quantile",0.05,3530.6965412349
"27",2021-05-15,"US","2  day ahead inc hosp",2021-05-17,"quantile",0.1,3629.49415329411
"28",2021-05-15,"US","2  day ahead inc hosp",2021-05-17,"quantile",0.15,3697.31398746599
"29",2021-05-15,"US","2  day ahead inc hosp",2021-05-17,"quantile",0.2,3751.88934098168
"30",2021-05-15,"US","2  day ahead inc hosp",2021-05-17,"quantile",0.25,3799.18971071817
"31",2021-05-15,"US","2  day ahead inc hosp",2021-05-17,"quantile",0.3,3842.04678566747
"32",2021-05-15,"US","2  day ahead inc hosp",2021-05-17,"quantile",0.35,3882.08296977125
"33",2021-05-15,"US","2  day ahead inc hosp",2021-05-17,"quantile",0.4,3920.36194159916
"34",2021-05-15,"US","2  day ahead inc hosp",2021-05-17,"quantile",0.45,3957.66605267868
"35",2021-05-15,"US","2  day ahead inc hosp",2021-05-17,"quantile",0.5,3994.63802533757
"36",2021-05-15,"US","2  day ahead inc hosp",2021-05-17,"quantile",0.55,4031.86843532864
"37",2021-05-15,"US","2  day ahead inc hosp",2021-05-17,"quantile",0.6,4069.96458211448
"38",2021-05-15,"US","2  day ahead inc hosp",2021-05-17,"quantile",0.65,4109.62304167397
"39",2021-05-15,"US","2  day ahead inc hosp",2021-05-17,"quantile",0.7,4151.73001044304
"40",2021-05-15,"US","2  day ahead inc hosp",2021-05-17,"quantile",0.75,4197.53217464702
"41",2021-05-15,"US","2  day ahead inc hosp",2021-05-17,"quantile",0.8,4248.97988253824
"42",2021-05-15,"US","2  day ahead inc hosp",2021-05-17,"quantile",0.85,4309.54375957741
"43",2021-05-15,"US","2  day ahead inc hosp",2021-05-17,"quantile",0.9,4386.66405948537
"44",2021-05-15,"US","2  day ahead inc hosp",2021-05-17,"quantile",0.95,4502.86615731488
"45",2021-05-15,"US","2  day ahead inc hosp",2021-05-17,"quantile",0.975,4605.51039614717
"46",2021-05-15,"US","2  day ahead inc hosp",2021-05-17,"quantile",0.99,4727.05177423082
"47",2021-05-15,"US","3  day ahead inc hosp",2021-05-18,"quantile",0.01,3124.47723081765
"48",2021-05-15,"US","3  day ahead inc hosp",2021-05-18,"quantile",0.025,3225.80002664987
"49",2021-05-15,"US","3  day ahead inc hosp",2021-05-18,"quantile",0.05,3314.89712251867
"50",2021-05-15,"US","3  day ahead inc hosp",2021-05-18,"quantile",0.1,3419.89692360427
"51",2021-05-15,"US","3  day ahead inc hosp",2021-05-18,"quantile",0.15,3492.13562647828
"52",2021-05-15,"US","3  day ahead inc hosp",2021-05-18,"quantile",0.2,3550.36001927256
"53",2021-05-15,"US","3  day ahead inc hosp",2021-05-18,"quantile",0.25,3600.88898618873
"54",2021-05-15,"US","3  day ahead inc hosp",2021-05-18,"quantile",0.3,3646.72348039456
"55",2021-05-15,"US","3  day ahead inc hosp",2021-05-18,"quantile",0.35,3689.58526533583
"56",2021-05-15,"US","3  day ahead inc hosp",2021-05-18,"quantile",0.4,3730.60521667525
"57",2021-05-15,"US","3  day ahead inc hosp",2021-05-18,"quantile",0.45,3770.61712341658
"58",2021-05-15,"US","3  day ahead inc hosp",2021-05-18,"quantile",0.5,3810.30804953436
"59",2021-05-15,"US","3  day ahead inc hosp",2021-05-18,"quantile",0.55,3850.31150525078
"60",2021-05-15,"US","3  day ahead inc hosp",2021-05-18,"quantile",0.6,3891.28122579339
"61",2021-05-15,"US","3  day ahead inc hosp",2021-05-18,"quantile",0.65,3933.9694037658
"62",2021-05-15,"US","3  day ahead inc hosp",2021-05-18,"quantile",0.7,3979.33541483999
"63",2021-05-15,"US","3  day ahead inc hosp",2021-05-18,"quantile",0.75,4028.73145942846
"64",2021-05-15,"US","3  day ahead inc hosp",2021-05-18,"quantile",0.8,4084.27591146064
"65",2021-05-15,"US","3  day ahead inc hosp",2021-05-18,"quantile",0.85,4149.74245159618
"66",2021-05-15,"US","3  day ahead inc hosp",2021-05-18,"quantile",0.9,4233.22871848429
"67",2021-05-15,"US","3  day ahead inc hosp",2021-05-18,"quantile",0.95,4359.27724313721
"68",2021-05-15,"US","3  day ahead inc hosp",2021-05-18,"quantile",0.975,4470.86686813754
"69",2021-05-15,"US","3  day ahead inc hosp",2021-05-18,"quantile",0.99,4603.29229989891
"70",2021-05-15,"US","4  day ahead inc hosp",2021-05-19,"quantile",0.01,2987.80807295856
"71",2021-05-15,"US","4  day ahead inc hosp",2021-05-19,"quantile",0.025,3094.80645735481
"72",2021-05-15,"US","4  day ahead inc hosp",2021-05-19,"quantile",0.05,3189.10749797285
"73",2021-05-15,"US","4  day ahead inc hosp",2021-05-19,"quantile",0.1,3300.48707913339
"74",2021-05-15,"US","4  day ahead inc hosp",2021-05-19,"quantile",0.15,3377.26533150427
"75",2021-05-15,"US","4  day ahead inc hosp",2021-05-19,"quantile",0.2,3439.23538125281
"76",2021-05-15,"US","4  day ahead inc hosp",2021-05-19,"quantile",0.25,3493.0764454461
"77",2021-05-15,"US","4  day ahead inc hosp",2021-05-19,"quantile",0.3,3541.96390153241
"78",2021-05-15,"US","4  day ahead inc hosp",2021-05-19,"quantile",0.35,3587.72181726033
"79",2021-05-15,"US","4  day ahead inc hosp",2021-05-19,"quantile",0.4,3631.55019219688
"80",2021-05-15,"US","4  day ahead inc hosp",2021-05-19,"quantile",0.45,3674.33567018894
"81",2021-05-15,"US","4  day ahead inc hosp",2021-05-19,"quantile",0.5,3716.81082411449
"82",2021-05-15,"US","4  day ahead inc hosp",2021-05-19,"quantile",0.55,3759.65317625717
"83",2021-05-15,"US","4  day ahead inc hosp",2021-05-19,"quantile",0.6,3803.56401279035
"84",2021-05-15,"US","4  day ahead inc hosp",2021-05-19,"quantile",0.65,3849.35243127803
"85",2021-05-15,"US","4  day ahead inc hosp",2021-05-19,"quantile",0.7,3898.05263760888
"86",2021-05-15,"US","4  day ahead inc hosp",2021-05-19,"quantile",0.75,3951.12468527639
"87",2021-05-15,"US","4  day ahead inc hosp",2021-05-19,"quantile",0.8,4010.85865808492
"88",2021-05-15,"US","4  day ahead inc hosp",2021-05-19,"quantile",0.85,4081.33789512937
"89",2021-05-15,"US","4  day ahead inc hosp",2021-05-19,"quantile",0.9,4171.33169567689
"90",2021-05-15,"US","4  day ahead inc hosp",2021-05-19,"quantile",0.95,4307.44348645603
"91",2021-05-15,"US","4  day ahead inc hosp",2021-05-19,"quantile",0.975,4428.17406207085
"92",2021-05-15,"US","4  day ahead inc hosp",2021-05-19,"quantile",0.99,4571.72062552963
"93",2021-05-15,"US","5  day ahead inc hosp",2021-05-20,"quantile",0.01,2891.7486633428
"94",2021-05-15,"US","5  day ahead inc hosp",2021-05-20,"quantile",0.025,3005.3476883994
"95",2021-05-15,"US","5  day ahead inc hosp",2021-05-20,"quantile",0.05,3105.69795494522
"96",2021-05-15,"US","5  day ahead inc hosp",2021-05-20,"quantile",0.1,3224.49119913925
"97",2021-05-15,"US","5  day ahead inc hosp",2021-05-20,"quantile",0.15,3306.543705301
"98",2021-05-15,"US","5  day ahead inc hosp",2021-05-20,"quantile",0.2,3372.86531240473
"99",2021-05-15,"US","5  day ahead inc hosp",2021-05-20,"quantile",0.25,3430.55413815741
"100",2021-05-15,"US","5  day ahead inc hosp",2021-05-20,"quantile",0.3,3482.98830700449
"101",2021-05-15,"US","5  day ahead inc hosp",2021-05-20,"quantile",0.35,3532.11079473408
"102",2021-05-15,"US","5  day ahead inc hosp",2021-05-20,"quantile",0.4,3579.20194284241
"103",2021-05-15,"US","5  day ahead inc hosp",2021-05-20,"quantile",0.45,3625.20983121098
"104",2021-05-15,"US","5  day ahead inc hosp",2021-05-20,"quantile",0.5,3670.91993635077
"105",2021-05-15,"US","5  day ahead inc hosp",2021-05-20,"quantile",0.55,3717.06095240556
"106",2021-05-15,"US","5  day ahead inc hosp",2021-05-20,"quantile",0.6,3764.38946207611
"107",2021-05-15,"US","5  day ahead inc hosp",2021-05-20,"quantile",0.65,3813.78074901806
"108",2021-05-15,"US","5  day ahead inc hosp",2021-05-20,"quantile",0.7,3866.35606829296
"109",2021-05-15,"US","5  day ahead inc hosp",2021-05-20,"quantile",0.75,3923.70095608804
"110",2021-05-15,"US","5  day ahead inc hosp",2021-05-20,"quantile",0.8,3988.30530094193
"111",2021-05-15,"US","5  day ahead inc hosp",2021-05-20,"quantile",0.85,4064.61281599533
"112",2021-05-15,"US","5  day ahead inc hosp",2021-05-20,"quantile",0.9,4162.17458970358
"113",2021-05-15,"US","5  day ahead inc hosp",2021-05-20,"quantile",0.95,4309.99339351357
"114",2021-05-15,"US","5  day ahead inc hosp",2021-05-20,"quantile",0.975,4441.36230387985
"115",2021-05-15,"US","5  day ahead inc hosp",2021-05-20,"quantile",0.99,4597.85746934084
"116",2021-05-15,"US","6  day ahead inc hosp",2021-05-21,"quantile",0.01,2647.96107433252
"117",2021-05-15,"US","6  day ahead inc hosp",2021-05-21,"quantile",0.025,2763.75972260934
"118",2021-05-15,"US","6  day ahead inc hosp",2021-05-21,"quantile",0.05,2866.35518711908
"119",2021-05-15,"US","6  day ahead inc hosp",2021-05-21,"quantile",0.1,2988.15703083824
"120",2021-05-15,"US","6  day ahead inc hosp",2021-05-21,"quantile",0.15,3072.50139370568
"121",2021-05-15,"US","6  day ahead inc hosp",2021-05-21,"quantile",0.2,3140.79899112615
"122",2021-05-15,"US","6  day ahead inc hosp",2021-05-21,"quantile",0.25,3200.2942142198
"123",2021-05-15,"US","6  day ahead inc hosp",2021-05-21,"quantile",0.3,3254.43950678615
"124",2021-05-15,"US","6  day ahead inc hosp",2021-05-21,"quantile",0.35,3305.2237966588
"125",2021-05-15,"US","6  day ahead inc hosp",2021-05-21,"quantile",0.4,3353.96049016954
"126",2021-05-15,"US","6  day ahead inc hosp",2021-05-21,"quantile",0.45,3401.62488179547
"127",2021-05-15,"US","6  day ahead inc hosp",2021-05-21,"quantile",0.5,3449.02781492595
"128",2021-05-15,"US","6  day ahead inc hosp",2021-05-21,"quantile",0.55,3496.9244639067
"129",2021-05-15,"US","6  day ahead inc hosp",2021-05-21,"quantile",0.6,3546.10195857673
"130",2021-05-15,"US","6  day ahead inc hosp",2021-05-21,"quantile",0.65,3597.47404614679
"131",2021-05-15,"US","6  day ahead inc hosp",2021-05-21,"quantile",0.7,3652.21445165557
"132",2021-05-15,"US","6  day ahead inc hosp",2021-05-21,"quantile",0.75,3711.98628772597
"133",2021-05-15,"US","6  day ahead inc hosp",2021-05-21,"quantile",0.8,3779.40516750912
"134",2021-05-15,"US","6  day ahead inc hosp",2021-05-21,"quantile",0.85,3859.14456923091
"135",2021-05-15,"US","6  day ahead inc hosp",2021-05-21,"quantile",0.9,3961.25975061454
"136",2021-05-15,"US","6  day ahead inc hosp",2021-05-21,"quantile",0.95,4116.32086992247
"137",2021-05-15,"US","6  day ahead inc hosp",2021-05-21,"quantile",0.975,4254.46117764952
"138",2021-05-15,"US","6  day ahead inc hosp",2021-05-21,"quantile",0.99,4419.41832324015
"139",2021-05-15,"US","7  day ahead inc hosp",2021-05-22,"quantile",0.01,2231.84261652707
"140",2021-05-15,"US","7  day ahead inc hosp",2021-05-22,"quantile",0.025,2342.92269317555
"141",2021-05-15,"US","7  day ahead inc hosp",2021-05-22,"quantile",0.05,2441.73002783006
"142",2021-05-15,"US","7  day ahead inc hosp",2021-05-22,"quantile",0.1,2559.49101189477
"143",2021-05-15,"US","7  day ahead inc hosp",2021-05-22,"quantile",0.15,2641.31567825388
"144",2021-05-15,"US","7  day ahead inc hosp",2021-05-22,"quantile",0.2,2707.73402955283
"145",2021-05-15,"US","7  day ahead inc hosp",2021-05-22,"quantile",0.25,2765.7065425065
"146",2021-05-15,"US","7  day ahead inc hosp",2021-05-22,"quantile",0.3,2818.55650134048
"147",2021-05-15,"US","7  day ahead inc hosp",2021-05-22,"quantile",0.35,2868.20263388544
"148",2021-05-15,"US","7  day ahead inc hosp",2021-05-22,"quantile",0.4,2915.91565382318
"149",2021-05-15,"US","7  day ahead inc hosp",2021-05-22,"quantile",0.45,2962.64274965066
"150",2021-05-15,"US","7  day ahead inc hosp",2021-05-22,"quantile",0.5,3009.17510844189
"151",2021-05-15,"US","7  day ahead inc hosp",2021-05-22,"quantile",0.55,3056.25346758743
"152",2021-05-15,"US","7  day ahead inc hosp",2021-05-22,"quantile",0.6,3104.65390767552
"153",2021-05-15,"US","7  day ahead inc hosp",2021-05-22,"quantile",0.65,3155.28142920658
"154",2021-05-15,"US","7  day ahead inc hosp",2021-05-22,"quantile",0.7,3209.30269007675
"155",2021-05-15,"US","7  day ahead inc hosp",2021-05-22,"quantile",0.75,3268.37519299533
"156",2021-05-15,"US","7  day ahead inc hosp",2021-05-22,"quantile",0.8,3335.11081647168
"157",2021-05-15,"US","7  day ahead inc hosp",2021-05-22,"quantile",0.85,3414.18341192957
"158",2021-05-15,"US","7  day ahead inc hosp",2021-05-22,"quantile",0.9,3515.66261367545
"159",2021-05-15,"US","7  day ahead inc hosp",2021-05-22,"quantile",0.95,3670.21039492506
"160",2021-05-15,"US","7  day ahead inc hosp",2021-05-22,"quantile",0.975,3808.33541258259
"161",2021-05-15,"US","7  day ahead inc hosp",2021-05-22,"quantile",0.99,3973.79676807508
"162",2021-05-15,"US","8  day ahead inc hosp",2021-05-23,"quantile",0.01,2103.32411338256
"163",2021-05-15,"US","8  day ahead inc hosp",2021-05-23,"quantile",0.025,2219.14128458316
"164",2021-05-15,"US","8  day ahead inc hosp",2021-05-23,"quantile",0.05,2322.51988754332
"165",2021-05-15,"US","8  day ahead inc hosp",2021-05-23,"quantile",0.1,2446.14530890919
"166",2021-05-15,"US","8  day ahead inc hosp",2021-05-23,"quantile",0.15,2532.29891531647
"167",2021-05-15,"US","8  day ahead inc hosp",2021-05-23,"quantile",0.2,2602.37815337294
"168",2021-05-15,"US","8  day ahead inc hosp",2021-05-23,"quantile",0.25,2663.65042466097
"169",2021-05-15,"US","8  day ahead inc hosp",2021-05-23,"quantile",0.3,2719.59118450815
"170",2021-05-15,"US","8  day ahead inc hosp",2021-05-23,"quantile",0.35,2772.21089174697
"171",2021-05-15,"US","8  day ahead inc hosp",2021-05-23,"quantile",0.4,2822.84439256979
"172",2021-05-15,"US","8  day ahead inc hosp",2021-05-23,"quantile",0.45,2872.48999904549
"173",2021-05-15,"US","8  day ahead inc hosp",2021-05-23,"quantile",0.5,2921.98502027545
"174",2021-05-15,"US","8  day ahead inc hosp",2021-05-23,"quantile",0.55,2972.11692840383
"175",2021-05-15,"US","8  day ahead inc hosp",2021-05-23,"quantile",0.6,3023.71442598142
"176",2021-05-15,"US","8  day ahead inc hosp",2021-05-23,"quantile",0.65,3077.74759422665
"177",2021-05-15,"US","8  day ahead inc hosp",2021-05-23,"quantile",0.7,3135.47077506615
"178",2021-05-15,"US","8  day ahead inc hosp",2021-05-23,"quantile",0.75,3198.67004246856
"179",2021-05-15,"US","8  day ahead inc hosp",2021-05-23,"quantile",0.8,3270.16449749746
"180",2021-05-15,"US","8  day ahead inc hosp",2021-05-23,"quantile",0.85,3355.00522694201
"181",2021-05-15,"US","8  day ahead inc hosp",2021-05-23,"quantile",0.9,3464.08702636039
"182",2021-05-15,"US","8  day ahead inc hosp",2021-05-23,"quantile",0.95,3630.62869642045
"183",2021-05-15,"US","8  day ahead inc hosp",2021-05-23,"quantile",0.975,3779.87936637072
"184",2021-05-15,"US","8  day ahead inc hosp",2021-05-23,"quantile",0.99,3959.1488504604
"185",2021-05-15,"US","9  day ahead inc hosp",2021-05-24,"quantile",0.01,2482.59966255824
"186",2021-05-15,"US","9  day ahead inc hosp",2021-05-24,"quantile",0.025,2625.24410810092
"187",2021-05-15,"US","9  day ahead inc hosp",2021-05-24,"quantile",0.05,2752.76753097136
"188",2021-05-15,"US","9  day ahead inc hosp",2021-05-24,"quantile",0.1,2905.49794213277
"189",2021-05-15,"US","9  day ahead inc hosp",2021-05-24,"quantile",0.15,3012.07576895756
"190",2021-05-15,"US","9  day ahead inc hosp",2021-05-24,"quantile",0.2,3098.85015847117
"191",2021-05-15,"US","9  day ahead inc hosp",2021-05-24,"quantile",0.25,3174.77743287977
"192",2021-05-15,"US","9  day ahead inc hosp",2021-05-24,"quantile",0.3,3244.14387216322
"193",2021-05-15,"US","9  day ahead inc hosp",2021-05-24,"quantile",0.35,3309.43114252056
"194",2021-05-15,"US","9  day ahead inc hosp",2021-05-24,"quantile",0.4,3372.28884274548
"195",2021-05-15,"US","9  day ahead inc hosp",2021-05-24,"quantile",0.45,3433.95254169273
"196",2021-05-15,"US","9  day ahead inc hosp",2021-05-24,"quantile",0.5,3495.46045116877
"197",2021-05-15,"US","9  day ahead inc hosp",2021-05-24,"quantile",0.55,3557.7909670893
"198",2021-05-15,"US","9  day ahead inc hosp",2021-05-24,"quantile",0.6,3621.97574125095
"199",2021-05-15,"US","9  day ahead inc hosp",2021-05-24,"quantile",0.65,3689.2244828829
"200",2021-05-15,"US","9  day ahead inc hosp",2021-05-24,"quantile",0.7,3761.10346745513
"201",2021-05-15,"US","9  day ahead inc hosp",2021-05-24,"quantile",0.75,3839.84513529224
"202",2021-05-15,"US","9  day ahead inc hosp",2021-05-24,"quantile",0.8,3928.97566704435
"203",2021-05-15,"US","9  day ahead inc hosp",2021-05-24,"quantile",0.85,4034.81659043798
"204",2021-05-15,"US","9  day ahead inc hosp",2021-05-24,"quantile",0.9,4171.00981254134
"205",2021-05-15,"US","9  day ahead inc hosp",2021-05-24,"quantile",0.95,4379.17474071035
"206",2021-05-15,"US","9  day ahead inc hosp",2021-05-24,"quantile",0.975,4565.95267008198
"207",2021-05-15,"US","9  day ahead inc hosp",2021-05-24,"quantile",0.99,4790.56400142341
"208",2021-05-15,"US","10  day ahead inc hosp",2021-05-25,"quantile",0.01,2342.8429319272
"209",2021-05-15,"US","10  day ahead inc hosp",2021-05-25,"quantile",0.025,2491.26540695801
"210",2021-05-15,"US","10  day ahead inc hosp",2021-05-25,"quantile",0.05,2624.46240505117
"211",2021-05-15,"US","10  day ahead inc hosp",2021-05-25,"quantile",0.1,2784.58053675273
"212",2021-05-15,"US","10  day ahead inc hosp",2021-05-25,"quantile",0.15,2896.67584217121
"213",2021-05-15,"US","10  day ahead inc hosp",2021-05-25,"quantile",0.2,2988.15223633945
"214",2021-05-15,"US","10  day ahead inc hosp",2021-05-25,"quantile",0.25,3068.34279577731
"215",2021-05-15,"US","10  day ahead inc hosp",2021-05-25,"quantile",0.3,3141.72216953523
"216",2021-05-15,"US","10  day ahead inc hosp",2021-05-25,"quantile",0.35,3210.8866721285
"217",2021-05-15,"US","10  day ahead inc hosp",2021-05-25,"quantile",0.4,3277.56700582685
"218",2021-05-15,"US","10  day ahead inc hosp",2021-05-25,"quantile",0.45,3343.0642933184
"219",2021-05-15,"US","10  day ahead inc hosp",2021-05-25,"quantile",0.5,3408.47676875441
"220",2021-05-15,"US","10  day ahead inc hosp",2021-05-25,"quantile",0.55,3474.8445067397
"221",2021-05-15,"US","10  day ahead inc hosp",2021-05-25,"quantile",0.6,3543.26943339594
"222",2021-05-15,"US","10  day ahead inc hosp",2021-05-25,"quantile",0.65,3615.04896132578
"223",2021-05-15,"US","10  day ahead inc hosp",2021-05-25,"quantile",0.7,3691.86830201698
"224",2021-05-15,"US","10  day ahead inc hosp",2021-05-25,"quantile",0.75,3776.1350903694
"225",2021-05-15,"US","10  day ahead inc hosp",2021-05-25,"quantile",0.8,3871.65880101557
"226",2021-05-15,"US","10  day ahead inc hosp",2021-05-25,"quantile",0.85,3985.27800345606
"227",2021-05-15,"US","10  day ahead inc hosp",2021-05-25,"quantile",0.9,4131.76824413264
"228",2021-05-15,"US","10  day ahead inc hosp",2021-05-25,"quantile",0.95,4356.27144713867
"229",2021-05-15,"US","10  day ahead inc hosp",2021-05-25,"quantile",0.975,4558.29625398957
"230",2021-05-15,"US","10  day ahead inc hosp",2021-05-25,"quantile",0.99,4801.93853010325
"231",2021-05-15,"US","11  day ahead inc hosp",2021-05-26,"quantile",0.01,2250.9679340871
"232",2021-05-15,"US","11  day ahead inc hosp",2021-05-26,"quantile",0.025,2407.07657045737
"233",2021-05-15,"US","11  day ahead inc hosp",2021-05-26,"quantile",0.05,2547.71358968109
"234",2021-05-15,"US","11  day ahead inc hosp",2021-05-26,"quantile",0.1,2717.40899685723
"235",2021-05-15,"US","11  day ahead inc hosp",2021-05-26,"quantile",0.15,2836.59659853911
"236",2021-05-15,"US","11  day ahead inc hosp",2021-05-26,"quantile",0.2,2934.08520677044
"237",2021-05-15,"US","11  day ahead inc hosp",2021-05-26,"quantile",0.25,3019.70583269385
"238",2021-05-15,"US","11  day ahead inc hosp",2021-05-26,"quantile",0.3,3098.18051407886
"239",2021-05-15,"US","11  day ahead inc hosp",2021-05-26,"quantile",0.35,3172.25513587838
"240",2021-05-15,"US","11  day ahead inc hosp",2021-05-26,"quantile",0.4,3243.76539963864
"241",2021-05-15,"US","11  day ahead inc hosp",2021-05-26,"quantile",0.45,3314.09656560512
"242",2021-05-15,"US","11  day ahead inc hosp",2021-05-26,"quantile",0.5,3384.42322039753
"243",2021-05-15,"US","11  day ahead inc hosp",2021-05-26,"quantile",0.55,3455.86325456407
"244",2021-05-15,"US","11  day ahead inc hosp",2021-05-26,"quantile",0.6,3529.60665733039
"245",2021-05-15,"US","11  day ahead inc hosp",2021-05-26,"quantile",0.65,3607.0601935122
"246",2021-05-15,"US","11  day ahead inc hosp",2021-05-26,"quantile",0.7,3690.0568521925
"247",2021-05-15,"US","11  day ahead inc hosp",2021-05-26,"quantile",0.75,3781.22144136463
"248",2021-05-15,"US","11  day ahead inc hosp",2021-05-26,"quantile",0.8,3884.71406837937
"249",2021-05-15,"US","11  day ahead inc hosp",2021-05-26,"quantile",0.85,4008.01255609734
"250",2021-05-15,"US","11  day ahead inc hosp",2021-05-26,"quantile",0.9,4167.29284187363
"251",2021-05-15,"US","11  day ahead inc hosp",2021-05-26,"quantile",0.95,4412.04436965409
"252",2021-05-15,"US","11  day ahead inc hosp",2021-05-26,"quantile",0.975,4632.92411493537
"253",2021-05-15,"US","11  day ahead inc hosp",2021-05-26,"quantile",0.99,4900.05733281462
"254",2021-05-15,"US","12  day ahead inc hosp",2021-05-27,"quantile",0.01,2153.26518525686
"255",2021-05-15,"US","12  day ahead inc hosp",2021-05-27,"quantile",0.025,2316.44456113995
"256",2021-05-15,"US","12  day ahead inc hosp",2021-05-27,"quantile",0.05,2464.05710535612
"257",2021-05-15,"US","12  day ahead inc hosp",2021-05-27,"quantile",0.1,2642.8777517963
"258",2021-05-15,"US","12  day ahead inc hosp",2021-05-27,"quantile",0.15,2768.90821655679
"259",2021-05-15,"US","12  day ahead inc hosp",2021-05-27,"quantile",0.2,2872.2453011217
"260",2021-05-15,"US","12  day ahead inc hosp",2021-05-27,"quantile",0.25,2963.18128053692
"261",2021-05-15,"US","12  day ahead inc hosp",2021-05-27,"quantile",0.3,3046.66947674799
"262",2021-05-15,"US","12  day ahead inc hosp",2021-05-27,"quantile",0.35,3125.59707589429
"263",2021-05-15,"US","12  day ahead inc hosp",2021-05-27,"quantile",0.4,3201.90023914702
"264",2021-05-15,"US","12  day ahead inc hosp",2021-05-27,"quantile",0.45,3277.04592412784
"265",2021-05-15,"US","12  day ahead inc hosp",2021-05-27,"quantile",0.5,3352.28401991929
"266",2021-05-15,"US","12  day ahead inc hosp",2021-05-27,"quantile",0.55,3428.810289897
"267",2021-05-15,"US","12  day ahead inc hosp",2021-05-27,"quantile",0.6,3507.9039275578
"268",2021-05-15,"US","12  day ahead inc hosp",2021-05-27,"quantile",0.65,3591.08349214468
"269",2021-05-15,"US","12  day ahead inc hosp",2021-05-27,"quantile",0.7,3680.33404653636
"270",2021-05-15,"US","12  day ahead inc hosp",2021-05-27,"quantile",0.75,3778.50491036409
"271",2021-05-15,"US","12  day ahead inc hosp",2021-05-27,"quantile",0.8,3890.11985633824
"272",2021-05-15,"US","12  day ahead inc hosp",2021-05-27,"quantile",0.85,4023.32140275231
"273",2021-05-15,"US","12  day ahead inc hosp",2021-05-27,"quantile",0.9,4195.74498425049
"274",2021-05-15,"US","12  day ahead inc hosp",2021-05-27,"quantile",0.95,4461.42344820168
"275",2021-05-15,"US","12  day ahead inc hosp",2021-05-27,"quantile",0.975,4701.90584678427
"276",2021-05-15,"US","12  day ahead inc hosp",2021-05-27,"quantile",0.99,4993.59764703326
"277",2021-05-15,"US","13  day ahead inc hosp",2021-05-28,"quantile",0.01,1968.21766604696
"278",2021-05-15,"US","13  day ahead inc hosp",2021-05-28,"quantile",0.025,2132.61157513595
"279",2021-05-15,"US","13  day ahead inc hosp",2021-05-28,"quantile",0.05,2282.05455656377
"280",2021-05-15,"US","13  day ahead inc hosp",2021-05-28,"quantile",0.1,2463.95038223036
"281",2021-05-15,"US","13  day ahead inc hosp",2021-05-28,"quantile",0.15,2592.67387358178
"282",2021-05-15,"US","13  day ahead inc hosp",2021-05-28,"quantile",0.2,2698.52412612225
"283",2021-05-15,"US","13  day ahead inc hosp",2021-05-28,"quantile",0.25,2791.88887101558
"284",2021-05-15,"US","13  day ahead inc hosp",2021-05-28,"quantile",0.3,2877.77921355012
"285",2021-05-15,"US","13  day ahead inc hosp",2021-05-28,"quantile",0.35,2959.12435604697
"286",2021-05-15,"US","13  day ahead inc hosp",2021-05-28,"quantile",0.4,3037.89599768654
"287",2021-05-15,"US","13  day ahead inc hosp",2021-05-28,"quantile",0.45,3115.59525320929
"288",2021-05-15,"US","13  day ahead inc hosp",2021-05-28,"quantile",0.5,3193.50850582755
"289",2021-05-15,"US","13  day ahead inc hosp",2021-05-28,"quantile",0.55,3272.87401445577
"290",2021-05-15,"US","13  day ahead inc hosp",2021-05-28,"quantile",0.6,3355.02411279232
"291",2021-05-15,"US","13  day ahead inc hosp",2021-05-28,"quantile",0.65,3441.54813539147
"292",2021-05-15,"US","13  day ahead inc hosp",2021-05-28,"quantile",0.7,3534.53141874974
"293",2021-05-15,"US","13  day ahead inc hosp",2021-05-28,"quantile",0.75,3636.97537360706
"294",2021-05-15,"US","13  day ahead inc hosp",2021-05-28,"quantile",0.8,3753.65473640406
"295",2021-05-15,"US","13  day ahead inc hosp",2021-05-28,"quantile",0.85,3893.17713677937
"296",2021-05-15,"US","13  day ahead inc hosp",2021-05-28,"quantile",0.9,4074.2118401724
"297",2021-05-15,"US","13  day ahead inc hosp",2021-05-28,"quantile",0.95,4354.05530070167
"298",2021-05-15,"US","13  day ahead inc hosp",2021-05-28,"quantile",0.975,4608.23977904209
"299",2021-05-15,"US","13  day ahead inc hosp",2021-05-28,"quantile",0.99,4917.59815784065
"300",2021-05-15,"US","14  day ahead inc hosp",2021-05-29,"quantile",0.01,1651.80027199124
"301",2021-05-15,"US","14  day ahead inc hosp",2021-05-29,"quantile",0.025,1806.77322586558
"302",2021-05-15,"US","14  day ahead inc hosp",2021-05-29,"quantile",0.05,1948.56520317049
"303",2021-05-15,"US","14  day ahead inc hosp",2021-05-29,"quantile",0.1,2122.22181327134
"304",2021-05-15,"US","14  day ahead inc hosp",2021-05-29,"quantile",0.15,2245.77353234236
"305",2021-05-15,"US","14  day ahead inc hosp",2021-05-29,"quantile",0.2,2347.75391572121
"306",2021-05-15,"US","14  day ahead inc hosp",2021-05-29,"quantile",0.25,2437.97820518326
"307",2021-05-15,"US","14  day ahead inc hosp",2021-05-29,"quantile",0.3,2521.19625254985
"308",2021-05-15,"US","14  day ahead inc hosp",2021-05-29,"quantile",0.35,2600.19512247767
"309",2021-05-15,"US","14  day ahead inc hosp",2021-05-29,"quantile",0.4,2676.86021293217
"310",2021-05-15,"US","14  day ahead inc hosp",2021-05-29,"quantile",0.45,2752.63614580574
"311",2021-05-15,"US","14  day ahead inc hosp",2021-05-29,"quantile",0.5,2828.77028701481
"312",2021-05-15,"US","14  day ahead inc hosp",2021-05-29,"quantile",0.55,2906.47293800828
"313",2021-05-15,"US","14  day ahead inc hosp",2021-05-29,"quantile",0.6,2987.05603281371
"314",2021-05-15,"US","14  day ahead inc hosp",2021-05-29,"quantile",0.65,3072.09423053622
"315",2021-05-15,"US","14  day ahead inc hosp",2021-05-29,"quantile",0.7,3163.66332938577
"316",2021-05-15,"US","14  day ahead inc hosp",2021-05-29,"quantile",0.75,3264.76123315746
"317",2021-05-15,"US","14  day ahead inc hosp",2021-05-29,"quantile",0.8,3380.16902000845
"318",2021-05-15,"US","14  day ahead inc hosp",2021-05-29,"quantile",0.85,3518.52265447793
"319",2021-05-15,"US","14  day ahead inc hosp",2021-05-29,"quantile",0.9,3698.58649308764
"320",2021-05-15,"US","14  day ahead inc hosp",2021-05-29,"quantile",0.95,3978.0716226351
"321",2021-05-15,"US","14  day ahead inc hosp",2021-05-29,"quantile",0.975,4233.0543441787
"322",2021-05-15,"US","14  day ahead inc hosp",2021-05-29,"quantile",0.99,4544.72264194263
"323",2021-05-15,"US","15  day ahead inc hosp",2021-05-30,"quantile",0.01,1612.67822128038
"324",2021-05-15,"US","15  day ahead inc hosp",2021-05-30,"quantile",0.025,1778.41399315379
"325",2021-05-15,"US","15  day ahead inc hosp",2021-05-30,"quantile",0.05,1930.89803091333
"326",2021-05-15,"US","15  day ahead inc hosp",2021-05-30,"quantile",0.1,2118.64383281754
"327",2021-05-15,"US","15  day ahead inc hosp",2021-05-30,"quantile",0.15,2252.83046341723
"328",2021-05-15,"US","15  day ahead inc hosp",2021-05-30,"quantile",0.2,2363.94409596691
"329",2021-05-15,"US","15  day ahead inc hosp",2021-05-30,"quantile",0.25,2462.50202672181
"330",2021-05-15,"US","15  day ahead inc hosp",2021-05-30,"quantile",0.3,2553.60778309069
"331",2021-05-15,"US","15  day ahead inc hosp",2021-05-30,"quantile",0.35,2640.26590018222
"332",2021-05-15,"US","15  day ahead inc hosp",2021-05-30,"quantile",0.4,2724.51773033993
"333",2021-05-15,"US","15  day ahead inc hosp",2021-05-30,"quantile",0.45,2807.93606849072
"334",2021-05-15,"US","15  day ahead inc hosp",2021-05-30,"quantile",0.5,2891.88777099308
"335",2021-05-15,"US","15  day ahead inc hosp",2021-05-30,"quantile",0.55,2977.70804172279
"336",2021-05-15,"US","15  day ahead inc hosp",2021-05-30,"quantile",0.6,3066.85318924063
"337",2021-05-15,"US","15  day ahead inc hosp",2021-05-30,"quantile",0.65,3161.0800738344
"338",2021-05-15,"US","15  day ahead inc hosp",2021-05-30,"quantile",0.7,3262.71361689447
"339",2021-05-15,"US","15  day ahead inc hosp",2021-05-30,"quantile",0.75,3375.12090077452
"340",2021-05-15,"US","15  day ahead inc hosp",2021-05-30,"quantile",0.8,3503.68274609068
"341",2021-05-15,"US","15  day ahead inc hosp",2021-05-30,"quantile",0.85,3658.13405727218
"342",2021-05-15,"US","15  day ahead inc hosp",2021-05-30,"quantile",0.9,3859.65830513213
"343",2021-05-15,"US","15  day ahead inc hosp",2021-05-30,"quantile",0.95,4173.52172857609
"344",2021-05-15,"US","15  day ahead inc hosp",2021-05-30,"quantile",0.975,4460.92085346403
"345",2021-05-15,"US","15  day ahead inc hosp",2021-05-30,"quantile",0.99,4813.46642782067
"346",2021-05-15,"US","16  day ahead inc hosp",2021-05-31,"quantile",0.01,1924.20227518513
"347",2021-05-15,"US","16  day ahead inc hosp",2021-05-31,"quantile",0.025,2127.46108619422
"348",2021-05-15,"US","16  day ahead inc hosp",2021-05-31,"quantile",0.05,2314.79821631021
"349",2021-05-15,"US","16  day ahead inc hosp",2021-05-31,"quantile",0.1,2545.84539763246
"350",2021-05-15,"US","16  day ahead inc hosp",2021-05-31,"quantile",0.15,2711.21903369415
"351",2021-05-15,"US","16  day ahead inc hosp",2021-05-31,"quantile",0.2,2848.29561864215
"352",2021-05-15,"US","16  day ahead inc hosp",2021-05-31,"quantile",0.25,2969.98139981647
"353",2021-05-15,"US","16  day ahead inc hosp",2021-05-31,"quantile",0.3,3082.54462280888
"354",2021-05-15,"US","16  day ahead inc hosp",2021-05-31,"quantile",0.35,3189.67943480025
"355",2021-05-15,"US","16  day ahead inc hosp",2021-05-31,"quantile",0.4,3293.89921556256
"356",2021-05-15,"US","16  day ahead inc hosp",2021-05-31,"quantile",0.45,3397.14386020817
"357",2021-05-15,"US","16  day ahead inc hosp",2021-05-31,"quantile",0.5,3501.10271828434
"358",2021-05-15,"US","16  day ahead inc hosp",2021-05-31,"quantile",0.55,3607.42951720613
"359",2021-05-15,"US","16  day ahead inc hosp",2021-05-31,"quantile",0.6,3717.93146652772
"360",2021-05-15,"US","16  day ahead inc hosp",2021-05-31,"quantile",0.65,3834.79218915672
"361",2021-05-15,"US","16  day ahead inc hosp",2021-05-31,"quantile",0.7,3960.90479720404
"362",2021-05-15,"US","16  day ahead inc hosp",2021-05-31,"quantile",0.75,4100.46286723734
"363",2021-05-15,"US","16  day ahead inc hosp",2021-05-31,"quantile",0.8,4260.17223128841
"364",2021-05-15,"US","16  day ahead inc hosp",2021-05-31,"quantile",0.85,4452.17101217021
"365",2021-05-15,"US","16  day ahead inc hosp",2021-05-31,"quantile",0.9,4702.88427518463
"366",2021-05-15,"US","16  day ahead inc hosp",2021-05-31,"quantile",0.95,5093.77220659629
"367",2021-05-15,"US","16  day ahead inc hosp",2021-05-31,"quantile",0.975,5452.10986953023
"368",2021-05-15,"US","16  day ahead inc hosp",2021-05-31,"quantile",0.99,5892.16096193178
"369",2021-05-15,"US","17  day ahead inc hosp",2021-06-01,"quantile",0.01,1762.18850982974
"370",2021-05-15,"US","17  day ahead inc hosp",2021-06-01,"quantile",0.025,1965.87327390523
"371",2021-05-15,"US","17  day ahead inc hosp",2021-06-01,"quantile",0.05,2154.75019031859
"372",2021-05-15,"US","17  day ahead inc hosp",2021-06-01,"quantile",0.1,2389.05069994162
"373",2021-05-15,"US","17  day ahead inc hosp",2021-06-01,"quantile",0.15,2557.58623765096
"374",2021-05-15,"US","17  day ahead inc hosp",2021-06-01,"quantile",0.2,2697.76872386451
"375",2021-05-15,"US","17  day ahead inc hosp",2021-06-01,"quantile",0.25,2822.55794500787
"376",2021-05-15,"US","17  day ahead inc hosp",2021-06-01,"quantile",0.3,2938.26731371849
"377",2021-05-15,"US","17  day ahead inc hosp",2021-06-01,"quantile",0.35,3048.63139449685
"378",2021-05-15,"US","17  day ahead inc hosp",2021-06-01,"quantile",0.4,3156.20337685789
"379",2021-05-15,"US","17  day ahead inc hosp",2021-06-01,"quantile",0.45,3262.9659603556
"380",2021-05-15,"US","17  day ahead inc hosp",2021-06-01,"quantile",0.5,3370.65799579867
"381",2021-05-15,"US","17  day ahead inc hosp",2021-06-01,"quantile",0.55,3480.99401821865
"382",2021-05-15,"US","17  day ahead inc hosp",2021-06-01,"quantile",0.6,3595.85998662384
"383",2021-05-15,"US","17  day ahead inc hosp",2021-06-01,"quantile",0.65,3717.54681103063
"384",2021-05-15,"US","17  day ahead inc hosp",2021-06-01,"quantile",0.7,3849.10187282934
"385",2021-05-15,"US","17  day ahead inc hosp",2021-06-01,"quantile",0.75,3994.95509709874
"386",2021-05-15,"US","17  day ahead inc hosp",2021-06-01,"quantile",0.8,4162.20518279937
"387",2021-05-15,"US","17  day ahead inc hosp",2021-06-01,"quantile",0.85,4363.72278686118
"388",2021-05-15,"US","17  day ahead inc hosp",2021-06-01,"quantile",0.9,4627.57096440927
"389",2021-05-15,"US","17  day ahead inc hosp",2021-06-01,"quantile",0.95,5040.4191929587
"390",2021-05-15,"US","17  day ahead inc hosp",2021-06-01,"quantile",0.975,5420.3493502734
"391",2021-05-15,"US","17  day ahead inc hosp",2021-06-01,"quantile",0.99,5888.66168069968
"392",2021-05-15,"US","18  day ahead inc hosp",2021-06-02,"quantile",0.01,1644.83177102835
"393",2021-05-15,"US","18  day ahead inc hosp",2021-06-02,"quantile",0.025,1851.05562884507
"394",2021-05-15,"US","18  day ahead inc hosp",2021-06-02,"quantile",0.05,2043.42381099979
"395",2021-05-15,"US","18  day ahead inc hosp",2021-06-02,"quantile",0.1,2283.39973659191
"396",2021-05-15,"US","18  day ahead inc hosp",2021-06-02,"quantile",0.15,2456.8457836122
"397",2021-05-15,"US","18  day ahead inc hosp",2021-06-02,"quantile",0.2,2601.59501380369
"398",2021-05-15,"US","18  day ahead inc hosp",2021-06-02,"quantile",0.25,2730.79408190922
"399",2021-05-15,"US","18  day ahead inc hosp",2021-06-02,"quantile",0.3,2850.86661639537
"400",2021-05-15,"US","18  day ahead inc hosp",2021-06-02,"quantile",0.35,2965.62627938962
"401",2021-05-15,"US","18  day ahead inc hosp",2021-06-02,"quantile",0.4,3077.69277134522
"402",2021-05-15,"US","18  day ahead inc hosp",2021-06-02,"quantile",0.45,3189.11262897395
"403",2021-05-15,"US","18  day ahead inc hosp",2021-06-02,"quantile",0.5,3301.69298113274
"404",2021-05-15,"US","18  day ahead inc hosp",2021-06-02,"quantile",0.55,3417.22804059802
"405",2021-05-15,"US","18  day ahead inc hosp",2021-06-02,"quantile",0.6,3537.70364628547
"406",2021-05-15,"US","18  day ahead inc hosp",2021-06-02,"quantile",0.65,3665.5440528137
"407",2021-05-15,"US","18  day ahead inc hosp",2021-06-02,"quantile",0.7,3803.98599070007
"408",2021-05-15,"US","18  day ahead inc hosp",2021-06-02,"quantile",0.75,3957.74721174345
"409",2021-05-15,"US","18  day ahead inc hosp",2021-06-02,"quantile",0.8,4134.40241602045
"410",2021-05-15,"US","18  day ahead inc hosp",2021-06-02,"quantile",0.85,4347.70659751328
"411",2021-05-15,"US","18  day ahead inc hosp",2021-06-02,"quantile",0.9,4627.69429317984
"412",2021-05-15,"US","18  day ahead inc hosp",2021-06-02,"quantile",0.95,5067.28454913658
"413",2021-05-15,"US","18  day ahead inc hosp",2021-06-02,"quantile",0.975,5473.29338202715
"414",2021-05-15,"US","18  day ahead inc hosp",2021-06-02,"quantile",0.99,5975.50753353182
"415",2021-05-15,"US","19  day ahead inc hosp",2021-06-03,"quantile",0.01,1551.72535426286
"416",2021-05-15,"US","19  day ahead inc hosp",2021-06-03,"quantile",0.025,1761.55930317321
"417",2021-05-15,"US","19  day ahead inc hosp",2021-06-03,"quantile",0.05,1958.45285261424
"418",2021-05-15,"US","19  day ahead inc hosp",2021-06-03,"quantile",0.1,2205.44618757561
"419",2021-05-15,"US","19  day ahead inc hosp",2021-06-03,"quantile",0.15,2384.81009418088
"420",2021-05-15,"US","19  day ahead inc hosp",2021-06-03,"quantile",0.2,2534.99114665717
"421",2021-05-15,"US","19  day ahead inc hosp",2021-06-03,"quantile",0.25,2669.39098882914
"422",2021-05-15,"US","19  day ahead inc hosp",2021-06-03,"quantile",0.3,2794.57757519541
"423",2021-05-15,"US","19  day ahead inc hosp",2021-06-03,"quantile",0.35,2914.46464563171
"424",2021-05-15,"US","19  day ahead inc hosp",2021-06-03,"quantile",0.4,3031.75354980616
"425",2021-05-15,"US","19  day ahead inc hosp",2021-06-03,"quantile",0.45,3148.56724286723
"426",2021-05-15,"US","19  day ahead inc hosp",2021-06-03,"quantile",0.5,3266.79302924762
"427",2021-05-15,"US","19  day ahead inc hosp",2021-06-03,"quantile",0.55,3388.31742236092
"428",2021-05-15,"US","19  day ahead inc hosp",2021-06-03,"quantile",0.6,3515.24093072597
"429",2021-05-15,"US","19  day ahead inc hosp",2021-06-03,"quantile",0.65,3650.14003103394
"430",2021-05-15,"US","19  day ahead inc hosp",2021-06-03,"quantile",0.7,3796.466852924
"431",2021-05-15,"US","19  day ahead inc hosp",2021-06-03,"quantile",0.75,3959.2658750558
"432",2021-05-15,"US","19  day ahead inc hosp",2021-06-03,"quantile",0.8,4146.65142409255
"433",2021-05-15,"US","19  day ahead inc hosp",2021-06-03,"quantile",0.85,4373.38020003521
"434",2021-05-15,"US","19  day ahead inc hosp",2021-06-03,"quantile",0.9,4671.7185500465
"435",2021-05-15,"US","19  day ahead inc hosp",2021-06-03,"quantile",0.95,5141.65656810509
"436",2021-05-15,"US","19  day ahead inc hosp",2021-06-03,"quantile",0.975,5577.21299909883
"437",2021-05-15,"US","19  day ahead inc hosp",2021-06-03,"quantile",0.99,6117.79371733754
"438",2021-05-15,"US","20  day ahead inc hosp",2021-06-04,"quantile",0.01,1370.86829279157
"439",2021-05-15,"US","20  day ahead inc hosp",2021-06-04,"quantile",0.025,1573.78467137365
"440",2021-05-15,"US","20  day ahead inc hosp",2021-06-04,"quantile",0.05,1765.63340883978
"441",2021-05-15,"US","20  day ahead inc hosp",2021-06-04,"quantile",0.1,2008.01725987486
"442",2021-05-15,"US","20  day ahead inc hosp",2021-06-04,"quantile",0.15,2185.09563319443
"443",2021-05-15,"US","20  day ahead inc hosp",2021-06-04,"quantile",0.2,2333.98286094959
"444",2021-05-15,"US","20  day ahead inc hosp",2021-06-04,"quantile",0.25,2467.66848697125
"445",2021-05-15,"US","20  day ahead inc hosp",2021-06-04,"quantile",0.3,2592.54344490374
"446",2021-05-15,"US","20  day ahead inc hosp",2021-06-04,"quantile",0.35,2712.43431560581
"447",2021-05-15,"US","20  day ahead inc hosp",2021-06-04,"quantile",0.4,2829.99876644959
"448",2021-05-15,"US","20  day ahead inc hosp",2021-06-04,"quantile",0.45,2947.34154342088
"449",2021-05-15,"US","20  day ahead inc hosp",2021-06-04,"quantile",0.5,3066.34991134473
"450",2021-05-15,"US","20  day ahead inc hosp",2021-06-04,"quantile",0.55,3188.92641888998
"451",2021-05-15,"US","20  day ahead inc hosp",2021-06-04,"quantile",0.6,3317.20519061945
"452",2021-05-15,"US","20  day ahead inc hosp",2021-06-04,"quantile",0.65,3453.81929417877
"453",2021-05-15,"US","20  day ahead inc hosp",2021-06-04,"quantile",0.7,3602.31191602459
"454",2021-05-15,"US","20  day ahead inc hosp",2021-06-04,"quantile",0.75,3767.87659486935
"455",2021-05-15,"US","20  day ahead inc hosp",2021-06-04,"quantile",0.8,3958.88634309069
"456",2021-05-15,"US","20  day ahead inc hosp",2021-06-04,"quantile",0.85,4190.59586623149
"457",2021-05-15,"US","20  day ahead inc hosp",2021-06-04,"quantile",0.9,4496.41715526532
"458",2021-05-15,"US","20  day ahead inc hosp",2021-06-04,"quantile",0.95,4980.10362668771
"459",2021-05-15,"US","20  day ahead inc hosp",2021-06-04,"quantile",0.975,5430.34357838568
"460",2021-05-15,"US","20  day ahead inc hosp",2021-06-04,"quantile",0.99,5991.47613788871
"461",2021-05-15,"US","21  day ahead inc hosp",2021-06-05,"quantile",0.01,1096.89743348348
"462",2021-05-15,"US","21  day ahead inc hosp",2021-06-05,"quantile",0.025,1278.9492287682
"463",2021-05-15,"US","21  day ahead inc hosp",2021-06-05,"quantile",0.05,1452.87773800798
"464",2021-05-15,"US","21  day ahead inc hosp",2021-06-05,"quantile",0.1,1674.77746656459
"465",2021-05-15,"US","21  day ahead inc hosp",2021-06-05,"quantile",0.15,1838.22659311168
"466",2021-05-15,"US","21  day ahead inc hosp",2021-06-05,"quantile",0.2,1976.43590454703
"467",2021-05-15,"US","21  day ahead inc hosp",2021-06-05,"quantile",0.25,2101.09422179839
"468",2021-05-15,"US","21  day ahead inc hosp",2021-06-05,"quantile",0.3,2217.98417869283
"469",2021-05-15,"US","21  day ahead inc hosp",2021-06-05,"quantile",0.35,2330.59162227896
"470",2021-05-15,"US","21  day ahead inc hosp",2021-06-05,"quantile",0.4,2441.35876718337
"471",2021-05-15,"US","21  day ahead inc hosp",2021-06-05,"quantile",0.45,2552.24044804537
"472",2021-05-15,"US","21  day ahead inc hosp",2021-06-05,"quantile",0.5,2665.01017458107
"473",2021-05-15,"US","21  day ahead inc hosp",2021-06-05,"quantile",0.55,2781.47627037942
"474",2021-05-15,"US","21  day ahead inc hosp",2021-06-05,"quantile",0.6,2903.68709998993
"475",2021-05-15,"US","21  day ahead inc hosp",2021-06-05,"quantile",0.65,3034.18925551251
"476",2021-05-15,"US","21  day ahead inc hosp",2021-06-05,"quantile",0.7,3176.42869453459
"477",2021-05-15,"US","21  day ahead inc hosp",2021-06-05,"quantile",0.75,3335.47656392593
"478",2021-05-15,"US","21  day ahead inc hosp",2021-06-05,"quantile",0.8,3519.53245306251
"479",2021-05-15,"US","21  day ahead inc hosp",2021-06-05,"quantile",0.85,3743.57020071289
"480",2021-05-15,"US","21  day ahead inc hosp",2021-06-05,"quantile",0.9,4040.45949108385
"481",2021-05-15,"US","21  day ahead inc hosp",2021-06-05,"quantile",0.95,4512.5454180174
"482",2021-05-15,"US","21  day ahead inc hosp",2021-06-05,"quantile",0.975,4954.49219641987
"483",2021-05-15,"US","21  day ahead inc hosp",2021-06-05,"quantile",0.99,5508.30061285832
"484",2021-05-15,"US","22  day ahead inc hosp",2021-06-06,"quantile",0.01,995.428067938695
"485",2021-05-15,"US","22  day ahead inc hosp",2021-06-06,"quantile",0.025,1174.27119632614
"486",2021-05-15,"US","22  day ahead inc hosp",2021-06-06,"quantile",0.05,1346.4775305971
"487",2021-05-15,"US","22  day ahead inc hosp",2021-06-06,"quantile",0.1,1567.78642510801
"488",2021-05-15,"US","22  day ahead inc hosp",2021-06-06,"quantile",0.15,1731.7956421094
"489",2021-05-15,"US","22  day ahead inc hosp",2021-06-06,"quantile",0.2,1871.06088484276
"490",2021-05-15,"US","22  day ahead inc hosp",2021-06-06,"quantile",0.25,1997.08926805336
"491",2021-05-15,"US","22  day ahead inc hosp",2021-06-06,"quantile",0.3,2115.5974563749
"492",2021-05-15,"US","22  day ahead inc hosp",2021-06-06,"quantile",0.35,2230.04941498374
"493",2021-05-15,"US","22  day ahead inc hosp",2021-06-06,"quantile",0.4,2342.88819387983
"494",2021-05-15,"US","22  day ahead inc hosp",2021-06-06,"quantile",0.45,2456.08503930054
"495",2021-05-15,"US","22  day ahead inc hosp",2021-06-06,"quantile",0.5,2571.4439411188
"496",2021-05-15,"US","22  day ahead inc hosp",2021-06-06,"quantile",0.55,2690.81959123569
"497",2021-05-15,"US","22  day ahead inc hosp",2021-06-06,"quantile",0.6,2816.32764946722
"498",2021-05-15,"US","22  day ahead inc hosp",2021-06-06,"quantile",0.65,2950.61260075466
"499",2021-05-15,"US","22  day ahead inc hosp",2021-06-06,"quantile",0.7,3097.26689788959
"500",2021-05-15,"US","22  day ahead inc hosp",2021-06-06,"quantile",0.75,3261.59202544694
"501",2021-05-15,"US","22  day ahead inc hosp",2021-06-06,"quantile",0.8,3452.17759169444
"502",2021-05-15,"US","22  day ahead inc hosp",2021-06-06,"quantile",0.85,3684.73567790808
"503",2021-05-15,"US","22  day ahead inc hosp",2021-06-06,"quantile",0.9,3993.8109468509
"504",2021-05-15,"US","22  day ahead inc hosp",2021-06-06,"quantile",0.95,4487.1710534236
"505",2021-05-15,"US","22  day ahead inc hosp",2021-06-06,"quantile",0.975,4950.91641963805
"506",2021-05-15,"US","22  day ahead inc hosp",2021-06-06,"quantile",0.99,5534.30594468304
"507",2021-05-15,"US","23  day ahead inc hosp",2021-06-07,"quantile",0.01,1194.61049525129
"508",2021-05-15,"US","23  day ahead inc hosp",2021-06-07,"quantile",0.025,1409.87717322474
"509",2021-05-15,"US","23  day ahead inc hosp",2021-06-07,"quantile",0.05,1617.21818296709
"510",2021-05-15,"US","23  day ahead inc hosp",2021-06-07,"quantile",0.1,1883.75487957545
"511",2021-05-15,"US","23  day ahead inc hosp",2021-06-07,"quantile",0.15,2081.32812253443
"512",2021-05-15,"US","23  day ahead inc hosp",2021-06-07,"quantile",0.2,2249.12061527245
"513",2021-05-15,"US","23  day ahead inc hosp",2021-06-07,"quantile",0.25,2400.98413664951
"514",2021-05-15,"US","23  day ahead inc hosp",2021-06-07,"quantile",0.3,2543.80129147489
"515",2021-05-15,"US","23  day ahead inc hosp",2021-06-07,"quantile",0.35,2681.74337927457
"516",2021-05-15,"US","23  day ahead inc hosp",2021-06-07,"quantile",0.4,2817.75307611436
"517",2021-05-15,"US","23  day ahead inc hosp",2021-06-07,"quantile",0.45,2954.20550336027
"518",2021-05-15,"US","23  day ahead inc hosp",2021-06-07,"quantile",0.5,3093.27498336927
"519",2021-05-15,"US","23  day ahead inc hosp",2021-06-07,"quantile",0.55,3237.1976549414
"520",2021-05-15,"US","23  day ahead inc hosp",2021-06-07,"quantile",0.6,3388.52497424899
"521",2021-05-15,"US","23  day ahead inc hosp",2021-06-07,"quantile",0.65,3550.44680182232
"522",2021-05-15,"US","23  day ahead inc hosp",2021-06-07,"quantile",0.7,3727.29710389946
"523",2021-05-15,"US","23  day ahead inc hosp",2021-06-07,"quantile",0.75,3925.47230650121
"524",2021-05-15,"US","23  day ahead inc hosp",2021-06-07,"quantile",0.8,4155.33686946461
"525",2021-05-15,"US","23  day ahead inc hosp",2021-06-07,"quantile",0.85,4435.85060898472
"526",2021-05-15,"US","23  day ahead inc hosp",2021-06-07,"quantile",0.9,4808.70115740571
"527",2021-05-15,"US","23  day ahead inc hosp",2021-06-07,"quantile",0.95,5403.94928992375
"528",2021-05-15,"US","23  day ahead inc hosp",2021-06-07,"quantile",0.975,5963.55291670512
"529",2021-05-15,"US","23  day ahead inc hosp",2021-06-07,"quantile",0.99,6667.6353066822
"530",2021-05-15,"US","24  day ahead inc hosp",2021-06-08,"quantile",0.01,1097.27772286467
"531",2021-05-15,"US","24  day ahead inc hosp",2021-06-08,"quantile",0.025,1309.77760196292
"532",2021-05-15,"US","24  day ahead inc hosp",2021-06-08,"quantile",0.05,1516.01192667909
"533",2021-05-15,"US","24  day ahead inc hosp",2021-06-08,"quantile",0.1,1782.99384241048
"534",2021-05-15,"US","24  day ahead inc hosp",2021-06-08,"quantile",0.15,1982.05577575509
"535",2021-05-15,"US","24  day ahead inc hosp",2021-06-08,"quantile",0.2,2151.79104796255
"536",2021-05-15,"US","24  day ahead inc hosp",2021-06-08,"quantile",0.25,2305.89993180966
"537",2021-05-15,"US","24  day ahead inc hosp",2021-06-08,"quantile",0.3,2451.2179067474
"538",2021-05-15,"US","24  day ahead inc hosp",2021-06-08,"quantile",0.35,2591.90890814906
"539",2021-05-15,"US","24  day ahead inc hosp",2021-06-08,"quantile",0.4,2730.92960741251
"540",2021-05-15,"US","24  day ahead inc hosp",2021-06-08,"quantile",0.45,2870.68506121508
"541",2021-05-15,"US","24  day ahead inc hosp",2021-06-08,"quantile",0.5,3013.39535530689
"542",2021-05-15,"US","24  day ahead inc hosp",2021-06-08,"quantile",0.55,3161.36157648451
"543",2021-05-15,"US","24  day ahead inc hosp",2021-06-08,"quantile",0.6,3317.22645444064
"544",2021-05-15,"US","24  day ahead inc hosp",2021-06-08,"quantile",0.65,3484.31041867744
"545",2021-05-15,"US","24  day ahead inc hosp",2021-06-08,"quantile",0.7,3667.14102576493
"546",2021-05-15,"US","24  day ahead inc hosp",2021-06-08,"quantile",0.75,3872.41745295841
"547",2021-05-15,"US","24  day ahead inc hosp",2021-06-08,"quantile",0.8,4111.01510434083
"548",2021-05-15,"US","24  day ahead inc hosp",2021-06-08,"quantile",0.85,4402.8588015958
"549",2021-05-15,"US","24  day ahead inc hosp",2021-06-08,"quantile",0.9,4791.82190803049
"550",2021-05-15,"US","24  day ahead inc hosp",2021-06-08,"quantile",0.95,5415.02919944114
"551",2021-05-15,"US","24  day ahead inc hosp",2021-06-08,"quantile",0.975,6003.1387508731
"552",2021-05-15,"US","24  day ahead inc hosp",2021-06-08,"quantile",0.99,6745.76222921894
"553",2021-05-15,"US","25  day ahead inc hosp",2021-06-09,"quantile",0.01,1030.85076470038
"554",2021-05-15,"US","25  day ahead inc hosp",2021-06-09,"quantile",0.025,1243.74389009026
"555",2021-05-15,"US","25  day ahead inc hosp",2021-06-09,"quantile",0.05,1451.84166082693
"556",2021-05-15,"US","25  day ahead inc hosp",2021-06-09,"quantile",0.1,1723.01586720289
"557",2021-05-15,"US","25  day ahead inc hosp",2021-06-09,"quantile",0.15,1926.30874959614
"558",2021-05-15,"US","25  day ahead inc hosp",2021-06-09,"quantile",0.2,2100.29924511852
"559",2021-05-15,"US","25  day ahead inc hosp",2021-06-09,"quantile",0.25,2258.73675527951
"560",2021-05-15,"US","25  day ahead inc hosp",2021-06-09,"quantile",0.3,2408.50840541333
"561",2021-05-15,"US","25  day ahead inc hosp",2021-06-09,"quantile",0.35,2553.83014571349
"562",2021-05-15,"US","25  day ahead inc hosp",2021-06-09,"quantile",0.4,2697.71421087297
"563",2021-05-15,"US","25  day ahead inc hosp",2021-06-09,"quantile",0.45,2842.62889980012
"564",2021-05-15,"US","25  day ahead inc hosp",2021-06-09,"quantile",0.5,2990.87035789152
"565",2021-05-15,"US","25  day ahead inc hosp",2021-06-09,"quantile",0.55,3144.83562272342
"566",2021-05-15,"US","25  day ahead inc hosp",2021-06-09,"quantile",0.6,3307.29395553622
"567",2021-05-15,"US","25  day ahead inc hosp",2021-06-09,"quantile",0.65,3481.74035862352
"568",2021-05-15,"US","25  day ahead inc hosp",2021-06-09,"quantile",0.7,3672.95573679191
"569",2021-05-15,"US","25  day ahead inc hosp",2021-06-09,"quantile",0.75,3888.03025320974
"570",2021-05-15,"US","25  day ahead inc hosp",2021-06-09,"quantile",0.8,4138.49339079223
"571",2021-05-15,"US","25  day ahead inc hosp",2021-06-09,"quantile",0.85,4445.49727641007
"572",2021-05-15,"US","25  day ahead inc hosp",2021-06-09,"quantile",0.9,4855.67917950627
"573",2021-05-15,"US","25  day ahead inc hosp",2021-06-09,"quantile",0.95,5515.03871966855
"574",2021-05-15,"US","25  day ahead inc hosp",2021-06-09,"quantile",0.975,6139.40708046347
"575",2021-05-15,"US","25  day ahead inc hosp",2021-06-09,"quantile",0.99,6930.39931871122
"576",2021-05-15,"US","26  day ahead inc hosp",2021-06-10,"quantile",0.01,964.112932166604
"577",2021-05-15,"US","26  day ahead inc hosp",2021-06-10,"quantile",0.025,1176.348647261
"578",2021-05-15,"US","26  day ahead inc hosp",2021-06-10,"quantile",0.05,1385.35757034521
"579",2021-05-15,"US","26  day ahead inc hosp",2021-06-10,"quantile",0.1,1659.59005924714
"580",2021-05-15,"US","26  day ahead inc hosp",2021-06-10,"quantile",0.15,1866.33879751572
"581",2021-05-15,"US","26  day ahead inc hosp",2021-06-10,"quantile",0.2,2043.96922693572
"582",2021-05-15,"US","26  day ahead inc hosp",2021-06-10,"quantile",0.25,2206.21171821607
"583",2021-05-15,"US","26  day ahead inc hosp",2021-06-10,"quantile",0.3,2359.9727035189
"584",2021-05-15,"US","26  day ahead inc hosp",2021-06-10,"quantile",0.35,2509.50192842035
"585",2021-05-15,"US","26  day ahead inc hosp",2021-06-10,"quantile",0.4,2657.85571459995
"586",2021-05-15,"US","26  day ahead inc hosp",2021-06-10,"quantile",0.45,2807.55775291278
"587",2021-05-15,"US","26  day ahead inc hosp",2021-06-10,"quantile",0.5,2960.97450328515
"588",2021-05-15,"US","26  day ahead inc hosp",2021-06-10,"quantile",0.55,3120.59448859166
"589",2021-05-15,"US","26  day ahead inc hosp",2021-06-10,"quantile",0.6,3289.3098274572
"590",2021-05-15,"US","26  day ahead inc hosp",2021-06-10,"quantile",0.65,3470.78690341262
"591",2021-05-15,"US","26  day ahead inc hosp",2021-06-10,"quantile",0.7,3670.05706421155
"592",2021-05-15,"US","26  day ahead inc hosp",2021-06-10,"quantile",0.75,3894.59875455603
"593",2021-05-15,"US","26  day ahead inc hosp",2021-06-10,"quantile",0.8,4156.59318011076
"594",2021-05-15,"US","26  day ahead inc hosp",2021-06-10,"quantile",0.85,4478.4187247973
"595",2021-05-15,"US","26  day ahead inc hosp",2021-06-10,"quantile",0.9,4909.48167045501
"596",2021-05-15,"US","26  day ahead inc hosp",2021-06-10,"quantile",0.95,5604.70243427891
"597",2021-05-15,"US","26  day ahead inc hosp",2021-06-10,"quantile",0.975,6265.31346440372
"598",2021-05-15,"US","26  day ahead inc hosp",2021-06-10,"quantile",0.99,7104.97844983599
"599",2021-05-15,"US","27  day ahead inc hosp",2021-06-11,"quantile",0.01,853.1792373599
"600",2021-05-15,"US","27  day ahead inc hosp",2021-06-11,"quantile",0.025,1056.07322408663
"601",2021-05-15,"US","27  day ahead inc hosp",2021-06-11,"quantile",0.05,1257.79633186396
"602",2021-05-15,"US","27  day ahead inc hosp",2021-06-11,"quantile",0.1,1524.78244235635
"603",2021-05-15,"US","27  day ahead inc hosp",2021-06-11,"quantile",0.15,1727.50917478709
"604",2021-05-15,"US","27  day ahead inc hosp",2021-06-11,"quantile",0.2,1902.53077675745
"605",2021-05-15,"US","27  day ahead inc hosp",2021-06-11,"quantile",0.25,2062.99997978214
"606",2021-05-15,"US","27  day ahead inc hosp",2021-06-11,"quantile",0.3,2215.56876183376
"607",2021-05-15,"US","27  day ahead inc hosp",2021-06-11,"quantile",0.35,2364.35800045031
"608",2021-05-15,"US","27  day ahead inc hosp",2021-06-11,"quantile",0.4,2512.35651603906
"609",2021-05-15,"US","27  day ahead inc hosp",2021-06-11,"quantile",0.45,2662.05652797325
"610",2021-05-15,"US","27  day ahead inc hosp",2021-06-11,"quantile",0.5,2815.81853201763
"611",2021-05-15,"US","27  day ahead inc hosp",2021-06-11,"quantile",0.55,2976.1473133127
"612",2021-05-15,"US","27  day ahead inc hosp",2021-06-11,"quantile",0.6,3145.97517494461
"613",2021-05-15,"US","27  day ahead inc hosp",2021-06-11,"quantile",0.65,3329.03961886332
"614",2021-05-15,"US","27  day ahead inc hosp",2021-06-11,"quantile",0.7,3530.48934772066
"615",2021-05-15,"US","27  day ahead inc hosp",2021-06-11,"quantile",0.75,3757.99810108725
"616",2021-05-15,"US","27  day ahead inc hosp",2021-06-11,"quantile",0.8,4024.09044174239
"617",2021-05-15,"US","27  day ahead inc hosp",2021-06-11,"quantile",0.85,4351.81380637773
"618",2021-05-15,"US","27  day ahead inc hosp",2021-06-11,"quantile",0.9,4792.13381131086
"619",2021-05-15,"US","27  day ahead inc hosp",2021-06-11,"quantile",0.95,5505.17972771474
"620",2021-05-15,"US","27  day ahead inc hosp",2021-06-11,"quantile",0.975,6185.61454847277
"621",2021-05-15,"US","27  day ahead inc hosp",2021-06-11,"quantile",0.99,7053.96646324215
"622",2021-05-15,"US","28  day ahead inc hosp",2021-06-12,"quantile",0.01,678.672817258739
"623",2021-05-15,"US","28  day ahead inc hosp",2021-06-12,"quantile",0.025,857.918763630965
"624",2021-05-15,"US","28  day ahead inc hosp",2021-06-12,"quantile",0.05,1038.62057807258
"625",2021-05-15,"US","28  day ahead inc hosp",2021-06-12,"quantile",0.1,1280.81143818758
"626",2021-05-15,"US","28  day ahead inc hosp",2021-06-12,"quantile",0.15,1466.60367355493
"627",2021-05-15,"US","28  day ahead inc hosp",2021-06-12,"quantile",0.2,1628.12041010109
"628",2021-05-15,"US","28  day ahead inc hosp",2021-06-12,"quantile",0.25,1777.01232414745
"629",2021-05-15,"US","28  day ahead inc hosp",2021-06-12,"quantile",0.3,1919.21977738769
"630",2021-05-15,"US","28  day ahead inc hosp",2021-06-12,"quantile",0.35,2058.46003276343
"631",2021-05-15,"US","28  day ahead inc hosp",2021-06-12,"quantile",0.4,2197.46307896837
"632",2021-05-15,"US","28  day ahead inc hosp",2021-06-12,"quantile",0.45,2338.53788677771
"633",2021-05-15,"US","28  day ahead inc hosp",2021-06-12,"quantile",0.5,2483.90280851313
"634",2021-05-15,"US","28  day ahead inc hosp",2021-06-12,"quantile",0.55,2635.94165587605
"635",2021-05-15,"US","28  day ahead inc hosp",2021-06-12,"quantile",0.6,2797.47314380146
"636",2021-05-15,"US","28  day ahead inc hosp",2021-06-12,"quantile",0.65,2972.11646791622
"637",2021-05-15,"US","28  day ahead inc hosp",2021-06-12,"quantile",0.7,3164.88326256637
"638",2021-05-15,"US","28  day ahead inc hosp",2021-06-12,"quantile",0.75,3383.27040783755
"639",2021-05-15,"US","28  day ahead inc hosp",2021-06-12,"quantile",0.8,3639.54722494503
"640",2021-05-15,"US","28  day ahead inc hosp",2021-06-12,"quantile",0.85,3956.34255416234
"641",2021-05-15,"US","28  day ahead inc hosp",2021-06-12,"quantile",0.9,4383.8071580212
"642",2021-05-15,"US","28  day ahead inc hosp",2021-06-12,"quantile",0.95,5079.94340154061
"643",2021-05-15,"US","28  day ahead inc hosp",2021-06-12,"quantile",0.975,5748.14622828334
"644",2021-05-15,"US","28  day ahead inc hosp",2021-06-12,"quantile",0.99,6605.62115520012
"645",2021-05-15,"US","29  day ahead inc hosp",2021-06-13,"quantile",0.01,689.506141703359
"646",2021-05-15,"US","29  day ahead inc hosp",2021-06-13,"quantile",0.025,879.738109734834
"647",2021-05-15,"US","29  day ahead inc hosp",2021-06-13,"quantile",0.05,1072.68861759383
"648",2021-05-15,"US","29  day ahead inc hosp",2021-06-13,"quantile",0.1,1332.72127054469
"649",2021-05-15,"US","29  day ahead inc hosp",2021-06-13,"quantile",0.15,1533.08983823511
"650",2021-05-15,"US","29  day ahead inc hosp",2021-06-13,"quantile",0.2,1707.80142955218
"651",2021-05-15,"US","29  day ahead inc hosp",2021-06-13,"quantile",0.25,1869.2338531372
"652",2021-05-15,"US","29  day ahead inc hosp",2021-06-13,"quantile",0.3,2023.72127645119
"653",2021-05-15,"US","29  day ahead inc hosp",2021-06-13,"quantile",0.35,2175.24533733263
"654",2021-05-15,"US","29  day ahead inc hosp",2021-06-13,"quantile",0.4,2326.74648082517
"655",2021-05-15,"US","29  day ahead inc hosp",2021-06-13,"quantile",0.45,2480.72721076833
"656",2021-05-15,"US","29  day ahead inc hosp",2021-06-13,"quantile",0.5,2639.60663222552
"657",2021-05-15,"US","29  day ahead inc hosp",2021-06-13,"quantile",0.55,2805.99819793598
"658",2021-05-15,"US","29  day ahead inc hosp",2021-06-13,"quantile",0.6,2983.00509270028
"659",2021-05-15,"US","29  day ahead inc hosp",2021-06-13,"quantile",0.65,3174.6238960741
"660",2021-05-15,"US","29  day ahead inc hosp",2021-06-13,"quantile",0.7,3386.40065009888
"661",2021-05-15,"US","29  day ahead inc hosp",2021-06-13,"quantile",0.75,3626.64418447922
"662",2021-05-15,"US","29  day ahead inc hosp",2021-06-13,"quantile",0.8,3908.96797857529
"663",2021-05-15,"US","29  day ahead inc hosp",2021-06-13,"quantile",0.85,4258.50355382594
"664",2021-05-15,"US","29  day ahead inc hosp",2021-06-13,"quantile",0.9,4730.99969995817
"665",2021-05-15,"US","29  day ahead inc hosp",2021-06-13,"quantile",0.95,5502.29797773376
"666",2021-05-15,"US","29  day ahead inc hosp",2021-06-13,"quantile",0.975,6244.4713969522
"667",2021-05-15,"US","29  day ahead inc hosp",2021-06-13,"quantile",0.99,7199.08061044922
"668",2021-05-15,"US","30  day ahead inc hosp",2021-06-14,"quantile",0.01,850.07668202053
"669",2021-05-15,"US","30  day ahead inc hosp",2021-06-14,"quantile",0.025,1081.45849758892
"670",2021-05-15,"US","30  day ahead inc hosp",2021-06-14,"quantile",0.05,1315.69879397008
"671",2021-05-15,"US","30  day ahead inc hosp",2021-06-14,"quantile",0.1,1630.83385400273
"672",2021-05-15,"US","30  day ahead inc hosp",2021-06-14,"quantile",0.15,1873.32430956718
"673",2021-05-15,"US","30  day ahead inc hosp",2021-06-14,"quantile",0.2,2084.56624442784
"674",2021-05-15,"US","30  day ahead inc hosp",2021-06-14,"quantile",0.25,2279.61009510184
"675",2021-05-15,"US","30  day ahead inc hosp",2021-06-14,"quantile",0.3,2466.14887205019
"676",2021-05-15,"US","30  day ahead inc hosp",2021-06-14,"quantile",0.35,2649.01150887033
"677",2021-05-15,"US","30  day ahead inc hosp",2021-06-14,"quantile",0.4,2831.75796077199
"678",2021-05-15,"US","30  day ahead inc hosp",2021-06-14,"quantile",0.45,3017.41207388435
"679",2021-05-15,"US","30  day ahead inc hosp",2021-06-14,"quantile",0.5,3208.89132553261
"680",2021-05-15,"US","30  day ahead inc hosp",2021-06-14,"quantile",0.55,3409.34235307436
"681",2021-05-15,"US","30  day ahead inc hosp",2021-06-14,"quantile",0.6,3622.49660466875
"682",2021-05-15,"US","30  day ahead inc hosp",2021-06-14,"quantile",0.65,3853.15528059121
"683",2021-05-15,"US","30  day ahead inc hosp",2021-06-14,"quantile",0.7,4107.97659618432
"684",2021-05-15,"US","30  day ahead inc hosp",2021-06-14,"quantile",0.75,4396.93093609334
"685",2021-05-15,"US","30  day ahead inc hosp",2021-06-14,"quantile",0.8,4736.34843768802
"686",2021-05-15,"US","30  day ahead inc hosp",2021-06-14,"quantile",0.85,5156.36701315589
"687",2021-05-15,"US","30  day ahead inc hosp",2021-06-14,"quantile",0.9,5723.82187948659
"688",2021-05-15,"US","30  day ahead inc hosp",2021-06-14,"quantile",0.95,6649.44785777724
"689",2021-05-15,"US","30  day ahead inc hosp",2021-06-14,"quantile",0.975,7539.44126066964
"690",2021-05-15,"US","30  day ahead inc hosp",2021-06-14,"quantile",0.99,8683.35847673503
"691",2021-05-15,"US","31  day ahead inc hosp",2021-06-15,"quantile",0.01,756.842058760214
"692",2021-05-15,"US","31  day ahead inc hosp",2021-06-15,"quantile",0.025,978.451680212885
"693",2021-05-15,"US","31  day ahead inc hosp",2021-06-15,"quantile",0.05,1205.17717783476
"694",2021-05-15,"US","31  day ahead inc hosp",2021-06-15,"quantile",0.1,1513.10236802118
"695",2021-05-15,"US","31  day ahead inc hosp",2021-06-15,"quantile",0.15,1751.86000486813
"696",2021-05-15,"US","31  day ahead inc hosp",2021-06-15,"quantile",0.2,1960.92009252274
"697",2021-05-15,"US","31  day ahead inc hosp",2021-06-15,"quantile",0.25,2154.72192306173
"698",2021-05-15,"US","31  day ahead inc hosp",2021-06-15,"quantile",0.3,2340.69345994837
"699",2021-05-15,"US","31  day ahead inc hosp",2021-06-15,"quantile",0.35,2523.53429826871
"700",2021-05-15,"US","31  day ahead inc hosp",2021-06-15,"quantile",0.4,2706.74272158715
"701",2021-05-15,"US","31  day ahead inc hosp",2021-06-15,"quantile",0.45,2893.32225685173
"702",2021-05-15,"US","31  day ahead inc hosp",2021-06-15,"quantile",0.5,3086.20128706859
"703",2021-05-15,"US","31  day ahead inc hosp",2021-06-15,"quantile",0.55,3288.56679210155
"704",2021-05-15,"US","31  day ahead inc hosp",2021-06-15,"quantile",0.6,3504.22456852166
"705",2021-05-15,"US","31  day ahead inc hosp",2021-06-15,"quantile",0.65,3738.09631323519
"706",2021-05-15,"US","31  day ahead inc hosp",2021-06-15,"quantile",0.7,3997.03157833566
"707",2021-05-15,"US","31  day ahead inc hosp",2021-06-15,"quantile",0.75,4291.31299199521
"708",2021-05-15,"US","31  day ahead inc hosp",2021-06-15,"quantile",0.8,4637.81369150148
"709",2021-05-15,"US","31  day ahead inc hosp",2021-06-15,"quantile",0.85,5067.7225703319
"710",2021-05-15,"US","31  day ahead inc hosp",2021-06-15,"quantile",0.9,5650.3127145266
"711",2021-05-15,"US","31  day ahead inc hosp",2021-06-15,"quantile",0.95,6604.42815636708
"712",2021-05-15,"US","31  day ahead inc hosp",2021-06-15,"quantile",0.975,7525.6157818998
"713",2021-05-15,"US","31  day ahead inc hosp",2021-06-15,"quantile",0.99,8714.24184506989
"714",2021-05-15,"US","32  day ahead inc hosp",2021-06-16,"quantile",0.01,689.589792074109
"715",2021-05-15,"US","32  day ahead inc hosp",2021-06-16,"quantile",0.025,905.132374111403
"716",2021-05-15,"US","32  day ahead inc hosp",2021-06-16,"quantile",0.05,1127.84666118334
"717",2021-05-15,"US","32  day ahead inc hosp",2021-06-16,"quantile",0.1,1433.00926235202
"718",2021-05-15,"US","32  day ahead inc hosp",2021-06-16,"quantile",0.15,1671.30722491328
"719",2021-05-15,"US","32  day ahead inc hosp",2021-06-16,"quantile",0.2,1880.95734949786
"720",2021-05-15,"US","32  day ahead inc hosp",2021-06-16,"quantile",0.25,2076.02335620909
"721",2021-05-15,"US","32  day ahead inc hosp",2021-06-16,"quantile",0.3,2263.78459612753
"722",2021-05-15,"US","32  day ahead inc hosp",2021-06-16,"quantile",0.35,2448.88172093881
"723",2021-05-15,"US","32  day ahead inc hosp",2021-06-16,"quantile",0.4,2634.80101197521
"724",2021-05-15,"US","32  day ahead inc hosp",2021-06-16,"quantile",0.45,2824.56587384552
"725",2021-05-15,"US","32  day ahead inc hosp",2021-06-16,"quantile",0.5,3021.15256634449
"726",2021-05-15,"US","32  day ahead inc hosp",2021-06-16,"quantile",0.55,3227.82665538681
"727",2021-05-15,"US","32  day ahead inc hosp",2021-06-16,"quantile",0.6,3448.51218517046
"728",2021-05-15,"US","32  day ahead inc hosp",2021-06-16,"quantile",0.65,3688.306541992
"729",2021-05-15,"US","32  day ahead inc hosp",2021-06-16,"quantile",0.7,3954.32598432737
"730",2021-05-15,"US","32  day ahead inc hosp",2021-06-16,"quantile",0.75,4257.27713798295
"731",2021-05-15,"US","32  day ahead inc hosp",2021-06-16,"quantile",0.8,4614.7580388563
"732",2021-05-15,"US","32  day ahead inc hosp",2021-06-16,"quantile",0.85,5059.34290426858
"733",2021-05-15,"US","32  day ahead inc hosp",2021-06-16,"quantile",0.9,5663.48200143705
"734",2021-05-15,"US","32  day ahead inc hosp",2021-06-16,"quantile",0.95,6656.45373445792
"735",2021-05-15,"US","32  day ahead inc hosp",2021-06-16,"quantile",0.975,7618.72574567152
"736",2021-05-15,"US","32  day ahead inc hosp",2021-06-16,"quantile",0.99,8864.70090369487
"737",2021-05-15,"US","33  day ahead inc hosp",2021-06-17,"quantile",0.01,636.622840742403
"738",2021-05-15,"US","33  day ahead inc hosp",2021-06-17,"quantile",0.025,848.039278571122
"739",2021-05-15,"US","33  day ahead inc hosp",2021-06-17,"quantile",0.05,1068.59947575246
"740",2021-05-15,"US","33  day ahead inc hosp",2021-06-17,"quantile",0.1,1373.39691955449
"741",2021-05-15,"US","33  day ahead inc hosp",2021-06-17,"quantile",0.15,1613.03207289281
"742",2021-05-15,"US","33  day ahead inc hosp",2021-06-17,"quantile",0.2,1824.81657906063
"743",2021-05-15,"US","33  day ahead inc hosp",2021-06-17,"quantile",0.25,2022.56126539262
"744",2021-05-15,"US","33  day ahead inc hosp",2021-06-17,"quantile",0.3,2213.45825455221
"745",2021-05-15,"US","33  day ahead inc hosp",2021-06-17,"quantile",0.35,2402.12711723565
"746",2021-05-15,"US","33  day ahead inc hosp",2021-06-17,"quantile",0.4,2592.06963032698
"747",2021-05-15,"US","33  day ahead inc hosp",2021-06-17,"quantile",0.45,2786.3521497037
"748",2021-05-15,"US","33  day ahead inc hosp",2021-06-17,"quantile",0.5,2988.02087868164
"749",2021-05-15,"US","33  day ahead inc hosp",2021-06-17,"quantile",0.55,3200.44364441511
"750",2021-05-15,"US","33  day ahead inc hosp",2021-06-17,"quantile",0.6,3427.69075273428
"751",2021-05-15,"US","33  day ahead inc hosp",2021-06-17,"quantile",0.65,3675.07132839873
"752",2021-05-15,"US","33  day ahead inc hosp",2021-06-17,"quantile",0.7,3950.01841286018
"753",2021-05-15,"US","33  day ahead inc hosp",2021-06-17,"quantile",0.75,4263.73782726791
"754",2021-05-15,"US","33  day ahead inc hosp",2021-06-17,"quantile",0.8,4634.6761278343
"755",2021-05-15,"US","33  day ahead inc hosp",2021-06-17,"quantile",0.85,5097.02207714124
"756",2021-05-15,"US","33  day ahead inc hosp",2021-06-17,"quantile",0.9,5726.91456732192
"757",2021-05-15,"US","33  day ahead inc hosp",2021-06-17,"quantile",0.95,6765.69353090686
"758",2021-05-15,"US","33  day ahead inc hosp",2021-06-17,"quantile",0.975,7775.84197081276
"759",2021-05-15,"US","33  day ahead inc hosp",2021-06-17,"quantile",0.99,9088.04862808423
"760",2021-05-15,"US","34  day ahead inc hosp",2021-06-18,"quantile",0.01,541.091558513678
"761",2021-05-15,"US","34  day ahead inc hosp",2021-06-18,"quantile",0.025,736.283931838922
"762",2021-05-15,"US","34  day ahead inc hosp",2021-06-18,"quantile",0.05,942.744981970968
"763",2021-05-15,"US","34  day ahead inc hosp",2021-06-18,"quantile",0.1,1231.54332710515
"764",2021-05-15,"US","34  day ahead inc hosp",2021-06-18,"quantile",0.15,1460.79306820719
"765",2021-05-15,"US","34  day ahead inc hosp",2021-06-18,"quantile",0.2,1664.69758348098
"766",2021-05-15,"US","34  day ahead inc hosp",2021-06-18,"quantile",0.25,1856.02555054688
"767",2021-05-15,"US","34  day ahead inc hosp",2021-06-18,"quantile",0.3,2041.4862983366
"768",2021-05-15,"US","34  day ahead inc hosp",2021-06-18,"quantile",0.35,2225.43699424928
"769",2021-05-15,"US","34  day ahead inc hosp",2021-06-18,"quantile",0.4,2411.2237837548
"770",2021-05-15,"US","34  day ahead inc hosp",2021-06-18,"quantile",0.45,2601.81732474687
"771",2021-05-15,"US","34  day ahead inc hosp",2021-06-18,"quantile",0.5,2800.20654172965
"772",2021-05-15,"US","34  day ahead inc hosp",2021-06-18,"quantile",0.55,3009.73057497689
"773",2021-05-15,"US","34  day ahead inc hosp",2021-06-18,"quantile",0.6,3234.45664370054
"774",2021-05-15,"US","34  day ahead inc hosp",2021-06-18,"quantile",0.65,3479.71914869695
"775",2021-05-15,"US","34  day ahead inc hosp",2021-06-18,"quantile",0.7,3753.01508054226
"776",2021-05-15,"US","34  day ahead inc hosp",2021-06-18,"quantile",0.75,4065.67722708998
"777",2021-05-15,"US","34  day ahead inc hosp",2021-06-18,"quantile",0.8,4436.39929628309
"778",2021-05-15,"US","34  day ahead inc hosp",2021-06-18,"quantile",0.85,4899.88840688506
"779",2021-05-15,"US","34  day ahead inc hosp",2021-06-18,"quantile",0.9,5533.57282675106
"780",2021-05-15,"US","34  day ahead inc hosp",2021-06-18,"quantile",0.95,6583.4193306167
"781",2021-05-15,"US","34  day ahead inc hosp",2021-06-18,"quantile",0.975,7609.1624758791
"782",2021-05-15,"US","34  day ahead inc hosp",2021-06-18,"quantile",0.99,8947.51663536312
"783",2021-05-15,"US","35  day ahead inc hosp",2021-06-19,"quantile",0.01,404.658207070617
"784",2021-05-15,"US","35  day ahead inc hosp",2021-06-19,"quantile",0.025,568.970667368984
"785",2021-05-15,"US","35  day ahead inc hosp",2021-06-19,"quantile",0.05,746.471510678148
"786",2021-05-15,"US","35  day ahead inc hosp",2021-06-19,"quantile",0.1,999.364280028094
"787",2021-05-15,"US","35  day ahead inc hosp",2021-06-19,"quantile",0.15,1203.0251095836
"788",2021-05-15,"US","35  day ahead inc hosp",2021-06-19,"quantile",0.2,1385.90143276694
"789",2021-05-15,"US","35  day ahead inc hosp",2021-06-19,"quantile",0.25,1558.756957345
"790",2021-05-15,"US","35  day ahead inc hosp",2021-06-19,"quantile",0.3,1727.32881829823
"791",2021-05-15,"US","35  day ahead inc hosp",2021-06-19,"quantile",0.35,1895.40817751581
"792",2021-05-15,"US","35  day ahead inc hosp",2021-06-19,"quantile",0.4,2065.96576791206
"793",2021-05-15,"US","35  day ahead inc hosp",2021-06-19,"quantile",0.45,2241.69415866294
"794",2021-05-15,"US","35  day ahead inc hosp",2021-06-19,"quantile",0.5,2425.35340421656
"795",2021-05-15,"US","35  day ahead inc hosp",2021-06-19,"quantile",0.55,2620.07323113557
"796",2021-05-15,"US","35  day ahead inc hosp",2021-06-19,"quantile",0.6,2829.70770813221
"797",2021-05-15,"US","35  day ahead inc hosp",2021-06-19,"quantile",0.65,3059.35046277199
"798",2021-05-15,"US","35  day ahead inc hosp",2021-06-19,"quantile",0.7,3316.19795377659
"799",2021-05-15,"US","35  day ahead inc hosp",2021-06-19,"quantile",0.75,3611.16939354204
"800",2021-05-15,"US","35  day ahead inc hosp",2021-06-19,"quantile",0.8,3962.3275973004
"801",2021-05-15,"US","35  day ahead inc hosp",2021-06-19,"quantile",0.85,4403.29038673724
"802",2021-05-15,"US","35  day ahead inc hosp",2021-06-19,"quantile",0.9,5009.24151725115
"803",2021-05-15,"US","35  day ahead inc hosp",2021-06-19,"quantile",0.95,6019.76525490418
"804",2021-05-15,"US","35  day ahead inc hosp",2021-06-19,"quantile",0.975,7013.75461353506
"805",2021-05-15,"US","35  day ahead inc hosp",2021-06-19,"quantile",0.99,8318.82551816612
"806",2021-05-15,"US","36  day ahead inc hosp",2021-06-20,"quantile",0.01,354.967692755953
"807",2021-05-15,"US","36  day ahead inc hosp",2021-06-20,"quantile",0.025,510.02731409157
"808",2021-05-15,"US","36  day ahead inc hosp",2021-06-20,"quantile",0.05,679.866425686531
"809",2021-05-15,"US","36  day ahead inc hosp",2021-06-20,"quantile",0.1,924.748975690727
"810",2021-05-15,"US","36  day ahead inc hosp",2021-06-20,"quantile",0.15,1123.79559584634
"811",2021-05-15,"US","36  day ahead inc hosp",2021-06-20,"quantile",0.2,1303.61938658002
"812",2021-05-15,"US","36  day ahead inc hosp",2021-06-20,"quantile",0.25,1474.38237143494
"813",2021-05-15,"US","36  day ahead inc hosp",2021-06-20,"quantile",0.3,1641.55409755219
"814",2021-05-15,"US","36  day ahead inc hosp",2021-06-20,"quantile",0.35,1808.7917237116
"815",2021-05-15,"US","36  day ahead inc hosp",2021-06-20,"quantile",0.4,1978.99951019884
"816",2021-05-15,"US","36  day ahead inc hosp",2021-06-20,"quantile",0.45,2154.84516445166
"817",2021-05-15,"US","36  day ahead inc hosp",2021-06-20,"quantile",0.5,2339.09537751517
"818",2021-05-15,"US","36  day ahead inc hosp",2021-06-20,"quantile",0.55,2534.9161586269
"819",2021-05-15,"US","36  day ahead inc hosp",2021-06-20,"quantile",0.6,2746.23203041744
"820",2021-05-15,"US","36  day ahead inc hosp",2021-06-20,"quantile",0.65,2978.25343772499
"821",2021-05-15,"US","36  day ahead inc hosp",2021-06-20,"quantile",0.7,3238.36499518196
"822",2021-05-15,"US","36  day ahead inc hosp",2021-06-20,"quantile",0.75,3537.79636969377
"823",2021-05-15,"US","36  day ahead inc hosp",2021-06-20,"quantile",0.8,3895.1556515548
"824",2021-05-15,"US","36  day ahead inc hosp",2021-06-20,"quantile",0.85,4345.12673002235
"825",2021-05-15,"US","36  day ahead inc hosp",2021-06-20,"quantile",0.9,4965.39449399229
"826",2021-05-15,"US","36  day ahead inc hosp",2021-06-20,"quantile",0.95,6003.98731359165
"827",2021-05-15,"US","36  day ahead inc hosp",2021-06-20,"quantile",0.975,7029.80807874552
"828",2021-05-15,"US","36  day ahead inc hosp",2021-06-20,"quantile",0.99,8381.83464882927
"829",2021-05-15,"US","37  day ahead inc hosp",2021-06-21,"quantile",0.01,446.049675318568
"830",2021-05-15,"US","37  day ahead inc hosp",2021-06-21,"quantile",0.025,635.116599729567
"831",2021-05-15,"US","37  day ahead inc hosp",2021-06-21,"quantile",0.05,841.010884449677
"832",2021-05-15,"US","37  day ahead inc hosp",2021-06-21,"quantile",0.1,1136.40639226223
"833",2021-05-15,"US","37  day ahead inc hosp",2021-06-21,"quantile",0.15,1375.5874370261
"834",2021-05-15,"US","37  day ahead inc hosp",2021-06-21,"quantile",0.2,1591.12444450488
"835",2021-05-15,"US","37  day ahead inc hosp",2021-06-21,"quantile",0.25,1795.40646560253
"836",2021-05-15,"US","37  day ahead inc hosp",2021-06-21,"quantile",0.3,1995.07432582105
"837",2021-05-15,"US","37  day ahead inc hosp",2021-06-21,"quantile",0.35,2194.54639962281
"838",2021-05-15,"US","37  day ahead inc hosp",2021-06-21,"quantile",0.4,2397.31189153715
"839",2021-05-15,"US","37  day ahead inc hosp",2021-06-21,"quantile",0.45,2606.55806002827
"840",2021-05-15,"US","37  day ahead inc hosp",2021-06-21,"quantile",0.5,2825.57451119971
"841",2021-05-15,"US","37  day ahead inc hosp",2021-06-21,"quantile",0.55,3058.11154813985
"842",2021-05-15,"US","37  day ahead inc hosp",2021-06-21,"quantile",0.6,3308.80544380491
"843",2021-05-15,"US","37  day ahead inc hosp",2021-06-21,"quantile",0.65,3583.80014778082
"844",2021-05-15,"US","37  day ahead inc hosp",2021-06-21,"quantile",0.7,3891.7921635446
"845",2021-05-15,"US","37  day ahead inc hosp",2021-06-21,"quantile",0.75,4245.99410479245
"846",2021-05-15,"US","37  day ahead inc hosp",2021-06-21,"quantile",0.8,4668.28461910458
"847",2021-05-15,"US","37  day ahead inc hosp",2021-06-21,"quantile",0.85,5199.41892561226
"848",2021-05-15,"US","37  day ahead inc hosp",2021-06-21,"quantile",0.9,5930.62398408661
"849",2021-05-15,"US","37  day ahead inc hosp",2021-06-21,"quantile",0.95,7152.93568364918
"850",2021-05-15,"US","37  day ahead inc hosp",2021-06-21,"quantile",0.975,8358.17019135263
"851",2021-05-15,"US","37  day ahead inc hosp",2021-06-21,"quantile",0.99,9944.16776737284
"852",2021-05-15,"01","1  day ahead inc hosp",2021-05-16,"quantile",0.01,55.1360508967528
"853",2021-05-15,"01","1  day ahead inc hosp",2021-05-16,"quantile",0.025,58.6710133370403
"854",2021-05-15,"01","1  day ahead inc hosp",2021-05-16,"quantile",0.05,61.8449138924921
"855",2021-05-15,"01","1  day ahead inc hosp",2021-05-16,"quantile",0.1,65.6621280555889
"856",2021-05-15,"01","1  day ahead inc hosp",2021-05-16,"quantile",0.15,68.3355896928301
"857",2021-05-15,"01","1  day ahead inc hosp",2021-05-16,"quantile",0.2,70.5179350365029
"858",2021-05-15,"01","1  day ahead inc hosp",2021-05-16,"quantile",0.25,72.4314914406229
"859",2021-05-15,"01","1  day ahead inc hosp",2021-05-16,"quantile",0.3,74.1828763575727
"860",2021-05-15,"01","1  day ahead inc hosp",2021-05-16,"quantile",0.35,75.833969420105
"861",2021-05-15,"01","1  day ahead inc hosp",2021-05-16,"quantile",0.4,77.4260346923909
"862",2021-05-15,"01","1  day ahead inc hosp",2021-05-16,"quantile",0.45,78.9901088711828
"863",2021-05-15,"01","1  day ahead inc hosp",2021-05-16,"quantile",0.5,80.5524041981101
"864",2021-05-15,"01","1  day ahead inc hosp",2021-05-16,"quantile",0.55,82.1377604690755
"865",2021-05-15,"01","1  day ahead inc hosp",2021-05-16,"quantile",0.6,83.7725106583019
"866",2021-05-15,"01","1  day ahead inc hosp",2021-05-16,"quantile",0.65,85.48767544449
"867",2021-05-15,"01","1  day ahead inc hosp",2021-05-16,"quantile",0.7,87.3235639587077
"868",2021-05-15,"01","1  day ahead inc hosp",2021-05-16,"quantile",0.75,89.3377823853971
"869",2021-05-15,"01","1  day ahead inc hosp",2021-05-16,"quantile",0.8,91.6214978535657
"870",2021-05-15,"01","1  day ahead inc hosp",2021-05-16,"quantile",0.85,94.3383965938649
"871",2021-05-15,"01","1  day ahead inc hosp",2021-05-16,"quantile",0.9,97.8421964671113
"872",2021-05-15,"01","1  day ahead inc hosp",2021-05-16,"quantile",0.95,103.213762962282
"873",2021-05-15,"01","1  day ahead inc hosp",2021-05-16,"quantile",0.975,108.049289513842
"874",2021-05-15,"01","1  day ahead inc hosp",2021-05-16,"quantile",0.99,113.883060526076
"875",2021-05-15,"01","2  day ahead inc hosp",2021-05-17,"quantile",0.01,50.7110700355396
"876",2021-05-15,"01","2  day ahead inc hosp",2021-05-17,"quantile",0.025,54.3060087836663
"877",2021-05-15,"01","2  day ahead inc hosp",2021-05-17,"quantile",0.05,57.5478568112715
"878",2021-05-15,"01","2  day ahead inc hosp",2021-05-17,"quantile",0.1,61.463266483796
"879",2021-05-15,"01","2  day ahead inc hosp",2021-05-17,"quantile",0.15,64.2155815252122
"880",2021-05-15,"01","2  day ahead inc hosp",2021-05-17,"quantile",0.2,66.4681369783316
"881",2021-05-15,"01","2  day ahead inc hosp",2021-05-17,"quantile",0.25,68.4474107742111
"882",2021-05-15,"01","2  day ahead inc hosp",2021-05-17,"quantile",0.3,70.2622361454028
"883",2021-05-15,"01","2  day ahead inc hosp",2021-05-17,"quantile",0.35,71.9759358111652
"884",2021-05-15,"01","2  day ahead inc hosp",2021-05-17,"quantile",0.4,73.630874206174
"885",2021-05-15,"01","2  day ahead inc hosp",2021-05-17,"quantile",0.45,75.2590512647055
"886",2021-05-15,"01","2  day ahead inc hosp",2021-05-17,"quantile",0.5,76.8876318241269
"887",2021-05-15,"01","2  day ahead inc hosp",2021-05-17,"quantile",0.55,78.5425019298807
"888",2021-05-15,"01","2  day ahead inc hosp",2021-05-17,"quantile",0.6,80.2512501082938
"889",2021-05-15,"01","2  day ahead inc hosp",2021-05-17,"quantile",0.65,82.0465236753514
"890",2021-05-15,"01","2  day ahead inc hosp",2021-05-17,"quantile",0.7,83.9708949202986
"891",2021-05-15,"01","2  day ahead inc hosp",2021-05-17,"quantile",0.75,86.0853617610079
"892",2021-05-15,"01","2  day ahead inc hosp",2021-05-17,"quantile",0.8,88.4866417035804
"893",2021-05-15,"01","2  day ahead inc hosp",2021-05-17,"quantile",0.85,91.3486423157584
"894",2021-05-15,"01","2  day ahead inc hosp",2021-05-17,"quantile",0.9,95.0476704892255
"895",2021-05-15,"01","2  day ahead inc hosp",2021-05-17,"quantile",0.95,100.735421779949
"896",2021-05-15,"01","2  day ahead inc hosp",2021-05-17,"quantile",0.975,105.872132913642
"897",2021-05-15,"01","2  day ahead inc hosp",2021-05-17,"quantile",0.99,112.088902308414
"898",2021-05-15,"01","3  day ahead inc hosp",2021-05-18,"quantile",0.01,47.1325421539838
"899",2021-05-15,"01","3  day ahead inc hosp",2021-05-18,"quantile",0.025,50.7790214410355
"900",2021-05-15,"01","3  day ahead inc hosp",2021-05-18,"quantile",0.05,54.0809640530203
"901",2021-05-15,"01","3  day ahead inc hosp",2021-05-18,"quantile",0.1,58.0848894689269
"902",2021-05-15,"01","3  day ahead inc hosp",2021-05-18,"quantile",0.15,60.9091822471696
"903",2021-05-15,"01","3  day ahead inc hosp",2021-05-18,"quantile",0.2,63.2263028673261
"904",2021-05-15,"01","3  day ahead inc hosp",2021-05-18,"quantile",0.25,65.2663337147716
"905",2021-05-15,"01","3  day ahead inc hosp",2021-05-18,"quantile",0.3,67.1400592530794
"906",2021-05-15,"01","3  day ahead inc hosp",2021-05-18,"quantile",0.35,68.9120910167167
"907",2021-05-15,"01","3  day ahead inc hosp",2021-05-18,"quantile",0.4,70.6257909712854
"908",2021-05-15,"01","3  day ahead inc hosp",2021-05-18,"quantile",0.45,72.3140453927504
"909",2021-05-15,"01","3  day ahead inc hosp",2021-05-18,"quantile",0.5,74.0049075206815
"910",2021-05-15,"01","3  day ahead inc hosp",2021-05-18,"quantile",0.55,75.7252498069252
"911",2021-05-15,"01","3  day ahead inc hosp",2021-05-18,"quantile",0.6,77.5038540924145
"912",2021-05-15,"01","3  day ahead inc hosp",2021-05-18,"quantile",0.65,79.3749224343702
"913",2021-05-15,"01","3  day ahead inc hosp",2021-05-18,"quantile",0.7,81.3831985623498
"914",2021-05-15,"01","3  day ahead inc hosp",2021-05-18,"quantile",0.75,83.5929432503092
"915",2021-05-15,"01","3  day ahead inc hosp",2021-05-18,"quantile",0.8,86.1062236612275
"916",2021-05-15,"01","3  day ahead inc hosp",2021-05-18,"quantile",0.85,89.1068142130638
"917",2021-05-15,"01","3  day ahead inc hosp",2021-05-18,"quantile",0.9,92.9928594805882
"918",2021-05-15,"01","3  day ahead inc hosp",2021-05-18,"quantile",0.95,98.9846522767327
"919",2021-05-15,"01","3  day ahead inc hosp",2021-05-18,"quantile",0.975,104.412114164135
"920",2021-05-15,"01","3  day ahead inc hosp",2021-05-18,"quantile",0.99,110.999964972703
"921",2021-05-15,"01","4  day ahead inc hosp",2021-05-19,"quantile",0.01,47.1822568202952
"922",2021-05-15,"01","4  day ahead inc hosp",2021-05-19,"quantile",0.025,51.0597549363623
"923",2021-05-15,"01","4  day ahead inc hosp",2021-05-19,"quantile",0.05,54.5816220229458
"924",2021-05-15,"01","4  day ahead inc hosp",2021-05-19,"quantile",0.1,58.8647971921993
"925",2021-05-15,"01","4  day ahead inc hosp",2021-05-19,"quantile",0.15,61.8937642978899
"926",2021-05-15,"01","4  day ahead inc hosp",2021-05-19,"quantile",0.2,64.3832679961932
"927",2021-05-15,"01","4  day ahead inc hosp",2021-05-19,"quantile",0.25,66.578243688291
"928",2021-05-15,"01","4  day ahead inc hosp",2021-05-19,"quantile",0.3,68.5968012324067
"929",2021-05-15,"01","4  day ahead inc hosp",2021-05-19,"quantile",0.35,70.5079466615045
"930",2021-05-15,"01","4  day ahead inc hosp",2021-05-19,"quantile",0.4,72.3580990345814
"931",2021-05-15,"01","4  day ahead inc hosp",2021-05-19,"quantile",0.45,74.1825690465905
"932",2021-05-15,"01","4  day ahead inc hosp",2021-05-19,"quantile",0.5,76.0115861783871
"933",2021-05-15,"01","4  day ahead inc hosp",2021-05-19,"quantile",0.55,77.8742183011231
"934",2021-05-15,"01","4  day ahead inc hosp",2021-05-19,"quantile",0.6,79.8017107376301
"935",2021-05-15,"01","4  day ahead inc hosp",2021-05-19,"quantile",0.65,81.8313050611333
"936",2021-05-15,"01","4  day ahead inc hosp",2021-05-19,"quantile",0.7,84.0118342912341
"937",2021-05-15,"01","4  day ahead inc hosp",2021-05-19,"quantile",0.75,86.4135509689192
"938",2021-05-15,"01","4  day ahead inc hosp",2021-05-19,"quantile",0.8,89.148177223958
"939",2021-05-15,"01","4  day ahead inc hosp",2021-05-19,"quantile",0.85,92.4170661931721
"940",2021-05-15,"01","4  day ahead inc hosp",2021-05-19,"quantile",0.9,96.6568313105604
"941",2021-05-15,"01","4  day ahead inc hosp",2021-05-19,"quantile",0.95,103.207066882828
"942",2021-05-15,"01","4  day ahead inc hosp",2021-05-19,"quantile",0.975,109.153184194221
"943",2021-05-15,"01","4  day ahead inc hosp",2021-05-19,"quantile",0.99,116.385797069505
"944",2021-05-15,"01","5  day ahead inc hosp",2021-05-20,"quantile",0.01,43.6720352032157
"945",2021-05-15,"01","5  day ahead inc hosp",2021-05-20,"quantile",0.025,47.5377709903881
"946",2021-05-15,"01","5  day ahead inc hosp",2021-05-20,"quantile",0.05,51.0629958688758
"947",2021-05-15,"01","5  day ahead inc hosp",2021-05-20,"quantile",0.1,55.3667260577127
"948",2021-05-15,"01","5  day ahead inc hosp",2021-05-20,"quantile",0.15,58.4203260068047
"949",2021-05-15,"01","5  day ahead inc hosp",2021-05-20,"quantile",0.2,60.9359352106703
"950",2021-05-15,"01","5  day ahead inc hosp",2021-05-20,"quantile",0.25,63.1581007537146
"951",2021-05-15,"01","5  day ahead inc hosp",2021-05-20,"quantile",0.3,65.2049737765332
"952",2021-05-15,"01","5  day ahead inc hosp",2021-05-20,"quantile",0.35,67.1457459381476
"953",2021-05-15,"01","5  day ahead inc hosp",2021-05-20,"quantile",0.4,69.0271040545097
"954",2021-05-15,"01","5  day ahead inc hosp",2021-05-20,"quantile",0.45,70.8847027872029
"955",2021-05-15,"01","5  day ahead inc hosp",2021-05-20,"quantile",0.5,72.7492091481932
"956",2021-05-15,"01","5  day ahead inc hosp",2021-05-20,"quantile",0.55,74.6502579623675
"957",2021-05-15,"01","5  day ahead inc hosp",2021-05-20,"quantile",0.6,76.6198515159885
"958",2021-05-15,"01","5  day ahead inc hosp",2021-05-20,"quantile",0.65,78.6962808517524
"959",2021-05-15,"01","5  day ahead inc hosp",2021-05-20,"quantile",0.7,80.9299032169424
"960",2021-05-15,"01","5  day ahead inc hosp",2021-05-20,"quantile",0.75,83.3933196470363
"961",2021-05-15,"01","5  day ahead inc hosp",2021-05-20,"quantile",0.8,86.2021683908216
"962",2021-05-15,"01","5  day ahead inc hosp",2021-05-20,"quantile",0.85,89.5651170021449
"963",2021-05-15,"01","5  day ahead inc hosp",2021-05-20,"quantile",0.9,93.9351485639141
"964",2021-05-15,"01","5  day ahead inc hosp",2021-05-20,"quantile",0.95,100.70393605556
"965",2021-05-15,"01","5  day ahead inc hosp",2021-05-20,"quantile",0.975,106.865441365705
"966",2021-05-15,"01","5  day ahead inc hosp",2021-05-20,"quantile",0.99,114.380255908479
"967",2021-05-15,"01","6  day ahead inc hosp",2021-05-21,"quantile",0.01,43.7264052475506
"968",2021-05-15,"01","6  day ahead inc hosp",2021-05-21,"quantile",0.025,47.7910430682727
"969",2021-05-15,"01","6  day ahead inc hosp",2021-05-21,"quantile",0.05,51.5079636284545
"970",2021-05-15,"01","6  day ahead inc hosp",2021-05-21,"quantile",0.1,56.0578285992568
"971",2021-05-15,"01","6  day ahead inc hosp",2021-05-21,"quantile",0.15,59.2934877509266
"972",2021-05-15,"01","6  day ahead inc hosp",2021-05-21,"quantile",0.2,61.9633869856518
"973",2021-05-15,"01","6  day ahead inc hosp",2021-05-21,"quantile",0.25,64.3249116506976
"974",2021-05-15,"01","6  day ahead inc hosp",2021-05-21,"quantile",0.3,66.5025843472511
"975",2021-05-15,"01","6  day ahead inc hosp",2021-05-21,"quantile",0.35,68.569447690228
"976",2021-05-15,"01","6  day ahead inc hosp",2021-05-21,"quantile",0.4,70.574892972313
"977",2021-05-15,"01","6  day ahead inc hosp",2021-05-21,"quantile",0.45,72.5567443144704
"978",2021-05-15,"01","6  day ahead inc hosp",2021-05-21,"quantile",0.5,74.5476405684149
"979",2021-05-15,"01","6  day ahead inc hosp",2021-05-21,"quantile",0.55,76.5792298625168
"980",2021-05-15,"01","6  day ahead inc hosp",2021-05-21,"quantile",0.6,78.6857969956176
"981",2021-05-15,"01","6  day ahead inc hosp",2021-05-21,"quantile",0.65,80.9084718323257
"982",2021-05-15,"01","6  day ahead inc hosp",2021-05-21,"quantile",0.7,83.3014531600069
"983",2021-05-15,"01","6  day ahead inc hosp",2021-05-21,"quantile",0.75,85.9429940355488
"984",2021-05-15,"01","6  day ahead inc hosp",2021-05-21,"quantile",0.8,88.9578676130667
"985",2021-05-15,"01","6  day ahead inc hosp",2021-05-21,"quantile",0.85,92.5714130888721
"986",2021-05-15,"01","6  day ahead inc hosp",2021-05-21,"quantile",0.9,97.2731790861938
"987",2021-05-15,"01","6  day ahead inc hosp",2021-05-21,"quantile",0.95,104.568543712136
"988",2021-05-15,"01","6  day ahead inc hosp",2021-05-21,"quantile",0.975,111.221912762553
"989",2021-05-15,"01","6  day ahead inc hosp",2021-05-21,"quantile",0.99,119.351533470746
"990",2021-05-15,"01","7  day ahead inc hosp",2021-05-22,"quantile",0.01,40.1675706693266
"991",2021-05-15,"01","7  day ahead inc hosp",2021-05-22,"quantile",0.025,44.160130331139
"992",2021-05-15,"01","7  day ahead inc hosp",2021-05-22,"quantile",0.05,47.8257995156777
"993",2021-05-15,"01","7  day ahead inc hosp",2021-05-22,"quantile",0.1,52.3301654919973
"994",2021-05-15,"01","7  day ahead inc hosp",2021-05-22,"quantile",0.15,55.5440472404954
"995",2021-05-15,"01","7  day ahead inc hosp",2021-05-22,"quantile",0.2,58.2021223607684
"996",2021-05-15,"01","7  day ahead inc hosp",2021-05-22,"quantile",0.25,60.5575685510507
"997",2021-05-15,"01","7  day ahead inc hosp",2021-05-22,"quantile",0.3,62.7331140102806
"998",2021-05-15,"01","7  day ahead inc hosp",2021-05-22,"quantile",0.35,64.8009206557701
"999",2021-05-15,"01","7  day ahead inc hosp",2021-05-22,"quantile",0.4,66.8099368512747
"1000",2021-05-15,"01","7  day ahead inc hosp",2021-05-22,"quantile",0.45,68.7977972619768
"1001",2021-05-15,"01","7  day ahead inc hosp",2021-05-22,"quantile",0.5,70.797129413765
"1002",2021-05-15,"01","7  day ahead inc hosp",2021-05-22,"quantile",0.55,72.839725119655
"1003",2021-05-15,"01","7  day ahead inc hosp",2021-05-22,"quantile",0.6,74.9601799055837
"1004",2021-05-15,"01","7  day ahead inc hosp",2021-05-22,"quantile",0.65,77.200150305611
"1005",2021-05-15,"01","7  day ahead inc hosp",2021-05-22,"quantile",0.7,79.6146833920666
"1006",2021-05-15,"01","7  day ahead inc hosp",2021-05-22,"quantile",0.75,82.2834190352651
"1007",2021-05-15,"01","7  day ahead inc hosp",2021-05-22,"quantile",0.8,85.3335308390311
"1008",2021-05-15,"01","7  day ahead inc hosp",2021-05-22,"quantile",0.85,88.9949624140365
"1009",2021-05-15,"01","7  day ahead inc hosp",2021-05-22,"quantile",0.9,93.7678038130781
"1010",2021-05-15,"01","7  day ahead inc hosp",2021-05-22,"quantile",0.95,101.191822165962
"1011",2021-05-15,"01","7  day ahead inc hosp",2021-05-22,"quantile",0.975,107.980596649492
"1012",2021-05-15,"01","7  day ahead inc hosp",2021-05-22,"quantile",0.99,116.2971977932
"1013",2021-05-15,"01","8  day ahead inc hosp",2021-05-23,"quantile",0.01,38.8618861803282
"1014",2021-05-15,"01","8  day ahead inc hosp",2021-05-23,"quantile",0.025,42.9230240098035
"1015",2021-05-15,"01","8  day ahead inc hosp",2021-05-23,"quantile",0.05,46.6634382483689
"1016",2021-05-15,"01","8  day ahead inc hosp",2021-05-23,"quantile",0.1,51.2735140908709
"1017",2021-05-15,"01","8  day ahead inc hosp",2021-05-23,"quantile",0.15,54.5713306834031
"1018",2021-05-15,"01","8  day ahead inc hosp",2021-05-23,"quantile",0.2,57.3037692392269
"1019",2021-05-15,"01","8  day ahead inc hosp",2021-05-23,"quantile",0.25,59.728636874498
"1020",2021-05-15,"01","8  day ahead inc hosp",2021-05-23,"quantile",0.3,61.9711008944768
"1021",2021-05-15,"01","8  day ahead inc hosp",2021-05-23,"quantile",0.35,64.1048968193045
"1022",2021-05-15,"01","8  day ahead inc hosp",2021-05-23,"quantile",0.4,66.1801644137145
"1023",2021-05-15,"01","8  day ahead inc hosp",2021-05-23,"quantile",0.45,68.2355759691908
"1024",2021-05-15,"01","8  day ahead inc hosp",2021-05-23,"quantile",0.5,70.3047818537291
"1025",2021-05-15,"01","8  day ahead inc hosp",2021-05-23,"quantile",0.55,72.420695390518
"1026",2021-05-15,"01","8  day ahead inc hosp",2021-05-23,"quantile",0.6,74.6192572423521
"1027",2021-05-15,"01","8  day ahead inc hosp",2021-05-23,"quantile",0.65,76.9438669996513
"1028",2021-05-15,"01","8  day ahead inc hosp",2021-05-23,"quantile",0.7,79.451998496666
"1029",2021-05-15,"01","8  day ahead inc hosp",2021-05-23,"quantile",0.75,82.2269320862969
"1030",2021-05-15,"01","8  day ahead inc hosp",2021-05-23,"quantile",0.8,85.4018061366731
"1031",2021-05-15,"01","8  day ahead inc hosp",2021-05-23,"quantile",0.85,89.2175653006543
"1032",2021-05-15,"01","8  day ahead inc hosp",2021-05-23,"quantile",0.9,94.1986588885042
"1033",2021-05-15,"01","8  day ahead inc hosp",2021-05-23,"quantile",0.95,101.961451244456
"1034",2021-05-15,"01","8  day ahead inc hosp",2021-05-23,"quantile",0.975,109.074621111379
"1035",2021-05-15,"01","8  day ahead inc hosp",2021-05-23,"quantile",0.99,117.806036392908
"1036",2021-05-15,"01","9  day ahead inc hosp",2021-05-24,"quantile",0.01,43.93242550829
"1037",2021-05-15,"01","9  day ahead inc hosp",2021-05-24,"quantile",0.025,48.5540972582428
"1038",2021-05-15,"01","9  day ahead inc hosp",2021-05-24,"quantile",0.05,52.8126080121785
"1039",2021-05-15,"01","9  day ahead inc hosp",2021-05-24,"quantile",0.1,58.0633917345342
"1040",2021-05-15,"01","9  day ahead inc hosp",2021-05-24,"quantile",0.15,61.8208582107384
"1041",2021-05-15,"01","9  day ahead inc hosp",2021-05-24,"quantile",0.2,64.9349102204657
"1042",2021-05-15,"01","9  day ahead inc hosp",2021-05-24,"quantile",0.25,67.6989815654277
"1043",2021-05-15,"01","9  day ahead inc hosp",2021-05-24,"quantile",0.3,70.255566940587
"1044",2021-05-15,"01","9  day ahead inc hosp",2021-05-24,"quantile",0.35,72.688631102216
"1045",2021-05-15,"01","9  day ahead inc hosp",2021-05-24,"quantile",0.4,75.0552889789589
"1046",2021-05-15,"01","9  day ahead inc hosp",2021-05-24,"quantile",0.45,77.3996116733419
"1047",2021-05-15,"01","9  day ahead inc hosp",2021-05-24,"quantile",0.5,79.7599664356305
"1048",2021-05-15,"01","9  day ahead inc hosp",2021-05-24,"quantile",0.55,82.1738994986817
"1049",2021-05-15,"01","9  day ahead inc hosp",2021-05-24,"quantile",0.6,84.6824298220129
"1050",2021-05-15,"01","9  day ahead inc hosp",2021-05-24,"quantile",0.65,87.3351082078671
"1051",2021-05-15,"01","9  day ahead inc hosp",2021-05-24,"quantile",0.7,90.1975734633311
"1052",2021-05-15,"01","9  day ahead inc hosp",2021-05-24,"quantile",0.75,93.364956976435
"1053",2021-05-15,"01","9  day ahead inc hosp",2021-05-24,"quantile",0.8,96.9893663309793
"1054",2021-05-15,"01","9  day ahead inc hosp",2021-05-24,"quantile",0.85,101.346108562133
"1055",2021-05-15,"01","9  day ahead inc hosp",2021-05-24,"quantile",0.9,107.034494198688
"1056",2021-05-15,"01","9  day ahead inc hosp",2021-05-24,"quantile",0.95,115.901857353546
"1057",2021-05-15,"01","9  day ahead inc hosp",2021-05-24,"quantile",0.975,124.029416181675
"1058",2021-05-15,"01","9  day ahead inc hosp",2021-05-24,"quantile",0.99,134.008678186532
"1059",2021-05-15,"01","10  day ahead inc hosp",2021-05-25,"quantile",0.01,40.5715678473144
"1060",2021-05-15,"01","10  day ahead inc hosp",2021-05-25,"quantile",0.025,45.0878739765363
"1061",2021-05-15,"01","10  day ahead inc hosp",2021-05-25,"quantile",0.05,49.2649509254962
"1062",2021-05-15,"01","10  day ahead inc hosp",2021-05-25,"quantile",0.1,54.4337733577333
"1063",2021-05-15,"01","10  day ahead inc hosp",2021-05-25,"quantile",0.15,58.143923778032
"1064",2021-05-15,"01","10  day ahead inc hosp",2021-05-25,"quantile",0.2,61.2253523746416
"1065",2021-05-15,"01","10  day ahead inc hosp",2021-05-25,"quantile",0.25,63.9651677563405
"1066",2021-05-15,"01","10  day ahead inc hosp",2021-05-25,"quantile",0.3,66.5030537858426
"1067",2021-05-15,"01","10  day ahead inc hosp",2021-05-25,"quantile",0.35,68.9215062733566
"1068",2021-05-15,"01","10  day ahead inc hosp",2021-05-25,"quantile",0.4,71.2768078470874
"1069",2021-05-15,"01","10  day ahead inc hosp",2021-05-25,"quantile",0.45,73.6125510254136
"1070",2021-05-15,"01","10  day ahead inc hosp",2021-05-25,"quantile",0.5,75.9668519844773
"1071",2021-05-15,"01","10  day ahead inc hosp",2021-05-25,"quantile",0.55,78.3771784912065
"1072",2021-05-15,"01","10  day ahead inc hosp",2021-05-25,"quantile",0.6,80.8846302971016
"1073",2021-05-15,"01","10  day ahead inc hosp",2021-05-25,"quantile",0.65,83.5390200812266
"1074",2021-05-15,"01","10  day ahead inc hosp",2021-05-25,"quantile",0.7,86.4064976065536
"1075",2021-05-15,"01","10  day ahead inc hosp",2021-05-25,"quantile",0.75,89.5831070082689
"1076",2021-05-15,"01","10  day ahead inc hosp",2021-05-25,"quantile",0.8,93.222616931229
"1077",2021-05-15,"01","10  day ahead inc hosp",2021-05-25,"quantile",0.85,97.6036296054567
"1078",2021-05-15,"01","10  day ahead inc hosp",2021-05-25,"quantile",0.9,103.333210884339
"1079",2021-05-15,"01","10  day ahead inc hosp",2021-05-25,"quantile",0.95,112.284749005944
"1080",2021-05-15,"01","10  day ahead inc hosp",2021-05-25,"quantile",0.975,120.509119297521
"1081",2021-05-15,"01","10  day ahead inc hosp",2021-05-25,"quantile",0.99,130.630706154226
"1082",2021-05-15,"01","11  day ahead inc hosp",2021-05-26,"quantile",0.01,39.0761002760691
"1083",2021-05-15,"01","11  day ahead inc hosp",2021-05-26,"quantile",0.025,43.618743151366
"1084",2021-05-15,"01","11  day ahead inc hosp",2021-05-26,"quantile",0.05,47.8328412277911
"1085",2021-05-15,"01","11  day ahead inc hosp",2021-05-26,"quantile",0.1,53.0624094771218
"1086",2021-05-15,"01","11  day ahead inc hosp",2021-05-26,"quantile",0.15,56.8253422786185
"1087",2021-05-15,"01","11  day ahead inc hosp",2021-05-26,"quantile",0.2,59.9559463225129
"1088",2021-05-15,"01","11  day ahead inc hosp",2021-05-26,"quantile",0.25,62.7432935222687
"1089",2021-05-15,"01","11  day ahead inc hosp",2021-05-26,"quantile",0.3,65.3282350392229
"1090",2021-05-15,"01","11  day ahead inc hosp",2021-05-26,"quantile",0.35,67.7941090108444
"1091",2021-05-15,"01","11  day ahead inc hosp",2021-05-26,"quantile",0.4,70.1979091795112
"1092",2021-05-15,"01","11  day ahead inc hosp",2021-05-26,"quantile",0.45,72.5839124987279
"1093",2021-05-15,"01","11  day ahead inc hosp",2021-05-26,"quantile",0.5,74.9909685215932
"1094",2021-05-15,"01","11  day ahead inc hosp",2021-05-26,"quantile",0.55,77.4574017565231
"1095",2021-05-15,"01","11  day ahead inc hosp",2021-05-26,"quantile",0.6,80.0253865335566
"1096",2021-05-15,"01","11  day ahead inc hosp",2021-05-26,"quantile",0.65,82.7461705025794
"1097",2021-05-15,"01","11  day ahead inc hosp",2021-05-26,"quantile",0.7,85.6879411835953
"1098",2021-05-15,"01","11  day ahead inc hosp",2021-05-26,"quantile",0.75,88.949840042181
"1099",2021-05-15,"01","11  day ahead inc hosp",2021-05-26,"quantile",0.8,92.6907571881898
"1100",2021-05-15,"01","11  day ahead inc hosp",2021-05-26,"quantile",0.85,97.1988075045088
"1101",2021-05-15,"01","11  day ahead inc hosp",2021-05-26,"quantile",0.9,103.102256839584
"1102",2021-05-15,"01","11  day ahead inc hosp",2021-05-26,"quantile",0.95,112.341664409698
"1103",2021-05-15,"01","11  day ahead inc hosp",2021-05-26,"quantile",0.975,120.846512622383
"1104",2021-05-15,"01","11  day ahead inc hosp",2021-05-26,"quantile",0.99,131.332370528534
"1105",2021-05-15,"01","12  day ahead inc hosp",2021-05-27,"quantile",0.01,41.5679608127546
"1106",2021-05-15,"01","12  day ahead inc hosp",2021-05-27,"quantile",0.025,46.4757376592277
"1107",2021-05-15,"01","12  day ahead inc hosp",2021-05-27,"quantile",0.05,51.0335855694223
"1108",2021-05-15,"01","12  day ahead inc hosp",2021-05-27,"quantile",0.1,56.6956609678068
"1109",2021-05-15,"01","12  day ahead inc hosp",2021-05-27,"quantile",0.15,60.773443092898
"1110",2021-05-15,"01","12  day ahead inc hosp",2021-05-27,"quantile",0.2,64.1681036561191
"1111",2021-05-15,"01","12  day ahead inc hosp",2021-05-27,"quantile",0.25,67.1920631998056
"1112",2021-05-15,"01","12  day ahead inc hosp",2021-05-27,"quantile",0.3,69.9976339983422
"1113",2021-05-15,"01","12  day ahead inc hosp",2021-05-27,"quantile",0.35,72.6749964222024
"1114",2021-05-15,"01","12  day ahead inc hosp",2021-05-27,"quantile",0.4,75.2858779334691
"1115",2021-05-15,"01","12  day ahead inc hosp",2021-05-27,"quantile",0.45,77.8782862384872
"1116",2021-05-15,"01","12  day ahead inc hosp",2021-05-27,"quantile",0.5,80.4943979723675
"1117",2021-05-15,"01","12  day ahead inc hosp",2021-05-27,"quantile",0.55,83.1758736121313
"1118",2021-05-15,"01","12  day ahead inc hosp",2021-05-27,"quantile",0.6,85.9686118426791
"1119",2021-05-15,"01","12  day ahead inc hosp",2021-05-27,"quantile",0.65,88.9284381960801
"1120",2021-05-15,"01","12  day ahead inc hosp",2021-05-27,"quantile",0.7,92.1296833068051
"1121",2021-05-15,"01","12  day ahead inc hosp",2021-05-27,"quantile",0.75,95.6804749845392
"1122",2021-05-15,"01","12  day ahead inc hosp",2021-05-27,"quantile",0.8,99.7541693700486
"1123",2021-05-15,"01","12  day ahead inc hosp",2021-05-27,"quantile",0.85,104.665204538925
"1124",2021-05-15,"01","12  day ahead inc hosp",2021-05-27,"quantile",0.9,111.099433356155
"1125",2021-05-15,"01","12  day ahead inc hosp",2021-05-27,"quantile",0.95,121.175978575827
"1126",2021-05-15,"01","12  day ahead inc hosp",2021-05-27,"quantile",0.975,130.457737170983
"1127",2021-05-15,"01","12  day ahead inc hosp",2021-05-27,"quantile",0.99,141.909021264827
"1128",2021-05-15,"01","13  day ahead inc hosp",2021-05-28,"quantile",0.01,39.6690044223363
"1129",2021-05-15,"01","13  day ahead inc hosp",2021-05-28,"quantile",0.025,44.5535548664793
"1130",2021-05-15,"01","13  day ahead inc hosp",2021-05-28,"quantile",0.05,49.1037644188414
"1131",2021-05-15,"01","13  day ahead inc hosp",2021-05-28,"quantile",0.1,54.7728060794671
"1132",2021-05-15,"01","13  day ahead inc hosp",2021-05-28,"quantile",0.15,58.8657265602986
"1133",2021-05-15,"01","13  day ahead inc hosp",2021-05-28,"quantile",0.2,62.278877985173
"1134",2021-05-15,"01","13  day ahead inc hosp",2021-05-28,"quantile",0.25,65.3235124457451
"1135",2021-05-15,"01","13  day ahead inc hosp",2021-05-28,"quantile",0.3,68.1516075831754
"1136",2021-05-15,"01","13  day ahead inc hosp",2021-05-28,"quantile",0.35,70.8533158515708
"1137",2021-05-15,"01","13  day ahead inc hosp",2021-05-28,"quantile",0.4,73.4904977246257
"1138",2021-05-15,"01","13  day ahead inc hosp",2021-05-28,"quantile",0.45,76.1114132814176
"1139",2021-05-15,"01","13  day ahead inc hosp",2021-05-28,"quantile",0.5,78.7586108561199
"1140",2021-05-15,"01","13  day ahead inc hosp",2021-05-28,"quantile",0.55,81.4742685589219
"1141",2021-05-15,"01","13  day ahead inc hosp",2021-05-28,"quantile",0.6,84.305004145112
"1142",2021-05-15,"01","13  day ahead inc hosp",2021-05-28,"quantile",0.65,87.3076636448407
"1143",2021-05-15,"01","13  day ahead inc hosp",2021-05-28,"quantile",0.7,90.5580816460849
"1144",2021-05-15,"01","13  day ahead inc hosp",2021-05-28,"quantile",0.75,94.1667260555344
"1145",2021-05-15,"01","13  day ahead inc hosp",2021-05-28,"quantile",0.8,98.3108836647534
"1146",2021-05-15,"01","13  day ahead inc hosp",2021-05-28,"quantile",0.85,103.312379835873
"1147",2021-05-15,"01","13  day ahead inc hosp",2021-05-28,"quantile",0.9,109.873704259084
"1148",2021-05-15,"01","13  day ahead inc hosp",2021-05-28,"quantile",0.95,120.167329448065
"1149",2021-05-15,"01","13  day ahead inc hosp",2021-05-28,"quantile",0.975,129.666834962275
"1150",2021-05-15,"01","13  day ahead inc hosp",2021-05-28,"quantile",0.99,141.40801661581
"1151",2021-05-15,"01","14  day ahead inc hosp",2021-05-29,"quantile",0.01,35.4942430799977
"1152",2021-05-15,"01","14  day ahead inc hosp",2021-05-29,"quantile",0.025,40.122585404119
"1153",2021-05-15,"01","14  day ahead inc hosp",2021-05-29,"quantile",0.05,44.452993313355
"1154",2021-05-15,"01","14  day ahead inc hosp",2021-05-29,"quantile",0.1,49.8705158376342
"1155",2021-05-15,"01","14  day ahead inc hosp",2021-05-29,"quantile",0.15,53.7955963604687
"1156",2021-05-15,"01","14  day ahead inc hosp",2021-05-29,"quantile",0.2,57.076791713435
"1157",2021-05-15,"01","14  day ahead inc hosp",2021-05-29,"quantile",0.25,60.0094383663432
"1158",2021-05-15,"01","14  day ahead inc hosp",2021-05-29,"quantile",0.3,62.738063092627
"1159",2021-05-15,"01","14  day ahead inc hosp",2021-05-29,"quantile",0.35,65.3486315663931
"1160",2021-05-15,"01","14  day ahead inc hosp",2021-05-29,"quantile",0.4,67.9003400546257
"1161",2021-05-15,"01","14  day ahead inc hosp",2021-05-29,"quantile",0.45,70.4395744228544
"1162",2021-05-15,"01","14  day ahead inc hosp",2021-05-29,"quantile",0.5,73.0074359915255
"1163",2021-05-15,"01","14  day ahead inc hosp",2021-05-29,"quantile",0.55,75.6448740334077
"1164",2021-05-15,"01","14  day ahead inc hosp",2021-05-29,"quantile",0.6,78.3973508697416
"1165",2021-05-15,"01","14  day ahead inc hosp",2021-05-29,"quantile",0.65,81.3205020321233
"1166",2021-05-15,"01","14  day ahead inc hosp",2021-05-29,"quantile",0.7,84.4887445180908
"1167",2021-05-15,"01","14  day ahead inc hosp",2021-05-29,"quantile",0.75,88.0106882571916
"1168",2021-05-15,"01","14  day ahead inc hosp",2021-05-29,"quantile",0.8,92.0608818171943
"1169",2021-05-15,"01","14  day ahead inc hosp",2021-05-29,"quantile",0.85,96.9565320871265
"1170",2021-05-15,"01","14  day ahead inc hosp",2021-05-29,"quantile",0.9,103.390765710057
"1171",2021-05-15,"01","14  day ahead inc hosp",2021-05-29,"quantile",0.95,113.509777632539
"1172",2021-05-15,"01","14  day ahead inc hosp",2021-05-29,"quantile",0.975,122.872595471779
"1173",2021-05-15,"01","14  day ahead inc hosp",2021-05-29,"quantile",0.99,134.474085822623
"1174",2021-05-15,"01","15  day ahead inc hosp",2021-05-30,"quantile",0.01,44.9632160087328
"1175",2021-05-15,"01","15  day ahead inc hosp",2021-05-30,"quantile",0.025,50.8152592707795
"1176",2021-05-15,"01","15  day ahead inc hosp",2021-05-30,"quantile",0.05,56.2897925106907
"1177",2021-05-15,"01","15  day ahead inc hosp",2021-05-30,"quantile",0.1,63.1377142290289
"1178",2021-05-15,"01","15  day ahead inc hosp",2021-05-30,"quantile",0.15,68.0985576626417
"1179",2021-05-15,"01","15  day ahead inc hosp",2021-05-30,"quantile",0.2,72.2452659255074
"1180",2021-05-15,"01","15  day ahead inc hosp",2021-05-30,"quantile",0.25,75.9512431063746
"1181",2021-05-15,"01","15  day ahead inc hosp",2021-05-30,"quantile",0.3,79.3992057031809
"1182",2021-05-15,"01","15  day ahead inc hosp",2021-05-30,"quantile",0.35,82.6978249746483
"1183",2021-05-15,"01","15  day ahead inc hosp",2021-05-30,"quantile",0.4,85.9219234144559
"1184",2021-05-15,"01","15  day ahead inc hosp",2021-05-30,"quantile",0.45,89.130122801318
"1185",2021-05-15,"01","15  day ahead inc hosp",2021-05-30,"quantile",0.5,92.3743576548704
"1186",2021-05-15,"01","15  day ahead inc hosp",2021-05-30,"quantile",0.55,95.7063616722932
"1187",2021-05-15,"01","15  day ahead inc hosp",2021-05-30,"quantile",0.6,99.1835616170031
"1188",2021-05-15,"01","15  day ahead inc hosp",2021-05-30,"quantile",0.65,102.876226445651
"1189",2021-05-15,"01","15  day ahead inc hosp",2021-05-30,"quantile",0.7,106.87833828217
"1190",2021-05-15,"01","15  day ahead inc hosp",2021-05-30,"quantile",0.75,111.327053263641
"1191",2021-05-15,"01","15  day ahead inc hosp",2021-05-30,"quantile",0.8,116.44278679411
"1192",2021-05-15,"01","15  day ahead inc hosp",2021-05-30,"quantile",0.85,122.626084770238
"1193",2021-05-15,"01","15  day ahead inc hosp",2021-05-30,"quantile",0.9,130.75214723978
"1194",2021-05-15,"01","15  day ahead inc hosp",2021-05-30,"quantile",0.95,143.530828247451
"1195",2021-05-15,"01","15  day ahead inc hosp",2021-05-30,"quantile",0.975,155.353530306067
"1196",2021-05-15,"01","15  day ahead inc hosp",2021-05-30,"quantile",0.99,170.001841001188
"1197",2021-05-15,"01","16  day ahead inc hosp",2021-05-31,"quantile",0.01,37.7150587568637
"1198",2021-05-15,"01","16  day ahead inc hosp",2021-05-31,"quantile",0.025,43.0379542018873
"1199",2021-05-15,"01","16  day ahead inc hosp",2021-05-31,"quantile",0.05,48.0501369131852
"1200",2021-05-15,"01","16  day ahead inc hosp",2021-05-31,"quantile",0.1,54.3584785851359
"1201",2021-05-15,"01","16  day ahead inc hosp",2021-05-31,"quantile",0.15,58.9523500561893
"1202",2021-05-15,"01","16  day ahead inc hosp",2021-05-31,"quantile",0.2,62.8062604867775
"1203",2021-05-15,"01","16  day ahead inc hosp",2021-05-31,"quantile",0.25,66.2605371538748
"1204",2021-05-15,"01","16  day ahead inc hosp",2021-05-31,"quantile",0.3,69.4822710337764
"1205",2021-05-15,"01","16  day ahead inc hosp",2021-05-31,"quantile",0.35,72.5712497512451
"1206",2021-05-15,"01","16  day ahead inc hosp",2021-05-31,"quantile",0.4,75.5965470365072
"1207",2021-05-15,"01","16  day ahead inc hosp",2021-05-31,"quantile",0.45,78.6126406120939
"1208",2021-05-15,"01","16  day ahead inc hosp",2021-05-31,"quantile",0.5,81.6681548736937
"1209",2021-05-15,"01","16  day ahead inc hosp",2021-05-31,"quantile",0.55,84.8118866059197
"1210",2021-05-15,"01","16  day ahead inc hosp",2021-05-31,"quantile",0.6,88.0983567234294
"1211",2021-05-15,"01","16  day ahead inc hosp",2021-05-31,"quantile",0.65,91.5946243407576
"1212",2021-05-15,"01","16  day ahead inc hosp",2021-05-31,"quantile",0.7,95.3907218776479
"1213",2021-05-15,"01","16  day ahead inc hosp",2021-05-31,"quantile",0.75,99.6184018907436
"1214",2021-05-15,"01","16  day ahead inc hosp",2021-05-31,"quantile",0.8,104.489821442861
"1215",2021-05-15,"01","16  day ahead inc hosp",2021-05-31,"quantile",0.85,110.391137102563
"1216",2021-05-15,"01","16  day ahead inc hosp",2021-05-31,"quantile",0.9,118.167375442509
"1217",2021-05-15,"01","16  day ahead inc hosp",2021-05-31,"quantile",0.95,130.439712545391
"1218",2021-05-15,"01","16  day ahead inc hosp",2021-05-31,"quantile",0.975,141.83722981359
"1219",2021-05-15,"01","16  day ahead inc hosp",2021-05-31,"quantile",0.99,156.010592031068
"1220",2021-05-15,"01","17  day ahead inc hosp",2021-06-01,"quantile",0.01,35.9848016976006
"1221",2021-05-15,"01","17  day ahead inc hosp",2021-06-01,"quantile",0.025,41.2983042446507
"1222",2021-05-15,"01","17  day ahead inc hosp",2021-06-01,"quantile",0.05,46.3209288361646
"1223",2021-05-15,"01","17  day ahead inc hosp",2021-06-01,"quantile",0.1,52.6653075098828
"1224",2021-05-15,"01","17  day ahead inc hosp",2021-06-01,"quantile",0.15,57.2995433409
"1225",2021-05-15,"01","17  day ahead inc hosp",2021-06-01,"quantile",0.2,61.1955494213395
"1226",2021-05-15,"01","17  day ahead inc hosp",2021-06-01,"quantile",0.25,64.6934444025297
"1227",2021-05-15,"01","17  day ahead inc hosp",2021-06-01,"quantile",0.3,67.9605502519841
"1228",2021-05-15,"01","17  day ahead inc hosp",2021-06-01,"quantile",0.35,71.0970376629681
"1229",2021-05-15,"01","17  day ahead inc hosp",2021-06-01,"quantile",0.4,74.1724657879145
"1230",2021-05-15,"01","17  day ahead inc hosp",2021-06-01,"quantile",0.45,77.2419102807959
"1231",2021-05-15,"01","17  day ahead inc hosp",2021-06-01,"quantile",0.5,80.3547440582947
"1232",2021-05-15,"01","17  day ahead inc hosp",2021-06-01,"quantile",0.55,83.5607281920179
"1233",2021-05-15,"01","17  day ahead inc hosp",2021-06-01,"quantile",0.6,86.9156692355372
"1234",2021-05-15,"01","17  day ahead inc hosp",2021-06-01,"quantile",0.65,90.4884099019166
"1235",2021-05-15,"01","17  day ahead inc hosp",2021-06-01,"quantile",0.7,94.3715774835767
"1236",2021-05-15,"01","17  day ahead inc hosp",2021-06-01,"quantile",0.75,98.7009319894744
"1237",2021-05-15,"01","17  day ahead inc hosp",2021-06-01,"quantile",0.8,103.695331945187
"1238",2021-05-15,"01","17  day ahead inc hosp",2021-06-01,"quantile",0.85,109.75349377821
"1239",2021-05-15,"01","17  day ahead inc hosp",2021-06-01,"quantile",0.9,117.748675255676
"1240",2021-05-15,"01","17  day ahead inc hosp",2021-06-01,"quantile",0.95,130.392428912328
"1241",2021-05-15,"01","17  day ahead inc hosp",2021-06-01,"quantile",0.975,142.160481437591
"1242",2021-05-15,"01","17  day ahead inc hosp",2021-06-01,"quantile",0.99,156.825294589051
"1243",2021-05-15,"01","18  day ahead inc hosp",2021-06-02,"quantile",0.01,36.6811599849969
"1244",2021-05-15,"01","18  day ahead inc hosp",2021-06-02,"quantile",0.025,42.239759217801
"1245",2021-05-15,"01","18  day ahead inc hosp",2021-06-02,"quantile",0.05,47.5060249054179
"1246",2021-05-15,"01","18  day ahead inc hosp",2021-06-02,"quantile",0.1,54.1723639612054
"1247",2021-05-15,"01","18  day ahead inc hosp",2021-06-02,"quantile",0.15,59.0505331099316
"1248",2021-05-15,"01","18  day ahead inc hosp",2021-06-02,"quantile",0.2,63.1567190214581
"1249",2021-05-15,"01","18  day ahead inc hosp",2021-06-02,"quantile",0.25,66.8469671661312
"1250",2021-05-15,"01","18  day ahead inc hosp",2021-06-02,"quantile",0.3,70.2966425908957
"1251",2021-05-15,"01","18  day ahead inc hosp",2021-06-02,"quantile",0.35,73.6108843487337
"1252",2021-05-15,"01","18  day ahead inc hosp",2021-06-02,"quantile",0.4,76.8628393840999
"1253",2021-05-15,"01","18  day ahead inc hosp",2021-06-02,"quantile",0.45,80.1105584084481
"1254",2021-05-15,"01","18  day ahead inc hosp",2021-06-02,"quantile",0.5,83.4062151368847
"1255",2021-05-15,"01","18  day ahead inc hosp",2021-06-02,"quantile",0.55,86.8025257206901
"1256",2021-05-15,"01","18  day ahead inc hosp",2021-06-02,"quantile",0.6,90.3587396001669
"1257",2021-05-15,"01","18  day ahead inc hosp",2021-06-02,"quantile",0.65,94.1480713959998
"1258",2021-05-15,"01","18  day ahead inc hosp",2021-06-02,"quantile",0.7,98.2691540701436
"1259",2021-05-15,"01","18  day ahead inc hosp",2021-06-02,"quantile",0.75,102.866679250593
"1260",2021-05-15,"01","18  day ahead inc hosp",2021-06-02,"quantile",0.8,108.174057178809
"1261",2021-05-15,"01","18  day ahead inc hosp",2021-06-02,"quantile",0.85,114.616738327242
"1262",2021-05-15,"01","18  day ahead inc hosp",2021-06-02,"quantile",0.9,123.126994956056
"1263",2021-05-15,"01","18  day ahead inc hosp",2021-06-02,"quantile",0.95,136.60136755618
"1264",2021-05-15,"01","18  day ahead inc hosp",2021-06-02,"quantile",0.975,149.158400368288
"1265",2021-05-15,"01","18  day ahead inc hosp",2021-06-02,"quantile",0.99,164.825449453987
"1266",2021-05-15,"01","19  day ahead inc hosp",2021-06-03,"quantile",0.01,35.5142476982212
"1267",2021-05-15,"01","19  day ahead inc hosp",2021-06-03,"quantile",0.025,41.1034473385198
"1268",2021-05-15,"01","19  day ahead inc hosp",2021-06-03,"quantile",0.05,46.4167726574873
"1269",2021-05-15,"01","19  day ahead inc hosp",2021-06-03,"quantile",0.1,53.1641678401096
"1270",2021-05-15,"01","19  day ahead inc hosp",2021-06-03,"quantile",0.15,58.1149130160809
"1271",2021-05-15,"01","19  day ahead inc hosp",2021-06-03,"quantile",0.2,62.2899259664748
"1272",2021-05-15,"01","19  day ahead inc hosp",2021-06-03,"quantile",0.25,66.0475649548735
"1273",2021-05-15,"01","19  day ahead inc hosp",2021-06-03,"quantile",0.3,69.5646497515245
"1274",2021-05-15,"01","19  day ahead inc hosp",2021-06-03,"quantile",0.35,72.9474249119491
"1275",2021-05-15,"01","19  day ahead inc hosp",2021-06-03,"quantile",0.4,76.2700165141236
"1276",2021-05-15,"01","19  day ahead inc hosp",2021-06-03,"quantile",0.45,79.5914570751552
"1277",2021-05-15,"01","19  day ahead inc hosp",2021-06-03,"quantile",0.5,82.9650064236523
"1278",2021-05-15,"01","19  day ahead inc hosp",2021-06-03,"quantile",0.55,86.4446791503464
"1279",2021-05-15,"01","19  day ahead inc hosp",2021-06-03,"quantile",0.6,90.0913794816194
"1280",2021-05-15,"01","19  day ahead inc hosp",2021-06-03,"quantile",0.65,93.980555951783
"1281",2021-05-15,"01","19  day ahead inc hosp",2021-06-03,"quantile",0.7,98.2140377585567
"1282",2021-05-15,"01","19  day ahead inc hosp",2021-06-03,"quantile",0.75,102.941401327367
"1283",2021-05-15,"01","19  day ahead inc hosp",2021-06-03,"quantile",0.8,108.404169137324
"1284",2021-05-15,"01","19  day ahead inc hosp",2021-06-03,"quantile",0.85,115.042918695727
"1285",2021-05-15,"01","19  day ahead inc hosp",2021-06-03,"quantile",0.9,123.823774877359
"1286",2021-05-15,"01","19  day ahead inc hosp",2021-06-03,"quantile",0.95,137.751121074169
"1287",2021-05-15,"01","19  day ahead inc hosp",2021-06-03,"quantile",0.975,150.754565591544
"1288",2021-05-15,"01","19  day ahead inc hosp",2021-06-03,"quantile",0.99,167.007710712191
"1289",2021-05-15,"01","20  day ahead inc hosp",2021-06-04,"quantile",0.01,34.8444006570783
"1290",2021-05-15,"01","20  day ahead inc hosp",2021-06-04,"quantile",0.025,40.5112063418694
"1291",2021-05-15,"01","20  day ahead inc hosp",2021-06-04,"quantile",0.05,45.9147365222748
"1292",2021-05-15,"01","20  day ahead inc hosp",2021-06-04,"quantile",0.1,52.7962359054673
"1293",2021-05-15,"01","20  day ahead inc hosp",2021-06-04,"quantile",0.15,57.8574507689554
"1294",2021-05-15,"01","20  day ahead inc hosp",2021-06-04,"quantile",0.2,62.1326687673572
"1295",2021-05-15,"01","20  day ahead inc hosp",2021-06-04,"quantile",0.25,65.9855375594379
"1296",2021-05-15,"01","20  day ahead inc hosp",2021-06-04,"quantile",0.3,69.5957753739745
"1297",2021-05-15,"01","20  day ahead inc hosp",2021-06-04,"quantile",0.35,73.071582349
"1298",2021-05-15,"01","20  day ahead inc hosp",2021-06-04,"quantile",0.4,76.4886417315668
"1299",2021-05-15,"01","20  day ahead inc hosp",2021-06-04,"quantile",0.45,79.9074138837374
"1300",2021-05-15,"01","20  day ahead inc hosp",2021-06-04,"quantile",0.5,83.382633223198
"1301",2021-05-15,"01","20  day ahead inc hosp",2021-06-04,"quantile",0.55,86.9699932253603
"1302",2021-05-15,"01","20  day ahead inc hosp",2021-06-04,"quantile",0.6,90.7324689251504
"1303",2021-05-15,"01","20  day ahead inc hosp",2021-06-04,"quantile",0.65,94.748245827788
"1304",2021-05-15,"01","20  day ahead inc hosp",2021-06-04,"quantile",0.7,99.1230164142451
"1305",2021-05-15,"01","20  day ahead inc hosp",2021-06-04,"quantile",0.75,104.012209600087
"1306",2021-05-15,"01","20  day ahead inc hosp",2021-06-04,"quantile",0.8,109.667008866092
"1307",2021-05-15,"01","20  day ahead inc hosp",2021-06-04,"quantile",0.85,116.545924885903
"1308",2021-05-15,"01","20  day ahead inc hosp",2021-06-04,"quantile",0.9,125.6550515149
"1309",2021-05-15,"01","20  day ahead inc hosp",2021-06-04,"quantile",0.95,140.125502821559
"1310",2021-05-15,"01","20  day ahead inc hosp",2021-06-04,"quantile",0.975,153.658235466213
"1311",2021-05-15,"01","20  day ahead inc hosp",2021-06-04,"quantile",0.99,170.599599532235
"1312",2021-05-15,"01","21  day ahead inc hosp",2021-06-05,"quantile",0.01,33.0696030709757
"1313",2021-05-15,"01","21  day ahead inc hosp",2021-06-05,"quantile",0.025,38.6688944884484
"1314",2021-05-15,"01","21  day ahead inc hosp",2021-06-05,"quantile",0.05,44.0286513498501
"1315",2021-05-15,"01","21  day ahead inc hosp",2021-06-05,"quantile",0.1,50.8789633681663
"1316",2021-05-15,"01","21  day ahead inc hosp",2021-06-05,"quantile",0.15,55.9324195942333
"1317",2021-05-15,"01","21  day ahead inc hosp",2021-06-05,"quantile",0.2,60.2099470492259
"1318",2021-05-15,"01","21  day ahead inc hosp",2021-06-05,"quantile",0.25,64.071244608879
"1319",2021-05-15,"01","21  day ahead inc hosp",2021-06-05,"quantile",0.3,67.6944431614926
"1320",2021-05-15,"01","21  day ahead inc hosp",2021-06-05,"quantile",0.35,71.1870581801937
"1321",2021-05-15,"01","21  day ahead inc hosp",2021-06-05,"quantile",0.4,74.6245384052412
"1322",2021-05-15,"01","21  day ahead inc hosp",2021-06-05,"quantile",0.45,78.0673947383667
"1323",2021-05-15,"01","21  day ahead inc hosp",2021-06-05,"quantile",0.5,81.5706430553473
"1324",2021-05-15,"01","21  day ahead inc hosp",2021-06-05,"quantile",0.55,85.1904946114248
"1325",2021-05-15,"01","21  day ahead inc hosp",2021-06-05,"quantile",0.6,88.9907336932975
"1326",2021-05-15,"01","21  day ahead inc hosp",2021-06-05,"quantile",0.65,93.0507661899045
"1327",2021-05-15,"01","21  day ahead inc hosp",2021-06-05,"quantile",0.7,97.4781469199545
"1328",2021-05-15,"01","21  day ahead inc hosp",2021-06-05,"quantile",0.75,102.431266762739
"1329",2021-05-15,"01","21  day ahead inc hosp",2021-06-05,"quantile",0.8,108.166361352722
"1330",2021-05-15,"01","21  day ahead inc hosp",2021-06-05,"quantile",0.85,115.15155464115
"1331",2021-05-15,"01","21  day ahead inc hosp",2021-06-05,"quantile",0.9,124.414850010255
"1332",2021-05-15,"01","21  day ahead inc hosp",2021-06-05,"quantile",0.95,139.158642176348
"1333",2021-05-15,"01","21  day ahead inc hosp",2021-06-05,"quantile",0.975,152.975173992541
"1334",2021-05-15,"01","21  day ahead inc hosp",2021-06-05,"quantile",0.99,170.305657603196
"1335",2021-05-15,"01","22  day ahead inc hosp",2021-06-06,"quantile",0.01,30.6430564971085
"1336",2021-05-15,"01","22  day ahead inc hosp",2021-06-06,"quantile",0.025,36.0728297298484
"1337",2021-05-15,"01","22  day ahead inc hosp",2021-06-06,"quantile",0.05,41.2937699591346
"1338",2021-05-15,"01","22  day ahead inc hosp",2021-06-06,"quantile",0.1,47.9946569958188
"1339",2021-05-15,"01","22  day ahead inc hosp",2021-06-06,"quantile",0.15,52.9552036677333
"1340",2021-05-15,"01","22  day ahead inc hosp",2021-06-06,"quantile",0.2,57.1642086648083
"1341",2021-05-15,"01","22  day ahead inc hosp",2021-06-06,"quantile",0.25,60.9709045499459
"1342",2021-05-15,"01","22  day ahead inc hosp",2021-06-06,"quantile",0.3,64.5486566864602
"1343",2021-05-15,"01","22  day ahead inc hosp",2021-06-06,"quantile",0.35,68.0024162052613
"1344",2021-05-15,"01","22  day ahead inc hosp",2021-06-06,"quantile",0.4,71.4061140549329
"1345",2021-05-15,"01","22  day ahead inc hosp",2021-06-06,"quantile",0.45,74.8193177988001
"1346",2021-05-15,"01","22  day ahead inc hosp",2021-06-06,"quantile",0.5,78.2964564364688
"1347",2021-05-15,"01","22  day ahead inc hosp",2021-06-06,"quantile",0.55,81.8934066165109
"1348",2021-05-15,"01","22  day ahead inc hosp",2021-06-06,"quantile",0.6,85.6738284770288
"1349",2021-05-15,"01","22  day ahead inc hosp",2021-06-06,"quantile",0.65,89.7172190941789
"1350",2021-05-15,"01","22  day ahead inc hosp",2021-06-06,"quantile",0.7,94.1314988031695
"1351",2021-05-15,"01","22  day ahead inc hosp",2021-06-06,"quantile",0.75,99.0758510137213
"1352",2021-05-15,"01","22  day ahead inc hosp",2021-06-06,"quantile",0.8,104.808096381006
"1353",2021-05-15,"01","22  day ahead inc hosp",2021-06-06,"quantile",0.85,111.799702417849
"1354",2021-05-15,"01","22  day ahead inc hosp",2021-06-06,"quantile",0.9,121.086952415378
"1355",2021-05-15,"01","22  day ahead inc hosp",2021-06-06,"quantile",0.95,135.901602974677
"1356",2021-05-15,"01","22  day ahead inc hosp",2021-06-06,"quantile",0.975,149.816991779851
"1357",2021-05-15,"01","22  day ahead inc hosp",2021-06-06,"quantile",0.99,167.310491009183
"1358",2021-05-15,"01","23  day ahead inc hosp",2021-06-07,"quantile",0.01,36.3377566332774
"1359",2021-05-15,"01","23  day ahead inc hosp",2021-06-07,"quantile",0.025,42.6421412535196
"1360",2021-05-15,"01","23  day ahead inc hosp",2021-06-07,"quantile",0.05,48.69127628604
"1361",2021-05-15,"01","23  day ahead inc hosp",2021-06-07,"quantile",0.1,56.4399095640307
"1362",2021-05-15,"01","23  day ahead inc hosp",2021-06-07,"quantile",0.15,62.1667000134001
"1363",2021-05-15,"01","23  day ahead inc hosp",2021-06-07,"quantile",0.2,67.0203897023807
"1364",2021-05-15,"01","23  day ahead inc hosp",2021-06-07,"quantile",0.25,71.4062357582656
"1365",2021-05-15,"01","23  day ahead inc hosp",2021-06-07,"quantile",0.3,75.5251872880216
"1366",2021-05-15,"01","23  day ahead inc hosp",2021-06-07,"quantile",0.35,79.4987238219878
"1367",2021-05-15,"01","23  day ahead inc hosp",2021-06-07,"quantile",0.4,83.4122661289272
"1368",2021-05-15,"01","23  day ahead inc hosp",2021-06-07,"quantile",0.45,87.3344907271139
"1369",2021-05-15,"01","23  day ahead inc hosp",2021-06-07,"quantile",0.5,91.3280035040859
"1370",2021-05-15,"01","23  day ahead inc hosp",2021-06-07,"quantile",0.55,95.456932972744
"1371",2021-05-15,"01","23  day ahead inc hosp",2021-06-07,"quantile",0.6,99.7942038029916
"1372",2021-05-15,"01","23  day ahead inc hosp",2021-06-07,"quantile",0.65,104.430751294951
"1373",2021-05-15,"01","23  day ahead inc hosp",2021-06-07,"quantile",0.7,109.489894865444
"1374",2021-05-15,"01","23  day ahead inc hosp",2021-06-07,"quantile",0.75,115.153396644767
"1375",2021-05-15,"01","23  day ahead inc hosp",2021-06-07,"quantile",0.8,121.715485998255
"1376",2021-05-15,"01","23  day ahead inc hosp",2021-06-07,"quantile",0.85,129.713971984313
"1377",2021-05-15,"01","23  day ahead inc hosp",2021-06-07,"quantile",0.9,140.330458386426
"1378",2021-05-15,"01","23  day ahead inc hosp",2021-06-07,"quantile",0.95,157.248003006593
"1379",2021-05-15,"01","23  day ahead inc hosp",2021-06-07,"quantile",0.975,173.121359837844
"1380",2021-05-15,"01","23  day ahead inc hosp",2021-06-07,"quantile",0.99,193.055545332524
"1381",2021-05-15,"01","24  day ahead inc hosp",2021-06-08,"quantile",0.01,33.9120010893926
"1382",2021-05-15,"01","24  day ahead inc hosp",2021-06-08,"quantile",0.025,40.0444106993528
"1383",2021-05-15,"01","24  day ahead inc hosp",2021-06-08,"quantile",0.05,45.953164884814
"1384",2021-05-15,"01","24  day ahead inc hosp",2021-06-08,"quantile",0.1,53.5514011014507
"1385",2021-05-15,"01","24  day ahead inc hosp",2021-06-08,"quantile",0.15,59.1852448063759
"1386",2021-05-15,"01","24  day ahead inc hosp",2021-06-08,"quantile",0.2,63.9707992022923
"1387",2021-05-15,"01","24  day ahead inc hosp",2021-06-08,"quantile",0.25,68.3027040877307
"1388",2021-05-15,"01","24  day ahead inc hosp",2021-06-08,"quantile",0.3,72.3770843192422
"1389",2021-05-15,"01","24  day ahead inc hosp",2021-06-08,"quantile",0.35,76.3128326986301
"1390",2021-05-15,"01","24  day ahead inc hosp",2021-06-08,"quantile",0.4,80.1938488748011
"1391",2021-05-15,"01","24  day ahead inc hosp",2021-06-08,"quantile",0.45,84.0878757477942
"1392",2021-05-15,"01","24  day ahead inc hosp",2021-06-08,"quantile",0.5,88.0569536453625
"1393",2021-05-15,"01","24  day ahead inc hosp",2021-06-08,"quantile",0.55,92.1649106445859
"1394",2021-05-15,"01","24  day ahead inc hosp",2021-06-08,"quantile",0.6,96.4845981526887
"1395",2021-05-15,"01","24  day ahead inc hosp",2021-06-08,"quantile",0.65,101.107117832317
"1396",2021-05-15,"01","24  day ahead inc hosp",2021-06-08,"quantile",0.7,106.156268321727
"1397",2021-05-15,"01","24  day ahead inc hosp",2021-06-08,"quantile",0.75,111.814784561142
"1398",2021-05-15,"01","24  day ahead inc hosp",2021-06-08,"quantile",0.8,118.37878846061
"1399",2021-05-15,"01","24  day ahead inc hosp",2021-06-08,"quantile",0.85,126.390019053127
"1400",2021-05-15,"01","24  day ahead inc hosp",2021-06-08,"quantile",0.9,137.039701688228
"1401",2021-05-15,"01","24  day ahead inc hosp",2021-06-08,"quantile",0.95,154.044648184125
"1402",2021-05-15,"01","24  day ahead inc hosp",2021-06-08,"quantile",0.975,170.034232544339
"1403",2021-05-15,"01","24  day ahead inc hosp",2021-06-08,"quantile",0.99,190.155530194061
"1404",2021-05-15,"01","25  day ahead inc hosp",2021-06-09,"quantile",0.01,31.9711541589983
"1405",2021-05-15,"01","25  day ahead inc hosp",2021-06-09,"quantile",0.025,37.975651523341
"1406",2021-05-15,"01","25  day ahead inc hosp",2021-06-09,"quantile",0.05,43.784005608416
"1407",2021-05-15,"01","25  day ahead inc hosp",2021-06-09,"quantile",0.1,51.2804586814341
"1408",2021-05-15,"01","25  day ahead inc hosp",2021-06-09,"quantile",0.15,56.8557507887016
"1409",2021-05-15,"01","25  day ahead inc hosp",2021-06-09,"quantile",0.2,61.6014604554396
"1410",2021-05-15,"01","25  day ahead inc hosp",2021-06-09,"quantile",0.25,65.9043893632368
"1411",2021-05-15,"01","25  day ahead inc hosp",2021-06-09,"quantile",0.3,69.9571785539632
"1412",2021-05-15,"01","25  day ahead inc hosp",2021-06-09,"quantile",0.35,73.8769180259771
"1413",2021-05-15,"01","25  day ahead inc hosp",2021-06-09,"quantile",0.4,77.7465146751931
"1414",2021-05-15,"01","25  day ahead inc hosp",2021-06-09,"quantile",0.45,81.6331809483819
"1415",2021-05-15,"01","25  day ahead inc hosp",2021-06-09,"quantile",0.5,85.5987381821515
"1416",2021-05-15,"01","25  day ahead inc hosp",2021-06-09,"quantile",0.55,89.7070488437517
"1417",2021-05-15,"01","25  day ahead inc hosp",2021-06-09,"quantile",0.6,94.0312526917935
"1418",2021-05-15,"01","25  day ahead inc hosp",2021-06-09,"quantile",0.65,98.6630505991433
"1419",2021-05-15,"01","25  day ahead inc hosp",2021-06-09,"quantile",0.7,103.72729002394
"1420",2021-05-15,"01","25  day ahead inc hosp",2021-06-09,"quantile",0.75,109.408500564403
"1421",2021-05-15,"01","25  day ahead inc hosp",2021-06-09,"quantile",0.8,116.006006944959
"1422",2021-05-15,"01","25  day ahead inc hosp",2021-06-09,"quantile",0.85,124.067845248135
"1423",2021-05-15,"01","25  day ahead inc hosp",2021-06-09,"quantile",0.9,134.800008534738
"1424",2021-05-15,"01","25  day ahead inc hosp",2021-06-09,"quantile",0.95,151.968907992612
"1425",2021-05-15,"01","25  day ahead inc hosp",2021-06-09,"quantile",0.975,168.144659724601
"1426",2021-05-15,"01","25  day ahead inc hosp",2021-06-09,"quantile",0.99,188.538739364449
"1427",2021-05-15,"01","26  day ahead inc hosp",2021-06-10,"quantile",0.01,31.8492830234308
"1428",2021-05-15,"01","26  day ahead inc hosp",2021-06-10,"quantile",0.025,37.9660376011627
"1429",2021-05-15,"01","26  day ahead inc hosp",2021-06-10,"quantile",0.05,43.8970984535545
"1430",2021-05-15,"01","26  day ahead inc hosp",2021-06-10,"quantile",0.1,51.568807531793
"1431",2021-05-15,"01","26  day ahead inc hosp",2021-06-10,"quantile",0.15,57.2848944318253
"1432",2021-05-15,"01","26  day ahead inc hosp",2021-06-10,"quantile",0.2,62.1565589611886
"1433",2021-05-15,"01","26  day ahead inc hosp",2021-06-10,"quantile",0.25,66.5780714013638
"1434",2021-05-15,"01","26  day ahead inc hosp",2021-06-10,"quantile",0.3,70.7460480994374
"1435",2021-05-15,"01","26  day ahead inc hosp",2021-06-10,"quantile",0.35,74.7801878044939
"1436",2021-05-15,"01","26  day ahead inc hosp",2021-06-10,"quantile",0.4,78.7654186006838
"1437",2021-05-15,"01","26  day ahead inc hosp",2021-06-10,"quantile",0.45,82.7707600707686
"1438",2021-05-15,"01","26  day ahead inc hosp",2021-06-10,"quantile",0.5,86.8598611334186
"1439",2021-05-15,"01","26  day ahead inc hosp",2021-06-10,"quantile",0.55,91.0986326106971
"1440",2021-05-15,"01","26  day ahead inc hosp",2021-06-10,"quantile",0.6,95.5627135736859
"1441",2021-05-15,"01","26  day ahead inc hosp",2021-06-10,"quantile",0.65,100.347085058727
"1442",2021-05-15,"01","26  day ahead inc hosp",2021-06-10,"quantile",0.7,105.581204244608
"1443",2021-05-15,"01","26  day ahead inc hosp",2021-06-10,"quantile",0.75,111.456565325824
"1444",2021-05-15,"01","26  day ahead inc hosp",2021-06-10,"quantile",0.8,118.283971216711
"1445",2021-05-15,"01","26  day ahead inc hosp",2021-06-10,"quantile",0.85,126.632742983455
"1446",2021-05-15,"01","26  day ahead inc hosp",2021-06-10,"quantile",0.9,137.756281464653
"1447",2021-05-15,"01","26  day ahead inc hosp",2021-06-10,"quantile",0.95,155.571234261498
"1448",2021-05-15,"01","26  day ahead inc hosp",2021-06-10,"quantile",0.975,172.375462933629
"1449",2021-05-15,"01","26  day ahead inc hosp",2021-06-10,"quantile",0.99,193.585735810112
"1450",2021-05-15,"01","27  day ahead inc hosp",2021-06-11,"quantile",0.01,30.9682768849479
"1451",2021-05-15,"01","27  day ahead inc hosp",2021-06-11,"quantile",0.025,37.0848480507202
"1452",2021-05-15,"01","27  day ahead inc hosp",2021-06-11,"quantile",0.05,43.0338443938273
"1453",2021-05-15,"01","27  day ahead inc hosp",2021-06-11,"quantile",0.1,50.750446119439
"1454",2021-05-15,"01","27  day ahead inc hosp",2021-06-11,"quantile",0.15,56.5134198586201
"1455",2021-05-15,"01","27  day ahead inc hosp",2021-06-11,"quantile",0.2,61.4329039886185
"1456",2021-05-15,"01","27  day ahead inc hosp",2021-06-11,"quantile",0.25,65.9034546995263
"1457",2021-05-15,"01","27  day ahead inc hosp",2021-06-11,"quantile",0.3,70.1221606430169
"1458",2021-05-15,"01","27  day ahead inc hosp",2021-06-11,"quantile",0.35,74.2092569779496
"1459",2021-05-15,"01","27  day ahead inc hosp",2021-06-11,"quantile",0.4,78.2502775303004
"1460",2021-05-15,"01","27  day ahead inc hosp",2021-06-11,"quantile",0.45,82.3149520917673
"1461",2021-05-15,"01","27  day ahead inc hosp",2021-06-11,"quantile",0.5,86.4677980453842
"1462",2021-05-15,"01","27  day ahead inc hosp",2021-06-11,"quantile",0.55,90.7758322689199
"1463",2021-05-15,"01","27  day ahead inc hosp",2021-06-11,"quantile",0.6,95.3161604606565
"1464",2021-05-15,"01","27  day ahead inc hosp",2021-06-11,"quantile",0.65,100.185793660033
"1465",2021-05-15,"01","27  day ahead inc hosp",2021-06-11,"quantile",0.7,105.517140700706
"1466",2021-05-15,"01","27  day ahead inc hosp",2021-06-11,"quantile",0.75,111.506256221705
"1467",2021-05-15,"01","27  day ahead inc hosp",2021-06-11,"quantile",0.8,118.471577756998
"1468",2021-05-15,"01","27  day ahead inc hosp",2021-06-11,"quantile",0.85,126.996758790802
"1469",2021-05-15,"01","27  day ahead inc hosp",2021-06-11,"quantile",0.9,138.367489054564
"1470",2021-05-15,"01","27  day ahead inc hosp",2021-06-11,"quantile",0.95,156.604133885881
"1471",2021-05-15,"01","27  day ahead inc hosp",2021-06-11,"quantile",0.975,173.831748908554
"1472",2021-05-15,"01","27  day ahead inc hosp",2021-06-11,"quantile",0.99,195.607267825365
"1473",2021-05-15,"01","28  day ahead inc hosp",2021-06-12,"quantile",0.01,27.0410451254089
"1474",2021-05-15,"01","28  day ahead inc hosp",2021-06-12,"quantile",0.025,32.690197475628
"1475",2021-05-15,"01","28  day ahead inc hosp",2021-06-12,"quantile",0.05,38.219379862402
"1476",2021-05-15,"01","28  day ahead inc hosp",2021-06-12,"quantile",0.1,45.4332362069606
"1477",2021-05-15,"01","28  day ahead inc hosp",2021-06-12,"quantile",0.15,50.846700256833
"1478",2021-05-15,"01","28  day ahead inc hosp",2021-06-12,"quantile",0.2,55.483036926253
"1479",2021-05-15,"01","28  day ahead inc hosp",2021-06-12,"quantile",0.25,59.707201390204
"1480",2021-05-15,"01","28  day ahead inc hosp",2021-06-12,"quantile",0.3,63.7021352029951
"1481",2021-05-15,"01","28  day ahead inc hosp",2021-06-12,"quantile",0.35,67.5799277661756
"1482",2021-05-15,"01","28  day ahead inc hosp",2021-06-12,"quantile",0.4,71.4207574767981
"1483",2021-05-15,"01","28  day ahead inc hosp",2021-06-12,"quantile",0.45,75.2904133854057
"1484",2021-05-15,"01","28  day ahead inc hosp",2021-06-12,"quantile",0.5,79.2501826349827
"1485",2021-05-15,"01","28  day ahead inc hosp",2021-06-12,"quantile",0.55,83.3641285990378
"1486",2021-05-15,"01","28  day ahead inc hosp",2021-06-12,"quantile",0.6,87.7063417294154
"1487",2021-05-15,"01","28  day ahead inc hosp",2021-06-12,"quantile",0.65,92.3704044563653
"1488",2021-05-15,"01","28  day ahead inc hosp",2021-06-12,"quantile",0.7,97.484404135846
"1489",2021-05-15,"01","28  day ahead inc hosp",2021-06-12,"quantile",0.75,103.23837383748
"1490",2021-05-15,"01","28  day ahead inc hosp",2021-06-12,"quantile",0.8,109.941423823116
"1491",2021-05-15,"01","28  day ahead inc hosp",2021-06-12,"quantile",0.85,118.160790977011
"1492",2021-05-15,"01","28  day ahead inc hosp",2021-06-12,"quantile",0.9,129.147444430542
"1493",2021-05-15,"01","28  day ahead inc hosp",2021-06-12,"quantile",0.95,146.818731347288
"1494",2021-05-15,"01","28  day ahead inc hosp",2021-06-12,"quantile",0.975,163.562615364706
"1495",2021-05-15,"01","28  day ahead inc hosp",2021-06-12,"quantile",0.99,184.787418067016
"1496",2021-05-15,"01","29  day ahead inc hosp",2021-06-13,"quantile",0.01,32.831764262653
"1497",2021-05-15,"01","29  day ahead inc hosp",2021-06-13,"quantile",0.025,39.665033008342
"1498",2021-05-15,"01","29  day ahead inc hosp",2021-06-13,"quantile",0.05,46.350310371467
"1499",2021-05-15,"01","29  day ahead inc hosp",2021-06-13,"quantile",0.1,55.0690646692788
"1500",2021-05-15,"01","29  day ahead inc hosp",2021-06-13,"quantile",0.15,61.6097099248967
"1501",2021-05-15,"01","29  day ahead inc hosp",2021-06-13,"quantile",0.2,67.2101688264302
"1502",2021-05-15,"01","29  day ahead inc hosp",2021-06-13,"quantile",0.25,72.3118503038089
"1503",2021-05-15,"01","29  day ahead inc hosp",2021-06-13,"quantile",0.3,77.1359669381169
"1504",2021-05-15,"01","29  day ahead inc hosp",2021-06-13,"quantile",0.35,81.8180167710976
"1505",2021-05-15,"01","29  day ahead inc hosp",2021-06-13,"quantile",0.4,86.454886166737
"1506",2021-05-15,"01","29  day ahead inc hosp",2021-06-13,"quantile",0.45,91.1260385273441
"1507",2021-05-15,"01","29  day ahead inc hosp",2021-06-13,"quantile",0.5,95.9054654774622
"1508",2021-05-15,"01","29  day ahead inc hosp",2021-06-13,"quantile",0.55,100.870477577584
"1509",2021-05-15,"01","29  day ahead inc hosp",2021-06-13,"quantile",0.6,106.110454821433
"1510",2021-05-15,"01","29  day ahead inc hosp",2021-06-13,"quantile",0.65,111.738262112094
"1511",2021-05-15,"01","29  day ahead inc hosp",2021-06-13,"quantile",0.7,117.908350086292
"1512",2021-05-15,"01","29  day ahead inc hosp",2021-06-13,"quantile",0.75,124.849834567672
"1513",2021-05-15,"01","29  day ahead inc hosp",2021-06-13,"quantile",0.8,132.935361843027
"1514",2021-05-15,"01","29  day ahead inc hosp",2021-06-13,"quantile",0.85,142.848706654563
"1515",2021-05-15,"01","29  day ahead inc hosp",2021-06-13,"quantile",0.9,156.097731080424
"1516",2021-05-15,"01","29  day ahead inc hosp",2021-06-13,"quantile",0.95,177.403780399288
"1517",2021-05-15,"01","29  day ahead inc hosp",2021-06-13,"quantile",0.975,197.58759171679
"1518",2021-05-15,"01","29  day ahead inc hosp",2021-06-13,"quantile",0.99,223.16798410998
"1519",2021-05-15,"01","30  day ahead inc hosp",2021-06-14,"quantile",0.01,30.2937912082771
"1520",2021-05-15,"01","30  day ahead inc hosp",2021-06-14,"quantile",0.025,36.9136663988643
"1521",2021-05-15,"01","30  day ahead inc hosp",2021-06-14,"quantile",0.05,43.4271679816191
"1522",2021-05-15,"01","30  day ahead inc hosp",2021-06-14,"quantile",0.1,51.9664067695293
"1523",2021-05-15,"01","30  day ahead inc hosp",2021-06-14,"quantile",0.15,58.4000313498953
"1524",2021-05-15,"01","30  day ahead inc hosp",2021-06-14,"quantile",0.2,63.9250588642134
"1525",2021-05-15,"01","30  day ahead inc hosp",2021-06-14,"quantile",0.25,68.9696714564569
"1526",2021-05-15,"01","30  day ahead inc hosp",2021-06-14,"quantile",0.3,73.7491396431903
"1527",2021-05-15,"01","30  day ahead inc hosp",2021-06-14,"quantile",0.35,78.3958447317754
"1528",2021-05-15,"01","30  day ahead inc hosp",2021-06-14,"quantile",0.4,83.0049186886656
"1529",2021-05-15,"01","30  day ahead inc hosp",2021-06-14,"quantile",0.45,87.6548438013016
"1530",2021-05-15,"01","30  day ahead inc hosp",2021-06-14,"quantile",0.5,92.419144117672
"1531",2021-05-15,"01","30  day ahead inc hosp",2021-06-14,"quantile",0.55,97.3750704890858
"1532",2021-05-15,"01","30  day ahead inc hosp",2021-06-14,"quantile",0.6,102.612340653932
"1533",2021-05-15,"01","30  day ahead inc hosp",2021-06-14,"quantile",0.65,108.244632615815
"1534",2021-05-15,"01","30  day ahead inc hosp",2021-06-14,"quantile",0.7,114.427888524001
"1535",2021-05-15,"01","30  day ahead inc hosp",2021-06-14,"quantile",0.75,121.393835873708
"1536",2021-05-15,"01","30  day ahead inc hosp",2021-06-14,"quantile",0.8,129.519849538905
"1537",2021-05-15,"01","30  day ahead inc hosp",2021-06-14,"quantile",0.85,139.499104418619
"1538",2021-05-15,"01","30  day ahead inc hosp",2021-06-14,"quantile",0.9,152.861735811555
"1539",2021-05-15,"01","30  day ahead inc hosp",2021-06-14,"quantile",0.95,174.404794616441
"1540",2021-05-15,"01","30  day ahead inc hosp",2021-06-14,"quantile",0.975,194.867170539639
"1541",2021-05-15,"01","30  day ahead inc hosp",2021-06-14,"quantile",0.99,220.86582115021
"1542",2021-05-15,"01","31  day ahead inc hosp",2021-06-15,"quantile",0.01,28.8642470860822
"1543",2021-05-15,"01","31  day ahead inc hosp",2021-06-15,"quantile",0.025,35.4220039332119
"1544",2021-05-15,"01","31  day ahead inc hosp",2021-06-15,"quantile",0.05,41.9048216714134
"1545",2021-05-15,"01","31  day ahead inc hosp",2021-06-15,"quantile",0.1,50.4404923248057
"1546",2021-05-15,"01","31  day ahead inc hosp",2021-06-15,"quantile",0.15,56.894207634124
"1547",2021-05-15,"01","31  day ahead inc hosp",2021-06-15,"quantile",0.2,62.4498427956515
"1548",2021-05-15,"01","31  day ahead inc hosp",2021-06-15,"quantile",0.25,67.532000085059
"1549",2021-05-15,"01","31  day ahead inc hosp",2021-06-15,"quantile",0.3,72.3547204889763
"1550",2021-05-15,"01","31  day ahead inc hosp",2021-06-15,"quantile",0.35,77.0500651875809
"1551",2021-05-15,"01","31  day ahead inc hosp",2021-06-15,"quantile",0.4,81.7133315171906
"1552",2021-05-15,"01","31  day ahead inc hosp",2021-06-15,"quantile",0.45,86.4235189961972
"1553",2021-05-15,"01","31  day ahead inc hosp",2021-06-15,"quantile",0.5,91.2550056763877
"1554",2021-05-15,"01","31  day ahead inc hosp",2021-06-15,"quantile",0.55,96.2862932887778
"1555",2021-05-15,"01","31  day ahead inc hosp",2021-06-15,"quantile",0.6,101.608886306644
"1556",2021-05-15,"01","31  day ahead inc hosp",2021-06-15,"quantile",0.65,107.339043131898
"1557",2021-05-15,"01","31  day ahead inc hosp",2021-06-15,"quantile",0.7,113.636555388174
"1558",2021-05-15,"01","31  day ahead inc hosp",2021-06-15,"quantile",0.75,120.739197329314
"1559",2021-05-15,"01","31  day ahead inc hosp",2021-06-15,"quantile",0.8,129.034585448745
"1560",2021-05-15,"01","31  day ahead inc hosp",2021-06-15,"quantile",0.85,139.235302476922
"1561",2021-05-15,"01","31  day ahead inc hosp",2021-06-15,"quantile",0.9,152.915601365305
"1562",2021-05-15,"01","31  day ahead inc hosp",2021-06-15,"quantile",0.95,175.015789389212
"1563",2021-05-15,"01","31  day ahead inc hosp",2021-06-15,"quantile",0.975,196.052127657874
"1564",2021-05-15,"01","31  day ahead inc hosp",2021-06-15,"quantile",0.99,222.834100892008
"1565",2021-05-15,"01","32  day ahead inc hosp",2021-06-16,"quantile",0.01,28.5197946616195
"1566",2021-05-15,"01","32  day ahead inc hosp",2021-06-16,"quantile",0.025,35.1833132719527
"1567",2021-05-15,"01","32  day ahead inc hosp",2021-06-16,"quantile",0.05,41.7936160120848
"1568",2021-05-15,"01","32  day ahead inc hosp",2021-06-16,"quantile",0.1,50.5247789001519
"1569",2021-05-15,"01","32  day ahead inc hosp",2021-06-16,"quantile",0.15,57.1434779624835
"1570",2021-05-15,"01","32  day ahead inc hosp",2021-06-16,"quantile",0.2,62.8512067520053
"1571",2021-05-15,"01","32  day ahead inc hosp",2021-06-16,"quantile",0.25,68.0797331126989
"1572",2021-05-15,"01","32  day ahead inc hosp",2021-06-16,"quantile",0.3,73.0471430936239
"1573",2021-05-15,"01","32  day ahead inc hosp",2021-06-16,"quantile",0.35,77.8883255063726
"1574",2021-05-15,"01","32  day ahead inc hosp",2021-06-16,"quantile",0.4,82.7009191123588
"1575",2021-05-15,"01","32  day ahead inc hosp",2021-06-16,"quantile",0.45,87.5661536212914
"1576",2021-05-15,"01","32  day ahead inc hosp",2021-06-16,"quantile",0.5,92.5607864054673
"1577",2021-05-15,"01","32  day ahead inc hosp",2021-06-16,"quantile",0.55,97.7660969806706
"1578",2021-05-15,"01","32  day ahead inc hosp",2021-06-16,"quantile",0.6,103.277078611504
"1579",2021-05-15,"01","32  day ahead inc hosp",2021-06-16,"quantile",0.65,109.214659473973
"1580",2021-05-15,"01","32  day ahead inc hosp",2021-06-16,"quantile",0.7,115.745281435208
"1581",2021-05-15,"01","32  day ahead inc hosp",2021-06-16,"quantile",0.75,123.116859022266
"1582",2021-05-15,"01","32  day ahead inc hosp",2021-06-16,"quantile",0.8,131.733835133349
"1583",2021-05-15,"01","32  day ahead inc hosp",2021-06-16,"quantile",0.85,142.340173960996
"1584",2021-05-15,"01","32  day ahead inc hosp",2021-06-16,"quantile",0.9,156.580420490969
"1585",2021-05-15,"01","32  day ahead inc hosp",2021-06-16,"quantile",0.95,179.619213688659
"1586",2021-05-15,"01","32  day ahead inc hosp",2021-06-16,"quantile",0.975,201.58284893758
"1587",2021-05-15,"01","32  day ahead inc hosp",2021-06-16,"quantile",0.99,229.58630419808
"1588",2021-05-15,"01","33  day ahead inc hosp",2021-06-17,"quantile",0.01,27.2259415749311
"1589",2021-05-15,"01","33  day ahead inc hosp",2021-06-17,"quantile",0.025,33.8221961403716
"1590",2021-05-15,"01","33  day ahead inc hosp",2021-06-17,"quantile",0.05,40.3960351059467
"1591",2021-05-15,"01","33  day ahead inc hosp",2021-06-17,"quantile",0.1,49.1155746955314
"1592",2021-05-15,"01","33  day ahead inc hosp",2021-06-17,"quantile",0.15,55.748194220416
"1593",2021-05-15,"01","33  day ahead inc hosp",2021-06-17,"quantile",0.2,61.4812654978216
"1594",2021-05-15,"01","33  day ahead inc hosp",2021-06-17,"quantile",0.25,66.7426011578897
"1595",2021-05-15,"01","33  day ahead inc hosp",2021-06-17,"quantile",0.3,71.748865243512
"1596",2021-05-15,"01","33  day ahead inc hosp",2021-06-17,"quantile",0.35,76.6345098593553
"1597",2021-05-15,"01","33  day ahead inc hosp",2021-06-17,"quantile",0.4,81.497259502415
"1598",2021-05-15,"01","33  day ahead inc hosp",2021-06-17,"quantile",0.45,86.4188008827703
"1599",2021-05-15,"01","33  day ahead inc hosp",2021-06-17,"quantile",0.5,91.4766952324252
"1600",2021-05-15,"01","33  day ahead inc hosp",2021-06-17,"quantile",0.55,96.7534270295529
"1601",2021-05-15,"01","33  day ahead inc hosp",2021-06-17,"quantile",0.6,102.345730039518
"1602",2021-05-15,"01","33  day ahead inc hosp",2021-06-17,"quantile",0.65,108.377061753778
"1603",2021-05-15,"01","33  day ahead inc hosp",2021-06-17,"quantile",0.7,115.017651792092
"1604",2021-05-15,"01","33  day ahead inc hosp",2021-06-17,"quantile",0.75,122.521380047731
"1605",2021-05-15,"01","33  day ahead inc hosp",2021-06-17,"quantile",0.8,131.30281349946
"1606",2021-05-15,"01","33  day ahead inc hosp",2021-06-17,"quantile",0.85,142.125135660408
"1607",2021-05-15,"01","33  day ahead inc hosp",2021-06-17,"quantile",0.9,156.676661746076
"1608",2021-05-15,"01","33  day ahead inc hosp",2021-06-17,"quantile",0.95,180.264494668861
"1609",2021-05-15,"01","33  day ahead inc hosp",2021-06-17,"quantile",0.975,202.796812834787
"1610",2021-05-15,"01","33  day ahead inc hosp",2021-06-17,"quantile",0.99,231.580050955013
"1611",2021-05-15,"01","34  day ahead inc hosp",2021-06-18,"quantile",0.01,26.6688909639495
"1612",2021-05-15,"01","34  day ahead inc hosp",2021-06-18,"quantile",0.025,33.3162187768527
"1613",2021-05-15,"01","34  day ahead inc hosp",2021-06-18,"quantile",0.05,39.9655094523861
"1614",2021-05-15,"01","34  day ahead inc hosp",2021-06-18,"quantile",0.1,48.8147963300219
"1615",2021-05-15,"01","34  day ahead inc hosp",2021-06-18,"quantile",0.15,55.5645699948678
"1616",2021-05-15,"01","34  day ahead inc hosp",2021-06-18,"quantile",0.2,61.409739457806
"1617",2021-05-15,"01","34  day ahead inc hosp",2021-06-18,"quantile",0.25,66.7817435796417
"1618",2021-05-15,"01","34  day ahead inc hosp",2021-06-18,"quantile",0.3,71.8995536715396
"1619",2021-05-15,"01","34  day ahead inc hosp",2021-06-18,"quantile",0.35,76.8994166614701
"1620",2021-05-15,"01","34  day ahead inc hosp",2021-06-18,"quantile",0.4,81.8806909765364
"1621",2021-05-15,"01","34  day ahead inc hosp",2021-06-18,"quantile",0.45,86.9267445456299
"1622",2021-05-15,"01","34  day ahead inc hosp",2021-06-18,"quantile",0.5,92.1170381436888
"1623",2021-05-15,"01","34  day ahead inc hosp",2021-06-18,"quantile",0.55,97.5363636256901
"1624",2021-05-15,"01","34  day ahead inc hosp",2021-06-18,"quantile",0.6,103.284429655809
"1625",2021-05-15,"01","34  day ahead inc hosp",2021-06-18,"quantile",0.65,109.488743775495
"1626",2021-05-15,"01","34  day ahead inc hosp",2021-06-18,"quantile",0.7,116.325367342051
"1627",2021-05-15,"01","34  day ahead inc hosp",2021-06-18,"quantile",0.75,124.05713890307
"1628",2021-05-15,"01","34  day ahead inc hosp",2021-06-18,"quantile",0.8,133.113571633793
"1629",2021-05-15,"01","34  day ahead inc hosp",2021-06-18,"quantile",0.85,144.285847618204
"1630",2021-05-15,"01","34  day ahead inc hosp",2021-06-18,"quantile",0.9,159.325266952578
"1631",2021-05-15,"01","34  day ahead inc hosp",2021-06-18,"quantile",0.95,183.741004090437
"1632",2021-05-15,"01","34  day ahead inc hosp",2021-06-18,"quantile",0.975,207.101091040808
"1633",2021-05-15,"01","34  day ahead inc hosp",2021-06-18,"quantile",0.99,236.986373583197
"1634",2021-05-15,"01","35  day ahead inc hosp",2021-06-19,"quantile",0.01,25.2878019269738
"1635",2021-05-15,"01","35  day ahead inc hosp",2021-06-19,"quantile",0.025,31.8242671307856
"1636",2021-05-15,"01","35  day ahead inc hosp",2021-06-19,"quantile",0.05,38.3944813165792
"1637",2021-05-15,"01","35  day ahead inc hosp",2021-06-19,"quantile",0.1,47.1770497993429
"1638",2021-05-15,"01","35  day ahead inc hosp",2021-06-19,"quantile",0.15,53.8999307155132
"1639",2021-05-15,"01","35  day ahead inc hosp",2021-06-19,"quantile",0.2,59.7359060029951
"1640",2021-05-15,"01","35  day ahead inc hosp",2021-06-19,"quantile",0.25,65.1096079881164
"1641",2021-05-15,"01","35  day ahead inc hosp",2021-06-19,"quantile",0.3,70.2371686057753
"1642",2021-05-15,"01","35  day ahead inc hosp",2021-06-19,"quantile",0.35,75.2535440309707
"1643",2021-05-15,"01","35  day ahead inc hosp",2021-06-19,"quantile",0.4,80.2575834617717
"1644",2021-05-15,"01","35  day ahead inc hosp",2021-06-19,"quantile",0.45,85.3326407313704
"1645",2021-05-15,"01","35  day ahead inc hosp",2021-06-19,"quantile",0.5,90.5585593961764
"1646",2021-05-15,"01","35  day ahead inc hosp",2021-06-19,"quantile",0.55,96.0209140955575
"1647",2021-05-15,"01","35  day ahead inc hosp",2021-06-19,"quantile",0.6,101.820683603423
"1648",2021-05-15,"01","35  day ahead inc hosp",2021-06-19,"quantile",0.65,108.087328525384
"1649",2021-05-15,"01","35  day ahead inc hosp",2021-06-19,"quantile",0.7,114.999927981231
"1650",2021-05-15,"01","35  day ahead inc hosp",2021-06-19,"quantile",0.75,122.826165054582
"1651",2021-05-15,"01","35  day ahead inc hosp",2021-06-19,"quantile",0.8,132.003882838162
"1652",2021-05-15,"01","35  day ahead inc hosp",2021-06-19,"quantile",0.85,143.340239635555
"1653",2021-05-15,"01","35  day ahead inc hosp",2021-06-19,"quantile",0.9,158.623270861391
"1654",2021-05-15,"01","35  day ahead inc hosp",2021-06-19,"quantile",0.95,183.483076016946
"1655",2021-05-15,"01","35  day ahead inc hosp",2021-06-19,"quantile",0.975,207.316480979083
"1656",2021-05-15,"01","35  day ahead inc hosp",2021-06-19,"quantile",0.99,237.865930379394
"1657",2021-05-15,"01","36  day ahead inc hosp",2021-06-20,"quantile",0.01,24.1163310951263
"1658",2021-05-15,"01","36  day ahead inc hosp",2021-06-20,"quantile",0.025,30.5658068641674
"1659",2021-05-15,"01","36  day ahead inc hosp",2021-06-20,"quantile",0.05,37.0788956311426
"1660",2021-05-15,"01","36  day ahead inc hosp",2021-06-20,"quantile",0.1,45.8218511429158
"1661",2021-05-15,"01","36  day ahead inc hosp",2021-06-20,"quantile",0.15,52.5373145506931
"1662",2021-05-15,"01","36  day ahead inc hosp",2021-06-20,"quantile",0.2,58.3803103442233
"1663",2021-05-15,"01","36  day ahead inc hosp",2021-06-20,"quantile",0.25,63.7701714485631
"1664",2021-05-15,"01","36  day ahead inc hosp",2021-06-20,"quantile",0.3,68.9209239333271
"1665",2021-05-15,"01","36  day ahead inc hosp",2021-06-20,"quantile",0.35,73.9666680307594
"1666",2021-05-15,"01","36  day ahead inc hosp",2021-06-20,"quantile",0.4,79.0060426407577
"1667",2021-05-15,"01","36  day ahead inc hosp",2021-06-20,"quantile",0.45,84.1226217981947
"1668",2021-05-15,"01","36  day ahead inc hosp",2021-06-20,"quantile",0.5,89.3968398655501
"1669",2021-05-15,"01","36  day ahead inc hosp",2021-06-20,"quantile",0.55,94.9152622300828
"1670",2021-05-15,"01","36  day ahead inc hosp",2021-06-20,"quantile",0.6,100.780369630854
"1671",2021-05-15,"01","36  day ahead inc hosp",2021-06-20,"quantile",0.65,107.123860739133
"1672",2021-05-15,"01","36  day ahead inc hosp",2021-06-20,"quantile",0.7,114.128215325117
"1673",2021-05-15,"01","36  day ahead inc hosp",2021-06-20,"quantile",0.75,122.066522232422
"1674",2021-05-15,"01","36  day ahead inc hosp",2021-06-20,"quantile",0.8,131.385860385003
"1675",2021-05-15,"01","36  day ahead inc hosp",2021-06-20,"quantile",0.85,142.911018552453
"1676",2021-05-15,"01","36  day ahead inc hosp",2021-06-20,"quantile",0.9,158.470403306258
"1677",2021-05-15,"01","36  day ahead inc hosp",2021-06-20,"quantile",0.95,183.826392242711
"1678",2021-05-15,"01","36  day ahead inc hosp",2021-06-20,"quantile",0.975,208.182056525725
"1679",2021-05-15,"01","36  day ahead inc hosp",2021-06-20,"quantile",0.99,239.457317727478
"1680",2021-05-15,"01","37  day ahead inc hosp",2021-06-21,"quantile",0.01,25.5578935923095
"1681",2021-05-15,"01","37  day ahead inc hosp",2021-06-21,"quantile",0.025,32.4239167238093
"1682",2021-05-15,"01","37  day ahead inc hosp",2021-06-21,"quantile",0.05,39.3620288386821
"1683",2021-05-15,"01","37  day ahead inc hosp",2021-06-21,"quantile",0.1,48.6808098003652
"1684",2021-05-15,"01","37  day ahead inc hosp",2021-06-21,"quantile",0.15,55.8418560884359
"1685",2021-05-15,"01","37  day ahead inc hosp",2021-06-21,"quantile",0.2,62.0744767526361
"1686",2021-05-15,"01","37  day ahead inc hosp",2021-06-21,"quantile",0.25,67.8251370334708
"1687",2021-05-15,"01","37  day ahead inc hosp",2021-06-21,"quantile",0.3,73.3217968619657
"1688",2021-05-15,"01","37  day ahead inc hosp",2021-06-21,"quantile",0.35,78.7073533528337
"1689",2021-05-15,"01","37  day ahead inc hosp",2021-06-21,"quantile",0.4,84.0869763019262
"1690",2021-05-15,"01","37  day ahead inc hosp",2021-06-21,"quantile",0.45,89.5498305059034
"1691",2021-05-15,"01","37  day ahead inc hosp",2021-06-21,"quantile",0.5,95.1817856082636
"1692",2021-05-15,"01","37  day ahead inc hosp",2021-06-21,"quantile",0.55,101.075307709338
"1693",2021-05-15,"01","37  day ahead inc hosp",2021-06-21,"quantile",0.6,107.339910569796
"1694",2021-05-15,"01","37  day ahead inc hosp",2021-06-21,"quantile",0.65,114.116375465788
"1695",2021-05-15,"01","37  day ahead inc hosp",2021-06-21,"quantile",0.7,121.599810169793
"1696",2021-05-15,"01","37  day ahead inc hosp",2021-06-21,"quantile",0.75,130.082247664529
"1697",2021-05-15,"01","37  day ahead inc hosp",2021-06-21,"quantile",0.8,140.04183662817
"1698",2021-05-15,"01","37  day ahead inc hosp",2021-06-21,"quantile",0.85,152.360770529761
"1699",2021-05-15,"01","37  day ahead inc hosp",2021-06-21,"quantile",0.9,168.994899240256
"1700",2021-05-15,"01","37  day ahead inc hosp",2021-06-21,"quantile",0.95,196.10898473167
"1701",2021-05-15,"01","37  day ahead inc hosp",2021-06-21,"quantile",0.975,222.160034436826
"1702",2021-05-15,"01","37  day ahead inc hosp",2021-06-21,"quantile",0.99,255.620397232523
"1703",2021-05-15,"02","1  day ahead inc hosp",2021-05-16,"quantile",0.01,0.589946751429947
"1704",2021-05-15,"02","1  day ahead inc hosp",2021-05-16,"quantile",0.025,0.857664504657679
"1705",2021-05-15,"02","1  day ahead inc hosp",2021-05-16,"quantile",0.05,1.15309924357181
"1706",2021-05-15,"02","1  day ahead inc hosp",2021-05-16,"quantile",0.1,1.58180976547425
"1707",2021-05-15,"02","1  day ahead inc hosp",2021-05-16,"quantile",0.15,1.93200426097428
"1708",2021-05-15,"02","1  day ahead inc hosp",2021-05-16,"quantile",0.2,2.249403921705
"1709",2021-05-15,"02","1  day ahead inc hosp",2021-05-16,"quantile",0.25,2.55155527341846
"1710",2021-05-15,"02","1  day ahead inc hosp",2021-05-16,"quantile",0.3,2.84795362803082
"1711",2021-05-15,"02","1  day ahead inc hosp",2021-05-16,"quantile",0.35,3.14498920795901
"1712",2021-05-15,"02","1  day ahead inc hosp",2021-05-16,"quantile",0.4,3.44777359561865
"1713",2021-05-15,"02","1  day ahead inc hosp",2021-05-16,"quantile",0.45,3.76103560264732
"1714",2021-05-15,"02","1  day ahead inc hosp",2021-05-16,"quantile",0.5,4.08970964541228
"1715",2021-05-15,"02","1  day ahead inc hosp",2021-05-16,"quantile",0.55,4.43946906341904
"1716",2021-05-15,"02","1  day ahead inc hosp",2021-05-16,"quantile",0.6,4.81737021935844
"1717",2021-05-15,"02","1  day ahead inc hosp",2021-05-16,"quantile",0.65,5.2328034004761
"1718",2021-05-15,"02","1  day ahead inc hosp",2021-05-16,"quantile",0.7,5.69909845159574
"1719",2021-05-15,"02","1  day ahead inc hosp",2021-05-16,"quantile",0.75,6.23654887657104
"1720",2021-05-15,"02","1  day ahead inc hosp",2021-05-16,"quantile",0.8,6.87881135732177
"1721",2021-05-15,"02","1  day ahead inc hosp",2021-05-16,"quantile",0.85,7.68866681226218
"1722",2021-05-15,"02","1  day ahead inc hosp",2021-05-16,"quantile",0.9,8.80684135182944
"1723",2021-05-15,"02","1  day ahead inc hosp",2021-05-16,"quantile",0.95,10.6830835323743
"1724",2021-05-15,"02","1  day ahead inc hosp",2021-05-16,"quantile",0.975,12.5402195505335
"1725",2021-05-15,"02","1  day ahead inc hosp",2021-05-16,"quantile",0.99,14.992766127085
"1726",2021-05-15,"02","2  day ahead inc hosp",2021-05-17,"quantile",0.01,0.565367588903782
"1727",2021-05-15,"02","2  day ahead inc hosp",2021-05-17,"quantile",0.025,0.827532151993088
"1728",2021-05-15,"02","2  day ahead inc hosp",2021-05-17,"quantile",0.05,1.11808877636701
"1729",2021-05-15,"02","2  day ahead inc hosp",2021-05-17,"quantile",0.1,1.54127659827947
"1730",2021-05-15,"02","2  day ahead inc hosp",2021-05-17,"quantile",0.15,1.88794121421345
"1731",2021-05-15,"02","2  day ahead inc hosp",2021-05-17,"quantile",0.2,2.20272341522547
"1732",2021-05-15,"02","2  day ahead inc hosp",2021-05-17,"quantile",0.25,2.5028056106627
"1733",2021-05-15,"02","2  day ahead inc hosp",2021-05-17,"quantile",0.3,2.79751551459116
"1734",2021-05-15,"02","2  day ahead inc hosp",2021-05-17,"quantile",0.35,3.0931543091026
"1735",2021-05-15,"02","2  day ahead inc hosp",2021-05-17,"quantile",0.4,3.39478352065623
"1736",2021-05-15,"02","2  day ahead inc hosp",2021-05-17,"quantile",0.45,3.70710480055513
"1737",2021-05-15,"02","2  day ahead inc hosp",2021-05-17,"quantile",0.5,4.03504132009824
"1738",2021-05-15,"02","2  day ahead inc hosp",2021-05-17,"quantile",0.55,4.38426857867926
"1739",2021-05-15,"02","2  day ahead inc hosp",2021-05-17,"quantile",0.6,4.76185901367019
"1740",2021-05-15,"02","2  day ahead inc hosp",2021-05-17,"quantile",0.65,5.17723655185564
"1741",2021-05-15,"02","2  day ahead inc hosp",2021-05-17,"quantile",0.7,5.64379072650056
"1742",2021-05-15,"02","2  day ahead inc hosp",2021-05-17,"quantile",0.75,6.18191885487031
"1743",2021-05-15,"02","2  day ahead inc hosp",2021-05-17,"quantile",0.8,6.82546635948893
"1744",2021-05-15,"02","2  day ahead inc hosp",2021-05-17,"quantile",0.85,7.63759322566264
"1745",2021-05-15,"02","2  day ahead inc hosp",2021-05-17,"quantile",0.9,8.75993740133306
"1746",2021-05-15,"02","2  day ahead inc hosp",2021-05-17,"quantile",0.95,10.6454146400887
"1747",2021-05-15,"02","2  day ahead inc hosp",2021-05-17,"quantile",0.975,12.5139449790612
"1748",2021-05-15,"02","2  day ahead inc hosp",2021-05-17,"quantile",0.99,14.9842945168737
"1749",2021-05-15,"02","3  day ahead inc hosp",2021-05-18,"quantile",0.01,0.58625556974211
"1750",2021-05-15,"02","3  day ahead inc hosp",2021-05-18,"quantile",0.025,0.857521444666232
"1751",2021-05-15,"02","3  day ahead inc hosp",2021-05-18,"quantile",0.05,1.15803509991765
"1752",2021-05-15,"02","3  day ahead inc hosp",2021-05-18,"quantile",0.1,1.59556361310798
"1753",2021-05-15,"02","3  day ahead inc hosp",2021-05-18,"quantile",0.15,1.9538741116568
"1754",2021-05-15,"02","3  day ahead inc hosp",2021-05-18,"quantile",0.2,2.27917095279137
"1755",2021-05-15,"02","3  day ahead inc hosp",2021-05-18,"quantile",0.25,2.58923309755227
"1756",2021-05-15,"02","3  day ahead inc hosp",2021-05-18,"quantile",0.3,2.89370903322107
"1757",2021-05-15,"02","3  day ahead inc hosp",2021-05-18,"quantile",0.35,3.19911415922567
"1758",2021-05-15,"02","3  day ahead inc hosp",2021-05-18,"quantile",0.4,3.51067987525901
"1759",2021-05-15,"02","3  day ahead inc hosp",2021-05-18,"quantile",0.45,3.83326364468758
"1760",2021-05-15,"02","3  day ahead inc hosp",2021-05-18,"quantile",0.5,4.1719500276987
"1761",2021-05-15,"02","3  day ahead inc hosp",2021-05-18,"quantile",0.55,4.53259902261502
"1762",2021-05-15,"02","3  day ahead inc hosp",2021-05-18,"quantile",0.6,4.92251160297456
"1763",2021-05-15,"02","3  day ahead inc hosp",2021-05-18,"quantile",0.65,5.35141496126693
"1764",2021-05-15,"02","3  day ahead inc hosp",2021-05-18,"quantile",0.7,5.83312828830808
"1765",2021-05-15,"02","3  day ahead inc hosp",2021-05-18,"quantile",0.75,6.38870210584224
"1766",2021-05-15,"02","3  day ahead inc hosp",2021-05-18,"quantile",0.8,7.05306400488453
"1767",2021-05-15,"02","3  day ahead inc hosp",2021-05-18,"quantile",0.85,7.89139066764591
"1768",2021-05-15,"02","3  day ahead inc hosp",2021-05-18,"quantile",0.9,9.04983615684351
"1769",2021-05-15,"02","3  day ahead inc hosp",2021-05-18,"quantile",0.95,10.9957314133513
"1770",2021-05-15,"02","3  day ahead inc hosp",2021-05-18,"quantile",0.975,12.9239051030351
"1771",2021-05-15,"02","3  day ahead inc hosp",2021-05-18,"quantile",0.99,15.4728249065757
"1772",2021-05-15,"02","4  day ahead inc hosp",2021-05-19,"quantile",0.01,0.552350183702504
"1773",2021-05-15,"02","4  day ahead inc hosp",2021-05-19,"quantile",0.025,0.814057442683394
"1774",2021-05-15,"02","4  day ahead inc hosp",2021-05-19,"quantile",0.05,1.1053740971872
"1775",2021-05-15,"02","4  day ahead inc hosp",2021-05-19,"quantile",0.1,1.53124777356129
"1776",2021-05-15,"02","4  day ahead inc hosp",2021-05-19,"quantile",0.15,1.88110887868874
"1777",2021-05-15,"02","4  day ahead inc hosp",2021-05-19,"quantile",0.2,2.19938453956437
"1778",2021-05-15,"02","4  day ahead inc hosp",2021-05-19,"quantile",0.25,2.50322636847059
"1779",2021-05-15,"02","4  day ahead inc hosp",2021-05-19,"quantile",0.3,2.80197547556781
"1780",2021-05-15,"02","4  day ahead inc hosp",2021-05-19,"quantile",0.35,3.10196640433664
"1781",2021-05-15,"02","4  day ahead inc hosp",2021-05-19,"quantile",0.4,3.40830911318733
"1782",2021-05-15,"02","4  day ahead inc hosp",2021-05-19,"quantile",0.45,3.72576975544586
"1783",2021-05-15,"02","4  day ahead inc hosp",2021-05-19,"quantile",0.5,4.05935641341448
"1784",2021-05-15,"02","4  day ahead inc hosp",2021-05-19,"quantile",0.55,4.4148577642729
"1785",2021-05-15,"02","4  day ahead inc hosp",2021-05-19,"quantile",0.6,4.79950082515444
"1786",2021-05-15,"02","4  day ahead inc hosp",2021-05-19,"quantile",0.65,5.22292788133875
"1787",2021-05-15,"02","4  day ahead inc hosp",2021-05-19,"quantile",0.7,5.69885078184398
"1788",2021-05-15,"02","4  day ahead inc hosp",2021-05-19,"quantile",0.75,6.24817096022684
"1789",2021-05-15,"02","4  day ahead inc hosp",2021-05-19,"quantile",0.8,6.90558713625446
"1790",2021-05-15,"02","4  day ahead inc hosp",2021-05-19,"quantile",0.85,7.73587913219054
"1791",2021-05-15,"02","4  day ahead inc hosp",2021-05-19,"quantile",0.9,8.88438078085659
"1792",2021-05-15,"02","4  day ahead inc hosp",2021-05-19,"quantile",0.95,10.8160845083059
"1793",2021-05-15,"02","4  day ahead inc hosp",2021-05-19,"quantile",0.975,12.7327249552953
"1794",2021-05-15,"02","4  day ahead inc hosp",2021-05-19,"quantile",0.99,15.2694925953028
"1795",2021-05-15,"02","5  day ahead inc hosp",2021-05-20,"quantile",0.01,0.579849271358987
"1796",2021-05-15,"02","5  day ahead inc hosp",2021-05-20,"quantile",0.025,0.85303435387558
"1797",2021-05-15,"02","5  day ahead inc hosp",2021-05-20,"quantile",0.05,1.15677766766508
"1798",2021-05-15,"02","5  day ahead inc hosp",2021-05-20,"quantile",0.1,1.60038289199679
"1799",2021-05-15,"02","5  day ahead inc hosp",2021-05-20,"quantile",0.15,1.96453687638138
"1800",2021-05-15,"02","5  day ahead inc hosp",2021-05-20,"quantile",0.2,2.29565290420804
"1801",2021-05-15,"02","5  day ahead inc hosp",2021-05-20,"quantile",0.25,2.61163511037897
"1802",2021-05-15,"02","5  day ahead inc hosp",2021-05-20,"quantile",0.3,2.92222610125189
"1803",2021-05-15,"02","5  day ahead inc hosp",2021-05-20,"quantile",0.35,3.23402596618015
"1804",2021-05-15,"02","5  day ahead inc hosp",2021-05-20,"quantile",0.4,3.55235291004617
"1805",2021-05-15,"02","5  day ahead inc hosp",2021-05-20,"quantile",0.45,3.88216196172932
"1806",2021-05-15,"02","5  day ahead inc hosp",2021-05-20,"quantile",0.5,4.22865491311019
"1807",2021-05-15,"02","5  day ahead inc hosp",2021-05-20,"quantile",0.55,4.59784017256987
"1808",2021-05-15,"02","5  day ahead inc hosp",2021-05-20,"quantile",0.6,4.99721539955893
"1809",2021-05-15,"02","5  day ahead inc hosp",2021-05-20,"quantile",0.65,5.4367806048023
"1810",2021-05-15,"02","5  day ahead inc hosp",2021-05-20,"quantile",0.7,5.93075306354085
"1811",2021-05-15,"02","5  day ahead inc hosp",2021-05-20,"quantile",0.75,6.50080108773403
"1812",2021-05-15,"02","5  day ahead inc hosp",2021-05-20,"quantile",0.8,7.18289193310592
"1813",2021-05-15,"02","5  day ahead inc hosp",2021-05-20,"quantile",0.85,8.04416621163789
"1814",2021-05-15,"02","5  day ahead inc hosp",2021-05-20,"quantile",0.9,9.23523696595333
"1815",2021-05-15,"02","5  day ahead inc hosp",2021-05-20,"quantile",0.95,11.2379170558847
"1816",2021-05-15,"02","5  day ahead inc hosp",2021-05-20,"quantile",0.975,13.2243544407602
"1817",2021-05-15,"02","5  day ahead inc hosp",2021-05-20,"quantile",0.99,15.8527364610069
"1818",2021-05-15,"02","6  day ahead inc hosp",2021-05-21,"quantile",0.01,0.465603081447279
"1819",2021-05-15,"02","6  day ahead inc hosp",2021-05-21,"quantile",0.025,0.701683423726105
"1820",2021-05-15,"02","6  day ahead inc hosp",2021-05-21,"quantile",0.05,0.96820010993061
"1821",2021-05-15,"02","6  day ahead inc hosp",2021-05-21,"quantile",0.1,1.36249722717683
"1822",2021-05-15,"02","6  day ahead inc hosp",2021-05-21,"quantile",0.15,1.68938509053955
"1823",2021-05-15,"02","6  day ahead inc hosp",2021-05-21,"quantile",0.2,1.98852854416133
"1824",2021-05-15,"02","6  day ahead inc hosp",2021-05-21,"quantile",0.25,2.27539308089263
"1825",2021-05-15,"02","6  day ahead inc hosp",2021-05-21,"quantile",0.3,2.55849183251395
"1826",2021-05-15,"02","6  day ahead inc hosp",2021-05-21,"quantile",0.35,2.84367114420306
"1827",2021-05-15,"02","6  day ahead inc hosp",2021-05-21,"quantile",0.4,3.13571241249066
"1828",2021-05-15,"02","6  day ahead inc hosp",2021-05-21,"quantile",0.45,3.43913411592061
"1829",2021-05-15,"02","6  day ahead inc hosp",2021-05-21,"quantile",0.5,3.75873631019014
"1830",2021-05-15,"02","6  day ahead inc hosp",2021-05-21,"quantile",0.55,4.10011312017359
"1831",2021-05-15,"02","6  day ahead inc hosp",2021-05-21,"quantile",0.6,4.47028930270141
"1832",2021-05-15,"02","6  day ahead inc hosp",2021-05-21,"quantile",0.65,4.87867446047369
"1833",2021-05-15,"02","6  day ahead inc hosp",2021-05-21,"quantile",0.7,5.33868587186499
"1834",2021-05-15,"02","6  day ahead inc hosp",2021-05-21,"quantile",0.75,5.87081552906556
"1835",2021-05-15,"02","6  day ahead inc hosp",2021-05-21,"quantile",0.8,6.50913346899048
"1836",2021-05-15,"02","6  day ahead inc hosp",2021-05-21,"quantile",0.85,7.31732967341223
"1837",2021-05-15,"02","6  day ahead inc hosp",2021-05-21,"quantile",0.9,8.43848723859737
"1838",2021-05-15,"02","6  day ahead inc hosp",2021-05-21,"quantile",0.95,10.3311923357387
"1839",2021-05-15,"02","6  day ahead inc hosp",2021-05-21,"quantile",0.975,12.2161925499869
"1840",2021-05-15,"02","6  day ahead inc hosp",2021-05-21,"quantile",0.99,14.7197303925861
"1841",2021-05-15,"02","7  day ahead inc hosp",2021-05-22,"quantile",0.01,0.466005517569623
"1842",2021-05-15,"02","7  day ahead inc hosp",2021-05-22,"quantile",0.025,0.705097351420898
"1843",2021-05-15,"02","7  day ahead inc hosp",2021-05-22,"quantile",0.05,0.975692288096246
"1844",2021-05-15,"02","7  day ahead inc hosp",2021-05-22,"quantile",0.1,1.37687176661688
"1845",2021-05-15,"02","7  day ahead inc hosp",2021-05-22,"quantile",0.15,1.71000161692403
"1846",2021-05-15,"02","7  day ahead inc hosp",2021-05-22,"quantile",0.2,2.01517563247271
"1847",2021-05-15,"02","7  day ahead inc hosp",2021-05-22,"quantile",0.25,2.30805470804189
"1848",2021-05-15,"02","7  day ahead inc hosp",2021-05-22,"quantile",0.3,2.59727627665583
"1849",2021-05-15,"02","7  day ahead inc hosp",2021-05-22,"quantile",0.35,2.88878558384207
"1850",2021-05-15,"02","7  day ahead inc hosp",2021-05-22,"quantile",0.4,3.18745686259029
"1851",2021-05-15,"02","7  day ahead inc hosp",2021-05-22,"quantile",0.45,3.49790696805319
"1852",2021-05-15,"02","7  day ahead inc hosp",2021-05-22,"quantile",0.5,3.82504981460028
"1853",2021-05-15,"02","7  day ahead inc hosp",2021-05-22,"quantile",0.55,4.17462036545079
"1854",2021-05-15,"02","7  day ahead inc hosp",2021-05-22,"quantile",0.6,4.55382739761951
"1855",2021-05-15,"02","7  day ahead inc hosp",2021-05-22,"quantile",0.65,4.97233353863251
"1856",2021-05-15,"02","7  day ahead inc hosp",2021-05-22,"quantile",0.7,5.44392323402042
"1857",2021-05-15,"02","7  day ahead inc hosp",2021-05-22,"quantile",0.75,5.98965620410506
"1858",2021-05-15,"02","7  day ahead inc hosp",2021-05-22,"quantile",0.8,6.64455539505614
"1859",2021-05-15,"02","7  day ahead inc hosp",2021-05-22,"quantile",0.85,7.47410699458257
"1860",2021-05-15,"02","7  day ahead inc hosp",2021-05-22,"quantile",0.9,8.62546390600929
"1861",2021-05-15,"02","7  day ahead inc hosp",2021-05-22,"quantile",0.95,10.5703976891319
"1862",2021-05-15,"02","7  day ahead inc hosp",2021-05-22,"quantile",0.975,12.5086709174929
"1863",2021-05-15,"02","7  day ahead inc hosp",2021-05-22,"quantile",0.99,15.084502119788
"1864",2021-05-15,"02","8  day ahead inc hosp",2021-05-23,"quantile",0.01,0.502287750181907
"1865",2021-05-15,"02","8  day ahead inc hosp",2021-05-23,"quantile",0.025,0.757946339321811
"1866",2021-05-15,"02","8  day ahead inc hosp",2021-05-23,"quantile",0.05,1.04679995428226
"1867",2021-05-15,"02","8  day ahead inc hosp",2021-05-23,"quantile",0.1,1.4744365043236
"1868",2021-05-15,"02","8  day ahead inc hosp",2021-05-23,"quantile",0.15,1.82914911930103
"1869",2021-05-15,"02","8  day ahead inc hosp",2021-05-23,"quantile",0.2,2.15386550830791
"1870",2021-05-15,"02","8  day ahead inc hosp",2021-05-23,"quantile",0.25,2.46533309859262
"1871",2021-05-15,"02","8  day ahead inc hosp",2021-05-23,"quantile",0.3,2.77277645268931
"1872",2021-05-15,"02","8  day ahead inc hosp",2021-05-23,"quantile",0.35,3.08253515534273
"1873",2021-05-15,"02","8  day ahead inc hosp",2021-05-23,"quantile",0.4,3.39979811593165
"1874",2021-05-15,"02","8  day ahead inc hosp",2021-05-23,"quantile",0.45,3.72947258634318
"1875",2021-05-15,"02","8  day ahead inc hosp",2021-05-23,"quantile",0.5,4.07677484502481
"1876",2021-05-15,"02","8  day ahead inc hosp",2021-05-23,"quantile",0.55,4.44778690074259
"1877",2021-05-15,"02","8  day ahead inc hosp",2021-05-23,"quantile",0.6,4.8501486324699
"1878",2021-05-15,"02","8  day ahead inc hosp",2021-05-23,"quantile",0.65,5.29409584302301
"1879",2021-05-15,"02","8  day ahead inc hosp",2021-05-23,"quantile",0.7,5.79422609545165
"1880",2021-05-15,"02","8  day ahead inc hosp",2021-05-23,"quantile",0.75,6.37283640653891
"1881",2021-05-15,"02","8  day ahead inc hosp",2021-05-23,"quantile",0.8,7.06700094798694
"1882",2021-05-15,"02","8  day ahead inc hosp",2021-05-23,"quantile",0.85,7.94603068856017
"1883",2021-05-15,"02","8  day ahead inc hosp",2021-05-23,"quantile",0.9,9.16564844942421
"1884",2021-05-15,"02","8  day ahead inc hosp",2021-05-23,"quantile",0.95,11.2249997567064
"1885",2021-05-15,"02","8  day ahead inc hosp",2021-05-23,"quantile",0.975,13.2763996906534
"1886",2021-05-15,"02","8  day ahead inc hosp",2021-05-23,"quantile",0.99,16.0014679389405
"1887",2021-05-15,"02","9  day ahead inc hosp",2021-05-24,"quantile",0.01,0.401348905531077
"1888",2021-05-15,"02","9  day ahead inc hosp",2021-05-24,"quantile",0.025,0.622784882720249
"1889",2021-05-15,"02","9  day ahead inc hosp",2021-05-24,"quantile",0.05,0.87739355970127
"1890",2021-05-15,"02","9  day ahead inc hosp",2021-05-24,"quantile",0.1,1.25991648097316
"1891",2021-05-15,"02","9  day ahead inc hosp",2021-05-24,"quantile",0.15,1.58076217913367
"1892",2021-05-15,"02","9  day ahead inc hosp",2021-05-24,"quantile",0.2,1.87659691066567
"1893",2021-05-15,"02","9  day ahead inc hosp",2021-05-24,"quantile",0.25,2.16190961905969
"1894",2021-05-15,"02","9  day ahead inc hosp",2021-05-24,"quantile",0.3,2.44479187945672
"1895",2021-05-15,"02","9  day ahead inc hosp",2021-05-24,"quantile",0.35,2.73089497254947
"1896",2021-05-15,"02","9  day ahead inc hosp",2021-05-24,"quantile",0.4,3.0249244471802
"1897",2021-05-15,"02","9  day ahead inc hosp",2021-05-24,"quantile",0.45,3.33140181553261
"1898",2021-05-15,"02","9  day ahead inc hosp",2021-05-24,"quantile",0.5,3.6551961034613
"1899",2021-05-15,"02","9  day ahead inc hosp",2021-05-24,"quantile",0.55,4.00203916532491
"1900",2021-05-15,"02","9  day ahead inc hosp",2021-05-24,"quantile",0.6,4.37917924575756
"1901",2021-05-15,"02","9  day ahead inc hosp",2021-05-24,"quantile",0.65,4.79637147926344
"1902",2021-05-15,"02","9  day ahead inc hosp",2021-05-24,"quantile",0.7,5.26757104495025
"1903",2021-05-15,"02","9  day ahead inc hosp",2021-05-24,"quantile",0.75,5.8141409969439
"1904",2021-05-15,"02","9  day ahead inc hosp",2021-05-24,"quantile",0.8,6.4716639860484
"1905",2021-05-15,"02","9  day ahead inc hosp",2021-05-24,"quantile",0.85,7.30676439182947
"1906",2021-05-15,"02","9  day ahead inc hosp",2021-05-24,"quantile",0.9,8.46936678362933
"1907",2021-05-15,"02","9  day ahead inc hosp",2021-05-24,"quantile",0.95,10.4410087008588
"1908",2021-05-15,"02","9  day ahead inc hosp",2021-05-24,"quantile",0.975,12.4136892222427
"1909",2021-05-15,"02","9  day ahead inc hosp",2021-05-24,"quantile",0.99,15.0448100748167
"1910",2021-05-15,"02","10  day ahead inc hosp",2021-05-25,"quantile",0.01,0.52360474825594
"1911",2021-05-15,"02","10  day ahead inc hosp",2021-05-25,"quantile",0.025,0.795423716512548
"1912",2021-05-15,"02","10  day ahead inc hosp",2021-05-25,"quantile",0.05,1.10383240758779
"1913",2021-05-15,"02","10  day ahead inc hosp",2021-05-25,"quantile",0.1,1.56204338977381
"1914",2021-05-15,"02","10  day ahead inc hosp",2021-05-25,"quantile",0.15,1.94314347281712
"1915",2021-05-15,"02","10  day ahead inc hosp",2021-05-25,"quantile",0.2,2.29262591518605
"1916",2021-05-15,"02","10  day ahead inc hosp",2021-05-25,"quantile",0.25,2.62829291220892
"1917",2021-05-15,"02","10  day ahead inc hosp",2021-05-25,"quantile",0.3,2.95998209589546
"1918",2021-05-15,"02","10  day ahead inc hosp",2021-05-25,"quantile",0.35,3.29448036067123
"1919",2021-05-15,"02","10  day ahead inc hosp",2021-05-25,"quantile",0.4,3.63736567163948
"1920",2021-05-15,"02","10  day ahead inc hosp",2021-05-25,"quantile",0.45,3.99393364063824
"1921",2021-05-15,"02","10  day ahead inc hosp",2021-05-25,"quantile",0.5,4.36983129663421
"1922",2021-05-15,"02","10  day ahead inc hosp",2021-05-25,"quantile",0.55,4.77165850359975
"1923",2021-05-15,"02","10  day ahead inc hosp",2021-05-25,"quantile",0.6,5.2077193752735
"1924",2021-05-15,"02","10  day ahead inc hosp",2021-05-25,"quantile",0.65,5.68915216966341
"1925",2021-05-15,"02","10  day ahead inc hosp",2021-05-25,"quantile",0.7,6.23185369546779
"1926",2021-05-15,"02","10  day ahead inc hosp",2021-05-25,"quantile",0.75,6.86011885798396
"1927",2021-05-15,"02","10  day ahead inc hosp",2021-05-25,"quantile",0.8,7.61436109719146
"1928",2021-05-15,"02","10  day ahead inc hosp",2021-05-25,"quantile",0.85,8.57016277885505
"1929",2021-05-15,"02","10  day ahead inc hosp",2021-05-25,"quantile",0.9,9.89740329887086
"1930",2021-05-15,"02","10  day ahead inc hosp",2021-05-25,"quantile",0.95,12.1408774263558
"1931",2021-05-15,"02","10  day ahead inc hosp",2021-05-25,"quantile",0.975,14.3781085528042
"1932",2021-05-15,"02","10  day ahead inc hosp",2021-05-25,"quantile",0.99,17.3529981366313
"1933",2021-05-15,"02","11  day ahead inc hosp",2021-05-26,"quantile",0.01,0.350196554962358
"1934",2021-05-15,"02","11  day ahead inc hosp",2021-05-26,"quantile",0.025,0.558381451042375
"1935",2021-05-15,"02","11  day ahead inc hosp",2021-05-26,"quantile",0.05,0.801839874411888
"1936",2021-05-15,"02","11  day ahead inc hosp",2021-05-26,"quantile",0.1,1.17279351557342
"1937",2021-05-15,"02","11  day ahead inc hosp",2021-05-26,"quantile",0.15,1.48723817697825
"1938",2021-05-15,"02","11  day ahead inc hosp",2021-05-26,"quantile",0.2,1.77914477763509
"1939",2021-05-15,"02","11  day ahead inc hosp",2021-05-26,"quantile",0.25,2.06211145254604
"1940",2021-05-15,"02","11  day ahead inc hosp",2021-05-26,"quantile",0.3,2.34383873204328
"1941",2021-05-15,"02","11  day ahead inc hosp",2021-05-26,"quantile",0.35,2.62979144945864
"1942",2021-05-15,"02","11  day ahead inc hosp",2021-05-26,"quantile",0.4,2.92459602513504
"1943",2021-05-15,"02","11  day ahead inc hosp",2021-05-26,"quantile",0.45,3.23276502207598
"1944",2021-05-15,"02","11  day ahead inc hosp",2021-05-26,"quantile",0.5,3.55921611397316
"1945",2021-05-15,"02","11  day ahead inc hosp",2021-05-26,"quantile",0.55,3.90978875565878
"1946",2021-05-15,"02","11  day ahead inc hosp",2021-05-26,"quantile",0.6,4.29191133753831
"1947",2021-05-15,"02","11  day ahead inc hosp",2021-05-26,"quantile",0.65,4.71562163295504
"1948",2021-05-15,"02","11  day ahead inc hosp",2021-05-26,"quantile",0.7,5.19531856419916
"1949",2021-05-15,"02","11  day ahead inc hosp",2021-05-26,"quantile",0.75,5.75308791246118
"1950",2021-05-15,"02","11  day ahead inc hosp",2021-05-26,"quantile",0.8,6.42577303205069
"1951",2021-05-15,"02","11  day ahead inc hosp",2021-05-26,"quantile",0.85,7.28245404049662
"1952",2021-05-15,"02","11  day ahead inc hosp",2021-05-26,"quantile",0.9,8.47880556516147
"1953",2021-05-15,"02","11  day ahead inc hosp",2021-05-26,"quantile",0.95,10.5157581416771
"1954",2021-05-15,"02","11  day ahead inc hosp",2021-05-26,"quantile",0.975,12.5619515846117
"1955",2021-05-15,"02","11  day ahead inc hosp",2021-05-26,"quantile",0.99,15.3011630156573
"1956",2021-05-15,"02","12  day ahead inc hosp",2021-05-27,"quantile",0.01,0.358160636578974
"1957",2021-05-15,"02","12  day ahead inc hosp",2021-05-27,"quantile",0.025,0.57367678678941
"1958",2021-05-15,"02","12  day ahead inc hosp",2021-05-27,"quantile",0.05,0.826418817620442
"1959",2021-05-15,"02","12  day ahead inc hosp",2021-05-27,"quantile",0.1,1.21241452550912
"1960",2021-05-15,"02","12  day ahead inc hosp",2021-05-27,"quantile",0.15,1.54017855771868
"1961",2021-05-15,"02","12  day ahead inc hosp",2021-05-27,"quantile",0.2,1.84478853233763
"1962",2021-05-15,"02","12  day ahead inc hosp",2021-05-27,"quantile",0.25,2.14031648826146
"1963",2021-05-15,"02","12  day ahead inc hosp",2021-05-27,"quantile",0.3,2.43475023964664
"1964",2021-05-15,"02","12  day ahead inc hosp",2021-05-27,"quantile",0.35,2.73377380310906
"1965",2021-05-15,"02","12  day ahead inc hosp",2021-05-27,"quantile",0.4,3.04221244266386
"1966",2021-05-15,"02","12  day ahead inc hosp",2021-05-27,"quantile",0.45,3.36478422103869
"1967",2021-05-15,"02","12  day ahead inc hosp",2021-05-27,"quantile",0.5,3.70664066659667
"1968",2021-05-15,"02","12  day ahead inc hosp",2021-05-27,"quantile",0.55,4.07390739314242
"1969",2021-05-15,"02","12  day ahead inc hosp",2021-05-27,"quantile",0.6,4.47438418476347
"1970",2021-05-15,"02","12  day ahead inc hosp",2021-05-27,"quantile",0.65,4.91861736627494
"1971",2021-05-15,"02","12  day ahead inc hosp",2021-05-27,"quantile",0.7,5.42174193049904
"1972",2021-05-15,"02","12  day ahead inc hosp",2021-05-27,"quantile",0.75,6.00697993126446
"1973",2021-05-15,"02","12  day ahead inc hosp",2021-05-27,"quantile",0.8,6.71307978521195
"1974",2021-05-15,"02","12  day ahead inc hosp",2021-05-27,"quantile",0.85,7.61270956974294
"1975",2021-05-15,"02","12  day ahead inc hosp",2021-05-27,"quantile",0.9,8.86966733780249
"1976",2021-05-15,"02","12  day ahead inc hosp",2021-05-27,"quantile",0.95,11.0111796932414
"1977",2021-05-15,"02","12  day ahead inc hosp",2021-05-27,"quantile",0.975,13.163790763111
"1978",2021-05-15,"02","12  day ahead inc hosp",2021-05-27,"quantile",0.99,16.0471611084036
"1979",2021-05-15,"02","13  day ahead inc hosp",2021-05-28,"quantile",0.01,0.338783668051927
"1980",2021-05-15,"02","13  day ahead inc hosp",2021-05-28,"quantile",0.025,0.550107008539168
"1981",2021-05-15,"02","13  day ahead inc hosp",2021-05-28,"quantile",0.05,0.800036688250982
"1982",2021-05-15,"02","13  day ahead inc hosp",2021-05-28,"quantile",0.1,1.1844062487777
"1983",2021-05-15,"02","13  day ahead inc hosp",2021-05-28,"quantile",0.15,1.51248696386103
"1984",2021-05-15,"02","13  day ahead inc hosp",2021-05-28,"quantile",0.2,1.81840432973858
"1985",2021-05-15,"02","13  day ahead inc hosp",2021-05-28,"quantile",0.25,2.11594053862575
"1986",2021-05-15,"02","13  day ahead inc hosp",2021-05-28,"quantile",0.3,2.4129756077022
"1987",2021-05-15,"02","13  day ahead inc hosp",2021-05-28,"quantile",0.35,2.71516284547639
"1988",2021-05-15,"02","13  day ahead inc hosp",2021-05-28,"quantile",0.4,3.02734136548876
"1989",2021-05-15,"02","13  day ahead inc hosp",2021-05-28,"quantile",0.45,3.35427742726218
"1990",2021-05-15,"02","13  day ahead inc hosp",2021-05-28,"quantile",0.5,3.70120487069061
"1991",2021-05-15,"02","13  day ahead inc hosp",2021-05-28,"quantile",0.55,4.07437254641515
"1992",2021-05-15,"02","13  day ahead inc hosp",2021-05-28,"quantile",0.6,4.48175922048453
"1993",2021-05-15,"02","13  day ahead inc hosp",2021-05-28,"quantile",0.65,4.93417328793742
"1994",2021-05-15,"02","13  day ahead inc hosp",2021-05-28,"quantile",0.7,5.44714553673466
"1995",2021-05-15,"02","13  day ahead inc hosp",2021-05-28,"quantile",0.75,6.04452710206114
"1996",2021-05-15,"02","13  day ahead inc hosp",2021-05-28,"quantile",0.8,6.76614485469287
"1997",2021-05-15,"02","13  day ahead inc hosp",2021-05-28,"quantile",0.85,7.68673786226148
"1998",2021-05-15,"02","13  day ahead inc hosp",2021-05-28,"quantile",0.9,8.9748869790732
"1999",2021-05-15,"02","13  day ahead inc hosp",2021-05-28,"quantile",0.95,11.1736886155662
"2000",2021-05-15,"02","13  day ahead inc hosp",2021-05-28,"quantile",0.975,13.3880806179962
"2001",2021-05-15,"02","13  day ahead inc hosp",2021-05-28,"quantile",0.99,16.359361851946
"2002",2021-05-15,"02","14  day ahead inc hosp",2021-05-29,"quantile",0.01,0.402850403310488
"2003",2021-05-15,"02","14  day ahead inc hosp",2021-05-29,"quantile",0.025,0.646373640581503
"2004",2021-05-15,"02","14  day ahead inc hosp",2021-05-29,"quantile",0.05,0.932266375357706
"2005",2021-05-15,"02","14  day ahead inc hosp",2021-05-29,"quantile",0.1,1.36927712628298
"2006",2021-05-15,"02","14  day ahead inc hosp",2021-05-29,"quantile",0.15,1.74060483592322
"2007",2021-05-15,"02","14  day ahead inc hosp",2021-05-29,"quantile",0.2,2.08584677351301
"2008",2021-05-15,"02","14  day ahead inc hosp",2021-05-29,"quantile",0.25,2.42090148424112
"2009",2021-05-15,"02","14  day ahead inc hosp",2021-05-29,"quantile",0.3,2.75480176049564
"2010",2021-05-15,"02","14  day ahead inc hosp",2021-05-29,"quantile",0.35,3.09398182861154
"2011",2021-05-15,"02","14  day ahead inc hosp",2021-05-29,"quantile",0.4,3.4439095532451
"2012",2021-05-15,"02","14  day ahead inc hosp",2021-05-29,"quantile",0.45,3.80993629441477
"2013",2021-05-15,"02","14  day ahead inc hosp",2021-05-29,"quantile",0.5,4.19790931795932
"2014",2021-05-15,"02","14  day ahead inc hosp",2021-05-29,"quantile",0.55,4.61478516385565
"2015",2021-05-15,"02","14  day ahead inc hosp",2021-05-29,"quantile",0.6,5.06942479888595
"2016",2021-05-15,"02","14  day ahead inc hosp",2021-05-29,"quantile",0.65,5.5738122748757
"2017",2021-05-15,"02","14  day ahead inc hosp",2021-05-29,"quantile",0.7,6.14514867531801
"2018",2021-05-15,"02","14  day ahead inc hosp",2021-05-29,"quantile",0.75,6.8098292248702
"2019",2021-05-15,"02","14  day ahead inc hosp",2021-05-29,"quantile",0.8,7.61190119946313
"2020",2021-05-15,"02","14  day ahead inc hosp",2021-05-29,"quantile",0.85,8.63397694425124
"2021",2021-05-15,"02","14  day ahead inc hosp",2021-05-29,"quantile",0.9,10.0622857214258
"2022",2021-05-15,"02","14  day ahead inc hosp",2021-05-29,"quantile",0.95,12.4963220792567
"2023",2021-05-15,"02","14  day ahead inc hosp",2021-05-29,"quantile",0.975,14.9435679803549
"2024",2021-05-15,"02","14  day ahead inc hosp",2021-05-29,"quantile",0.99,18.2223249425575
"2025",2021-05-15,"02","15  day ahead inc hosp",2021-05-30,"quantile",0.01,0.367267720290845
"2026",2021-05-15,"02","15  day ahead inc hosp",2021-05-30,"quantile",0.025,0.595825003448735
"2027",2021-05-15,"02","15  day ahead inc hosp",2021-05-30,"quantile",0.05,0.865987630271061
"2028",2021-05-15,"02","15  day ahead inc hosp",2021-05-30,"quantile",0.1,1.28128481779764
"2029",2021-05-15,"02","15  day ahead inc hosp",2021-05-30,"quantile",0.15,1.63564426707428
"2030",2021-05-15,"02","15  day ahead inc hosp",2021-05-30,"quantile",0.2,1.96599385024814
"2031",2021-05-15,"02","15  day ahead inc hosp",2021-05-30,"quantile",0.25,2.28724094211889
"2032",2021-05-15,"02","15  day ahead inc hosp",2021-05-30,"quantile",0.3,2.60790482134146
"2033",2021-05-15,"02","15  day ahead inc hosp",2021-05-30,"quantile",0.35,2.93409413490584
"2034",2021-05-15,"02","15  day ahead inc hosp",2021-05-30,"quantile",0.4,3.2710349263366
"2035",2021-05-15,"02","15  day ahead inc hosp",2021-05-30,"quantile",0.45,3.62387212044217
"2036",2021-05-15,"02","15  day ahead inc hosp",2021-05-30,"quantile",0.5,3.99825329410157
"2037",2021-05-15,"02","15  day ahead inc hosp",2021-05-30,"quantile",0.55,4.40091950692713
"2038",2021-05-15,"02","15  day ahead inc hosp",2021-05-30,"quantile",0.6,4.84047646519082
"2039",2021-05-15,"02","15  day ahead inc hosp",2021-05-30,"quantile",0.65,5.32858045585105
"2040",2021-05-15,"02","15  day ahead inc hosp",2021-05-30,"quantile",0.7,5.88197925514775
"2041",2021-05-15,"02","15  day ahead inc hosp",2021-05-30,"quantile",0.75,6.52639145643971
"2042",2021-05-15,"02","15  day ahead inc hosp",2021-05-30,"quantile",0.8,7.30476023596742
"2043",2021-05-15,"02","15  day ahead inc hosp",2021-05-30,"quantile",0.85,8.29766934940109
"2044",2021-05-15,"02","15  day ahead inc hosp",2021-05-30,"quantile",0.9,9.68687490770751
"2045",2021-05-15,"02","15  day ahead inc hosp",2021-05-30,"quantile",0.95,12.0578853756841
"2046",2021-05-15,"02","15  day ahead inc hosp",2021-05-30,"quantile",0.975,14.4454150763237
"2047",2021-05-15,"02","15  day ahead inc hosp",2021-05-30,"quantile",0.99,17.6486543525225
"2048",2021-05-15,"02","16  day ahead inc hosp",2021-05-31,"quantile",0.01,0.346966283421653
"2049",2021-05-15,"02","16  day ahead inc hosp",2021-05-31,"quantile",0.025,0.570475734012366
"2050",2021-05-15,"02","16  day ahead inc hosp",2021-05-31,"quantile",0.05,0.836862148992223
"2051",2021-05-15,"02","16  day ahead inc hosp",2021-05-31,"quantile",0.1,1.24913748309409
"2052",2021-05-15,"02","16  day ahead inc hosp",2021-05-31,"quantile",0.15,1.60268970708019
"2053",2021-05-15,"02","16  day ahead inc hosp",2021-05-31,"quantile",0.2,1.93334440737758
"2054",2021-05-15,"02","16  day ahead inc hosp",2021-05-31,"quantile",0.25,2.25566098955105
"2055",2021-05-15,"02","16  day ahead inc hosp",2021-05-31,"quantile",0.3,2.57801993785042
"2056",2021-05-15,"02","16  day ahead inc hosp",2021-05-31,"quantile",0.35,2.90647903813975
"2057",2021-05-15,"02","16  day ahead inc hosp",2021-05-31,"quantile",0.4,3.24626286391222
"2058",2021-05-15,"02","16  day ahead inc hosp",2021-05-31,"quantile",0.45,3.60255118617578
"2059",2021-05-15,"02","16  day ahead inc hosp",2021-05-31,"quantile",0.5,3.98106076146316
"2060",2021-05-15,"02","16  day ahead inc hosp",2021-05-31,"quantile",0.55,4.38864154603206
"2061",2021-05-15,"02","16  day ahead inc hosp",2021-05-31,"quantile",0.6,4.83406111629756
"2062",2021-05-15,"02","16  day ahead inc hosp",2021-05-31,"quantile",0.65,5.32921577987103
"2063",2021-05-15,"02","16  day ahead inc hosp",2021-05-31,"quantile",0.7,5.89121859109073
"2064",2021-05-15,"02","16  day ahead inc hosp",2021-05-31,"quantile",0.75,6.54637173244672
"2065",2021-05-15,"02","16  day ahead inc hosp",2021-05-31,"quantile",0.8,7.33862281445029
"2066",2021-05-15,"02","16  day ahead inc hosp",2021-05-31,"quantile",0.85,8.35049117332745
"2067",2021-05-15,"02","16  day ahead inc hosp",2021-05-31,"quantile",0.9,9.76821898389055
"2068",2021-05-15,"02","16  day ahead inc hosp",2021-05-31,"quantile",0.95,12.1922657597026
"2069",2021-05-15,"02","16  day ahead inc hosp",2021-05-31,"quantile",0.975,14.6376088178463
"2070",2021-05-15,"02","16  day ahead inc hosp",2021-05-31,"quantile",0.99,17.9238347087657
"2071",2021-05-15,"02","17  day ahead inc hosp",2021-06-01,"quantile",0.01,0.326554023897615
"2072",2021-05-15,"02","17  day ahead inc hosp",2021-06-01,"quantile",0.025,0.544674903494318
"2073",2021-05-15,"02","17  day ahead inc hosp",2021-06-01,"quantile",0.05,0.806942019273892
"2074",2021-05-15,"02","17  day ahead inc hosp",2021-06-01,"quantile",0.1,1.21577504482
"2075",2021-05-15,"02","17  day ahead inc hosp",2021-06-01,"quantile",0.15,1.56824389511801
"2076",2021-05-15,"02","17  day ahead inc hosp",2021-06-01,"quantile",0.2,1.8990021126046
"2077",2021-05-15,"02","17  day ahead inc hosp",2021-06-01,"quantile",0.25,2.22223611523976
"2078",2021-05-15,"02","17  day ahead inc hosp",2021-06-01,"quantile",0.3,2.5461760365701
"2079",2021-05-15,"02","17  day ahead inc hosp",2021-06-01,"quantile",0.35,2.87682306335566
"2080",2021-05-15,"02","17  day ahead inc hosp",2021-06-01,"quantile",0.4,3.21939774687009
"2081",2021-05-15,"02","17  day ahead inc hosp",2021-06-01,"quantile",0.45,3.57911431237157
"2082",2021-05-15,"02","17  day ahead inc hosp",2021-06-01,"quantile",0.5,3.96176013006453
"2083",2021-05-15,"02","17  day ahead inc hosp",2021-06-01,"quantile",0.55,4.3742973967551
"2084",2021-05-15,"02","17  day ahead inc hosp",2021-06-01,"quantile",0.6,4.82566128897047
"2085",2021-05-15,"02","17  day ahead inc hosp",2021-06-01,"quantile",0.65,5.32799727470073
"2086",2021-05-15,"02","17  day ahead inc hosp",2021-06-01,"quantile",0.7,5.8987982398108
"2087",2021-05-15,"02","17  day ahead inc hosp",2021-06-01,"quantile",0.75,6.56497397836005
"2088",2021-05-15,"02","17  day ahead inc hosp",2021-06-01,"quantile",0.8,7.37151901302373
"2089",2021-05-15,"02","17  day ahead inc hosp",2021-06-01,"quantile",0.85,8.40297222754353
"2090",2021-05-15,"02","17  day ahead inc hosp",2021-06-01,"quantile",0.9,9.8502618280739
"2091",2021-05-15,"02","17  day ahead inc hosp",2021-06-01,"quantile",0.95,12.3294878432444
"2092",2021-05-15,"02","17  day ahead inc hosp",2021-06-01,"quantile",0.975,14.8351861376064
"2093",2021-05-15,"02","17  day ahead inc hosp",2021-06-01,"quantile",0.99,18.2082951732266
"2094",2021-05-15,"02","18  day ahead inc hosp",2021-06-02,"quantile",0.01,0.308420499845449
"2095",2021-05-15,"02","18  day ahead inc hosp",2021-06-02,"quantile",0.025,0.521934740209285
"2096",2021-05-15,"02","18  day ahead inc hosp",2021-06-02,"quantile",0.05,0.780949985217292
"2097",2021-05-15,"02","18  day ahead inc hosp",2021-06-02,"quantile",0.1,1.18763305856969
"2098",2021-05-15,"02","18  day ahead inc hosp",2021-06-02,"quantile",0.15,1.54010979056167
"2099",2021-05-15,"02","18  day ahead inc hosp",2021-06-02,"quantile",0.2,1.87198858698733
"2100",2021-05-15,"02","18  day ahead inc hosp",2021-06-02,"quantile",0.25,2.19713209280828
"2101",2021-05-15,"02","18  day ahead inc hosp",2021-06-02,"quantile",0.3,2.52364776981204
"2102",2021-05-15,"02","18  day ahead inc hosp",2021-06-02,"quantile",0.35,2.85750002225068
"2103",2021-05-15,"02","18  day ahead inc hosp",2021-06-02,"quantile",0.4,3.20392246352308
"2104",2021-05-15,"02","18  day ahead inc hosp",2021-06-02,"quantile",0.45,3.56818079286117
"2105",2021-05-15,"02","18  day ahead inc hosp",2021-06-02,"quantile",0.5,3.95615190573745
"2106",2021-05-15,"02","18  day ahead inc hosp",2021-06-02,"quantile",0.55,4.37493305435443
"2107",2021-05-15,"02","18  day ahead inc hosp",2021-06-02,"quantile",0.6,4.83365639597472
"2108",2021-05-15,"02","18  day ahead inc hosp",2021-06-02,"quantile",0.65,5.34475663823067
"2109",2021-05-15,"02","18  day ahead inc hosp",2021-06-02,"quantile",0.7,5.92616443171402
"2110",2021-05-15,"02","18  day ahead inc hosp",2021-06-02,"quantile",0.75,6.60548663142288
"2111",2021-05-15,"02","18  day ahead inc hosp",2021-06-02,"quantile",0.8,7.4289148261529
"2112",2021-05-15,"02","18  day ahead inc hosp",2021-06-02,"quantile",0.85,8.48329082421276
"2113",2021-05-15,"02","18  day ahead inc hosp",2021-06-02,"quantile",0.9,9.96487233720698
"2114",2021-05-15,"02","18  day ahead inc hosp",2021-06-02,"quantile",0.95,12.5074921452555
"2115",2021-05-15,"02","18  day ahead inc hosp",2021-06-02,"quantile",0.975,15.0819720000043
"2116",2021-05-15,"02","18  day ahead inc hosp",2021-06-02,"quantile",0.99,18.5534739286541
"2117",2021-05-15,"02","19  day ahead inc hosp",2021-06-03,"quantile",0.01,0.291298142170642
"2118",2021-05-15,"02","19  day ahead inc hosp",2021-06-03,"quantile",0.025,0.500266329348699
"2119",2021-05-15,"02","19  day ahead inc hosp",2021-06-03,"quantile",0.05,0.75605249040887
"2120",2021-05-15,"02","19  day ahead inc hosp",2021-06-03,"quantile",0.1,1.16058953226554
"2121",2021-05-15,"02","19  day ahead inc hosp",2021-06-03,"quantile",0.15,1.51307235995792
"2122",2021-05-15,"02","19  day ahead inc hosp",2021-06-03,"quantile",0.2,1.84607363533897
"2123",2021-05-15,"02","19  day ahead inc hosp",2021-06-03,"quantile",0.25,2.17313435806701
"2124",2021-05-15,"02","19  day ahead inc hosp",2021-06-03,"quantile",0.3,2.50224030622682
"2125",2021-05-15,"02","19  day ahead inc hosp",2021-06-03,"quantile",0.35,2.83931995781728
"2126",2021-05-15,"02","19  day ahead inc hosp",2021-06-03,"quantile",0.4,3.18962100656061
"2127",2021-05-15,"02","19  day ahead inc hosp",2021-06-03,"quantile",0.45,3.55846196288792
"2128",2021-05-15,"02","19  day ahead inc hosp",2021-06-03,"quantile",0.5,3.95181105953197
"2129",2021-05-15,"02","19  day ahead inc hosp",2021-06-03,"quantile",0.55,4.37690310708181
"2130",2021-05-15,"02","19  day ahead inc hosp",2021-06-03,"quantile",0.6,4.84307078017725
"2131",2021-05-15,"02","19  day ahead inc hosp",2021-06-03,"quantile",0.65,5.36304317961894
"2132",2021-05-15,"02","19  day ahead inc hosp",2021-06-03,"quantile",0.7,5.95519655219284
"2133",2021-05-15,"02","19  day ahead inc hosp",2021-06-03,"quantile",0.75,6.6478474155175
"2134",2021-05-15,"02","19  day ahead inc hosp",2021-06-03,"quantile",0.8,7.48840638714664
"2135",2021-05-15,"02","19  day ahead inc hosp",2021-06-03,"quantile",0.85,8.56606123922749
"2136",2021-05-15,"02","19  day ahead inc hosp",2021-06-03,"quantile",0.9,10.0825011078088
"2137",2021-05-15,"02","19  day ahead inc hosp",2021-06-03,"quantile",0.95,12.6896414166681
"2138",2021-05-15,"02","19  day ahead inc hosp",2021-06-03,"quantile",0.975,15.3342109650457
"2139",2021-05-15,"02","19  day ahead inc hosp",2021-06-03,"quantile",0.99,18.9060892714843
"2140",2021-05-15,"02","20  day ahead inc hosp",2021-06-04,"quantile",0.01,0.275132202057739
"2141",2021-05-15,"02","20  day ahead inc hosp",2021-06-04,"quantile",0.025,0.479607061693926
"2142",2021-05-15,"02","20  day ahead inc hosp",2021-06-04,"quantile",0.05,0.732173121595448
"2143",2021-05-15,"02","20  day ahead inc hosp",2021-06-04,"quantile",0.1,1.13454048682954
"2144",2021-05-15,"02","20  day ahead inc hosp",2021-06-04,"quantile",0.15,1.48699988288665
"2145",2021-05-15,"02","20  day ahead inc hosp",2021-06-04,"quantile",0.2,1.82109710855692
"2146",2021-05-15,"02","20  day ahead inc hosp",2021-06-04,"quantile",0.25,2.15005323070969
"2147",2021-05-15,"02","20  day ahead inc hosp",2021-06-04,"quantile",0.3,2.48173295556557
"2148",2021-05-15,"02","20  day ahead inc hosp",2021-06-04,"quantile",0.35,2.8220293058008
"2149",2021-05-15,"02","20  day ahead inc hosp",2021-06-04,"quantile",0.4,3.17620464310498
"2150",2021-05-15,"02","20  day ahead inc hosp",2021-06-04,"quantile",0.45,3.54963111497544
"2151",2021-05-15,"02","20  day ahead inc hosp",2021-06-04,"quantile",0.5,3.94836946743147
"2152",2021-05-15,"02","20  day ahead inc hosp",2021-06-04,"quantile",0.55,4.37979374988116
"2153",2021-05-15,"02","20  day ahead inc hosp",2021-06-04,"quantile",0.6,4.85343958602442
"2154",2021-05-15,"02","20  day ahead inc hosp",2021-06-04,"quantile",0.65,5.38233407721698
"2155",2021-05-15,"02","20  day ahead inc hosp",2021-06-04,"quantile",0.7,5.98530462840323
"2156",2021-05-15,"02","20  day ahead inc hosp",2021-06-04,"quantile",0.75,6.69138648415534
"2157",2021-05-15,"02","20  day ahead inc hosp",2021-06-04,"quantile",0.8,7.54922527968665
"2158",2021-05-15,"02","20  day ahead inc hosp",2021-06-04,"quantile",0.85,8.65038646984061
"2159",2021-05-15,"02","20  day ahead inc hosp",2021-06-04,"quantile",0.9,10.2020667454584
"2160",2021-05-15,"02","20  day ahead inc hosp",2021-06-04,"quantile",0.95,12.8745299522248
"2161",2021-05-15,"02","20  day ahead inc hosp",2021-06-04,"quantile",0.975,15.5901612550013
"2162",2021-05-15,"02","20  day ahead inc hosp",2021-06-04,"quantile",0.99,19.263937138525
"2163",2021-05-15,"02","21  day ahead inc hosp",2021-06-05,"quantile",0.01,0.259837510354591
"2164",2021-05-15,"02","21  day ahead inc hosp",2021-06-05,"quantile",0.025,0.459851899192265
"2165",2021-05-15,"02","21  day ahead inc hosp",2021-06-05,"quantile",0.05,0.709181926566598
"2166",2021-05-15,"02","21  day ahead inc hosp",2021-06-05,"quantile",0.1,1.10931526038324
"2167",2021-05-15,"02","21  day ahead inc hosp",2021-06-05,"quantile",0.15,1.4616852518016
"2168",2021-05-15,"02","21  day ahead inc hosp",2021-06-05,"quantile",0.2,1.79681685782073
"2169",2021-05-15,"02","21  day ahead inc hosp",2021-06-05,"quantile",0.25,2.12761169892632
"2170",2021-05-15,"02","21  day ahead inc hosp",2021-06-05,"quantile",0.3,2.46181326675328
"2171",2021-05-15,"02","21  day ahead inc hosp",2021-06-05,"quantile",0.35,2.80527901204694
"2172",2021-05-15,"02","21  day ahead inc hosp",2021-06-05,"quantile",0.4,3.1632860082977
"2173",2021-05-15,"02","21  day ahead inc hosp",2021-06-05,"quantile",0.45,3.54126029468355
"2174",2021-05-15,"02","21  day ahead inc hosp",2021-06-05,"quantile",0.5,3.94535564882213
"2175",2021-05-15,"02","21  day ahead inc hosp",2021-06-05,"quantile",0.55,4.38308622831562
"2176",2021-05-15,"02","21  day ahead inc hosp",2021-06-05,"quantile",0.6,4.86419197986178
"2177",2021-05-15,"02","21  day ahead inc hosp",2021-06-05,"quantile",0.65,5.40200016015303
"2178",2021-05-15,"02","21  day ahead inc hosp",2021-06-05,"quantile",0.7,6.0157927882388
"2179",2021-05-15,"02","21  day ahead inc hosp",2021-06-05,"quantile",0.75,6.73532964599157
"2180",2021-05-15,"02","21  day ahead inc hosp",2021-06-05,"quantile",0.8,7.61050191740342
"2181",2021-05-15,"02","21  day ahead inc hosp",2021-06-05,"quantile",0.85,8.73527417913318
"2182",2021-05-15,"02","21  day ahead inc hosp",2021-06-05,"quantile",0.9,10.3224035378047
"2183",2021-05-15,"02","21  day ahead inc hosp",2021-06-05,"quantile",0.95,13.0606927553926
"2184",2021-05-15,"02","21  day ahead inc hosp",2021-06-05,"quantile",0.975,15.8480533017301
"2185",2021-05-15,"02","21  day ahead inc hosp",2021-06-05,"quantile",0.99,19.6248356900229
"2186",2021-05-15,"02","22  day ahead inc hosp",2021-06-06,"quantile",0.01,0.253475800922949
"2187",2021-05-15,"02","22  day ahead inc hosp",2021-06-06,"quantile",0.025,0.453521553637068
"2188",2021-05-15,"02","22  day ahead inc hosp",2021-06-06,"quantile",0.05,0.7045399308385
"2189",2021-05-15,"02","22  day ahead inc hosp",2021-06-06,"quantile",0.1,1.10950324395239
"2190",2021-05-15,"02","22  day ahead inc hosp",2021-06-06,"quantile",0.15,1.46748174087325
"2191",2021-05-15,"02","22  day ahead inc hosp",2021-06-06,"quantile",0.2,1.80875936631434
"2192",2021-05-15,"02","22  day ahead inc hosp",2021-06-06,"quantile",0.25,2.14621578261077
"2193",2021-05-15,"02","22  day ahead inc hosp",2021-06-06,"quantile",0.3,2.48763213318364
"2194",2021-05-15,"02","22  day ahead inc hosp",2021-06-06,"quantile",0.35,2.83893501138441
"2195",2021-05-15,"02","22  day ahead inc hosp",2021-06-06,"quantile",0.4,3.20549775864286
"2196",2021-05-15,"02","22  day ahead inc hosp",2021-06-06,"quantile",0.45,3.59287362020823
"2197",2021-05-15,"02","22  day ahead inc hosp",2021-06-06,"quantile",0.5,4.00738390797225
"2198",2021-05-15,"02","22  day ahead inc hosp",2021-06-06,"quantile",0.55,4.45676670737599
"2199",2021-05-15,"02","22  day ahead inc hosp",2021-06-06,"quantile",0.6,4.95106883573553
"2200",2021-05-15,"02","22  day ahead inc hosp",2021-06-06,"quantile",0.65,5.50405252672873
"2201",2021-05-15,"02","22  day ahead inc hosp",2021-06-06,"quantile",0.7,6.13564408360719
"2202",2021-05-15,"02","22  day ahead inc hosp",2021-06-06,"quantile",0.75,6.87661455686921
"2203",2021-05-15,"02","22  day ahead inc hosp",2021-06-06,"quantile",0.8,7.77857336286596
"2204",2021-05-15,"02","22  day ahead inc hosp",2021-06-06,"quantile",0.85,8.93876078523546
"2205",2021-05-15,"02","22  day ahead inc hosp",2021-06-06,"quantile",0.9,10.5774465222041
"2206",2021-05-15,"02","22  day ahead inc hosp",2021-06-06,"quantile",0.95,13.4081566962521
"2207",2021-05-15,"02","22  day ahead inc hosp",2021-06-06,"quantile",0.975,16.2931146285309
"2208",2021-05-15,"02","22  day ahead inc hosp",2021-06-06,"quantile",0.99,20.2064807630246
"2209",2021-05-15,"02","23  day ahead inc hosp",2021-06-07,"quantile",0.01,0.23944061370852
"2210",2021-05-15,"02","23  day ahead inc hosp",2021-06-07,"quantile",0.025,0.435051063618198
"2211",2021-05-15,"02","23  day ahead inc hosp",2021-06-07,"quantile",0.05,0.682784812974538
"2212",2021-05-15,"02","23  day ahead inc hosp",2021-06-07,"quantile",0.1,1.08539093600426
"2213",2021-05-15,"02","23  day ahead inc hosp",2021-06-07,"quantile",0.15,1.44316894775181
"2214",2021-05-15,"02","23  day ahead inc hosp",2021-06-07,"quantile",0.2,1.78538525155068
"2215",2021-05-15,"02","23  day ahead inc hosp",2021-06-07,"quantile",0.25,2.12459875586808
"2216",2021-05-15,"02","23  day ahead inc hosp",2021-06-07,"quantile",0.3,2.46846836783468
"2217",2021-05-15,"02","23  day ahead inc hosp",2021-06-07,"quantile",0.35,2.82288472338687
"2218",2021-05-15,"02","23  day ahead inc hosp",2021-06-07,"quantile",0.4,3.1932361186339
"2219",2021-05-15,"02","23  day ahead inc hosp",2021-06-07,"quantile",0.45,3.58513057750459
"2220",2021-05-15,"02","23  day ahead inc hosp",2021-06-07,"quantile",0.5,4.00498407248188
"2221",2021-05-15,"02","23  day ahead inc hosp",2021-06-07,"quantile",0.55,4.46067738321533
"2222",2021-05-15,"02","23  day ahead inc hosp",2021-06-07,"quantile",0.6,4.96246559076117
"2223",2021-05-15,"02","23  day ahead inc hosp",2021-06-07,"quantile",0.65,5.52441709869358
"2224",2021-05-15,"02","23  day ahead inc hosp",2021-06-07,"quantile",0.7,6.16692225839233
"2225",2021-05-15,"02","23  day ahead inc hosp",2021-06-07,"quantile",0.75,6.9214922096133
"2226",2021-05-15,"02","23  day ahead inc hosp",2021-06-07,"quantile",0.8,7.84100958649624
"2227",2021-05-15,"02","23  day ahead inc hosp",2021-06-07,"quantile",0.85,9.02516908510264
"2228",2021-05-15,"02","23  day ahead inc hosp",2021-06-07,"quantile",0.9,10.6999344631182
"2229",2021-05-15,"02","23  day ahead inc hosp",2021-06-07,"quantile",0.95,13.597841079896
"2230",2021-05-15,"02","23  day ahead inc hosp",2021-06-07,"quantile",0.975,16.5562278983493
"2231",2021-05-15,"02","23  day ahead inc hosp",2021-06-07,"quantile",0.99,20.5753020788549
"2232",2021-05-15,"02","24  day ahead inc hosp",2021-06-08,"quantile",0.01,0.226154493238742
"2233",2021-05-15,"02","24  day ahead inc hosp",2021-06-08,"quantile",0.025,0.417368939744204
"2234",2021-05-15,"02","24  day ahead inc hosp",2021-06-08,"quantile",0.05,0.661807354880899
"2235",2021-05-15,"02","24  day ahead inc hosp",2021-06-08,"quantile",0.1,1.06199508113779
"2236",2021-05-15,"02","24  day ahead inc hosp",2021-06-08,"quantile",0.15,1.41950562352444
"2237",2021-05-15,"02","24  day ahead inc hosp",2021-06-08,"quantile",0.2,1.76259571114135
"2238",2021-05-15,"02","24  day ahead inc hosp",2021-06-08,"quantile",0.25,2.10350459759329
"2239",2021-05-15,"02","24  day ahead inc hosp",2021-06-08,"quantile",0.3,2.44976904705736
"2240",2021-05-15,"02","24  day ahead inc hosp",2021-06-08,"quantile",0.35,2.80724368791233
"2241",2021-05-15,"02","24  day ahead inc hosp",2021-06-08,"quantile",0.4,3.1813317788357
"2242",2021-05-15,"02","24  day ahead inc hosp",2021-06-08,"quantile",0.45,3.57769625986478
"2243",2021-05-15,"02","24  day ahead inc hosp",2021-06-08,"quantile",0.5,4.00284808334822
"2244",2021-05-15,"02","24  day ahead inc hosp",2021-06-08,"quantile",0.55,4.46481129485843
"2245",2021-05-15,"02","24  day ahead inc hosp",2021-06-08,"quantile",0.6,4.9740501811814
"2246",2021-05-15,"02","24  day ahead inc hosp",2021-06-08,"quantile",0.65,5.54494083888601
"2247",2021-05-15,"02","24  day ahead inc hosp",2021-06-08,"quantile",0.7,6.19834017114255
"2248",2021-05-15,"02","24  day ahead inc hosp",2021-06-08,"quantile",0.75,6.96650370737716
"2249",2021-05-15,"02","24  day ahead inc hosp",2021-06-08,"quantile",0.8,7.90359525001156
"2250",2021-05-15,"02","24  day ahead inc hosp",2021-06-08,"quantile",0.85,9.11178041006214
"2251",2021-05-15,"02","24  day ahead inc hosp",2021-06-08,"quantile",0.9,10.8227585221582
"2252",2021-05-15,"02","24  day ahead inc hosp",2021-06-08,"quantile",0.95,13.7882273142075
"2253",2021-05-15,"02","24  day ahead inc hosp",2021-06-08,"quantile",0.975,16.8205641616681
"2254",2021-05-15,"02","24  day ahead inc hosp",2021-06-08,"quantile",0.99,20.9462497783276
"2255",2021-05-15,"02","25  day ahead inc hosp",2021-06-09,"quantile",0.01,0.213577160713295
"2256",2021-05-15,"02","25  day ahead inc hosp",2021-06-09,"quantile",0.025,0.40043777793924
"2257",2021-05-15,"02","25  day ahead inc hosp",2021-06-09,"quantile",0.05,0.641573218883419
"2258",2021-05-15,"02","25  day ahead inc hosp",2021-06-09,"quantile",0.1,1.03928488382047
"2259",2021-05-15,"02","25  day ahead inc hosp",2021-06-09,"quantile",0.15,1.3964629952766
"2260",2021-05-15,"02","25  day ahead inc hosp",2021-06-09,"quantile",0.2,1.74036317854593
"2261",2021-05-15,"02","25  day ahead inc hosp",2021-06-09,"quantile",0.25,2.0829063895934
"2262",2021-05-15,"02","25  day ahead inc hosp",2021-06-09,"quantile",0.3,2.43150746083247
"2263",2021-05-15,"02","25  day ahead inc hosp",2021-06-09,"quantile",0.35,2.79198501865565
"2264",2021-05-15,"02","25  day ahead inc hosp",2021-06-09,"quantile",0.4,3.16975731308362
"2265",2021-05-15,"02","25  day ahead inc hosp",2021-06-09,"quantile",0.45,3.57054233426782
"2266",2021-05-15,"02","25  day ahead inc hosp",2021-06-09,"quantile",0.5,4.00094630907138
"2267",2021-05-15,"02","25  day ahead inc hosp",2021-06-09,"quantile",0.55,4.4691370733446
"2268",2021-05-15,"02","25  day ahead inc hosp",2021-06-09,"quantile",0.6,4.98578898546978
"2269",2021-05-15,"02","25  day ahead inc hosp",2021-06-09,"quantile",0.65,5.56558724081432
"2270",2021-05-15,"02","25  day ahead inc hosp",2021-06-09,"quantile",0.7,6.22985761571614
"2271",2021-05-15,"02","25  day ahead inc hosp",2021-06-09,"quantile",0.75,7.01160403489439
"2272",2021-05-15,"02","25  day ahead inc hosp",2021-06-09,"quantile",0.8,7.96627890840722
"2273",2021-05-15,"02","25  day ahead inc hosp",2021-06-09,"quantile",0.85,9.19853427508919
"2274",2021-05-15,"02","25  day ahead inc hosp",2021-06-09,"quantile",0.9,10.9458442627899
"2275",2021-05-15,"02","25  day ahead inc hosp",2021-06-09,"quantile",0.95,13.9792144122203
"2276",2021-05-15,"02","25  day ahead inc hosp",2021-06-09,"quantile",0.975,17.0859930552723
"2277",2021-05-15,"02","25  day ahead inc hosp",2021-06-09,"quantile",0.99,21.3191510249012
"2278",2021-05-15,"02","26  day ahead inc hosp",2021-06-10,"quantile",0.01,0.201670466393483
"2279",2021-05-15,"02","26  day ahead inc hosp",2021-06-10,"quantile",0.025,0.384222050450008
"2280",2021-05-15,"02","26  day ahead inc hosp",2021-06-10,"quantile",0.05,0.62204981502498
"2281",2021-05-15,"02","26  day ahead inc hosp",2021-06-10,"quantile",0.1,1.01723129627453
"2282",2021-05-15,"02","26  day ahead inc hosp",2021-06-10,"quantile",0.15,1.37401415289628
"2283",2021-05-15,"02","26  day ahead inc hosp",2021-06-10,"quantile",0.2,1.71866212039178
"2284",2021-05-15,"02","26  day ahead inc hosp",2021-06-10,"quantile",0.25,2.06277945564439
"2285",2021-05-15,"02","26  day ahead inc hosp",2021-06-10,"quantile",0.3,2.41365938257239
"2286",2021-05-15,"02","26  day ahead inc hosp",2021-06-10,"quantile",0.35,2.77708458559781
"2287",2021-05-15,"02","26  day ahead inc hosp",2021-06-10,"quantile",0.4,3.15848835700609
"2288",2021-05-15,"02","26  day ahead inc hosp",2021-06-10,"quantile",0.45,3.56364387083309
"2289",2021-05-15,"02","26  day ahead inc hosp",2021-06-10,"quantile",0.5,3.99925290358268
"2290",2021-05-15,"02","26  day ahead inc hosp",2021-06-10,"quantile",0.55,4.47362756578737
"2291",2021-05-15,"02","26  day ahead inc hosp",2021-06-10,"quantile",0.6,4.99765308772163
"2292",2021-05-15,"02","26  day ahead inc hosp",2021-06-10,"quantile",0.65,5.58632506728973
"2293",2021-05-15,"02","26  day ahead inc hosp",2021-06-10,"quantile",0.7,6.26144031580978
"2294",2021-05-15,"02","26  day ahead inc hosp",2021-06-10,"quantile",0.75,7.05675489982966
"2295",2021-05-15,"02","26  day ahead inc hosp",2021-06-10,"quantile",0.8,8.02901682575872
"2296",2021-05-15,"02","26  day ahead inc hosp",2021-06-10,"quantile",0.85,9.28537919814666
"2297",2021-05-15,"02","26  day ahead inc hosp",2021-06-10,"quantile",0.9,11.0691281139947
"2298",2021-05-15,"02","26  day ahead inc hosp",2021-06-10,"quantile",0.95,14.1707155310635
"2299",2021-05-15,"02","26  day ahead inc hosp",2021-06-10,"quantile",0.975,17.3524017468202
"2300",2021-05-15,"02","26  day ahead inc hosp",2021-06-10,"quantile",0.99,21.6938551415742
"2301",2021-05-15,"02","27  day ahead inc hosp",2021-06-11,"quantile",0.01,0.190398294089373
"2302",2021-05-15,"02","27  day ahead inc hosp",2021-06-11,"quantile",0.025,0.368688001003565
"2303",2021-05-15,"02","27  day ahead inc hosp",2021-06-11,"quantile",0.05,0.603206163845511
"2304",2021-05-15,"02","27  day ahead inc hosp",2021-06-11,"quantile",0.1,0.995806810072315
"2305",2021-05-15,"02","27  day ahead inc hosp",2021-06-11,"quantile",0.15,1.35213376890623
"2306",2021-05-15,"02","27  day ahead inc hosp",2021-06-11,"quantile",0.2,1.69746868396667
"2307",2021-05-15,"02","27  day ahead inc hosp",2021-06-11,"quantile",0.25,2.04310093521392
"2308",2021-05-15,"02","27  day ahead inc hosp",2021-06-11,"quantile",0.3,2.39620256676913
"2309",2021-05-15,"02","27  day ahead inc hosp",2021-06-11,"quantile",0.35,2.76252043339188
"2310",2021-05-15,"02","27  day ahead inc hosp",2021-06-11,"quantile",0.4,3.14750294301275
"2311",2021-05-15,"02","27  day ahead inc hosp",2021-06-11,"quantile",0.45,3.55697858918929
"2312",2021-05-15,"02","27  day ahead inc hosp",2021-06-11,"quantile",0.5,3.99774495746164
"2313",2021-05-15,"02","27  day ahead inc hosp",2021-06-11,"quantile",0.55,4.47825888324726
"2314",2021-05-15,"02","27  day ahead inc hosp",2021-06-11,"quantile",0.6,5.00961721179769
"2315",2021-05-15,"02","27  day ahead inc hosp",2021-06-11,"quantile",0.65,5.607127157427
"2316",2021-05-15,"02","27  day ahead inc hosp",2021-06-11,"quantile",0.7,6.29305858700304
"2317",2021-05-15,"02","27  day ahead inc hosp",2021-06-11,"quantile",0.75,7.10192322526194
"2318",2021-05-15,"02","27  day ahead inc hosp",2021-06-11,"quantile",0.8,8.09177126217434
"2319",2021-05-15,"02","27  day ahead inc hosp",2021-06-11,"quantile",0.85,9.37227072431316
"2320",2021-05-15,"02","27  day ahead inc hosp",2021-06-11,"quantile",0.9,11.1925550262657
"2321",2021-05-15,"02","27  day ahead inc hosp",2021-06-11,"quantile",0.95,14.3626550004035
"2322",2021-05-15,"02","27  day ahead inc hosp",2021-06-11,"quantile",0.975,17.6196913338668
"2323",2021-05-15,"02","27  day ahead inc hosp",2021-06-11,"quantile",0.99,22.0702291707225
"2324",2021-05-15,"02","28  day ahead inc hosp",2021-06-12,"quantile",0.01,0.179726485500785
"2325",2021-05-15,"02","28  day ahead inc hosp",2021-06-12,"quantile",0.025,0.353803582870292
"2326",2021-05-15,"02","28  day ahead inc hosp",2021-06-12,"quantile",0.05,0.585012832126491
"2327",2021-05-15,"02","28  day ahead inc hosp",2021-06-12,"quantile",0.1,0.974985369575253
"2328",2021-05-15,"02","28  day ahead inc hosp",2021-06-12,"quantile",0.15,1.33079798315883
"2329",2021-05-15,"02","28  day ahead inc hosp",2021-06-12,"quantile",0.2,1.6767605502991
"2330",2021-05-15,"02","28  day ahead inc hosp",2021-06-12,"quantile",0.25,2.02384960275296
"2331",2021-05-15,"02","28  day ahead inc hosp",2021-06-12,"quantile",0.3,2.37911653238127
"2332",2021-05-15,"02","28  day ahead inc hosp",2021-06-12,"quantile",0.35,2.74827252654578
"2333",2021-05-15,"02","28  day ahead inc hosp",2021-06-12,"quantile",0.4,3.13678120464476
"2334",2021-05-15,"02","28  day ahead inc hosp",2021-06-12,"quantile",0.45,3.55052651890544
"2335",2021-05-15,"02","28  day ahead inc hosp",2021-06-12,"quantile",0.5,3.99640211075058
"2336",2021-05-15,"02","28  day ahead inc hosp",2021-06-12,"quantile",0.55,4.48300996142056
"2337",2021-05-15,"02","28  day ahead inc hosp",2021-06-12,"quantile",0.6,5.02165922427437
"2338",2021-05-15,"02","28  day ahead inc hosp",2021-06-12,"quantile",0.65,5.6279698646958
"2339",2021-05-15,"02","28  day ahead inc hosp",2021-06-12,"quantile",0.7,6.32468670048435
"2340",2021-05-15,"02","28  day ahead inc hosp",2021-06-12,"quantile",0.75,7.14708042614563
"2341",2021-05-15,"02","28  day ahead inc hosp",2021-06-12,"quantile",0.8,8.15450964416434
"2342",2021-05-15,"02","28  day ahead inc hosp",2021-06-12,"quantile",0.85,9.45917046018435
"2343",2021-05-15,"02","28  day ahead inc hosp",2021-06-12,"quantile",0.9,11.3160773153115
"2344",2021-05-15,"02","28  day ahead inc hosp",2021-06-12,"quantile",0.95,14.5549668411402
"2345",2021-05-15,"02","28  day ahead inc hosp",2021-06-12,"quantile",0.975,17.8877750373185
"2346",2021-05-15,"02","28  day ahead inc hosp",2021-06-12,"quantile",0.99,22.4481556356625
"2347",2021-05-15,"02","29  day ahead inc hosp",2021-06-13,"quantile",0.01,0.191459723780227
"2348",2021-05-15,"02","29  day ahead inc hosp",2021-06-13,"quantile",0.025,0.376019833322491
"2349",2021-05-15,"02","29  day ahead inc hosp",2021-06-13,"quantile",0.05,0.620815467857119
"2350",2021-05-15,"02","29  day ahead inc hosp",2021-06-13,"quantile",0.1,1.03326599757338
"2351",2021-05-15,"02","29  day ahead inc hosp",2021-06-13,"quantile",0.15,1.40930745458583
"2352",2021-05-15,"02","29  day ahead inc hosp",2021-06-13,"quantile",0.2,1.774770687374
"2353",2021-05-15,"02","29  day ahead inc hosp",2021-06-13,"quantile",0.25,2.1413003555032
"2354",2021-05-15,"02","29  day ahead inc hosp",2021-06-13,"quantile",0.3,2.51636512010285
"2355",2021-05-15,"02","29  day ahead inc hosp",2021-06-13,"quantile",0.35,2.90600488502707
"2356",2021-05-15,"02","29  day ahead inc hosp",2021-06-13,"quantile",0.4,3.3159903770847
"2357",2021-05-15,"02","29  day ahead inc hosp",2021-06-13,"quantile",0.45,3.75253044746802
"2358",2021-05-15,"02","29  day ahead inc hosp",2021-06-13,"quantile",0.5,4.22289474478157
"2359",2021-05-15,"02","29  day ahead inc hosp",2021-06-13,"quantile",0.55,4.73615065568213
"2360",2021-05-15,"02","29  day ahead inc hosp",2021-06-13,"quantile",0.6,5.30421599340806
"2361",2021-05-15,"02","29  day ahead inc hosp",2021-06-13,"quantile",0.65,5.94354846723117
"2362",2021-05-15,"02","29  day ahead inc hosp",2021-06-13,"quantile",0.7,6.6781098326639
"2363",2021-05-15,"02","29  day ahead inc hosp",2021-06-13,"quantile",0.75,7.54505452990855
"2364",2021-05-15,"02","29  day ahead inc hosp",2021-06-13,"quantile",0.8,8.60690671428596
"2365",2021-05-15,"02","29  day ahead inc hosp",2021-06-13,"quantile",0.85,9.98183753359902
"2366",2021-05-15,"02","29  day ahead inc hosp",2021-06-13,"quantile",0.9,11.9384219350323
"2367",2021-05-15,"02","29  day ahead inc hosp",2021-06-13,"quantile",0.95,15.3504318551399
"2368",2021-05-15,"02","29  day ahead inc hosp",2021-06-13,"quantile",0.975,18.8606271854234
"2369",2021-05-15,"02","29  day ahead inc hosp",2021-06-13,"quantile",0.99,23.6628004696929
"2370",2021-05-15,"02","30  day ahead inc hosp",2021-06-14,"quantile",0.01,0.180977295855543
"2371",2021-05-15,"02","30  day ahead inc hosp",2021-06-14,"quantile",0.025,0.361251552726881
"2372",2021-05-15,"02","30  day ahead inc hosp",2021-06-14,"quantile",0.05,0.602651809574379
"2373",2021-05-15,"02","30  day ahead inc hosp",2021-06-14,"quantile",0.1,1.01237236190484
"2374",2021-05-15,"02","30  day ahead inc hosp",2021-06-14,"quantile",0.15,1.38784794498313
"2375",2021-05-15,"02","30  day ahead inc hosp",2021-06-14,"quantile",0.2,1.7539193069497
"2376",2021-05-15,"02","30  day ahead inc hosp",2021-06-14,"quantile",0.25,2.12191137133588
"2377",2021-05-15,"02","30  day ahead inc hosp",2021-06-14,"quantile",0.3,2.49916938485401
"2378",2021-05-15,"02","30  day ahead inc hosp",2021-06-14,"quantile",0.35,2.89169691890497
"2379",2021-05-15,"02","30  day ahead inc hosp",2021-06-14,"quantile",0.4,3.30528065584727
"2380",2021-05-15,"02","30  day ahead inc hosp",2021-06-14,"quantile",0.45,3.7461868719762
"2381",2021-05-15,"02","30  day ahead inc hosp",2021-06-14,"quantile",0.5,4.22178455019535
"2382",2021-05-15,"02","30  day ahead inc hosp",2021-06-14,"quantile",0.55,4.741291145557
"2383",2021-05-15,"02","30  day ahead inc hosp",2021-06-14,"quantile",0.6,5.31684399595489
"2384",2021-05-15,"02","30  day ahead inc hosp",2021-06-14,"quantile",0.65,5.96522424965377
"2385",2021-05-15,"02","30  day ahead inc hosp",2021-06-14,"quantile",0.7,6.71088495511768
"2386",2021-05-15,"02","30  day ahead inc hosp",2021-06-14,"quantile",0.75,7.59176584060168
"2387",2021-05-15,"02","30  day ahead inc hosp",2021-06-14,"quantile",0.8,8.6717452414158
"2388",2021-05-15,"02","30  day ahead inc hosp",2021-06-14,"quantile",0.85,10.0716116960414
"2389",2021-05-15,"02","30  day ahead inc hosp",2021-06-14,"quantile",0.9,12.066031416434
"2390",2021-05-15,"02","30  day ahead inc hosp",2021-06-14,"quantile",0.95,15.5491978328041
"2391",2021-05-15,"02","30  day ahead inc hosp",2021-06-14,"quantile",0.975,19.1378647727263
"2392",2021-05-15,"02","30  day ahead inc hosp",2021-06-14,"quantile",0.99,24.0539122075697
"2393",2021-05-15,"02","31  day ahead inc hosp",2021-06-15,"quantile",0.01,0.171039316657462
"2394",2021-05-15,"02","31  day ahead inc hosp",2021-06-15,"quantile",0.025,0.347080277528962
"2395",2021-05-15,"02","31  day ahead inc hosp",2021-06-15,"quantile",0.05,0.585089841932399
"2396",2021-05-15,"02","31  day ahead inc hosp",2021-06-15,"quantile",0.1,0.992037992106304
"2397",2021-05-15,"02","31  day ahead inc hosp",2021-06-15,"quantile",0.15,1.36689205733077
"2398",2021-05-15,"02","31  day ahead inc hosp",2021-06-15,"quantile",0.2,1.73351389460414
"2399",2021-05-15,"02","31  day ahead inc hosp",2021-06-15,"quantile",0.25,2.10291106036125
"2400",2021-05-15,"02","31  day ahead inc hosp",2021-06-15,"quantile",0.3,2.48230607096662
"2401",2021-05-15,"02","31  day ahead inc hosp",2021-06-15,"quantile",0.35,2.87766639937138
"2402",2021-05-15,"02","31  day ahead inc hosp",2021-06-15,"quantile",0.4,3.29479480160164
"2403",2021-05-15,"02","31  day ahead inc hosp",2021-06-15,"quantile",0.45,3.74001510446089
"2404",2021-05-15,"02","31  day ahead inc hosp",2021-06-15,"quantile",0.5,4.22079582544646
"2405",2021-05-15,"02","31  day ahead inc hosp",2021-06-15,"quantile",0.55,4.7465048259868
"2406",2021-05-15,"02","31  day ahead inc hosp",2021-06-15,"quantile",0.6,5.32949953170476
"2407",2021-05-15,"02","31  day ahead inc hosp",2021-06-15,"quantile",0.65,5.98688546619064
"2408",2021-05-15,"02","31  day ahead inc hosp",2021-06-15,"quantile",0.7,6.7436085594181
"2409",2021-05-15,"02","31  day ahead inc hosp",2021-06-15,"quantile",0.75,7.63839664393659
"2410",2021-05-15,"02","31  day ahead inc hosp",2021-06-15,"quantile",0.8,8.73648760529658
"2411",2021-05-15,"02","31  day ahead inc hosp",2021-06-15,"quantile",0.85,10.1612988658552
"2412",2021-05-15,"02","31  day ahead inc hosp",2021-06-15,"quantile",0.9,12.1936177367025
"2413",2021-05-15,"02","31  day ahead inc hosp",2021-06-15,"quantile",0.95,15.7481730915161
"2414",2021-05-15,"02","31  day ahead inc hosp",2021-06-15,"quantile",0.975,19.4156838952659
"2415",2021-05-15,"02","31  day ahead inc hosp",2021-06-15,"quantile",0.99,24.4462919389334
"2416",2021-05-15,"02","32  day ahead inc hosp",2021-06-16,"quantile",0.01,0.161617173794714
"2417",2021-05-15,"02","32  day ahead inc hosp",2021-06-16,"quantile",0.025,0.333478856551771
"2418",2021-05-15,"02","32  day ahead inc hosp",2021-06-16,"quantile",0.05,0.568104571805589
"2419",2021-05-15,"02","32  day ahead inc hosp",2021-06-16,"quantile",0.1,0.972240981411568
"2420",2021-05-15,"02","32  day ahead inc hosp",2021-06-16,"quantile",0.15,1.34642008838685
"2421",2021-05-15,"02","32  day ahead inc hosp",2021-06-16,"quantile",0.2,1.71353644439148
"2422",2021-05-15,"02","32  day ahead inc hosp",2021-06-16,"quantile",0.25,2.08428276719278
"2423",2021-05-15,"02","32  day ahead inc hosp",2021-06-16,"quantile",0.3,2.46575960724348
"2424",2021-05-15,"02","32  day ahead inc hosp",2021-06-16,"quantile",0.35,2.8638986164117
"2425",2021-05-15,"02","32  day ahead inc hosp",2021-06-16,"quantile",0.4,3.28451876494439
"2426",2021-05-15,"02","32  day ahead inc hosp",2021-06-16,"quantile",0.45,3.73400156384578
"2427",2021-05-15,"02","32  day ahead inc hosp",2021-06-16,"quantile",0.5,4.21991526220525
"2428",2021-05-15,"02","32  day ahead inc hosp",2021-06-16,"quantile",0.55,4.75177845093438
"2429",2021-05-15,"02","32  day ahead inc hosp",2021-06-16,"quantile",0.6,5.34216917770579
"2430",2021-05-15,"02","32  day ahead inc hosp",2021-06-16,"quantile",0.65,6.00851822974579
"2431",2021-05-15,"02","32  day ahead inc hosp",2021-06-16,"quantile",0.7,6.77626592901446
"2432",2021-05-15,"02","32  day ahead inc hosp",2021-06-16,"quantile",0.75,7.68493089848494
"2433",2021-05-15,"02","32  day ahead inc hosp",2021-06-16,"quantile",0.8,8.80111571334649
"2434",2021-05-15,"02","32  day ahead inc hosp",2021-06-16,"quantile",0.85,10.2508777168631
"2435",2021-05-15,"02","32  day ahead inc hosp",2021-06-16,"quantile",0.9,12.3211540707474
"2436",2021-05-15,"02","32  day ahead inc hosp",2021-06-16,"quantile",0.95,15.9473193330343
"2437",2021-05-15,"02","32  day ahead inc hosp",2021-06-16,"quantile",0.975,19.6940326456302
"2438",2021-05-15,"02","32  day ahead inc hosp",2021-06-16,"quantile",0.99,24.8398670591112
"2439",2021-05-15,"02","33  day ahead inc hosp",2021-06-17,"quantile",0.01,0.152683851597433
"2440",2021-05-15,"02","33  day ahead inc hosp",2021-06-17,"quantile",0.025,0.320421556583163
"2441",2021-05-15,"02","33  day ahead inc hosp",2021-06-17,"quantile",0.05,0.551672281803968
"2442",2021-05-15,"02","33  day ahead inc hosp",2021-06-17,"quantile",0.1,0.952960573168902
"2443",2021-05-15,"02","33  day ahead inc hosp",2021-06-17,"quantile",0.15,1.32641343735921
"2444",2021-05-15,"02","33  day ahead inc hosp",2021-06-17,"quantile",0.2,1.6939700433722
"2445",2021-05-15,"02","33  day ahead inc hosp",2021-06-17,"quantile",0.25,2.06601094530779
"2446",2021-05-15,"02","33  day ahead inc hosp",2021-06-17,"quantile",0.3,2.44951556707383
"2447",2021-05-15,"02","33  day ahead inc hosp",2021-06-17,"quantile",0.35,2.85038005785049
"2448",2021-05-15,"02","33  day ahead inc hosp",2021-06-17,"quantile",0.4,3.27443976443296
"2449",2021-05-15,"02","33  day ahead inc hosp",2021-06-17,"quantile",0.45,3.72813402449598
"2450",2021-05-15,"02","33  day ahead inc hosp",2021-06-17,"quantile",0.5,4.21913101392226
"2451",2021-05-15,"02","33  day ahead inc hosp",2021-06-17,"quantile",0.55,4.75710036393525
"2452",2021-05-15,"02","33  day ahead inc hosp",2021-06-17,"quantile",0.6,5.35484125382347
"2453",2021-05-15,"02","33  day ahead inc hosp",2021-06-17,"quantile",0.65,6.03011058075676
"2454",2021-05-15,"02","33  day ahead inc hosp",2021-06-17,"quantile",0.7,6.80884450029006
"2455",2021-05-15,"02","33  day ahead inc hosp",2021-06-17,"quantile",0.75,7.73135499656722
"2456",2021-05-15,"02","33  day ahead inc hosp",2021-06-17,"quantile",0.8,8.86561426825666
"2457",2021-05-15,"02","33  day ahead inc hosp",2021-06-17,"quantile",0.85,10.3403302089183
"2458",2021-05-15,"02","33  day ahead inc hosp",2021-06-17,"quantile",0.9,12.4486176112038
"2459",2021-05-15,"02","33  day ahead inc hosp",2021-06-17,"quantile",0.95,16.1466036179311
"2460",2021-05-15,"02","33  day ahead inc hosp",2021-06-17,"quantile",0.975,19.972865912135
"2461",2021-05-15,"02","33  day ahead inc hosp",2021-06-17,"quantile",0.99,25.2345737841572
"2462",2021-05-15,"02","34  day ahead inc hosp",2021-06-18,"quantile",0.01,0.144213843628567
"2463",2021-05-15,"02","34  day ahead inc hosp",2021-06-18,"quantile",0.025,0.307883988788695
"2464",2021-05-15,"02","34  day ahead inc hosp",2021-06-18,"quantile",0.05,0.535770463703663
"2465",2021-05-15,"02","34  day ahead inc hosp",2021-06-18,"quantile",0.1,0.934177094738219
"2466",2021-05-15,"02","34  day ahead inc hosp",2021-06-18,"quantile",0.15,1.30685453445269
"2467",2021-05-15,"02","34  day ahead inc hosp",2021-06-18,"quantile",0.2,1.6747987921251
"2468",2021-05-15,"02","34  day ahead inc hosp",2021-06-18,"quantile",0.25,2.04808106771308
"2469",2021-05-15,"02","34  day ahead inc hosp",2021-06-18,"quantile",0.3,2.43356056774431
"2470",2021-05-15,"02","34  day ahead inc hosp",2021-06-18,"quantile",0.35,2.83709829587666
"2471",2021-05-15,"02","34  day ahead inc hosp",2021-06-18,"quantile",0.4,3.26454615884752
"2472",2021-05-15,"02","34  day ahead inc hosp",2021-06-18,"quantile",0.45,3.72240147260268
"2473",2021-05-15,"02","34  day ahead inc hosp",2021-06-18,"quantile",0.5,4.21843253449703
"2474",2021-05-15,"02","34  day ahead inc hosp",2021-06-18,"quantile",0.55,4.76246031688347
"2475",2021-05-15,"02","34  day ahead inc hosp",2021-06-18,"quantile",0.6,5.36750561900794
"2476",2021-05-15,"02","34  day ahead inc hosp",2021-06-18,"quantile",0.65,6.05165225763076
"2477",2021-05-15,"02","34  day ahead inc hosp",2021-06-18,"quantile",0.7,6.84133360284623
"2478",2021-05-15,"02","34  day ahead inc hosp",2021-06-18,"quantile",0.75,7.77765746848104
"2479",2021-05-15,"02","34  day ahead inc hosp",2021-06-18,"quantile",0.8,8.92997042758277
"2480",2021-05-15,"02","34  day ahead inc hosp",2021-06-18,"quantile",0.85,10.4296411892137
"2481",2021-05-15,"02","34  day ahead inc hosp",2021-06-18,"quantile",0.9,12.5759890863301
"2482",2021-05-15,"02","34  day ahead inc hosp",2021-06-18,"quantile",0.95,16.3459977377865
"2483",2021-05-15,"02","34  day ahead inc hosp",2021-06-18,"quantile",0.975,20.2521446017174
"2484",2021-05-15,"02","34  day ahead inc hosp",2021-06-18,"quantile",0.99,25.6303561712861
"2485",2021-05-15,"02","35  day ahead inc hosp",2021-06-19,"quantile",0.01,0.136183067691021
"2486",2021-05-15,"02","35  day ahead inc hosp",2021-06-19,"quantile",0.025,0.295843036724568
"2487",2021-05-15,"02","35  day ahead inc hosp",2021-06-19,"quantile",0.05,0.520377753503438
"2488",2021-05-15,"02","35  day ahead inc hosp",2021-06-19,"quantile",0.1,0.91587189411106
"2489",2021-05-15,"02","35  day ahead inc hosp",2021-06-19,"quantile",0.15,1.2877267736027
"2490",2021-05-15,"02","35  day ahead inc hosp",2021-06-19,"quantile",0.2,1.65600773106214
"2491",2021-05-15,"02","35  day ahead inc hosp",2021-06-19,"quantile",0.25,2.03047954513931
"2492",2021-05-15,"02","35  day ahead inc hosp",2021-06-19,"quantile",0.3,2.41788217910788
"2493",2021-05-15,"02","35  day ahead inc hosp",2021-06-19,"quantile",0.35,2.8240418848664
"2494",2021-05-15,"02","35  day ahead inc hosp",2021-06-19,"quantile",0.4,3.25482733281676
"2495",2021-05-15,"02","35  day ahead inc hosp",2021-06-19,"quantile",0.45,3.71679397814525
"2496",2021-05-15,"02","35  day ahead inc hosp",2021-06-19,"quantile",0.5,4.21781043491478
"2497",2021-05-15,"02","35  day ahead inc hosp",2021-06-19,"quantile",0.55,4.76784930939163
"2498",2021-05-15,"02","35  day ahead inc hosp",2021-06-19,"quantile",0.6,5.3801534910095
"2499",2021-05-15,"02","35  day ahead inc hosp",2021-06-19,"quantile",0.65,6.07313449384533
"2500",2021-05-15,"02","35  day ahead inc hosp",2021-06-19,"quantile",0.7,6.87372423011628
"2501",2021-05-15,"02","35  day ahead inc hosp",2021-06-19,"quantile",0.75,7.82382872134001
"2502",2021-05-15,"02","35  day ahead inc hosp",2021-06-19,"quantile",0.8,8.99417350312086
"2503",2021-05-15,"02","35  day ahead inc hosp",2021-06-19,"quantile",0.85,10.5187980399614
"2504",2021-05-15,"02","35  day ahead inc hosp",2021-06-19,"quantile",0.9,12.7032523334317
"2505",2021-05-15,"02","35  day ahead inc hosp",2021-06-19,"quantile",0.95,16.5454776583296
"2506",2021-05-15,"02","35  day ahead inc hosp",2021-06-19,"quantile",0.975,20.5318349490022
"2507",2021-05-15,"02","35  day ahead inc hosp",2021-06-19,"quantile",0.99,26.0271652454189
"2508",2021-05-15,"02","36  day ahead inc hosp",2021-06-20,"quantile",0.01,0.131754069909032
"2509",2021-05-15,"02","36  day ahead inc hosp",2021-06-20,"quantile",0.025,0.290042912723565
"2510",2021-05-15,"02","36  day ahead inc hosp",2021-06-20,"quantile",0.05,0.514343653726297
"2511",2021-05-15,"02","36  day ahead inc hosp",2021-06-20,"quantile",0.1,0.911664520074142
"2512",2021-05-15,"02","36  day ahead inc hosp",2021-06-20,"quantile",0.15,1.28668116176413
"2513",2021-05-15,"02","36  day ahead inc hosp",2021-06-20,"quantile",0.2,1.65896579238959
"2514",2021-05-15,"02","36  day ahead inc hosp",2021-06-20,"quantile",0.25,2.03815248795728
"2515",2021-05-15,"02","36  day ahead inc hosp",2021-06-20,"quantile",0.3,2.4309604289597
"2516",2021-05-15,"02","36  day ahead inc hosp",2021-06-20,"quantile",0.35,2.84324953976327
"2517",2021-05-15,"02","36  day ahead inc hosp",2021-06-20,"quantile",0.4,3.28096162932794
"2518",2021-05-15,"02","36  day ahead inc hosp",2021-06-20,"quantile",0.45,3.75076376426886
"2519",2021-05-15,"02","36  day ahead inc hosp",2021-06-20,"quantile",0.5,4.26068173529647
"2520",2021-05-15,"02","36  day ahead inc hosp",2021-06-20,"quantile",0.55,4.82090600008649
"2521",2021-05-15,"02","36  day ahead inc hosp",2021-06-20,"quantile",0.6,5.44498455056745
"2522",2021-05-15,"02","36  day ahead inc hosp",2021-06-20,"quantile",0.65,6.15176755138607
"2523",2021-05-15,"02","36  day ahead inc hosp",2021-06-20,"quantile",0.7,6.96884327805473
"2524",2021-05-15,"02","36  day ahead inc hosp",2021-06-20,"quantile",0.75,7.93915634500568
"2525",2021-05-15,"02","36  day ahead inc hosp",2021-06-20,"quantile",0.8,9.13520970375941
"2526",2021-05-15,"02","36  day ahead inc hosp",2021-06-20,"quantile",0.85,10.6944557999859
"2527",2021-05-15,"02","36  day ahead inc hosp",2021-06-20,"quantile",0.9,12.93033536528
"2528",2021-05-15,"02","36  day ahead inc hosp",2021-06-20,"quantile",0.95,16.8670338887781
"2529",2021-05-15,"02","36  day ahead inc hosp",2021-06-20,"quantile",0.975,20.9555082585337
"2530",2021-05-15,"02","36  day ahead inc hosp",2021-06-20,"quantile",0.99,26.5966966138357
"2531",2021-05-15,"02","37  day ahead inc hosp",2021-06-21,"quantile",0.01,0.124400103430625
"2532",2021-05-15,"02","37  day ahead inc hosp",2021-06-21,"quantile",0.025,0.278761121482233
"2533",2021-05-15,"02","37  day ahead inc hosp",2021-06-21,"quantile",0.05,0.499719094006991
"2534",2021-05-15,"02","37  day ahead inc hosp",2021-06-21,"quantile",0.1,0.894065407671293
"2535",2021-05-15,"02","37  day ahead inc hosp",2021-06-21,"quantile",0.15,1.26817819665807
"2536",2021-05-15,"02","37  day ahead inc hosp",2021-06-21,"quantile",0.2,1.64071671298267
"2537",2021-05-15,"02","37  day ahead inc hosp",2021-06-21,"quantile",0.25,2.02101246235833
"2538",2021-05-15,"02","37  day ahead inc hosp",2021-06-21,"quantile",0.3,2.41566663539944
"2539",2021-05-15,"02","37  day ahead inc hosp",2021-06-21,"quantile",0.35,2.83050501593141
"2540",2021-05-15,"02","37  day ahead inc hosp",2021-06-21,"quantile",0.4,3.27148668830692
"2541",2021-05-15,"02","37  day ahead inc hosp",2021-06-21,"quantile",0.45,3.74533749017275
"2542",2021-05-15,"02","37  day ahead inc hosp",2021-06-21,"quantile",0.5,4.26018442728199
"2543",2021-05-15,"02","37  day ahead inc hosp",2021-06-21,"quantile",0.55,4.82637091851901
"2544",2021-05-15,"02","37  day ahead inc hosp",2021-06-21,"quantile",0.6,5.4576690438748
"2545",2021-05-15,"02","37  day ahead inc hosp",2021-06-21,"quantile",0.65,6.1732597451213
"2546",2021-05-15,"02","37  day ahead inc hosp",2021-06-21,"quantile",0.7,7.00123476468391
"2547",2021-05-15,"02","37  day ahead inc hosp",2021-06-21,"quantile",0.75,7.98534523787153
"2548",2021-05-15,"02","37  day ahead inc hosp",2021-06-21,"quantile",0.8,9.19948826413122
"2549",2021-05-15,"02","37  day ahead inc hosp",2021-06-21,"quantile",0.85,10.7838182747682
"2550",2021-05-15,"02","37  day ahead inc hosp",2021-06-21,"quantile",0.9,13.05808462017
"2551",2021-05-15,"02","37  day ahead inc hosp",2021-06-21,"quantile",0.95,17.0677157203601
"2552",2021-05-15,"02","37  day ahead inc hosp",2021-06-21,"quantile",0.975,21.2373864617159
"2553",2021-05-15,"02","37  day ahead inc hosp",2021-06-21,"quantile",0.99,26.997374562436
"2554",2021-05-15,"04","1  day ahead inc hosp",2021-05-16,"quantile",0.01,42.6548943193078
"2555",2021-05-15,"04","1  day ahead inc hosp",2021-05-16,"quantile",0.025,45.6855375944735
"2556",2021-05-15,"04","1  day ahead inc hosp",2021-05-16,"quantile",0.05,48.4187941263386
"2557",2021-05-15,"04","1  day ahead inc hosp",2021-05-16,"quantile",0.1,51.7202680479663
"2558",2021-05-15,"04","1  day ahead inc hosp",2021-05-16,"quantile",0.15,54.0412197120273
"2559",2021-05-15,"04","1  day ahead inc hosp",2021-05-16,"quantile",0.2,55.9408531684167
"2560",2021-05-15,"04","1  day ahead inc hosp",2021-05-16,"quantile",0.25,57.610103654037
"2561",2021-05-15,"04","1  day ahead inc hosp",2021-05-16,"quantile",0.3,59.1407289561376
"2562",2021-05-15,"04","1  day ahead inc hosp",2021-05-16,"quantile",0.35,60.5861198722367
"2563",2021-05-15,"04","1  day ahead inc hosp",2021-05-16,"quantile",0.4,61.9819988907235
"2564",2021-05-15,"04","1  day ahead inc hosp",2021-05-16,"quantile",0.45,63.3553516551202
"2565",2021-05-15,"04","1  day ahead inc hosp",2021-05-16,"quantile",0.5,64.7290891144066
"2566",2021-05-15,"04","1  day ahead inc hosp",2021-05-16,"quantile",0.55,66.125046512039
"2567",2021-05-15,"04","1  day ahead inc hosp",2021-05-16,"quantile",0.6,67.5664980344159
"2568",2021-05-15,"04","1  day ahead inc hosp",2021-05-16,"quantile",0.65,69.08098844172
"2569",2021-05-15,"04","1  day ahead inc hosp",2021-05-16,"quantile",0.7,70.704439173474
"2570",2021-05-15,"04","1  day ahead inc hosp",2021-05-16,"quantile",0.75,72.4883218181229
"2571",2021-05-15,"04","1  day ahead inc hosp",2021-05-16,"quantile",0.8,74.5142526075633
"2572",2021-05-15,"04","1  day ahead inc hosp",2021-05-16,"quantile",0.85,76.9289905153917
"2573",2021-05-15,"04","1  day ahead inc hosp",2021-05-16,"quantile",0.9,80.0501071871412
"2574",2021-05-15,"04","1  day ahead inc hosp",2021-05-16,"quantile",0.95,84.8495728936561
"2575",2021-05-15,"04","1  day ahead inc hosp",2021-05-16,"quantile",0.975,89.1843811513179
"2576",2021-05-15,"04","1  day ahead inc hosp",2021-05-16,"quantile",0.99,94.4310213791924
"2577",2021-05-15,"04","2  day ahead inc hosp",2021-05-17,"quantile",0.01,44.3592185370374
"2578",2021-05-15,"04","2  day ahead inc hosp",2021-05-17,"quantile",0.025,47.7197286906979
"2579",2021-05-15,"04","2  day ahead inc hosp",2021-05-17,"quantile",0.05,50.7596066185389
"2580",2021-05-15,"04","2  day ahead inc hosp",2021-05-17,"quantile",0.1,54.442114833576
"2581",2021-05-15,"04","2  day ahead inc hosp",2021-05-17,"quantile",0.15,57.0374633933686
"2582",2021-05-15,"04","2  day ahead inc hosp",2021-05-17,"quantile",0.2,59.1654661555884
"2583",2021-05-15,"04","2  day ahead inc hosp",2021-05-17,"quantile",0.25,61.0380805684463
"2584",2021-05-15,"04","2  day ahead inc hosp",2021-05-17,"quantile",0.3,62.7573137466018
"2585",2021-05-15,"04","2  day ahead inc hosp",2021-05-17,"quantile",0.35,64.3826229119574
"2586",2021-05-15,"04","2  day ahead inc hosp",2021-05-17,"quantile",0.4,65.953879877152
"2587",2021-05-15,"04","2  day ahead inc hosp",2021-05-17,"quantile",0.45,67.5012935560255
"2588",2021-05-15,"04","2  day ahead inc hosp",2021-05-17,"quantile",0.5,69.0506022991707
"2589",2021-05-15,"04","2  day ahead inc hosp",2021-05-17,"quantile",0.55,70.6264293687041
"2590",2021-05-15,"04","2  day ahead inc hosp",2021-05-17,"quantile",0.6,72.2551155164074
"2591",2021-05-15,"04","2  day ahead inc hosp",2021-05-17,"quantile",0.65,73.9679299276186
"2592",2021-05-15,"04","2  day ahead inc hosp",2021-05-17,"quantile",0.7,75.8057472128077
"2593",2021-05-15,"04","2  day ahead inc hosp",2021-05-17,"quantile",0.75,77.8272374312634
"2594",2021-05-15,"04","2  day ahead inc hosp",2021-05-17,"quantile",0.8,80.1255485127683
"2595",2021-05-15,"04","2  day ahead inc hosp",2021-05-17,"quantile",0.85,82.8683402356787
"2596",2021-05-15,"04","2  day ahead inc hosp",2021-05-17,"quantile",0.9,86.4187359979334
"2597",2021-05-15,"04","2  day ahead inc hosp",2021-05-17,"quantile",0.95,91.8892958607237
"2598",2021-05-15,"04","2  day ahead inc hosp",2021-05-17,"quantile",0.975,96.8409881613328
"2599",2021-05-15,"04","2  day ahead inc hosp",2021-05-17,"quantile",0.99,102.847047512518
"2600",2021-05-15,"04","3  day ahead inc hosp",2021-05-18,"quantile",0.01,43.0764094397729
"2601",2021-05-15,"04","3  day ahead inc hosp",2021-05-18,"quantile",0.025,46.5305263693076
"2602",2021-05-15,"04","3  day ahead inc hosp",2021-05-18,"quantile",0.05,49.6638835840622
"2603",2021-05-15,"04","3  day ahead inc hosp",2021-05-18,"quantile",0.1,53.4699374784483
"2604",2021-05-15,"04","3  day ahead inc hosp",2021-05-18,"quantile",0.15,56.1586660648337
"2605",2021-05-15,"04","3  day ahead inc hosp",2021-05-18,"quantile",0.2,58.3668906056667
"2606",2021-05-15,"04","3  day ahead inc hosp",2021-05-18,"quantile",0.25,60.3127007114938
"2607",2021-05-15,"04","3  day ahead inc hosp",2021-05-18,"quantile",0.3,62.101196865233
"2608",2021-05-15,"04","3  day ahead inc hosp",2021-05-18,"quantile",0.35,63.7937392235597
"2609",2021-05-15,"04","3  day ahead inc hosp",2021-05-18,"quantile",0.4,65.4315638170588
"2610",2021-05-15,"04","3  day ahead inc hosp",2021-05-18,"quantile",0.45,67.0459996495847
"2611",2021-05-15,"04","3  day ahead inc hosp",2021-05-18,"quantile",0.5,68.6638277612952
"2612",2021-05-15,"04","3  day ahead inc hosp",2021-05-18,"quantile",0.55,70.3107595345008
"2613",2021-05-15,"04","3  day ahead inc hosp",2021-05-18,"quantile",0.6,72.0143914838356
"2614",2021-05-15,"04","3  day ahead inc hosp",2021-05-18,"quantile",0.65,73.8075753685359
"2615",2021-05-15,"04","3  day ahead inc hosp",2021-05-18,"quantile",0.7,75.7333471010885
"2616",2021-05-15,"04","3  day ahead inc hosp",2021-05-18,"quantile",0.75,77.8535763513537
"2617",2021-05-15,"04","3  day ahead inc hosp",2021-05-18,"quantile",0.8,80.2666040792561
"2618",2021-05-15,"04","3  day ahead inc hosp",2021-05-18,"quantile",0.85,83.1495965478511
"2619",2021-05-15,"04","3  day ahead inc hosp",2021-05-18,"quantile",0.9,86.8865812172251
"2620",2021-05-15,"04","3  day ahead inc hosp",2021-05-18,"quantile",0.95,92.6553054647789
"2621",2021-05-15,"04","3  day ahead inc hosp",2021-05-18,"quantile",0.975,97.8873432490629
"2622",2021-05-15,"04","3  day ahead inc hosp",2021-05-18,"quantile",0.99,104.245866623515
"2623",2021-05-15,"04","4  day ahead inc hosp",2021-05-19,"quantile",0.01,42.6167029265948
"2624",2021-05-15,"04","4  day ahead inc hosp",2021-05-19,"quantile",0.025,46.2299004758715
"2625",2021-05-15,"04","4  day ahead inc hosp",2021-05-19,"quantile",0.05,49.5171031604142
"2626",2021-05-15,"04","4  day ahead inc hosp",2021-05-19,"quantile",0.1,53.521206677028
"2627",2021-05-15,"04","4  day ahead inc hosp",2021-05-19,"quantile",0.15,56.3566888844372
"2628",2021-05-15,"04","4  day ahead inc hosp",2021-05-19,"quantile",0.2,58.6894101766527
"2629",2021-05-15,"04","4  day ahead inc hosp",2021-05-19,"quantile",0.25,60.7477476795407
"2630",2021-05-15,"04","4  day ahead inc hosp",2021-05-19,"quantile",0.3,62.6419143258754
"2631",2021-05-15,"04","4  day ahead inc hosp",2021-05-19,"quantile",0.35,64.4363641398677
"2632",2021-05-15,"04","4  day ahead inc hosp",2021-05-19,"quantile",0.4,66.1745087275114
"2633",2021-05-15,"04","4  day ahead inc hosp",2021-05-19,"quantile",0.45,67.8894245904099
"2634",2021-05-15,"04","4  day ahead inc hosp",2021-05-19,"quantile",0.5,69.6094831043802
"2635",2021-05-15,"04","4  day ahead inc hosp",2021-05-19,"quantile",0.55,71.3620212115959
"2636",2021-05-15,"04","4  day ahead inc hosp",2021-05-19,"quantile",0.6,73.1764798960507
"2637",2021-05-15,"04","4  day ahead inc hosp",2021-05-19,"quantile",0.65,75.0880062393177
"2638",2021-05-15,"04","4  day ahead inc hosp",2021-05-19,"quantile",0.7,77.1427432780694
"2639",2021-05-15,"04","4  day ahead inc hosp",2021-05-19,"quantile",0.75,79.4071329361982
"2640",2021-05-15,"04","4  day ahead inc hosp",2021-05-19,"quantile",0.8,81.9869062941633
"2641",2021-05-15,"04","4  day ahead inc hosp",2021-05-19,"quantile",0.85,85.0727164171528
"2642",2021-05-15,"04","4  day ahead inc hosp",2021-05-19,"quantile",0.9,89.0781677147102
"2643",2021-05-15,"04","4  day ahead inc hosp",2021-05-19,"quantile",0.95,95.272961196657
"2644",2021-05-15,"04","4  day ahead inc hosp",2021-05-19,"quantile",0.975,100.902858325459
"2645",2021-05-15,"04","4  day ahead inc hosp",2021-05-19,"quantile",0.99,107.758485877038
"2646",2021-05-15,"04","5  day ahead inc hosp",2021-05-20,"quantile",0.01,41.2749383335491
"2647",2021-05-15,"04","5  day ahead inc hosp",2021-05-20,"quantile",0.025,45.0052243238796
"2648",2021-05-15,"04","5  day ahead inc hosp",2021-05-20,"quantile",0.05,48.4108975616832
"2649",2021-05-15,"04","5  day ahead inc hosp",2021-05-20,"quantile",0.1,52.5733257245127
"2650",2021-05-15,"04","5  day ahead inc hosp",2021-05-20,"quantile",0.15,55.529517109016
"2651",2021-05-15,"04","5  day ahead inc hosp",2021-05-20,"quantile",0.2,57.9665312997847
"2652",2021-05-15,"04","5  day ahead inc hosp",2021-05-20,"quantile",0.25,60.1204455972526
"2653",2021-05-15,"04","5  day ahead inc hosp",2021-05-20,"quantile",0.3,62.1053838317067
"2654",2021-05-15,"04","5  day ahead inc hosp",2021-05-20,"quantile",0.35,63.9882250963286
"2655",2021-05-15,"04","5  day ahead inc hosp",2021-05-20,"quantile",0.4,65.8141364500943
"2656",2021-05-15,"04","5  day ahead inc hosp",2021-05-20,"quantile",0.45,67.6176517659196
"2657",2021-05-15,"04","5  day ahead inc hosp",2021-05-20,"quantile",0.5,69.42851457652
"2658",2021-05-15,"04","5  day ahead inc hosp",2021-05-20,"quantile",0.55,71.2755085776415
"2659",2021-05-15,"04","5  day ahead inc hosp",2021-05-20,"quantile",0.6,73.1897583952476
"2660",2021-05-15,"04","5  day ahead inc hosp",2021-05-20,"quantile",0.65,75.2085461672047
"2661",2021-05-15,"04","5  day ahead inc hosp",2021-05-20,"quantile",0.7,77.3809436668707
"2662",2021-05-15,"04","5  day ahead inc hosp",2021-05-20,"quantile",0.75,79.7777420518708
"2663",2021-05-15,"04","5  day ahead inc hosp",2021-05-20,"quantile",0.8,82.5117473861058
"2664",2021-05-15,"04","5  day ahead inc hosp",2021-05-20,"quantile",0.85,85.7865882514026
"2665",2021-05-15,"04","5  day ahead inc hosp",2021-05-20,"quantile",0.9,90.044451527107
"2666",2021-05-15,"04","5  day ahead inc hosp",2021-05-20,"quantile",0.95,96.644362081955
"2667",2021-05-15,"04","5  day ahead inc hosp",2021-05-20,"quantile",0.975,102.656916307943
"2668",2021-05-15,"04","5  day ahead inc hosp",2021-05-20,"quantile",0.99,109.995741400992
"2669",2021-05-15,"04","6  day ahead inc hosp",2021-05-21,"quantile",0.01,38.813194196108
"2670",2021-05-15,"04","6  day ahead inc hosp",2021-05-21,"quantile",0.025,42.5874221179972
"2671",2021-05-15,"04","6  day ahead inc hosp",2021-05-21,"quantile",0.05,46.0480002729268
"2672",2021-05-15,"04","6  day ahead inc hosp",2021-05-21,"quantile",0.1,50.2949130714934
"2673",2021-05-15,"04","6  day ahead inc hosp",2021-05-21,"quantile",0.15,53.3217713486061
"2674",2021-05-15,"04","6  day ahead inc hosp",2021-05-21,"quantile",0.2,55.8232364439236
"2675",2021-05-15,"04","6  day ahead inc hosp",2021-05-21,"quantile",0.25,58.0385292441377
"2676",2021-05-15,"04","6  day ahead inc hosp",2021-05-21,"quantile",0.3,60.0835359965254
"2677",2021-05-15,"04","6  day ahead inc hosp",2021-05-21,"quantile",0.35,62.0263412592399
"2678",2021-05-15,"04","6  day ahead inc hosp",2021-05-21,"quantile",0.4,63.9130793982312
"2679",2021-05-15,"04","6  day ahead inc hosp",2021-05-21,"quantile",0.45,65.7791742311477
"2680",2021-05-15,"04","6  day ahead inc hosp",2021-05-21,"quantile",0.5,67.6552887161872
"2681",2021-05-15,"04","6  day ahead inc hosp",2021-05-21,"quantile",0.55,69.5712519698092
"2682",2021-05-15,"04","6  day ahead inc hosp",2021-05-21,"quantile",0.6,71.5594753724487
"2683",2021-05-15,"04","6  day ahead inc hosp",2021-05-21,"quantile",0.65,73.6589377231971
"2684",2021-05-15,"04","6  day ahead inc hosp",2021-05-21,"quantile",0.7,75.9210998339013
"2685",2021-05-15,"04","6  day ahead inc hosp",2021-05-21,"quantile",0.75,78.420363044818
"2686",2021-05-15,"04","6  day ahead inc hosp",2021-05-21,"quantile",0.8,81.2754773521225
"2687",2021-05-15,"04","6  day ahead inc hosp",2021-05-21,"quantile",0.85,84.7010724360041
"2688",2021-05-15,"04","6  day ahead inc hosp",2021-05-21,"quantile",0.9,89.1637666701895
"2689",2021-05-15,"04","6  day ahead inc hosp",2021-05-21,"quantile",0.95,96.0996582742656
"2690",2021-05-15,"04","6  day ahead inc hosp",2021-05-21,"quantile",0.975,102.436471694157
"2691",2021-05-15,"04","6  day ahead inc hosp",2021-05-21,"quantile",0.99,110.192733758794
"2692",2021-05-15,"04","7  day ahead inc hosp",2021-05-22,"quantile",0.01,37.1805507127843
"2693",2021-05-15,"04","7  day ahead inc hosp",2021-05-22,"quantile",0.025,41.0554859047008
"2694",2021-05-15,"04","7  day ahead inc hosp",2021-05-22,"quantile",0.05,44.6237814397891
"2695",2021-05-15,"04","7  day ahead inc hosp",2021-05-22,"quantile",0.1,49.0209901729676
"2696",2021-05-15,"04","7  day ahead inc hosp",2021-05-22,"quantile",0.15,52.1660847263056
"2697",2021-05-15,"04","7  day ahead inc hosp",2021-05-22,"quantile",0.2,54.7717241881672
"2698",2021-05-15,"04","7  day ahead inc hosp",2021-05-22,"quantile",0.25,57.0838805789998
"2699",2021-05-15,"04","7  day ahead inc hosp",2021-05-22,"quantile",0.3,59.2219648750775
"2700",2021-05-15,"04","7  day ahead inc hosp",2021-05-22,"quantile",0.35,61.2563141948336
"2701",2021-05-15,"04","7  day ahead inc hosp",2021-05-22,"quantile",0.4,63.2347508533153
"2702",2021-05-15,"04","7  day ahead inc hosp",2021-05-22,"quantile",0.45,65.1941532987958
"2703",2021-05-15,"04","7  day ahead inc hosp",2021-05-22,"quantile",0.5,67.1666045121231
"2704",2021-05-15,"04","7  day ahead inc hosp",2021-05-22,"quantile",0.55,69.1834782068639
"2705",2021-05-15,"04","7  day ahead inc hosp",2021-05-22,"quantile",0.6,71.2790273007506
"2706",2021-05-15,"04","7  day ahead inc hosp",2021-05-22,"quantile",0.65,73.494606939973
"2707",2021-05-15,"04","7  day ahead inc hosp",2021-05-22,"quantile",0.7,75.8849770918744
"2708",2021-05-15,"04","7  day ahead inc hosp",2021-05-22,"quantile",0.75,78.529478947731
"2709",2021-05-15,"04","7  day ahead inc hosp",2021-05-22,"quantile",0.8,81.5549455613459
"2710",2021-05-15,"04","7  day ahead inc hosp",2021-05-22,"quantile",0.85,85.1908994256581
"2711",2021-05-15,"04","7  day ahead inc hosp",2021-05-22,"quantile",0.9,89.9369053628413
"2712",2021-05-15,"04","7  day ahead inc hosp",2021-05-22,"quantile",0.95,97.3325500417835
"2713",2021-05-15,"04","7  day ahead inc hosp",2021-05-22,"quantile",0.975,104.108534472598
"2714",2021-05-15,"04","7  day ahead inc hosp",2021-05-22,"quantile",0.99,112.425146859407
"2715",2021-05-15,"04","8  day ahead inc hosp",2021-05-23,"quantile",0.01,33.3955111050803
"2716",2021-05-15,"04","8  day ahead inc hosp",2021-05-23,"quantile",0.025,37.1895823070601
"2717",2021-05-15,"04","8  day ahead inc hosp",2021-05-23,"quantile",0.05,40.703591473699
"2718",2021-05-15,"04","8  day ahead inc hosp",2021-05-23,"quantile",0.1,45.0577117901996
"2719",2021-05-15,"04","8  day ahead inc hosp",2021-05-23,"quantile",0.15,48.1866323531898
"2720",2021-05-15,"04","8  day ahead inc hosp",2021-05-23,"quantile",0.2,50.7873938920602
"2721",2021-05-15,"04","8  day ahead inc hosp",2021-05-23,"quantile",0.25,53.1013042324764
"2722",2021-05-15,"04","8  day ahead inc hosp",2021-05-23,"quantile",0.3,55.2458465334543
"2723",2021-05-15,"04","8  day ahead inc hosp",2021-05-23,"quantile",0.35,57.2904643365746
"2724",2021-05-15,"04","8  day ahead inc hosp",2021-05-23,"quantile",0.4,59.2825881805179
"2725",2021-05-15,"04","8  day ahead inc hosp",2021-05-23,"quantile",0.45,61.259006080834
"2726",2021-05-15,"04","8  day ahead inc hosp",2021-05-23,"quantile",0.5,63.251936699688
"2727",2021-05-15,"04","8  day ahead inc hosp",2021-05-23,"quantile",0.55,65.2931031234908
"2728",2021-05-15,"04","8  day ahead inc hosp",2021-05-23,"quantile",0.6,67.417355644744
"2729",2021-05-15,"04","8  day ahead inc hosp",2021-05-23,"quantile",0.65,69.6669838570757
"2730",2021-05-15,"04","8  day ahead inc hosp",2021-05-23,"quantile",0.7,72.0981981310298
"2731",2021-05-15,"04","8  day ahead inc hosp",2021-05-23,"quantile",0.75,74.7926649350577
"2732",2021-05-15,"04","8  day ahead inc hosp",2021-05-23,"quantile",0.8,77.8811966873341
"2733",2021-05-15,"04","8  day ahead inc hosp",2021-05-23,"quantile",0.85,81.6008928663936
"2734",2021-05-15,"04","8  day ahead inc hosp",2021-05-23,"quantile",0.9,86.468567876518
"2735",2021-05-15,"04","8  day ahead inc hosp",2021-05-23,"quantile",0.95,94.079768998785
"2736",2021-05-15,"04","8  day ahead inc hosp",2021-05-23,"quantile",0.975,101.078839669909
"2737",2021-05-15,"04","8  day ahead inc hosp",2021-05-23,"quantile",0.99,109.699816520637
"2738",2021-05-15,"04","9  day ahead inc hosp",2021-05-24,"quantile",0.01,36.7500333032505
"2739",2021-05-15,"04","9  day ahead inc hosp",2021-05-24,"quantile",0.025,41.0658087978249
"2740",2021-05-15,"04","9  day ahead inc hosp",2021-05-24,"quantile",0.05,45.0723317463881
"2741",2021-05-15,"04","9  day ahead inc hosp",2021-05-24,"quantile",0.1,50.0477054871679
"2742",2021-05-15,"04","9  day ahead inc hosp",2021-05-24,"quantile",0.15,53.6298208815765
"2743",2021-05-15,"04","9  day ahead inc hosp",2021-05-24,"quantile",0.2,56.6112056832947
"2744",2021-05-15,"04","9  day ahead inc hosp",2021-05-24,"quantile",0.25,59.2665601545329
"2745",2021-05-15,"04","9  day ahead inc hosp",2021-05-24,"quantile",0.3,61.7297812726712
"2746",2021-05-15,"04","9  day ahead inc hosp",2021-05-24,"quantile",0.35,64.0801275380731
"2747",2021-05-15,"04","9  day ahead inc hosp",2021-05-24,"quantile",0.4,66.371833899523
"2748",2021-05-15,"04","9  day ahead inc hosp",2021-05-24,"quantile",0.45,68.6470646138375
"2749",2021-05-15,"04","9  day ahead inc hosp",2021-05-24,"quantile",0.5,70.9428462677159
"2750",2021-05-15,"04","9  day ahead inc hosp",2021-05-24,"quantile",0.55,73.2957359193461
"2751",2021-05-15,"04","9  day ahead inc hosp",2021-05-24,"quantile",0.6,75.7459934505676
"2752",2021-05-15,"04","9  day ahead inc hosp",2021-05-24,"quantile",0.65,78.3425701634425
"2753",2021-05-15,"04","9  day ahead inc hosp",2021-05-24,"quantile",0.7,81.1506279953821
"2754",2021-05-15,"04","9  day ahead inc hosp",2021-05-24,"quantile",0.75,84.2649406220509
"2755",2021-05-15,"04","9  day ahead inc hosp",2021-05-24,"quantile",0.8,87.8374347336692
"2756",2021-05-15,"04","9  day ahead inc hosp",2021-05-24,"quantile",0.85,92.1436511788162
"2757",2021-05-15,"04","9  day ahead inc hosp",2021-05-24,"quantile",0.9,97.7845435552601
"2758",2021-05-15,"04","9  day ahead inc hosp",2021-05-24,"quantile",0.95,106.616706199324
"2759",2021-05-15,"04","9  day ahead inc hosp",2021-05-24,"quantile",0.975,114.750311384226
"2760",2021-05-15,"04","9  day ahead inc hosp",2021-05-24,"quantile",0.99,124.782779368635
"2761",2021-05-15,"04","10  day ahead inc hosp",2021-05-25,"quantile",0.01,34.8901472235957
"2762",2021-05-15,"04","10  day ahead inc hosp",2021-05-25,"quantile",0.025,39.2882565901034
"2763",2021-05-15,"04","10  day ahead inc hosp",2021-05-25,"quantile",0.05,43.3925447584845
"2764",2021-05-15,"04","10  day ahead inc hosp",2021-05-25,"quantile",0.1,48.5145521976033
"2765",2021-05-15,"04","10  day ahead inc hosp",2021-05-25,"quantile",0.15,52.2177736861207
"2766",2021-05-15,"04","10  day ahead inc hosp",2021-05-25,"quantile",0.2,55.3090011769216
"2767",2021-05-15,"04","10  day ahead inc hosp",2021-05-25,"quantile",0.25,58.0686482822586
"2768",2021-05-15,"04","10  day ahead inc hosp",2021-05-25,"quantile",0.3,60.6337572076025
"2769",2021-05-15,"04","10  day ahead inc hosp",2021-05-25,"quantile",0.35,63.0857095685642
"2770",2021-05-15,"04","10  day ahead inc hosp",2021-05-25,"quantile",0.4,65.4804268992823
"2771",2021-05-15,"04","10  day ahead inc hosp",2021-05-25,"quantile",0.45,67.8616137108527
"2772",2021-05-15,"04","10  day ahead inc hosp",2021-05-25,"quantile",0.5,70.2678799840369
"2773",2021-05-15,"04","10  day ahead inc hosp",2021-05-25,"quantile",0.55,72.7375778377102
"2774",2021-05-15,"04","10  day ahead inc hosp",2021-05-25,"quantile",0.6,75.3131733014223
"2775",2021-05-15,"04","10  day ahead inc hosp",2021-05-25,"quantile",0.65,78.0465250821445
"2776",2021-05-15,"04","10  day ahead inc hosp",2021-05-25,"quantile",0.7,81.0068893338072
"2777",2021-05-15,"04","10  day ahead inc hosp",2021-05-25,"quantile",0.75,84.2952296591147
"2778",2021-05-15,"04","10  day ahead inc hosp",2021-05-25,"quantile",0.8,88.0736718924754
"2779",2021-05-15,"04","10  day ahead inc hosp",2021-05-25,"quantile",0.85,92.6366531375728
"2780",2021-05-15,"04","10  day ahead inc hosp",2021-05-25,"quantile",0.9,98.6271503102063
"2781",2021-05-15,"04","10  day ahead inc hosp",2021-05-25,"quantile",0.95,108.034600052629
"2782",2021-05-15,"04","10  day ahead inc hosp",2021-05-25,"quantile",0.975,116.725524773089
"2783",2021-05-15,"04","10  day ahead inc hosp",2021-05-25,"quantile",0.99,127.478346143056
"2784",2021-05-15,"04","11  day ahead inc hosp",2021-05-26,"quantile",0.01,29.3045143660021
"2785",2021-05-15,"04","11  day ahead inc hosp",2021-05-26,"quantile",0.025,33.3952044846425
"2786",2021-05-15,"04","11  day ahead inc hosp",2021-05-26,"quantile",0.05,37.2435933129437
"2787",2021-05-15,"04","11  day ahead inc hosp",2021-05-26,"quantile",0.1,42.0830214439647
"2788",2021-05-15,"04","11  day ahead inc hosp",2021-05-26,"quantile",0.15,45.6046386866224
"2789",2021-05-15,"04","11  day ahead inc hosp",2021-05-26,"quantile",0.2,48.5575200335984
"2790",2021-05-15,"04","11  day ahead inc hosp",2021-05-26,"quantile",0.25,51.2031372884811
"2791",2021-05-15,"04","11  day ahead inc hosp",2021-05-26,"quantile",0.3,53.669805153831
"2792",2021-05-15,"04","11  day ahead inc hosp",2021-05-26,"quantile",0.35,56.0341095484619
"2793",2021-05-15,"04","11  day ahead inc hosp",2021-05-26,"quantile",0.4,58.3490240874776
"2794",2021-05-15,"04","11  day ahead inc hosp",2021-05-26,"quantile",0.45,60.6562897672759
"2795",2021-05-15,"04","11  day ahead inc hosp",2021-05-26,"quantile",0.5,62.9931240936262
"2796",2021-05-15,"04","11  day ahead inc hosp",2021-05-26,"quantile",0.55,65.3968382039174
"2797",2021-05-15,"04","11  day ahead inc hosp",2021-05-26,"quantile",0.6,67.9090826220584
"2798",2021-05-15,"04","11  day ahead inc hosp",2021-05-26,"quantile",0.65,70.5810499419083
"2799",2021-05-15,"04","11  day ahead inc hosp",2021-05-26,"quantile",0.7,73.4814345488069
"2800",2021-05-15,"04","11  day ahead inc hosp",2021-05-26,"quantile",0.75,76.7107254930823
"2801",2021-05-15,"04","11  day ahead inc hosp",2021-05-26,"quantile",0.8,80.4306927854701
"2802",2021-05-15,"04","11  day ahead inc hosp",2021-05-26,"quantile",0.85,84.9357166949286
"2803",2021-05-15,"04","11  day ahead inc hosp",2021-05-26,"quantile",0.9,90.8698570009394
"2804",2021-05-15,"04","11  day ahead inc hosp",2021-05-26,"quantile",0.95,100.230416051388
"2805",2021-05-15,"04","11  day ahead inc hosp",2021-05-26,"quantile",0.975,108.919169310383
"2806",2021-05-15,"04","11  day ahead inc hosp",2021-05-26,"quantile",0.99,119.718611501382
"2807",2021-05-15,"04","12  day ahead inc hosp",2021-05-27,"quantile",0.01,31.7456232089232
"2808",2021-05-15,"04","12  day ahead inc hosp",2021-05-27,"quantile",0.025,36.3308934821564
"2809",2021-05-15,"04","12  day ahead inc hosp",2021-05-27,"quantile",0.05,40.6569408321841
"2810",2021-05-15,"04","12  day ahead inc hosp",2021-05-27,"quantile",0.1,46.1117089654061
"2811",2021-05-15,"04","12  day ahead inc hosp",2021-05-27,"quantile",0.15,50.0901496455685
"2812",2021-05-15,"04","12  day ahead inc hosp",2021-05-27,"quantile",0.2,53.4313484829507
"2813",2021-05-15,"04","12  day ahead inc hosp",2021-05-27,"quantile",0.25,56.4286440299339
"2814",2021-05-15,"04","12  day ahead inc hosp",2021-05-27,"quantile",0.3,59.2262026376087
"2815",2021-05-15,"04","12  day ahead inc hosp",2021-05-27,"quantile",0.35,61.9102280325838
"2816",2021-05-15,"04","12  day ahead inc hosp",2021-05-27,"quantile",0.4,64.5404869611956
"2817",2021-05-15,"04","12  day ahead inc hosp",2021-05-27,"quantile",0.45,67.1642104112378
"2818",2021-05-15,"04","12  day ahead inc hosp",2021-05-27,"quantile",0.5,69.8236481065251
"2819",2021-05-15,"04","12  day ahead inc hosp",2021-05-27,"quantile",0.55,72.561292225774
"2820",2021-05-15,"04","12  day ahead inc hosp",2021-05-27,"quantile",0.6,75.4247100344939
"2821",2021-05-15,"04","12  day ahead inc hosp",2021-05-27,"quantile",0.65,78.4724957791777
"2822",2021-05-15,"04","12  day ahead inc hosp",2021-05-27,"quantile",0.7,81.7834040794192
"2823",2021-05-15,"04","12  day ahead inc hosp",2021-05-27,"quantile",0.75,85.4727749050142
"2824",2021-05-15,"04","12  day ahead inc hosp",2021-05-27,"quantile",0.8,89.7264443903735
"2825",2021-05-15,"04","12  day ahead inc hosp",2021-05-27,"quantile",0.85,94.8828181743836
"2826",2021-05-15,"04","12  day ahead inc hosp",2021-05-27,"quantile",0.9,101.682752558069
"2827",2021-05-15,"04","12  day ahead inc hosp",2021-05-27,"quantile",0.95,112.425512985957
"2828",2021-05-15,"04","12  day ahead inc hosp",2021-05-27,"quantile",0.975,122.413566037002
"2829",2021-05-15,"04","12  day ahead inc hosp",2021-05-27,"quantile",0.99,134.847458184825
"2830",2021-05-15,"04","13  day ahead inc hosp",2021-05-28,"quantile",0.01,31.5907803911296
"2831",2021-05-15,"04","13  day ahead inc hosp",2021-05-28,"quantile",0.025,36.4118540427881
"2832",2021-05-15,"04","13  day ahead inc hosp",2021-05-28,"quantile",0.05,40.9822450913629
"2833",2021-05-15,"04","13  day ahead inc hosp",2021-05-28,"quantile",0.1,46.7711052185337
"2834",2021-05-15,"04","13  day ahead inc hosp",2021-05-28,"quantile",0.15,51.009264003479
"2835",2021-05-15,"04","13  day ahead inc hosp",2021-05-28,"quantile",0.2,54.5779433102001
"2836",2021-05-15,"04","13  day ahead inc hosp",2021-05-28,"quantile",0.25,57.7860042568694
"2837",2021-05-15,"04","13  day ahead inc hosp",2021-05-28,"quantile",0.3,60.7856217936172
"2838",2021-05-15,"04","13  day ahead inc hosp",2021-05-28,"quantile",0.35,63.6680682887632
"2839",2021-05-15,"04","13  day ahead inc hosp",2021-05-28,"quantile",0.4,66.496876487083
"2840",2021-05-15,"04","13  day ahead inc hosp",2021-05-28,"quantile",0.45,69.3224993229041
"2841",2021-05-15,"04","13  day ahead inc hosp",2021-05-28,"quantile",0.5,72.1903139665367
"2842",2021-05-15,"04","13  day ahead inc hosp",2021-05-28,"quantile",0.55,75.1462009703264
"2843",2021-05-15,"04","13  day ahead inc hosp",2021-05-28,"quantile",0.6,78.2417577311805
"2844",2021-05-15,"04","13  day ahead inc hosp",2021-05-28,"quantile",0.65,81.5407729340389
"2845",2021-05-15,"04","13  day ahead inc hosp",2021-05-28,"quantile",0.7,85.1292104712608
"2846",2021-05-15,"04","13  day ahead inc hosp",2021-05-28,"quantile",0.75,89.1332075716477
"2847",2021-05-15,"04","13  day ahead inc hosp",2021-05-28,"quantile",0.8,93.7562797253204
"2848",2021-05-15,"04","13  day ahead inc hosp",2021-05-28,"quantile",0.85,99.3694397502007
"2849",2021-05-15,"04","13  day ahead inc hosp",2021-05-28,"quantile",0.9,106.78578307129
"2850",2021-05-15,"04","13  day ahead inc hosp",2021-05-28,"quantile",0.95,118.531987051023
"2851",2021-05-15,"04","13  day ahead inc hosp",2021-05-28,"quantile",0.975,129.482297282182
"2852",2021-05-15,"04","13  day ahead inc hosp",2021-05-28,"quantile",0.99,143.149228493939
"2853",2021-05-15,"04","14  day ahead inc hosp",2021-05-29,"quantile",0.01,29.4516119939263
"2854",2021-05-15,"04","14  day ahead inc hosp",2021-05-29,"quantile",0.025,34.2761959978402
"2855",2021-05-15,"04","14  day ahead inc hosp",2021-05-29,"quantile",0.05,38.8797765214755
"2856",2021-05-15,"04","14  day ahead inc hosp",2021-05-29,"quantile",0.1,44.7462631109339
"2857",2021-05-15,"04","14  day ahead inc hosp",2021-05-29,"quantile",0.15,49.0632615564337
"2858",2021-05-15,"04","14  day ahead inc hosp",2021-05-29,"quantile",0.2,52.7111834362667
"2859",2021-05-15,"04","14  day ahead inc hosp",2021-05-29,"quantile",0.25,55.9996889481833
"2860",2021-05-15,"04","14  day ahead inc hosp",2021-05-29,"quantile",0.3,59.0818705627801
"2861",2021-05-15,"04","14  day ahead inc hosp",2021-05-29,"quantile",0.35,62.0499393740914
"2862",2021-05-15,"04","14  day ahead inc hosp",2021-05-29,"quantile",0.4,64.968431719657
"2863",2021-05-15,"04","14  day ahead inc hosp",2021-05-29,"quantile",0.45,67.8889391360316
"2864",2021-05-15,"04","14  day ahead inc hosp",2021-05-29,"quantile",0.5,70.8582027953395
"2865",2021-05-15,"04","14  day ahead inc hosp",2021-05-29,"quantile",0.55,73.9238178519343
"2866",2021-05-15,"04","14  day ahead inc hosp",2021-05-29,"quantile",0.6,77.1396360333113
"2867",2021-05-15,"04","14  day ahead inc hosp",2021-05-29,"quantile",0.65,80.5725485444979
"2868",2021-05-15,"04","14  day ahead inc hosp",2021-05-29,"quantile",0.7,84.31301213253
"2869",2021-05-15,"04","14  day ahead inc hosp",2021-05-29,"quantile",0.75,88.4940840625742
"2870",2021-05-15,"04","14  day ahead inc hosp",2021-05-29,"quantile",0.8,93.3308337115803
"2871",2021-05-15,"04","14  day ahead inc hosp",2021-05-29,"quantile",0.85,99.2159078137125
"2872",2021-05-15,"04","14  day ahead inc hosp",2021-05-29,"quantile",0.9,107.010999677477
"2873",2021-05-15,"04","14  day ahead inc hosp",2021-05-29,"quantile",0.95,119.398291141122
"2874",2021-05-15,"04","14  day ahead inc hosp",2021-05-29,"quantile",0.975,130.987085192298
"2875",2021-05-15,"04","14  day ahead inc hosp",2021-05-29,"quantile",0.99,145.499942655189
"2876",2021-05-15,"04","15  day ahead inc hosp",2021-05-30,"quantile",0.01,28.52370331764
"2877",2021-05-15,"04","15  day ahead inc hosp",2021-05-30,"quantile",0.025,33.6303756422608
"2878",2021-05-15,"04","15  day ahead inc hosp",2021-05-30,"quantile",0.05,38.5457771474515
"2879",2021-05-15,"04","15  day ahead inc hosp",2021-05-30,"quantile",0.1,44.8606424679725
"2880",2021-05-15,"04","15  day ahead inc hosp",2021-05-30,"quantile",0.15,49.5392098542186
"2881",2021-05-15,"04","15  day ahead inc hosp",2021-05-30,"quantile",0.2,53.5111664150014
"2882",2021-05-15,"04","15  day ahead inc hosp",2021-05-30,"quantile",0.25,57.1050543343326
"2883",2021-05-15,"04","15  day ahead inc hosp",2021-05-30,"quantile",0.3,60.4840597726934
"2884",2021-05-15,"04","15  day ahead inc hosp",2021-05-30,"quantile",0.35,63.7470403702834
"2885",2021-05-15,"04","15  day ahead inc hosp",2021-05-30,"quantile",0.4,66.9636966683194
"2886",2021-05-15,"04","15  day ahead inc hosp",2021-05-30,"quantile",0.45,70.1902479012569
"2887",2021-05-15,"04","15  day ahead inc hosp",2021-05-30,"quantile",0.5,73.4781228651644
"2888",2021-05-15,"04","15  day ahead inc hosp",2021-05-30,"quantile",0.55,76.8801759849429
"2889",2021-05-15,"04","15  day ahead inc hosp",2021-05-30,"quantile",0.6,80.4566796729302
"2890",2021-05-15,"04","15  day ahead inc hosp",2021-05-30,"quantile",0.65,84.2829536956991
"2891",2021-05-15,"04","15  day ahead inc hosp",2021-05-30,"quantile",0.7,88.4612998110426
"2892",2021-05-15,"04","15  day ahead inc hosp",2021-05-30,"quantile",0.75,93.142668872988
"2893",2021-05-15,"04","15  day ahead inc hosp",2021-05-30,"quantile",0.8,98.5716131637799
"2894",2021-05-15,"04","15  day ahead inc hosp",2021-05-30,"quantile",0.85,105.195433725977
"2895",2021-05-15,"04","15  day ahead inc hosp",2021-05-30,"quantile",0.9,113.99749939937
"2896",2021-05-15,"04","15  day ahead inc hosp",2021-05-30,"quantile",0.95,128.045322885612
"2897",2021-05-15,"04","15  day ahead inc hosp",2021-05-30,"quantile",0.975,141.24748810946
"2898",2021-05-15,"04","15  day ahead inc hosp",2021-05-30,"quantile",0.99,157.852849688087
"2899",2021-05-15,"04","16  day ahead inc hosp",2021-05-31,"quantile",0.01,27.44209893685
"2900",2021-05-15,"04","16  day ahead inc hosp",2021-05-31,"quantile",0.025,32.6959315269431
"2901",2021-05-15,"04","16  day ahead inc hosp",2021-05-31,"quantile",0.05,37.7885497068211
"2902",2021-05-15,"04","16  day ahead inc hosp",2021-05-31,"quantile",0.1,44.3736975539091
"2903",2021-05-15,"04","16  day ahead inc hosp",2021-05-31,"quantile",0.15,49.2789333555101
"2904",2021-05-15,"04","16  day ahead inc hosp",2021-05-31,"quantile",0.2,53.4587906063878
"2905",2021-05-15,"04","16  day ahead inc hosp",2021-05-31,"quantile",0.25,57.2518892370894
"2906",2021-05-15,"04","16  day ahead inc hosp",2021-05-31,"quantile",0.3,60.8270624921229
"2907",2021-05-15,"04","16  day ahead inc hosp",2021-05-31,"quantile",0.35,64.2870714899094
"2908",2021-05-15,"04","16  day ahead inc hosp",2021-05-31,"quantile",0.4,67.7048056152756
"2909",2021-05-15,"04","16  day ahead inc hosp",2021-05-31,"quantile",0.45,71.1394803132692
"2910",2021-05-15,"04","16  day ahead inc hosp",2021-05-31,"quantile",0.5,74.6456831919613
"2911",2021-05-15,"04","16  day ahead inc hosp",2021-05-31,"quantile",0.55,78.2799223283165
"2912",2021-05-15,"04","16  day ahead inc hosp",2021-05-31,"quantile",0.6,82.1070277011541
"2913",2021-05-15,"04","16  day ahead inc hosp",2021-05-31,"quantile",0.65,86.2083895427268
"2914",2021-05-15,"04","16  day ahead inc hosp",2021-05-31,"quantile",0.7,90.694923715936
"2915",2021-05-15,"04","16  day ahead inc hosp",2021-05-31,"quantile",0.75,95.7306797301951
"2916",2021-05-15,"04","16  day ahead inc hosp",2021-05-31,"quantile",0.8,101.581894867651
"2917",2021-05-15,"04","16  day ahead inc hosp",2021-05-31,"quantile",0.85,108.736223516446
"2918",2021-05-15,"04","16  day ahead inc hosp",2021-05-31,"quantile",0.9,118.267202976807
"2919",2021-05-15,"04","16  day ahead inc hosp",2021-05-31,"quantile",0.95,133.529177659244
"2920",2021-05-15,"04","16  day ahead inc hosp",2021-05-31,"quantile",0.975,147.922881755085
"2921",2021-05-15,"04","16  day ahead inc hosp",2021-05-31,"quantile",0.99,166.08772097263
"2922",2021-05-15,"04","17  day ahead inc hosp",2021-06-01,"quantile",0.01,25.7892861867107
"2923",2021-05-15,"04","17  day ahead inc hosp",2021-06-01,"quantile",0.025,31.0819433126535
"2924",2021-05-15,"04","17  day ahead inc hosp",2021-06-01,"quantile",0.05,36.2516864829588
"2925",2021-05-15,"04","17  day ahead inc hosp",2021-06-01,"quantile",0.1,42.9839988863662
"2926",2021-05-15,"04","17  day ahead inc hosp",2021-06-01,"quantile",0.15,48.0283123116022
"2927",2021-05-15,"04","17  day ahead inc hosp",2021-06-01,"quantile",0.2,52.3439421855257
"2928",2021-05-15,"04","17  day ahead inc hosp",2021-06-01,"quantile",0.25,56.2726495201921
"2929",2021-05-15,"04","17  day ahead inc hosp",2021-06-01,"quantile",0.3,59.9855555898344
"2930",2021-05-15,"04","17  day ahead inc hosp",2021-06-01,"quantile",0.35,63.5873606135097
"2931",2021-05-15,"04","17  day ahead inc hosp",2021-06-01,"quantile",0.4,67.1528247189277
"2932",2021-05-15,"04","17  day ahead inc hosp",2021-06-01,"quantile",0.45,70.7431632096058
"2933",2021-05-15,"04","17  day ahead inc hosp",2021-06-01,"quantile",0.5,74.4152780820496
"2934",2021-05-15,"04","17  day ahead inc hosp",2021-06-01,"quantile",0.55,78.2285294888333
"2935",2021-05-15,"04","17  day ahead inc hosp",2021-06-01,"quantile",0.6,82.2514553838102
"2936",2021-05-15,"04","17  day ahead inc hosp",2021-06-01,"quantile",0.65,86.5705175484216
"2937",2021-05-15,"04","17  day ahead inc hosp",2021-06-01,"quantile",0.7,91.3039521822044
"2938",2021-05-15,"04","17  day ahead inc hosp",2021-06-01,"quantile",0.75,96.6270665410453
"2939",2021-05-15,"04","17  day ahead inc hosp",2021-06-01,"quantile",0.8,102.824885032877
"2940",2021-05-15,"04","17  day ahead inc hosp",2021-06-01,"quantile",0.85,110.420246544759
"2941",2021-05-15,"04","17  day ahead inc hosp",2021-06-01,"quantile",0.9,120.565783062765
"2942",2021-05-15,"04","17  day ahead inc hosp",2021-06-01,"quantile",0.95,136.869274355418
"2943",2021-05-15,"04","17  day ahead inc hosp",2021-06-01,"quantile",0.975,152.302338013779
"2944",2021-05-15,"04","17  day ahead inc hosp",2021-06-01,"quantile",0.99,171.847696779106
"2945",2021-05-15,"04","18  day ahead inc hosp",2021-06-02,"quantile",0.01,24.7220244900659
"2946",2021-05-15,"04","18  day ahead inc hosp",2021-06-02,"quantile",0.025,30.1240622421936
"2947",2021-05-15,"04","18  day ahead inc hosp",2021-06-02,"quantile",0.05,35.4392626644416
"2948",2021-05-15,"04","18  day ahead inc hosp",2021-06-02,"quantile",0.1,42.4074820522523
"2949",2021-05-15,"04","18  day ahead inc hosp",2021-06-02,"quantile",0.15,47.6574462849062
"2950",2021-05-15,"04","18  day ahead inc hosp",2021-06-02,"quantile",0.2,52.1659630942651
"2951",2021-05-15,"04","18  day ahead inc hosp",2021-06-02,"quantile",0.25,56.2824428293576
"2952",2021-05-15,"04","18  day ahead inc hosp",2021-06-02,"quantile",0.3,60.1825525151824
"2953",2021-05-15,"04","18  day ahead inc hosp",2021-06-02,"quantile",0.35,63.9743186945855
"2954",2021-05-15,"04","18  day ahead inc hosp",2021-06-02,"quantile",0.4,67.7353710689762
"2955",2021-05-15,"04","18  day ahead inc hosp",2021-06-02,"quantile",0.45,71.5297524411617
"2956",2021-05-15,"04","18  day ahead inc hosp",2021-06-02,"quantile",0.5,75.4174592160907
"2957",2021-05-15,"04","18  day ahead inc hosp",2021-06-02,"quantile",0.55,79.4615285319476
"2958",2021-05-15,"04","18  day ahead inc hosp",2021-06-02,"quantile",0.6,83.7351702216176
"2959",2021-05-15,"04","18  day ahead inc hosp",2021-06-02,"quantile",0.65,88.331145398884
"2960",2021-05-15,"04","18  day ahead inc hosp",2021-06-02,"quantile",0.7,93.3767023391403
"2961",2021-05-15,"04","18  day ahead inc hosp",2021-06-02,"quantile",0.75,99.0609295604482
"2962",2021-05-15,"04","18  day ahead inc hosp",2021-06-02,"quantile",0.8,105.69176272011
"2963",2021-05-15,"04","18  day ahead inc hosp",2021-06-02,"quantile",0.85,113.834827789793
"2964",2021-05-15,"04","18  day ahead inc hosp",2021-06-02,"quantile",0.9,124.738703346625
"2965",2021-05-15,"04","18  day ahead inc hosp",2021-06-02,"quantile",0.95,142.317740623977
"2966",2021-05-15,"04","18  day ahead inc hosp",2021-06-02,"quantile",0.975,159.014898239974
"2967",2021-05-15,"04","18  day ahead inc hosp",2021-06-02,"quantile",0.99,180.229560686374
"2968",2021-05-15,"04","19  day ahead inc hosp",2021-06-03,"quantile",0.01,22.5304783019776
"2969",2021-05-15,"04","19  day ahead inc hosp",2021-06-03,"quantile",0.025,27.8366271491762
"2970",2021-05-15,"04","19  day ahead inc hosp",2021-06-03,"quantile",0.05,33.1056663053018
"2971",2021-05-15,"04","19  day ahead inc hosp",2021-06-03,"quantile",0.1,40.0715756355749
"2972",2021-05-15,"04","19  day ahead inc hosp",2021-06-03,"quantile",0.15,45.3560545544894
"2973",2021-05-15,"04","19  day ahead inc hosp",2021-06-03,"quantile",0.2,49.9155071778089
"2974",2021-05-15,"04","19  day ahead inc hosp",2021-06-03,"quantile",0.25,54.0938209350947
"2975",2021-05-15,"04","19  day ahead inc hosp",2021-06-03,"quantile",0.3,58.0647932646336
"2976",2021-05-15,"04","19  day ahead inc hosp",2021-06-03,"quantile",0.35,61.9359965291289
"2977",2021-05-15,"04","19  day ahead inc hosp",2021-06-03,"quantile",0.4,65.785365980967
"2978",2021-05-15,"04","19  day ahead inc hosp",2021-06-03,"quantile",0.45,69.6778057202186
"2979",2021-05-15,"04","19  day ahead inc hosp",2021-06-03,"quantile",0.5,73.6747105221423
"2980",2021-05-15,"04","19  day ahead inc hosp",2021-06-03,"quantile",0.55,77.8411531996177
"2981",2021-05-15,"04","19  day ahead inc hosp",2021-06-03,"quantile",0.6,82.2532431095745
"2982",2021-05-15,"04","19  day ahead inc hosp",2021-06-03,"quantile",0.65,87.0079228740781
"2983",2021-05-15,"04","19  day ahead inc hosp",2021-06-03,"quantile",0.7,92.2386741121763
"2984",2021-05-15,"04","19  day ahead inc hosp",2021-06-03,"quantile",0.75,98.1443728022805
"2985",2021-05-15,"04","19  day ahead inc hosp",2021-06-03,"quantile",0.8,105.049528658979
"2986",2021-05-15,"04","19  day ahead inc hosp",2021-06-03,"quantile",0.85,113.551172652016
"2987",2021-05-15,"04","19  day ahead inc hosp",2021-06-03,"quantile",0.9,124.969271422872
"2988",2021-05-15,"04","19  day ahead inc hosp",2021-06-03,"quantile",0.95,143.449991548371
"2989",2021-05-15,"04","19  day ahead inc hosp",2021-06-03,"quantile",0.975,161.076010944602
"2990",2021-05-15,"04","19  day ahead inc hosp",2021-06-03,"quantile",0.99,183.558393036858
"2991",2021-05-15,"04","20  day ahead inc hosp",2021-06-04,"quantile",0.01,21.548864503196
"2992",2021-05-15,"04","20  day ahead inc hosp",2021-06-04,"quantile",0.025,26.9403746050852
"2993",2021-05-15,"04","20  day ahead inc hosp",2021-06-04,"quantile",0.05,32.3361701500973
"2994",2021-05-15,"04","20  day ahead inc hosp",2021-06-04,"quantile",0.1,39.5204797878268
"2995",2021-05-15,"04","20  day ahead inc hosp",2021-06-04,"quantile",0.15,45.0023166863955
"2996",2021-05-15,"04","20  day ahead inc hosp",2021-06-04,"quantile",0.2,49.7506629622486
"2997",2021-05-15,"04","20  day ahead inc hosp",2021-06-04,"quantile",0.25,54.1154834365262
"2998",2021-05-15,"04","20  day ahead inc hosp",2021-06-04,"quantile",0.3,58.2744501434051
"2999",2021-05-15,"04","20  day ahead inc hosp",2021-06-04,"quantile",0.35,62.3381530324679
"3000",2021-05-15,"04","20  day ahead inc hosp",2021-06-04,"quantile",0.4,66.3872763595171
"3001",2021-05-15,"04","20  day ahead inc hosp",2021-06-04,"quantile",0.45,70.4895538863348
"3002",2021-05-15,"04","20  day ahead inc hosp",2021-06-04,"quantile",0.5,74.709578123188
"3003",2021-05-15,"04","20  day ahead inc hosp",2021-06-04,"quantile",0.55,79.1163064722289
"3004",2021-05-15,"04","20  day ahead inc hosp",2021-06-04,"quantile",0.6,83.7908567557875
"3005",2021-05-15,"04","20  day ahead inc hosp",2021-06-04,"quantile",0.65,88.836990022456
"3006",2021-05-15,"04","20  day ahead inc hosp",2021-06-04,"quantile",0.7,94.3980054831125
"3007",2021-05-15,"04","20  day ahead inc hosp",2021-06-04,"quantile",0.75,100.687860035146
"3008",2021-05-15,"04","20  day ahead inc hosp",2021-06-04,"quantile",0.8,108.056222155958
"3009",2021-05-15,"04","20  day ahead inc hosp",2021-06-04,"quantile",0.85,117.147249046685
"3010",2021-05-15,"04","20  day ahead inc hosp",2021-06-04,"quantile",0.9,129.386911570169
"3011",2021-05-15,"04","20  day ahead inc hosp",2021-06-04,"quantile",0.95,149.261420012971
"3012",2021-05-15,"04","20  day ahead inc hosp",2021-06-04,"quantile",0.975,168.280644834074
"3013",2021-05-15,"04","20  day ahead inc hosp",2021-06-04,"quantile",0.99,192.617387220822
"3014",2021-05-15,"04","21  day ahead inc hosp",2021-06-05,"quantile",0.01,19.9604637804929
"3015",2021-05-15,"04","21  day ahead inc hosp",2021-06-05,"quantile",0.025,25.3051355323724
"3016",2021-05-15,"04","21  day ahead inc hosp",2021-06-05,"quantile",0.05,30.7034504834266
"3017",2021-05-15,"04","21  day ahead inc hosp",2021-06-05,"quantile",0.1,37.9510927124461
"3018",2021-05-15,"04","21  day ahead inc hosp",2021-06-05,"quantile",0.15,43.5187044871185
"3019",2021-05-15,"04","21  day ahead inc hosp",2021-06-05,"quantile",0.2,48.36338641646
"3020",2021-05-15,"04","21  day ahead inc hosp",2021-06-05,"quantile",0.25,52.8326495904285
"3021",2021-05-15,"04","21  day ahead inc hosp",2021-06-05,"quantile",0.3,57.1038806316427
"3022",2021-05-15,"04","21  day ahead inc hosp",2021-06-05,"quantile",0.35,61.288237052828
"3023",2021-05-15,"04","21  day ahead inc hosp",2021-06-05,"quantile",0.4,65.4674947638153
"3024",2021-05-15,"04","21  day ahead inc hosp",2021-06-05,"quantile",0.45,69.7109524052034
"3025",2021-05-15,"04","21  day ahead inc hosp",2021-06-05,"quantile",0.5,74.0853168050593
"3026",2021-05-15,"04","21  day ahead inc hosp",2021-06-05,"quantile",0.55,78.6623902922542
"3027",2021-05-15,"04","21  day ahead inc hosp",2021-06-05,"quantile",0.6,83.5271863665802
"3028",2021-05-15,"04","21  day ahead inc hosp",2021-06-05,"quantile",0.65,88.7889658540112
"3029",2021-05-15,"04","21  day ahead inc hosp",2021-06-05,"quantile",0.7,94.599128146363
"3030",2021-05-15,"04","21  day ahead inc hosp",2021-06-05,"quantile",0.75,101.184258667302
"3031",2021-05-15,"04","21  day ahead inc hosp",2021-06-05,"quantile",0.8,108.915316567235
"3032",2021-05-15,"04","21  day ahead inc hosp",2021-06-05,"quantile",0.85,118.476680088179
"3033",2021-05-15,"04","21  day ahead inc hosp",2021-06-05,"quantile",0.9,131.385530949047
"3034",2021-05-15,"04","21  day ahead inc hosp",2021-06-05,"quantile",0.95,152.423551276085
"3035",2021-05-15,"04","21  day ahead inc hosp",2021-06-05,"quantile",0.975,172.633004477514
"3036",2021-05-15,"04","21  day ahead inc hosp",2021-06-05,"quantile",0.99,198.585794539326
"3037",2021-05-15,"04","22  day ahead inc hosp",2021-06-06,"quantile",0.01,17.0237505559186
"3038",2021-05-15,"04","22  day ahead inc hosp",2021-06-06,"quantile",0.025,22.007538289722
"3039",2021-05-15,"04","22  day ahead inc hosp",2021-06-06,"quantile",0.05,27.106239573718
"3040",2021-05-15,"04","22  day ahead inc hosp",2021-06-06,"quantile",0.1,34.0308275690835
"3041",2021-05-15,"04","22  day ahead inc hosp",2021-06-06,"quantile",0.15,39.3998789819339
"3042",2021-05-15,"04","22  day ahead inc hosp",2021-06-06,"quantile",0.2,44.1010468892322
"3043",2021-05-15,"04","22  day ahead inc hosp",2021-06-06,"quantile",0.25,48.4590557897477
"3044",2021-05-15,"04","22  day ahead inc hosp",2021-06-06,"quantile",0.3,52.6409500078189
"3045",2021-05-15,"04","22  day ahead inc hosp",2021-06-06,"quantile",0.35,56.7524145842533
"3046",2021-05-15,"04","22  day ahead inc hosp",2021-06-06,"quantile",0.4,60.8721173683216
"3047",2021-05-15,"04","22  day ahead inc hosp",2021-06-06,"quantile",0.45,65.0675984912914
"3048",2021-05-15,"04","22  day ahead inc hosp",2021-06-06,"quantile",0.5,69.4047065823028
"3049",2021-05-15,"04","22  day ahead inc hosp",2021-06-06,"quantile",0.55,73.9551035490422
"3050",2021-05-15,"04","22  day ahead inc hosp",2021-06-06,"quantile",0.6,78.8043644198587
"3051",2021-05-15,"04","22  day ahead inc hosp",2021-06-06,"quantile",0.65,84.0631543495412
"3052",2021-05-15,"04","22  day ahead inc hosp",2021-06-06,"quantile",0.7,89.885485278735
"3053",2021-05-15,"04","22  day ahead inc hosp",2021-06-06,"quantile",0.75,96.5025603106936
"3054",2021-05-15,"04","22  day ahead inc hosp",2021-06-06,"quantile",0.8,104.293767235129
"3055",2021-05-15,"04","22  day ahead inc hosp",2021-06-06,"quantile",0.85,113.96037689588
"3056",2021-05-15,"04","22  day ahead inc hosp",2021-06-06,"quantile",0.9,127.059963239416
"3057",2021-05-15,"04","22  day ahead inc hosp",2021-06-06,"quantile",0.95,148.513111399421
"3058",2021-05-15,"04","22  day ahead inc hosp",2021-06-06,"quantile",0.975,169.225668187402
"3059",2021-05-15,"04","22  day ahead inc hosp",2021-06-06,"quantile",0.99,195.95121789701
"3060",2021-05-15,"04","23  day ahead inc hosp",2021-06-07,"quantile",0.01,18.1841080338908
"3061",2021-05-15,"04","23  day ahead inc hosp",2021-06-07,"quantile",0.025,23.6490328266045
"3062",2021-05-15,"04","23  day ahead inc hosp",2021-06-07,"quantile",0.05,29.2619430723353
"3063",2021-05-15,"04","23  day ahead inc hosp",2021-06-07,"quantile",0.1,36.9116539262777
"3064",2021-05-15,"04","23  day ahead inc hosp",2021-06-07,"quantile",0.15,42.8596585915278
"3065",2021-05-15,"04","23  day ahead inc hosp",2021-06-07,"quantile",0.2,48.0776018788148
"3066",2021-05-15,"04","23  day ahead inc hosp",2021-06-07,"quantile",0.25,52.9217633709422
"3067",2021-05-15,"04","23  day ahead inc hosp",2021-06-07,"quantile",0.3,57.5758633823593
"3068",2021-05-15,"04","23  day ahead inc hosp",2021-06-07,"quantile",0.35,62.1564851325145
"3069",2021-05-15,"04","23  day ahead inc hosp",2021-06-07,"quantile",0.4,66.7507238980633
"3070",2021-05-15,"04","23  day ahead inc hosp",2021-06-07,"quantile",0.45,71.4336533178649
"3071",2021-05-15,"04","23  day ahead inc hosp",2021-06-07,"quantile",0.5,76.2787481235064
"3072",2021-05-15,"04","23  day ahead inc hosp",2021-06-07,"quantile",0.55,81.3662307732894
"3073",2021-05-15,"04","23  day ahead inc hosp",2021-06-07,"quantile",0.6,86.7921393944148
"3074",2021-05-15,"04","23  day ahead inc hosp",2021-06-07,"quantile",0.65,92.6808942051294
"3075",2021-05-15,"04","23  day ahead inc hosp",2021-06-07,"quantile",0.7,99.2058683303891
"3076",2021-05-15,"04","23  day ahead inc hosp",2021-06-07,"quantile",0.75,106.627561838779
"3077",2021-05-15,"04","23  day ahead inc hosp",2021-06-07,"quantile",0.8,115.373722341889
"3078",2021-05-15,"04","23  day ahead inc hosp",2021-06-07,"quantile",0.85,126.235454004326
"3079",2021-05-15,"04","23  day ahead inc hosp",2021-06-07,"quantile",0.9,140.970834777585
"3080",2021-05-15,"04","23  day ahead inc hosp",2021-06-07,"quantile",0.95,165.137734587199
"3081",2021-05-15,"04","23  day ahead inc hosp",2021-06-07,"quantile",0.975,188.50516561001
"3082",2021-05-15,"04","23  day ahead inc hosp",2021-06-07,"quantile",0.99,218.698549530666
"3083",2021-05-15,"04","24  day ahead inc hosp",2021-06-08,"quantile",0.01,17.0828086099931
"3084",2021-05-15,"04","24  day ahead inc hosp",2021-06-08,"quantile",0.025,22.5355022832768
"3085",2021-05-15,"04","24  day ahead inc hosp",2021-06-08,"quantile",0.05,28.1881379156605
"3086",2021-05-15,"04","24  day ahead inc hosp",2021-06-08,"quantile",0.1,35.9559765500348
"3087",2021-05-15,"04","24  day ahead inc hosp",2021-06-08,"quantile",0.15,42.0359293319322
"3088",2021-05-15,"04","24  day ahead inc hosp",2021-06-08,"quantile",0.2,47.3932851609009
"3089",2021-05-15,"04","24  day ahead inc hosp",2021-06-08,"quantile",0.25,52.3839721489763
"3090",2021-05-15,"04","24  day ahead inc hosp",2021-06-08,"quantile",0.3,57.1925986701502
"3091",2021-05-15,"04","24  day ahead inc hosp",2021-06-08,"quantile",0.35,61.9371542000846
"3092",2021-05-15,"04","24  day ahead inc hosp",2021-06-08,"quantile",0.4,66.7065497864086
"3093",2021-05-15,"04","24  day ahead inc hosp",2021-06-08,"quantile",0.45,71.5781472468586
"3094",2021-05-15,"04","24  day ahead inc hosp",2021-06-08,"quantile",0.5,76.6283414057017
"3095",2021-05-15,"04","24  day ahead inc hosp",2021-06-08,"quantile",0.55,81.941173641136
"3096",2021-05-15,"04","24  day ahead inc hosp",2021-06-08,"quantile",0.6,87.6178336638858
"3097",2021-05-15,"04","24  day ahead inc hosp",2021-06-08,"quantile",0.65,93.7899559368547
"3098",2021-05-15,"04","24  day ahead inc hosp",2021-06-08,"quantile",0.7,100.64149271658
"3099",2021-05-15,"04","24  day ahead inc hosp",2021-06-08,"quantile",0.75,108.449400098739
"3100",2021-05-15,"04","24  day ahead inc hosp",2021-06-08,"quantile",0.8,117.669139842751
"3101",2021-05-15,"04","24  day ahead inc hosp",2021-06-08,"quantile",0.85,129.144154356007
"3102",2021-05-15,"04","24  day ahead inc hosp",2021-06-08,"quantile",0.9,144.751228384781
"3103",2021-05-15,"04","24  day ahead inc hosp",2021-06-08,"quantile",0.95,170.433006396805
"3104",2021-05-15,"04","24  day ahead inc hosp",2021-06-08,"quantile",0.975,195.350562766978
"3105",2021-05-15,"04","24  day ahead inc hosp",2021-06-08,"quantile",0.99,227.650645876096
"3106",2021-05-15,"04","25  day ahead inc hosp",2021-06-09,"quantile",0.01,14.5989844158801
"3107",2021-05-15,"04","25  day ahead inc hosp",2021-06-09,"quantile",0.025,19.6744772256228
"3108",2021-05-15,"04","25  day ahead inc hosp",2021-06-09,"quantile",0.05,25.0095492916836
"3109",2021-05-15,"04","25  day ahead inc hosp",2021-06-09,"quantile",0.1,32.4314099149262
"3110",2021-05-15,"04","25  day ahead inc hosp",2021-06-09,"quantile",0.15,38.2974248613129
"3111",2021-05-15,"04","25  day ahead inc hosp",2021-06-09,"quantile",0.2,43.4999125938681
"3112",2021-05-15,"04","25  day ahead inc hosp",2021-06-09,"quantile",0.25,48.3706974479864
"3113",2021-05-15,"04","25  day ahead inc hosp",2021-06-09,"quantile",0.3,53.0834238139809
"3114",2021-05-15,"04","25  day ahead inc hosp",2021-06-09,"quantile",0.35,57.7502945264213
"3115",2021-05-15,"04","25  day ahead inc hosp",2021-06-09,"quantile",0.4,62.4569689234175
"3116",2021-05-15,"04","25  day ahead inc hosp",2021-06-09,"quantile",0.45,67.2790229150323
"3117",2021-05-15,"04","25  day ahead inc hosp",2021-06-09,"quantile",0.5,72.2920639252077
"3118",2021-05-15,"04","25  day ahead inc hosp",2021-06-09,"quantile",0.55,77.5801659797944
"3119",2021-05-15,"04","25  day ahead inc hosp",2021-06-09,"quantile",0.6,83.2453805237007
"3120",2021-05-15,"04","25  day ahead inc hosp",2021-06-09,"quantile",0.65,89.4212275109993
"3121",2021-05-15,"04","25  day ahead inc hosp",2021-06-09,"quantile",0.7,96.295039399544
"3122",2021-05-15,"04","25  day ahead inc hosp",2021-06-09,"quantile",0.75,104.149657683193
"3123",2021-05-15,"04","25  day ahead inc hosp",2021-06-09,"quantile",0.8,113.451213509438
"3124",2021-05-15,"04","25  day ahead inc hosp",2021-06-09,"quantile",0.85,125.064466627894
"3125",2021-05-15,"04","25  day ahead inc hosp",2021-06-09,"quantile",0.9,140.917114292861
"3126",2021-05-15,"04","25  day ahead inc hosp",2021-06-09,"quantile",0.95,167.126884654906
"3127",2021-05-15,"04","25  day ahead inc hosp",2021-06-09,"quantile",0.975,192.681014222981
"3128",2021-05-15,"04","25  day ahead inc hosp",2021-06-09,"quantile",0.99,225.957669132396
"3129",2021-05-15,"04","26  day ahead inc hosp",2021-06-10,"quantile",0.01,14.9629612335093
"3130",2021-05-15,"04","26  day ahead inc hosp",2021-06-10,"quantile",0.025,20.3437186480763
"3131",2021-05-15,"04","26  day ahead inc hosp",2021-06-10,"quantile",0.05,26.0320504310303
"3132",2021-05-15,"04","26  day ahead inc hosp",2021-06-10,"quantile",0.1,33.9851499170865
"3133",2021-05-15,"04","26  day ahead inc hosp",2021-06-10,"quantile",0.15,40.2960134704759
"3134",2021-05-15,"04","26  day ahead inc hosp",2021-06-10,"quantile",0.2,45.9077792085448
"3135",2021-05-15,"04","26  day ahead inc hosp",2021-06-10,"quantile",0.25,51.1724174044035
"3136",2021-05-15,"04","26  day ahead inc hosp",2021-06-10,"quantile",0.3,56.2748058393569
"3137",2021-05-15,"04","26  day ahead inc hosp",2021-06-10,"quantile",0.35,61.3349554572613
"3138",2021-05-15,"04","26  day ahead inc hosp",2021-06-10,"quantile",0.4,66.444983206969
"3139",2021-05-15,"04","26  day ahead inc hosp",2021-06-10,"quantile",0.45,71.6866254599092
"3140",2021-05-15,"04","26  day ahead inc hosp",2021-06-10,"quantile",0.5,77.142080996713
"3141",2021-05-15,"04","26  day ahead inc hosp",2021-06-10,"quantile",0.55,82.903143497143
"3142",2021-05-15,"04","26  day ahead inc hosp",2021-06-10,"quantile",0.6,89.081588764403
"3143",2021-05-15,"04","26  day ahead inc hosp",2021-06-10,"quantile",0.65,95.8239870717947
"3144",2021-05-15,"04","26  day ahead inc hosp",2021-06-10,"quantile",0.7,103.336299420232
"3145",2021-05-15,"04","26  day ahead inc hosp",2021-06-10,"quantile",0.75,111.92983414352
"3146",2021-05-15,"04","26  day ahead inc hosp",2021-06-10,"quantile",0.8,122.118062387285
"3147",2021-05-15,"04","26  day ahead inc hosp",2021-06-10,"quantile",0.85,134.854242517833
"3148",2021-05-15,"04","26  day ahead inc hosp",2021-06-10,"quantile",0.9,152.264862282572
"3149",2021-05-15,"04","26  day ahead inc hosp",2021-06-10,"quantile",0.95,181.104582684887
"3150",2021-05-15,"04","26  day ahead inc hosp",2021-06-10,"quantile",0.975,209.277118879271
"3151",2021-05-15,"04","26  day ahead inc hosp",2021-06-10,"quantile",0.99,246.02951870849
"3152",2021-05-15,"04","27  day ahead inc hosp",2021-06-11,"quantile",0.01,14.0639686460728
"3153",2021-05-15,"04","27  day ahead inc hosp",2021-06-11,"quantile",0.025,19.4172810435844
"3154",2021-05-15,"04","27  day ahead inc hosp",2021-06-11,"quantile",0.05,25.1329219612009
"3155",2021-05-15,"04","27  day ahead inc hosp",2021-06-11,"quantile",0.1,33.193732503209
"3156",2021-05-15,"04","27  day ahead inc hosp",2021-06-11,"quantile",0.15,39.6338130216448
"3157",2021-05-15,"04","27  day ahead inc hosp",2021-06-11,"quantile",0.2,45.3863728357101
"3158",2021-05-15,"04","27  day ahead inc hosp",2021-06-11,"quantile",0.25,50.8018594355076
"3159",2021-05-15,"04","27  day ahead inc hosp",2021-06-11,"quantile",0.3,56.0655719438364
"3160",2021-05-15,"04","27  day ahead inc hosp",2021-06-11,"quantile",0.35,61.2987703743962
"3161",2021-05-15,"04","27  day ahead inc hosp",2021-06-11,"quantile",0.4,66.5954122225868
"3162",2021-05-15,"04","27  day ahead inc hosp",2021-06-11,"quantile",0.45,72.0396869844591
"3163",2021-05-15,"04","27  day ahead inc hosp",2021-06-11,"quantile",0.5,77.7170162506025
"3164",2021-05-15,"04","27  day ahead inc hosp",2021-06-11,"quantile",0.55,83.7234788362916
"3165",2021-05-15,"04","27  day ahead inc hosp",2021-06-11,"quantile",0.6,90.176689517807
"3166",2021-05-15,"04","27  day ahead inc hosp",2021-06-11,"quantile",0.65,97.2314488719817
"3167",2021-05-15,"04","27  day ahead inc hosp",2021-06-11,"quantile",0.7,105.105841879518
"3168",2021-05-15,"04","27  day ahead inc hosp",2021-06-11,"quantile",0.75,114.130101443877
"3169",2021-05-15,"04","27  day ahead inc hosp",2021-06-11,"quantile",0.8,124.849664916095
"3170",2021-05-15,"04","27  day ahead inc hosp",2021-06-11,"quantile",0.85,138.278332850275
"3171",2021-05-15,"04","27  day ahead inc hosp",2021-06-11,"quantile",0.9,156.680345363486
"3172",2021-05-15,"04","27  day ahead inc hosp",2021-06-11,"quantile",0.95,187.258759838088
"3173",2021-05-15,"04","27  day ahead inc hosp",2021-06-11,"quantile",0.975,217.226671349369
"3174",2021-05-15,"04","27  day ahead inc hosp",2021-06-11,"quantile",0.99,256.439389101922
"3175",2021-05-15,"04","28  day ahead inc hosp",2021-06-12,"quantile",0.01,13.1474733264006
"3176",2021-05-15,"04","28  day ahead inc hosp",2021-06-12,"quantile",0.025,18.4476089211305
"3177",2021-05-15,"04","28  day ahead inc hosp",2021-06-12,"quantile",0.05,24.1655230177279
"3178",2021-05-15,"04","28  day ahead inc hosp",2021-06-12,"quantile",0.1,32.3026601856456
"3179",2021-05-15,"04","28  day ahead inc hosp",2021-06-12,"quantile",0.15,38.8497949009826
"3180",2021-05-15,"04","28  day ahead inc hosp",2021-06-12,"quantile",0.2,44.7252788356046
"3181",2021-05-15,"04","28  day ahead inc hosp",2021-06-12,"quantile",0.25,50.2762892120677
"3182",2021-05-15,"04","28  day ahead inc hosp",2021-06-12,"quantile",0.3,55.6877031003209
"3183",2021-05-15,"04","28  day ahead inc hosp",2021-06-12,"quantile",0.35,61.0815525209681
"3184",2021-05-15,"04","28  day ahead inc hosp",2021-06-12,"quantile",0.4,66.5533385059902
"3185",2021-05-15,"04","28  day ahead inc hosp",2021-06-12,"quantile",0.45,72.1895076000678
"3186",2021-05-15,"04","28  day ahead inc hosp",2021-06-12,"quantile",0.5,78.078571277443
"3187",2021-05-15,"04","28  day ahead inc hosp",2021-06-12,"quantile",0.55,84.3208050096786
"3188",2021-05-15,"04","28  day ahead inc hosp",2021-06-12,"quantile",0.6,91.0396106174084
"3189",2021-05-15,"04","28  day ahead inc hosp",2021-06-12,"quantile",0.65,98.3980041838779
"3190",2021-05-15,"04","28  day ahead inc hosp",2021-06-12,"quantile",0.7,106.626228062179
"3191",2021-05-15,"04","28  day ahead inc hosp",2021-06-12,"quantile",0.75,116.073551698567
"3192",2021-05-15,"04","28  day ahead inc hosp",2021-06-12,"quantile",0.8,127.317646028171
"3193",2021-05-15,"04","28  day ahead inc hosp",2021-06-12,"quantile",0.85,141.433491566015
"3194",2021-05-15,"04","28  day ahead inc hosp",2021-06-12,"quantile",0.9,160.82484190079
"3195",2021-05-15,"04","28  day ahead inc hosp",2021-06-12,"quantile",0.95,193.150162028692
"3196",2021-05-15,"04","28  day ahead inc hosp",2021-06-12,"quantile",0.975,224.933556344685
"3197",2021-05-15,"04","28  day ahead inc hosp",2021-06-12,"quantile",0.99,266.648101218045
"3198",2021-05-15,"04","29  day ahead inc hosp",2021-06-13,"quantile",0.01,13.0855746491565
"3199",2021-05-15,"04","29  day ahead inc hosp",2021-06-13,"quantile",0.025,18.6512734566713
"3200",2021-05-15,"04","29  day ahead inc hosp",2021-06-13,"quantile",0.05,24.7163032197132
"3201",2021-05-15,"04","29  day ahead inc hosp",2021-06-13,"quantile",0.1,33.4226861901219
"3202",2021-05-15,"04","29  day ahead inc hosp",2021-06-13,"quantile",0.15,40.4753133749424
"3203",2021-05-15,"04","29  day ahead inc hosp",2021-06-13,"quantile",0.2,46.8325861644123
"3204",2021-05-15,"04","29  day ahead inc hosp",2021-06-13,"quantile",0.25,52.8592168008946
"3205",2021-05-15,"04","29  day ahead inc hosp",2021-06-13,"quantile",0.3,58.7507903560144
"3206",2021-05-15,"04","29  day ahead inc hosp",2021-06-13,"quantile",0.35,64.637509222113
"3207",2021-05-15,"04","29  day ahead inc hosp",2021-06-13,"quantile",0.4,70.6222597367624
"3208",2021-05-15,"04","29  day ahead inc hosp",2021-06-13,"quantile",0.45,76.7990840841725
"3209",2021-05-15,"04","29  day ahead inc hosp",2021-06-13,"quantile",0.5,83.2650977535336
"3210",2021-05-15,"04","29  day ahead inc hosp",2021-06-13,"quantile",0.55,90.1310644520681
"3211",2021-05-15,"04","29  day ahead inc hosp",2021-06-13,"quantile",0.6,97.5339570653728
"3212",2021-05-15,"04","29  day ahead inc hosp",2021-06-13,"quantile",0.65,105.655329769689
"3213",2021-05-15,"04","29  day ahead inc hosp",2021-06-13,"quantile",0.7,114.752202723356
"3214",2021-05-15,"04","29  day ahead inc hosp",2021-06-13,"quantile",0.75,125.215107934948
"3215",2021-05-15,"04","29  day ahead inc hosp",2021-06-13,"quantile",0.8,137.690775655821
"3216",2021-05-15,"04","29  day ahead inc hosp",2021-06-13,"quantile",0.85,153.384009094603
"3217",2021-05-15,"04","29  day ahead inc hosp",2021-06-13,"quantile",0.9,174.991845037498
"3218",2021-05-15,"04","29  day ahead inc hosp",2021-06-13,"quantile",0.95,211.119252376624
"3219",2021-05-15,"04","29  day ahead inc hosp",2021-06-13,"quantile",0.975,246.748831100533
"3220",2021-05-15,"04","29  day ahead inc hosp",2021-06-13,"quantile",0.99,293.643106491442
"3221",2021-05-15,"04","30  day ahead inc hosp",2021-06-14,"quantile",0.01,12.2719903505122
"3222",2021-05-15,"04","30  day ahead inc hosp",2021-06-14,"quantile",0.025,17.8091401964441
"3223",2021-05-15,"04","30  day ahead inc hosp",2021-06-14,"quantile",0.05,23.9126135449869
"3224",2021-05-15,"04","30  day ahead inc hosp",2021-06-14,"quantile",0.1,32.7608601136295
"3225",2021-05-15,"04","30  day ahead inc hosp",2021-06-14,"quantile",0.15,39.9831816975507
"3226",2021-05-15,"04","30  day ahead inc hosp",2021-06-14,"quantile",0.2,46.5259462632001
"3227",2021-05-15,"04","30  day ahead inc hosp",2021-06-14,"quantile",0.25,52.7520634489477
"3228",2021-05-15,"04","30  day ahead inc hosp",2021-06-14,"quantile",0.3,58.8577594395246
"3229",2021-05-15,"04","30  day ahead inc hosp",2021-06-14,"quantile",0.35,64.9749611263442
"3230",2021-05-15,"04","30  day ahead inc hosp",2021-06-14,"quantile",0.4,71.2090813157432
"3231",2021-05-15,"04","30  day ahead inc hosp",2021-06-14,"quantile",0.45,77.6575339759396
"3232",2021-05-15,"04","30  day ahead inc hosp",2021-06-14,"quantile",0.5,84.4218746747824
"3233",2021-05-15,"04","30  day ahead inc hosp",2021-06-14,"quantile",0.55,91.6187840013648
"3234",2021-05-15,"04","30  day ahead inc hosp",2021-06-14,"quantile",0.6,99.3933130258638
"3235",2021-05-15,"04","30  day ahead inc hosp",2021-06-14,"quantile",0.65,107.938422005468
"3236",2021-05-15,"04","30  day ahead inc hosp",2021-06-14,"quantile",0.7,117.527959502771
"3237",2021-05-15,"04","30  day ahead inc hosp",2021-06-14,"quantile",0.75,128.578764850815
"3238",2021-05-15,"04","30  day ahead inc hosp",2021-06-14,"quantile",0.8,141.78207373588
"3239",2021-05-15,"04","30  day ahead inc hosp",2021-06-14,"quantile",0.85,158.427123780228
"3240",2021-05-15,"04","30  day ahead inc hosp",2021-06-14,"quantile",0.9,181.403458219001
"3241",2021-05-15,"04","30  day ahead inc hosp",2021-06-14,"quantile",0.95,219.944434318723
"3242",2021-05-15,"04","30  day ahead inc hosp",2021-06-14,"quantile",0.975,258.080682355507
"3243",2021-05-15,"04","30  day ahead inc hosp",2021-06-14,"quantile",0.99,308.42869905895
"3244",2021-05-15,"04","31  day ahead inc hosp",2021-06-15,"quantile",0.01,11.262986362168
"3245",2021-05-15,"04","31  day ahead inc hosp",2021-06-15,"quantile",0.025,16.6769415362972
"3246",2021-05-15,"04","31  day ahead inc hosp",2021-06-15,"quantile",0.05,22.7212129549359
"3247",2021-05-15,"04","31  day ahead inc hosp",2021-06-15,"quantile",0.1,31.5794602844357
"3248",2021-05-15,"04","31  day ahead inc hosp",2021-06-15,"quantile",0.15,38.870620641001
"3249",2021-05-15,"04","31  day ahead inc hosp",2021-06-15,"quantile",0.2,45.5118309972217
"3250",2021-05-15,"04","31  day ahead inc hosp",2021-06-15,"quantile",0.25,51.8578884029336
"3251",2021-05-15,"04","31  day ahead inc hosp",2021-06-15,"quantile",0.3,58.1024484505328
"3252",2021-05-15,"04","31  day ahead inc hosp",2021-06-15,"quantile",0.35,64.377179953926
"3253",2021-05-15,"04","31  day ahead inc hosp",2021-06-15,"quantile",0.4,70.7886031669705
"3254",2021-05-15,"04","31  day ahead inc hosp",2021-06-15,"quantile",0.45,77.4363461926324
"3255",2021-05-15,"04","31  day ahead inc hosp",2021-06-15,"quantile",0.5,84.4253379470592
"3256",2021-05-15,"04","31  day ahead inc hosp",2021-06-15,"quantile",0.55,91.8770762686572
"3257",2021-05-15,"04","31  day ahead inc hosp",2021-06-15,"quantile",0.6,99.9434373227494
"3258",2021-05-15,"04","31  day ahead inc hosp",2021-06-15,"quantile",0.65,108.827227077939
"3259",2021-05-15,"04","31  day ahead inc hosp",2021-06-15,"quantile",0.7,118.817015024093
"3260",2021-05-15,"04","31  day ahead inc hosp",2021-06-15,"quantile",0.75,130.352860479553
"3261",2021-05-15,"04","31  day ahead inc hosp",2021-06-15,"quantile",0.8,144.165546470419
"3262",2021-05-15,"04","31  day ahead inc hosp",2021-06-15,"quantile",0.85,161.619773527991
"3263",2021-05-15,"04","31  day ahead inc hosp",2021-06-15,"quantile",0.9,185.778143540077
"3264",2021-05-15,"04","31  day ahead inc hosp",2021-06-15,"quantile",0.95,226.443016752827
"3265",2021-05-15,"04","31  day ahead inc hosp",2021-06-15,"quantile",0.975,266.823106895717
"3266",2021-05-15,"04","31  day ahead inc hosp",2021-06-15,"quantile",0.99,320.307678260296
"3267",2021-05-15,"04","32  day ahead inc hosp",2021-06-16,"quantile",0.01,10.4121638081596
"3268",2021-05-15,"04","32  day ahead inc hosp",2021-06-16,"quantile",0.025,15.729631116512
"3269",2021-05-15,"04","32  day ahead inc hosp",2021-06-16,"quantile",0.05,21.7418068194957
"3270",2021-05-15,"04","32  day ahead inc hosp",2021-06-16,"quantile",0.1,30.6479509718986
"3271",2021-05-15,"04","32  day ahead inc hosp",2021-06-16,"quantile",0.15,38.0387280041264
"3272",2021-05-15,"04","32  day ahead inc hosp",2021-06-16,"quantile",0.2,44.8065094737168
"3273",2021-05-15,"04","32  day ahead inc hosp",2021-06-16,"quantile",0.25,51.2996148981167
"3274",2021-05-15,"04","32  day ahead inc hosp",2021-06-16,"quantile",0.3,57.7100059524127
"3275",2021-05-15,"04","32  day ahead inc hosp",2021-06-16,"quantile",0.35,64.1696937417713
"3276",2021-05-15,"04","32  day ahead inc hosp",2021-06-16,"quantile",0.4,70.7868038079098
"3277",2021-05-15,"04","32  day ahead inc hosp",2021-06-16,"quantile",0.45,77.6636595796738
"3278",2021-05-15,"04","32  day ahead inc hosp",2021-06-16,"quantile",0.5,84.9090869710872
"3279",2021-05-15,"04","32  day ahead inc hosp",2021-06-16,"quantile",0.55,92.6500246099501
"3280",2021-05-15,"04","32  day ahead inc hosp",2021-06-16,"quantile",0.6,101.045970710855
"3281",2021-05-15,"04","32  day ahead inc hosp",2021-06-16,"quantile",0.65,110.310659772809
"3282",2021-05-15,"04","32  day ahead inc hosp",2021-06-16,"quantile",0.7,120.748944546483
"3283",2021-05-15,"04","32  day ahead inc hosp",2021-06-16,"quantile",0.75,132.826515417395
"3284",2021-05-15,"04","32  day ahead inc hosp",2021-06-16,"quantile",0.8,147.317751561348
"3285",2021-05-15,"04","32  day ahead inc hosp",2021-06-16,"quantile",0.85,165.670464882402
"3286",2021-05-15,"04","32  day ahead inc hosp",2021-06-16,"quantile",0.9,191.137710108144
"3287",2021-05-15,"04","32  day ahead inc hosp",2021-06-16,"quantile",0.95,234.147541356583
"3288",2021-05-15,"04","32  day ahead inc hosp",2021-06-16,"quantile",0.975,276.99919717594
"3289",2021-05-15,"04","32  day ahead inc hosp",2021-06-16,"quantile",0.99,333.932759686943
"3290",2021-05-15,"04","33  day ahead inc hosp",2021-06-17,"quantile",0.01,9.46213293762611
"3291",2021-05-15,"04","33  day ahead inc hosp",2021-06-17,"quantile",0.025,14.6186025203403
"3292",2021-05-15,"04","33  day ahead inc hosp",2021-06-17,"quantile",0.05,20.5313586043461
"3293",2021-05-15,"04","33  day ahead inc hosp",2021-06-17,"quantile",0.1,29.3943729252782
"3294",2021-05-15,"04","33  day ahead inc hosp",2021-06-17,"quantile",0.15,36.8155249725722
"3295",2021-05-15,"04","33  day ahead inc hosp",2021-06-17,"quantile",0.2,43.6505726423056
"3296",2021-05-15,"04","33  day ahead inc hosp",2021-06-17,"quantile",0.25,50.2369880251582
"3297",2021-05-15,"04","33  day ahead inc hosp",2021-06-17,"quantile",0.3,56.7628244112083
"3298",2021-05-15,"04","33  day ahead inc hosp",2021-06-17,"quantile",0.35,63.3590873426968
"3299",2021-05-15,"04","33  day ahead inc hosp",2021-06-17,"quantile",0.4,70.1345669453007
"3300",2021-05-15,"04","33  day ahead inc hosp",2021-06-17,"quantile",0.45,77.1935419802658
"3301",2021-05-15,"04","33  day ahead inc hosp",2021-06-17,"quantile",0.5,84.6480834474601
"3302",2021-05-15,"04","33  day ahead inc hosp",2021-06-17,"quantile",0.55,92.6299305008418
"3303",2021-05-15,"04","33  day ahead inc hosp",2021-06-17,"quantile",0.6,101.305507025641
"3304",2021-05-15,"04","33  day ahead inc hosp",2021-06-17,"quantile",0.65,110.898644234344
"3305",2021-05-15,"04","33  day ahead inc hosp",2021-06-17,"quantile",0.7,121.729394364183
"3306",2021-05-15,"04","33  day ahead inc hosp",2021-06-17,"quantile",0.75,134.287540835785
"3307",2021-05-15,"04","33  day ahead inc hosp",2021-06-17,"quantile",0.8,149.388662198308
"3308",2021-05-15,"04","33  day ahead inc hosp",2021-06-17,"quantile",0.85,168.559480804171
"3309",2021-05-15,"04","33  day ahead inc hosp",2021-06-17,"quantile",0.9,195.234745897821
"3310",2021-05-15,"04","33  day ahead inc hosp",2021-06-17,"quantile",0.95,240.443003091179
"3311",2021-05-15,"04","33  day ahead inc hosp",2021-06-17,"quantile",0.975,285.644853605217
"3312",2021-05-15,"04","33  day ahead inc hosp",2021-06-17,"quantile",0.99,345.897118978236
"3313",2021-05-15,"04","34  day ahead inc hosp",2021-06-18,"quantile",0.01,8.61990615462321
"3314",2021-05-15,"04","34  day ahead inc hosp",2021-06-18,"quantile",0.025,13.6262531241277
"3315",2021-05-15,"04","34  day ahead inc hosp",2021-06-18,"quantile",0.05,19.449560224457
"3316",2021-05-15,"04","34  day ahead inc hosp",2021-06-18,"quantile",0.1,28.2831378380479
"3317",2021-05-15,"04","34  day ahead inc hosp",2021-06-18,"quantile",0.15,35.7462287812213
"3318",2021-05-15,"04","34  day ahead inc hosp",2021-06-18,"quantile",0.2,42.6596532825927
"3319",2021-05-15,"04","34  day ahead inc hosp",2021-06-18,"quantile",0.25,49.3506171169101
"3320",2021-05-15,"04","34  day ahead inc hosp",2021-06-18,"quantile",0.3,56.0035884565733
"3321",2021-05-15,"04","34  day ahead inc hosp",2021-06-18,"quantile",0.35,62.7488123317448
"3322",2021-05-15,"04","34  day ahead inc hosp",2021-06-18,"quantile",0.4,69.6959741042927
"3323",2021-05-15,"04","34  day ahead inc hosp",2021-06-18,"quantile",0.45,76.9515583292059
"3324",2021-05-15,"04","34  day ahead inc hosp",2021-06-18,"quantile",0.5,84.6311793919694
"3325",2021-05-15,"04","34  day ahead inc hosp",2021-06-18,"quantile",0.55,92.8717556236804
"3326",2021-05-15,"04","34  day ahead inc hosp",2021-06-18,"quantile",0.6,101.847142160739
"3327",2021-05-15,"04","34  day ahead inc hosp",2021-06-18,"quantile",0.65,111.791974812788
"3328",2021-05-15,"04","34  day ahead inc hosp",2021-06-18,"quantile",0.7,123.042548871165
"3329",2021-05-15,"04","34  day ahead inc hosp",2021-06-18,"quantile",0.75,136.114378182494
"3330",2021-05-15,"04","34  day ahead inc hosp",2021-06-18,"quantile",0.8,151.867029315208
"3331",2021-05-15,"04","34  day ahead inc hosp",2021-06-18,"quantile",0.85,171.911474641139
"3332",2021-05-15,"04","34  day ahead inc hosp",2021-06-18,"quantile",0.9,199.876481190325
"3333",2021-05-15,"04","34  day ahead inc hosp",2021-06-18,"quantile",0.95,247.432021923993
"3334",2021-05-15,"04","34  day ahead inc hosp",2021-06-18,"quantile",0.975,295.144048401943
"3335",2021-05-15,"04","34  day ahead inc hosp",2021-06-18,"quantile",0.99,358.942809839517
"3336",2021-05-15,"04","35  day ahead inc hosp",2021-06-19,"quantile",0.01,7.81802278496428
"3337",2021-05-15,"04","35  day ahead inc hosp",2021-06-19,"quantile",0.025,12.6610648749331
"3338",2021-05-15,"04","35  day ahead inc hosp",2021-06-19,"quantile",0.05,18.3794991119016
"3339",2021-05-15,"04","35  day ahead inc hosp",2021-06-19,"quantile",0.1,27.1621010783697
"3340",2021-05-15,"04","35  day ahead inc hosp",2021-06-19,"quantile",0.15,34.6510366918702
"3341",2021-05-15,"04","35  day ahead inc hosp",2021-06-19,"quantile",0.2,41.6295960603067
"3342",2021-05-15,"04","35  day ahead inc hosp",2021-06-19,"quantile",0.25,48.4137105064726
"3343",2021-05-15,"04","35  day ahead inc hosp",2021-06-19,"quantile",0.3,55.1837600855841
"3344",2021-05-15,"04","35  day ahead inc hosp",2021-06-19,"quantile",0.35,62.0689480246056
"3345",2021-05-15,"04","35  day ahead inc hosp",2021-06-19,"quantile",0.4,69.1796923185222
"3346",2021-05-15,"04","35  day ahead inc hosp",2021-06-19,"quantile",0.45,76.6245958352136
"3347",2021-05-15,"04","35  day ahead inc hosp",2021-06-19,"quantile",0.5,84.5227856194885
"3348",2021-05-15,"04","35  day ahead inc hosp",2021-06-19,"quantile",0.55,93.0163807987473
"3349",2021-05-15,"04","35  day ahead inc hosp",2021-06-19,"quantile",0.6,102.286748570939
"3350",2021-05-15,"04","35  day ahead inc hosp",2021-06-19,"quantile",0.65,112.579490123391
"3351",2021-05-15,"04","35  day ahead inc hosp",2021-06-19,"quantile",0.7,124.247429123894
"3352",2021-05-15,"04","35  day ahead inc hosp",2021-06-19,"quantile",0.75,137.832313847712
"3353",2021-05-15,"04","35  day ahead inc hosp",2021-06-19,"quantile",0.8,154.238636336879
"3354",2021-05-15,"04","35  day ahead inc hosp",2021-06-19,"quantile",0.85,175.163554923665
"3355",2021-05-15,"04","35  day ahead inc hosp",2021-06-19,"quantile",0.9,204.434668065875
"3356",2021-05-15,"04","35  day ahead inc hosp",2021-06-19,"quantile",0.95,254.380817099962
"3357",2021-05-15,"04","35  day ahead inc hosp",2021-06-19,"quantile",0.975,304.662840514444
"3358",2021-05-15,"04","35  day ahead inc hosp",2021-06-19,"quantile",0.99,372.109055427377
"3359",2021-05-15,"04","36  day ahead inc hosp",2021-06-20,"quantile",0.01,6.97311988952695
"3360",2021-05-15,"04","36  day ahead inc hosp",2021-06-20,"quantile",0.025,11.6014979812127
"3361",2021-05-15,"04","36  day ahead inc hosp",2021-06-20,"quantile",0.05,17.1580224612398
"3362",2021-05-15,"04","36  day ahead inc hosp",2021-06-20,"quantile",0.1,25.8088522320716
"3363",2021-05-15,"04","36  day ahead inc hosp",2021-06-20,"quantile",0.15,33.2600997765291
"3364",2021-05-15,"04","36  day ahead inc hosp",2021-06-20,"quantile",0.2,40.2482531584759
"3365",2021-05-15,"04","36  day ahead inc hosp",2021-06-20,"quantile",0.25,47.0744243554363
"3366",2021-05-15,"04","36  day ahead inc hosp",2021-06-20,"quantile",0.3,53.913058364882
"3367",2021-05-15,"04","36  day ahead inc hosp",2021-06-20,"quantile",0.35,60.8911603003588
"3368",2021-05-15,"04","36  day ahead inc hosp",2021-06-20,"quantile",0.4,68.1190476114236
"3369",2021-05-15,"04","36  day ahead inc hosp",2021-06-20,"quantile",0.45,75.7067619978229
"3370",2021-05-15,"04","36  day ahead inc hosp",2021-06-20,"quantile",0.5,83.7763212491706
"3371",2021-05-15,"04","36  day ahead inc hosp",2021-06-20,"quantile",0.55,92.4744116302368
"3372",2021-05-15,"04","36  day ahead inc hosp",2021-06-20,"quantile",0.6,101.989200870267
"3373",2021-05-15,"04","36  day ahead inc hosp",2021-06-20,"quantile",0.65,112.576383813781
"3374",2021-05-15,"04","36  day ahead inc hosp",2021-06-20,"quantile",0.7,124.604155070791
"3375",2021-05-15,"04","36  day ahead inc hosp",2021-06-20,"quantile",0.75,138.638832064486
"3376",2021-05-15,"04","36  day ahead inc hosp",2021-06-20,"quantile",0.8,155.627210603746
"3377",2021-05-15,"04","36  day ahead inc hosp",2021-06-20,"quantile",0.85,177.348001435265
"3378",2021-05-15,"04","36  day ahead inc hosp",2021-06-20,"quantile",0.9,207.817895585405
"3379",2021-05-15,"04","36  day ahead inc hosp",2021-06-20,"quantile",0.95,259.996280049475
"3380",2021-05-15,"04","36  day ahead inc hosp",2021-06-20,"quantile",0.975,312.714670255423
"3381",2021-05-15,"04","36  day ahead inc hosp",2021-06-20,"quantile",0.99,383.661791174092
"3382",2021-05-15,"04","37  day ahead inc hosp",2021-06-21,"quantile",0.01,6.72871740791225
"3383",2021-05-15,"04","37  day ahead inc hosp",2021-06-21,"quantile",0.025,11.400201988003
"3384",2021-05-15,"04","37  day ahead inc hosp",2021-06-21,"quantile",0.05,17.0712509569436
"3385",2021-05-15,"04","37  day ahead inc hosp",2021-06-21,"quantile",0.1,25.9805857052097
"3386",2021-05-15,"04","37  day ahead inc hosp",2021-06-21,"quantile",0.15,33.7056794296556
"3387",2021-05-15,"04","37  day ahead inc hosp",2021-06-21,"quantile",0.2,40.9812904775712
"3388",2021-05-15,"04","37  day ahead inc hosp",2021-06-21,"quantile",0.25,48.1106751075318
"3389",2021-05-15,"04","37  day ahead inc hosp",2021-06-21,"quantile",0.3,55.2713070401031
"3390",2021-05-15,"04","37  day ahead inc hosp",2021-06-21,"quantile",0.35,62.5938419156464
"3391",2021-05-15,"04","37  day ahead inc hosp",2021-06-21,"quantile",0.4,70.1930064486296
"3392",2021-05-15,"04","37  day ahead inc hosp",2021-06-21,"quantile",0.45,78.1842981818245
"3393",2021-05-15,"04","37  day ahead inc hosp",2021-06-21,"quantile",0.5,86.6966771161229
"3394",2021-05-15,"04","37  day ahead inc hosp",2021-06-21,"quantile",0.55,95.8859297304903
"3395",2021-05-15,"04","37  day ahead inc hosp",2021-06-21,"quantile",0.6,105.952550144213
"3396",2021-05-15,"04","37  day ahead inc hosp",2021-06-21,"quantile",0.65,117.169576265102
"3397",2021-05-15,"04","37  day ahead inc hosp",2021-06-21,"quantile",0.7,129.930761041211
"3398",2021-05-15,"04","37  day ahead inc hosp",2021-06-21,"quantile",0.75,144.842385557369
"3399",2021-05-15,"04","37  day ahead inc hosp",2021-06-21,"quantile",0.8,162.918929624017
"3400",2021-05-15,"04","37  day ahead inc hosp",2021-06-21,"quantile",0.85,186.067744367452
"3401",2021-05-15,"04","37  day ahead inc hosp",2021-06-21,"quantile",0.9,218.599561932754
"3402",2021-05-15,"04","37  day ahead inc hosp",2021-06-21,"quantile",0.95,274.437230015846
"3403",2021-05-15,"04","37  day ahead inc hosp",2021-06-21,"quantile",0.975,330.982773890794
"3404",2021-05-15,"04","37  day ahead inc hosp",2021-06-21,"quantile",0.99,407.240496000083
"3405",2021-05-15,"05","1  day ahead inc hosp",2021-05-16,"quantile",0.01,21.3496366622417
"3406",2021-05-15,"05","1  day ahead inc hosp",2021-05-16,"quantile",0.025,23.2650941879015
"3407",2021-05-15,"05","1  day ahead inc hosp",2021-05-16,"quantile",0.05,25.0131461272366
"3408",2021-05-15,"05","1  day ahead inc hosp",2021-05-16,"quantile",0.1,27.1487780369551
"3409",2021-05-15,"05","1  day ahead inc hosp",2021-05-16,"quantile",0.15,28.665004856566
"3410",2021-05-15,"05","1  day ahead inc hosp",2021-05-16,"quantile",0.2,29.9146468052101
"3411",2021-05-15,"05","1  day ahead inc hosp",2021-05-16,"quantile",0.25,31.018908859046
"3412",2021-05-15,"05","1  day ahead inc hosp",2021-05-16,"quantile",0.3,32.0363718114859
"3413",2021-05-15,"05","1  day ahead inc hosp",2021-05-16,"quantile",0.35,33.001356961262
"3414",2021-05-15,"05","1  day ahead inc hosp",2021-05-16,"quantile",0.4,33.9370359481258
"3415",2021-05-15,"05","1  day ahead inc hosp",2021-05-16,"quantile",0.45,34.8611181301744
"3416",2021-05-15,"05","1  day ahead inc hosp",2021-05-16,"quantile",0.5,35.7888489732203
"3417",2021-05-15,"05","1  day ahead inc hosp",2021-05-16,"quantile",0.55,36.7349744875947
"3418",2021-05-15,"05","1  day ahead inc hosp",2021-05-16,"quantile",0.6,37.7154324490225
"3419",2021-05-15,"05","1  day ahead inc hosp",2021-05-16,"quantile",0.65,38.7493062176877
"3420",2021-05-15,"05","1  day ahead inc hosp",2021-05-16,"quantile",0.7,39.861706368701
"3421",2021-05-15,"05","1  day ahead inc hosp",2021-05-16,"quantile",0.75,41.0888496942993
"3422",2021-05-15,"05","1  day ahead inc hosp",2021-05-16,"quantile",0.8,42.4884387105227
"3423",2021-05-15,"05","1  day ahead inc hosp",2021-05-16,"quantile",0.85,44.1646205048293
"3424",2021-05-15,"05","1  day ahead inc hosp",2021-05-16,"quantile",0.9,46.3435285414317
"3425",2021-05-15,"05","1  day ahead inc hosp",2021-05-16,"quantile",0.95,49.7200714305423
"3426",2021-05-15,"05","1  day ahead inc hosp",2021-05-16,"quantile",0.975,52.795257962801
"3427",2021-05-15,"05","1  day ahead inc hosp",2021-05-16,"quantile",0.99,56.5477553499718
"3428",2021-05-15,"05","2  day ahead inc hosp",2021-05-17,"quantile",0.01,22.6331436791645
"3429",2021-05-15,"05","2  day ahead inc hosp",2021-05-17,"quantile",0.025,24.8557672619409
"3430",2021-05-15,"05","2  day ahead inc hosp",2021-05-17,"quantile",0.05,26.8949011343534
"3431",2021-05-15,"05","2  day ahead inc hosp",2021-05-17,"quantile",0.1,29.3988089919059
"3432",2021-05-15,"05","2  day ahead inc hosp",2021-05-17,"quantile",0.15,31.184269115034
"3433",2021-05-15,"05","2  day ahead inc hosp",2021-05-17,"quantile",0.2,32.6603223714899
"3434",2021-05-15,"05","2  day ahead inc hosp",2021-05-17,"quantile",0.25,33.9678741593295
"3435",2021-05-15,"05","2  day ahead inc hosp",2021-05-17,"quantile",0.3,35.1752036059493
"3436",2021-05-15,"05","2  day ahead inc hosp",2021-05-17,"quantile",0.35,36.322439801469
"3437",2021-05-15,"05","2  day ahead inc hosp",2021-05-17,"quantile",0.4,37.4367870529164
"3438",2021-05-15,"05","2  day ahead inc hosp",2021-05-17,"quantile",0.45,38.5391463409355
"3439",2021-05-15,"05","2  day ahead inc hosp",2021-05-17,"quantile",0.5,39.6476222087369
"3440",2021-05-15,"05","2  day ahead inc hosp",2021-05-17,"quantile",0.55,40.7798396350187
"3441",2021-05-15,"05","2  day ahead inc hosp",2021-05-17,"quantile",0.6,41.9549621297867
"3442",2021-05-15,"05","2  day ahead inc hosp",2021-05-17,"quantile",0.65,43.1960488785178
"3443",2021-05-15,"05","2  day ahead inc hosp",2021-05-17,"quantile",0.7,44.5335558461551
"3444",2021-05-15,"05","2  day ahead inc hosp",2021-05-17,"quantile",0.75,46.0115291077563
"3445",2021-05-15,"05","2  day ahead inc hosp",2021-05-17,"quantile",0.8,47.7002848996495
"3446",2021-05-15,"05","2  day ahead inc hosp",2021-05-17,"quantile",0.85,49.7269353598071
"3447",2021-05-15,"05","2  day ahead inc hosp",2021-05-17,"quantile",0.9,52.3678742941187
"3448",2021-05-15,"05","2  day ahead inc hosp",2021-05-17,"quantile",0.95,56.473912718422
"3449",2021-05-15,"05","2  day ahead inc hosp",2021-05-17,"quantile",0.975,60.2267794881883
"3450",2021-05-15,"05","2  day ahead inc hosp",2021-05-17,"quantile",0.99,64.8220535815548
"3451",2021-05-15,"05","3  day ahead inc hosp",2021-05-18,"quantile",0.01,22.0549663282519
"3452",2021-05-15,"05","3  day ahead inc hosp",2021-05-18,"quantile",0.025,24.3322150078111
"3453",2021-05-15,"05","3  day ahead inc hosp",2021-05-18,"quantile",0.05,26.428006300944
"3454",2021-05-15,"05","3  day ahead inc hosp",2021-05-18,"quantile",0.1,29.0091810351932
"3455",2021-05-15,"05","3  day ahead inc hosp",2021-05-18,"quantile",0.15,30.854461368198
"3456",2021-05-15,"05","3  day ahead inc hosp",2021-05-18,"quantile",0.2,32.3827123319848
"3457",2021-05-15,"05","3  day ahead inc hosp",2021-05-18,"quantile",0.25,33.7384588875092
"3458",2021-05-15,"05","3  day ahead inc hosp",2021-05-18,"quantile",0.3,34.9918422442272
"3459",2021-05-15,"05","3  day ahead inc hosp",2021-05-18,"quantile",0.35,36.1841631461871
"3460",2021-05-15,"05","3  day ahead inc hosp",2021-05-18,"quantile",0.4,37.343488871907
"3461",2021-05-15,"05","3  day ahead inc hosp",2021-05-18,"quantile",0.45,38.4914507767211
"3462",2021-05-15,"05","3  day ahead inc hosp",2021-05-18,"quantile",0.5,39.6468543661059
"3463",2021-05-15,"05","3  day ahead inc hosp",2021-05-18,"quantile",0.55,40.828076249616
"3464",2021-05-15,"05","3  day ahead inc hosp",2021-05-18,"quantile",0.6,42.0551663814608
"3465",2021-05-15,"05","3  day ahead inc hosp",2021-05-18,"quantile",0.65,43.3523190869111
"3466",2021-05-15,"05","3  day ahead inc hosp",2021-05-18,"quantile",0.7,44.751558124752
"3467",2021-05-15,"05","3  day ahead inc hosp",2021-05-18,"quantile",0.75,46.2992688940796
"3468",2021-05-15,"05","3  day ahead inc hosp",2021-05-18,"quantile",0.8,48.0695862622621
"3469",2021-05-15,"05","3  day ahead inc hosp",2021-05-18,"quantile",0.85,50.1966452947991
"3470",2021-05-15,"05","3  day ahead inc hosp",2021-05-18,"quantile",0.9,52.9723510031987
"3471",2021-05-15,"05","3  day ahead inc hosp",2021-05-18,"quantile",0.95,57.2961458293026
"3472",2021-05-15,"05","3  day ahead inc hosp",2021-05-18,"quantile",0.975,61.2561336383045
"3473",2021-05-15,"05","3  day ahead inc hosp",2021-05-18,"quantile",0.99,66.1146677149512
"3474",2021-05-15,"05","4  day ahead inc hosp",2021-05-19,"quantile",0.01,20.79234596462
"3475",2021-05-15,"05","4  day ahead inc hosp",2021-05-19,"quantile",0.025,23.0616607461022
"3476",2021-05-15,"05","4  day ahead inc hosp",2021-05-19,"quantile",0.05,25.157728856092
"3477",2021-05-15,"05","4  day ahead inc hosp",2021-05-19,"quantile",0.1,27.7481719168906
"3478",2021-05-15,"05","4  day ahead inc hosp",2021-05-19,"quantile",0.15,29.6055623143829
"3479",2021-05-15,"05","4  day ahead inc hosp",2021-05-19,"quantile",0.2,31.1470305240057
"3480",2021-05-15,"05","4  day ahead inc hosp",2021-05-19,"quantile",0.25,32.51677581531
"3481",2021-05-15,"05","4  day ahead inc hosp",2021-05-19,"quantile",0.3,33.7849073136698
"3482",2021-05-15,"05","4  day ahead inc hosp",2021-05-19,"quantile",0.35,34.9927972488046
"3483",2021-05-15,"05","4  day ahead inc hosp",2021-05-19,"quantile",0.4,36.1686419563485
"3484",2021-05-15,"05","4  day ahead inc hosp",2021-05-19,"quantile",0.45,37.3342511610208
"3485",2021-05-15,"05","4  day ahead inc hosp",2021-05-19,"quantile",0.5,38.5086653254752
"3486",2021-05-15,"05","4  day ahead inc hosp",2021-05-19,"quantile",0.55,39.7105714296715
"3487",2021-05-15,"05","4  day ahead inc hosp",2021-05-19,"quantile",0.6,40.9604385694172
"3488",2021-05-15,"05","4  day ahead inc hosp",2021-05-19,"quantile",0.65,42.2830463489421
"3489",2021-05-15,"05","4  day ahead inc hosp",2021-05-19,"quantile",0.7,43.7112726383594
"3490",2021-05-15,"05","4  day ahead inc hosp",2021-05-19,"quantile",0.75,45.292823374804
"3491",2021-05-15,"05","4  day ahead inc hosp",2021-05-19,"quantile",0.8,47.1040415451723
"3492",2021-05-15,"05","4  day ahead inc hosp",2021-05-19,"quantile",0.85,49.2831970387318
"3493",2021-05-15,"05","4  day ahead inc hosp",2021-05-19,"quantile",0.9,52.1314740764057
"3494",2021-05-15,"05","4  day ahead inc hosp",2021-05-19,"quantile",0.95,56.5779431346266
"3495",2021-05-15,"05","4  day ahead inc hosp",2021-05-19,"quantile",0.975,60.6597648656567
"3496",2021-05-15,"05","4  day ahead inc hosp",2021-05-19,"quantile",0.99,65.6790873605424
"3497",2021-05-15,"05","5  day ahead inc hosp",2021-05-20,"quantile",0.01,18.4663923626069
"3498",2021-05-15,"05","5  day ahead inc hosp",2021-05-20,"quantile",0.025,20.624139194159
"3499",2021-05-15,"05","5  day ahead inc hosp",2021-05-20,"quantile",0.05,22.6265534198874
"3500",2021-05-15,"05","5  day ahead inc hosp",2021-05-20,"quantile",0.1,25.1123440136654
"3501",2021-05-15,"05","5  day ahead inc hosp",2021-05-20,"quantile",0.15,26.9015182589872
"3502",2021-05-15,"05","5  day ahead inc hosp",2021-05-20,"quantile",0.2,28.3903420850259
"3503",2021-05-15,"05","5  day ahead inc hosp",2021-05-20,"quantile",0.25,29.71614050137
"3504",2021-05-15,"05","5  day ahead inc hosp",2021-05-20,"quantile",0.3,30.9458377160256
"3505",2021-05-15,"05","5  day ahead inc hosp",2021-05-20,"quantile",0.35,32.119039916743
"3506",2021-05-15,"05","5  day ahead inc hosp",2021-05-20,"quantile",0.4,33.262841045459
"3507",2021-05-15,"05","5  day ahead inc hosp",2021-05-20,"quantile",0.45,34.3982973548518
"3508",2021-05-15,"05","5  day ahead inc hosp",2021-05-20,"quantile",0.5,35.5438917848213
"3509",2021-05-15,"05","5  day ahead inc hosp",2021-05-20,"quantile",0.55,36.7178652414375
"3510",2021-05-15,"05","5  day ahead inc hosp",2021-05-20,"quantile",0.6,37.9402986653502
"3511",2021-05-15,"05","5  day ahead inc hosp",2021-05-20,"quantile",0.65,39.2356007105005
"3512",2021-05-15,"05","5  day ahead inc hosp",2021-05-20,"quantile",0.7,40.6362557845819
"3513",2021-05-15,"05","5  day ahead inc hosp",2021-05-20,"quantile",0.75,42.1895025519659
"3514",2021-05-15,"05","5  day ahead inc hosp",2021-05-20,"quantile",0.8,43.9710577631324
"3515",2021-05-15,"05","5  day ahead inc hosp",2021-05-20,"quantile",0.85,46.1182315750619
"3516",2021-05-15,"05","5  day ahead inc hosp",2021-05-20,"quantile",0.9,48.9304705380732
"3517",2021-05-15,"05","5  day ahead inc hosp",2021-05-20,"quantile",0.95,53.3327910463682
"3518",2021-05-15,"05","5  day ahead inc hosp",2021-05-20,"quantile",0.975,57.3860245187531
"3519",2021-05-15,"05","5  day ahead inc hosp",2021-05-20,"quantile",0.99,62.3844518019978
"3520",2021-05-15,"05","6  day ahead inc hosp",2021-05-21,"quantile",0.01,19.778947532441
"3521",2021-05-15,"05","6  day ahead inc hosp",2021-05-21,"quantile",0.025,22.1297401038643
"3522",2021-05-15,"05","6  day ahead inc hosp",2021-05-21,"quantile",0.05,24.3139616360994
"3523",2021-05-15,"05","6  day ahead inc hosp",2021-05-21,"quantile",0.1,27.0285827089892
"3524",2021-05-15,"05","6  day ahead inc hosp",2021-05-21,"quantile",0.15,28.9843864627817
"3525",2021-05-15,"05","6  day ahead inc hosp",2021-05-21,"quantile",0.2,30.6129871959383
"3526",2021-05-15,"05","6  day ahead inc hosp",2021-05-21,"quantile",0.25,32.0640556683766
"3527",2021-05-15,"05","6  day ahead inc hosp",2021-05-21,"quantile",0.3,33.4105773949434
"3528",2021-05-15,"05","6  day ahead inc hosp",2021-05-21,"quantile",0.35,34.6957779915198
"3529",2021-05-15,"05","6  day ahead inc hosp",2021-05-21,"quantile",0.4,35.9492562280615
"3530",2021-05-15,"05","6  day ahead inc hosp",2021-05-21,"quantile",0.45,37.1940432203666
"3531",2021-05-15,"05","6  day ahead inc hosp",2021-05-21,"quantile",0.5,38.4503838399401
"3532",2021-05-15,"05","6  day ahead inc hosp",2021-05-21,"quantile",0.55,39.7382863756119
"3533",2021-05-15,"05","6  day ahead inc hosp",2021-05-21,"quantile",0.6,41.0798056448997
"3534",2021-05-15,"05","6  day ahead inc hosp",2021-05-21,"quantile",0.65,42.5017772493527
"3535",2021-05-15,"05","6  day ahead inc hosp",2021-05-21,"quantile",0.7,44.0399430481288
"3536",2021-05-15,"05","6  day ahead inc hosp",2021-05-21,"quantile",0.75,45.7463075463492
"3537",2021-05-15,"05","6  day ahead inc hosp",2021-05-21,"quantile",0.8,47.7042603174248
"3538",2021-05-15,"05","6  day ahead inc hosp",2021-05-21,"quantile",0.85,50.0650746833591
"3539",2021-05-15,"05","6  day ahead inc hosp",2021-05-21,"quantile",0.9,53.1587469062963
"3540",2021-05-15,"05","6  day ahead inc hosp",2021-05-21,"quantile",0.95,58.0050305638191
"3541",2021-05-15,"05","6  day ahead inc hosp",2021-05-21,"quantile",0.975,62.470376323352
"3542",2021-05-15,"05","6  day ahead inc hosp",2021-05-21,"quantile",0.99,67.981021752192
"3543",2021-05-15,"05","7  day ahead inc hosp",2021-05-22,"quantile",0.01,18.3633679123297
"3544",2021-05-15,"05","7  day ahead inc hosp",2021-05-22,"quantile",0.025,20.66272643682
"3545",2021-05-15,"05","7  day ahead inc hosp",2021-05-22,"quantile",0.05,22.8073869112363
"3546",2021-05-15,"05","7  day ahead inc hosp",2021-05-22,"quantile",0.1,25.4825655327538
"3547",2021-05-15,"05","7  day ahead inc hosp",2021-05-22,"quantile",0.15,27.4159371521778
"3548",2021-05-15,"05","7  day ahead inc hosp",2021-05-22,"quantile",0.2,29.0293421193404
"3549",2021-05-15,"05","7  day ahead inc hosp",2021-05-22,"quantile",0.25,30.4693586565954
"3550",2021-05-15,"05","7  day ahead inc hosp",2021-05-22,"quantile",0.3,31.8076032577098
"3551",2021-05-15,"05","7  day ahead inc hosp",2021-05-22,"quantile",0.35,33.086591541311
"3552",2021-05-15,"05","7  day ahead inc hosp",2021-05-22,"quantile",0.4,34.3355262493977
"3553",2021-05-15,"05","7  day ahead inc hosp",2021-05-22,"quantile",0.45,35.5772186083124
"3554",2021-05-15,"05","7  day ahead inc hosp",2021-05-22,"quantile",0.5,36.8318090805788
"3555",2021-05-15,"05","7  day ahead inc hosp",2021-05-22,"quantile",0.55,38.1192919187193
"3556",2021-05-15,"05","7  day ahead inc hosp",2021-05-22,"quantile",0.6,39.4617945834162
"3557",2021-05-15,"05","7  day ahead inc hosp",2021-05-22,"quantile",0.65,40.886327463542
"3558",2021-05-15,"05","7  day ahead inc hosp",2021-05-22,"quantile",0.7,42.4289511766875
"3559",2021-05-15,"05","7  day ahead inc hosp",2021-05-22,"quantile",0.75,44.1422242297777
"3560",2021-05-15,"05","7  day ahead inc hosp",2021-05-22,"quantile",0.8,46.1105305425166
"3561",2021-05-15,"05","7  day ahead inc hosp",2021-05-22,"quantile",0.85,48.487100108859
"3562",2021-05-15,"05","7  day ahead inc hosp",2021-05-22,"quantile",0.9,51.6065084615231
"3563",2021-05-15,"05","7  day ahead inc hosp",2021-05-22,"quantile",0.95,56.5038161892146
"3564",2021-05-15,"05","7  day ahead inc hosp",2021-05-22,"quantile",0.975,61.0267398376922
"3565",2021-05-15,"05","7  day ahead inc hosp",2021-05-22,"quantile",0.99,66.6210692743545
"3566",2021-05-15,"05","8  day ahead inc hosp",2021-05-23,"quantile",0.01,15.7616119473988
"3567",2021-05-15,"05","8  day ahead inc hosp",2021-05-23,"quantile",0.025,17.880125991659
"3568",2021-05-15,"05","8  day ahead inc hosp",2021-05-23,"quantile",0.05,19.8670250517351
"3569",2021-05-15,"05","8  day ahead inc hosp",2021-05-23,"quantile",0.1,22.3583497030068
"3570",2021-05-15,"05","8  day ahead inc hosp",2021-05-23,"quantile",0.15,24.1668199431192
"3571",2021-05-15,"05","8  day ahead inc hosp",2021-05-23,"quantile",0.2,25.6806397417381
"3572",2021-05-15,"05","8  day ahead inc hosp",2021-05-23,"quantile",0.25,27.0350936499972
"3573",2021-05-15,"05","8  day ahead inc hosp",2021-05-23,"quantile",0.3,28.2964661572356
"3574",2021-05-15,"05","8  day ahead inc hosp",2021-05-23,"quantile",0.35,29.5042430626884
"3575",2021-05-15,"05","8  day ahead inc hosp",2021-05-23,"quantile",0.4,30.6856675208778
"3576",2021-05-15,"05","8  day ahead inc hosp",2021-05-23,"quantile",0.45,31.8621390120442
"3577",2021-05-15,"05","8  day ahead inc hosp",2021-05-23,"quantile",0.5,33.0526710891397
"3578",2021-05-15,"05","8  day ahead inc hosp",2021-05-23,"quantile",0.55,34.2762588392092
"3579",2021-05-15,"05","8  day ahead inc hosp",2021-05-23,"quantile",0.6,35.5540417608009
"3580",2021-05-15,"05","8  day ahead inc hosp",2021-05-23,"quantile",0.65,36.9119394876477
"3581",2021-05-15,"05","8  day ahead inc hosp",2021-05-23,"quantile",0.7,38.3846709106048
"3582",2021-05-15,"05","8  day ahead inc hosp",2021-05-23,"quantile",0.75,40.0229591728514
"3583",2021-05-15,"05","8  day ahead inc hosp",2021-05-23,"quantile",0.8,41.9083830645724
"3584",2021-05-15,"05","8  day ahead inc hosp",2021-05-23,"quantile",0.85,44.1892838903055
"3585",2021-05-15,"05","8  day ahead inc hosp",2021-05-23,"quantile",0.9,47.1899818499505
"3586",2021-05-15,"05","8  day ahead inc hosp",2021-05-23,"quantile",0.95,51.915375995296
"3587",2021-05-15,"05","8  day ahead inc hosp",2021-05-23,"quantile",0.975,56.2938082437754
"3588",2021-05-15,"05","8  day ahead inc hosp",2021-05-23,"quantile",0.99,61.7265115622474
"3589",2021-05-15,"05","9  day ahead inc hosp",2021-05-24,"quantile",0.01,17.4050567698004
"3590",2021-05-15,"05","9  day ahead inc hosp",2021-05-24,"quantile",0.025,19.7520680700447
"3591",2021-05-15,"05","9  day ahead inc hosp",2021-05-24,"quantile",0.05,21.9538418008759
"3592",2021-05-15,"05","9  day ahead inc hosp",2021-05-24,"quantile",0.1,24.7152703704572
"3593",2021-05-15,"05","9  day ahead inc hosp",2021-05-24,"quantile",0.15,26.720227894666
"3594",2021-05-15,"05","9  day ahead inc hosp",2021-05-24,"quantile",0.2,28.3987642532829
"3595",2021-05-15,"05","9  day ahead inc hosp",2021-05-24,"quantile",0.25,29.900767522969
"3596",2021-05-15,"05","9  day ahead inc hosp",2021-05-24,"quantile",0.3,31.2996871897761
"3597",2021-05-15,"05","9  day ahead inc hosp",2021-05-24,"quantile",0.35,32.6392844131694
"3598",2021-05-15,"05","9  day ahead inc hosp",2021-05-24,"quantile",0.4,33.9497585365363
"3599",2021-05-15,"05","9  day ahead inc hosp",2021-05-24,"quantile",0.45,35.2548373846919
"3600",2021-05-15,"05","9  day ahead inc hosp",2021-05-24,"quantile",0.5,36.5756095210592
"3601",2021-05-15,"05","9  day ahead inc hosp",2021-05-24,"quantile",0.55,37.9331492587899
"3602",2021-05-15,"05","9  day ahead inc hosp",2021-05-24,"quantile",0.6,39.3509161582522
"3603",2021-05-15,"05","9  day ahead inc hosp",2021-05-24,"quantile",0.65,40.8576804794491
"3604",2021-05-15,"05","9  day ahead inc hosp",2021-05-24,"quantile",0.7,42.491985364615
"3605",2021-05-15,"05","9  day ahead inc hosp",2021-05-24,"quantile",0.75,44.3101472326123
"3606",2021-05-15,"05","9  day ahead inc hosp",2021-05-24,"quantile",0.8,46.4027478933219
"3607",2021-05-15,"05","9  day ahead inc hosp",2021-05-24,"quantile",0.85,48.9345101158315
"3608",2021-05-15,"05","9  day ahead inc hosp",2021-05-24,"quantile",0.9,52.26559067494
"3609",2021-05-15,"05","9  day ahead inc hosp",2021-05-24,"quantile",0.95,57.5120082787599
"3610",2021-05-15,"05","9  day ahead inc hosp",2021-05-24,"quantile",0.975,62.3739465622372
"3611",2021-05-15,"05","9  day ahead inc hosp",2021-05-24,"quantile",0.99,68.4074614117959
"3612",2021-05-15,"05","10  day ahead inc hosp",2021-05-25,"quantile",0.01,19.9826049838942
"3613",2021-05-15,"05","10  day ahead inc hosp",2021-05-25,"quantile",0.025,22.654398009639
"3614",2021-05-15,"05","10  day ahead inc hosp",2021-05-25,"quantile",0.05,25.1591515562741
"3615",2021-05-15,"05","10  day ahead inc hosp",2021-05-25,"quantile",0.1,28.2985584125825
"3616",2021-05-15,"05","10  day ahead inc hosp",2021-05-25,"quantile",0.15,30.5767117708926
"3617",2021-05-15,"05","10  day ahead inc hosp",2021-05-25,"quantile",0.2,32.4832456241497
"3618",2021-05-15,"05","10  day ahead inc hosp",2021-05-25,"quantile",0.25,34.1887536963205
"3619",2021-05-15,"05","10  day ahead inc hosp",2021-05-25,"quantile",0.3,35.7768027087089
"3620",2021-05-15,"05","10  day ahead inc hosp",2021-05-25,"quantile",0.35,37.2971604027093
"3621",2021-05-15,"05","10  day ahead inc hosp",2021-05-25,"quantile",0.4,38.784152193549
"3622",2021-05-15,"05","10  day ahead inc hosp",2021-05-25,"quantile",0.45,40.2647292067664
"3623",2021-05-15,"05","10  day ahead inc hosp",2021-05-25,"quantile",0.5,41.7628261908353
"3624",2021-05-15,"05","10  day ahead inc hosp",2021-05-25,"quantile",0.55,43.3023432393209
"3625",2021-05-15,"05","10  day ahead inc hosp",2021-05-25,"quantile",0.6,44.9098674186738
"3626",2021-05-15,"05","10  day ahead inc hosp",2021-05-25,"quantile",0.65,46.6179868707455
"3627",2021-05-15,"05","10  day ahead inc hosp",2021-05-25,"quantile",0.7,48.4703420572816
"3628",2021-05-15,"05","10  day ahead inc hosp",2021-05-25,"quantile",0.75,50.530678944312
"3629",2021-05-15,"05","10  day ahead inc hosp",2021-05-25,"quantile",0.8,52.9015078205806
"3630",2021-05-15,"05","10  day ahead inc hosp",2021-05-25,"quantile",0.85,55.7692121372911
"3631",2021-05-15,"05","10  day ahead inc hosp",2021-05-25,"quantile",0.9,59.541244561737
"3632",2021-05-15,"05","10  day ahead inc hosp",2021-05-25,"quantile",0.95,65.4799405999478
"3633",2021-05-15,"05","10  day ahead inc hosp",2021-05-25,"quantile",0.975,70.981237705631
"3634",2021-05-15,"05","10  day ahead inc hosp",2021-05-25,"quantile",0.99,77.8055631308685
"3635",2021-05-15,"05","11  day ahead inc hosp",2021-05-26,"quantile",0.01,18.8062887484583
"3636",2021-05-15,"05","11  day ahead inc hosp",2021-05-26,"quantile",0.025,21.4292171193552
"3637",2021-05-15,"05","11  day ahead inc hosp",2021-05-26,"quantile",0.05,23.896605247819
"3638",2021-05-15,"05","11  day ahead inc hosp",2021-05-26,"quantile",0.1,26.9991859338429
"3639",2021-05-15,"05","11  day ahead inc hosp",2021-05-26,"quantile",0.15,29.2567820843669
"3640",2021-05-15,"05","11  day ahead inc hosp",2021-05-26,"quantile",0.2,31.14970441717
"3641",2021-05-15,"05","11  day ahead inc hosp",2021-05-26,"quantile",0.25,32.8456035520886
"3642",2021-05-15,"05","11  day ahead inc hosp",2021-05-26,"quantile",0.3,34.4267493138408
"3643",2021-05-15,"05","11  day ahead inc hosp",2021-05-26,"quantile",0.35,35.9422430330239
"3644",2021-05-15,"05","11  day ahead inc hosp",2021-05-26,"quantile",0.4,37.4260455366353
"3645",2021-05-15,"05","11  day ahead inc hosp",2021-05-26,"quantile",0.45,38.9049145782898
"3646",2021-05-15,"05","11  day ahead inc hosp",2021-05-26,"quantile",0.5,40.4027062046677
"3647",2021-05-15,"05","11  day ahead inc hosp",2021-05-26,"quantile",0.55,41.9433345376528
"3648",2021-05-15,"05","11  day ahead inc hosp",2021-05-26,"quantile",0.6,43.5534930787037
"3649",2021-05-15,"05","11  day ahead inc hosp",2021-05-26,"quantile",0.65,45.2659889251888
"3650",2021-05-15,"05","11  day ahead inc hosp",2021-05-26,"quantile",0.7,47.1248434842526
"3651",2021-05-15,"05","11  day ahead inc hosp",2021-05-26,"quantile",0.75,49.1944512190937
"3652",2021-05-15,"05","11  day ahead inc hosp",2021-05-26,"quantile",0.8,51.5784738357988
"3653",2021-05-15,"05","11  day ahead inc hosp",2021-05-26,"quantile",0.85,54.465545991491
"3654",2021-05-15,"05","11  day ahead inc hosp",2021-05-26,"quantile",0.9,58.2683652270653
"3655",2021-05-15,"05","11  day ahead inc hosp",2021-05-26,"quantile",0.95,64.2667281221136
"3656",2021-05-15,"05","11  day ahead inc hosp",2021-05-26,"quantile",0.975,69.8343587279949
"3657",2021-05-15,"05","11  day ahead inc hosp",2021-05-26,"quantile",0.99,76.7542129603346
"3658",2021-05-15,"05","12  day ahead inc hosp",2021-05-27,"quantile",0.01,18.2443968086411
"3659",2021-05-15,"05","12  day ahead inc hosp",2021-05-27,"quantile",0.025,20.874481855006
"3660",2021-05-15,"05","12  day ahead inc hosp",2021-05-27,"quantile",0.05,23.3554693663202
"3661",2021-05-15,"05","12  day ahead inc hosp",2021-05-27,"quantile",0.1,26.4832938531851
"3662",2021-05-15,"05","12  day ahead inc hosp",2021-05-27,"quantile",0.15,28.7642777173606
"3663",2021-05-15,"05","12  day ahead inc hosp",2021-05-27,"quantile",0.2,30.6797342752342
"3664",2021-05-15,"05","12  day ahead inc hosp",2021-05-27,"quantile",0.25,32.3979125492026
"3665",2021-05-15,"05","12  day ahead inc hosp",2021-05-27,"quantile",0.3,34.0014943965295
"3666",2021-05-15,"05","12  day ahead inc hosp",2021-05-27,"quantile",0.35,35.539913936871
"3667",2021-05-15,"05","12  day ahead inc hosp",2021-05-27,"quantile",0.4,37.0474401682634
"3668",2021-05-15,"05","12  day ahead inc hosp",2021-05-27,"quantile",0.45,38.5511498111199
"3669",2021-05-15,"05","12  day ahead inc hosp",2021-05-27,"quantile",0.5,40.07525938969
"3670",2021-05-15,"05","12  day ahead inc hosp",2021-05-27,"quantile",0.55,41.6441199213534
"3671",2021-05-15,"05","12  day ahead inc hosp",2021-05-27,"quantile",0.6,43.2849864422499
"3672",2021-05-15,"05","12  day ahead inc hosp",2021-05-27,"quantile",0.65,45.0314279835431
"3673",2021-05-15,"05","12  day ahead inc hosp",2021-05-27,"quantile",0.7,46.9285594051704
"3674",2021-05-15,"05","12  day ahead inc hosp",2021-05-27,"quantile",0.75,49.0424492291975
"3675",2021-05-15,"05","12  day ahead inc hosp",2021-05-27,"quantile",0.8,51.4795420956478
"3676",2021-05-15,"05","12  day ahead inc hosp",2021-05-27,"quantile",0.85,54.4336650244571
"3677",2021-05-15,"05","12  day ahead inc hosp",2021-05-27,"quantile",0.9,58.329139283027
"3678",2021-05-15,"05","12  day ahead inc hosp",2021-05-27,"quantile",0.95,64.4827977789026
"3679",2021-05-15,"05","12  day ahead inc hosp",2021-05-27,"quantile",0.975,70.2036119629321
"3680",2021-05-15,"05","12  day ahead inc hosp",2021-05-27,"quantile",0.99,77.3246802729554
"3681",2021-05-15,"05","13  day ahead inc hosp",2021-05-28,"quantile",0.01,18.9291652601695
"3682",2021-05-15,"05","13  day ahead inc hosp",2021-05-28,"quantile",0.025,21.697239955161
"3683",2021-05-15,"05","13  day ahead inc hosp",2021-05-28,"quantile",0.05,24.3115880678609
"3684",2021-05-15,"05","13  day ahead inc hosp",2021-05-28,"quantile",0.1,27.6113291751104
"3685",2021-05-15,"05","13  day ahead inc hosp",2021-05-28,"quantile",0.15,30.0200170640896
"3686",2021-05-15,"05","13  day ahead inc hosp",2021-05-28,"quantile",0.2,32.044071847954
"3687",2021-05-15,"05","13  day ahead inc hosp",2021-05-28,"quantile",0.25,33.8606345674277
"3688",2021-05-15,"05","13  day ahead inc hosp",2021-05-28,"quantile",0.3,35.5568120761813
"3689",2021-05-15,"05","13  day ahead inc hosp",2021-05-28,"quantile",0.35,37.1847247225027
"3690",2021-05-15,"05","13  day ahead inc hosp",2021-05-28,"quantile",0.4,38.7805401210292
"3691",2021-05-15,"05","13  day ahead inc hosp",2021-05-28,"quantile",0.45,40.3728706878504
"3692",2021-05-15,"05","13  day ahead inc hosp",2021-05-28,"quantile",0.5,41.9873418787472
"3693",2021-05-15,"05","13  day ahead inc hosp",2021-05-28,"quantile",0.55,43.64975657329
"3694",2021-05-15,"05","13  day ahead inc hosp",2021-05-28,"quantile",0.6,45.3890290525277
"3695",2021-05-15,"05","13  day ahead inc hosp",2021-05-28,"quantile",0.65,47.2408051887604
"3696",2021-05-15,"05","13  day ahead inc hosp",2021-05-28,"quantile",0.7,49.253023831413
"3697",2021-05-15,"05","13  day ahead inc hosp",2021-05-28,"quantile",0.75,51.4959235296545
"3698",2021-05-15,"05","13  day ahead inc hosp",2021-05-28,"quantile",0.8,54.08270804344
"3699",2021-05-15,"05","13  day ahead inc hosp",2021-05-28,"quantile",0.85,57.2195715327451
"3700",2021-05-15,"05","13  day ahead inc hosp",2021-05-28,"quantile",0.9,61.3580313874836
"3701",2021-05-15,"05","13  day ahead inc hosp",2021-05-28,"quantile",0.95,67.8997804164322
"3702",2021-05-15,"05","13  day ahead inc hosp",2021-05-28,"quantile",0.975,73.985584610315
"3703",2021-05-15,"05","13  day ahead inc hosp",2021-05-28,"quantile",0.99,81.5660066358447
"3704",2021-05-15,"05","14  day ahead inc hosp",2021-05-29,"quantile",0.01,17.7361363594786
"3705",2021-05-15,"05","14  day ahead inc hosp",2021-05-29,"quantile",0.025,20.4358448776096
"3706",2021-05-15,"05","14  day ahead inc hosp",2021-05-29,"quantile",0.05,22.9945851306019
"3707",2021-05-15,"05","14  day ahead inc hosp",2021-05-29,"quantile",0.1,26.2347861060978
"3708",2021-05-15,"05","14  day ahead inc hosp",2021-05-29,"quantile",0.15,28.6065805119857
"3709",2021-05-15,"05","14  day ahead inc hosp",2021-05-29,"quantile",0.2,30.6034635872408
"3710",2021-05-15,"05","14  day ahead inc hosp",2021-05-29,"quantile",0.25,32.3983799878584
"3711",2021-05-15,"05","14  day ahead inc hosp",2021-05-29,"quantile",0.3,34.0765287366446
"3712",2021-05-15,"05","14  day ahead inc hosp",2021-05-29,"quantile",0.35,35.6890034006015
"3713",2021-05-15,"05","14  day ahead inc hosp",2021-05-29,"quantile",0.4,37.2713622950446
"3714",2021-05-15,"05","14  day ahead inc hosp",2021-05-29,"quantile",0.45,38.8518365180332
"3715",2021-05-15,"05","14  day ahead inc hosp",2021-05-29,"quantile",0.5,40.4558104036101
"3716",2021-05-15,"05","14  day ahead inc hosp",2021-05-29,"quantile",0.55,42.1089433707628
"3717",2021-05-15,"05","14  day ahead inc hosp",2021-05-29,"quantile",0.6,43.8400857507959
"3718",2021-05-15,"05","14  day ahead inc hosp",2021-05-29,"quantile",0.65,45.6848984384303
"3719",2021-05-15,"05","14  day ahead inc hosp",2021-05-29,"quantile",0.7,47.6914332884183
"3720",2021-05-15,"05","14  day ahead inc hosp",2021-05-29,"quantile",0.75,49.9301918112368
"3721",2021-05-15,"05","14  day ahead inc hosp",2021-05-29,"quantile",0.8,52.5149168376884
"3722",2021-05-15,"05","14  day ahead inc hosp",2021-05-29,"quantile",0.85,55.6529528784499
"3723",2021-05-15,"05","14  day ahead inc hosp",2021-05-29,"quantile",0.9,59.798684416328
"3724",2021-05-15,"05","14  day ahead inc hosp",2021-05-29,"quantile",0.95,66.3640164618538
"3725",2021-05-15,"05","14  day ahead inc hosp",2021-05-29,"quantile",0.975,72.4837178454966
"3726",2021-05-15,"05","14  day ahead inc hosp",2021-05-29,"quantile",0.99,80.1206982683715
"3727",2021-05-15,"05","15  day ahead inc hosp",2021-05-30,"quantile",0.01,15.9673186367119
"3728",2021-05-15,"05","15  day ahead inc hosp",2021-05-30,"quantile",0.025,18.6164998906535
"3729",2021-05-15,"05","15  day ahead inc hosp",2021-05-30,"quantile",0.05,21.1473895634515
"3730",2021-05-15,"05","15  day ahead inc hosp",2021-05-30,"quantile",0.1,24.3762249599825
"3731",2021-05-15,"05","15  day ahead inc hosp",2021-05-30,"quantile",0.15,26.7544918782107
"3732",2021-05-15,"05","15  day ahead inc hosp",2021-05-30,"quantile",0.2,28.7654712247788
"3733",2021-05-15,"05","15  day ahead inc hosp",2021-05-30,"quantile",0.25,30.579254831484
"3734",2021-05-15,"05","15  day ahead inc hosp",2021-05-30,"quantile",0.3,32.2799881923052
"3735",2021-05-15,"05","15  day ahead inc hosp",2021-05-30,"quantile",0.35,33.9183942159896
"3736",2021-05-15,"05","15  day ahead inc hosp",2021-05-30,"quantile",0.4,35.5300088281786
"3737",2021-05-15,"05","15  day ahead inc hosp",2021-05-30,"quantile",0.45,37.1432752802297
"3738",2021-05-15,"05","15  day ahead inc hosp",2021-05-30,"quantile",0.5,38.7839975630351
"3739",2021-05-15,"05","15  day ahead inc hosp",2021-05-30,"quantile",0.55,40.478485272288
"3740",2021-05-15,"05","15  day ahead inc hosp",2021-05-30,"quantile",0.6,42.2565395054466
"3741",2021-05-15,"05","15  day ahead inc hosp",2021-05-30,"quantile",0.65,44.155209077227
"3742",2021-05-15,"05","15  day ahead inc hosp",2021-05-30,"quantile",0.7,46.2246262759307
"3743",2021-05-15,"05","15  day ahead inc hosp",2021-05-30,"quantile",0.75,48.53856599042
"3744",2021-05-15,"05","15  day ahead inc hosp",2021-05-30,"quantile",0.8,51.2163145404427
"3745",2021-05-15,"05","15  day ahead inc hosp",2021-05-30,"quantile",0.85,54.4757073935439
"3746",2021-05-15,"05","15  day ahead inc hosp",2021-05-30,"quantile",0.9,58.7949208323504
"3747",2021-05-15,"05","15  day ahead inc hosp",2021-05-30,"quantile",0.95,65.6628220016339
"3748",2021-05-15,"05","15  day ahead inc hosp",2021-05-30,"quantile",0.975,72.0921472118698
"3749",2021-05-15,"05","15  day ahead inc hosp",2021-05-30,"quantile",0.99,80.1486717272647
"3750",2021-05-15,"05","16  day ahead inc hosp",2021-05-31,"quantile",0.01,17.3550363327393
"3751",2021-05-15,"05","16  day ahead inc hosp",2021-05-31,"quantile",0.025,20.2682220704814
"3752",2021-05-15,"05","16  day ahead inc hosp",2021-05-31,"quantile",0.05,23.0544454901821
"3753",2021-05-15,"05","16  day ahead inc hosp",2021-05-31,"quantile",0.1,26.6127397885375
"3754",2021-05-15,"05","16  day ahead inc hosp",2021-05-31,"quantile",0.15,29.2359678935901
"3755",2021-05-15,"05","16  day ahead inc hosp",2021-05-31,"quantile",0.2,31.4554144067416
"3756",2021-05-15,"05","16  day ahead inc hosp",2021-05-31,"quantile",0.25,33.4581795207147
"3757",2021-05-15,"05","16  day ahead inc hosp",2021-05-31,"quantile",0.3,35.3368780079405
"3758",2021-05-15,"05","16  day ahead inc hosp",2021-05-31,"quantile",0.35,37.1473790769253
"3759",2021-05-15,"05","16  day ahead inc hosp",2021-05-31,"quantile",0.4,38.9288610594258
"3760",2021-05-15,"05","16  day ahead inc hosp",2021-05-31,"quantile",0.45,40.7127185497664
"3761",2021-05-15,"05","16  day ahead inc hosp",2021-05-31,"quantile",0.5,42.5274685661659
"3762",2021-05-15,"05","16  day ahead inc hosp",2021-05-31,"quantile",0.55,44.4022217126082
"3763",2021-05-15,"05","16  day ahead inc hosp",2021-05-31,"quantile",0.6,46.3699854242692
"3764",2021-05-15,"05","16  day ahead inc hosp",2021-05-31,"quantile",0.65,48.4718269890404
"3765",2021-05-15,"05","16  day ahead inc hosp",2021-05-31,"quantile",0.7,50.7633481062816
"3766",2021-05-15,"05","16  day ahead inc hosp",2021-05-31,"quantile",0.75,53.3264058950662
"3767",2021-05-15,"05","16  day ahead inc hosp",2021-05-31,"quantile",0.8,56.2933945253253
"3768",2021-05-15,"05","16  day ahead inc hosp",2021-05-31,"quantile",0.85,59.9061449818586
"3769",2021-05-15,"05","16  day ahead inc hosp",2021-05-31,"quantile",0.9,64.6956288062736
"3770",2021-05-15,"05","16  day ahead inc hosp",2021-05-31,"quantile",0.95,72.3155617664129
"3771",2021-05-15,"05","16  day ahead inc hosp",2021-05-31,"quantile",0.975,79.4531166374004
"3772",2021-05-15,"05","16  day ahead inc hosp",2021-05-31,"quantile",0.99,88.402184361388
"3773",2021-05-15,"05","17  day ahead inc hosp",2021-06-01,"quantile",0.01,17.6115461142363
"3774",2021-05-15,"05","17  day ahead inc hosp",2021-06-01,"quantile",0.025,20.6378612773258
"3775",2021-05-15,"05","17  day ahead inc hosp",2021-06-01,"quantile",0.05,23.5388974747331
"3776",2021-05-15,"05","17  day ahead inc hosp",2021-06-01,"quantile",0.1,27.2517020694516
"3777",2021-05-15,"05","17  day ahead inc hosp",2021-06-01,"quantile",0.15,29.9937076652036
"3778",2021-05-15,"05","17  day ahead inc hosp",2021-06-01,"quantile",0.2,32.316491545204
"3779",2021-05-15,"05","17  day ahead inc hosp",2021-06-01,"quantile",0.25,34.4145408594528
"3780",2021-05-15,"05","17  day ahead inc hosp",2021-06-01,"quantile",0.3,36.3842442721417
"3781",2021-05-15,"05","17  day ahead inc hosp",2021-06-01,"quantile",0.35,38.2838350247277
"3782",2021-05-15,"05","17  day ahead inc hosp",2021-06-01,"quantile",0.4,40.1542281062528
"3783",2021-05-15,"05","17  day ahead inc hosp",2021-06-01,"quantile",0.45,42.0282864108459
"3784",2021-05-15,"05","17  day ahead inc hosp",2021-06-01,"quantile",0.5,43.9359364751189
"3785",2021-05-15,"05","17  day ahead inc hosp",2021-06-01,"quantile",0.55,45.9078019720857
"3786",2021-05-15,"05","17  day ahead inc hosp",2021-06-01,"quantile",0.6,47.9786775315009
"3787",2021-05-15,"05","17  day ahead inc hosp",2021-06-01,"quantile",0.65,50.1919228862086
"3788",2021-05-15,"05","17  day ahead inc hosp",2021-06-01,"quantile",0.7,52.6063113019701
"3789",2021-05-15,"05","17  day ahead inc hosp",2021-06-01,"quantile",0.75,55.3084402605075
"3790",2021-05-15,"05","17  day ahead inc hosp",2021-06-01,"quantile",0.8,58.4384555789372
"3791",2021-05-15,"05","17  day ahead inc hosp",2021-06-01,"quantile",0.85,62.252472344247
"3792",2021-05-15,"05","17  day ahead inc hosp",2021-06-01,"quantile",0.9,67.3130857514646
"3793",2021-05-15,"05","17  day ahead inc hosp",2021-06-01,"quantile",0.95,75.3734958938653
"3794",2021-05-15,"05","17  day ahead inc hosp",2021-06-01,"quantile",0.975,82.9326767989537
"3795",2021-05-15,"05","17  day ahead inc hosp",2021-06-01,"quantile",0.99,92.4212288362384
"3796",2021-05-15,"05","18  day ahead inc hosp",2021-06-02,"quantile",0.01,17.5534069078768
"3797",2021-05-15,"05","18  day ahead inc hosp",2021-06-02,"quantile",0.025,20.6519272247185
"3798",2021-05-15,"05","18  day ahead inc hosp",2021-06-02,"quantile",0.05,23.6301319708063
"3799",2021-05-15,"05","18  day ahead inc hosp",2021-06-02,"quantile",0.1,27.4511858443548
"3800",2021-05-15,"05","18  day ahead inc hosp",2021-06-02,"quantile",0.15,30.279001560562
"3801",2021-05-15,"05","18  day ahead inc hosp",2021-06-02,"quantile",0.2,32.6779012164805
"3802",2021-05-15,"05","18  day ahead inc hosp",2021-06-02,"quantile",0.25,34.847155323021
"3803",2021-05-15,"05","18  day ahead inc hosp",2021-06-02,"quantile",0.3,36.885664926908
"3804",2021-05-15,"05","18  day ahead inc hosp",2021-06-02,"quantile",0.35,38.8532870119719
"3805",2021-05-15,"05","18  day ahead inc hosp",2021-06-02,"quantile",0.4,40.7921729801016
"3806",2021-05-15,"05","18  day ahead inc hosp",2021-06-02,"quantile",0.45,42.7362716489149
"3807",2021-05-15,"05","18  day ahead inc hosp",2021-06-02,"quantile",0.5,44.7165901003469
"3808",2021-05-15,"05","18  day ahead inc hosp",2021-06-02,"quantile",0.55,46.764947290113
"3809",2021-05-15,"05","18  day ahead inc hosp",2021-06-02,"quantile",0.6,48.9175821702269
"3810",2021-05-15,"05","18  day ahead inc hosp",2021-06-02,"quantile",0.65,51.2197371740889
"3811",2021-05-15,"05","18  day ahead inc hosp",2021-06-02,"quantile",0.7,53.7328190490619
"3812",2021-05-15,"05","18  day ahead inc hosp",2021-06-02,"quantile",0.75,56.5473910997677
"3813",2021-05-15,"05","18  day ahead inc hosp",2021-06-02,"quantile",0.8,59.8101192540567
"3814",2021-05-15,"05","18  day ahead inc hosp",2021-06-02,"quantile",0.85,63.7891848477114
"3815",2021-05-15,"05","18  day ahead inc hosp",2021-06-02,"quantile",0.9,69.0740041697313
"3816",2021-05-15,"05","18  day ahead inc hosp",2021-06-02,"quantile",0.95,77.5025614795526
"3817",2021-05-15,"05","18  day ahead inc hosp",2021-06-02,"quantile",0.975,85.4179373887947
"3818",2021-05-15,"05","18  day ahead inc hosp",2021-06-02,"quantile",0.99,95.3667456150785
"3819",2021-05-15,"05","19  day ahead inc hosp",2021-06-03,"quantile",0.01,16.6431294031572
"3820",2021-05-15,"05","19  day ahead inc hosp",2021-06-03,"quantile",0.025,19.6977683869206
"3821",2021-05-15,"05","19  day ahead inc hosp",2021-06-03,"quantile",0.05,22.6455117154165
"3822",2021-05-15,"05","19  day ahead inc hosp",2021-06-03,"quantile",0.1,26.4414848042404
"3823",2021-05-15,"05","19  day ahead inc hosp",2021-06-03,"quantile",0.15,29.2594047208446
"3824",2021-05-15,"05","19  day ahead inc hosp",2021-06-03,"quantile",0.2,31.6549745108588
"3825",2021-05-15,"05","19  day ahead inc hosp",2021-06-03,"quantile",0.25,33.8248481716788
"3826",2021-05-15,"05","19  day ahead inc hosp",2021-06-03,"quantile",0.3,35.8668382301312
"3827",2021-05-15,"05","19  day ahead inc hosp",2021-06-03,"quantile",0.35,37.840300361462
"3828",2021-05-15,"05","19  day ahead inc hosp",2021-06-03,"quantile",0.4,39.7871752426671
"3829",2021-05-15,"05","19  day ahead inc hosp",2021-06-03,"quantile",0.45,41.7413801460878
"3830",2021-05-15,"05","19  day ahead inc hosp",2021-06-03,"quantile",0.5,43.7340295397347
"3831",2021-05-15,"05","19  day ahead inc hosp",2021-06-03,"quantile",0.55,45.7971854094656
"3832",2021-05-15,"05","19  day ahead inc hosp",2021-06-03,"quantile",0.6,47.9674911541609
"3833",2021-05-15,"05","19  day ahead inc hosp",2021-06-03,"quantile",0.65,50.2908165975265
"3834",2021-05-15,"05","19  day ahead inc hosp",2021-06-03,"quantile",0.7,52.8295404800784
"3835",2021-05-15,"05","19  day ahead inc hosp",2021-06-03,"quantile",0.75,55.6757861829151
"3836",2021-05-15,"05","19  day ahead inc hosp",2021-06-03,"quantile",0.8,58.9788972139325
"3837",2021-05-15,"05","19  day ahead inc hosp",2021-06-03,"quantile",0.85,63.0121749245587
"3838",2021-05-15,"05","19  day ahead inc hosp",2021-06-03,"quantile",0.9,68.3767589976318
"3839",2021-05-15,"05","19  day ahead inc hosp",2021-06-03,"quantile",0.95,76.9489866523392
"3840",2021-05-15,"05","19  day ahead inc hosp",2021-06-03,"quantile",0.975,85.0156101530846
"3841",2021-05-15,"05","19  day ahead inc hosp",2021-06-03,"quantile",0.99,95.1741561150264
"3842",2021-05-15,"05","20  day ahead inc hosp",2021-06-04,"quantile",0.01,16.4518466212681
"3843",2021-05-15,"05","20  day ahead inc hosp",2021-06-04,"quantile",0.025,19.5535484976245
"3844",2021-05-15,"05","20  day ahead inc hosp",2021-06-04,"quantile",0.05,22.5551495306489
"3845",2021-05-15,"05","20  day ahead inc hosp",2021-06-04,"quantile",0.1,26.4305716300843
"3846",2021-05-15,"05","20  day ahead inc hosp",2021-06-04,"quantile",0.15,29.3137169566438
"3847",2021-05-15,"05","20  day ahead inc hosp",2021-06-04,"quantile",0.2,31.7683872519605
"3848",2021-05-15,"05","20  day ahead inc hosp",2021-06-04,"quantile",0.25,33.9944106459178
"3849",2021-05-15,"05","20  day ahead inc hosp",2021-06-04,"quantile",0.3,36.0913307214969
"3850",2021-05-15,"05","20  day ahead inc hosp",2021-06-04,"quantile",0.35,38.1196680747655
"3851",2021-05-15,"05","20  day ahead inc hosp",2021-06-04,"quantile",0.4,40.1222899679337
"3852",2021-05-15,"05","20  day ahead inc hosp",2021-06-04,"quantile",0.45,42.1339632932122
"3853",2021-05-15,"05","20  day ahead inc hosp",2021-06-04,"quantile",0.5,44.1866805058761
"3854",2021-05-15,"05","20  day ahead inc hosp",2021-06-04,"quantile",0.55,46.3135041283767
"3855",2021-05-15,"05","20  day ahead inc hosp",2021-06-04,"quantile",0.6,48.5523128476474
"3856",2021-05-15,"05","20  day ahead inc hosp",2021-06-04,"quantile",0.65,50.9506106396811
"3857",2021-05-15,"05","20  day ahead inc hosp",2021-06-04,"quantile",0.7,53.573084820484
"3858",2021-05-15,"05","20  day ahead inc hosp",2021-06-04,"quantile",0.75,56.515358837479
"3859",2021-05-15,"05","20  day ahead inc hosp",2021-06-04,"quantile",0.8,59.932558613757
"3860",2021-05-15,"05","20  day ahead inc hosp",2021-06-04,"quantile",0.85,64.1087285446171
"3861",2021-05-15,"05","20  day ahead inc hosp",2021-06-04,"quantile",0.9,69.6689775210658
"3862",2021-05-15,"05","20  day ahead inc hosp",2021-06-04,"quantile",0.95,78.5657559533807
"3863",2021-05-15,"05","20  day ahead inc hosp",2021-06-04,"quantile",0.975,86.9495869673581
"3864",2021-05-15,"05","20  day ahead inc hosp",2021-06-04,"quantile",0.99,97.5217978377019
"3865",2021-05-15,"05","21  day ahead inc hosp",2021-06-05,"quantile",0.01,14.5689222680695
"3866",2021-05-15,"05","21  day ahead inc hosp",2021-06-05,"quantile",0.025,17.4716417737518
"3867",2021-05-15,"05","21  day ahead inc hosp",2021-06-05,"quantile",0.05,20.2975553390137
"3868",2021-05-15,"05","21  day ahead inc hosp",2021-06-05,"quantile",0.1,23.9663787561815
"3869",2021-05-15,"05","21  day ahead inc hosp",2021-06-05,"quantile",0.15,26.7083739416289
"3870",2021-05-15,"05","21  day ahead inc hosp",2021-06-05,"quantile",0.2,29.0502188584077
"3871",2021-05-15,"05","21  day ahead inc hosp",2021-06-05,"quantile",0.25,31.1792006145409
"3872",2021-05-15,"05","21  day ahead inc hosp",2021-06-05,"quantile",0.3,33.1889225129263
"3873",2021-05-15,"05","21  day ahead inc hosp",2021-06-05,"quantile",0.35,35.1365253653715
"3874",2021-05-15,"05","21  day ahead inc hosp",2021-06-05,"quantile",0.4,37.0626923918604
"3875",2021-05-15,"05","21  day ahead inc hosp",2021-06-05,"quantile",0.45,39.0006226001459
"3876",2021-05-15,"05","21  day ahead inc hosp",2021-06-05,"quantile",0.5,40.9810653810266
"3877",2021-05-15,"05","21  day ahead inc hosp",2021-06-05,"quantile",0.55,43.0359923547255
"3878",2021-05-15,"05","21  day ahead inc hosp",2021-06-05,"quantile",0.6,45.2022176672277
"3879",2021-05-15,"05","21  day ahead inc hosp",2021-06-05,"quantile",0.65,47.526087351889
"3880",2021-05-15,"05","21  day ahead inc hosp",2021-06-05,"quantile",0.7,50.0708858932327
"3881",2021-05-15,"05","21  day ahead inc hosp",2021-06-05,"quantile",0.75,52.9303460645269
"3882",2021-05-15,"05","21  day ahead inc hosp",2021-06-05,"quantile",0.8,56.2567459910198
"3883",2021-05-15,"05","21  day ahead inc hosp",2021-06-05,"quantile",0.85,60.3292429794286
"3884",2021-05-15,"05","21  day ahead inc hosp",2021-06-05,"quantile",0.9,65.7628830798959
"3885",2021-05-15,"05","21  day ahead inc hosp",2021-06-05,"quantile",0.95,74.4813436236486
"3886",2021-05-15,"05","21  day ahead inc hosp",2021-06-05,"quantile",0.975,82.7212461796069
"3887",2021-05-15,"05","21  day ahead inc hosp",2021-06-05,"quantile",0.99,93.1410079631802
"3888",2021-05-15,"05","22  day ahead inc hosp",2021-06-06,"quantile",0.01,12.0114466072458
"3889",2021-05-15,"05","22  day ahead inc hosp",2021-06-06,"quantile",0.025,14.5875739323417
"3890",2021-05-15,"05","22  day ahead inc hosp",2021-06-06,"quantile",0.05,17.1167042530363
"3891",2021-05-15,"05","22  day ahead inc hosp",2021-06-06,"quantile",0.1,20.4256925901253
"3892",2021-05-15,"05","22  day ahead inc hosp",2021-06-06,"quantile",0.15,22.9145891489432
"3893",2021-05-15,"05","22  day ahead inc hosp",2021-06-06,"quantile",0.2,25.0495576503305
"3894",2021-05-15,"05","22  day ahead inc hosp",2021-06-06,"quantile",0.25,26.9971421914305
"3895",2021-05-15,"05","22  day ahead inc hosp",2021-06-06,"quantile",0.3,28.8409693766087
"3896",2021-05-15,"05","22  day ahead inc hosp",2021-06-06,"quantile",0.35,30.6323863651157
"3897",2021-05-15,"05","22  day ahead inc hosp",2021-06-06,"quantile",0.4,32.4082205751242
"3898",2021-05-15,"05","22  day ahead inc hosp",2021-06-06,"quantile",0.45,34.1987850588926
"3899",2021-05-15,"05","22  day ahead inc hosp",2021-06-06,"quantile",0.5,36.0324109727778
"3900",2021-05-15,"05","22  day ahead inc hosp",2021-06-06,"quantile",0.55,37.9388016346809
"3901",2021-05-15,"05","22  day ahead inc hosp",2021-06-06,"quantile",0.6,39.9523936415418
"3902",2021-05-15,"05","22  day ahead inc hosp",2021-06-06,"quantile",0.65,42.1167632423903
"3903",2021-05-15,"05","22  day ahead inc hosp",2021-06-06,"quantile",0.7,44.4916320443249
"3904",2021-05-15,"05","22  day ahead inc hosp",2021-06-06,"quantile",0.75,47.1656866974202
"3905",2021-05-15,"05","22  day ahead inc hosp",2021-06-06,"quantile",0.8,50.28328527906
"3906",2021-05-15,"05","22  day ahead inc hosp",2021-06-06,"quantile",0.85,54.1094831639758
"3907",2021-05-15,"05","22  day ahead inc hosp",2021-06-06,"quantile",0.9,59.229144412221
"3908",2021-05-15,"05","22  day ahead inc hosp",2021-06-06,"quantile",0.95,67.4749690670636
"3909",2021-05-15,"05","22  day ahead inc hosp",2021-06-06,"quantile",0.975,75.299178354211
"3910",2021-05-15,"05","22  day ahead inc hosp",2021-06-06,"quantile",0.99,85.2306891728137
"3911",2021-05-15,"05","23  day ahead inc hosp",2021-06-07,"quantile",0.01,14.4394811555557
"3912",2021-05-15,"05","23  day ahead inc hosp",2021-06-07,"quantile",0.025,17.4500516169432
"3913",2021-05-15,"05","23  day ahead inc hosp",2021-06-07,"quantile",0.05,20.3960145787405
"3914",2021-05-15,"05","23  day ahead inc hosp",2021-06-07,"quantile",0.1,24.23877010846
"3915",2021-05-15,"05","23  day ahead inc hosp",2021-06-07,"quantile",0.15,27.1219738534812
"3916",2021-05-15,"05","23  day ahead inc hosp",2021-06-07,"quantile",0.2,29.5909887239475
"3917",2021-05-15,"05","23  day ahead inc hosp",2021-06-07,"quantile",0.25,31.8402978282417
"3918",2021-05-15,"05","23  day ahead inc hosp",2021-06-07,"quantile",0.3,33.9673775521574
"3919",2021-05-15,"05","23  day ahead inc hosp",2021-06-07,"quantile",0.35,36.0319428482817
"3920",2021-05-15,"05","23  day ahead inc hosp",2021-06-07,"quantile",0.4,38.0766997510176
"3921",2021-05-15,"05","23  day ahead inc hosp",2021-06-07,"quantile",0.45,40.1366817718556
"3922",2021-05-15,"05","23  day ahead inc hosp",2021-06-07,"quantile",0.5,42.244517106209
"3923",2021-05-15,"05","23  day ahead inc hosp",2021-06-07,"quantile",0.55,44.4343042889671
"3924",2021-05-15,"05","23  day ahead inc hosp",2021-06-07,"quantile",0.6,46.7454716194972
"3925",2021-05-15,"05","23  day ahead inc hosp",2021-06-07,"quantile",0.65,49.2278134281783
"3926",2021-05-15,"05","23  day ahead inc hosp",2021-06-07,"quantile",0.7,51.9494770338909
"3927",2021-05-15,"05","23  day ahead inc hosp",2021-06-07,"quantile",0.75,55.0115601103082
"3928",2021-05-15,"05","23  day ahead inc hosp",2021-06-07,"quantile",0.8,58.5785009030725
"3929",2021-05-15,"05","23  day ahead inc hosp",2021-06-07,"quantile",0.85,62.9520411693015
"3930",2021-05-15,"05","23  day ahead inc hosp",2021-06-07,"quantile",0.9,68.7976068554279
"3931",2021-05-15,"05","23  day ahead inc hosp",2021-06-07,"quantile",0.95,78.1988407419571
"3932",2021-05-15,"05","23  day ahead inc hosp",2021-06-07,"quantile",0.975,87.1057349880217
"3933",2021-05-15,"05","23  day ahead inc hosp",2021-06-07,"quantile",0.99,98.3950988270789
"3934",2021-05-15,"05","24  day ahead inc hosp",2021-06-08,"quantile",0.01,15.1289872348025
"3935",2021-05-15,"05","24  day ahead inc hosp",2021-06-08,"quantile",0.025,18.3080358068979
"3936",2021-05-15,"05","24  day ahead inc hosp",2021-06-08,"quantile",0.05,21.4216598796029
"3937",2021-05-15,"05","24  day ahead inc hosp",2021-06-08,"quantile",0.1,25.4864715011544
"3938",2021-05-15,"05","24  day ahead inc hosp",2021-06-08,"quantile",0.15,28.538362779222
"3939",2021-05-15,"05","24  day ahead inc hosp",2021-06-08,"quantile",0.2,31.1530487359485
"3940",2021-05-15,"05","24  day ahead inc hosp",2021-06-08,"quantile",0.25,33.5359391886522
"3941",2021-05-15,"05","24  day ahead inc hosp",2021-06-08,"quantile",0.3,35.790038765033
"3942",2021-05-15,"05","24  day ahead inc hosp",2021-06-08,"quantile",0.35,37.9784883231479
"3943",2021-05-15,"05","24  day ahead inc hosp",2021-06-08,"quantile",0.4,40.1464795104864
"3944",2021-05-15,"05","24  day ahead inc hosp",2021-06-08,"quantile",0.45,42.3311191432796
"3945",2021-05-15,"05","24  day ahead inc hosp",2021-06-08,"quantile",0.5,44.5669997127583
"3946",2021-05-15,"05","24  day ahead inc hosp",2021-06-08,"quantile",0.55,46.89030459972
"3947",2021-05-15,"05","24  day ahead inc hosp",2021-06-08,"quantile",0.6,49.3429031813578
"3948",2021-05-15,"05","24  day ahead inc hosp",2021-06-08,"quantile",0.65,51.9777014773928
"3949",2021-05-15,"05","24  day ahead inc hosp",2021-06-08,"quantile",0.7,54.8671336117018
"3950",2021-05-15,"05","24  day ahead inc hosp",2021-06-08,"quantile",0.75,58.1186864987381
"3951",2021-05-15,"05","24  day ahead inc hosp",2021-06-08,"quantile",0.8,61.9072263743507
"3952",2021-05-15,"05","24  day ahead inc hosp",2021-06-08,"quantile",0.85,66.5536838223314
"3953",2021-05-15,"05","24  day ahead inc hosp",2021-06-08,"quantile",0.9,72.7659157358918
"3954",2021-05-15,"05","24  day ahead inc hosp",2021-06-08,"quantile",0.95,82.7608688070988
"3955",2021-05-15,"05","24  day ahead inc hosp",2021-06-08,"quantile",0.975,92.2342589073282
"3956",2021-05-15,"05","24  day ahead inc hosp",2021-06-08,"quantile",0.99,104.246463474863
"3957",2021-05-15,"05","25  day ahead inc hosp",2021-06-09,"quantile",0.01,15.0003728763744
"3958",2021-05-15,"05","25  day ahead inc hosp",2021-06-09,"quantile",0.025,18.2221192820283
"3959",2021-05-15,"05","25  day ahead inc hosp",2021-06-09,"quantile",0.05,21.3856186561717
"3960",2021-05-15,"05","25  day ahead inc hosp",2021-06-09,"quantile",0.1,25.525217752023
"3961",2021-05-15,"05","25  day ahead inc hosp",2021-06-09,"quantile",0.15,28.6392612520748
"3962",2021-05-15,"05","25  day ahead inc hosp",2021-06-09,"quantile",0.2,31.310708803569
"3963",2021-05-15,"05","25  day ahead inc hosp",2021-06-09,"quantile",0.25,33.7478510555806
"3964",2021-05-15,"05","25  day ahead inc hosp",2021-06-09,"quantile",0.3,36.0552865712419
"3965",2021-05-15,"05","25  day ahead inc hosp",2021-06-09,"quantile",0.35,38.2972468623132
"3966",2021-05-15,"05","25  day ahead inc hosp",2021-06-09,"quantile",0.4,40.5198070700936
"3967",2021-05-15,"05","25  day ahead inc hosp",2021-06-09,"quantile",0.45,42.7608986535905
"3968",2021-05-15,"05","25  day ahead inc hosp",2021-06-09,"quantile",0.5,45.0559793926836
"3969",2021-05-15,"05","25  day ahead inc hosp",2021-06-09,"quantile",0.55,47.4422304434859
"3970",2021-05-15,"05","25  day ahead inc hosp",2021-06-09,"quantile",0.6,49.9627635700225
"3971",2021-05-15,"05","25  day ahead inc hosp",2021-06-09,"quantile",0.65,52.672138046779
"3972",2021-05-15,"05","25  day ahead inc hosp",2021-06-09,"quantile",0.7,55.6451331124296
"3973",2021-05-15,"05","25  day ahead inc hosp",2021-06-09,"quantile",0.75,58.9928015993364
"3974",2021-05-15,"05","25  day ahead inc hosp",2021-06-09,"quantile",0.8,62.8959144533552
"3975",2021-05-15,"05","25  day ahead inc hosp",2021-06-09,"quantile",0.85,67.686394710288
"3976",2021-05-15,"05","25  day ahead inc hosp",2021-06-09,"quantile",0.9,74.0966764018425
"3977",2021-05-15,"05","25  day ahead inc hosp",2021-06-09,"quantile",0.95,84.4219606740707
"3978",2021-05-15,"05","25  day ahead inc hosp",2021-06-09,"quantile",0.975,94.2200620386431
"3979",2021-05-15,"05","25  day ahead inc hosp",2021-06-09,"quantile",0.99,106.658007380663
"3980",2021-05-15,"05","26  day ahead inc hosp",2021-06-10,"quantile",0.01,14.0536107265487
"3981",2021-05-15,"05","26  day ahead inc hosp",2021-06-10,"quantile",0.025,17.1840978335974
"3982",2021-05-15,"05","26  day ahead inc hosp",2021-06-10,"quantile",0.05,20.2713787398159
"3983",2021-05-15,"05","26  day ahead inc hosp",2021-06-10,"quantile",0.1,24.3273566082131
"3984",2021-05-15,"05","26  day ahead inc hosp",2021-06-10,"quantile",0.15,27.3885037260568
"3985",2021-05-15,"05","26  day ahead inc hosp",2021-06-10,"quantile",0.2,30.0204381379385
"3986",2021-05-15,"05","26  day ahead inc hosp",2021-06-10,"quantile",0.25,32.4257470869744
"3987",2021-05-15,"05","26  day ahead inc hosp",2021-06-10,"quantile",0.3,34.7064148670451
"3988",2021-05-15,"05","26  day ahead inc hosp",2021-06-10,"quantile",0.35,36.9252582949381
"3989",2021-05-15,"05","26  day ahead inc hosp",2021-06-10,"quantile",0.4,39.1275105812955
"3990",2021-05-15,"05","26  day ahead inc hosp",2021-06-10,"quantile",0.45,41.3505766662761
"3991",2021-05-15,"05","26  day ahead inc hosp",2021-06-10,"quantile",0.5,43.6295840039971
"3992",2021-05-15,"05","26  day ahead inc hosp",2021-06-10,"quantile",0.55,46.001522523126
"3993",2021-05-15,"05","26  day ahead inc hosp",2021-06-10,"quantile",0.6,48.5094290168025
"3994",2021-05-15,"05","26  day ahead inc hosp",2021-06-10,"quantile",0.65,51.2079070842318
"3995",2021-05-15,"05","26  day ahead inc hosp",2021-06-10,"quantile",0.7,54.1719329788349
"3996",2021-05-15,"05","26  day ahead inc hosp",2021-06-10,"quantile",0.75,57.5129957038847
"3997",2021-05-15,"05","26  day ahead inc hosp",2021-06-10,"quantile",0.8,61.4127494039068
"3998",2021-05-15,"05","26  day ahead inc hosp",2021-06-10,"quantile",0.85,66.2050000126341
"3999",2021-05-15,"05","26  day ahead inc hosp",2021-06-10,"quantile",0.9,72.6268950625057
"4000",2021-05-15,"05","26  day ahead inc hosp",2021-06-10,"quantile",0.95,82.9905679747558
"4001",2021-05-15,"05","26  day ahead inc hosp",2021-06-10,"quantile",0.975,92.8446819907492
"4002",2021-05-15,"05","26  day ahead inc hosp",2021-06-10,"quantile",0.99,105.377367881621
"4003",2021-05-15,"05","27  day ahead inc hosp",2021-06-11,"quantile",0.01,13.9223112209635
"4004",2021-05-15,"05","27  day ahead inc hosp",2021-06-11,"quantile",0.025,17.0888966284319
"4005",2021-05-15,"05","27  day ahead inc hosp",2021-06-11,"quantile",0.05,20.2197249176504
"4006",2021-05-15,"05","27  day ahead inc hosp",2021-06-11,"quantile",0.1,24.3424793045989
"4007",2021-05-15,"05","27  day ahead inc hosp",2021-06-11,"quantile",0.15,27.4599632262715
"4008",2021-05-15,"05","27  day ahead inc hosp",2021-06-11,"quantile",0.2,30.1438146366692
"4009",2021-05-15,"05","27  day ahead inc hosp",2021-06-11,"quantile",0.25,32.5990699547974
"4010",2021-05-15,"05","27  day ahead inc hosp",2021-06-11,"quantile",0.3,34.9290956209712
"4011",2021-05-15,"05","27  day ahead inc hosp",2021-06-11,"quantile",0.35,37.1976738867111
"4012",2021-05-15,"05","27  day ahead inc hosp",2021-06-11,"quantile",0.4,39.4508365789426
"4013",2021-05-15,"05","27  day ahead inc hosp",2021-06-11,"quantile",0.45,41.7267484997867
"4014",2021-05-15,"05","27  day ahead inc hosp",2021-06-11,"quantile",0.5,44.0613470026436
"4015",2021-05-15,"05","27  day ahead inc hosp",2021-06-11,"quantile",0.55,46.4925668304836
"4016",2021-05-15,"05","27  day ahead inc hosp",2021-06-11,"quantile",0.6,49.064630752741
"4017",2021-05-15,"05","27  day ahead inc hosp",2021-06-11,"quantile",0.65,51.8337291459282
"4018",2021-05-15,"05","27  day ahead inc hosp",2021-06-11,"quantile",0.7,54.8770972951156
"4019",2021-05-15,"05","27  day ahead inc hosp",2021-06-11,"quantile",0.75,58.3096679167909
"4020",2021-05-15,"05","27  day ahead inc hosp",2021-06-11,"quantile",0.8,62.3188082972557
"4021",2021-05-15,"05","27  day ahead inc hosp",2021-06-11,"quantile",0.85,67.2489772019257
"4022",2021-05-15,"05","27  day ahead inc hosp",2021-06-11,"quantile",0.9,73.8611780238911
"4023",2021-05-15,"05","27  day ahead inc hosp",2021-06-11,"quantile",0.95,84.5436540123959
"4024",2021-05-15,"05","27  day ahead inc hosp",2021-06-11,"quantile",0.975,94.7125254316754
"4025",2021-05-15,"05","27  day ahead inc hosp",2021-06-11,"quantile",0.99,107.659563988962
"4026",2021-05-15,"05","28  day ahead inc hosp",2021-06-12,"quantile",0.01,13.9258487807469
"4027",2021-05-15,"05","28  day ahead inc hosp",2021-06-12,"quantile",0.025,17.1497201861197
"4028",2021-05-15,"05","28  day ahead inc hosp",2021-06-12,"quantile",0.05,20.3441647165773
"4029",2021-05-15,"05","28  day ahead inc hosp",2021-06-12,"quantile",0.1,24.5590927801815
"4030",2021-05-15,"05","28  day ahead inc hosp",2021-06-12,"quantile",0.15,27.7514930175379
"4031",2021-05-15,"05","28  day ahead inc hosp",2021-06-12,"quantile",0.2,30.5028973854772
"4032",2021-05-15,"05","28  day ahead inc hosp",2021-06-12,"quantile",0.25,33.0221486969597
"4033",2021-05-15,"05","28  day ahead inc hosp",2021-06-12,"quantile",0.3,35.4146639090263
"4034",2021-05-15,"05","28  day ahead inc hosp",2021-06-12,"quantile",0.35,37.7455913314293
"4035",2021-05-15,"05","28  day ahead inc hosp",2021-06-12,"quantile",0.4,40.0620400359151
"4036",2021-05-15,"05","28  day ahead inc hosp",2021-06-12,"quantile",0.45,42.4031557178019
"4037",2021-05-15,"05","28  day ahead inc hosp",2021-06-12,"quantile",0.5,44.8058841889831
"4038",2021-05-15,"05","28  day ahead inc hosp",2021-06-12,"quantile",0.55,47.3093055351867
"4039",2021-05-15,"05","28  day ahead inc hosp",2021-06-12,"quantile",0.6,49.9590537894771
"4040",2021-05-15,"05","28  day ahead inc hosp",2021-06-12,"quantile",0.65,52.8131844028442
"4041",2021-05-15,"05","28  day ahead inc hosp",2021-06-12,"quantile",0.7,55.9515665174579
"4042",2021-05-15,"05","28  day ahead inc hosp",2021-06-12,"quantile",0.75,59.4931263269159
"4043",2021-05-15,"05","28  day ahead inc hosp",2021-06-12,"quantile",0.8,63.6318310042757
"4044",2021-05-15,"05","28  day ahead inc hosp",2021-06-12,"quantile",0.85,68.7244083099349
"4045",2021-05-15,"05","28  day ahead inc hosp",2021-06-12,"quantile",0.9,75.5592586105798
"4046",2021-05-15,"05","28  day ahead inc hosp",2021-06-12,"quantile",0.95,86.6117359418865
"4047",2021-05-15,"05","28  day ahead inc hosp",2021-06-12,"quantile",0.975,97.1430660900431
"4048",2021-05-15,"05","28  day ahead inc hosp",2021-06-12,"quantile",0.99,110.563959888191
"4049",2021-05-15,"05","29  day ahead inc hosp",2021-06-13,"quantile",0.01,13.2883665863919
"4050",2021-05-15,"05","29  day ahead inc hosp",2021-06-13,"quantile",0.025,16.5629258074387
"4051",2021-05-15,"05","29  day ahead inc hosp",2021-06-13,"quantile",0.05,19.833548327515
"4052",2021-05-15,"05","29  day ahead inc hosp",2021-06-13,"quantile",0.1,24.1803828104884
"4053",2021-05-15,"05","29  day ahead inc hosp",2021-06-13,"quantile",0.15,27.4922504643719
"4054",2021-05-15,"05","29  day ahead inc hosp",2021-06-13,"quantile",0.2,30.3581117218246
"4055",2021-05-15,"05","29  day ahead inc hosp",2021-06-13,"quantile",0.25,32.99043695248
"4056",2021-05-15,"05","29  day ahead inc hosp",2021-06-13,"quantile",0.3,35.4969686169734
"4057",2021-05-15,"05","29  day ahead inc hosp",2021-06-13,"quantile",0.35,37.9446729722186
"4058",2021-05-15,"05","29  day ahead inc hosp",2021-06-13,"quantile",0.4,40.3823196147645
"4059",2021-05-15,"05","29  day ahead inc hosp",2021-06-13,"quantile",0.45,42.8507665239889
"4060",2021-05-15,"05","29  day ahead inc hosp",2021-06-13,"quantile",0.5,45.388896689469
"4061",2021-05-15,"05","29  day ahead inc hosp",2021-06-13,"quantile",0.55,48.03814503279
"4062",2021-05-15,"05","29  day ahead inc hosp",2021-06-13,"quantile",0.6,50.8471828504306
"4063",2021-05-15,"05","29  day ahead inc hosp",2021-06-13,"quantile",0.65,53.8782012727968
"4064",2021-05-15,"05","29  day ahead inc hosp",2021-06-13,"quantile",0.7,57.2170247757681
"4065",2021-05-15,"05","29  day ahead inc hosp",2021-06-13,"quantile",0.75,60.9917278264928
"4066",2021-05-15,"05","29  day ahead inc hosp",2021-06-13,"quantile",0.8,65.4115389419468
"4067",2021-05-15,"05","29  day ahead inc hosp",2021-06-13,"quantile",0.85,70.8617713435096
"4068",2021-05-15,"05","29  day ahead inc hosp",2021-06-13,"quantile",0.9,78.1951196244751
"4069",2021-05-15,"05","29  day ahead inc hosp",2021-06-13,"quantile",0.95,90.093157578425
"4070",2021-05-15,"05","29  day ahead inc hosp",2021-06-13,"quantile",0.975,101.469515175524
"4071",2021-05-15,"05","29  day ahead inc hosp",2021-06-13,"quantile",0.99,116.014881452216
"4072",2021-05-15,"05","30  day ahead inc hosp",2021-06-14,"quantile",0.01,13.5631403977349
"4073",2021-05-15,"05","30  day ahead inc hosp",2021-06-14,"quantile",0.025,16.9820882293216
"4074",2021-05-15,"05","30  day ahead inc hosp",2021-06-14,"quantile",0.05,20.4071431475648
"4075",2021-05-15,"05","30  day ahead inc hosp",2021-06-14,"quantile",0.1,24.9715756555959
"4076",2021-05-15,"05","30  day ahead inc hosp",2021-06-14,"quantile",0.15,28.4569154496309
"4077",2021-05-15,"05","30  day ahead inc hosp",2021-06-14,"quantile",0.2,31.4773961112083
"4078",2021-05-15,"05","30  day ahead inc hosp",2021-06-14,"quantile",0.25,34.2549848108
"4079",2021-05-15,"05","30  day ahead inc hosp",2021-06-14,"quantile",0.3,36.9024363728238
"4080",2021-05-15,"05","30  day ahead inc hosp",2021-06-14,"quantile",0.35,39.4899842002986
"4081",2021-05-15,"05","30  day ahead inc hosp",2021-06-14,"quantile",0.4,42.0689149259643
"4082",2021-05-15,"05","30  day ahead inc hosp",2021-06-14,"quantile",0.45,44.6823269271727
"4083",2021-05-15,"05","30  day ahead inc hosp",2021-06-14,"quantile",0.5,47.3713616741487
"4084",2021-05-15,"05","30  day ahead inc hosp",2021-06-14,"quantile",0.55,50.1799803015702
"4085",2021-05-15,"05","30  day ahead inc hosp",2021-06-14,"quantile",0.6,53.1599332104329
"4086",2021-05-15,"05","30  day ahead inc hosp",2021-06-14,"quantile",0.65,56.3774510490653
"4087",2021-05-15,"05","30  day ahead inc hosp",2021-06-14,"quantile",0.7,59.9240354497139
"4088",2021-05-15,"05","30  day ahead inc hosp",2021-06-14,"quantile",0.75,63.9363411715029
"4089",2021-05-15,"05","30  day ahead inc hosp",2021-06-14,"quantile",0.8,68.637745675556
"4090",2021-05-15,"05","30  day ahead inc hosp",2021-06-14,"quantile",0.85,74.4398198951519
"4091",2021-05-15,"05","30  day ahead inc hosp",2021-06-14,"quantile",0.9,82.2538020949079
"4092",2021-05-15,"05","30  day ahead inc hosp",2021-06-14,"quantile",0.95,94.9470767873497
"4093",2021-05-15,"05","30  day ahead inc hosp",2021-06-14,"quantile",0.975,107.09918199163
"4094",2021-05-15,"05","30  day ahead inc hosp",2021-06-14,"quantile",0.99,122.654987569911
"4095",2021-05-15,"05","31  day ahead inc hosp",2021-06-15,"quantile",0.01,13.2693461956977
"4096",2021-05-15,"05","31  day ahead inc hosp",2021-06-15,"quantile",0.025,16.7119535859821
"4097",2021-05-15,"05","31  day ahead inc hosp",2021-06-15,"quantile",0.05,20.1740706366059
"4098",2021-05-15,"05","31  day ahead inc hosp",2021-06-15,"quantile",0.1,24.8040659037633
"4099",2021-05-15,"05","31  day ahead inc hosp",2021-06-15,"quantile",0.15,28.3495393883757
"4100",2021-05-15,"05","31  day ahead inc hosp",2021-06-15,"quantile",0.2,31.4280469843933
"4101",2021-05-15,"05","31  day ahead inc hosp",2021-06-15,"quantile",0.25,34.2632534693461
"4102",2021-05-15,"05","31  day ahead inc hosp",2021-06-15,"quantile",0.3,36.9690347981735
"4103",2021-05-15,"05","31  day ahead inc hosp",2021-06-15,"quantile",0.35,39.6165229915593
"4104",2021-05-15,"05","31  day ahead inc hosp",2021-06-15,"quantile",0.4,42.2578426297711
"4105",2021-05-15,"05","31  day ahead inc hosp",2021-06-15,"quantile",0.45,44.9369699061432
"4106",2021-05-15,"05","31  day ahead inc hosp",2021-06-15,"quantile",0.5,47.6960505697373
"4107",2021-05-15,"05","31  day ahead inc hosp",2021-06-15,"quantile",0.55,50.5802757922346
"4108",2021-05-15,"05","31  day ahead inc hosp",2021-06-15,"quantile",0.6,53.6429903662558
"4109",2021-05-15,"05","31  day ahead inc hosp",2021-06-15,"quantile",0.65,56.9526030634346
"4110",2021-05-15,"05","31  day ahead inc hosp",2021-06-15,"quantile",0.7,60.6037589900788
"4111",2021-05-15,"05","31  day ahead inc hosp",2021-06-15,"quantile",0.75,64.737949542425
"4112",2021-05-15,"05","31  day ahead inc hosp",2021-06-15,"quantile",0.8,69.58663115146
"4113",2021-05-15,"05","31  day ahead inc hosp",2021-06-15,"quantile",0.85,75.5765248697018
"4114",2021-05-15,"05","31  day ahead inc hosp",2021-06-15,"quantile",0.9,83.6529867516204
"4115",2021-05-15,"05","31  day ahead inc hosp",2021-06-15,"quantile",0.95,96.7930081084442
"4116",2021-05-15,"05","31  day ahead inc hosp",2021-06-15,"quantile",0.975,109.393125067806
"4117",2021-05-15,"05","31  day ahead inc hosp",2021-06-15,"quantile",0.99,125.547007231324
"4118",2021-05-15,"05","32  day ahead inc hosp",2021-06-16,"quantile",0.01,12.8127071279022
"4119",2021-05-15,"05","32  day ahead inc hosp",2021-06-16,"quantile",0.025,16.2432512462674
"4120",2021-05-15,"05","32  day ahead inc hosp",2021-06-16,"quantile",0.05,19.7081955538085
"4121",2021-05-15,"05","32  day ahead inc hosp",2021-06-16,"quantile",0.1,24.3601048937167
"4122",2021-05-15,"05","32  day ahead inc hosp",2021-06-16,"quantile",0.15,27.9336607055934
"4123",2021-05-15,"05","32  day ahead inc hosp",2021-06-16,"quantile",0.2,31.043192187823
"4124",2021-05-15,"05","32  day ahead inc hosp",2021-06-16,"quantile",0.25,33.9117533070678
"4125",2021-05-15,"05","32  day ahead inc hosp",2021-06-16,"quantile",0.3,36.653201080653
"4126",2021-05-15,"05","32  day ahead inc hosp",2021-06-16,"quantile",0.35,39.3388823668021
"4127",2021-05-15,"05","32  day ahead inc hosp",2021-06-16,"quantile",0.4,42.021284901547
"4128",2021-05-15,"05","32  day ahead inc hosp",2021-06-16,"quantile",0.45,44.7448874945925
"4129",2021-05-15,"05","32  day ahead inc hosp",2021-06-16,"quantile",0.5,47.5525050290589
"4130",2021-05-15,"05","32  day ahead inc hosp",2021-06-16,"quantile",0.55,50.4902225002555
"4131",2021-05-15,"05","32  day ahead inc hosp",2021-06-16,"quantile",0.6,53.6126039087936
"4132",2021-05-15,"05","32  day ahead inc hosp",2021-06-16,"quantile",0.65,56.9897755371808
"4133",2021-05-15,"05","32  day ahead inc hosp",2021-06-16,"quantile",0.7,60.718908924591
"4134",2021-05-15,"05","32  day ahead inc hosp",2021-06-16,"quantile",0.75,64.9454313704812
"4135",2021-05-15,"05","32  day ahead inc hosp",2021-06-16,"quantile",0.8,69.9074318734764
"4136",2021-05-15,"05","32  day ahead inc hosp",2021-06-16,"quantile",0.85,76.0441574547153
"4137",2021-05-15,"05","32  day ahead inc hosp",2021-06-16,"quantile",0.9,84.3293629625257
"4138",2021-05-15,"05","32  day ahead inc hosp",2021-06-16,"quantile",0.95,97.8320137669352
"4139",2021-05-15,"05","32  day ahead inc hosp",2021-06-16,"quantile",0.975,110.802824870092
"4140",2021-05-15,"05","32  day ahead inc hosp",2021-06-16,"quantile",0.99,127.459761077521
"4141",2021-05-15,"05","33  day ahead inc hosp",2021-06-17,"quantile",0.01,12.0336505166764
"4142",2021-05-15,"05","33  day ahead inc hosp",2021-06-17,"quantile",0.025,15.3814151147785
"4143",2021-05-15,"05","33  day ahead inc hosp",2021-06-17,"quantile",0.05,18.7810464641727
"4144",2021-05-15,"05","33  day ahead inc hosp",2021-06-17,"quantile",0.1,23.3674923930685
"4145",2021-05-15,"05","33  day ahead inc hosp",2021-06-17,"quantile",0.15,26.9046266340332
"4146",2021-05-15,"05","33  day ahead inc hosp",2021-06-17,"quantile",0.2,29.9906208363719
"4147",2021-05-15,"05","33  day ahead inc hosp",2021-06-17,"quantile",0.25,32.8433466402142
"4148",2021-05-15,"05","33  day ahead inc hosp",2021-06-17,"quantile",0.3,35.5743763853405
"4149",2021-05-15,"05","33  day ahead inc hosp",2021-06-17,"quantile",0.35,38.253906108441
"4150",2021-05-15,"05","33  day ahead inc hosp",2021-06-17,"quantile",0.4,40.9338318874915
"4151",2021-05-15,"05","33  day ahead inc hosp",2021-06-17,"quantile",0.45,43.6583739113345
"4152",2021-05-15,"05","33  day ahead inc hosp",2021-06-17,"quantile",0.5,46.4703293129056
"4153",2021-05-15,"05","33  day ahead inc hosp",2021-06-17,"quantile",0.55,49.4159807964843
"4154",2021-05-15,"05","33  day ahead inc hosp",2021-06-17,"quantile",0.6,52.5503277065887
"4155",2021-05-15,"05","33  day ahead inc hosp",2021-06-17,"quantile",0.65,55.9442444071742
"4156",2021-05-15,"05","33  day ahead inc hosp",2021-06-17,"quantile",0.7,59.6961229060661
"4157",2021-05-15,"05","33  day ahead inc hosp",2021-06-17,"quantile",0.75,63.9534118808652
"4158",2021-05-15,"05","33  day ahead inc hosp",2021-06-17,"quantile",0.8,68.9577481458393
"4159",2021-05-15,"05","33  day ahead inc hosp",2021-06-17,"quantile",0.85,75.1552914424289
"4160",2021-05-15,"05","33  day ahead inc hosp",2021-06-17,"quantile",0.9,83.535924168503
"4161",2021-05-15,"05","33  day ahead inc hosp",2021-06-17,"quantile",0.95,97.2225973056235
"4162",2021-05-15,"05","33  day ahead inc hosp",2021-06-17,"quantile",0.975,110.398645221089
"4163",2021-05-15,"05","33  day ahead inc hosp",2021-06-17,"quantile",0.99,127.353638924939
"4164",2021-05-15,"05","34  day ahead inc hosp",2021-06-18,"quantile",0.01,12.0101048541106
"4165",2021-05-15,"05","34  day ahead inc hosp",2021-06-18,"quantile",0.025,15.4221157605838
"4166",2021-05-15,"05","34  day ahead inc hosp",2021-06-18,"quantile",0.05,18.8974630809053
"4167",2021-05-15,"05","34  day ahead inc hosp",2021-06-18,"quantile",0.1,23.5987806529426
"4168",2021-05-15,"05","34  day ahead inc hosp",2021-06-18,"quantile",0.15,27.2324407167097
"4169",2021-05-15,"05","34  day ahead inc hosp",2021-06-18,"quantile",0.2,30.4073140834402
"4170",2021-05-15,"05","34  day ahead inc hosp",2021-06-18,"quantile",0.25,33.3455623287826
"4171",2021-05-15,"05","34  day ahead inc hosp",2021-06-18,"quantile",0.3,36.1611627723713
"4172",2021-05-15,"05","34  day ahead inc hosp",2021-06-18,"quantile",0.35,38.9259869099429
"4173",2021-05-15,"05","34  day ahead inc hosp",2021-06-18,"quantile",0.4,41.6933167363428
"4174",2021-05-15,"05","34  day ahead inc hosp",2021-06-18,"quantile",0.45,44.5086931257675
"4175",2021-05-15,"05","34  day ahead inc hosp",2021-06-18,"quantile",0.5,47.4163239316153
"4176",2021-05-15,"05","34  day ahead inc hosp",2021-06-18,"quantile",0.55,50.46414122276
"4177",2021-05-15,"05","34  day ahead inc hosp",2021-06-18,"quantile",0.6,53.7092187933742
"4178",2021-05-15,"05","34  day ahead inc hosp",2021-06-18,"quantile",0.65,57.2252112054684
"4179",2021-05-15,"05","34  day ahead inc hosp",2021-06-18,"quantile",0.7,61.1144743165109
"4180",2021-05-15,"05","34  day ahead inc hosp",2021-06-18,"quantile",0.75,65.53050743446
"4181",2021-05-15,"05","34  day ahead inc hosp",2021-06-18,"quantile",0.8,70.7249985400041
"4182",2021-05-15,"05","34  day ahead inc hosp",2021-06-18,"quantile",0.85,77.1628752150314
"4183",2021-05-15,"05","34  day ahead inc hosp",2021-06-18,"quantile",0.9,85.8761182281039
"4184",2021-05-15,"05","34  day ahead inc hosp",2021-06-18,"quantile",0.95,100.122300234774
"4185",2021-05-15,"05","34  day ahead inc hosp",2021-06-18,"quantile",0.975,113.853273243616
"4186",2021-05-15,"05","34  day ahead inc hosp",2021-06-18,"quantile",0.99,131.5420912266
"4187",2021-05-15,"05","35  day ahead inc hosp",2021-06-19,"quantile",0.01,11.23874256852
"4188",2021-05-15,"05","35  day ahead inc hosp",2021-06-19,"quantile",0.025,14.5551175155122
"4189",2021-05-15,"05","35  day ahead inc hosp",2021-06-19,"quantile",0.05,17.9519586601771
"4190",2021-05-15,"05","35  day ahead inc hosp",2021-06-19,"quantile",0.1,22.5700989366608
"4191",2021-05-15,"05","35  day ahead inc hosp",2021-06-19,"quantile",0.15,26.1538549474247
"4192",2021-05-15,"05","35  day ahead inc hosp",2021-06-19,"quantile",0.2,29.2935922766445
"4193",2021-05-15,"05","35  day ahead inc hosp",2021-06-19,"quantile",0.25,32.2054313936242
"4194",2021-05-15,"05","35  day ahead inc hosp",2021-06-19,"quantile",0.3,35.0006291450793
"4195",2021-05-15,"05","35  day ahead inc hosp",2021-06-19,"quantile",0.35,37.7496381124001
"4196",2021-05-15,"05","35  day ahead inc hosp",2021-06-19,"quantile",0.4,40.5049575154522
"4197",2021-05-15,"05","35  day ahead inc hosp",2021-06-19,"quantile",0.45,43.311714384024
"4198",2021-05-15,"05","35  day ahead inc hosp",2021-06-19,"quantile",0.5,46.213956418999
"4199",2021-05-15,"05","35  day ahead inc hosp",2021-06-19,"quantile",0.55,49.2596671668304
"4200",2021-05-15,"05","35  day ahead inc hosp",2021-06-19,"quantile",0.6,52.5061896088421
"4201",2021-05-15,"05","35  day ahead inc hosp",2021-06-19,"quantile",0.65,56.0277198698933
"4202",2021-05-15,"05","35  day ahead inc hosp",2021-06-19,"quantile",0.7,59.9275556039792
"4203",2021-05-15,"05","35  day ahead inc hosp",2021-06-19,"quantile",0.75,64.3608093305198
"4204",2021-05-15,"05","35  day ahead inc hosp",2021-06-19,"quantile",0.8,69.5820610805757
"4205",2021-05-15,"05","35  day ahead inc hosp",2021-06-19,"quantile",0.85,76.0619634482915
"4206",2021-05-15,"05","35  day ahead inc hosp",2021-06-19,"quantile",0.9,84.8460460864343
"4207",2021-05-15,"05","35  day ahead inc hosp",2021-06-19,"quantile",0.95,99.2379718330264
"4208",2021-05-15,"05","35  day ahead inc hosp",2021-06-19,"quantile",0.975,113.139326238269
"4209",2021-05-15,"05","35  day ahead inc hosp",2021-06-19,"quantile",0.99,131.083923484415
"4210",2021-05-15,"05","36  day ahead inc hosp",2021-06-20,"quantile",0.01,10.1435413198055
"4211",2021-05-15,"05","36  day ahead inc hosp",2021-06-20,"quantile",0.025,13.281863017468
"4212",2021-05-15,"05","36  day ahead inc hosp",2021-06-20,"quantile",0.05,16.5194868290985
"4213",2021-05-15,"05","36  day ahead inc hosp",2021-06-20,"quantile",0.1,20.9494404588873
"4214",2021-05-15,"05","36  day ahead inc hosp",2021-06-20,"quantile",0.15,24.4048540213034
"4215",2021-05-15,"05","36  day ahead inc hosp",2021-06-20,"quantile",0.2,27.4425784000262
"4216",2021-05-15,"05","36  day ahead inc hosp",2021-06-20,"quantile",0.25,30.2673394961487
"4217",2021-05-15,"05","36  day ahead inc hosp",2021-06-20,"quantile",0.3,32.9849982742465
"4218",2021-05-15,"05","36  day ahead inc hosp",2021-06-20,"quantile",0.35,35.6629597751469
"4219",2021-05-15,"05","36  day ahead inc hosp",2021-06-20,"quantile",0.4,38.3517875253253
"4220",2021-05-15,"05","36  day ahead inc hosp",2021-06-20,"quantile",0.45,41.0952617700115
"4221",2021-05-15,"05","36  day ahead inc hosp",2021-06-20,"quantile",0.5,43.9364146473705
"4222",2021-05-15,"05","36  day ahead inc hosp",2021-06-20,"quantile",0.55,46.9224009362612
"4223",2021-05-15,"05","36  day ahead inc hosp",2021-06-20,"quantile",0.6,50.1098286889557
"4224",2021-05-15,"05","36  day ahead inc hosp",2021-06-20,"quantile",0.65,53.5721813198341
"4225",2021-05-15,"05","36  day ahead inc hosp",2021-06-20,"quantile",0.7,57.4119963217307
"4226",2021-05-15,"05","36  day ahead inc hosp",2021-06-20,"quantile",0.75,61.783491532921
"4227",2021-05-15,"05","36  day ahead inc hosp",2021-06-20,"quantile",0.8,66.9400830366867
"4228",2021-05-15,"05","36  day ahead inc hosp",2021-06-20,"quantile",0.85,73.3507456308416
"4229",2021-05-15,"05","36  day ahead inc hosp",2021-06-20,"quantile",0.9,82.0583284903732
"4230",2021-05-15,"05","36  day ahead inc hosp",2021-06-20,"quantile",0.95,96.3621697432158
"4231",2021-05-15,"05","36  day ahead inc hosp",2021-06-20,"quantile",0.975,110.215716010959
"4232",2021-05-15,"05","36  day ahead inc hosp",2021-06-20,"quantile",0.99,128.143870836016
"4233",2021-05-15,"05","37  day ahead inc hosp",2021-06-21,"quantile",0.01,10.6744611651873
"4234",2021-05-15,"05","37  day ahead inc hosp",2021-06-21,"quantile",0.025,13.9917622394732
"4235",2021-05-15,"05","37  day ahead inc hosp",2021-06-21,"quantile",0.05,17.4163789913138
"4236",2021-05-15,"05","37  day ahead inc hosp",2021-06-21,"quantile",0.1,22.1050540216365
"4237",2021-05-15,"05","37  day ahead inc hosp",2021-06-21,"quantile",0.15,25.7640611160684
"4238",2021-05-15,"05","37  day ahead inc hosp",2021-06-21,"quantile",0.2,28.9818204646258
"4239",2021-05-15,"05","37  day ahead inc hosp",2021-06-21,"quantile",0.25,31.9747535515388
"4240",2021-05-15,"05","37  day ahead inc hosp",2021-06-21,"quantile",0.3,34.8548170161244
"4241",2021-05-15,"05","37  day ahead inc hosp",2021-06-21,"quantile",0.35,37.6933349776186
"4242",2021-05-15,"05","37  day ahead inc hosp",2021-06-21,"quantile",0.4,40.5438450189464
"4243",2021-05-15,"05","37  day ahead inc hosp",2021-06-21,"quantile",0.45,43.4527346278444
"4244",2021-05-15,"05","37  day ahead inc hosp",2021-06-21,"quantile",0.5,46.4656287795166
"4245",2021-05-15,"05","37  day ahead inc hosp",2021-06-21,"quantile",0.55,49.6325513070633
"4246",2021-05-15,"05","37  day ahead inc hosp",2021-06-21,"quantile",0.6,53.013579963862
"4247",2021-05-15,"05","37  day ahead inc hosp",2021-06-21,"quantile",0.65,56.6867258893215
"4248",2021-05-15,"05","37  day ahead inc hosp",2021-06-21,"quantile",0.7,60.7608675138461
"4249",2021-05-15,"05","37  day ahead inc hosp",2021-06-21,"quantile",0.75,65.3997840190584
"4250",2021-05-15,"05","37  day ahead inc hosp",2021-06-21,"quantile",0.8,70.8726332636222
"4251",2021-05-15,"05","37  day ahead inc hosp",2021-06-21,"quantile",0.85,77.6775691560712
"4252",2021-05-15,"05","37  day ahead inc hosp",2021-06-21,"quantile",0.9,86.9224302604366
"4253",2021-05-15,"05","37  day ahead inc hosp",2021-06-21,"quantile",0.95,102.112580511315
"4254",2021-05-15,"05","37  day ahead inc hosp",2021-06-21,"quantile",0.975,116.828261863094
"4255",2021-05-15,"05","37  day ahead inc hosp",2021-06-21,"quantile",0.99,135.876647289359
"4256",2021-05-15,"06","1  day ahead inc hosp",2021-05-16,"quantile",0.01,141.593372974357
"4257",2021-05-15,"06","1  day ahead inc hosp",2021-05-16,"quantile",0.025,147.640366103626
"4258",2021-05-15,"06","1  day ahead inc hosp",2021-05-16,"quantile",0.05,152.99425949885
"4259",2021-05-15,"06","1  day ahead inc hosp",2021-05-16,"quantile",0.1,159.346218596151
"4260",2021-05-15,"06","1  day ahead inc hosp",2021-05-16,"quantile",0.15,163.742210728147
"4261",2021-05-15,"06","1  day ahead inc hosp",2021-05-16,"quantile",0.2,167.300374227781
"4262",2021-05-15,"06","1  day ahead inc hosp",2021-05-16,"quantile",0.25,170.398904865535
"4263",2021-05-15,"06","1  day ahead inc hosp",2021-05-16,"quantile",0.3,173.217981979939
"4264",2021-05-15,"06","1  day ahead inc hosp",2021-05-16,"quantile",0.35,175.861366984516
"4265",2021-05-15,"06","1  day ahead inc hosp",2021-05-16,"quantile",0.4,178.397546146434
"4266",2021-05-15,"06","1  day ahead inc hosp",2021-05-16,"quantile",0.45,180.877342401084
"4267",2021-05-15,"06","1  day ahead inc hosp",2021-05-16,"quantile",0.5,183.342975254368
"4268",2021-05-15,"06","1  day ahead inc hosp",2021-05-16,"quantile",0.55,185.833730355244
"4269",2021-05-15,"06","1  day ahead inc hosp",2021-05-16,"quantile",0.6,188.390519350041
"4270",2021-05-15,"06","1  day ahead inc hosp",2021-05-16,"quantile",0.65,191.060797815902
"4271",2021-05-15,"06","1  day ahead inc hosp",2021-05-16,"quantile",0.7,193.905485448819
"4272",2021-05-15,"06","1  day ahead inc hosp",2021-05-16,"quantile",0.75,197.010862618846
"4273",2021-05-15,"06","1  day ahead inc hosp",2021-05-16,"quantile",0.8,200.512578277086
"4274",2021-05-15,"06","1  day ahead inc hosp",2021-05-16,"quantile",0.85,204.652941246316
"4275",2021-05-15,"06","1  day ahead inc hosp",2021-05-16,"quantile",0.9,209.953170929062
"4276",2021-05-15,"06","1  day ahead inc hosp",2021-05-16,"quantile",0.95,217.997456233705
"4277",2021-05-15,"06","1  day ahead inc hosp",2021-05-16,"quantile",0.975,225.159950603589
"4278",2021-05-15,"06","1  day ahead inc hosp",2021-05-16,"quantile",0.99,233.708201433347
"4279",2021-05-15,"06","2  day ahead inc hosp",2021-05-17,"quantile",0.01,144.713443392105
"4280",2021-05-15,"06","2  day ahead inc hosp",2021-05-17,"quantile",0.025,151.635027120896
"4281",2021-05-15,"06","2  day ahead inc hosp",2021-05-17,"quantile",0.05,157.784025372795
"4282",2021-05-15,"06","2  day ahead inc hosp",2021-05-17,"quantile",0.1,165.103440002726
"4283",2021-05-15,"06","2  day ahead inc hosp",2021-05-17,"quantile",0.15,170.183692468439
"4284",2021-05-15,"06","2  day ahead inc hosp",2021-05-17,"quantile",0.2,174.304210971975
"4285",2021-05-15,"06","2  day ahead inc hosp",2021-05-17,"quantile",0.25,177.898490191132
"4286",2021-05-15,"06","2  day ahead inc hosp",2021-05-17,"quantile",0.3,181.173379402258
"4287",2021-05-15,"06","2  day ahead inc hosp",2021-05-17,"quantile",0.35,184.248220575316
"4288",2021-05-15,"06","2  day ahead inc hosp",2021-05-17,"quantile",0.4,187.201976794033
"4289",2021-05-15,"06","2  day ahead inc hosp",2021-05-17,"quantile",0.45,190.093435159561
"4290",2021-05-15,"06","2  day ahead inc hosp",2021-05-17,"quantile",0.5,192.97162662436
"4291",2021-05-15,"06","2  day ahead inc hosp",2021-05-17,"quantile",0.55,195.882378904963
"4292",2021-05-15,"06","2  day ahead inc hosp",2021-05-17,"quantile",0.6,198.873627343366
"4293",2021-05-15,"06","2  day ahead inc hosp",2021-05-17,"quantile",0.65,202.001189934041
"4294",2021-05-15,"06","2  day ahead inc hosp",2021-05-17,"quantile",0.7,205.336941374117
"4295",2021-05-15,"06","2  day ahead inc hosp",2021-05-17,"quantile",0.75,208.982910004201
"4296",2021-05-15,"06","2  day ahead inc hosp",2021-05-17,"quantile",0.8,213.099771975206
"4297",2021-05-15,"06","2  day ahead inc hosp",2021-05-17,"quantile",0.85,217.97491338965
"4298",2021-05-15,"06","2  day ahead inc hosp",2021-05-17,"quantile",0.9,224.227231743999
"4299",2021-05-15,"06","2  day ahead inc hosp",2021-05-17,"quantile",0.95,233.740326546732
"4300",2021-05-15,"06","2  day ahead inc hosp",2021-05-17,"quantile",0.975,242.233869885708
"4301",2021-05-15,"06","2  day ahead inc hosp",2021-05-17,"quantile",0.99,252.398155165934
"4302",2021-05-15,"06","3  day ahead inc hosp",2021-05-18,"quantile",0.01,135.81977914985
"4303",2021-05-15,"06","3  day ahead inc hosp",2021-05-18,"quantile",0.025,142.899832516535
"4304",2021-05-15,"06","3  day ahead inc hosp",2021-05-18,"quantile",0.05,149.207385744457
"4305",2021-05-15,"06","3  day ahead inc hosp",2021-05-18,"quantile",0.1,156.736210279478
"4306",2021-05-15,"06","3  day ahead inc hosp",2021-05-18,"quantile",0.15,161.974422615052
"4307",2021-05-15,"06","3  day ahead inc hosp",2021-05-18,"quantile",0.2,166.230353664129
"4308",2021-05-15,"06","3  day ahead inc hosp",2021-05-18,"quantile",0.25,169.947928534171
"4309",2021-05-15,"06","3  day ahead inc hosp",2021-05-18,"quantile",0.3,173.339252687355
"4310",2021-05-15,"06","3  day ahead inc hosp",2021-05-18,"quantile",0.35,176.52689228942
"4311",2021-05-15,"06","3  day ahead inc hosp",2021-05-18,"quantile",0.4,179.59211081463
"4312",2021-05-15,"06","3  day ahead inc hosp",2021-05-18,"quantile",0.45,182.595571913867
"4313",2021-05-15,"06","3  day ahead inc hosp",2021-05-18,"quantile",0.5,185.588040561945
"4314",2021-05-15,"06","3  day ahead inc hosp",2021-05-18,"quantile",0.55,188.617140948393
"4315",2021-05-15,"06","3  day ahead inc hosp",2021-05-18,"quantile",0.6,191.732868576065
"4316",2021-05-15,"06","3  day ahead inc hosp",2021-05-18,"quantile",0.65,194.99362461989
"4317",2021-05-15,"06","3  day ahead inc hosp",2021-05-18,"quantile",0.7,198.474797862847
"4318",2021-05-15,"06","3  day ahead inc hosp",2021-05-18,"quantile",0.75,202.283603225696
"4319",2021-05-15,"06","3  day ahead inc hosp",2021-05-18,"quantile",0.8,206.589113857458
"4320",2021-05-15,"06","3  day ahead inc hosp",2021-05-18,"quantile",0.85,211.694052483045
"4321",2021-05-15,"06","3  day ahead inc hosp",2021-05-18,"quantile",0.9,218.250958180454
"4322",2021-05-15,"06","3  day ahead inc hosp",2021-05-18,"quantile",0.95,228.24799741994
"4323",2021-05-15,"06","3  day ahead inc hosp",2021-05-18,"quantile",0.975,237.193656620477
"4324",2021-05-15,"06","3  day ahead inc hosp",2021-05-18,"quantile",0.99,247.922678943216
"4325",2021-05-15,"06","4  day ahead inc hosp",2021-05-19,"quantile",0.01,127.57572698193
"4326",2021-05-15,"06","4  day ahead inc hosp",2021-05-19,"quantile",0.025,134.792815922949
"4327",2021-05-15,"06","4  day ahead inc hosp",2021-05-19,"quantile",0.05,141.241134277483
"4328",2021-05-15,"06","4  day ahead inc hosp",2021-05-19,"quantile",0.1,148.959732542665
"4329",2021-05-15,"06","4  day ahead inc hosp",2021-05-19,"quantile",0.15,154.343259290151
"4330",2021-05-15,"06","4  day ahead inc hosp",2021-05-19,"quantile",0.2,158.724936968898
"4331",2021-05-15,"06","4  day ahead inc hosp",2021-05-19,"quantile",0.25,162.557806783276
"4332",2021-05-15,"06","4  day ahead inc hosp",2021-05-19,"quantile",0.3,166.058624494167
"4333",2021-05-15,"06","4  day ahead inc hosp",2021-05-19,"quantile",0.35,169.352846531247
"4334",2021-05-15,"06","4  day ahead inc hosp",2021-05-19,"quantile",0.4,172.523830079349
"4335",2021-05-15,"06","4  day ahead inc hosp",2021-05-19,"quantile",0.45,175.633975864014
"4336",2021-05-15,"06","4  day ahead inc hosp",2021-05-19,"quantile",0.5,178.735681654667
"4337",2021-05-15,"06","4  day ahead inc hosp",2021-05-19,"quantile",0.55,181.878289415977
"4338",2021-05-15,"06","4  day ahead inc hosp",2021-05-19,"quantile",0.6,185.113789077125
"4339",2021-05-15,"06","4  day ahead inc hosp",2021-05-19,"quantile",0.65,188.503105518204
"4340",2021-05-15,"06","4  day ahead inc hosp",2021-05-19,"quantile",0.7,192.125082674809
"4341",2021-05-15,"06","4  day ahead inc hosp",2021-05-19,"quantile",0.75,196.092057393813
"4342",2021-05-15,"06","4  day ahead inc hosp",2021-05-19,"quantile",0.8,200.581420612587
"4343",2021-05-15,"06","4  day ahead inc hosp",2021-05-19,"quantile",0.85,205.911122642949
"4344",2021-05-15,"06","4  day ahead inc hosp",2021-05-19,"quantile",0.9,212.767175356976
"4345",2021-05-15,"06","4  day ahead inc hosp",2021-05-19,"quantile",0.95,223.24204296538
"4346",2021-05-15,"06","4  day ahead inc hosp",2021-05-19,"quantile",0.975,232.636528100372
"4347",2021-05-15,"06","4  day ahead inc hosp",2021-05-19,"quantile",0.99,243.928993054863
"4348",2021-05-15,"06","5  day ahead inc hosp",2021-05-20,"quantile",0.01,133.511051685673
"4349",2021-05-15,"06","5  day ahead inc hosp",2021-05-20,"quantile",0.025,141.504929182019
"4350",2021-05-15,"06","5  day ahead inc hosp",2021-05-20,"quantile",0.05,148.662645496419
"4351",2021-05-15,"06","5  day ahead inc hosp",2021-05-20,"quantile",0.1,157.248276283725
"4352",2021-05-15,"06","5  day ahead inc hosp",2021-05-20,"quantile",0.15,163.247456082153
"4353",2021-05-15,"06","5  day ahead inc hosp",2021-05-20,"quantile",0.2,168.136534233955
"4354",2021-05-15,"06","5  day ahead inc hosp",2021-05-20,"quantile",0.25,172.41773868615
"4355",2021-05-15,"06","5  day ahead inc hosp",2021-05-20,"quantile",0.3,176.331601478183
"4356",2021-05-15,"06","5  day ahead inc hosp",2021-05-20,"quantile",0.35,180.017508586978
"4357",2021-05-15,"06","5  day ahead inc hosp",2021-05-20,"quantile",0.4,183.568219455182
"4358",2021-05-15,"06","5  day ahead inc hosp",2021-05-20,"quantile",0.45,187.053317553795
"4359",2021-05-15,"06","5  day ahead inc hosp",2021-05-20,"quantile",0.5,190.531380225871
"4360",2021-05-15,"06","5  day ahead inc hosp",2021-05-20,"quantile",0.55,194.057722134375
"4361",2021-05-15,"06","5  day ahead inc hosp",2021-05-20,"quantile",0.6,197.690783710801
"4362",2021-05-15,"06","5  day ahead inc hosp",2021-05-20,"quantile",0.65,201.499208082795
"4363",2021-05-15,"06","5  day ahead inc hosp",2021-05-20,"quantile",0.7,205.571989123246
"4364",2021-05-15,"06","5  day ahead inc hosp",2021-05-20,"quantile",0.75,210.036095609391
"4365",2021-05-15,"06","5  day ahead inc hosp",2021-05-20,"quantile",0.8,215.092220804278
"4366",2021-05-15,"06","5  day ahead inc hosp",2021-05-20,"quantile",0.85,221.100355976067
"4367",2021-05-15,"06","5  day ahead inc hosp",2021-05-20,"quantile",0.9,228.837754548791
"4368",2021-05-15,"06","5  day ahead inc hosp",2021-05-20,"quantile",0.95,240.677092067856
"4369",2021-05-15,"06","5  day ahead inc hosp",2021-05-20,"quantile",0.975,251.312849051939
"4370",2021-05-15,"06","5  day ahead inc hosp",2021-05-20,"quantile",0.99,264.118113757814
"4371",2021-05-15,"06","6  day ahead inc hosp",2021-05-21,"quantile",0.01,122.421220699718
"4372",2021-05-15,"06","6  day ahead inc hosp",2021-05-21,"quantile",0.025,130.468917903381
"4373",2021-05-15,"06","6  day ahead inc hosp",2021-05-21,"quantile",0.05,137.702195356003
"4374",2021-05-15,"06","6  day ahead inc hosp",2021-05-21,"quantile",0.1,146.410408262154
"4375",2021-05-15,"06","6  day ahead inc hosp",2021-05-21,"quantile",0.15,152.514771269108
"4376",2021-05-15,"06","6  day ahead inc hosp",2021-05-21,"quantile",0.2,157.500880361435
"4377",2021-05-15,"06","6  day ahead inc hosp",2021-05-21,"quantile",0.25,161.875091179234
"4378",2021-05-15,"06","6  day ahead inc hosp",2021-05-21,"quantile",0.3,165.880348102901
"4379",2021-05-15,"06","6  day ahead inc hosp",2021-05-21,"quantile",0.35,169.65773733648
"4380",2021-05-15,"06","6  day ahead inc hosp",2021-05-21,"quantile",0.4,173.301414949865
"4381",2021-05-15,"06","6  day ahead inc hosp",2021-05-21,"quantile",0.45,176.88227244697
"4382",2021-05-15,"06","6  day ahead inc hosp",2021-05-21,"quantile",0.5,180.460255674048
"4383",2021-05-15,"06","6  day ahead inc hosp",2021-05-21,"quantile",0.55,184.092248063044
"4384",2021-05-15,"06","6  day ahead inc hosp",2021-05-21,"quantile",0.6,187.838630218917
"4385",2021-05-15,"06","6  day ahead inc hosp",2021-05-21,"quantile",0.65,191.770609843401
"4386",2021-05-15,"06","6  day ahead inc hosp",2021-05-21,"quantile",0.7,195.980795495752
"4387",2021-05-15,"06","6  day ahead inc hosp",2021-05-21,"quantile",0.75,200.601618437
"4388",2021-05-15,"06","6  day ahead inc hosp",2021-05-21,"quantile",0.8,205.842760072114
"4389",2021-05-15,"06","6  day ahead inc hosp",2021-05-21,"quantile",0.85,212.080828489686
"4390",2021-05-15,"06","6  day ahead inc hosp",2021-05-21,"quantile",0.9,220.129919178538
"4391",2021-05-15,"06","6  day ahead inc hosp",2021-05-21,"quantile",0.95,232.478634426789
"4392",2021-05-15,"06","6  day ahead inc hosp",2021-05-21,"quantile",0.975,243.603761168151
"4393",2021-05-15,"06","6  day ahead inc hosp",2021-05-21,"quantile",0.99,257.035878375495
"4394",2021-05-15,"06","7  day ahead inc hosp",2021-05-22,"quantile",0.01,104.909184045629
"4395",2021-05-15,"06","7  day ahead inc hosp",2021-05-22,"quantile",0.025,112.62957806602
"4396",2021-05-15,"06","7  day ahead inc hosp",2021-05-22,"quantile",0.05,119.603718049522
"4397",2021-05-15,"06","7  day ahead inc hosp",2021-05-22,"quantile",0.1,128.040942207983
"4398",2021-05-15,"06","7  day ahead inc hosp",2021-05-22,"quantile",0.15,133.980437785708
"4399",2021-05-15,"06","7  day ahead inc hosp",2021-05-22,"quantile",0.2,138.84643109915
"4400",2021-05-15,"06","7  day ahead inc hosp",2021-05-22,"quantile",0.25,143.12561801263
"4401",2021-05-15,"06","7  day ahead inc hosp",2021-05-22,"quantile",0.3,147.052071845211
"4402",2021-05-15,"06","7  day ahead inc hosp",2021-05-22,"quantile",0.35,150.762119165047
"4403",2021-05-15,"06","7  day ahead inc hosp",2021-05-22,"quantile",0.4,154.347084619617
"4404",2021-05-15,"06","7  day ahead inc hosp",2021-05-22,"quantile",0.45,157.876066825553
"4405",2021-05-15,"06","7  day ahead inc hosp",2021-05-22,"quantile",0.5,161.407843108221
"4406",2021-05-15,"06","7  day ahead inc hosp",2021-05-22,"quantile",0.55,164.998546460896
"4407",2021-05-15,"06","7  day ahead inc hosp",2021-05-22,"quantile",0.6,168.708126162472
"4408",2021-05-15,"06","7  day ahead inc hosp",2021-05-22,"quantile",0.65,172.607649105546
"4409",2021-05-15,"06","7  day ahead inc hosp",2021-05-22,"quantile",0.7,176.789913093536
"4410",2021-05-15,"06","7  day ahead inc hosp",2021-05-22,"quantile",0.75,181.388012242227
"4411",2021-05-15,"06","7  day ahead inc hosp",2021-05-22,"quantile",0.8,186.613132816845
"4412",2021-05-15,"06","7  day ahead inc hosp",2021-05-22,"quantile",0.85,192.845224611839
"4413",2021-05-15,"06","7  day ahead inc hosp",2021-05-22,"quantile",0.9,200.906860182793
"4414",2021-05-15,"06","7  day ahead inc hosp",2021-05-22,"quantile",0.95,213.317074277463
"4415",2021-05-15,"06","7  day ahead inc hosp",2021-05-22,"quantile",0.975,224.539045537665
"4416",2021-05-15,"06","7  day ahead inc hosp",2021-05-22,"quantile",0.99,238.1372811729
"4417",2021-05-15,"06","8  day ahead inc hosp",2021-05-23,"quantile",0.01,99.4680915131738
"4418",2021-05-15,"06","8  day ahead inc hosp",2021-05-23,"quantile",0.025,107.461323406196
"4419",2021-05-15,"06","8  day ahead inc hosp",2021-05-23,"quantile",0.05,114.713078837373
"4420",2021-05-15,"06","8  day ahead inc hosp",2021-05-23,"quantile",0.1,123.52263952052
"4421",2021-05-15,"06","8  day ahead inc hosp",2021-05-23,"quantile",0.15,129.746590498988
"4422",2021-05-15,"06","8  day ahead inc hosp",2021-05-23,"quantile",0.2,134.858587059121
"4423",2021-05-15,"06","8  day ahead inc hosp",2021-05-23,"quantile",0.25,139.363334694428
"4424",2021-05-15,"06","8  day ahead inc hosp",2021-05-23,"quantile",0.3,143.504071086301
"4425",2021-05-15,"06","8  day ahead inc hosp",2021-05-23,"quantile",0.35,147.422813261501
"4426",2021-05-15,"06","8  day ahead inc hosp",2021-05-23,"quantile",0.4,151.215009326165
"4427",2021-05-15,"06","8  day ahead inc hosp",2021-05-23,"quantile",0.45,154.95318368228
"4428",2021-05-15,"06","8  day ahead inc hosp",2021-05-23,"quantile",0.5,158.699340541138
"4429",2021-05-15,"06","8  day ahead inc hosp",2021-05-23,"quantile",0.55,162.513015812992
"4430",2021-05-15,"06","8  day ahead inc hosp",2021-05-23,"quantile",0.6,166.458118798843
"4431",2021-05-15,"06","8  day ahead inc hosp",2021-05-23,"quantile",0.65,170.610737406153
"4432",2021-05-15,"06","8  day ahead inc hosp",2021-05-23,"quantile",0.7,175.070555356263
"4433",2021-05-15,"06","8  day ahead inc hosp",2021-05-23,"quantile",0.75,179.980889573545
"4434",2021-05-15,"06","8  day ahead inc hosp",2021-05-23,"quantile",0.8,185.569550413893
"4435",2021-05-15,"06","8  day ahead inc hosp",2021-05-23,"quantile",0.85,192.246964171326
"4436",2021-05-15,"06","8  day ahead inc hosp",2021-05-23,"quantile",0.9,200.902803468266
"4437",2021-05-15,"06","8  day ahead inc hosp",2021-05-23,"quantile",0.95,214.265646552582
"4438",2021-05-15,"06","8  day ahead inc hosp",2021-05-23,"quantile",0.975,226.386235194137
"4439",2021-05-15,"06","8  day ahead inc hosp",2021-05-23,"quantile",0.99,241.117569117738
"4440",2021-05-15,"06","9  day ahead inc hosp",2021-05-24,"quantile",0.01,97.3909960156842
"4441",2021-05-15,"06","9  day ahead inc hosp",2021-05-24,"quantile",0.025,105.868123720933
"4442",2021-05-15,"06","9  day ahead inc hosp",2021-05-24,"quantile",0.05,113.591389090092
"4443",2021-05-15,"06","9  day ahead inc hosp",2021-05-24,"quantile",0.1,123.011865931539
"4444",2021-05-15,"06","9  day ahead inc hosp",2021-05-24,"quantile",0.15,129.690792702839
"4445",2021-05-15,"06","9  day ahead inc hosp",2021-05-24,"quantile",0.2,135.190039173097
"4446",2021-05-15,"06","9  day ahead inc hosp",2021-05-24,"quantile",0.25,140.045690501985
"4447",2021-05-15,"06","9  day ahead inc hosp",2021-05-24,"quantile",0.3,144.516635609549
"4448",2021-05-15,"06","9  day ahead inc hosp",2021-05-24,"quantile",0.35,148.754402462043
"4449",2021-05-15,"06","9  day ahead inc hosp",2021-05-24,"quantile",0.4,152.861161015795
"4450",2021-05-15,"06","9  day ahead inc hosp",2021-05-24,"quantile",0.45,156.914866829345
"4451",2021-05-15,"06","9  day ahead inc hosp",2021-05-24,"quantile",0.5,160.982497749074
"4452",2021-05-15,"06","9  day ahead inc hosp",2021-05-24,"quantile",0.55,165.128703296202
"4453",2021-05-15,"06","9  day ahead inc hosp",2021-05-24,"quantile",0.6,169.423223381854
"4454",2021-05-15,"06","9  day ahead inc hosp",2021-05-24,"quantile",0.65,173.949428615486
"4455",2021-05-15,"06","9  day ahead inc hosp",2021-05-24,"quantile",0.7,178.816887138264
"4456",2021-05-15,"06","9  day ahead inc hosp",2021-05-24,"quantile",0.75,184.183487793619
"4457",2021-05-15,"06","9  day ahead inc hosp",2021-05-24,"quantile",0.8,190.300624024774
"4458",2021-05-15,"06","9  day ahead inc hosp",2021-05-24,"quantile",0.85,197.62180370216
"4459",2021-05-15,"06","9  day ahead inc hosp",2021-05-24,"quantile",0.9,207.131263903596
"4460",2021-05-15,"06","9  day ahead inc hosp",2021-05-24,"quantile",0.95,221.851890923775
"4461",2021-05-15,"06","9  day ahead inc hosp",2021-05-24,"quantile",0.975,235.243300351021
"4462",2021-05-15,"06","9  day ahead inc hosp",2021-05-24,"quantile",0.99,251.565879115034
"4463",2021-05-15,"06","10  day ahead inc hosp",2021-05-25,"quantile",0.01,93.6899559402218
"4464",2021-05-15,"06","10  day ahead inc hosp",2021-05-25,"quantile",0.025,102.55898523619
"4465",2021-05-15,"06","10  day ahead inc hosp",2021-05-25,"quantile",0.05,110.677939646092
"4466",2021-05-15,"06","10  day ahead inc hosp",2021-05-25,"quantile",0.1,120.626456060119
"4467",2021-05-15,"06","10  day ahead inc hosp",2021-05-25,"quantile",0.15,127.70760759621
"4468",2021-05-15,"06","10  day ahead inc hosp",2021-05-25,"quantile",0.2,133.554213896877
"4469",2021-05-15,"06","10  day ahead inc hosp",2021-05-25,"quantile",0.25,138.728101102231
"4470",2021-05-15,"06","10  day ahead inc hosp",2021-05-25,"quantile",0.3,143.50122157578
"4471",2021-05-15,"06","10  day ahead inc hosp",2021-05-25,"quantile",0.35,148.033198239152
"4472",2021-05-15,"06","10  day ahead inc hosp",2021-05-25,"quantile",0.4,152.432057180914
"4473",2021-05-15,"06","10  day ahead inc hosp",2021-05-25,"quantile",0.45,156.780612946736
"4474",2021-05-15,"06","10  day ahead inc hosp",2021-05-25,"quantile",0.5,161.15041605529
"4475",2021-05-15,"06","10  day ahead inc hosp",2021-05-25,"quantile",0.55,165.610935526728
"4476",2021-05-15,"06","10  day ahead inc hosp",2021-05-25,"quantile",0.6,170.237518537569
"4477",2021-05-15,"06","10  day ahead inc hosp",2021-05-25,"quantile",0.65,175.120645384783
"4478",2021-05-15,"06","10  day ahead inc hosp",2021-05-25,"quantile",0.7,180.379636257474
"4479",2021-05-15,"06","10  day ahead inc hosp",2021-05-25,"quantile",0.75,186.186861942747
"4480",2021-05-15,"06","10  day ahead inc hosp",2021-05-25,"quantile",0.8,192.817274807703
"4481",2021-05-15,"06","10  day ahead inc hosp",2021-05-25,"quantile",0.85,200.767592759439
"4482",2021-05-15,"06","10  day ahead inc hosp",2021-05-25,"quantile",0.9,211.117245838133
"4483",2021-05-15,"06","10  day ahead inc hosp",2021-05-25,"quantile",0.95,227.186659128739
"4484",2021-05-15,"06","10  day ahead inc hosp",2021-05-25,"quantile",0.975,241.852432233277
"4485",2021-05-15,"06","10  day ahead inc hosp",2021-05-25,"quantile",0.99,259.784715567117
"4486",2021-05-15,"06","11  day ahead inc hosp",2021-05-26,"quantile",0.01,87.7989829118214
"4487",2021-05-15,"06","11  day ahead inc hosp",2021-05-26,"quantile",0.025,96.8910548177425
"4488",2021-05-15,"06","11  day ahead inc hosp",2021-05-26,"quantile",0.05,105.260206240655
"4489",2021-05-15,"06","11  day ahead inc hosp",2021-05-26,"quantile",0.1,115.569480021971
"4490",2021-05-15,"06","11  day ahead inc hosp",2021-05-26,"quantile",0.15,122.940698470845
"4491",2021-05-15,"06","11  day ahead inc hosp",2021-05-26,"quantile",0.2,129.04615341558
"4492",2021-05-15,"06","11  day ahead inc hosp",2021-05-26,"quantile",0.25,134.462907687897
"4493",2021-05-15,"06","11  day ahead inc hosp",2021-05-26,"quantile",0.3,139.471048693997
"4494",2021-05-15,"06","11  day ahead inc hosp",2021-05-26,"quantile",0.35,144.235516782835
"4495",2021-05-15,"06","11  day ahead inc hosp",2021-05-26,"quantile",0.4,148.868419030534
"4496",2021-05-15,"06","11  day ahead inc hosp",2021-05-26,"quantile",0.45,153.456172076057
"4497",2021-05-15,"06","11  day ahead inc hosp",2021-05-26,"quantile",0.5,158.073919658106
"4498",2021-05-15,"06","11  day ahead inc hosp",2021-05-26,"quantile",0.55,162.795108175837
"4499",2021-05-15,"06","11  day ahead inc hosp",2021-05-26,"quantile",0.6,167.699888336746
"4500",2021-05-15,"06","11  day ahead inc hosp",2021-05-26,"quantile",0.65,172.884994363572
"4501",2021-05-15,"06","11  day ahead inc hosp",2021-05-26,"quantile",0.7,178.478480429177
"4502",2021-05-15,"06","11  day ahead inc hosp",2021-05-26,"quantile",0.75,184.66584588491
"4503",2021-05-15,"06","11  day ahead inc hosp",2021-05-26,"quantile",0.8,191.743582480655
"4504",2021-05-15,"06","11  day ahead inc hosp",2021-05-26,"quantile",0.85,200.248172398102
"4505",2021-05-15,"06","11  day ahead inc hosp",2021-05-26,"quantile",0.9,211.347166046811
"4506",2021-05-15,"06","11  day ahead inc hosp",2021-05-26,"quantile",0.95,228.638327492376
"4507",2021-05-15,"06","11  day ahead inc hosp",2021-05-26,"quantile",0.975,244.476513728478
"4508",2021-05-15,"06","11  day ahead inc hosp",2021-05-26,"quantile",0.99,263.910765121702
"4509",2021-05-15,"06","12  day ahead inc hosp",2021-05-27,"quantile",0.01,84.3020574152934
"4510",2021-05-15,"06","12  day ahead inc hosp",2021-05-27,"quantile",0.025,93.7801644512436
"4511",2021-05-15,"06","12  day ahead inc hosp",2021-05-27,"quantile",0.05,102.552318075377
"4512",2021-05-15,"06","12  day ahead inc hosp",2021-05-27,"quantile",0.1,113.414233422857
"4513",2021-05-15,"06","12  day ahead inc hosp",2021-05-27,"quantile",0.15,121.215165784119
"4514",2021-05-15,"06","12  day ahead inc hosp",2021-05-27,"quantile",0.2,127.696657993327
"4515",2021-05-15,"06","12  day ahead inc hosp",2021-05-27,"quantile",0.25,133.461385221891
"4516",2021-05-15,"06","12  day ahead inc hosp",2021-05-27,"quantile",0.3,138.802660257565
"4517",2021-05-15,"06","12  day ahead inc hosp",2021-05-27,"quantile",0.35,143.893782290915
"4518",2021-05-15,"06","12  day ahead inc hosp",2021-05-27,"quantile",0.4,148.853048349952
"4519",2021-05-15,"06","12  day ahead inc hosp",2021-05-27,"quantile",0.45,153.772145488976
"4520",2021-05-15,"06","12  day ahead inc hosp",2021-05-27,"quantile",0.5,158.731305665982
"4521",2021-05-15,"06","12  day ahead inc hosp",2021-05-27,"quantile",0.55,163.809459543719
"4522",2021-05-15,"06","12  day ahead inc hosp",2021-05-27,"quantile",0.6,169.093252074625
"4523",2021-05-15,"06","12  day ahead inc hosp",2021-05-27,"quantile",0.65,174.687758472674
"4524",2021-05-15,"06","12  day ahead inc hosp",2021-05-27,"quantile",0.7,180.732577274796
"4525",2021-05-15,"06","12  day ahead inc hosp",2021-05-27,"quantile",0.75,187.430459090047
"4526",2021-05-15,"06","12  day ahead inc hosp",2021-05-27,"quantile",0.8,195.106087680014
"4527",2021-05-15,"06","12  day ahead inc hosp",2021-05-27,"quantile",0.85,204.347842710126
"4528",2021-05-15,"06","12  day ahead inc hosp",2021-05-27,"quantile",0.9,216.438005382116
"4529",2021-05-15,"06","12  day ahead inc hosp",2021-05-27,"quantile",0.95,235.334471846591
"4530",2021-05-15,"06","12  day ahead inc hosp",2021-05-27,"quantile",0.975,252.703344602599
"4531",2021-05-15,"06","12  day ahead inc hosp",2021-05-27,"quantile",0.99,274.08778011765
"4532",2021-05-15,"06","13  day ahead inc hosp",2021-05-28,"quantile",0.01,78.2082569022524
"4533",2021-05-15,"06","13  day ahead inc hosp",2021-05-28,"quantile",0.025,87.8265836416326
"4534",2021-05-15,"06","13  day ahead inc hosp",2021-05-28,"quantile",0.05,96.7857422523037
"4535",2021-05-15,"06","13  day ahead inc hosp",2021-05-28,"quantile",0.1,107.946879438705
"4536",2021-05-15,"06","13  day ahead inc hosp",2021-05-28,"quantile",0.15,116.004384631304
"4537",2021-05-15,"06","13  day ahead inc hosp",2021-05-28,"quantile",0.2,122.72332646981
"4538",2021-05-15,"06","13  day ahead inc hosp",2021-05-28,"quantile",0.25,128.716583755235
"4539",2021-05-15,"06","13  day ahead inc hosp",2021-05-28,"quantile",0.3,134.283398270415
"4540",2021-05-15,"06","13  day ahead inc hosp",2021-05-28,"quantile",0.35,139.601269014202
"4541",2021-05-15,"06","13  day ahead inc hosp",2021-05-28,"quantile",0.4,144.791982756686
"4542",2021-05-15,"06","13  day ahead inc hosp",2021-05-28,"quantile",0.45,149.950542088867
"4543",2021-05-15,"06","13  day ahead inc hosp",2021-05-28,"quantile",0.5,155.160697051186
"4544",2021-05-15,"06","13  day ahead inc hosp",2021-05-28,"quantile",0.55,160.505460280918
"4545",2021-05-15,"06","13  day ahead inc hosp",2021-05-28,"quantile",0.6,166.076573733306
"4546",2021-05-15,"06","13  day ahead inc hosp",2021-05-28,"quantile",0.65,171.985899856473
"4547",2021-05-15,"06","13  day ahead inc hosp",2021-05-28,"quantile",0.7,178.382658757836
"4548",2021-05-15,"06","13  day ahead inc hosp",2021-05-28,"quantile",0.75,185.484210002243
"4549",2021-05-15,"06","13  day ahead inc hosp",2021-05-28,"quantile",0.8,193.639377535088
"4550",2021-05-15,"06","13  day ahead inc hosp",2021-05-28,"quantile",0.85,203.481360136555
"4551",2021-05-15,"06","13  day ahead inc hosp",2021-05-28,"quantile",0.9,216.39229241245
"4552",2021-05-15,"06","13  day ahead inc hosp",2021-05-28,"quantile",0.95,236.646359706895
"4553",2021-05-15,"06","13  day ahead inc hosp",2021-05-28,"quantile",0.975,255.336871493762
"4554",2021-05-15,"06","13  day ahead inc hosp",2021-05-28,"quantile",0.99,278.436718394523
"4555",2021-05-15,"06","14  day ahead inc hosp",2021-05-29,"quantile",0.01,68.7097070613673
"4556",2021-05-15,"06","14  day ahead inc hosp",2021-05-29,"quantile",0.025,78.0713891751929
"4557",2021-05-15,"06","14  day ahead inc hosp",2021-05-29,"quantile",0.05,86.8610925199133
"4558",2021-05-15,"06","14  day ahead inc hosp",2021-05-29,"quantile",0.1,97.8936799783682
"4559",2021-05-15,"06","14  day ahead inc hosp",2021-05-29,"quantile",0.15,105.909324073764
"4560",2021-05-15,"06","14  day ahead inc hosp",2021-05-29,"quantile",0.2,112.623075371375
"4561",2021-05-15,"06","14  day ahead inc hosp",2021-05-29,"quantile",0.25,118.632956927047
"4562",2021-05-15,"06","14  day ahead inc hosp",2021-05-29,"quantile",0.3,124.232142996115
"4563",2021-05-15,"06","14  day ahead inc hosp",2021-05-29,"quantile",0.35,129.595398464869
"4564",2021-05-15,"06","14  day ahead inc hosp",2021-05-29,"quantile",0.4,134.843409954925
"4565",2021-05-15,"06","14  day ahead inc hosp",2021-05-29,"quantile",0.45,140.07108211111
"4566",2021-05-15,"06","14  day ahead inc hosp",2021-05-29,"quantile",0.5,145.362843680897
"4567",2021-05-15,"06","14  day ahead inc hosp",2021-05-29,"quantile",0.55,150.803146335221
"4568",2021-05-15,"06","14  day ahead inc hosp",2021-05-29,"quantile",0.6,156.486078569127
"4569",2021-05-15,"06","14  day ahead inc hosp",2021-05-29,"quantile",0.65,162.527104606042
"4570",2021-05-15,"06","14  day ahead inc hosp",2021-05-29,"quantile",0.7,169.080985918625
"4571",2021-05-15,"06","14  day ahead inc hosp",2021-05-29,"quantile",0.75,176.373927860067
"4572",2021-05-15,"06","14  day ahead inc hosp",2021-05-29,"quantile",0.8,184.769862442565
"4573",2021-05-15,"06","14  day ahead inc hosp",2021-05-29,"quantile",0.85,194.930734504976
"4574",2021-05-15,"06","14  day ahead inc hosp",2021-05-29,"quantile",0.9,208.304125700442
"4575",2021-05-15,"06","14  day ahead inc hosp",2021-05-29,"quantile",0.95,229.376700290838
"4576",2021-05-15,"06","14  day ahead inc hosp",2021-05-29,"quantile",0.975,248.914486440744
"4577",2021-05-15,"06","14  day ahead inc hosp",2021-05-29,"quantile",0.99,273.171634554599
"4578",2021-05-15,"06","15  day ahead inc hosp",2021-05-30,"quantile",0.01,74.4707425320025
"4579",2021-05-15,"06","15  day ahead inc hosp",2021-05-30,"quantile",0.025,85.6885771967262
"4580",2021-05-15,"06","15  day ahead inc hosp",2021-05-30,"quantile",0.05,96.3108290905579
"4581",2021-05-15,"06","15  day ahead inc hosp",2021-05-30,"quantile",0.1,109.750411484259
"4582",2021-05-15,"06","15  day ahead inc hosp",2021-05-30,"quantile",0.15,119.580870501803
"4583",2021-05-15,"06","15  day ahead inc hosp",2021-05-30,"quantile",0.2,127.853241370483
"4584",2021-05-15,"06","15  day ahead inc hosp",2021-05-30,"quantile",0.25,135.285949817759
"4585",2021-05-15,"06","15  day ahead inc hosp",2021-05-30,"quantile",0.3,142.232748226303
"4586",2021-05-15,"06","15  day ahead inc hosp",2021-05-30,"quantile",0.35,148.905654586739
"4587",2021-05-15,"06","15  day ahead inc hosp",2021-05-30,"quantile",0.4,155.452108468424
"4588",2021-05-15,"06","15  day ahead inc hosp",2021-05-30,"quantile",0.45,161.989057437868
"4589",2021-05-15,"06","15  day ahead inc hosp",2021-05-30,"quantile",0.5,168.62154668619
"4590",2021-05-15,"06","15  day ahead inc hosp",2021-05-30,"quantile",0.55,175.455651670031
"4591",2021-05-15,"06","15  day ahead inc hosp",2021-05-30,"quantile",0.6,182.610534029603
"4592",2021-05-15,"06","15  day ahead inc hosp",2021-05-30,"quantile",0.65,190.233383861
"4593",2021-05-15,"06","15  day ahead inc hosp",2021-05-30,"quantile",0.7,198.522434738112
"4594",2021-05-15,"06","15  day ahead inc hosp",2021-05-30,"quantile",0.75,207.768429304414
"4595",2021-05-15,"06","15  day ahead inc hosp",2021-05-30,"quantile",0.8,218.440309811597
"4596",2021-05-15,"06","15  day ahead inc hosp",2021-05-30,"quantile",0.85,231.392740665526
"4597",2021-05-15,"06","15  day ahead inc hosp",2021-05-30,"quantile",0.9,248.498298065427
"4598",2021-05-15,"06","15  day ahead inc hosp",2021-05-30,"quantile",0.95,275.574206585337
"4599",2021-05-15,"06","15  day ahead inc hosp",2021-05-30,"quantile",0.975,300.7993777448
"4600",2021-05-15,"06","15  day ahead inc hosp",2021-05-30,"quantile",0.99,332.263234755846
"4601",2021-05-15,"06","16  day ahead inc hosp",2021-05-31,"quantile",0.01,69.9251525587805
"4602",2021-05-15,"06","16  day ahead inc hosp",2021-05-31,"quantile",0.025,81.5466953084625
"4603",2021-05-15,"06","16  day ahead inc hosp",2021-05-31,"quantile",0.05,92.6511470868194
"4604",2021-05-15,"06","16  day ahead inc hosp",2021-05-31,"quantile",0.1,106.820067493147
"4605",2021-05-15,"06","16  day ahead inc hosp",2021-05-31,"quantile",0.15,117.257832666501
"4606",2021-05-15,"06","16  day ahead inc hosp",2021-05-31,"quantile",0.2,126.084427638387
"4607",2021-05-15,"06","16  day ahead inc hosp",2021-05-31,"quantile",0.25,134.046052776103
"4608",2021-05-15,"06","16  day ahead inc hosp",2021-05-31,"quantile",0.3,141.511890504445
"4609",2021-05-15,"06","16  day ahead inc hosp",2021-05-31,"quantile",0.35,148.704508121747
"4610",2021-05-15,"06","16  day ahead inc hosp",2021-05-31,"quantile",0.4,155.779855607408
"4611",2021-05-15,"06","16  day ahead inc hosp",2021-05-31,"quantile",0.45,162.862777731715
"4612",2021-05-15,"06","16  day ahead inc hosp",2021-05-31,"quantile",0.5,170.066555742545
"4613",2021-05-15,"06","16  day ahead inc hosp",2021-05-31,"quantile",0.55,177.50671097454
"4614",2021-05-15,"06","16  day ahead inc hosp",2021-05-31,"quantile",0.6,185.314115137547
"4615",2021-05-15,"06","16  day ahead inc hosp",2021-05-31,"quantile",0.65,193.651487325807
"4616",2021-05-15,"06","16  day ahead inc hosp",2021-05-31,"quantile",0.7,202.739028189557
"4617",2021-05-15,"06","16  day ahead inc hosp",2021-05-31,"quantile",0.75,212.900805553736
"4618",2021-05-15,"06","16  day ahead inc hosp",2021-05-31,"quantile",0.8,224.660826675121
"4619",2021-05-15,"06","16  day ahead inc hosp",2021-05-31,"quantile",0.85,238.97604503537
"4620",2021-05-15,"06","16  day ahead inc hosp",2021-05-31,"quantile",0.9,257.947165559727
"4621",2021-05-15,"06","16  day ahead inc hosp",2021-05-31,"quantile",0.95,288.115291236442
"4622",2021-05-15,"06","16  day ahead inc hosp",2021-05-31,"quantile",0.975,316.359390004348
"4623",2021-05-15,"06","16  day ahead inc hosp",2021-05-31,"quantile",0.99,351.75476193727
"4624",2021-05-15,"06","17  day ahead inc hosp",2021-06-01,"quantile",0.01,62.7215481894373
"4625",2021-05-15,"06","17  day ahead inc hosp",2021-06-01,"quantile",0.025,74.2635111512422
"4626",2021-05-15,"06","17  day ahead inc hosp",2021-06-01,"quantile",0.05,85.4046006567615
"4627",2021-05-15,"06","17  day ahead inc hosp",2021-06-01,"quantile",0.1,99.7552207752646
"4628",2021-05-15,"06","17  day ahead inc hosp",2021-06-01,"quantile",0.15,110.410562252681
"4629",2021-05-15,"06","17  day ahead inc hosp",2021-06-01,"quantile",0.2,119.47018597705
"4630",2021-05-15,"06","17  day ahead inc hosp",2021-06-01,"quantile",0.25,127.677202030705
"4631",2021-05-15,"06","17  day ahead inc hosp",2021-06-01,"quantile",0.3,135.40127594092
"4632",2021-05-15,"06","17  day ahead inc hosp",2021-06-01,"quantile",0.35,142.866773146565
"4633",2021-05-15,"06","17  day ahead inc hosp",2021-06-01,"quantile",0.4,150.232267056873
"4634",2021-05-15,"06","17  day ahead inc hosp",2021-06-01,"quantile",0.45,157.626031209596
"4635",2021-05-15,"06","17  day ahead inc hosp",2021-06-01,"quantile",0.5,165.165774239628
"4636",2021-05-15,"06","17  day ahead inc hosp",2021-06-01,"quantile",0.55,172.972823494499
"4637",2021-05-15,"06","17  day ahead inc hosp",2021-06-01,"quantile",0.6,181.185875798344
"4638",2021-05-15,"06","17  day ahead inc hosp",2021-06-01,"quantile",0.65,189.978581689746
"4639",2021-05-15,"06","17  day ahead inc hosp",2021-06-01,"quantile",0.7,199.58712066082
"4640",2021-05-15,"06","17  day ahead inc hosp",2021-06-01,"quantile",0.75,210.360324163671
"4641",2021-05-15,"06","17  day ahead inc hosp",2021-06-01,"quantile",0.8,222.863730089535
"4642",2021-05-15,"06","17  day ahead inc hosp",2021-06-01,"quantile",0.85,238.132340340217
"4643",2021-05-15,"06","17  day ahead inc hosp",2021-06-01,"quantile",0.9,258.442812541904
"4644",2021-05-15,"06","17  day ahead inc hosp",2021-06-01,"quantile",0.95,290.901737711179
"4645",2021-05-15,"06","17  day ahead inc hosp",2021-06-01,"quantile",0.975,321.450366154575
"4646",2021-05-15,"06","17  day ahead inc hosp",2021-06-01,"quantile",0.99,359.926219217635
"4647",2021-05-15,"06","18  day ahead inc hosp",2021-06-02,"quantile",0.01,53.9841702423066
"4648",2021-05-15,"06","18  day ahead inc hosp",2021-06-02,"quantile",0.025,65.0731466243773
"4649",2021-05-15,"06","18  day ahead inc hosp",2021-06-02,"quantile",0.05,75.9057036914714
"4650",2021-05-15,"06","18  day ahead inc hosp",2021-06-02,"quantile",0.1,90.013755570977
"4651",2021-05-15,"06","18  day ahead inc hosp",2021-06-02,"quantile",0.15,100.585302418961
"4652",2021-05-15,"06","18  day ahead inc hosp",2021-06-02,"quantile",0.2,109.630200626633
"4653",2021-05-15,"06","18  day ahead inc hosp",2021-06-02,"quantile",0.25,117.864512337496
"4654",2021-05-15,"06","18  day ahead inc hosp",2021-06-02,"quantile",0.3,125.646793416982
"4655",2021-05-15,"06","18  day ahead inc hosp",2021-06-02,"quantile",0.35,133.196440983203
"4656",2021-05-15,"06","18  day ahead inc hosp",2021-06-02,"quantile",0.4,140.670127257489
"4657",2021-05-15,"06","18  day ahead inc hosp",2021-06-02,"quantile",0.45,148.196152485908
"4658",2021-05-15,"06","18  day ahead inc hosp",2021-06-02,"quantile",0.5,155.893789819299
"4659",2021-05-15,"06","18  day ahead inc hosp",2021-06-02,"quantile",0.55,163.887477591474
"4660",2021-05-15,"06","18  day ahead inc hosp",2021-06-02,"quantile",0.6,172.320905776389
"4661",2021-05-15,"06","18  day ahead inc hosp",2021-06-02,"quantile",0.65,181.375353060249
"4662",2021-05-15,"06","18  day ahead inc hosp",2021-06-02,"quantile",0.7,191.298728575013
"4663",2021-05-15,"06","18  day ahead inc hosp",2021-06-02,"quantile",0.75,202.458615630155
"4664",2021-05-15,"06","18  day ahead inc hosp",2021-06-02,"quantile",0.8,215.452665925834
"4665",2021-05-15,"06","18  day ahead inc hosp",2021-06-02,"quantile",0.85,231.377212080079
"4666",2021-05-15,"06","18  day ahead inc hosp",2021-06-02,"quantile",0.9,252.649234704467
"4667",2021-05-15,"06","18  day ahead inc hosp",2021-06-02,"quantile",0.95,286.834142880355
"4668",2021-05-15,"06","18  day ahead inc hosp",2021-06-02,"quantile",0.975,319.195517867215
"4669",2021-05-15,"06","18  day ahead inc hosp",2021-06-02,"quantile",0.99,360.181792939889
"4670",2021-05-15,"06","19  day ahead inc hosp",2021-06-03,"quantile",0.01,51.7887020172942
"4671",2021-05-15,"06","19  day ahead inc hosp",2021-06-03,"quantile",0.025,63.302878126107
"4672",2021-05-15,"06","19  day ahead inc hosp",2021-06-03,"quantile",0.05,74.6555288301452
"4673",2021-05-15,"06","19  day ahead inc hosp",2021-06-03,"quantile",0.1,89.5671685908095
"4674",2021-05-15,"06","19  day ahead inc hosp",2021-06-03,"quantile",0.15,100.81940931336
"4675",2021-05-15,"06","19  day ahead inc hosp",2021-06-03,"quantile",0.2,110.492801908546
"4676",2021-05-15,"06","19  day ahead inc hosp",2021-06-03,"quantile",0.25,119.332440466851
"4677",2021-05-15,"06","19  day ahead inc hosp",2021-06-03,"quantile",0.3,127.713363399236
"4678",2021-05-15,"06","19  day ahead inc hosp",2021-06-03,"quantile",0.35,135.866536818907
"4679",2021-05-15,"06","19  day ahead inc hosp",2021-06-03,"quantile",0.4,143.958241324667
"4680",2021-05-15,"06","19  day ahead inc hosp",2021-06-03,"quantile",0.45,152.125947771728
"4681",2021-05-15,"06","19  day ahead inc hosp",2021-06-03,"quantile",0.5,160.498725381332
"4682",2021-05-15,"06","19  day ahead inc hosp",2021-06-03,"quantile",0.55,169.212456705925
"4683",2021-05-15,"06","19  day ahead inc hosp",2021-06-03,"quantile",0.6,178.425209207519
"4684",2021-05-15,"06","19  day ahead inc hosp",2021-06-03,"quantile",0.65,188.337506705779
"4685",2021-05-15,"06","19  day ahead inc hosp",2021-06-03,"quantile",0.7,199.224662529338
"4686",2021-05-15,"06","19  day ahead inc hosp",2021-06-03,"quantile",0.75,211.496037576834
"4687",2021-05-15,"06","19  day ahead inc hosp",2021-06-03,"quantile",0.8,225.818589140436
"4688",2021-05-15,"06","19  day ahead inc hosp",2021-06-03,"quantile",0.85,243.41786151119
"4689",2021-05-15,"06","19  day ahead inc hosp",2021-06-03,"quantile",0.9,267.000131135906
"4690",2021-05-15,"06","19  day ahead inc hosp",2021-06-03,"quantile",0.95,305.053476231451
"4691",2021-05-15,"06","19  day ahead inc hosp",2021-06-03,"quantile",0.975,341.232053923167
"4692",2021-05-15,"06","19  day ahead inc hosp",2021-06-03,"quantile",0.99,387.240245246527
"4693",2021-05-15,"06","20  day ahead inc hosp",2021-06-04,"quantile",0.01,45.555447613498
"4694",2021-05-15,"06","20  day ahead inc hosp",2021-06-04,"quantile",0.025,56.7595658861705
"4695",2021-05-15,"06","20  day ahead inc hosp",2021-06-04,"quantile",0.05,67.9473772143196
"4696",2021-05-15,"06","20  day ahead inc hosp",2021-06-04,"quantile",0.1,82.8131625005589
"4697",2021-05-15,"06","20  day ahead inc hosp",2021-06-04,"quantile",0.15,94.137328273202
"4698",2021-05-15,"06","20  day ahead inc hosp",2021-06-04,"quantile",0.2,103.935232777047
"4699",2021-05-15,"06","20  day ahead inc hosp",2021-06-04,"quantile",0.25,112.933821082915
"4700",2021-05-15,"06","20  day ahead inc hosp",2021-06-04,"quantile",0.3,121.501668306468
"4701",2021-05-15,"06","20  day ahead inc hosp",2021-06-04,"quantile",0.35,129.867816739519
"4702",2021-05-15,"06","20  day ahead inc hosp",2021-06-04,"quantile",0.4,138.199033313177
"4703",2021-05-15,"06","20  day ahead inc hosp",2021-06-04,"quantile",0.45,146.63499499996
"4704",2021-05-15,"06","20  day ahead inc hosp",2021-06-04,"quantile",0.5,155.3085922605
"4705",2021-05-15,"06","20  day ahead inc hosp",2021-06-04,"quantile",0.55,164.36140438762
"4706",2021-05-15,"06","20  day ahead inc hosp",2021-06-04,"quantile",0.6,173.959705948858
"4707",2021-05-15,"06","20  day ahead inc hosp",2021-06-04,"quantile",0.65,184.315930073458
"4708",2021-05-15,"06","20  day ahead inc hosp",2021-06-04,"quantile",0.7,195.723208721112
"4709",2021-05-15,"06","20  day ahead inc hosp",2021-06-04,"quantile",0.75,208.61894817125
"4710",2021-05-15,"06","20  day ahead inc hosp",2021-06-04,"quantile",0.8,223.717679890256
"4711",2021-05-15,"06","20  day ahead inc hosp",2021-06-04,"quantile",0.85,242.335223038315
"4712",2021-05-15,"06","20  day ahead inc hosp",2021-06-04,"quantile",0.9,267.383354085241
"4713",2021-05-15,"06","20  day ahead inc hosp",2021-06-04,"quantile",0.95,308.018630582291
"4714",2021-05-15,"06","20  day ahead inc hosp",2021-06-04,"quantile",0.975,346.868009250472
"4715",2021-05-15,"06","20  day ahead inc hosp",2021-06-04,"quantile",0.99,396.534223557655
"4716",2021-05-15,"06","21  day ahead inc hosp",2021-06-05,"quantile",0.01,36.4265915085933
"4717",2021-05-15,"06","21  day ahead inc hosp",2021-06-05,"quantile",0.025,46.5855323369459
"4718",2021-05-15,"06","21  day ahead inc hosp",2021-06-05,"quantile",0.05,56.9055082976517
"4719",2021-05-15,"06","21  day ahead inc hosp",2021-06-05,"quantile",0.1,70.8326155201002
"4720",2021-05-15,"06","21  day ahead inc hosp",2021-06-05,"quantile",0.15,81.5761559003323
"4721",2021-05-15,"06","21  day ahead inc hosp",2021-06-05,"quantile",0.2,90.9510384211954
"4722",2021-05-15,"06","21  day ahead inc hosp",2021-06-05,"quantile",0.25,99.6184427520196
"4723",2021-05-15,"06","21  day ahead inc hosp",2021-06-05,"quantile",0.3,107.917032006549
"4724",2021-05-15,"06","21  day ahead inc hosp",2021-06-05,"quantile",0.35,116.059933213321
"4725",2021-05-15,"06","21  day ahead inc hosp",2021-06-05,"quantile",0.4,124.204762575871
"4726",2021-05-15,"06","21  day ahead inc hosp",2021-06-05,"quantile",0.45,132.485871790308
"4727",2021-05-15,"06","21  day ahead inc hosp",2021-06-05,"quantile",0.5,141.033334771293
"4728",2021-05-15,"06","21  day ahead inc hosp",2021-06-05,"quantile",0.55,149.987861936129
"4729",2021-05-15,"06","21  day ahead inc hosp",2021-06-05,"quantile",0.6,159.516703891873
"4730",2021-05-15,"06","21  day ahead inc hosp",2021-06-05,"quantile",0.65,169.835423423592
"4731",2021-05-15,"06","21  day ahead inc hosp",2021-06-05,"quantile",0.7,181.243313574371
"4732",2021-05-15,"06","21  day ahead inc hosp",2021-06-05,"quantile",0.75,194.188928169391
"4733",2021-05-15,"06","21  day ahead inc hosp",2021-06-05,"quantile",0.8,209.407397564462
"4734",2021-05-15,"06","21  day ahead inc hosp",2021-06-05,"quantile",0.85,228.256143112594
"4735",2021-05-15,"06","21  day ahead inc hosp",2021-06-05,"quantile",0.9,253.74699603349
"4736",2021-05-15,"06","21  day ahead inc hosp",2021-06-05,"quantile",0.95,295.382514860476
"4737",2021-05-15,"06","21  day ahead inc hosp",2021-06-05,"quantile",0.975,335.470286413098
"4738",2021-05-15,"06","21  day ahead inc hosp",2021-06-05,"quantile",0.99,387.062180590882
"4739",2021-05-15,"06","22  day ahead inc hosp",2021-06-06,"quantile",0.01,35.6386486783968
"4740",2021-05-15,"06","22  day ahead inc hosp",2021-06-06,"quantile",0.025,46.2913639174022
"4741",2021-05-15,"06","22  day ahead inc hosp",2021-06-06,"quantile",0.05,57.2236134232208
"4742",2021-05-15,"06","22  day ahead inc hosp",2021-06-06,"quantile",0.1,72.112074373826
"4743",2021-05-15,"06","22  day ahead inc hosp",2021-06-06,"quantile",0.15,83.6817727023921
"4744",2021-05-15,"06","22  day ahead inc hosp",2021-06-06,"quantile",0.2,93.8274217203073
"4745",2021-05-15,"06","22  day ahead inc hosp",2021-06-06,"quantile",0.25,103.243431175847
"4746",2021-05-15,"06","22  day ahead inc hosp",2021-06-06,"quantile",0.3,112.28770199074
"4747",2021-05-15,"06","22  day ahead inc hosp",2021-06-06,"quantile",0.35,121.187205407257
"4748",2021-05-15,"06","22  day ahead inc hosp",2021-06-06,"quantile",0.4,130.111375622625
"4749",2021-05-15,"06","22  day ahead inc hosp",2021-06-06,"quantile",0.45,139.206139240108
"4750",2021-05-15,"06","22  day ahead inc hosp",2021-06-06,"quantile",0.5,148.61420135468
"4751",2021-05-15,"06","22  day ahead inc hosp",2021-06-06,"quantile",0.55,158.491267607284
"4752",2021-05-15,"06","22  day ahead inc hosp",2021-06-06,"quantile",0.6,169.023644122622
"4753",2021-05-15,"06","22  day ahead inc hosp",2021-06-06,"quantile",0.65,180.4526061646
"4754",2021-05-15,"06","22  day ahead inc hosp",2021-06-06,"quantile",0.7,193.114270967897
"4755",2021-05-15,"06","22  day ahead inc hosp",2021-06-06,"quantile",0.75,207.513575425055
"4756",2021-05-15,"06","22  day ahead inc hosp",2021-06-06,"quantile",0.8,224.479524292092
"4757",2021-05-15,"06","22  day ahead inc hosp",2021-06-06,"quantile",0.85,245.545155140922
"4758",2021-05-15,"06","22  day ahead inc hosp",2021-06-06,"quantile",0.9,274.11695972958
"4759",2021-05-15,"06","22  day ahead inc hosp",2021-06-06,"quantile",0.95,320.962444219518
"4760",2021-05-15,"06","22  day ahead inc hosp",2021-06-06,"quantile",0.975,366.244268485003
"4761",2021-05-15,"06","22  day ahead inc hosp",2021-06-06,"quantile",0.99,424.736621452469
"4762",2021-05-15,"06","23  day ahead inc hosp",2021-06-07,"quantile",0.01,31.6746075135222
"4763",2021-05-15,"06","23  day ahead inc hosp",2021-06-07,"quantile",0.025,42.079559057239
"4764",2021-05-15,"06","23  day ahead inc hosp",2021-06-07,"quantile",0.05,52.9154759605479
"4765",2021-05-15,"06","23  day ahead inc hosp",2021-06-07,"quantile",0.1,67.86663940306
"4766",2021-05-15,"06","23  day ahead inc hosp",2021-06-07,"quantile",0.15,79.6068922163385
"4767",2021-05-15,"06","23  day ahead inc hosp",2021-06-07,"quantile",0.2,89.9741385530482
"4768",2021-05-15,"06","23  day ahead inc hosp",2021-06-07,"quantile",0.25,99.6479462827446
"4769",2021-05-15,"06","23  day ahead inc hosp",2021-06-07,"quantile",0.3,108.981809803338
"4770",2021-05-15,"06","23  day ahead inc hosp",2021-06-07,"quantile",0.35,118.202468512366
"4771",2021-05-15,"06","23  day ahead inc hosp",2021-06-07,"quantile",0.4,127.481514779556
"4772",2021-05-15,"06","23  day ahead inc hosp",2021-06-07,"quantile",0.45,136.968940027708
"4773",2021-05-15,"06","23  day ahead inc hosp",2021-06-07,"quantile",0.5,146.81350397458
"4774",2021-05-15,"06","23  day ahead inc hosp",2021-06-07,"quantile",0.55,157.179447634641
"4775",2021-05-15,"06","23  day ahead inc hosp",2021-06-07,"quantile",0.6,168.265065451091
"4776",2021-05-15,"06","23  day ahead inc hosp",2021-06-07,"quantile",0.65,180.328814235141
"4777",2021-05-15,"06","23  day ahead inc hosp",2021-06-07,"quantile",0.7,193.732362270553
"4778",2021-05-15,"06","23  day ahead inc hosp",2021-06-07,"quantile",0.75,209.020753062279
"4779",2021-05-15,"06","23  day ahead inc hosp",2021-06-07,"quantile",0.8,227.090970844539
"4780",2021-05-15,"06","23  day ahead inc hosp",2021-06-07,"quantile",0.85,249.605099324168
"4781",2021-05-15,"06","23  day ahead inc hosp",2021-06-07,"quantile",0.9,280.263771921185
"4782",2021-05-15,"06","23  day ahead inc hosp",2021-06-07,"quantile",0.95,330.793613424826
"4783",2021-05-15,"06","23  day ahead inc hosp",2021-06-07,"quantile",0.975,379.900246748825
"4784",2021-05-15,"06","23  day ahead inc hosp",2021-06-07,"quantile",0.99,443.653855421565
"4785",2021-05-15,"06","24  day ahead inc hosp",2021-06-08,"quantile",0.01,28.5589182564524
"4786",2021-05-15,"06","24  day ahead inc hosp",2021-06-08,"quantile",0.025,38.8162837748223
"4787",2021-05-15,"06","24  day ahead inc hosp",2021-06-08,"quantile",0.05,49.6577114143151
"4788",2021-05-15,"06","24  day ahead inc hosp",2021-06-08,"quantile",0.1,64.812791938452
"4789",2021-05-15,"06","24  day ahead inc hosp",2021-06-08,"quantile",0.15,76.8367573541631
"4790",2021-05-15,"06","24  day ahead inc hosp",2021-06-08,"quantile",0.2,87.5277185791919
"4791",2021-05-15,"06","24  day ahead inc hosp",2021-06-08,"quantile",0.25,97.556625939381
"4792",2021-05-15,"06","24  day ahead inc hosp",2021-06-08,"quantile",0.3,107.275857716981
"4793",2021-05-15,"06","24  day ahead inc hosp",2021-06-08,"quantile",0.35,116.914116904051
"4794",2021-05-15,"06","24  day ahead inc hosp",2021-06-08,"quantile",0.4,126.646914494527
"4795",2021-05-15,"06","24  day ahead inc hosp",2021-06-08,"quantile",0.45,136.629950960703
"4796",2021-05-15,"06","24  day ahead inc hosp",2021-06-08,"quantile",0.5,147.019777850582
"4797",2021-05-15,"06","24  day ahead inc hosp",2021-06-08,"quantile",0.55,157.991193663771
"4798",2021-05-15,"06","24  day ahead inc hosp",2021-06-08,"quantile",0.6,169.757023535583
"4799",2021-05-15,"06","24  day ahead inc hosp",2021-06-08,"quantile",0.65,182.596320004112
"4800",2021-05-15,"06","24  day ahead inc hosp",2021-06-08,"quantile",0.7,196.901186673902
"4801",2021-05-15,"06","24  day ahead inc hosp",2021-06-08,"quantile",0.75,213.264261461333
"4802",2021-05-15,"06","24  day ahead inc hosp",2021-06-08,"quantile",0.8,232.663010509229
"4803",2021-05-15,"06","24  day ahead inc hosp",2021-06-08,"quantile",0.85,256.912051747391
"4804",2021-05-15,"06","24  day ahead inc hosp",2021-06-08,"quantile",0.9,290.059252550787
"4805",2021-05-15,"06","24  day ahead inc hosp",2021-06-08,"quantile",0.95,344.96200372807
"4806",2021-05-15,"06","24  day ahead inc hosp",2021-06-08,"quantile",0.975,398.590877575478
"4807",2021-05-15,"06","24  day ahead inc hosp",2021-06-08,"quantile",0.99,468.547711098616
"4808",2021-05-15,"06","25  day ahead inc hosp",2021-06-09,"quantile",0.01,24.2087961936552
"4809",2021-05-15,"06","25  day ahead inc hosp",2021-06-09,"quantile",0.025,33.8719763100432
"4810",2021-05-15,"06","25  day ahead inc hosp",2021-06-09,"quantile",0.05,44.2779217565955
"4811",2021-05-15,"06","25  day ahead inc hosp",2021-06-09,"quantile",0.1,59.0632526561588
"4812",2021-05-15,"06","25  day ahead inc hosp",2021-06-09,"quantile",0.15,70.9448937391194
"4813",2021-05-15,"06","25  day ahead inc hosp",2021-06-09,"quantile",0.2,81.5989998685414
"4814",2021-05-15,"06","25  day ahead inc hosp",2021-06-09,"quantile",0.25,91.6584852468227
"4815",2021-05-15,"06","25  day ahead inc hosp",2021-06-09,"quantile",0.3,101.459963658042
"4816",2021-05-15,"06","25  day ahead inc hosp",2021-06-09,"quantile",0.35,111.225286273658
"4817",2021-05-15,"06","25  day ahead inc hosp",2021-06-09,"quantile",0.4,121.127768751558
"4818",2021-05-15,"06","25  day ahead inc hosp",2021-06-09,"quantile",0.45,131.324017013069
"4819",2021-05-15,"06","25  day ahead inc hosp",2021-06-09,"quantile",0.5,141.974126032055
"4820",2021-05-15,"06","25  day ahead inc hosp",2021-06-09,"quantile",0.55,153.259243688898
"4821",2021-05-15,"06","25  day ahead inc hosp",2021-06-09,"quantile",0.6,165.402094067816
"4822",2021-05-15,"06","25  day ahead inc hosp",2021-06-09,"quantile",0.65,178.696714743643
"4823",2021-05-15,"06","25  day ahead inc hosp",2021-06-09,"quantile",0.7,193.558221677454
"4824",2021-05-15,"06","25  day ahead inc hosp",2021-06-09,"quantile",0.75,210.616137545305
"4825",2021-05-15,"06","25  day ahead inc hosp",2021-06-09,"quantile",0.8,230.911411183551
"4826",2021-05-15,"06","25  day ahead inc hosp",2021-06-09,"quantile",0.85,256.380739027099
"4827",2021-05-15,"06","25  day ahead inc hosp",2021-06-09,"quantile",0.9,291.353859267257
"4828",2021-05-15,"06","25  day ahead inc hosp",2021-06-09,"quantile",0.95,349.621916979249
"4829",2021-05-15,"06","25  day ahead inc hosp",2021-06-09,"quantile",0.975,406.880987577884
"4830",2021-05-15,"06","25  day ahead inc hosp",2021-06-09,"quantile",0.99,481.992255301211
"4831",2021-05-15,"06","26  day ahead inc hosp",2021-06-10,"quantile",0.01,20.3241410148833
"4832",2021-05-15,"06","26  day ahead inc hosp",2021-06-10,"quantile",0.025,29.3590397113376
"4833",2021-05-15,"06","26  day ahead inc hosp",2021-06-10,"quantile",0.05,39.288897276038
"4834",2021-05-15,"06","26  day ahead inc hosp",2021-06-10,"quantile",0.1,53.6482271803488
"4835",2021-05-15,"06","26  day ahead inc hosp",2021-06-10,"quantile",0.15,65.3462786345162
"4836",2021-05-15,"06","26  day ahead inc hosp",2021-06-10,"quantile",0.2,75.9302519456882
"4837",2021-05-15,"06","26  day ahead inc hosp",2021-06-10,"quantile",0.25,85.9922889394534
"4838",2021-05-15,"06","26  day ahead inc hosp",2021-06-10,"quantile",0.3,95.8518835174451
"4839",2021-05-15,"06","26  day ahead inc hosp",2021-06-10,"quantile",0.35,105.723292466246
"4840",2021-05-15,"06","26  day ahead inc hosp",2021-06-10,"quantile",0.4,115.77722670034
"4841",2021-05-15,"06","26  day ahead inc hosp",2021-06-10,"quantile",0.45,126.171004447274
"4842",2021-05-15,"06","26  day ahead inc hosp",2021-06-10,"quantile",0.5,137.068240474442
"4843",2021-05-15,"06","26  day ahead inc hosp",2021-06-10,"quantile",0.55,148.656571388151
"4844",2021-05-15,"06","26  day ahead inc hosp",2021-06-10,"quantile",0.6,161.16895020805
"4845",2021-05-15,"06","26  day ahead inc hosp",2021-06-10,"quantile",0.65,174.914992020361
"4846",2021-05-15,"06","26  day ahead inc hosp",2021-06-10,"quantile",0.7,190.333828663579
"4847",2021-05-15,"06","26  day ahead inc hosp",2021-06-10,"quantile",0.75,208.093590612991
"4848",2021-05-15,"06","26  day ahead inc hosp",2021-06-10,"quantile",0.8,229.301847439432
"4849",2021-05-15,"06","26  day ahead inc hosp",2021-06-10,"quantile",0.85,256.023737251436
"4850",2021-05-15,"06","26  day ahead inc hosp",2021-06-10,"quantile",0.9,292.886408807859
"4851",2021-05-15,"06","26  day ahead inc hosp",2021-06-10,"quantile",0.95,354.669919779189
"4852",2021-05-15,"06","26  day ahead inc hosp",2021-06-10,"quantile",0.975,415.753672176323
"4853",2021-05-15,"06","26  day ahead inc hosp",2021-06-10,"quantile",0.99,496.335087822614
"4854",2021-05-15,"06","27  day ahead inc hosp",2021-06-11,"quantile",0.01,17.6719963788451
"4855",2021-05-15,"06","27  day ahead inc hosp",2021-06-11,"quantile",0.025,26.3288106611245
"4856",2021-05-15,"06","27  day ahead inc hosp",2021-06-11,"quantile",0.05,36.0312913757957
"4857",2021-05-15,"06","27  day ahead inc hosp",2021-06-11,"quantile",0.1,50.2980591724039
"4858",2021-05-15,"06","27  day ahead inc hosp",2021-06-11,"quantile",0.15,62.0707313202424
"4859",2021-05-15,"06","27  day ahead inc hosp",2021-06-11,"quantile",0.2,72.8116438935707
"4860",2021-05-15,"06","27  day ahead inc hosp",2021-06-11,"quantile",0.25,83.0880537269046
"4861",2021-05-15,"06","27  day ahead inc hosp",2021-06-11,"quantile",0.3,93.2104935329747
"4862",2021-05-15,"06","27  day ahead inc hosp",2021-06-11,"quantile",0.35,103.39083541512
"4863",2021-05-15,"06","27  day ahead inc hosp",2021-06-11,"quantile",0.4,113.801138184458
"4864",2021-05-15,"06","27  day ahead inc hosp",2021-06-11,"quantile",0.45,124.602914977007
"4865",2021-05-15,"06","27  day ahead inc hosp",2021-06-11,"quantile",0.5,135.966792190358
"4866",2021-05-15,"06","27  day ahead inc hosp",2021-06-11,"quantile",0.55,148.090794795291
"4867",2021-05-15,"06","27  day ahead inc hosp",2021-06-11,"quantile",0.6,161.222862757803
"4868",2021-05-15,"06","27  day ahead inc hosp",2021-06-11,"quantile",0.65,175.694447167931
"4869",2021-05-15,"06","27  day ahead inc hosp",2021-06-11,"quantile",0.7,191.977523132974
"4870",2021-05-15,"06","27  day ahead inc hosp",2021-06-11,"quantile",0.75,210.79222777697
"4871",2021-05-15,"06","27  day ahead inc hosp",2021-06-11,"quantile",0.8,233.334956451397
"4872",2021-05-15,"06","27  day ahead inc hosp",2021-06-11,"quantile",0.85,261.840740877561
"4873",2021-05-15,"06","27  day ahead inc hosp",2021-06-11,"quantile",0.9,301.327248273434
"4874",2021-05-15,"06","27  day ahead inc hosp",2021-06-11,"quantile",0.95,367.862133692956
"4875",2021-05-15,"06","27  day ahead inc hosp",2021-06-11,"quantile",0.975,434.000306770787
"4876",2021-05-15,"06","27  day ahead inc hosp",2021-06-11,"quantile",0.99,521.68694058295
"4877",2021-05-15,"06","28  day ahead inc hosp",2021-06-12,"quantile",0.01,14.0266419409031
"4878",2021-05-15,"06","28  day ahead inc hosp",2021-06-12,"quantile",0.025,21.7982027301487
"4879",2021-05-15,"06","28  day ahead inc hosp",2021-06-12,"quantile",0.05,30.7423721447694
"4880",2021-05-15,"06","28  day ahead inc hosp",2021-06-12,"quantile",0.1,44.1905662884167
"4881",2021-05-15,"06","28  day ahead inc hosp",2021-06-12,"quantile",0.15,55.4770515277485
"4882",2021-05-15,"06","28  day ahead inc hosp",2021-06-12,"quantile",0.2,65.8876709158859
"4883",2021-05-15,"06","28  day ahead inc hosp",2021-06-12,"quantile",0.25,75.9308905232295
"4884",2021-05-15,"06","28  day ahead inc hosp",2021-06-12,"quantile",0.3,85.8908856432888
"4885",2021-05-15,"06","28  day ahead inc hosp",2021-06-12,"quantile",0.35,95.9663022199049
"4886",2021-05-15,"06","28  day ahead inc hosp",2021-06-12,"quantile",0.4,106.322695030759
"4887",2021-05-15,"06","28  day ahead inc hosp",2021-06-12,"quantile",0.45,117.11927747083
"4888",2021-05-15,"06","28  day ahead inc hosp",2021-06-12,"quantile",0.5,128.527615572923
"4889",2021-05-15,"06","28  day ahead inc hosp",2021-06-12,"quantile",0.55,140.749778054613
"4890",2021-05-15,"06","28  day ahead inc hosp",2021-06-12,"quantile",0.6,154.041379223606
"4891",2021-05-15,"06","28  day ahead inc hosp",2021-06-12,"quantile",0.65,168.746520009691
"4892",2021-05-15,"06","28  day ahead inc hosp",2021-06-12,"quantile",0.7,185.357530672081
"4893",2021-05-15,"06","28  day ahead inc hosp",2021-06-12,"quantile",0.75,204.62817207437
"4894",2021-05-15,"06","28  day ahead inc hosp",2021-06-12,"quantile",0.8,227.814031807525
"4895",2021-05-15,"06","28  day ahead inc hosp",2021-06-12,"quantile",0.85,257.266236941867
"4896",2021-05-15,"06","28  day ahead inc hosp",2021-06-12,"quantile",0.9,298.275952917717
"4897",2021-05-15,"06","28  day ahead inc hosp",2021-06-12,"quantile",0.95,367.839477331169
"4898",2021-05-15,"06","28  day ahead inc hosp",2021-06-12,"quantile",0.975,437.455479521805
"4899",2021-05-15,"06","28  day ahead inc hosp",2021-06-12,"quantile",0.99,530.327292501554
"4900",2021-05-15,"06","29  day ahead inc hosp",2021-06-13,"quantile",0.01,18.2290787138248
"4901",2021-05-15,"06","29  day ahead inc hosp",2021-06-13,"quantile",0.025,28.243049394714
"4902",2021-05-15,"06","29  day ahead inc hosp",2021-06-13,"quantile",0.05,39.7461018345971
"4903",2021-05-15,"06","29  day ahead inc hosp",2021-06-13,"quantile",0.1,57.0143345815155
"4904",2021-05-15,"06","29  day ahead inc hosp",2021-06-13,"quantile",0.15,71.4894874369869
"4905",2021-05-15,"06","29  day ahead inc hosp",2021-06-13,"quantile",0.2,84.8310378337012
"4906",2021-05-15,"06","29  day ahead inc hosp",2021-06-13,"quantile",0.25,97.6942700870854
"4907",2021-05-15,"06","29  day ahead inc hosp",2021-06-13,"quantile",0.3,110.444854475717
"4908",2021-05-15,"06","29  day ahead inc hosp",2021-06-13,"quantile",0.35,123.337951675217
"4909",2021-05-15,"06","29  day ahead inc hosp",2021-06-13,"quantile",0.4,136.585821271994
"4910",2021-05-15,"06","29  day ahead inc hosp",2021-06-13,"quantile",0.45,150.39224508625
"4911",2021-05-15,"06","29  day ahead inc hosp",2021-06-13,"quantile",0.5,164.976514397754
"4912",2021-05-15,"06","29  day ahead inc hosp",2021-06-13,"quantile",0.55,180.59664888037
"4913",2021-05-15,"06","29  day ahead inc hosp",2021-06-13,"quantile",0.6,197.578813473845
"4914",2021-05-15,"06","29  day ahead inc hosp",2021-06-13,"quantile",0.65,216.361876372163
"4915",2021-05-15,"06","29  day ahead inc hosp",2021-06-13,"quantile",0.7,237.573556841871
"4916",2021-05-15,"06","29  day ahead inc hosp",2021-06-13,"quantile",0.75,262.174676213657
"4917",2021-05-15,"06","29  day ahead inc hosp",2021-06-13,"quantile",0.8,291.765447758685
"4918",2021-05-15,"06","29  day ahead inc hosp",2021-06-13,"quantile",0.85,329.341841331281
"4919",2021-05-15,"06","29  day ahead inc hosp",2021-06-13,"quantile",0.9,381.645105350023
"4920",2021-05-15,"06","29  day ahead inc hosp",2021-06-13,"quantile",0.95,470.324874781576
"4921",2021-05-15,"06","29  day ahead inc hosp",2021-06-13,"quantile",0.975,559.030539676906
"4922",2021-05-15,"06","29  day ahead inc hosp",2021-06-13,"quantile",0.99,677.318816936289
"4923",2021-05-15,"06","30  day ahead inc hosp",2021-06-14,"quantile",0.01,14.9245569002485
"4924",2021-05-15,"06","30  day ahead inc hosp",2021-06-14,"quantile",0.025,24.1464716812204
"4925",2021-05-15,"06","30  day ahead inc hosp",2021-06-14,"quantile",0.05,35.0287463959089
"4926",2021-05-15,"06","30  day ahead inc hosp",2021-06-14,"quantile",0.1,51.7339415777072
"4927",2021-05-15,"06","30  day ahead inc hosp",2021-06-14,"quantile",0.15,65.9732589829408
"4928",2021-05-15,"06","30  day ahead inc hosp",2021-06-14,"quantile",0.2,79.2390476454261
"4929",2021-05-15,"06","30  day ahead inc hosp",2021-06-14,"quantile",0.25,92.1329421439471
"4930",2021-05-15,"06","30  day ahead inc hosp",2021-06-14,"quantile",0.3,104.998267102039
"4931",2021-05-15,"06","30  day ahead inc hosp",2021-06-14,"quantile",0.35,118.080797403768
"4932",2021-05-15,"06","30  day ahead inc hosp",2021-06-14,"quantile",0.4,131.59045076243
"4933",2021-05-15,"06","30  day ahead inc hosp",2021-06-14,"quantile",0.45,145.733587768402
"4934",2021-05-15,"06","30  day ahead inc hosp",2021-06-14,"quantile",0.5,160.736475802912
"4935",2021-05-15,"06","30  day ahead inc hosp",2021-06-14,"quantile",0.55,176.868975831069
"4936",2021-05-15,"06","30  day ahead inc hosp",2021-06-14,"quantile",0.6,194.475407601264
"4937",2021-05-15,"06","30  day ahead inc hosp",2021-06-14,"quantile",0.65,214.021976290857
"4938",2021-05-15,"06","30  day ahead inc hosp",2021-06-14,"quantile",0.7,236.178359396707
"4939",2021-05-15,"06","30  day ahead inc hosp",2021-06-14,"quantile",0.75,261.972757111266
"4940",2021-05-15,"06","30  day ahead inc hosp",2021-06-14,"quantile",0.8,293.121744770869
"4941",2021-05-15,"06","30  day ahead inc hosp",2021-06-14,"quantile",0.85,332.84609956633
"4942",2021-05-15,"06","30  day ahead inc hosp",2021-06-14,"quantile",0.9,388.409287635016
"4943",2021-05-15,"06","30  day ahead inc hosp",2021-06-14,"quantile",0.95,483.205771787803
"4944",2021-05-15,"06","30  day ahead inc hosp",2021-06-14,"quantile",0.975,578.627010454335
"4945",2021-05-15,"06","30  day ahead inc hosp",2021-06-14,"quantile",0.99,706.605459549591
"4946",2021-05-15,"06","31  day ahead inc hosp",2021-06-15,"quantile",0.01,12.0795110327841
"4947",2021-05-15,"06","31  day ahead inc hosp",2021-06-15,"quantile",0.025,20.4919183699434
"4948",2021-05-15,"06","31  day ahead inc hosp",2021-06-15,"quantile",0.05,30.7122879027663
"4949",2021-05-15,"06","31  day ahead inc hosp",2021-06-15,"quantile",0.1,46.7788151659515
"4950",2021-05-15,"06","31  day ahead inc hosp",2021-06-15,"quantile",0.15,60.7161903186386
"4951",2021-05-15,"06","31  day ahead inc hosp",2021-06-15,"quantile",0.2,73.8464620596649
"4952",2021-05-15,"06","31  day ahead inc hosp",2021-06-15,"quantile",0.25,86.715645118288
"4953",2021-05-15,"06","31  day ahead inc hosp",2021-06-15,"quantile",0.3,99.6435114153593
"4954",2021-05-15,"06","31  day ahead inc hosp",2021-06-15,"quantile",0.35,112.86566064196
"4955",2021-05-15,"06","31  day ahead inc hosp",2021-06-15,"quantile",0.4,126.589125981415
"4956",2021-05-15,"06","31  day ahead inc hosp",2021-06-15,"quantile",0.45,141.022464221812
"4957",2021-05-15,"06","31  day ahead inc hosp",2021-06-15,"quantile",0.5,156.398652655847
"4958",2021-05-15,"06","31  day ahead inc hosp",2021-06-15,"quantile",0.55,172.999226197926
"4959",2021-05-15,"06","31  day ahead inc hosp",2021-06-15,"quantile",0.6,191.186595138099
"4960",2021-05-15,"06","31  day ahead inc hosp",2021-06-15,"quantile",0.65,211.454371836466
"4961",2021-05-15,"06","31  day ahead inc hosp",2021-06-15,"quantile",0.7,234.514475607448
"4962",2021-05-15,"06","31  day ahead inc hosp",2021-06-15,"quantile",0.75,261.463164559786
"4963",2021-05-15,"06","31  day ahead inc hosp",2021-06-15,"quantile",0.8,294.134896210124
"4964",2021-05-15,"06","31  day ahead inc hosp",2021-06-15,"quantile",0.85,335.978867823183
"4965",2021-05-15,"06","31  day ahead inc hosp",2021-06-15,"quantile",0.9,394.790919039302
"4966",2021-05-15,"06","31  day ahead inc hosp",2021-06-15,"quantile",0.95,495.75196645124
"4967",2021-05-15,"06","31  day ahead inc hosp",2021-06-15,"quantile",0.975,598.009072674265
"4968",2021-05-15,"06","31  day ahead inc hosp",2021-06-15,"quantile",0.99,735.933592826772
"4969",2021-05-15,"06","32  day ahead inc hosp",2021-06-16,"quantile",0.01,9.63201398499789
"4970",2021-05-15,"06","32  day ahead inc hosp",2021-06-16,"quantile",0.025,17.228388369715
"4971",2021-05-15,"06","32  day ahead inc hosp",2021-06-16,"quantile",0.05,26.7585855174225
"4972",2021-05-15,"06","32  day ahead inc hosp",2021-06-16,"quantile",0.1,42.1312067042314
"4973",2021-05-15,"06","32  day ahead inc hosp",2021-06-16,"quantile",0.15,55.7188123879049
"4974",2021-05-15,"06","32  day ahead inc hosp",2021-06-16,"quantile",0.2,68.6716461591324
"4975",2021-05-15,"06","32  day ahead inc hosp",2021-06-16,"quantile",0.25,81.4788161950459
"4976",2021-05-15,"06","32  day ahead inc hosp",2021-06-16,"quantile",0.3,94.4357582215248
"4977",2021-05-15,"06","32  day ahead inc hosp",2021-06-16,"quantile",0.35,107.767450298866
"4978",2021-05-15,"06","32  day ahead inc hosp",2021-06-16,"quantile",0.4,121.677832223604
"4979",2021-05-15,"06","32  day ahead inc hosp",2021-06-16,"quantile",0.45,136.377641801451
"4980",2021-05-15,"06","32  day ahead inc hosp",2021-06-16,"quantile",0.5,152.106739207858
"4981",2021-05-15,"06","32  day ahead inc hosp",2021-06-16,"quantile",0.55,169.158723177168
"4982",2021-05-15,"06","32  day ahead inc hosp",2021-06-16,"quantile",0.6,187.914772906924
"4983",2021-05-15,"06","32  day ahead inc hosp",2021-06-16,"quantile",0.65,208.89701567817
"4984",2021-05-15,"06","32  day ahead inc hosp",2021-06-16,"quantile",0.7,232.861422488405
"4985",2021-05-15,"06","32  day ahead inc hosp",2021-06-16,"quantile",0.75,260.975378299119
"4986",2021-05-15,"06","32  day ahead inc hosp",2021-06-16,"quantile",0.8,295.196804985655
"4987",2021-05-15,"06","32  day ahead inc hosp",2021-06-16,"quantile",0.85,339.214694411476
"4988",2021-05-15,"06","32  day ahead inc hosp",2021-06-16,"quantile",0.9,401.385287947715
"4989",2021-05-15,"06","32  day ahead inc hosp",2021-06-16,"quantile",0.95,508.776779583502
"4990",2021-05-15,"06","32  day ahead inc hosp",2021-06-16,"quantile",0.975,618.222594299544
"4991",2021-05-15,"06","32  day ahead inc hosp",2021-06-16,"quantile",0.99,766.678236123166
"4992",2021-05-15,"06","33  day ahead inc hosp",2021-06-17,"quantile",0.01,7.5485705126458
"4993",2021-05-15,"06","33  day ahead inc hosp",2021-06-17,"quantile",0.025,14.3324601087127
"4994",2021-05-15,"06","33  day ahead inc hosp",2021-06-17,"quantile",0.05,23.1526062509743
"4995",2021-05-15,"06","33  day ahead inc hosp",2021-06-17,"quantile",0.1,37.7853023964767
"4996",2021-05-15,"06","33  day ahead inc hosp",2021-06-17,"quantile",0.15,50.9814133861585
"4997",2021-05-15,"06","33  day ahead inc hosp",2021-06-17,"quantile",0.2,63.7198466331747
"4998",2021-05-15,"06","33  day ahead inc hosp",2021-06-17,"quantile",0.25,76.4321729120835
"4999",2021-05-15,"06","33  day ahead inc hosp",2021-06-17,"quantile",0.3,89.3890274692152
"5000",2021-05-15,"06","33  day ahead inc hosp",2021-06-17,"quantile",0.35,102.804519196218
"5001",2021-05-15,"06","33  day ahead inc hosp",2021-06-17,"quantile",0.4,116.879437722454
"5002",2021-05-15,"06","33  day ahead inc hosp",2021-06-17,"quantile",0.45,131.826825539908
"5003",2021-05-15,"06","33  day ahead inc hosp",2021-06-17,"quantile",0.5,147.893745286924
"5004",2021-05-15,"06","33  day ahead inc hosp",2021-06-17,"quantile",0.55,165.386422493177
"5005",2021-05-15,"06","33  day ahead inc hosp",2021-06-17,"quantile",0.6,184.705706200978
"5006",2021-05-15,"06","33  day ahead inc hosp",2021-06-17,"quantile",0.65,206.403653224414
"5007",2021-05-15,"06","33  day ahead inc hosp",2021-06-17,"quantile",0.7,231.28254780489
"5008",2021-05-15,"06","33  day ahead inc hosp",2021-06-17,"quantile",0.75,260.584684493277
"5009",2021-05-15,"06","33  day ahead inc hosp",2021-06-17,"quantile",0.8,296.398263368542
"5010",2021-05-15,"06","33  day ahead inc hosp",2021-06-17,"quantile",0.85,342.665846457629
"5011",2021-05-15,"06","33  day ahead inc hosp",2021-06-17,"quantile",0.9,408.337777565997
"5012",2021-05-15,"06","33  day ahead inc hosp",2021-06-17,"quantile",0.95,522.489821986616
"5013",2021-05-15,"06","33  day ahead inc hosp",2021-06-17,"quantile",0.975,639.550770699883
"5014",2021-05-15,"06","33  day ahead inc hosp",2021-06-17,"quantile",0.99,799.23372330782
"5015",2021-05-15,"06","34  day ahead inc hosp",2021-06-18,"quantile",0.01,5.79971192302162
"5016",2021-05-15,"06","34  day ahead inc hosp",2021-06-18,"quantile",0.025,11.7846041969518
"5017",2021-05-15,"06","34  day ahead inc hosp",2021-06-18,"quantile",0.05,19.8824958744729
"5018",2021-05-15,"06","34  day ahead inc hosp",2021-06-18,"quantile",0.1,33.7363975415583
"5019",2021-05-15,"06","34  day ahead inc hosp",2021-06-18,"quantile",0.15,46.502933862051
"5020",2021-05-15,"06","34  day ahead inc hosp",2021-06-18,"quantile",0.2,58.9922453589342
"5021",2021-05-15,"06","34  day ahead inc hosp",2021-06-18,"quantile",0.25,71.5784132446981
"5022",2021-05-15,"06","34  day ahead inc hosp",2021-06-18,"quantile",0.3,84.5071188859694
"5023",2021-05-15,"06","34  day ahead inc hosp",2021-06-18,"quantile",0.35,97.9815290326717
"5024",2021-05-15,"06","34  day ahead inc hosp",2021-06-18,"quantile",0.4,112.199341442546
"5025",2021-05-15,"06","34  day ahead inc hosp",2021-06-18,"quantile",0.45,127.376115348062
"5026",2021-05-15,"06","34  day ahead inc hosp",2021-06-18,"quantile",0.5,143.766514721374
"5027",2021-05-15,"06","34  day ahead inc hosp",2021-06-18,"quantile",0.55,161.690037572815
"5028",2021-05-15,"06","34  day ahead inc hosp",2021-06-18,"quantile",0.6,181.568202356915
"5029",2021-05-15,"06","34  day ahead inc hosp",2021-06-18,"quantile",0.65,203.98454153891
"5030",2021-05-15,"06","34  day ahead inc hosp",2021-06-18,"quantile",0.7,229.790106954661
"5031",2021-05-15,"06","34  day ahead inc hosp",2021-06-18,"quantile",0.75,260.30619468751
"5032",2021-05-15,"06","34  day ahead inc hosp",2021-06-18,"quantile",0.8,297.75864484665
"5033",2021-05-15,"06","34  day ahead inc hosp",2021-06-18,"quantile",0.85,346.358471600819
"5034",2021-05-15,"06","34  day ahead inc hosp",2021-06-18,"quantile",0.9,415.686550854855
"5035",2021-05-15,"06","34  day ahead inc hosp",2021-06-18,"quantile",0.95,536.956417103599
"5036",2021-05-15,"06","34  day ahead inc hosp",2021-06-18,"quantile",0.975,662.094244352235
"5037",2021-05-15,"06","34  day ahead inc hosp",2021-06-18,"quantile",0.99,833.759511891244
"5038",2021-05-15,"06","35  day ahead inc hosp",2021-06-19,"quantile",0.01,4.35556627588762
"5039",2021-05-15,"06","35  day ahead inc hosp",2021-06-19,"quantile",0.025,9.56466080750937
"5040",2021-05-15,"06","35  day ahead inc hosp",2021-06-19,"quantile",0.05,16.9357205530855
"5041",2021-05-15,"06","35  day ahead inc hosp",2021-06-19,"quantile",0.1,29.9789375994926
"5042",2021-05-15,"06","35  day ahead inc hosp",2021-06-19,"quantile",0.15,42.281144561447
"5043",2021-05-15,"06","35  day ahead inc hosp",2021-06-19,"quantile",0.2,54.4884201713192
"5044",2021-05-15,"06","35  day ahead inc hosp",2021-06-19,"quantile",0.25,66.9181012926317
"5045",2021-05-15,"06","35  day ahead inc hosp",2021-06-19,"quantile",0.3,79.7910800737013
"5046",2021-05-15,"06","35  day ahead inc hosp",2021-06-19,"quantile",0.35,93.299683072131
"5047",2021-05-15,"06","35  day ahead inc hosp",2021-06-19,"quantile",0.4,107.638684995351
"5048",2021-05-15,"06","35  day ahead inc hosp",2021-06-19,"quantile",0.45,123.026453302065
"5049",2021-05-15,"06","35  day ahead inc hosp",2021-06-19,"quantile",0.5,139.725717722896
"5050",2021-05-15,"06","35  day ahead inc hosp",2021-06-19,"quantile",0.55,158.06995742991
"5051",2021-05-15,"06","35  day ahead inc hosp",2021-06-19,"quantile",0.6,178.50243053055
"5052",2021-05-15,"06","35  day ahead inc hosp",2021-06-19,"quantile",0.65,201.639782545262
"5053",2021-05-15,"06","35  day ahead inc hosp",2021-06-19,"quantile",0.7,228.38442025984
"5054",2021-05-15,"06","35  day ahead inc hosp",2021-06-19,"quantile",0.75,260.140948952922
"5055",2021-05-15,"06","35  day ahead inc hosp",2021-06-19,"quantile",0.8,299.280601178938
"5056",2021-05-15,"06","35  day ahead inc hosp",2021-06-19,"quantile",0.85,350.29853578503
"5057",2021-05-15,"06","35  day ahead inc hosp",2021-06-19,"quantile",0.9,423.444654439439
"5058",2021-05-15,"06","35  day ahead inc hosp",2021-06-19,"quantile",0.95,552.208241992756
"5059",2021-05-15,"06","35  day ahead inc hosp",2021-06-19,"quantile",0.975,685.911426545187
"5060",2021-05-15,"06","35  day ahead inc hosp",2021-06-19,"quantile",0.99,870.361474345939
"5061",2021-05-15,"06","36  day ahead inc hosp",2021-06-20,"quantile",0.01,4.19528755777438
"5062",2021-05-15,"06","36  day ahead inc hosp",2021-06-20,"quantile",0.025,9.55961124534321
"5063",2021-05-15,"06","36  day ahead inc hosp",2021-06-20,"quantile",0.05,17.3114695600103
"5064",2021-05-15,"06","36  day ahead inc hosp",2021-06-20,"quantile",0.1,31.2434564693562
"5065",2021-05-15,"06","36  day ahead inc hosp",2021-06-20,"quantile",0.15,44.523395219447
"5066",2021-05-15,"06","36  day ahead inc hosp",2021-06-20,"quantile",0.2,57.7854342285805
"5067",2021-05-15,"06","36  day ahead inc hosp",2021-06-20,"quantile",0.25,71.3516959189261
"5068",2021-05-15,"06","36  day ahead inc hosp",2021-06-20,"quantile",0.3,85.4531906484715
"5069",2021-05-15,"06","36  day ahead inc hosp",2021-06-20,"quantile",0.35,100.296090146339
"5070",2021-05-15,"06","36  day ahead inc hosp",2021-06-20,"quantile",0.4,116.09300117615
"5071",2021-05-15,"06","36  day ahead inc hosp",2021-06-20,"quantile",0.45,133.085181355571
"5072",2021-05-15,"06","36  day ahead inc hosp",2021-06-20,"quantile",0.5,151.56514596639
"5073",2021-05-15,"06","36  day ahead inc hosp",2021-06-20,"quantile",0.55,171.90598433734
"5074",2021-05-15,"06","36  day ahead inc hosp",2021-06-20,"quantile",0.6,194.605135340554
"5075",2021-05-15,"06","36  day ahead inc hosp",2021-06-20,"quantile",0.65,220.356023353831
"5076",2021-05-15,"06","36  day ahead inc hosp",2021-06-20,"quantile",0.7,250.174847894728
"5077",2021-05-15,"06","36  day ahead inc hosp",2021-06-20,"quantile",0.75,285.645026034611
"5078",2021-05-15,"06","36  day ahead inc hosp",2021-06-20,"quantile",0.8,329.442073074433
"5079",2021-05-15,"06","36  day ahead inc hosp",2021-06-20,"quantile",0.85,386.642363756445
"5080",2021-05-15,"06","36  day ahead inc hosp",2021-06-20,"quantile",0.9,468.832052612525
"5081",2021-05-15,"06","36  day ahead inc hosp",2021-06-20,"quantile",0.95,613.913232669457
"5082",2021-05-15,"06","36  day ahead inc hosp",2021-06-20,"quantile",0.975,764.965903928588
"5083",2021-05-15,"06","36  day ahead inc hosp",2021-06-20,"quantile",0.99,973.854653302357
"5084",2021-05-15,"06","37  day ahead inc hosp",2021-06-21,"quantile",0.01,3.04539948978836
"5085",2021-05-15,"06","37  day ahead inc hosp",2021-06-21,"quantile",0.025,7.62448975463242
"5086",2021-05-15,"06","37  day ahead inc hosp",2021-06-21,"quantile",0.05,14.5989034327221
"5087",2021-05-15,"06","37  day ahead inc hosp",2021-06-21,"quantile",0.1,27.6213232998246
"5088",2021-05-15,"06","37  day ahead inc hosp",2021-06-21,"quantile",0.15,40.3549791714372
"5089",2021-05-15,"06","37  day ahead inc hosp",2021-06-21,"quantile",0.2,53.2678450760007
"5090",2021-05-15,"06","37  day ahead inc hosp",2021-06-21,"quantile",0.25,66.6231889465274
"5091",2021-05-15,"06","37  day ahead inc hosp",2021-06-21,"quantile",0.3,80.626115834295
"5092",2021-05-15,"06","37  day ahead inc hosp",2021-06-21,"quantile",0.35,95.471609710288
"5093",2021-05-15,"06","37  day ahead inc hosp",2021-06-21,"quantile",0.4,111.369635560072
"5094",2021-05-15,"06","37  day ahead inc hosp",2021-06-21,"quantile",0.45,128.565144258724
"5095",2021-05-15,"06","37  day ahead inc hosp",2021-06-21,"quantile",0.5,147.360282009269
"5096",2021-05-15,"06","37  day ahead inc hosp",2021-06-21,"quantile",0.55,168.144556241979
"5097",2021-05-15,"06","37  day ahead inc hosp",2021-06-21,"quantile",0.6,191.44081467467
"5098",2021-05-15,"06","37  day ahead inc hosp",2021-06-21,"quantile",0.65,217.981148751932
"5099",2021-05-15,"06","37  day ahead inc hosp",2021-06-21,"quantile",0.7,248.841770903883
"5100",2021-05-15,"06","37  day ahead inc hosp",2021-06-21,"quantile",0.75,285.703608716754
"5101",2021-05-15,"06","37  day ahead inc hosp",2021-06-21,"quantile",0.8,331.41272519311
"5102",2021-05-15,"06","37  day ahead inc hosp",2021-06-21,"quantile",0.85,391.379697955723
"5103",2021-05-15,"06","37  day ahead inc hosp",2021-06-21,"quantile",0.9,477.980184558245
"5104",2021-05-15,"06","37  day ahead inc hosp",2021-06-21,"quantile",0.95,631.813899875011
"5105",2021-05-15,"06","37  day ahead inc hosp",2021-06-21,"quantile",0.975,792.969004795805
"5106",2021-05-15,"06","37  day ahead inc hosp",2021-06-21,"quantile",0.99,1017.06138087302
"5107",2021-05-15,"08","1  day ahead inc hosp",2021-05-16,"quantile",0.01,64.8543400118885
"5108",2021-05-15,"08","1  day ahead inc hosp",2021-05-16,"quantile",0.025,69.4898383100195
"5109",2021-05-15,"08","1  day ahead inc hosp",2021-05-16,"quantile",0.05,73.6716091701808
"5110",2021-05-15,"08","1  day ahead inc hosp",2021-05-16,"quantile",0.1,78.7240581721215
"5111",2021-05-15,"08","1  day ahead inc hosp",2021-05-16,"quantile",0.15,82.2767652487123
"5112",2021-05-15,"08","1  day ahead inc hosp",2021-05-16,"quantile",0.2,85.1850255456637
"5113",2021-05-15,"08","1  day ahead inc hosp",2021-05-16,"quantile",0.25,87.7409128330941
"5114",2021-05-15,"08","1  day ahead inc hosp",2021-05-16,"quantile",0.3,90.0848073165198
"5115",2021-05-15,"08","1  day ahead inc hosp",2021-05-16,"quantile",0.35,92.2984043049656
"5116",2021-05-15,"08","1  day ahead inc hosp",2021-05-16,"quantile",0.4,94.4363753570915
"5117",2021-05-15,"08","1  day ahead inc hosp",2021-05-16,"quantile",0.45,96.5400316998066
"5118",2021-05-15,"08","1  day ahead inc hosp",2021-05-16,"quantile",0.5,98.6444580141166
"5119",2021-05-15,"08","1  day ahead inc hosp",2021-05-16,"quantile",0.55,100.783103246574
"5120",2021-05-15,"08","1  day ahead inc hosp",2021-05-16,"quantile",0.6,102.991632351066
"5121",2021-05-15,"08","1  day ahead inc hosp",2021-05-16,"quantile",0.65,105.312266193827
"5122",2021-05-15,"08","1  day ahead inc hosp",2021-05-16,"quantile",0.7,107.800077361466
"5123",2021-05-15,"08","1  day ahead inc hosp",2021-05-16,"quantile",0.75,110.533991466739
"5124",2021-05-15,"08","1  day ahead inc hosp",2021-05-16,"quantile",0.8,113.639171846338
"5125",2021-05-15,"08","1  day ahead inc hosp",2021-05-16,"quantile",0.85,117.340702392807
"5126",2021-05-15,"08","1  day ahead inc hosp",2021-05-16,"quantile",0.9,122.125681829586
"5127",2021-05-15,"08","1  day ahead inc hosp",2021-05-16,"quantile",0.95,129.485084285222
"5128",2021-05-15,"08","1  day ahead inc hosp",2021-05-16,"quantile",0.975,136.133311286716
"5129",2021-05-15,"08","1  day ahead inc hosp",2021-05-16,"quantile",0.99,144.181566113007
"5130",2021-05-15,"08","2  day ahead inc hosp",2021-05-17,"quantile",0.01,68.5234186905177
"5131",2021-05-15,"08","2  day ahead inc hosp",2021-05-17,"quantile",0.025,73.6954755023283
"5132",2021-05-15,"08","2  day ahead inc hosp",2021-05-17,"quantile",0.05,78.3732285611815
"5133",2021-05-15,"08","2  day ahead inc hosp",2021-05-17,"quantile",0.1,84.0388907535631
"5134",2021-05-15,"08","2  day ahead inc hosp",2021-05-17,"quantile",0.15,88.0313298940068
"5135",2021-05-15,"08","2  day ahead inc hosp",2021-05-17,"quantile",0.2,91.3045059763922
"5136",2021-05-15,"08","2  day ahead inc hosp",2021-05-17,"quantile",0.25,94.1846144835075
"5137",2021-05-15,"08","2  day ahead inc hosp",2021-05-17,"quantile",0.3,96.8286276370474
"5138",2021-05-15,"08","2  day ahead inc hosp",2021-05-17,"quantile",0.35,99.3280310003442
"5139",2021-05-15,"08","2  day ahead inc hosp",2021-05-17,"quantile",0.4,101.744166249579
"5140",2021-05-15,"08","2  day ahead inc hosp",2021-05-17,"quantile",0.45,104.123500886138
"5141",2021-05-15,"08","2  day ahead inc hosp",2021-05-17,"quantile",0.5,106.505617526705
"5142",2021-05-15,"08","2  day ahead inc hosp",2021-05-17,"quantile",0.55,108.928375463457
"5143",2021-05-15,"08","2  day ahead inc hosp",2021-05-17,"quantile",0.6,111.432266151241
"5144",2021-05-15,"08","2  day ahead inc hosp",2021-05-17,"quantile",0.65,114.065348562325
"5145",2021-05-15,"08","2  day ahead inc hosp",2021-05-17,"quantile",0.7,116.890436047474
"5146",2021-05-15,"08","2  day ahead inc hosp",2021-05-17,"quantile",0.75,119.997679753051
"5147",2021-05-15,"08","2  day ahead inc hosp",2021-05-17,"quantile",0.8,123.530198269636
"5148",2021-05-15,"08","2  day ahead inc hosp",2021-05-17,"quantile",0.85,127.745580306892
"5149",2021-05-15,"08","2  day ahead inc hosp",2021-05-17,"quantile",0.9,133.201691386389
"5150",2021-05-15,"08","2  day ahead inc hosp",2021-05-17,"quantile",0.95,141.607649371159
"5151",2021-05-15,"08","2  day ahead inc hosp",2021-05-17,"quantile",0.975,149.215358125651
"5152",2021-05-15,"08","2  day ahead inc hosp",2021-05-17,"quantile",0.99,158.441834141351
"5153",2021-05-15,"08","3  day ahead inc hosp",2021-05-18,"quantile",0.01,66.6827573876896
"5154",2021-05-15,"08","3  day ahead inc hosp",2021-05-18,"quantile",0.025,71.8226365187204
"5155",2021-05-15,"08","3  day ahead inc hosp",2021-05-18,"quantile",0.05,76.4760265269028
"5156",2021-05-15,"08","3  day ahead inc hosp",2021-05-18,"quantile",0.1,82.1177208319295
"5157",2021-05-15,"08","3  day ahead inc hosp",2021-05-18,"quantile",0.15,86.0966582853855
"5158",2021-05-15,"08","3  day ahead inc hosp",2021-05-18,"quantile",0.2,89.3607273174846
"5159",2021-05-15,"08","3  day ahead inc hosp",2021-05-18,"quantile",0.25,92.2342175088489
"5160",2021-05-15,"08","3  day ahead inc hosp",2021-05-18,"quantile",0.3,94.873260310229
"5161",2021-05-15,"08","3  day ahead inc hosp",2021-05-18,"quantile",0.35,97.3689048445774
"5162",2021-05-15,"08","3  day ahead inc hosp",2021-05-18,"quantile",0.4,99.7822473545289
"5163",2021-05-15,"08","3  day ahead inc hosp",2021-05-18,"quantile",0.45,102.159615721714
"5164",2021-05-15,"08","3  day ahead inc hosp",2021-05-18,"quantile",0.5,104.540520916038
"5165",2021-05-15,"08","3  day ahead inc hosp",2021-05-18,"quantile",0.55,106.962802180983
"5166",2021-05-15,"08","3  day ahead inc hosp",2021-05-18,"quantile",0.6,109.466978612554
"5167",2021-05-15,"08","3  day ahead inc hosp",2021-05-18,"quantile",0.65,112.101191124296
"5168",2021-05-15,"08","3  day ahead inc hosp",2021-05-18,"quantile",0.7,114.928409675749
"5169",2021-05-15,"08","3  day ahead inc hosp",2021-05-18,"quantile",0.75,118.039062213106
"5170",2021-05-15,"08","3  day ahead inc hosp",2021-05-18,"quantile",0.8,121.576767178904
"5171",2021-05-15,"08","3  day ahead inc hosp",2021-05-18,"quantile",0.85,125.800097937027
"5172",2021-05-15,"08","3  day ahead inc hosp",2021-05-18,"quantile",0.9,131.269220014538
"5173",2021-05-15,"08","3  day ahead inc hosp",2021-05-18,"quantile",0.95,139.700904041283
"5174",2021-05-15,"08","3  day ahead inc hosp",2021-05-18,"quantile",0.975,147.337464702259
"5175",2021-05-15,"08","3  day ahead inc hosp",2021-05-18,"quantile",0.99,156.605539722981
"5176",2021-05-15,"08","4  day ahead inc hosp",2021-05-19,"quantile",0.01,61.7500620453428
"5177",2021-05-15,"08","4  day ahead inc hosp",2021-05-19,"quantile",0.025,66.9023216906995
"5178",2021-05-15,"08","4  day ahead inc hosp",2021-05-19,"quantile",0.05,71.5857481963721
"5179",2021-05-15,"08","4  day ahead inc hosp",2021-05-19,"quantile",0.1,77.2859207710138
"5180",2021-05-15,"08","4  day ahead inc hosp",2021-05-19,"quantile",0.15,81.3196178033923
"5181",2021-05-15,"08","4  day ahead inc hosp",2021-05-19,"quantile",0.2,84.6364493058818
"5182",2021-05-15,"08","4  day ahead inc hosp",2021-05-19,"quantile",0.25,87.5619700036279
"5183",2021-05-15,"08","4  day ahead inc hosp",2021-05-19,"quantile",0.3,90.2532253226995
"5184",2021-05-15,"08","4  day ahead inc hosp",2021-05-19,"quantile",0.35,92.8020119946225
"5185",2021-05-15,"08","4  day ahead inc hosp",2021-05-19,"quantile",0.4,95.2701174657891
"5186",2021-05-15,"08","4  day ahead inc hosp",2021-05-19,"quantile",0.45,97.7045798577194
"5187",2021-05-15,"08","4  day ahead inc hosp",2021-05-19,"quantile",0.5,100.145705987358
"5188",2021-05-15,"08","4  day ahead inc hosp",2021-05-19,"quantile",0.55,102.632292124539
"5189",2021-05-15,"08","4  day ahead inc hosp",2021-05-19,"quantile",0.6,105.206079358101
"5190",2021-05-15,"08","4  day ahead inc hosp",2021-05-19,"quantile",0.65,107.916857777308
"5191",2021-05-15,"08","4  day ahead inc hosp",2021-05-19,"quantile",0.7,110.829953368154
"5192",2021-05-15,"08","4  day ahead inc hosp",2021-05-19,"quantile",0.75,114.039386578269
"5193",2021-05-15,"08","4  day ahead inc hosp",2021-05-19,"quantile",0.8,117.694724765737
"5194",2021-05-15,"08","4  day ahead inc hosp",2021-05-19,"quantile",0.85,122.065595053139
"5195",2021-05-15,"08","4  day ahead inc hosp",2021-05-19,"quantile",0.9,127.736788150469
"5196",2021-05-15,"08","4  day ahead inc hosp",2021-05-19,"quantile",0.95,136.503008588135
"5197",2021-05-15,"08","4  day ahead inc hosp",2021-05-19,"quantile",0.975,144.465145599658
"5198",2021-05-15,"08","4  day ahead inc hosp",2021-05-19,"quantile",0.99,154.155201904761
"5199",2021-05-15,"08","5  day ahead inc hosp",2021-05-20,"quantile",0.01,58.2092248054914
"5200",2021-05-15,"08","5  day ahead inc hosp",2021-05-20,"quantile",0.025,63.2855935229111
"5201",2021-05-15,"08","5  day ahead inc hosp",2021-05-20,"quantile",0.05,67.9110108790679
"5202",2021-05-15,"08","5  day ahead inc hosp",2021-05-20,"quantile",0.1,73.5534459962597
"5203",2021-05-15,"08","5  day ahead inc hosp",2021-05-20,"quantile",0.15,77.554165496015
"5204",2021-05-15,"08","5  day ahead inc hosp",2021-05-20,"quantile",0.2,80.8484504455363
"5205",2021-05-15,"08","5  day ahead inc hosp",2021-05-20,"quantile",0.25,83.7573375488535
"5206",2021-05-15,"08","5  day ahead inc hosp",2021-05-20,"quantile",0.3,86.4358713542703
"5207",2021-05-15,"08","5  day ahead inc hosp",2021-05-20,"quantile",0.35,88.9748051906624
"5208",2021-05-15,"08","5  day ahead inc hosp",2021-05-20,"quantile",0.4,91.4353357623911
"5209",2021-05-15,"08","5  day ahead inc hosp",2021-05-20,"quantile",0.45,93.8641609262639
"5210",2021-05-15,"08","5  day ahead inc hosp",2021-05-20,"quantile",0.5,96.3014074662692
"5211",2021-05-15,"08","5  day ahead inc hosp",2021-05-20,"quantile",0.55,98.7858122732216
"5212",2021-05-15,"08","5  day ahead inc hosp",2021-05-20,"quantile",0.6,101.359167358908
"5213",2021-05-15,"08","5  day ahead inc hosp",2021-05-20,"quantile",0.65,104.071438023277
"5214",2021-05-15,"08","5  day ahead inc hosp",2021-05-20,"quantile",0.7,106.98829519066
"5215",2021-05-15,"08","5  day ahead inc hosp",2021-05-20,"quantile",0.75,110.204376640343
"5216",2021-05-15,"08","5  day ahead inc hosp",2021-05-20,"quantile",0.8,113.870372492008
"5217",2021-05-15,"08","5  day ahead inc hosp",2021-05-20,"quantile",0.85,118.258132891222
"5218",2021-05-15,"08","5  day ahead inc hosp",2021-05-20,"quantile",0.9,123.957664874587
"5219",2021-05-15,"08","5  day ahead inc hosp",2021-05-20,"quantile",0.95,132.781119443524
"5220",2021-05-15,"08","5  day ahead inc hosp",2021-05-20,"quantile",0.975,140.808427584539
"5221",2021-05-15,"08","5  day ahead inc hosp",2021-05-20,"quantile",0.99,150.593474903546
"5222",2021-05-15,"08","6  day ahead inc hosp",2021-05-21,"quantile",0.01,55.6495812590334
"5223",2021-05-15,"08","6  day ahead inc hosp",2021-05-21,"quantile",0.025,60.8410316331461
"5224",2021-05-15,"08","6  day ahead inc hosp",2021-05-21,"quantile",0.05,65.5893537189958
"5225",2021-05-15,"08","6  day ahead inc hosp",2021-05-21,"quantile",0.1,71.4029068387924
"5226",2021-05-15,"08","6  day ahead inc hosp",2021-05-21,"quantile",0.15,75.5379510888125
"5227",2021-05-15,"08","6  day ahead inc hosp",2021-05-21,"quantile",0.2,78.9503864987642
"5228",2021-05-15,"08","6  day ahead inc hosp",2021-05-21,"quantile",0.25,81.9689758451433
"5229",2021-05-15,"08","6  day ahead inc hosp",2021-05-21,"quantile",0.3,84.7527901467195
"5230",2021-05-15,"08","6  day ahead inc hosp",2021-05-21,"quantile",0.35,87.3951489295155
"5231",2021-05-15,"08","6  day ahead inc hosp",2021-05-21,"quantile",0.4,89.9591648526582
"5232",2021-05-15,"08","6  day ahead inc hosp",2021-05-21,"quantile",0.45,92.4931798847166
"5233",2021-05-15,"08","6  day ahead inc hosp",2021-05-21,"quantile",0.5,95.0389189465717
"5234",2021-05-15,"08","6  day ahead inc hosp",2021-05-21,"quantile",0.55,97.6368506984591
"5235",2021-05-15,"08","6  day ahead inc hosp",2021-05-21,"quantile",0.6,100.330825610838
"5236",2021-05-15,"08","6  day ahead inc hosp",2021-05-21,"quantile",0.65,103.173459235066
"5237",2021-05-15,"08","6  day ahead inc hosp",2021-05-21,"quantile",0.7,106.234095811651
"5238",2021-05-15,"08","6  day ahead inc hosp",2021-05-21,"quantile",0.75,109.612866357278
"5239",2021-05-15,"08","6  day ahead inc hosp",2021-05-21,"quantile",0.8,113.469440549134
"5240",2021-05-15,"08","6  day ahead inc hosp",2021-05-21,"quantile",0.85,118.092198125527
"5241",2021-05-15,"08","6  day ahead inc hosp",2021-05-21,"quantile",0.9,124.107678438056
"5242",2021-05-15,"08","6  day ahead inc hosp",2021-05-21,"quantile",0.95,133.442639959808
"5243",2021-05-15,"08","6  day ahead inc hosp",2021-05-21,"quantile",0.975,141.957307502079
"5244",2021-05-15,"08","6  day ahead inc hosp",2021-05-21,"quantile",0.99,152.362624025526
"5245",2021-05-15,"08","7  day ahead inc hosp",2021-05-22,"quantile",0.01,50.219174049508
"5246",2021-05-15,"08","7  day ahead inc hosp",2021-05-22,"quantile",0.025,55.222083174218
"5247",2021-05-15,"08","7  day ahead inc hosp",2021-05-22,"quantile",0.05,59.8160170189708
"5248",2021-05-15,"08","7  day ahead inc hosp",2021-05-22,"quantile",0.1,65.4617810955761
"5249",2021-05-15,"08","7  day ahead inc hosp",2021-05-22,"quantile",0.15,69.4905133655205
"5250",2021-05-15,"08","7  day ahead inc hosp",2021-05-22,"quantile",0.2,72.8227854268289
"5251",2021-05-15,"08","7  day ahead inc hosp",2021-05-22,"quantile",0.25,75.7758589600077
"5252",2021-05-15,"08","7  day ahead inc hosp",2021-05-22,"quantile",0.3,78.5035374714022
"5253",2021-05-15,"08","7  day ahead inc hosp",2021-05-22,"quantile",0.35,81.0962620900645
"5254",2021-05-15,"08","7  day ahead inc hosp",2021-05-22,"quantile",0.4,83.6153868680134
"5255",2021-05-15,"08","7  day ahead inc hosp",2021-05-22,"quantile",0.45,86.1080912914219
"5256",2021-05-15,"08","7  day ahead inc hosp",2021-05-22,"quantile",0.5,88.6152844187612
"5257",2021-05-15,"08","7  day ahead inc hosp",2021-05-22,"quantile",0.55,91.1768341682555
"5258",2021-05-15,"08","7  day ahead inc hosp",2021-05-22,"quantile",0.6,93.8361310837241
"5259",2021-05-15,"08","7  day ahead inc hosp",2021-05-22,"quantile",0.65,96.6454284031507
"5260",2021-05-15,"08","7  day ahead inc hosp",2021-05-22,"quantile",0.7,99.6737828291343
"5261",2021-05-15,"08","7  day ahead inc hosp",2021-05-22,"quantile",0.75,103.02110972328
"5262",2021-05-15,"08","7  day ahead inc hosp",2021-05-22,"quantile",0.8,106.846967866179
"5263",2021-05-15,"08","7  day ahead inc hosp",2021-05-22,"quantile",0.85,111.439868284397
"5264",2021-05-15,"08","7  day ahead inc hosp",2021-05-22,"quantile",0.9,117.427298732908
"5265",2021-05-15,"08","7  day ahead inc hosp",2021-05-22,"quantile",0.95,126.741365999803
"5266",2021-05-15,"08","7  day ahead inc hosp",2021-05-22,"quantile",0.975,135.259242321948
"5267",2021-05-15,"08","7  day ahead inc hosp",2021-05-22,"quantile",0.99,145.695007804154
"5268",2021-05-15,"08","8  day ahead inc hosp",2021-05-23,"quantile",0.01,48.6083209943058
"5269",2021-05-15,"08","8  day ahead inc hosp",2021-05-23,"quantile",0.025,53.7598185250216
"5270",2021-05-15,"08","8  day ahead inc hosp",2021-05-23,"quantile",0.05,58.5088025847748
"5271",2021-05-15,"08","8  day ahead inc hosp",2021-05-23,"quantile",0.1,64.3670258677805
"5272",2021-05-15,"08","8  day ahead inc hosp",2021-05-23,"quantile",0.15,68.5608213547472
"5273",2021-05-15,"08","8  day ahead inc hosp",2021-05-23,"quantile",0.2,72.0374417190571
"5274",2021-05-15,"08","8  day ahead inc hosp",2021-05-23,"quantile",0.25,75.1240134635477
"5275",2021-05-15,"08","8  day ahead inc hosp",2021-05-23,"quantile",0.3,77.9794306902679
"5276",2021-05-15,"08","8  day ahead inc hosp",2021-05-23,"quantile",0.35,80.6973486055
"5277",2021-05-15,"08","8  day ahead inc hosp",2021-05-23,"quantile",0.4,83.3414979530632
"5278",2021-05-15,"08","8  day ahead inc hosp",2021-05-23,"quantile",0.45,85.9610783695657
"5279",2021-05-15,"08","8  day ahead inc hosp",2021-05-23,"quantile",0.5,88.5989457761409
"5280",2021-05-15,"08","8  day ahead inc hosp",2021-05-23,"quantile",0.55,91.2970631426381
"5281",2021-05-15,"08","8  day ahead inc hosp",2021-05-23,"quantile",0.6,94.1012986816396
"5282",2021-05-15,"08","8  day ahead inc hosp",2021-05-23,"quantile",0.65,97.0670847494121
"5283",2021-05-15,"08","8  day ahead inc hosp",2021-05-23,"quantile",0.7,100.267874931434
"5284",2021-05-15,"08","8  day ahead inc hosp",2021-05-23,"quantile",0.75,103.810151469727
"5285",2021-05-15,"08","8  day ahead inc hosp",2021-05-23,"quantile",0.8,107.864200029152
"5286",2021-05-15,"08","8  day ahead inc hosp",2021-05-23,"quantile",0.85,112.738270442649
"5287",2021-05-15,"08","8  day ahead inc hosp",2021-05-23,"quantile",0.9,119.103469026175
"5288",2021-05-15,"08","8  day ahead inc hosp",2021-05-23,"quantile",0.95,129.02874229989
"5289",2021-05-15,"08","8  day ahead inc hosp",2021-05-23,"quantile",0.975,138.128761029779
"5290",2021-05-15,"08","8  day ahead inc hosp",2021-05-23,"quantile",0.99,149.305388253933
"5291",2021-05-15,"08","9  day ahead inc hosp",2021-05-24,"quantile",0.01,53.3299078789166
"5292",2021-05-15,"08","9  day ahead inc hosp",2021-05-24,"quantile",0.025,59.096545333433
"5293",2021-05-15,"08","9  day ahead inc hosp",2021-05-24,"quantile",0.05,64.4196389799314
"5294",2021-05-15,"08","9  day ahead inc hosp",2021-05-24,"quantile",0.1,70.9943465584337
"5295",2021-05-15,"08","9  day ahead inc hosp",2021-05-24,"quantile",0.15,75.7061400179447
"5296",2021-05-15,"08","9  day ahead inc hosp",2021-05-24,"quantile",0.2,79.6151264619449
"5297",2021-05-15,"08","9  day ahead inc hosp",2021-05-24,"quantile",0.25,83.0876590794148
"5298",2021-05-15,"08","9  day ahead inc hosp",2021-05-24,"quantile",0.3,86.3018024068325
"5299",2021-05-15,"08","9  day ahead inc hosp",2021-05-24,"quantile",0.35,89.3625949932222
"5300",2021-05-15,"08","9  day ahead inc hosp",2021-05-24,"quantile",0.4,92.3415884463923
"5301",2021-05-15,"08","9  day ahead inc hosp",2021-05-24,"quantile",0.45,95.2940932160275
"5302",2021-05-15,"08","9  day ahead inc hosp",2021-05-24,"quantile",0.5,98.2683620910725
"5303",2021-05-15,"08","9  day ahead inc hosp",2021-05-24,"quantile",0.55,101.311717116199
"5304",2021-05-15,"08","9  day ahead inc hosp",2021-05-24,"quantile",0.6,104.475958592212
"5305",2021-05-15,"08","9  day ahead inc hosp",2021-05-24,"quantile",0.65,107.823761107738
"5306",2021-05-15,"08","9  day ahead inc hosp",2021-05-24,"quantile",0.7,111.43824802104
"5307",2021-05-15,"08","9  day ahead inc hosp",2021-05-24,"quantile",0.75,115.439996036138
"5308",2021-05-15,"08","9  day ahead inc hosp",2021-05-24,"quantile",0.8,120.021920250011
"5309",2021-05-15,"08","9  day ahead inc hosp",2021-05-24,"quantile",0.85,125.533362389164
"5310",2021-05-15,"08","9  day ahead inc hosp",2021-05-24,"quantile",0.9,132.735150281265
"5311",2021-05-15,"08","9  day ahead inc hosp",2021-05-24,"quantile",0.95,143.973784471359
"5312",2021-05-15,"08","9  day ahead inc hosp",2021-05-24,"quantile",0.975,154.286687306805
"5313",2021-05-15,"08","9  day ahead inc hosp",2021-05-24,"quantile",0.99,166.963377303056
"5314",2021-05-15,"08","10  day ahead inc hosp",2021-05-25,"quantile",0.01,46.745451571255
"5315",2021-05-15,"08","10  day ahead inc hosp",2021-05-25,"quantile",0.025,52.2502803171106
"5316",2021-05-15,"08","10  day ahead inc hosp",2021-05-25,"quantile",0.05,57.3616647170967
"5317",2021-05-15,"08","10  day ahead inc hosp",2021-05-25,"quantile",0.1,63.7102677940535
"5318",2021-05-15,"08","10  day ahead inc hosp",2021-05-25,"quantile",0.15,68.2817979066903
"5319",2021-05-15,"08","10  day ahead inc hosp",2021-05-25,"quantile",0.2,72.0870951518386
"5320",2021-05-15,"08","10  day ahead inc hosp",2021-05-25,"quantile",0.25,75.4765661117
"5321",2021-05-15,"08","10  day ahead inc hosp",2021-05-25,"quantile",0.3,78.6210262480355
"5322",2021-05-15,"08","10  day ahead inc hosp",2021-05-25,"quantile",0.35,81.6215997369919
"5323",2021-05-15,"08","10  day ahead inc hosp",2021-05-25,"quantile",0.4,84.5474947124739
"5324",2021-05-15,"08","10  day ahead inc hosp",2021-05-25,"quantile",0.45,87.4525268569122
"5325",2021-05-15,"08","10  day ahead inc hosp",2021-05-25,"quantile",0.5,90.3839652578055
"5326",2021-05-15,"08","10  day ahead inc hosp",2021-05-25,"quantile",0.55,93.388490414291
"5327",2021-05-15,"08","10  day ahead inc hosp",2021-05-25,"quantile",0.6,96.5175217413458
"5328",2021-05-15,"08","10  day ahead inc hosp",2021-05-25,"quantile",0.65,99.8335897184657
"5329",2021-05-15,"08","10  day ahead inc hosp",2021-05-25,"quantile",0.7,103.419942754095
"5330",2021-05-15,"08","10  day ahead inc hosp",2021-05-25,"quantile",0.75,107.397671023502
"5331",2021-05-15,"08","10  day ahead inc hosp",2021-05-25,"quantile",0.8,111.960900640123
"5332",2021-05-15,"08","10  day ahead inc hosp",2021-05-25,"quantile",0.85,117.461725608247
"5333",2021-05-15,"08","10  day ahead inc hosp",2021-05-25,"quantile",0.9,124.668099075445
"5334",2021-05-15,"08","10  day ahead inc hosp",2021-05-25,"quantile",0.95,135.952684776427
"5335",2021-05-15,"08","10  day ahead inc hosp",2021-05-25,"quantile",0.975,146.346014599787
"5336",2021-05-15,"08","10  day ahead inc hosp",2021-05-25,"quantile",0.99,159.167275310805
"5337",2021-05-15,"08","11  day ahead inc hosp",2021-05-26,"quantile",0.01,44.3749080242122
"5338",2021-05-15,"08","11  day ahead inc hosp",2021-05-26,"quantile",0.025,49.919548353525
"5339",2021-05-15,"08","11  day ahead inc hosp",2021-05-26,"quantile",0.05,55.09032817078
"5340",2021-05-15,"08","11  day ahead inc hosp",2021-05-26,"quantile",0.1,61.5392157375796
"5341",2021-05-15,"08","11  day ahead inc hosp",2021-05-26,"quantile",0.15,66.1992776243941
"5342",2021-05-15,"08","11  day ahead inc hosp",2021-05-26,"quantile",0.2,70.0877673186756
"5343",2021-05-15,"08","11  day ahead inc hosp",2021-05-26,"quantile",0.25,73.558123421748
"5344",2021-05-15,"08","11  day ahead inc hosp",2021-05-26,"quantile",0.3,76.7830181603632
"5345",2021-05-15,"08","11  day ahead inc hosp",2021-05-26,"quantile",0.35,79.8649494490381
"5346",2021-05-15,"08","11  day ahead inc hosp",2021-05-26,"quantile",0.4,82.874311072761
"5347",2021-05-15,"08","11  day ahead inc hosp",2021-05-26,"quantile",0.45,85.8660810962778
"5348",2021-05-15,"08","11  day ahead inc hosp",2021-05-26,"quantile",0.5,88.8887918114389
"5349",2021-05-15,"08","11  day ahead inc hosp",2021-05-26,"quantile",0.55,91.990614316151
"5350",2021-05-15,"08","11  day ahead inc hosp",2021-05-26,"quantile",0.6,95.2248503988236
"5351",2021-05-15,"08","11  day ahead inc hosp",2021-05-26,"quantile",0.65,98.6565555653906
"5352",2021-05-15,"08","11  day ahead inc hosp",2021-05-26,"quantile",0.7,102.372574654861
"5353",2021-05-15,"08","11  day ahead inc hosp",2021-05-26,"quantile",0.75,106.499475517906
"5354",2021-05-15,"08","11  day ahead inc hosp",2021-05-26,"quantile",0.8,111.240455383756
"5355",2021-05-15,"08","11  day ahead inc hosp",2021-05-26,"quantile",0.85,116.964478380089
"5356",2021-05-15,"08","11  day ahead inc hosp",2021-05-26,"quantile",0.9,124.477141811773
"5357",2021-05-15,"08","11  day ahead inc hosp",2021-05-26,"quantile",0.95,136.270569984466
"5358",2021-05-15,"08","11  day ahead inc hosp",2021-05-26,"quantile",0.975,147.161382053244
"5359",2021-05-15,"08","11  day ahead inc hosp",2021-05-26,"quantile",0.99,160.630799446233
"5360",2021-05-15,"08","12  day ahead inc hosp",2021-05-27,"quantile",0.01,44.4786254107788
"5361",2021-05-15,"08","12  day ahead inc hosp",2021-05-27,"quantile",0.025,50.3088158620135
"5362",2021-05-15,"08","12  day ahead inc hosp",2021-05-27,"quantile",0.05,55.7659322470261
"5363",2021-05-15,"08","12  day ahead inc hosp",2021-05-27,"quantile",0.1,62.5956447150918
"5364",2021-05-15,"08","12  day ahead inc hosp",2021-05-27,"quantile",0.15,67.5454966003526
"5365",2021-05-15,"08","12  day ahead inc hosp",2021-05-27,"quantile",0.2,71.6842966790289
"5366",2021-05-15,"08","12  day ahead inc hosp",2021-05-27,"quantile",0.25,75.3841195326783
"5367",2021-05-15,"08","12  day ahead inc hosp",2021-05-27,"quantile",0.3,78.8270826517733
"5368",2021-05-15,"08","12  day ahead inc hosp",2021-05-27,"quantile",0.35,82.1215385884213
"5369",2021-05-15,"08","12  day ahead inc hosp",2021-05-27,"quantile",0.4,85.3421240159007
"5370",2021-05-15,"08","12  day ahead inc hosp",2021-05-27,"quantile",0.45,88.5473479668186
"5371",2021-05-15,"08","12  day ahead inc hosp",2021-05-27,"quantile",0.5,91.7890779884667
"5372",2021-05-15,"08","12  day ahead inc hosp",2021-05-27,"quantile",0.55,95.1190138746352
"5373",2021-05-15,"08","12  day ahead inc hosp",2021-05-27,"quantile",0.6,98.594576976593
"5374",2021-05-15,"08","12  day ahead inc hosp",2021-05-27,"quantile",0.65,102.286061054344
"5375",2021-05-15,"08","12  day ahead inc hosp",2021-05-27,"quantile",0.7,106.287512565697
"5376",2021-05-15,"08","12  day ahead inc hosp",2021-05-27,"quantile",0.75,110.736214200372
"5377",2021-05-15,"08","12  day ahead inc hosp",2021-05-27,"quantile",0.8,115.852823179803
"5378",2021-05-15,"08","12  day ahead inc hosp",2021-05-27,"quantile",0.85,122.038380491915
"5379",2021-05-15,"08","12  day ahead inc hosp",2021-05-27,"quantile",0.9,130.169281689113
"5380",2021-05-15,"08","12  day ahead inc hosp",2021-05-27,"quantile",0.95,142.959507032018
"5381",2021-05-15,"08","12  day ahead inc hosp",2021-05-27,"quantile",0.975,154.796772151064
"5382",2021-05-15,"08","12  day ahead inc hosp",2021-05-27,"quantile",0.99,169.467767258128
"5383",2021-05-15,"08","13  day ahead inc hosp",2021-05-28,"quantile",0.01,41.0549865392489
"5384",2021-05-15,"08","13  day ahead inc hosp",2021-05-28,"quantile",0.025,46.8037428496753
"5385",2021-05-15,"08","13  day ahead inc hosp",2021-05-28,"quantile",0.05,52.2133754372677
"5386",2021-05-15,"08","13  day ahead inc hosp",2021-05-28,"quantile",0.1,59.0177439023666
"5387",2021-05-15,"08","13  day ahead inc hosp",2021-05-28,"quantile",0.15,63.9702461305145
"5388",2021-05-15,"08","13  day ahead inc hosp",2021-05-28,"quantile",0.2,68.1235156333263
"5389",2021-05-15,"08","13  day ahead inc hosp",2021-05-28,"quantile",0.25,71.8450344666776
"5390",2021-05-15,"08","13  day ahead inc hosp",2021-05-28,"quantile",0.3,75.3151646991805
"5391",2021-05-15,"08","13  day ahead inc hosp",2021-05-28,"quantile",0.35,78.64157473665
"5392",2021-05-15,"08","13  day ahead inc hosp",2021-05-28,"quantile",0.4,81.8987532871832
"5393",2021-05-15,"08","13  day ahead inc hosp",2021-05-28,"quantile",0.45,85.1454096480309
"5394",2021-05-15,"08","13  day ahead inc hosp",2021-05-28,"quantile",0.5,88.43390604954
"5395",2021-05-15,"08","13  day ahead inc hosp",2021-05-28,"quantile",0.55,91.8167516215655
"5396",2021-05-15,"08","13  day ahead inc hosp",2021-05-28,"quantile",0.6,95.3525772718701
"5397",2021-05-15,"08","13  day ahead inc hosp",2021-05-28,"quantile",0.65,99.1134605591759
"5398",2021-05-15,"08","13  day ahead inc hosp",2021-05-28,"quantile",0.7,103.196135262163
"5399",2021-05-15,"08","13  day ahead inc hosp",2021-05-28,"quantile",0.75,107.742122577919
"5400",2021-05-15,"08","13  day ahead inc hosp",2021-05-28,"quantile",0.8,112.979264805948
"5401",2021-05-15,"08","13  day ahead inc hosp",2021-05-28,"quantile",0.85,119.322202599542
"5402",2021-05-15,"08","13  day ahead inc hosp",2021-05-28,"quantile",0.9,127.678160029927
"5403",2021-05-15,"08","13  day ahead inc hosp",2021-05-28,"quantile",0.95,140.860739174146
"5404",2021-05-15,"08","13  day ahead inc hosp",2021-05-28,"quantile",0.975,153.099010744142
"5405",2021-05-15,"08","13  day ahead inc hosp",2021-05-28,"quantile",0.99,168.312385718567
"5406",2021-05-15,"08","14  day ahead inc hosp",2021-05-29,"quantile",0.01,38.5160882858886
"5407",2021-05-15,"08","14  day ahead inc hosp",2021-05-29,"quantile",0.025,44.257451625984
"5408",2021-05-15,"08","14  day ahead inc hosp",2021-05-29,"quantile",0.05,49.6889909232575
"5409",2021-05-15,"08","14  day ahead inc hosp",2021-05-29,"quantile",0.1,56.5552041798883
"5410",2021-05-15,"08","14  day ahead inc hosp",2021-05-29,"quantile",0.15,61.5738845349001
"5411",2021-05-15,"08","14  day ahead inc hosp",2021-05-29,"quantile",0.2,65.7949991994553
"5412",2021-05-15,"08","14  day ahead inc hosp",2021-05-29,"quantile",0.25,69.5861438515806
"5413",2021-05-15,"08","14  day ahead inc hosp",2021-05-29,"quantile",0.3,73.1282354980906
"5414",2021-05-15,"08","14  day ahead inc hosp",2021-05-29,"quantile",0.35,76.5296409646469
"5415",2021-05-15,"08","14  day ahead inc hosp",2021-05-29,"quantile",0.4,79.8656622237207
"5416",2021-05-15,"08","14  day ahead inc hosp",2021-05-29,"quantile",0.45,83.1959720654379
"5417",2021-05-15,"08","14  day ahead inc hosp",2021-05-29,"quantile",0.5,86.574114407221
"5418",2021-05-15,"08","14  day ahead inc hosp",2021-05-29,"quantile",0.55,90.054103401671
"5419",2021-05-15,"08","14  day ahead inc hosp",2021-05-29,"quantile",0.6,93.696563377768
"5420",2021-05-15,"08","14  day ahead inc hosp",2021-05-29,"quantile",0.65,97.5763267144908
"5421",2021-05-15,"08","14  day ahead inc hosp",2021-05-29,"quantile",0.7,101.794125666589
"5422",2021-05-15,"08","14  day ahead inc hosp",2021-05-29,"quantile",0.75,106.497647502638
"5423",2021-05-15,"08","14  day ahead inc hosp",2021-05-29,"quantile",0.8,111.925035606969
"5424",2021-05-15,"08","14  day ahead inc hosp",2021-05-29,"quantile",0.85,118.510222720194
"5425",2021-05-15,"08","14  day ahead inc hosp",2021-05-29,"quantile",0.9,127.203768108109
"5426",2021-05-15,"08","14  day ahead inc hosp",2021-05-29,"quantile",0.95,140.957899681612
"5427",2021-05-15,"08","14  day ahead inc hosp",2021-05-29,"quantile",0.975,153.765326699754
"5428",2021-05-15,"08","14  day ahead inc hosp",2021-05-29,"quantile",0.99,169.732429863644
"5429",2021-05-15,"08","15  day ahead inc hosp",2021-05-30,"quantile",0.01,36.5287410259934
"5430",2021-05-15,"08","15  day ahead inc hosp",2021-05-30,"quantile",0.025,42.5585126289814
"5431",2021-05-15,"08","15  day ahead inc hosp",2021-05-30,"quantile",0.05,48.3162425034774
"5432",2021-05-15,"08","15  day ahead inc hosp",2021-05-30,"quantile",0.1,55.6584573406965
"5433",2021-05-15,"08","15  day ahead inc hosp",2021-05-30,"quantile",0.15,61.0644672262988
"5434",2021-05-15,"08","15  day ahead inc hosp",2021-05-30,"quantile",0.2,65.6344031400865
"5435",2021-05-15,"08","15  day ahead inc hosp",2021-05-30,"quantile",0.25,69.7553569433405
"5436",2021-05-15,"08","15  day ahead inc hosp",2021-05-30,"quantile",0.3,73.6187759736531
"5437",2021-05-15,"08","15  day ahead inc hosp",2021-05-30,"quantile",0.35,77.3400279675269
"5438",2021-05-15,"08","15  day ahead inc hosp",2021-05-30,"quantile",0.4,80.9999052480424
"5439",2021-05-15,"08","15  day ahead inc hosp",2021-05-30,"quantile",0.45,84.6630425279625
"5440",2021-05-15,"08","15  day ahead inc hosp",2021-05-30,"quantile",0.5,88.3880452613583
"5441",2021-05-15,"08","15  day ahead inc hosp",2021-05-30,"quantile",0.55,92.2346360925022
"5442",2021-05-15,"08","15  day ahead inc hosp",2021-05-30,"quantile",0.6,96.2704333158656
"5443",2021-05-15,"08","15  day ahead inc hosp",2021-05-30,"quantile",0.65,100.579471300174
"5444",2021-05-15,"08","15  day ahead inc hosp",2021-05-30,"quantile",0.7,105.275431989007
"5445",2021-05-15,"08","15  day ahead inc hosp",2021-05-30,"quantile",0.75,110.525580376077
"5446",2021-05-15,"08","15  day ahead inc hosp",2021-05-30,"quantile",0.8,116.600331112167
"5447",2021-05-15,"08","15  day ahead inc hosp",2021-05-30,"quantile",0.85,123.99345144521
"5448",2021-05-15,"08","15  day ahead inc hosp",2021-05-30,"quantile",0.9,133.788713941116
"5449",2021-05-15,"08","15  day ahead inc hosp",2021-05-30,"quantile",0.95,149.36018008212
"5450",2021-05-15,"08","15  day ahead inc hosp",2021-05-30,"quantile",0.975,163.933511227843
"5451",2021-05-15,"08","15  day ahead inc hosp",2021-05-30,"quantile",0.99,182.190699401986
"5452",2021-05-15,"08","16  day ahead inc hosp",2021-05-31,"quantile",0.01,36.539708927345
"5453",2021-05-15,"08","16  day ahead inc hosp",2021-05-31,"quantile",0.025,42.9012394032268
"5454",2021-05-15,"08","16  day ahead inc hosp",2021-05-31,"quantile",0.05,49.0073166408401
"5455",2021-05-15,"08","16  day ahead inc hosp",2021-05-31,"quantile",0.1,56.8314042071171
"5456",2021-05-15,"08","16  day ahead inc hosp",2021-05-31,"quantile",0.15,62.6155133002347
"5457",2021-05-15,"08","16  day ahead inc hosp",2021-05-31,"quantile",0.2,67.5186886969243
"5458",2021-05-15,"08","16  day ahead inc hosp",2021-05-31,"quantile",0.25,71.9498989856855
"5459",2021-05-15,"08","16  day ahead inc hosp",2021-05-31,"quantile",0.3,76.1119712020027
"5460",2021-05-15,"08","16  day ahead inc hosp",2021-05-31,"quantile",0.35,80.1275481904511
"5461",2021-05-15,"08","16  day ahead inc hosp",2021-05-31,"quantile",0.4,84.0828940242554
"5462",2021-05-15,"08","16  day ahead inc hosp",2021-05-31,"quantile",0.45,88.0473877736086
"5463",2021-05-15,"08","16  day ahead inc hosp",2021-05-31,"quantile",0.5,92.0842999897197
"5464",2021-05-15,"08","16  day ahead inc hosp",2021-05-31,"quantile",0.55,96.2584636507327
"5465",2021-05-15,"08","16  day ahead inc hosp",2021-05-31,"quantile",0.6,100.643627254379
"5466",2021-05-15,"08","16  day ahead inc hosp",2021-05-31,"quantile",0.65,105.331775212836
"5467",2021-05-15,"08","16  day ahead inc hosp",2021-05-31,"quantile",0.7,110.447671121676
"5468",2021-05-15,"08","16  day ahead inc hosp",2021-05-31,"quantile",0.75,116.175228222714
"5469",2021-05-15,"08","16  day ahead inc hosp",2021-05-31,"quantile",0.8,122.812184826735
"5470",2021-05-15,"08","16  day ahead inc hosp",2021-05-31,"quantile",0.85,130.902803468987
"5471",2021-05-15,"08","16  day ahead inc hosp",2021-05-31,"quantile",0.9,141.642949606323
"5472",2021-05-15,"08","16  day ahead inc hosp",2021-05-31,"quantile",0.95,158.760450333962
"5473",2021-05-15,"08","16  day ahead inc hosp",2021-05-31,"quantile",0.975,174.824296544561
"5474",2021-05-15,"08","16  day ahead inc hosp",2021-05-31,"quantile",0.99,195.001156398007
"5475",2021-05-15,"08","17  day ahead inc hosp",2021-06-01,"quantile",0.01,34.4805745116809
"5476",2021-05-15,"08","17  day ahead inc hosp",2021-06-01,"quantile",0.025,40.8445846400645
"5477",2021-05-15,"08","17  day ahead inc hosp",2021-06-01,"quantile",0.05,46.9894661449637
"5478",2021-05-15,"08","17  day ahead inc hosp",2021-06-01,"quantile",0.1,54.9068424301615
"5479",2021-05-15,"08","17  day ahead inc hosp",2021-06-01,"quantile",0.15,60.7869033486853
"5480",2021-05-15,"08","17  day ahead inc hosp",2021-06-01,"quantile",0.2,65.7872014885511
"5481",2021-05-15,"08","17  day ahead inc hosp",2021-06-01,"quantile",0.25,70.3175058633347
"5482",2021-05-15,"08","17  day ahead inc hosp",2021-06-01,"quantile",0.3,74.5816933519804
"5483",2021-05-15,"08","17  day ahead inc hosp",2021-06-01,"quantile",0.35,78.7035310795874
"5484",2021-05-15,"08","17  day ahead inc hosp",2021-06-01,"quantile",0.4,82.7705164291415
"5485",2021-05-15,"08","17  day ahead inc hosp",2021-06-01,"quantile",0.45,86.8534504801344
"5486",2021-05-15,"08","17  day ahead inc hosp",2021-06-01,"quantile",0.5,91.0173250848032
"5487",2021-05-15,"08","17  day ahead inc hosp",2021-06-01,"quantile",0.55,95.3291516173253
"5488",2021-05-15,"08","17  day ahead inc hosp",2021-06-01,"quantile",0.6,99.8655555051718
"5489",2021-05-15,"08","17  day ahead inc hosp",2021-06-01,"quantile",0.65,104.722492620982
"5490",2021-05-15,"08","17  day ahead inc hosp",2021-06-01,"quantile",0.7,110.030490417535
"5491",2021-05-15,"08","17  day ahead inc hosp",2021-06-01,"quantile",0.75,115.982355094676
"5492",2021-05-15,"08","17  day ahead inc hosp",2021-06-01,"quantile",0.8,122.89069510041
"5493",2021-05-15,"08","17  day ahead inc hosp",2021-06-01,"quantile",0.85,131.327657202875
"5494",2021-05-15,"08","17  day ahead inc hosp",2021-06-01,"quantile",0.9,142.551848380175
"5495",2021-05-15,"08","17  day ahead inc hosp",2021-06-01,"quantile",0.95,160.492301827502
"5496",2021-05-15,"08","17  day ahead inc hosp",2021-06-01,"quantile",0.975,177.379541546098
"5497",2021-05-15,"08","17  day ahead inc hosp",2021-06-01,"quantile",0.99,198.652103148641
"5498",2021-05-15,"08","18  day ahead inc hosp",2021-06-02,"quantile",0.01,32.1242735880111
"5499",2021-05-15,"08","18  day ahead inc hosp",2021-06-02,"quantile",0.025,38.4663215607071
"5500",2021-05-15,"08","18  day ahead inc hosp",2021-06-02,"quantile",0.05,44.6343129828902
"5501",2021-05-15,"08","18  day ahead inc hosp",2021-06-02,"quantile",0.1,52.6346149238528
"5502",2021-05-15,"08","18  day ahead inc hosp",2021-06-02,"quantile",0.15,58.6092386140606
"5503",2021-05-15,"08","18  day ahead inc hosp",2021-06-02,"quantile",0.2,63.7092632134919
"5504",2021-05-15,"08","18  day ahead inc hosp",2021-06-02,"quantile",0.25,68.3437846008046
"5505",2021-05-15,"08","18  day ahead inc hosp",2021-06-02,"quantile",0.3,72.7171487370273
"5506",2021-05-15,"08","18  day ahead inc hosp",2021-06-02,"quantile",0.35,76.9540139541461
"5507",2021-05-15,"08","18  day ahead inc hosp",2021-06-02,"quantile",0.4,81.1430568787634
"5508",2021-05-15,"08","18  day ahead inc hosp",2021-06-02,"quantile",0.45,85.3565657473652
"5509",2021-05-15,"08","18  day ahead inc hosp",2021-06-02,"quantile",0.5,89.6614215612032
"5510",2021-05-15,"08","18  day ahead inc hosp",2021-06-02,"quantile",0.55,94.1270929311303
"5511",2021-05-15,"08","18  day ahead inc hosp",2021-06-02,"quantile",0.6,98.833503087096
"5512",2021-05-15,"08","18  day ahead inc hosp",2021-06-02,"quantile",0.65,103.881204831794
"5513",2021-05-15,"08","18  day ahead inc hosp",2021-06-02,"quantile",0.7,109.407438025758
"5514",2021-05-15,"08","18  day ahead inc hosp",2021-06-02,"quantile",0.75,115.615407269267
"5515",2021-05-15,"08","18  day ahead inc hosp",2021-06-02,"quantile",0.8,122.835159400668
"5516",2021-05-15,"08","18  day ahead inc hosp",2021-06-02,"quantile",0.85,131.671620433474
"5517",2021-05-15,"08","18  day ahead inc hosp",2021-06-02,"quantile",0.9,143.457327648254
"5518",2021-05-15,"08","18  day ahead inc hosp",2021-06-02,"quantile",0.95,162.359092201756
"5519",2021-05-15,"08","18  day ahead inc hosp",2021-06-02,"quantile",0.975,180.214599180908
"5520",2021-05-15,"08","18  day ahead inc hosp",2021-06-02,"quantile",0.99,202.783253040708
"5521",2021-05-15,"08","19  day ahead inc hosp",2021-06-03,"quantile",0.01,29.097358547502
"5522",2021-05-15,"08","19  day ahead inc hosp",2021-06-03,"quantile",0.025,35.2525404033889
"5523",2021-05-15,"08","19  day ahead inc hosp",2021-06-03,"quantile",0.05,41.2857147026816
"5524",2021-05-15,"08","19  day ahead inc hosp",2021-06-03,"quantile",0.1,49.167572884687
"5525",2021-05-15,"08","19  day ahead inc hosp",2021-06-03,"quantile",0.15,55.0887996219436
"5526",2021-05-15,"08","19  day ahead inc hosp",2021-06-03,"quantile",0.2,60.1637967857089
"5527",2021-05-15,"08","19  day ahead inc hosp",2021-06-03,"quantile",0.25,64.7903441034379
"5528",2021-05-15,"08","19  day ahead inc hosp",2021-06-03,"quantile",0.3,69.1679981608555
"5529",2021-05-15,"08","19  day ahead inc hosp",2021-06-03,"quantile",0.35,73.4191508279402
"5530",2021-05-15,"08","19  day ahead inc hosp",2021-06-03,"quantile",0.4,77.6314606866298
"5531",2021-05-15,"08","19  day ahead inc hosp",2021-06-03,"quantile",0.45,81.876961321127
"5532",2021-05-15,"08","19  day ahead inc hosp",2021-06-03,"quantile",0.5,86.2228610303096
"5533",2021-05-15,"08","19  day ahead inc hosp",2021-06-03,"quantile",0.55,90.7395124110974
"5534",2021-05-15,"08","19  day ahead inc hosp",2021-06-03,"quantile",0.6,95.5083741433317
"5535",2021-05-15,"08","19  day ahead inc hosp",2021-06-03,"quantile",0.65,100.632425204052
"5536",2021-05-15,"08","19  day ahead inc hosp",2021-06-03,"quantile",0.7,106.252702076702
"5537",2021-05-15,"08","19  day ahead inc hosp",2021-06-03,"quantile",0.75,112.578541999094
"5538",2021-05-15,"08","19  day ahead inc hosp",2021-06-03,"quantile",0.8,119.950567000684
"5539",2021-05-15,"08","19  day ahead inc hosp",2021-06-03,"quantile",0.85,128.99400733782
"5540",2021-05-15,"08","19  day ahead inc hosp",2021-06-03,"quantile",0.9,141.088085499836
"5541",2021-05-15,"08","19  day ahead inc hosp",2021-06-03,"quantile",0.95,160.553142245766
"5542",2021-05-15,"08","19  day ahead inc hosp",2021-06-03,"quantile",0.975,179.009131447724
"5543",2021-05-15,"08","19  day ahead inc hosp",2021-06-03,"quantile",0.99,202.419259246796
"5544",2021-05-15,"08","20  day ahead inc hosp",2021-06-04,"quantile",0.01,27.1613800716268
"5545",2021-05-15,"08","20  day ahead inc hosp",2021-06-04,"quantile",0.025,33.2817720089708
"5546",2021-05-15,"08","20  day ahead inc hosp",2021-06-04,"quantile",0.05,39.326143268304
"5547",2021-05-15,"08","20  day ahead inc hosp",2021-06-04,"quantile",0.1,47.2772229651022
"5548",2021-05-15,"08","20  day ahead inc hosp",2021-06-04,"quantile",0.15,53.2844071559094
"5549",2021-05-15,"08","20  day ahead inc hosp",2021-06-04,"quantile",0.2,58.4529990940712
"5550",2021-05-15,"08","20  day ahead inc hosp",2021-06-04,"quantile",0.25,63.1791964939511
"5551",2021-05-15,"08","20  day ahead inc hosp",2021-06-04,"quantile",0.3,67.6626074369034
"5552",2021-05-15,"08","20  day ahead inc hosp",2021-06-04,"quantile",0.35,72.0263008290776
"5553",2021-05-15,"08","20  day ahead inc hosp",2021-06-04,"quantile",0.4,76.3590060016286
"5554",2021-05-15,"08","20  day ahead inc hosp",2021-06-04,"quantile",0.45,80.7342018584029
"5555",2021-05-15,"08","20  day ahead inc hosp",2021-06-04,"quantile",0.5,85.2209954906259
"5556",2021-05-15,"08","20  day ahead inc hosp",2021-06-04,"quantile",0.55,89.8922555950172
"5557",2021-05-15,"08","20  day ahead inc hosp",2021-06-04,"quantile",0.6,94.8328548720897
"5558",2021-05-15,"08","20  day ahead inc hosp",2021-06-04,"quantile",0.65,100.150563844146
"5559",2021-05-15,"08","20  day ahead inc hosp",2021-06-04,"quantile",0.7,105.993447328887
"5560",2021-05-15,"08","20  day ahead inc hosp",2021-06-04,"quantile",0.75,112.581765924989
"5561",2021-05-15,"08","20  day ahead inc hosp",2021-06-04,"quantile",0.8,120.27450847522
"5562",2021-05-15,"08","20  day ahead inc hosp",2021-06-04,"quantile",0.85,129.731512883759
"5563",2021-05-15,"08","20  day ahead inc hosp",2021-06-04,"quantile",0.9,142.410257061419
"5564",2021-05-15,"08","20  day ahead inc hosp",2021-06-04,"quantile",0.95,162.883616328663
"5565",2021-05-15,"08","20  day ahead inc hosp",2021-06-04,"quantile",0.975,182.362645604748
"5566",2021-05-15,"08","20  day ahead inc hosp",2021-06-04,"quantile",0.99,207.151358739378
"5567",2021-05-15,"08","21  day ahead inc hosp",2021-06-05,"quantile",0.01,24.253000087191
"5568",2021-05-15,"08","21  day ahead inc hosp",2021-06-05,"quantile",0.025,30.1238625932169
"5569",2021-05-15,"08","21  day ahead inc hosp",2021-06-05,"quantile",0.05,35.9741181134296
"5570",2021-05-15,"08","21  day ahead inc hosp",2021-06-05,"quantile",0.1,43.7331054130038
"5571",2021-05-15,"08","21  day ahead inc hosp",2021-06-05,"quantile",0.15,49.6345782793917
"5572",2021-05-15,"08","21  day ahead inc hosp",2021-06-05,"quantile",0.2,54.735376706449
"5573",2021-05-15,"08","21  day ahead inc hosp",2021-06-05,"quantile",0.25,59.4162580903976
"5574",2021-05-15,"08","21  day ahead inc hosp",2021-06-05,"quantile",0.3,63.87004299733
"5575",2021-05-15,"08","21  day ahead inc hosp",2021-06-05,"quantile",0.35,68.2163776827762
"5576",2021-05-15,"08","21  day ahead inc hosp",2021-06-05,"quantile",0.4,72.5422164965833
"5577",2021-05-15,"08","21  day ahead inc hosp",2021-06-05,"quantile",0.45,76.9202351545317
"5578",2021-05-15,"08","21  day ahead inc hosp",2021-06-05,"quantile",0.5,81.4194309506123
"5579",2021-05-15,"08","21  day ahead inc hosp",2021-06-05,"quantile",0.55,86.1131732187
"5580",2021-05-15,"08","21  day ahead inc hosp",2021-06-05,"quantile",0.6,91.0874988121794
"5581",2021-05-15,"08","21  day ahead inc hosp",2021-06-05,"quantile",0.65,96.4522064763214
"5582",2021-05-15,"08","21  day ahead inc hosp",2021-06-05,"quantile",0.7,102.358685904413
"5583",2021-05-15,"08","21  day ahead inc hosp",2021-06-05,"quantile",0.75,109.032712289814
"5584",2021-05-15,"08","21  day ahead inc hosp",2021-06-05,"quantile",0.8,116.842951361295
"5585",2021-05-15,"08","21  day ahead inc hosp",2021-06-05,"quantile",0.85,126.468073496644
"5586",2021-05-15,"08","21  day ahead inc hosp",2021-06-05,"quantile",0.9,139.409406396422
"5587",2021-05-15,"08","21  day ahead inc hosp",2021-06-05,"quantile",0.95,160.38616346759
"5588",2021-05-15,"08","21  day ahead inc hosp",2021-06-05,"quantile",0.975,180.423277339135
"5589",2021-05-15,"08","21  day ahead inc hosp",2021-06-05,"quantile",0.99,206.017919924879
"5590",2021-05-15,"08","22  day ahead inc hosp",2021-06-06,"quantile",0.01,23.8289002710754
"5591",2021-05-15,"08","22  day ahead inc hosp",2021-06-06,"quantile",0.025,29.8702420261682
"5592",2021-05-15,"08","22  day ahead inc hosp",2021-06-06,"quantile",0.05,35.9270094669303
"5593",2021-05-15,"08","22  day ahead inc hosp",2021-06-06,"quantile",0.1,44.0042172627326
"5594",2021-05-15,"08","22  day ahead inc hosp",2021-06-06,"quantile",0.15,50.17534602551
"5595",2021-05-15,"08","22  day ahead inc hosp",2021-06-06,"quantile",0.2,55.5254381975589
"5596",2021-05-15,"08","22  day ahead inc hosp",2021-06-06,"quantile",0.25,60.4467707041915
"5597",2021-05-15,"08","22  day ahead inc hosp",2021-06-06,"quantile",0.3,65.1387017453606
"5598",2021-05-15,"08","22  day ahead inc hosp",2021-06-06,"quantile",0.35,69.7254778664445
"5599",2021-05-15,"08","22  day ahead inc hosp",2021-06-06,"quantile",0.4,74.2978904346782
"5600",2021-05-15,"08","22  day ahead inc hosp",2021-06-06,"quantile",0.45,78.9322951782499
"5601",2021-05-15,"08","22  day ahead inc hosp",2021-06-06,"quantile",0.5,83.7016381085122
"5602",2021-05-15,"08","22  day ahead inc hosp",2021-06-06,"quantile",0.55,88.6839186570115
"5603",2021-05-15,"08","22  day ahead inc hosp",2021-06-06,"quantile",0.6,93.9710069728174
"5604",2021-05-15,"08","22  day ahead inc hosp",2021-06-06,"quantile",0.65,99.680526649166
"5605",2021-05-15,"08","22  day ahead inc hosp",2021-06-06,"quantile",0.7,105.975027907071
"5606",2021-05-15,"08","22  day ahead inc hosp",2021-06-06,"quantile",0.75,113.09732303822
"5607",2021-05-15,"08","22  day ahead inc hosp",2021-06-06,"quantile",0.8,121.444375150473
"5608",2021-05-15,"08","22  day ahead inc hosp",2021-06-06,"quantile",0.85,131.747675785872
"5609",2021-05-15,"08","22  day ahead inc hosp",2021-06-06,"quantile",0.9,145.626979670919
"5610",2021-05-15,"08","22  day ahead inc hosp",2021-06-06,"quantile",0.95,168.179921261772
"5611",2021-05-15,"08","22  day ahead inc hosp",2021-06-06,"quantile",0.975,189.778279070596
"5612",2021-05-15,"08","22  day ahead inc hosp",2021-06-06,"quantile",0.99,217.434550312351
"5613",2021-05-15,"08","23  day ahead inc hosp",2021-06-07,"quantile",0.01,23.7604334483663
"5614",2021-05-15,"08","23  day ahead inc hosp",2021-06-07,"quantile",0.025,30.0287923978652
"5615",2021-05-15,"08","23  day ahead inc hosp",2021-06-07,"quantile",0.05,36.3470852871975
"5616",2021-05-15,"08","23  day ahead inc hosp",2021-06-07,"quantile",0.1,44.8141770936695
"5617",2021-05-15,"08","23  day ahead inc hosp",2021-06-07,"quantile",0.15,51.3088134420162
"5618",2021-05-15,"08","23  day ahead inc hosp",2021-06-07,"quantile",0.2,56.9544326317012
"5619",2021-05-15,"08","23  day ahead inc hosp",2021-06-07,"quantile",0.25,62.1584558560495
"5620",2021-05-15,"08","23  day ahead inc hosp",2021-06-07,"quantile",0.3,67.1285969462608
"5621",2021-05-15,"08","23  day ahead inc hosp",2021-06-07,"quantile",0.35,71.9948208725281
"5622",2021-05-15,"08","23  day ahead inc hosp",2021-06-07,"quantile",0.4,76.8525615627626
"5623",2021-05-15,"08","23  day ahead inc hosp",2021-06-07,"quantile",0.45,81.7825223812652
"5624",2021-05-15,"08","23  day ahead inc hosp",2021-06-07,"quantile",0.5,86.8622272136706
"5625",2021-05-15,"08","23  day ahead inc hosp",2021-06-07,"quantile",0.55,92.1749707641973
"5626",2021-05-15,"08","23  day ahead inc hosp",2021-06-07,"quantile",0.6,97.8192334339368
"5627",2021-05-15,"08","23  day ahead inc hosp",2021-06-07,"quantile",0.65,103.921452916546
"5628",2021-05-15,"08","23  day ahead inc hosp",2021-06-07,"quantile",0.7,110.6567024884
"5629",2021-05-15,"08","23  day ahead inc hosp",2021-06-07,"quantile",0.75,118.286863193197
"5630",2021-05-15,"08","23  day ahead inc hosp",2021-06-07,"quantile",0.8,127.240514508382
"5631",2021-05-15,"08","23  day ahead inc hosp",2021-06-07,"quantile",0.85,138.308084937534
"5632",2021-05-15,"08","23  day ahead inc hosp",2021-06-07,"quantile",0.9,153.241305754045
"5633",2021-05-15,"08","23  day ahead inc hosp",2021-06-07,"quantile",0.95,177.558926010374
"5634",2021-05-15,"08","23  day ahead inc hosp",2021-06-07,"quantile",0.975,200.899289044736
"5635",2021-05-15,"08","23  day ahead inc hosp",2021-06-07,"quantile",0.99,230.849147382752
"5636",2021-05-15,"08","24  day ahead inc hosp",2021-06-08,"quantile",0.01,21.0704812982945
"5637",2021-05-15,"08","24  day ahead inc hosp",2021-06-08,"quantile",0.025,27.0407832366995
"5638",2021-05-15,"08","24  day ahead inc hosp",2021-06-08,"quantile",0.05,33.1195941879622
"5639",2021-05-15,"08","24  day ahead inc hosp",2021-06-08,"quantile",0.1,41.3399682009709
"5640",2021-05-15,"08","24  day ahead inc hosp",2021-06-08,"quantile",0.15,47.6917655326633
"5641",2021-05-15,"08","24  day ahead inc hosp",2021-06-08,"quantile",0.2,53.240555835878
"5642",2021-05-15,"08","24  day ahead inc hosp",2021-06-08,"quantile",0.25,58.3750515051796
"5643",2021-05-15,"08","24  day ahead inc hosp",2021-06-08,"quantile",0.3,63.2946306240144
"5644",2021-05-15,"08","24  day ahead inc hosp",2021-06-08,"quantile",0.35,68.1249804804352
"5645",2021-05-15,"08","24  day ahead inc hosp",2021-06-08,"quantile",0.4,72.9592468663022
"5646",2021-05-15,"08","24  day ahead inc hosp",2021-06-08,"quantile",0.45,77.8770119455541
"5647",2021-05-15,"08","24  day ahead inc hosp",2021-06-08,"quantile",0.5,82.9554992553691
"5648",2021-05-15,"08","24  day ahead inc hosp",2021-06-08,"quantile",0.55,88.2784107186185
"5649",2021-05-15,"08","24  day ahead inc hosp",2021-06-08,"quantile",0.6,93.9453870191121
"5650",2021-05-15,"08","24  day ahead inc hosp",2021-06-08,"quantile",0.65,100.084992503749
"5651",2021-05-15,"08","24  day ahead inc hosp",2021-06-08,"quantile",0.7,106.875866971541
"5652",2021-05-15,"08","24  day ahead inc hosp",2021-06-08,"quantile",0.75,114.585885806575
"5653",2021-05-15,"08","24  day ahead inc hosp",2021-06-08,"quantile",0.8,123.654246225617
"5654",2021-05-15,"08","24  day ahead inc hosp",2021-06-08,"quantile",0.85,134.892204202157
"5655",2021-05-15,"08","24  day ahead inc hosp",2021-06-08,"quantile",0.9,150.100371103533
"5656",2021-05-15,"08","24  day ahead inc hosp",2021-06-08,"quantile",0.95,174.962199838947
"5657",2021-05-15,"08","24  day ahead inc hosp",2021-06-08,"quantile",0.975,198.921338490174
"5658",2021-05-15,"08","24  day ahead inc hosp",2021-06-08,"quantile",0.99,229.782186484368
"5659",2021-05-15,"08","25  day ahead inc hosp",2021-06-09,"quantile",0.01,19.6807174841342
"5660",2021-05-15,"08","25  day ahead inc hosp",2021-06-09,"quantile",0.025,25.5758586327562
"5661",2021-05-15,"08","25  day ahead inc hosp",2021-06-09,"quantile",0.05,31.6276097916684
"5662",2021-05-15,"08","25  day ahead inc hosp",2021-06-09,"quantile",0.1,39.8717283228662
"5663",2021-05-15,"08","25  day ahead inc hosp",2021-06-09,"quantile",0.15,46.2796186403627
"5664",2021-05-15,"08","25  day ahead inc hosp",2021-06-09,"quantile",0.2,51.8996528745751
"5665",2021-05-15,"08","25  day ahead inc hosp",2021-06-09,"quantile",0.25,57.1161303785157
"5666",2021-05-15,"08","25  day ahead inc hosp",2021-06-09,"quantile",0.3,62.1271590039753
"5667",2021-05-15,"08","25  day ahead inc hosp",2021-06-09,"quantile",0.35,67.058403872424
"5668",2021-05-15,"08","25  day ahead inc hosp",2021-06-09,"quantile",0.4,72.0037016056591
"5669",2021-05-15,"08","25  day ahead inc hosp",2021-06-09,"quantile",0.45,77.0438957349585
"5670",2021-05-15,"08","25  day ahead inc hosp",2021-06-09,"quantile",0.5,82.2580694979623
"5671",2021-05-15,"08","25  day ahead inc hosp",2021-06-09,"quantile",0.55,87.7325332987863
"5672",2021-05-15,"08","25  day ahead inc hosp",2021-06-09,"quantile",0.6,93.5705807173484
"5673",2021-05-15,"08","25  day ahead inc hosp",2021-06-09,"quantile",0.65,99.9060011825341
"5674",2021-05-15,"08","25  day ahead inc hosp",2021-06-09,"quantile",0.7,106.925193719184
"5675",2021-05-15,"08","25  day ahead inc hosp",2021-06-09,"quantile",0.75,114.908198895009
"5676",2021-05-15,"08","25  day ahead inc hosp",2021-06-09,"quantile",0.8,124.31481157865
"5677",2021-05-15,"08","25  day ahead inc hosp",2021-06-09,"quantile",0.85,135.995345989816
"5678",2021-05-15,"08","25  day ahead inc hosp",2021-06-09,"quantile",0.9,151.839330325674
"5679",2021-05-15,"08","25  day ahead inc hosp",2021-06-09,"quantile",0.95,177.819667149123
"5680",2021-05-15,"08","25  day ahead inc hosp",2021-06-09,"quantile",0.975,202.935810483321
"5681",2021-05-15,"08","25  day ahead inc hosp",2021-06-09,"quantile",0.99,235.382989213051
"5682",2021-05-15,"08","26  day ahead inc hosp",2021-06-10,"quantile",0.01,18.7147531926887
"5683",2021-05-15,"08","26  day ahead inc hosp",2021-06-10,"quantile",0.025,24.6079332483296
"5684",2021-05-15,"08","26  day ahead inc hosp",2021-06-10,"quantile",0.05,30.7042357075391
"5685",2021-05-15,"08","26  day ahead inc hosp",2021-06-10,"quantile",0.1,39.0659601285784
"5686",2021-05-15,"08","26  day ahead inc hosp",2021-06-10,"quantile",0.15,45.6008963015916
"5687",2021-05-15,"08","26  day ahead inc hosp",2021-06-10,"quantile",0.2,51.3533670647597
"5688",2021-05-15,"08","26  day ahead inc hosp",2021-06-10,"quantile",0.25,56.7079488629559
"5689",2021-05-15,"08","26  day ahead inc hosp",2021-06-10,"quantile",0.3,61.8638420721835
"5690",2021-05-15,"08","26  day ahead inc hosp",2021-06-10,"quantile",0.35,66.9481523819161
"5691",2021-05-15,"08","26  day ahead inc hosp",2021-06-10,"quantile",0.4,72.0564705765601
"5692",2021-05-15,"08","26  day ahead inc hosp",2021-06-10,"quantile",0.45,77.2717924924615
"5693",2021-05-15,"08","26  day ahead inc hosp",2021-06-10,"quantile",0.5,82.6759103420838
"5694",2021-05-15,"08","26  day ahead inc hosp",2021-06-10,"quantile",0.55,88.3586503722078
"5695",2021-05-15,"08","26  day ahead inc hosp",2021-06-10,"quantile",0.6,94.4280280411605
"5696",2021-05-15,"08","26  day ahead inc hosp",2021-06-10,"quantile",0.65,101.024427832373
"5697",2021-05-15,"08","26  day ahead inc hosp",2021-06-10,"quantile",0.7,108.343903954037
"5698",2021-05-15,"08","26  day ahead inc hosp",2021-06-10,"quantile",0.75,116.681499292563
"5699",2021-05-15,"08","26  day ahead inc hosp",2021-06-10,"quantile",0.8,126.522254353023
"5700",2021-05-15,"08","26  day ahead inc hosp",2021-06-10,"quantile",0.85,138.764127905255
"5701",2021-05-15,"08","26  day ahead inc hosp",2021-06-10,"quantile",0.9,155.40463800998
"5702",2021-05-15,"08","26  day ahead inc hosp",2021-06-10,"quantile",0.95,182.766440467722
"5703",2021-05-15,"08","26  day ahead inc hosp",2021-06-10,"quantile",0.975,209.293518401951
"5704",2021-05-15,"08","26  day ahead inc hosp",2021-06-10,"quantile",0.99,243.655100040572
"5705",2021-05-15,"08","27  day ahead inc hosp",2021-06-11,"quantile",0.01,17.3327335376826
"5706",2021-05-15,"08","27  day ahead inc hosp",2021-06-11,"quantile",0.025,23.1047275903458
"5707",2021-05-15,"08","27  day ahead inc hosp",2021-06-11,"quantile",0.05,29.1290632117023
"5708",2021-05-15,"08","27  day ahead inc hosp",2021-06-11,"quantile",0.1,37.4575413885753
"5709",2021-05-15,"08","27  day ahead inc hosp",2021-06-11,"quantile",0.15,44.0075492750947
"5710",2021-05-15,"08","27  day ahead inc hosp",2021-06-11,"quantile",0.2,49.7975246422035
"5711",2021-05-15,"08","27  day ahead inc hosp",2021-06-11,"quantile",0.25,55.2045435266463
"5712",2021-05-15,"08","27  day ahead inc hosp",2021-06-11,"quantile",0.3,60.4250284308584
"5713",2021-05-15,"08","27  day ahead inc hosp",2021-06-11,"quantile",0.35,65.5851880917624
"5714",2021-05-15,"08","27  day ahead inc hosp",2021-06-11,"quantile",0.4,70.7807329574879
"5715",2021-05-15,"08","27  day ahead inc hosp",2021-06-11,"quantile",0.45,76.0955102930703
"5716",2021-05-15,"08","27  day ahead inc hosp",2021-06-11,"quantile",0.5,81.6128513775637
"5717",2021-05-15,"08","27  day ahead inc hosp",2021-06-11,"quantile",0.55,87.42491786031
"5718",2021-05-15,"08","27  day ahead inc hosp",2021-06-11,"quantile",0.6,93.6431241612685
"5719",2021-05-15,"08","27  day ahead inc hosp",2021-06-11,"quantile",0.65,100.412821321483
"5720",2021-05-15,"08","27  day ahead inc hosp",2021-06-11,"quantile",0.7,107.937534408753
"5721",2021-05-15,"08","27  day ahead inc hosp",2021-06-11,"quantile",0.75,116.524119504802
"5722",2021-05-15,"08","27  day ahead inc hosp",2021-06-11,"quantile",0.8,126.677745158712
"5723",2021-05-15,"08","27  day ahead inc hosp",2021-06-11,"quantile",0.85,139.334743216694
"5724",2021-05-15,"08","27  day ahead inc hosp",2021-06-11,"quantile",0.9,156.580460940978
"5725",2021-05-15,"08","27  day ahead inc hosp",2021-06-11,"quantile",0.95,185.02537804053
"5726",2021-05-15,"08","27  day ahead inc hosp",2021-06-11,"quantile",0.975,212.690675669313
"5727",2021-05-15,"08","27  day ahead inc hosp",2021-06-11,"quantile",0.99,248.633861549612
"5728",2021-05-15,"08","28  day ahead inc hosp",2021-06-12,"quantile",0.01,15.9567235583109
"5729",2021-05-15,"08","28  day ahead inc hosp",2021-06-12,"quantile",0.025,21.5815302971175
"5730",2021-05-15,"08","28  day ahead inc hosp",2021-06-12,"quantile",0.05,27.5077580082398
"5731",2021-05-15,"08","28  day ahead inc hosp",2021-06-12,"quantile",0.1,35.7688633908443
"5732",2021-05-15,"08","28  day ahead inc hosp",2021-06-12,"quantile",0.15,42.3087532466552
"5733",2021-05-15,"08","28  day ahead inc hosp",2021-06-12,"quantile",0.2,48.115119801017
"5734",2021-05-15,"08","28  day ahead inc hosp",2021-06-12,"quantile",0.25,53.5557832306991
"5735",2021-05-15,"08","28  day ahead inc hosp",2021-06-12,"quantile",0.3,58.8235169245467
"5736",2021-05-15,"08","28  day ahead inc hosp",2021-06-12,"quantile",0.35,64.0431162181127
"5737",2021-05-15,"08","28  day ahead inc hosp",2021-06-12,"quantile",0.4,69.3100634706856
"5738",2021-05-15,"08","28  day ahead inc hosp",2021-06-12,"quantile",0.45,74.7087964742912
"5739",2021-05-15,"08","28  day ahead inc hosp",2021-06-12,"quantile",0.5,80.3239687100806
"5740",2021-05-15,"08","28  day ahead inc hosp",2021-06-12,"quantile",0.55,86.249877595976
"5741",2021-05-15,"08","28  day ahead inc hosp",2021-06-12,"quantile",0.6,92.6011330755659
"5742",2021-05-15,"08","28  day ahead inc hosp",2021-06-12,"quantile",0.65,99.5278238949556
"5743",2021-05-15,"08","28  day ahead inc hosp",2021-06-12,"quantile",0.7,107.240662988829
"5744",2021-05-15,"08","28  day ahead inc hosp",2021-06-12,"quantile",0.75,116.057935745408
"5745",2021-05-15,"08","28  day ahead inc hosp",2021-06-12,"quantile",0.8,126.504364596149
"5746",2021-05-15,"08","28  day ahead inc hosp",2021-06-12,"quantile",0.85,139.553689530214
"5747",2021-05-15,"08","28  day ahead inc hosp",2021-06-12,"quantile",0.9,157.377176287962
"5748",2021-05-15,"08","28  day ahead inc hosp",2021-06-12,"quantile",0.95,186.868071838175
"5749",2021-05-15,"08","28  day ahead inc hosp",2021-06-12,"quantile",0.975,215.643958446948
"5750",2021-05-15,"08","28  day ahead inc hosp",2021-06-12,"quantile",0.99,253.143624350698
"5751",2021-05-15,"08","29  day ahead inc hosp",2021-06-13,"quantile",0.01,14.8388050761973
"5752",2021-05-15,"08","29  day ahead inc hosp",2021-06-13,"quantile",0.025,20.4486579425938
"5753",2021-05-15,"08","29  day ahead inc hosp",2021-06-13,"quantile",0.05,26.4309725449458
"5754",2021-05-15,"08","29  day ahead inc hosp",2021-06-13,"quantile",0.1,34.8589879270408
"5755",2021-05-15,"08","29  day ahead inc hosp",2021-06-13,"quantile",0.15,41.586874373228
"5756",2021-05-15,"08","29  day ahead inc hosp",2021-06-13,"quantile",0.2,47.5932309602931
"5757",2021-05-15,"08","29  day ahead inc hosp",2021-06-13,"quantile",0.25,53.245268209706
"5758",2021-05-15,"08","29  day ahead inc hosp",2021-06-13,"quantile",0.3,58.7369906024908
"5759",2021-05-15,"08","29  day ahead inc hosp",2021-06-13,"quantile",0.35,64.1952289212046
"5760",2021-05-15,"08","29  day ahead inc hosp",2021-06-13,"quantile",0.4,69.7181438457162
"5761",2021-05-15,"08","29  day ahead inc hosp",2021-06-13,"quantile",0.45,75.3935865638152
"5762",2021-05-15,"08","29  day ahead inc hosp",2021-06-13,"quantile",0.5,81.310598435681
"5763",2021-05-15,"08","29  day ahead inc hosp",2021-06-13,"quantile",0.55,87.569243626945
"5764",2021-05-15,"08","29  day ahead inc hosp",2021-06-13,"quantile",0.6,94.2919381923911
"5765",2021-05-15,"08","29  day ahead inc hosp",2021-06-13,"quantile",0.65,101.639730786469
"5766",2021-05-15,"08","29  day ahead inc hosp",2021-06-13,"quantile",0.7,109.839439557595
"5767",2021-05-15,"08","29  day ahead inc hosp",2021-06-13,"quantile",0.75,119.234447309595
"5768",2021-05-15,"08","29  day ahead inc hosp",2021-06-13,"quantile",0.8,130.391817509209
"5769",2021-05-15,"08","29  day ahead inc hosp",2021-06-13,"quantile",0.85,144.365398317217
"5770",2021-05-15,"08","29  day ahead inc hosp",2021-06-13,"quantile",0.9,163.508537154877
"5771",2021-05-15,"08","29  day ahead inc hosp",2021-06-13,"quantile",0.95,195.306411970538
"5772",2021-05-15,"08","29  day ahead inc hosp",2021-06-13,"quantile",0.975,226.45734316749
"5773",2021-05-15,"08","29  day ahead inc hosp",2021-06-13,"quantile",0.99,267.203303098877
"5774",2021-05-15,"08","30  day ahead inc hosp",2021-06-14,"quantile",0.01,14.2053515307835
"5775",2021-05-15,"08","30  day ahead inc hosp",2021-06-14,"quantile",0.025,19.8447776137271
"5776",2021-05-15,"08","30  day ahead inc hosp",2021-06-14,"quantile",0.05,25.9116440579804
"5777",2021-05-15,"08","30  day ahead inc hosp",2021-06-14,"quantile",0.1,34.5243371818513
"5778",2021-05-15,"08","30  day ahead inc hosp",2021-06-14,"quantile",0.15,41.440918133839
"5779",2021-05-15,"08","30  day ahead inc hosp",2021-06-14,"quantile",0.2,47.640167540532
"5780",2021-05-15,"08","30  day ahead inc hosp",2021-06-14,"quantile",0.25,53.491434342468
"5781",2021-05-15,"08","30  day ahead inc hosp",2021-06-14,"quantile",0.3,59.1910214384723
"5782",2021-05-15,"08","30  day ahead inc hosp",2021-06-14,"quantile",0.35,64.8681982221914
"5783",2021-05-15,"08","30  day ahead inc hosp",2021-06-14,"quantile",0.4,70.6238567864685
"5784",2021-05-15,"08","30  day ahead inc hosp",2021-06-14,"quantile",0.45,76.549073539257
"5785",2021-05-15,"08","30  day ahead inc hosp",2021-06-14,"quantile",0.5,82.7368736618129
"5786",2021-05-15,"08","30  day ahead inc hosp",2021-06-14,"quantile",0.55,89.2924434372754
"5787",2021-05-15,"08","30  day ahead inc hosp",2021-06-14,"quantile",0.6,96.3450465360675
"5788",2021-05-15,"08","30  day ahead inc hosp",2021-06-14,"quantile",0.65,104.065276045375
"5789",2021-05-15,"08","30  day ahead inc hosp",2021-06-14,"quantile",0.7,112.693914076468
"5790",2021-05-15,"08","30  day ahead inc hosp",2021-06-14,"quantile",0.75,122.596044427174
"5791",2021-05-15,"08","30  day ahead inc hosp",2021-06-14,"quantile",0.8,134.375274248796
"5792",2021-05-15,"08","30  day ahead inc hosp",2021-06-14,"quantile",0.85,149.154495869863
"5793",2021-05-15,"08","30  day ahead inc hosp",2021-06-14,"quantile",0.9,169.443797858808
"5794",2021-05-15,"08","30  day ahead inc hosp",2021-06-14,"quantile",0.95,203.237204896971
"5795",2021-05-15,"08","30  day ahead inc hosp",2021-06-14,"quantile",0.975,236.435181508609
"5796",2021-05-15,"08","30  day ahead inc hosp",2021-06-14,"quantile",0.99,279.971104550094
"5797",2021-05-15,"08","31  day ahead inc hosp",2021-06-15,"quantile",0.01,13.1419762250412
"5798",2021-05-15,"08","31  day ahead inc hosp",2021-06-15,"quantile",0.025,18.6499562713147
"5799",2021-05-15,"08","31  day ahead inc hosp",2021-06-15,"quantile",0.05,24.6353470185132
"5800",2021-05-15,"08","31  day ahead inc hosp",2021-06-15,"quantile",0.1,33.2067326168833
"5801",2021-05-15,"08","31  day ahead inc hosp",2021-06-15,"quantile",0.15,40.1370295814393
"5802",2021-05-15,"08","31  day ahead inc hosp",2021-06-15,"quantile",0.2,46.3763697169492
"5803",2021-05-15,"08","31  day ahead inc hosp",2021-06-15,"quantile",0.25,52.285651936794
"5804",2021-05-15,"08","31  day ahead inc hosp",2021-06-15,"quantile",0.3,58.0580351031622
"5805",2021-05-15,"08","31  day ahead inc hosp",2021-06-15,"quantile",0.35,63.8218008659367
"5806",2021-05-15,"08","31  day ahead inc hosp",2021-06-15,"quantile",0.4,69.6780447698687
"5807",2021-05-15,"08","31  day ahead inc hosp",2021-06-15,"quantile",0.45,75.7189234710809
"5808",2021-05-15,"08","31  day ahead inc hosp",2021-06-15,"quantile",0.5,82.0393814558527
"5809",2021-05-15,"08","31  day ahead inc hosp",2021-06-15,"quantile",0.55,88.7475073728815
"5810",2021-05-15,"08","31  day ahead inc hosp",2021-06-15,"quantile",0.6,95.9767887699624
"5811",2021-05-15,"08","31  day ahead inc hosp",2021-06-15,"quantile",0.65,103.903997696623
"5812",2021-05-15,"08","31  day ahead inc hosp",2021-06-15,"quantile",0.7,112.779226499977
"5813",2021-05-15,"08","31  day ahead inc hosp",2021-06-15,"quantile",0.75,122.982310377234
"5814",2021-05-15,"08","31  day ahead inc hosp",2021-06-15,"quantile",0.8,135.142049335423
"5815",2021-05-15,"08","31  day ahead inc hosp",2021-06-15,"quantile",0.85,150.429495339913
"5816",2021-05-15,"08","31  day ahead inc hosp",2021-06-15,"quantile",0.9,171.465334913464
"5817",2021-05-15,"08","31  day ahead inc hosp",2021-06-15,"quantile",0.95,206.60771759889
"5818",2021-05-15,"08","31  day ahead inc hosp",2021-06-15,"quantile",0.975,241.237053080192
"5819",2021-05-15,"08","31  day ahead inc hosp",2021-06-15,"quantile",0.99,286.779725181995
"5820",2021-05-15,"08","32  day ahead inc hosp",2021-06-16,"quantile",0.01,11.9952222738558
"5821",2021-05-15,"08","32  day ahead inc hosp",2021-06-16,"quantile",0.025,17.3337996518778
"5822",2021-05-15,"08","32  day ahead inc hosp",2021-06-16,"quantile",0.05,23.2025338699929
"5823",2021-05-15,"08","32  day ahead inc hosp",2021-06-16,"quantile",0.1,31.6908320851332
"5824",2021-05-15,"08","32  day ahead inc hosp",2021-06-16,"quantile",0.15,38.6070017724406
"5825",2021-05-15,"08","32  day ahead inc hosp",2021-06-16,"quantile",0.2,44.8651203516455
"5826",2021-05-15,"08","32  day ahead inc hosp",2021-06-16,"quantile",0.25,50.8150758077034
"5827",2021-05-15,"08","32  day ahead inc hosp",2021-06-16,"quantile",0.3,56.6456835960934
"5828",2021-05-15,"08","32  day ahead inc hosp",2021-06-16,"quantile",0.35,62.4835908953001
"5829",2021-05-15,"08","32  day ahead inc hosp",2021-06-16,"quantile",0.4,68.4297272691019
"5830",2021-05-15,"08","32  day ahead inc hosp",2021-06-16,"quantile",0.45,74.5771243665703
"5831",2021-05-15,"08","32  day ahead inc hosp",2021-06-16,"quantile",0.5,81.0225554855843
"5832",2021-05-15,"08","32  day ahead inc hosp",2021-06-16,"quantile",0.55,87.8770181647322
"5833",2021-05-15,"08","32  day ahead inc hosp",2021-06-16,"quantile",0.6,95.2783313762915
"5834",2021-05-15,"08","32  day ahead inc hosp",2021-06-16,"quantile",0.65,103.409681707382
"5835",2021-05-15,"08","32  day ahead inc hosp",2021-06-16,"quantile",0.7,112.53089819737
"5836",2021-05-15,"08","32  day ahead inc hosp",2021-06-16,"quantile",0.75,123.037319355596
"5837",2021-05-15,"08","32  day ahead inc hosp",2021-06-16,"quantile",0.8,135.584321066057
"5838",2021-05-15,"08","32  day ahead inc hosp",2021-06-16,"quantile",0.85,151.393924263688
"5839",2021-05-15,"08","32  day ahead inc hosp",2021-06-16,"quantile",0.9,173.204254458743
"5840",2021-05-15,"08","32  day ahead inc hosp",2021-06-16,"quantile",0.95,209.761708452051
"5841",2021-05-15,"08","32  day ahead inc hosp",2021-06-16,"quantile",0.975,245.907477017051
"5842",2021-05-15,"08","32  day ahead inc hosp",2021-06-16,"quantile",0.99,293.593701816112
"5843",2021-05-15,"08","33  day ahead inc hosp",2021-06-17,"quantile",0.01,10.8794022844443
"5844",2021-05-15,"08","33  day ahead inc hosp",2021-06-17,"quantile",0.025,16.0178002944198
"5845",2021-05-15,"08","33  day ahead inc hosp",2021-06-17,"quantile",0.05,21.7338622400737
"5846",2021-05-15,"08","33  day ahead inc hosp",2021-06-17,"quantile",0.1,30.0855400308381
"5847",2021-05-15,"08","33  day ahead inc hosp",2021-06-17,"quantile",0.15,36.9436671033955
"5848",2021-05-15,"08","33  day ahead inc hosp",2021-06-17,"quantile",0.2,43.1809302128647
"5849",2021-05-15,"08","33  day ahead inc hosp",2021-06-17,"quantile",0.25,49.1340898213707
"5850",2021-05-15,"08","33  day ahead inc hosp",2021-06-17,"quantile",0.3,54.9864643023096
"5851",2021-05-15,"08","33  day ahead inc hosp",2021-06-17,"quantile",0.35,60.8622974445242
"5852",2021-05-15,"08","33  day ahead inc hosp",2021-06-17,"quantile",0.4,66.8617513995752
"5853",2021-05-15,"08","33  day ahead inc hosp",2021-06-17,"quantile",0.45,73.0781926508089
"5854",2021-05-15,"08","33  day ahead inc hosp",2021-06-17,"quantile",0.5,79.6096767299822
"5855",2021-05-15,"08","33  day ahead inc hosp",2021-06-17,"quantile",0.55,86.5694987228855
"5856",2021-05-15,"08","33  day ahead inc hosp",2021-06-17,"quantile",0.6,94.0990657299634
"5857",2021-05-15,"08","33  day ahead inc hosp",2021-06-17,"quantile",0.65,102.387007524558
"5858",2021-05-15,"08","33  day ahead inc hosp",2021-06-17,"quantile",0.7,111.701531157965
"5859",2021-05-15,"08","33  day ahead inc hosp",2021-06-17,"quantile",0.75,122.451436054575
"5860",2021-05-15,"08","33  day ahead inc hosp",2021-06-17,"quantile",0.8,135.315326740761
"5861",2021-05-15,"08","33  day ahead inc hosp",2021-06-17,"quantile",0.85,151.5600263467
"5862",2021-05-15,"08","33  day ahead inc hosp",2021-06-17,"quantile",0.9,174.027476246046
"5863",2021-05-15,"08","33  day ahead inc hosp",2021-06-17,"quantile",0.95,211.809662607349
"5864",2021-05-15,"08","33  day ahead inc hosp",2021-06-17,"quantile",0.975,249.290607754326
"5865",2021-05-15,"08","33  day ahead inc hosp",2021-06-17,"quantile",0.99,298.890384485566
"5866",2021-05-15,"08","34  day ahead inc hosp",2021-06-18,"quantile",0.01,9.9879187746616
"5867",2021-05-15,"08","34  day ahead inc hosp",2021-06-18,"quantile",0.025,14.9806757871937
"5868",2021-05-15,"08","34  day ahead inc hosp",2021-06-18,"quantile",0.05,20.6002261927252
"5869",2021-05-15,"08","34  day ahead inc hosp",2021-06-18,"quantile",0.1,28.8929918496335
"5870",2021-05-15,"08","34  day ahead inc hosp",2021-06-18,"quantile",0.15,35.754753666849
"5871",2021-05-15,"08","34  day ahead inc hosp",2021-06-18,"quantile",0.2,42.0262663208994
"5872",2021-05-15,"08","34  day ahead inc hosp",2021-06-18,"quantile",0.25,48.034643746237
"5873",2021-05-15,"08","34  day ahead inc hosp",2021-06-18,"quantile",0.3,53.9595346590453
"5874",2021-05-15,"08","34  day ahead inc hosp",2021-06-18,"quantile",0.35,59.9239775370225
"5875",2021-05-15,"08","34  day ahead inc hosp",2021-06-18,"quantile",0.4,66.0283039035321
"5876",2021-05-15,"08","34  day ahead inc hosp",2021-06-18,"quantile",0.45,72.36706599624
"5877",2021-05-15,"08","34  day ahead inc hosp",2021-06-18,"quantile",0.5,79.0404779736748
"5878",2021-05-15,"08","34  day ahead inc hosp",2021-06-18,"quantile",0.55,86.1651319106646
"5879",2021-05-15,"08","34  day ahead inc hosp",2021-06-18,"quantile",0.6,93.8872607401995
"5880",2021-05-15,"08","34  day ahead inc hosp",2021-06-18,"quantile",0.65,102.402581731663
"5881",2021-05-15,"08","34  day ahead inc hosp",2021-06-18,"quantile",0.7,111.990014230762
"5882",2021-05-15,"08","34  day ahead inc hosp",2021-06-18,"quantile",0.75,123.075376614078
"5883",2021-05-15,"08","34  day ahead inc hosp",2021-06-18,"quantile",0.8,136.366415220623
"5884",2021-05-15,"08","34  day ahead inc hosp",2021-06-18,"quantile",0.85,153.185816863226
"5885",2021-05-15,"08","34  day ahead inc hosp",2021-06-18,"quantile",0.9,176.504228886524
"5886",2021-05-15,"08","34  day ahead inc hosp",2021-06-18,"quantile",0.95,215.839228004203
"5887",2021-05-15,"08","34  day ahead inc hosp",2021-06-18,"quantile",0.975,254.983431468922
"5888",2021-05-15,"08","34  day ahead inc hosp",2021-06-18,"quantile",0.99,306.934753091568
"5889",2021-05-15,"08","35  day ahead inc hosp",2021-06-19,"quantile",0.01,8.93118573715835
"5890",2021-05-15,"08","35  day ahead inc hosp",2021-06-19,"quantile",0.025,13.6853357114768
"5891",2021-05-15,"08","35  day ahead inc hosp",2021-06-19,"quantile",0.05,19.108768117481
"5892",2021-05-15,"08","35  day ahead inc hosp",2021-06-19,"quantile",0.1,27.2033052251429
"5893",2021-05-15,"08","35  day ahead inc hosp",2021-06-19,"quantile",0.15,33.9589309501473
"5894",2021-05-15,"08","35  day ahead inc hosp",2021-06-19,"quantile",0.2,40.1679313856062
"5895",2021-05-15,"08","35  day ahead inc hosp",2021-06-19,"quantile",0.25,46.1415652777172
"5896",2021-05-15,"08","35  day ahead inc hosp",2021-06-19,"quantile",0.3,52.0525701606113
"5897",2021-05-15,"08","35  day ahead inc hosp",2021-06-19,"quantile",0.35,58.0207102671521
"5898",2021-05-15,"08","35  day ahead inc hosp",2021-06-19,"quantile",0.4,64.1449403395785
"5899",2021-05-15,"08","35  day ahead inc hosp",2021-06-19,"quantile",0.45,70.5196712003982
"5900",2021-05-15,"08","35  day ahead inc hosp",2021-06-19,"quantile",0.5,77.2459860850716
"5901",2021-05-15,"08","35  day ahead inc hosp",2021-06-19,"quantile",0.55,84.442378052999
"5902",2021-05-15,"08","35  day ahead inc hosp",2021-06-19,"quantile",0.6,92.2582488573001
"5903",2021-05-15,"08","35  day ahead inc hosp",2021-06-19,"quantile",0.65,100.894273496106
"5904",2021-05-15,"08","35  day ahead inc hosp",2021-06-19,"quantile",0.7,110.637137361885
"5905",2021-05-15,"08","35  day ahead inc hosp",2021-06-19,"quantile",0.75,121.925281289771
"5906",2021-05-15,"08","35  day ahead inc hosp",2021-06-19,"quantile",0.8,135.488424300544
"5907",2021-05-15,"08","35  day ahead inc hosp",2021-06-19,"quantile",0.85,152.691958655929
"5908",2021-05-15,"08","35  day ahead inc hosp",2021-06-19,"quantile",0.9,176.60626648519
"5909",2021-05-15,"08","35  day ahead inc hosp",2021-06-19,"quantile",0.95,217.084143941341
"5910",2021-05-15,"08","35  day ahead inc hosp",2021-06-19,"quantile",0.975,257.50467399741
"5911",2021-05-15,"08","35  day ahead inc hosp",2021-06-19,"quantile",0.99,311.320417817134
"5912",2021-05-15,"08","36  day ahead inc hosp",2021-06-20,"quantile",0.01,8.48440860056911
"5913",2021-05-15,"08","36  day ahead inc hosp",2021-06-20,"quantile",0.025,13.2105059805216
"5914",2021-05-15,"08","36  day ahead inc hosp",2021-06-20,"quantile",0.05,18.6562016133897
"5915",2021-05-15,"08","36  day ahead inc hosp",2021-06-20,"quantile",0.1,26.852361575353
"5916",2021-05-15,"08","36  day ahead inc hosp",2021-06-20,"quantile",0.15,33.7362113234692
"5917",2021-05-15,"08","36  day ahead inc hosp",2021-06-20,"quantile",0.2,40.0889254019243
"5918",2021-05-15,"08","36  day ahead inc hosp",2021-06-20,"quantile",0.25,46.2196833759342
"5919",2021-05-15,"08","36  day ahead inc hosp",2021-06-20,"quantile",0.3,52.3014488213089
"5920",2021-05-15,"08","36  day ahead inc hosp",2021-06-20,"quantile",0.35,58.4552629009008
"5921",2021-05-15,"08","36  day ahead inc hosp",2021-06-20,"quantile",0.4,64.7821214996583
"5922",2021-05-15,"08","36  day ahead inc hosp",2021-06-20,"quantile",0.45,71.3792558491347
"5923",2021-05-15,"08","36  day ahead inc hosp",2021-06-20,"quantile",0.5,78.3515309478597
"5924",2021-05-15,"08","36  day ahead inc hosp",2021-06-20,"quantile",0.55,85.8225333145198
"5925",2021-05-15,"08","36  day ahead inc hosp",2021-06-20,"quantile",0.6,93.9486661142551
"5926",2021-05-15,"08","36  day ahead inc hosp",2021-06-20,"quantile",0.65,102.94053667026
"5927",2021-05-15,"08","36  day ahead inc hosp",2021-06-20,"quantile",0.7,113.099536561775
"5928",2021-05-15,"08","36  day ahead inc hosp",2021-06-20,"quantile",0.75,124.887164537662
"5929",2021-05-15,"08","36  day ahead inc hosp",2021-06-20,"quantile",0.8,139.072255003787
"5930",2021-05-15,"08","36  day ahead inc hosp",2021-06-20,"quantile",0.85,157.094618516776
"5931",2021-05-15,"08","36  day ahead inc hosp",2021-06-20,"quantile",0.9,182.194858168939
"5932",2021-05-15,"08","36  day ahead inc hosp",2021-06-20,"quantile",0.95,224.78383969163
"5933",2021-05-15,"08","36  day ahead inc hosp",2021-06-20,"quantile",0.975,267.417274698663
"5934",2021-05-15,"08","36  day ahead inc hosp",2021-06-20,"quantile",0.99,324.307882089192
"5935",2021-05-15,"08","37  day ahead inc hosp",2021-06-21,"quantile",0.01,8.16689597203922
"5936",2021-05-15,"08","37  day ahead inc hosp",2021-06-21,"quantile",0.025,12.9034926313584
"5937",2021-05-15,"08","37  day ahead inc hosp",2021-06-21,"quantile",0.05,18.4112656365854
"5938",2021-05-15,"08","37  day ahead inc hosp",2021-06-21,"quantile",0.1,26.7639777583057
"5939",2021-05-15,"08","37  day ahead inc hosp",2021-06-21,"quantile",0.15,33.8194015631234
"5940",2021-05-15,"08","37  day ahead inc hosp",2021-06-21,"quantile",0.2,40.3543483958254
"5941",2021-05-15,"08","37  day ahead inc hosp",2021-06-21,"quantile",0.25,46.6784045141696
"5942",2021-05-15,"08","37  day ahead inc hosp",2021-06-21,"quantile",0.3,52.9660584668645
"5943",2021-05-15,"08","37  day ahead inc hosp",2021-06-21,"quantile",0.35,59.3404716693957
"5944",2021-05-15,"08","37  day ahead inc hosp",2021-06-21,"quantile",0.4,65.9053314810737
"5945",2021-05-15,"08","37  day ahead inc hosp",2021-06-21,"quantile",0.45,72.7612710872122
"5946",2021-05-15,"08","37  day ahead inc hosp",2021-06-21,"quantile",0.5,80.017527378346
"5947",2021-05-15,"08","37  day ahead inc hosp",2021-06-21,"quantile",0.55,87.8034450841866
"5948",2021-05-15,"08","37  day ahead inc hosp",2021-06-21,"quantile",0.6,96.2832443460605
"5949",2021-05-15,"08","37  day ahead inc hosp",2021-06-21,"quantile",0.65,105.678540954408
"5950",2021-05-15,"08","37  day ahead inc hosp",2021-06-21,"quantile",0.7,116.306952829293
"5951",2021-05-15,"08","37  day ahead inc hosp",2021-06-21,"quantile",0.75,128.655345017352
"5952",2021-05-15,"08","37  day ahead inc hosp",2021-06-21,"quantile",0.8,143.535491702315
"5953",2021-05-15,"08","37  day ahead inc hosp",2021-06-21,"quantile",0.85,162.468755037755
"5954",2021-05-15,"08","37  day ahead inc hosp",2021-06-21,"quantile",0.9,188.881959807578
"5955",2021-05-15,"08","37  day ahead inc hosp",2021-06-21,"quantile",0.95,233.795259263815
"5956",2021-05-15,"08","37  day ahead inc hosp",2021-06-21,"quantile",0.975,278.85297379152
"5957",2021-05-15,"08","37  day ahead inc hosp",2021-06-21,"quantile",0.99,339.098344525243
"5958",2021-05-15,"09","1  day ahead inc hosp",2021-05-16,"quantile",0.01,22.6882805993478
"5959",2021-05-15,"09","1  day ahead inc hosp",2021-05-16,"quantile",0.025,24.9811186090431
"5960",2021-05-15,"09","1  day ahead inc hosp",2021-05-16,"quantile",0.05,27.0883967615512
"5961",2021-05-15,"09","1  day ahead inc hosp",2021-05-16,"quantile",0.1,29.6803605144997
"5962",2021-05-15,"09","1  day ahead inc hosp",2021-05-16,"quantile",0.15,31.5312967595532
"5963",2021-05-15,"09","1  day ahead inc hosp",2021-05-16,"quantile",0.2,33.0630389831955
"5964",2021-05-15,"09","1  day ahead inc hosp",2021-05-16,"quantile",0.25,34.4210334204389
"5965",2021-05-15,"09","1  day ahead inc hosp",2021-05-16,"quantile",0.3,35.6758210843728
"5966",2021-05-15,"09","1  day ahead inc hosp",2021-05-16,"quantile",0.35,36.8689043290992
"5967",2021-05-15,"09","1  day ahead inc hosp",2021-05-16,"quantile",0.4,38.0284574236738
"5968",2021-05-15,"09","1  day ahead inc hosp",2021-05-16,"quantile",0.45,39.1761647952698
"5969",2021-05-15,"09","1  day ahead inc hosp",2021-05-16,"quantile",0.5,40.3308483687875
"5970",2021-05-15,"09","1  day ahead inc hosp",2021-05-16,"quantile",0.55,41.5108707760113
"5971",2021-05-15,"09","1  day ahead inc hosp",2021-05-16,"quantile",0.6,42.7362368178856
"5972",2021-05-15,"09","1  day ahead inc hosp",2021-05-16,"quantile",0.65,44.0310568296707
"5973",2021-05-15,"09","1  day ahead inc hosp",2021-05-16,"quantile",0.7,45.4272139532681
"5974",2021-05-15,"09","1  day ahead inc hosp",2021-05-16,"quantile",0.75,46.9708590431619
"5975",2021-05-15,"09","1  day ahead inc hosp",2021-05-16,"quantile",0.8,48.7357160665874
"5976",2021-05-15,"09","1  day ahead inc hosp",2021-05-16,"quantile",0.85,50.8551252316184
"5977",2021-05-15,"09","1  day ahead inc hosp",2021-05-16,"quantile",0.9,53.6191586575872
"5978",2021-05-15,"09","1  day ahead inc hosp",2021-05-16,"quantile",0.95,57.9212319873401
"5979",2021-05-15,"09","1  day ahead inc hosp",2021-05-16,"quantile",0.975,61.8578473495562
"5980",2021-05-15,"09","1  day ahead inc hosp",2021-05-16,"quantile",0.99,66.683565292584
"5981",2021-05-15,"09","2  day ahead inc hosp",2021-05-17,"quantile",0.01,27.5747968810281
"5982",2021-05-15,"09","2  day ahead inc hosp",2021-05-17,"quantile",0.025,30.3654280604359
"5983",2021-05-15,"09","2  day ahead inc hosp",2021-05-17,"quantile",0.05,32.9304413504269
"5984",2021-05-15,"09","2  day ahead inc hosp",2021-05-17,"quantile",0.1,36.0856902297826
"5985",2021-05-15,"09","2  day ahead inc hosp",2021-05-17,"quantile",0.15,38.3390361278096
"5986",2021-05-15,"09","2  day ahead inc hosp",2021-05-17,"quantile",0.2,40.2038878868093
"5987",2021-05-15,"09","2  day ahead inc hosp",2021-05-17,"quantile",0.25,41.8572747231947
"5988",2021-05-15,"09","2  day ahead inc hosp",2021-05-17,"quantile",0.3,43.3850590829323
"5989",2021-05-15,"09","2  day ahead inc hosp",2021-05-17,"quantile",0.35,44.8377602842235
"5990",2021-05-15,"09","2  day ahead inc hosp",2021-05-17,"quantile",0.4,46.2496762437135
"5991",2021-05-15,"09","2  day ahead inc hosp",2021-05-17,"quantile",0.45,47.6472068222195
"5992",2021-05-15,"09","2  day ahead inc hosp",2021-05-17,"quantile",0.5,49.0532692822458
"5993",2021-05-15,"09","2  day ahead inc hosp",2021-05-17,"quantile",0.55,50.4902240617101
"5994",2021-05-15,"09","2  day ahead inc hosp",2021-05-17,"quantile",0.6,51.9824336881894
"5995",2021-05-15,"09","2  day ahead inc hosp",2021-05-17,"quantile",0.65,53.5592629166582
"5996",2021-05-15,"09","2  day ahead inc hosp",2021-05-17,"quantile",0.7,55.25954561969
"5997",2021-05-15,"09","2  day ahead inc hosp",2021-05-17,"quantile",0.75,57.1394963168079
"5998",2021-05-15,"09","2  day ahead inc hosp",2021-05-17,"quantile",0.8,59.2889181364051
"5999",2021-05-15,"09","2  day ahead inc hosp",2021-05-17,"quantile",0.85,61.870236851415
"6000",2021-05-15,"09","2  day ahead inc hosp",2021-05-17,"quantile",0.9,65.2368064379459
"6001",2021-05-15,"09","2  day ahead inc hosp",2021-05-17,"quantile",0.95,70.4769796854305
"6002",2021-05-15,"09","2  day ahead inc hosp",2021-05-17,"quantile",0.975,75.272283216498
"6003",2021-05-15,"09","2  day ahead inc hosp",2021-05-17,"quantile",0.99,81.1509603378058
"6004",2021-05-15,"09","3  day ahead inc hosp",2021-05-18,"quantile",0.01,23.7363920833597
"6005",2021-05-15,"09","3  day ahead inc hosp",2021-05-18,"quantile",0.025,26.3548015459283
"6006",2021-05-15,"09","3  day ahead inc hosp",2021-05-18,"quantile",0.05,28.7750479225229
"6007",2021-05-15,"09","3  day ahead inc hosp",2021-05-18,"quantile",0.1,31.768171192172
"6008",2021-05-15,"09","3  day ahead inc hosp",2021-05-18,"quantile",0.15,33.9155429882117
"6009",2021-05-15,"09","3  day ahead inc hosp",2021-05-18,"quantile",0.2,35.6983975709637
"6010",2021-05-15,"09","3  day ahead inc hosp",2021-05-18,"quantile",0.25,37.2831569484972
"6011",2021-05-15,"09","3  day ahead inc hosp",2021-05-18,"quantile",0.3,38.7507637801855
"6012",2021-05-15,"09","3  day ahead inc hosp",2021-05-18,"quantile",0.35,40.1490040788645
"6013",2021-05-15,"09","3  day ahead inc hosp",2021-05-18,"quantile",0.4,41.510463864031
"6014",2021-05-15,"09","3  day ahead inc hosp",2021-05-18,"quantile",0.45,42.860366382266
"6015",2021-05-15,"09","3  day ahead inc hosp",2021-05-18,"quantile",0.5,44.2207504906853
"6016",2021-05-15,"09","3  day ahead inc hosp",2021-05-18,"quantile",0.55,45.6132643370017
"6017",2021-05-15,"09","3  day ahead inc hosp",2021-05-18,"quantile",0.6,47.0616388921261
"6018",2021-05-15,"09","3  day ahead inc hosp",2021-05-18,"quantile",0.65,48.5946205639099
"6019",2021-05-15,"09","3  day ahead inc hosp",2021-05-18,"quantile",0.7,50.2503683905178
"6020",2021-05-15,"09","3  day ahead inc hosp",2021-05-18,"quantile",0.75,52.0842701474719
"6021",2021-05-15,"09","3  day ahead inc hosp",2021-05-18,"quantile",0.8,54.1849839877511
"6022",2021-05-15,"09","3  day ahead inc hosp",2021-05-18,"quantile",0.85,56.713116208488
"6023",2021-05-15,"09","3  day ahead inc hosp",2021-05-18,"quantile",0.9,60.0185686694874
"6024",2021-05-15,"09","3  day ahead inc hosp",2021-05-18,"quantile",0.95,65.1809276578093
"6025",2021-05-15,"09","3  day ahead inc hosp",2021-05-18,"quantile",0.975,69.922085728346
"6026",2021-05-15,"09","3  day ahead inc hosp",2021-05-18,"quantile",0.99,75.7547486757531
"6027",2021-05-15,"09","4  day ahead inc hosp",2021-05-19,"quantile",0.01,22.0402753480908
"6028",2021-05-15,"09","4  day ahead inc hosp",2021-05-19,"quantile",0.025,24.6290372624113
"6029",2021-05-15,"09","4  day ahead inc hosp",2021-05-19,"quantile",0.05,27.0323272582727
"6030",2021-05-15,"09","4  day ahead inc hosp",2021-05-19,"quantile",0.1,30.0168113122445
"6031",2021-05-15,"09","4  day ahead inc hosp",2021-05-19,"quantile",0.15,32.165568769763
"6032",2021-05-15,"09","4  day ahead inc hosp",2021-05-19,"quantile",0.2,33.9539859765822
"6033",2021-05-15,"09","4  day ahead inc hosp",2021-05-19,"quantile",0.25,35.5468389772997
"6034",2021-05-15,"09","4  day ahead inc hosp",2021-05-19,"quantile",0.3,37.0244449473577
"6035",2021-05-15,"09","4  day ahead inc hosp",2021-05-19,"quantile",0.35,38.4343469043078
"6036",2021-05-15,"09","4  day ahead inc hosp",2021-05-19,"quantile",0.4,39.8090778657783
"6037",2021-05-15,"09","4  day ahead inc hosp",2021-05-19,"quantile",0.45,41.1739305133098
"6038",2021-05-15,"09","4  day ahead inc hosp",2021-05-19,"quantile",0.5,42.5511159533504
"6039",2021-05-15,"09","4  day ahead inc hosp",2021-05-19,"quantile",0.55,43.9625639490918
"6040",2021-05-15,"09","4  day ahead inc hosp",2021-05-19,"quantile",0.6,45.4324258138101
"6041",2021-05-15,"09","4  day ahead inc hosp",2021-05-19,"quantile",0.65,46.990067019245
"6042",2021-05-15,"09","4  day ahead inc hosp",2021-05-19,"quantile",0.7,48.6745779612106
"6043",2021-05-15,"09","4  day ahead inc hosp",2021-05-19,"quantile",0.75,50.5428133191535
"6044",2021-05-15,"09","4  day ahead inc hosp",2021-05-19,"quantile",0.8,52.6859142068228
"6045",2021-05-15,"09","4  day ahead inc hosp",2021-05-19,"quantile",0.85,55.2691786416529
"6046",2021-05-15,"09","4  day ahead inc hosp",2021-05-19,"quantile",0.9,58.6531220827431
"6047",2021-05-15,"09","4  day ahead inc hosp",2021-05-19,"quantile",0.95,63.9515299640535
"6048",2021-05-15,"09","4  day ahead inc hosp",2021-05-19,"quantile",0.975,68.8309103701328
"6049",2021-05-15,"09","4  day ahead inc hosp",2021-05-19,"quantile",0.99,74.8494694348954
"6050",2021-05-15,"09","5  day ahead inc hosp",2021-05-20,"quantile",0.01,19.9126230272099
"6051",2021-05-15,"09","5  day ahead inc hosp",2021-05-20,"quantile",0.025,22.4127751890565
"6052",2021-05-15,"09","5  day ahead inc hosp",2021-05-20,"quantile",0.05,24.7451999678562
"6053",2021-05-15,"09","5  day ahead inc hosp",2021-05-20,"quantile",0.1,27.6551560281128
"6054",2021-05-15,"09","5  day ahead inc hosp",2021-05-20,"quantile",0.15,29.7585511759495
"6055",2021-05-15,"09","5  day ahead inc hosp",2021-05-20,"quantile",0.2,31.5140437095348
"6056",2021-05-15,"09","5  day ahead inc hosp",2021-05-20,"quantile",0.25,33.0810224220288
"6057",2021-05-15,"09","5  day ahead inc hosp",2021-05-20,"quantile",0.3,34.5373710400167
"6058",2021-05-15,"09","5  day ahead inc hosp",2021-05-20,"quantile",0.35,35.92933166971
"6059",2021-05-15,"09","5  day ahead inc hosp",2021-05-20,"quantile",0.4,37.2886719453186
"6060",2021-05-15,"09","5  day ahead inc hosp",2021-05-20,"quantile",0.45,38.6402117720746
"6061",2021-05-15,"09","5  day ahead inc hosp",2021-05-20,"quantile",0.5,40.005870290073
"6062",2021-05-15,"09","5  day ahead inc hosp",2021-05-20,"quantile",0.55,41.40741269048
"6063",2021-05-15,"09","5  day ahead inc hosp",2021-05-20,"quantile",0.6,42.8689314093961
"6064",2021-05-15,"09","5  day ahead inc hosp",2021-05-20,"quantile",0.65,44.4198404052422
"6065",2021-05-15,"09","5  day ahead inc hosp",2021-05-20,"quantile",0.7,46.0994141574351
"6066",2021-05-15,"09","5  day ahead inc hosp",2021-05-20,"quantile",0.75,47.9649005693887
"6067",2021-05-15,"09","5  day ahead inc hosp",2021-05-20,"quantile",0.8,50.1082185832681
"6068",2021-05-15,"09","5  day ahead inc hosp",2021-05-20,"quantile",0.85,52.6962895804039
"6069",2021-05-15,"09","5  day ahead inc hosp",2021-05-20,"quantile",0.9,56.0936019427153
"6070",2021-05-15,"09","5  day ahead inc hosp",2021-05-20,"quantile",0.95,61.4278228825177
"6071",2021-05-15,"09","5  day ahead inc hosp",2021-05-20,"quantile",0.975,66.3548688499566
"6072",2021-05-15,"09","5  day ahead inc hosp",2021-05-20,"quantile",0.99,72.4497788538154
"6073",2021-05-15,"09","6  day ahead inc hosp",2021-05-21,"quantile",0.01,21.1682990374567
"6074",2021-05-15,"09","6  day ahead inc hosp",2021-05-21,"quantile",0.025,23.8836462712568
"6075",2021-05-15,"09","6  day ahead inc hosp",2021-05-21,"quantile",0.05,26.4209711880879
"6076",2021-05-15,"09","6  day ahead inc hosp",2021-05-21,"quantile",0.1,29.5914572694064
"6077",2021-05-15,"09","6  day ahead inc hosp",2021-05-21,"quantile",0.15,31.8861811022336
"6078",2021-05-15,"09","6  day ahead inc hosp",2021-05-21,"quantile",0.2,33.8031078065042
"6079",2021-05-15,"09","6  day ahead inc hosp",2021-05-21,"quantile",0.25,35.5154352452044
"6080",2021-05-15,"09","6  day ahead inc hosp",2021-05-21,"quantile",0.3,37.1078651126637
"6081",2021-05-15,"09","6  day ahead inc hosp",2021-05-21,"quantile",0.35,38.630738672678
"6082",2021-05-15,"09","6  day ahead inc hosp",2021-05-21,"quantile",0.4,40.1186853437075
"6083",2021-05-15,"09","6  day ahead inc hosp",2021-05-21,"quantile",0.45,41.5988056375329
"6084",2021-05-15,"09","6  day ahead inc hosp",2021-05-21,"quantile",0.5,43.0950776509737
"6085",2021-05-15,"09","6  day ahead inc hosp",2021-05-21,"quantile",0.55,44.6313559322001
"6086",2021-05-15,"09","6  day ahead inc hosp",2021-05-21,"quantile",0.6,46.2340898481857
"6087",2021-05-15,"09","6  day ahead inc hosp",2021-05-21,"quantile",0.65,47.9356140536066
"6088",2021-05-15,"09","6  day ahead inc hosp",2021-05-21,"quantile",0.7,49.779145696462
"6089",2021-05-15,"09","6  day ahead inc hosp",2021-05-21,"quantile",0.75,51.8277246000027
"6090",2021-05-15,"09","6  day ahead inc hosp",2021-05-21,"quantile",0.8,54.1826222390906
"6091",2021-05-15,"09","6  day ahead inc hosp",2021-05-21,"quantile",0.85,57.0278202331404
"6092",2021-05-15,"09","6  day ahead inc hosp",2021-05-21,"quantile",0.9,60.7652153427074
"6093",2021-05-15,"09","6  day ahead inc hosp",2021-05-21,"quantile",0.95,66.638790738131
"6094",2021-05-15,"09","6  day ahead inc hosp",2021-05-21,"quantile",0.975,72.0693286023355
"6095",2021-05-15,"09","6  day ahead inc hosp",2021-05-21,"quantile",0.99,78.7934176975096
"6096",2021-05-15,"09","7  day ahead inc hosp",2021-05-22,"quantile",0.01,18.6196776460051
"6097",2021-05-15,"09","7  day ahead inc hosp",2021-05-22,"quantile",0.025,21.1775728532591
"6098",2021-05-15,"09","7  day ahead inc hosp",2021-05-22,"quantile",0.05,23.5807945867139
"6099",2021-05-15,"09","7  day ahead inc hosp",2021-05-22,"quantile",0.1,26.5991542179337
"6100",2021-05-15,"09","7  day ahead inc hosp",2021-05-22,"quantile",0.15,28.7932923611576
"6101",2021-05-15,"09","7  day ahead inc hosp",2021-05-22,"quantile",0.2,30.631742552982
"6102",2021-05-15,"09","7  day ahead inc hosp",2021-05-22,"quantile",0.25,32.2779364781368
"6103",2021-05-15,"09","7  day ahead inc hosp",2021-05-22,"quantile",0.3,33.8120223081343
"6104",2021-05-15,"09","7  day ahead inc hosp",2021-05-22,"quantile",0.35,35.2817975488662
"6105",2021-05-15,"09","7  day ahead inc hosp",2021-05-22,"quantile",0.4,36.7202875897527
"6106",2021-05-15,"09","7  day ahead inc hosp",2021-05-22,"quantile",0.45,38.1534803354241
"6107",2021-05-15,"09","7  day ahead inc hosp",2021-05-22,"quantile",0.5,39.6045127026317
"6108",2021-05-15,"09","7  day ahead inc hosp",2021-05-22,"quantile",0.55,41.096545427789
"6109",2021-05-15,"09","7  day ahead inc hosp",2021-05-22,"quantile",0.6,42.6553993015126
"6110",2021-05-15,"09","7  day ahead inc hosp",2021-05-22,"quantile",0.65,44.3127779798102
"6111",2021-05-15,"09","7  day ahead inc hosp",2021-05-22,"quantile",0.7,46.1111917251569
"6112",2021-05-15,"09","7  day ahead inc hosp",2021-05-22,"quantile",0.75,48.1127925225514
"6113",2021-05-15,"09","7  day ahead inc hosp",2021-05-22,"quantile",0.8,50.4175944562511
"6114",2021-05-15,"09","7  day ahead inc hosp",2021-05-22,"quantile",0.85,53.2075397816729
"6115",2021-05-15,"09","7  day ahead inc hosp",2021-05-22,"quantile",0.9,56.8805718920886
"6116",2021-05-15,"09","7  day ahead inc hosp",2021-05-22,"quantile",0.95,62.6703127351907
"6117",2021-05-15,"09","7  day ahead inc hosp",2021-05-22,"quantile",0.975,68.0404504330945
"6118",2021-05-15,"09","7  day ahead inc hosp",2021-05-22,"quantile",0.99,74.7102402307509
"6119",2021-05-15,"09","8  day ahead inc hosp",2021-05-23,"quantile",0.01,15.3905210878798
"6120",2021-05-15,"09","8  day ahead inc hosp",2021-05-23,"quantile",0.025,17.6875944612078
"6121",2021-05-15,"09","8  day ahead inc hosp",2021-05-23,"quantile",0.05,19.8609499421839
"6122",2021-05-15,"09","8  day ahead inc hosp",2021-05-23,"quantile",0.1,22.6086552958306
"6123",2021-05-15,"09","8  day ahead inc hosp",2021-05-23,"quantile",0.15,24.6171946954211
"6124",2021-05-15,"09","8  day ahead inc hosp",2021-05-23,"quantile",0.2,26.3066404102075
"6125",2021-05-15,"09","8  day ahead inc hosp",2021-05-23,"quantile",0.25,27.8240693097527
"6126",2021-05-15,"09","8  day ahead inc hosp",2021-05-23,"quantile",0.3,29.241871364403
"6127",2021-05-15,"09","8  day ahead inc hosp",2021-05-23,"quantile",0.35,30.6034102533747
"6128",2021-05-15,"09","8  day ahead inc hosp",2021-05-23,"quantile",0.4,31.9388213026077
"6129",2021-05-15,"09","8  day ahead inc hosp",2021-05-23,"quantile",0.45,33.2719878365681
"6130",2021-05-15,"09","8  day ahead inc hosp",2021-05-23,"quantile",0.5,34.6243428470489
"6131",2021-05-15,"09","8  day ahead inc hosp",2021-05-23,"quantile",0.55,36.0175101978946
"6132",2021-05-15,"09","8  day ahead inc hosp",2021-05-23,"quantile",0.6,37.4757626218226
"6133",2021-05-15,"09","8  day ahead inc hosp",2021-05-23,"quantile",0.65,39.0290639505037
"6134",2021-05-15,"09","8  day ahead inc hosp",2021-05-23,"quantile",0.7,40.7177511108601
"6135",2021-05-15,"09","8  day ahead inc hosp",2021-05-23,"quantile",0.75,42.6009661332503
"6136",2021-05-15,"09","8  day ahead inc hosp",2021-05-23,"quantile",0.8,44.7740776528049
"6137",2021-05-15,"09","8  day ahead inc hosp",2021-05-23,"quantile",0.85,47.410865988081
"6138",2021-05-15,"09","8  day ahead inc hosp",2021-05-23,"quantile",0.9,50.8920179731374
"6139",2021-05-15,"09","8  day ahead inc hosp",2021-05-23,"quantile",0.95,56.3998977706934
"6140",2021-05-15,"09","8  day ahead inc hosp",2021-05-23,"quantile",0.975,61.5289832302384
"6141",2021-05-15,"09","8  day ahead inc hosp",2021-05-23,"quantile",0.99,67.923826291295
"6142",2021-05-15,"09","9  day ahead inc hosp",2021-05-24,"quantile",0.01,14.9625280639863
"6143",2021-05-15,"09","9  day ahead inc hosp",2021-05-24,"quantile",0.025,17.2832957752506
"6144",2021-05-15,"09","9  day ahead inc hosp",2021-05-24,"quantile",0.05,19.4865959195554
"6145",2021-05-15,"09","9  day ahead inc hosp",2021-05-24,"quantile",0.1,22.2811053527477
"6146",2021-05-15,"09","9  day ahead inc hosp",2021-05-24,"quantile",0.15,24.3293788890753
"6147",2021-05-15,"09","9  day ahead inc hosp",2021-05-24,"quantile",0.2,26.0554662811522
"6148",2021-05-15,"09","9  day ahead inc hosp",2021-05-24,"quantile",0.25,27.6081097876264
"6149",2021-05-15,"09","9  day ahead inc hosp",2021-05-24,"quantile",0.3,29.0606502213865
"6150",2021-05-15,"09","9  day ahead inc hosp",2021-05-24,"quantile",0.35,30.4571176867453
"6151",2021-05-15,"09","9  day ahead inc hosp",2021-05-24,"quantile",0.4,31.8281977705828
"6152",2021-05-15,"09","9  day ahead inc hosp",2021-05-24,"quantile",0.45,33.1982948749741
"6153",2021-05-15,"09","9  day ahead inc hosp",2021-05-24,"quantile",0.5,34.589394224298
"6154",2021-05-15,"09","9  day ahead inc hosp",2021-05-24,"quantile",0.55,36.0237604319043
"6155",2021-05-15,"09","9  day ahead inc hosp",2021-05-24,"quantile",0.6,37.5264668272129
"6156",2021-05-15,"09","9  day ahead inc hosp",2021-05-24,"quantile",0.65,39.1285443375107
"6157",2021-05-15,"09","9  day ahead inc hosp",2021-05-24,"quantile",0.7,40.8718442511136
"6158",2021-05-15,"09","9  day ahead inc hosp",2021-05-24,"quantile",0.75,42.8178106592066
"6159",2021-05-15,"09","9  day ahead inc hosp",2021-05-24,"quantile",0.8,45.0656211185854
"6160",2021-05-15,"09","9  day ahead inc hosp",2021-05-24,"quantile",0.85,47.7961381878404
"6161",2021-05-15,"09","9  day ahead inc hosp",2021-05-24,"quantile",0.9,51.4058563483119
"6162",2021-05-15,"09","9  day ahead inc hosp",2021-05-24,"quantile",0.95,57.1273422618984
"6163",2021-05-15,"09","9  day ahead inc hosp",2021-05-24,"quantile",0.975,62.4654245692351
"6164",2021-05-15,"09","9  day ahead inc hosp",2021-05-24,"quantile",0.99,69.1329306507846
"6165",2021-05-15,"09","10  day ahead inc hosp",2021-05-25,"quantile",0.01,16.4184514971398
"6166",2021-05-15,"09","10  day ahead inc hosp",2021-05-25,"quantile",0.025,18.9774275483418
"6167",2021-05-15,"09","10  day ahead inc hosp",2021-05-25,"quantile",0.05,21.407946927142
"6168",2021-05-15,"09","10  day ahead inc hosp",2021-05-25,"quantile",0.1,24.4919134345185
"6169",2021-05-15,"09","10  day ahead inc hosp",2021-05-25,"quantile",0.15,26.753130350049
"6170",2021-05-15,"09","10  day ahead inc hosp",2021-05-25,"quantile",0.2,28.6591214941587
"6171",2021-05-15,"09","10  day ahead inc hosp",2021-05-25,"quantile",0.25,30.3739170985882
"6172",2021-05-15,"09","10  day ahead inc hosp",2021-05-25,"quantile",0.3,31.9784147309703
"6173",2021-05-15,"09","10  day ahead inc hosp",2021-05-25,"quantile",0.35,33.5211949857041
"6174",2021-05-15,"09","10  day ahead inc hosp",2021-05-25,"quantile",0.4,35.0361271997004
"6175",2021-05-15,"09","10  day ahead inc hosp",2021-05-25,"quantile",0.45,36.550159908727
"6176",2021-05-15,"09","10  day ahead inc hosp",2021-05-25,"quantile",0.5,38.0875822710187
"6177",2021-05-15,"09","10  day ahead inc hosp",2021-05-25,"quantile",0.55,39.6730039262724
"6178",2021-05-15,"09","10  day ahead inc hosp",2021-05-25,"quantile",0.6,41.3341505192576
"6179",2021-05-15,"09","10  day ahead inc hosp",2021-05-25,"quantile",0.65,43.1053465702664
"6180",2021-05-15,"09","10  day ahead inc hosp",2021-05-25,"quantile",0.7,45.032896341951
"6181",2021-05-15,"09","10  day ahead inc hosp",2021-05-25,"quantile",0.75,47.1847930234866
"6182",2021-05-15,"09","10  day ahead inc hosp",2021-05-25,"quantile",0.8,49.6707987061518
"6183",2021-05-15,"09","10  day ahead inc hosp",2021-05-25,"quantile",0.85,52.69109803852
"6184",2021-05-15,"09","10  day ahead inc hosp",2021-05-25,"quantile",0.9,56.6845854040225
"6185",2021-05-15,"09","10  day ahead inc hosp",2021-05-25,"quantile",0.95,63.0157900020691
"6186",2021-05-15,"09","10  day ahead inc hosp",2021-05-25,"quantile",0.975,68.9241529103421
"6187",2021-05-15,"09","10  day ahead inc hosp",2021-05-25,"quantile",0.99,76.3056672700769
"6188",2021-05-15,"09","11  day ahead inc hosp",2021-05-26,"quantile",0.01,13.7813648819367
"6189",2021-05-15,"09","11  day ahead inc hosp",2021-05-26,"quantile",0.025,16.0945601285932
"6190",2021-05-15,"09","11  day ahead inc hosp",2021-05-26,"quantile",0.05,18.3069307100592
"6191",2021-05-15,"09","11  day ahead inc hosp",2021-05-26,"quantile",0.1,21.1323426115525
"6192",2021-05-15,"09","11  day ahead inc hosp",2021-05-26,"quantile",0.15,23.2152706309551
"6193",2021-05-15,"09","11  day ahead inc hosp",2021-05-26,"quantile",0.2,24.9775782430656
"6194",2021-05-15,"09","11  day ahead inc hosp",2021-05-26,"quantile",0.25,26.5678308734186
"6195",2021-05-15,"09","11  day ahead inc hosp",2021-05-26,"quantile",0.3,28.0595683516964
"6196",2021-05-15,"09","11  day ahead inc hosp",2021-05-26,"quantile",0.35,29.4971529154363
"6197",2021-05-15,"09","11  day ahead inc hosp",2021-05-26,"quantile",0.4,30.9116934910973
"6198",2021-05-15,"09","11  day ahead inc hosp",2021-05-26,"quantile",0.45,32.3281183251824
"6199",2021-05-15,"09","11  day ahead inc hosp",2021-05-26,"quantile",0.5,33.7690706562534
"6200",2021-05-15,"09","11  day ahead inc hosp",2021-05-26,"quantile",0.55,35.2576649212941
"6201",2021-05-15,"09","11  day ahead inc hosp",2021-05-26,"quantile",0.6,36.8201096045394
"6202",2021-05-15,"09","11  day ahead inc hosp",2021-05-26,"quantile",0.65,38.489012740313
"6203",2021-05-15,"09","11  day ahead inc hosp",2021-05-26,"quantile",0.7,40.3085227877911
"6204",2021-05-15,"09","11  day ahead inc hosp",2021-05-26,"quantile",0.75,42.3436352261202
"6205",2021-05-15,"09","11  day ahead inc hosp",2021-05-26,"quantile",0.8,44.6994723840461
"6206",2021-05-15,"09","11  day ahead inc hosp",2021-05-26,"quantile",0.85,47.5680503360915
"6207",2021-05-15,"09","11  day ahead inc hosp",2021-05-26,"quantile",0.9,51.3709650429287
"6208",2021-05-15,"09","11  day ahead inc hosp",2021-05-26,"quantile",0.95,57.4212793713546
"6209",2021-05-15,"09","11  day ahead inc hosp",2021-05-26,"quantile",0.975,63.0885649661359
"6210",2021-05-15,"09","11  day ahead inc hosp",2021-05-26,"quantile",0.99,70.1941907903912
"6211",2021-05-15,"09","12  day ahead inc hosp",2021-05-27,"quantile",0.01,14.0037983375725
"6212",2021-05-15,"09","12  day ahead inc hosp",2021-05-27,"quantile",0.025,16.4072816631469
"6213",2021-05-15,"09","12  day ahead inc hosp",2021-05-27,"quantile",0.05,18.7109971665018
"6214",2021-05-15,"09","12  day ahead inc hosp",2021-05-27,"quantile",0.1,21.6590148683633
"6215",2021-05-15,"09","12  day ahead inc hosp",2021-05-27,"quantile",0.15,23.8360049808199
"6216",2021-05-15,"09","12  day ahead inc hosp",2021-05-27,"quantile",0.2,25.680041287517
"6217",2021-05-15,"09","12  day ahead inc hosp",2021-05-27,"quantile",0.25,27.3455795000044
"6218",2021-05-15,"09","12  day ahead inc hosp",2021-05-27,"quantile",0.3,28.9091636976987
"6219",2021-05-15,"09","12  day ahead inc hosp",2021-05-27,"quantile",0.35,30.4170344068756
"6220",2021-05-15,"09","12  day ahead inc hosp",2021-05-27,"quantile",0.4,31.9016772224994
"6221",2021-05-15,"09","12  day ahead inc hosp",2021-05-27,"quantile",0.45,33.3891814017438
"6222",2021-05-15,"09","12  day ahead inc hosp",2021-05-27,"quantile",0.5,34.9033019697473
"6223",2021-05-15,"09","12  day ahead inc hosp",2021-05-27,"quantile",0.55,36.4683442842234
"6224",2021-05-15,"09","12  day ahead inc hosp",2021-05-27,"quantile",0.6,38.1119211774894
"6225",2021-05-15,"09","12  day ahead inc hosp",2021-05-27,"quantile",0.65,39.8684398934458
"6226",2021-05-15,"09","12  day ahead inc hosp",2021-05-27,"quantile",0.7,41.7845360130089
"6227",2021-05-15,"09","12  day ahead inc hosp",2021-05-27,"quantile",0.75,43.9289202582264
"6228",2021-05-15,"09","12  day ahead inc hosp",2021-05-27,"quantile",0.8,46.4127877984106
"6229",2021-05-15,"09","12  day ahead inc hosp",2021-05-27,"quantile",0.85,49.4393416074816
"6230",2021-05-15,"09","12  day ahead inc hosp",2021-05-27,"quantile",0.9,53.4549368440562
"6231",2021-05-15,"09","12  day ahead inc hosp",2021-05-27,"quantile",0.95,59.8504974570547
"6232",2021-05-15,"09","12  day ahead inc hosp",2021-05-27,"quantile",0.975,65.847987148012
"6233",2021-05-15,"09","12  day ahead inc hosp",2021-05-27,"quantile",0.99,73.375806171455
"6234",2021-05-15,"09","13  day ahead inc hosp",2021-05-28,"quantile",0.01,14.4653924334456
"6235",2021-05-15,"09","13  day ahead inc hosp",2021-05-28,"quantile",0.025,16.9898623934078
"6236",2021-05-15,"09","13  day ahead inc hosp",2021-05-28,"quantile",0.05,19.4135393303544
"6237",2021-05-15,"09","13  day ahead inc hosp",2021-05-28,"quantile",0.1,22.5198342332543
"6238",2021-05-15,"09","13  day ahead inc hosp",2021-05-28,"quantile",0.15,24.8166495963478
"6239",2021-05-15,"09","13  day ahead inc hosp",2021-05-28,"quantile",0.2,26.7639032195174
"6240",2021-05-15,"09","13  day ahead inc hosp",2021-05-28,"quantile",0.25,28.5238980580485
"6241",2021-05-15,"09","13  day ahead inc hosp",2021-05-28,"quantile",0.3,30.1771382160033
"6242",2021-05-15,"09","13  day ahead inc hosp",2021-05-28,"quantile",0.35,31.7723095893998
"6243",2021-05-15,"09","13  day ahead inc hosp",2021-05-28,"quantile",0.4,33.3436636369789
"6244",2021-05-15,"09","13  day ahead inc hosp",2021-05-28,"quantile",0.45,34.9187543134176
"6245",2021-05-15,"09","13  day ahead inc hosp",2021-05-28,"quantile",0.5,36.5227162219837
"6246",2021-05-15,"09","13  day ahead inc hosp",2021-05-28,"quantile",0.55,38.1813111407876
"6247",2021-05-15,"09","13  day ahead inc hosp",2021-05-28,"quantile",0.6,39.923849725945
"6248",2021-05-15,"09","13  day ahead inc hosp",2021-05-28,"quantile",0.65,41.7868963177692
"6249",2021-05-15,"09","13  day ahead inc hosp",2021-05-28,"quantile",0.7,43.8200510616221
"6250",2021-05-15,"09","13  day ahead inc hosp",2021-05-28,"quantile",0.75,46.0964354041565
"6251",2021-05-15,"09","13  day ahead inc hosp",2021-05-28,"quantile",0.8,48.7344334776437
"6252",2021-05-15,"09","13  day ahead inc hosp",2021-05-28,"quantile",0.85,51.9504611248894
"6253",2021-05-15,"09","13  day ahead inc hosp",2021-05-28,"quantile",0.9,56.2200547106363
"6254",2021-05-15,"09","13  day ahead inc hosp",2021-05-28,"quantile",0.95,63.0256728413512
"6255",2021-05-15,"09","13  day ahead inc hosp",2021-05-28,"quantile",0.975,69.4131661210996
"6256",2021-05-15,"09","13  day ahead inc hosp",2021-05-28,"quantile",0.99,77.4370721180208
"6257",2021-05-15,"09","14  day ahead inc hosp",2021-05-29,"quantile",0.01,11.9372453447831
"6258",2021-05-15,"09","14  day ahead inc hosp",2021-05-29,"quantile",0.025,14.1833340847433
"6259",2021-05-15,"09","14  day ahead inc hosp",2021-05-29,"quantile",0.05,16.3564777251484
"6260",2021-05-15,"09","14  day ahead inc hosp",2021-05-29,"quantile",0.1,19.161717066383
"6261",2021-05-15,"09","14  day ahead inc hosp",2021-05-29,"quantile",0.15,21.2483553467496
"6262",2021-05-15,"09","14  day ahead inc hosp",2021-05-29,"quantile",0.2,23.0246933387316
"6263",2021-05-15,"09","14  day ahead inc hosp",2021-05-29,"quantile",0.25,24.6354282865045
"6264",2021-05-15,"09","14  day ahead inc hosp",2021-05-29,"quantile",0.3,26.1526322757115
"6265",2021-05-15,"09","14  day ahead inc hosp",2021-05-29,"quantile",0.35,27.6201175415749
"6266",2021-05-15,"09","14  day ahead inc hosp",2021-05-29,"quantile",0.4,29.0689110563433
"6267",2021-05-15,"09","14  day ahead inc hosp",2021-05-29,"quantile",0.45,30.52417137854
"6268",2021-05-15,"09","14  day ahead inc hosp",2021-05-29,"quantile",0.5,32.0090440590182
"6269",2021-05-15,"09","14  day ahead inc hosp",2021-05-29,"quantile",0.55,33.5474436460289
"6270",2021-05-15,"09","14  day ahead inc hosp",2021-05-29,"quantile",0.6,35.166763348297
"6271",2021-05-15,"09","14  day ahead inc hosp",2021-05-29,"quantile",0.65,36.9013525050473
"6272",2021-05-15,"09","14  day ahead inc hosp",2021-05-29,"quantile",0.7,38.7979808223632
"6273",2021-05-15,"09","14  day ahead inc hosp",2021-05-29,"quantile",0.75,40.925780346146
"6274",2021-05-15,"09","14  day ahead inc hosp",2021-05-29,"quantile",0.8,43.3968953027469
"6275",2021-05-15,"09","14  day ahead inc hosp",2021-05-29,"quantile",0.85,46.4166595208626
"6276",2021-05-15,"09","14  day ahead inc hosp",2021-05-29,"quantile",0.9,50.4369419151461
"6277",2021-05-15,"09","14  day ahead inc hosp",2021-05-29,"quantile",0.95,56.8690295727016
"6278",2021-05-15,"09","14  day ahead inc hosp",2021-05-29,"quantile",0.975,62.9296389113463
"6279",2021-05-15,"09","14  day ahead inc hosp",2021-05-29,"quantile",0.99,70.571449887896
"6280",2021-05-15,"09","15  day ahead inc hosp",2021-05-30,"quantile",0.01,9.74129964181953
"6281",2021-05-15,"09","15  day ahead inc hosp",2021-05-30,"quantile",0.025,11.8345816886633
"6282",2021-05-15,"09","15  day ahead inc hosp",2021-05-30,"quantile",0.05,13.8901418638551
"6283",2021-05-15,"09","15  day ahead inc hosp",2021-05-30,"quantile",0.1,16.5800943560265
"6284",2021-05-15,"09","15  day ahead inc hosp",2021-05-30,"quantile",0.15,18.6037223313803
"6285",2021-05-15,"09","15  day ahead inc hosp",2021-05-30,"quantile",0.2,20.3397876666546
"6286",2021-05-15,"09","15  day ahead inc hosp",2021-05-30,"quantile",0.25,21.9236259736276
"6287",2021-05-15,"09","15  day ahead inc hosp",2021-05-30,"quantile",0.3,23.4232018370026
"6288",2021-05-15,"09","15  day ahead inc hosp",2021-05-30,"quantile",0.35,24.8802524484007
"6289",2021-05-15,"09","15  day ahead inc hosp",2021-05-30,"quantile",0.4,26.3247186926925
"6290",2021-05-15,"09","15  day ahead inc hosp",2021-05-30,"quantile",0.45,27.7812509859278
"6291",2021-05-15,"09","15  day ahead inc hosp",2021-05-30,"quantile",0.5,29.272893654897
"6292",2021-05-15,"09","15  day ahead inc hosp",2021-05-30,"quantile",0.55,30.8238124760893
"6293",2021-05-15,"09","15  day ahead inc hosp",2021-05-30,"quantile",0.6,32.462029141107
"6294",2021-05-15,"09","15  day ahead inc hosp",2021-05-30,"quantile",0.65,34.223007235203
"6295",2021-05-15,"09","15  day ahead inc hosp",2021-05-30,"quantile",0.7,36.1553545790578
"6296",2021-05-15,"09","15  day ahead inc hosp",2021-05-30,"quantile",0.75,38.3312587699634
"6297",2021-05-15,"09","15  day ahead inc hosp",2021-05-30,"quantile",0.8,40.8682277917733
"6298",2021-05-15,"09","15  day ahead inc hosp",2021-05-30,"quantile",0.85,43.9820265909377
"6299",2021-05-15,"09","15  day ahead inc hosp",2021-05-30,"quantile",0.9,48.1487753661712
"6300",2021-05-15,"09","15  day ahead inc hosp",2021-05-30,"quantile",0.95,54.8604936488537
"6301",2021-05-15,"09","15  day ahead inc hosp",2021-05-30,"quantile",0.975,61.2297051802153
"6302",2021-05-15,"09","15  day ahead inc hosp",2021-05-30,"quantile",0.99,69.3151482480672
"6303",2021-05-15,"09","16  day ahead inc hosp",2021-05-31,"quantile",0.01,11.8737529182767
"6304",2021-05-15,"09","16  day ahead inc hosp",2021-05-31,"quantile",0.025,14.3747460504245
"6305",2021-05-15,"09","16  day ahead inc hosp",2021-05-31,"quantile",0.05,16.824945678489
"6306",2021-05-15,"09","16  day ahead inc hosp",2021-05-31,"quantile",0.1,20.0244734312388
"6307",2021-05-15,"09","16  day ahead inc hosp",2021-05-31,"quantile",0.15,22.4272057549114
"6308",2021-05-15,"09","16  day ahead inc hosp",2021-05-31,"quantile",0.2,24.486023431948
"6309",2021-05-15,"09","16  day ahead inc hosp",2021-05-31,"quantile",0.25,26.3625350138819
"6310",2021-05-15,"09","16  day ahead inc hosp",2021-05-31,"quantile",0.3,28.1377930959761
"6311",2021-05-15,"09","16  day ahead inc hosp",2021-05-31,"quantile",0.35,29.8614916524848
"6312",2021-05-15,"09","16  day ahead inc hosp",2021-05-31,"quantile",0.4,31.5692066266282
"6313",2021-05-15,"09","16  day ahead inc hosp",2021-05-31,"quantile",0.45,33.2901576776655
"6314",2021-05-15,"09","16  day ahead inc hosp",2021-05-31,"quantile",0.5,35.0515926274458
"6315",2021-05-15,"09","16  day ahead inc hosp",2021-05-31,"quantile",0.55,36.8820201486619
"6316",2021-05-15,"09","16  day ahead inc hosp",2021-05-31,"quantile",0.6,38.8144362064543
"6317",2021-05-15,"09","16  day ahead inc hosp",2021-05-31,"quantile",0.65,40.8905413601164
"6318",2021-05-15,"09","16  day ahead inc hosp",2021-05-31,"quantile",0.7,43.1674350407146
"6319",2021-05-15,"09","16  day ahead inc hosp",2021-05-31,"quantile",0.75,45.7298557681735
"6320",2021-05-15,"09","16  day ahead inc hosp",2021-05-31,"quantile",0.8,48.7156699238085
"6321",2021-05-15,"09","16  day ahead inc hosp",2021-05-31,"quantile",0.85,52.3779154985635
"6322",2021-05-15,"09","16  day ahead inc hosp",2021-05-31,"quantile",0.9,57.2747304213528
"6323",2021-05-15,"09","16  day ahead inc hosp",2021-05-31,"quantile",0.95,65.1542608330091
"6324",2021-05-15,"09","16  day ahead inc hosp",2021-05-31,"quantile",0.975,72.6235817428855
"6325",2021-05-15,"09","16  day ahead inc hosp",2021-05-31,"quantile",0.99,82.0958009878647
"6326",2021-05-15,"09","17  day ahead inc hosp",2021-06-01,"quantile",0.01,10.0203818238292
"6327",2021-05-15,"09","17  day ahead inc hosp",2021-06-01,"quantile",0.025,12.2996627547517
"6328",2021-05-15,"09","17  day ahead inc hosp",2021-06-01,"quantile",0.05,14.5532275181701
"6329",2021-05-15,"09","17  day ahead inc hosp",2021-06-01,"quantile",0.1,17.5208048162707
"6330",2021-05-15,"09","17  day ahead inc hosp",2021-06-01,"quantile",0.15,19.7647999121906
"6331",2021-05-15,"09","17  day ahead inc hosp",2021-06-01,"quantile",0.2,21.6966715173515
"6332",2021-05-15,"09","17  day ahead inc hosp",2021-06-01,"quantile",0.25,23.4640033843622
"6333",2021-05-15,"09","17  day ahead inc hosp",2021-06-01,"quantile",0.3,25.1411983445078
"6334",2021-05-15,"09","17  day ahead inc hosp",2021-06-01,"quantile",0.35,26.774166966696
"6335",2021-05-15,"09","17  day ahead inc hosp",2021-06-01,"quantile",0.4,28.3960433154123
"6336",2021-05-15,"09","17  day ahead inc hosp",2021-06-01,"quantile",0.45,30.0342989789641
"6337",2021-05-15,"09","17  day ahead inc hosp",2021-06-01,"quantile",0.5,31.7148024550908
"6338",2021-05-15,"09","17  day ahead inc hosp",2021-06-01,"quantile",0.55,33.4648602541501
"6339",2021-05-15,"09","17  day ahead inc hosp",2021-06-01,"quantile",0.6,35.3163054203546
"6340",2021-05-15,"09","17  day ahead inc hosp",2021-06-01,"quantile",0.65,37.309585906137
"6341",2021-05-15,"09","17  day ahead inc hosp",2021-06-01,"quantile",0.7,39.5002987979227
"6342",2021-05-15,"09","17  day ahead inc hosp",2021-06-01,"quantile",0.75,41.971177546675
"6343",2021-05-15,"09","17  day ahead inc hosp",2021-06-01,"quantile",0.8,44.857097357048
"6344",2021-05-15,"09","17  day ahead inc hosp",2021-06-01,"quantile",0.85,48.4060151963295
"6345",2021-05-15,"09","17  day ahead inc hosp",2021-06-01,"quantile",0.9,53.1657365452171
"6346",2021-05-15,"09","17  day ahead inc hosp",2021-06-01,"quantile",0.95,60.8554329297976
"6347",2021-05-15,"09","17  day ahead inc hosp",2021-06-01,"quantile",0.975,68.1754463509399
"6348",2021-05-15,"09","17  day ahead inc hosp",2021-06-01,"quantile",0.99,77.4953477947666
"6349",2021-05-15,"09","18  day ahead inc hosp",2021-06-02,"quantile",0.01,9.8335674238027
"6350",2021-05-15,"09","18  day ahead inc hosp",2021-06-02,"quantile",0.025,12.1493890310185
"6351",2021-05-15,"09","18  day ahead inc hosp",2021-06-02,"quantile",0.05,14.4490044099081
"6352",2021-05-15,"09","18  day ahead inc hosp",2021-06-02,"quantile",0.1,17.4891884159921
"6353",2021-05-15,"09","18  day ahead inc hosp",2021-06-02,"quantile",0.15,19.7955256500176
"6354",2021-05-15,"09","18  day ahead inc hosp",2021-06-02,"quantile",0.2,21.7854308623223
"6355",2021-05-15,"09","18  day ahead inc hosp",2021-06-02,"quantile",0.25,23.6089905364065
"6356",2021-05-15,"09","18  day ahead inc hosp",2021-06-02,"quantile",0.3,25.3420567641603
"6357",2021-05-15,"09","18  day ahead inc hosp",2021-06-02,"quantile",0.35,27.0315782431024
"6358",2021-05-15,"09","18  day ahead inc hosp",2021-06-02,"quantile",0.4,28.7115687688476
"6359",2021-05-15,"09","18  day ahead inc hosp",2021-06-02,"quantile",0.45,30.4103547385768
"6360",2021-05-15,"09","18  day ahead inc hosp",2021-06-02,"quantile",0.5,32.1547308364609
"6361",2021-05-15,"09","18  day ahead inc hosp",2021-06-02,"quantile",0.55,33.9730968463999
"6362",2021-05-15,"09","18  day ahead inc hosp",2021-06-02,"quantile",0.6,35.8986691319724
"6363",2021-05-15,"09","18  day ahead inc hosp",2021-06-02,"quantile",0.65,37.9737562043112
"6364",2021-05-15,"09","18  day ahead inc hosp",2021-06-02,"quantile",0.7,40.2566131295556
"6365",2021-05-15,"09","18  day ahead inc hosp",2021-06-02,"quantile",0.75,42.8340347733051
"6366",2021-05-15,"09","18  day ahead inc hosp",2021-06-02,"quantile",0.8,45.8476458398839
"6367",2021-05-15,"09","18  day ahead inc hosp",2021-06-02,"quantile",0.85,49.5580063920487
"6368",2021-05-15,"09","18  day ahead inc hosp",2021-06-02,"quantile",0.9,54.5411842704299
"6369",2021-05-15,"09","18  day ahead inc hosp",2021-06-02,"quantile",0.95,62.6066729935821
"6370",2021-05-15,"09","18  day ahead inc hosp",2021-06-02,"quantile",0.975,70.2991323651061
"6371",2021-05-15,"09","18  day ahead inc hosp",2021-06-02,"quantile",0.99,80.111018632404
"6372",2021-05-15,"09","19  day ahead inc hosp",2021-06-03,"quantile",0.01,8.8553108820195
"6373",2021-05-15,"09","19  day ahead inc hosp",2021-06-03,"quantile",0.025,11.0620903836289
"6374",2021-05-15,"09","19  day ahead inc hosp",2021-06-03,"quantile",0.05,13.2694632666864
"6375",2021-05-15,"09","19  day ahead inc hosp",2021-06-03,"quantile",0.1,16.2071011928054
"6376",2021-05-15,"09","19  day ahead inc hosp",2021-06-03,"quantile",0.15,18.4477342365765
"6377",2021-05-15,"09","19  day ahead inc hosp",2021-06-03,"quantile",0.2,20.3880521927007
"6378",2021-05-15,"09","19  day ahead inc hosp",2021-06-03,"quantile",0.25,22.1712833786688
"6379",2021-05-15,"09","19  day ahead inc hosp",2021-06-03,"quantile",0.3,23.8701203864735
"6380",2021-05-15,"09","19  day ahead inc hosp",2021-06-03,"quantile",0.35,25.5297926713617
"6381",2021-05-15,"09","19  day ahead inc hosp",2021-06-03,"quantile",0.4,27.1832831483235
"6382",2021-05-15,"09","19  day ahead inc hosp",2021-06-03,"quantile",0.45,28.8582657959954
"6383",2021-05-15,"09","19  day ahead inc hosp",2021-06-03,"quantile",0.5,30.5811168967369
"6384",2021-05-15,"09","19  day ahead inc hosp",2021-06-03,"quantile",0.55,32.3799816597498
"6385",2021-05-15,"09","19  day ahead inc hosp",2021-06-03,"quantile",0.6,34.2879560427888
"6386",2021-05-15,"09","19  day ahead inc hosp",2021-06-03,"quantile",0.65,36.3473625966572
"6387",2021-05-15,"09","19  day ahead inc hosp",2021-06-03,"quantile",0.7,38.6166393700401
"6388",2021-05-15,"09","19  day ahead inc hosp",2021-06-03,"quantile",0.75,41.1830267684891
"6389",2021-05-15,"09","19  day ahead inc hosp",2021-06-03,"quantile",0.8,44.1890864848627
"6390",2021-05-15,"09","19  day ahead inc hosp",2021-06-03,"quantile",0.85,47.8974222684917
"6391",2021-05-15,"09","19  day ahead inc hosp",2021-06-03,"quantile",0.9,52.8893112216618
"6392",2021-05-15,"09","19  day ahead inc hosp",2021-06-03,"quantile",0.95,60.993303563749
"6393",2021-05-15,"09","19  day ahead inc hosp",2021-06-03,"quantile",0.975,68.746821190873
"6394",2021-05-15,"09","19  day ahead inc hosp",2021-06-03,"quantile",0.99,78.6660315487304
"6395",2021-05-15,"09","20  day ahead inc hosp",2021-06-04,"quantile",0.01,9.62355734460775
"6396",2021-05-15,"09","20  day ahead inc hosp",2021-06-04,"quantile",0.025,12.0320805788466
"6397",2021-05-15,"09","20  day ahead inc hosp",2021-06-04,"quantile",0.05,14.442612941032
"6398",2021-05-15,"09","20  day ahead inc hosp",2021-06-04,"quantile",0.1,17.6522652703962
"6399",2021-05-15,"09","20  day ahead inc hosp",2021-06-04,"quantile",0.15,20.1013942525995
"6400",2021-05-15,"09","20  day ahead inc hosp",2021-06-04,"quantile",0.2,22.2228621070764
"6401",2021-05-15,"09","20  day ahead inc hosp",2021-06-04,"quantile",0.25,24.1730081071124
"6402",2021-05-15,"09","20  day ahead inc hosp",2021-06-04,"quantile",0.3,26.0312052446461
"6403",2021-05-15,"09","20  day ahead inc hosp",2021-06-04,"quantile",0.35,27.8468597485044
"6404",2021-05-15,"09","20  day ahead inc hosp",2021-06-04,"quantile",0.4,29.6560187082271
"6405",2021-05-15,"09","20  day ahead inc hosp",2021-06-04,"quantile",0.45,31.4889445734889
"6406",2021-05-15,"09","20  day ahead inc hosp",2021-06-04,"quantile",0.5,33.3744974954272
"6407",2021-05-15,"09","20  day ahead inc hosp",2021-06-04,"quantile",0.55,35.3434889745073
"6408",2021-05-15,"09","20  day ahead inc hosp",2021-06-04,"quantile",0.6,37.4321650493405
"6409",2021-05-15,"09","20  day ahead inc hosp",2021-06-04,"quantile",0.65,39.6868904419484
"6410",2021-05-15,"09","20  day ahead inc hosp",2021-06-04,"quantile",0.7,42.1716980996014
"6411",2021-05-15,"09","20  day ahead inc hosp",2021-06-04,"quantile",0.75,44.9821952003652
"6412",2021-05-15,"09","20  day ahead inc hosp",2021-06-04,"quantile",0.8,48.2746331919818
"6413",2021-05-15,"09","20  day ahead inc hosp",2021-06-04,"quantile",0.85,52.3368594125423
"6414",2021-05-15,"09","20  day ahead inc hosp",2021-06-04,"quantile",0.9,57.8060855404261
"6415",2021-05-15,"09","20  day ahead inc hosp",2021-06-04,"quantile",0.95,66.6870424697981
"6416",2021-05-15,"09","20  day ahead inc hosp",2021-06-04,"quantile",0.975,75.1859557010259
"6417",2021-05-15,"09","20  day ahead inc hosp",2021-06-04,"quantile",0.99,86.0612205900632
"6418",2021-05-15,"09","21  day ahead inc hosp",2021-06-05,"quantile",0.01,8.13782150638179
"6419",2021-05-15,"09","21  day ahead inc hosp",2021-06-05,"quantile",0.025,10.3249581904886
"6420",2021-05-15,"09","21  day ahead inc hosp",2021-06-05,"quantile",0.05,12.5351913981399
"6421",2021-05-15,"09","21  day ahead inc hosp",2021-06-05,"quantile",0.1,15.5039810951981
"6422",2021-05-15,"09","21  day ahead inc hosp",2021-06-05,"quantile",0.15,17.7854569463099
"6423",2021-05-15,"09","21  day ahead inc hosp",2021-06-05,"quantile",0.2,19.7711995062097
"6424",2021-05-15,"09","21  day ahead inc hosp",2021-06-05,"quantile",0.25,21.6034294934921
"6425",2021-05-15,"09","21  day ahead inc hosp",2021-06-05,"quantile",0.3,23.3547657519354
"6426",2021-05-15,"09","21  day ahead inc hosp",2021-06-05,"quantile",0.35,25.0707315663113
"6427",2021-05-15,"09","21  day ahead inc hosp",2021-06-05,"quantile",0.4,26.7848331188616
"6428",2021-05-15,"09","21  day ahead inc hosp",2021-06-05,"quantile",0.45,28.5254792829258
"6429",2021-05-15,"09","21  day ahead inc hosp",2021-06-05,"quantile",0.5,30.3200307198884
"6430",2021-05-15,"09","21  day ahead inc hosp",2021-06-05,"quantile",0.55,32.1979514763135
"6431",2021-05-15,"09","21  day ahead inc hosp",2021-06-05,"quantile",0.6,34.1941392266981
"6432",2021-05-15,"09","21  day ahead inc hosp",2021-06-05,"quantile",0.65,36.353456707301
"6433",2021-05-15,"09","21  day ahead inc hosp",2021-06-05,"quantile",0.7,38.7380801808777
"6434",2021-05-15,"09","21  day ahead inc hosp",2021-06-05,"quantile",0.75,41.4410750882335
"6435",2021-05-15,"09","21  day ahead inc hosp",2021-06-05,"quantile",0.8,44.614820155347
"6436",2021-05-15,"09","21  day ahead inc hosp",2021-06-05,"quantile",0.85,48.5404596631927
"6437",2021-05-15,"09","21  day ahead inc hosp",2021-06-05,"quantile",0.9,53.8413047708302
"6438",2021-05-15,"09","21  day ahead inc hosp",2021-06-05,"quantile",0.95,62.4820301430971
"6439",2021-05-15,"09","21  day ahead inc hosp",2021-06-05,"quantile",0.975,70.7841890265467
"6440",2021-05-15,"09","21  day ahead inc hosp",2021-06-05,"quantile",0.99,81.4478522296705
"6441",2021-05-15,"09","22  day ahead inc hosp",2021-06-06,"quantile",0.01,6.02380556472715
"6442",2021-05-15,"09","22  day ahead inc hosp",2021-06-06,"quantile",0.025,7.82570011558277
"6443",2021-05-15,"09","22  day ahead inc hosp",2021-06-06,"quantile",0.05,9.67508218944974
"6444",2021-05-15,"09","22  day ahead inc hosp",2021-06-06,"quantile",0.1,12.1939758004224
"6445",2021-05-15,"09","22  day ahead inc hosp",2021-06-06,"quantile",0.15,14.1515421362535
"6446",2021-05-15,"09","22  day ahead inc hosp",2021-06-06,"quantile",0.2,15.8682538327759
"6447",2021-05-15,"09","22  day ahead inc hosp",2021-06-06,"quantile",0.25,17.4615713883677
"6448",2021-05-15,"09","22  day ahead inc hosp",2021-06-06,"quantile",0.3,18.9920384428719
"6449",2021-05-15,"09","22  day ahead inc hosp",2021-06-06,"quantile",0.35,20.4980534038576
"6450",2021-05-15,"09","22  day ahead inc hosp",2021-06-06,"quantile",0.4,22.0082836455485
"6451",2021-05-15,"09","22  day ahead inc hosp",2021-06-06,"quantile",0.45,23.5474219503967
"6452",2021-05-15,"09","22  day ahead inc hosp",2021-06-06,"quantile",0.5,25.1396185826595
"6453",2021-05-15,"09","22  day ahead inc hosp",2021-06-06,"quantile",0.55,26.8112263272411
"6454",2021-05-15,"09","22  day ahead inc hosp",2021-06-06,"quantile",0.6,28.593779239919
"6455",2021-05-15,"09","22  day ahead inc hosp",2021-06-06,"quantile",0.65,30.5281174810763
"6456",2021-05-15,"09","22  day ahead inc hosp",2021-06-06,"quantile",0.7,32.6711369206724
"6457",2021-05-15,"09","22  day ahead inc hosp",2021-06-06,"quantile",0.75,35.108312318913
"6458",2021-05-15,"09","22  day ahead inc hosp",2021-06-06,"quantile",0.8,37.9799786545423
"6459",2021-05-15,"09","22  day ahead inc hosp",2021-06-06,"quantile",0.85,41.5456545561307
"6460",2021-05-15,"09","22  day ahead inc hosp",2021-06-06,"quantile",0.9,46.382013338281
"6461",2021-05-15,"09","22  day ahead inc hosp",2021-06-06,"quantile",0.95,54.3118847920454
"6462",2021-05-15,"09","22  day ahead inc hosp",2021-06-06,"quantile",0.975,61.9773848140189
"6463",2021-05-15,"09","22  day ahead inc hosp",2021-06-06,"quantile",0.99,71.8796081288522
"6464",2021-05-15,"09","23  day ahead inc hosp",2021-06-07,"quantile",0.01,5.61604360383765
"6465",2021-05-15,"09","23  day ahead inc hosp",2021-06-07,"quantile",0.025,7.36988098633085
"6466",2021-05-15,"09","23  day ahead inc hosp",2021-06-07,"quantile",0.05,9.18182513153531
"6467",2021-05-15,"09","23  day ahead inc hosp",2021-06-07,"quantile",0.1,11.664244246386
"6468",2021-05-15,"09","23  day ahead inc hosp",2021-06-07,"quantile",0.15,13.6025479128997
"6469",2021-05-15,"09","23  day ahead inc hosp",2021-06-07,"quantile",0.2,15.3077204340397
"6470",2021-05-15,"09","23  day ahead inc hosp",2021-06-07,"quantile",0.25,16.8941940959772
"6471",2021-05-15,"09","23  day ahead inc hosp",2021-06-07,"quantile",0.3,18.4211937144086
"6472",2021-05-15,"09","23  day ahead inc hosp",2021-06-07,"quantile",0.35,19.9264716404679
"6473",2021-05-15,"09","23  day ahead inc hosp",2021-06-07,"quantile",0.4,21.4383856417891
"6474",2021-05-15,"09","23  day ahead inc hosp",2021-06-07,"quantile",0.45,22.981524997202
"6475",2021-05-15,"09","23  day ahead inc hosp",2021-06-07,"quantile",0.5,24.580092373209
"6476",2021-05-15,"09","23  day ahead inc hosp",2021-06-07,"quantile",0.55,26.2606401120709
"6477",2021-05-15,"09","23  day ahead inc hosp",2021-06-07,"quantile",0.6,28.0550719626906
"6478",2021-05-15,"09","23  day ahead inc hosp",2021-06-07,"quantile",0.65,30.0048288309732
"6479",2021-05-15,"09","23  day ahead inc hosp",2021-06-07,"quantile",0.7,32.1677622939792
"6480",2021-05-15,"09","23  day ahead inc hosp",2021-06-07,"quantile",0.75,34.6309092178339
"6481",2021-05-15,"09","23  day ahead inc hosp",2021-06-07,"quantile",0.8,37.5373252950027
"6482",2021-05-15,"09","23  day ahead inc hosp",2021-06-07,"quantile",0.85,41.1518036906727
"6483",2021-05-15,"09","23  day ahead inc hosp",2021-06-07,"quantile",0.9,46.0632757180845
"6484",2021-05-15,"09","23  day ahead inc hosp",2021-06-07,"quantile",0.95,54.135448288243
"6485",2021-05-15,"09","23  day ahead inc hosp",2021-06-07,"quantile",0.975,61.9576597851588
"6486",2021-05-15,"09","23  day ahead inc hosp",2021-06-07,"quantile",0.99,72.0855876854816
"6487",2021-05-15,"09","24  day ahead inc hosp",2021-06-08,"quantile",0.01,6.24733682440436
"6488",2021-05-15,"09","24  day ahead inc hosp",2021-06-08,"quantile",0.025,8.18549486797077
"6489",2021-05-15,"09","24  day ahead inc hosp",2021-06-08,"quantile",0.05,10.1858227453886
"6490",2021-05-15,"09","24  day ahead inc hosp",2021-06-08,"quantile",0.1,12.9238447202112
"6491",2021-05-15,"09","24  day ahead inc hosp",2021-06-08,"quantile",0.15,15.0601737179615
"6492",2021-05-15,"09","24  day ahead inc hosp",2021-06-08,"quantile",0.2,16.9386411112506
"6493",2021-05-15,"09","24  day ahead inc hosp",2021-06-08,"quantile",0.25,18.6856882775147
"6494",2021-05-15,"09","24  day ahead inc hosp",2021-06-08,"quantile",0.3,20.3667135541839
"6495",2021-05-15,"09","24  day ahead inc hosp",2021-06-08,"quantile",0.35,22.0233716827145
"6496",2021-05-15,"09","24  day ahead inc hosp",2021-06-08,"quantile",0.4,23.68692199597
"6497",2021-05-15,"09","24  day ahead inc hosp",2021-06-08,"quantile",0.45,25.3844418047163
"6498",2021-05-15,"09","24  day ahead inc hosp",2021-06-08,"quantile",0.5,27.1425565353731
"6499",2021-05-15,"09","24  day ahead inc hosp",2021-06-08,"quantile",0.55,28.9904524004804
"6500",2021-05-15,"09","24  day ahead inc hosp",2021-06-08,"quantile",0.6,30.9631758011118
"6501",2021-05-15,"09","24  day ahead inc hosp",2021-06-08,"quantile",0.65,33.1062292671912
"6502",2021-05-15,"09","24  day ahead inc hosp",2021-06-08,"quantile",0.7,35.4831145001348
"6503",2021-05-15,"09","24  day ahead inc hosp",2021-06-08,"quantile",0.75,38.18934773099
"6504",2021-05-15,"09","24  day ahead inc hosp",2021-06-08,"quantile",0.8,41.3818953713287
"6505",2021-05-15,"09","24  day ahead inc hosp",2021-06-08,"quantile",0.85,45.3512582277522
"6506",2021-05-15,"09","24  day ahead inc hosp",2021-06-08,"quantile",0.9,50.7434541124376
"6507",2021-05-15,"09","24  day ahead inc hosp",2021-06-08,"quantile",0.95,59.6024851390428
"6508",2021-05-15,"09","24  day ahead inc hosp",2021-06-08,"quantile",0.975,68.183963207236
"6509",2021-05-15,"09","24  day ahead inc hosp",2021-06-08,"quantile",0.99,79.2910485951075
"6510",2021-05-15,"09","25  day ahead inc hosp",2021-06-09,"quantile",0.01,5.27070978385789
"6511",2021-05-15,"09","25  day ahead inc hosp",2021-06-09,"quantile",0.025,7.0226700336001
"6512",2021-05-15,"09","25  day ahead inc hosp",2021-06-09,"quantile",0.05,8.85067433519434
"6513",2021-05-15,"09","25  day ahead inc hosp",2021-06-09,"quantile",0.1,11.3771696144005
"6514",2021-05-15,"09","25  day ahead inc hosp",2021-06-09,"quantile",0.15,13.3637360188999
"6515",2021-05-15,"09","25  day ahead inc hosp",2021-06-09,"quantile",0.2,15.1195438450451
"6516",2021-05-15,"09","25  day ahead inc hosp",2021-06-09,"quantile",0.25,16.7590422341645
"6517",2021-05-15,"09","25  day ahead inc hosp",2021-06-09,"quantile",0.3,18.3418373681353
"6518",2021-05-15,"09","25  day ahead inc hosp",2021-06-09,"quantile",0.35,19.9062193671781
"6519",2021-05-15,"09","25  day ahead inc hosp",2021-06-09,"quantile",0.4,21.4812173756604
"6520",2021-05-15,"09","25  day ahead inc hosp",2021-06-09,"quantile",0.45,23.0922547620793
"6521",2021-05-15,"09","25  day ahead inc hosp",2021-06-09,"quantile",0.5,24.7645913328017
"6522",2021-05-15,"09","25  day ahead inc hosp",2021-06-09,"quantile",0.55,26.5261570970488
"6523",2021-05-15,"09","25  day ahead inc hosp",2021-06-09,"quantile",0.6,28.4107107847973
"6524",2021-05-15,"09","25  day ahead inc hosp",2021-06-09,"quantile",0.65,30.4622884911992
"6525",2021-05-15,"09","25  day ahead inc hosp",2021-06-09,"quantile",0.7,32.7425456052765
"6526",2021-05-15,"09","25  day ahead inc hosp",2021-06-09,"quantile",0.75,35.3444346834353
"6527",2021-05-15,"09","25  day ahead inc hosp",2021-06-09,"quantile",0.8,38.4209738538903
"6528",2021-05-15,"09","25  day ahead inc hosp",2021-06-09,"quantile",0.85,42.2557717144878
"6529",2021-05-15,"09","25  day ahead inc hosp",2021-06-09,"quantile",0.9,47.48044116626
"6530",2021-05-15,"09","25  day ahead inc hosp",2021-06-09,"quantile",0.95,56.0970750884098
"6531",2021-05-15,"09","25  day ahead inc hosp",2021-06-09,"quantile",0.975,64.4766588233823
"6532",2021-05-15,"09","25  day ahead inc hosp",2021-06-09,"quantile",0.99,75.3624691864969
"6533",2021-05-15,"09","26  day ahead inc hosp",2021-06-10,"quantile",0.01,5.64309248450083
"6534",2021-05-15,"09","26  day ahead inc hosp",2021-06-10,"quantile",0.025,7.52302713827255
"6535",2021-05-15,"09","26  day ahead inc hosp",2021-06-10,"quantile",0.05,9.48527154974681
"6536",2021-05-15,"09","26  day ahead inc hosp",2021-06-10,"quantile",0.1,12.1981698817961
"6537",2021-05-15,"09","26  day ahead inc hosp",2021-06-10,"quantile",0.15,14.3318470150993
"6538",2021-05-15,"09","26  day ahead inc hosp",2021-06-10,"quantile",0.2,16.2179971558969
"6539",2021-05-15,"09","26  day ahead inc hosp",2021-06-10,"quantile",0.25,17.9794345851475
"6540",2021-05-15,"09","26  day ahead inc hosp",2021-06-10,"quantile",0.3,19.6801369894184
"6541",2021-05-15,"09","26  day ahead inc hosp",2021-06-10,"quantile",0.35,21.3612144238496
"6542",2021-05-15,"09","26  day ahead inc hosp",2021-06-10,"quantile",0.4,23.0538445412388
"6543",2021-05-15,"09","26  day ahead inc hosp",2021-06-10,"quantile",0.45,24.7853422724579
"6544",2021-05-15,"09","26  day ahead inc hosp",2021-06-10,"quantile",0.5,26.5828560415143
"6545",2021-05-15,"09","26  day ahead inc hosp",2021-06-10,"quantile",0.55,28.4764125619427
"6546",2021-05-15,"09","26  day ahead inc hosp",2021-06-10,"quantile",0.6,30.5023125140893
"6547",2021-05-15,"09","26  day ahead inc hosp",2021-06-10,"quantile",0.65,32.7079149192611
"6548",2021-05-15,"09","26  day ahead inc hosp",2021-06-10,"quantile",0.7,35.1595345468692
"6549",2021-05-15,"09","26  day ahead inc hosp",2021-06-10,"quantile",0.75,37.9571558774816
"6550",2021-05-15,"09","26  day ahead inc hosp",2021-06-10,"quantile",0.8,41.2653821276785
"6551",2021-05-15,"09","26  day ahead inc hosp",2021-06-10,"quantile",0.85,45.3893084670349
"6552",2021-05-15,"09","26  day ahead inc hosp",2021-06-10,"quantile",0.9,51.0084317474974
"6553",2021-05-15,"09","26  day ahead inc hosp",2021-06-10,"quantile",0.95,60.2767558033347
"6554",2021-05-15,"09","26  day ahead inc hosp",2021-06-10,"quantile",0.975,69.291250828293
"6555",2021-05-15,"09","26  day ahead inc hosp",2021-06-10,"quantile",0.99,81.0032633489602
"6556",2021-05-15,"09","27  day ahead inc hosp",2021-06-11,"quantile",0.01,5.5620260034373
"6557",2021-05-15,"09","27  day ahead inc hosp",2021-06-11,"quantile",0.025,7.4608119468783
"6558",2021-05-15,"09","27  day ahead inc hosp",2021-06-11,"quantile",0.05,9.45067908905579
"6559",2021-05-15,"09","27  day ahead inc hosp",2021-06-11,"quantile",0.1,12.2115036704225
"6560",2021-05-15,"09","27  day ahead inc hosp",2021-06-11,"quantile",0.15,14.3889725677327
"6561",2021-05-15,"09","27  day ahead inc hosp",2021-06-11,"quantile",0.2,16.3174304660585
"6562",2021-05-15,"09","27  day ahead inc hosp",2021-06-11,"quantile",0.25,18.1209773251311
"6563",2021-05-15,"09","27  day ahead inc hosp",2021-06-11,"quantile",0.3,19.8644274474778
"6564",2021-05-15,"09","27  day ahead inc hosp",2021-06-11,"quantile",0.35,21.5895606375834
"6565",2021-05-15,"09","27  day ahead inc hosp",2021-06-11,"quantile",0.4,23.3281820256267
"6566",2021-05-15,"09","27  day ahead inc hosp",2021-06-11,"quantile",0.45,25.108268135313
"6567",2021-05-15,"09","27  day ahead inc hosp",2021-06-11,"quantile",0.5,26.9577289373566
"6568",2021-05-15,"09","27  day ahead inc hosp",2021-06-11,"quantile",0.55,28.9075286081449
"6569",2021-05-15,"09","27  day ahead inc hosp",2021-06-11,"quantile",0.6,30.9951878275946
"6570",2021-05-15,"09","27  day ahead inc hosp",2021-06-11,"quantile",0.65,33.2697375399463
"6571",2021-05-15,"09","27  day ahead inc hosp",2021-06-11,"quantile",0.7,35.7999117312242
"6572",2021-05-15,"09","27  day ahead inc hosp",2021-06-11,"quantile",0.75,38.6894257483233
"6573",2021-05-15,"09","27  day ahead inc hosp",2021-06-11,"quantile",0.8,42.1091285996187
"6574",2021-05-15,"09","27  day ahead inc hosp",2021-06-11,"quantile",0.85,46.3758554833656
"6575",2021-05-15,"09","27  day ahead inc hosp",2021-06-11,"quantile",0.9,52.1956147683998
"6576",2021-05-15,"09","27  day ahead inc hosp",2021-06-11,"quantile",0.95,61.8079062281303
"6577",2021-05-15,"09","27  day ahead inc hosp",2021-06-11,"quantile",0.975,71.1700040912396
"6578",2021-05-15,"09","27  day ahead inc hosp",2021-06-11,"quantile",0.99,83.3495153396753
"6579",2021-05-15,"09","28  day ahead inc hosp",2021-06-12,"quantile",0.01,5.05583586868257
"6580",2021-05-15,"09","28  day ahead inc hosp",2021-06-12,"quantile",0.025,6.86372409595919
"6581",2021-05-15,"09","28  day ahead inc hosp",2021-06-12,"quantile",0.05,8.7731180858473
"6582",2021-05-15,"09","28  day ahead inc hosp",2021-06-12,"quantile",0.1,11.4404718832155
"6583",2021-05-15,"09","28  day ahead inc hosp",2021-06-12,"quantile",0.15,13.5556347479135
"6584",2021-05-15,"09","28  day ahead inc hosp",2021-06-12,"quantile",0.2,15.4356561623639
"6585",2021-05-15,"09","28  day ahead inc hosp",2021-06-12,"quantile",0.25,17.1987849739223
"6586",2021-05-15,"09","28  day ahead inc hosp",2021-06-12,"quantile",0.3,18.9070938369882
"6587",2021-05-15,"09","28  day ahead inc hosp",2021-06-12,"quantile",0.35,20.60084511964
"6588",2021-05-15,"09","28  day ahead inc hosp",2021-06-12,"quantile",0.4,22.3109148869118
"6589",2021-05-15,"09","28  day ahead inc hosp",2021-06-12,"quantile",0.45,24.0646736629911
"6590",2021-05-15,"09","28  day ahead inc hosp",2021-06-12,"quantile",0.5,25.8896227519735
"6591",2021-05-15,"09","28  day ahead inc hosp",2021-06-12,"quantile",0.55,27.8164518110611
"6592",2021-05-15,"09","28  day ahead inc hosp",2021-06-12,"quantile",0.6,29.8825114573
"6593",2021-05-15,"09","28  day ahead inc hosp",2021-06-12,"quantile",0.65,32.1367609147068
"6594",2021-05-15,"09","28  day ahead inc hosp",2021-06-12,"quantile",0.7,34.6479801554868
"6595",2021-05-15,"09","28  day ahead inc hosp",2021-06-12,"quantile",0.75,37.5201106246941
"6596",2021-05-15,"09","28  day ahead inc hosp",2021-06-12,"quantile",0.8,40.9245694270914
"6597",2021-05-15,"09","28  day ahead inc hosp",2021-06-12,"quantile",0.85,45.1795546770598
"6598",2021-05-15,"09","28  day ahead inc hosp",2021-06-12,"quantile",0.9,50.9948049187245
"6599",2021-05-15,"09","28  day ahead inc hosp",2021-06-12,"quantile",0.95,60.6244252196096
"6600",2021-05-15,"09","28  day ahead inc hosp",2021-06-12,"quantile",0.975,70.0282488781732
"6601",2021-05-15,"09","28  day ahead inc hosp",2021-06-12,"quantile",0.99,82.2923019970634
"6602",2021-05-15,"09","29  day ahead inc hosp",2021-06-13,"quantile",0.01,3.70581450385131
"6603",2021-05-15,"09","29  day ahead inc hosp",2021-06-13,"quantile",0.025,5.24476762237721
"6604",2021-05-15,"09","29  day ahead inc hosp",2021-06-13,"quantile",0.05,6.91422129526293
"6605",2021-05-15,"09","29  day ahead inc hosp",2021-06-13,"quantile",0.1,9.30139566952796
"6606",2021-05-15,"09","29  day ahead inc hosp",2021-06-13,"quantile",0.15,11.2292785116563
"6607",2021-05-15,"09","29  day ahead inc hosp",2021-06-13,"quantile",0.2,12.9636264881239
"6608",2021-05-15,"09","29  day ahead inc hosp",2021-06-13,"quantile",0.25,14.605270119307
"6609",2021-05-15,"09","29  day ahead inc hosp",2021-06-13,"quantile",0.3,16.2081100099761
"6610",2021-05-15,"09","29  day ahead inc hosp",2021-06-13,"quantile",0.35,17.8078904114313
"6611",2021-05-15,"09","29  day ahead inc hosp",2021-06-13,"quantile",0.4,19.4327335188354
"6612",2021-05-15,"09","29  day ahead inc hosp",2021-06-13,"quantile",0.45,21.1082321094749
"6613",2021-05-15,"09","29  day ahead inc hosp",2021-06-13,"quantile",0.5,22.8607145132887
"6614",2021-05-15,"09","29  day ahead inc hosp",2021-06-13,"quantile",0.55,24.7201195493641
"6615",2021-05-15,"09","29  day ahead inc hosp",2021-06-13,"quantile",0.6,26.7233904107803
"6616",2021-05-15,"09","29  day ahead inc hosp",2021-06-13,"quantile",0.65,28.9194212924603
"6617",2021-05-15,"09","29  day ahead inc hosp",2021-06-13,"quantile",0.7,31.3773590128003
"6618",2021-05-15,"09","29  day ahead inc hosp",2021-06-13,"quantile",0.75,34.2021928591239
"6619",2021-05-15,"09","29  day ahead inc hosp",2021-06-13,"quantile",0.8,37.56769045628
"6620",2021-05-15,"09","29  day ahead inc hosp",2021-06-13,"quantile",0.85,41.7974093950661
"6621",2021-05-15,"09","29  day ahead inc hosp",2021-06-13,"quantile",0.9,47.6152988715164
"6622",2021-05-15,"09","29  day ahead inc hosp",2021-06-13,"quantile",0.95,57.3296925454055
"6623",2021-05-15,"09","29  day ahead inc hosp",2021-06-13,"quantile",0.975,66.8972966507715
"6624",2021-05-15,"09","29  day ahead inc hosp",2021-06-13,"quantile",0.99,79.4740439769887
"6625",2021-05-15,"09","30  day ahead inc hosp",2021-06-14,"quantile",0.01,4.20399759711551
"6626",2021-05-15,"09","30  day ahead inc hosp",2021-06-14,"quantile",0.025,5.93605809126442
"6627",2021-05-15,"09","30  day ahead inc hosp",2021-06-14,"quantile",0.05,7.81220867824007
"6628",2021-05-15,"09","30  day ahead inc hosp",2021-06-14,"quantile",0.1,10.4915031381137
"6629",2021-05-15,"09","30  day ahead inc hosp",2021-06-14,"quantile",0.15,12.6531440454767
"6630",2021-05-15,"09","30  day ahead inc hosp",2021-06-14,"quantile",0.2,14.5965089536902
"6631",2021-05-15,"09","30  day ahead inc hosp",2021-06-14,"quantile",0.25,16.4350740612694
"6632",2021-05-15,"09","30  day ahead inc hosp",2021-06-14,"quantile",0.3,18.2294370034422
"6633",2021-05-15,"09","30  day ahead inc hosp",2021-06-14,"quantile",0.35,20.0197327647732
"6634",2021-05-15,"09","30  day ahead inc hosp",2021-06-14,"quantile",0.4,21.8374928849646
"6635",2021-05-15,"09","30  day ahead inc hosp",2021-06-14,"quantile",0.45,23.7113716182313
"6636",2021-05-15,"09","30  day ahead inc hosp",2021-06-14,"quantile",0.5,25.6708095285592
"6637",2021-05-15,"09","30  day ahead inc hosp",2021-06-14,"quantile",0.55,27.7492512712841
"6638",2021-05-15,"09","30  day ahead inc hosp",2021-06-14,"quantile",0.6,29.9879364491744
"6639",2021-05-15,"09","30  day ahead inc hosp",2021-06-14,"quantile",0.65,32.4414183648475
"6640",2021-05-15,"09","30  day ahead inc hosp",2021-06-14,"quantile",0.7,35.1868205951659
"6641",2021-05-15,"09","30  day ahead inc hosp",2021-06-14,"quantile",0.75,38.3412154969232
"6642",2021-05-15,"09","30  day ahead inc hosp",2021-06-14,"quantile",0.8,42.0983333104929
"6643",2021-05-15,"09","30  day ahead inc hosp",2021-06-14,"quantile",0.85,46.8188442153921
"6644",2021-05-15,"09","30  day ahead inc hosp",2021-06-14,"quantile",0.9,53.3096033467117
"6645",2021-05-15,"09","30  day ahead inc hosp",2021-06-14,"quantile",0.95,64.1427577484685
"6646",2021-05-15,"09","30  day ahead inc hosp",2021-06-14,"quantile",0.975,74.8074377610637
"6647",2021-05-15,"09","30  day ahead inc hosp",2021-06-14,"quantile",0.99,88.8204769437371
"6648",2021-05-15,"09","31  day ahead inc hosp",2021-06-15,"quantile",0.01,3.59843726338669
"6649",2021-05-15,"09","31  day ahead inc hosp",2021-06-15,"quantile",0.025,5.18978944235455
"6650",2021-05-15,"09","31  day ahead inc hosp",2021-06-15,"quantile",0.05,6.93699643392169
"6651",2021-05-15,"09","31  day ahead inc hosp",2021-06-15,"quantile",0.1,9.46138763040118
"6652",2021-05-15,"09","31  day ahead inc hosp",2021-06-15,"quantile",0.15,11.5165369459839
"6653",2021-05-15,"09","31  day ahead inc hosp",2021-06-15,"quantile",0.2,13.375142250679
"6654",2021-05-15,"09","31  day ahead inc hosp",2021-06-15,"quantile",0.25,15.1414985654792
"6655",2021-05-15,"09","31  day ahead inc hosp",2021-06-15,"quantile",0.3,16.8718376464471
"6656",2021-05-15,"09","31  day ahead inc hosp",2021-06-15,"quantile",0.35,18.6038360501148
"6657",2021-05-15,"09","31  day ahead inc hosp",2021-06-15,"quantile",0.4,20.367483306937
"6658",2021-05-15,"09","31  day ahead inc hosp",2021-06-15,"quantile",0.45,22.1903893863326
"6659",2021-05-15,"09","31  day ahead inc hosp",2021-06-15,"quantile",0.5,24.1012453334578
"6660",2021-05-15,"09","31  day ahead inc hosp",2021-06-15,"quantile",0.55,26.1329333834509
"6661",2021-05-15,"09","31  day ahead inc hosp",2021-06-15,"quantile",0.6,28.3262583687902
"6662",2021-05-15,"09","31  day ahead inc hosp",2021-06-15,"quantile",0.65,30.7354362694463
"6663",2021-05-15,"09","31  day ahead inc hosp",2021-06-15,"quantile",0.7,33.4373456674662
"6664",2021-05-15,"09","31  day ahead inc hosp",2021-06-15,"quantile",0.75,36.548937672563
"6665",2021-05-15,"09","31  day ahead inc hosp",2021-06-15,"quantile",0.8,40.2640606970529
"6666",2021-05-15,"09","31  day ahead inc hosp",2021-06-15,"quantile",0.85,44.9441206151823
"6667",2021-05-15,"09","31  day ahead inc hosp",2021-06-15,"quantile",0.9,51.398797367722
"6668",2021-05-15,"09","31  day ahead inc hosp",2021-06-15,"quantile",0.95,62.2140241586527
"6669",2021-05-15,"09","31  day ahead inc hosp",2021-06-15,"quantile",0.975,72.903637074626
"6670",2021-05-15,"09","31  day ahead inc hosp",2021-06-15,"quantile",0.99,87.0015157635585
"6671",2021-05-15,"09","32  day ahead inc hosp",2021-06-16,"quantile",0.01,3.36262277264516
"6672",2021-05-15,"09","32  day ahead inc hosp",2021-06-16,"quantile",0.025,4.91805657229951
"6673",2021-05-15,"09","32  day ahead inc hosp",2021-06-16,"quantile",0.05,6.64108931131285
"6674",2021-05-15,"09","32  day ahead inc hosp",2021-06-16,"quantile",0.1,9.14958055859394
"6675",2021-05-15,"09","32  day ahead inc hosp",2021-06-16,"quantile",0.15,11.2038055559909
"6676",2021-05-15,"09","32  day ahead inc hosp",2021-06-16,"quantile",0.2,13.0687106836691
"6677",2021-05-15,"09","32  day ahead inc hosp",2021-06-16,"quantile",0.25,14.8462402297681
"6678",2021-05-15,"09","32  day ahead inc hosp",2021-06-16,"quantile",0.3,16.5917159343573
"6679",2021-05-15,"09","32  day ahead inc hosp",2021-06-16,"quantile",0.35,18.3424932400795
"6680",2021-05-15,"09","32  day ahead inc hosp",2021-06-16,"quantile",0.4,20.1285640783316
"6681",2021-05-15,"09","32  day ahead inc hosp",2021-06-16,"quantile",0.45,21.9777749426475
"6682",2021-05-15,"09","32  day ahead inc hosp",2021-06-16,"quantile",0.5,23.9192727518288
"6683",2021-05-15,"09","32  day ahead inc hosp",2021-06-16,"quantile",0.55,25.9866482913809
"6684",2021-05-15,"09","32  day ahead inc hosp",2021-06-16,"quantile",0.6,28.2217511939874
"6685",2021-05-15,"09","32  day ahead inc hosp",2021-06-16,"quantile",0.65,30.6803372914277
"6686",2021-05-15,"09","32  day ahead inc hosp",2021-06-16,"quantile",0.7,33.4416165553867
"6687",2021-05-15,"09","32  day ahead inc hosp",2021-06-16,"quantile",0.75,36.6262469967678
"6688",2021-05-15,"09","32  day ahead inc hosp",2021-06-16,"quantile",0.8,40.4344262232487
"6689",2021-05-15,"09","32  day ahead inc hosp",2021-06-16,"quantile",0.85,45.2397309821163
"6690",2021-05-15,"09","32  day ahead inc hosp",2021-06-16,"quantile",0.9,51.8798752176664
"6691",2021-05-15,"09","32  day ahead inc hosp",2021-06-16,"quantile",0.95,63.0334468394435
"6692",2021-05-15,"09","32  day ahead inc hosp",2021-06-16,"quantile",0.975,74.0852497265808
"6693",2021-05-15,"09","32  day ahead inc hosp",2021-06-16,"quantile",0.99,88.6947779994487
"6694",2021-05-15,"09","33  day ahead inc hosp",2021-06-17,"quantile",0.01,3.00600138278978
"6695",2021-05-15,"09","33  day ahead inc hosp",2021-06-17,"quantile",0.025,4.47781203171301
"6696",2021-05-15,"09","33  day ahead inc hosp",2021-06-17,"quantile",0.05,6.1272390045698
"6697",2021-05-15,"09","33  day ahead inc hosp",2021-06-17,"quantile",0.1,8.55239112958124
"6698",2021-05-15,"09","33  day ahead inc hosp",2021-06-17,"quantile",0.15,10.5534517265185
"6699",2021-05-15,"09","33  day ahead inc hosp",2021-06-17,"quantile",0.2,12.379061903951
"6700",2021-05-15,"09","33  day ahead inc hosp",2021-06-17,"quantile",0.25,14.125665586129
"6701",2021-05-15,"09","33  day ahead inc hosp",2021-06-17,"quantile",0.3,15.8460549457816
"6702",2021-05-15,"09","33  day ahead inc hosp",2021-06-17,"quantile",0.35,17.5762461065992
"6703",2021-05-15,"09","33  day ahead inc hosp",2021-06-17,"quantile",0.4,19.3454844720663
"6704",2021-05-15,"09","33  day ahead inc hosp",2021-06-17,"quantile",0.45,21.1812204023457
"6705",2021-05-15,"09","33  day ahead inc hosp",2021-06-17,"quantile",0.5,23.1124508644794
"6706",2021-05-15,"09","33  day ahead inc hosp",2021-06-17,"quantile",0.55,25.1728270786597
"6707",2021-05-15,"09","33  day ahead inc hosp",2021-06-17,"quantile",0.6,27.4044807894427
"6708",2021-05-15,"09","33  day ahead inc hosp",2021-06-17,"quantile",0.65,29.8637329642138
"6709",2021-05-15,"09","33  day ahead inc hosp",2021-06-17,"quantile",0.7,32.6307812007352
"6710",2021-05-15,"09","33  day ahead inc hosp",2021-06-17,"quantile",0.75,35.8279888838274
"6711",2021-05-15,"09","33  day ahead inc hosp",2021-06-17,"quantile",0.8,39.6586414936144
"6712",2021-05-15,"09","33  day ahead inc hosp",2021-06-17,"quantile",0.85,44.5025008125029
"6713",2021-05-15,"09","33  day ahead inc hosp",2021-06-17,"quantile",0.9,51.2121273554293
"6714",2021-05-15,"09","33  day ahead inc hosp",2021-06-17,"quantile",0.95,62.5175704354927
"6715",2021-05-15,"09","33  day ahead inc hosp",2021-06-17,"quantile",0.975,73.7553049437076
"6716",2021-05-15,"09","33  day ahead inc hosp",2021-06-17,"quantile",0.99,88.6540354725895
"6717",2021-05-15,"09","34  day ahead inc hosp",2021-06-18,"quantile",0.01,3.0917240822784
"6718",2021-05-15,"09","34  day ahead inc hosp",2021-06-18,"quantile",0.025,4.6292676819425
"6719",2021-05-15,"09","34  day ahead inc hosp",2021-06-18,"quantile",0.05,6.35796496452156
"6720",2021-05-15,"09","34  day ahead inc hosp",2021-06-18,"quantile",0.1,8.90666939427673
"6721",2021-05-15,"09","34  day ahead inc hosp",2021-06-18,"quantile",0.15,11.0140974503855
"6722",2021-05-15,"09","34  day ahead inc hosp",2021-06-18,"quantile",0.2,12.9393726810427
"6723",2021-05-15,"09","34  day ahead inc hosp",2021-06-18,"quantile",0.25,14.7832354993493
"6724",2021-05-15,"09","34  day ahead inc hosp",2021-06-18,"quantile",0.3,16.6009661657673
"6725",2021-05-15,"09","34  day ahead inc hosp",2021-06-18,"quantile",0.35,18.4303883600088
"6726",2021-05-15,"09","34  day ahead inc hosp",2021-06-18,"quantile",0.4,20.3023127749869
"6727",2021-05-15,"09","34  day ahead inc hosp",2021-06-18,"quantile",0.45,22.2457463015949
"6728",2021-05-15,"09","34  day ahead inc hosp",2021-06-18,"quantile",0.5,24.2914072428826
"6729",2021-05-15,"09","34  day ahead inc hosp",2021-06-18,"quantile",0.55,26.4750118784539
"6730",2021-05-15,"09","34  day ahead inc hosp",2021-06-18,"quantile",0.6,28.8413369115518
"6731",2021-05-15,"09","34  day ahead inc hosp",2021-06-18,"quantile",0.65,31.450293324687
"6732",2021-05-15,"09","34  day ahead inc hosp",2021-06-18,"quantile",0.7,34.3872436330403
"6733",2021-05-15,"09","34  day ahead inc hosp",2021-06-18,"quantile",0.75,37.7824894007468
"6734",2021-05-15,"09","34  day ahead inc hosp",2021-06-18,"quantile",0.8,41.8525783832981
"6735",2021-05-15,"09","34  day ahead inc hosp",2021-06-18,"quantile",0.85,47.0021701243001
"6736",2021-05-15,"09","34  day ahead inc hosp",2021-06-18,"quantile",0.9,54.1400035869973
"6737",2021-05-15,"09","34  day ahead inc hosp",2021-06-18,"quantile",0.95,66.1771800995587
"6738",2021-05-15,"09","34  day ahead inc hosp",2021-06-18,"quantile",0.975,78.1525651705505
"6739",2021-05-15,"09","34  day ahead inc hosp",2021-06-18,"quantile",0.99,94.0418649576348
"6740",2021-05-15,"09","35  day ahead inc hosp",2021-06-19,"quantile",0.01,2.6647942816768
"6741",2021-05-15,"09","35  day ahead inc hosp",2021-06-19,"quantile",0.025,4.08040856947604
"6742",2021-05-15,"09","35  day ahead inc hosp",2021-06-19,"quantile",0.05,5.69459687202883
"6743",2021-05-15,"09","35  day ahead inc hosp",2021-06-19,"quantile",0.1,8.10289785639258
"6744",2021-05-15,"09","35  day ahead inc hosp",2021-06-19,"quantile",0.15,10.1122788118956
"6745",2021-05-15,"09","35  day ahead inc hosp",2021-06-19,"quantile",0.2,11.9587373126894
"6746",2021-05-15,"09","35  day ahead inc hosp",2021-06-19,"quantile",0.25,13.7349577261744
"6747",2021-05-15,"09","35  day ahead inc hosp",2021-06-19,"quantile",0.3,15.4923586166821
"6748",2021-05-15,"09","35  day ahead inc hosp",2021-06-19,"quantile",0.35,17.2665755337671
"6749",2021-05-15,"09","35  day ahead inc hosp",2021-06-19,"quantile",0.4,19.0870394648976
"6750",2021-05-15,"09","35  day ahead inc hosp",2021-06-19,"quantile",0.45,20.9818186803885
"6751",2021-05-15,"09","35  day ahead inc hosp",2021-06-19,"quantile",0.5,22.9809553274927
"6752",2021-05-15,"09","35  day ahead inc hosp",2021-06-19,"quantile",0.55,25.1196572825933
"6753",2021-05-15,"09","35  day ahead inc hosp",2021-06-19,"quantile",0.6,27.4423088766151
"6754",2021-05-15,"09","35  day ahead inc hosp",2021-06-19,"quantile",0.65,30.0085199306911
"6755",2021-05-15,"09","35  day ahead inc hosp",2021-06-19,"quantile",0.7,32.9034427315219
"6756",2021-05-15,"09","35  day ahead inc hosp",2021-06-19,"quantile",0.75,36.2572972386554
"6757",2021-05-15,"09","35  day ahead inc hosp",2021-06-19,"quantile",0.8,40.286805624503
"6758",2021-05-15,"09","35  day ahead inc hosp",2021-06-19,"quantile",0.85,45.3974655847429
"6759",2021-05-15,"09","35  day ahead inc hosp",2021-06-19,"quantile",0.9,52.5010906327077
"6760",2021-05-15,"09","35  day ahead inc hosp",2021-06-19,"quantile",0.95,64.5235227593865
"6761",2021-05-15,"09","35  day ahead inc hosp",2021-06-19,"quantile",0.975,76.5275930873683
"6762",2021-05-15,"09","35  day ahead inc hosp",2021-06-19,"quantile",0.99,92.5081395966829
"6763",2021-05-15,"09","36  day ahead inc hosp",2021-06-20,"quantile",0.01,1.89955315407363
"6764",2021-05-15,"09","36  day ahead inc hosp",2021-06-20,"quantile",0.025,3.03908897695062
"6765",2021-05-15,"09","36  day ahead inc hosp",2021-06-20,"quantile",0.05,4.37450696919825
"6766",2021-05-15,"09","36  day ahead inc hosp",2021-06-20,"quantile",0.1,6.41280388145139
"6767",2021-05-15,"09","36  day ahead inc hosp",2021-06-20,"quantile",0.15,8.1428438595216
"6768",2021-05-15,"09","36  day ahead inc hosp",2021-06-20,"quantile",0.2,9.75021888856569
"6769",2021-05-15,"09","36  day ahead inc hosp",2021-06-20,"quantile",0.25,11.309341231392
"6770",2021-05-15,"09","36  day ahead inc hosp",2021-06-20,"quantile",0.3,12.8624247331973
"6771",2021-05-15,"09","36  day ahead inc hosp",2021-06-20,"quantile",0.35,14.4394877083634
"6772",2021-05-15,"09","36  day ahead inc hosp",2021-06-20,"quantile",0.4,16.0659955177671
"6773",2021-05-15,"09","36  day ahead inc hosp",2021-06-20,"quantile",0.45,17.7668323966452
"6774",2021-05-15,"09","36  day ahead inc hosp",2021-06-20,"quantile",0.5,19.5691556316655
"6775",2021-05-15,"09","36  day ahead inc hosp",2021-06-20,"quantile",0.55,21.5052463635013
"6776",2021-05-15,"09","36  day ahead inc hosp",2021-06-20,"quantile",0.6,23.6161986216364
"6777",2021-05-15,"09","36  day ahead inc hosp",2021-06-20,"quantile",0.65,25.9575680285606
"6778",2021-05-15,"09","36  day ahead inc hosp",2021-06-20,"quantile",0.7,28.6090735716145
"6779",2021-05-15,"09","36  day ahead inc hosp",2021-06-20,"quantile",0.75,31.6930207880856
"6780",2021-05-15,"09","36  day ahead inc hosp",2021-06-20,"quantile",0.8,35.4134765873935
"6781",2021-05-15,"09","36  day ahead inc hosp",2021-06-20,"quantile",0.85,40.1531231295279
"6782",2021-05-15,"09","36  day ahead inc hosp",2021-06-20,"quantile",0.9,46.7744980698188
"6783",2021-05-15,"09","36  day ahead inc hosp",2021-06-20,"quantile",0.95,58.0536958032
"6784",2021-05-15,"09","36  day ahead inc hosp",2021-06-20,"quantile",0.975,69.3895168116577
"6785",2021-05-15,"09","36  day ahead inc hosp",2021-06-20,"quantile",0.99,84.5713240189131
"6786",2021-05-15,"09","37  day ahead inc hosp",2021-06-21,"quantile",0.01,1.76784443569001
"6787",2021-05-15,"09","37  day ahead inc hosp",2021-06-21,"quantile",0.025,2.87492009210195
"6788",2021-05-15,"09","37  day ahead inc hosp",2021-06-21,"quantile",0.05,4.18546960909275
"6789",2021-05-15,"09","37  day ahead inc hosp",2021-06-21,"quantile",0.1,6.20252594681692
"6790",2021-05-15,"09","37  day ahead inc hosp",2021-06-21,"quantile",0.15,7.92517727934271
"6791",2021-05-15,"09","37  day ahead inc hosp",2021-06-21,"quantile",0.2,9.53204058549433
"6792",2021-05-15,"09","37  day ahead inc hosp",2021-06-21,"quantile",0.25,11.0953076626942
"6793",2021-05-15,"09","37  day ahead inc hosp",2021-06-21,"quantile",0.3,12.6562877750691
"6794",2021-05-15,"09","37  day ahead inc hosp",2021-06-21,"quantile",0.35,14.244644095214
"6795",2021-05-15,"09","37  day ahead inc hosp",2021-06-21,"quantile",0.4,15.8857909118324
"6796",2021-05-15,"09","37  day ahead inc hosp",2021-06-21,"quantile",0.45,17.6047799257477
"6797",2021-05-15,"09","37  day ahead inc hosp",2021-06-21,"quantile",0.5,19.4291375145622
"6798",2021-05-15,"09","37  day ahead inc hosp",2021-06-21,"quantile",0.55,21.3917428074646
"6799",2021-05-15,"09","37  day ahead inc hosp",2021-06-21,"quantile",0.6,23.5345896793049
"6800",2021-05-15,"09","37  day ahead inc hosp",2021-06-21,"quantile",0.65,25.9145763370358
"6801",2021-05-15,"09","37  day ahead inc hosp",2021-06-21,"quantile",0.7,28.6134721023668
"6802",2021-05-15,"09","37  day ahead inc hosp",2021-06-21,"quantile",0.75,31.7568651937074
"6803",2021-05-15,"09","37  day ahead inc hosp",2021-06-21,"quantile",0.8,35.5544805223116
"6804",2021-05-15,"09","37  day ahead inc hosp",2021-06-21,"quantile",0.85,40.3999153692626
"6805",2021-05-15,"09","37  day ahead inc hosp",2021-06-21,"quantile",0.9,47.1810303258015
"6806",2021-05-15,"09","37  day ahead inc hosp",2021-06-21,"quantile",0.95,58.7584099911277
"6807",2021-05-15,"09","37  day ahead inc hosp",2021-06-21,"quantile",0.975,70.4202826165849
"6808",2021-05-15,"09","37  day ahead inc hosp",2021-06-21,"quantile",0.99,86.0711910240021
"6809",2021-05-15,"10","1  day ahead inc hosp",2021-05-16,"quantile",0.01,3.35731376624364
"6810",2021-05-15,"10","1  day ahead inc hosp",2021-05-16,"quantile",0.025,4.11716819651959
"6811",2021-05-15,"10","1  day ahead inc hosp",2021-05-16,"quantile",0.05,4.86798818625123
"6812",2021-05-15,"10","1  day ahead inc hosp",2021-05-16,"quantile",0.1,5.85614114151218
"6813",2021-05-15,"10","1  day ahead inc hosp",2021-05-16,"quantile",0.15,6.60300962999345
"6814",2021-05-15,"10","1  day ahead inc hosp",2021-05-16,"quantile",0.2,7.24579287925912
"6815",2021-05-15,"10","1  day ahead inc hosp",2021-05-16,"quantile",0.25,7.83368506160683
"6816",2021-05-15,"10","1  day ahead inc hosp",2021-05-16,"quantile",0.3,8.39147823901393
"6817",2021-05-15,"10","1  day ahead inc hosp",2021-05-16,"quantile",0.35,8.93446382150835
"6818",2021-05-15,"10","1  day ahead inc hosp",2021-05-16,"quantile",0.4,9.47367174995591
"6819",2021-05-15,"10","1  day ahead inc hosp",2021-05-16,"quantile",0.45,10.0182412288232
"6820",2021-05-15,"10","1  day ahead inc hosp",2021-05-16,"quantile",0.5,10.576772580033
"6821",2021-05-15,"10","1  day ahead inc hosp",2021-05-16,"quantile",0.55,11.1583389060829
"6822",2021-05-15,"10","1  day ahead inc hosp",2021-05-16,"quantile",0.6,11.7735123445596
"6823",2021-05-15,"10","1  day ahead inc hosp",2021-05-16,"quantile",0.65,12.4357214328748
"6824",2021-05-15,"10","1  day ahead inc hosp",2021-05-16,"quantile",0.7,13.1634195472739
"6825",2021-05-15,"10","1  day ahead inc hosp",2021-05-16,"quantile",0.75,13.9840621153824
"6826",2021-05-15,"10","1  day ahead inc hosp",2021-05-16,"quantile",0.8,14.9424021543728
"6827",2021-05-15,"10","1  day ahead inc hosp",2021-05-16,"quantile",0.85,16.1207055408501
"6828",2021-05-15,"10","1  day ahead inc hosp",2021-05-16,"quantile",0.9,17.70070132219
"6829",2021-05-15,"10","1  day ahead inc hosp",2021-05-16,"quantile",0.95,20.2526338998366
"6830",2021-05-15,"10","1  day ahead inc hosp",2021-05-16,"quantile",0.975,22.6812134671699
"6831",2021-05-15,"10","1  day ahead inc hosp",2021-05-16,"quantile",0.99,25.7724944353921
"6832",2021-05-15,"10","2  day ahead inc hosp",2021-05-17,"quantile",0.01,3.33271858498742
"6833",2021-05-15,"10","2  day ahead inc hosp",2021-05-17,"quantile",0.025,4.09761182757543
"6834",2021-05-15,"10","2  day ahead inc hosp",2021-05-17,"quantile",0.05,4.85471048875379
"6835",2021-05-15,"10","2  day ahead inc hosp",2021-05-17,"quantile",0.1,5.85269126909689
"6836",2021-05-15,"10","2  day ahead inc hosp",2021-05-17,"quantile",0.15,6.60795906479518
"6837",2021-05-15,"10","2  day ahead inc hosp",2021-05-17,"quantile",0.2,7.25853998903967
"6838",2021-05-15,"10","2  day ahead inc hosp",2021-05-17,"quantile",0.25,7.85397267151994
"6839",2021-05-15,"10","2  day ahead inc hosp",2021-05-17,"quantile",0.3,8.41924723890693
"6840",2021-05-15,"10","2  day ahead inc hosp",2021-05-17,"quantile",0.35,8.96979599579084
"6841",2021-05-15,"10","2  day ahead inc hosp",2021-05-17,"quantile",0.4,9.51676748706597
"6842",2021-05-15,"10","2  day ahead inc hosp",2021-05-17,"quantile",0.45,10.0694154976225
"6843",2021-05-15,"10","2  day ahead inc hosp",2021-05-17,"quantile",0.5,10.6364639402389
"6844",2021-05-15,"10","2  day ahead inc hosp",2021-05-17,"quantile",0.55,11.2271313353479
"6845",2021-05-15,"10","2  day ahead inc hosp",2021-05-17,"quantile",0.6,11.8521734160739
"6846",2021-05-15,"10","2  day ahead inc hosp",2021-05-17,"quantile",0.65,12.5252652973787
"6847",2021-05-15,"10","2  day ahead inc hosp",2021-05-17,"quantile",0.7,13.2652122739132
"6848",2021-05-15,"10","2  day ahead inc hosp",2021-05-17,"quantile",0.75,14.1000071470561
"6849",2021-05-15,"10","2  day ahead inc hosp",2021-05-17,"quantile",0.8,15.0752955237075
"6850",2021-05-15,"10","2  day ahead inc hosp",2021-05-17,"quantile",0.85,16.2750092657609
"6851",2021-05-15,"10","2  day ahead inc hosp",2021-05-17,"quantile",0.9,17.8846117703676
"6852",2021-05-15,"10","2  day ahead inc hosp",2021-05-17,"quantile",0.95,20.4862753605185
"6853",2021-05-15,"10","2  day ahead inc hosp",2021-05-17,"quantile",0.975,22.9640843219513
"6854",2021-05-15,"10","2  day ahead inc hosp",2021-05-17,"quantile",0.99,26.1203244023191
"6855",2021-05-15,"10","3  day ahead inc hosp",2021-05-18,"quantile",0.01,3.33016758701203
"6856",2021-05-15,"10","3  day ahead inc hosp",2021-05-18,"quantile",0.025,4.11236517424186
"6857",2021-05-15,"10","3  day ahead inc hosp",2021-05-18,"quantile",0.05,4.8888311156567
"6858",2021-05-15,"10","3  day ahead inc hosp",2021-05-18,"quantile",0.1,5.91503996810239
"6859",2021-05-15,"10","3  day ahead inc hosp",2021-05-18,"quantile",0.15,6.69334751917799
"6860",2021-05-15,"10","3  day ahead inc hosp",2021-05-18,"quantile",0.2,7.36475763309436
"6861",2021-05-15,"10","3  day ahead inc hosp",2021-05-18,"quantile",0.25,7.9799604040929
"6862",2021-05-15,"10","3  day ahead inc hosp",2021-05-18,"quantile",0.3,8.56456917133184
"6863",2021-05-15,"10","3  day ahead inc hosp",2021-05-18,"quantile",0.35,9.13443357607495
"6864",2021-05-15,"10","3  day ahead inc hosp",2021-05-18,"quantile",0.4,9.70103310555501
"6865",2021-05-15,"10","3  day ahead inc hosp",2021-05-18,"quantile",0.45,10.2739245230796
"6866",2021-05-15,"10","3  day ahead inc hosp",2021-05-18,"quantile",0.5,10.8621446871692
"6867",2021-05-15,"10","3  day ahead inc hosp",2021-05-18,"quantile",0.55,11.4752688202795
"6868",2021-05-15,"10","3  day ahead inc hosp",2021-05-18,"quantile",0.6,12.1244933023065
"6869",2021-05-15,"10","3  day ahead inc hosp",2021-05-18,"quantile",0.65,12.824076608925
"6870",2021-05-15,"10","3  day ahead inc hosp",2021-05-18,"quantile",0.7,13.5936488262573
"6871",2021-05-15,"10","3  day ahead inc hosp",2021-05-18,"quantile",0.75,14.4624543267245
"6872",2021-05-15,"10","3  day ahead inc hosp",2021-05-18,"quantile",0.8,15.4782083849686
"6873",2021-05-15,"10","3  day ahead inc hosp",2021-05-18,"quantile",0.85,16.7286922247643
"6874",2021-05-15,"10","3  day ahead inc hosp",2021-05-18,"quantile",0.9,18.4079691532913
"6875",2021-05-15,"10","3  day ahead inc hosp",2021-05-18,"quantile",0.95,21.1255720512745
"6876",2021-05-15,"10","3  day ahead inc hosp",2021-05-18,"quantile",0.975,23.7171081213154
"6877",2021-05-15,"10","3  day ahead inc hosp",2021-05-18,"quantile",0.99,27.0222086089795
"6878",2021-05-15,"10","4  day ahead inc hosp",2021-05-19,"quantile",0.01,3.16482943160397
"6879",2021-05-15,"10","4  day ahead inc hosp",2021-05-19,"quantile",0.025,3.94404718316832
"6880",2021-05-15,"10","4  day ahead inc hosp",2021-05-19,"quantile",0.05,4.72224095840838
"6881",2021-05-15,"10","4  day ahead inc hosp",2021-05-19,"quantile",0.1,5.75639746364736
"6882",2021-05-15,"10","4  day ahead inc hosp",2021-05-19,"quantile",0.15,6.54425941409682
"6883",2021-05-15,"10","4  day ahead inc hosp",2021-05-19,"quantile",0.2,7.2259823811024
"6884",2021-05-15,"10","4  day ahead inc hosp",2021-05-19,"quantile",0.25,7.85212493895626
"6885",2021-05-15,"10","4  day ahead inc hosp",2021-05-19,"quantile",0.3,8.44832336770922
"6886",2021-05-15,"10","4  day ahead inc hosp",2021-05-19,"quantile",0.35,9.0305103543854
"6887",2021-05-15,"10","4  day ahead inc hosp",2021-05-19,"quantile",0.4,9.61028804877628
"6888",2021-05-15,"10","4  day ahead inc hosp",2021-05-19,"quantile",0.45,10.1973753333434
"6889",2021-05-15,"10","4  day ahead inc hosp",2021-05-19,"quantile",0.5,10.8010202295963
"6890",2021-05-15,"10","4  day ahead inc hosp",2021-05-19,"quantile",0.55,11.4310767047795
"6891",2021-05-15,"10","4  day ahead inc hosp",2021-05-19,"quantile",0.6,12.0991187205025
"6892",2021-05-15,"10","4  day ahead inc hosp",2021-05-19,"quantile",0.65,12.819934345612
"6893",2021-05-15,"10","4  day ahead inc hosp",2021-05-19,"quantile",0.7,13.6139304182098
"6894",2021-05-15,"10","4  day ahead inc hosp",2021-05-19,"quantile",0.75,14.5115588150635
"6895",2021-05-15,"10","4  day ahead inc hosp",2021-05-19,"quantile",0.8,15.5625660530444
"6896",2021-05-15,"10","4  day ahead inc hosp",2021-05-19,"quantile",0.85,16.8585631439205
"6897",2021-05-15,"10","4  day ahead inc hosp",2021-05-19,"quantile",0.9,18.6022807446971
"6898",2021-05-15,"10","4  day ahead inc hosp",2021-05-19,"quantile",0.95,21.4312566465144
"6899",2021-05-15,"10","4  day ahead inc hosp",2021-05-19,"quantile",0.975,24.136064139319
"6900",2021-05-15,"10","4  day ahead inc hosp",2021-05-19,"quantile",0.99,27.5941689811584
"6901",2021-05-15,"10","5  day ahead inc hosp",2021-05-20,"quantile",0.01,3.02707476250577
"6902",2021-05-15,"10","5  day ahead inc hosp",2021-05-20,"quantile",0.025,3.8135748019233
"6903",2021-05-15,"10","5  day ahead inc hosp",2021-05-20,"quantile",0.05,4.60468973674037
"6904",2021-05-15,"10","5  day ahead inc hosp",2021-05-20,"quantile",0.1,5.66286265097993
"6905",2021-05-15,"10","5  day ahead inc hosp",2021-05-20,"quantile",0.15,6.47328961205164
"6906",2021-05-15,"10","5  day ahead inc hosp",2021-05-20,"quantile",0.2,7.17704671049428
"6907",2021-05-15,"10","5  day ahead inc hosp",2021-05-20,"quantile",0.25,7.82523439388043
"6908",2021-05-15,"10","5  day ahead inc hosp",2021-05-20,"quantile",0.3,8.4438728429325
"6909",2021-05-15,"10","5  day ahead inc hosp",2021-05-20,"quantile",0.35,9.0492178008982
"6910",2021-05-15,"10","5  day ahead inc hosp",2021-05-20,"quantile",0.4,9.65318340676108
"6911",2021-05-15,"10","5  day ahead inc hosp",2021-05-20,"quantile",0.45,10.2658233686251
"6912",2021-05-15,"10","5  day ahead inc hosp",2021-05-20,"quantile",0.5,10.8967748803587
"6913",2021-05-15,"10","5  day ahead inc hosp",2021-05-20,"quantile",0.55,11.5563733525181
"6914",2021-05-15,"10","5  day ahead inc hosp",2021-05-20,"quantile",0.6,12.2568206743157
"6915",2021-05-15,"10","5  day ahead inc hosp",2021-05-20,"quantile",0.65,13.0137660184197
"6916",2021-05-15,"10","5  day ahead inc hosp",2021-05-20,"quantile",0.7,13.8488619387019
"6917",2021-05-15,"10","5  day ahead inc hosp",2021-05-20,"quantile",0.75,14.7944799616019
"6918",2021-05-15,"10","5  day ahead inc hosp",2021-05-20,"quantile",0.8,15.9035765448041
"6919",2021-05-15,"10","5  day ahead inc hosp",2021-05-20,"quantile",0.85,17.2737871266984
"6920",2021-05-15,"10","5  day ahead inc hosp",2021-05-20,"quantile",0.9,19.1214195661999
"6921",2021-05-15,"10","5  day ahead inc hosp",2021-05-20,"quantile",0.95,22.1276684923354
"6922",2021-05-15,"10","5  day ahead inc hosp",2021-05-20,"quantile",0.975,25.010632623283
"6923",2021-05-15,"10","5  day ahead inc hosp",2021-05-20,"quantile",0.99,28.7070018174808
"6924",2021-05-15,"10","6  day ahead inc hosp",2021-05-21,"quantile",0.01,2.85725464936295
"6925",2021-05-15,"10","6  day ahead inc hosp",2021-05-21,"quantile",0.025,3.6481821157066
"6926",2021-05-15,"10","6  day ahead inc hosp",2021-05-21,"quantile",0.05,4.45079133786077
"6927",2021-05-15,"10","6  day ahead inc hosp",2021-05-21,"quantile",0.1,5.53289903024558
"6928",2021-05-15,"10","6  day ahead inc hosp",2021-05-21,"quantile",0.15,6.36700483879328
"6929",2021-05-15,"10","6  day ahead inc hosp",2021-05-21,"quantile",0.2,7.09447225285879
"6930",2021-05-15,"10","6  day ahead inc hosp",2021-05-21,"quantile",0.25,7.7667685441617
"6931",2021-05-15,"10","6  day ahead inc hosp",2021-05-21,"quantile",0.3,8.41023884664561
"6932",2021-05-15,"10","6  day ahead inc hosp",2021-05-21,"quantile",0.35,9.04144945958112
"6933",2021-05-15,"10","6  day ahead inc hosp",2021-05-21,"quantile",0.4,9.67263990126825
"6934",2021-05-15,"10","6  day ahead inc hosp",2021-05-21,"quantile",0.45,10.3142317871845
"6935",2021-05-15,"10","6  day ahead inc hosp",2021-05-21,"quantile",0.5,10.9763041787185
"6936",2021-05-15,"10","6  day ahead inc hosp",2021-05-21,"quantile",0.55,11.6697503207943
"6937",2021-05-15,"10","6  day ahead inc hosp",2021-05-21,"quantile",0.6,12.4075088445632
"6938",2021-05-15,"10","6  day ahead inc hosp",2021-05-21,"quantile",0.65,13.2062472070614
"6939",2021-05-15,"10","6  day ahead inc hosp",2021-05-21,"quantile",0.7,14.0890985345884
"6940",2021-05-15,"10","6  day ahead inc hosp",2021-05-21,"quantile",0.75,15.0907237968188
"6941",2021-05-15,"10","6  day ahead inc hosp",2021-05-21,"quantile",0.8,16.2679176023805
"6942",2021-05-15,"10","6  day ahead inc hosp",2021-05-21,"quantile",0.85,17.7255346166862
"6943",2021-05-15,"10","6  day ahead inc hosp",2021-05-21,"quantile",0.9,19.6961883791589
"6944",2021-05-15,"10","6  day ahead inc hosp",2021-05-21,"quantile",0.95,22.913647609989
"6945",2021-05-15,"10","6  day ahead inc hosp",2021-05-21,"quantile",0.975,26.010194206733
"6946",2021-05-15,"10","6  day ahead inc hosp",2021-05-21,"quantile",0.99,29.9937838674399
"6947",2021-05-15,"10","7  day ahead inc hosp",2021-05-22,"quantile",0.01,2.76947009808456
"6948",2021-05-15,"10","7  day ahead inc hosp",2021-05-22,"quantile",0.025,3.58322632164358
"6949",2021-05-15,"10","7  day ahead inc hosp",2021-05-22,"quantile",0.05,4.41619915739022
"6950",2021-05-15,"10","7  day ahead inc hosp",2021-05-22,"quantile",0.1,5.54801753019731
"6951",2021-05-15,"10","7  day ahead inc hosp",2021-05-22,"quantile",0.15,6.42592833900939
"6952",2021-05-15,"10","7  day ahead inc hosp",2021-05-22,"quantile",0.2,7.19483333721572
"6953",2021-05-15,"10","7  day ahead inc hosp",2021-05-22,"quantile",0.25,7.90775810940152
"6954",2021-05-15,"10","7  day ahead inc hosp",2021-05-22,"quantile",0.3,8.5919891198462
"6955",2021-05-15,"10","7  day ahead inc hosp",2021-05-22,"quantile",0.35,9.26479701021148
"6956",2021-05-15,"10","7  day ahead inc hosp",2021-05-22,"quantile",0.4,9.93904383759973
"6957",2021-05-15,"10","7  day ahead inc hosp",2021-05-22,"quantile",0.45,10.6257784026702
"6958",2021-05-15,"10","7  day ahead inc hosp",2021-05-22,"quantile",0.5,11.3357785529849
"6959",2021-05-15,"10","7  day ahead inc hosp",2021-05-22,"quantile",0.55,12.080778975425
"6960",2021-05-15,"10","7  day ahead inc hosp",2021-05-22,"quantile",0.6,12.874797559406
"6961",2021-05-15,"10","7  day ahead inc hosp",2021-05-22,"quantile",0.65,13.7359667463883
"6962",2021-05-15,"10","7  day ahead inc hosp",2021-05-22,"quantile",0.7,14.6895257922798
"6963",2021-05-15,"10","7  day ahead inc hosp",2021-05-22,"quantile",0.75,15.7733686632936
"6964",2021-05-15,"10","7  day ahead inc hosp",2021-05-22,"quantile",0.8,17.0496824749446
"6965",2021-05-15,"10","7  day ahead inc hosp",2021-05-22,"quantile",0.85,18.6334246363909
"6966",2021-05-15,"10","7  day ahead inc hosp",2021-05-22,"quantile",0.9,20.7799438517085
"6967",2021-05-15,"10","7  day ahead inc hosp",2021-05-22,"quantile",0.95,24.2959994444952
"6968",2021-05-15,"10","7  day ahead inc hosp",2021-05-22,"quantile",0.975,27.6913836357831
"6969",2021-05-15,"10","7  day ahead inc hosp",2021-05-22,"quantile",0.99,32.0733282306608
"6970",2021-05-15,"10","8  day ahead inc hosp",2021-05-23,"quantile",0.01,2.16652986245262
"6971",2021-05-15,"10","8  day ahead inc hosp",2021-05-23,"quantile",0.025,2.88469632417537
"6972",2021-05-15,"10","8  day ahead inc hosp",2021-05-23,"quantile",0.05,3.63370123377609
"6973",2021-05-15,"10","8  day ahead inc hosp",2021-05-23,"quantile",0.1,4.66849761222399
"6974",2021-05-15,"10","8  day ahead inc hosp",2021-05-23,"quantile",0.15,5.48189639808225
"6975",2021-05-15,"10","8  day ahead inc hosp",2021-05-23,"quantile",0.2,6.20066124051694
"6976",2021-05-15,"10","8  day ahead inc hosp",2021-05-23,"quantile",0.25,6.87170493924371
"6977",2021-05-15,"10","8  day ahead inc hosp",2021-05-23,"quantile",0.3,7.51945314982971
"6978",2021-05-15,"10","8  day ahead inc hosp",2021-05-23,"quantile",0.35,8.1595910431938
"6979",2021-05-15,"10","8  day ahead inc hosp",2021-05-23,"quantile",0.4,8.80400514997915
"6980",2021-05-15,"10","8  day ahead inc hosp",2021-05-23,"quantile",0.45,9.46310089800861
"6981",2021-05-15,"10","8  day ahead inc hosp",2021-05-23,"quantile",0.5,10.1472124501266
"6982",2021-05-15,"10","8  day ahead inc hosp",2021-05-23,"quantile",0.55,10.8677624347676
"6983",2021-05-15,"10","8  day ahead inc hosp",2021-05-23,"quantile",0.6,11.6385536726006
"6984",2021-05-15,"10","8  day ahead inc hosp",2021-05-23,"quantile",0.65,12.4775877246691
"6985",2021-05-15,"10","8  day ahead inc hosp",2021-05-23,"quantile",0.7,13.4100655225312
"6986",2021-05-15,"10","8  day ahead inc hosp",2021-05-23,"quantile",0.75,14.4739769027843
"6987",2021-05-15,"10","8  day ahead inc hosp",2021-05-23,"quantile",0.8,15.7318562950467
"6988",2021-05-15,"10","8  day ahead inc hosp",2021-05-23,"quantile",0.85,17.2996002329391
"6989",2021-05-15,"10","8  day ahead inc hosp",2021-05-23,"quantile",0.9,19.4353020477759
"6990",2021-05-15,"10","8  day ahead inc hosp",2021-05-23,"quantile",0.95,22.9570087394421
"6991",2021-05-15,"10","8  day ahead inc hosp",2021-05-23,"quantile",0.975,26.3812928905134
"6992",2021-05-15,"10","8  day ahead inc hosp",2021-05-23,"quantile",0.99,30.8290835006422
"6993",2021-05-15,"10","9  day ahead inc hosp",2021-05-24,"quantile",0.01,1.99174916415095
"6994",2021-05-15,"10","9  day ahead inc hosp",2021-05-24,"quantile",0.025,2.7044879857066
"6995",2021-05-15,"10","9  day ahead inc hosp",2021-05-24,"quantile",0.05,3.4573379117025
"6996",2021-05-15,"10","9  day ahead inc hosp",2021-05-24,"quantile",0.1,4.50915665790937
"6997",2021-05-15,"10","9  day ahead inc hosp",2021-05-24,"quantile",0.15,5.34330161868568
"6998",2021-05-15,"10","9  day ahead inc hosp",2021-05-24,"quantile",0.2,6.08475754426986
"6999",2021-05-15,"10","9  day ahead inc hosp",2021-05-24,"quantile",0.25,6.78014318370163
"7000",2021-05-15,"10","9  day ahead inc hosp",2021-05-24,"quantile",0.3,7.45393223558097
"7001",2021-05-15,"10","9  day ahead inc hosp",2021-05-24,"quantile",0.35,8.12200074013857
"7002",2021-05-15,"10","9  day ahead inc hosp",2021-05-24,"quantile",0.4,8.79652501734948
"7003",2021-05-15,"10","9  day ahead inc hosp",2021-05-24,"quantile",0.45,9.48830027206411
"7004",2021-05-15,"10","9  day ahead inc hosp",2021-05-24,"quantile",0.5,10.2081745188461
"7005",2021-05-15,"10","9  day ahead inc hosp",2021-05-24,"quantile",0.55,10.9682545477097
"7006",2021-05-15,"10","9  day ahead inc hosp",2021-05-24,"quantile",0.6,11.7832758451962
"7007",2021-05-15,"10","9  day ahead inc hosp",2021-05-24,"quantile",0.65,12.672554631654
"7008",2021-05-15,"10","9  day ahead inc hosp",2021-05-24,"quantile",0.7,13.6632280486037
"7009",2021-05-15,"10","9  day ahead inc hosp",2021-05-24,"quantile",0.75,14.7963071660101
"7010",2021-05-15,"10","9  day ahead inc hosp",2021-05-24,"quantile",0.8,16.1394274164481
"7011",2021-05-15,"10","9  day ahead inc hosp",2021-05-24,"quantile",0.85,17.8181410059551
"7012",2021-05-15,"10","9  day ahead inc hosp",2021-05-24,"quantile",0.9,20.112495505025
"7013",2021-05-15,"10","9  day ahead inc hosp",2021-05-24,"quantile",0.95,23.9119295410915
"7014",2021-05-15,"10","9  day ahead inc hosp",2021-05-24,"quantile",0.975,27.6224284978559
"7015",2021-05-15,"10","9  day ahead inc hosp",2021-05-24,"quantile",0.99,32.4616860648478
"7016",2021-05-15,"10","10  day ahead inc hosp",2021-05-25,"quantile",0.01,1.81179324637348
"7017",2021-05-15,"10","10  day ahead inc hosp",2021-05-25,"quantile",0.025,2.51336937462241
"7018",2021-05-15,"10","10  day ahead inc hosp",2021-05-25,"quantile",0.05,3.26472774540969
"7019",2021-05-15,"10","10  day ahead inc hosp",2021-05-25,"quantile",0.1,4.32720561954462
"7020",2021-05-15,"10","10  day ahead inc hosp",2021-05-25,"quantile",0.15,5.1778363658507
"7021",2021-05-15,"10","10  day ahead inc hosp",2021-05-25,"quantile",0.2,5.93870705543544
"7022",2021-05-15,"10","10  day ahead inc hosp",2021-05-25,"quantile",0.25,6.6557546920085
"7023",2021-05-15,"10","10  day ahead inc hosp",2021-05-25,"quantile",0.3,7.35331893090284
"7024",2021-05-15,"10","10  day ahead inc hosp",2021-05-25,"quantile",0.35,8.04736799432267
"7025",2021-05-15,"10","10  day ahead inc hosp",2021-05-25,"quantile",0.4,8.75031103546905
"7026",2021-05-15,"10","10  day ahead inc hosp",2021-05-25,"quantile",0.45,9.47330063112881
"7027",2021-05-15,"10","10  day ahead inc hosp",2021-05-25,"quantile",0.5,10.2276832044773
"7028",2021-05-15,"10","10  day ahead inc hosp",2021-05-25,"quantile",0.55,11.0262483633777
"7029",2021-05-15,"10","10  day ahead inc hosp",2021-05-25,"quantile",0.6,11.884677334032
"7030",2021-05-15,"10","10  day ahead inc hosp",2021-05-25,"quantile",0.65,12.8236320854813
"7031",2021-05-15,"10","10  day ahead inc hosp",2021-05-25,"quantile",0.7,13.8722437041548
"7032",2021-05-15,"10","10  day ahead inc hosp",2021-05-25,"quantile",0.75,15.0746475167839
"7033",2021-05-15,"10","10  day ahead inc hosp",2021-05-25,"quantile",0.8,16.503770782436
"7034",2021-05-15,"10","10  day ahead inc hosp",2021-05-25,"quantile",0.85,18.2952108901993
"7035",2021-05-15,"10","10  day ahead inc hosp",2021-05-25,"quantile",0.9,20.7519219963491
"7036",2021-05-15,"10","10  day ahead inc hosp",2021-05-25,"quantile",0.95,24.8381063256833
"7037",2021-05-15,"10","10  day ahead inc hosp",2021-05-25,"quantile",0.975,28.8466188604515
"7038",2021-05-15,"10","10  day ahead inc hosp",2021-05-25,"quantile",0.99,34.096483267084
"7039",2021-05-15,"10","11  day ahead inc hosp",2021-05-26,"quantile",0.01,1.6006114675493
"7040",2021-05-15,"10","11  day ahead inc hosp",2021-05-26,"quantile",0.025,2.2761052414742
"7041",2021-05-15,"10","11  day ahead inc hosp",2021-05-26,"quantile",0.05,3.01110952993393
"7042",2021-05-15,"10","11  day ahead inc hosp",2021-05-26,"quantile",0.1,4.06486257256366
"7043",2021-05-15,"10","11  day ahead inc hosp",2021-05-26,"quantile",0.15,4.91761033305277
"7044",2021-05-15,"10","11  day ahead inc hosp",2021-05-26,"quantile",0.2,5.68578053551917
"7045",2021-05-15,"10","11  day ahead inc hosp",2021-05-26,"quantile",0.25,6.41363537553853
"7046",2021-05-15,"10","11  day ahead inc hosp",2021-05-26,"quantile",0.3,7.12488654394332
"7047",2021-05-15,"10","11  day ahead inc hosp",2021-05-26,"quantile",0.35,7.83529911263772
"7048",2021-05-15,"10","11  day ahead inc hosp",2021-05-26,"quantile",0.4,8.55731284206552
"7049",2021-05-15,"10","11  day ahead inc hosp",2021-05-26,"quantile",0.45,9.30228190481919
"7050",2021-05-15,"10","11  day ahead inc hosp",2021-05-26,"quantile",0.5,10.0819168883134
"7051",2021-05-15,"10","11  day ahead inc hosp",2021-05-26,"quantile",0.55,10.9095611251331
"7052",2021-05-15,"10","11  day ahead inc hosp",2021-05-26,"quantile",0.6,11.8017036807833
"7053",2021-05-15,"10","11  day ahead inc hosp",2021-05-26,"quantile",0.65,12.7801897782695
"7054",2021-05-15,"10","11  day ahead inc hosp",2021-05-26,"quantile",0.7,13.8759346318773
"7055",2021-05-15,"10","11  day ahead inc hosp",2021-05-26,"quantile",0.75,15.1359015441374
"7056",2021-05-15,"10","11  day ahead inc hosp",2021-05-26,"quantile",0.8,16.6378487032335
"7057",2021-05-15,"10","11  day ahead inc hosp",2021-05-26,"quantile",0.85,18.5266101184745
"7058",2021-05-15,"10","11  day ahead inc hosp",2021-05-26,"quantile",0.9,21.1263547481304
"7059",2021-05-15,"10","11  day ahead inc hosp",2021-05-26,"quantile",0.95,25.4711411568582
"7060",2021-05-15,"10","11  day ahead inc hosp",2021-05-26,"quantile",0.975,29.7541698131971
"7061",2021-05-15,"10","11  day ahead inc hosp",2021-05-26,"quantile",0.99,35.3890237282657
"7062",2021-05-15,"10","12  day ahead inc hosp",2021-05-27,"quantile",0.01,1.54084601617111
"7063",2021-05-15,"10","12  day ahead inc hosp",2021-05-27,"quantile",0.025,2.23140115622132
"7064",2021-05-15,"10","12  day ahead inc hosp",2021-05-27,"quantile",0.05,2.99157128884979
"7065",2021-05-15,"10","12  day ahead inc hosp",2021-05-27,"quantile",0.1,4.09233901542816
"7066",2021-05-15,"10","12  day ahead inc hosp",2021-05-27,"quantile",0.15,4.99004333681048
"7067",2021-05-15,"10","12  day ahead inc hosp",2021-05-27,"quantile",0.2,5.80281426380625
"7068",2021-05-15,"10","12  day ahead inc hosp",2021-05-27,"quantile",0.25,6.57591101849613
"7069",2021-05-15,"10","12  day ahead inc hosp",2021-05-27,"quantile",0.3,7.33378171725988
"7070",2021-05-15,"10","12  day ahead inc hosp",2021-05-27,"quantile",0.35,8.09284429754575
"7071",2021-05-15,"10","12  day ahead inc hosp",2021-05-27,"quantile",0.4,8.86620014665321
"7072",2021-05-15,"10","12  day ahead inc hosp",2021-05-27,"quantile",0.45,9.66594117908276
"7073",2021-05-15,"10","12  day ahead inc hosp",2021-05-27,"quantile",0.5,10.5046597170468
"7074",2021-05-15,"10","12  day ahead inc hosp",2021-05-27,"quantile",0.55,11.3968114209579
"7075",2021-05-15,"10","12  day ahead inc hosp",2021-05-27,"quantile",0.6,12.3603560786623
"7076",2021-05-15,"10","12  day ahead inc hosp",2021-05-27,"quantile",0.65,13.4191756518881
"7077",2021-05-15,"10","12  day ahead inc hosp",2021-05-27,"quantile",0.7,14.607153805143
"7078",2021-05-15,"10","12  day ahead inc hosp",2021-05-27,"quantile",0.75,15.9758563271429
"7079",2021-05-15,"10","12  day ahead inc hosp",2021-05-27,"quantile",0.8,17.610780472721
"7080",2021-05-15,"10","12  day ahead inc hosp",2021-05-27,"quantile",0.85,19.6713674665372
"7081",2021-05-15,"10","12  day ahead inc hosp",2021-05-27,"quantile",0.9,22.5149206198072
"7082",2021-05-15,"10","12  day ahead inc hosp",2021-05-27,"quantile",0.95,27.282980573947
"7083",2021-05-15,"10","12  day ahead inc hosp",2021-05-27,"quantile",0.975,31.9991856774411
"7084",2021-05-15,"10","12  day ahead inc hosp",2021-05-27,"quantile",0.99,38.2234071751653
"7085",2021-05-15,"10","13  day ahead inc hosp",2021-05-28,"quantile",0.01,1.33607830203704
"7086",2021-05-15,"10","13  day ahead inc hosp",2021-05-28,"quantile",0.025,1.99013606347975
"7087",2021-05-15,"10","13  day ahead inc hosp",2021-05-28,"quantile",0.05,2.72309719921727
"7088",2021-05-15,"10","13  day ahead inc hosp",2021-05-28,"quantile",0.1,3.80073549135996
"7089",2021-05-15,"10","13  day ahead inc hosp",2021-05-28,"quantile",0.15,4.6899032446239
"7090",2021-05-15,"10","13  day ahead inc hosp",2021-05-28,"quantile",0.2,5.50109709106417
"7091",2021-05-15,"10","13  day ahead inc hosp",2021-05-28,"quantile",0.25,6.27717578252224
"7092",2021-05-15,"10","13  day ahead inc hosp",2021-05-28,"quantile",0.3,7.04159898578459
"7093",2021-05-15,"10","13  day ahead inc hosp",2021-05-28,"quantile",0.35,7.81037092663775
"7094",2021-05-15,"10","13  day ahead inc hosp",2021-05-28,"quantile",0.4,8.59648669838644
"7095",2021-05-15,"10","13  day ahead inc hosp",2021-05-28,"quantile",0.45,9.41214334695099
"7096",2021-05-15,"10","13  day ahead inc hosp",2021-05-28,"quantile",0.5,10.2702247474665
"7097",2021-05-15,"10","13  day ahead inc hosp",2021-05-28,"quantile",0.55,11.1856824147723
"7098",2021-05-15,"10","13  day ahead inc hosp",2021-05-28,"quantile",0.6,12.1772355407102
"7099",2021-05-15,"10","13  day ahead inc hosp",2021-05-28,"quantile",0.65,13.2699073437693
"7100",2021-05-15,"10","13  day ahead inc hosp",2021-05-28,"quantile",0.7,14.4993290920175
"7101",2021-05-15,"10","13  day ahead inc hosp",2021-05-28,"quantile",0.75,15.9198657562075
"7102",2021-05-15,"10","13  day ahead inc hosp",2021-05-28,"quantile",0.8,17.6218349175626
"7103",2021-05-15,"10","13  day ahead inc hosp",2021-05-28,"quantile",0.85,19.7739601118619
"7104",2021-05-15,"10","13  day ahead inc hosp",2021-05-28,"quantile",0.9,22.7550222205285
"7105",2021-05-15,"10","13  day ahead inc hosp",2021-05-28,"quantile",0.95,27.7779388932995
"7106",2021-05-15,"10","13  day ahead inc hosp",2021-05-28,"quantile",0.975,32.7707232266427
"7107",2021-05-15,"10","13  day ahead inc hosp",2021-05-28,"quantile",0.99,39.3899809815741
"7108",2021-05-15,"10","14  day ahead inc hosp",2021-05-29,"quantile",0.01,1.17883625952261
"7109",2021-05-15,"10","14  day ahead inc hosp",2021-05-29,"quantile",0.025,1.80507142747514
"7110",2021-05-15,"10","14  day ahead inc hosp",2021-05-29,"quantile",0.05,2.51915213969424
"7111",2021-05-15,"10","14  day ahead inc hosp",2021-05-29,"quantile",0.1,3.58453171435524
"7112",2021-05-15,"10","14  day ahead inc hosp",2021-05-29,"quantile",0.15,4.47343858005029
"7113",2021-05-15,"10","14  day ahead inc hosp",2021-05-29,"quantile",0.2,5.29027251659303
"7114",2021-05-15,"10","14  day ahead inc hosp",2021-05-29,"quantile",0.25,6.07603495045315
"7115",2021-05-15,"10","14  day ahead inc hosp",2021-05-29,"quantile",0.3,6.85347229301501
"7116",2021-05-15,"10","14  day ahead inc hosp",2021-05-29,"quantile",0.35,7.63834892619926
"7117",2021-05-15,"10","14  day ahead inc hosp",2021-05-29,"quantile",0.4,8.44368448772737
"7118",2021-05-15,"10","14  day ahead inc hosp",2021-05-29,"quantile",0.45,9.28189579382186
"7119",2021-05-15,"10","14  day ahead inc hosp",2021-05-29,"quantile",0.5,10.1662728759985
"7120",2021-05-15,"10","14  day ahead inc hosp",2021-05-29,"quantile",0.55,11.1123909902803
"7121",2021-05-15,"10","14  day ahead inc hosp",2021-05-29,"quantile",0.6,12.1398848816802
"7122",2021-05-15,"10","14  day ahead inc hosp",2021-05-29,"quantile",0.65,13.2751247584298
"7123",2021-05-15,"10","14  day ahead inc hosp",2021-05-29,"quantile",0.7,14.5557803203781
"7124",2021-05-15,"10","14  day ahead inc hosp",2021-05-29,"quantile",0.75,16.0394583309186
"7125",2021-05-15,"10","14  day ahead inc hosp",2021-05-29,"quantile",0.8,17.822032453534
"7126",2021-05-15,"10","14  day ahead inc hosp",2021-05-29,"quantile",0.85,20.0828869837848
"7127",2021-05-15,"10","14  day ahead inc hosp",2021-05-29,"quantile",0.9,23.2253905391823
"7128",2021-05-15,"10","14  day ahead inc hosp",2021-05-29,"quantile",0.95,28.5438790861525
"7129",2021-05-15,"10","14  day ahead inc hosp",2021-05-29,"quantile",0.975,33.8542465435797
"7130",2021-05-15,"10","14  day ahead inc hosp",2021-05-29,"quantile",0.99,40.923732013719
"7131",2021-05-15,"10","15  day ahead inc hosp",2021-05-30,"quantile",0.01,0.992386232312067
"7132",2021-05-15,"10","15  day ahead inc hosp",2021-05-30,"quantile",0.025,1.57698386967325
"7133",2021-05-15,"10","15  day ahead inc hosp",2021-05-30,"quantile",0.05,2.25919430023656
"7134",2021-05-15,"10","15  day ahead inc hosp",2021-05-30,"quantile",0.1,3.29685737504487
"7135",2021-05-15,"10","15  day ahead inc hosp",2021-05-30,"quantile",0.15,4.17530355465998
"7136",2021-05-15,"10","15  day ahead inc hosp",2021-05-30,"quantile",0.2,4.99010565411303
"7137",2021-05-15,"10","15  day ahead inc hosp",2021-05-30,"quantile",0.25,5.77945779727991
"7138",2021-05-15,"10","15  day ahead inc hosp",2021-05-30,"quantile",0.3,6.5649509554255
"7139",2021-05-15,"10","15  day ahead inc hosp",2021-05-30,"quantile",0.35,7.36187681660478
"7140",2021-05-15,"10","15  day ahead inc hosp",2021-05-30,"quantile",0.4,8.18315433951055
"7141",2021-05-15,"10","15  day ahead inc hosp",2021-05-30,"quantile",0.45,9.04136136604679
"7142",2021-05-15,"10","15  day ahead inc hosp",2021-05-30,"quantile",0.5,9.95018503084431
"7143",2021-05-15,"10","15  day ahead inc hosp",2021-05-30,"quantile",0.55,10.9258610388506
"7144",2021-05-15,"10","15  day ahead inc hosp",2021-05-30,"quantile",0.6,11.9890281184662
"7145",2021-05-15,"10","15  day ahead inc hosp",2021-05-30,"quantile",0.65,13.1675613868696
"7146",2021-05-15,"10","15  day ahead inc hosp",2021-05-30,"quantile",0.7,14.501433830387
"7147",2021-05-15,"10","15  day ahead inc hosp",2021-05-30,"quantile",0.75,16.0519435089635
"7148",2021-05-15,"10","15  day ahead inc hosp",2021-05-30,"quantile",0.8,17.9213284061447
"7149",2021-05-15,"10","15  day ahead inc hosp",2021-05-30,"quantile",0.85,20.3012495526652
"7150",2021-05-15,"10","15  day ahead inc hosp",2021-05-30,"quantile",0.9,23.6235469707079
"7151",2021-05-15,"10","15  day ahead inc hosp",2021-05-30,"quantile",0.95,29.2774863259181
"7152",2021-05-15,"10","15  day ahead inc hosp",2021-05-30,"quantile",0.975,34.9543214518765
"7153",2021-05-15,"10","15  day ahead inc hosp",2021-05-30,"quantile",0.99,42.5504440484367
"7154",2021-05-15,"10","16  day ahead inc hosp",2021-05-31,"quantile",0.01,0.850253709133197
"7155",2021-05-15,"10","16  day ahead inc hosp",2021-05-31,"quantile",0.025,1.39737595473409
"7156",2021-05-15,"10","16  day ahead inc hosp",2021-05-31,"quantile",0.05,2.04928428986749
"7157",2021-05-15,"10","16  day ahead inc hosp",2021-05-31,"quantile",0.1,3.0579993255596
"7158",2021-05-15,"10","16  day ahead inc hosp",2021-05-31,"quantile",0.15,3.92289885316143
"7159",2021-05-15,"10","16  day ahead inc hosp",2021-05-31,"quantile",0.2,4.73170192258801
"7160",2021-05-15,"10","16  day ahead inc hosp",2021-05-31,"quantile",0.25,5.52004962000244
"7161",2021-05-15,"10","16  day ahead inc hosp",2021-05-31,"quantile",0.3,6.30845243757537
"7162",2021-05-15,"10","16  day ahead inc hosp",2021-05-31,"quantile",0.35,7.11173244656699
"7163",2021-05-15,"10","16  day ahead inc hosp",2021-05-31,"quantile",0.4,7.94266974905697
"7164",2021-05-15,"10","16  day ahead inc hosp",2021-05-31,"quantile",0.45,8.81393204043002
"7165",2021-05-15,"10","16  day ahead inc hosp",2021-05-31,"quantile",0.5,9.73949789039257
"7166",2021-05-15,"10","16  day ahead inc hosp",2021-05-31,"quantile",0.55,10.7361147418604
"7167",2021-05-15,"10","16  day ahead inc hosp",2021-05-31,"quantile",0.6,11.8252166762005
"7168",2021-05-15,"10","16  day ahead inc hosp",2021-05-31,"quantile",0.65,13.0358849940732
"7169",2021-05-15,"10","16  day ahead inc hosp",2021-05-31,"quantile",0.7,14.4099521162578
"7170",2021-05-15,"10","16  day ahead inc hosp",2021-05-31,"quantile",0.75,16.0117113209616
"7171",2021-05-15,"10","16  day ahead inc hosp",2021-05-31,"quantile",0.8,17.9485862267089
"7172",2021-05-15,"10","16  day ahead inc hosp",2021-05-31,"quantile",0.85,20.422279606753
"7173",2021-05-15,"10","16  day ahead inc hosp",2021-05-31,"quantile",0.9,23.8880156935654
"7174",2021-05-15,"10","16  day ahead inc hosp",2021-05-31,"quantile",0.95,29.8134351108366
"7175",2021-05-15,"10","16  day ahead inc hosp",2021-05-31,"quantile",0.975,35.7905734705556
"7176",2021-05-15,"10","16  day ahead inc hosp",2021-05-31,"quantile",0.99,43.822661106685
"7177",2021-05-15,"10","17  day ahead inc hosp",2021-06-01,"quantile",0.01,0.767639138558654
"7178",2021-05-15,"10","17  day ahead inc hosp",2021-06-01,"quantile",0.025,1.29836618003989
"7179",2021-05-15,"10","17  day ahead inc hosp",2021-06-01,"quantile",0.05,1.94198295412771
"7180",2021-05-15,"10","17  day ahead inc hosp",2021-06-01,"quantile",0.1,2.95226535602704
"7181",2021-05-15,"10","17  day ahead inc hosp",2021-06-01,"quantile",0.15,3.82771778585193
"7182",2021-05-15,"10","17  day ahead inc hosp",2021-06-01,"quantile",0.2,4.65190903425226
"7183",2021-05-15,"10","17  day ahead inc hosp",2021-06-01,"quantile",0.25,5.45929946561293
"7184",2021-05-15,"10","17  day ahead inc hosp",2021-06-01,"quantile",0.3,6.27003688619112
"7185",2021-05-15,"10","17  day ahead inc hosp",2021-06-01,"quantile",0.35,7.09893851788903
"7186",2021-05-15,"10","17  day ahead inc hosp",2021-06-01,"quantile",0.4,7.95900194792083
"7187",2021-05-15,"10","17  day ahead inc hosp",2021-06-01,"quantile",0.45,8.86330093638146
"7188",2021-05-15,"10","17  day ahead inc hosp",2021-06-01,"quantile",0.5,9.82642378971319
"7189",2021-05-15,"10","17  day ahead inc hosp",2021-06-01,"quantile",0.55,10.8659856520823
"7190",2021-05-15,"10","17  day ahead inc hosp",2021-06-01,"quantile",0.6,12.0046501031771
"7191",2021-05-15,"10","17  day ahead inc hosp",2021-06-01,"quantile",0.65,13.2732748389763
"7192",2021-05-15,"10","17  day ahead inc hosp",2021-06-01,"quantile",0.7,14.7163542609679
"7193",2021-05-15,"10","17  day ahead inc hosp",2021-06-01,"quantile",0.75,16.4023918697513
"7194",2021-05-15,"10","17  day ahead inc hosp",2021-06-01,"quantile",0.8,18.4460043793991
"7195",2021-05-15,"10","17  day ahead inc hosp",2021-06-01,"quantile",0.85,21.0626703774203
"7196",2021-05-15,"10","17  day ahead inc hosp",2021-06-01,"quantile",0.9,24.7393480106319
"7197",2021-05-15,"10","17  day ahead inc hosp",2021-06-01,"quantile",0.95,31.04866610288
"7198",2021-05-15,"10","17  day ahead inc hosp",2021-06-01,"quantile",0.975,37.4366159912863
"7199",2021-05-15,"10","17  day ahead inc hosp",2021-06-01,"quantile",0.99,46.0497846617486
"7200",2021-05-15,"10","18  day ahead inc hosp",2021-06-02,"quantile",0.01,0.672366991037929
"7201",2021-05-15,"10","18  day ahead inc hosp",2021-06-02,"quantile",0.025,1.17589309713826
"7202",2021-05-15,"10","18  day ahead inc hosp",2021-06-02,"quantile",0.05,1.79907715003707
"7203",2021-05-15,"10","18  day ahead inc hosp",2021-06-02,"quantile",0.1,2.79345820693635
"7204",2021-05-15,"10","18  day ahead inc hosp",2021-06-02,"quantile",0.15,3.66550450682388
"7205",2021-05-15,"10","18  day ahead inc hosp",2021-06-02,"quantile",0.2,4.49271989606332
"7206",2021-05-15,"10","18  day ahead inc hosp",2021-06-02,"quantile",0.25,5.30764537438184
"7207",2021-05-15,"10","18  day ahead inc hosp",2021-06-02,"quantile",0.3,6.12967535042513
"7208",2021-05-15,"10","18  day ahead inc hosp",2021-06-02,"quantile",0.35,6.97337170138784
"7209",2021-05-15,"10","18  day ahead inc hosp",2021-06-02,"quantile",0.4,7.85176282592584
"7210",2021-05-15,"10","18  day ahead inc hosp",2021-06-02,"quantile",0.45,8.77816974202624
"7211",2021-05-15,"10","18  day ahead inc hosp",2021-06-02,"quantile",0.5,9.76763819446836
"7212",2021-05-15,"10","18  day ahead inc hosp",2021-06-02,"quantile",0.55,10.8384885849137
"7213",2021-05-15,"10","18  day ahead inc hosp",2021-06-02,"quantile",0.6,12.0144239887281
"7214",2021-05-15,"10","18  day ahead inc hosp",2021-06-02,"quantile",0.65,13.327837605153
"7215",2021-05-15,"10","18  day ahead inc hosp",2021-06-02,"quantile",0.7,14.8255567695371
"7216",2021-05-15,"10","18  day ahead inc hosp",2021-06-02,"quantile",0.75,16.5798101317811
"7217",2021-05-15,"10","18  day ahead inc hosp",2021-06-02,"quantile",0.8,18.7116263585253
"7218",2021-05-15,"10","18  day ahead inc hosp",2021-06-02,"quantile",0.85,21.448846124677
"7219",2021-05-15,"10","18  day ahead inc hosp",2021-06-02,"quantile",0.9,25.3071029400826
"7220",2021-05-15,"10","18  day ahead inc hosp",2021-06-02,"quantile",0.95,31.9547195702941
"7221",2021-05-15,"10","18  day ahead inc hosp",2021-06-02,"quantile",0.975,38.7122787822591
"7222",2021-05-15,"10","18  day ahead inc hosp",2021-06-02,"quantile",0.99,47.8572383783712
"7223",2021-05-15,"10","19  day ahead inc hosp",2021-06-03,"quantile",0.01,0.600021494891804
"7224",2021-05-15,"10","19  day ahead inc hosp",2021-06-03,"quantile",0.025,1.08352116338952
"7225",2021-05-15,"10","19  day ahead inc hosp",2021-06-03,"quantile",0.05,1.69359835722047
"7226",2021-05-15,"10","19  day ahead inc hosp",2021-06-03,"quantile",0.1,2.68217362526571
"7227",2021-05-15,"10","19  day ahead inc hosp",2021-06-03,"quantile",0.15,3.55883152330396
"7228",2021-05-15,"10","19  day ahead inc hosp",2021-06-03,"quantile",0.2,4.39625600894286
"7229",2021-05-15,"10","19  day ahead inc hosp",2021-06-03,"quantile",0.25,5.2255250781971
"7230",2021-05-15,"10","19  day ahead inc hosp",2021-06-03,"quantile",0.3,6.0655198695201
"7231",2021-05-15,"10","19  day ahead inc hosp",2021-06-03,"quantile",0.35,6.93070567282604
"7232",2021-05-15,"10","19  day ahead inc hosp",2021-06-03,"quantile",0.4,7.83426750982244
"7233",2021-05-15,"10","19  day ahead inc hosp",2021-06-03,"quantile",0.45,8.78988976895054
"7234",2021-05-15,"10","19  day ahead inc hosp",2021-06-03,"quantile",0.5,9.81319708771224
"7235",2021-05-15,"10","19  day ahead inc hosp",2021-06-03,"quantile",0.55,10.9233554730712
"7236",2021-05-15,"10","19  day ahead inc hosp",2021-06-03,"quantile",0.6,12.1452831284068
"7237",2021-05-15,"10","19  day ahead inc hosp",2021-06-03,"quantile",0.65,13.5131439840995
"7238",2021-05-15,"10","19  day ahead inc hosp",2021-06-03,"quantile",0.7,15.0764343981456
"7239",2021-05-15,"10","19  day ahead inc hosp",2021-06-03,"quantile",0.75,16.9116232551976
"7240",2021-05-15,"10","19  day ahead inc hosp",2021-06-03,"quantile",0.8,19.1470115453271
"7241",2021-05-15,"10","19  day ahead inc hosp",2021-06-03,"quantile",0.85,22.0244198896321
"7242",2021-05-15,"10","19  day ahead inc hosp",2021-06-03,"quantile",0.9,26.0918196013655
"7243",2021-05-15,"10","19  day ahead inc hosp",2021-06-03,"quantile",0.95,33.1250965830846
"7244",2021-05-15,"10","19  day ahead inc hosp",2021-06-03,"quantile",0.975,40.3004040120498
"7245",2021-05-15,"10","19  day ahead inc hosp",2021-06-03,"quantile",0.99,50.0424503256007
"7246",2021-05-15,"10","20  day ahead inc hosp",2021-06-04,"quantile",0.01,0.522974569241843
"7247",2021-05-15,"10","20  day ahead inc hosp",2021-06-04,"quantile",0.025,0.979316604329708
"7248",2021-05-15,"10","20  day ahead inc hosp",2021-06-04,"quantile",0.05,1.56777216287084
"7249",2021-05-15,"10","20  day ahead inc hosp",2021-06-04,"quantile",0.1,2.53776917353606
"7250",2021-05-15,"10","20  day ahead inc hosp",2021-06-04,"quantile",0.15,3.40854944850561
"7251",2021-05-15,"10","20  day ahead inc hosp",2021-06-04,"quantile",0.2,4.2467445916536
"7252",2021-05-15,"10","20  day ahead inc hosp",2021-06-04,"quantile",0.25,5.08147519393008
"7253",2021-05-15,"10","20  day ahead inc hosp",2021-06-04,"quantile",0.3,5.93083988648361
"7254",2021-05-15,"10","20  day ahead inc hosp",2021-06-04,"quantile",0.35,6.80902986417387
"7255",2021-05-15,"10","20  day ahead inc hosp",2021-06-04,"quantile",0.4,7.72925062856772
"7256",2021-05-15,"10","20  day ahead inc hosp",2021-06-04,"quantile",0.45,8.70543076515543
"7257",2021-05-15,"10","20  day ahead inc hosp",2021-06-04,"quantile",0.5,9.75365651559517
"7258",2021-05-15,"10","20  day ahead inc hosp",2021-06-04,"quantile",0.55,10.8938117132232
"7259",2021-05-15,"10","20  day ahead inc hosp",2021-06-04,"quantile",0.6,12.1518778678056
"7260",2021-05-15,"10","20  day ahead inc hosp",2021-06-04,"quantile",0.65,13.5635950815204
"7261",2021-05-15,"10","20  day ahead inc hosp",2021-06-04,"quantile",0.7,15.1808611554571
"7262",2021-05-15,"10","20  day ahead inc hosp",2021-06-04,"quantile",0.75,17.0839891451871
"7263",2021-05-15,"10","20  day ahead inc hosp",2021-06-04,"quantile",0.8,19.4079131629568
"7264",2021-05-15,"10","20  day ahead inc hosp",2021-06-04,"quantile",0.85,22.4072758712902
"7265",2021-05-15,"10","20  day ahead inc hosp",2021-06-04,"quantile",0.9,26.6598813408678
"7266",2021-05-15,"10","20  day ahead inc hosp",2021-06-04,"quantile",0.95,34.0415742878306
"7267",2021-05-15,"10","20  day ahead inc hosp",2021-06-04,"quantile",0.975,41.600964839628
"7268",2021-05-15,"10","20  day ahead inc hosp",2021-06-04,"quantile",0.99,51.8998903860475
"7269",2021-05-15,"10","21  day ahead inc hosp",2021-06-05,"quantile",0.01,0.469802425894579
"7270",2021-05-15,"10","21  day ahead inc hosp",2021-06-05,"quantile",0.025,0.909193537578915
"7271",2021-05-15,"10","21  day ahead inc hosp",2021-06-05,"quantile",0.05,1.48695829398948
"7272",2021-05-15,"10","21  day ahead inc hosp",2021-06-05,"quantile",0.1,2.45391952264258
"7273",2021-05-15,"10","21  day ahead inc hosp",2021-06-05,"quantile",0.15,3.33137393920671
"7274",2021-05-15,"10","21  day ahead inc hosp",2021-06-05,"quantile",0.2,4.18166084249159
"7275",2021-05-15,"10","21  day ahead inc hosp",2021-06-05,"quantile",0.25,5.03260668890278
"7276",2021-05-15,"10","21  day ahead inc hosp",2021-06-05,"quantile",0.3,5.90188244675068
"7277",2021-05-15,"10","21  day ahead inc hosp",2021-06-05,"quantile",0.35,6.8036422034611
"7278",2021-05-15,"10","21  day ahead inc hosp",2021-06-05,"quantile",0.4,7.75130065881747
"7279",2021-05-15,"10","21  day ahead inc hosp",2021-06-05,"quantile",0.45,8.75920487275236
"7280",2021-05-15,"10","21  day ahead inc hosp",2021-06-05,"quantile",0.5,9.84408459361944
"7281",2021-05-15,"10","21  day ahead inc hosp",2021-06-05,"quantile",0.55,11.0267509403777
"7282",2021-05-15,"10","21  day ahead inc hosp",2021-06-05,"quantile",0.6,12.3345098118667
"7283",2021-05-15,"10","21  day ahead inc hosp",2021-06-05,"quantile",0.65,13.805025771755
"7284",2021-05-15,"10","21  day ahead inc hosp",2021-06-05,"quantile",0.7,15.493093768382
"7285",2021-05-15,"10","21  day ahead inc hosp",2021-06-05,"quantile",0.75,17.4836277993857
"7286",2021-05-15,"10","21  day ahead inc hosp",2021-06-05,"quantile",0.8,19.9194540439937
"7287",2021-05-15,"10","21  day ahead inc hosp",2021-06-05,"quantile",0.85,23.0703938494139
"7288",2021-05-15,"10","21  day ahead inc hosp",2021-06-05,"quantile",0.9,27.5493897278081
"7289",2021-05-15,"10","21  day ahead inc hosp",2021-06-05,"quantile",0.95,35.3493083128632
"7290",2021-05-15,"10","21  day ahead inc hosp",2021-06-05,"quantile",0.975,43.3626867375915
"7291",2021-05-15,"10","21  day ahead inc hosp",2021-06-05,"quantile",0.99,54.3119218050574
"7292",2021-05-15,"10","22  day ahead inc hosp",2021-06-06,"quantile",0.01,0.339210726540929
"7293",2021-05-15,"10","22  day ahead inc hosp",2021-06-06,"quantile",0.025,0.703563536033736
"7294",2021-05-15,"10","22  day ahead inc hosp",2021-06-06,"quantile",0.05,1.20247741753564
"7295",2021-05-15,"10","22  day ahead inc hosp",2021-06-06,"quantile",0.1,2.06380609788997
"7296",2021-05-15,"10","22  day ahead inc hosp",2021-06-06,"quantile",0.15,2.86254877574139
"7297",2021-05-15,"10","22  day ahead inc hosp",2021-06-06,"quantile",0.2,3.64697447432596
"7298",2021-05-15,"10","22  day ahead inc hosp",2021-06-06,"quantile",0.25,4.4397157224171
"7299",2021-05-15,"10","22  day ahead inc hosp",2021-06-06,"quantile",0.3,5.2558586780317
"7300",2021-05-15,"10","22  day ahead inc hosp",2021-06-06,"quantile",0.35,6.10804931651544
"7301",2021-05-15,"10","22  day ahead inc hosp",2021-06-06,"quantile",0.4,7.00872711372691
"7302",2021-05-15,"10","22  day ahead inc hosp",2021-06-06,"quantile",0.45,7.97156035884622
"7303",2021-05-15,"10","22  day ahead inc hosp",2021-06-06,"quantile",0.5,9.01277978838589
"7304",2021-05-15,"10","22  day ahead inc hosp",2021-06-06,"quantile",0.55,10.1528154844113
"7305",2021-05-15,"10","22  day ahead inc hosp",2021-06-06,"quantile",0.6,11.4186783029059
"7306",2021-05-15,"10","22  day ahead inc hosp",2021-06-06,"quantile",0.65,12.8478130732566
"7307",2021-05-15,"10","22  day ahead inc hosp",2021-06-06,"quantile",0.7,14.4948837454091
"7308",2021-05-15,"10","22  day ahead inc hosp",2021-06-06,"quantile",0.75,16.4448196507089
"7309",2021-05-15,"10","22  day ahead inc hosp",2021-06-06,"quantile",0.8,18.840777419646
"7310",2021-05-15,"10","22  day ahead inc hosp",2021-06-06,"quantile",0.85,21.9537447708247
"7311",2021-05-15,"10","22  day ahead inc hosp",2021-06-06,"quantile",0.9,26.4006498062605
"7312",2021-05-15,"10","22  day ahead inc hosp",2021-06-06,"quantile",0.95,34.1929914692047
"7313",2021-05-15,"10","22  day ahead inc hosp",2021-06-06,"quantile",0.975,42.2478666930261
"7314",2021-05-15,"10","22  day ahead inc hosp",2021-06-06,"quantile",0.99,53.314960561087
"7315",2021-05-15,"10","23  day ahead inc hosp",2021-06-07,"quantile",0.01,0.288631956375481
"7316",2021-05-15,"10","23  day ahead inc hosp",2021-06-07,"quantile",0.025,0.626559457463434
"7317",2021-05-15,"10","23  day ahead inc hosp",2021-06-07,"quantile",0.05,1.10159653568405
"7318",2021-05-15,"10","23  day ahead inc hosp",2021-06-07,"quantile",0.1,1.93806008996932
"7319",2021-05-15,"10","23  day ahead inc hosp",2021-06-07,"quantile",0.15,2.72435726084323
"7320",2021-05-15,"10","23  day ahead inc hosp",2021-06-07,"quantile",0.2,3.50299499014603
"7321",2021-05-15,"10","23  day ahead inc hosp",2021-06-07,"quantile",0.25,4.29464633730024
"7322",2021-05-15,"10","23  day ahead inc hosp",2021-06-07,"quantile",0.3,5.1135723442649
"7323",2021-05-15,"10","23  day ahead inc hosp",2021-06-07,"quantile",0.35,5.97209467547057
"7324",2021-05-15,"10","23  day ahead inc hosp",2021-06-07,"quantile",0.4,6.88262010511799
"7325",2021-05-15,"10","23  day ahead inc hosp",2021-06-07,"quantile",0.45,7.85900381290623
"7326",2021-05-15,"10","23  day ahead inc hosp",2021-06-07,"quantile",0.5,8.91787366761145
"7327",2021-05-15,"10","23  day ahead inc hosp",2021-06-07,"quantile",0.55,10.080301489414
"7328",2021-05-15,"10","23  day ahead inc hosp",2021-06-07,"quantile",0.6,11.3742672609511
"7329",2021-05-15,"10","23  day ahead inc hosp",2021-06-07,"quantile",0.65,12.8386697036933
"7330",2021-05-15,"10","23  day ahead inc hosp",2021-06-07,"quantile",0.7,14.53040719909
"7331",2021-05-15,"10","23  day ahead inc hosp",2021-06-07,"quantile",0.75,16.5380115433632
"7332",2021-05-15,"10","23  day ahead inc hosp",2021-06-07,"quantile",0.8,19.010896563017
"7333",2021-05-15,"10","23  day ahead inc hosp",2021-06-07,"quantile",0.85,22.2322270932147
"7334",2021-05-15,"10","23  day ahead inc hosp",2021-06-07,"quantile",0.9,26.8474794187186
"7335",2021-05-15,"10","23  day ahead inc hosp",2021-06-07,"quantile",0.95,34.9647559227362
"7336",2021-05-15,"10","23  day ahead inc hosp",2021-06-07,"quantile",0.975,43.386057147571
"7337",2021-05-15,"10","23  day ahead inc hosp",2021-06-07,"quantile",0.99,54.9945201658726
"7338",2021-05-15,"10","24  day ahead inc hosp",2021-06-08,"quantile",0.01,0.258250789949649
"7339",2021-05-15,"10","24  day ahead inc hosp",2021-06-08,"quantile",0.025,0.582311701831632
"7340",2021-05-15,"10","24  day ahead inc hosp",2021-06-08,"quantile",0.05,1.04782541612447
"7341",2021-05-15,"10","24  day ahead inc hosp",2021-06-08,"quantile",0.1,1.88080453440372
"7342",2021-05-15,"10","24  day ahead inc hosp",2021-06-08,"quantile",0.15,2.67244422546035
"7343",2021-05-15,"10","24  day ahead inc hosp",2021-06-08,"quantile",0.2,3.46159812972046
"7344",2021-05-15,"10","24  day ahead inc hosp",2021-06-08,"quantile",0.25,4.26780849352151
"7345",2021-05-15,"10","24  day ahead inc hosp",2021-06-08,"quantile",0.3,5.10496968393166
"7346",2021-05-15,"10","24  day ahead inc hosp",2021-06-08,"quantile",0.35,5.98539514321974
"7347",2021-05-15,"10","24  day ahead inc hosp",2021-06-08,"quantile",0.4,6.92171829413293
"7348",2021-05-15,"10","24  day ahead inc hosp",2021-06-08,"quantile",0.45,7.92822690431824
"7349",2021-05-15,"10","24  day ahead inc hosp",2021-06-08,"quantile",0.5,9.02220743591845
"7350",2021-05-15,"10","24  day ahead inc hosp",2021-06-08,"quantile",0.55,10.2256785003672
"7351",2021-05-15,"10","24  day ahead inc hosp",2021-06-08,"quantile",0.6,11.567972528088
"7352",2021-05-15,"10","24  day ahead inc hosp",2021-06-08,"quantile",0.65,13.0899557791159
"7353",2021-05-15,"10","24  day ahead inc hosp",2021-06-08,"quantile",0.7,14.8514936237117
"7354",2021-05-15,"10","24  day ahead inc hosp",2021-06-08,"quantile",0.75,16.9458392446693
"7355",2021-05-15,"10","24  day ahead inc hosp",2021-06-08,"quantile",0.8,19.5305240355626
"7356",2021-05-15,"10","24  day ahead inc hosp",2021-06-08,"quantile",0.85,22.9043676577271
"7357",2021-05-15,"10","24  day ahead inc hosp",2021-06-08,"quantile",0.9,27.749207162992
"7358",2021-05-15,"10","24  day ahead inc hosp",2021-06-08,"quantile",0.95,36.2947864432939
"7359",2021-05-15,"10","24  day ahead inc hosp",2021-06-08,"quantile",0.975,45.1854448802886
"7360",2021-05-15,"10","24  day ahead inc hosp",2021-06-08,"quantile",0.99,57.4719655588964
"7361",2021-05-15,"10","25  day ahead inc hosp",2021-06-09,"quantile",0.01,0.215422094131974
"7362",2021-05-15,"10","25  day ahead inc hosp",2021-06-09,"quantile",0.025,0.511863349365448
"7363",2021-05-15,"10","25  day ahead inc hosp",2021-06-09,"quantile",0.05,0.950451710494254
"7364",2021-05-15,"10","25  day ahead inc hosp",2021-06-09,"quantile",0.1,1.75239744548686
"7365",2021-05-15,"10","25  day ahead inc hosp",2021-06-09,"quantile",0.15,2.52571553128331
"7366",2021-05-15,"10","25  day ahead inc hosp",2021-06-09,"quantile",0.2,3.30340186320227
"7367",2021-05-15,"10","25  day ahead inc hosp",2021-06-09,"quantile",0.25,4.10293824276156
"7368",2021-05-15,"10","25  day ahead inc hosp",2021-06-09,"quantile",0.3,4.93731572049764
"7369",2021-05-15,"10","25  day ahead inc hosp",2021-06-09,"quantile",0.35,5.81845871651343
"7370",2021-05-15,"10","25  day ahead inc hosp",2021-06-09,"quantile",0.4,6.75890906945482
"7371",2021-05-15,"10","25  day ahead inc hosp",2021-06-09,"quantile",0.45,7.77308272103154
"7372",2021-05-15,"10","25  day ahead inc hosp",2021-06-09,"quantile",0.5,8.87859977154241
"7373",2021-05-15,"10","25  day ahead inc hosp",2021-06-09,"quantile",0.55,10.0980469469572
"7374",2021-05-15,"10","25  day ahead inc hosp",2021-06-09,"quantile",0.6,11.4616350670917
"7375",2021-05-15,"10","25  day ahead inc hosp",2021-06-09,"quantile",0.65,13.0115659773645
"7376",2021-05-15,"10","25  day ahead inc hosp",2021-06-09,"quantile",0.7,14.8097762323045
"7377",2021-05-15,"10","25  day ahead inc hosp",2021-06-09,"quantile",0.75,16.952881551935
"7378",2021-05-15,"10","25  day ahead inc hosp",2021-06-09,"quantile",0.8,19.6042893766039
"7379",2021-05-15,"10","25  day ahead inc hosp",2021-06-09,"quantile",0.85,23.0743230363529
"7380",2021-05-15,"10","25  day ahead inc hosp",2021-06-09,"quantile",0.9,28.0719651258419
"7381",2021-05-15,"10","25  day ahead inc hosp",2021-06-09,"quantile",0.95,36.9195775899937
"7382",2021-05-15,"10","25  day ahead inc hosp",2021-06-09,"quantile",0.975,46.1576914507745
"7383",2021-05-15,"10","25  day ahead inc hosp",2021-06-09,"quantile",0.99,58.9657028638584
"7384",2021-05-15,"10","26  day ahead inc hosp",2021-06-10,"quantile",0.01,0.195320092919481
"7385",2021-05-15,"10","26  day ahead inc hosp",2021-06-10,"quantile",0.025,0.481872526523583
"7386",2021-05-15,"10","26  day ahead inc hosp",2021-06-10,"quantile",0.05,0.914790721303687
"7387",2021-05-15,"10","26  day ahead inc hosp",2021-06-10,"quantile",0.1,1.71842747958043
"7388",2021-05-15,"10","26  day ahead inc hosp",2021-06-10,"quantile",0.15,2.50121945801572
"7389",2021-05-15,"10","26  day ahead inc hosp",2021-06-10,"quantile",0.2,3.29320092339822
"7390",2021-05-15,"10","26  day ahead inc hosp",2021-06-10,"quantile",0.25,4.11097019520674
"7391",2021-05-15,"10","26  day ahead inc hosp",2021-06-10,"quantile",0.3,4.96728374266611
"7392",2021-05-15,"10","26  day ahead inc hosp",2021-06-10,"quantile",0.35,5.87414967108744
"7393",2021-05-15,"10","26  day ahead inc hosp",2021-06-10,"quantile",0.4,6.84441501178885
"7394",2021-05-15,"10","26  day ahead inc hosp",2021-06-10,"quantile",0.45,7.8930069209193
"7395",2021-05-15,"10","26  day ahead inc hosp",2021-06-10,"quantile",0.5,9.0382924761508
"7396",2021-05-15,"10","26  day ahead inc hosp",2021-06-10,"quantile",0.55,10.3039132829291
"7397",2021-05-15,"10","26  day ahead inc hosp",2021-06-10,"quantile",0.6,11.7215736921312
"7398",2021-05-15,"10","26  day ahead inc hosp",2021-06-10,"quantile",0.65,13.3356380166465
"7399",2021-05-15,"10","26  day ahead inc hosp",2021-06-10,"quantile",0.7,15.2112950279833
"7400",2021-05-15,"10","26  day ahead inc hosp",2021-06-10,"quantile",0.75,17.4503276186036
"7401",2021-05-15,"10","26  day ahead inc hosp",2021-06-10,"quantile",0.8,20.2250187110376
"7402",2021-05-15,"10","26  day ahead inc hosp",2021-06-10,"quantile",0.85,23.8627972326573
"7403",2021-05-15,"10","26  day ahead inc hosp",2021-06-10,"quantile",0.9,29.1123572571275
"7404",2021-05-15,"10","26  day ahead inc hosp",2021-06-10,"quantile",0.95,38.4288538770818
"7405",2021-05-15,"10","26  day ahead inc hosp",2021-06-10,"quantile",0.975,48.1799532575243
"7406",2021-05-15,"10","26  day ahead inc hosp",2021-06-10,"quantile",0.99,61.7283023058475
"7407",2021-05-15,"10","27  day ahead inc hosp",2021-06-11,"quantile",0.01,0.168433822269669
"7408",2021-05-15,"10","27  day ahead inc hosp",2021-06-11,"quantile",0.025,0.436330669023935
"7409",2021-05-15,"10","27  day ahead inc hosp",2021-06-11,"quantile",0.05,0.852082043482362
"7410",2021-05-15,"10","27  day ahead inc hosp",2021-06-11,"quantile",0.1,1.63879205592697
"7411",2021-05-15,"10","27  day ahead inc hosp",2021-06-11,"quantile",0.15,2.41484652517692
"7412",2021-05-15,"10","27  day ahead inc hosp",2021-06-11,"quantile",0.2,3.20595363348311
"7413",2021-05-15,"10","27  day ahead inc hosp",2021-06-11,"quantile",0.25,4.02723560648344
"7414",2021-05-15,"10","27  day ahead inc hosp",2021-06-11,"quantile",0.3,4.89086492339177
"7415",2021-05-15,"10","27  day ahead inc hosp",2021-06-11,"quantile",0.35,5.80868080435308
"7416",2021-05-15,"10","27  day ahead inc hosp",2021-06-11,"quantile",0.4,6.79362094832453
"7417",2021-05-15,"10","27  day ahead inc hosp",2021-06-11,"quantile",0.45,7.86091579646247
"7418",2021-05-15,"10","27  day ahead inc hosp",2021-06-11,"quantile",0.5,9.02945528623872
"7419",2021-05-15,"10","27  day ahead inc hosp",2021-06-11,"quantile",0.55,10.3236730394159
"7420",2021-05-15,"10","27  day ahead inc hosp",2021-06-11,"quantile",0.6,11.7764365577133
"7421",2021-05-15,"10","27  day ahead inc hosp",2021-06-11,"quantile",0.65,13.4338312334931
"7422",2021-05-15,"10","27  day ahead inc hosp",2021-06-11,"quantile",0.7,15.3636717470195
"7423",2021-05-15,"10","27  day ahead inc hosp",2021-06-11,"quantile",0.75,17.6719579015624
"7424",2021-05-15,"10","27  day ahead inc hosp",2021-06-11,"quantile",0.8,20.5382810926963
"7425",2021-05-15,"10","27  day ahead inc hosp",2021-06-11,"quantile",0.85,24.304276099821
"7426",2021-05-15,"10","27  day ahead inc hosp",2021-06-11,"quantile",0.9,29.7519194188513
"7427",2021-05-15,"10","27  day ahead inc hosp",2021-06-11,"quantile",0.95,39.448953329646
"7428",2021-05-15,"10","27  day ahead inc hosp",2021-06-11,"quantile",0.975,49.6280075364586
"7429",2021-05-15,"10","27  day ahead inc hosp",2021-06-11,"quantile",0.99,63.8079084701865
"7430",2021-05-15,"10","28  day ahead inc hosp",2021-06-12,"quantile",0.01,0.146430337243348
"7431",2021-05-15,"10","28  day ahead inc hosp",2021-06-12,"quantile",0.025,0.39821284259605
"7432",2021-05-15,"10","28  day ahead inc hosp",2021-06-12,"quantile",0.05,0.799402190640156
"7433",2021-05-15,"10","28  day ahead inc hosp",2021-06-12,"quantile",0.1,1.57279050196805
"7434",2021-05-15,"10","28  day ahead inc hosp",2021-06-12,"quantile",0.15,2.34500276330219
"7435",2021-05-15,"10","28  day ahead inc hosp",2021-06-12,"quantile",0.2,3.13786688350625
"7436",2021-05-15,"10","28  day ahead inc hosp",2021-06-12,"quantile",0.25,3.96519326584628
"7437",2021-05-15,"10","28  day ahead inc hosp",2021-06-12,"quantile",0.3,4.83865858513338
"7438",2021-05-15,"10","28  day ahead inc hosp",2021-06-12,"quantile",0.35,5.76999368229956
"7439",2021-05-15,"10","28  day ahead inc hosp",2021-06-12,"quantile",0.4,6.77227730188099
"7440",2021-05-15,"10","28  day ahead inc hosp",2021-06-12,"quantile",0.45,7.86109215332906
"7441",2021-05-15,"10","28  day ahead inc hosp",2021-06-12,"quantile",0.5,9.05590470228566
"7442",2021-05-15,"10","28  day ahead inc hosp",2021-06-12,"quantile",0.55,10.382004930147
"7443",2021-05-15,"10","28  day ahead inc hosp",2021-06-12,"quantile",0.6,11.8735062650232
"7444",2021-05-15,"10","28  day ahead inc hosp",2021-06-12,"quantile",0.65,13.5783283479248
"7445",2021-05-15,"10","28  day ahead inc hosp",2021-06-12,"quantile",0.7,15.5670760550413
"7446",2021-05-15,"10","28  day ahead inc hosp",2021-06-12,"quantile",0.75,17.9502212334317
"7447",2021-05-15,"10","28  day ahead inc hosp",2021-06-12,"quantile",0.8,20.9150950854833
"7448",2021-05-15,"10","28  day ahead inc hosp",2021-06-12,"quantile",0.85,24.8183593322752
"7449",2021-05-15,"10","28  day ahead inc hosp",2021-06-12,"quantile",0.9,30.4771577819526
"7450",2021-05-15,"10","28  day ahead inc hosp",2021-06-12,"quantile",0.95,40.5780439986166
"7451",2021-05-15,"10","28  day ahead inc hosp",2021-06-12,"quantile",0.975,51.2096782533555
"7452",2021-05-15,"10","28  day ahead inc hosp",2021-06-12,"quantile",0.99,66.0557526718882
"7453",2021-05-15,"10","29  day ahead inc hosp",2021-06-13,"quantile",0.01,0.115877509093312
"7454",2021-05-15,"10","29  day ahead inc hosp",2021-06-13,"quantile",0.025,0.339738585500497
"7455",2021-05-15,"10","29  day ahead inc hosp",2021-06-13,"quantile",0.05,0.711059139308311
"7456",2021-05-15,"10","29  day ahead inc hosp",2021-06-13,"quantile",0.1,1.44705098755727
"7457",2021-05-15,"10","29  day ahead inc hosp",2021-06-13,"quantile",0.15,2.19519186917463
"7458",2021-05-15,"10","29  day ahead inc hosp",2021-06-13,"quantile",0.2,2.97147330791914
"7459",2021-05-15,"10","29  day ahead inc hosp",2021-06-13,"quantile",0.25,3.78756440639528
"7460",2021-05-15,"10","29  day ahead inc hosp",2021-06-13,"quantile",0.3,4.6541835511281
"7461",2021-05-15,"10","29  day ahead inc hosp",2021-06-13,"quantile",0.35,5.58264696735622
"7462",2021-05-15,"10","29  day ahead inc hosp",2021-06-13,"quantile",0.4,6.58594235368885
"7463",2021-05-15,"10","29  day ahead inc hosp",2021-06-13,"quantile",0.45,7.67980665898834
"7464",2021-05-15,"10","29  day ahead inc hosp",2021-06-13,"quantile",0.5,8.88409471236502
"7465",2021-05-15,"10","29  day ahead inc hosp",2021-06-13,"quantile",0.55,10.2247558785113
"7466",2021-05-15,"10","29  day ahead inc hosp",2021-06-13,"quantile",0.6,11.7369248499276
"7467",2021-05-15,"10","29  day ahead inc hosp",2021-06-13,"quantile",0.65,13.470078956414
"7468",2021-05-15,"10","29  day ahead inc hosp",2021-06-13,"quantile",0.7,15.4972477615251
"7469",2021-05-15,"10","29  day ahead inc hosp",2021-06-13,"quantile",0.75,17.9328560115291
"7470",2021-05-15,"10","29  day ahead inc hosp",2021-06-13,"quantile",0.8,20.9711744942269
"7471",2021-05-15,"10","29  day ahead inc hosp",2021-06-13,"quantile",0.85,24.9825212808103
"7472",2021-05-15,"10","29  day ahead inc hosp",2021-06-13,"quantile",0.9,30.8164626702616
"7473",2021-05-15,"10","29  day ahead inc hosp",2021-06-13,"quantile",0.95,41.2710642612766
"7474",2021-05-15,"10","29  day ahead inc hosp",2021-06-13,"quantile",0.975,52.3171250926298
"7475",2021-05-15,"10","29  day ahead inc hosp",2021-06-13,"quantile",0.99,67.7944847447302
"7476",2021-05-15,"10","30  day ahead inc hosp",2021-06-14,"quantile",0.01,0.0984607397398462
"7477",2021-05-15,"10","30  day ahead inc hosp",2021-06-14,"quantile",0.025,0.306065672446708
"7478",2021-05-15,"10","30  day ahead inc hosp",2021-06-14,"quantile",0.05,0.661154628496599
"7479",2021-05-15,"10","30  day ahead inc hosp",2021-06-14,"quantile",0.1,1.37981303861791
"7480",2021-05-15,"10","30  day ahead inc hosp",2021-06-14,"quantile",0.15,2.12007159502335
"7481",2021-05-15,"10","30  day ahead inc hosp",2021-06-14,"quantile",0.2,2.89413881839005
"7482",2021-05-15,"10","30  day ahead inc hosp",2021-06-14,"quantile",0.25,3.71235309050872
"7483",2021-05-15,"10","30  day ahead inc hosp",2021-06-14,"quantile",0.3,4.58490682380668
"7484",2021-05-15,"10","30  day ahead inc hosp",2021-06-14,"quantile",0.35,5.52297825331918
"7485",2021-05-15,"10","30  day ahead inc hosp",2021-06-14,"quantile",0.4,6.53966784249354
"7486",2021-05-15,"10","30  day ahead inc hosp",2021-06-14,"quantile",0.45,7.65103678368356
"7487",2021-05-15,"10","30  day ahead inc hosp",2021-06-14,"quantile",0.5,8.87748721260973
"7488",2021-05-15,"10","30  day ahead inc hosp",2021-06-14,"quantile",0.55,10.2457927646797
"7489",2021-05-15,"10","30  day ahead inc hosp",2021-06-14,"quantile",0.6,11.7922970633543
"7490",2021-05-15,"10","30  day ahead inc hosp",2021-06-14,"quantile",0.65,13.568267072339
"7491",2021-05-15,"10","30  day ahead inc hosp",2021-06-14,"quantile",0.7,15.6494664378794
"7492",2021-05-15,"10","30  day ahead inc hosp",2021-06-14,"quantile",0.75,18.1547185138909
"7493",2021-05-15,"10","30  day ahead inc hosp",2021-06-14,"quantile",0.8,21.2859343147419
"7494",2021-05-15,"10","30  day ahead inc hosp",2021-06-14,"quantile",0.85,25.4283215090034
"7495",2021-05-15,"10","30  day ahead inc hosp",2021-06-14,"quantile",0.9,31.4664420031992
"7496",2021-05-15,"10","30  day ahead inc hosp",2021-06-14,"quantile",0.95,42.3172535944577
"7497",2021-05-15,"10","30  day ahead inc hosp",2021-06-14,"quantile",0.975,53.8130291817145
"7498",2021-05-15,"10","30  day ahead inc hosp",2021-06-14,"quantile",0.99,69.9593328117455
"7499",2021-05-15,"10","31  day ahead inc hosp",2021-06-15,"quantile",0.01,0.0837737483836369
"7500",2021-05-15,"10","31  day ahead inc hosp",2021-06-15,"quantile",0.025,0.276604388408544
"7501",2021-05-15,"10","31  day ahead inc hosp",2021-06-15,"quantile",0.05,0.616857761411683
"7502",2021-05-15,"10","31  day ahead inc hosp",2021-06-15,"quantile",0.1,1.31999828606285
"7503",2021-05-15,"10","31  day ahead inc hosp",2021-06-15,"quantile",0.15,2.05380447629089
"7504",2021-05-15,"10","31  day ahead inc hosp",2021-06-15,"quantile",0.2,2.82697133722752
"7505",2021-05-15,"10","31  day ahead inc hosp",2021-06-15,"quantile",0.25,3.64860188597299
"7506",2021-05-15,"10","31  day ahead inc hosp",2021-06-15,"quantile",0.3,4.52841375340624
"7507",2021-05-15,"10","31  day ahead inc hosp",2021-06-15,"quantile",0.35,5.47748362450781
"7508",2021-05-15,"10","31  day ahead inc hosp",2021-06-15,"quantile",0.4,6.50905692898183
"7509",2021-05-15,"10","31  day ahead inc hosp",2021-06-15,"quantile",0.45,7.63955245607319
"7510",2021-05-15,"10","31  day ahead inc hosp",2021-06-15,"quantile",0.5,8.88995822783956
"7511",2021-05-15,"10","31  day ahead inc hosp",2021-06-15,"quantile",0.55,10.2879203708988
"7512",2021-05-15,"10","31  day ahead inc hosp",2021-06-15,"quantile",0.6,11.8710554097012
"7513",2021-05-15,"10","31  day ahead inc hosp",2021-06-15,"quantile",0.65,13.6925094285939
"7514",2021-05-15,"10","31  day ahead inc hosp",2021-06-15,"quantile",0.7,15.8309124189667
"7515",2021-05-15,"10","31  day ahead inc hosp",2021-06-15,"quantile",0.75,18.4096948868971
"7516",2021-05-15,"10","31  day ahead inc hosp",2021-06-15,"quantile",0.8,21.6387656396313
"7517",2021-05-15,"10","31  day ahead inc hosp",2021-06-15,"quantile",0.85,25.9189124315824
"7518",2021-05-15,"10","31  day ahead inc hosp",2021-06-15,"quantile",0.9,32.1713036690416
"7519",2021-05-15,"10","31  day ahead inc hosp",2021-06-15,"quantile",0.95,43.4372222083633
"7520",2021-05-15,"10","31  day ahead inc hosp",2021-06-15,"quantile",0.975,55.4036172471063
"7521",2021-05-15,"10","31  day ahead inc hosp",2021-06-15,"quantile",0.99,72.2494592913313
"7522",2021-05-15,"10","32  day ahead inc hosp",2021-06-16,"quantile",0.01,0.0704679921196477
"7523",2021-05-15,"10","32  day ahead inc hosp",2021-06-16,"quantile",0.025,0.248434924323733
"7524",2021-05-15,"10","32  day ahead inc hosp",2021-06-16,"quantile",0.05,0.57308544640826
"7525",2021-05-15,"10","32  day ahead inc hosp",2021-06-16,"quantile",0.1,1.25885014502753
"7526",2021-05-15,"10","32  day ahead inc hosp",2021-06-16,"quantile",0.15,1.98430868126704
"7527",2021-05-15,"10","32  day ahead inc hosp",2021-06-16,"quantile",0.2,2.75469275253958
"7528",2021-05-15,"10","32  day ahead inc hosp",2021-06-16,"quantile",0.25,3.57786407340744
"7529",2021-05-15,"10","32  day ahead inc hosp",2021-06-16,"quantile",0.3,4.46305258292209
"7530",2021-05-15,"10","32  day ahead inc hosp",2021-06-16,"quantile",0.35,5.42121967091589
"7531",2021-05-15,"10","32  day ahead inc hosp",2021-06-16,"quantile",0.4,6.46574177880083
"7532",2021-05-15,"10","32  day ahead inc hosp",2021-06-16,"quantile",0.45,7.61338068479356
"7533",2021-05-15,"10","32  day ahead inc hosp",2021-06-16,"quantile",0.5,8.88569427071325
"7534",2021-05-15,"10","32  day ahead inc hosp",2021-06-16,"quantile",0.55,10.3111826966193
"7535",2021-05-15,"10","32  day ahead inc hosp",2021-06-16,"quantile",0.6,11.928713113071
"7536",2021-05-15,"10","32  day ahead inc hosp",2021-06-16,"quantile",0.65,13.7932825942404
"7537",2021-05-15,"10","32  day ahead inc hosp",2021-06-16,"quantile",0.7,15.9863502635675
"7538",2021-05-15,"10","32  day ahead inc hosp",2021-06-16,"quantile",0.75,18.6359019915031
"7539",2021-05-15,"10","32  day ahead inc hosp",2021-06-16,"quantile",0.8,21.9597678866577
"7540",2021-05-15,"10","32  day ahead inc hosp",2021-06-16,"quantile",0.85,26.3741940735123
"7541",2021-05-15,"10","32  day ahead inc hosp",2021-06-16,"quantile",0.9,32.8367423721027
"7542",2021-05-15,"10","32  day ahead inc hosp",2021-06-16,"quantile",0.95,44.5126180663261
"7543",2021-05-15,"10","32  day ahead inc hosp",2021-06-16,"quantile",0.975,56.9465856136089
"7544",2021-05-15,"10","32  day ahead inc hosp",2021-06-16,"quantile",0.99,74.4908303342468
"7545",2021-05-15,"10","33  day ahead inc hosp",2021-06-17,"quantile",0.01,0.0591643442074889
"7546",2021-05-15,"10","33  day ahead inc hosp",2021-06-17,"quantile",0.025,0.223374092142513
"7547",2021-05-15,"10","33  day ahead inc hosp",2021-06-17,"quantile",0.05,0.533333011207244
"7548",2021-05-15,"10","33  day ahead inc hosp",2021-06-17,"quantile",0.1,1.20271132116298
"7549",2021-05-15,"10","33  day ahead inc hosp",2021-06-17,"quantile",0.15,1.92048818160311
"7550",2021-05-15,"10","33  day ahead inc hosp",2021-06-17,"quantile",0.2,2.68865432921752
"7551",2021-05-15,"10","33  day ahead inc hosp",2021-06-17,"quantile",0.25,3.51390428327523
"7552",2021-05-15,"10","33  day ahead inc hosp",2021-06-17,"quantile",0.3,4.4050175575265
"7553",2021-05-15,"10","33  day ahead inc hosp",2021-06-17,"quantile",0.35,5.37286514698162
"7554",2021-05-15,"10","33  day ahead inc hosp",2021-06-17,"quantile",0.4,6.4309754585934
"7555",2021-05-15,"10","33  day ahead inc hosp",2021-06-17,"quantile",0.45,7.5964743464191
"7556",2021-05-15,"10","33  day ahead inc hosp",2021-06-17,"quantile",0.5,8.89151365433707
"7557",2021-05-15,"10","33  day ahead inc hosp",2021-06-17,"quantile",0.55,10.34547766606
"7558",2021-05-15,"10","33  day ahead inc hosp",2021-06-17,"quantile",0.6,11.9985242647819
"7559",2021-05-15,"10","33  day ahead inc hosp",2021-06-17,"quantile",0.65,13.9075580557515
"7560",2021-05-15,"10","33  day ahead inc hosp",2021-06-17,"quantile",0.7,16.1569516554819
"7561",2021-05-15,"10","33  day ahead inc hosp",2021-06-17,"quantile",0.75,18.8793807321475
"7562",2021-05-15,"10","33  day ahead inc hosp",2021-06-17,"quantile",0.8,22.3008299123379
"7563",2021-05-15,"10","33  day ahead inc hosp",2021-06-17,"quantile",0.85,26.8534600381795
"7564",2021-05-15,"10","33  day ahead inc hosp",2021-06-17,"quantile",0.9,33.5323077040213
"7565",2021-05-15,"10","33  day ahead inc hosp",2021-06-17,"quantile",0.95,45.6302231885565
"7566",2021-05-15,"10","33  day ahead inc hosp",2021-06-17,"quantile",0.975,58.5457451680358
"7567",2021-05-15,"10","33  day ahead inc hosp",2021-06-17,"quantile",0.99,76.8096427680587
"7568",2021-05-15,"10","34  day ahead inc hosp",2021-06-18,"quantile",0.01,0.0492767354213886
"7569",2021-05-15,"10","34  day ahead inc hosp",2021-06-18,"quantile",0.025,0.200205118184199
"7570",2021-05-15,"10","34  day ahead inc hosp",2021-06-18,"quantile",0.05,0.495496450358502
"7571",2021-05-15,"10","34  day ahead inc hosp",2021-06-18,"quantile",0.1,1.14793695343095
"7572",2021-05-15,"10","34  day ahead inc hosp",2021-06-18,"quantile",0.15,1.85727914513424
"7573",2021-05-15,"10","34  day ahead inc hosp",2021-06-18,"quantile",0.2,2.62241323854928
"7574",2021-05-15,"10","34  day ahead inc hosp",2021-06-18,"quantile",0.25,3.44890144657372
"7575",2021-05-15,"10","34  day ahead inc hosp",2021-06-18,"quantile",0.3,4.34508437068034
"7576",2021-05-15,"10","34  day ahead inc hosp",2021-06-18,"quantile",0.35,5.32174660116603
"7577",2021-05-15,"10","34  day ahead inc hosp",2021-06-18,"quantile",0.4,6.39256961198598
"7578",2021-05-15,"10","34  day ahead inc hosp",2021-06-18,"quantile",0.45,7.57504327691568
"7579",2021-05-15,"10","34  day ahead inc hosp",2021-06-18,"quantile",0.5,8.8919130075094
"7580",2021-05-15,"10","34  day ahead inc hosp",2021-06-18,"quantile",0.55,10.3734470347972
"7581",2021-05-15,"10","34  day ahead inc hosp",2021-06-18,"quantile",0.6,12.061094627732
"7582",2021-05-15,"10","34  day ahead inc hosp",2021-06-18,"quantile",0.65,14.0136703813477
"7583",2021-05-15,"10","34  day ahead inc hosp",2021-06-18,"quantile",0.7,16.3184665641192
"7584",2021-05-15,"10","34  day ahead inc hosp",2021-06-18,"quantile",0.75,19.1128626412163
"7585",2021-05-15,"10","34  day ahead inc hosp",2021-06-18,"quantile",0.8,22.6310297601446
"7586",2021-05-15,"10","34  day ahead inc hosp",2021-06-18,"quantile",0.85,27.3211226176852
"7587",2021-05-15,"10","34  day ahead inc hosp",2021-06-18,"quantile",0.9,34.2158851627691
"7588",2021-05-15,"10","34  day ahead inc hosp",2021-06-18,"quantile",0.95,46.7368127641026
"7589",2021-05-15,"10","34  day ahead inc hosp",2021-06-18,"quantile",0.975,60.1367426626297
"7590",2021-05-15,"10","34  day ahead inc hosp",2021-06-18,"quantile",0.99,79.1267250054422
"7591",2021-05-15,"10","35  day ahead inc hosp",2021-06-19,"quantile",0.01,0.0410680053214691
"7592",2021-05-15,"10","35  day ahead inc hosp",2021-06-19,"quantile",0.025,0.180006270354754
"7593",2021-05-15,"10","35  day ahead inc hosp",2021-06-19,"quantile",0.05,0.461898335437244
"7594",2021-05-15,"10","35  day ahead inc hosp",2021-06-19,"quantile",0.1,1.09906913553405
"7595",2021-05-15,"10","35  day ahead inc hosp",2021-06-19,"quantile",0.15,1.80128207048347
"7596",2021-05-15,"10","35  day ahead inc hosp",2021-06-19,"quantile",0.2,2.56457100208783
"7597",2021-05-15,"10","35  day ahead inc hosp",2021-06-19,"quantile",0.25,3.39345414725863
"7598",2021-05-15,"10","35  day ahead inc hosp",2021-06-19,"quantile",0.3,4.29588070020223
"7599",2021-05-15,"10","35  day ahead inc hosp",2021-06-19,"quantile",0.35,5.282582300879
"7600",2021-05-15,"10","35  day ahead inc hosp",2021-06-19,"quantile",0.4,6.36742256870964
"7601",2021-05-15,"10","35  day ahead inc hosp",2021-06-19,"quantile",0.45,7.56828504366029
"7602",2021-05-15,"10","35  day ahead inc hosp",2021-06-19,"quantile",0.5,8.90854259094832
"7603",2021-05-15,"10","35  day ahead inc hosp",2021-06-19,"quantile",0.55,10.4193894142473
"7604",2021-05-15,"10","35  day ahead inc hosp",2021-06-19,"quantile",0.6,12.143621663277
"7605",2021-05-15,"10","35  day ahead inc hosp",2021-06-19,"quantile",0.65,14.1420413633967
"7606",2021-05-15,"10","35  day ahead inc hosp",2021-06-19,"quantile",0.7,16.5049747703346
"7607",2021-05-15,"10","35  day ahead inc hosp",2021-06-19,"quantile",0.75,19.3746853910019
"7608",2021-05-15,"10","35  day ahead inc hosp",2021-06-19,"quantile",0.8,22.9938400653635
"7609",2021-05-15,"10","35  day ahead inc hosp",2021-06-19,"quantile",0.85,27.82718489531
"7610",2021-05-15,"10","35  day ahead inc hosp",2021-06-19,"quantile",0.9,34.9465670746919
"7611",2021-05-15,"10","35  day ahead inc hosp",2021-06-19,"quantile",0.95,47.9068441547129
"7612",2021-05-15,"10","35  day ahead inc hosp",2021-06-19,"quantile",0.975,61.8093096667577
"7613",2021-05-15,"10","35  day ahead inc hosp",2021-06-19,"quantile",0.99,81.5519951339581
"7614",2021-05-15,"10","36  day ahead inc hosp",2021-06-20,"quantile",0.01,0.0230258177964806
"7615",2021-05-15,"10","36  day ahead inc hosp",2021-06-20,"quantile",0.025,0.124595188600181
"7616",2021-05-15,"10","36  day ahead inc hosp",2021-06-20,"quantile",0.05,0.351661334889386
"7617",2021-05-15,"10","36  day ahead inc hosp",2021-06-20,"quantile",0.1,0.896041225976756
"7618",2021-05-15,"10","36  day ahead inc hosp",2021-06-20,"quantile",0.15,1.51697142710187
"7619",2021-05-15,"10","36  day ahead inc hosp",2021-06-20,"quantile",0.2,2.20502059603476
"7620",2021-05-15,"10","36  day ahead inc hosp",2021-06-20,"quantile",0.25,2.96211974732177
"7621",2021-05-15,"10","36  day ahead inc hosp",2021-06-20,"quantile",0.3,3.7946856224212
"7622",2021-05-15,"10","36  day ahead inc hosp",2021-06-20,"quantile",0.35,4.71239185715284
"7623",2021-05-15,"10","36  day ahead inc hosp",2021-06-20,"quantile",0.4,5.72827547152201
"7624",2021-05-15,"10","36  day ahead inc hosp",2021-06-20,"quantile",0.45,6.85949996785961
"7625",2021-05-15,"10","36  day ahead inc hosp",2021-06-20,"quantile",0.5,8.12874635771976
"7626",2021-05-15,"10","36  day ahead inc hosp",2021-06-20,"quantile",0.55,9.56648316007477
"7627",2021-05-15,"10","36  day ahead inc hosp",2021-06-20,"quantile",0.6,11.2146840665392
"7628",2021-05-15,"10","36  day ahead inc hosp",2021-06-20,"quantile",0.65,13.1331523773188
"7629",2021-05-15,"10","36  day ahead inc hosp",2021-06-20,"quantile",0.7,15.4109212213444
"7630",2021-05-15,"10","36  day ahead inc hosp",2021-06-20,"quantile",0.75,18.1884683704489
"7631",2021-05-15,"10","36  day ahead inc hosp",2021-06-20,"quantile",0.8,21.7058119800146
"7632",2021-05-15,"10","36  day ahead inc hosp",2021-06-20,"quantile",0.85,26.4234075099236
"7633",2021-05-15,"10","36  day ahead inc hosp",2021-06-20,"quantile",0.9,33.4052642798089
"7634",2021-05-15,"10","36  day ahead inc hosp",2021-06-20,"quantile",0.95,46.1892992822409
"7635",2021-05-15,"10","36  day ahead inc hosp",2021-06-20,"quantile",0.975,59.9791595189009
"7636",2021-05-15,"10","36  day ahead inc hosp",2021-06-20,"quantile",0.99,79.6579888239792
"7637",2021-05-15,"10","37  day ahead inc hosp",2021-06-21,"quantile",0.01,0.0183798118866535
"7638",2021-05-15,"10","37  day ahead inc hosp",2021-06-21,"quantile",0.025,0.110171343330192
"7639",2021-05-15,"10","37  day ahead inc hosp",2021-06-21,"quantile",0.05,0.324845837265816
"7640",2021-05-15,"10","37  day ahead inc hosp",2021-06-21,"quantile",0.1,0.853343237960827
"7641",2021-05-15,"10","37  day ahead inc hosp",2021-06-21,"quantile",0.15,1.46534037125227
"7642",2021-05-15,"10","37  day ahead inc hosp",2021-06-21,"quantile",0.2,2.14918947224919
"7643",2021-05-15,"10","37  day ahead inc hosp",2021-06-21,"quantile",0.25,2.90596440127453
"7644",2021-05-15,"10","37  day ahead inc hosp",2021-06-21,"quantile",0.3,3.74175833842874
"7645",2021-05-15,"10","37  day ahead inc hosp",2021-06-21,"quantile",0.35,4.66621277895312
"7646",2021-05-15,"10","37  day ahead inc hosp",2021-06-21,"quantile",0.4,5.69254290574691
"7647",2021-05-15,"10","37  day ahead inc hosp",2021-06-21,"quantile",0.45,6.83828471455011
"7648",2021-05-15,"10","37  day ahead inc hosp",2021-06-21,"quantile",0.5,8.12670998815
"7649",2021-05-15,"10","37  day ahead inc hosp",2021-06-21,"quantile",0.55,9.5891592149906
"7650",2021-05-15,"10","37  day ahead inc hosp",2021-06-21,"quantile",0.6,11.2688765410987
"7651",2021-05-15,"10","37  day ahead inc hosp",2021-06-21,"quantile",0.65,13.2275441617495
"7652",2021-05-15,"10","37  day ahead inc hosp",2021-06-21,"quantile",0.7,15.5570708561967
"7653",2021-05-15,"10","37  day ahead inc hosp",2021-06-21,"quantile",0.75,18.4025765131936
"7654",2021-05-15,"10","37  day ahead inc hosp",2021-06-21,"quantile",0.8,22.0121789397125
"7655",2021-05-15,"10","37  day ahead inc hosp",2021-06-21,"quantile",0.85,26.862206078361
"7656",2021-05-15,"10","37  day ahead inc hosp",2021-06-21,"quantile",0.9,34.0542280649654
"7657",2021-05-15,"10","37  day ahead inc hosp",2021-06-21,"quantile",0.95,47.2549489993479
"7658",2021-05-15,"10","37  day ahead inc hosp",2021-06-21,"quantile",0.975,61.5271273165094
"7659",2021-05-15,"10","37  day ahead inc hosp",2021-06-21,"quantile",0.99,81.9354995106745
"7660",2021-05-15,"11","1  day ahead inc hosp",2021-05-16,"quantile",0.01,3.01990592272774
"7661",2021-05-15,"11","1  day ahead inc hosp",2021-05-16,"quantile",0.025,3.64978136582553
"7662",2021-05-15,"11","1  day ahead inc hosp",2021-05-16,"quantile",0.05,4.26616628803377
"7663",2021-05-15,"11","1  day ahead inc hosp",2021-05-16,"quantile",0.1,5.07021950961215
"7664",2021-05-15,"11","1  day ahead inc hosp",2021-05-16,"quantile",0.15,5.67351720490073
"7665",2021-05-15,"11","1  day ahead inc hosp",2021-05-16,"quantile",0.2,6.19015930975327
"7666",2021-05-15,"11","1  day ahead inc hosp",2021-05-16,"quantile",0.25,6.66083624398742
"7667",2021-05-15,"11","1  day ahead inc hosp",2021-05-16,"quantile",0.3,7.10594284333454
"7668",2021-05-15,"11","1  day ahead inc hosp",2021-05-16,"quantile",0.35,7.53797355092129
"7669",2021-05-15,"11","1  day ahead inc hosp",2021-05-16,"quantile",0.4,7.96586429201815
"7670",2021-05-15,"11","1  day ahead inc hosp",2021-05-16,"quantile",0.45,8.39694589928212
"7671",2021-05-15,"11","1  day ahead inc hosp",2021-05-16,"quantile",0.5,8.83804620605025
"7672",2021-05-15,"11","1  day ahead inc hosp",2021-05-16,"quantile",0.55,9.29630103687723
"7673",2021-05-15,"11","1  day ahead inc hosp",2021-05-16,"quantile",0.6,9.77996186933867
"7674",2021-05-15,"11","1  day ahead inc hosp",2021-05-16,"quantile",0.65,10.2994498385803
"7675",2021-05-15,"11","1  day ahead inc hosp",2021-05-16,"quantile",0.7,10.8690273276356
"7676",2021-05-15,"11","1  day ahead inc hosp",2021-05-16,"quantile",0.75,11.5098531003456
"7677",2021-05-15,"11","1  day ahead inc hosp",2021-05-16,"quantile",0.8,12.2563428288377
"7678",2021-05-15,"11","1  day ahead inc hosp",2021-05-16,"quantile",0.85,13.1716492746932
"7679",2021-05-15,"11","1  day ahead inc hosp",2021-05-16,"quantile",0.9,14.3950432314009
"7680",2021-05-15,"11","1  day ahead inc hosp",2021-05-16,"quantile",0.95,16.3626263745848
"7681",2021-05-15,"11","1  day ahead inc hosp",2021-05-16,"quantile",0.975,18.2267872586523
"7682",2021-05-15,"11","1  day ahead inc hosp",2021-05-16,"quantile",0.99,20.5896309085591
"7683",2021-05-15,"11","2  day ahead inc hosp",2021-05-17,"quantile",0.01,3.1812024984058
"7684",2021-05-15,"11","2  day ahead inc hosp",2021-05-17,"quantile",0.025,3.84364408982585
"7685",2021-05-15,"11","2  day ahead inc hosp",2021-05-17,"quantile",0.05,4.49177686790522
"7686",2021-05-15,"11","2  day ahead inc hosp",2021-05-17,"quantile",0.1,5.33709930736327
"7687",2021-05-15,"11","2  day ahead inc hosp",2021-05-17,"quantile",0.15,5.97127249010821
"7688",2021-05-15,"11","2  day ahead inc hosp",2021-05-17,"quantile",0.2,6.51430281687066
"7689",2021-05-15,"11","2  day ahead inc hosp",2021-05-17,"quantile",0.25,7.00898264033479
"7690",2021-05-15,"11","2  day ahead inc hosp",2021-05-17,"quantile",0.3,7.47675809719757
"7691",2021-05-15,"11","2  day ahead inc hosp",2021-05-17,"quantile",0.35,7.93076599544259
"7692",2021-05-15,"11","2  day ahead inc hosp",2021-05-17,"quantile",0.4,8.38040014442684
"7693",2021-05-15,"11","2  day ahead inc hosp",2021-05-17,"quantile",0.45,8.83336553973438
"7694",2021-05-15,"11","2  day ahead inc hosp",2021-05-17,"quantile",0.5,9.29683706953982
"7695",2021-05-15,"11","2  day ahead inc hosp",2021-05-17,"quantile",0.55,9.7783118895739
"7696",2021-05-15,"11","2  day ahead inc hosp",2021-05-17,"quantile",0.6,10.2864579945357
"7697",2021-05-15,"11","2  day ahead inc hosp",2021-05-17,"quantile",0.65,10.8322213159372
"7698",2021-05-15,"11","2  day ahead inc hosp",2021-05-17,"quantile",0.7,11.4305812600262
"7699",2021-05-15,"11","2  day ahead inc hosp",2021-05-17,"quantile",0.75,12.1037590437287
"7700",2021-05-15,"11","2  day ahead inc hosp",2021-05-17,"quantile",0.8,12.887896931581
"7701",2021-05-15,"11","2  day ahead inc hosp",2021-05-17,"quantile",0.85,13.849313678848
"7702",2021-05-15,"11","2  day ahead inc hosp",2021-05-17,"quantile",0.9,15.1342571434944
"7703",2021-05-15,"11","2  day ahead inc hosp",2021-05-17,"quantile",0.95,17.200657539282
"7704",2021-05-15,"11","2  day ahead inc hosp",2021-05-17,"quantile",0.975,19.1582699489884
"7705",2021-05-15,"11","2  day ahead inc hosp",2021-05-17,"quantile",0.99,21.6393576976422
"7706",2021-05-15,"11","3  day ahead inc hosp",2021-05-18,"quantile",0.01,3.32379951966144
"7707",2021-05-15,"11","3  day ahead inc hosp",2021-05-18,"quantile",0.025,4.01613801166044
"7708",2021-05-15,"11","3  day ahead inc hosp",2021-05-18,"quantile",0.05,4.69354471172458
"7709",2021-05-15,"11","3  day ahead inc hosp",2021-05-18,"quantile",0.1,5.57707477672916
"7710",2021-05-15,"11","3  day ahead inc hosp",2021-05-18,"quantile",0.15,6.23992879915748
"7711",2021-05-15,"11","3  day ahead inc hosp",2021-05-18,"quantile",0.2,6.80752787359541
"7712",2021-05-15,"11","3  day ahead inc hosp",2021-05-18,"quantile",0.25,7.32459598258344
"7713",2021-05-15,"11","3  day ahead inc hosp",2021-05-18,"quantile",0.3,7.8135477535543
"7714",2021-05-15,"11","3  day ahead inc hosp",2021-05-18,"quantile",0.35,8.28811356161207
"7715",2021-05-15,"11","3  day ahead inc hosp",2021-05-18,"quantile",0.4,8.75811195016582
"7716",2021-05-15,"11","3  day ahead inc hosp",2021-05-18,"quantile",0.45,9.2315965687769
"7717",2021-05-15,"11","3  day ahead inc hosp",2021-05-18,"quantile",0.5,9.7160672429597
"7718",2021-05-15,"11","3  day ahead inc hosp",2021-05-18,"quantile",0.55,10.219360920985
"7719",2021-05-15,"11","3  day ahead inc hosp",2021-05-18,"quantile",0.6,10.7505387025784
"7720",2021-05-15,"11","3  day ahead inc hosp",2021-05-18,"quantile",0.65,11.3210431660035
"7721",2021-05-15,"11","3  day ahead inc hosp",2021-05-18,"quantile",0.7,11.946533603295
"7722",2021-05-15,"11","3  day ahead inc hosp",2021-05-18,"quantile",0.75,12.6502400498977
"7723",2021-05-15,"11","3  day ahead inc hosp",2021-05-18,"quantile",0.8,13.4699458788459
"7724",2021-05-15,"11","3  day ahead inc hosp",2021-05-18,"quantile",0.85,14.4749816101401
"7725",2021-05-15,"11","3  day ahead inc hosp",2021-05-18,"quantile",0.9,15.8182376501025
"7726",2021-05-15,"11","3  day ahead inc hosp",2021-05-18,"quantile",0.95,17.9784468796754
"7727",2021-05-15,"11","3  day ahead inc hosp",2021-05-18,"quantile",0.975,20.0249618553768
"7728",2021-05-15,"11","3  day ahead inc hosp",2021-05-18,"quantile",0.99,22.618764197358
"7729",2021-05-15,"11","4  day ahead inc hosp",2021-05-19,"quantile",0.01,3.05022488106102
"7730",2021-05-15,"11","4  day ahead inc hosp",2021-05-19,"quantile",0.025,3.70810345287818
"7731",2021-05-15,"11","4  day ahead inc hosp",2021-05-19,"quantile",0.05,4.35440761806561
"7732",2021-05-15,"11","4  day ahead inc hosp",2021-05-19,"quantile",0.1,5.20051297451608
"7733",2021-05-15,"11","4  day ahead inc hosp",2021-05-19,"quantile",0.15,5.83723965318918
"7734",2021-05-15,"11","4  day ahead inc hosp",2021-05-19,"quantile",0.2,6.383608104167
"7735",2021-05-15,"11","4  day ahead inc hosp",2021-05-19,"quantile",0.25,6.88215592032653
"7736",2021-05-15,"11","4  day ahead inc hosp",2021-05-19,"quantile",0.3,7.35425039853528
"7737",2021-05-15,"11","4  day ahead inc hosp",2021-05-19,"quantile",0.35,7.81301721272238
"7738",2021-05-15,"11","4  day ahead inc hosp",2021-05-19,"quantile",0.4,8.26787588497944
"7739",2021-05-15,"11","4  day ahead inc hosp",2021-05-19,"quantile",0.45,8.72658499742808
"7740",2021-05-15,"11","4  day ahead inc hosp",2021-05-19,"quantile",0.5,9.19640098619586
"7741",2021-05-15,"11","4  day ahead inc hosp",2021-05-19,"quantile",0.55,9.68493664176043
"7742",2021-05-15,"11","4  day ahead inc hosp",2021-05-19,"quantile",0.6,10.2010225036731
"7743",2021-05-15,"11","4  day ahead inc hosp",2021-05-19,"quantile",0.65,10.7558371785651
"7744",2021-05-15,"11","4  day ahead inc hosp",2021-05-19,"quantile",0.7,11.364705338627
"7745",2021-05-15,"11","4  day ahead inc hosp",2021-05-19,"quantile",0.75,12.0503886646615
"7746",2021-05-15,"11","4  day ahead inc hosp",2021-05-19,"quantile",0.8,12.8499425188547
"7747",2021-05-15,"11","4  day ahead inc hosp",2021-05-19,"quantile",0.85,13.8314123309914
"7748",2021-05-15,"11","4  day ahead inc hosp",2021-05-19,"quantile",0.9,15.1449628300887
"7749",2021-05-15,"11","4  day ahead inc hosp",2021-05-19,"quantile",0.95,17.2612101868884
"7750",2021-05-15,"11","4  day ahead inc hosp",2021-05-19,"quantile",0.975,19.2698661508584
"7751",2021-05-15,"11","4  day ahead inc hosp",2021-05-19,"quantile",0.99,21.8202554546802
"7752",2021-05-15,"11","5  day ahead inc hosp",2021-05-20,"quantile",0.01,3.25666714696972
"7753",2021-05-15,"11","5  day ahead inc hosp",2021-05-20,"quantile",0.025,3.95484432180359
"7754",2021-05-15,"11","5  day ahead inc hosp",2021-05-20,"quantile",0.05,4.64025115696534
"7755",2021-05-15,"11","5  day ahead inc hosp",2021-05-20,"quantile",0.1,5.53696341888409
"7756",2021-05-15,"11","5  day ahead inc hosp",2021-05-20,"quantile",0.15,6.21141189561462
"7757",2021-05-15,"11","5  day ahead inc hosp",2021-05-20,"quantile",0.2,6.78993743092417
"7758",2021-05-15,"11","5  day ahead inc hosp",2021-05-20,"quantile",0.25,7.31767599289395
"7759",2021-05-15,"11","5  day ahead inc hosp",2021-05-20,"quantile",0.3,7.81729103728707
"7760",2021-05-15,"11","5  day ahead inc hosp",2021-05-20,"quantile",0.35,8.3026975705232
"7761",2021-05-15,"11","5  day ahead inc hosp",2021-05-20,"quantile",0.4,8.78387534432495
"7762",2021-05-15,"11","5  day ahead inc hosp",2021-05-20,"quantile",0.45,9.2690383920453
"7763",2021-05-15,"11","5  day ahead inc hosp",2021-05-20,"quantile",0.5,9.76586330785454
"7764",2021-05-15,"11","5  day ahead inc hosp",2021-05-20,"quantile",0.55,10.2823981047483
"7765",2021-05-15,"11","5  day ahead inc hosp",2021-05-20,"quantile",0.6,10.8279729010849
"7766",2021-05-15,"11","5  day ahead inc hosp",2021-05-20,"quantile",0.65,11.4143937354637
"7767",2021-05-15,"11","5  day ahead inc hosp",2021-05-20,"quantile",0.7,12.0578405464876
"7768",2021-05-15,"11","5  day ahead inc hosp",2021-05-20,"quantile",0.75,12.7823402084418
"7769",2021-05-15,"11","5  day ahead inc hosp",2021-05-20,"quantile",0.8,13.6270016042739
"7770",2021-05-15,"11","5  day ahead inc hosp",2021-05-20,"quantile",0.85,14.6636317836453
"7771",2021-05-15,"11","5  day ahead inc hosp",2021-05-20,"quantile",0.9,16.0506768910467
"7772",2021-05-15,"11","5  day ahead inc hosp",2021-05-20,"quantile",0.95,18.2846303918521
"7773",2021-05-15,"11","5  day ahead inc hosp",2021-05-20,"quantile",0.975,20.4043124628107
"7774",2021-05-15,"11","5  day ahead inc hosp",2021-05-20,"quantile",0.99,23.0948330167812
"7775",2021-05-15,"11","6  day ahead inc hosp",2021-05-21,"quantile",0.01,3.38421947080069
"7776",2021-05-15,"11","6  day ahead inc hosp",2021-05-21,"quantile",0.025,4.1104602339993
"7777",2021-05-15,"11","6  day ahead inc hosp",2021-05-21,"quantile",0.05,4.82350020498316
"7778",2021-05-15,"11","6  day ahead inc hosp",2021-05-21,"quantile",0.1,5.75646410439014
"7779",2021-05-15,"11","6  day ahead inc hosp",2021-05-21,"quantile",0.15,6.45824030898861
"7780",2021-05-15,"11","6  day ahead inc hosp",2021-05-21,"quantile",0.2,7.06024294445471
"7781",2021-05-15,"11","6  day ahead inc hosp",2021-05-21,"quantile",0.25,7.60942348441243
"7782",2021-05-15,"11","6  day ahead inc hosp",2021-05-21,"quantile",0.3,8.12935851604342
"7783",2021-05-15,"11","6  day ahead inc hosp",2021-05-21,"quantile",0.35,8.63452486470716
"7784",2021-05-15,"11","6  day ahead inc hosp",2021-05-21,"quantile",0.4,9.13530627450252
"7785",2021-05-15,"11","6  day ahead inc hosp",2021-05-21,"quantile",0.45,9.64025031286771
"7786",2021-05-15,"11","6  day ahead inc hosp",2021-05-21,"quantile",0.5,10.1573462756381
"7787",2021-05-15,"11","6  day ahead inc hosp",2021-05-21,"quantile",0.55,10.6949709561259
"7788",2021-05-15,"11","6  day ahead inc hosp",2021-05-21,"quantile",0.6,11.2628365274427
"7789",2021-05-15,"11","6  day ahead inc hosp",2021-05-21,"quantile",0.65,11.8732333190178
"7790",2021-05-15,"11","6  day ahead inc hosp",2021-05-21,"quantile",0.7,12.5430058124079
"7791",2021-05-15,"11","6  day ahead inc hosp",2021-05-21,"quantile",0.75,13.2971685901936
"7792",2021-05-15,"11","6  day ahead inc hosp",2021-05-21,"quantile",0.8,14.1764392965485
"7793",2021-05-15,"11","6  day ahead inc hosp",2021-05-21,"quantile",0.85,15.2555803826328
"7794",2021-05-15,"11","6  day ahead inc hosp",2021-05-21,"quantile",0.9,16.6995626321307
"7795",2021-05-15,"11","6  day ahead inc hosp",2021-05-21,"quantile",0.95,19.0253376478953
"7796",2021-05-15,"11","6  day ahead inc hosp",2021-05-21,"quantile",0.975,21.2322630555609
"7797",2021-05-15,"11","6  day ahead inc hosp",2021-05-21,"quantile",0.99,24.0336649675387
"7798",2021-05-15,"11","7  day ahead inc hosp",2021-05-22,"quantile",0.01,3.14008256322092
"7799",2021-05-15,"11","7  day ahead inc hosp",2021-05-22,"quantile",0.025,3.83529370616109
"7800",2021-05-15,"11","7  day ahead inc hosp",2021-05-22,"quantile",0.05,4.52040556962697
"7801",2021-05-15,"11","7  day ahead inc hosp",2021-05-22,"quantile",0.1,5.41987968041397
"7802",2021-05-15,"11","7  day ahead inc hosp",2021-05-22,"quantile",0.15,6.09835982486794
"7803",2021-05-15,"11","7  day ahead inc hosp",2021-05-22,"quantile",0.2,6.68148866416914
"7804",2021-05-15,"11","7  day ahead inc hosp",2021-05-22,"quantile",0.25,7.21424900877964
"7805",2021-05-15,"11","7  day ahead inc hosp",2021-05-22,"quantile",0.3,7.71927618917778
"7806",2021-05-15,"11","7  day ahead inc hosp",2021-05-22,"quantile",0.35,8.21050514826131
"7807",2021-05-15,"11","7  day ahead inc hosp",2021-05-22,"quantile",0.4,8.69796366099003
"7808",2021-05-15,"11","7  day ahead inc hosp",2021-05-22,"quantile",0.45,9.18993778778381
"7809",2021-05-15,"11","7  day ahead inc hosp",2021-05-22,"quantile",0.5,9.69420301398489
"7810",2021-05-15,"11","7  day ahead inc hosp",2021-05-22,"quantile",0.55,10.2189413006455
"7811",2021-05-15,"11","7  day ahead inc hosp",2021-05-22,"quantile",0.6,10.7736666897952
"7812",2021-05-15,"11","7  day ahead inc hosp",2021-05-22,"quantile",0.65,11.3704451144104
"7813",2021-05-15,"11","7  day ahead inc hosp",2021-05-22,"quantile",0.7,12.0258392809316
"7814",2021-05-15,"11","7  day ahead inc hosp",2021-05-22,"quantile",0.75,12.7644724781757
"7815",2021-05-15,"11","7  day ahead inc hosp",2021-05-22,"quantile",0.8,13.6264581603185
"7816",2021-05-15,"11","7  day ahead inc hosp",2021-05-22,"quantile",0.85,14.6854987716579
"7817",2021-05-15,"11","7  day ahead inc hosp",2021-05-22,"quantile",0.9,16.1043316017374
"7818",2021-05-15,"11","7  day ahead inc hosp",2021-05-22,"quantile",0.95,18.3933175880253
"7819",2021-05-15,"11","7  day ahead inc hosp",2021-05-22,"quantile",0.975,20.5690329179192
"7820",2021-05-15,"11","7  day ahead inc hosp",2021-05-22,"quantile",0.99,23.3352812718464
"7821",2021-05-15,"11","8  day ahead inc hosp",2021-05-23,"quantile",0.01,3.1090313914828
"7822",2021-05-15,"11","8  day ahead inc hosp",2021-05-23,"quantile",0.025,3.80675856967689
"7823",2021-05-15,"11","8  day ahead inc hosp",2021-05-23,"quantile",0.05,4.49547799458051
"7824",2021-05-15,"11","8  day ahead inc hosp",2021-05-23,"quantile",0.1,5.40104505146723
"7825",2021-05-15,"11","8  day ahead inc hosp",2021-05-23,"quantile",0.15,6.0849629610157
"7826",2021-05-15,"11","8  day ahead inc hosp",2021-05-23,"quantile",0.2,6.67325830710502
"7827",2021-05-15,"11","8  day ahead inc hosp",2021-05-23,"quantile",0.25,7.21109292740753
"7828",2021-05-15,"11","8  day ahead inc hosp",2021-05-23,"quantile",0.3,7.72121336892238
"7829",2021-05-15,"11","8  day ahead inc hosp",2021-05-23,"quantile",0.35,8.21763918322037
"7830",2021-05-15,"11","8  day ahead inc hosp",2021-05-23,"quantile",0.4,8.71047365434974
"7831",2021-05-15,"11","8  day ahead inc hosp",2021-05-23,"quantile",0.45,9.20807930051094
"7832",2021-05-15,"11","8  day ahead inc hosp",2021-05-23,"quantile",0.5,9.71831697632478
"7833",2021-05-15,"11","8  day ahead inc hosp",2021-05-23,"quantile",0.55,10.2494714912702
"7834",2021-05-15,"11","8  day ahead inc hosp",2021-05-23,"quantile",0.6,10.8111887565653
"7835",2021-05-15,"11","8  day ahead inc hosp",2021-05-23,"quantile",0.65,11.4157135640303
"7836",2021-05-15,"11","8  day ahead inc hosp",2021-05-23,"quantile",0.7,12.079865496829
"7837",2021-05-15,"11","8  day ahead inc hosp",2021-05-23,"quantile",0.75,12.8286617032737
"7838",2021-05-15,"11","8  day ahead inc hosp",2021-05-23,"quantile",0.8,13.7028717159816
"7839",2021-05-15,"11","8  day ahead inc hosp",2021-05-23,"quantile",0.85,14.7774252444859
"7840",2021-05-15,"11","8  day ahead inc hosp",2021-05-23,"quantile",0.9,16.2178161548074
"7841",2021-05-15,"11","8  day ahead inc hosp",2021-05-23,"quantile",0.95,18.5432313537089
"7842",2021-05-15,"11","8  day ahead inc hosp",2021-05-23,"quantile",0.975,20.7552142701481
"7843",2021-05-15,"11","8  day ahead inc hosp",2021-05-23,"quantile",0.99,23.569554087157
"7844",2021-05-15,"11","9  day ahead inc hosp",2021-05-24,"quantile",0.01,2.87054414361768
"7845",2021-05-15,"11","9  day ahead inc hosp",2021-05-24,"quantile",0.025,3.53582521149271
"7846",2021-05-15,"11","9  day ahead inc hosp",2021-05-24,"quantile",0.05,4.19512543701143
"7847",2021-05-15,"11","9  day ahead inc hosp",2021-05-24,"quantile",0.1,5.06515325539632
"7848",2021-05-15,"11","9  day ahead inc hosp",2021-05-24,"quantile",0.15,5.72418364773547
"7849",2021-05-15,"11","9  day ahead inc hosp",2021-05-24,"quantile",0.2,6.29221616166658
"7850",2021-05-15,"11","9  day ahead inc hosp",2021-05-24,"quantile",0.25,6.81234905484433
"7851",2021-05-15,"11","9  day ahead inc hosp",2021-05-24,"quantile",0.3,7.30633863780049
"7852",2021-05-15,"11","9  day ahead inc hosp",2021-05-24,"quantile",0.35,7.78763176835836
"7853",2021-05-15,"11","9  day ahead inc hosp",2021-05-24,"quantile",0.4,8.26595314012218
"7854",2021-05-15,"11","9  day ahead inc hosp",2021-05-24,"quantile",0.45,8.7493847260899
"7855",2021-05-15,"11","9  day ahead inc hosp",2021-05-24,"quantile",0.5,9.24555542701787
"7856",2021-05-15,"11","9  day ahead inc hosp",2021-05-24,"quantile",0.55,9.76253590625482
"7857",2021-05-15,"11","9  day ahead inc hosp",2021-05-24,"quantile",0.6,10.3097513167321
"7858",2021-05-15,"11","9  day ahead inc hosp",2021-05-24,"quantile",0.65,10.8991932424428
"7859",2021-05-15,"11","9  day ahead inc hosp",2021-05-24,"quantile",0.7,11.5473598885811
"7860",2021-05-15,"11","9  day ahead inc hosp",2021-05-24,"quantile",0.75,12.278818263892
"7861",2021-05-15,"11","9  day ahead inc hosp",2021-05-24,"quantile",0.8,13.1336380292346
"7862",2021-05-15,"11","9  day ahead inc hosp",2021-05-24,"quantile",0.85,14.1855136336923
"7863",2021-05-15,"11","9  day ahead inc hosp",2021-05-24,"quantile",0.9,15.5973202314562
"7864",2021-05-15,"11","9  day ahead inc hosp",2021-05-24,"quantile",0.95,17.8804545030948
"7865",2021-05-15,"11","9  day ahead inc hosp",2021-05-24,"quantile",0.975,20.0560682767227
"7866",2021-05-15,"11","9  day ahead inc hosp",2021-05-24,"quantile",0.99,22.8287840174185
"7867",2021-05-15,"11","10  day ahead inc hosp",2021-05-25,"quantile",0.01,2.83268512415186
"7868",2021-05-15,"11","10  day ahead inc hosp",2021-05-25,"quantile",0.025,3.49849415816909
"7869",2021-05-15,"11","10  day ahead inc hosp",2021-05-25,"quantile",0.05,4.15948210180822
"7870",2021-05-15,"11","10  day ahead inc hosp",2021-05-25,"quantile",0.1,5.03314003365477
"7871",2021-05-15,"11","10  day ahead inc hosp",2021-05-25,"quantile",0.15,5.69579151967315
"7872",2021-05-15,"11","10  day ahead inc hosp",2021-05-25,"quantile",0.2,6.26745572484383
"7873",2021-05-15,"11","10  day ahead inc hosp",2021-05-25,"quantile",0.25,6.7912809969432
"7874",2021-05-15,"11","10  day ahead inc hosp",2021-05-25,"quantile",0.3,7.28907097903868
"7875",2021-05-15,"11","10  day ahead inc hosp",2021-05-25,"quantile",0.35,7.77431869588196
"7876",2021-05-15,"11","10  day ahead inc hosp",2021-05-25,"quantile",0.4,8.25679755840359
"7877",2021-05-15,"11","10  day ahead inc hosp",2021-05-25,"quantile",0.45,8.74464473679775
"7878",2021-05-15,"11","10  day ahead inc hosp",2021-05-25,"quantile",0.5,9.24555542701787
"7879",2021-05-15,"11","10  day ahead inc hosp",2021-05-25,"quantile",0.55,9.76768392737034
"7880",2021-05-15,"11","10  day ahead inc hosp",2021-05-25,"quantile",0.6,10.3205657461562
"7881",2021-05-15,"11","10  day ahead inc hosp",2021-05-25,"quantile",0.65,10.9163448461179
"7882",2021-05-15,"11","10  day ahead inc hosp",2021-05-25,"quantile",0.7,11.5717407738646
"7883",2021-05-15,"11","10  day ahead inc hosp",2021-05-25,"quantile",0.75,12.3116624660265
"7884",2021-05-15,"11","10  day ahead inc hosp",2021-05-25,"quantile",0.8,13.1767522124757
"7885",2021-05-15,"11","10  day ahead inc hosp",2021-05-25,"quantile",0.85,14.2417802670228
"7886",2021-05-15,"11","10  day ahead inc hosp",2021-05-25,"quantile",0.9,15.6720481941342
"7887",2021-05-15,"11","10  day ahead inc hosp",2021-05-25,"quantile",0.95,17.9867605409545
"7888",2021-05-15,"11","10  day ahead inc hosp",2021-05-25,"quantile",0.975,20.1941803564852
"7889",2021-05-15,"11","10  day ahead inc hosp",2021-05-25,"quantile",0.99,23.0095025661176
"7890",2021-05-15,"11","11  day ahead inc hosp",2021-05-26,"quantile",0.01,2.9037376467528
"7891",2021-05-15,"11","11  day ahead inc hosp",2021-05-26,"quantile",0.025,3.58870790974001
"7892",2021-05-15,"11","11  day ahead inc hosp",2021-05-26,"quantile",0.05,4.26902718290841
"7893",2021-05-15,"11","11  day ahead inc hosp",2021-05-26,"quantile",0.1,5.16860818919391
"7894",2021-05-15,"11","11  day ahead inc hosp",2021-05-26,"quantile",0.15,5.85115271647596
"7895",2021-05-15,"11","11  day ahead inc hosp",2021-05-26,"quantile",0.2,6.44011375944724
"7896",2021-05-15,"11","11  day ahead inc hosp",2021-05-26,"quantile",0.25,6.97988559514833
"7897",2021-05-15,"11","11  day ahead inc hosp",2021-05-26,"quantile",0.3,7.49290731597773
"7898",2021-05-15,"11","11  day ahead inc hosp",2021-05-26,"quantile",0.35,7.99306968600909
"7899",2021-05-15,"11","11  day ahead inc hosp",2021-05-26,"quantile",0.4,8.49043828472631
"7900",2021-05-15,"11","11  day ahead inc hosp",2021-05-26,"quantile",0.45,8.99339744155362
"7901",2021-05-15,"11","11  day ahead inc hosp",2021-05-26,"quantile",0.5,9.50987984921288
"7902",2021-05-15,"11","11  day ahead inc hosp",2021-05-26,"quantile",0.55,10.0482950452914
"7903",2021-05-15,"11","11  day ahead inc hosp",2021-05-26,"quantile",0.6,10.6184803633566
"7904",2021-05-15,"11","11  day ahead inc hosp",2021-05-26,"quantile",0.65,11.2329673178856
"7905",2021-05-15,"11","11  day ahead inc hosp",2021-05-26,"quantile",0.7,11.9090121150563
"7906",2021-05-15,"11","11  day ahead inc hosp",2021-05-26,"quantile",0.75,12.6723264668469
"7907",2021-05-15,"11","11  day ahead inc hosp",2021-05-26,"quantile",0.8,13.564866441331
"7908",2021-05-15,"11","11  day ahead inc hosp",2021-05-26,"quantile",0.85,14.6638252537652
"7909",2021-05-15,"11","11  day ahead inc hosp",2021-05-26,"quantile",0.9,16.1398740175614
"7910",2021-05-15,"11","11  day ahead inc hosp",2021-05-26,"quantile",0.95,18.5291328820226
"7911",2021-05-15,"11","11  day ahead inc hosp",2021-05-26,"quantile",0.975,20.8080975429247
"7912",2021-05-15,"11","11  day ahead inc hosp",2021-05-26,"quantile",0.99,23.7152152467878
"7913",2021-05-15,"11","12  day ahead inc hosp",2021-05-27,"quantile",0.01,2.93760644041607
"7914",2021-05-15,"11","12  day ahead inc hosp",2021-05-27,"quantile",0.025,3.63541217940587
"7915",2021-05-15,"11","12  day ahead inc hosp",2021-05-27,"quantile",0.05,4.32909190943569
"7916",2021-05-15,"11","12  day ahead inc hosp",2021-05-27,"quantile",0.1,5.24707690977879
"7917",2021-05-15,"11","12  day ahead inc hosp",2021-05-27,"quantile",0.15,5.94404323193961
"7918",2021-05-15,"11","12  day ahead inc hosp",2021-05-27,"quantile",0.2,6.54571705812852
"7919",2021-05-15,"11","12  day ahead inc hosp",2021-05-27,"quantile",0.25,7.09733276682682
"7920",2021-05-15,"11","12  day ahead inc hosp",2021-05-27,"quantile",0.3,7.62176570695111
"7921",2021-05-15,"11","12  day ahead inc hosp",2021-05-27,"quantile",0.35,8.1331856326308
"7922",2021-05-15,"11","12  day ahead inc hosp",2021-05-27,"quantile",0.4,8.64186837747005
"7923",2021-05-15,"11","12  day ahead inc hosp",2021-05-27,"quantile",0.45,9.15638116129746
"7924",2021-05-15,"11","12  day ahead inc hosp",2021-05-27,"quantile",0.5,9.68483718515449
"7925",2021-05-15,"11","12  day ahead inc hosp",2021-05-27,"quantile",0.55,10.2358444380486
"7926",2021-05-15,"11","12  day ahead inc hosp",2021-05-27,"quantile",0.6,10.8194790512253
"7927",2021-05-15,"11","12  day ahead inc hosp",2021-05-27,"quantile",0.65,11.4485830101823
"7928",2021-05-15,"11","12  day ahead inc hosp",2021-05-27,"quantile",0.7,12.1408461718228
"7929",2021-05-15,"11","12  day ahead inc hosp",2021-05-27,"quantile",0.75,12.922632846361
"7930",2021-05-15,"11","12  day ahead inc hosp",2021-05-27,"quantile",0.8,13.8369718300819
"7931",2021-05-15,"11","12  day ahead inc hosp",2021-05-27,"quantile",0.85,14.9630418912556
"7932",2021-05-15,"11","12  day ahead inc hosp",2021-05-27,"quantile",0.9,16.4759297256429
"7933",2021-05-15,"11","12  day ahead inc hosp",2021-05-27,"quantile",0.95,18.9257255298388
"7934",2021-05-15,"11","12  day ahead inc hosp",2021-05-27,"quantile",0.975,21.2633345702891
"7935",2021-05-15,"11","12  day ahead inc hosp",2021-05-27,"quantile",0.99,24.2463501789206
"7936",2021-05-15,"11","13  day ahead inc hosp",2021-05-28,"quantile",0.01,2.92019171047799
"7937",2021-05-15,"11","13  day ahead inc hosp",2021-05-28,"quantile",0.025,3.62190628292305
"7938",2021-05-15,"11","13  day ahead inc hosp",2021-05-28,"quantile",0.05,4.32049872559309
"7939",2021-05-15,"11","13  day ahead inc hosp",2021-05-28,"quantile",0.1,5.24622322855071
"7940",2021-05-15,"11","13  day ahead inc hosp",2021-05-28,"quantile",0.15,5.94983492715744
"7941",2021-05-15,"11","13  day ahead inc hosp",2021-05-28,"quantile",0.2,6.55769642197454
"7942",2021-05-15,"11","13  day ahead inc hosp",2021-05-28,"quantile",0.25,7.11530909059944
"7943",2021-05-15,"11","13  day ahead inc hosp",2021-05-28,"quantile",0.3,7.64570285724145
"7944",2021-05-15,"11","13  day ahead inc hosp",2021-05-28,"quantile",0.35,8.16315825421434
"7945",2021-05-15,"11","13  day ahead inc hosp",2021-05-28,"quantile",0.4,8.67804507434193
"7946",2021-05-15,"11","13  day ahead inc hosp",2021-05-28,"quantile",0.45,9.19902192764086
"7947",2021-05-15,"11","13  day ahead inc hosp",2021-05-28,"quantile",0.5,9.73430112919644
"7948",2021-05-15,"11","13  day ahead inc hosp",2021-05-28,"quantile",0.55,10.2926077518171
"7949",2021-05-15,"11","13  day ahead inc hosp",2021-05-28,"quantile",0.6,10.884166159597
"7950",2021-05-15,"11","13  day ahead inc hosp",2021-05-28,"quantile",0.65,11.5220177988972
"7951",2021-05-15,"11","13  day ahead inc hosp",2021-05-28,"quantile",0.7,12.224137573158
"7952",2021-05-15,"11","13  day ahead inc hosp",2021-05-28,"quantile",0.75,13.0173254708088
"7953",2021-05-15,"11","13  day ahead inc hosp",2021-05-28,"quantile",0.8,13.9453345128882
"7954",2021-05-15,"11","13  day ahead inc hosp",2021-05-28,"quantile",0.85,15.0886961442514
"7955",2021-05-15,"11","13  day ahead inc hosp",2021-05-28,"quantile",0.9,16.6255313505492
"7956",2021-05-15,"11","13  day ahead inc hosp",2021-05-28,"quantile",0.95,19.1156314580591
"7957",2021-05-15,"11","13  day ahead inc hosp",2021-05-28,"quantile",0.975,21.4932193081364
"7958",2021-05-15,"11","13  day ahead inc hosp",2021-05-28,"quantile",0.99,24.5290882665844
"7959",2021-05-15,"11","14  day ahead inc hosp",2021-05-29,"quantile",0.01,2.24550022944147
"7960",2021-05-15,"11","14  day ahead inc hosp",2021-05-29,"quantile",0.025,2.8306469511859
"7961",2021-05-15,"11","14  day ahead inc hosp",2021-05-29,"quantile",0.05,3.41946236929302
"7962",2021-05-15,"11","14  day ahead inc hosp",2021-05-29,"quantile",0.1,4.20732966480177
"7963",2021-05-15,"11","14  day ahead inc hosp",2021-05-29,"quantile",0.15,4.81091356448221
"7964",2021-05-15,"11","14  day ahead inc hosp",2021-05-29,"quantile",0.2,5.33515645452595
"7965",2021-05-15,"11","14  day ahead inc hosp",2021-05-29,"quantile",0.25,5.8180792369761
"7966",2021-05-15,"11","14  day ahead inc hosp",2021-05-29,"quantile",0.3,6.27904660677375
"7967",2021-05-15,"11","14  day ahead inc hosp",2021-05-29,"quantile",0.35,6.7301599290877
"7968",2021-05-15,"11","14  day ahead inc hosp",2021-05-29,"quantile",0.4,7.18029173277729
"7969",2021-05-15,"11","14  day ahead inc hosp",2021-05-29,"quantile",0.45,7.63693213327624
"7970",2021-05-15,"11","14  day ahead inc hosp",2021-05-29,"quantile",0.5,8.10726385967449
"7971",2021-05-15,"11","14  day ahead inc hosp",2021-05-29,"quantile",0.55,8.59899277754208
"7972",2021-05-15,"11","14  day ahead inc hosp",2021-05-29,"quantile",0.6,9.12121891417256
"7973",2021-05-15,"11","14  day ahead inc hosp",2021-05-29,"quantile",0.65,9.68561563632322
"7974",2021-05-15,"11","14  day ahead inc hosp",2021-05-29,"quantile",0.7,10.3083368162952
"7975",2021-05-15,"11","14  day ahead inc hosp",2021-05-29,"quantile",0.75,11.0135356761433
"7976",2021-05-15,"11","14  day ahead inc hosp",2021-05-29,"quantile",0.8,11.840727389407
"7977",2021-05-15,"11","14  day ahead inc hosp",2021-05-29,"quantile",0.85,12.862770407437
"7978",2021-05-15,"11","14  day ahead inc hosp",2021-05-29,"quantile",0.9,14.2410900774827
"7979",2021-05-15,"11","14  day ahead inc hosp",2021-05-29,"quantile",0.95,16.4840848209152
"7980",2021-05-15,"11","14  day ahead inc hosp",2021-05-29,"quantile",0.975,18.6354503801891
"7981",2021-05-15,"11","14  day ahead inc hosp",2021-05-29,"quantile",0.99,21.3942357192387
"7982",2021-05-15,"11","15  day ahead inc hosp",2021-05-30,"quantile",0.01,2.56040409571623
"7983",2021-05-15,"11","15  day ahead inc hosp",2021-05-30,"quantile",0.025,3.23253811182299
"7984",2021-05-15,"11","15  day ahead inc hosp",2021-05-30,"quantile",0.05,3.90956605049914
"7985",2021-05-15,"11","15  day ahead inc hosp",2021-05-30,"quantile",0.1,4.81628900272013
"7986",2021-05-15,"11","15  day ahead inc hosp",2021-05-30,"quantile",0.15,5.51143978994111
"7987",2021-05-15,"11","15  day ahead inc hosp",2021-05-30,"quantile",0.2,6.11551340086267
"7988",2021-05-15,"11","15  day ahead inc hosp",2021-05-30,"quantile",0.25,6.67219083793934
"7989",2021-05-15,"11","15  day ahead inc hosp",2021-05-30,"quantile",0.3,7.20373282360687
"7990",2021-05-15,"11","15  day ahead inc hosp",2021-05-30,"quantile",0.35,7.72406076561212
"7991",2021-05-15,"11","15  day ahead inc hosp",2021-05-30,"quantile",0.4,8.24339092008767
"7992",2021-05-15,"11","15  day ahead inc hosp",2021-05-30,"quantile",0.45,8.77035662865435
"7993",2021-05-15,"11","15  day ahead inc hosp",2021-05-30,"quantile",0.5,9.31324538752534
"7994",2021-05-15,"11","15  day ahead inc hosp",2021-05-30,"quantile",0.55,9.88095624230207
"7995",2021-05-15,"11","15  day ahead inc hosp",2021-05-30,"quantile",0.6,10.484005665972
"7996",2021-05-15,"11","15  day ahead inc hosp",2021-05-30,"quantile",0.65,11.1358909514654
"7997",2021-05-15,"11","15  day ahead inc hosp",2021-05-30,"quantile",0.7,11.8552967188611
"7998",2021-05-15,"11","15  day ahead inc hosp",2021-05-30,"quantile",0.75,12.6701673015593
"7999",2021-05-15,"11","15  day ahead inc hosp",2021-05-30,"quantile",0.8,13.6262289247771
"8000",2021-05-15,"11","15  day ahead inc hosp",2021-05-30,"quantile",0.85,14.8078053993534
"8001",2021-05-15,"11","15  day ahead inc hosp",2021-05-30,"quantile",0.9,16.4017538204973
"8002",2021-05-15,"11","15  day ahead inc hosp",2021-05-30,"quantile",0.95,18.996682125426
"8003",2021-05-15,"11","15  day ahead inc hosp",2021-05-30,"quantile",0.975,21.4866335894016
"8004",2021-05-15,"11","15  day ahead inc hosp",2021-05-30,"quantile",0.99,24.6808470424263
"8005",2021-05-15,"11","16  day ahead inc hosp",2021-05-31,"quantile",0.01,2.53620811507471
"8006",2021-05-15,"11","16  day ahead inc hosp",2021-05-31,"quantile",0.025,3.21195556533469
"8007",2021-05-15,"11","16  day ahead inc hosp",2021-05-31,"quantile",0.05,3.89401675251428
"8008",2021-05-15,"11","16  day ahead inc hosp",2021-05-31,"quantile",0.1,4.80916809153462
"8009",2021-05-15,"11","16  day ahead inc hosp",2021-05-31,"quantile",0.15,5.51183133036886
"8010",2021-05-15,"11","16  day ahead inc hosp",2021-05-31,"quantile",0.2,6.12305000328281
"8011",2021-05-15,"11","16  day ahead inc hosp",2021-05-31,"quantile",0.25,6.68675597080974
"8012",2021-05-15,"11","16  day ahead inc hosp",2021-05-31,"quantile",0.3,7.22536502237383
"8013",2021-05-15,"11","16  day ahead inc hosp",2021-05-31,"quantile",0.35,7.75291666327402
"8014",2021-05-15,"11","16  day ahead inc hosp",2021-05-31,"quantile",0.4,8.27973297005443
"8015",2021-05-15,"11","16  day ahead inc hosp",2021-05-31,"quantile",0.45,8.81455495628048
"8016",2021-05-15,"11","16  day ahead inc hosp",2021-05-31,"quantile",0.5,9.36579088056091
"8017",2021-05-15,"11","16  day ahead inc hosp",2021-05-31,"quantile",0.55,9.94248581048382
"8018",2021-05-15,"11","16  day ahead inc hosp",2021-05-31,"quantile",0.6,10.5553439762081
"8019",2021-05-15,"11","16  day ahead inc hosp",2021-05-31,"quantile",0.65,11.2181178919921
"8020",2021-05-15,"11","16  day ahead inc hosp",2021-05-31,"quantile",0.7,11.9498593727022
"8021",2021-05-15,"11","16  day ahead inc hosp",2021-05-31,"quantile",0.75,12.7790766108586
"8022",2021-05-15,"11","16  day ahead inc hosp",2021-05-31,"quantile",0.8,13.7524364271691
"8023",2021-05-15,"11","16  day ahead inc hosp",2021-05-31,"quantile",0.85,14.9560247208833
"8024",2021-05-15,"11","16  day ahead inc hosp",2021-05-31,"quantile",0.9,16.5806632530403
"8025",2021-05-15,"11","16  day ahead inc hosp",2021-05-31,"quantile",0.95,19.2276840210929
"8026",2021-05-15,"11","16  day ahead inc hosp",2021-05-31,"quantile",0.975,21.7697445523428
"8027",2021-05-15,"11","16  day ahead inc hosp",2021-05-31,"quantile",0.99,25.0333766393338
"8028",2021-05-15,"11","17  day ahead inc hosp",2021-06-01,"quantile",0.01,2.51111975142922
"8029",2021-05-15,"11","17  day ahead inc hosp",2021-06-01,"quantile",0.025,3.19010702922923
"8030",2021-05-15,"11","17  day ahead inc hosp",2021-06-01,"quantile",0.05,3.8768441083711
"8031",2021-05-15,"11","17  day ahead inc hosp",2021-06-01,"quantile",0.1,4.79997274091245
"8032",2021-05-15,"11","17  day ahead inc hosp",2021-06-01,"quantile",0.15,5.50982198708613
"8033",2021-05-15,"11","17  day ahead inc hosp",2021-06-01,"quantile",0.2,6.12791450234983
"8034",2021-05-15,"11","17  day ahead inc hosp",2021-06-01,"quantile",0.25,6.69840857030319
"8035",2021-05-15,"11","17  day ahead inc hosp",2021-06-01,"quantile",0.3,7.24386308413863
"8036",2021-05-15,"11","17  day ahead inc hosp",2021-06-01,"quantile",0.35,7.77842859866863
"8037",2021-05-15,"11","17  day ahead inc hosp",2021-06-01,"quantile",0.4,8.31252826025252
"8038",2021-05-15,"11","17  day ahead inc hosp",2021-06-01,"quantile",0.45,8.855007158018
"8039",2021-05-15,"11","17  day ahead inc hosp",2021-06-01,"quantile",0.5,9.41439127036223
"8040",2021-05-15,"11","17  day ahead inc hosp",2021-06-01,"quantile",0.55,9.99986881304096
"8041",2021-05-15,"11","17  day ahead inc hosp",2021-06-01,"quantile",0.6,10.6223287506593
"8042",2021-05-15,"11","17  day ahead inc hosp",2021-06-01,"quantile",0.65,11.2957752981399
"8043",2021-05-15,"11","17  day ahead inc hosp",2021-06-01,"quantile",0.7,12.0396229526108
"8044",2021-05-15,"11","17  day ahead inc hosp",2021-06-01,"quantile",0.75,12.882937416077
"8045",2021-05-15,"11","17  day ahead inc hosp",2021-06-01,"quantile",0.8,13.8733162303075
"8046",2021-05-15,"11","17  day ahead inc hosp",2021-06-01,"quantile",0.85,15.0985900170014
"8047",2021-05-15,"11","17  day ahead inc hosp",2021-06-01,"quantile",0.9,16.7535086663778
"8048",2021-05-15,"11","17  day ahead inc hosp",2021-06-01,"quantile",0.95,19.4520210988383
"8049",2021-05-15,"11","17  day ahead inc hosp",2021-06-01,"quantile",0.975,22.0456829422124
"8050",2021-05-15,"11","17  day ahead inc hosp",2021-06-01,"quantile",0.99,25.3781683753815
"8051",2021-05-15,"11","18  day ahead inc hosp",2021-06-02,"quantile",0.01,2.44783480474295
"8052",2021-05-15,"11","18  day ahead inc hosp",2021-06-02,"quantile",0.025,3.12223015477851
"8053",2021-05-15,"11","18  day ahead inc hosp",2021-06-02,"quantile",0.05,3.80612606184555
"8054",2021-05-15,"11","18  day ahead inc hosp",2021-06-02,"quantile",0.1,4.72762266067252
"8055",2021-05-15,"11","18  day ahead inc hosp",2021-06-02,"quantile",0.15,5.43757996523877
"8056",2021-05-15,"11","18  day ahead inc hosp",2021-06-02,"quantile",0.2,6.05656735188291
"8057",2021-05-15,"11","18  day ahead inc hosp",2021-06-02,"quantile",0.25,6.62846417782334
"8058",2021-05-15,"11","18  day ahead inc hosp",2021-06-02,"quantile",0.3,7.17572237353642
"8059",2021-05-15,"11","18  day ahead inc hosp",2021-06-02,"quantile",0.35,7.71245304639895
"8060",2021-05-15,"11","18  day ahead inc hosp",2021-06-02,"quantile",0.4,8.24907536092208
"8061",2021-05-15,"11","18  day ahead inc hosp",2021-06-02,"quantile",0.45,8.79445487144949
"8062",2021-05-15,"11","18  day ahead inc hosp",2021-06-02,"quantile",0.5,9.35715996001848
"8063",2021-05-15,"11","18  day ahead inc hosp",2021-06-02,"quantile",0.55,9.94644577647589
"8064",2021-05-15,"11","18  day ahead inc hosp",2021-06-02,"quantile",0.6,10.5733002985907
"8065",2021-05-15,"11","18  day ahead inc hosp",2021-06-02,"quantile",0.65,11.251873512368
"8066",2021-05-15,"11","18  day ahead inc hosp",2021-06-02,"quantile",0.7,12.0017999620417
"8067",2021-05-15,"11","18  day ahead inc hosp",2021-06-02,"quantile",0.75,12.8524938046114
"8068",2021-05-15,"11","18  day ahead inc hosp",2021-06-02,"quantile",0.8,13.8521464803167
"8069",2021-05-15,"11","18  day ahead inc hosp",2021-06-02,"quantile",0.85,15.089720365192
"8070",2021-05-15,"11","18  day ahead inc hosp",2021-06-02,"quantile",0.9,16.7625531525625
"8071",2021-05-15,"11","18  day ahead inc hosp",2021-06-02,"quantile",0.95,19.493059682442
"8072",2021-05-15,"11","18  day ahead inc hosp",2021-06-02,"quantile",0.975,22.1202504910549
"8073",2021-05-15,"11","18  day ahead inc hosp",2021-06-02,"quantile",0.99,25.4991807827014
"8074",2021-05-15,"11","19  day ahead inc hosp",2021-06-03,"quantile",0.01,2.43050971932215
"8075",2021-05-15,"11","19  day ahead inc hosp",2021-06-03,"quantile",0.025,3.10921753755869
"8076",2021-05-15,"11","19  day ahead inc hosp",2021-06-03,"quantile",0.05,3.79881024670481
"8077",2021-05-15,"11","19  day ahead inc hosp",2021-06-03,"quantile",0.1,4.72958879268027
"8078",2021-05-15,"11","19  day ahead inc hosp",2021-06-03,"quantile",0.15,5.44769810297195
"8079",2021-05-15,"11","19  day ahead inc hosp",2021-06-03,"quantile",0.2,6.07438092053317
"8080",2021-05-15,"11","19  day ahead inc hosp",2021-06-03,"quantile",0.25,6.65381127134333
"8081",2021-05-15,"11","19  day ahead inc hosp",2021-06-03,"quantile",0.3,7.2086180552908
"8082",2021-05-15,"11","19  day ahead inc hosp",2021-06-03,"quantile",0.35,7.75304401254809
"8083",2021-05-15,"11","19  day ahead inc hosp",2021-06-03,"quantile",0.4,8.29762400238703
"8084",2021-05-15,"11","19  day ahead inc hosp",2021-06-03,"quantile",0.45,8.85133959101156
"8085",2021-05-15,"11","19  day ahead inc hosp",2021-06-03,"quantile",0.5,9.42288795826133
"8086",2021-05-15,"11","19  day ahead inc hosp",2021-06-03,"quantile",0.55,10.0216789584141
"8087",2021-05-15,"11","19  day ahead inc hosp",2021-06-03,"quantile",0.6,10.6588986616678
"8088",2021-05-15,"11","19  day ahead inc hosp",2021-06-03,"quantile",0.65,11.3489656374555
"8089",2021-05-15,"11","19  day ahead inc hosp",2021-06-03,"quantile",0.7,12.1119002529469
"8090",2021-05-15,"11","19  day ahead inc hosp",2021-06-03,"quantile",0.75,12.9777085757536
"8091",2021-05-15,"11","19  day ahead inc hosp",2021-06-03,"quantile",0.8,13.9955688656804
"8092",2021-05-15,"11","19  day ahead inc hosp",2021-06-03,"quantile",0.85,15.2562914861467
"8093",2021-05-15,"11","19  day ahead inc hosp",2021-06-03,"quantile",0.9,16.961370913844
"8094",2021-05-15,"11","19  day ahead inc hosp",2021-06-03,"quantile",0.95,19.7465591882549
"8095",2021-05-15,"11","19  day ahead inc hosp",2021-06-03,"quantile",0.975,22.4284057546767
"8096",2021-05-15,"11","19  day ahead inc hosp",2021-06-03,"quantile",0.99,25.8801059529148
"8097",2021-05-15,"11","20  day ahead inc hosp",2021-06-04,"quantile",0.01,2.40624906439618
"8098",2021-05-15,"11","20  day ahead inc hosp",2021-06-04,"quantile",0.025,3.08769261527183
"8099",2021-05-15,"11","20  day ahead inc hosp",2021-06-04,"quantile",0.05,3.78146749131412
"8100",2021-05-15,"11","20  day ahead inc hosp",2021-06-04,"quantile",0.1,4.71959378713902
"8101",2021-05-15,"11","20  day ahead inc hosp",2021-06-04,"quantile",0.15,5.44443356301724
"8102",2021-05-15,"11","20  day ahead inc hosp",2021-06-04,"quantile",0.2,6.07761376878756
"8103",2021-05-15,"11","20  day ahead inc hosp",2021-06-04,"quantile",0.25,6.66350104913105
"8104",2021-05-15,"11","20  day ahead inc hosp",2021-06-04,"quantile",0.3,7.22485084139586
"8105",2021-05-15,"11","20  day ahead inc hosp",2021-06-04,"quantile",0.35,7.77600726362166
"8106",2021-05-15,"11","20  day ahead inc hosp",2021-06-04,"quantile",0.4,8.32759986482984
"8107",2021-05-15,"11","20  day ahead inc hosp",2021-06-04,"quantile",0.45,8.88870963271517
"8108",2021-05-15,"11","20  day ahead inc hosp",2021-06-04,"quantile",0.5,9.46814773830442
"8109",2021-05-15,"11","20  day ahead inc hosp",2021-06-04,"quantile",0.55,10.0754639022416
"8110",2021-05-15,"11","20  day ahead inc hosp",2021-06-04,"quantile",0.6,10.7220257477442
"8111",2021-05-15,"11","20  day ahead inc hosp",2021-06-04,"quantile",0.65,11.4225001438753
"8112",2021-05-15,"11","20  day ahead inc hosp",2021-06-04,"quantile",0.7,12.1972661346423
"8113",2021-05-15,"11","20  day ahead inc hosp",2021-06-04,"quantile",0.75,13.0768821065611
"8114",2021-05-15,"11","20  day ahead inc hosp",2021-06-04,"quantile",0.8,14.1114496171851
"8115",2021-05-15,"11","20  day ahead inc hosp",2021-06-04,"quantile",0.85,15.3935118775099
"8116",2021-05-15,"11","20  day ahead inc hosp",2021-06-04,"quantile",0.9,17.1284694900292
"8117",2021-05-15,"11","20  day ahead inc hosp",2021-06-04,"quantile",0.95,19.9646400910063
"8118",2021-05-15,"11","20  day ahead inc hosp",2021-06-04,"quantile",0.975,22.6977513261279
"8119",2021-05-15,"11","20  day ahead inc hosp",2021-06-04,"quantile",0.99,26.2180666931833
"8120",2021-05-15,"11","21  day ahead inc hosp",2021-06-05,"quantile",0.01,2.34887722744957
"8121",2021-05-15,"11","21  day ahead inc hosp",2021-06-05,"quantile",0.025,3.02595652480657
"8122",2021-05-15,"11","21  day ahead inc hosp",2021-06-05,"quantile",0.05,3.71706826286704
"8123",2021-05-15,"11","21  day ahead inc hosp",2021-06-05,"quantile",0.1,4.65375676180274
"8124",2021-05-15,"11","21  day ahead inc hosp",2021-06-05,"quantile",0.15,5.37883501113914
"8125",2021-05-15,"11","21  day ahead inc hosp",2021-06-05,"quantile",0.2,6.01301683095249
"8126",2021-05-15,"11","21  day ahead inc hosp",2021-06-05,"quantile",0.25,6.60040267714349
"8127",2021-05-15,"11","21  day ahead inc hosp",2021-06-05,"quantile",0.3,7.16364698687312
"8128",2021-05-15,"11","21  day ahead inc hosp",2021-06-05,"quantile",0.35,7.71705796454608
"8129",2021-05-15,"11","21  day ahead inc hosp",2021-06-05,"quantile",0.4,8.27126370780432
"8130",2021-05-15,"11","21  day ahead inc hosp",2021-06-05,"quantile",0.45,8.83536781427468
"8131",2021-05-15,"11","21  day ahead inc hosp",2021-06-05,"quantile",0.5,9.41822596724556
"8132",2021-05-15,"11","21  day ahead inc hosp",2021-06-05,"quantile",0.55,10.0294571665526
"8133",2021-05-15,"11","21  day ahead inc hosp",2021-06-05,"quantile",0.6,10.6805309268733
"8134",2021-05-15,"11","21  day ahead inc hosp",2021-06-05,"quantile",0.65,11.3862637182991
"8135",2021-05-15,"11","21  day ahead inc hosp",2021-06-05,"quantile",0.7,12.1672601128267
"8136",2021-05-15,"11","21  day ahead inc hosp",2021-06-05,"quantile",0.75,13.0544354080852
"8137",2021-05-15,"11","21  day ahead inc hosp",2021-06-05,"quantile",0.8,14.0984993290535
"8138",2021-05-15,"11","21  day ahead inc hosp",2021-06-05,"quantile",0.85,15.3931540293124
"8139",2021-05-15,"11","21  day ahead inc hosp",2021-06-05,"quantile",0.9,17.1464505109306
"8140",2021-05-15,"11","21  day ahead inc hosp",2021-06-05,"quantile",0.95,20.0153800581624
"8141",2021-05-15,"11","21  day ahead inc hosp",2021-06-05,"quantile",0.975,22.7828365990515
"8142",2021-05-15,"11","21  day ahead inc hosp",2021-06-05,"quantile",0.99,26.3507557234656
"8143",2021-05-15,"11","22  day ahead inc hosp",2021-06-06,"quantile",0.01,2.31024516306601
"8144",2021-05-15,"11","22  day ahead inc hosp",2021-06-06,"quantile",0.025,2.98654946365955
"8145",2021-05-15,"11","22  day ahead inc hosp",2021-06-06,"quantile",0.05,3.67844285983247
"8146",2021-05-15,"11","22  day ahead inc hosp",2021-06-06,"quantile",0.1,4.61810315240978
"8147",2021-05-15,"11","22  day ahead inc hosp",2021-06-06,"quantile",0.15,5.3466749311335
"8148",2021-05-15,"11","22  day ahead inc hosp",2021-06-06,"quantile",0.2,5.98461385150688
"8149",2021-05-15,"11","22  day ahead inc hosp",2021-06-06,"quantile",0.25,6.57598526257299
"8150",2021-05-15,"11","22  day ahead inc hosp",2021-06-06,"quantile",0.3,7.14345710390945
"8151",2021-05-15,"11","22  day ahead inc hosp",2021-06-06,"quantile",0.35,7.70137077621403
"8152",2021-05-15,"11","22  day ahead inc hosp",2021-06-06,"quantile",0.4,8.26040139454028
"8153",2021-05-15,"11","22  day ahead inc hosp",2021-06-06,"quantile",0.45,8.82971399427614
"8154",2021-05-15,"11","22  day ahead inc hosp",2021-06-06,"quantile",0.5,9.41824401747055
"8155",2021-05-15,"11","22  day ahead inc hosp",2021-06-06,"quantile",0.55,10.0357156927473
"8156",2021-05-15,"11","22  day ahead inc hosp",2021-06-06,"quantile",0.6,10.6937411507621
"8157",2021-05-15,"11","22  day ahead inc hosp",2021-06-06,"quantile",0.65,11.4073370866735
"8158",2021-05-15,"11","22  day ahead inc hosp",2021-06-06,"quantile",0.7,12.197402085773
"8159",2021-05-15,"11","22  day ahead inc hosp",2021-06-06,"quantile",0.75,13.0953091058579
"8160",2021-05-15,"11","22  day ahead inc hosp",2021-06-06,"quantile",0.8,14.1525388701951
"8161",2021-05-15,"11","22  day ahead inc hosp",2021-06-06,"quantile",0.85,15.464249671285
"8162",2021-05-15,"11","22  day ahead inc hosp",2021-06-06,"quantile",0.9,17.2417948431199
"8163",2021-05-15,"11","22  day ahead inc hosp",2021-06-06,"quantile",0.95,20.1528671087864
"8164",2021-05-15,"11","22  day ahead inc hosp",2021-06-06,"quantile",0.975,22.9634378371033
"8165",2021-05-15,"11","22  day ahead inc hosp",2021-06-06,"quantile",0.99,26.5899269260194
"8166",2021-05-15,"11","23  day ahead inc hosp",2021-06-07,"quantile",0.01,2.25366116002425
"8167",2021-05-15,"11","23  day ahead inc hosp",2021-06-07,"quantile",0.025,2.92505049538512
"8168",2021-05-15,"11","23  day ahead inc hosp",2021-06-07,"quantile",0.05,3.6137111659319
"8169",2021-05-15,"11","23  day ahead inc hosp",2021-06-07,"quantile",0.1,4.55116636325564
"8170",2021-05-15,"11","23  day ahead inc hosp",2021-06-07,"quantile",0.15,5.27939242162872
"8171",2021-05-15,"11","23  day ahead inc hosp",2021-06-07,"quantile",0.2,5.91783094586709
"8172",2021-05-15,"11","23  day ahead inc hosp",2021-06-07,"quantile",0.25,6.51024403055554
"8173",2021-05-15,"11","23  day ahead inc hosp",2021-06-07,"quantile",0.3,7.07917979511199
"8174",2021-05-15,"11","23  day ahead inc hosp",2021-06-07,"quantile",0.35,7.63893217477551
"8175",2021-05-15,"11","23  day ahead inc hosp",2021-06-07,"quantile",0.4,8.20016664042324
"8176",2021-05-15,"11","23  day ahead inc hosp",2021-06-07,"quantile",0.45,8.77206423560189
"8177",2021-05-15,"11","23  day ahead inc hosp",2021-06-07,"quantile",0.5,9.3635989176006
"8178",2021-05-15,"11","23  day ahead inc hosp",2021-06-07,"quantile",0.55,9.9845581005006
"8179",2021-05-15,"11","23  day ahead inc hosp",2021-06-07,"quantile",0.6,10.6466489510335
"8180",2021-05-15,"11","23  day ahead inc hosp",2021-06-07,"quantile",0.65,11.3650293186138
"8181",2021-05-15,"11","23  day ahead inc hosp",2021-06-07,"quantile",0.7,12.1608120023484
"8182",2021-05-15,"11","23  day ahead inc hosp",2021-06-07,"quantile",0.75,13.0657104047035
"8183",2021-05-15,"11","23  day ahead inc hosp",2021-06-07,"quantile",0.8,14.1317871167594
"8184",2021-05-15,"11","23  day ahead inc hosp",2021-06-07,"quantile",0.85,15.4553120289758
"8185",2021-05-15,"11","23  day ahead inc hosp",2021-06-07,"quantile",0.9,17.2501868207682
"8186",2021-05-15,"11","23  day ahead inc hosp",2021-06-07,"quantile",0.95,20.1924686400984
"8187",2021-05-15,"11","23  day ahead inc hosp",2021-06-07,"quantile",0.975,23.0359985788219
"8188",2021-05-15,"11","23  day ahead inc hosp",2021-06-07,"quantile",0.99,26.7084443664599
"8189",2021-05-15,"11","24  day ahead inc hosp",2021-06-08,"quantile",0.01,2.2169232710576
"8190",2021-05-15,"11","24  day ahead inc hosp",2021-06-08,"quantile",0.025,2.8873641289963
"8191",2021-05-15,"11","24  day ahead inc hosp",2021-06-08,"quantile",0.05,3.57661245796232
"8192",2021-05-15,"11","24  day ahead inc hosp",2021-06-08,"quantile",0.1,4.51676792538855
"8193",2021-05-15,"11","24  day ahead inc hosp",2021-06-08,"quantile",0.15,5.24827794477822
"8194",2021-05-15,"11","24  day ahead inc hosp",2021-06-08,"quantile",0.2,5.89029344108586
"8195",2021-05-15,"11","24  day ahead inc hosp",2021-06-08,"quantile",0.25,6.48652896023012
"8196",2021-05-15,"11","24  day ahead inc hosp",2021-06-08,"quantile",0.3,7.05953971692906
"8197",2021-05-15,"11","24  day ahead inc hosp",2021-06-08,"quantile",0.35,7.62364892540671
"8198",2021-05-15,"11","24  day ahead inc hosp",2021-06-08,"quantile",0.4,8.1895663554512
"8199",2021-05-15,"11","24  day ahead inc hosp",2021-06-08,"quantile",0.45,8.76653238351448
"8200",2021-05-15,"11","24  day ahead inc hosp",2021-06-08,"quantile",0.5,9.3635989176006
"8201",2021-05-15,"11","24  day ahead inc hosp",2021-06-08,"quantile",0.55,9.99065688133331
"8202",2021-05-15,"11","24  day ahead inc hosp",2021-06-08,"quantile",0.6,10.6595542534265
"8203",2021-05-15,"11","24  day ahead inc hosp",2021-06-08,"quantile",0.65,11.3856470302992
"8204",2021-05-15,"11","24  day ahead inc hosp",2021-06-08,"quantile",0.7,12.19033941018
"8205",2021-05-15,"11","24  day ahead inc hosp",2021-06-08,"quantile",0.75,13.1057988705664
"8206",2021-05-15,"11","24  day ahead inc hosp",2021-06-08,"quantile",0.8,14.1848536084924
"8207",2021-05-15,"11","24  day ahead inc hosp",2021-06-08,"quantile",0.85,15.5252205799711
"8208",2021-05-15,"11","24  day ahead inc hosp",2021-06-08,"quantile",0.9,17.3440858857783
"8209",2021-05-15,"11","24  day ahead inc hosp",2021-06-08,"quantile",0.95,20.3281612078266
"8210",2021-05-15,"11","24  day ahead inc hosp",2021-06-08,"quantile",0.975,23.2145474266556
"8211",2021-05-15,"11","24  day ahead inc hosp",2021-06-08,"quantile",0.99,26.9453338424447
"8212",2021-05-15,"11","25  day ahead inc hosp",2021-06-09,"quantile",0.01,2.19013432421993
"8213",2021-05-15,"11","25  day ahead inc hosp",2021-06-09,"quantile",0.025,2.86158632630526
"8214",2021-05-15,"11","25  day ahead inc hosp",2021-06-09,"quantile",0.05,3.5533134805
"8215",2021-05-15,"11","25  day ahead inc hosp",2021-06-09,"quantile",0.1,4.49860379744853
"8216",2021-05-15,"11","25  day ahead inc hosp",2021-06-09,"quantile",0.15,5.23520414927788
"8217",2021-05-15,"11","25  day ahead inc hosp",2021-06-09,"quantile",0.2,5.88233150932309
"8218",2021-05-15,"11","25  day ahead inc hosp",2021-06-09,"quantile",0.25,6.4837791176111
"8219",2021-05-15,"11","25  day ahead inc hosp",2021-06-09,"quantile",0.3,7.0621720575695
"8220",2021-05-15,"11","25  day ahead inc hosp",2021-06-09,"quantile",0.35,7.63190089203611
"8221",2021-05-15,"11","25  day ahead inc hosp",2021-06-09,"quantile",0.4,8.20374656335697
"8222",2021-05-15,"11","25  day ahead inc hosp",2021-06-09,"quantile",0.45,8.78703048491978
"8223",2021-05-15,"11","25  day ahead inc hosp",2021-06-09,"quantile",0.5,9.39090239586508
"8224",2021-05-15,"11","25  day ahead inc hosp",2021-06-09,"quantile",0.55,10.0253771845284
"8225",2021-05-15,"11","25  day ahead inc hosp",2021-06-09,"quantile",0.6,10.7024669890374
"8226",2021-05-15,"11","25  day ahead inc hosp",2021-06-09,"quantile",0.65,11.4377551482804
"8227",2021-05-15,"11","25  day ahead inc hosp",2021-06-09,"quantile",0.7,12.2529769310798
"8228",2021-05-15,"11","25  day ahead inc hosp",2021-06-09,"quantile",0.75,13.1808124427524
"8229",2021-05-15,"11","25  day ahead inc hosp",2021-06-09,"quantile",0.8,14.2749503613125
"8230",2021-05-15,"11","25  day ahead inc hosp",2021-06-09,"quantile",0.85,15.634728255483
"8231",2021-05-15,"11","25  day ahead inc hosp",2021-06-09,"quantile",0.9,17.4809981983913
"8232",2021-05-15,"11","25  day ahead inc hosp",2021-06-09,"quantile",0.95,20.5123166306397
"8233",2021-05-15,"11","25  day ahead inc hosp",2021-06-09,"quantile",0.975,23.4466811751467
"8234",2021-05-15,"11","25  day ahead inc hosp",2021-06-09,"quantile",0.99,27.2422508725355
"8235",2021-05-15,"11","26  day ahead inc hosp",2021-06-10,"quantile",0.01,2.1620088241618
"8236",2021-05-15,"11","26  day ahead inc hosp",2021-06-10,"quantile",0.025,2.83398260823403
"8237",2021-05-15,"11","26  day ahead inc hosp",2021-06-10,"quantile",0.05,3.52770876326081
"8238",2021-05-15,"11","26  day ahead inc hosp",2021-06-10,"quantile",0.1,4.47751260716427
"8239",2021-05-15,"11","26  day ahead inc hosp",2021-06-10,"quantile",0.15,5.21874296451595
"8240",2021-05-15,"11","26  day ahead inc hosp",2021-06-10,"quantile",0.2,5.87059289582891
"8241",2021-05-15,"11","26  day ahead inc hosp",2021-06-10,"quantile",0.25,6.47690224216936
"8242",2021-05-15,"11","26  day ahead inc hosp",2021-06-10,"quantile",0.3,7.0603500017506
"8243",2021-05-15,"11","26  day ahead inc hosp",2021-06-10,"quantile",0.35,7.63538448652334
"8244",2021-05-15,"11","26  day ahead inc hosp",2021-06-10,"quantile",0.4,8.2128511446504
"8245",2021-05-15,"11","26  day ahead inc hosp",2021-06-10,"quantile",0.45,8.80214717320002
"8246",2021-05-15,"11","26  day ahead inc hosp",2021-06-10,"quantile",0.5,9.41251547624015
"8247",2021-05-15,"11","26  day ahead inc hosp",2021-06-10,"quantile",0.55,10.0540902607394
"8248",2021-05-15,"11","26  day ahead inc hosp",2021-06-10,"quantile",0.6,10.7390426825103
"8249",2021-05-15,"11","26  day ahead inc hosp",2021-06-10,"quantile",0.65,11.4831771620673
"8250",2021-05-15,"11","26  day ahead inc hosp",2021-06-10,"quantile",0.7,12.3085517163833
"8251",2021-05-15,"11","26  day ahead inc hosp",2021-06-10,"quantile",0.75,13.2483470185436
"8252",2021-05-15,"11","26  day ahead inc hosp",2021-06-10,"quantile",0.8,14.3570930026288
"8253",2021-05-15,"11","26  day ahead inc hosp",2021-06-10,"quantile",0.85,15.7357132473413
"8254",2021-05-15,"11","26  day ahead inc hosp",2021-06-10,"quantile",0.9,17.6086511142513
"8255",2021-05-15,"11","26  day ahead inc hosp",2021-06-10,"quantile",0.95,20.6860807960697
"8256",2021-05-15,"11","26  day ahead inc hosp",2021-06-10,"quantile",0.975,23.6674079209961
"8257",2021-05-15,"11","26  day ahead inc hosp",2021-06-10,"quantile",0.99,27.5265468610649
"8258",2021-05-15,"11","27  day ahead inc hosp",2021-06-11,"quantile",0.01,2.13014450192814
"8259",2021-05-15,"11","27  day ahead inc hosp",2021-06-11,"quantile",0.025,2.80159269409562
"8260",2021-05-15,"11","27  day ahead inc hosp",2021-06-11,"quantile",0.05,3.49629328222932
"8261",2021-05-15,"11","27  day ahead inc hosp",2021-06-11,"quantile",0.1,4.44928200961516
"8262",2021-05-15,"11","27  day ahead inc hosp",2021-06-11,"quantile",0.15,5.19415425229492
"8263",2021-05-15,"11","27  day ahead inc hosp",2021-06-11,"quantile",0.2,5.84988762791056
"8264",2021-05-15,"11","27  day ahead inc hosp",2021-06-11,"quantile",0.25,6.46030031922667
"8265",2021-05-15,"11","27  day ahead inc hosp",2021-06-11,"quantile",0.3,7.04809122645856
"8266",2021-05-15,"11","27  day ahead inc hosp",2021-06-11,"quantile",0.35,7.62774582164715
"8267",2021-05-15,"11","27  day ahead inc hosp",2021-06-11,"quantile",0.4,8.21015961131689
"8268",2021-05-15,"11","27  day ahead inc hosp",2021-06-11,"quantile",0.45,8.80479402308787
"8269",2021-05-15,"11","27  day ahead inc hosp",2021-06-11,"quantile",0.5,9.42097467797431
"8270",2021-05-15,"11","27  day ahead inc hosp",2021-06-11,"quantile",0.55,10.0689444991831
"8271",2021-05-15,"11","27  day ahead inc hosp",2021-06-11,"quantile",0.6,10.7610217162474
"8272",2021-05-15,"11","27  day ahead inc hosp",2021-06-11,"quantile",0.65,11.513217064683
"8273",2021-05-15,"11","27  day ahead inc hosp",2021-06-11,"quantile",0.7,12.3478914347138
"8274",2021-05-15,"11","27  day ahead inc hosp",2021-06-11,"quantile",0.75,13.2986969699044
"8275",2021-05-15,"11","27  day ahead inc hosp",2021-06-11,"quantile",0.8,14.4209580590256
"8276",2021-05-15,"11","27  day ahead inc hosp",2021-06-11,"quantile",0.85,15.8170993139827
"8277",2021-05-15,"11","27  day ahead inc hosp",2021-06-11,"quantile",0.9,17.7149701529537
"8278",2021-05-15,"11","27  day ahead inc hosp",2021-06-11,"quantile",0.95,20.8357916132093
"8279",2021-05-15,"11","27  day ahead inc hosp",2021-06-11,"quantile",0.975,23.861580307394
"8280",2021-05-15,"11","27  day ahead inc hosp",2021-06-11,"quantile",0.99,27.7812161400277
"8281",2021-05-15,"11","28  day ahead inc hosp",2021-06-12,"quantile",0.01,2.03159309787926
"8282",2021-05-15,"11","28  day ahead inc hosp",2021-06-12,"quantile",0.025,2.68681276440448
"8283",2021-05-15,"11","28  day ahead inc hosp",2021-06-12,"quantile",0.05,3.36717182184641
"8284",2021-05-15,"11","28  day ahead inc hosp",2021-06-12,"quantile",0.1,4.30347924007309
"8285",2021-05-15,"11","28  day ahead inc hosp",2021-06-12,"quantile",0.15,5.0371846901867
"8286",2021-05-15,"11","28  day ahead inc hosp",2021-06-12,"quantile",0.2,5.68419020613783
"8287",2021-05-15,"11","28  day ahead inc hosp",2021-06-12,"quantile",0.25,6.28727439695367
"8288",2021-05-15,"11","28  day ahead inc hosp",2021-06-12,"quantile",0.3,6.86864814803654
"8289",2021-05-15,"11","28  day ahead inc hosp",2021-06-12,"quantile",0.35,7.44252532962396
"8290",2021-05-15,"11","28  day ahead inc hosp",2021-06-12,"quantile",0.4,8.01963322486219
"8291",2021-05-15,"11","28  day ahead inc hosp",2021-06-12,"quantile",0.45,8.60932108817416
"8292",2021-05-15,"11","28  day ahead inc hosp",2021-06-12,"quantile",0.5,9.22083570238518
"8293",2021-05-15,"11","28  day ahead inc hosp",2021-06-12,"quantile",0.55,9.86436261648671
"8294",2021-05-15,"11","28  day ahead inc hosp",2021-06-12,"quantile",0.6,10.5521777922944
"8295",2021-05-15,"11","28  day ahead inc hosp",2021-06-12,"quantile",0.65,11.3002618543628
"8296",2021-05-15,"11","28  day ahead inc hosp",2021-06-12,"quantile",0.7,12.130957798105
"8297",2021-05-15,"11","28  day ahead inc hosp",2021-06-12,"quantile",0.75,13.0779165608289
"8298",2021-05-15,"11","28  day ahead inc hosp",2021-06-12,"quantile",0.8,14.1964924079358
"8299",2021-05-15,"11","28  day ahead inc hosp",2021-06-12,"quantile",0.85,15.589215136352
"8300",2021-05-15,"11","28  day ahead inc hosp",2021-06-12,"quantile",0.9,17.4842788387856
"8301",2021-05-15,"11","28  day ahead inc hosp",2021-06-12,"quantile",0.95,20.6044354464999
"8302",2021-05-15,"11","28  day ahead inc hosp",2021-06-12,"quantile",0.975,23.6335336504133
"8303",2021-05-15,"11","28  day ahead inc hosp",2021-06-12,"quantile",0.99,27.5622605469027
"8304",2021-05-15,"11","29  day ahead inc hosp",2021-06-13,"quantile",0.01,2.14880354461116
"8305",2021-05-15,"11","29  day ahead inc hosp",2021-06-13,"quantile",0.025,2.83936994184144
"8306",2021-05-15,"11","29  day ahead inc hosp",2021-06-13,"quantile",0.05,3.55602859552531
"8307",2021-05-15,"11","29  day ahead inc hosp",2021-06-13,"quantile",0.1,4.54179938033553
"8308",2021-05-15,"11","29  day ahead inc hosp",2021-06-13,"quantile",0.15,5.31395789947551
"8309",2021-05-15,"11","29  day ahead inc hosp",2021-06-13,"quantile",0.2,5.99469184351627
"8310",2021-05-15,"11","29  day ahead inc hosp",2021-06-13,"quantile",0.25,6.62908444152259
"8311",2021-05-15,"11","29  day ahead inc hosp",2021-06-13,"quantile",0.3,7.24053480874673
"8312",2021-05-15,"11","29  day ahead inc hosp",2021-06-13,"quantile",0.35,7.84401065018338
"8313",2021-05-15,"11","29  day ahead inc hosp",2021-06-13,"quantile",0.4,8.45080223010294
"8314",2021-05-15,"11","29  day ahead inc hosp",2021-06-13,"quantile",0.45,9.07074389246959
"8315",2021-05-15,"11","29  day ahead inc hosp",2021-06-13,"quantile",0.5,9.71355699739069
"8316",2021-05-15,"11","29  day ahead inc hosp",2021-06-13,"quantile",0.55,10.3899450815484
"8317",2021-05-15,"11","29  day ahead inc hosp",2021-06-13,"quantile",0.6,11.1128040494386
"8318",2021-05-15,"11","29  day ahead inc hosp",2021-06-13,"quantile",0.65,11.8989175195771
"8319",2021-05-15,"11","29  day ahead inc hosp",2021-06-13,"quantile",0.7,12.7717472537572
"8320",2021-05-15,"11","29  day ahead inc hosp",2021-06-13,"quantile",0.75,13.7666249938124
"8321",2021-05-15,"11","29  day ahead inc hosp",2021-06-13,"quantile",0.8,14.9416646772121
"8322",2021-05-15,"11","29  day ahead inc hosp",2021-06-13,"quantile",0.85,16.4044995896318
"8323",2021-05-15,"11","29  day ahead inc hosp",2021-06-13,"quantile",0.9,18.3946643322275
"8324",2021-05-15,"11","29  day ahead inc hosp",2021-06-13,"quantile",0.95,21.6707576898677
"8325",2021-05-15,"11","29  day ahead inc hosp",2021-06-13,"quantile",0.975,24.850597872406
"8326",2021-05-15,"11","29  day ahead inc hosp",2021-06-13,"quantile",0.99,28.9740545838951
"8327",2021-05-15,"11","30  day ahead inc hosp",2021-06-14,"quantile",0.01,2.11559809208672
"8328",2021-05-15,"11","30  day ahead inc hosp",2021-06-14,"quantile",0.025,2.80513816958355
"8329",2021-05-15,"11","30  day ahead inc hosp",2021-06-14,"quantile",0.05,3.5223371870685
"8330",2021-05-15,"11","30  day ahead inc hosp",2021-06-14,"quantile",0.1,4.51081293880505
"8331",2021-05-15,"11","30  day ahead inc hosp",2021-06-14,"quantile",0.15,5.28631687037968
"8332",2021-05-15,"11","30  day ahead inc hosp",2021-06-14,"quantile",0.2,5.97072256713863
"8333",2021-05-15,"11","30  day ahead inc hosp",2021-06-14,"quantile",0.25,6.60905854819925
"8334",2021-05-15,"11","30  day ahead inc hosp",2021-06-14,"quantile",0.3,7.22472879889913
"8335",2021-05-15,"11","30  day ahead inc hosp",2021-06-14,"quantile",0.35,7.83273038975645
"8336",2021-05-15,"11","30  day ahead inc hosp",2021-06-14,"quantile",0.4,8.44439948651385
"8337",2021-05-15,"11","30  day ahead inc hosp",2021-06-14,"quantile",0.45,9.06963270222035
"8338",2021-05-15,"11","30  day ahead inc hosp",2021-06-14,"quantile",0.5,9.71823375206081
"8339",2021-05-15,"11","30  day ahead inc hosp",2021-06-14,"quantile",0.55,10.4010159616262
"8340",2021-05-15,"11","30  day ahead inc hosp",2021-06-14,"quantile",0.6,11.1310249654665
"8341",2021-05-15,"11","30  day ahead inc hosp",2021-06-14,"quantile",0.65,11.9252554426441
"8342",2021-05-15,"11","30  day ahead inc hosp",2021-06-14,"quantile",0.7,12.8074799454584
"8343",2021-05-15,"11","30  day ahead inc hosp",2021-06-14,"quantile",0.75,13.8135150210968
"8344",2021-05-15,"11","30  day ahead inc hosp",2021-06-14,"quantile",0.8,15.002292819292
"8345",2021-05-15,"11","30  day ahead inc hosp",2021-06-14,"quantile",0.85,16.4829946524944
"8346",2021-05-15,"11","30  day ahead inc hosp",2021-06-14,"quantile",0.9,18.4986726811641
"8347",2021-05-15,"11","30  day ahead inc hosp",2021-06-14,"quantile",0.95,21.8193539877696
"8348",2021-05-15,"11","30  day ahead inc hosp",2021-06-14,"quantile",0.975,25.0450635113383
"8349",2021-05-15,"11","30  day ahead inc hosp",2021-06-14,"quantile",0.99,29.2311496770932
"8350",2021-05-15,"11","31  day ahead inc hosp",2021-06-15,"quantile",0.01,2.08301922969008
"8351",2021-05-15,"11","31  day ahead inc hosp",2021-06-15,"quantile",0.025,2.77145653673971
"8352",2021-05-15,"11","31  day ahead inc hosp",2021-06-15,"quantile",0.05,3.48911136872464
"8353",2021-05-15,"11","31  day ahead inc hosp",2021-06-15,"quantile",0.1,4.48017507722803
"8354",2021-05-15,"11","31  day ahead inc hosp",2021-06-15,"quantile",0.15,5.25893511501673
"8355",2021-05-15,"11","31  day ahead inc hosp",2021-06-15,"quantile",0.2,5.9469365193946
"8356",2021-05-15,"11","31  day ahead inc hosp",2021-06-15,"quantile",0.25,6.58914761273679
"8357",2021-05-15,"11","31  day ahead inc hosp",2021-06-15,"quantile",0.3,7.20897445235878
"8358",2021-05-15,"11","31  day ahead inc hosp",2021-06-15,"quantile",0.35,7.82144178955749
"8359",2021-05-15,"11","31  day ahead inc hosp",2021-06-15,"quantile",0.4,8.43793054980645
"8360",2021-05-15,"11","31  day ahead inc hosp",2021-06-15,"quantile",0.45,9.06839876129298
"8361",2021-05-15,"11","31  day ahead inc hosp",2021-06-15,"quantile",0.5,9.72273179416164
"8362",2021-05-15,"11","31  day ahead inc hosp",2021-06-15,"quantile",0.55,10.4118521343917
"8363",2021-05-15,"11","31  day ahead inc hosp",2021-06-15,"quantile",0.6,11.148954528676
"8364",2021-05-15,"11","31  day ahead inc hosp",2021-06-15,"quantile",0.65,11.9512440522215
"8365",2021-05-15,"11","31  day ahead inc hosp",2021-06-15,"quantile",0.7,12.8428032688375
"8366",2021-05-15,"11","31  day ahead inc hosp",2021-06-15,"quantile",0.75,13.8599325379897
"8367",2021-05-15,"11","31  day ahead inc hosp",2021-06-15,"quantile",0.8,15.0623808451011
"8368",2021-05-15,"11","31  day ahead inc hosp",2021-06-15,"quantile",0.85,16.5608754429061
"8369",2021-05-15,"11","31  day ahead inc hosp",2021-06-15,"quantile",0.9,18.6019825606664
"8370",2021-05-15,"11","31  day ahead inc hosp",2021-06-15,"quantile",0.95,21.9671514771365
"8371",2021-05-15,"11","31  day ahead inc hosp",2021-06-15,"quantile",0.975,25.2386738454588
"8372",2021-05-15,"11","31  day ahead inc hosp",2021-06-15,"quantile",0.99,29.4873692237636
"8373",2021-05-15,"11","32  day ahead inc hosp",2021-06-16,"quantile",0.01,2.04814343831311
"8374",2021-05-15,"11","32  day ahead inc hosp",2021-06-16,"quantile",0.025,2.73470105310024
"8375",2021-05-15,"11","32  day ahead inc hosp",2021-06-16,"quantile",0.05,3.45204101031193
"8376",2021-05-15,"11","32  day ahead inc hosp",2021-06-16,"quantile",0.1,4.44468207348969
"8377",2021-05-15,"11","32  day ahead inc hosp",2021-06-16,"quantile",0.15,5.22594052437375
"8378",2021-05-15,"11","32  day ahead inc hosp",2021-06-16,"quantile",0.2,5.91689102026188
"8379",2021-05-15,"11","32  day ahead inc hosp",2021-06-16,"quantile",0.25,6.56239075504237
"8380",2021-05-15,"11","32  day ahead inc hosp",2021-06-16,"quantile",0.3,7.18582232853105
"8381",2021-05-15,"11","32  day ahead inc hosp",2021-06-16,"quantile",0.35,7.80222262686596
"8382",2021-05-15,"11","32  day ahead inc hosp",2021-06-16,"quantile",0.4,8.42300635482511
"8383",2021-05-15,"11","32  day ahead inc hosp",2021-06-16,"quantile",0.45,9.05818411203138
"8384",2021-05-15,"11","32  day ahead inc hosp",2021-06-16,"quantile",0.5,9.71771486789809
"8385",2021-05-15,"11","32  day ahead inc hosp",2021-06-16,"quantile",0.55,10.4126220406046
"8386",2021-05-15,"11","32  day ahead inc hosp",2021-06-16,"quantile",0.6,11.1562401711691
"8387",2021-05-15,"11","32  day ahead inc hosp",2021-06-16,"quantile",0.65,11.9659731680067
"8388",2021-05-15,"11","32  day ahead inc hosp",2021-06-16,"quantile",0.7,12.866198005955
"8389",2021-05-15,"11","32  day ahead inc hosp",2021-06-16,"quantile",0.75,13.8936759855712
"8390",2021-05-15,"11","32  day ahead inc hosp",2021-06-16,"quantile",0.8,15.1089361165317
"8391",2021-05-15,"11","32  day ahead inc hosp",2021-06-16,"quantile",0.85,16.624184743503
"8392",2021-05-15,"11","32  day ahead inc hosp",2021-06-16,"quantile",0.9,18.6893564851884
"8393",2021-05-15,"11","32  day ahead inc hosp",2021-06-16,"quantile",0.95,22.0968741388222
"8394",2021-05-15,"11","32  day ahead inc hosp",2021-06-16,"quantile",0.975,25.4122434324399
"8395",2021-05-15,"11","32  day ahead inc hosp",2021-06-16,"quantile",0.99,29.7211360863153
"8396",2021-05-15,"11","33  day ahead inc hosp",2021-06-17,"quantile",0.01,2.0173821348011
"8397",2021-05-15,"11","33  day ahead inc hosp",2021-06-17,"quantile",0.025,2.70283474993314
"8398",2021-05-15,"11","33  day ahead inc hosp",2021-06-17,"quantile",0.05,3.42060774142943
"8399",2021-05-15,"11","33  day ahead inc hosp",2021-06-17,"quantile",0.1,4.41579164802846
"8400",2021-05-15,"11","33  day ahead inc hosp",2021-06-17,"quantile",0.15,5.20026781579508
"8401",2021-05-15,"11","33  day ahead inc hosp",2021-06-17,"quantile",0.2,5.89478098104239
"8402",2021-05-15,"11","33  day ahead inc hosp",2021-06-17,"quantile",0.25,6.5441269354895
"8403",2021-05-15,"11","33  day ahead inc hosp",2021-06-17,"quantile",0.3,7.17168961532625
"8404",2021-05-15,"11","33  day ahead inc hosp",2021-06-17,"quantile",0.35,7.79253316174402
"8405",2021-05-15,"11","33  day ahead inc hosp",2021-06-17,"quantile",0.4,8.41811682652211
"8406",2021-05-15,"11","33  day ahead inc hosp",2021-06-17,"quantile",0.45,9.05851257972053
"8407",2021-05-15,"11","33  day ahead inc hosp",2021-06-17,"quantile",0.5,9.72376115842337
"8408",2021-05-15,"11","33  day ahead inc hosp",2021-06-17,"quantile",0.55,10.4249954295177
"8409",2021-05-15,"11","33  day ahead inc hosp",2021-06-17,"quantile",0.6,11.1756995623286
"8410",2021-05-15,"11","33  day ahead inc hosp",2021-06-17,"quantile",0.65,11.9934887109307
"8411",2021-05-15,"11","33  day ahead inc hosp",2021-06-17,"quantile",0.7,12.9030512498797
"8412",2021-05-15,"11","33  day ahead inc hosp",2021-06-17,"quantile",0.75,13.9416346376322
"8413",2021-05-15,"11","33  day ahead inc hosp",2021-06-17,"quantile",0.8,15.1705889617379
"8414",2021-05-15,"11","33  day ahead inc hosp",2021-06-17,"quantile",0.85,16.7036750881563
"8415",2021-05-15,"11","33  day ahead inc hosp",2021-06-17,"quantile",0.9,18.7943626601835
"8416",2021-05-15,"11","33  day ahead inc hosp",2021-06-17,"quantile",0.95,22.2465711740025
"8417",2021-05-15,"11","33  day ahead inc hosp",2021-06-17,"quantile",0.975,25.6080163723997
"8418",2021-05-15,"11","33  day ahead inc hosp",2021-06-17,"quantile",0.99,29.9799460417303
"8419",2021-05-15,"11","34  day ahead inc hosp",2021-06-18,"quantile",0.01,1.98669683842404
"8420",2021-05-15,"11","34  day ahead inc hosp",2021-06-18,"quantile",0.025,2.67085618900765
"8421",2021-05-15,"11","34  day ahead inc hosp",2021-06-18,"quantile",0.05,3.38886782117781
"8422",2021-05-15,"11","34  day ahead inc hosp",2021-06-18,"quantile",0.1,4.38633397199955
"8423",2021-05-15,"11","34  day ahead inc hosp",2021-06-18,"quantile",0.15,5.17383075101882
"8424",2021-05-15,"11","34  day ahead inc hosp",2021-06-18,"quantile",0.2,5.87173825583026
"8425",2021-05-15,"11","34  day ahead inc hosp",2021-06-18,"quantile",0.25,6.52477814435287
"8426",2021-05-15,"11","34  day ahead inc hosp",2021-06-18,"quantile",0.3,7.15632925843325
"8427",2021-05-15,"11","34  day ahead inc hosp",2021-06-18,"quantile",0.35,7.7814790864506
"8428",2021-05-15,"11","34  day ahead inc hosp",2021-06-18,"quantile",0.4,8.41172869949096
"8429",2021-05-15,"11","34  day ahead inc hosp",2021-06-18,"quantile",0.45,9.05720928805621
"8430",2021-05-15,"11","34  day ahead inc hosp",2021-06-18,"quantile",0.5,9.72804145537632
"8431",2021-05-15,"11","34  day ahead inc hosp",2021-06-18,"quantile",0.55,10.4354656390879
"8432",2021-05-15,"11","34  day ahead inc hosp",2021-06-18,"quantile",0.6,11.1931135806347
"8433",2021-05-15,"11","34  day ahead inc hosp",2021-06-18,"quantile",0.65,12.0188092058465
"8434",2021-05-15,"11","34  day ahead inc hosp",2021-06-18,"quantile",0.7,12.9375490413915
"8435",2021-05-15,"11","34  day ahead inc hosp",2021-06-18,"quantile",0.75,13.9870620582134
"8436",2021-05-15,"11","34  day ahead inc hosp",2021-06-18,"quantile",0.8,15.2295121192521
"8437",2021-05-15,"11","34  day ahead inc hosp",2021-06-18,"quantile",0.85,16.7802016787702
"8438",2021-05-15,"11","34  day ahead inc hosp",2021-06-18,"quantile",0.9,18.8961080647099
"8439",2021-05-15,"11","34  day ahead inc hosp",2021-06-18,"quantile",0.95,22.3925669989001
"8440",2021-05-15,"11","34  day ahead inc hosp",2021-06-18,"quantile",0.975,25.7997118036923
"8441",2021-05-15,"11","34  day ahead inc hosp",2021-06-18,"quantile",0.99,30.2342561598978
"8442",2021-05-15,"11","35  day ahead inc hosp",2021-06-19,"quantile",0.01,1.95401133764767
"8443",2021-05-15,"11","35  day ahead inc hosp",2021-06-19,"quantile",0.025,2.63616812696663
"8444",2021-05-15,"11","35  day ahead inc hosp",2021-06-19,"quantile",0.05,3.35371079267481
"8445",2021-05-15,"11","35  day ahead inc hosp",2021-06-19,"quantile",0.1,4.35252692965509
"8446",2021-05-15,"11","35  day ahead inc hosp",2021-06-19,"quantile",0.15,5.14234286447921
"8447",2021-05-15,"11","35  day ahead inc hosp",2021-06-19,"quantile",0.2,5.84304472175078
"8448",2021-05-15,"11","35  day ahead inc hosp",2021-06-19,"quantile",0.25,6.49923343670849
"8449",2021-05-15,"11","35  day ahead inc hosp",2021-06-19,"quantile",0.3,7.13425934240309
"8450",2021-05-15,"11","35  day ahead inc hosp",2021-06-19,"quantile",0.35,7.76321897523886
"8451",2021-05-15,"11","35  day ahead inc hosp",2021-06-19,"quantile",0.4,8.3976450914977
"8452",2021-05-15,"11","35  day ahead inc hosp",2021-06-19,"quantile",0.45,9.04771990839475
"8453",2021-05-15,"11","35  day ahead inc hosp",2021-06-19,"quantile",0.5,9.72363640150573
"8454",2021-05-15,"11","35  day ahead inc hosp",2021-06-19,"quantile",0.55,10.436734896254
"8455",2021-05-15,"11","35  day ahead inc hosp",2021-06-19,"quantile",0.6,11.2007859788616
"8456",2021-05-15,"11","35  day ahead inc hosp",2021-06-19,"quantile",0.65,12.0338114915849
"8457",2021-05-15,"11","35  day ahead inc hosp",2021-06-19,"quantile",0.7,12.9611014436761
"8458",2021-05-15,"11","35  day ahead inc hosp",2021-06-19,"quantile",0.75,14.0208447888593
"8459",2021-05-15,"11","35  day ahead inc hosp",2021-06-19,"quantile",0.8,15.275984488097
"8460",2021-05-15,"11","35  day ahead inc hosp",2021-06-19,"quantile",0.85,16.8433015792822
"8461",2021-05-15,"11","35  day ahead inc hosp",2021-06-19,"quantile",0.9,18.9831437174475
"8462",2021-05-15,"11","35  day ahead inc hosp",2021-06-19,"quantile",0.95,22.5218396331597
"8463",2021-05-15,"11","35  day ahead inc hosp",2021-06-19,"quantile",0.975,25.9728315189259
"8464",2021-05-15,"11","35  day ahead inc hosp",2021-06-19,"quantile",0.99,30.4677158077723
"8465",2021-05-15,"11","36  day ahead inc hosp",2021-06-20,"quantile",0.01,1.92321327191497
"8466",2021-05-15,"11","36  day ahead inc hosp",2021-06-20,"quantile",0.025,2.60363091792961
"8467",2021-05-15,"11","36  day ahead inc hosp",2021-06-20,"quantile",0.05,3.32095238175209
"8468",2021-05-15,"11","36  day ahead inc hosp",2021-06-20,"quantile",0.1,4.32143326637873
"8469",2021-05-15,"11","36  day ahead inc hosp",2021-06-20,"quantile",0.15,5.11380124661264
"8470",2021-05-15,"11","36  day ahead inc hosp",2021-06-20,"quantile",0.2,5.81749595536777
"8471",2021-05-15,"11","36  day ahead inc hosp",2021-06-20,"quantile",0.25,6.47701418668236
"8472",2021-05-15,"11","36  day ahead inc hosp",2021-06-20,"quantile",0.3,7.11568598843364
"8473",2021-05-15,"11","36  day ahead inc hosp",2021-06-20,"quantile",0.35,7.74862196583809
"8474",2021-05-15,"11","36  day ahead inc hosp",2021-06-20,"quantile",0.4,8.38739016295321
"8475",2021-05-15,"11","36  day ahead inc hosp",2021-06-20,"quantile",0.45,9.042226806934
"8476",2021-05-15,"11","36  day ahead inc hosp",2021-06-20,"quantile",0.5,9.72340006241845
"8477",2021-05-15,"11","36  day ahead inc hosp",2021-06-20,"quantile",0.55,10.4423531320014
"8478",2021-05-15,"11","36  day ahead inc hosp",2021-06-20,"quantile",0.6,11.212998955221
"8479",2021-05-15,"11","36  day ahead inc hosp",2021-06-20,"quantile",0.65,12.0535617807937
"8480",2021-05-15,"11","36  day ahead inc hosp",2021-06-20,"quantile",0.7,12.9896313164447
"8481",2021-05-15,"11","36  day ahead inc hosp",2021-06-20,"quantile",0.75,14.059865814698
"8482",2021-05-15,"11","36  day ahead inc hosp",2021-06-20,"quantile",0.8,15.3280026351216
"8483",2021-05-15,"11","36  day ahead inc hosp",2021-06-20,"quantile",0.85,16.9123297614999
"8484",2021-05-15,"11","36  day ahead inc hosp",2021-06-20,"quantile",0.9,19.0766284699832
"8485",2021-05-15,"11","36  day ahead inc hosp",2021-06-20,"quantile",0.95,22.65842200625
"8486",2021-05-15,"11","36  day ahead inc hosp",2021-06-20,"quantile",0.975,26.1541022075258
"8487",2021-05-15,"11","36  day ahead inc hosp",2021-06-20,"quantile",0.99,30.7104277611191
"8488",2021-05-15,"11","37  day ahead inc hosp",2021-06-21,"quantile",0.01,1.8916128264083
"8489",2021-05-15,"11","37  day ahead inc hosp",2021-06-21,"quantile",0.025,2.56987904759581
"8490",2021-05-15,"11","37  day ahead inc hosp",2021-06-21,"quantile",0.05,3.28656168190681
"8491",2021-05-15,"11","37  day ahead inc hosp",2021-06-21,"quantile",0.1,4.28815146046437
"8492",2021-05-15,"11","37  day ahead inc hosp",2021-06-21,"quantile",0.15,5.08265075690129
"8493",2021-05-15,"11","37  day ahead inc hosp",2021-06-21,"quantile",0.2,5.78897747899885
"8494",2021-05-15,"11","37  day ahead inc hosp",2021-06-21,"quantile",0.25,6.45149695543167
"8495",2021-05-15,"11","37  day ahead inc hosp",2021-06-21,"quantile",0.3,7.09350515134196
"8496",2021-05-15,"11","37  day ahead inc hosp",2021-06-21,"quantile",0.35,7.73011829049537
"8497",2021-05-15,"11","37  day ahead inc hosp",2021-06-21,"quantile",0.4,8.37293370791322
"8498",2021-05-15,"11","37  day ahead inc hosp",2021-06-21,"quantile",0.45,9.03223679273747
"8499",2021-05-15,"11","37  day ahead inc hosp",2021-06-21,"quantile",0.5,9.71836647118568
"8500",2021-05-15,"11","37  day ahead inc hosp",2021-06-21,"quantile",0.55,10.4428642945736
"8501",2021-05-15,"11","37  day ahead inc hosp",2021-06-21,"quantile",0.6,11.2197804265819
"8502",2021-05-15,"11","37  day ahead inc hosp",2021-06-21,"quantile",0.65,12.0675351620214
"8503",2021-05-15,"11","37  day ahead inc hosp",2021-06-21,"quantile",0.7,13.0120093381304
"8504",2021-05-15,"11","37  day ahead inc hosp",2021-06-21,"quantile",0.75,14.0923179685424
"8505",2021-05-15,"11","37  day ahead inc hosp",2021-06-21,"quantile",0.8,15.3729726822216
"8506",2021-05-15,"11","37  day ahead inc hosp",2021-06-21,"quantile",0.85,16.9737319692258
"8507",2021-05-15,"11","37  day ahead inc hosp",2021-06-21,"quantile",0.9,19.1617316445105
"8508",2021-05-15,"11","37  day ahead inc hosp",2021-06-21,"quantile",0.95,22.7854474473468
"8509",2021-05-15,"11","37  day ahead inc hosp",2021-06-21,"quantile",0.975,26.3247466887859
"8510",2021-05-15,"11","37  day ahead inc hosp",2021-06-21,"quantile",0.99,30.9412177288045
"8511",2021-05-15,"12","1  day ahead inc hosp",2021-05-16,"quantile",0.01,307.6218158592
"8512",2021-05-15,"12","1  day ahead inc hosp",2021-05-16,"quantile",0.025,319.011730189412
"8513",2021-05-15,"12","1  day ahead inc hosp",2021-05-16,"quantile",0.05,329.058153542156
"8514",2021-05-15,"12","1  day ahead inc hosp",2021-05-16,"quantile",0.1,340.933472764415
"8515",2021-05-15,"12","1  day ahead inc hosp",2021-05-16,"quantile",0.15,349.125321946273
"8516",2021-05-15,"12","1  day ahead inc hosp",2021-05-16,"quantile",0.2,355.740518948407
"8517",2021-05-15,"12","1  day ahead inc hosp",2021-05-16,"quantile",0.25,361.490304143518
"8518",2021-05-15,"12","1  day ahead inc hosp",2021-05-16,"quantile",0.3,366.712935462533
"8519",2021-05-15,"12","1  day ahead inc hosp",2021-05-16,"quantile",0.35,371.602807624278
"8520",2021-05-15,"12","1  day ahead inc hosp",2021-05-16,"quantile",0.4,376.287881035975
"8521",2021-05-15,"12","1  day ahead inc hosp",2021-05-16,"quantile",0.45,380.862774244944
"8522",2021-05-15,"12","1  day ahead inc hosp",2021-05-16,"quantile",0.5,385.40573887296
"8523",2021-05-15,"12","1  day ahead inc hosp",2021-05-16,"quantile",0.55,389.989224477096
"8524",2021-05-15,"12","1  day ahead inc hosp",2021-05-16,"quantile",0.6,394.688303046382
"8525",2021-05-15,"12","1  day ahead inc hosp",2021-05-16,"quantile",0.65,399.589670986408
"8526",2021-05-15,"12","1  day ahead inc hosp",2021-05-16,"quantile",0.7,404.804230886052
"8527",2021-05-15,"12","1  day ahead inc hosp",2021-05-16,"quantile",0.75,410.48864116618
"8528",2021-05-15,"12","1  day ahead inc hosp",2021-05-16,"quantile",0.8,416.888723467883
"8529",2021-05-15,"12","1  day ahead inc hosp",2021-05-16,"quantile",0.85,424.442933673253
"8530",2021-05-15,"12","1  day ahead inc hosp",2021-05-16,"quantile",0.9,434.093164067296
"8531",2021-05-15,"12","1  day ahead inc hosp",2021-05-16,"quantile",0.95,448.697792548087
"8532",2021-05-15,"12","1  day ahead inc hosp",2021-05-16,"quantile",0.975,461.660868316358
"8533",2021-05-15,"12","1  day ahead inc hosp",2021-05-16,"quantile",0.99,477.084146926351
"8534",2021-05-15,"12","2  day ahead inc hosp",2021-05-17,"quantile",0.01,334.161591375836
"8535",2021-05-15,"12","2  day ahead inc hosp",2021-05-17,"quantile",0.025,348.221673542001
"8536",2021-05-15,"12","2  day ahead inc hosp",2021-05-17,"quantile",0.05,360.665002036461
"8537",2021-05-15,"12","2  day ahead inc hosp",2021-05-17,"quantile",0.1,375.421967944421
"8538",2021-05-15,"12","2  day ahead inc hosp",2021-05-17,"quantile",0.15,385.631132229887
"8539",2021-05-15,"12","2  day ahead inc hosp",2021-05-17,"quantile",0.2,393.892422222715
"8540",2021-05-15,"12","2  day ahead inc hosp",2021-05-17,"quantile",0.25,401.0850429097
"8541",2021-05-15,"12","2  day ahead inc hosp",2021-05-17,"quantile",0.3,407.627782487102
"8542",2021-05-15,"12","2  day ahead inc hosp",2021-05-17,"quantile",0.35,413.761756865118
"8543",2021-05-15,"12","2  day ahead inc hosp",2021-05-17,"quantile",0.4,419.646063288986
"8544",2021-05-15,"12","2  day ahead inc hosp",2021-05-17,"quantile",0.45,425.398719192416
"8545",2021-05-15,"12","2  day ahead inc hosp",2021-05-17,"quantile",0.5,431.117715332952
"8546",2021-05-15,"12","2  day ahead inc hosp",2021-05-17,"quantile",0.55,436.894182575233
"8547",2021-05-15,"12","2  day ahead inc hosp",2021-05-17,"quantile",0.6,442.822971472265
"8548",2021-05-15,"12","2  day ahead inc hosp",2021-05-17,"quantile",0.65,449.014050996509
"8549",2021-05-15,"12","2  day ahead inc hosp",2021-05-17,"quantile",0.7,455.608536257481
"8550",2021-05-15,"12","2  day ahead inc hosp",2021-05-17,"quantile",0.75,462.806230817078
"8551",2021-05-15,"12","2  day ahead inc hosp",2021-05-17,"quantile",0.8,470.921197339518
"8552",2021-05-15,"12","2  day ahead inc hosp",2021-05-17,"quantile",0.85,480.514352710308
"8553",2021-05-15,"12","2  day ahead inc hosp",2021-05-17,"quantile",0.9,492.792084686932
"8554",2021-05-15,"12","2  day ahead inc hosp",2021-05-17,"quantile",0.95,511.420458791381
"8555",2021-05-15,"12","2  day ahead inc hosp",2021-05-17,"quantile",0.975,528.001158878978
"8556",2021-05-15,"12","2  day ahead inc hosp",2021-05-17,"quantile",0.99,547.783089775127
"8557",2021-05-15,"12","3  day ahead inc hosp",2021-05-18,"quantile",0.01,307.34589938325
"8558",2021-05-15,"12","3  day ahead inc hosp",2021-05-18,"quantile",0.025,321.31170847023
"8559",2021-05-15,"12","3  day ahead inc hosp",2021-05-18,"quantile",0.05,333.699134023399
"8560",2021-05-15,"12","3  day ahead inc hosp",2021-05-18,"quantile",0.1,348.421771275444
"8561",2021-05-15,"12","3  day ahead inc hosp",2021-05-18,"quantile",0.15,358.626667560903
"8562",2021-05-15,"12","3  day ahead inc hosp",2021-05-18,"quantile",0.2,366.895759822084
"8563",2021-05-15,"12","3  day ahead inc hosp",2021-05-18,"quantile",0.25,374.103156986043
"8564",2021-05-15,"12","3  day ahead inc hosp",2021-05-18,"quantile",0.3,380.665649506807
"8565",2021-05-15,"12","3  day ahead inc hosp",2021-05-18,"quantile",0.35,386.823496413691
"8566",2021-05-15,"12","3  day ahead inc hosp",2021-05-18,"quantile",0.4,392.735484497999
"8567",2021-05-15,"12","3  day ahead inc hosp",2021-05-18,"quantile",0.45,398.519650889274
"8568",2021-05-15,"12","3  day ahead inc hosp",2021-05-18,"quantile",0.5,404.274260626512
"8569",2021-05-15,"12","3  day ahead inc hosp",2021-05-18,"quantile",0.55,410.090968796534
"8570",2021-05-15,"12","3  day ahead inc hosp",2021-05-18,"quantile",0.6,416.065449886243
"8571",2021-05-15,"12","3  day ahead inc hosp",2021-05-18,"quantile",0.65,422.308912313778
"8572",2021-05-15,"12","3  day ahead inc hosp",2021-05-18,"quantile",0.7,428.964352121545
"8573",2021-05-15,"12","3  day ahead inc hosp",2021-05-18,"quantile",0.75,436.234542862754
"8574",2021-05-15,"12","3  day ahead inc hosp",2021-05-18,"quantile",0.8,444.438569677071
"8575",2021-05-15,"12","3  day ahead inc hosp",2021-05-18,"quantile",0.85,454.146808887593
"8576",2021-05-15,"12","3  day ahead inc hosp",2021-05-18,"quantile",0.9,466.586932956367
"8577",2021-05-15,"12","3  day ahead inc hosp",2021-05-18,"quantile",0.95,485.493011244415
"8578",2021-05-15,"12","3  day ahead inc hosp",2021-05-18,"quantile",0.975,502.351452983393
"8579",2021-05-15,"12","3  day ahead inc hosp",2021-05-18,"quantile",0.99,522.500828451919
"8580",2021-05-15,"12","4  day ahead inc hosp",2021-05-19,"quantile",0.01,292.878624987969
"8581",2021-05-15,"12","4  day ahead inc hosp",2021-05-19,"quantile",0.025,306.926130193756
"8582",2021-05-15,"12","4  day ahead inc hosp",2021-05-19,"quantile",0.05,319.406756716594
"8583",2021-05-15,"12","4  day ahead inc hosp",2021-05-19,"quantile",0.1,334.264255948806
"8584",2021-05-15,"12","4  day ahead inc hosp",2021-05-19,"quantile",0.15,344.577313332981
"8585",2021-05-15,"12","4  day ahead inc hosp",2021-05-19,"quantile",0.2,352.942532801262
"8586",2021-05-15,"12","4  day ahead inc hosp",2021-05-19,"quantile",0.25,360.239732774205
"8587",2021-05-15,"12","4  day ahead inc hosp",2021-05-19,"quantile",0.3,366.88875064494
"8588",2021-05-15,"12","4  day ahead inc hosp",2021-05-19,"quantile",0.35,373.131823969992
"8589",2021-05-15,"12","4  day ahead inc hosp",2021-05-19,"quantile",0.4,379.129240455886
"8590",2021-05-15,"12","4  day ahead inc hosp",2021-05-19,"quantile",0.45,385.000342513054
"8591",2021-05-15,"12","4  day ahead inc hosp",2021-05-19,"quantile",0.5,390.844677174546
"8592",2021-05-15,"12","4  day ahead inc hosp",2021-05-19,"quantile",0.55,396.755298757727
"8593",2021-05-15,"12","4  day ahead inc hosp",2021-05-19,"quantile",0.6,402.829552268745
"8594",2021-05-15,"12","4  day ahead inc hosp",2021-05-19,"quantile",0.65,409.180801753257
"8595",2021-05-15,"12","4  day ahead inc hosp",2021-05-19,"quantile",0.7,415.955033262685
"8596",2021-05-15,"12","4  day ahead inc hosp",2021-05-19,"quantile",0.75,423.359490613277
"8597",2021-05-15,"12","4  day ahead inc hosp",2021-05-19,"quantile",0.8,431.720559268372
"8598",2021-05-15,"12","4  day ahead inc hosp",2021-05-19,"quantile",0.85,441.622033152208
"8599",2021-05-15,"12","4  day ahead inc hosp",2021-05-19,"quantile",0.9,454.321173240842
"8600",2021-05-15,"12","4  day ahead inc hosp",2021-05-19,"quantile",0.95,473.644555204798
"8601",2021-05-15,"12","4  day ahead inc hosp",2021-05-19,"quantile",0.975,490.898202447203
"8602",2021-05-15,"12","4  day ahead inc hosp",2021-05-19,"quantile",0.99,511.547207273478
"8603",2021-05-15,"12","5  day ahead inc hosp",2021-05-20,"quantile",0.01,303.984798482271
"8604",2021-05-15,"12","5  day ahead inc hosp",2021-05-20,"quantile",0.025,318.932223430576
"8605",2021-05-15,"12","5  day ahead inc hosp",2021-05-20,"quantile",0.05,332.222944411088
"8606",2021-05-15,"12","5  day ahead inc hosp",2021-05-20,"quantile",0.1,348.057075917514
"8607",2021-05-15,"12","5  day ahead inc hosp",2021-05-20,"quantile",0.15,359.055514573247
"8608",2021-05-15,"12","5  day ahead inc hosp",2021-05-20,"quantile",0.2,367.980982051912
"8609",2021-05-15,"12","5  day ahead inc hosp",2021-05-20,"quantile",0.25,375.769961791223
"8610",2021-05-15,"12","5  day ahead inc hosp",2021-05-20,"quantile",0.3,382.869496393631
"8611",2021-05-15,"12","5  day ahead inc hosp",2021-05-20,"quantile",0.35,389.537633645058
"8612",2021-05-15,"12","5  day ahead inc hosp",2021-05-20,"quantile",0.4,395.945221563347
"8613",2021-05-15,"12","5  day ahead inc hosp",2021-05-20,"quantile",0.45,402.219562050179
"8614",2021-05-15,"12","5  day ahead inc hosp",2021-05-20,"quantile",0.5,408.466941057827
"8615",2021-05-15,"12","5  day ahead inc hosp",2021-05-20,"quantile",0.55,414.78681595147
"8616",2021-05-15,"12","5  day ahead inc hosp",2021-05-20,"quantile",0.6,421.283336784253
"8617",2021-05-15,"12","5  day ahead inc hosp",2021-05-20,"quantile",0.65,428.07790106366
"8618",2021-05-15,"12","5  day ahead inc hosp",2021-05-20,"quantile",0.7,435.326950673765
"8619",2021-05-15,"12","5  day ahead inc hosp",2021-05-20,"quantile",0.75,443.252689362647
"8620",2021-05-15,"12","5  day ahead inc hosp",2021-05-20,"quantile",0.8,452.205197506898
"8621",2021-05-15,"12","5  day ahead inc hosp",2021-05-20,"quantile",0.85,462.810837878838
"8622",2021-05-15,"12","5  day ahead inc hosp",2021-05-20,"quantile",0.9,476.418907718483
"8623",2021-05-15,"12","5  day ahead inc hosp",2021-05-20,"quantile",0.95,497.13737894679
"8624",2021-05-15,"12","5  day ahead inc hosp",2021-05-20,"quantile",0.975,515.648436197354
"8625",2021-05-15,"12","5  day ahead inc hosp",2021-05-20,"quantile",0.99,537.816171951655
"8626",2021-05-15,"12","6  day ahead inc hosp",2021-05-21,"quantile",0.01,278.880865980864
"8627",2021-05-15,"12","6  day ahead inc hosp",2021-05-21,"quantile",0.025,293.321144915395
"8628",2021-05-15,"12","6  day ahead inc hosp",2021-05-21,"quantile",0.05,306.182914891068
"8629",2021-05-15,"12","6  day ahead inc hosp",2021-05-21,"quantile",0.1,321.531571156488
"8630",2021-05-15,"12","6  day ahead inc hosp",2021-05-21,"quantile",0.15,332.208384346305
"8631",2021-05-15,"12","6  day ahead inc hosp",2021-05-21,"quantile",0.2,340.88185562759
"8632",2021-05-15,"12","6  day ahead inc hosp",2021-05-21,"quantile",0.25,348.457319170432
"8633",2021-05-15,"12","6  day ahead inc hosp",2021-05-21,"quantile",0.3,355.367293433257
"8634",2021-05-15,"12","6  day ahead inc hosp",2021-05-21,"quantile",0.35,361.861679531106
"8635",2021-05-15,"12","6  day ahead inc hosp",2021-05-21,"quantile",0.4,368.106138499407
"8636",2021-05-15,"12","6  day ahead inc hosp",2021-05-21,"quantile",0.45,374.224310105584
"8637",2021-05-15,"12","6  day ahead inc hosp",2021-05-21,"quantile",0.5,380.319631518923
"8638",2021-05-15,"12","6  day ahead inc hosp",2021-05-21,"quantile",0.55,386.489111378571
"8639",2021-05-15,"12","6  day ahead inc hosp",2021-05-21,"quantile",0.6,392.834558854463
"8640",2021-05-15,"12","6  day ahead inc hosp",2021-05-21,"quantile",0.65,399.474869977622
"8641",2021-05-15,"12","6  day ahead inc hosp",2021-05-21,"quantile",0.7,406.563494324777
"8642",2021-05-15,"12","6  day ahead inc hosp",2021-05-21,"quantile",0.75,414.318629443639
"8643",2021-05-15,"12","6  day ahead inc hosp",2021-05-21,"quantile",0.8,423.084325809568
"8644",2021-05-15,"12","6  day ahead inc hosp",2021-05-21,"quantile",0.85,433.476548414403
"8645",2021-05-15,"12","6  day ahead inc hosp",2021-05-21,"quantile",0.9,446.822950866796
"8646",2021-05-15,"12","6  day ahead inc hosp",2021-05-21,"quantile",0.95,467.168293302091
"8647",2021-05-15,"12","6  day ahead inc hosp",2021-05-21,"quantile",0.975,485.370654890934
"8648",2021-05-15,"12","6  day ahead inc hosp",2021-05-21,"quantile",0.99,507.197878299424
"8649",2021-05-15,"12","7  day ahead inc hosp",2021-05-22,"quantile",0.01,256.36995848402
"8650",2021-05-15,"12","7  day ahead inc hosp",2021-05-22,"quantile",0.025,270.706575291821
"8651",2021-05-15,"12","7  day ahead inc hosp",2021-05-22,"quantile",0.05,283.510623971003
"8652",2021-05-15,"12","7  day ahead inc hosp",2021-05-22,"quantile",0.1,298.830690507359
"8653",2021-05-15,"12","7  day ahead inc hosp",2021-05-22,"quantile",0.15,309.51220691119
"8654",2021-05-15,"12","7  day ahead inc hosp",2021-05-22,"quantile",0.2,318.203723366724
"8655",2021-05-15,"12","7  day ahead inc hosp",2021-05-22,"quantile",0.25,325.805047023604
"8656",2021-05-15,"12","7  day ahead inc hosp",2021-05-22,"quantile",0.3,332.746601446187
"8657",2021-05-15,"12","7  day ahead inc hosp",2021-05-22,"quantile",0.35,339.277453180876
"8658",2021-05-15,"12","7  day ahead inc hosp",2021-05-22,"quantile",0.4,345.563038280846
"8659",2021-05-15,"12","7  day ahead inc hosp",2021-05-22,"quantile",0.45,351.727150708096
"8660",2021-05-15,"12","7  day ahead inc hosp",2021-05-22,"quantile",0.5,357.873688110188
"8661",2021-05-15,"12","7  day ahead inc hosp",2021-05-22,"quantile",0.55,364.100435163282
"8662",2021-05-15,"12","7  day ahead inc hosp",2021-05-22,"quantile",0.6,370.510369193941
"8663",2021-05-15,"12","7  day ahead inc hosp",2021-05-22,"quantile",0.65,377.224109480034
"8664",2021-05-15,"12","7  day ahead inc hosp",2021-05-22,"quantile",0.7,384.397695022237
"8665",2021-05-15,"12","7  day ahead inc hosp",2021-05-22,"quantile",0.75,392.253390736292
"8666",2021-05-15,"12","7  day ahead inc hosp",2021-05-22,"quantile",0.8,401.142106067405
"8667",2021-05-15,"12","7  day ahead inc hosp",2021-05-22,"quantile",0.85,411.692705216632
"8668",2021-05-15,"12","7  day ahead inc hosp",2021-05-22,"quantile",0.9,425.261844652026
"8669",2021-05-15,"12","7  day ahead inc hosp",2021-05-22,"quantile",0.95,445.986918149159
"8670",2021-05-15,"12","7  day ahead inc hosp",2021-05-22,"quantile",0.975,464.568307556553
"8671",2021-05-15,"12","7  day ahead inc hosp",2021-05-22,"quantile",0.99,486.896519652389
"8672",2021-05-15,"12","8  day ahead inc hosp",2021-05-23,"quantile",0.01,274.442479540728
"8673",2021-05-15,"12","8  day ahead inc hosp",2021-05-23,"quantile",0.025,290.282867539791
"8674",2021-05-15,"12","8  day ahead inc hosp",2021-05-23,"quantile",0.05,304.446497667589
"8675",2021-05-15,"12","8  day ahead inc hosp",2021-05-23,"quantile",0.1,321.412585167531
"8676",2021-05-15,"12","8  day ahead inc hosp",2021-05-23,"quantile",0.15,333.25350867913
"8677",2021-05-15,"12","8  day ahead inc hosp",2021-05-23,"quantile",0.2,342.895232151694
"8678",2021-05-15,"12","8  day ahead inc hosp",2021-05-23,"quantile",0.25,351.332404380331
"8679",2021-05-15,"12","8  day ahead inc hosp",2021-05-23,"quantile",0.3,359.041078303069
"8680",2021-05-15,"12","8  day ahead inc hosp",2021-05-23,"quantile",0.35,366.296904823394
"8681",2021-05-15,"12","8  day ahead inc hosp",2021-05-23,"quantile",0.4,373.283135953754
"8682",2021-05-15,"12","8  day ahead inc hosp",2021-05-23,"quantile",0.45,380.137052093311
"8683",2021-05-15,"12","8  day ahead inc hosp",2021-05-23,"quantile",0.5,386.974028975913
"8684",2021-05-15,"12","8  day ahead inc hosp",2021-05-23,"quantile",0.55,393.902818932779
"8685",2021-05-15,"12","8  day ahead inc hosp",2021-05-23,"quantile",0.6,401.038118342021
"8686",2021-05-15,"12","8  day ahead inc hosp",2021-05-23,"quantile",0.65,408.514444277443
"8687",2021-05-15,"12","8  day ahead inc hosp",2021-05-23,"quantile",0.7,416.505988306595
"8688",2021-05-15,"12","8  day ahead inc hosp",2021-05-23,"quantile",0.75,425.261055192747
"8689",2021-05-15,"12","8  day ahead inc hosp",2021-05-23,"quantile",0.8,435.171877436761
"8690",2021-05-15,"12","8  day ahead inc hosp",2021-05-23,"quantile",0.85,446.941668751311
"8691",2021-05-15,"12","8  day ahead inc hosp",2021-05-23,"quantile",0.9,462.088052511152
"8692",2021-05-15,"12","8  day ahead inc hosp",2021-05-23,"quantile",0.95,485.241364445249
"8693",2021-05-15,"12","8  day ahead inc hosp",2021-05-23,"quantile",0.975,506.018604848094
"8694",2021-05-15,"12","8  day ahead inc hosp",2021-05-23,"quantile",0.99,531.007655858834
"8695",2021-05-15,"12","9  day ahead inc hosp",2021-05-24,"quantile",0.01,302.560447676304
"8696",2021-05-15,"12","9  day ahead inc hosp",2021-05-24,"quantile",0.025,320.266494505167
"8697",2021-05-15,"12","9  day ahead inc hosp",2021-05-24,"quantile",0.05,336.106557139629
"8698",2021-05-15,"12","9  day ahead inc hosp",2021-05-24,"quantile",0.1,355.090395987859
"8699",2021-05-15,"12","9  day ahead inc hosp",2021-05-24,"quantile",0.15,368.345407787715
"8700",2021-05-15,"12","9  day ahead inc hosp",2021-05-24,"quantile",0.2,379.141973460123
"8701",2021-05-15,"12","9  day ahead inc hosp",2021-05-24,"quantile",0.25,388.592118912301
"8702",2021-05-15,"12","9  day ahead inc hosp",2021-05-24,"quantile",0.3,397.228206137915
"8703",2021-05-15,"12","9  day ahead inc hosp",2021-05-24,"quantile",0.35,405.358581224603
"8704",2021-05-15,"12","9  day ahead inc hosp",2021-05-24,"quantile",0.4,413.188310848017
"8705",2021-05-15,"12","9  day ahead inc hosp",2021-05-24,"quantile",0.45,420.871094981525
"8706",2021-05-15,"12","9  day ahead inc hosp",2021-05-24,"quantile",0.5,428.536188530192
"8707",2021-05-15,"12","9  day ahead inc hosp",2021-05-24,"quantile",0.55,436.305508517051
"8708",2021-05-15,"12","9  day ahead inc hosp",2021-05-24,"quantile",0.6,444.307719769875
"8709",2021-05-15,"12","9  day ahead inc hosp",2021-05-24,"quantile",0.65,452.693806851048
"8710",2021-05-15,"12","9  day ahead inc hosp",2021-05-24,"quantile",0.7,461.659372130714
"8711",2021-05-15,"12","9  day ahead inc hosp",2021-05-24,"quantile",0.75,471.483331784649
"8712",2021-05-15,"12","9  day ahead inc hosp",2021-05-24,"quantile",0.8,482.606378580421
"8713",2021-05-15,"12","9  day ahead inc hosp",2021-05-24,"quantile",0.85,495.81875469411
"8714",2021-05-15,"12","9  day ahead inc hosp",2021-05-24,"quantile",0.9,512.82618653422
"8715",2021-05-15,"12","9  day ahead inc hosp",2021-05-24,"quantile",0.95,538.833937738098
"8716",2021-05-15,"12","9  day ahead inc hosp",2021-05-24,"quantile",0.975,562.182044301635
"8717",2021-05-15,"12","9  day ahead inc hosp",2021-05-24,"quantile",0.99,590.274178536029
"8718",2021-05-15,"12","10  day ahead inc hosp",2021-05-25,"quantile",0.01,285.542828304633
"8719",2021-05-15,"12","10  day ahead inc hosp",2021-05-25,"quantile",0.025,303.083258212579
"8720",2021-05-15,"12","10  day ahead inc hosp",2021-05-25,"quantile",0.05,318.804785315974
"8721",2021-05-15,"12","10  day ahead inc hosp",2021-05-25,"quantile",0.1,337.68108903117
"8722",2021-05-15,"12","10  day ahead inc hosp",2021-05-25,"quantile",0.15,350.882096215904
"8723",2021-05-15,"12","10  day ahead inc hosp",2021-05-25,"quantile",0.2,361.646869446531
"8724",2021-05-15,"12","10  day ahead inc hosp",2021-05-25,"quantile",0.25,371.077848621798
"8725",2021-05-15,"12","10  day ahead inc hosp",2021-05-25,"quantile",0.3,379.703276469024
"8726",2021-05-15,"12","10  day ahead inc hosp",2021-05-25,"quantile",0.35,387.829438444454
"8727",2021-05-15,"12","10  day ahead inc hosp",2021-05-25,"quantile",0.4,395.660315591324
"8728",2021-05-15,"12","10  day ahead inc hosp",2021-05-25,"quantile",0.45,403.349073621287
"8729",2021-05-15,"12","10  day ahead inc hosp",2021-05-25,"quantile",0.5,411.024805083973
"8730",2021-05-15,"12","10  day ahead inc hosp",2021-05-25,"quantile",0.55,418.809570697375
"8731",2021-05-15,"12","10  day ahead inc hosp",2021-05-25,"quantile",0.6,426.8324906602
"8732",2021-05-15,"12","10  day ahead inc hosp",2021-05-25,"quantile",0.65,435.245390906442
"8733",2021-05-15,"12","10  day ahead inc hosp",2021-05-25,"quantile",0.7,444.245275280735
"8734",2021-05-15,"12","10  day ahead inc hosp",2021-05-25,"quantile",0.75,454.113386442424
"8735",2021-05-15,"12","10  day ahead inc hosp",2021-05-25,"quantile",0.8,465.294472790516
"8736",2021-05-15,"12","10  day ahead inc hosp",2021-05-25,"quantile",0.85,478.586578527711
"8737",2021-05-15,"12","10  day ahead inc hosp",2021-05-25,"quantile",0.9,495.713301355418
"8738",2021-05-15,"12","10  day ahead inc hosp",2021-05-25,"quantile",0.95,521.938130475292
"8739",2021-05-15,"12","10  day ahead inc hosp",2021-05-25,"quantile",0.975,545.515023238255
"8740",2021-05-15,"12","10  day ahead inc hosp",2021-05-25,"quantile",0.99,573.922569015933
"8741",2021-05-15,"12","11  day ahead inc hosp",2021-05-26,"quantile",0.01,270.468972140252
"8742",2021-05-15,"12","11  day ahead inc hosp",2021-05-26,"quantile",0.025,287.836623923498
"8743",2021-05-15,"12","11  day ahead inc hosp",2021-05-26,"quantile",0.05,303.431342904742
"8744",2021-05-15,"12","11  day ahead inc hosp",2021-05-26,"quantile",0.1,322.188103449957
"8745",2021-05-15,"12","11  day ahead inc hosp",2021-05-26,"quantile",0.15,335.32548615185
"8746",2021-05-15,"12","11  day ahead inc hosp",2021-05-26,"quantile",0.2,346.049937460826
"8747",2021-05-15,"12","11  day ahead inc hosp",2021-05-26,"quantile",0.25,355.453802881824
"8748",2021-05-15,"12","11  day ahead inc hosp",2021-05-26,"quantile",0.3,364.060934489079
"8749",2021-05-15,"12","11  day ahead inc hosp",2021-05-26,"quantile",0.35,372.175381531311
"8750",2021-05-15,"12","11  day ahead inc hosp",2021-05-26,"quantile",0.4,379.999907159192
"8751",2021-05-15,"12","11  day ahead inc hosp",2021-05-26,"quantile",0.45,387.687028869946
"8752",2021-05-15,"12","11  day ahead inc hosp",2021-05-26,"quantile",0.5,395.365566063744
"8753",2021-05-15,"12","11  day ahead inc hosp",2021-05-26,"quantile",0.55,403.157603363031
"8754",2021-05-15,"12","11  day ahead inc hosp",2021-05-26,"quantile",0.6,411.192574449982
"8755",2021-05-15,"12","11  day ahead inc hosp",2021-05-26,"quantile",0.65,419.62296468188
"8756",2021-05-15,"12","11  day ahead inc hosp",2021-05-26,"quantile",0.7,428.646928228574
"8757",2021-05-15,"12","11  day ahead inc hosp",2021-05-26,"quantile",0.75,438.547660213065
"8758",2021-05-15,"12","11  day ahead inc hosp",2021-05-26,"quantile",0.8,449.773355923978
"8759",2021-05-15,"12","11  day ahead inc hosp",2021-05-26,"quantile",0.85,463.128746425301
"8760",2021-05-15,"12","11  day ahead inc hosp",2021-05-26,"quantile",0.9,480.352850566933
"8761",2021-05-15,"12","11  day ahead inc hosp",2021-05-26,"quantile",0.95,506.759761285932
"8762",2021-05-15,"12","11  day ahead inc hosp",2021-05-26,"quantile",0.975,530.532618225091
"8763",2021-05-15,"12","11  day ahead inc hosp",2021-05-26,"quantile",0.99,559.214494122566
"8764",2021-05-15,"12","12  day ahead inc hosp",2021-05-27,"quantile",0.01,254.432457355098
"8765",2021-05-15,"12","12  day ahead inc hosp",2021-05-27,"quantile",0.025,271.49895262314
"8766",2021-05-15,"12","12  day ahead inc hosp",2021-05-27,"quantile",0.05,286.851563636379
"8767",2021-05-15,"12","12  day ahead inc hosp",2021-05-27,"quantile",0.1,305.350152412699
"8768",2021-05-15,"12","12  day ahead inc hosp",2021-05-27,"quantile",0.15,318.326886997747
"8769",2021-05-15,"12","12  day ahead inc hosp",2021-05-27,"quantile",0.2,328.931876068812
"8770",2021-05-15,"12","12  day ahead inc hosp",2021-05-27,"quantile",0.25,338.239288364197
"8771",2021-05-15,"12","12  day ahead inc hosp",2021-05-27,"quantile",0.3,346.764710443701
"8772",2021-05-15,"12","12  day ahead inc hosp",2021-05-27,"quantile",0.35,354.807708148789
"8773",2021-05-15,"12","12  day ahead inc hosp",2021-05-27,"quantile",0.4,362.568330324389
"8774",2021-05-15,"12","12  day ahead inc hosp",2021-05-27,"quantile",0.45,370.197323180931
"8775",2021-05-15,"12","12  day ahead inc hosp",2021-05-27,"quantile",0.5,377.822287236262
"8776",2021-05-15,"12","12  day ahead inc hosp",2021-05-27,"quantile",0.55,385.564437845681
"8777",2021-05-15,"12","12  day ahead inc hosp",2021-05-27,"quantile",0.6,393.552578587502
"8778",2021-05-15,"12","12  day ahead inc hosp",2021-05-27,"quantile",0.65,401.938746164049
"8779",2021-05-15,"12","12  day ahead inc hosp",2021-05-27,"quantile",0.7,410.920808963506
"8780",2021-05-15,"12","12  day ahead inc hosp",2021-05-27,"quantile",0.75,420.781866528158
"8781",2021-05-15,"12","12  day ahead inc hosp",2021-05-27,"quantile",0.8,431.970325417618
"8782",2021-05-15,"12","12  day ahead inc hosp",2021-05-27,"quantile",0.85,445.291803185544
"8783",2021-05-15,"12","12  day ahead inc hosp",2021-05-27,"quantile",0.9,462.488225912481
"8784",2021-05-15,"12","12  day ahead inc hosp",2021-05-27,"quantile",0.95,488.886133455307
"8785",2021-05-15,"12","12  day ahead inc hosp",2021-05-27,"quantile",0.975,512.683623819846
"8786",2021-05-15,"12","12  day ahead inc hosp",2021-05-27,"quantile",0.99,541.434011842523
"8787",2021-05-15,"12","13  day ahead inc hosp",2021-05-28,"quantile",0.01,253.273043475783
"8788",2021-05-15,"12","13  day ahead inc hosp",2021-05-28,"quantile",0.025,270.779380273364
"8789",2021-05-15,"12","13  day ahead inc hosp",2021-05-28,"quantile",0.05,286.548357236292
"8790",2021-05-15,"12","13  day ahead inc hosp",2021-05-28,"quantile",0.1,305.572784992398
"8791",2021-05-15,"12","13  day ahead inc hosp",2021-05-28,"quantile",0.15,318.933151770455
"8792",2021-05-15,"12","13  day ahead inc hosp",2021-05-28,"quantile",0.2,329.86019897085
"8793",2021-05-15,"12","13  day ahead inc hosp",2021-05-28,"quantile",0.25,339.456333485065
"8794",2021-05-15,"12","13  day ahead inc hosp",2021-05-28,"quantile",0.3,348.251026653795
"8795",2021-05-15,"12","13  day ahead inc hosp",2021-05-28,"quantile",0.35,356.55214218176
"8796",2021-05-15,"12","13  day ahead inc hosp",2021-05-28,"quantile",0.4,364.565472694041
"8797",2021-05-15,"12","13  day ahead inc hosp",2021-05-28,"quantile",0.45,372.446291275126
"8798",2021-05-15,"12","13  day ahead inc hosp",2021-05-28,"quantile",0.5,380.326233699534
"8799",2021-05-15,"12","13  day ahead inc hosp",2021-05-28,"quantile",0.55,388.330558154062
"8800",2021-05-15,"12","13  day ahead inc hosp",2021-05-28,"quantile",0.6,396.592577342961
"8801",2021-05-15,"12","13  day ahead inc hosp",2021-05-28,"quantile",0.65,405.269864866964
"8802",2021-05-15,"12","13  day ahead inc hosp",2021-05-28,"quantile",0.7,414.567711893121
"8803",2021-05-15,"12","13  day ahead inc hosp",2021-05-28,"quantile",0.75,424.780066116964
"8804",2021-05-15,"12","13  day ahead inc hosp",2021-05-28,"quantile",0.8,436.372781040544
"8805",2021-05-15,"12","13  day ahead inc hosp",2021-05-28,"quantile",0.85,450.18319006073
"8806",2021-05-15,"12","13  day ahead inc hosp",2021-05-28,"quantile",0.9,468.022521238799
"8807",2021-05-15,"12","13  day ahead inc hosp",2021-05-28,"quantile",0.95,495.431839408063
"8808",2021-05-15,"12","13  day ahead inc hosp",2021-05-28,"quantile",0.975,520.165094747497
"8809",2021-05-15,"12","13  day ahead inc hosp",2021-05-28,"quantile",0.99,550.074433655771
"8810",2021-05-15,"12","14  day ahead inc hosp",2021-05-29,"quantile",0.01,250.742625196141
"8811",2021-05-15,"12","14  day ahead inc hosp",2021-05-29,"quantile",0.025,268.613919912069
"8812",2021-05-15,"12","14  day ahead inc hosp",2021-05-29,"quantile",0.05,284.73386825888
"8813",2021-05-15,"12","14  day ahead inc hosp",2021-05-29,"quantile",0.1,304.207685019098
"8814",2021-05-15,"12","14  day ahead inc hosp",2021-05-29,"quantile",0.15,317.899511728713
"8815",2021-05-15,"12","14  day ahead inc hosp",2021-05-29,"quantile",0.2,329.10683593726
"8816",2021-05-15,"12","14  day ahead inc hosp",2021-05-29,"quantile",0.25,338.955638059583
"8817",2021-05-15,"12","14  day ahead inc hosp",2021-05-29,"quantile",0.3,347.987067667673
"8818",2021-05-15,"12","14  day ahead inc hosp",2021-05-29,"quantile",0.35,356.516027443466
"8819",2021-05-15,"12","14  day ahead inc hosp",2021-05-29,"quantile",0.4,364.753233808108
"8820",2021-05-15,"12","14  day ahead inc hosp",2021-05-29,"quantile",0.45,372.8578893431
"8821",2021-05-15,"12","14  day ahead inc hosp",2021-05-29,"quantile",0.5,380.965180582948
"8822",2021-05-15,"12","14  day ahead inc hosp",2021-05-29,"quantile",0.55,389.203970193447
"8823",2021-05-15,"12","14  day ahead inc hosp",2021-05-29,"quantile",0.6,397.711636598074
"8824",2021-05-15,"12","14  day ahead inc hosp",2021-05-29,"quantile",0.65,406.650789531901
"8825",2021-05-15,"12","14  day ahead inc hosp",2021-05-29,"quantile",0.7,416.23351422757
"8826",2021-05-15,"12","14  day ahead inc hosp",2021-05-29,"quantile",0.75,426.763731412283
"8827",2021-05-15,"12","14  day ahead inc hosp",2021-05-29,"quantile",0.8,438.72338405858
"8828",2021-05-15,"12","14  day ahead inc hosp",2021-05-29,"quantile",0.85,452.979123363917
"8829",2021-05-15,"12","14  day ahead inc hosp",2021-05-29,"quantile",0.9,471.40637582305
"8830",2021-05-15,"12","14  day ahead inc hosp",2021-05-29,"quantile",0.95,499.745424199663
"8831",2021-05-15,"12","14  day ahead inc hosp",2021-05-29,"quantile",0.975,525.343514567352
"8832",2021-05-15,"12","14  day ahead inc hosp",2021-05-29,"quantile",0.99,556.329358019445
"8833",2021-05-15,"12","15  day ahead inc hosp",2021-05-30,"quantile",0.01,241.982413954662
"8834",2021-05-15,"12","15  day ahead inc hosp",2021-05-30,"quantile",0.025,261.232028195201
"8835",2021-05-15,"12","15  day ahead inc hosp",2021-05-30,"quantile",0.05,278.687025025783
"8836",2021-05-15,"12","15  day ahead inc hosp",2021-05-30,"quantile",0.1,299.881183281696
"8837",2021-05-15,"12","15  day ahead inc hosp",2021-05-30,"quantile",0.15,314.848440811279
"8838",2021-05-15,"12","15  day ahead inc hosp",2021-05-30,"quantile",0.2,327.137978740424
"8839",2021-05-15,"12","15  day ahead inc hosp",2021-05-30,"quantile",0.25,337.965017912949
"8840",2021-05-15,"12","15  day ahead inc hosp",2021-05-30,"quantile",0.3,347.915076667067
"8841",2021-05-15,"12","15  day ahead inc hosp",2021-05-30,"quantile",0.35,357.329914462622
"8842",2021-05-15,"12","15  day ahead inc hosp",2021-05-30,"quantile",0.4,366.439134234944
"8843",2021-05-15,"12","15  day ahead inc hosp",2021-05-30,"quantile",0.45,375.41710722277
"8844",2021-05-15,"12","15  day ahead inc hosp",2021-05-30,"quantile",0.5,384.412821027885
"8845",2021-05-15,"12","15  day ahead inc hosp",2021-05-30,"quantile",0.55,393.569240433005
"8846",2021-05-15,"12","15  day ahead inc hosp",2021-05-30,"quantile",0.6,403.03973944808
"8847",2021-05-15,"12","15  day ahead inc hosp",2021-05-30,"quantile",0.65,413.006826641316
"8848",2021-05-15,"12","15  day ahead inc hosp",2021-05-30,"quantile",0.7,423.709515745848
"8849",2021-05-15,"12","15  day ahead inc hosp",2021-05-30,"quantile",0.75,435.491343058662
"8850",2021-05-15,"12","15  day ahead inc hosp",2021-05-30,"quantile",0.8,448.898265479995
"8851",2021-05-15,"12","15  day ahead inc hosp",2021-05-30,"quantile",0.85,464.913726609937
"8852",2021-05-15,"12","15  day ahead inc hosp",2021-05-30,"quantile",0.9,485.669200964519
"8853",2021-05-15,"12","15  day ahead inc hosp",2021-05-30,"quantile",0.95,517.70066072379
"8854",2021-05-15,"12","15  day ahead inc hosp",2021-05-30,"quantile",0.975,546.743838840738
"8855",2021-05-15,"12","15  day ahead inc hosp",2021-05-30,"quantile",0.99,582.030351093033
"8856",2021-05-15,"12","16  day ahead inc hosp",2021-05-31,"quantile",0.01,258.924417043666
"8857",2021-05-15,"12","16  day ahead inc hosp",2021-05-31,"quantile",0.025,280.281828680891
"8858",2021-05-15,"12","16  day ahead inc hosp",2021-05-31,"quantile",0.05,299.6841365421
"8859",2021-05-15,"12","16  day ahead inc hosp",2021-05-31,"quantile",0.1,323.284924169143
"8860",2021-05-15,"12","16  day ahead inc hosp",2021-05-31,"quantile",0.15,339.977547754141
"8861",2021-05-15,"12","16  day ahead inc hosp",2021-05-31,"quantile",0.2,353.698735773393
"8862",2021-05-15,"12","16  day ahead inc hosp",2021-05-31,"quantile",0.25,365.797697121099
"8863",2021-05-15,"12","16  day ahead inc hosp",2021-05-31,"quantile",0.3,376.925091800028
"8864",2021-05-15,"12","16  day ahead inc hosp",2021-05-31,"quantile",0.35,387.461112394562
"8865",2021-05-15,"12","16  day ahead inc hosp",2021-05-31,"quantile",0.4,397.661544869301
"8866",2021-05-15,"12","16  day ahead inc hosp",2021-05-31,"quantile",0.45,407.72100088429
"8867",2021-05-15,"12","16  day ahead inc hosp",2021-05-31,"quantile",0.5,417.806124986537
"8868",2021-05-15,"12","16  day ahead inc hosp",2021-05-31,"quantile",0.55,428.077196515492
"8869",2021-05-15,"12","16  day ahead inc hosp",2021-05-31,"quantile",0.6,438.706539870758
"8870",2021-05-15,"12","16  day ahead inc hosp",2021-05-31,"quantile",0.65,449.899588565029
"8871",2021-05-15,"12","16  day ahead inc hosp",2021-05-31,"quantile",0.7,461.925756081063
"8872",2021-05-15,"12","16  day ahead inc hosp",2021-05-31,"quantile",0.75,475.172668842631
"8873",2021-05-15,"12","16  day ahead inc hosp",2021-05-31,"quantile",0.8,490.256813774408
"8874",2021-05-15,"12","16  day ahead inc hosp",2021-05-31,"quantile",0.85,508.289331842587
"8875",2021-05-15,"12","16  day ahead inc hosp",2021-05-31,"quantile",0.9,531.679749349765
"8876",2021-05-15,"12","16  day ahead inc hosp",2021-05-31,"quantile",0.95,567.821327883477
"8877",2021-05-15,"12","16  day ahead inc hosp",2021-05-31,"quantile",0.975,600.634032906395
"8878",2021-05-15,"12","16  day ahead inc hosp",2021-05-31,"quantile",0.99,640.551295061049
"8879",2021-05-15,"12","17  day ahead inc hosp",2021-06-01,"quantile",0.01,240.397921017391
"8880",2021-05-15,"12","17  day ahead inc hosp",2021-06-01,"quantile",0.025,261.38451652266
"8881",2021-05-15,"12","17  day ahead inc hosp",2021-06-01,"quantile",0.05,280.507886763988
"8882",2021-05-15,"12","17  day ahead inc hosp",2021-06-01,"quantile",0.1,303.837297596393
"8883",2021-05-15,"12","17  day ahead inc hosp",2021-06-01,"quantile",0.15,320.379591997174
"8884",2021-05-15,"12","17  day ahead inc hosp",2021-06-01,"quantile",0.2,334.001351025209
"8885",2021-05-15,"12","17  day ahead inc hosp",2021-06-01,"quantile",0.25,346.029823788201
"8886",2021-05-15,"12","17  day ahead inc hosp",2021-06-01,"quantile",0.3,357.106022418711
"8887",2021-05-15,"12","17  day ahead inc hosp",2021-06-01,"quantile",0.35,367.605167628473
"8888",2021-05-15,"12","17  day ahead inc hosp",2021-06-01,"quantile",0.4,377.780288985296
"8889",2021-05-15,"12","17  day ahead inc hosp",2021-06-01,"quantile",0.45,387.824478628421
"8890",2021-05-15,"12","17  day ahead inc hosp",2021-06-01,"quantile",0.5,397.903668840434
"8891",2021-05-15,"12","17  day ahead inc hosp",2021-06-01,"quantile",0.55,408.178055662394
"8892",2021-05-15,"12","17  day ahead inc hosp",2021-06-01,"quantile",0.6,418.82048086384
"8893",2021-05-15,"12","17  day ahead inc hosp",2021-06-01,"quantile",0.65,430.037600225193
"8894",2021-05-15,"12","17  day ahead inc hosp",2021-06-01,"quantile",0.7,442.101039052198
"8895",2021-05-15,"12","17  day ahead inc hosp",2021-06-01,"quantile",0.75,455.402245975602
"8896",2021-05-15,"12","17  day ahead inc hosp",2021-06-01,"quantile",0.8,470.56453174756
"8897",2021-05-15,"12","17  day ahead inc hosp",2021-06-01,"quantile",0.85,488.712389852815
"8898",2021-05-15,"12","17  day ahead inc hosp",2021-06-01,"quantile",0.9,512.286391356845
"8899",2021-05-15,"12","17  day ahead inc hosp",2021-06-01,"quantile",0.95,548.782661429988
"8900",2021-05-15,"12","17  day ahead inc hosp",2021-06-01,"quantile",0.975,581.987143920224
"8901",2021-05-15,"12","17  day ahead inc hosp",2021-06-01,"quantile",0.99,622.463950073557
"8902",2021-05-15,"12","18  day ahead inc hosp",2021-06-02,"quantile",0.01,229.645765775714
"8903",2021-05-15,"12","18  day ahead inc hosp",2021-06-02,"quantile",0.025,250.614838011507
"8904",2021-05-15,"12","18  day ahead inc hosp",2021-06-02,"quantile",0.05,269.770358355789
"8905",2021-05-15,"12","18  day ahead inc hosp",2021-06-02,"quantile",0.1,293.195441557592
"8906",2021-05-15,"12","18  day ahead inc hosp",2021-06-02,"quantile",0.15,309.840169840597
"8907",2021-05-15,"12","18  day ahead inc hosp",2021-06-02,"quantile",0.2,323.566350191164
"8908",2021-05-15,"12","18  day ahead inc hosp",2021-06-02,"quantile",0.25,335.70132235575
"8909",2021-05-15,"12","18  day ahead inc hosp",2021-06-02,"quantile",0.3,346.886928328746
"8910",2021-05-15,"12","18  day ahead inc hosp",2021-06-02,"quantile",0.35,357.499431574769
"8911",2021-05-15,"12","18  day ahead inc hosp",2021-06-02,"quantile",0.4,367.793058072765
"8912",2021-05-15,"12","18  day ahead inc hosp",2021-06-02,"quantile",0.45,377.962296860835
"8913",2021-05-15,"12","18  day ahead inc hosp",2021-06-02,"quantile",0.5,388.174773102416
"8914",2021-05-15,"12","18  day ahead inc hosp",2021-06-02,"quantile",0.55,398.59281912443
"8915",2021-05-15,"12","18  day ahead inc hosp",2021-06-02,"quantile",0.6,409.392086391368
"8916",2021-05-15,"12","18  day ahead inc hosp",2021-06-02,"quantile",0.65,420.783092337123
"8917",2021-05-15,"12","18  day ahead inc hosp",2021-06-02,"quantile",0.7,433.043042194369
"8918",2021-05-15,"12","18  day ahead inc hosp",2021-06-02,"quantile",0.75,446.571955628226
"8919",2021-05-15,"12","18  day ahead inc hosp",2021-06-02,"quantile",0.8,462.007408308726
"8920",2021-05-15,"12","18  day ahead inc hosp",2021-06-02,"quantile",0.85,480.500503221122
"8921",2021-05-15,"12","18  day ahead inc hosp",2021-06-02,"quantile",0.9,504.551304310951
"8922",2021-05-15,"12","18  day ahead inc hosp",2021-06-02,"quantile",0.95,541.845019833693
"8923",2021-05-15,"12","18  day ahead inc hosp",2021-06-02,"quantile",0.975,575.833267676075
"8924",2021-05-15,"12","18  day ahead inc hosp",2021-06-02,"quantile",0.99,617.334783673946
"8925",2021-05-15,"12","19  day ahead inc hosp",2021-06-03,"quantile",0.01,236.074384720131
"8926",2021-05-15,"12","19  day ahead inc hosp",2021-06-03,"quantile",0.025,258.137184212137
"8927",2021-05-15,"12","19  day ahead inc hosp",2021-06-03,"quantile",0.05,278.318887886113
"8928",2021-05-15,"12","19  day ahead inc hosp",2021-06-03,"quantile",0.1,303.030615785162
"8929",2021-05-15,"12","19  day ahead inc hosp",2021-06-03,"quantile",0.15,320.609016042316
"8930",2021-05-15,"12","19  day ahead inc hosp",2021-06-03,"quantile",0.2,335.116434139859
"8931",2021-05-15,"12","19  day ahead inc hosp",2021-06-03,"quantile",0.25,347.950109334709
"8932",2021-05-15,"12","19  day ahead inc hosp",2021-06-03,"quantile",0.3,359.786127080682
"8933",2021-05-15,"12","19  day ahead inc hosp",2021-06-03,"quantile",0.35,371.021139845007
"8934",2021-05-15,"12","19  day ahead inc hosp",2021-06-03,"quantile",0.4,381.92342844801
"8935",2021-05-15,"12","19  day ahead inc hosp",2021-06-03,"quantile",0.45,392.698507596863
"8936",2021-05-15,"12","19  day ahead inc hosp",2021-06-03,"quantile",0.5,403.52378297097
"8937",2021-05-15,"12","19  day ahead inc hosp",2021-06-03,"quantile",0.55,414.571341053467
"8938",2021-05-15,"12","19  day ahead inc hosp",2021-06-03,"quantile",0.6,426.027671135853
"8939",2021-05-15,"12","19  day ahead inc hosp",2021-06-03,"quantile",0.65,438.116561065646
"8940",2021-05-15,"12","19  day ahead inc hosp",2021-06-03,"quantile",0.7,451.13297227635
"8941",2021-05-15,"12","19  day ahead inc hosp",2021-06-03,"quantile",0.75,465.502843420436
"8942",2021-05-15,"12","19  day ahead inc hosp",2021-06-03,"quantile",0.8,481.90540646157
"8943",2021-05-15,"12","19  day ahead inc hosp",2021-06-03,"quantile",0.85,501.567461955564
"8944",2021-05-15,"12","19  day ahead inc hosp",2021-06-03,"quantile",0.9,527.154456688954
"8945",2021-05-15,"12","19  day ahead inc hosp",2021-06-03,"quantile",0.95,566.863556889154
"8946",2021-05-15,"12","19  day ahead inc hosp",2021-06-03,"quantile",0.975,603.085850409088
"8947",2021-05-15,"12","19  day ahead inc hosp",2021-06-03,"quantile",0.99,647.354212758263
"8948",2021-05-15,"12","20  day ahead inc hosp",2021-06-04,"quantile",0.01,216.708370443156
"8949",2021-05-15,"12","20  day ahead inc hosp",2021-06-04,"quantile",0.025,238.008733174339
"8950",2021-05-15,"12","20  day ahead inc hosp",2021-06-04,"quantile",0.05,257.551705575386
"8951",2021-05-15,"12","20  day ahead inc hosp",2021-06-04,"quantile",0.1,281.550309286385
"8952",2021-05-15,"12","20  day ahead inc hosp",2021-06-04,"quantile",0.15,298.663750017472
"8953",2021-05-15,"12","20  day ahead inc hosp",2021-06-04,"quantile",0.2,312.812006458912
"8954",2021-05-15,"12","20  day ahead inc hosp",2021-06-04,"quantile",0.25,325.34546181412
"8955",2021-05-15,"12","20  day ahead inc hosp",2021-06-04,"quantile",0.3,336.91849465658
"8956",2021-05-15,"12","20  day ahead inc hosp",2021-06-04,"quantile",0.35,347.915709719569
"8957",2021-05-15,"12","20  day ahead inc hosp",2021-06-04,"quantile",0.4,358.597849350971
"8958",2021-05-15,"12","20  day ahead inc hosp",2021-06-04,"quantile",0.45,369.16525198403
"8959",2021-05-15,"12","20  day ahead inc hosp",2021-06-04,"quantile",0.5,379.791462942108
"8960",2021-05-15,"12","20  day ahead inc hosp",2021-06-04,"quantile",0.55,390.645441797767
"8961",2021-05-15,"12","20  day ahead inc hosp",2021-06-04,"quantile",0.6,401.910908270323
"8962",2021-05-15,"12","20  day ahead inc hosp",2021-06-04,"quantile",0.65,413.808940842348
"8963",2021-05-15,"12","20  day ahead inc hosp",2021-06-04,"quantile",0.7,426.631545246101
"8964",2021-05-15,"12","20  day ahead inc hosp",2021-06-04,"quantile",0.75,440.801038122012
"8965",2021-05-15,"12","20  day ahead inc hosp",2021-06-04,"quantile",0.8,456.991629709649
"8966",2021-05-15,"12","20  day ahead inc hosp",2021-06-04,"quantile",0.85,476.422123356843
"8967",2021-05-15,"12","20  day ahead inc hosp",2021-06-04,"quantile",0.9,501.742734998622
"8968",2021-05-15,"12","20  day ahead inc hosp",2021-06-04,"quantile",0.95,541.111650873268
"8969",2021-05-15,"12","20  day ahead inc hosp",2021-06-04,"quantile",0.975,577.095639970715
"8970",2021-05-15,"12","20  day ahead inc hosp",2021-06-04,"quantile",0.99,621.158517197633
"8971",2021-05-15,"12","21  day ahead inc hosp",2021-06-05,"quantile",0.01,201.896868303681
"8972",2021-05-15,"12","21  day ahead inc hosp",2021-06-05,"quantile",0.025,222.780955420378
"8973",2021-05-15,"12","21  day ahead inc hosp",2021-06-05,"quantile",0.05,242.003148349683
"8974",2021-05-15,"12","21  day ahead inc hosp",2021-06-05,"quantile",0.1,265.679778000015
"8975",2021-05-15,"12","21  day ahead inc hosp",2021-06-05,"quantile",0.15,282.607776997432
"8976",2021-05-15,"12","21  day ahead inc hosp",2021-06-05,"quantile",0.2,296.6283748484
"8977",2021-05-15,"12","21  day ahead inc hosp",2021-06-05,"quantile",0.25,309.06702671382
"8978",2021-05-15,"12","21  day ahead inc hosp",2021-06-05,"quantile",0.3,320.567042308611
"8979",2021-05-15,"12","21  day ahead inc hosp",2021-06-05,"quantile",0.35,331.507243217561
"8980",2021-05-15,"12","21  day ahead inc hosp",2021-06-05,"quantile",0.4,342.145093346002
"8981",2021-05-15,"12","21  day ahead inc hosp",2021-06-05,"quantile",0.45,352.679042005213
"8982",2021-05-15,"12","21  day ahead inc hosp",2021-06-05,"quantile",0.5,363.28163676253
"8983",2021-05-15,"12","21  day ahead inc hosp",2021-06-05,"quantile",0.55,374.121513173336
"8984",2021-05-15,"12","21  day ahead inc hosp",2021-06-05,"quantile",0.6,385.382685657976
"8985",2021-05-15,"12","21  day ahead inc hosp",2021-06-05,"quantile",0.65,397.287227712575
"8986",2021-05-15,"12","21  day ahead inc hosp",2021-06-05,"quantile",0.7,410.129100032941
"8987",2021-05-15,"12","21  day ahead inc hosp",2021-06-05,"quantile",0.75,424.334119316948
"8988",2021-05-15,"12","21  day ahead inc hosp",2021-06-05,"quantile",0.8,440.582869611357
"8989",2021-05-15,"12","21  day ahead inc hosp",2021-06-05,"quantile",0.85,460.106797744508
"8990",2021-05-15,"12","21  day ahead inc hosp",2021-06-05,"quantile",0.9,485.585861121387
"8991",2021-05-15,"12","21  day ahead inc hosp",2021-06-05,"quantile",0.95,525.278066680424
"8992",2021-05-15,"12","21  day ahead inc hosp",2021-06-05,"quantile",0.975,561.633249839274
"8993",2021-05-15,"12","21  day ahead inc hosp",2021-06-05,"quantile",0.99,606.240877405281
"8994",2021-05-15,"12","22  day ahead inc hosp",2021-06-06,"quantile",0.01,209.276608562696
"8995",2021-05-15,"12","22  day ahead inc hosp",2021-06-06,"quantile",0.025,231.388814915483
"8996",2021-05-15,"12","22  day ahead inc hosp",2021-06-06,"quantile",0.05,251.769270647843
"8997",2021-05-15,"12","22  day ahead inc hosp",2021-06-06,"quantile",0.1,276.905358818975
"8998",2021-05-15,"12","22  day ahead inc hosp",2021-06-06,"quantile",0.15,294.896937755726
"8999",2021-05-15,"12","22  day ahead inc hosp",2021-06-06,"quantile",0.2,309.810125021252
"9000",2021-05-15,"12","22  day ahead inc hosp",2021-06-06,"quantile",0.25,323.048979052011
"9001",2021-05-15,"12","22  day ahead inc hosp",2021-06-06,"quantile",0.3,335.295422066811
"9002",2021-05-15,"12","22  day ahead inc hosp",2021-06-06,"quantile",0.35,346.95134430067
"9003",2021-05-15,"12","22  day ahead inc hosp",2021-06-06,"quantile",0.4,358.29018267494
"9004",2021-05-15,"12","22  day ahead inc hosp",2021-06-06,"quantile",0.45,369.522986832714
"9005",2021-05-15,"12","22  day ahead inc hosp",2021-06-06,"quantile",0.5,380.833552075383
"9006",2021-05-15,"12","22  day ahead inc hosp",2021-06-06,"quantile",0.55,392.401801776754
"9007",2021-05-15,"12","22  day ahead inc hosp",2021-06-06,"quantile",0.6,404.424361582887
"9008",2021-05-15,"12","22  day ahead inc hosp",2021-06-06,"quantile",0.65,417.138814737695
"9009",2021-05-15,"12","22  day ahead inc hosp",2021-06-06,"quantile",0.7,430.859942115408
"9010",2021-05-15,"12","22  day ahead inc hosp",2021-06-06,"quantile",0.75,446.044023472239
"9011",2021-05-15,"12","22  day ahead inc hosp",2021-06-06,"quantile",0.8,463.420687477599
"9012",2021-05-15,"12","22  day ahead inc hosp",2021-06-06,"quantile",0.85,484.310629929377
"9013",2021-05-15,"12","22  day ahead inc hosp",2021-06-06,"quantile",0.9,511.589058582489
"9014",2021-05-15,"12","22  day ahead inc hosp",2021-06-06,"quantile",0.95,554.119383118722
"9015",2021-05-15,"12","22  day ahead inc hosp",2021-06-06,"quantile",0.975,593.108518739905
"9016",2021-05-15,"12","22  day ahead inc hosp",2021-06-06,"quantile",0.99,640.989035396051
"9017",2021-05-15,"12","23  day ahead inc hosp",2021-06-07,"quantile",0.01,224.851482347949
"9018",2021-05-15,"12","23  day ahead inc hosp",2021-06-07,"quantile",0.025,248.821973050923
"9019",2021-05-15,"12","23  day ahead inc hosp",2021-06-07,"quantile",0.05,270.928035376585
"9020",2021-05-15,"12","23  day ahead inc hosp",2021-06-07,"quantile",0.1,298.207509693913
"9021",2021-05-15,"12","23  day ahead inc hosp",2021-06-07,"quantile",0.15,317.742529229735
"9022",2021-05-15,"12","23  day ahead inc hosp",2021-06-07,"quantile",0.2,333.94045664977
"9023",2021-05-15,"12","23  day ahead inc hosp",2021-06-07,"quantile",0.25,348.32364759206
"9024",2021-05-15,"12","23  day ahead inc hosp",2021-06-07,"quantile",0.3,361.631692382427
"9025",2021-05-15,"12","23  day ahead inc hosp",2021-06-07,"quantile",0.35,374.300621011691
"9026",2021-05-15,"12","23  day ahead inc hosp",2021-06-07,"quantile",0.4,386.627234519544
"9027",2021-05-15,"12","23  day ahead inc hosp",2021-06-07,"quantile",0.45,398.840749309098
"9028",2021-05-15,"12","23  day ahead inc hosp",2021-06-07,"quantile",0.5,411.140916291184
"9029",2021-05-15,"12","23  day ahead inc hosp",2021-06-07,"quantile",0.55,423.723414425608
"9030",2021-05-15,"12","23  day ahead inc hosp",2021-06-07,"quantile",0.6,436.802222955134
"9031",2021-05-15,"12","23  day ahead inc hosp",2021-06-07,"quantile",0.65,450.636027021339
"9032",2021-05-15,"12","23  day ahead inc hosp",2021-06-07,"quantile",0.7,465.567699223049
"9033",2021-05-15,"12","23  day ahead inc hosp",2021-06-07,"quantile",0.75,482.09437840651
"9034",2021-05-15,"12","23  day ahead inc hosp",2021-06-07,"quantile",0.8,501.011193640515
"9035",2021-05-15,"12","23  day ahead inc hosp",2021-06-07,"quantile",0.85,523.75763609706
"9036",2021-05-15,"12","23  day ahead inc hosp",2021-06-07,"quantile",0.9,553.468005771982
"9037",2021-05-15,"12","23  day ahead inc hosp",2021-06-07,"quantile",0.95,599.806148755049
"9038",2021-05-15,"12","23  day ahead inc hosp",2021-06-07,"quantile",0.975,642.301926329667
"9039",2021-05-15,"12","23  day ahead inc hosp",2021-06-07,"quantile",0.99,694.507680742208
"9040",2021-05-15,"12","24  day ahead inc hosp",2021-06-08,"quantile",0.01,214.694106723719
"9041",2021-05-15,"12","24  day ahead inc hosp",2021-06-08,"quantile",0.025,238.459415151165
"9042",2021-05-15,"12","24  day ahead inc hosp",2021-06-08,"quantile",0.05,260.431282572381
"9043",2021-05-15,"12","24  day ahead inc hosp",2021-06-08,"quantile",0.1,287.609975904682
"9044",2021-05-15,"12","24  day ahead inc hosp",2021-06-08,"quantile",0.15,307.112633619231
"9045",2021-05-15,"12","24  day ahead inc hosp",2021-06-08,"quantile",0.2,323.306860688535
"9046",2021-05-15,"12","24  day ahead inc hosp",2021-06-08,"quantile",0.25,337.703261538744
"9047",2021-05-15,"12","24  day ahead inc hosp",2021-06-08,"quantile",0.3,351.036634408543
"9048",2021-05-15,"12","24  day ahead inc hosp",2021-06-08,"quantile",0.35,363.740842776341
"9049",2021-05-15,"12","24  day ahead inc hosp",2021-06-08,"quantile",0.4,376.111799699722
"9050",2021-05-15,"12","24  day ahead inc hosp",2021-06-08,"quantile",0.45,388.378610723061
"9051",2021-05-15,"12","24  day ahead inc hosp",2021-06-08,"quantile",0.5,400.741511419811
"9052",2021-05-15,"12","24  day ahead inc hosp",2021-06-08,"quantile",0.55,413.397242108483
"9053",2021-05-15,"12","24  day ahead inc hosp",2021-06-08,"quantile",0.6,426.561526139701
"9054",2021-05-15,"12","24  day ahead inc hosp",2021-06-08,"quantile",0.65,440.495732314317
"9055",2021-05-15,"12","24  day ahead inc hosp",2021-06-08,"quantile",0.7,455.546864257673
"9056",2021-05-15,"12","24  day ahead inc hosp",2021-06-08,"quantile",0.75,472.218652754584
"9057",2021-05-15,"12","24  day ahead inc hosp",2021-06-08,"quantile",0.8,491.317475177984
"9058",2021-05-15,"12","24  day ahead inc hosp",2021-06-08,"quantile",0.85,514.304196143268
"9059",2021-05-15,"12","24  day ahead inc hosp",2021-06-08,"quantile",0.9,544.361688931602
"9060",2021-05-15,"12","24  day ahead inc hosp",2021-06-08,"quantile",0.95,591.311078274268
"9061",2021-05-15,"12","24  day ahead inc hosp",2021-06-08,"quantile",0.975,634.43620462353
"9062",2021-05-15,"12","24  day ahead inc hosp",2021-06-08,"quantile",0.99,687.497155967099
"9063",2021-05-15,"12","25  day ahead inc hosp",2021-06-09,"quantile",0.01,203.87306409419
"9064",2021-05-15,"12","25  day ahead inc hosp",2021-06-09,"quantile",0.025,227.306078707728
"9065",2021-05-15,"12","25  day ahead inc hosp",2021-06-09,"quantile",0.05,249.026958314801
"9066",2021-05-15,"12","25  day ahead inc hosp",2021-06-09,"quantile",0.1,275.961478765951
"9067",2021-05-15,"12","25  day ahead inc hosp",2021-06-09,"quantile",0.15,295.329658250049
"9068",2021-05-15,"12","25  day ahead inc hosp",2021-06-09,"quantile",0.2,311.435899458056
"9069",2021-05-15,"12","25  day ahead inc hosp",2021-06-09,"quantile",0.25,325.770973137321
"9070",2021-05-15,"12","25  day ahead inc hosp",2021-06-09,"quantile",0.3,339.060970810228
"9071",2021-05-15,"12","25  day ahead inc hosp",2021-06-09,"quantile",0.35,351.735292937671
"9072",2021-05-15,"12","25  day ahead inc hosp",2021-06-09,"quantile",0.4,364.087413149629
"9073",2021-05-15,"12","25  day ahead inc hosp",2021-06-09,"quantile",0.45,376.345140473973
"9074",2021-05-15,"12","25  day ahead inc hosp",2021-06-09,"quantile",0.5,388.708175206702
"9075",2021-05-15,"12","25  day ahead inc hosp",2021-06-09,"quantile",0.55,401.373333803617
"9076",2021-05-15,"12","25  day ahead inc hosp",2021-06-09,"quantile",0.6,414.557020670455
"9077",2021-05-15,"12","25  day ahead inc hosp",2021-06-09,"quantile",0.65,428.522017712463
"9078",2021-05-15,"12","25  day ahead inc hosp",2021-06-09,"quantile",0.7,443.617790736634
"9079",2021-05-15,"12","25  day ahead inc hosp",2021-06-09,"quantile",0.75,460.352259678364
"9080",2021-05-15,"12","25  day ahead inc hosp",2021-06-09,"quantile",0.8,479.539228598661
"9081",2021-05-15,"12","25  day ahead inc hosp",2021-06-09,"quantile",0.85,502.654050791748
"9082",2021-05-15,"12","25  day ahead inc hosp",2021-06-09,"quantile",0.9,532.913257481436
"9083",2021-05-15,"12","25  day ahead inc hosp",2021-06-09,"quantile",0.95,580.249564962256
"9084",2021-05-15,"12","25  day ahead inc hosp",2021-06-09,"quantile",0.975,623.800877160611
"9085",2021-05-15,"12","25  day ahead inc hosp",2021-06-09,"quantile",0.99,677.470682330608
"9086",2021-05-15,"12","26  day ahead inc hosp",2021-06-10,"quantile",0.01,193.224440904775
"9087",2021-05-15,"12","26  day ahead inc hosp",2021-06-10,"quantile",0.025,216.269361987719
"9088",2021-05-15,"12","26  day ahead inc hosp",2021-06-10,"quantile",0.05,237.686726453492
"9089",2021-05-15,"12","26  day ahead inc hosp",2021-06-10,"quantile",0.1,264.311222743428
"9090",2021-05-15,"12","26  day ahead inc hosp",2021-06-10,"quantile",0.15,283.497252192932
"9091",2021-05-15,"12","26  day ahead inc hosp",2021-06-10,"quantile",0.2,299.475737505361
"9092",2021-05-15,"12","26  day ahead inc hosp",2021-06-10,"quantile",0.25,313.714027288173
"9093",2021-05-15,"12","26  day ahead inc hosp",2021-06-10,"quantile",0.3,326.927750062524
"9094",2021-05-15,"12","26  day ahead inc hosp",2021-06-10,"quantile",0.35,339.540801353137
"9095",2021-05-15,"12","26  day ahead inc hosp",2021-06-10,"quantile",0.4,351.843501995588
"9096",2021-05-15,"12","26  day ahead inc hosp",2021-06-10,"quantile",0.45,364.061810511674
"9097",2021-05-15,"12","26  day ahead inc hosp",2021-06-10,"quantile",0.5,376.394406714097
"9098",2021-05-15,"12","26  day ahead inc hosp",2021-06-10,"quantile",0.55,389.037705938828
"9099",2021-05-15,"12","26  day ahead inc hosp",2021-06-10,"quantile",0.6,402.208270286425
"9100",2021-05-15,"12","26  day ahead inc hosp",2021-06-10,"quantile",0.65,416.16966111722
"9101",2021-05-15,"12","26  day ahead inc hosp",2021-06-10,"quantile",0.7,431.272966259748
"9102",2021-05-15,"12","26  day ahead inc hosp",2021-06-10,"quantile",0.75,448.029077300827
"9103",2021-05-15,"12","26  day ahead inc hosp",2021-06-10,"quantile",0.8,467.257280161447
"9104",2021-05-15,"12","26  day ahead inc hosp",2021-06-10,"quantile",0.85,490.443902664434
"9105",2021-05-15,"12","26  day ahead inc hosp",2021-06-10,"quantile",0.9,520.831503239539
"9106",2021-05-15,"12","26  day ahead inc hosp",2021-06-10,"quantile",0.95,568.440962486845
"9107",2021-05-15,"12","26  day ahead inc hosp",2021-06-10,"quantile",0.975,612.314851044281
"9108",2021-05-15,"12","26  day ahead inc hosp",2021-06-10,"quantile",0.99,666.467277431978
"9109",2021-05-15,"12","27  day ahead inc hosp",2021-06-11,"quantile",0.01,190.813613105974
"9110",2021-05-15,"12","27  day ahead inc hosp",2021-06-11,"quantile",0.025,214.167114713614
"9111",2021-05-15,"12","27  day ahead inc hosp",2021-06-11,"quantile",0.05,235.912334855778
"9112",2021-05-15,"12","27  day ahead inc hosp",2021-06-11,"quantile",0.1,262.992877617093
"9113",2021-05-15,"12","27  day ahead inc hosp",2021-06-11,"quantile",0.15,282.53734490525
"9114",2021-05-15,"12","27  day ahead inc hosp",2021-06-11,"quantile",0.2,298.831675642456
"9115",2021-05-15,"12","27  day ahead inc hosp",2021-06-11,"quantile",0.25,313.363780148572
"9116",2021-05-15,"12","27  day ahead inc hosp",2021-06-11,"quantile",0.3,326.860007732935
"9117",2021-05-15,"12","27  day ahead inc hosp",2021-06-11,"quantile",0.35,339.751105973031
"9118",2021-05-15,"12","27  day ahead inc hosp",2021-06-11,"quantile",0.4,352.332536828354
"9119",2021-05-15,"12","27  day ahead inc hosp",2021-06-11,"quantile",0.45,364.834698794589
"9120",2021-05-15,"12","27  day ahead inc hosp",2021-06-11,"quantile",0.5,377.460617060081
"9121",2021-05-15,"12","27  day ahead inc hosp",2021-06-11,"quantile",0.55,390.411445354195
"9122",2021-05-15,"12","27  day ahead inc hosp",2021-06-11,"quantile",0.6,403.909407373519
"9123",2021-05-15,"12","27  day ahead inc hosp",2021-06-11,"quantile",0.65,418.225383218691
"9124",2021-05-15,"12","27  day ahead inc hosp",2021-06-11,"quantile",0.7,433.720636011827
"9125",2021-05-15,"12","27  day ahead inc hosp",2021-06-11,"quantile",0.75,450.921310933361
"9126",2021-05-15,"12","27  day ahead inc hosp",2021-06-11,"quantile",0.8,470.671679846187
"9127",2021-05-15,"12","27  day ahead inc hosp",2021-06-11,"quantile",0.85,494.504155417681
"9128",2021-05-15,"12","27  day ahead inc hosp",2021-06-11,"quantile",0.9,525.763370131392
"9129",2021-05-15,"12","27  day ahead inc hosp",2021-06-11,"quantile",0.95,574.791363573122
"9130",2021-05-15,"12","27  day ahead inc hosp",2021-06-11,"quantile",0.975,620.024680602521
"9131",2021-05-15,"12","27  day ahead inc hosp",2021-06-11,"quantile",0.99,675.917358374934
"9132",2021-05-15,"12","28  day ahead inc hosp",2021-06-12,"quantile",0.01,189.608889970671
"9133",2021-05-15,"12","28  day ahead inc hosp",2021-06-12,"quantile",0.025,213.366818055188
"9134",2021-05-15,"12","28  day ahead inc hosp",2021-06-12,"quantile",0.05,235.527478858325
"9135",2021-05-15,"12","28  day ahead inc hosp",2021-06-12,"quantile",0.1,263.171297481855
"9136",2021-05-15,"12","28  day ahead inc hosp",2021-06-12,"quantile",0.15,283.15051713156
"9137",2021-05-15,"12","28  day ahead inc hosp",2021-06-12,"quantile",0.2,299.823721101849
"9138",2021-05-15,"12","28  day ahead inc hosp",2021-06-12,"quantile",0.25,314.705441392623
"9139",2021-05-15,"12","28  day ahead inc hosp",2021-06-12,"quantile",0.3,328.535680808494
"9140",2021-05-15,"12","28  day ahead inc hosp",2021-06-12,"quantile",0.35,341.753761033213
"9141",2021-05-15,"12","28  day ahead inc hosp",2021-06-12,"quantile",0.4,354.661451856491
"9142",2021-05-15,"12","28  day ahead inc hosp",2021-06-12,"quantile",0.45,367.49448784652
"9143",2021-05-15,"12","28  day ahead inc hosp",2021-06-12,"quantile",0.5,380.461015770767
"9144",2021-05-15,"12","28  day ahead inc hosp",2021-06-12,"quantile",0.55,393.767683608492
"9145",2021-05-15,"12","28  day ahead inc hosp",2021-06-12,"quantile",0.6,407.643198899366
"9146",2021-05-15,"12","28  day ahead inc hosp",2021-06-12,"quantile",0.65,422.366750502801
"9147",2021-05-15,"12","28  day ahead inc hosp",2021-06-12,"quantile",0.7,438.311085323346
"9148",2021-05-15,"12","28  day ahead inc hosp",2021-06-12,"quantile",0.75,456.019495862984
"9149",2021-05-15,"12","28  day ahead inc hosp",2021-06-12,"quantile",0.8,476.364265434549
"9150",2021-05-15,"12","28  day ahead inc hosp",2021-06-12,"quantile",0.85,500.929365526935
"9151",2021-05-15,"12","28  day ahead inc hosp",2021-06-12,"quantile",0.9,533.173417953232
"9152",2021-05-15,"12","28  day ahead inc hosp",2021-06-12,"quantile",0.95,583.79635616586
"9153",2021-05-15,"12","28  day ahead inc hosp",2021-06-12,"quantile",0.975,630.550770879402
"9154",2021-05-15,"12","28  day ahead inc hosp",2021-06-12,"quantile",0.99,688.382257759336
"9155",2021-05-15,"12","29  day ahead inc hosp",2021-06-13,"quantile",0.01,186.81802472539
"9156",2021-05-15,"12","29  day ahead inc hosp",2021-06-13,"quantile",0.025,211.623193659249
"9157",2021-05-15,"12","29  day ahead inc hosp",2021-06-13,"quantile",0.05,234.864665465901
"9158",2021-05-15,"12","29  day ahead inc hosp",2021-06-13,"quantile",0.1,263.9798187727
"9159",2021-05-15,"12","29  day ahead inc hosp",2021-06-13,"quantile",0.15,285.09826130177
"9160",2021-05-15,"12","29  day ahead inc hosp",2021-06-13,"quantile",0.2,302.766351447579
"9161",2021-05-15,"12","29  day ahead inc hosp",2021-06-13,"quantile",0.25,318.567623350739
"9162",2021-05-15,"12","29  day ahead inc hosp",2021-06-13,"quantile",0.3,333.277563964503
"9163",2021-05-15,"12","29  day ahead inc hosp",2021-06-13,"quantile",0.35,347.357850100488
"9164",2021-05-15,"12","29  day ahead inc hosp",2021-06-13,"quantile",0.4,361.126762115878
"9165",2021-05-15,"12","29  day ahead inc hosp",2021-06-13,"quantile",0.45,374.834062391173
"9166",2021-05-15,"12","29  day ahead inc hosp",2021-06-13,"quantile",0.5,388.701419422662
"9167",2021-05-15,"12","29  day ahead inc hosp",2021-06-13,"quantile",0.55,402.95004104956
"9168",2021-05-15,"12","29  day ahead inc hosp",2021-06-13,"quantile",0.6,417.825867515428
"9169",2021-05-15,"12","29  day ahead inc hosp",2021-06-13,"quantile",0.65,433.630217911404
"9170",2021-05-15,"12","29  day ahead inc hosp",2021-06-13,"quantile",0.7,450.766472109802
"9171",2021-05-15,"12","29  day ahead inc hosp",2021-06-13,"quantile",0.75,469.823711867745
"9172",2021-05-15,"12","29  day ahead inc hosp",2021-06-13,"quantile",0.8,491.749080310183
"9173",2021-05-15,"12","29  day ahead inc hosp",2021-06-13,"quantile",0.85,518.264429907164
"9174",2021-05-15,"12","29  day ahead inc hosp",2021-06-13,"quantile",0.9,553.133417243223
"9175",2021-05-15,"12","29  day ahead inc hosp",2021-06-13,"quantile",0.95,608.014479248473
"9176",2021-05-15,"12","29  day ahead inc hosp",2021-06-13,"quantile",0.975,658.836899846988
"9177",2021-05-15,"12","29  day ahead inc hosp",2021-06-13,"quantile",0.99,721.862052316994
"9178",2021-05-15,"12","30  day ahead inc hosp",2021-06-14,"quantile",0.01,194.731715078766
"9179",2021-05-15,"12","30  day ahead inc hosp",2021-06-14,"quantile",0.025,221.216310462704
"9180",2021-05-15,"12","30  day ahead inc hosp",2021-06-14,"quantile",0.05,246.079140776944
"9181",2021-05-15,"12","30  day ahead inc hosp",2021-06-14,"quantile",0.1,277.281989920419
"9182",2021-05-15,"12","30  day ahead inc hosp",2021-06-14,"quantile",0.15,299.949558396998
"9183",2021-05-15,"12","30  day ahead inc hosp",2021-06-14,"quantile",0.2,318.933954124889
"9184",2021-05-15,"12","30  day ahead inc hosp",2021-06-14,"quantile",0.25,335.926933848534
"9185",2021-05-15,"12","30  day ahead inc hosp",2021-06-14,"quantile",0.3,351.757800895903
"9186",2021-05-15,"12","30  day ahead inc hosp",2021-06-14,"quantile",0.35,366.920868252443
"9187",2021-05-15,"12","30  day ahead inc hosp",2021-06-14,"quantile",0.4,381.757450944993
"9188",2021-05-15,"12","30  day ahead inc hosp",2021-06-14,"quantile",0.45,396.535910185466
"9189",2021-05-15,"12","30  day ahead inc hosp",2021-06-14,"quantile",0.5,411.494945017557
"9190",2021-05-15,"12","30  day ahead inc hosp",2021-06-14,"quantile",0.55,426.87327999576
"9191",2021-05-15,"12","30  day ahead inc hosp",2021-06-14,"quantile",0.6,442.936842185997
"9192",2021-05-15,"12","30  day ahead inc hosp",2021-06-14,"quantile",0.65,460.011936531319
"9193",2021-05-15,"12","30  day ahead inc hosp",2021-06-14,"quantile",0.7,478.535885987201
"9194",2021-05-15,"12","30  day ahead inc hosp",2021-06-14,"quantile",0.75,499.147859863554
"9195",2021-05-15,"12","30  day ahead inc hosp",2021-06-14,"quantile",0.8,522.876144264574
"9196",2021-05-15,"12","30  day ahead inc hosp",2021-06-14,"quantile",0.85,551.590991001452
"9197",2021-05-15,"12","30  day ahead inc hosp",2021-06-14,"quantile",0.9,589.382245501323
"9198",2021-05-15,"12","30  day ahead inc hosp",2021-06-14,"quantile",0.95,648.925548796155
"9199",2021-05-15,"12","30  day ahead inc hosp",2021-06-14,"quantile",0.975,704.127447692506
"9200",2021-05-15,"12","30  day ahead inc hosp",2021-06-14,"quantile",0.99,772.657820069321
"9201",2021-05-15,"12","31  day ahead inc hosp",2021-06-15,"quantile",0.01,183.018409577079
"9202",2021-05-15,"12","31  day ahead inc hosp",2021-06-15,"quantile",0.025,209.019196312033
"9203",2021-05-15,"12","31  day ahead inc hosp",2021-06-15,"quantile",0.05,233.515741333505
"9204",2021-05-15,"12","31  day ahead inc hosp",2021-06-15,"quantile",0.1,264.363124177426
"9205",2021-05-15,"12","31  day ahead inc hosp",2021-06-15,"quantile",0.15,286.836702993568
"9206",2021-05-15,"12","31  day ahead inc hosp",2021-06-15,"quantile",0.2,305.696065230265
"9207",2021-05-15,"12","31  day ahead inc hosp",2021-06-15,"quantile",0.25,322.60388739037
"9208",2021-05-15,"12","31  day ahead inc hosp",2021-06-15,"quantile",0.3,338.376728749888
"9209",2021-05-15,"12","31  day ahead inc hosp",2021-06-15,"quantile",0.35,353.502413436501
"9210",2021-05-15,"12","31  day ahead inc hosp",2021-06-15,"quantile",0.4,368.31876993096
"9211",2021-05-15,"12","31  day ahead inc hosp",2021-06-15,"quantile",0.45,383.092389272156
"9212",2021-05-15,"12","31  day ahead inc hosp",2021-06-15,"quantile",0.5,398.061367790599
"9213",2021-05-15,"12","31  day ahead inc hosp",2021-06-15,"quantile",0.55,413.464793684636
"9214",2021-05-15,"12","31  day ahead inc hosp",2021-06-15,"quantile",0.6,429.569945800239
"9215",2021-05-15,"12","31  day ahead inc hosp",2021-06-15,"quantile",0.65,446.705709329349
"9216",2021-05-15,"12","31  day ahead inc hosp",2021-06-15,"quantile",0.7,465.313778490018
"9217",2021-05-15,"12","31  day ahead inc hosp",2021-06-15,"quantile",0.75,486.040669546192
"9218",2021-05-15,"12","31  day ahead inc hosp",2021-06-15,"quantile",0.8,509.927619115895
"9219",2021-05-15,"12","31  day ahead inc hosp",2021-06-15,"quantile",0.85,538.870078217688
"9220",2021-05-15,"12","31  day ahead inc hosp",2021-06-15,"quantile",0.9,577.016376477415
"9221",2021-05-15,"12","31  day ahead inc hosp",2021-06-15,"quantile",0.95,637.236086543773
"9222",2021-05-15,"12","31  day ahead inc hosp",2021-06-15,"quantile",0.975,693.180704275283
"9223",2021-05-15,"12","31  day ahead inc hosp",2021-06-15,"quantile",0.99,762.771601858395
"9224",2021-05-15,"12","32  day ahead inc hosp",2021-06-16,"quantile",0.01,175.581731856727
"9225",2021-05-15,"12","32  day ahead inc hosp",2021-06-16,"quantile",0.025,201.439078053918
"9226",2021-05-15,"12","32  day ahead inc hosp",2021-06-16,"quantile",0.05,225.875268488851
"9227",2021-05-15,"12","32  day ahead inc hosp",2021-06-16,"quantile",0.1,256.735398992569
"9228",2021-05-15,"12","32  day ahead inc hosp",2021-06-16,"quantile",0.15,279.272986631415
"9229",2021-05-15,"12","32  day ahead inc hosp",2021-06-16,"quantile",0.2,298.217958026204
"9230",2021-05-15,"12","32  day ahead inc hosp",2021-06-16,"quantile",0.25,315.22533520783
"9231",2021-05-15,"12","32  day ahead inc hosp",2021-06-16,"quantile",0.3,331.109211369887
"9232",2021-05-15,"12","32  day ahead inc hosp",2021-06-16,"quantile",0.35,346.356887980899
"9233",2021-05-15,"12","32  day ahead inc hosp",2021-06-16,"quantile",0.4,361.30668560399
"9234",2021-05-15,"12","32  day ahead inc hosp",2021-06-16,"quantile",0.45,376.226417264819
"9235",2021-05-15,"12","32  day ahead inc hosp",2021-06-16,"quantile",0.5,391.356102954091
"9236",2021-05-15,"12","32  day ahead inc hosp",2021-06-16,"quantile",0.55,406.937587683963
"9237",2021-05-15,"12","32  day ahead inc hosp",2021-06-16,"quantile",0.6,423.242037965253
"9238",2021-05-15,"12","32  day ahead inc hosp",2021-06-16,"quantile",0.65,440.603905189949
"9239",2021-05-15,"12","32  day ahead inc hosp",2021-06-16,"quantile",0.7,459.47313322351
"9240",2021-05-15,"12","32  day ahead inc hosp",2021-06-16,"quantile",0.75,480.509125805024
"9241",2021-05-15,"12","32  day ahead inc hosp",2021-06-16,"quantile",0.8,504.774835339852
"9242",2021-05-15,"12","32  day ahead inc hosp",2021-06-16,"quantile",0.85,534.206644040607
"9243",2021-05-15,"12","32  day ahead inc hosp",2021-06-16,"quantile",0.9,573.045347805732
"9244",2021-05-15,"12","32  day ahead inc hosp",2021-06-16,"quantile",0.95,634.458231199107
"9245",2021-05-15,"12","32  day ahead inc hosp",2021-06-16,"quantile",0.975,691.610286834112
"9246",2021-05-15,"12","32  day ahead inc hosp",2021-06-16,"quantile",0.99,762.821728340774
"9247",2021-05-15,"12","33  day ahead inc hosp",2021-06-17,"quantile",0.01,177.444014820024
"9248",2021-05-15,"12","33  day ahead inc hosp",2021-06-17,"quantile",0.025,204.12222792695
"9249",2021-05-15,"12","33  day ahead inc hosp",2021-06-17,"quantile",0.05,229.379783510576
"9250",2021-05-15,"12","33  day ahead inc hosp",2021-06-17,"quantile",0.1,261.331343595482
"9251",2021-05-15,"12","33  day ahead inc hosp",2021-06-17,"quantile",0.15,284.699392655735
"9252",2021-05-15,"12","33  day ahead inc hosp",2021-06-17,"quantile",0.2,304.361894004408
"9253",2021-05-15,"12","33  day ahead inc hosp",2021-06-17,"quantile",0.25,322.027320863976
"9254",2021-05-15,"12","33  day ahead inc hosp",2021-06-17,"quantile",0.3,338.536850589483
"9255",2021-05-15,"12","33  day ahead inc hosp",2021-06-17,"quantile",0.35,354.394580115465
"9256",2021-05-15,"12","33  day ahead inc hosp",2021-06-17,"quantile",0.4,369.951014953912
"9257",2021-05-15,"12","33  day ahead inc hosp",2021-06-17,"quantile",0.45,385.484124913267
"9258",2021-05-15,"12","33  day ahead inc hosp",2021-06-17,"quantile",0.5,401.243541998278
"9259",2021-05-15,"12","33  day ahead inc hosp",2021-06-17,"quantile",0.55,417.481299848502
"9260",2021-05-15,"12","33  day ahead inc hosp",2021-06-17,"quantile",0.6,434.480479264793
"9261",2021-05-15,"12","33  day ahead inc hosp",2021-06-17,"quantile",0.65,452.590701617919
"9262",2021-05-15,"12","33  day ahead inc hosp",2021-06-17,"quantile",0.7,472.282788746661
"9263",2021-05-15,"12","33  day ahead inc hosp",2021-06-17,"quantile",0.75,494.247234051827
"9264",2021-05-15,"12","33  day ahead inc hosp",2021-06-17,"quantile",0.8,519.597688736565
"9265",2021-05-15,"12","33  day ahead inc hosp",2021-06-17,"quantile",0.85,550.363744239965
"9266",2021-05-15,"12","33  day ahead inc hosp",2021-06-17,"quantile",0.9,590.99208832672
"9267",2021-05-15,"12","33  day ahead inc hosp",2021-06-17,"quantile",0.95,655.295902391127
"9268",2021-05-15,"12","33  day ahead inc hosp",2021-06-17,"quantile",0.975,715.198725669487
"9269",2021-05-15,"12","33  day ahead inc hosp",2021-06-17,"quantile",0.99,789.910011019563
"9270",2021-05-15,"12","34  day ahead inc hosp",2021-06-18,"quantile",0.01,165.783451801345
"9271",2021-05-15,"12","34  day ahead inc hosp",2021-06-18,"quantile",0.025,191.729635673121
"9272",2021-05-15,"12","34  day ahead inc hosp",2021-06-18,"quantile",0.05,216.382640062979
"9273",2021-05-15,"12","34  day ahead inc hosp",2021-06-18,"quantile",0.1,247.674645662905
"9274",2021-05-15,"12","34  day ahead inc hosp",2021-06-18,"quantile",0.15,270.62527290214
"9275",2021-05-15,"12","34  day ahead inc hosp",2021-06-18,"quantile",0.2,289.97443148375
"9276",2021-05-15,"12","34  day ahead inc hosp",2021-06-18,"quantile",0.25,307.38545033432
"9277",2021-05-15,"12","34  day ahead inc hosp",2021-06-18,"quantile",0.3,323.678823842605
"9278",2021-05-15,"12","34  day ahead inc hosp",2021-06-18,"quantile",0.35,339.347395177693
"9279",2021-05-15,"12","34  day ahead inc hosp",2021-06-18,"quantile",0.4,354.734871853413
"9280",2021-05-15,"12","34  day ahead inc hosp",2021-06-18,"quantile",0.45,370.11483386589
"9281",2021-05-15,"12","34  day ahead inc hosp",2021-06-18,"quantile",0.5,385.733967674022
"9282",2021-05-15,"12","34  day ahead inc hosp",2021-06-18,"quantile",0.55,401.842317305438
"9283",2021-05-15,"12","34  day ahead inc hosp",2021-06-18,"quantile",0.6,418.721686248097
"9284",2021-05-15,"12","34  day ahead inc hosp",2021-06-18,"quantile",0.65,436.721045114224
"9285",2021-05-15,"12","34  day ahead inc hosp",2021-06-18,"quantile",0.7,456.311255011909
"9286",2021-05-15,"12","34  day ahead inc hosp",2021-06-18,"quantile",0.75,478.183827938885
"9287",2021-05-15,"12","34  day ahead inc hosp",2021-06-18,"quantile",0.8,503.45519652948
"9288",2021-05-15,"12","34  day ahead inc hosp",2021-06-18,"quantile",0.85,534.161688923205
"9289",2021-05-15,"12","34  day ahead inc hosp",2021-06-18,"quantile",0.9,574.768206360946
"9290",2021-05-15,"12","34  day ahead inc hosp",2021-06-18,"quantile",0.95,639.157546867722
"9291",2021-05-15,"12","34  day ahead inc hosp",2021-06-18,"quantile",0.975,699.258866683076
"9292",2021-05-15,"12","34  day ahead inc hosp",2021-06-18,"quantile",0.99,774.360244493338
"9293",2021-05-15,"12","35  day ahead inc hosp",2021-06-19,"quantile",0.01,156.151267358799
"9294",2021-05-15,"12","35  day ahead inc hosp",2021-06-19,"quantile",0.025,181.595351140853
"9295",2021-05-15,"12","35  day ahead inc hosp",2021-06-19,"quantile",0.05,205.861716696209
"9296",2021-05-15,"12","35  day ahead inc hosp",2021-06-19,"quantile",0.1,236.770624348294
"9297",2021-05-15,"12","35  day ahead inc hosp",2021-06-19,"quantile",0.15,259.506774504824
"9298",2021-05-15,"12","35  day ahead inc hosp",2021-06-19,"quantile",0.2,278.713923518437
"9299",2021-05-15,"12","35  day ahead inc hosp",2021-06-19,"quantile",0.25,296.024940406099
"9300",2021-05-15,"12","35  day ahead inc hosp",2021-06-19,"quantile",0.3,312.246882385851
"9301",2021-05-15,"12","35  day ahead inc hosp",2021-06-19,"quantile",0.35,327.865699179839
"9302",2021-05-15,"12","35  day ahead inc hosp",2021-06-19,"quantile",0.4,343.221351975116
"9303",2021-05-15,"12","35  day ahead inc hosp",2021-06-19,"quantile",0.45,358.5854726343
"9304",2021-05-15,"12","35  day ahead inc hosp",2021-06-19,"quantile",0.5,374.204017699587
"9305",2021-05-15,"12","35  day ahead inc hosp",2021-06-19,"quantile",0.55,390.327302212784
"9306",2021-05-15,"12","35  day ahead inc hosp",2021-06-19,"quantile",0.6,407.238415490858
"9307",2021-05-15,"12","35  day ahead inc hosp",2021-06-19,"quantile",0.65,425.288867384821
"9308",2021-05-15,"12","35  day ahead inc hosp",2021-06-19,"quantile",0.7,444.953879618549
"9309",2021-05-15,"12","35  day ahead inc hosp",2021-06-19,"quantile",0.75,466.932349245337
"9310",2021-05-15,"12","35  day ahead inc hosp",2021-06-19,"quantile",0.8,492.353796235214
"9311",2021-05-15,"12","35  day ahead inc hosp",2021-06-19,"quantile",0.85,523.280129925242
"9312",2021-05-15,"12","35  day ahead inc hosp",2021-06-19,"quantile",0.9,564.235896172889
"9313",2021-05-15,"12","35  day ahead inc hosp",2021-06-19,"quantile",0.95,629.302802875899
"9314",2021-05-15,"12","35  day ahead inc hosp",2021-06-19,"quantile",0.975,690.1591196204
"9315",2021-05-15,"12","35  day ahead inc hosp",2021-06-19,"quantile",0.99,766.351028015011
"9316",2021-05-15,"12","36  day ahead inc hosp",2021-06-20,"quantile",0.01,159.100623877339
"9317",2021-05-15,"12","36  day ahead inc hosp",2021-06-20,"quantile",0.025,185.506201665944
"9318",2021-05-15,"12","36  day ahead inc hosp",2021-06-20,"quantile",0.05,210.733514382217
"9319",2021-05-15,"12","36  day ahead inc hosp",2021-06-20,"quantile",0.1,242.918737763848
"9320",2021-05-15,"12","36  day ahead inc hosp",2021-06-20,"quantile",0.15,266.626031245403
"9321",2021-05-15,"12","36  day ahead inc hosp",2021-06-20,"quantile",0.2,286.672432077134
"9322",2021-05-15,"12","36  day ahead inc hosp",2021-06-20,"quantile",0.25,304.753336740861
"9323",2021-05-15,"12","36  day ahead inc hosp",2021-06-20,"quantile",0.3,321.707482624818
"9324",2021-05-15,"12","36  day ahead inc hosp",2021-06-20,"quantile",0.35,338.040471183888
"9325",2021-05-15,"12","36  day ahead inc hosp",2021-06-20,"quantile",0.4,354.10653083691
"9326",2021-05-15,"12","36  day ahead inc hosp",2021-06-20,"quantile",0.45,370.189198162721
"9327",2021-05-15,"12","36  day ahead inc hosp",2021-06-20,"quantile",0.5,386.545709365047
"9328",2021-05-15,"12","36  day ahead inc hosp",2021-06-20,"quantile",0.55,403.438349857814
"9329",2021-05-15,"12","36  day ahead inc hosp",2021-06-20,"quantile",0.6,421.16422110609
"9330",2021-05-15,"12","36  day ahead inc hosp",2021-06-20,"quantile",0.65,440.092688825536
"9331",2021-05-15,"12","36  day ahead inc hosp",2021-06-20,"quantile",0.7,460.723565235272
"9332",2021-05-15,"12","36  day ahead inc hosp",2021-06-20,"quantile",0.75,483.792384668854
"9333",2021-05-15,"12","36  day ahead inc hosp",2021-06-20,"quantile",0.8,510.488439769753
"9334",2021-05-15,"12","36  day ahead inc hosp",2021-06-20,"quantile",0.85,542.983579772353
"9335",2021-05-15,"12","36  day ahead inc hosp",2021-06-20,"quantile",0.9,586.045318398246
"9336",2021-05-15,"12","36  day ahead inc hosp",2021-06-20,"quantile",0.95,654.518078770155
"9337",2021-05-15,"12","36  day ahead inc hosp",2021-06-20,"quantile",0.975,718.619328006196
"9338",2021-05-15,"12","36  day ahead inc hosp",2021-06-20,"quantile",0.99,798.945269119102
"9339",2021-05-15,"12","37  day ahead inc hosp",2021-06-21,"quantile",0.01,166.390564841887
"9340",2021-05-15,"12","37  day ahead inc hosp",2021-06-21,"quantile",0.025,194.277599318735
"9341",2021-05-15,"12","37  day ahead inc hosp",2021-06-21,"quantile",0.05,220.945300564825
"9342",2021-05-15,"12","37  day ahead inc hosp",2021-06-21,"quantile",0.1,254.997987583074
"9343",2021-05-15,"12","37  day ahead inc hosp",2021-06-21,"quantile",0.15,280.099232052659
"9344",2021-05-15,"12","37  day ahead inc hosp",2021-06-21,"quantile",0.2,301.335059866124
"9345",2021-05-15,"12","37  day ahead inc hosp",2021-06-21,"quantile",0.25,320.496450599171
"9346",2021-05-15,"12","37  day ahead inc hosp",2021-06-21,"quantile",0.3,338.469870721491
"9347",2021-05-15,"12","37  day ahead inc hosp",2021-06-21,"quantile",0.35,355.790022713431
"9348",2021-05-15,"12","37  day ahead inc hosp",2021-06-21,"quantile",0.4,372.831820163956
"9349",2021-05-15,"12","37  day ahead inc hosp",2021-06-21,"quantile",0.45,389.895645220577
"9350",2021-05-15,"12","37  day ahead inc hosp",2021-06-21,"quantile",0.5,407.254302390969
"9351",2021-05-15,"12","37  day ahead inc hosp",2021-06-21,"quantile",0.55,425.186230494894
"9352",2021-05-15,"12","37  day ahead inc hosp",2021-06-21,"quantile",0.6,444.007098419068
"9353",2021-05-15,"12","37  day ahead inc hosp",2021-06-21,"quantile",0.65,464.109615076398
"9354",2021-05-15,"12","37  day ahead inc hosp",2021-06-21,"quantile",0.7,486.025435460832
"9355",2021-05-15,"12","37  day ahead inc hosp",2021-06-21,"quantile",0.75,510.537222638487
"9356",2021-05-15,"12","37  day ahead inc hosp",2021-06-21,"quantile",0.8,538.910790952728
"9357",2021-05-15,"12","37  day ahead inc hosp",2021-06-21,"quantile",0.85,573.458200886595
"9358",2021-05-15,"12","37  day ahead inc hosp",2021-06-21,"quantile",0.9,619.255729048629
"9359",2021-05-15,"12","37  day ahead inc hosp",2021-06-21,"quantile",0.95,692.112899461724
"9360",2021-05-15,"12","37  day ahead inc hosp",2021-06-21,"quantile",0.975,760.35251956145
"9361",2021-05-15,"12","37  day ahead inc hosp",2021-06-21,"quantile",0.99,845.904955755926
"9362",2021-05-15,"13","1  day ahead inc hosp",2021-05-16,"quantile",0.01,130.659157082741
"9363",2021-05-15,"13","1  day ahead inc hosp",2021-05-16,"quantile",0.025,143.297642957846
"9364",2021-05-15,"13","1  day ahead inc hosp",2021-05-16,"quantile",0.05,154.882143813686
"9365",2021-05-15,"13","1  day ahead inc hosp",2021-05-16,"quantile",0.1,169.094620575696
"9366",2021-05-15,"13","1  day ahead inc hosp",2021-05-16,"quantile",0.15,179.221481085778
"9367",2021-05-15,"13","1  day ahead inc hosp",2021-05-16,"quantile",0.2,187.58901343104
"9368",2021-05-15,"13","1  day ahead inc hosp",2021-05-16,"quantile",0.25,194.998189955694
"9369",2021-05-15,"13","1  day ahead inc hosp",2021-05-16,"quantile",0.3,201.836966574717
"9370",2021-05-15,"13","1  day ahead inc hosp",2021-05-16,"quantile",0.35,208.333228811557
"9371",2021-05-15,"13","1  day ahead inc hosp",2021-05-16,"quantile",0.4,214.641354460854
"9372",2021-05-15,"13","1  day ahead inc hosp",2021-05-16,"quantile",0.45,220.879843433762
"9373",2021-05-15,"13","1  day ahead inc hosp",2021-05-16,"quantile",0.5,227.151231524753
"9374",2021-05-15,"13","1  day ahead inc hosp",2021-05-16,"quantile",0.55,233.555227609734
"9375",2021-05-15,"13","1  day ahead inc hosp",2021-05-16,"quantile",0.6,240.200133655317
"9376",2021-05-15,"13","1  day ahead inc hosp",2021-05-16,"quantile",0.65,247.216158357802
"9377",2021-05-15,"13","1  day ahead inc hosp",2021-05-16,"quantile",0.7,254.77516841324
"9378",2021-05-15,"13","1  day ahead inc hosp",2021-05-16,"quantile",0.75,263.125606316139
"9379",2021-05-15,"13","1  day ahead inc hosp",2021-05-16,"quantile",0.8,272.663957812502
"9380",2021-05-15,"13","1  day ahead inc hosp",2021-05-16,"quantile",0.85,284.106767943131
"9381",2021-05-15,"13","1  day ahead inc hosp",2021-05-16,"quantile",0.9,299.011717706491
"9382",2021-05-15,"13","1  day ahead inc hosp",2021-05-16,"quantile",0.95,322.172351098081
"9383",2021-05-15,"13","1  day ahead inc hosp",2021-05-16,"quantile",0.975,343.328048910554
"9384",2021-05-15,"13","1  day ahead inc hosp",2021-05-16,"quantile",0.99,369.217316012289
"9385",2021-05-15,"13","2  day ahead inc hosp",2021-05-17,"quantile",0.01,106.10068712411
"9386",2021-05-15,"13","2  day ahead inc hosp",2021-05-17,"quantile",0.025,119.688849172305
"9387",2021-05-15,"13","2  day ahead inc hosp",2021-05-17,"quantile",0.05,132.384583208168
"9388",2021-05-15,"13","2  day ahead inc hosp",2021-05-17,"quantile",0.1,148.246545207456
"9389",2021-05-15,"13","2  day ahead inc hosp",2021-05-17,"quantile",0.15,159.725925405513
"9390",2021-05-15,"13","2  day ahead inc hosp",2021-05-17,"quantile",0.2,169.314710028973
"9391",2021-05-15,"13","2  day ahead inc hosp",2021-05-17,"quantile",0.25,177.879583282355
"9392",2021-05-15,"13","2  day ahead inc hosp",2021-05-17,"quantile",0.3,185.844366838785
"9393",2021-05-15,"13","2  day ahead inc hosp",2021-05-17,"quantile",0.35,193.460933797826
"9394",2021-05-15,"13","2  day ahead inc hosp",2021-05-17,"quantile",0.4,200.902528657188
"9395",2021-05-15,"13","2  day ahead inc hosp",2021-05-17,"quantile",0.45,208.30471328167
"9396",2021-05-15,"13","2  day ahead inc hosp",2021-05-17,"quantile",0.5,215.787413659648
"9397",2021-05-15,"13","2  day ahead inc hosp",2021-05-17,"quantile",0.55,223.469920923401
"9398",2021-05-15,"13","2  day ahead inc hosp",2021-05-17,"quantile",0.6,231.484485658769
"9399",2021-05-15,"13","2  day ahead inc hosp",2021-05-17,"quantile",0.65,239.992769484118
"9400",2021-05-15,"13","2  day ahead inc hosp",2021-05-17,"quantile",0.7,249.210826453686
"9401",2021-05-15,"13","2  day ahead inc hosp",2021-05-17,"quantile",0.75,259.453792582125
"9402",2021-05-15,"13","2  day ahead inc hosp",2021-05-17,"quantile",0.8,271.227904020392
"9403",2021-05-15,"13","2  day ahead inc hosp",2021-05-17,"quantile",0.85,285.45281993473
"9404",2021-05-15,"13","2  day ahead inc hosp",2021-05-17,"quantile",0.9,304.137421794725
"9405",2021-05-15,"13","2  day ahead inc hosp",2021-05-17,"quantile",0.95,333.499542698219
"9406",2021-05-15,"13","2  day ahead inc hosp",2021-05-17,"quantile",0.975,360.644912537263
"9407",2021-05-15,"13","2  day ahead inc hosp",2021-05-17,"quantile",0.99,394.253908403014
"9408",2021-05-15,"13","3  day ahead inc hosp",2021-05-18,"quantile",0.01,94.130872303898
"9409",2021-05-15,"13","3  day ahead inc hosp",2021-05-18,"quantile",0.025,107.930374922512
"9410",2021-05-15,"13","3  day ahead inc hosp",2021-05-18,"quantile",0.05,120.966319484869
"9411",2021-05-15,"13","3  day ahead inc hosp",2021-05-18,"quantile",0.1,137.423169653363
"9412",2021-05-15,"13","3  day ahead inc hosp",2021-05-18,"quantile",0.15,149.43810407783
"9413",2021-05-15,"13","3  day ahead inc hosp",2021-05-18,"quantile",0.2,159.535617201095
"9414",2021-05-15,"13","3  day ahead inc hosp",2021-05-18,"quantile",0.25,168.598855273351
"9415",2021-05-15,"13","3  day ahead inc hosp",2021-05-18,"quantile",0.3,177.062142798141
"9416",2021-05-15,"13","3  day ahead inc hosp",2021-05-18,"quantile",0.35,185.185393368847
"9417",2021-05-15,"13","3  day ahead inc hosp",2021-05-18,"quantile",0.4,193.148999602699
"9418",2021-05-15,"13","3  day ahead inc hosp",2021-05-18,"quantile",0.45,201.095702435398
"9419",2021-05-15,"13","3  day ahead inc hosp",2021-05-18,"quantile",0.5,209.153372667603
"9420",2021-05-15,"13","3  day ahead inc hosp",2021-05-18,"quantile",0.55,217.450797240507
"9421",2021-05-15,"13","3  day ahead inc hosp",2021-05-18,"quantile",0.6,226.132322677056
"9422",2021-05-15,"13","3  day ahead inc hosp",2021-05-18,"quantile",0.65,235.375930173812
"9423",2021-05-15,"13","3  day ahead inc hosp",2021-05-18,"quantile",0.7,245.421008954998
"9424",2021-05-15,"13","3  day ahead inc hosp",2021-05-18,"quantile",0.75,256.618334971661
"9425",2021-05-15,"13","3  day ahead inc hosp",2021-05-18,"quantile",0.8,269.533290863713
"9426",2021-05-15,"13","3  day ahead inc hosp",2021-05-18,"quantile",0.85,285.195740627828
"9427",2021-05-15,"13","3  day ahead inc hosp",2021-05-18,"quantile",0.9,305.860954653968
"9428",2021-05-15,"13","3  day ahead inc hosp",2021-05-18,"quantile",0.95,338.530608272303
"9429",2021-05-15,"13","3  day ahead inc hosp",2021-05-18,"quantile",0.975,368.926940571333
"9430",2021-05-15,"13","3  day ahead inc hosp",2021-05-18,"quantile",0.99,406.792738478329
"9431",2021-05-15,"13","4  day ahead inc hosp",2021-05-19,"quantile",0.01,87.0901151511548
"9432",2021-05-15,"13","4  day ahead inc hosp",2021-05-19,"quantile",0.025,100.961511001484
"9433",2021-05-15,"13","4  day ahead inc hosp",2021-05-19,"quantile",0.05,114.162774317068
"9434",2021-05-15,"13","4  day ahead inc hosp",2021-05-19,"quantile",0.1,130.944347151706
"9435",2021-05-15,"13","4  day ahead inc hosp",2021-05-19,"quantile",0.15,143.268097155191
"9436",2021-05-15,"13","4  day ahead inc hosp",2021-05-19,"quantile",0.2,153.667052728082
"9437",2021-05-15,"13","4  day ahead inc hosp",2021-05-19,"quantile",0.25,163.030874515553
"9438",2021-05-15,"13","4  day ahead inc hosp",2021-05-19,"quantile",0.3,171.798790344977
"9439",2021-05-15,"13","4  day ahead inc hosp",2021-05-19,"quantile",0.35,180.234904932609
"9440",2021-05-15,"13","4  day ahead inc hosp",2021-05-19,"quantile",0.4,188.5236521262
"9441",2021-05-15,"13","4  day ahead inc hosp",2021-05-19,"quantile",0.45,196.812076660039
"9442",2021-05-15,"13","4  day ahead inc hosp",2021-05-19,"quantile",0.5,205.233008072994
"9443",2021-05-15,"13","4  day ahead inc hosp",2021-05-19,"quantile",0.55,213.921319668406
"9444",2021-05-15,"13","4  day ahead inc hosp",2021-05-19,"quantile",0.6,223.029244433283
"9445",2021-05-15,"13","4  day ahead inc hosp",2021-05-19,"quantile",0.65,232.745520498495
"9446",2021-05-15,"13","4  day ahead inc hosp",2021-05-19,"quantile",0.7,243.325027356853
"9447",2021-05-15,"13","4  day ahead inc hosp",2021-05-19,"quantile",0.75,255.14231245098
"9448",2021-05-15,"13","4  day ahead inc hosp",2021-05-19,"quantile",0.8,268.802346287601
"9449",2021-05-15,"13","4  day ahead inc hosp",2021-05-19,"quantile",0.85,285.408968295965
"9450",2021-05-15,"13","4  day ahead inc hosp",2021-05-19,"quantile",0.9,307.383308223916
"9451",2021-05-15,"13","4  day ahead inc hosp",2021-05-19,"quantile",0.95,342.256549469666
"9452",2021-05-15,"13","4  day ahead inc hosp",2021-05-19,"quantile",0.975,374.83585312097
"9453",2021-05-15,"13","4  day ahead inc hosp",2021-05-19,"quantile",0.99,415.580409390282
"9454",2021-05-15,"13","5  day ahead inc hosp",2021-05-20,"quantile",0.01,82.4045301468839
"9455",2021-05-15,"13","5  day ahead inc hosp",2021-05-20,"quantile",0.025,96.3244594417053
"9456",2021-05-15,"13","5  day ahead inc hosp",2021-05-20,"quantile",0.05,109.645869449331
"9457",2021-05-15,"13","5  day ahead inc hosp",2021-05-20,"quantile",0.1,126.668371171858
"9458",2021-05-15,"13","5  day ahead inc hosp",2021-05-20,"quantile",0.15,139.223596413971
"9459",2021-05-15,"13","5  day ahead inc hosp",2021-05-20,"quantile",0.2,149.849741253427
"9460",2021-05-15,"13","5  day ahead inc hosp",2021-05-20,"quantile",0.25,159.440967194606
"9461",2021-05-15,"13","5  day ahead inc hosp",2021-05-20,"quantile",0.3,168.440029170114
"9462",2021-05-15,"13","5  day ahead inc hosp",2021-05-20,"quantile",0.35,177.114123276649
"9463",2021-05-15,"13","5  day ahead inc hosp",2021-05-20,"quantile",0.4,185.650717715638
"9464",2021-05-15,"13","5  day ahead inc hosp",2021-05-20,"quantile",0.45,194.200129484462
"9465",2021-05-15,"13","5  day ahead inc hosp",2021-05-20,"quantile",0.5,202.898990635282
"9466",2021-05-15,"13","5  day ahead inc hosp",2021-05-20,"quantile",0.55,211.886868126754
"9467",2021-05-15,"13","5  day ahead inc hosp",2021-05-20,"quantile",0.6,221.322099411964
"9468",2021-05-15,"13","5  day ahead inc hosp",2021-05-20,"quantile",0.65,231.401769530356
"9469",2021-05-15,"13","5  day ahead inc hosp",2021-05-20,"quantile",0.7,242.392798220427
"9470",2021-05-15,"13","5  day ahead inc hosp",2021-05-20,"quantile",0.75,254.688233193415
"9471",2021-05-15,"13","5  day ahead inc hosp",2021-05-20,"quantile",0.8,268.923885944246
"9472",2021-05-15,"13","5  day ahead inc hosp",2021-05-20,"quantile",0.85,286.2612813542
"9473",2021-05-15,"13","5  day ahead inc hosp",2021-05-20,"quantile",0.9,309.251017626621
"9474",2021-05-15,"13","5  day ahead inc hosp",2021-05-20,"quantile",0.95,345.838165976521
"9475",2021-05-15,"13","5  day ahead inc hosp",2021-05-20,"quantile",0.975,380.120194010271
"9476",2021-05-15,"13","5  day ahead inc hosp",2021-05-20,"quantile",0.99,423.116236488481
"9477",2021-05-15,"13","6  day ahead inc hosp",2021-05-21,"quantile",0.01,78.9689176306494
"9478",2021-05-15,"13","6  day ahead inc hosp",2021-05-21,"quantile",0.025,92.9378482917646
"9479",2021-05-15,"13","6  day ahead inc hosp",2021-05-21,"quantile",0.05,106.367209168343
"9480",2021-05-15,"13","6  day ahead inc hosp",2021-05-21,"quantile",0.1,123.600546891745
"9481",2021-05-15,"13","6  day ahead inc hosp",2021-05-21,"quantile",0.15,136.356374446542
"9482",2021-05-15,"13","6  day ahead inc hosp",2021-05-21,"quantile",0.2,147.178651614339
"9483",2021-05-15,"13","6  day ahead inc hosp",2021-05-21,"quantile",0.25,156.965791991885
"9484",2021-05-15,"13","6  day ahead inc hosp",2021-05-21,"quantile",0.3,166.163742987689
"9485",2021-05-15,"13","6  day ahead inc hosp",2021-05-21,"quantile",0.35,175.042439285114
"9486",2021-05-15,"13","6  day ahead inc hosp",2021-05-21,"quantile",0.4,183.792003658825
"9487",2021-05-15,"13","6  day ahead inc hosp",2021-05-21,"quantile",0.45,192.565594576355
"9488",2021-05-15,"13","6  day ahead inc hosp",2021-05-21,"quantile",0.5,201.503131738713
"9489",2021-05-15,"13","6  day ahead inc hosp",2021-05-21,"quantile",0.55,210.748230341119
"9490",2021-05-15,"13","6  day ahead inc hosp",2021-05-21,"quantile",0.6,220.46448592776
"9491",2021-05-15,"13","6  day ahead inc hosp",2021-05-21,"quantile",0.65,230.856168350007
"9492",2021-05-15,"13","6  day ahead inc hosp",2021-05-21,"quantile",0.7,242.200558309703
"9493",2021-05-15,"13","6  day ahead inc hosp",2021-05-21,"quantile",0.75,254.90662256006
"9494",2021-05-15,"13","6  day ahead inc hosp",2021-05-21,"quantile",0.8,269.636712810213
"9495",2021-05-15,"13","6  day ahead inc hosp",2021-05-21,"quantile",0.85,287.602004753484
"9496",2021-05-15,"13","6  day ahead inc hosp",2021-05-21,"quantile",0.9,311.464565569618
"9497",2021-05-15,"13","6  day ahead inc hosp",2021-05-21,"quantile",0.95,349.52597993805
"9498",2021-05-15,"13","6  day ahead inc hosp",2021-05-21,"quantile",0.975,385.273873616634
"9499",2021-05-15,"13","6  day ahead inc hosp",2021-05-21,"quantile",0.99,430.209945991441
"9500",2021-05-15,"13","7  day ahead inc hosp",2021-05-22,"quantile",0.01,76.2443513054101
"9501",2021-05-15,"13","7  day ahead inc hosp",2021-05-22,"quantile",0.025,90.2652925471377
"9502",2021-05-15,"13","7  day ahead inc hosp",2021-05-22,"quantile",0.05,103.798310374611
"9503",2021-05-15,"13","7  day ahead inc hosp",2021-05-22,"quantile",0.1,121.228792287317
"9504",2021-05-15,"13","7  day ahead inc hosp",2021-05-22,"quantile",0.15,134.170231408141
"9505",2021-05-15,"13","7  day ahead inc hosp",2021-05-22,"quantile",0.2,145.17318319178
"9506",2021-05-15,"13","7  day ahead inc hosp",2021-05-22,"quantile",0.25,155.140346218607
"9507",2021-05-15,"13","7  day ahead inc hosp",2021-05-22,"quantile",0.3,164.520757372624
"9508",2021-05-15,"13","7  day ahead inc hosp",2021-05-22,"quantile",0.35,173.586943049427
"9509",2021-05-15,"13","7  day ahead inc hosp",2021-05-22,"quantile",0.4,182.531503502796
"9510",2021-05-15,"13","7  day ahead inc hosp",2021-05-22,"quantile",0.45,191.510226116246
"9511",2021-05-15,"13","7  day ahead inc hosp",2021-05-22,"quantile",0.5,200.666056245382
"9512",2021-05-15,"13","7  day ahead inc hosp",2021-05-22,"quantile",0.55,210.146323104359
"9513",2021-05-15,"13","7  day ahead inc hosp",2021-05-22,"quantile",0.6,220.11943761614
"9514",2021-05-15,"13","7  day ahead inc hosp",2021-05-22,"quantile",0.65,230.796243021815
"9515",2021-05-15,"13","7  day ahead inc hosp",2021-05-22,"quantile",0.7,242.463494427511
"9516",2021-05-15,"13","7  day ahead inc hosp",2021-05-22,"quantile",0.75,255.544712151391
"9517",2021-05-15,"13","7  day ahead inc hosp",2021-05-22,"quantile",0.8,270.726510252793
"9518",2021-05-15,"13","7  day ahead inc hosp",2021-05-22,"quantile",0.85,289.265456572452
"9519",2021-05-15,"13","7  day ahead inc hosp",2021-05-22,"quantile",0.9,313.925541933634
"9520",2021-05-15,"13","7  day ahead inc hosp",2021-05-22,"quantile",0.95,353.334424855044
"9521",2021-05-15,"13","7  day ahead inc hosp",2021-05-22,"quantile",0.975,390.422676718604
"9522",2021-05-15,"13","7  day ahead inc hosp",2021-05-22,"quantile",0.99,437.133579611514
"9523",2021-05-15,"13","8  day ahead inc hosp",2021-05-23,"quantile",0.01,78.975160128552
"9524",2021-05-15,"13","8  day ahead inc hosp",2021-05-23,"quantile",0.025,93.744893770254
"9525",2021-05-15,"13","8  day ahead inc hosp",2021-05-23,"quantile",0.05,108.025785348148
"9526",2021-05-15,"13","8  day ahead inc hosp",2021-05-23,"quantile",0.1,126.449564913653
"9527",2021-05-15,"13","8  day ahead inc hosp",2021-05-23,"quantile",0.15,140.147069074634
"9528",2021-05-15,"13","8  day ahead inc hosp",2021-05-23,"quantile",0.2,151.803690735293
"9529",2021-05-15,"13","8  day ahead inc hosp",2021-05-23,"quantile",0.25,162.37076810239
"9530",2021-05-15,"13","8  day ahead inc hosp",2021-05-23,"quantile",0.3,172.32198646684
"9531",2021-05-15,"13","8  day ahead inc hosp",2021-05-23,"quantile",0.35,181.945172087054
"9532",2021-05-15,"13","8  day ahead inc hosp",2021-05-23,"quantile",0.4,191.444045508281
"9533",2021-05-15,"13","8  day ahead inc hosp",2021-05-23,"quantile",0.45,200.983686971559
"9534",2021-05-15,"13","8  day ahead inc hosp",2021-05-23,"quantile",0.5,210.71586151087
"9535",2021-05-15,"13","8  day ahead inc hosp",2021-05-23,"quantile",0.55,220.797273058058
"9536",2021-05-15,"13","8  day ahead inc hosp",2021-05-23,"quantile",0.6,231.407321213345
"9537",2021-05-15,"13","8  day ahead inc hosp",2021-05-23,"quantile",0.65,242.770867275312
"9538",2021-05-15,"13","8  day ahead inc hosp",2021-05-23,"quantile",0.7,255.193987487982
"9539",2021-05-15,"13","8  day ahead inc hosp",2021-05-23,"quantile",0.75,269.12900733193
"9540",2021-05-15,"13","8  day ahead inc hosp",2021-05-23,"quantile",0.8,285.309561379176
"9541",2021-05-15,"13","8  day ahead inc hosp",2021-05-23,"quantile",0.85,305.078747028837
"9542",2021-05-15,"13","8  day ahead inc hosp",2021-05-23,"quantile",0.9,331.39189419174
"9543",2021-05-15,"13","8  day ahead inc hosp",2021-05-23,"quantile",0.95,373.47776222015
"9544",2021-05-15,"13","8  day ahead inc hosp",2021-05-23,"quantile",0.975,413.120330720538
"9545",2021-05-15,"13","8  day ahead inc hosp",2021-05-23,"quantile",0.99,463.090332268749
"9546",2021-05-15,"13","9  day ahead inc hosp",2021-05-24,"quantile",0.01,76.8459868004875
"9547",2021-05-15,"13","9  day ahead inc hosp",2021-05-24,"quantile",0.025,91.6743548810606
"9548",2021-05-15,"13","9  day ahead inc hosp",2021-05-24,"quantile",0.05,106.059882278418
"9549",2021-05-15,"13","9  day ahead inc hosp",2021-05-24,"quantile",0.1,124.676030056428
"9550",2021-05-15,"13","9  day ahead inc hosp",2021-05-24,"quantile",0.15,138.552086118768
"9551",2021-05-15,"13","9  day ahead inc hosp",2021-05-24,"quantile",0.2,150.381432969119
"9552",2021-05-15,"13","9  day ahead inc hosp",2021-05-24,"quantile",0.25,161.119990699835
"9553",2021-05-15,"13","9  day ahead inc hosp",2021-05-24,"quantile",0.3,171.24459446125
"9554",2021-05-15,"13","9  day ahead inc hosp",2021-05-24,"quantile",0.35,181.045638542049
"9555",2021-05-15,"13","9  day ahead inc hosp",2021-05-24,"quantile",0.4,190.729252625667
"9556",2021-05-15,"13","9  day ahead inc hosp",2021-05-24,"quantile",0.45,200.46304229215
"9557",2021-05-15,"13","9  day ahead inc hosp",2021-05-24,"quantile",0.5,210.40165686941
"9558",2021-05-15,"13","9  day ahead inc hosp",2021-05-24,"quantile",0.55,220.705324476874
"9559",2021-05-15,"13","9  day ahead inc hosp",2021-05-24,"quantile",0.6,231.558001632873
"9560",2021-05-15,"13","9  day ahead inc hosp",2021-05-24,"quantile",0.65,243.190760654962
"9561",2021-05-15,"13","9  day ahead inc hosp",2021-05-24,"quantile",0.7,255.918622405469
"9562",2021-05-15,"13","9  day ahead inc hosp",2021-05-24,"quantile",0.75,270.207646365319
"9563",2021-05-15,"13","9  day ahead inc hosp",2021-05-24,"quantile",0.8,286.814359331375
"9564",2021-05-15,"13","9  day ahead inc hosp",2021-05-24,"quantile",0.85,307.124687221617
"9565",2021-05-15,"13","9  day ahead inc hosp",2021-05-24,"quantile",0.9,334.19013798368
"9566",2021-05-15,"13","9  day ahead inc hosp",2021-05-24,"quantile",0.95,377.547238797982
"9567",2021-05-15,"13","9  day ahead inc hosp",2021-05-24,"quantile",0.975,418.454718571868
"9568",2021-05-15,"13","9  day ahead inc hosp",2021-05-24,"quantile",0.99,470.100383634126
"9569",2021-05-15,"13","10  day ahead inc hosp",2021-05-25,"quantile",0.01,74.9065751163917
"9570",2021-05-15,"13","10  day ahead inc hosp",2021-05-25,"quantile",0.025,89.790019036403
"9571",2021-05-15,"13","10  day ahead inc hosp",2021-05-25,"quantile",0.05,104.275237988986
"9572",2021-05-15,"13","10  day ahead inc hosp",2021-05-25,"quantile",0.1,123.075813735023
"9573",2021-05-15,"13","10  day ahead inc hosp",2021-05-25,"quantile",0.15,137.123672377826
"9574",2021-05-15,"13","10  day ahead inc hosp",2021-05-25,"quantile",0.2,149.119564007723
"9575",2021-05-15,"13","10  day ahead inc hosp",2021-05-25,"quantile",0.25,160.023716013339
"9576",2021-05-15,"13","10  day ahead inc hosp",2021-05-25,"quantile",0.3,170.315955146546
"9577",2021-05-15,"13","10  day ahead inc hosp",2021-05-25,"quantile",0.35,180.289134232847
"9578",2021-05-15,"13","10  day ahead inc hosp",2021-05-25,"quantile",0.4,190.151704131259
"9579",2021-05-15,"13","10  day ahead inc hosp",2021-05-25,"quantile",0.45,200.073715282264
"9580",2021-05-15,"13","10  day ahead inc hosp",2021-05-25,"quantile",0.5,210.212618911403
"9581",2021-05-15,"13","10  day ahead inc hosp",2021-05-25,"quantile",0.55,220.732074566938
"9582",2021-05-15,"13","10  day ahead inc hosp",2021-05-25,"quantile",0.6,231.82048258547
"9583",2021-05-15,"13","10  day ahead inc hosp",2021-05-25,"quantile",0.65,243.714978426058
"9584",2021-05-15,"13","10  day ahead inc hosp",2021-05-25,"quantile",0.7,256.739320907823
"9585",2021-05-15,"13","10  day ahead inc hosp",2021-05-25,"quantile",0.75,271.372993401521
"9586",2021-05-15,"13","10  day ahead inc hosp",2021-05-25,"quantile",0.8,288.394907923399
"9587",2021-05-15,"13","10  day ahead inc hosp",2021-05-25,"quantile",0.85,309.232887695547
"9588",2021-05-15,"13","10  day ahead inc hosp",2021-05-25,"quantile",0.9,337.032569750012
"9589",2021-05-15,"13","10  day ahead inc hosp",2021-05-25,"quantile",0.95,381.631870875443
"9590",2021-05-15,"13","10  day ahead inc hosp",2021-05-25,"quantile",0.975,423.776919245189
"9591",2021-05-15,"13","10  day ahead inc hosp",2021-05-25,"quantile",0.99,477.063955925054
"9592",2021-05-15,"13","11  day ahead inc hosp",2021-05-26,"quantile",0.01,73.1017869575489
"9593",2021-05-15,"13","11  day ahead inc hosp",2021-05-26,"quantile",0.025,88.0356584777825
"9594",2021-05-15,"13","11  day ahead inc hosp",2021-05-26,"quantile",0.05,102.615147523311
"9595",2021-05-15,"13","11  day ahead inc hosp",2021-05-26,"quantile",0.1,121.592266722743
"9596",2021-05-15,"13","11  day ahead inc hosp",2021-05-26,"quantile",0.15,135.805626737842
"9597",2021-05-15,"13","11  day ahead inc hosp",2021-05-26,"quantile",0.2,147.962497663582
"9598",2021-05-15,"13","11  day ahead inc hosp",2021-05-26,"quantile",0.25,159.027080695727
"9599",2021-05-15,"13","11  day ahead inc hosp",2021-05-26,"quantile",0.3,169.482016624759
"9600",2021-05-15,"13","11  day ahead inc hosp",2021-05-26,"quantile",0.35,179.622502927226
"9601",2021-05-15,"13","11  day ahead inc hosp",2021-05-26,"quantile",0.4,189.65922708825
"9602",2021-05-15,"13","11  day ahead inc hosp",2021-05-26,"quantile",0.45,199.764612948938
"9603",2021-05-15,"13","11  day ahead inc hosp",2021-05-26,"quantile",0.5,210.09884562256
"9604",2021-05-15,"13","11  day ahead inc hosp",2021-05-26,"quantile",0.55,220.828944064496
"9605",2021-05-15,"13","11  day ahead inc hosp",2021-05-26,"quantile",0.6,232.147668667934
"9606",2021-05-15,"13","11  day ahead inc hosp",2021-05-26,"quantile",0.65,244.298112248745
"9607",2021-05-15,"13","11  day ahead inc hosp",2021-05-26,"quantile",0.7,257.612627401092
"9608",2021-05-15,"13","11  day ahead inc hosp",2021-05-26,"quantile",0.75,272.583908999806
"9609",2021-05-15,"13","11  day ahead inc hosp",2021-05-26,"quantile",0.8,290.012912129313
"9610",2021-05-15,"13","11  day ahead inc hosp",2021-05-26,"quantile",0.85,311.368737187093
"9611",2021-05-15,"13","11  day ahead inc hosp",2021-05-26,"quantile",0.9,339.889805042195
"9612",2021-05-15,"13","11  day ahead inc hosp",2021-05-26,"quantile",0.95,385.71131373463
"9613",2021-05-15,"13","11  day ahead inc hosp",2021-05-26,"quantile",0.975,429.075770290873
"9614",2021-05-15,"13","11  day ahead inc hosp",2021-05-26,"quantile",0.99,483.982254893605
"9615",2021-05-15,"13","12  day ahead inc hosp",2021-05-27,"quantile",0.01,71.398418217368
"9616",2021-05-15,"13","12  day ahead inc hosp",2021-05-27,"quantile",0.025,86.3774722382505
"9617",2021-05-15,"13","12  day ahead inc hosp",2021-05-27,"quantile",0.05,101.045561576142
"9618",2021-05-15,"13","12  day ahead inc hosp",2021-05-27,"quantile",0.1,120.191402621701
"9619",2021-05-15,"13","12  day ahead inc hosp",2021-05-27,"quantile",0.15,134.564242024991
"9620",2021-05-15,"13","12  day ahead inc hosp",2021-05-27,"quantile",0.2,146.876898069807
"9621",2021-05-15,"13","12  day ahead inc hosp",2021-05-27,"quantile",0.25,158.097180246733
"9622",2021-05-15,"13","12  day ahead inc hosp",2021-05-27,"quantile",0.3,168.710355608977
"9623",2021-05-15,"13","12  day ahead inc hosp",2021-05-27,"quantile",0.35,179.013850398274
"9624",2021-05-15,"13","12  day ahead inc hosp",2021-05-27,"quantile",0.4,189.22050650408
"9625",2021-05-15,"13","12  day ahead inc hosp",2021-05-27,"quantile",0.45,199.505055187025
"9626",2021-05-15,"13","12  day ahead inc hosp",2021-05-27,"quantile",0.5,210.030355979386
"9627",2021-05-15,"13","12  day ahead inc hosp",2021-05-27,"quantile",0.55,220.966727425408
"9628",2021-05-15,"13","12  day ahead inc hosp",2021-05-27,"quantile",0.6,232.511223406925
"9629",2021-05-15,"13","12  day ahead inc hosp",2021-05-27,"quantile",0.65,244.912812928485
"9630",2021-05-15,"13","12  day ahead inc hosp",2021-05-27,"quantile",0.7,258.512334676269
"9631",2021-05-15,"13","12  day ahead inc hosp",2021-05-27,"quantile",0.75,273.815539698826
"9632",2021-05-15,"13","12  day ahead inc hosp",2021-05-27,"quantile",0.8,291.645180220435
"9633",2021-05-15,"13","12  day ahead inc hosp",2021-05-27,"quantile",0.85,313.511195247097
"9634",2021-05-15,"13","12  day ahead inc hosp",2021-05-27,"quantile",0.9,342.743854965997
"9635",2021-05-15,"13","12  day ahead inc hosp",2021-05-27,"quantile",0.95,389.772855379856
"9636",2021-05-15,"13","12  day ahead inc hosp",2021-05-27,"quantile",0.975,434.343920228432
"9637",2021-05-15,"13","12  day ahead inc hosp",2021-05-27,"quantile",0.99,490.855151424671
"9638",2021-05-15,"13","13  day ahead inc hosp",2021-05-28,"quantile",0.01,69.7759131616078
"9639",2021-05-15,"13","13  day ahead inc hosp",2021-05-28,"quantile",0.025,84.7946516179593
"9640",2021-05-15,"13","13  day ahead inc hosp",2021-05-28,"quantile",0.05,99.5456112391354
"9641",2021-05-15,"13","13  day ahead inc hosp",2021-05-28,"quantile",0.1,118.85248931814
"9642",2021-05-15,"13","13  day ahead inc hosp",2021-05-28,"quantile",0.15,133.379017744684
"9643",2021-05-15,"13","13  day ahead inc hosp",2021-05-28,"quantile",0.2,145.842536522023
"9644",2021-05-15,"13","13  day ahead inc hosp",2021-05-28,"quantile",0.25,157.214085286206
"9645",2021-05-15,"13","13  day ahead inc hosp",2021-05-28,"quantile",0.3,167.981366495419
"9646",2021-05-15,"13","13  day ahead inc hosp",2021-05-28,"quantile",0.35,178.44391975208
"9647",2021-05-15,"13","13  day ahead inc hosp",2021-05-28,"quantile",0.4,188.816661563796
"9648",2021-05-15,"13","13  day ahead inc hosp",2021-05-28,"quantile",0.45,199.27656861378
"9649",2021-05-15,"13","13  day ahead inc hosp",2021-05-28,"quantile",0.5,209.989121008886
"9650",2021-05-15,"13","13  day ahead inc hosp",2021-05-28,"quantile",0.55,221.127884766051
"9651",2021-05-15,"13","13  day ahead inc hosp",2021-05-28,"quantile",0.6,232.894151310425
"9652",2021-05-15,"13","13  day ahead inc hosp",2021-05-28,"quantile",0.65,245.54269969959
"9653",2021-05-15,"13","13  day ahead inc hosp",2021-05-28,"quantile",0.7,259.422769168535
"9654",2021-05-15,"13","13  day ahead inc hosp",2021-05-28,"quantile",0.75,275.05304607883
"9655",2021-05-15,"13","13  day ahead inc hosp",2021-05-28,"quantile",0.8,293.277891847751
"9656",2021-05-15,"13","13  day ahead inc hosp",2021-05-28,"quantile",0.85,315.647754724477
"9657",2021-05-15,"13","13  day ahead inc hosp",2021-05-28,"quantile",0.9,345.584066344753
"9658",2021-05-15,"13","13  day ahead inc hosp",2021-05-28,"quantile",0.95,393.809031769703
"9659",2021-05-15,"13","13  day ahead inc hosp",2021-05-28,"quantile",0.975,439.577129935637
"9660",2021-05-15,"13","13  day ahead inc hosp",2021-05-28,"quantile",0.99,497.68273593521
"9661",2021-05-15,"13","14  day ahead inc hosp",2021-05-29,"quantile",0.01,68.2211169657755
"9662",2021-05-15,"13","14  day ahead inc hosp",2021-05-29,"quantile",0.025,83.274012302655
"9663",2021-05-15,"13","14  day ahead inc hosp",2021-05-29,"quantile",0.05,98.1021837371996
"9664",2021-05-15,"13","14  day ahead inc hosp",2021-05-29,"quantile",0.1,117.562621744502
"9665",2021-05-15,"13","14  day ahead inc hosp",2021-05-29,"quantile",0.15,132.237272770747
"9666",2021-05-15,"13","14  day ahead inc hosp",2021-05-29,"quantile",0.2,144.846962278968
"9667",2021-05-15,"13","14  day ahead inc hosp",2021-05-29,"quantile",0.25,156.365582081983
"9668",2021-05-15,"13","14  day ahead inc hosp",2021-05-29,"quantile",0.3,167.283081001817
"9669",2021-05-15,"13","14  day ahead inc hosp",2021-05-29,"quantile",0.35,177.900998959743
"9670",2021-05-15,"13","14  day ahead inc hosp",2021-05-29,"quantile",0.4,188.436250084283
"9671",2021-05-15,"13","14  day ahead inc hosp",2021-05-29,"quantile",0.45,199.067997814081
"9672",2021-05-15,"13","14  day ahead inc hosp",2021-05-29,"quantile",0.5,209.964293090112
"9673",2021-05-15,"13","14  day ahead inc hosp",2021-05-29,"quantile",0.55,221.301902530114
"9674",2021-05-15,"13","14  day ahead inc hosp",2021-05-29,"quantile",0.6,233.28630611989
"9675",2021-05-15,"13","14  day ahead inc hosp",2021-05-29,"quantile",0.65,246.178036474195
"9676",2021-05-15,"13","14  day ahead inc hosp",2021-05-29,"quantile",0.7,260.334661846771
"9677",2021-05-15,"13","14  day ahead inc hosp",2021-05-29,"quantile",0.75,276.287704691915
"9678",2021-05-15,"13","14  day ahead inc hosp",2021-05-29,"quantile",0.8,294.902983877315
"9679",2021-05-15,"13","14  day ahead inc hosp",2021-05-29,"quantile",0.85,317.771195441199
"9680",2021-05-15,"13","14  day ahead inc hosp",2021-05-29,"quantile",0.9,348.404397438749
"9681",2021-05-15,"13","14  day ahead inc hosp",2021-05-29,"quantile",0.95,397.815805352336
"9682",2021-05-15,"13","14  day ahead inc hosp",2021-05-29,"quantile",0.975,444.773367842025
"9683",2021-05-15,"13","14  day ahead inc hosp",2021-05-29,"quantile",0.99,504.465647375526
"9684",2021-05-15,"13","15  day ahead inc hosp",2021-05-30,"quantile",0.01,72.1989013610996
"9685",2021-05-15,"13","15  day ahead inc hosp",2021-05-30,"quantile",0.025,88.1749807841522
"9686",2021-05-15,"13","15  day ahead inc hosp",2021-05-30,"quantile",0.05,103.917947416021
"9687",2021-05-15,"13","15  day ahead inc hosp",2021-05-30,"quantile",0.1,124.585438947868
"9688",2021-05-15,"13","15  day ahead inc hosp",2021-05-30,"quantile",0.15,140.174317883142
"9689",2021-05-15,"13","15  day ahead inc hosp",2021-05-30,"quantile",0.2,153.571939858423
"9690",2021-05-15,"13","15  day ahead inc hosp",2021-05-30,"quantile",0.25,165.812003171275
"9691",2021-05-15,"13","15  day ahead inc hosp",2021-05-30,"quantile",0.3,177.414645102063
"9692",2021-05-15,"13","15  day ahead inc hosp",2021-05-30,"quantile",0.35,188.700062029435
"9693",2021-05-15,"13","15  day ahead inc hosp",2021-05-30,"quantile",0.4,199.898658336602
"9694",2021-05-15,"13","15  day ahead inc hosp",2021-05-30,"quantile",0.45,211.200806908567
"9695",2021-05-15,"13","15  day ahead inc hosp",2021-05-30,"quantile",0.5,222.785137748853
"9696",2021-05-15,"13","15  day ahead inc hosp",2021-05-30,"quantile",0.55,234.839607199495
"9697",2021-05-15,"13","15  day ahead inc hosp",2021-05-30,"quantile",0.6,247.582761070196
"9698",2021-05-15,"13","15  day ahead inc hosp",2021-05-30,"quantile",0.65,261.291753771216
"9699",2021-05-15,"13","15  day ahead inc hosp",2021-05-30,"quantile",0.7,276.347020260805
"9700",2021-05-15,"13","15  day ahead inc hosp",2021-05-30,"quantile",0.75,293.314131149597
"9701",2021-05-15,"13","15  day ahead inc hosp",2021-05-30,"quantile",0.8,313.114436480938
"9702",2021-05-15,"13","15  day ahead inc hosp",2021-05-30,"quantile",0.85,337.440758742941
"9703",2021-05-15,"13","15  day ahead inc hosp",2021-05-30,"quantile",0.9,370.030860339037
"9704",2021-05-15,"13","15  day ahead inc hosp",2021-05-30,"quantile",0.95,422.606586181943
"9705",2021-05-15,"13","15  day ahead inc hosp",2021-05-30,"quantile",0.975,472.579112465711
"9706",2021-05-15,"13","15  day ahead inc hosp",2021-05-30,"quantile",0.99,536.113398806479
"9707",2021-05-15,"13","16  day ahead inc hosp",2021-05-31,"quantile",0.01,70.6677221458455
"9708",2021-05-15,"13","16  day ahead inc hosp",2021-05-31,"quantile",0.025,86.6731754329048
"9709",2021-05-15,"13","16  day ahead inc hosp",2021-05-31,"quantile",0.05,102.489703893864
"9710",2021-05-15,"13","16  day ahead inc hosp",2021-05-31,"quantile",0.1,123.307464523477
"9711",2021-05-15,"13","16  day ahead inc hosp",2021-05-31,"quantile",0.15,139.043027294059
"9712",2021-05-15,"13","16  day ahead inc hosp",2021-05-31,"quantile",0.2,152.586247687755
"9713",2021-05-15,"13","16  day ahead inc hosp",2021-05-31,"quantile",0.25,164.973363395397
"9714",2021-05-15,"13","16  day ahead inc hosp",2021-05-31,"quantile",0.3,176.726626125984
"9715",2021-05-15,"13","16  day ahead inc hosp",2021-05-31,"quantile",0.35,188.168173464893
"9716",2021-05-15,"13","16  day ahead inc hosp",2021-05-31,"quantile",0.4,199.53038635021
"9717",2021-05-15,"13","16  day ahead inc hosp",2021-05-31,"quantile",0.45,211.005828506166
"9718",2021-05-15,"13","16  day ahead inc hosp",2021-05-31,"quantile",0.5,222.775725975045
"9719",2021-05-15,"13","16  day ahead inc hosp",2021-05-31,"quantile",0.55,235.03128307199
"9720",2021-05-15,"13","16  day ahead inc hosp",2021-05-31,"quantile",0.6,247.995309312494
"9721",2021-05-15,"13","16  day ahead inc hosp",2021-05-31,"quantile",0.65,261.950827389133
"9722",2021-05-15,"13","16  day ahead inc hosp",2021-05-31,"quantile",0.7,277.286778322165
"9723",2021-05-15,"13","16  day ahead inc hosp",2021-05-31,"quantile",0.75,294.581853482225
"9724",2021-05-15,"13","16  day ahead inc hosp",2021-05-31,"quantile",0.8,314.779351443726
"9725",2021-05-15,"13","16  day ahead inc hosp",2021-05-31,"quantile",0.85,339.613288690713
"9726",2021-05-15,"13","16  day ahead inc hosp",2021-05-31,"quantile",0.9,372.914242983482
"9727",2021-05-15,"13","16  day ahead inc hosp",2021-05-31,"quantile",0.95,426.702337627917
"9728",2021-05-15,"13","16  day ahead inc hosp",2021-05-31,"quantile",0.975,477.892469069307
"9729",2021-05-15,"13","16  day ahead inc hosp",2021-05-31,"quantile",0.99,543.053575156336
"9730",2021-05-15,"13","17  day ahead inc hosp",2021-06-01,"quantile",0.01,69.18733517798
"9731",2021-05-15,"13","17  day ahead inc hosp",2021-06-01,"quantile",0.025,85.2168374429486
"9732",2021-05-15,"13","17  day ahead inc hosp",2021-06-01,"quantile",0.05,101.101562881858
"9733",2021-05-15,"13","17  day ahead inc hosp",2021-06-01,"quantile",0.1,122.062604598192
"9734",2021-05-15,"13","17  day ahead inc hosp",2021-06-01,"quantile",0.15,137.939713848718
"9735",2021-05-15,"13","17  day ahead inc hosp",2021-06-01,"quantile",0.2,151.624242884854
"9736",2021-05-15,"13","17  day ahead inc hosp",2021-06-01,"quantile",0.25,164.154606138832
"9737",2021-05-15,"13","17  day ahead inc hosp",2021-06-01,"quantile",0.3,176.054989980294
"9738",2021-05-15,"13","17  day ahead inc hosp",2021-06-01,"quantile",0.35,187.649366976095
"9739",2021-05-15,"13","17  day ahead inc hosp",2021-06-01,"quantile",0.4,199.172023485657
"9740",2021-05-15,"13","17  day ahead inc hosp",2021-06-01,"quantile",0.45,210.817661147271
"9741",2021-05-15,"13","17  day ahead inc hosp",2021-06-01,"quantile",0.5,222.77005854302
"9742",2021-05-15,"13","17  day ahead inc hosp",2021-06-01,"quantile",0.55,235.223628461766
"9743",2021-05-15,"13","17  day ahead inc hosp",2021-06-01,"quantile",0.6,248.405404465373
"9744",2021-05-15,"13","17  day ahead inc hosp",2021-06-01,"quantile",0.65,262.604233558967
"9745",2021-05-15,"13","17  day ahead inc hosp",2021-06-01,"quantile",0.7,278.217509166402
"9746",2021-05-15,"13","17  day ahead inc hosp",2021-06-01,"quantile",0.75,295.836971468475
"9747",2021-05-15,"13","17  day ahead inc hosp",2021-06-01,"quantile",0.8,316.427761081719
"9748",2021-05-15,"13","17  day ahead inc hosp",2021-06-01,"quantile",0.85,341.764911396716
"9749",2021-05-15,"13","17  day ahead inc hosp",2021-06-01,"quantile",0.9,375.771469328741
"9750",2021-05-15,"13","17  day ahead inc hosp",2021-06-01,"quantile",0.95,430.764939837838
"9751",2021-05-15,"13","17  day ahead inc hosp",2021-06-01,"quantile",0.975,483.16760026269
"9752",2021-05-15,"13","17  day ahead inc hosp",2021-06-01,"quantile",0.99,549.951100434818
"9753",2021-05-15,"13","18  day ahead inc hosp",2021-06-02,"quantile",0.01,67.7540710967311
"9754",2021-05-15,"13","18  day ahead inc hosp",2021-06-02,"quantile",0.025,83.8025603119543
"9755",2021-05-15,"13","18  day ahead inc hosp",2021-06-02,"quantile",0.05,99.7503690041256
"9756",2021-05-15,"13","18  day ahead inc hosp",2021-06-02,"quantile",0.1,120.848021199501
"9757",2021-05-15,"13","18  day ahead inc hosp",2021-06-02,"quantile",0.15,136.861770199221
"9758",2021-05-15,"13","18  day ahead inc hosp",2021-06-02,"quantile",0.2,150.683510703029
"9759",2021-05-15,"13","18  day ahead inc hosp",2021-06-02,"quantile",0.25,163.353488391192
"9760",2021-05-15,"13","18  day ahead inc hosp",2021-06-02,"quantile",0.3,175.397652959585
"9761",2021-05-15,"13","18  day ahead inc hosp",2021-06-02,"quantile",0.35,187.141710746856
"9762",2021-05-15,"13","18  day ahead inc hosp",2021-06-02,"quantile",0.4,198.821785838223
"9763",2021-05-15,"13","18  day ahead inc hosp",2021-06-02,"quantile",0.45,210.634667530956
"9764",2021-05-15,"13","18  day ahead inc hosp",2021-06-02,"quantile",0.5,222.766645784622
"9765",2021-05-15,"13","18  day ahead inc hosp",2021-06-02,"quantile",0.55,235.415304657673
"9766",2021-05-15,"13","18  day ahead inc hosp",2021-06-02,"quantile",0.6,248.811864612143
"9767",2021-05-15,"13","18  day ahead inc hosp",2021-06-02,"quantile",0.65,263.250956034854
"9768",2021-05-15,"13","18  day ahead inc hosp",2021-06-02,"quantile",0.7,279.138375120428
"9769",2021-05-15,"13","18  day ahead inc hosp",2021-06-02,"quantile",0.75,297.078844740539
"9770",2021-05-15,"13","18  day ahead inc hosp",2021-06-02,"quantile",0.8,318.059250377198
"9771",2021-05-15,"13","18  day ahead inc hosp",2021-06-02,"quantile",0.85,343.89548206802
"9772",2021-05-15,"13","18  day ahead inc hosp",2021-06-02,"quantile",0.9,378.602746247538
"9773",2021-05-15,"13","18  day ahead inc hosp",2021-06-02,"quantile",0.95,434.795145193057
"9774",2021-05-15,"13","18  day ahead inc hosp",2021-06-02,"quantile",0.975,488.405755593332
"9775",2021-05-15,"13","18  day ahead inc hosp",2021-06-02,"quantile",0.99,556.807831163175
"9776",2021-05-15,"13","19  day ahead inc hosp",2021-06-03,"quantile",0.01,66.364953497512
"9777",2021-05-15,"13","19  day ahead inc hosp",2021-06-03,"quantile",0.025,82.4276334727129
"9778",2021-05-15,"13","19  day ahead inc hosp",2021-06-03,"quantile",0.05,98.4336609831589
"9779",2021-05-15,"13","19  day ahead inc hosp",2021-06-03,"quantile",0.1,119.661562458917
"9780",2021-05-15,"13","19  day ahead inc hosp",2021-06-03,"quantile",0.15,135.807265678118
"9781",2021-05-15,"13","19  day ahead inc hosp",2021-06-03,"quantile",0.2,149.76230302035
"9782",2021-05-15,"13","19  day ahead inc hosp",2021-06-03,"quantile",0.25,162.568423188975
"9783",2021-05-15,"13","19  day ahead inc hosp",2021-06-03,"quantile",0.3,174.753176274524
"9784",2021-05-15,"13","19  day ahead inc hosp",2021-06-03,"quantile",0.35,186.643906110184
"9785",2021-05-15,"13","19  day ahead inc hosp",2021-06-03,"quantile",0.4,198.478510132231
"9786",2021-05-15,"13","19  day ahead inc hosp",2021-06-03,"quantile",0.45,210.455817560332
"9787",2021-05-15,"13","19  day ahead inc hosp",2021-06-03,"quantile",0.5,222.764590710887
"9788",2021-05-15,"13","19  day ahead inc hosp",2021-06-03,"quantile",0.55,235.605549747674
"9789",2021-05-15,"13","19  day ahead inc hosp",2021-06-03,"quantile",0.6,249.214067055767
"9790",2021-05-15,"13","19  day ahead inc hosp",2021-06-03,"quantile",0.65,263.89051803077
"9791",2021-05-15,"13","19  day ahead inc hosp",2021-06-03,"quantile",0.7,280.049055327294
"9792",2021-05-15,"13","19  day ahead inc hosp",2021-06-03,"quantile",0.75,298.307323127845
"9793",2021-05-15,"13","19  day ahead inc hosp",2021-06-03,"quantile",0.8,319.67386208336
"9794",2021-05-15,"13","19  day ahead inc hosp",2021-06-03,"quantile",0.85,346.005272001044
"9795",2021-05-15,"13","19  day ahead inc hosp",2021-06-03,"quantile",0.9,381.408637979249
"9796",2021-05-15,"13","19  day ahead inc hosp",2021-06-03,"quantile",0.95,438.793962594267
"9797",2021-05-15,"13","19  day ahead inc hosp",2021-06-03,"quantile",0.975,493.608339213182
"9798",2021-05-15,"13","19  day ahead inc hosp",2021-06-03,"quantile",0.99,563.625641601939
"9799",2021-05-15,"13","20  day ahead inc hosp",2021-06-04,"quantile",0.01,65.0174705306603
"9800",2021-05-15,"13","20  day ahead inc hosp",2021-06-04,"quantile",0.025,81.0898054445504
"9801",2021-05-15,"13","20  day ahead inc hosp",2021-06-04,"quantile",0.05,97.1494291589057
"9802",2021-05-15,"13","20  day ahead inc hosp",2021-06-04,"quantile",0.1,118.501515886497
"9803",2021-05-15,"13","20  day ahead inc hosp",2021-06-04,"quantile",0.15,134.774698282294
"9804",2021-05-15,"13","20  day ahead inc hosp",2021-06-04,"quantile",0.2,148.859290312894
"9805",2021-05-15,"13","20  day ahead inc hosp",2021-06-04,"quantile",0.25,161.798232357762
"9806",2021-05-15,"13","20  day ahead inc hosp",2021-06-04,"quantile",0.3,174.120520139077
"9807",2021-05-15,"13","20  day ahead inc hosp",2021-06-04,"quantile",0.35,186.155043467177
"9808",2021-05-15,"13","20  day ahead inc hosp",2021-06-04,"quantile",0.4,198.141411925841
"9809",2021-05-15,"13","20  day ahead inc hosp",2021-06-04,"quantile",0.45,210.280449291077
"9810",2021-05-15,"13","20  day ahead inc hosp",2021-06-04,"quantile",0.5,222.76335319477
"9811",2021-05-15,"13","20  day ahead inc hosp",2021-06-04,"quantile",0.55,235.79394658833
"9812",2021-05-15,"13","20  day ahead inc hosp",2021-06-04,"quantile",0.6,249.611720725915
"9813",2021-05-15,"13","20  day ahead inc hosp",2021-06-04,"quantile",0.65,264.522759865066
"9814",2021-05-15,"13","20  day ahead inc hosp",2021-06-04,"quantile",0.7,280.949529656516
"9815",2021-05-15,"13","20  day ahead inc hosp",2021-06-04,"quantile",0.75,299.522538225732
"9816",2021-05-15,"13","20  day ahead inc hosp",2021-06-04,"quantile",0.8,321.271897966587
"9817",2021-05-15,"13","20  day ahead inc hosp",2021-06-04,"quantile",0.85,348.094782700047
"9818",2021-05-15,"13","20  day ahead inc hosp",2021-06-04,"quantile",0.9,384.189899039784
"9819",2021-05-15,"13","20  day ahead inc hosp",2021-06-04,"quantile",0.95,442.76252393
"9820",2021-05-15,"13","20  day ahead inc hosp",2021-06-04,"quantile",0.975,498.776811430187
"9821",2021-05-15,"13","20  day ahead inc hosp",2021-06-04,"quantile",0.99,570.406373699132
"9822",2021-05-15,"13","21  day ahead inc hosp",2021-06-05,"quantile",0.01,63.7094356086011
"9823",2021-05-15,"13","21  day ahead inc hosp",2021-06-05,"quantile",0.025,79.7871398616472
"9824",2021-05-15,"13","21  day ahead inc hosp",2021-06-05,"quantile",0.05,95.8959684395228
"9825",2021-05-15,"13","21  day ahead inc hosp",2021-06-05,"quantile",0.1,117.366459083919
"9826",2021-05-15,"13","21  day ahead inc hosp",2021-06-05,"quantile",0.15,133.762844796494
"9827",2021-05-15,"13","21  day ahead inc hosp",2021-06-05,"quantile",0.2,147.973411905266
"9828",2021-05-15,"13","21  day ahead inc hosp",2021-06-05,"quantile",0.25,161.0419973291
"9829",2021-05-15,"13","21  day ahead inc hosp",2021-06-05,"quantile",0.3,173.49889548137
"9830",2021-05-15,"13","21  day ahead inc hosp",2021-06-05,"quantile",0.35,185.674455171385
"9831",2021-05-15,"13","21  day ahead inc hosp",2021-06-05,"quantile",0.4,197.809939932332
"9832",2021-05-15,"13","21  day ahead inc hosp",2021-06-05,"quantile",0.45,210.108124957399
"9833",2021-05-15,"13","21  day ahead inc hosp",2021-06-05,"quantile",0.5,222.7626079906
"9834",2021-05-15,"13","21  day ahead inc hosp",2021-06-05,"quantile",0.55,235.980283144916
"9835",2021-05-15,"13","21  day ahead inc hosp",2021-06-05,"quantile",0.6,250.004729226649
"9836",2021-05-15,"13","21  day ahead inc hosp",2021-06-05,"quantile",0.65,265.147705192719
"9837",2021-05-15,"13","21  day ahead inc hosp",2021-06-05,"quantile",0.7,281.839948735412
"9838",2021-05-15,"13","21  day ahead inc hosp",2021-06-05,"quantile",0.75,300.724778059348
"9839",2021-05-15,"13","21  day ahead inc hosp",2021-06-05,"quantile",0.8,322.853799310314
"9840",2021-05-15,"13","21  day ahead inc hosp",2021-06-05,"quantile",0.85,350.164634141079
"9841",2021-05-15,"13","21  day ahead inc hosp",2021-06-05,"quantile",0.9,386.947373793324
"9842",2021-05-15,"13","21  day ahead inc hosp",2021-06-05,"quantile",0.95,446.702003814698
"9843",2021-05-15,"13","21  day ahead inc hosp",2021-06-05,"quantile",0.975,503.912629510224
"9844",2021-05-15,"13","21  day ahead inc hosp",2021-06-05,"quantile",0.99,577.151806937378
"9845",2021-05-15,"13","22  day ahead inc hosp",2021-06-06,"quantile",0.01,64.2658186385931
"9846",2021-05-15,"13","22  day ahead inc hosp",2021-06-06,"quantile",0.025,80.6860902147214
"9847",2021-05-15,"13","22  day ahead inc hosp",2021-06-06,"quantile",0.05,97.1653931582166
"9848",2021-05-15,"13","22  day ahead inc hosp",2021-06-06,"quantile",0.1,119.162597325192
"9849",2021-05-15,"13","22  day ahead inc hosp",2021-06-06,"quantile",0.15,135.98170288766
"9850",2021-05-15,"13","22  day ahead inc hosp",2021-06-06,"quantile",0.2,150.570653915512
"9851",2021-05-15,"13","22  day ahead inc hosp",2021-06-06,"quantile",0.25,163.995861193286
"9852",2021-05-15,"13","22  day ahead inc hosp",2021-06-06,"quantile",0.3,176.799613822086
"9853",2021-05-15,"13","22  day ahead inc hosp",2021-06-06,"quantile",0.35,189.320139792325
"9854",2021-05-15,"13","22  day ahead inc hosp",2021-06-06,"quantile",0.4,201.80482611975
"9855",2021-05-15,"13","22  day ahead inc hosp",2021-06-06,"quantile",0.45,214.461947055455
"9856",2021-05-15,"13","22  day ahead inc hosp",2021-06-06,"quantile",0.5,227.490687930375
"9857",2021-05-15,"13","22  day ahead inc hosp",2021-06-06,"quantile",0.55,241.104232436109
"9858",2021-05-15,"13","22  day ahead inc hosp",2021-06-06,"quantile",0.6,255.553860963218
"9859",2021-05-15,"13","22  day ahead inc hosp",2021-06-06,"quantile",0.65,271.161468638545
"9860",2021-05-15,"13","22  day ahead inc hosp",2021-06-06,"quantile",0.7,288.372069602183
"9861",2021-05-15,"13","22  day ahead inc hosp",2021-06-06,"quantile",0.75,307.850591666757
"9862",2021-05-15,"13","22  day ahead inc hosp",2021-06-06,"quantile",0.8,330.684315133833
"9863",2021-05-15,"13","22  day ahead inc hosp",2021-06-06,"quantile",0.85,358.877127440684
"9864",2021-05-15,"13","22  day ahead inc hosp",2021-06-06,"quantile",0.9,396.866999307855
"9865",2021-05-15,"13","22  day ahead inc hosp",2021-06-06,"quantile",0.95,458.623797963882
"9866",2021-05-15,"13","22  day ahead inc hosp",2021-06-06,"quantile",0.975,517.792365514154
"9867",2021-05-15,"13","22  day ahead inc hosp",2021-06-06,"quantile",0.99,593.587640364417
"9868",2021-05-15,"13","23  day ahead inc hosp",2021-06-07,"quantile",0.01,63.0039530668232
"9869",2021-05-15,"13","23  day ahead inc hosp",2021-06-07,"quantile",0.025,79.423201161327
"9870",2021-05-15,"13","23  day ahead inc hosp",2021-06-07,"quantile",0.05,95.9455681291508
"9871",2021-05-15,"13","23  day ahead inc hosp",2021-06-07,"quantile",0.1,118.053612177883
"9872",2021-05-15,"13","23  day ahead inc hosp",2021-06-07,"quantile",0.15,134.99068167996
"9873",2021-05-15,"13","23  day ahead inc hosp",2021-06-07,"quantile",0.2,149.701453233941
"9874",2021-05-15,"13","23  day ahead inc hosp",2021-06-07,"quantile",0.25,163.252797430031
"9875",2021-05-15,"13","23  day ahead inc hosp",2021-06-07,"quantile",0.3,176.188093091857
"9876",2021-05-15,"13","23  day ahead inc hosp",2021-06-07,"quantile",0.35,188.846910590407
"9877",2021-05-15,"13","23  day ahead inc hosp",2021-06-07,"quantile",0.4,201.478219921896
"9878",2021-05-15,"13","23  day ahead inc hosp",2021-06-07,"quantile",0.45,214.292201773674
"9879",2021-05-15,"13","23  day ahead inc hosp",2021-06-07,"quantile",0.5,227.490413414631
"9880",2021-05-15,"13","23  day ahead inc hosp",2021-06-07,"quantile",0.55,241.289094085584
"9881",2021-05-15,"13","23  day ahead inc hosp",2021-06-07,"quantile",0.6,255.943607393158
"9882",2021-05-15,"13","23  day ahead inc hosp",2021-06-07,"quantile",0.65,271.781531391806
"9883",2021-05-15,"13","23  day ahead inc hosp",2021-06-07,"quantile",0.7,289.256177831278
"9884",2021-05-15,"13","23  day ahead inc hosp",2021-06-07,"quantile",0.75,309.045338931913
"9885",2021-05-15,"13","23  day ahead inc hosp",2021-06-07,"quantile",0.8,332.257899096459
"9886",2021-05-15,"13","23  day ahead inc hosp",2021-06-07,"quantile",0.85,360.938433319609
"9887",2021-05-15,"13","23  day ahead inc hosp",2021-06-07,"quantile",0.9,399.616913969944
"9888",2021-05-15,"13","23  day ahead inc hosp",2021-06-07,"quantile",0.95,462.560217670064
"9889",2021-05-15,"13","23  day ahead inc hosp",2021-06-07,"quantile",0.975,522.932471307093
"9890",2021-05-15,"13","23  day ahead inc hosp",2021-06-07,"quantile",0.99,600.350636756011
"9891",2021-05-15,"13","24  day ahead inc hosp",2021-06-08,"quantile",0.01,61.7768226049146
"9892",2021-05-15,"13","24  day ahead inc hosp",2021-06-08,"quantile",0.025,78.191350186803
"9893",2021-05-15,"13","24  day ahead inc hosp",2021-06-08,"quantile",0.05,94.7529327386882
"9894",2021-05-15,"13","24  day ahead inc hosp",2021-06-08,"quantile",0.1,116.966696933615
"9895",2021-05-15,"13","24  day ahead inc hosp",2021-06-08,"quantile",0.15,134.017919052838
"9896",2021-05-15,"13","24  day ahead inc hosp",2021-06-08,"quantile",0.2,148.847309457385
"9897",2021-05-15,"13","24  day ahead inc hosp",2021-06-08,"quantile",0.25,162.521941572113
"9898",2021-05-15,"13","24  day ahead inc hosp",2021-06-08,"quantile",0.3,175.586155387517
"9899",2021-05-15,"13","24  day ahead inc hosp",2021-06-08,"quantile",0.35,188.380787313072
"9900",2021-05-15,"13","24  day ahead inc hosp",2021-06-08,"quantile",0.4,201.156339135564
"9901",2021-05-15,"13","24  day ahead inc hosp",2021-06-08,"quantile",0.45,214.124859994658
"9902",2021-05-15,"13","24  day ahead inc hosp",2021-06-08,"quantile",0.5,227.490248107037
"9903",2021-05-15,"13","24  day ahead inc hosp",2021-06-08,"quantile",0.55,241.471770468056
"9904",2021-05-15,"13","24  day ahead inc hosp",2021-06-08,"quantile",0.6,256.328846466966
"9905",2021-05-15,"13","24  day ahead inc hosp",2021-06-08,"quantile",0.65,272.394707304387
"9906",2021-05-15,"13","24  day ahead inc hosp",2021-06-08,"quantile",0.7,290.130926864608
"9907",2021-05-15,"13","24  day ahead inc hosp",2021-06-08,"quantile",0.75,310.228115492588
"9908",2021-05-15,"13","24  day ahead inc hosp",2021-06-08,"quantile",0.8,333.816695366146
"9909",2021-05-15,"13","24  day ahead inc hosp",2021-06-08,"quantile",0.85,362.98182325229
"9910",2021-05-15,"13","24  day ahead inc hosp",2021-06-08,"quantile",0.9,402.345279102127
"9911",2021-05-15,"13","24  day ahead inc hosp",2021-06-08,"quantile",0.95,466.47050892392
"9912",2021-05-15,"13","24  day ahead inc hosp",2021-06-08,"quantile",0.975,528.043477930932
"9913",2021-05-15,"13","24  day ahead inc hosp",2021-06-08,"quantile",0.99,607.082560696741
"9914",2021-05-15,"13","25  day ahead inc hosp",2021-06-09,"quantile",0.01,60.582908358694
"9915",2021-05-15,"13","25  day ahead inc hosp",2021-06-09,"quantile",0.025,76.989219839018
"9916",2021-05-15,"13","25  day ahead inc hosp",2021-06-09,"quantile",0.05,93.5863553772752
"9917",2021-05-15,"13","25  day ahead inc hosp",2021-06-09,"quantile",0.1,115.900946257153
"9918",2021-05-15,"13","25  day ahead inc hosp",2021-06-09,"quantile",0.15,133.062668301309
"9919",2021-05-15,"13","25  day ahead inc hosp",2021-06-09,"quantile",0.2,148.007604732627
"9920",2021-05-15,"13","25  day ahead inc hosp",2021-06-09,"quantile",0.25,161.802787924006
"9921",2021-05-15,"13","25  day ahead inc hosp",2021-06-09,"quantile",0.3,174.993396775772
"9922",2021-05-15,"13","25  day ahead inc hosp",2021-06-09,"quantile",0.35,187.921461031867
"9923",2021-05-15,"13","25  day ahead inc hosp",2021-06-09,"quantile",0.4,200.838965469957
"9924",2021-05-15,"13","25  day ahead inc hosp",2021-06-09,"quantile",0.45,213.959791448272
"9925",2021-05-15,"13","25  day ahead inc hosp",2021-06-09,"quantile",0.5,227.49014856226
"9926",2021-05-15,"13","25  day ahead inc hosp",2021-06-09,"quantile",0.55,241.652305049
"9927",2021-05-15,"13","25  day ahead inc hosp",2021-06-09,"quantile",0.6,256.709709934467
"9928",2021-05-15,"13","25  day ahead inc hosp",2021-06-09,"quantile",0.65,273.00121922341
"9929",2021-05-15,"13","25  day ahead inc hosp",2021-06-09,"quantile",0.7,290.996635245009
"9930",2021-05-15,"13","25  day ahead inc hosp",2021-06-09,"quantile",0.75,311.39934263828
"9931",2021-05-15,"13","25  day ahead inc hosp",2021-06-09,"quantile",0.8,335.361238780064
"9932",2021-05-15,"13","25  day ahead inc hosp",2021-06-09,"quantile",0.85,365.007962942358
"9933",2021-05-15,"13","25  day ahead inc hosp",2021-06-09,"quantile",0.9,405.052922185052
"9934",2021-05-15,"13","25  day ahead inc hosp",2021-06-09,"quantile",0.95,470.355731427506
"9935",2021-05-15,"13","25  day ahead inc hosp",2021-06-09,"quantile",0.975,533.126637369174
"9936",2021-05-15,"13","25  day ahead inc hosp",2021-06-09,"quantile",0.99,613.784874658442
"9937",2021-05-15,"13","26  day ahead inc hosp",2021-06-10,"quantile",0.01,59.4207986498412
"9938",2021-05-15,"13","26  day ahead inc hosp",2021-06-10,"quantile",0.025,75.8155872108945
"9939",2021-05-15,"13","26  day ahead inc hosp",2021-06-10,"quantile",0.05,92.4447875504998
"9940",2021-05-15,"13","26  day ahead inc hosp",2021-06-10,"quantile",0.1,114.855524204212
"9941",2021-05-15,"13","26  day ahead inc hosp",2021-06-10,"quantile",0.15,132.124242554643
"9942",2021-05-15,"13","26  day ahead inc hosp",2021-06-10,"quantile",0.2,147.181773290885
"9943",2021-05-15,"13","26  day ahead inc hosp",2021-06-10,"quantile",0.25,161.094876125355
"9944",2021-05-15,"13","26  day ahead inc hosp",2021-06-10,"quantile",0.3,174.409452523758
"9945",2021-05-15,"13","26  day ahead inc hosp",2021-06-10,"quantile",0.35,187.46865627581
"9946",2021-05-15,"13","26  day ahead inc hosp",2021-06-10,"quantile",0.4,200.525908593733
"9947",2021-05-15,"13","26  day ahead inc hosp",2021-06-10,"quantile",0.45,213.796888462297
"9948",2021-05-15,"13","26  day ahead inc hosp",2021-06-10,"quantile",0.5,227.490088618466
"9949",2021-05-15,"13","26  day ahead inc hosp",2021-06-10,"quantile",0.55,241.830753227855
"9950",2021-05-15,"13","26  day ahead inc hosp",2021-06-10,"quantile",0.6,257.08633601025
"9951",2021-05-15,"13","26  day ahead inc hosp",2021-06-10,"quantile",0.65,273.601290775084
"9952",2021-05-15,"13","26  day ahead inc hosp",2021-06-10,"quantile",0.7,291.853616269411
"9953",2021-05-15,"13","26  day ahead inc hosp",2021-06-10,"quantile",0.75,312.559429876012
"9954",2021-05-15,"13","26  day ahead inc hosp",2021-06-10,"quantile",0.8,336.892045076402
"9955",2021-05-15,"13","26  day ahead inc hosp",2021-06-10,"quantile",0.85,367.017490422654
"9956",2021-05-15,"13","26  day ahead inc hosp",2021-06-10,"quantile",0.9,407.740632188543
"9957",2021-05-15,"13","26  day ahead inc hosp",2021-06-10,"quantile",0.95,474.216890224145
"9958",2021-05-15,"13","26  day ahead inc hosp",2021-06-10,"quantile",0.975,538.183132894911
"9959",2021-05-15,"13","26  day ahead inc hosp",2021-06-10,"quantile",0.99,620.458956052295
"9960",2021-05-15,"13","27  day ahead inc hosp",2021-06-11,"quantile",0.01,58.2891757875226
"9961",2021-05-15,"13","27  day ahead inc hosp",2021-06-11,"quantile",0.025,74.6693114875698
"9962",2021-05-15,"13","27  day ahead inc hosp",2021-06-11,"quantile",0.05,91.3272521512872
"9963",2021-05-15,"13","27  day ahead inc hosp",2021-06-11,"quantile",0.1,113.829653402112
"9964",2021-05-15,"13","27  day ahead inc hosp",2021-06-11,"quantile",0.15,131.202004617455
"9965",2021-05-15,"13","27  day ahead inc hosp",2021-06-11,"quantile",0.2,146.369291843066
"9966",2021-05-15,"13","27  day ahead inc hosp",2021-06-11,"quantile",0.25,160.397782043491
"9967",2021-05-15,"13","27  day ahead inc hosp",2021-06-11,"quantile",0.3,173.83398845608
"9968",2021-05-15,"13","27  day ahead inc hosp",2021-06-11,"quantile",0.35,187.022122834705
"9969",2021-05-15,"13","27  day ahead inc hosp",2021-06-11,"quantile",0.4,200.216998376411
"9970",2021-05-15,"13","27  day ahead inc hosp",2021-06-11,"quantile",0.45,213.636058641751
"9971",2021-05-15,"13","27  day ahead inc hosp",2021-06-11,"quantile",0.5,227.490052521557
"9972",2021-05-15,"13","27  day ahead inc hosp",2021-06-11,"quantile",0.55,242.007175921509
"9973",2021-05-15,"13","27  day ahead inc hosp",2021-06-11,"quantile",0.6,257.458863438991
"9974",2021-05-15,"13","27  day ahead inc hosp",2021-06-11,"quantile",0.65,274.195140944696
"9975",2021-05-15,"13","27  day ahead inc hosp",2021-06-11,"quantile",0.7,292.702173130164
"9976",2021-05-15,"13","27  day ahead inc hosp",2021-06-11,"quantile",0.75,313.708770700104
"9977",2021-05-15,"13","27  day ahead inc hosp",2021-06-11,"quantile",0.8,338.409607392731
"9978",2021-05-15,"13","27  day ahead inc hosp",2021-06-11,"quantile",0.85,369.011013442939
"9979",2021-05-15,"13","27  day ahead inc hosp",2021-06-11,"quantile",0.9,410.409158142818
"9980",2021-05-15,"13","27  day ahead inc hosp",2021-06-11,"quantile",0.95,478.054936165335
"9981",2021-05-15,"13","27  day ahead inc hosp",2021-06-11,"quantile",0.975,543.214081329753
"9982",2021-05-15,"13","27  day ahead inc hosp",2021-06-11,"quantile",0.99,627.106101759153
"9983",2021-05-15,"13","28  day ahead inc hosp",2021-06-12,"quantile",0.01,57.1868058179489
"9984",2021-05-15,"13","28  day ahead inc hosp",2021-06-12,"quantile",0.025,73.5493245053971
"9985",2021-05-15,"13","28  day ahead inc hosp",2021-06-12,"quantile",0.05,90.2328347576274
"9986",2021-05-15,"13","28  day ahead inc hosp",2021-06-12,"quantile",0.1,112.822607249845
"9987",2021-05-15,"13","28  day ahead inc hosp",2021-06-12,"quantile",0.15,130.295359810448
"9988",2021-05-15,"13","28  day ahead inc hosp",2021-06-12,"quantile",0.2,145.569672948752
"9989",2021-05-15,"13","28  day ahead inc hosp",2021-06-12,"quantile",0.25,159.711111609481
"9990",2021-05-15,"13","28  day ahead inc hosp",2021-06-12,"quantile",0.3,173.26669522156
"9991",2021-05-15,"13","28  day ahead inc hosp",2021-06-12,"quantile",0.35,186.581630434758
"9992",2021-05-15,"13","28  day ahead inc hosp",2021-06-12,"quantile",0.4,199.912079960886
"9993",2021-05-15,"13","28  day ahead inc hosp",2021-06-12,"quantile",0.45,213.477220333864
"9994",2021-05-15,"13","28  day ahead inc hosp",2021-06-12,"quantile",0.5,227.490030784745
"9995",2021-05-15,"13","28  day ahead inc hosp",2021-06-12,"quantile",0.55,242.181635826958
"9996",2021-05-15,"13","28  day ahead inc hosp",2021-06-12,"quantile",0.6,257.8274281766
"9997",2021-05-15,"13","28  day ahead inc hosp",2021-06-12,"quantile",0.65,274.782981199986
"9998",2021-05-15,"13","28  day ahead inc hosp",2021-06-12,"quantile",0.7,293.542596515431
"9999",2021-05-15,"13","28  day ahead inc hosp",2021-06-12,"quantile",0.75,314.847740720351
"10000",2021-05-15,"13","28  day ahead inc hosp",2021-06-12,"quantile",0.8,339.914394998314
"10001",2021-05-15,"13","28  day ahead inc hosp",2021-06-12,"quantile",0.85,370.989108929004
"10002",2021-05-15,"13","28  day ahead inc hosp",2021-06-12,"quantile",0.9,413.059209548272
"10003",2021-05-15,"13","28  day ahead inc hosp",2021-06-12,"quantile",0.95,481.870767808198
"10004",2021-05-15,"13","28  day ahead inc hosp",2021-06-12,"quantile",0.975,548.220536312962
"10005",2021-05-15,"13","28  day ahead inc hosp",2021-06-12,"quantile",0.99,633.727533096108
"10006",2021-05-15,"13","29  day ahead inc hosp",2021-06-13,"quantile",0.01,62.2040278008974
"10007",2021-05-15,"13","29  day ahead inc hosp",2021-06-13,"quantile",0.025,79.8155225548495
"10008",2021-05-15,"13","29  day ahead inc hosp",2021-06-13,"quantile",0.05,97.7450462056856
"10009",2021-05-15,"13","29  day ahead inc hosp",2021-06-13,"quantile",0.1,121.988640222342
"10010",2021-05-15,"13","29  day ahead inc hosp",2021-06-13,"quantile",0.15,140.719858664195
"10011",2021-05-15,"13","29  day ahead inc hosp",2021-06-13,"quantile",0.2,157.082126114425
"10012",2021-05-15,"13","29  day ahead inc hosp",2021-06-13,"quantile",0.25,172.22206472553
"10013",2021-05-15,"13","29  day ahead inc hosp",2021-06-13,"quantile",0.3,186.727758181154
"10014",2021-05-15,"13","29  day ahead inc hosp",2021-06-13,"quantile",0.35,200.969900576802
"10015",2021-05-15,"13","29  day ahead inc hosp",2021-06-13,"quantile",0.4,215.223181271105
"10016",2021-05-15,"13","29  day ahead inc hosp",2021-06-13,"quantile",0.45,229.72226273916
"10017",2021-05-15,"13","29  day ahead inc hosp",2021-06-13,"quantile",0.5,244.694826700664
"10018",2021-05-15,"13","29  day ahead inc hosp",2021-06-13,"quantile",0.55,260.387631258455
"10019",2021-05-15,"13","29  day ahead inc hosp",2021-06-13,"quantile",0.6,277.094400620787
"10020",2021-05-15,"13","29  day ahead inc hosp",2021-06-13,"quantile",0.65,295.194100359602
"10021",2021-05-15,"13","29  day ahead inc hosp",2021-06-13,"quantile",0.7,315.213281830261
"10022",2021-05-15,"13","29  day ahead inc hosp",2021-06-13,"quantile",0.75,337.94150209238
"10023",2021-05-15,"13","29  day ahead inc hosp",2021-06-13,"quantile",0.8,364.67325939052
"10024",2021-05-15,"13","29  day ahead inc hosp",2021-06-13,"quantile",0.85,397.79962436655
"10025",2021-05-15,"13","29  day ahead inc hosp",2021-06-13,"quantile",0.9,442.627573826438
"10026",2021-05-15,"13","29  day ahead inc hosp",2021-06-13,"quantile",0.95,515.907707394493
"10027",2021-05-15,"13","29  day ahead inc hosp",2021-06-13,"quantile",0.975,586.52399568231
"10028",2021-05-15,"13","29  day ahead inc hosp",2021-06-13,"quantile",0.99,677.478289055824
"10029",2021-05-15,"13","30  day ahead inc hosp",2021-06-14,"quantile",0.01,61.0723938236233
"10030",2021-05-15,"13","30  day ahead inc hosp",2021-06-14,"quantile",0.025,78.6644481693452
"10031",2021-05-15,"13","30  day ahead inc hosp",2021-06-14,"quantile",0.05,96.6192333816988
"10032",2021-05-15,"13","30  day ahead inc hosp",2021-06-14,"quantile",0.1,120.95173427606
"10033",2021-05-15,"13","30  day ahead inc hosp",2021-06-14,"quantile",0.15,139.785793275335
"10034",2021-05-15,"13","30  day ahead inc hosp",2021-06-14,"quantile",0.2,156.25797030958
"10035",2021-05-15,"13","30  day ahead inc hosp",2021-06-14,"quantile",0.25,171.514076649829
"10036",2021-05-15,"13","30  day ahead inc hosp",2021-06-14,"quantile",0.3,186.142679123937
"10037",2021-05-15,"13","30  day ahead inc hosp",2021-06-14,"quantile",0.35,200.515478637817
"10038",2021-05-15,"13","30  day ahead inc hosp",2021-06-14,"quantile",0.4,214.908547302448
"10039",2021-05-15,"13","30  day ahead inc hosp",2021-06-14,"quantile",0.45,229.5583323475
"10040",2021-05-15,"13","30  day ahead inc hosp",2021-06-14,"quantile",0.5,244.69481837547
"10041",2021-05-15,"13","30  day ahead inc hosp",2021-06-14,"quantile",0.55,260.567791628585
"10042",2021-05-15,"13","30  day ahead inc hosp",2021-06-14,"quantile",0.6,277.475072338416
"10043",2021-05-15,"13","30  day ahead inc hosp",2021-06-14,"quantile",0.65,295.801369773802
"10044",2021-05-15,"13","30  day ahead inc hosp",2021-06-14,"quantile",0.7,316.081662799939
"10045",2021-05-15,"13","30  day ahead inc hosp",2021-06-14,"quantile",0.75,339.118619414432
"10046",2021-05-15,"13","30  day ahead inc hosp",2021-06-14,"quantile",0.8,366.228815515214
"10047",2021-05-15,"13","30  day ahead inc hosp",2021-06-14,"quantile",0.85,399.845001891077
"10048",2021-05-15,"13","30  day ahead inc hosp",2021-06-14,"quantile",0.9,445.368640689639
"10049",2021-05-15,"13","30  day ahead inc hosp",2021-06-14,"quantile",0.95,519.856352233089
"10050",2021-05-15,"13","30  day ahead inc hosp",2021-06-14,"quantile",0.975,591.706573056822
"10051",2021-05-15,"13","30  day ahead inc hosp",2021-06-14,"quantile",0.99,684.335342697231
"10052",2021-05-15,"13","31  day ahead inc hosp",2021-06-15,"quantile",0.01,59.9684326874596
"10053",2021-05-15,"13","31  day ahead inc hosp",2021-06-15,"quantile",0.025,77.5382938900076
"10054",2021-05-15,"13","31  day ahead inc hosp",2021-06-15,"quantile",0.05,95.5153664795421
"10055",2021-05-15,"13","31  day ahead inc hosp",2021-06-15,"quantile",0.1,119.93272145006
"10056",2021-05-15,"13","31  day ahead inc hosp",2021-06-15,"quantile",0.15,138.866558646246
"10057",2021-05-15,"13","31  day ahead inc hosp",2021-06-15,"quantile",0.2,155.446052282947
"10058",2021-05-15,"13","31  day ahead inc hosp",2021-06-15,"quantile",0.25,170.816007295912
"10059",2021-05-15,"13","31  day ahead inc hosp",2021-06-15,"quantile",0.3,185.565374743628
"10060",2021-05-15,"13","31  day ahead inc hosp",2021-06-15,"quantile",0.35,200.066803129445
"10061",2021-05-15,"13","31  day ahead inc hosp",2021-06-15,"quantile",0.4,214.597707380519
"10062",2021-05-15,"13","31  day ahead inc hosp",2021-06-15,"quantile",0.45,229.396289733089
"10063",2021-05-15,"13","31  day ahead inc hosp",2021-06-15,"quantile",0.5,244.69481336221
"10064",2021-05-15,"13","31  day ahead inc hosp",2021-06-15,"quantile",0.55,260.746070869722
"10065",2021-05-15,"13","31  day ahead inc hosp",2021-06-15,"quantile",0.6,277.851957105518
"10066",2021-05-15,"13","31  day ahead inc hosp",2021-06-15,"quantile",0.65,296.402901977394
"10067",2021-05-15,"13","31  day ahead inc hosp",2021-06-15,"quantile",0.7,316.94228470538
"10068",2021-05-15,"13","31  day ahead inc hosp",2021-06-15,"quantile",0.75,340.285849344414
"10069",2021-05-15,"13","31  day ahead inc hosp",2021-06-15,"quantile",0.8,367.772200516139
"10070",2021-05-15,"13","31  day ahead inc hosp",2021-06-15,"quantile",0.85,401.87569353643
"10071",2021-05-15,"13","31  day ahead inc hosp",2021-06-15,"quantile",0.9,448.092144558005
"10072",2021-05-15,"13","31  day ahead inc hosp",2021-06-15,"quantile",0.95,523.7839362832
"10073",2021-05-15,"13","31  day ahead inc hosp",2021-06-15,"quantile",0.975,596.866008563449
"10074",2021-05-15,"13","31  day ahead inc hosp",2021-06-15,"quantile",0.99,691.168247116848
"10075",2021-05-15,"13","32  day ahead inc hosp",2021-06-16,"quantile",0.01,58.8911168729216
"10076",2021-05-15,"13","32  day ahead inc hosp",2021-06-16,"quantile",0.025,76.4361699164572
"10077",2021-05-15,"13","32  day ahead inc hosp",2021-06-16,"quantile",0.05,94.432684029723
"10078",2021-05-15,"13","32  day ahead inc hosp",2021-06-16,"quantile",0.1,118.930997581381
"10079",2021-05-15,"13","32  day ahead inc hosp",2021-06-16,"quantile",0.15,137.961661337659
"10080",2021-05-15,"13","32  day ahead inc hosp",2021-06-16,"quantile",0.2,154.645968699074
"10081",2021-05-15,"13","32  day ahead inc hosp",2021-06-16,"quantile",0.25,170.127531829997
"10082",2021-05-15,"13","32  day ahead inc hosp",2021-06-16,"quantile",0.3,184.995591459449
"10083",2021-05-15,"13","32  day ahead inc hosp",2021-06-16,"quantile",0.35,199.623686993921
"10084",2021-05-15,"13","32  day ahead inc hosp",2021-06-16,"quantile",0.4,214.290537896273
"10085",2021-05-15,"13","32  day ahead inc hosp",2021-06-16,"quantile",0.45,229.236072872956
"10086",2021-05-15,"13","32  day ahead inc hosp",2021-06-16,"quantile",0.5,244.694810343328
"10087",2021-05-15,"13","32  day ahead inc hosp",2021-06-16,"quantile",0.55,260.922528372012
"10088",2021-05-15,"13","32  day ahead inc hosp",2021-06-16,"quantile",0.6,278.225175905304
"10089",2021-05-15,"13","32  day ahead inc hosp",2021-06-16,"quantile",0.65,296.998881414504
"10090",2021-05-15,"13","32  day ahead inc hosp",2021-06-16,"quantile",0.7,317.795398532063
"10091",2021-05-15,"13","32  day ahead inc hosp",2021-06-16,"quantile",0.75,341.443514146957
"10092",2021-05-15,"13","32  day ahead inc hosp",2021-06-16,"quantile",0.8,369.303815196548
"10093",2021-05-15,"13","32  day ahead inc hosp",2021-06-16,"quantile",0.85,403.892190263299
"10094",2021-05-15,"13","32  day ahead inc hosp",2021-06-16,"quantile",0.9,450.79868719982
"10095",2021-05-15,"13","32  day ahead inc hosp",2021-06-16,"quantile",0.95,527.691218778691
"10096",2021-05-15,"13","32  day ahead inc hosp",2021-06-16,"quantile",0.975,602.003189939827
"10097",2021-05-15,"13","32  day ahead inc hosp",2021-06-16,"quantile",0.99,697.978028015465
"10098",2021-05-15,"13","33  day ahead inc hosp",2021-06-17,"quantile",0.01,57.8394751687936
"10099",2021-05-15,"13","33  day ahead inc hosp",2021-06-17,"quantile",0.025,75.3572347399014
"10100",2021-05-15,"13","33  day ahead inc hosp",2021-06-17,"quantile",0.05,93.3704656435766
"10101",2021-05-15,"13","33  day ahead inc hosp",2021-06-17,"quantile",0.1,117.945990974488
"10102",2021-05-15,"13","33  day ahead inc hosp",2021-06-17,"quantile",0.15,137.070634418407
"10103",2021-05-15,"13","33  day ahead inc hosp",2021-06-17,"quantile",0.2,153.857337926087
"10104",2021-05-15,"13","33  day ahead inc hosp",2021-06-17,"quantile",0.25,169.448342960779
"10105",2021-05-15,"13","33  day ahead inc hosp",2021-06-17,"quantile",0.3,184.433089471339
"10106",2021-05-15,"13","33  day ahead inc hosp",2021-06-17,"quantile",0.35,199.185953451723
"10107",2021-05-15,"13","33  day ahead inc hosp",2021-06-17,"quantile",0.4,213.986922184267
"10108",2021-05-15,"13","33  day ahead inc hosp",2021-06-17,"quantile",0.45,229.077623454304
"10109",2021-05-15,"13","33  day ahead inc hosp",2021-06-17,"quantile",0.5,244.69480852542
"10110",2021-05-15,"13","33  day ahead inc hosp",2021-06-17,"quantile",0.55,261.097220862786
"10111",2021-05-15,"13","33  day ahead inc hosp",2021-06-17,"quantile",0.6,278.594843821885
"10112",2021-05-15,"13","33  day ahead inc hosp",2021-06-17,"quantile",0.65,297.589483290525
"10113",2021-05-15,"13","33  day ahead inc hosp",2021-06-17,"quantile",0.7,318.641242516758
"10114",2021-05-15,"13","33  day ahead inc hosp",2021-06-17,"quantile",0.75,342.591919565521
"10115",2021-05-15,"13","33  day ahead inc hosp",2021-06-17,"quantile",0.8,370.824039662304
"10116",2021-05-15,"13","33  day ahead inc hosp",2021-06-17,"quantile",0.85,405.894957508534
"10117",2021-05-15,"13","33  day ahead inc hosp",2021-06-17,"quantile",0.9,453.488838865902
"10118",2021-05-15,"13","33  day ahead inc hosp",2021-06-17,"quantile",0.95,531.578918757595
"10119",2021-05-15,"13","33  day ahead inc hosp",2021-06-17,"quantile",0.975,607.118957446463
"10120",2021-05-15,"13","33  day ahead inc hosp",2021-06-17,"quantile",0.99,704.765655500616
"10121",2021-05-15,"13","34  day ahead inc hosp",2021-06-18,"quantile",0.01,56.8125884392149
"10122",2021-05-15,"13","34  day ahead inc hosp",2021-06-18,"quantile",0.025,74.3006915010287
"10123",2021-05-15,"13","34  day ahead inc hosp",2021-06-18,"quantile",0.05,92.3280288961707
"10124",2021-05-15,"13","34  day ahead inc hosp",2021-06-18,"quantile",0.1,116.977159905895
"10125",2021-05-15,"13","34  day ahead inc hosp",2021-06-18,"quantile",0.15,136.193035397889
"10126",2021-05-15,"13","34  day ahead inc hosp",2021-06-18,"quantile",0.2,153.079798312213
"10127",2021-05-15,"13","34  day ahead inc hosp",2021-06-18,"quantile",0.25,168.778149513562
"10128",2021-05-15,"13","34  day ahead inc hosp",2021-06-18,"quantile",0.3,183.877641602981
"10129",2021-05-15,"13","34  day ahead inc hosp",2021-06-18,"quantile",0.35,198.753435094975
"10130",2021-05-15,"13","34  day ahead inc hosp",2021-06-18,"quantile",0.4,213.686749854516
"10131",2021-05-15,"13","34  day ahead inc hosp",2021-06-18,"quantile",0.45,228.920886437759
"10132",2021-05-15,"13","34  day ahead inc hosp",2021-06-18,"quantile",0.5,244.694807430714
"10133",2021-05-15,"13","34  day ahead inc hosp",2021-06-18,"quantile",0.55,261.270202426671
"10134",2021-05-15,"13","34  day ahead inc hosp",2021-06-18,"quantile",0.6,278.961070292938
"10135",2021-05-15,"13","34  day ahead inc hosp",2021-06-18,"quantile",0.65,298.174874065281
"10136",2021-05-15,"13","34  day ahead inc hosp",2021-06-18,"quantile",0.7,319.480042894123
"10137",2021-05-15,"13","34  day ahead inc hosp",2021-06-18,"quantile",0.75,343.731355842269
"10138",2021-05-15,"13","34  day ahead inc hosp",2021-06-18,"quantile",0.8,372.333234645544
"10139",2021-05-15,"13","34  day ahead inc hosp",2021-06-18,"quantile",0.85,407.88443686182
"10140",2021-05-15,"13","34  day ahead inc hosp",2021-06-18,"quantile",0.9,456.163140408138
"10141",2021-05-15,"13","34  day ahead inc hosp",2021-06-18,"quantile",0.95,535.447717828884
"10142",2021-05-15,"13","34  day ahead inc hosp",2021-06-18,"quantile",0.975,612.21410718728
"10143",2021-05-15,"13","34  day ahead inc hosp",2021-06-18,"quantile",0.99,711.532048038426
"10144",2021-05-15,"13","35  day ahead inc hosp",2021-06-19,"quantile",0.01,55.8095858219066
"10145",2021-05-15,"13","35  day ahead inc hosp",2021-06-19,"quantile",0.025,73.2657847285077
"10146",2021-05-15,"13","35  day ahead inc hosp",2021-06-19,"quantile",0.05,91.3047265449465
"10147",2021-05-15,"13","35  day ahead inc hosp",2021-06-19,"quantile",0.1,116.02399041128
"10148",2021-05-15,"13","35  day ahead inc hosp",2021-06-19,"quantile",0.15,135.328444404224
"10149",2021-05-15,"13","35  day ahead inc hosp",2021-06-19,"quantile",0.2,152.313006678271
"10150",2021-05-15,"13","35  day ahead inc hosp",2021-06-19,"quantile",0.25,168.116675194526
"10151",2021-05-15,"13","35  day ahead inc hosp",2021-06-19,"quantile",0.3,183.329032311536
"10152",2021-05-15,"13","35  day ahead inc hosp",2021-06-19,"quantile",0.35,198.325973125593
"10153",2021-05-15,"13","35  day ahead inc hosp",2021-06-19,"quantile",0.4,213.389916248107
"10154",2021-05-15,"13","35  day ahead inc hosp",2021-06-19,"quantile",0.45,228.765809723883
"10155",2021-05-15,"13","35  day ahead inc hosp",2021-06-19,"quantile",0.5,244.694806771504
"10156",2021-05-15,"13","35  day ahead inc hosp",2021-06-19,"quantile",0.55,261.441524588166
"10157",2021-05-15,"13","35  day ahead inc hosp",2021-06-19,"quantile",0.6,279.323959403876
"10158",2021-05-15,"13","35  day ahead inc hosp",2021-06-19,"quantile",0.65,298.755211965865
"10159",2021-05-15,"13","35  day ahead inc hosp",2021-06-19,"quantile",0.7,320.312014639785
"10160",2021-05-15,"13","35  day ahead inc hosp",2021-06-19,"quantile",0.75,344.862098709192
"10161",2021-05-15,"13","35  day ahead inc hosp",2021-06-19,"quantile",0.8,373.831742771234
"10162",2021-05-15,"13","35  day ahead inc hosp",2021-06-19,"quantile",0.85,409.861047651884
"10163",2021-05-15,"13","35  day ahead inc hosp",2021-06-19,"quantile",0.9,458.822105265018
"10164",2021-05-15,"13","35  day ahead inc hosp",2021-06-19,"quantile",0.95,539.298262742171
"10165",2021-05-15,"13","35  day ahead inc hosp",2021-06-19,"quantile",0.975,617.2893941765
"10166",2021-05-15,"13","35  day ahead inc hosp",2021-06-19,"quantile",0.99,718.278076084792
"10167",2021-05-15,"13","36  day ahead inc hosp",2021-06-20,"quantile",0.01,56.0479305807881
"10168",2021-05-15,"13","36  day ahead inc hosp",2021-06-20,"quantile",0.025,73.7493647179476
"10169",2021-05-15,"13","36  day ahead inc hosp",2021-06-20,"quantile",0.05,92.0693765563754
"10170",2021-05-15,"13","36  day ahead inc hosp",2021-06-20,"quantile",0.1,117.207523481149
"10171",2021-05-15,"13","36  day ahead inc hosp",2021-06-20,"quantile",0.15,136.860170852384
"10172",2021-05-15,"13","36  day ahead inc hosp",2021-06-20,"quantile",0.2,154.163482061588
"10173",2021-05-15,"13","36  day ahead inc hosp",2021-06-20,"quantile",0.25,170.272684346888
"10174",2021-05-15,"13","36  day ahead inc hosp",2021-06-20,"quantile",0.3,185.786328476591
"10175",2021-05-15,"13","36  day ahead inc hosp",2021-06-20,"quantile",0.35,201.086474229085
"10176",2021-05-15,"13","36  day ahead inc hosp",2021-06-20,"quantile",0.4,216.460576241496
"10177",2021-05-15,"13","36  day ahead inc hosp",2021-06-20,"quantile",0.45,232.158330666724
"10178",2021-05-15,"13","36  day ahead inc hosp",2021-06-20,"quantile",0.5,248.425921244723
"10179",2021-05-15,"13","36  day ahead inc hosp",2021-06-20,"quantile",0.55,265.533813216289
"10180",2021-05-15,"13","36  day ahead inc hosp",2021-06-20,"quantile",0.6,283.807330785743
"10181",2021-05-15,"13","36  day ahead inc hosp",2021-06-20,"quantile",0.65,303.669373172087
"10182",2021-05-15,"13","36  day ahead inc hosp",2021-06-20,"quantile",0.7,325.71062372986
"10183",2021-05-15,"13","36  day ahead inc hosp",2021-06-20,"quantile",0.75,350.82009252956
"10184",2021-05-15,"13","36  day ahead inc hosp",2021-06-20,"quantile",0.8,380.459390790922
"10185",2021-05-15,"13","36  day ahead inc hosp",2021-06-20,"quantile",0.85,417.334579324225
"10186",2021-05-15,"13","36  day ahead inc hosp",2021-06-20,"quantile",0.9,467.465693789697
"10187",2021-05-15,"13","36  day ahead inc hosp",2021-06-20,"quantile",0.95,549.909184056911
"10188",2021-05-15,"13","36  day ahead inc hosp",2021-06-20,"quantile",0.975,629.851043068916
"10189",2021-05-15,"13","36  day ahead inc hosp",2021-06-20,"quantile",0.99,733.419267941365
"10190",2021-05-15,"13","37  day ahead inc hosp",2021-06-21,"quantile",0.01,55.0743093134629
"10191",2021-05-15,"13","37  day ahead inc hosp",2021-06-21,"quantile",0.025,72.740180365114
"10192",2021-05-15,"13","37  day ahead inc hosp",2021-06-21,"quantile",0.05,91.0680420227396
"10193",2021-05-15,"13","37  day ahead inc hosp",2021-06-21,"quantile",0.1,116.271487769927
"10194",2021-05-15,"13","37  day ahead inc hosp",2021-06-21,"quantile",0.15,136.009270626783
"10195",2021-05-15,"13","37  day ahead inc hosp",2021-06-21,"quantile",0.2,153.407611804105
"10196",2021-05-15,"13","37  day ahead inc hosp",2021-06-21,"quantile",0.25,169.619774552813
"10197",2021-05-15,"13","37  day ahead inc hosp",2021-06-21,"quantile",0.3,185.244212487087
"10198",2021-05-15,"13","37  day ahead inc hosp",2021-06-21,"quantile",0.35,200.663648789172
"10199",2021-05-15,"13","37  day ahead inc hosp",2021-06-21,"quantile",0.4,216.166693859603
"10200",2021-05-15,"13","37  day ahead inc hosp",2021-06-21,"quantile",0.45,232.004664893159
"10201",2021-05-15,"13","37  day ahead inc hosp",2021-06-21,"quantile",0.5,248.425921002952
"10202",2021-05-15,"13","37  day ahead inc hosp",2021-06-21,"quantile",0.55,265.703848717308
"10203",2021-05-15,"13","37  day ahead inc hosp",2021-06-21,"quantile",0.6,284.167772020127
"10204",2021-05-15,"13","37  day ahead inc hosp",2021-06-21,"quantile",0.65,304.246240796047
"10205",2021-05-15,"13","37  day ahead inc hosp",2021-06-21,"quantile",0.7,326.538269927503
"10206",2021-05-15,"13","37  day ahead inc hosp",2021-06-21,"quantile",0.75,351.945876196071
"10207",2021-05-15,"13","37  day ahead inc hosp",2021-06-21,"quantile",0.8,381.952633617747
"10208",2021-05-15,"13","37  day ahead inc hosp",2021-06-21,"quantile",0.85,419.306170935125
"10209",2021-05-15,"13","37  day ahead inc hosp",2021-06-21,"quantile",0.9,470.121006965321
"10210",2021-05-15,"13","37  day ahead inc hosp",2021-06-21,"quantile",0.95,553.760661375688
"10211",2021-05-15,"13","37  day ahead inc hosp",2021-06-21,"quantile",0.975,634.93417066503
"10212",2021-05-15,"13","37  day ahead inc hosp",2021-06-21,"quantile",0.99,740.18524059635
"10213",2021-05-15,"15","1  day ahead inc hosp",2021-05-16,"quantile",0.01,0.704556189426459
"10214",2021-05-15,"15","1  day ahead inc hosp",2021-05-16,"quantile",0.025,0.985409271798855
"10215",2021-05-15,"15","1  day ahead inc hosp",2021-05-16,"quantile",0.05,1.28777595742098
"10216",2021-05-15,"15","1  day ahead inc hosp",2021-05-16,"quantile",0.1,1.71730330175177
"10217",2021-05-15,"15","1  day ahead inc hosp",2021-05-16,"quantile",0.15,2.06241832173336
"10218",2021-05-15,"15","1  day ahead inc hosp",2021-05-16,"quantile",0.2,2.37184432235547
"10219",2021-05-15,"15","1  day ahead inc hosp",2021-05-16,"quantile",0.25,2.66397624477809
"10220",2021-05-15,"15","1  day ahead inc hosp",2021-05-16,"quantile",0.3,2.94859573545076
"10221",2021-05-15,"15","1  day ahead inc hosp",2021-05-16,"quantile",0.35,3.23214823447584
"10222",2021-05-15,"15","1  day ahead inc hosp",2021-05-16,"quantile",0.4,3.51966789212559
"10223",2021-05-15,"15","1  day ahead inc hosp",2021-05-16,"quantile",0.45,3.81570241481789
"10224",2021-05-15,"15","1  day ahead inc hosp",2021-05-16,"quantile",0.5,4.12489983768687
"10225",2021-05-15,"15","1  day ahead inc hosp",2021-05-16,"quantile",0.55,4.45251853740732
"10226",2021-05-15,"15","1  day ahead inc hosp",2021-05-16,"quantile",0.6,4.80502297335494
"10227",2021-05-15,"15","1  day ahead inc hosp",2021-05-16,"quantile",0.65,5.19094671445474
"10228",2021-05-15,"15","1  day ahead inc hosp",2021-05-16,"quantile",0.7,5.62233656085177
"10229",2021-05-15,"15","1  day ahead inc hosp",2021-05-16,"quantile",0.75,6.11746070184568
"10230",2021-05-15,"15","1  day ahead inc hosp",2021-05-16,"quantile",0.8,6.70652558496822
"10231",2021-05-15,"15","1  day ahead inc hosp",2021-05-16,"quantile",0.85,7.44572908291509
"10232",2021-05-15,"15","1  day ahead inc hosp",2021-05-16,"quantile",0.9,8.4607053828175
"10233",2021-05-15,"15","1  day ahead inc hosp",2021-05-16,"quantile",0.95,10.1516121741132
"10234",2021-05-15,"15","1  day ahead inc hosp",2021-05-16,"quantile",0.975,11.8131121221901
"10235",2021-05-15,"15","1  day ahead inc hosp",2021-05-16,"quantile",0.99,13.9924791551015
"10236",2021-05-15,"15","2  day ahead inc hosp",2021-05-17,"quantile",0.01,0.650664593488178
"10237",2021-05-15,"15","2  day ahead inc hosp",2021-05-17,"quantile",0.025,0.926623936227291
"10238",2021-05-15,"15","2  day ahead inc hosp",2021-05-17,"quantile",0.05,1.22717788977998
"10239",2021-05-15,"15","2  day ahead inc hosp",2021-05-17,"quantile",0.1,1.65842276642576
"10240",2021-05-15,"15","2  day ahead inc hosp",2021-05-17,"quantile",0.15,2.00762687422969
"10241",2021-05-15,"15","2  day ahead inc hosp",2021-05-17,"quantile",0.2,2.32232617032418
"10242",2021-05-15,"15","2  day ahead inc hosp",2021-05-17,"quantile",0.25,2.62060359304204
"10243",2021-05-15,"15","2  day ahead inc hosp",2021-05-17,"quantile",0.3,2.91215279407012
"10244",2021-05-15,"15","2  day ahead inc hosp",2021-05-17,"quantile",0.35,3.20342391620474
"10245",2021-05-15,"15","2  day ahead inc hosp",2021-05-17,"quantile",0.4,3.49951120869649
"10246",2021-05-15,"15","2  day ahead inc hosp",2021-05-17,"quantile",0.45,3.80506858069634
"10247",2021-05-15,"15","2  day ahead inc hosp",2021-05-17,"quantile",0.5,4.12489983768687
"10248",2021-05-15,"15","2  day ahead inc hosp",2021-05-17,"quantile",0.55,4.46448194238525
"10249",2021-05-15,"15","2  day ahead inc hosp",2021-05-17,"quantile",0.6,4.83058609139802
"10250",2021-05-15,"15","2  day ahead inc hosp",2021-05-17,"quantile",0.65,5.23218574579033
"10251",2021-05-15,"15","2  day ahead inc hosp",2021-05-17,"quantile",0.7,5.68198278396795
"10252",2021-05-15,"15","2  day ahead inc hosp",2021-05-17,"quantile",0.75,6.19927553820262
"10253",2021-05-15,"15","2  day ahead inc hosp",2021-05-17,"quantile",0.8,6.81602038063791
"10254",2021-05-15,"15","2  day ahead inc hosp",2021-05-17,"quantile",0.85,7.59174587343351
"10255",2021-05-15,"15","2  day ahead inc hosp",2021-05-17,"quantile",0.9,8.65970306294982
"10256",2021-05-15,"15","2  day ahead inc hosp",2021-05-17,"quantile",0.95,10.4450013016144
"10257",2021-05-15,"15","2  day ahead inc hosp",2021-05-17,"quantile",0.975,12.2054151842017
"10258",2021-05-15,"15","2  day ahead inc hosp",2021-05-17,"quantile",0.99,14.5220582155836
"10259",2021-05-15,"15","3  day ahead inc hosp",2021-05-18,"quantile",0.01,0.601557085849645
"10260",2021-05-15,"15","3  day ahead inc hosp",2021-05-18,"quantile",0.025,0.872325876242281
"10261",2021-05-15,"15","3  day ahead inc hosp",2021-05-18,"quantile",0.05,1.17064569120303
"10262",2021-05-15,"15","3  day ahead inc hosp",2021-05-18,"quantile",0.1,1.60294525560759
"10263",2021-05-15,"15","3  day ahead inc hosp",2021-05-18,"quantile",0.15,1.95569569709394
"10264",2021-05-15,"15","3  day ahead inc hosp",2021-05-18,"quantile",0.2,2.27518963708821
"10265",2021-05-15,"15","3  day ahead inc hosp",2021-05-18,"quantile",0.25,2.57917345477646
"10266",2021-05-15,"15","3  day ahead inc hosp",2021-05-18,"quantile",0.3,2.87723933372309
"10267",2021-05-15,"15","3  day ahead inc hosp",2021-05-18,"quantile",0.35,3.1758336164363
"10268",2021-05-15,"15","3  day ahead inc hosp",2021-05-18,"quantile",0.4,3.48010470189228
"10269",2021-05-15,"15","3  day ahead inc hosp",2021-05-18,"quantile",0.45,3.79480816476447
"10270",2021-05-15,"15","3  day ahead inc hosp",2021-05-18,"quantile",0.5,4.12489983768687
"10271",2021-05-15,"15","3  day ahead inc hosp",2021-05-18,"quantile",0.55,4.47607194107483
"10272",2021-05-15,"15","3  day ahead inc hosp",2021-05-18,"quantile",0.6,4.85539922944739
"10273",2021-05-15,"15","3  day ahead inc hosp",2021-05-18,"quantile",0.65,5.27229181077144
"10274",2021-05-15,"15","3  day ahead inc hosp",2021-05-18,"quantile",0.7,5.74010313550053
"10275",2021-05-15,"15","3  day ahead inc hosp",2021-05-18,"quantile",0.75,6.27915773956667
"10276",2021-05-15,"15","3  day ahead inc hosp",2021-05-18,"quantile",0.8,6.9231575047451
"10277",2021-05-15,"15","3  day ahead inc hosp",2021-05-18,"quantile",0.85,7.73495746854313
"10278",2021-05-15,"15","3  day ahead inc hosp",2021-05-18,"quantile",0.9,8.85542646433649
"10279",2021-05-15,"15","3  day ahead inc hosp",2021-05-18,"quantile",0.95,10.7346739397195
"10280",2021-05-15,"15","3  day ahead inc hosp",2021-05-18,"quantile",0.975,12.5939353083753
"10281",2021-05-15,"15","3  day ahead inc hosp",2021-05-18,"quantile",0.99,15.0482511235863
"10282",2021-05-15,"15","4  day ahead inc hosp",2021-05-19,"quantile",0.01,0.556679240246211
"10283",2021-05-15,"15","4  day ahead inc hosp",2021-05-19,"quantile",0.025,0.822025740138037
"10284",2021-05-15,"15","4  day ahead inc hosp",2021-05-19,"quantile",0.05,1.11775518230604
"10285",2021-05-15,"15","4  day ahead inc hosp",2021-05-19,"quantile",0.1,1.55053043281639
"10286",2021-05-15,"15","4  day ahead inc hosp",2021-05-19,"quantile",0.15,1.90634529321965
"10287",2021-05-15,"15","4  day ahead inc hosp",2021-05-19,"quantile",0.2,2.2302055356689
"10288",2021-05-15,"15","4  day ahead inc hosp",2021-05-19,"quantile",0.25,2.53950092048122
"10289",2021-05-15,"15","4  day ahead inc hosp",2021-05-19,"quantile",0.3,2.84371090954027
"10290",2021-05-15,"15","4  day ahead inc hosp",2021-05-19,"quantile",0.35,3.14927084724922
"10291",2021-05-15,"15","4  day ahead inc hosp",2021-05-19,"quantile",0.4,3.46137820189129
"10292",2021-05-15,"15","4  day ahead inc hosp",2021-05-19,"quantile",0.45,3.78488631851543
"10293",2021-05-15,"15","4  day ahead inc hosp",2021-05-19,"quantile",0.5,4.12489983768687
"10294",2021-05-15,"15","4  day ahead inc hosp",2021-05-19,"quantile",0.55,4.48732338198291
"10295",2021-05-15,"15","4  day ahead inc hosp",2021-05-19,"quantile",0.6,4.87953255732471
"10296",2021-05-15,"15","4  day ahead inc hosp",2021-05-19,"quantile",0.65,5.31137139731937
"10297",2021-05-15,"15","4  day ahead inc hosp",2021-05-19,"quantile",0.7,5.79684206031891
"10298",2021-05-15,"15","4  day ahead inc hosp",2021-05-19,"quantile",0.75,6.35729221543794
"10299",2021-05-15,"15","4  day ahead inc hosp",2021-05-19,"quantile",0.8,7.02816614426843
"10300",2021-05-15,"15","4  day ahead inc hosp",2021-05-19,"quantile",0.85,7.87564336535039
"10301",2021-05-15,"15","4  day ahead inc hosp",2021-05-19,"quantile",0.9,9.04821592345835
"10302",2021-05-15,"15","4  day ahead inc hosp",2021-05-19,"quantile",0.95,11.0210542678128
"10303",2021-05-15,"15","4  day ahead inc hosp",2021-05-19,"quantile",0.975,12.9791618464166
"10304",2021-05-15,"15","4  day ahead inc hosp",2021-05-19,"quantile",0.99,15.5716123053741
"10305",2021-05-15,"15","5  day ahead inc hosp",2021-05-20,"quantile",0.01,0.515562873893313
"10306",2021-05-15,"15","5  day ahead inc hosp",2021-05-20,"quantile",0.025,0.775308850184554
"10307",2021-05-15,"15","5  day ahead inc hosp",2021-05-20,"quantile",0.05,1.06814607417219
"10308",2021-05-15,"15","5  day ahead inc hosp",2021-05-20,"quantile",0.1,1.50088863161215
"10309",2021-05-15,"15","5  day ahead inc hosp",2021-05-20,"quantile",0.15,1.8593375292231
"10310",2021-05-15,"15","5  day ahead inc hosp",2021-05-20,"quantile",0.2,2.18717846932546
"10311",2021-05-15,"15","5  day ahead inc hosp",2021-05-20,"quantile",0.25,2.50142827252268
"10312",2021-05-15,"15","5  day ahead inc hosp",2021-05-20,"quantile",0.3,2.81144427943247
"10313",2021-05-15,"15","5  day ahead inc hosp",2021-05-20,"quantile",0.35,3.12364473204783
"10314",2021-05-15,"15","5  day ahead inc hosp",2021-05-20,"quantile",0.4,3.44327181724093
"10315",2021-05-15,"15","5  day ahead inc hosp",2021-05-20,"quantile",0.45,3.77527329553909
"10316",2021-05-15,"15","5  day ahead inc hosp",2021-05-20,"quantile",0.5,4.12489983768687
"10317",2021-05-15,"15","5  day ahead inc hosp",2021-05-20,"quantile",0.55,4.49826601151963
"10318",2021-05-15,"15","5  day ahead inc hosp",2021-05-20,"quantile",0.6,4.90304596648257
"10319",2021-05-15,"15","5  day ahead inc hosp",2021-05-20,"quantile",0.65,5.34951538202979
"10320",2021-05-15,"15","5  day ahead inc hosp",2021-05-20,"quantile",0.7,5.85232280051228
"10321",2021-05-15,"15","5  day ahead inc hosp",2021-05-20,"quantile",0.75,6.43383668345008
"10322",2021-05-15,"15","5  day ahead inc hosp",2021-05-20,"quantile",0.8,7.13124169594871
"10323",2021-05-15,"15","5  day ahead inc hosp",2021-05-20,"quantile",0.85,8.01404169723901
"10324",2021-05-15,"15","5  day ahead inc hosp",2021-05-20,"quantile",0.9,9.23836110675545
"10325",2021-05-15,"15","5  day ahead inc hosp",2021-05-20,"quantile",0.95,11.3045025748109
"10326",2021-05-15,"15","5  day ahead inc hosp",2021-05-20,"quantile",0.975,13.3615094760557
"10327",2021-05-15,"15","5  day ahead inc hosp",2021-05-20,"quantile",0.99,16.0926099437316
"10328",2021-05-15,"15","6  day ahead inc hosp",2021-05-21,"quantile",0.01,0.477808921558666
"10329",2021-05-15,"15","6  day ahead inc hosp",2021-05-21,"quantile",0.025,0.731820487310065
"10330",2021-05-15,"15","6  day ahead inc hosp",2021-05-21,"quantile",0.05,1.0215094448916
"10331",2021-05-15,"15","6  day ahead inc hosp",2021-05-21,"quantile",0.1,1.4537709713476
"10332",2021-05-15,"15","6  day ahead inc hosp",2021-05-21,"quantile",0.15,1.81446758688963
"10333",2021-05-15,"15","6  day ahead inc hosp",2021-05-21,"quantile",0.2,2.14594026716754
"10334",2021-05-15,"15","6  day ahead inc hosp",2021-05-21,"quantile",0.25,2.46481970840645
"10335",2021-05-15,"15","6  day ahead inc hosp",2021-05-21,"quantile",0.3,2.78033329276831
"10336",2021-05-15,"15","6  day ahead inc hosp",2021-05-21,"quantile",0.35,3.0988769800937
"10337",2021-05-15,"15","6  day ahead inc hosp",2021-05-21,"quantile",0.4,3.42573394363243
"10338",2021-05-15,"15","6  day ahead inc hosp",2021-05-21,"quantile",0.45,3.76594346329873
"10339",2021-05-15,"15","6  day ahead inc hosp",2021-05-21,"quantile",0.5,4.12489983768687
"10340",2021-05-15,"15","6  day ahead inc hosp",2021-05-21,"quantile",0.55,4.50892546222168
"10341",2021-05-15,"15","6  day ahead inc hosp",2021-05-21,"quantile",0.6,4.92599106122975
"10342",2021-05-15,"15","6  day ahead inc hosp",2021-05-21,"quantile",0.65,5.38680205564115
"10343",2021-05-15,"15","6  day ahead inc hosp",2021-05-21,"quantile",0.7,5.90665150671201
"10344",2021-05-15,"15","6  day ahead inc hosp",2021-05-21,"quantile",0.75,6.50892694609748
"10345",2021-05-15,"15","6  day ahead inc hosp",2021-05-21,"quantile",0.8,7.23255233067627
"10346",2021-05-15,"15","6  day ahead inc hosp",2021-05-21,"quantile",0.85,8.15035728242365
"10347",2021-05-15,"15","6  day ahead inc hosp",2021-05-21,"quantile",0.9,9.42611089487503
"10348",2021-05-15,"15","6  day ahead inc hosp",2021-05-21,"quantile",0.95,11.5853277826237
"10349",2021-05-15,"15","6  day ahead inc hosp",2021-05-21,"quantile",0.975,13.7413329163643
"10350",2021-05-15,"15","6  day ahead inc hosp",2021-05-21,"quantile",0.99,16.6116431038911
"10351",2021-05-15,"15","7  day ahead inc hosp",2021-05-22,"quantile",0.01,0.443074407498267
"10352",2021-05-15,"15","7  day ahead inc hosp",2021-05-22,"quantile",0.025,0.691254682338653
"10353",2021-05-15,"15","7  day ahead inc hosp",2021-05-22,"quantile",0.05,0.97757819172073
"10354",2021-05-15,"15","7  day ahead inc hosp",2021-05-22,"quantile",0.1,1.40896181524653
"10355",2021-05-15,"15","7  day ahead inc hosp",2021-05-22,"quantile",0.15,1.77155781928324
"10356",2021-05-15,"15","7  day ahead inc hosp",2021-05-22,"quantile",0.2,2.10634497183275
"10357",2021-05-15,"15","7  day ahead inc hosp",2021-05-22,"quantile",0.25,2.42955731090443
"10358",2021-05-15,"15","7  day ahead inc hosp",2021-05-22,"quantile",0.3,2.7502857501107
"10359",2021-05-15,"15","7  day ahead inc hosp",2021-05-22,"quantile",0.35,3.07489957541095
"10360",2021-05-15,"15","7  day ahead inc hosp",2021-05-22,"quantile",0.4,3.40871974274962
"10361",2021-05-15,"15","7  day ahead inc hosp",2021-05-22,"quantile",0.45,3.75687454817356
"10362",2021-05-15,"15","7  day ahead inc hosp",2021-05-22,"quantile",0.5,4.12489983768687
"10363",2021-05-15,"15","7  day ahead inc hosp",2021-05-22,"quantile",0.55,4.51932400770988
"10364",2021-05-15,"15","7  day ahead inc hosp",2021-05-22,"quantile",0.6,4.94841267988242
"10365",2021-05-15,"15","7  day ahead inc hosp",2021-05-22,"quantile",0.65,5.4232994341293
"10366",2021-05-15,"15","7  day ahead inc hosp",2021-05-22,"quantile",0.7,5.95992037835521
"10367",2021-05-15,"15","7  day ahead inc hosp",2021-05-22,"quantile",0.75,6.58268092060824
"10368",2021-05-15,"15","7  day ahead inc hosp",2021-05-22,"quantile",0.8,7.33224400581353
"10369",2021-05-15,"15","7  day ahead inc hosp",2021-05-22,"quantile",0.85,8.28476776784032
"10370",2021-05-15,"15","7  day ahead inc hosp",2021-05-22,"quantile",0.9,9.61168092459332
"10371",2021-05-15,"15","7  day ahead inc hosp",2021-05-22,"quantile",0.95,11.8637969939949
"10372",2021-05-15,"15","7  day ahead inc hosp",2021-05-22,"quantile",0.975,14.1189381365182
"10373",2021-05-15,"15","7  day ahead inc hosp",2021-05-22,"quantile",0.99,17.1290547615966
"10374",2021-05-15,"15","8  day ahead inc hosp",2021-05-23,"quantile",0.01,0.411062381929624
"10375",2021-05-15,"15","8  day ahead inc hosp",2021-05-23,"quantile",0.025,0.653345546493397
"10376",2021-05-15,"15","8  day ahead inc hosp",2021-05-23,"quantile",0.05,0.936119639526497
"10377",2021-05-15,"15","8  day ahead inc hosp",2021-05-23,"quantile",0.1,1.36627292692867
"10378",2021-05-15,"15","8  day ahead inc hosp",2021-05-23,"quantile",0.15,1.73045298840961
"10379",2021-05-15,"15","8  day ahead inc hosp",2021-05-23,"quantile",0.2,2.06826495319931
"10380",2021-05-15,"15","8  day ahead inc hosp",2021-05-23,"quantile",0.25,2.3955379229169
"10381",2021-05-15,"15","8  day ahead inc hosp",2021-05-23,"quantile",0.3,2.72122096764025
"10382",2021-05-15,"15","8  day ahead inc hosp",2021-05-23,"quantile",0.35,3.0516529841429
"10383",2021-05-15,"15","8  day ahead inc hosp",2021-05-23,"quantile",0.4,3.39218996228649
"10384",2021-05-15,"15","8  day ahead inc hosp",2021-05-23,"quantile",0.45,3.74804704980468
"10385",2021-05-15,"15","8  day ahead inc hosp",2021-05-23,"quantile",0.5,4.12489983768687
"10386",2021-05-15,"15","8  day ahead inc hosp",2021-05-23,"quantile",0.55,4.52948114834311
"10387",2021-05-15,"15","8  day ahead inc hosp",2021-05-23,"quantile",0.6,4.97035007474657
"10388",2021-05-15,"15","8  day ahead inc hosp",2021-05-23,"quantile",0.65,5.45906705135094
"10389",2021-05-15,"15","8  day ahead inc hosp",2021-05-23,"quantile",0.7,6.01221009926125
"10390",2021-05-15,"15","8  day ahead inc hosp",2021-05-23,"quantile",0.75,6.65520176408209
"10391",2021-05-15,"15","8  day ahead inc hosp",2021-05-23,"quantile",0.8,7.43044435148223
"10392",2021-05-15,"15","8  day ahead inc hosp",2021-05-23,"quantile",0.85,8.41742839148332
"10393",2021-05-15,"15","8  day ahead inc hosp",2021-05-23,"quantile",0.9,9.79525943229057
"10394",2021-05-15,"15","8  day ahead inc hosp",2021-05-23,"quantile",0.95,12.1401428840574
"10395",2021-05-15,"15","8  day ahead inc hosp",2021-05-23,"quantile",0.975,14.4945910252946
"10396",2021-05-15,"15","8  day ahead inc hosp",2021-05-23,"quantile",0.99,17.6451418666305
"10397",2021-05-15,"15","9  day ahead inc hosp",2021-05-24,"quantile",0.01,0.381514040708648
"10398",2021-05-15,"15","9  day ahead inc hosp",2021-05-24,"quantile",0.025,0.61786047376866
"10399",2021-05-15,"15","9  day ahead inc hosp",2021-05-24,"quantile",0.05,0.896929739883897
"10400",2021-05-15,"15","9  day ahead inc hosp",2021-05-24,"quantile",0.1,1.32553888064596
"10401",2021-05-15,"15","9  day ahead inc hosp",2021-05-24,"quantile",0.15,1.6910165230162
"10402",2021-05-15,"15","9  day ahead inc hosp",2021-05-24,"quantile",0.2,2.03158785373852
"10403",2021-05-15,"15","9  day ahead inc hosp",2021-05-24,"quantile",0.25,2.36267069062995
"10404",2021-05-15,"15","9  day ahead inc hosp",2021-05-24,"quantile",0.3,2.69306786215979
"10405",2021-05-15,"15","9  day ahead inc hosp",2021-05-24,"quantile",0.35,3.0290847449373
"10406",2021-05-15,"15","9  day ahead inc hosp",2021-05-24,"quantile",0.4,3.37611000803074
"10407",2021-05-15,"15","9  day ahead inc hosp",2021-05-24,"quantile",0.45,3.73944378053126
"10408",2021-05-15,"15","9  day ahead inc hosp",2021-05-24,"quantile",0.5,4.12489983768687
"10409",2021-05-15,"15","9  day ahead inc hosp",2021-05-24,"quantile",0.55,4.53941407178221
"10410",2021-05-15,"15","9  day ahead inc hosp",2021-05-24,"quantile",0.6,4.99183784003453
"10411",2021-05-15,"15","9  day ahead inc hosp",2021-05-24,"quantile",0.65,5.49415736865831
"10412",2021-05-15,"15","9  day ahead inc hosp",2021-05-24,"quantile",0.7,6.06359175262732
"10413",2021-05-15,"15","9  day ahead inc hosp",2021-05-24,"quantile",0.75,6.72658033033291
"10414",2021-05-15,"15","9  day ahead inc hosp",2021-05-24,"quantile",0.8,7.52726572521109
"10415",2021-05-15,"15","9  day ahead inc hosp",2021-05-24,"quantile",0.85,8.5484757246052
"10416",2021-05-15,"15","9  day ahead inc hosp",2021-05-24,"quantile",0.9,9.97701184371487
"10417",2021-05-15,"15","9  day ahead inc hosp",2021-05-24,"quantile",0.95,12.4145695012363
"10418",2021-05-15,"15","9  day ahead inc hosp",2021-05-24,"quantile",0.975,14.8685241886989
"10419",2021-05-15,"15","9  day ahead inc hosp",2021-05-24,"quantile",0.99,18.1601632231371
"10420",2021-05-15,"15","10  day ahead inc hosp",2021-05-25,"quantile",0.01,0.354202478608184
"10421",2021-05-15,"15","10  day ahead inc hosp",2021-05-25,"quantile",0.025,0.584594745339261
"10422",2021-05-15,"15","10  day ahead inc hosp",2021-05-25,"quantile",0.05,0.859828462410413
"10423",2021-05-15,"15","10  day ahead inc hosp",2021-05-25,"quantile",0.1,1.28661341180758
"10424",2021-05-15,"15","10  day ahead inc hosp",2021-05-25,"quantile",0.15,1.65312754175508
"10425",2021-05-15,"15","10  day ahead inc hosp",2021-05-25,"quantile",0.2,1.99621415794194
"10426",2021-05-15,"15","10  day ahead inc hosp",2021-05-25,"quantile",0.25,2.33087510824515
"10427",2021-05-15,"15","10  day ahead inc hosp",2021-05-25,"quantile",0.3,2.66576342684822
"10428",2021-05-15,"15","10  day ahead inc hosp",2021-05-25,"quantile",0.35,3.007148346855
"10429",2021-05-15,"15","10  day ahead inc hosp",2021-05-25,"quantile",0.4,3.3604492051713
"10430",2021-05-15,"15","10  day ahead inc hosp",2021-05-25,"quantile",0.45,3.73104949873347
"10431",2021-05-15,"15","10  day ahead inc hosp",2021-05-25,"quantile",0.5,4.12489983768687
"10432",2021-05-15,"15","10  day ahead inc hosp",2021-05-25,"quantile",0.55,4.54913801964701
"10433",2021-05-15,"15","10  day ahead inc hosp",2021-05-25,"quantile",0.6,5.01290665055734
"10434",2021-05-15,"15","10  day ahead inc hosp",2021-05-25,"quantile",0.65,5.52861689699057
"10435",2021-05-15,"15","10  day ahead inc hosp",2021-05-25,"quantile",0.7,6.1141283452745
"10436",2021-05-15,"15","10  day ahead inc hosp",2021-05-25,"quantile",0.75,6.79689712515917
"10437",2021-05-15,"15","10  day ahead inc hosp",2021-05-25,"quantile",0.8,7.62280764250856
"10438",2021-05-15,"15","10  day ahead inc hosp",2021-05-25,"quantile",0.85,8.6780306485539
"10439",2021-05-15,"15","10  day ahead inc hosp",2021-05-25,"quantile",0.9,10.157084423457
"10440",2021-05-15,"15","10  day ahead inc hosp",2021-05-25,"quantile",0.95,12.6872568759141
"10441",2021-05-15,"15","10  day ahead inc hosp",2021-05-25,"quantile",0.975,15.2409423455563
"10442",2021-05-15,"15","10  day ahead inc hosp",2021-05-25,"quantile",0.99,18.6743457363433
"10443",2021-05-15,"15","11  day ahead inc hosp",2021-05-26,"quantile",0.01,0.32892768257733
"10444",2021-05-15,"15","11  day ahead inc hosp",2021-05-26,"quantile",0.025,0.553367199246245
"10445",2021-05-15,"15","11  day ahead inc hosp",2021-05-26,"quantile",0.05,0.824656092603915
"10446",2021-05-15,"15","11  day ahead inc hosp",2021-05-26,"quantile",0.1,1.24936648289906
"10447",2021-05-15,"15","11  day ahead inc hosp",2021-05-26,"quantile",0.15,1.61667845884702
"10448",2021-05-15,"15","11  day ahead inc hosp",2021-05-26,"quantile",0.2,1.96205523681988
"10449",2021-05-15,"15","11  day ahead inc hosp",2021-05-26,"quantile",0.25,2.30007944458237
"10450",2021-05-15,"15","11  day ahead inc hosp",2021-05-26,"quantile",0.3,2.63925150454323
"10451",2021-05-15,"15","11  day ahead inc hosp",2021-05-26,"quantile",0.35,2.98580232622361
"10452",2021-05-15,"15","11  day ahead inc hosp",2021-05-26,"quantile",0.4,3.34518020370457
"10453",2021-05-15,"15","11  day ahead inc hosp",2021-05-26,"quantile",0.45,3.72285061368972
"10454",2021-05-15,"15","11  day ahead inc hosp",2021-05-26,"quantile",0.5,4.12489983768687
"10455",2021-05-15,"15","11  day ahead inc hosp",2021-05-26,"quantile",0.55,4.55866658265911
"10456",2021-05-15,"15","11  day ahead inc hosp",2021-05-26,"quantile",0.6,5.03358385631861
"10457",2021-05-15,"15","11  day ahead inc hosp",2021-05-26,"quantile",0.65,5.5624871000201
"10458",2021-05-15,"15","11  day ahead inc hosp",2021-05-26,"quantile",0.7,6.16387603436512
"10459",2021-05-15,"15","11  day ahead inc hosp",2021-05-26,"quantile",0.75,6.86622387974097
"10460",2021-05-15,"15","11  day ahead inc hosp",2021-05-26,"quantile",0.8,7.71715873236432
"10461",2021-05-15,"15","11  day ahead inc hosp",2021-05-26,"quantile",0.85,8.80620074910865
"10462",2021-05-15,"15","11  day ahead inc hosp",2021-05-26,"quantile",0.9,10.3356072090315
"10463",2021-05-15,"15","11  day ahead inc hosp",2021-05-26,"quantile",0.95,12.958364722593
"10464",2021-05-15,"15","11  day ahead inc hosp",2021-05-26,"quantile",0.975,15.6120266578259
"10465",2021-05-15,"15","11  day ahead inc hosp",2021-05-26,"quantile",0.99,19.1878894193002
"10466",2021-05-15,"15","12  day ahead inc hosp",2021-05-27,"quantile",0.01,0.305512478464375
"10467",2021-05-15,"15","12  day ahead inc hosp",2021-05-27,"quantile",0.025,0.524016720033603
"10468",2021-05-15,"15","12  day ahead inc hosp",2021-05-27,"quantile",0.05,0.791270227912805
"10469",2021-05-15,"15","12  day ahead inc hosp",2021-05-27,"quantile",0.1,1.21368190078463
"10470",2021-05-15,"15","12  day ahead inc hosp",2021-05-27,"quantile",0.15,1.58157303885318
"10471",2021-05-15,"15","12  day ahead inc hosp",2021-05-27,"quantile",0.2,1.92903175875722
"10472",2021-05-15,"15","12  day ahead inc hosp",2021-05-27,"quantile",0.25,2.27021946421238
"10473",2021-05-15,"15","12  day ahead inc hosp",2021-05-27,"quantile",0.3,2.61348179052464
"10474",2021-05-15,"15","12  day ahead inc hosp",2021-05-27,"quantile",0.35,2.96500953238808
"10475",2021-05-15,"15","12  day ahead inc hosp",2021-05-27,"quantile",0.4,3.33027849500531
"10476",2021-05-15,"15","12  day ahead inc hosp",2021-05-27,"quantile",0.45,3.71483494560494
"10477",2021-05-15,"15","12  day ahead inc hosp",2021-05-27,"quantile",0.5,4.12489983768687
"10478",2021-05-15,"15","12  day ahead inc hosp",2021-05-27,"quantile",0.55,4.56801194061356
"10479",2021-05-15,"15","12  day ahead inc hosp",2021-05-27,"quantile",0.6,5.0538939659436
"10480",2021-05-15,"15","12  day ahead inc hosp",2021-05-27,"quantile",0.65,5.59580512840195
"10481",2021-05-15,"15","12  day ahead inc hosp",2021-05-27,"quantile",0.7,6.21288512461934
"10482",2021-05-15,"15","12  day ahead inc hosp",2021-05-27,"quantile",0.75,6.93462482950755
"10483",2021-05-15,"15","12  day ahead inc hosp",2021-05-27,"quantile",0.8,7.81039832639349
"10484",2021-05-15,"15","12  day ahead inc hosp",2021-05-27,"quantile",0.85,8.93308226170827
"10485",2021-05-15,"15","12  day ahead inc hosp",2021-05-27,"quantile",0.9,10.512696393574
"10486",2021-05-15,"15","12  day ahead inc hosp",2021-05-27,"quantile",0.95,13.2280354438245
"10487",2021-05-15,"15","12  day ahead inc hosp",2021-05-27,"quantile",0.975,15.9819382409636
"10488",2021-05-15,"15","12  day ahead inc hosp",2021-05-27,"quantile",0.99,19.7009714461594
"10489",2021-05-15,"15","13  day ahead inc hosp",2021-05-28,"quantile",0.01,0.283799219561543
"10490",2021-05-15,"15","13  day ahead inc hosp",2021-05-28,"quantile",0.025,0.496399366974631
"10491",2021-05-15,"15","13  day ahead inc hosp",2021-05-28,"quantile",0.05,0.759543317982824
"10492",2021-05-15,"15","13  day ahead inc hosp",2021-05-28,"quantile",0.1,1.17945536401282
"10493",2021-05-15,"15","13  day ahead inc hosp",2021-05-28,"quantile",0.15,1.5477248018068
"10494",2021-05-15,"15","13  day ahead inc hosp",2021-05-28,"quantile",0.2,1.89707238623462
"10495",2021-05-15,"15","13  day ahead inc hosp",2021-05-28,"quantile",0.25,2.24123737844194
"10496",2021-05-15,"15","13  day ahead inc hosp",2021-05-28,"quantile",0.3,2.58840901441985
"10497",2021-05-15,"15","13  day ahead inc hosp",2021-05-28,"quantile",0.35,2.94473652529248
"10498",2021-05-15,"15","13  day ahead inc hosp",2021-05-28,"quantile",0.4,3.31572201517051
"10499",2021-05-15,"15","13  day ahead inc hosp",2021-05-28,"quantile",0.45,3.70699152870565
"10500",2021-05-15,"15","13  day ahead inc hosp",2021-05-28,"quantile",0.5,4.12489983768687
"10501",2021-05-15,"15","13  day ahead inc hosp",2021-05-28,"quantile",0.55,4.57718505928384
"10502",2021-05-15,"15","13  day ahead inc hosp",2021-05-28,"quantile",0.6,5.0738590433353
"10503",2021-05-15,"15","13  day ahead inc hosp",2021-05-28,"quantile",0.65,5.62860442219206
"10504",2021-05-15,"15","13  day ahead inc hosp",2021-05-28,"quantile",0.7,6.26120088640976
"10505",2021-05-15,"15","13  day ahead inc hosp",2021-05-28,"quantile",0.75,7.00215776315215
"10506",2021-05-15,"15","13  day ahead inc hosp",2021-05-28,"quantile",0.8,7.90259776211541
"10507",2021-05-15,"15","13  day ahead inc hosp",2021-05-28,"quantile",0.85,9.05876166631954
"10508",2021-05-15,"15","13  day ahead inc hosp",2021-05-28,"quantile",0.9,10.6884562785361
"10509",2021-05-15,"15","13  day ahead inc hosp",2021-05-28,"quantile",0.95,13.4963965899628
"10510",2021-05-15,"15","13  day ahead inc hosp",2021-05-28,"quantile",0.975,16.3508210356961
"10511",2021-05-15,"15","13  day ahead inc hosp",2021-05-28,"quantile",0.99,20.2137494636287
"10512",2021-05-15,"15","14  day ahead inc hosp",2021-05-29,"quantile",0.01,0.263647058534459
"10513",2021-05-15,"15","14  day ahead inc hosp",2021-05-29,"quantile",0.025,0.470386005008989
"10514",2021-05-15,"15","14  day ahead inc hosp",2021-05-29,"quantile",0.05,0.729360633593704
"10515",2021-05-15,"15","14  day ahead inc hosp",2021-05-29,"quantile",0.1,1.14659284908645
"10516",2021-05-15,"15","14  day ahead inc hosp",2021-05-29,"quantile",0.15,1.51505570462022
"10517",2021-05-15,"15","14  day ahead inc hosp",2021-05-29,"quantile",0.2,1.86611269801625
"10518",2021-05-15,"15","14  day ahead inc hosp",2021-05-29,"quantile",0.25,2.21308097761392
"10519",2021-05-15,"15","14  day ahead inc hosp",2021-05-29,"quantile",0.3,2.56399226342108
"10520",2021-05-15,"15","14  day ahead inc hosp",2021-05-29,"quantile",0.35,2.92495307707271
"10521",2021-05-15,"15","14  day ahead inc hosp",2021-05-29,"quantile",0.4,3.30149081682798
"10522",2021-05-15,"15","14  day ahead inc hosp",2021-05-29,"quantile",0.45,3.69931044831585
"10523",2021-05-15,"15","14  day ahead inc hosp",2021-05-29,"quantile",0.5,4.12489983768687
"10524",2021-05-15,"15","14  day ahead inc hosp",2021-05-29,"quantile",0.55,4.58619585334597
"10525",2021-05-15,"15","14  day ahead inc hosp",2021-05-29,"quantile",0.6,5.09349903586589
"10526",2021-05-15,"15","14  day ahead inc hosp",2021-05-29,"quantile",0.65,5.66091520925452
"10527",2021-05-15,"15","14  day ahead inc hosp",2021-05-29,"quantile",0.7,6.30886423254418
"10528",2021-05-15,"15","14  day ahead inc hosp",2021-05-29,"quantile",0.75,7.0688748903319
"10529",2021-05-15,"15","14  day ahead inc hosp",2021-05-29,"quantile",0.8,7.99382146076591
"10530",2021-05-15,"15","14  day ahead inc hosp",2021-05-29,"quantile",0.85,9.18331700603011
"10531",2021-05-15,"15","14  day ahead inc hosp",2021-05-29,"quantile",0.9,10.862980887415
"10532",2021-05-15,"15","14  day ahead inc hosp",2021-05-29,"quantile",0.95,13.7635628902284
"10533",2021-05-15,"15","14  day ahead inc hosp",2021-05-29,"quantile",0.975,16.7188041770838
"10534",2021-05-15,"15","14  day ahead inc hosp",2021-05-29,"quantile",0.99,20.7263643190425
"10535",2021-05-15,"15","15  day ahead inc hosp",2021-05-30,"quantile",0.01,0.244929682671052
"10536",2021-05-15,"15","15  day ahead inc hosp",2021-05-30,"quantile",0.025,0.445860335336071
"10537",2021-05-15,"15","15  day ahead inc hosp",2021-05-30,"quantile",0.05,0.700618576647249
"10538",2021-05-15,"15","15  day ahead inc hosp",2021-05-30,"quantile",0.1,1.11500926657496
"10539",2021-05-15,"15","15  day ahead inc hosp",2021-05-30,"quantile",0.15,1.48349504250299
"10540",2021-05-15,"15","15  day ahead inc hosp",2021-05-30,"quantile",0.2,1.83609429092549
"10541",2021-05-15,"15","15  day ahead inc hosp",2021-05-30,"quantile",0.25,2.18570290784895
"10542",2021-05-15,"15","15  day ahead inc hosp",2021-05-30,"quantile",0.3,2.54019441808794
"10543",2021-05-15,"15","15  day ahead inc hosp",2021-05-30,"quantile",0.35,2.90563175652246
"10544",2021-05-15,"15","15  day ahead inc hosp",2021-05-30,"quantile",0.4,3.28756679549834
"10545",2021-05-15,"15","15  day ahead inc hosp",2021-05-30,"quantile",0.45,3.69178270501011
"10546",2021-05-15,"15","15  day ahead inc hosp",2021-05-30,"quantile",0.5,4.12489983768687
"10547",2021-05-15,"15","15  day ahead inc hosp",2021-05-30,"quantile",0.55,4.59505332222536
"10548",2021-05-15,"15","15  day ahead inc hosp",2021-05-30,"quantile",0.6,5.11283204801477
"10549",2021-05-15,"15","15  day ahead inc hosp",2021-05-30,"quantile",0.65,5.69276492079564
"10550",2021-05-15,"15","15  day ahead inc hosp",2021-05-30,"quantile",0.7,6.35591228246298
"10551",2021-05-15,"15","15  day ahead inc hosp",2021-05-30,"quantile",0.75,7.13482356492617
"10552",2021-05-15,"15","15  day ahead inc hosp",2021-05-30,"quantile",0.8,8.08412782552161
"10553",2021-05-15,"15","15  day ahead inc hosp",2021-05-30,"quantile",0.85,9.30681898563042
"10554",2021-05-15,"15","15  day ahead inc hosp",2021-05-30,"quantile",0.9,11.0363553096411
"10555",2021-05-15,"15","15  day ahead inc hosp",2021-05-30,"quantile",0.95,14.0296379427193
"10556",2021-05-15,"15","15  day ahead inc hosp",2021-05-30,"quantile",0.975,17.0860039639273
"10557",2021-05-15,"15","15  day ahead inc hosp",2021-05-30,"quantile",0.99,21.2389423251129
"10558",2021-05-15,"15","16  day ahead inc hosp",2021-05-31,"quantile",0.01,0.227533420437528
"10559",2021-05-15,"15","16  day ahead inc hosp",2021-05-31,"quantile",0.025,0.422717246624116
"10560",2021-05-15,"15","16  day ahead inc hosp",2021-05-31,"quantile",0.05,0.673223263951507
"10561",2021-05-15,"15","16  day ahead inc hosp",2021-05-31,"quantile",0.1,1.08462733399589
"10562",2021-05-15,"15","16  day ahead inc hosp",2021-05-31,"quantile",0.15,1.45297852717825
"10563",2021-05-15,"15","16  day ahead inc hosp",2021-05-31,"quantile",0.2,1.80696402596615
"10564",2021-05-15,"15","16  day ahead inc hosp",2021-05-31,"quantile",0.25,2.1590600639005
"10565",2021-05-15,"15","16  day ahead inc hosp",2021-05-31,"quantile",0.3,2.51698167866431
"10566",2021-05-15,"15","16  day ahead inc hosp",2021-05-31,"quantile",0.35,2.88674758019078
"10567",2021-05-15,"15","16  day ahead inc hosp",2021-05-31,"quantile",0.4,3.27393345982114
"10568",2021-05-15,"15","16  day ahead inc hosp",2021-05-31,"quantile",0.45,3.68440010053889
"10569",2021-05-15,"15","16  day ahead inc hosp",2021-05-31,"quantile",0.5,4.12489983768687
"10570",2021-05-15,"15","16  day ahead inc hosp",2021-05-31,"quantile",0.55,4.60376566417156
"10571",2021-05-15,"15","16  day ahead inc hosp",2021-05-31,"quantile",0.6,5.13187457114239
"10572",2021-05-15,"15","16  day ahead inc hosp",2021-05-31,"quantile",0.65,5.72417854026638
"10573",2021-05-15,"15","16  day ahead inc hosp",2021-05-31,"quantile",0.7,6.40237883592227
"10574",2021-05-15,"15","16  day ahead inc hosp",2021-05-31,"quantile",0.75,7.20004689218148
"10575",2021-05-15,"15","16  day ahead inc hosp",2021-05-31,"quantile",0.8,8.17356999537869
"10576",2021-05-15,"15","16  day ahead inc hosp",2021-05-31,"quantile",0.85,9.42933189339736
"10577",2021-05-15,"15","16  day ahead inc hosp",2021-05-31,"quantile",0.9,11.2086568276971
"10578",2021-05-15,"15","16  day ahead inc hosp",2021-05-31,"quantile",0.95,14.2947156306274
"10579",2021-05-15,"15","16  day ahead inc hosp",2021-05-31,"quantile",0.975,17.4525255075583
"10580",2021-05-15,"15","16  day ahead inc hosp",2021-05-31,"quantile",0.99,21.7515971533736
"10581",2021-05-15,"15","17  day ahead inc hosp",2021-06-01,"quantile",0.01,0.211355648095757
"10582",2021-05-15,"15","17  day ahead inc hosp",2021-06-01,"quantile",0.025,0.400861425583256
"10583",2021-05-15,"15","17  day ahead inc hosp",2021-06-01,"quantile",0.05,0.647089332652184
"10584",2021-05-15,"15","17  day ahead inc hosp",2021-06-01,"quantile",0.1,1.05537662429191
"10585",2021-05-15,"15","17  day ahead inc hosp",2021-06-01,"quantile",0.15,1.42344750836407
"10586",2021-05-15,"15","17  day ahead inc hosp",2021-06-01,"quantile",0.2,1.7786733914363
"10587",2021-05-15,"15","17  day ahead inc hosp",2021-06-01,"quantile",0.25,2.13311307613413
"10588",2021-05-15,"15","17  day ahead inc hosp",2021-06-01,"quantile",0.3,2.49432316477573
"10589",2021-05-15,"15","17  day ahead inc hosp",2021-06-01,"quantile",0.35,2.86827771750232
"10590",2021-05-15,"15","17  day ahead inc hosp",2021-06-01,"quantile",0.4,3.26057573734626
"10591",2021-05-15,"15","17  day ahead inc hosp",2021-06-01,"quantile",0.45,3.67715514140728
"10592",2021-05-15,"15","17  day ahead inc hosp",2021-06-01,"quantile",0.5,4.12489983768687
"10593",2021-05-15,"15","17  day ahead inc hosp",2021-06-01,"quantile",0.55,4.61234037267948
"10594",2021-05-15,"15","17  day ahead inc hosp",2021-06-01,"quantile",0.6,5.15064167769886
"10595",2021-05-15,"15","17  day ahead inc hosp",2021-06-01,"quantile",0.65,5.75517889824208
"10596",2021-05-15,"15","17  day ahead inc hosp",2021-06-01,"quantile",0.7,6.44829477329653
"10597",2021-05-15,"15","17  day ahead inc hosp",2021-06-01,"quantile",0.75,7.26458424173229
"10598",2021-05-15,"15","17  day ahead inc hosp",2021-06-01,"quantile",0.8,8.2621964820391
"10599",2021-05-15,"15","17  day ahead inc hosp",2021-06-01,"quantile",0.85,9.55091437961284
"10600",2021-05-15,"15","17  day ahead inc hosp",2021-06-01,"quantile",0.9,11.3799558686401
"10601",2021-05-15,"15","17  day ahead inc hosp",2021-06-01,"quantile",0.95,14.5588813168072
"10602",2021-05-15,"15","17  day ahead inc hosp",2021-06-01,"quantile",0.975,17.8184641212667
"10603",2021-05-15,"15","17  day ahead inc hosp",2021-06-01,"quantile",0.99,22.2644314275628
"10604",2021-05-15,"15","18  day ahead inc hosp",2021-06-02,"quantile",0.01,0.196303440687476
"10605",2021-05-15,"15","18  day ahead inc hosp",2021-06-02,"quantile",0.025,0.380206178980894
"10606",2021-05-15,"15","18  day ahead inc hosp",2021-06-02,"quantile",0.05,0.622138926488068
"10607",2021-05-15,"15","18  day ahead inc hosp",2021-06-02,"quantile",0.1,1.02719275765479
"10608",2021-05-15,"15","18  day ahead inc hosp",2021-06-02,"quantile",0.15,1.39484831224831
"10609",2021-05-15,"15","18  day ahead inc hosp",2021-06-02,"quantile",0.2,1.75117796160143
"10610",2021-05-15,"15","18  day ahead inc hosp",2021-06-02,"quantile",0.25,2.10782587439839
"10611",2021-05-15,"15","18  day ahead inc hosp",2021-06-02,"quantile",0.3,2.47219057507878
"10612",2021-05-15,"15","18  day ahead inc hosp",2021-06-02,"quantile",0.35,2.85020124001738
"10613",2021-05-15,"15","18  day ahead inc hosp",2021-06-02,"quantile",0.4,3.24747980938574
"10614",2021-05-15,"15","18  day ahead inc hosp",2021-06-02,"quantile",0.45,3.6700409568789
"10615",2021-05-15,"15","18  day ahead inc hosp",2021-06-02,"quantile",0.5,4.12489983768687
"10616",2021-05-15,"15","18  day ahead inc hosp",2021-06-02,"quantile",0.55,4.62078431848551
"10617",2021-05-15,"15","18  day ahead inc hosp",2021-06-02,"quantile",0.6,5.16914718637214
"10618",2021-05-15,"15","18  day ahead inc hosp",2021-06-02,"quantile",0.65,5.78578692316245
"10619",2021-05-15,"15","18  day ahead inc hosp",2021-06-02,"quantile",0.7,6.49368839592915
"10620",2021-05-15,"15","18  day ahead inc hosp",2021-06-02,"quantile",0.75,7.32847168373004
"10621",2021-05-15,"15","18  day ahead inc hosp",2021-06-02,"quantile",0.8,8.35005171123734
"10622",2021-05-15,"15","18  day ahead inc hosp",2021-06-02,"quantile",0.85,9.67162011808899
"10623",2021-05-15,"15","18  day ahead inc hosp",2021-06-02,"quantile",0.9,11.5503168122784
"10624",2021-05-15,"15","18  day ahead inc hosp",2021-06-02,"quantile",0.95,14.8222128575198
"10625",2021-05-15,"15","18  day ahead inc hosp",2021-06-02,"quantile",0.975,18.1839064982851
"10626",2021-05-15,"15","18  day ahead inc hosp",2021-06-02,"quantile",0.99,22.7775380726388
"10627",2021-05-15,"15","19  day ahead inc hosp",2021-06-03,"quantile",0.01,0.182292423460757
"10628",2021-05-15,"15","19  day ahead inc hosp",2021-06-03,"quantile",0.025,0.360672429273857
"10629",2021-05-15,"15","19  day ahead inc hosp",2021-06-03,"quantile",0.05,0.598300830629245
"10630",2021-05-15,"15","19  day ahead inc hosp",2021-06-03,"quantile",0.1,1.00001671121381
"10631",2021-05-15,"15","19  day ahead inc hosp",2021-06-03,"quantile",0.15,1.36713167619182
"10632",2021-05-15,"15","19  day ahead inc hosp",2021-06-03,"quantile",0.2,1.72443693398293
"10633",2021-05-15,"15","19  day ahead inc hosp",2021-06-03,"quantile",0.25,2.08316531516277
"10634",2021-05-15,"15","19  day ahead inc hosp",2021-06-03,"quantile",0.3,2.45055789624464
"10635",2021-05-15,"15","19  day ahead inc hosp",2021-06-03,"quantile",0.35,2.83249890701694
"10636",2021-05-15,"15","19  day ahead inc hosp",2021-06-03,"quantile",0.4,3.23463296978194
"10637",2021-05-15,"15","19  day ahead inc hosp",2021-06-03,"quantile",0.45,3.66305122885176
"10638",2021-05-15,"15","19  day ahead inc hosp",2021-06-03,"quantile",0.5,4.12489983768687
"10639",2021-05-15,"15","19  day ahead inc hosp",2021-06-03,"quantile",0.55,4.62910381969161
"10640",2021-05-15,"15","19  day ahead inc hosp",2021-06-03,"quantile",0.6,5.18740380331988
"10641",2021-05-15,"15","19  day ahead inc hosp",2021-06-03,"quantile",0.65,5.81602185574651
"10642",2021-05-15,"15","19  day ahead inc hosp",2021-06-03,"quantile",0.7,6.53858571714898
"10643",2021-05-15,"15","19  day ahead inc hosp",2021-06-03,"quantile",0.75,7.39174236170524
"10644",2021-05-15,"15","19  day ahead inc hosp",2021-06-03,"quantile",0.8,8.43717648545203
"10645",2021-05-15,"15","19  day ahead inc hosp",2021-06-03,"quantile",0.85,9.79149837146498
"10646",2021-05-15,"15","19  day ahead inc hosp",2021-06-03,"quantile",0.9,11.7197986814828
"10647",2021-05-15,"15","19  day ahead inc hosp",2021-06-03,"quantile",0.95,15.0847814675951
"10648",2021-05-15,"15","19  day ahead inc hosp",2021-06-03,"quantile",0.975,18.5489317161567
"10649",2021-05-15,"15","19  day ahead inc hosp",2021-06-03,"quantile",0.99,23.2910014633534
"10650",2021-05-15,"15","20  day ahead inc hosp",2021-06-04,"quantile",0.01,0.169245788811036
"10651",2021-05-15,"15","20  day ahead inc hosp",2021-06-04,"quantile",0.025,0.342187853754387
"10652",2021-05-15,"15","20  day ahead inc hosp",2021-06-04,"quantile",0.05,0.575509729424499
"10653",2021-05-15,"15","20  day ahead inc hosp",2021-06-04,"quantile",0.1,0.97379422628638
"10654",2021-05-15,"15","20  day ahead inc hosp",2021-06-04,"quantile",0.15,1.34025226311135
"10655",2021-05-15,"15","20  day ahead inc hosp",2021-06-04,"quantile",0.2,1.69841273175625
"10656",2021-05-15,"15","20  day ahead inc hosp",2021-06-04,"quantile",0.25,2.0591008610615
"10657",2021-05-15,"15","20  day ahead inc hosp",2021-06-04,"quantile",0.3,2.42940115281158
"10658",2021-05-15,"15","20  day ahead inc hosp",2021-06-04,"quantile",0.35,2.81515298118188
"10659",2021-05-15,"15","20  day ahead inc hosp",2021-06-04,"quantile",0.4,3.22202350349095
"10660",2021-05-15,"15","20  day ahead inc hosp",2021-06-04,"quantile",0.45,3.65618013157063
"10661",2021-05-15,"15","20  day ahead inc hosp",2021-06-04,"quantile",0.5,4.12489983768687
"10662",2021-05-15,"15","20  day ahead inc hosp",2021-06-04,"quantile",0.55,4.63730470205304
"10663",2021-05-15,"15","20  day ahead inc hosp",2021-06-04,"quantile",0.6,5.20542324358598
"10664",2021-05-15,"15","20  day ahead inc hosp",2021-06-04,"quantile",0.65,5.84590143331335
"10665",2021-05-15,"15","20  day ahead inc hosp",2021-06-04,"quantile",0.7,6.58301071241774
"10666",2021-05-15,"15","20  day ahead inc hosp",2021-06-04,"quantile",0.75,7.45442681302366
"10667",2021-05-15,"15","20  day ahead inc hosp",2021-06-04,"quantile",0.8,8.52360838150769
"10668",2021-05-15,"15","20  day ahead inc hosp",2021-06-04,"quantile",0.85,9.91059447682404
"10669",2021-05-15,"15","20  day ahead inc hosp",2021-06-04,"quantile",0.9,11.8884557349358
"10670",2021-05-15,"15","20  day ahead inc hosp",2021-06-04,"quantile",0.95,15.3466524626844
"10671",2021-05-15,"15","20  day ahead inc hosp",2021-06-04,"quantile",0.975,18.9136120975892
"10672",2021-05-15,"15","20  day ahead inc hosp",2021-06-04,"quantile",0.99,23.8048984073113
"10673",2021-05-15,"15","21  day ahead inc hosp",2021-06-05,"quantile",0.01,0.15709345074956
"10674",2021-05-15,"15","21  day ahead inc hosp",2021-06-05,"quantile",0.025,0.324686143068722
"10675",2021-05-15,"15","21  day ahead inc hosp",2021-06-05,"quantile",0.05,0.553705566456819
"10676",2021-05-15,"15","21  day ahead inc hosp",2021-06-05,"quantile",0.1,0.948475296891113
"10677",2021-05-15,"15","21  day ahead inc hosp",2021-06-05,"quantile",0.15,1.31416824225283
"10678",2021-05-15,"15","21  day ahead inc hosp",2021-06-05,"quantile",0.2,1.673070660411
"10679",2021-05-15,"15","21  day ahead inc hosp",2021-06-05,"quantile",0.25,2.03560430411836
"10680",2021-05-15,"15","21  day ahead inc hosp",2021-06-05,"quantile",0.3,2.40869819110594
"10681",2021-05-15,"15","21  day ahead inc hosp",2021-06-05,"quantile",0.35,2.79814706936077
"10682",2021-05-15,"15","21  day ahead inc hosp",2021-06-05,"quantile",0.4,3.20964058168579
"10683",2021-05-15,"15","21  day ahead inc hosp",2021-06-05,"quantile",0.45,3.64942227954021
"10684",2021-05-15,"15","21  day ahead inc hosp",2021-06-05,"quantile",0.5,4.12489983768687
"10685",2021-05-15,"15","21  day ahead inc hosp",2021-06-05,"quantile",0.55,4.64539235106508
"10686",2021-05-15,"15","21  day ahead inc hosp",2021-06-05,"quantile",0.6,5.22321633599743
"10687",2021-05-15,"15","21  day ahead inc hosp",2021-06-05,"quantile",0.65,5.87544204901444
"10688",2021-05-15,"15","21  day ahead inc hosp",2021-06-05,"quantile",0.7,6.6269855354091
"10689",2021-05-15,"15","21  day ahead inc hosp",2021-06-05,"quantile",0.75,7.51655324566151
"10690",2021-05-15,"15","21  day ahead inc hosp",2021-06-05,"quantile",0.8,8.60938209391475
"10691",2021-05-15,"15","21  day ahead inc hosp",2021-06-05,"quantile",0.85,10.0289502649203
"10692",2021-05-15,"15","21  day ahead inc hosp",2021-06-05,"quantile",0.9,12.0563379786188
"10693",2021-05-15,"15","21  day ahead inc hosp",2021-06-05,"quantile",0.95,15.6078858992046
"10694",2021-05-15,"15","21  day ahead inc hosp",2021-06-05,"quantile",0.975,19.2780139519364
"10695",2021-05-15,"15","21  day ahead inc hosp",2021-06-05,"quantile",0.99,24.3192989905011
"10696",2021-05-15,"15","22  day ahead inc hosp",2021-06-06,"quantile",0.01,0.145771314312534
"10697",2021-05-15,"15","22  day ahead inc hosp",2021-06-06,"quantile",0.025,0.308106359608963
"10698",2021-05-15,"15","22  day ahead inc hosp",2021-06-06,"quantile",0.05,0.532832990257529
"10699",2021-05-15,"15","22  day ahead inc hosp",2021-06-06,"quantile",0.1,0.924013726343489
"10700",2021-05-15,"15","22  day ahead inc hosp",2021-06-06,"quantile",0.15,1.28884092560576
"10701",2021-05-15,"15","22  day ahead inc hosp",2021-06-06,"quantile",0.2,1.64837860989729
"10702",2021-05-15,"15","22  day ahead inc hosp",2021-06-06,"quantile",0.25,2.01264952559348
"10703",2021-05-15,"15","22  day ahead inc hosp",2021-06-06,"quantile",0.3,2.38842849172894
"10704",2021-05-15,"15","22  day ahead inc hosp",2021-06-06,"quantile",0.35,2.78146598437523
"10705",2021-05-15,"15","22  day ahead inc hosp",2021-06-06,"quantile",0.4,3.19747417071297
"10706",2021-05-15,"15","22  day ahead inc hosp",2021-06-06,"quantile",0.45,3.6427726823156
"10707",2021-05-15,"15","22  day ahead inc hosp",2021-06-06,"quantile",0.5,4.12489983768687
"10708",2021-05-15,"15","22  day ahead inc hosp",2021-06-06,"quantile",0.55,4.65337175717265
"10709",2021-05-15,"15","22  day ahead inc hosp",2021-06-06,"quantile",0.6,5.24079311420771
"10710",2021-05-15,"15","22  day ahead inc hosp",2021-06-06,"quantile",0.65,5.90465889002815
"10711",2021-05-15,"15","22  day ahead inc hosp",2021-06-06,"quantile",0.7,6.67053070552181
"10712",2021-05-15,"15","22  day ahead inc hosp",2021-06-06,"quantile",0.75,7.57814777835867
"10713",2021-05-15,"15","22  day ahead inc hosp",2021-06-06,"quantile",0.8,8.69452973272307
"10714",2021-05-15,"15","22  day ahead inc hosp",2021-06-06,"quantile",0.85,10.1466044237641
"10715",2021-05-15,"15","22  day ahead inc hosp",2021-06-06,"quantile",0.9,12.2234916092163
"10716",2021-05-15,"15","22  day ahead inc hosp",2021-06-06,"quantile",0.95,15.8685371286244
"10717",2021-05-15,"15","22  day ahead inc hosp",2021-06-06,"quantile",0.975,19.6421982168062
"10718",2021-05-15,"15","22  day ahead inc hosp",2021-06-06,"quantile",0.99,24.8342673078868
"10719",2021-05-15,"15","23  day ahead inc hosp",2021-06-07,"quantile",0.01,0.135220641560082
"10720",2021-05-15,"15","23  day ahead inc hosp",2021-06-07,"quantile",0.025,0.292392379922429
"10721",2021-05-15,"15","23  day ahead inc hosp",2021-06-07,"quantile",0.05,0.512840872132583
"10722",2021-05-15,"15","23  day ahead inc hosp",2021-06-07,"quantile",0.1,0.90036674120465
"10723",2021-05-15,"15","23  day ahead inc hosp",2021-06-07,"quantile",0.15,1.26423445120619
"10724",2021-05-15,"15","23  day ahead inc hosp",2021-06-07,"quantile",0.2,1.62430679511133
"10725",2021-05-15,"15","23  day ahead inc hosp",2021-06-07,"quantile",0.25,1.99021228670253
"10726",2021-05-15,"15","23  day ahead inc hosp",2021-06-07,"quantile",0.3,2.36857300612698
"10727",2021-05-15,"15","23  day ahead inc hosp",2021-06-07,"quantile",0.35,2.76509562456336
"10728",2021-05-15,"15","23  day ahead inc hosp",2021-06-07,"quantile",0.4,3.18551495272995
"10729",2021-05-15,"15","23  day ahead inc hosp",2021-06-07,"quantile",0.45,3.63622670509184
"10730",2021-05-15,"15","23  day ahead inc hosp",2021-06-07,"quantile",0.5,4.12489983768687
"10731",2021-05-15,"15","23  day ahead inc hosp",2021-06-07,"quantile",0.55,4.66124755518068
"10732",2021-05-15,"15","23  day ahead inc hosp",2021-06-07,"quantile",0.6,5.25816289605937
"10733",2021-05-15,"15","23  day ahead inc hosp",2021-06-07,"quantile",0.65,5.93356605801637
"10734",2021-05-15,"15","23  day ahead inc hosp",2021-06-07,"quantile",0.7,6.7136652713095
"10735",2021-05-15,"15","23  day ahead inc hosp",2021-06-07,"quantile",0.75,7.63923464989949
"10736",2021-05-15,"15","23  day ahead inc hosp",2021-06-07,"quantile",0.8,8.77908108303645
"10737",2021-05-15,"15","23  day ahead inc hosp",2021-06-07,"quantile",0.85,10.2635928153196
"10738",2021-05-15,"15","23  day ahead inc hosp",2021-06-07,"quantile",0.9,12.3899594001673
"10739",2021-05-15,"15","23  day ahead inc hosp",2021-06-07,"quantile",0.95,16.128657279638
"10740",2021-05-15,"15","23  day ahead inc hosp",2021-06-07,"quantile",0.975,20.0062210156513
"10741",2021-05-15,"15","23  day ahead inc hosp",2021-06-07,"quantile",0.99,25.3498620974081
"10742",2021-05-15,"15","24  day ahead inc hosp",2021-06-08,"quantile",0.01,0.125387499161637
"10743",2021-05-15,"15","24  day ahead inc hosp",2021-06-08,"quantile",0.025,0.277492408164095
"10744",2021-05-15,"15","24  day ahead inc hosp",2021-06-08,"quantile",0.05,0.493681885009864
"10745",2021-05-15,"15","24  day ahead inc hosp",2021-06-08,"quantile",0.1,0.877494653794137
"10746",2021-05-15,"15","24  day ahead inc hosp",2021-06-08,"quantile",0.15,1.24031550615611
"10747",2021-05-15,"15","24  day ahead inc hosp",2021-06-08,"quantile",0.2,1.60082752886295
"10748",2021-05-15,"15","24  day ahead inc hosp",2021-06-08,"quantile",0.25,1.96827004549539
"10749",2021-05-15,"15","24  day ahead inc hosp",2021-06-08,"quantile",0.3,2.34911401357103
"10750",2021-05-15,"15","24  day ahead inc hosp",2021-06-08,"quantile",0.35,2.74902286835592
"10751",2021-05-15,"15","24  day ahead inc hosp",2021-06-08,"quantile",0.4,3.17375425624272
"10752",2021-05-15,"15","24  day ahead inc hosp",2021-06-08,"quantile",0.45,3.62978003420847
"10753",2021-05-15,"15","24  day ahead inc hosp",2021-06-08,"quantile",0.5,4.12489983768687
"10754",2021-05-15,"15","24  day ahead inc hosp",2021-06-08,"quantile",0.55,4.66902405874967
"10755",2021-05-15,"15","24  day ahead inc hosp",2021-06-08,"quantile",0.6,5.2753343530464
"10756",2021-05-15,"15","24  day ahead inc hosp",2021-06-08,"quantile",0.65,5.96217667454833
"10757",2021-05-15,"15","24  day ahead inc hosp",2021-06-08,"quantile",0.7,6.75640695350118
"10758",2021-05-15,"15","24  day ahead inc hosp",2021-06-08,"quantile",0.75,7.69983640223405
"10759",2021-05-15,"15","24  day ahead inc hosp",2021-06-08,"quantile",0.8,8.86306383204507
"10760",2021-05-15,"15","24  day ahead inc hosp",2021-06-08,"quantile",0.85,10.3799487524847
"10761",2021-05-15,"15","24  day ahead inc hosp",2021-06-08,"quantile",0.9,12.5557810391521
"10762",2021-05-15,"15","24  day ahead inc hosp",2021-06-08,"quantile",0.95,16.3882936793173
"10763",2021-05-15,"15","24  day ahead inc hosp",2021-06-08,"quantile",0.975,20.3701341443167
"10764",2021-05-15,"15","24  day ahead inc hosp",2021-06-08,"quantile",0.99,25.8661372923956
"10765",2021-05-15,"15","25  day ahead inc hosp",2021-06-09,"quantile",0.01,0.116222275228561
"10766",2021-05-15,"15","25  day ahead inc hosp",2021-06-09,"quantile",0.025,0.26335854991249
"10767",2021-05-15,"15","25  day ahead inc hosp",2021-06-09,"quantile",0.05,0.475312134172634
"10768",2021-05-15,"15","25  day ahead inc hosp",2021-06-09,"quantile",0.1,0.855360566023739
"10769",2021-05-15,"15","25  day ahead inc hosp",2021-06-09,"quantile",0.15,1.21705308344742
"10770",2021-05-15,"15","25  day ahead inc hosp",2021-06-09,"quantile",0.2,1.57791502249591
"10771",2021-05-15,"15","25  day ahead inc hosp",2021-06-09,"quantile",0.25,1.94680179600869
"10772",2021-05-15,"15","25  day ahead inc hosp",2021-06-09,"quantile",0.3,2.33003499551547
"10773",2021-05-15,"15","25  day ahead inc hosp",2021-06-09,"quantile",0.35,2.73323548165465
"10774",2021-05-15,"15","25  day ahead inc hosp",2021-06-09,"quantile",0.4,3.16218399507467
"10775",2021-05-15,"15","25  day ahead inc hosp",2021-06-09,"quantile",0.45,3.62342864683999
"10776",2021-05-15,"15","25  day ahead inc hosp",2021-06-09,"quantile",0.5,4.12489983768687
"10777",2021-05-15,"15","25  day ahead inc hosp",2021-06-09,"quantile",0.55,4.67670529070509
"10778",2021-05-15,"15","25  day ahead inc hosp",2021-06-09,"quantile",0.6,5.29231557134543
"10779",2021-05-15,"15","25  day ahead inc hosp",2021-06-09,"quantile",0.65,5.99050297372232
"10780",2021-05-15,"15","25  day ahead inc hosp",2021-06-09,"quantile",0.7,6.79877227064249
"10781",2021-05-15,"15","25  day ahead inc hosp",2021-06-09,"quantile",0.75,7.75997404132574
"10782",2021-05-15,"15","25  day ahead inc hosp",2021-06-09,"quantile",0.8,8.94650376840514
"10783",2021-05-15,"15","25  day ahead inc hosp",2021-06-09,"quantile",0.85,10.4957032422675
"10784",2021-05-15,"15","25  day ahead inc hosp",2021-06-09,"quantile",0.9,12.720993424259
"10785",2021-05-15,"15","25  day ahead inc hosp",2021-06-09,"quantile",0.95,16.6474902223791
"10786",2021-05-15,"15","25  day ahead inc hosp",2021-06-09,"quantile",0.975,20.7339854972238
"10787",2021-05-15,"15","25  day ahead inc hosp",2021-06-09,"quantile",0.99,26.383142504738
"10788",2021-05-15,"15","26  day ahead inc hosp",2021-06-10,"quantile",0.01,0.107679255189233
"10789",2021-05-15,"15","26  day ahead inc hosp",2021-06-10,"quantile",0.025,0.249946437509327
"10790",2021-05-15,"15","26  day ahead inc hosp",2021-06-10,"quantile",0.05,0.457690832313564
"10791",2021-05-15,"15","26  day ahead inc hosp",2021-06-10,"quantile",0.1,0.833930108550682
"10792",2021-05-15,"15","26  day ahead inc hosp",2021-06-10,"quantile",0.15,1.19441826769053
"10793",2021-05-15,"15","26  day ahead inc hosp",2021-06-10,"quantile",0.2,1.55554521015789
"10794",2021-05-15,"15","26  day ahead inc hosp",2021-06-10,"quantile",0.25,1.92578792647029
"10795",2021-05-15,"15","26  day ahead inc hosp",2021-06-10,"quantile",0.3,2.31132052482389
"10796",2021-05-15,"15","26  day ahead inc hosp",2021-06-10,"quantile",0.35,2.71772203616276
"10797",2021-05-15,"15","26  day ahead inc hosp",2021-06-10,"quantile",0.4,3.15079661454892
"10798",2021-05-15,"15","26  day ahead inc hosp",2021-06-10,"quantile",0.45,3.61716878426786
"10799",2021-05-15,"15","26  day ahead inc hosp",2021-06-10,"quantile",0.5,4.12489983768687
"10800",2021-05-15,"15","26  day ahead inc hosp",2021-06-10,"quantile",0.55,4.68429500976549
"10801",2021-05-15,"15","26  day ahead inc hosp",2021-06-10,"quantile",0.6,5.30911410563333
"10802",2021-05-15,"15","26  day ahead inc hosp",2021-06-10,"quantile",0.65,6.01855638383511
"10803",2021-05-15,"15","26  day ahead inc hosp",2021-06-10,"quantile",0.7,6.84077664986982
"10804",2021-05-15,"15","26  day ahead inc hosp",2021-06-10,"quantile",0.75,7.81966717894671
"10805",2021-05-15,"15","26  day ahead inc hosp",2021-06-10,"quantile",0.8,9.02942495796901
"10806",2021-05-15,"15","26  day ahead inc hosp",2021-06-10,"quantile",0.85,10.6108852000576
"10807",2021-05-15,"15","26  day ahead inc hosp",2021-06-10,"quantile",0.9,12.8856309248307
"10808",2021-05-15,"15","26  day ahead inc hosp",2021-06-10,"quantile",0.95,16.9062876961308
"10809",2021-05-15,"15","26  day ahead inc hosp",2021-06-10,"quantile",0.975,21.097819442031
"10810",2021-05-15,"15","26  day ahead inc hosp",2021-06-10,"quantile",0.99,26.9009234490069
"10811",2021-05-15,"15","27  day ahead inc hosp",2021-06-11,"quantile",0.01,0.0997162482226988
"10812",2021-05-15,"15","27  day ahead inc hosp",2021-06-11,"quantile",0.025,0.237214899567413
"10813",2021-05-15,"15","27  day ahead inc hosp",2021-06-11,"quantile",0.05,0.44078001261043
"10814",2021-05-15,"15","27  day ahead inc hosp",2021-06-11,"quantile",0.1,0.813171210250609
"10815",2021-05-15,"15","27  day ahead inc hosp",2021-06-11,"quantile",0.15,1.17238404566424
"10816",2021-05-15,"15","27  day ahead inc hosp",2021-06-11,"quantile",0.2,1.53369559338355
"10817",2021-05-15,"15","27  day ahead inc hosp",2021-06-11,"quantile",0.25,1.90521009387041
"10818",2021-05-15,"15","27  day ahead inc hosp",2021-06-11,"quantile",0.3,2.29295616776792
"10819",2021-05-15,"15","27  day ahead inc hosp",2021-06-11,"quantile",0.35,2.70247183712573
"10820",2021-05-15,"15","27  day ahead inc hosp",2021-06-11,"quantile",0.4,3.13958504386874
"10821",2021-05-15,"15","27  day ahead inc hosp",2021-06-11,"quantile",0.45,3.61099692822978
"10822",2021-05-15,"15","27  day ahead inc hosp",2021-06-11,"quantile",0.5,4.12489983768687
"10823",2021-05-15,"15","27  day ahead inc hosp",2021-06-11,"quantile",0.55,4.69179673419316
"10824",2021-05-15,"15","27  day ahead inc hosp",2021-06-11,"quantile",0.6,5.32573702670685
"10825",2021-05-15,"15","27  day ahead inc hosp",2021-06-11,"quantile",0.65,6.04634759964122
"10826",2021-05-15,"15","27  day ahead inc hosp",2021-06-11,"quantile",0.7,6.88243452491154
"10827",2021-05-15,"15","27  day ahead inc hosp",2021-06-11,"quantile",0.75,7.87893415810672
"10828",2021-05-15,"15","27  day ahead inc hosp",2021-06-11,"quantile",0.8,9.11184989920202
"10829",2021-05-15,"15","27  day ahead inc hosp",2021-06-11,"quantile",0.85,10.7255216390762
"10830",2021-05-15,"15","27  day ahead inc hosp",2021-06-11,"quantile",0.9,13.0497256119916
"10831",2021-05-15,"15","27  day ahead inc hosp",2021-06-11,"quantile",0.95,17.1647240673945
"10832",2021-05-15,"15","27  day ahead inc hosp",2021-06-11,"quantile",0.975,21.4616771501255
"10833",2021-05-15,"15","27  day ahead inc hosp",2021-06-11,"quantile",0.99,27.4195223160233
"10834",2021-05-15,"15","28  day ahead inc hosp",2021-06-12,"quantile",0.01,0.0922942571625051
"10835",2021-05-15,"15","28  day ahead inc hosp",2021-06-12,"quantile",0.025,0.225125668496091
"10836",2021-05-15,"15","28  day ahead inc hosp",2021-06-12,"quantile",0.05,0.424544274553057
"10837",2021-05-15,"15","28  day ahead inc hosp",2021-06-12,"quantile",0.1,0.793053893824831
"10838",2021-05-15,"15","28  day ahead inc hosp",2021-06-12,"quantile",0.15,1.150925138268
"10839",2021-05-15,"15","28  day ahead inc hosp",2021-06-12,"quantile",0.2,1.51234510319651
"10840",2021-05-15,"15","28  day ahead inc hosp",2021-06-12,"quantile",0.25,1.88505111265012
"10841",2021-05-15,"15","28  day ahead inc hosp",2021-06-12,"quantile",0.3,2.27492839704455
"10842",2021-05-15,"15","28  day ahead inc hosp",2021-06-12,"quantile",0.35,2.68747485919041
"10843",2021-05-15,"15","28  day ahead inc hosp",2021-06-12,"quantile",0.4,3.1285426538454
"10844",2021-05-15,"15","28  day ahead inc hosp",2021-06-12,"quantile",0.45,3.6049097799242
"10845",2021-05-15,"15","28  day ahead inc hosp",2021-06-12,"quantile",0.5,4.12489983768687
"10846",2021-05-15,"15","28  day ahead inc hosp",2021-06-12,"quantile",0.55,4.69921376278966
"10847",2021-05-15,"15","28  day ahead inc hosp",2021-06-12,"quantile",0.6,5.34219096375468
"10848",2021-05-15,"15","28  day ahead inc hosp",2021-06-12,"quantile",0.65,6.0738866464938
"10849",2021-05-15,"15","28  day ahead inc hosp",2021-06-12,"quantile",0.7,6.92375942307068
"10850",2021-05-15,"15","28  day ahead inc hosp",2021-06-12,"quantile",0.75,7.93779216436471
"10851",2021-05-15,"15","28  day ahead inc hosp",2021-06-12,"quantile",0.8,9.19379966108053
"10852",2021-05-15,"15","28  day ahead inc hosp",2021-06-12,"quantile",0.85,10.8396378384239
"10853",2021-05-15,"15","28  day ahead inc hosp",2021-06-12,"quantile",0.9,13.2133074630404
"10854",2021-05-15,"15","28  day ahead inc hosp",2021-06-12,"quantile",0.95,17.4228347366806
"10855",2021-05-15,"15","28  day ahead inc hosp",2021-06-12,"quantile",0.975,21.8255968890978
"10856",2021-05-15,"15","28  day ahead inc hosp",2021-06-12,"quantile",0.99,27.9389781029535
"10857",2021-05-15,"15","29  day ahead inc hosp",2021-06-13,"quantile",0.01,0.0853771859204731
"10858",2021-05-15,"15","29  day ahead inc hosp",2021-06-13,"quantile",0.025,0.213643120876496
"10859",2021-05-15,"15","29  day ahead inc hosp",2021-06-13,"quantile",0.05,0.408950558090818
"10860",2021-05-15,"15","29  day ahead inc hosp",2021-06-13,"quantile",0.1,0.773550094021412
"10861",2021-05-15,"15","29  day ahead inc hosp",2021-06-13,"quantile",0.15,1.13001785099976
"10862",2021-05-15,"15","29  day ahead inc hosp",2021-06-13,"quantile",0.2,1.49147397737876
"10863",2021-05-15,"15","29  day ahead inc hosp",2021-06-13,"quantile",0.25,1.86529485561396
"10864",2021-05-15,"15","29  day ahead inc hosp",2021-06-13,"quantile",0.3,2.25722451433555
"10865",2021-05-15,"15","29  day ahead inc hosp",2021-06-13,"quantile",0.35,2.67272168929508
"10866",2021-05-15,"15","29  day ahead inc hosp",2021-06-13,"quantile",0.4,3.11766321925754
"10867",2021-05-15,"15","29  day ahead inc hosp",2021-06-13,"quantile",0.45,3.59890424131435
"10868",2021-05-15,"15","29  day ahead inc hosp",2021-06-13,"quantile",0.5,4.12489983768687
"10869",2021-05-15,"15","29  day ahead inc hosp",2021-06-13,"quantile",0.55,4.70654919359177
"10870",2021-05-15,"15","29  day ahead inc hosp",2021-06-13,"quantile",0.6,5.35848214199822
"10871",2021-05-15,"15","29  day ahead inc hosp",2021-06-13,"quantile",0.65,6.10118293745458
"10872",2021-05-15,"15","29  day ahead inc hosp",2021-06-13,"quantile",0.7,6.96476404266546
"10873",2021-05-15,"15","29  day ahead inc hosp",2021-06-13,"quantile",0.75,7.99625732491615
"10874",2021-05-15,"15","29  day ahead inc hosp",2021-06-13,"quantile",0.8,9.27529400582256
"10875",2021-05-15,"15","29  day ahead inc hosp",2021-06-13,"quantile",0.85,10.9532574926026
"10876",2021-05-15,"15","29  day ahead inc hosp",2021-06-13,"quantile",0.9,13.376404543229
"10877",2021-05-15,"15","29  day ahead inc hosp",2021-06-13,"quantile",0.95,17.6806527640395
"10878",2021-05-15,"15","29  day ahead inc hosp",2021-06-13,"quantile",0.975,22.189614282367
"10879",2021-05-15,"15","29  day ahead inc hosp",2021-06-13,"quantile",0.99,28.4593269058858
"10880",2021-05-15,"15","30  day ahead inc hosp",2021-06-14,"quantile",0.01,0.078931579413241
"10881",2021-05-15,"15","30  day ahead inc hosp",2021-06-14,"quantile",0.025,0.202734046325551
"10882",2021-05-15,"15","30  day ahead inc hosp",2021-06-14,"quantile",0.05,0.393967942359346
"10883",2021-05-15,"15","30  day ahead inc hosp",2021-06-14,"quantile",0.1,0.754633495495692
"10884",2021-05-15,"15","30  day ahead inc hosp",2021-06-14,"quantile",0.15,1.10963994052825
"10885",2021-05-15,"15","30  day ahead inc hosp",2021-06-14,"quantile",0.2,1.47106365091982
"10886",2021-05-15,"15","30  day ahead inc hosp",2021-06-14,"quantile",0.25,1.8459261654665
"10887",2021-05-15,"15","30  day ahead inc hosp",2021-06-14,"quantile",0.3,2.23983258116053
"10888",2021-05-15,"15","30  day ahead inc hosp",2021-06-14,"quantile",0.35,2.65820347567106
"10889",2021-05-15,"15","30  day ahead inc hosp",2021-06-14,"quantile",0.4,3.10694088523642
"10890",2021-05-15,"15","30  day ahead inc hosp",2021-06-14,"quantile",0.45,3.59297739843148
"10891",2021-05-15,"15","30  day ahead inc hosp",2021-06-14,"quantile",0.5,4.12489983768687
"10892",2021-05-15,"15","30  day ahead inc hosp",2021-06-14,"quantile",0.55,4.71380594056822
"10893",2021-05-15,"15","30  day ahead inc hosp",2021-06-14,"quantile",0.6,5.37461641630619
"10894",2021-05-15,"15","30  day ahead inc hosp",2021-06-14,"quantile",0.65,6.12824532429223
"10895",2021-05-15,"15","30  day ahead inc hosp",2021-06-14,"quantile",0.7,7.00546032217627
"10896",2021-05-15,"15","30  day ahead inc hosp",2021-06-14,"quantile",0.75,8.05434479705645
"10897",2021-05-15,"15","30  day ahead inc hosp",2021-06-14,"quantile",0.8,9.3563514984386
"10898",2021-05-15,"15","30  day ahead inc hosp",2021-06-14,"quantile",0.85,11.0664028449438
"10899",2021-05-15,"15","30  day ahead inc hosp",2021-06-14,"quantile",0.9,13.5390431679021
"10900",2021-05-15,"15","30  day ahead inc hosp",2021-06-14,"quantile",0.95,17.9382090703357
"10901",2021-05-15,"15","30  day ahead inc hosp",2021-06-14,"quantile",0.975,22.5537625403159
"10902",2021-05-15,"15","30  day ahead inc hosp",2021-06-14,"quantile",0.99,28.9806021799035
"10903",2021-05-15,"15","31  day ahead inc hosp",2021-06-15,"quantile",0.01,0.0729263917432696
"10904",2021-05-15,"15","31  day ahead inc hosp",2021-06-15,"quantile",0.025,0.192367441152687
"10905",2021-05-15,"15","31  day ahead inc hosp",2021-06-15,"quantile",0.05,0.379567465813793
"10906",2021-05-15,"15","31  day ahead inc hosp",2021-06-15,"quantile",0.1,0.736279387786675
"10907",2021-05-15,"15","31  day ahead inc hosp",2021-06-15,"quantile",0.15,1.08977049529653
"10908",2021-05-15,"15","31  day ahead inc hosp",2021-06-15,"quantile",0.2,1.45109665795862
"10909",2021-05-15,"15","31  day ahead inc hosp",2021-06-15,"quantile",0.25,1.82693077561418
"10910",2021-05-15,"15","31  day ahead inc hosp",2021-06-15,"quantile",0.3,2.22274135696398
"10911",2021-05-15,"15","31  day ahead inc hosp",2021-06-15,"quantile",0.35,2.64391188217533
"10912",2021-05-15,"15","31  day ahead inc hosp",2021-06-15,"quantile",0.4,3.09637013716321
"10913",2021-05-15,"15","31  day ahead inc hosp",2021-06-15,"quantile",0.45,3.58712650642199
"10914",2021-05-15,"15","31  day ahead inc hosp",2021-06-15,"quantile",0.5,4.12489983768687
"10915",2021-05-15,"15","31  day ahead inc hosp",2021-06-15,"quantile",0.55,4.72098674857262
"10916",2021-05-15,"15","31  day ahead inc hosp",2021-06-15,"quantile",0.6,5.39059930129742
"10917",2021-05-15,"15","31  day ahead inc hosp",2021-06-15,"quantile",0.65,6.15508214314978
"10918",2021-05-15,"15","31  day ahead inc hosp",2021-06-15,"quantile",0.7,7.04585950215862
"10919",2021-05-15,"15","31  day ahead inc hosp",2021-06-15,"quantile",0.75,8.11206884737918
"10920",2021-05-15,"15","31  day ahead inc hosp",2021-06-15,"quantile",0.8,9.4369896047897
"10921",2021-05-15,"15","31  day ahead inc hosp",2021-06-15,"quantile",0.85,11.1790948070042
"10922",2021-05-15,"15","31  day ahead inc hosp",2021-06-15,"quantile",0.9,13.7012480475207
"10923",2021-05-15,"15","31  day ahead inc hosp",2021-06-15,"quantile",0.95,18.1955326171139
"10924",2021-05-15,"15","31  day ahead inc hosp",2021-06-15,"quantile",0.975,22.9180726666353
"10925",2021-05-15,"15","31  day ahead inc hosp",2021-06-15,"quantile",0.99,29.5028349709043
"10926",2021-05-15,"15","32  day ahead inc hosp",2021-06-16,"quantile",0.01,0.067332779022542
"10927",2021-05-15,"15","32  day ahead inc hosp",2021-06-16,"quantile",0.025,0.182514323664304
"10928",2021-05-15,"15","32  day ahead inc hosp",2021-06-16,"quantile",0.05,0.365721965067317
"10929",2021-05-15,"15","32  day ahead inc hosp",2021-06-16,"quantile",0.1,0.718464535259427
"10930",2021-05-15,"15","32  day ahead inc hosp",2021-06-16,"quantile",0.15,1.07038982839853
"10931",2021-05-15,"15","32  day ahead inc hosp",2021-06-16,"quantile",0.2,1.43155654378025
"10932",2021-05-15,"15","32  day ahead inc hosp",2021-06-16,"quantile",0.25,1.80829523907451
"10933",2021-05-15,"15","32  day ahead inc hosp",2021-06-16,"quantile",0.3,2.20594024353257
"10934",2021-05-15,"15","32  day ahead inc hosp",2021-06-16,"quantile",0.35,2.62983904728862
"10935",2021-05-15,"15","32  day ahead inc hosp",2021-06-16,"quantile",0.4,3.08594577363996
"10936",2021-05-15,"15","32  day ahead inc hosp",2021-06-16,"quantile",0.45,3.58134897612079
"10937",2021-05-15,"15","32  day ahead inc hosp",2021-06-16,"quantile",0.5,4.12489983768687
"10938",2021-05-15,"15","32  day ahead inc hosp",2021-06-16,"quantile",0.55,4.72809420677006
"10939",2021-05-15,"15","32  day ahead inc hosp",2021-06-16,"quantile",0.6,5.40643599836987
"10940",2021-05-15,"15","32  day ahead inc hosp",2021-06-16,"quantile",0.65,6.18170125554648
"10941",2021-05-15,"15","32  day ahead inc hosp",2021-06-16,"quantile",0.7,7.08597218082583
"10942",2021-05-15,"15","32  day ahead inc hosp",2021-06-16,"quantile",0.75,8.16944292286683
"10943",2021-05-15,"15","32  day ahead inc hosp",2021-06-16,"quantile",0.8,9.51722477959078
"10944",2021-05-15,"15","32  day ahead inc hosp",2021-06-16,"quantile",0.85,11.29135306569
"10945",2021-05-15,"15","32  day ahead inc hosp",2021-06-16,"quantile",0.9,13.8630424177197
"10946",2021-05-15,"15","32  day ahead inc hosp",2021-06-16,"quantile",0.95,18.4526505677611
"10947",2021-05-15,"15","32  day ahead inc hosp",2021-06-16,"quantile",0.975,23.2825736430187
"10948",2021-05-15,"15","32  day ahead inc hosp",2021-06-16,"quantile",0.99,30.026054122776
"10949",2021-05-15,"15","33  day ahead inc hosp",2021-06-17,"quantile",0.01,0.0621239137566039
"10950",2021-05-15,"15","33  day ahead inc hosp",2021-06-17,"quantile",0.025,0.173147568429623
"10951",2021-05-15,"15","33  day ahead inc hosp",2021-06-17,"quantile",0.05,0.352405930126078
"10952",2021-05-15,"15","33  day ahead inc hosp",2021-06-17,"quantile",0.1,0.701167060175099
"10953",2021-05-15,"15","33  day ahead inc hosp",2021-06-17,"quantile",0.15,1.05147938122478
"10954",2021-05-15,"15","33  day ahead inc hosp",2021-06-17,"quantile",0.2,1.41242778563729
"10955",2021-05-15,"15","33  day ahead inc hosp",2021-06-17,"quantile",0.25,1.79000686450165
"10956",2021-05-15,"15","33  day ahead inc hosp",2021-06-17,"quantile",0.3,2.18941923496988
"10957",2021-05-15,"15","33  day ahead inc hosp",2021-06-17,"quantile",0.35,2.61597754720958
"10958",2021-05-15,"15","33  day ahead inc hosp",2021-06-17,"quantile",0.4,3.07566288215923
"10959",2021-05-15,"15","33  day ahead inc hosp",2021-06-17,"quantile",0.45,3.57564236196491
"10960",2021-05-15,"15","33  day ahead inc hosp",2021-06-17,"quantile",0.5,4.12489983768687
"10961",2021-05-15,"15","33  day ahead inc hosp",2021-06-17,"quantile",0.55,4.7351307607235
"10962",2021-05-15,"15","33  day ahead inc hosp",2021-06-17,"quantile",0.6,5.42213142003097
"10963",2021-05-15,"15","33  day ahead inc hosp",2021-06-17,"quantile",0.65,6.20811008528371
"10964",2021-05-15,"15","33  day ahead inc hosp",2021-06-17,"quantile",0.7,7.12580836407433
"10965",2021-05-15,"15","33  day ahead inc hosp",2021-06-17,"quantile",0.75,8.22647971486525
"10966",2021-05-15,"15","33  day ahead inc hosp",2021-06-17,"quantile",0.8,9.59707254558927
"10967",2021-05-15,"15","33  day ahead inc hosp",2021-06-17,"quantile",0.85,11.4031961796107
"10968",2021-05-15,"15","33  day ahead inc hosp",2021-06-17,"quantile",0.9,14.024448156238
"10969",2021-05-15,"15","33  day ahead inc hosp",2021-06-17,"quantile",0.95,18.7095884322711
"10970",2021-05-15,"15","33  day ahead inc hosp",2021-06-17,"quantile",0.975,23.6472925948969
"10971",2021-05-15,"15","33  day ahead inc hosp",2021-06-17,"quantile",0.99,30.5502864630131
"10972",2021-05-15,"15","34  day ahead inc hosp",2021-06-18,"quantile",0.01,0.0572748181487926
"10973",2021-05-15,"15","34  day ahead inc hosp",2021-06-18,"quantile",0.025,0.164241757204943
"10974",2021-05-15,"15","34  day ahead inc hosp",2021-06-18,"quantile",0.05,0.339595374040244
"10975",2021-05-15,"15","34  day ahead inc hosp",2021-06-18,"quantile",0.1,0.684366337310696
"10976",2021-05-15,"15","34  day ahead inc hosp",2021-06-18,"quantile",0.15,1.03302163658618
"10977",2021-05-15,"15","34  day ahead inc hosp",2021-06-18,"quantile",0.2,1.39369572133944
"10978",2021-05-15,"15","34  day ahead inc hosp",2021-06-18,"quantile",0.25,1.77205365847758
"10979",2021-05-15,"15","34  day ahead inc hosp",2021-06-18,"quantile",0.3,2.1731688725644
"10980",2021-05-15,"15","34  day ahead inc hosp",2021-06-18,"quantile",0.35,2.60232036255581
"10981",2021-05-15,"15","34  day ahead inc hosp",2021-06-18,"quantile",0.4,3.0655168171502
"10982",2021-05-15,"15","34  day ahead inc hosp",2021-06-18,"quantile",0.45,3.57000435108719
"10983",2021-05-15,"15","34  day ahead inc hosp",2021-06-18,"quantile",0.5,4.12489983768687
"10984",2021-05-15,"15","34  day ahead inc hosp",2021-06-18,"quantile",0.55,4.74209872330012
"10985",2021-05-15,"15","34  day ahead inc hosp",2021-06-18,"quantile",0.6,5.43769021185155
"10986",2021-05-15,"15","34  day ahead inc hosp",2021-06-18,"quantile",0.65,6.23431565174385
"10987",2021-05-15,"15","34  day ahead inc hosp",2021-06-18,"quantile",0.7,7.16537751061563
"10988",2021-05-15,"15","34  day ahead inc hosp",2021-06-18,"quantile",0.75,8.28319121679244
"10989",2021-05-15,"15","34  day ahead inc hosp",2021-06-18,"quantile",0.8,9.67654756497545
"10990",2021-05-15,"15","34  day ahead inc hosp",2021-06-18,"quantile",0.85,11.5146416659553
"10991",2021-05-15,"15","34  day ahead inc hosp",2021-06-18,"quantile",0.9,14.1854858882985
"10992",2021-05-15,"15","34  day ahead inc hosp",2021-06-18,"quantile",0.95,18.9663701975937
"10993",2021-05-15,"15","34  day ahead inc hosp",2021-06-18,"quantile",0.975,24.0122549405137
"10994",2021-05-15,"15","34  day ahead inc hosp",2021-06-18,"quantile",0.99,31.0755569694124
"10995",2021-05-15,"15","35  day ahead inc hosp",2021-06-19,"quantile",0.01,0.0527622140554001
"10996",2021-05-15,"15","35  day ahead inc hosp",2021-06-19,"quantile",0.025,0.155773044535053
"10997",2021-05-15,"15","35  day ahead inc hosp",2021-06-19,"quantile",0.05,0.32726771526619
"10998",2021-05-15,"15","35  day ahead inc hosp",2021-06-19,"quantile",0.1,0.668042898769638
"10999",2021-05-15,"15","35  day ahead inc hosp",2021-06-19,"quantile",0.15,1.01500004020348
"11000",2021-05-15,"15","35  day ahead inc hosp",2021-06-19,"quantile",0.2,1.37534648470145
"11001",2021-05-15,"15","35  day ahead inc hosp",2021-06-19,"quantile",0.25,1.75442427333553
"11002",2021-05-15,"15","35  day ahead inc hosp",2021-06-19,"quantile",0.3,2.15718020397864
"11003",2021-05-15,"15","35  day ahead inc hosp",2021-06-19,"quantile",0.35,2.58886084825022
"11004",2021-05-15,"15","35  day ahead inc hosp",2021-06-19,"quantile",0.4,3.05550318012372
"11005",2021-05-15,"15","35  day ahead inc hosp",2021-06-19,"quantile",0.45,3.56443275345232
"11006",2021-05-15,"15","35  day ahead inc hosp",2021-06-19,"quantile",0.5,4.12489983768687
"11007",2021-05-15,"15","35  day ahead inc hosp",2021-06-19,"quantile",0.55,4.74900028453522
"11008",2021-05-15,"15","35  day ahead inc hosp",2021-06-19,"quantile",0.6,5.45311677232075
"11009",2021-05-15,"15","35  day ahead inc hosp",2021-06-19,"quantile",0.65,6.26032460000399
"11010",2021-05-15,"15","35  day ahead inc hosp",2021-06-19,"quantile",0.7,7.20468857278723
"11011",2021-05-15,"15","35  day ahead inc hosp",2021-06-19,"quantile",0.75,8.33958877631518
"11012",2021-05-15,"15","35  day ahead inc hosp",2021-06-19,"quantile",0.8,9.75566370393459
"11013",2021-05-15,"15","35  day ahead inc hosp",2021-06-19,"quantile",0.85,11.6257060790032
"11014",2021-05-15,"15","35  day ahead inc hosp",2021-06-19,"quantile",0.9,14.3461750817978
"11015",2021-05-15,"15","35  day ahead inc hosp",2021-06-19,"quantile",0.95,19.2230184452725
"11016",2021-05-15,"15","35  day ahead inc hosp",2021-06-19,"quantile",0.975,24.377484525324
"11017",2021-05-15,"15","35  day ahead inc hosp",2021-06-19,"quantile",0.99,31.6018889201175
"11018",2021-05-15,"15","36  day ahead inc hosp",2021-06-20,"quantile",0.01,0.0485643876348169
"11019",2021-05-15,"15","36  day ahead inc hosp",2021-06-20,"quantile",0.025,0.147719036321725
"11020",2021-05-15,"15","36  day ahead inc hosp",2021-06-20,"quantile",0.05,0.315401671267531
"11021",2021-05-15,"15","36  day ahead inc hosp",2021-06-20,"quantile",0.1,0.652178347808762
"11022",2021-05-15,"15","36  day ahead inc hosp",2021-06-20,"quantile",0.15,0.99739892960102
"11023",2021-05-15,"15","36  day ahead inc hosp",2021-06-20,"quantile",0.2,1.35736694706216
"11024",2021-05-15,"15","36  day ahead inc hosp",2021-06-20,"quantile",0.25,1.73710795988164
"11025",2021-05-15,"15","36  day ahead inc hosp",2021-06-20,"quantile",0.3,2.14144474626448
"11026",2021-05-15,"15","36  day ahead inc hosp",2021-06-20,"quantile",0.35,2.57559270622826
"11027",2021-05-15,"15","36  day ahead inc hosp",2021-06-20,"quantile",0.4,3.04561780167596
"11028",2021-05-15,"15","36  day ahead inc hosp",2021-06-20,"quantile",0.45,3.55892549291601
"11029",2021-05-15,"15","36  day ahead inc hosp",2021-06-20,"quantile",0.5,4.12489983768687
"11030",2021-05-15,"15","36  day ahead inc hosp",2021-06-20,"quantile",0.55,4.75583752057307
"11031",2021-05-15,"15","36  day ahead inc hosp",2021-06-20,"quantile",0.6,5.4684152708424
"11032",2021-05-15,"15","36  day ahead inc hosp",2021-06-20,"quantile",0.65,6.28614322812869
"11033",2021-05-15,"15","36  day ahead inc hosp",2021-06-20,"quantile",0.7,7.24375003353722
"11034",2021-05-15,"15","36  day ahead inc hosp",2021-06-20,"quantile",0.75,8.39568314262733
"11035",2021-05-15,"15","36  day ahead inc hosp",2021-06-20,"quantile",0.8,9.83443409112784
"11036",2021-05-15,"15","36  day ahead inc hosp",2021-06-20,"quantile",0.85,11.7364050812299
"11037",2021-05-15,"15","36  day ahead inc hosp",2021-06-20,"quantile",0.9,14.5065341334792
"11038",2021-05-15,"15","36  day ahead inc hosp",2021-06-20,"quantile",0.95,19.479554457844
"11039",2021-05-15,"15","36  day ahead inc hosp",2021-06-20,"quantile",0.975,24.7430037434264
"11040",2021-05-15,"15","36  day ahead inc hosp",2021-06-20,"quantile",0.99,32.12930402897
"11041",2021-05-15,"15","37  day ahead inc hosp",2021-06-21,"quantile",0.01,0.0446610669976664
"11042",2021-05-15,"15","37  day ahead inc hosp",2021-06-21,"quantile",0.025,0.140058679878525
"11043",2021-05-15,"15","37  day ahead inc hosp",2021-06-21,"quantile",0.05,0.303977162079237
"11044",2021-05-15,"15","37  day ahead inc hosp",2021-06-21,"quantile",0.1,0.636755280663745
"11045",2021-05-15,"15","37  day ahead inc hosp",2021-06-21,"quantile",0.15,0.980203469571037
"11046",2021-05-15,"15","37  day ahead inc hosp",2021-06-21,"quantile",0.2,1.33974466419247
"11047",2021-05-15,"15","37  day ahead inc hosp",2021-06-21,"quantile",0.25,1.72009452446489
"11048",2021-05-15,"15","37  day ahead inc hosp",2021-06-21,"quantile",0.3,2.12595445227565
"11049",2021-05-15,"15","37  day ahead inc hosp",2021-06-21,"quantile",0.35,2.56250996064956
"11050",2021-05-15,"15","37  day ahead inc hosp",2021-06-21,"quantile",0.4,3.0358567251426
"11051",2021-05-15,"15","37  day ahead inc hosp",2021-06-21,"quantile",0.45,3.55348059910381
"11052",2021-05-15,"15","37  day ahead inc hosp",2021-06-21,"quantile",0.5,4.12489983768687
"11053",2021-05-15,"15","37  day ahead inc hosp",2021-06-21,"quantile",0.55,4.76261240178816
"11054",2021-05-15,"15","37  day ahead inc hosp",2021-06-21,"quantile",0.6,5.48358966408082
"11055",2021-05-15,"15","37  day ahead inc hosp",2021-06-21,"quantile",0.65,6.31177751195831
"11056",2021-05-15,"15","37  day ahead inc hosp",2021-06-21,"quantile",0.7,7.28256994001191
"11057",2021-05-15,"15","37  day ahead inc hosp",2021-06-21,"quantile",0.75,8.45148450937991
"11058",2021-05-15,"15","37  day ahead inc hosp",2021-06-21,"quantile",0.8,9.91287117078429
"11059",2021-05-15,"15","37  day ahead inc hosp",2021-06-21,"quantile",0.85,11.8467535078432
"11060",2021-05-15,"15","37  day ahead inc hosp",2021-06-21,"quantile",0.9,14.6665804471068
"11061",2021-05-15,"15","37  day ahead inc hosp",2021-06-21,"quantile",0.95,19.7359983152731
"11062",2021-05-15,"15","37  day ahead inc hosp",2021-06-21,"quantile",0.975,25.1088336475071
"11063",2021-05-15,"15","37  day ahead inc hosp",2021-06-21,"quantile",0.99,32.6578225678593
"11064",2021-05-15,"16","1  day ahead inc hosp",2021-05-16,"quantile",0.01,5.38331838882137
"11065",2021-05-15,"16","1  day ahead inc hosp",2021-05-16,"quantile",0.025,6.15708891737868
"11066",2021-05-15,"16","1  day ahead inc hosp",2021-05-16,"quantile",0.05,6.88681259125057
"11067",2021-05-15,"16","1  day ahead inc hosp",2021-05-16,"quantile",0.1,7.80657198093171
"11068",2021-05-15,"16","1  day ahead inc hosp",2021-05-16,"quantile",0.15,8.47717877039601
"11069",2021-05-15,"16","1  day ahead inc hosp",2021-05-16,"quantile",0.2,9.04024351652311
"11070",2021-05-15,"16","1  day ahead inc hosp",2021-05-16,"quantile",0.25,9.54526133739017
"11071",2021-05-15,"16","1  day ahead inc hosp",2021-05-16,"quantile",0.3,10.0165522456613
"11072",2021-05-15,"16","1  day ahead inc hosp",2021-05-16,"quantile",0.35,10.4686544635691
"11073",2021-05-15,"16","1  day ahead inc hosp",2021-05-16,"quantile",0.4,10.911644184097
"11074",2021-05-15,"16","1  day ahead inc hosp",2021-05-16,"quantile",0.45,11.3534808151236
"11075",2021-05-15,"16","1  day ahead inc hosp",2021-05-16,"quantile",0.5,11.8012809713061
"11076",2021-05-15,"16","1  day ahead inc hosp",2021-05-16,"quantile",0.55,12.262198794942
"11077",2021-05-15,"16","1  day ahead inc hosp",2021-05-16,"quantile",0.6,12.7442396600697
"11078",2021-05-15,"16","1  day ahead inc hosp",2021-05-16,"quantile",0.65,13.2572616053156
"11079",2021-05-15,"16","1  day ahead inc hosp",2021-05-16,"quantile",0.7,13.8145114055394
"11080",2021-05-15,"16","1  day ahead inc hosp",2021-05-16,"quantile",0.75,14.4353863636309
"11081",2021-05-15,"16","1  day ahead inc hosp",2021-05-16,"quantile",0.8,15.1511356474459
"11082",2021-05-15,"16","1  day ahead inc hosp",2021-05-16,"quantile",0.85,16.0186580812186
"11083",2021-05-15,"16","1  day ahead inc hosp",2021-05-16,"quantile",0.9,17.1625082188822
"11084",2021-05-15,"16","1  day ahead inc hosp",2021-05-16,"quantile",0.95,18.9692009477958
"11085",2021-05-15,"16","1  day ahead inc hosp",2021-05-16,"quantile",0.975,20.6485742353106
"11086",2021-05-15,"16","1  day ahead inc hosp",2021-05-16,"quantile",0.99,22.7387143426789
"11087",2021-05-15,"16","2  day ahead inc hosp",2021-05-17,"quantile",0.01,5.3428547713714
"11088",2021-05-15,"16","2  day ahead inc hosp",2021-05-17,"quantile",0.025,6.1591494447731
"11089",2021-05-15,"16","2  day ahead inc hosp",2021-05-17,"quantile",0.05,6.93307696899829
"11090",2021-05-15,"16","2  day ahead inc hosp",2021-05-17,"quantile",0.1,7.91342653785198
"11091",2021-05-15,"16","2  day ahead inc hosp",2021-05-17,"quantile",0.15,8.63122019105344
"11092",2021-05-15,"16","2  day ahead inc hosp",2021-05-17,"quantile",0.2,9.23566098387793
"11093",2021-05-15,"16","2  day ahead inc hosp",2021-05-17,"quantile",0.25,9.77904620341384
"11094",2021-05-15,"16","2  day ahead inc hosp",2021-05-17,"quantile",0.3,10.2871439248703
"11095",2021-05-15,"16","2  day ahead inc hosp",2021-05-17,"quantile",0.35,10.775410475111
"11096",2021-05-15,"16","2  day ahead inc hosp",2021-05-17,"quantile",0.4,11.254605573793
"11097",2021-05-15,"16","2  day ahead inc hosp",2021-05-17,"quantile",0.45,11.7332746594742
"11098",2021-05-15,"16","2  day ahead inc hosp",2021-05-17,"quantile",0.5,12.2191043378561
"11099",2021-05-15,"16","2  day ahead inc hosp",2021-05-17,"quantile",0.55,12.7198673440083
"11100",2021-05-15,"16","2  day ahead inc hosp",2021-05-17,"quantile",0.6,13.2443057522742
"11101",2021-05-15,"16","2  day ahead inc hosp",2021-05-17,"quantile",0.65,13.8032279968118
"11102",2021-05-15,"16","2  day ahead inc hosp",2021-05-17,"quantile",0.7,14.411200702904
"11103",2021-05-15,"16","2  day ahead inc hosp",2021-05-17,"quantile",0.75,15.0895987231743
"11104",2021-05-15,"16","2  day ahead inc hosp",2021-05-17,"quantile",0.8,15.8729101967456
"11105",2021-05-15,"16","2  day ahead inc hosp",2021-05-17,"quantile",0.85,16.8240091391363
"11106",2021-05-15,"16","2  day ahead inc hosp",2021-05-17,"quantile",0.9,18.0806904797688
"11107",2021-05-15,"16","2  day ahead inc hosp",2021-05-17,"quantile",0.95,20.0711604299907
"11108",2021-05-15,"16","2  day ahead inc hosp",2021-05-17,"quantile",0.975,21.9268641220222
"11109",2021-05-15,"16","2  day ahead inc hosp",2021-05-17,"quantile",0.99,24.2430658092938
"11110",2021-05-15,"16","3  day ahead inc hosp",2021-05-18,"quantile",0.01,5.03118215803137
"11111",2021-05-15,"16","3  day ahead inc hosp",2021-05-18,"quantile",0.025,5.83436847754797
"11112",2021-05-15,"16","3  day ahead inc hosp",2021-05-18,"quantile",0.05,6.59891454990362
"11113",2021-05-15,"16","3  day ahead inc hosp",2021-05-18,"quantile",0.1,7.57100537116389
"11114",2021-05-15,"16","3  day ahead inc hosp",2021-05-18,"quantile",0.15,8.28499067307749
"11115",2021-05-15,"16","3  day ahead inc hosp",2021-05-18,"quantile",0.2,8.88753081170164
"11116",2021-05-15,"16","3  day ahead inc hosp",2021-05-18,"quantile",0.25,9.43014232175867
"11117",2021-05-15,"16","3  day ahead inc hosp",2021-05-18,"quantile",0.3,9.93826189627183
"11118",2021-05-15,"16","3  day ahead inc hosp",2021-05-18,"quantile",0.35,10.4271865522873
"11119",2021-05-15,"16","3  day ahead inc hosp",2021-05-18,"quantile",0.4,10.907600643531
"11120",2021-05-15,"16","3  day ahead inc hosp",2021-05-18,"quantile",0.45,11.3880243955578
"11121",2021-05-15,"16","3  day ahead inc hosp",2021-05-18,"quantile",0.5,11.8761561894895
"11122",2021-05-15,"16","3  day ahead inc hosp",2021-05-18,"quantile",0.55,12.3798146529014
"11123",2021-05-15,"16","3  day ahead inc hosp",2021-05-18,"quantile",0.6,12.9078264961283
"11124",2021-05-15,"16","3  day ahead inc hosp",2021-05-18,"quantile",0.65,13.4711367328139
"11125",2021-05-15,"16","3  day ahead inc hosp",2021-05-18,"quantile",0.7,14.0845275984846
"11126",2021-05-15,"16","3  day ahead inc hosp",2021-05-18,"quantile",0.75,14.7697234395317
"11127",2021-05-15,"16","3  day ahead inc hosp",2021-05-18,"quantile",0.8,15.5618155620465
"11128",2021-05-15,"16","3  day ahead inc hosp",2021-05-18,"quantile",0.85,16.5248351759516
"11129",2021-05-15,"16","3  day ahead inc hosp",2021-05-18,"quantile",0.9,17.7992327710998
"11130",2021-05-15,"16","3  day ahead inc hosp",2021-05-18,"quantile",0.95,19.8219183635018
"11131",2021-05-15,"16","3  day ahead inc hosp",2021-05-18,"quantile",0.975,21.7117694696308
"11132",2021-05-15,"16","3  day ahead inc hosp",2021-05-18,"quantile",0.99,24.0755277132075
"11133",2021-05-15,"16","4  day ahead inc hosp",2021-05-19,"quantile",0.01,4.87430141776176
"11134",2021-05-15,"16","4  day ahead inc hosp",2021-05-19,"quantile",0.025,5.68021639583522
"11135",2021-05-15,"16","4  day ahead inc hosp",2021-05-19,"quantile",0.05,6.44989131912866
"11136",2021-05-15,"16","4  day ahead inc hosp",2021-05-19,"quantile",0.1,7.43151781045947
"11137",2021-05-15,"16","4  day ahead inc hosp",2021-05-19,"quantile",0.15,8.15436901718792
"11138",2021-05-15,"16","4  day ahead inc hosp",2021-05-19,"quantile",0.2,8.76547799084777
"11139",2021-05-15,"16","4  day ahead inc hosp",2021-05-19,"quantile",0.25,9.31658411087235
"11140",2021-05-15,"16","4  day ahead inc hosp",2021-05-19,"quantile",0.3,9.83327868267009
"11141",2021-05-15,"16","4  day ahead inc hosp",2021-05-19,"quantile",0.35,10.3309848102331
"11142",2021-05-15,"16","4  day ahead inc hosp",2021-05-19,"quantile",0.4,10.8205047500781
"11143",2021-05-15,"16","4  day ahead inc hosp",2021-05-19,"quantile",0.45,11.3104817989246
"11144",2021-05-15,"16","4  day ahead inc hosp",2021-05-19,"quantile",0.5,11.8087543515484
"11145",2021-05-15,"16","4  day ahead inc hosp",2021-05-19,"quantile",0.55,12.3233115606055
"11146",2021-05-15,"16","4  day ahead inc hosp",2021-05-19,"quantile",0.6,12.8632000763457
"11147",2021-05-15,"16","4  day ahead inc hosp",2021-05-19,"quantile",0.65,13.439664096057
"11148",2021-05-15,"16","4  day ahead inc hosp",2021-05-19,"quantile",0.7,14.0679160249172
"11149",2021-05-15,"16","4  day ahead inc hosp",2021-05-19,"quantile",0.75,14.7703397919379
"11150",2021-05-15,"16","4  day ahead inc hosp",2021-05-19,"quantile",0.8,15.5831246609467
"11151",2021-05-15,"16","4  day ahead inc hosp",2021-05-19,"quantile",0.85,16.5723531433375
"11152",2021-05-15,"16","4  day ahead inc hosp",2021-05-19,"quantile",0.9,17.8830747920364
"11153",2021-05-15,"16","4  day ahead inc hosp",2021-05-19,"quantile",0.95,19.9668837132782
"11154",2021-05-15,"16","4  day ahead inc hosp",2021-05-19,"quantile",0.975,21.9172813804682
"11155",2021-05-15,"16","4  day ahead inc hosp",2021-05-19,"quantile",0.99,24.3608956555787
"11156",2021-05-15,"16","5  day ahead inc hosp",2021-05-20,"quantile",0.01,4.72179464326521
"11157",2021-05-15,"16","5  day ahead inc hosp",2021-05-20,"quantile",0.025,5.52939336432906
"11158",2021-05-15,"16","5  day ahead inc hosp",2021-05-20,"quantile",0.05,6.30320543482727
"11159",2021-05-15,"16","5  day ahead inc hosp",2021-05-20,"quantile",0.1,7.29312323633232
"11160",2021-05-15,"16","5  day ahead inc hosp",2021-05-20,"quantile",0.15,8.02394330263999
"11161",2021-05-15,"16","5  day ahead inc hosp",2021-05-20,"quantile",0.2,8.64287718087934
"11162",2021-05-15,"16","5  day ahead inc hosp",2021-05-20,"quantile",0.25,9.20181901245486
"11163",2021-05-15,"16","5  day ahead inc hosp",2021-05-20,"quantile",0.3,9.72648145214562
"11164",2021-05-15,"16","5  day ahead inc hosp",2021-05-20,"quantile",0.35,10.2323941093098
"11165",2021-05-15,"16","5  day ahead inc hosp",2021-05-20,"quantile",0.4,10.730463936106
"11166",2021-05-15,"16","5  day ahead inc hosp",2021-05-20,"quantile",0.45,11.2294472790927
"11167",2021-05-15,"16","5  day ahead inc hosp",2021-05-20,"quantile",0.5,11.7373140339499
"11168",2021-05-15,"16","5  day ahead inc hosp",2021-05-20,"quantile",0.55,12.2622157926399
"11169",2021-05-15,"16","5  day ahead inc hosp",2021-05-20,"quantile",0.6,12.8134105841276
"11170",2021-05-15,"16","5  day ahead inc hosp",2021-05-20,"quantile",0.65,13.4024317479391
"11171",2021-05-15,"16","5  day ahead inc hosp",2021-05-20,"quantile",0.7,14.0449088989444
"11172",2021-05-15,"16","5  day ahead inc hosp",2021-05-20,"quantile",0.75,14.7638671874723
"11173",2021-05-15,"16","5  day ahead inc hosp",2021-05-20,"quantile",0.8,15.5965650795255
"11174",2021-05-15,"16","5  day ahead inc hosp",2021-05-20,"quantile",0.85,16.6110854165705
"11175",2021-05-15,"16","5  day ahead inc hosp",2021-05-20,"quantile",0.9,17.9569685019343
"11176",2021-05-15,"16","5  day ahead inc hosp",2021-05-20,"quantile",0.95,20.1001699852049
"11177",2021-05-15,"16","5  day ahead inc hosp",2021-05-20,"quantile",0.975,22.1096179812056
"11178",2021-05-15,"16","5  day ahead inc hosp",2021-05-20,"quantile",0.99,24.6313716414923
"11179",2021-05-15,"16","6  day ahead inc hosp",2021-05-21,"quantile",0.01,4.67973305346311
"11180",2021-05-15,"16","6  day ahead inc hosp",2021-05-21,"quantile",0.025,5.50179843012655
"11181",2021-05-15,"16","6  day ahead inc hosp",2021-05-21,"quantile",0.05,6.29155831220153
"11182",2021-05-15,"16","6  day ahead inc hosp",2021-05-21,"quantile",0.1,7.30436642128261
"11183",2021-05-15,"16","6  day ahead inc hosp",2021-05-21,"quantile",0.15,8.0536239336105
"11184",2021-05-15,"16","6  day ahead inc hosp",2021-05-21,"quantile",0.2,8.68907084451015
"11185",2021-05-15,"16","6  day ahead inc hosp",2021-05-21,"quantile",0.25,9.26356855256055
"11186",2021-05-15,"16","6  day ahead inc hosp",2021-05-21,"quantile",0.3,9.80334612361526
"11187",2021-05-15,"16","6  day ahead inc hosp",2021-05-21,"quantile",0.35,10.3242728067026
"11188",2021-05-15,"16","6  day ahead inc hosp",2021-05-21,"quantile",0.4,10.837519130403
"11189",2021-05-15,"16","6  day ahead inc hosp",2021-05-21,"quantile",0.45,11.3520773719584
"11190",2021-05-15,"16","6  day ahead inc hosp",2021-05-21,"quantile",0.5,11.8761561894895
"11191",2021-05-15,"16","6  day ahead inc hosp",2021-05-21,"quantile",0.55,12.4181748648398
"11192",2021-05-15,"16","6  day ahead inc hosp",2021-05-21,"quantile",0.6,12.987718071645
"11193",2021-05-15,"16","6  day ahead inc hosp",2021-05-21,"quantile",0.65,13.5967478067981
"11194",2021-05-15,"16","6  day ahead inc hosp",2021-05-21,"quantile",0.7,14.2614959778316
"11195",2021-05-15,"16","6  day ahead inc hosp",2021-05-21,"quantile",0.75,15.0058974793308
"11196",2021-05-15,"16","6  day ahead inc hosp",2021-05-21,"quantile",0.8,15.8687096454417
"11197",2021-05-15,"16","6  day ahead inc hosp",2021-05-21,"quantile",0.85,16.9207937630957
"11198",2021-05-15,"16","6  day ahead inc hosp",2021-05-21,"quantile",0.9,18.3178756075466
"11199",2021-05-15,"16","6  day ahead inc hosp",2021-05-21,"quantile",0.95,20.5454992987907
"11200",2021-05-15,"16","6  day ahead inc hosp",2021-05-21,"quantile",0.975,22.6369678040239
"11201",2021-05-15,"16","6  day ahead inc hosp",2021-05-21,"quantile",0.99,25.2650979078342
"11202",2021-05-15,"16","7  day ahead inc hosp",2021-05-22,"quantile",0.01,4.53894617534298
"11203",2021-05-15,"16","7  day ahead inc hosp",2021-05-22,"quantile",0.025,5.3617236585259
"11204",2021-05-15,"16","7  day ahead inc hosp",2021-05-22,"quantile",0.05,6.15469024711113
"11205",2021-05-15,"16","7  day ahead inc hosp",2021-05-22,"quantile",0.1,7.17462332452616
"11206",2021-05-15,"16","7  day ahead inc hosp",2021-05-22,"quantile",0.15,7.93101532903274
"11207",2021-05-15,"16","7  day ahead inc hosp",2021-05-22,"quantile",0.2,8.57360181561323
"11208",2021-05-15,"16","7  day ahead inc hosp",2021-05-22,"quantile",0.25,9.15533453195061
"11209",2021-05-15,"16","7  day ahead inc hosp",2021-05-22,"quantile",0.3,9.70253253281879
"11210",2021-05-15,"16","7  day ahead inc hosp",2021-05-22,"quantile",0.35,10.231153329801
"11211",2021-05-15,"16","7  day ahead inc hosp",2021-05-22,"quantile",0.4,10.7524601220922
"11212",2021-05-15,"16","7  day ahead inc hosp",2021-05-22,"quantile",0.45,11.2755494414688
"11213",2021-05-15,"16","7  day ahead inc hosp",2021-05-22,"quantile",0.5,11.8087543515484
"11214",2021-05-15,"16","7  day ahead inc hosp",2021-05-22,"quantile",0.55,12.3606502535703
"11215",2021-05-15,"16","7  day ahead inc hosp",2021-05-22,"quantile",0.6,12.9410269685786
"11216",2021-05-15,"16","7  day ahead inc hosp",2021-05-22,"quantile",0.65,13.5621288302115
"11217",2021-05-15,"16","7  day ahead inc hosp",2021-05-22,"quantile",0.7,14.2405967374246
"11218",2021-05-15,"16","7  day ahead inc hosp",2021-05-22,"quantile",0.75,15.000995847082
"11219",2021-05-15,"16","7  day ahead inc hosp",2021-05-22,"quantile",0.8,15.8831364865421
"11220",2021-05-15,"16","7  day ahead inc hosp",2021-05-22,"quantile",0.85,16.9598532040631
"11221",2021-05-15,"16","7  day ahead inc hosp",2021-05-22,"quantile",0.9,18.3913090517615
"11222",2021-05-15,"16","7  day ahead inc hosp",2021-05-22,"quantile",0.95,20.6772678375708
"11223",2021-05-15,"16","7  day ahead inc hosp",2021-05-22,"quantile",0.975,22.8270028755759
"11224",2021-05-15,"16","7  day ahead inc hosp",2021-05-22,"quantile",0.99,25.5325550572808
"11225",2021-05-15,"16","8  day ahead inc hosp",2021-05-23,"quantile",0.01,4.46341797924018
"11226",2021-05-15,"16","8  day ahead inc hosp",2021-05-23,"quantile",0.025,5.29449769583327
"11227",2021-05-15,"16","8  day ahead inc hosp",2021-05-23,"quantile",0.05,6.09769972395099
"11228",2021-05-15,"16","8  day ahead inc hosp",2021-05-23,"quantile",0.1,7.13346784887763
"11229",2021-05-15,"16","8  day ahead inc hosp",2021-05-23,"quantile",0.15,7.90325536779439
"11230",2021-05-15,"16","8  day ahead inc hosp",2021-05-23,"quantile",0.2,8.55818733562918
"11231",2021-05-15,"16","8  day ahead inc hosp",2021-05-23,"quantile",0.25,9.15178837885904
"11232",2021-05-15,"16","8  day ahead inc hosp",2021-05-23,"quantile",0.3,9.7107025026976
"11233",2021-05-15,"16","8  day ahead inc hosp",2021-05-23,"quantile",0.35,10.2511144247377
"11234",2021-05-15,"16","8  day ahead inc hosp",2021-05-23,"quantile",0.4,10.7844749864867
"11235",2021-05-15,"16","8  day ahead inc hosp",2021-05-23,"quantile",0.45,11.3200587186715
"11236",2021-05-15,"16","8  day ahead inc hosp",2021-05-23,"quantile",0.5,11.8663877667133
"11237",2021-05-15,"16","8  day ahead inc hosp",2021-05-23,"quantile",0.55,12.4322574312773
"11238",2021-05-15,"16","8  day ahead inc hosp",2021-05-23,"quantile",0.6,13.0277328520002
"11239",2021-05-15,"16","8  day ahead inc hosp",2021-05-23,"quantile",0.65,13.6654259585144
"11240",2021-05-15,"16","8  day ahead inc hosp",2021-05-23,"quantile",0.7,14.362500083762
"11241",2021-05-15,"16","8  day ahead inc hosp",2021-05-23,"quantile",0.75,15.1443156024124
"11242",2021-05-15,"16","8  day ahead inc hosp",2021-05-23,"quantile",0.8,16.0520002456568
"11243",2021-05-15,"16","8  day ahead inc hosp",2021-05-23,"quantile",0.85,17.1608413882433
"11244",2021-05-15,"16","8  day ahead inc hosp",2021-05-23,"quantile",0.9,18.6364854370284
"11245",2021-05-15,"16","8  day ahead inc hosp",2021-05-23,"quantile",0.95,20.9961485634387
"11246",2021-05-15,"16","8  day ahead inc hosp",2021-05-23,"quantile",0.975,23.2183088415651
"11247",2021-05-15,"16","8  day ahead inc hosp",2021-05-23,"quantile",0.99,26.01875641666
"11248",2021-05-15,"16","9  day ahead inc hosp",2021-05-24,"quantile",0.01,4.39553909483966
"11249",2021-05-15,"16","9  day ahead inc hosp",2021-05-24,"quantile",0.025,5.23517658036401
"11250",2021-05-15,"16","9  day ahead inc hosp",2021-05-24,"quantile",0.05,6.04885291617346
"11251",2021-05-15,"16","9  day ahead inc hosp",2021-05-24,"quantile",0.1,7.10076399211611
"11252",2021-05-15,"16","9  day ahead inc hosp",2021-05-24,"quantile",0.15,7.88418063721697
"11253",2021-05-15,"16","9  day ahead inc hosp",2021-05-24,"quantile",0.2,8.55166195479533
"11254",2021-05-15,"16","9  day ahead inc hosp",2021-05-24,"quantile",0.25,9.15732095956207
"11255",2021-05-15,"16","9  day ahead inc hosp",2021-05-24,"quantile",0.3,9.72813440899871
"11256",2021-05-15,"16","9  day ahead inc hosp",2021-05-24,"quantile",0.35,10.2805191426987
"11257",2021-05-15,"16","9  day ahead inc hosp",2021-05-24,"quantile",0.4,10.8261173461268
"11258",2021-05-15,"16","9  day ahead inc hosp",2021-05-24,"quantile",0.45,11.3743848012377
"11259",2021-05-15,"16","9  day ahead inc hosp",2021-05-24,"quantile",0.5,11.9340359981089
"11260",2021-05-15,"16","9  day ahead inc hosp",2021-05-24,"quantile",0.55,12.5140897897824
"11261",2021-05-15,"16","9  day ahead inc hosp",2021-05-24,"quantile",0.6,13.1248911055699
"11262",2021-05-15,"16","9  day ahead inc hosp",2021-05-24,"quantile",0.65,13.7794253707782
"11263",2021-05-15,"16","9  day ahead inc hosp",2021-05-24,"quantile",0.7,14.4953866980899
"11264",2021-05-15,"16","9  day ahead inc hosp",2021-05-24,"quantile",0.75,15.2989433823055
"11265",2021-05-15,"16","9  day ahead inc hosp",2021-05-24,"quantile",0.8,16.2325616647697
"11266",2021-05-15,"16","9  day ahead inc hosp",2021-05-24,"quantile",0.85,17.3740212556961
"11267",2021-05-15,"16","9  day ahead inc hosp",2021-05-24,"quantile",0.9,18.8945409386554
"11268",2021-05-15,"16","9  day ahead inc hosp",2021-05-24,"quantile",0.95,21.3290760179183
"11269",2021-05-15,"16","9  day ahead inc hosp",2021-05-24,"quantile",0.975,23.6248340981504
"11270",2021-05-15,"16","9  day ahead inc hosp",2021-05-24,"quantile",0.99,26.5217492550503
"11271",2021-05-15,"16","10  day ahead inc hosp",2021-05-25,"quantile",0.01,4.29875602799702
"11272",2021-05-15,"16","10  day ahead inc hosp",2021-05-25,"quantile",0.025,5.142063104485
"11273",2021-05-15,"16","10  day ahead inc hosp",2021-05-25,"quantile",0.05,5.9616554224973
"11274",2021-05-15,"16","10  day ahead inc hosp",2021-05-25,"quantile",0.1,7.02404006616998
"11275",2021-05-15,"16","10  day ahead inc hosp",2021-05-25,"quantile",0.15,7.8170068641388
"11276",2021-05-15,"16","10  day ahead inc hosp",2021-05-25,"quantile",0.2,8.49364833316629
"11277",2021-05-15,"16","10  day ahead inc hosp",2021-05-25,"quantile",0.25,9.10835298303302
"11278",2021-05-15,"16","10  day ahead inc hosp",2021-05-25,"quantile",0.3,9.688277817421
"11279",2021-05-15,"16","10  day ahead inc hosp",2021-05-25,"quantile",0.35,10.249981730112
"11280",2021-05-15,"16","10  day ahead inc hosp",2021-05-25,"quantile",0.4,10.8052369204619
"11281",2021-05-15,"16","10  day ahead inc hosp",2021-05-25,"quantile",0.45,11.3636331082854
"11282",2021-05-15,"16","10  day ahead inc hosp",2021-05-25,"quantile",0.5,11.9340359981089
"11283",2021-05-15,"16","10  day ahead inc hosp",2021-05-25,"quantile",0.55,12.5256478441134
"11284",2021-05-15,"16","10  day ahead inc hosp",2021-05-25,"quantile",0.6,13.1490496345034
"11285",2021-05-15,"16","10  day ahead inc hosp",2021-05-25,"quantile",0.65,13.8175476355821
"11286",2021-05-15,"16","10  day ahead inc hosp",2021-05-25,"quantile",0.7,14.5492972133008
"11287",2021-05-15,"16","10  day ahead inc hosp",2021-05-25,"quantile",0.75,15.3711741313432
"11288",2021-05-15,"16","10  day ahead inc hosp",2021-05-25,"quantile",0.8,16.3268230332638
"11289",2021-05-15,"16","10  day ahead inc hosp",2021-05-25,"quantile",0.85,17.4962271689828
"11290",2021-05-15,"16","10  day ahead inc hosp",2021-05-25,"quantile",0.9,19.0555516305295
"11291",2021-05-15,"16","10  day ahead inc hosp",2021-05-25,"quantile",0.95,21.55557262989
"11292",2021-05-15,"16","10  day ahead inc hosp",2021-05-25,"quantile",0.975,23.9164143894011
"11293",2021-05-15,"16","10  day ahead inc hosp",2021-05-25,"quantile",0.99,26.8994657411053
"11294",2021-05-15,"16","11  day ahead inc hosp",2021-05-26,"quantile",0.01,4.23469986308477
"11295",2021-05-15,"16","11  day ahead inc hosp",2021-05-26,"quantile",0.025,5.08558097647627
"11296",2021-05-15,"16","11  day ahead inc hosp",2021-05-26,"quantile",0.05,5.91472609876005
"11297",2021-05-15,"16","11  day ahead inc hosp",2021-05-26,"quantile",0.1,6.99211959402531
"11298",2021-05-15,"16","11  day ahead inc hosp",2021-05-26,"quantile",0.15,7.79791604075473
"11299",2021-05-15,"16","11  day ahead inc hosp",2021-05-26,"quantile",0.2,8.48645673989991
"11300",2021-05-15,"16","11  day ahead inc hosp",2021-05-26,"quantile",0.25,9.11265409703233
"11301",2021-05-15,"16","11  day ahead inc hosp",2021-05-26,"quantile",0.3,9.70396675498865
"11302",2021-05-15,"16","11  day ahead inc hosp",2021-05-26,"quantile",0.35,10.2771678100801
"11303",2021-05-15,"16","11  day ahead inc hosp",2021-05-26,"quantile",0.4,10.844209142761
"11304",2021-05-15,"16","11  day ahead inc hosp",2021-05-26,"quantile",0.45,11.414853338064
"11305",2021-05-15,"16","11  day ahead inc hosp",2021-05-26,"quantile",0.5,11.9981518311674
"11306",2021-05-15,"16","11  day ahead inc hosp",2021-05-26,"quantile",0.55,12.6035247014702
"11307",2021-05-15,"16","11  day ahead inc hosp",2021-05-26,"quantile",0.6,13.241827260141
"11308",2021-05-15,"16","11  day ahead inc hosp",2021-05-26,"quantile",0.65,13.9267334984331
"11309",2021-05-15,"16","11  day ahead inc hosp",2021-05-26,"quantile",0.7,14.6769228200939
"11310",2021-05-15,"16","11  day ahead inc hosp",2021-05-26,"quantile",0.75,15.5200701924752
"11311",2021-05-15,"16","11  day ahead inc hosp",2021-05-26,"quantile",0.8,16.5011462531985
"11312",2021-05-15,"16","11  day ahead inc hosp",2021-05-26,"quantile",0.85,17.7026063308745
"11313",2021-05-15,"16","11  day ahead inc hosp",2021-05-26,"quantile",0.9,19.306149451314
"11314",2021-05-15,"16","11  day ahead inc hosp",2021-05-26,"quantile",0.95,21.8801960039651
"11315",2021-05-15,"16","11  day ahead inc hosp",2021-05-26,"quantile",0.975,24.3140517682656
"11316",2021-05-15,"16","11  day ahead inc hosp",2021-05-26,"quantile",0.99,27.3931054468745
"11317",2021-05-15,"16","12  day ahead inc hosp",2021-05-27,"quantile",0.01,3.98156059891603
"11318",2021-05-15,"16","12  day ahead inc hosp",2021-05-27,"quantile",0.025,4.81070551525233
"11319",2021-05-15,"16","12  day ahead inc hosp",2021-05-27,"quantile",0.05,5.62194527292699
"11320",2021-05-15,"16","12  day ahead inc hosp",2021-05-27,"quantile",0.1,6.68000415091269
"11321",2021-05-15,"16","12  day ahead inc hosp",2021-05-27,"quantile",0.15,7.47377861711343
"11322",2021-05-15,"16","12  day ahead inc hosp",2021-05-27,"quantile",0.2,8.15347439822013
"11323",2021-05-15,"16","12  day ahead inc hosp",2021-05-27,"quantile",0.25,8.77265260488142
"11324",2021-05-15,"16","12  day ahead inc hosp",2021-05-27,"quantile",0.3,9.35815640775557
"11325",2021-05-15,"16","12  day ahead inc hosp",2021-05-27,"quantile",0.35,9.92642862468882
"11326",2021-05-15,"16","12  day ahead inc hosp",2021-05-27,"quantile",0.4,10.4892271682027
"11327",2021-05-15,"16","12  day ahead inc hosp",2021-05-27,"quantile",0.45,11.056196174427
"11328",2021-05-15,"16","12  day ahead inc hosp",2021-05-27,"quantile",0.5,11.6363163113395
"11329",2021-05-15,"16","12  day ahead inc hosp",2021-05-27,"quantile",0.55,12.2389716739307
"11330",2021-05-15,"16","12  day ahead inc hosp",2021-05-27,"quantile",0.6,12.8750119298369
"11331",2021-05-15,"16","12  day ahead inc hosp",2021-05-27,"quantile",0.65,13.5581380699695
"11332",2021-05-15,"16","12  day ahead inc hosp",2021-05-27,"quantile",0.7,14.3070998188431
"11333",2021-05-15,"16","12  day ahead inc hosp",2021-05-27,"quantile",0.75,15.1497115234636
"11334",2021-05-15,"16","12  day ahead inc hosp",2021-05-27,"quantile",0.8,16.1312125940941
"11335",2021-05-15,"16","12  day ahead inc hosp",2021-05-27,"quantile",0.85,17.3346145546579
"11336",2021-05-15,"16","12  day ahead inc hosp",2021-05-27,"quantile",0.9,18.9429767755531
"11337",2021-05-15,"16","12  day ahead inc hosp",2021-05-27,"quantile",0.95,21.52949410556
"11338",2021-05-15,"16","12  day ahead inc hosp",2021-05-27,"quantile",0.975,23.9798476512963
"11339",2021-05-15,"16","12  day ahead inc hosp",2021-05-27,"quantile",0.99,27.0854456225567
"11340",2021-05-15,"16","13  day ahead inc hosp",2021-05-28,"quantile",0.01,3.89648595827193
"11341",2021-05-15,"16","13  day ahead inc hosp",2021-05-28,"quantile",0.025,4.72797233527496
"11342",2021-05-15,"16","13  day ahead inc hosp",2021-05-28,"quantile",0.05,5.54380746090269
"11343",2021-05-15,"16","13  day ahead inc hosp",2021-05-28,"quantile",0.1,6.61062717865044
"11344",2021-05-15,"16","13  day ahead inc hosp",2021-05-28,"quantile",0.15,7.41269057440193
"11345",2021-05-15,"16","13  day ahead inc hosp",2021-05-28,"quantile",0.2,8.10048880928319
"11346",2021-05-15,"16","13  day ahead inc hosp",2021-05-28,"quantile",0.25,8.72776941055675
"11347",2021-05-15,"16","13  day ahead inc hosp",2021-05-28,"quantile",0.3,9.32151161713777
"11348",2021-05-15,"16","13  day ahead inc hosp",2021-05-28,"quantile",0.35,9.8982740134903
"11349",2021-05-15,"16","13  day ahead inc hosp",2021-05-28,"quantile",0.4,10.4699266571687
"11350",2021-05-15,"16","13  day ahead inc hosp",2021-05-28,"quantile",0.45,11.0462339952503
"11351",2021-05-15,"16","13  day ahead inc hosp",2021-05-28,"quantile",0.5,11.6363163113395
"11352",2021-05-15,"16","13  day ahead inc hosp",2021-05-28,"quantile",0.55,12.2497300977984
"11353",2021-05-15,"16","13  day ahead inc hosp",2021-05-28,"quantile",0.6,12.8975494793959
"11354",2021-05-15,"16","13  day ahead inc hosp",2021-05-28,"quantile",0.65,13.5937827704695
"11355",2021-05-15,"16","13  day ahead inc hosp",2021-05-28,"quantile",0.7,14.3576236490655
"11356",2021-05-15,"16","13  day ahead inc hosp",2021-05-28,"quantile",0.75,15.2175696633022
"11357",2021-05-15,"16","13  day ahead inc hosp",2021-05-28,"quantile",0.8,16.220001057277
"11358",2021-05-15,"16","13  day ahead inc hosp",2021-05-28,"quantile",0.85,17.4500672330119
"11359",2021-05-15,"16","13  day ahead inc hosp",2021-05-28,"quantile",0.9,19.095636932079
"11360",2021-05-15,"16","13  day ahead inc hosp",2021-05-28,"quantile",0.95,21.7453301710463
"11361",2021-05-15,"16","13  day ahead inc hosp",2021-05-28,"quantile",0.975,24.2588541110918
"11362",2021-05-15,"16","13  day ahead inc hosp",2021-05-28,"quantile",0.99,27.4485181456846
"11363",2021-05-15,"16","14  day ahead inc hosp",2021-05-29,"quantile",0.01,3.84972211753658
"11364",2021-05-15,"16","14  day ahead inc hosp",2021-05-29,"quantile",0.025,4.68888977846894
"11365",2021-05-15,"16","14  day ahead inc hosp",2021-05-29,"quantile",0.05,5.51432938211489
"11366",2021-05-15,"16","14  day ahead inc hosp",2021-05-29,"quantile",0.1,6.59619307967865
"11367",2021-05-15,"16","14  day ahead inc hosp",2021-05-29,"quantile",0.15,7.41110847397736
"11368",2021-05-15,"16","14  day ahead inc hosp",2021-05-29,"quantile",0.2,8.11083034499
"11369",2021-05-15,"16","14  day ahead inc hosp",2021-05-29,"quantile",0.25,8.74963356293508
"11370",2021-05-15,"16","14  day ahead inc hosp",2021-05-29,"quantile",0.3,9.35480052450884
"11371",2021-05-15,"16","14  day ahead inc hosp",2021-05-29,"quantile",0.35,9.9431051687676
"11372",2021-05-15,"16","14  day ahead inc hosp",2021-05-29,"quantile",0.4,10.5265984660644
"11373",2021-05-15,"16","14  day ahead inc hosp",2021-05-29,"quantile",0.45,11.1152192537291
"11374",2021-05-15,"16","14  day ahead inc hosp",2021-05-29,"quantile",0.5,11.7182755475003
"11375",2021-05-15,"16","14  day ahead inc hosp",2021-05-29,"quantile",0.55,12.3455443768926
"11376",2021-05-15,"16","14  day ahead inc hosp",2021-05-29,"quantile",0.6,13.0083779703044
"11377",2021-05-15,"16","14  day ahead inc hosp",2021-05-29,"quantile",0.65,13.721157816902
"11378",2021-05-15,"16","14  day ahead inc hosp",2021-05-29,"quantile",0.7,14.5036098339575
"11379",2021-05-15,"16","14  day ahead inc hosp",2021-05-29,"quantile",0.75,15.3850438442754
"11380",2021-05-15,"16","14  day ahead inc hosp",2021-05-29,"quantile",0.8,16.4131886387023
"11381",2021-05-15,"16","14  day ahead inc hosp",2021-05-29,"quantile",0.85,17.6757094038698
"11382",2021-05-15,"16","14  day ahead inc hosp",2021-05-29,"quantile",0.9,19.366110958435
"11383",2021-05-15,"16","14  day ahead inc hosp",2021-05-29,"quantile",0.95,22.0910020397374
"11384",2021-05-15,"16","14  day ahead inc hosp",2021-05-29,"quantile",0.975,24.6788521092653
"11385",2021-05-15,"16","14  day ahead inc hosp",2021-05-29,"quantile",0.99,27.9664457105269
"11386",2021-05-15,"16","15  day ahead inc hosp",2021-05-30,"quantile",0.01,3.97957725072728
"11387",2021-05-15,"16","15  day ahead inc hosp",2021-05-30,"quantile",0.025,4.86419070009092
"11388",2021-05-15,"16","15  day ahead inc hosp",2021-05-30,"quantile",0.05,5.7363747453296
"11389",2021-05-15,"16","15  day ahead inc hosp",2021-05-30,"quantile",0.1,6.88195967963213
"11390",2021-05-15,"16","15  day ahead inc hosp",2021-05-30,"quantile",0.15,7.74639704865245
"11391",2021-05-15,"16","15  day ahead inc hosp",2021-05-30,"quantile",0.2,8.48953307190421
"11392",2021-05-15,"16","15  day ahead inc hosp",2021-05-30,"quantile",0.25,9.16861170452854
"11393",2021-05-15,"16","15  day ahead inc hosp",2021-05-30,"quantile",0.3,9.81244596162807
"11394",2021-05-15,"16","15  day ahead inc hosp",2021-05-30,"quantile",0.35,10.4387799578675
"11395",2021-05-15,"16","15  day ahead inc hosp",2021-05-30,"quantile",0.4,11.0603880484087
"11396",2021-05-15,"16","15  day ahead inc hosp",2021-05-30,"quantile",0.45,11.6878310612661
"11397",2021-05-15,"16","15  day ahead inc hosp",2021-05-30,"quantile",0.5,12.3310241544889
"11398",2021-05-15,"16","15  day ahead inc hosp",2021-05-30,"quantile",0.55,13.0004056630406
"11399",2021-05-15,"16","15  day ahead inc hosp",2021-05-30,"quantile",0.6,13.7081179266829
"11400",2021-05-15,"16","15  day ahead inc hosp",2021-05-30,"quantile",0.65,14.4695644725483
"11401",2021-05-15,"16","15  day ahead inc hosp",2021-05-30,"quantile",0.7,15.3058936947518
"11402",2021-05-15,"16","15  day ahead inc hosp",2021-05-30,"quantile",0.75,16.2485507414898
"11403",2021-05-15,"16","15  day ahead inc hosp",2021-05-30,"quantile",0.8,17.3487678343475
"11404",2021-05-15,"16","15  day ahead inc hosp",2021-05-30,"quantile",0.85,18.7006845906614
"11405",2021-05-15,"16","15  day ahead inc hosp",2021-05-30,"quantile",0.9,20.512181572474
"11406",2021-05-15,"16","15  day ahead inc hosp",2021-05-30,"quantile",0.95,23.4352608986786
"11407",2021-05-15,"16","15  day ahead inc hosp",2021-05-30,"quantile",0.975,26.2143009347954
"11408",2021-05-15,"16","15  day ahead inc hosp",2021-05-30,"quantile",0.99,29.7483636875235
"11409",2021-05-15,"16","16  day ahead inc hosp",2021-05-31,"quantile",0.01,3.89586038225092
"11410",2021-05-15,"16","16  day ahead inc hosp",2021-05-31,"quantile",0.025,4.7843847468803
"11411",2021-05-15,"16","16  day ahead inc hosp",2021-05-31,"quantile",0.05,5.66317103641769
"11412",2021-05-15,"16","16  day ahead inc hosp",2021-05-31,"quantile",0.1,6.82073419906641
"11413",2021-05-15,"16","16  day ahead inc hosp",2021-05-31,"quantile",0.15,7.69626357063163
"11414",2021-05-15,"16","16  day ahead inc hosp",2021-05-31,"quantile",0.2,8.45013842064212
"11415",2021-05-15,"16","16  day ahead inc hosp",2021-05-31,"quantile",0.25,9.13989485016793
"11416",2021-05-15,"16","16  day ahead inc hosp",2021-05-31,"quantile",0.3,9.79454449033464
"11417",2021-05-15,"16","16  day ahead inc hosp",2021-05-31,"quantile",0.35,10.4319932153418
"11418",2021-05-15,"16","16  day ahead inc hosp",2021-05-31,"quantile",0.4,11.0651675937185
"11419",2021-05-15,"16","16  day ahead inc hosp",2021-05-31,"quantile",0.45,11.7047886875813
"11420",2021-05-15,"16","16  day ahead inc hosp",2021-05-31,"quantile",0.5,12.36095540685
"11421",2021-05-15,"16","16  day ahead inc hosp",2021-05-31,"quantile",0.55,13.0443313594251
"11422",2021-05-15,"16","16  day ahead inc hosp",2021-05-31,"quantile",0.6,13.7673509442119
"11423",2021-05-15,"16","16  day ahead inc hosp",2021-05-31,"quantile",0.65,14.5458165937347
"11424",2021-05-15,"16","16  day ahead inc hosp",2021-05-31,"quantile",0.7,15.4014521601115
"11425",2021-05-15,"16","16  day ahead inc hosp",2021-05-31,"quantile",0.75,16.3665877089908
"11426",2021-05-15,"16","16  day ahead inc hosp",2021-05-31,"quantile",0.8,17.4939325937946
"11427",2021-05-15,"16","16  day ahead inc hosp",2021-05-31,"quantile",0.85,18.8803941563406
"11428",2021-05-15,"16","16  day ahead inc hosp",2021-05-31,"quantile",0.9,20.7400793743293
"11429",2021-05-15,"16","16  day ahead inc hosp",2021-05-31,"quantile",0.95,23.7449637300178
"11430",2021-05-15,"16","16  day ahead inc hosp",2021-05-31,"quantile",0.975,26.605805426074
"11431",2021-05-15,"16","16  day ahead inc hosp",2021-05-31,"quantile",0.99,30.2487564310837
"11432",2021-05-15,"16","17  day ahead inc hosp",2021-06-01,"quantile",0.01,3.7971946046827
"11433",2021-05-15,"16","17  day ahead inc hosp",2021-06-01,"quantile",0.025,4.68535763539717
"11434",2021-05-15,"16","17  day ahead inc hosp",2021-06-01,"quantile",0.05,5.56654798061313
"11435",2021-05-15,"16","17  day ahead inc hosp",2021-06-01,"quantile",0.1,6.73060570032051
"11436",2021-05-15,"16","17  day ahead inc hosp",2021-06-01,"quantile",0.15,7.6131150240297
"11437",2021-05-15,"16","17  day ahead inc hosp",2021-06-01,"quantile",0.2,8.37421207451609
"11438",2021-05-15,"16","17  day ahead inc hosp",2021-06-01,"quantile",0.25,9.07144770092748
"11439",2021-05-15,"16","17  day ahead inc hosp",2021-06-01,"quantile",0.3,9.73389313036574
"11440",2021-05-15,"16","17  day ahead inc hosp",2021-06-01,"quantile",0.35,10.3795310092951
"11441",2021-05-15,"16","17  day ahead inc hosp",2021-06-01,"quantile",0.4,11.0213795918758
"11442",2021-05-15,"16","17  day ahead inc hosp",2021-06-01,"quantile",0.45,11.6702708178247
"11443",2021-05-15,"16","17  day ahead inc hosp",2021-06-01,"quantile",0.5,12.3364417057622
"11444",2021-05-15,"16","17  day ahead inc hosp",2021-06-01,"quantile",0.55,13.030733776088
"11445",2021-05-15,"16","17  day ahead inc hosp",2021-06-01,"quantile",0.6,13.7658190712247
"11446",2021-05-15,"16","17  day ahead inc hosp",2021-06-01,"quantile",0.65,14.5578305655721
"11447",2021-05-15,"16","17  day ahead inc hosp",2021-06-01,"quantile",0.7,15.4289743967003
"11448",2021-05-15,"16","17  day ahead inc hosp",2021-06-01,"quantile",0.75,16.4123277889429
"11449",2021-05-15,"16","17  day ahead inc hosp",2021-06-01,"quantile",0.8,17.5618538111533
"11450",2021-05-15,"16","17  day ahead inc hosp",2021-06-01,"quantile",0.85,18.9768187180687
"11451",2021-05-15,"16","17  day ahead inc hosp",2021-06-01,"quantile",0.9,20.8766571902172
"11452",2021-05-15,"16","17  day ahead inc hosp",2021-06-01,"quantile",0.95,23.9505160140946
"11453",2021-05-15,"16","17  day ahead inc hosp",2021-06-01,"quantile",0.975,26.881102415607
"11454",2021-05-15,"16","17  day ahead inc hosp",2021-06-01,"quantile",0.99,30.6177888488097
"11455",2021-05-15,"16","18  day ahead inc hosp",2021-06-02,"quantile",0.01,3.70979843622759
"11456",2021-05-15,"16","18  day ahead inc hosp",2021-06-02,"quantile",0.025,4.59863673097806
"11457",2021-05-15,"16","18  day ahead inc hosp",2021-06-02,"quantile",0.05,5.48318745177577
"11458",2021-05-15,"16","18  day ahead inc hosp",2021-06-02,"quantile",0.1,6.65492945751941
"11459",2021-05-15,"16","18  day ahead inc hosp",2021-06-02,"quantile",0.15,7.54528172337027
"11460",2021-05-15,"16","18  day ahead inc hosp",2021-06-02,"quantile",0.2,8.31432557599152
"11461",2021-05-15,"16","18  day ahead inc hosp",2021-06-02,"quantile",0.25,9.0196916942495
"11462",2021-05-15,"16","18  day ahead inc hosp",2021-06-02,"quantile",0.3,9.69054274602647
"11463",2021-05-15,"16","18  day ahead inc hosp",2021-06-02,"quantile",0.35,10.3449572169919
"11464",2021-05-15,"16","18  day ahead inc hosp",2021-06-02,"quantile",0.4,10.996058363566
"11465",2021-05-15,"16","18  day ahead inc hosp",2021-06-02,"quantile",0.45,11.6547996665389
"11466",2021-05-15,"16","18  day ahead inc hosp",2021-06-02,"quantile",0.5,12.3315659622563
"11467",2021-05-15,"16","18  day ahead inc hosp",2021-06-02,"quantile",0.55,13.0373866409583
"11468",2021-05-15,"16","18  day ahead inc hosp",2021-06-02,"quantile",0.6,13.785182745618
"11469",2021-05-15,"16","18  day ahead inc hosp",2021-06-02,"quantile",0.65,14.5914320118046
"11470",2021-05-15,"16","18  day ahead inc hosp",2021-06-02,"quantile",0.7,15.4788422347685
"11471",2021-05-15,"16","18  day ahead inc hosp",2021-06-02,"quantile",0.75,16.4812664936213
"11472",2021-05-15,"16","18  day ahead inc hosp",2021-06-02,"quantile",0.8,17.6539682794491
"11473",2021-05-15,"16","18  day ahead inc hosp",2021-06-02,"quantile",0.85,19.098658669495
"11474",2021-05-15,"16","18  day ahead inc hosp",2021-06-02,"quantile",0.9,21.0402902683825
"11475",2021-05-15,"16","18  day ahead inc hosp",2021-06-02,"quantile",0.95,24.1857807848364
"11476",2021-05-15,"16","18  day ahead inc hosp",2021-06-02,"quantile",0.975,27.1886560034616
"11477",2021-05-15,"16","18  day ahead inc hosp",2021-06-02,"quantile",0.99,31.0223434625392
"11478",2021-05-15,"16","19  day ahead inc hosp",2021-06-03,"quantile",0.01,3.62512734399726
"11479",2021-05-15,"16","19  day ahead inc hosp",2021-06-03,"quantile",0.025,4.51430140331655
"11480",2021-05-15,"16","19  day ahead inc hosp",2021-06-03,"quantile",0.05,5.40186875074243
"11481",2021-05-15,"16","19  day ahead inc hosp",2021-06-03,"quantile",0.1,6.58084542434344
"11482",2021-05-15,"16","19  day ahead inc hosp",2021-06-03,"quantile",0.15,7.47870900206224
"11483",2021-05-15,"16","19  day ahead inc hosp",2021-06-03,"quantile",0.2,8.25542213171858
"11484",2021-05-15,"16","19  day ahead inc hosp",2021-06-03,"quantile",0.25,8.96867216457766
"11485",2021-05-15,"16","19  day ahead inc hosp",2021-06-03,"quantile",0.3,9.64770170576495
"11486",2021-05-15,"16","19  day ahead inc hosp",2021-06-03,"quantile",0.35,10.3106782673339
"11487",2021-05-15,"16","19  day ahead inc hosp",2021-06-03,"quantile",0.4,10.970825533173
"11488",2021-05-15,"16","19  day ahead inc hosp",2021-06-03,"quantile",0.45,11.6392151094483
"11489",2021-05-15,"16","19  day ahead inc hosp",2021-06-03,"quantile",0.5,12.3263768307348
"11490",2021-05-15,"16","19  day ahead inc hosp",2021-06-03,"quantile",0.55,13.0435253841225
"11491",2021-05-15,"16","19  day ahead inc hosp",2021-06-03,"quantile",0.6,13.8038282162496
"11492",2021-05-15,"16","19  day ahead inc hosp",2021-06-03,"quantile",0.65,14.6241049304266
"11493",2021-05-15,"16","19  day ahead inc hosp",2021-06-03,"quantile",0.7,15.5275614331351
"11494",2021-05-15,"16","19  day ahead inc hosp",2021-06-03,"quantile",0.75,16.5488218852466
"11495",2021-05-15,"16","19  day ahead inc hosp",2021-06-03,"quantile",0.8,17.7444431131639
"11496",2021-05-15,"16","19  day ahead inc hosp",2021-06-03,"quantile",0.85,19.2185691950539
"11497",2021-05-15,"16","19  day ahead inc hosp",2021-06-03,"quantile",0.9,21.201647465979
"11498",2021-05-15,"16","19  day ahead inc hosp",2021-06-03,"quantile",0.95,24.4183061237882
"11499",2021-05-15,"16","19  day ahead inc hosp",2021-06-03,"quantile",0.975,27.493131408544
"11500",2021-05-15,"16","19  day ahead inc hosp",2021-06-03,"quantile",0.99,31.4235211359093
"11501",2021-05-15,"16","20  day ahead inc hosp",2021-06-04,"quantile",0.01,3.54915413776009
"11502",2021-05-15,"16","20  day ahead inc hosp",2021-06-04,"quantile",0.025,4.43946252423853
"11503",2021-05-15,"16","20  day ahead inc hosp",2021-06-04,"quantile",0.05,5.3307850473356
"11504",2021-05-15,"16","20  day ahead inc hosp",2021-06-04,"quantile",0.1,6.51791924998072
"11505",2021-05-15,"16","20  day ahead inc hosp",2021-06-04,"quantile",0.15,7.42396708253947
"11506",2021-05-15,"16","20  day ahead inc hosp",2021-06-04,"quantile",0.2,8.2089170865916
"11507",2021-05-15,"16","20  day ahead inc hosp",2021-06-04,"quantile",0.25,8.93056330935453
"11508",2021-05-15,"16","20  day ahead inc hosp",2021-06-04,"quantile",0.3,9.61825284846095
"11509",2021-05-15,"16","20  day ahead inc hosp",2021-06-04,"quantile",0.35,10.2902570285864
"11510",2021-05-15,"16","20  day ahead inc hosp",2021-06-04,"quantile",0.4,10.9599103779638
"11511",2021-05-15,"16","20  day ahead inc hosp",2021-06-04,"quantile",0.45,11.6384110654037
"11512",2021-05-15,"16","20  day ahead inc hosp",2021-06-04,"quantile",0.5,12.3364417057622
"11513",2021-05-15,"16","20  day ahead inc hosp",2021-06-04,"quantile",0.55,13.0654103655831
"11514",2021-05-15,"16","20  day ahead inc hosp",2021-06-04,"quantile",0.6,13.8387402148578
"11515",2021-05-15,"16","20  day ahead inc hosp",2021-06-04,"quantile",0.65,14.6736044933336
"11516",2021-05-15,"16","20  day ahead inc hosp",2021-06-04,"quantile",0.7,15.5937233550628
"11517",2021-05-15,"16","20  day ahead inc hosp",2021-06-04,"quantile",0.75,16.6345160596714
"11518",2021-05-15,"16","20  day ahead inc hosp",2021-06-04,"quantile",0.8,17.8538720065345
"11519",2021-05-15,"16","20  day ahead inc hosp",2021-06-04,"quantile",0.85,19.3584406829655
"11520",2021-05-15,"16","20  day ahead inc hosp",2021-06-04,"quantile",0.9,21.3843250195475
"11521",2021-05-15,"16","20  day ahead inc hosp",2021-06-04,"quantile",0.95,24.6743729606389
"11522",2021-05-15,"16","20  day ahead inc hosp",2021-06-04,"quantile",0.975,27.8232938592996
"11523",2021-05-15,"16","20  day ahead inc hosp",2021-06-04,"quantile",0.99,31.8531634657294
"11524",2021-05-15,"16","21  day ahead inc hosp",2021-06-05,"quantile",0.01,3.46978201819516
"11525",2021-05-15,"16","21  day ahead inc hosp",2021-06-05,"quantile",0.025,4.35987985788218
"11526",2021-05-15,"16","21  day ahead inc hosp",2021-06-05,"quantile",0.05,5.25365740041615
"11527",2021-05-15,"16","21  day ahead inc hosp",2021-06-05,"quantile",0.1,6.44728565172288
"11528",2021-05-15,"16","21  day ahead inc hosp",2021-06-05,"quantile",0.15,7.36029668607374
"11529",2021-05-15,"16","21  day ahead inc hosp",2021-06-05,"quantile",0.2,8.1524570981576
"11530",2021-05-15,"16","21  day ahead inc hosp",2021-06-05,"quantile",0.25,8.88157988199159
"11531",2021-05-15,"16","21  day ahead inc hosp",2021-06-05,"quantile",0.3,9.57707327933232
"11532",2021-05-15,"16","21  day ahead inc hosp",2021-06-05,"quantile",0.35,10.2572865195778
"11533",2021-05-15,"16","21  day ahead inc hosp",2021-06-05,"quantile",0.4,10.9356471250179
"11534",2021-05-15,"16","21  day ahead inc hosp",2021-06-05,"quantile",0.45,11.6234658918947
"11535",2021-05-15,"16","21  day ahead inc hosp",2021-06-05,"quantile",0.5,12.3315659622563
"11536",2021-05-15,"16","21  day ahead inc hosp",2021-06-05,"quantile",0.55,13.0715367019626
"11537",2021-05-15,"16","21  day ahead inc hosp",2021-06-05,"quantile",0.6,13.857043749577
"11538",2021-05-15,"16","21  day ahead inc hosp",2021-06-05,"quantile",0.65,14.7055979486479
"11539",2021-05-15,"16","21  day ahead inc hosp",2021-06-05,"quantile",0.7,15.6414124894685
"11540",2021-05-15,"16","21  day ahead inc hosp",2021-06-05,"quantile",0.75,16.7006710897631
"11541",2021-05-15,"16","21  day ahead inc hosp",2021-06-05,"quantile",0.8,17.9425469757932
"11542",2021-05-15,"16","21  day ahead inc hosp",2021-06-05,"quantile",0.85,19.4761074175317
"11543",2021-05-15,"16","21  day ahead inc hosp",2021-06-05,"quantile",0.9,21.5429219702909
"11544",2021-05-15,"16","21  day ahead inc hosp",2021-06-05,"quantile",0.95,24.9034842767025
"11545",2021-05-15,"16","21  day ahead inc hosp",2021-06-05,"quantile",0.975,28.1239261883621
"11546",2021-05-15,"16","21  day ahead inc hosp",2021-06-05,"quantile",0.99,32.2502026755946
"11547",2021-05-15,"16","22  day ahead inc hosp",2021-06-06,"quantile",0.01,3.39629038712792
"11548",2021-05-15,"16","22  day ahead inc hosp",2021-06-06,"quantile",0.025,4.28657316508656
"11549",2021-05-15,"16","22  day ahead inc hosp",2021-06-06,"quantile",0.05,5.18316189619311
"11550",2021-05-15,"16","22  day ahead inc hosp",2021-06-06,"quantile",0.1,6.38372270520564
"11551",2021-05-15,"16","22  day ahead inc hosp",2021-06-06,"quantile",0.15,7.30401543693438
"11552",2021-05-15,"16","22  day ahead inc hosp",2021-06-06,"quantile",0.2,8.10365558695558
"11553",2021-05-15,"16","22  day ahead inc hosp",2021-06-06,"quantile",0.25,8.84049927155091
"11554",2021-05-15,"16","22  day ahead inc hosp",2021-06-06,"quantile",0.3,9.54402770076761
"11555",2021-05-15,"16","22  day ahead inc hosp",2021-06-06,"quantile",0.35,10.2326751670226
"11556",2021-05-15,"16","22  day ahead inc hosp",2021-06-06,"quantile",0.4,10.9199673039923
"11557",2021-05-15,"16","22  day ahead inc hosp",2021-06-06,"quantile",0.45,11.6173317757901
"11558",2021-05-15,"16","22  day ahead inc hosp",2021-06-06,"quantile",0.5,12.3357362719955
"11559",2021-05-15,"16","22  day ahead inc hosp",2021-06-06,"quantile",0.55,13.0869557507364
"11560",2021-05-15,"16","22  day ahead inc hosp",2021-06-06,"quantile",0.6,13.8849033914386
"11561",2021-05-15,"16","22  day ahead inc hosp",2021-06-06,"quantile",0.65,14.7474341744106
"11562",2021-05-15,"16","22  day ahead inc hosp",2021-06-06,"quantile",0.7,15.699263423405
"11563",2021-05-15,"16","22  day ahead inc hosp",2021-06-06,"quantile",0.75,16.777353022776
"11564",2021-05-15,"16","22  day ahead inc hosp",2021-06-06,"quantile",0.8,18.0421826598134
"11565",2021-05-15,"16","22  day ahead inc hosp",2021-06-06,"quantile",0.85,19.6052795777901
"11566",2021-05-15,"16","22  day ahead inc hosp",2021-06-06,"quantile",0.9,21.7137747241315
"11567",2021-05-15,"16","22  day ahead inc hosp",2021-06-06,"quantile",0.95,25.1461118408625
"11568",2021-05-15,"16","22  day ahead inc hosp",2021-06-06,"quantile",0.975,28.4393289951649
"11569",2021-05-15,"16","22  day ahead inc hosp",2021-06-06,"quantile",0.99,32.6636832747429
"11570",2021-05-15,"16","23  day ahead inc hosp",2021-06-07,"quantile",0.01,3.32527770315858
"11571",2021-05-15,"16","23  day ahead inc hosp",2021-06-07,"quantile",0.025,4.21555834890835
"11572",2021-05-15,"16","23  day ahead inc hosp",2021-06-07,"quantile",0.05,5.1147597463697
"11573",2021-05-15,"16","23  day ahead inc hosp",2021-06-07,"quantile",0.1,6.32198709173608
"11574",2021-05-15,"16","23  day ahead inc hosp",2021-06-07,"quantile",0.15,7.24936351004964
"11575",2021-05-15,"16","23  day ahead inc hosp",2021-06-07,"quantile",0.2,8.05631765588586
"11576",2021-05-15,"16","23  day ahead inc hosp",2021-06-07,"quantile",0.25,8.80073549879712
"11577",2021-05-15,"16","23  day ahead inc hosp",2021-06-07,"quantile",0.3,9.51216457338603
"11578",2021-05-15,"16","23  day ahead inc hosp",2021-06-07,"quantile",0.35,10.2091203151155
"11579",2021-05-15,"16","23  day ahead inc hosp",2021-06-07,"quantile",0.4,10.9052238809656
"11580",2021-05-15,"16","23  day ahead inc hosp",2021-06-07,"quantile",0.45,11.6120179345044
"11581",2021-05-15,"16","23  day ahead inc hosp",2021-06-07,"quantile",0.5,12.3406132520534
"11582",2021-05-15,"16","23  day ahead inc hosp",2021-06-07,"quantile",0.55,13.1029691503794
"11583",2021-05-15,"16","23  day ahead inc hosp",2021-06-07,"quantile",0.6,13.913245224009
"11584",2021-05-15,"16","23  day ahead inc hosp",2021-06-07,"quantile",0.65,14.7896394795893
"11585",2021-05-15,"16","23  day ahead inc hosp",2021-06-07,"quantile",0.7,15.757368193322
"11586",2021-05-15,"16","23  day ahead inc hosp",2021-06-07,"quantile",0.75,16.8541700717053
"11587",2021-05-15,"16","23  day ahead inc hosp",2021-06-07,"quantile",0.8,18.1418296526206
"11588",2021-05-15,"16","23  day ahead inc hosp",2021-06-07,"quantile",0.85,19.7343322243699
"11589",2021-05-15,"16","23  day ahead inc hosp",2021-06-07,"quantile",0.9,21.8843684070678
"11590",2021-05-15,"16","23  day ahead inc hosp",2021-06-07,"quantile",0.95,25.3883374962399
"11591",2021-05-15,"16","23  day ahead inc hosp",2021-06-07,"quantile",0.975,28.7542828675219
"11592",2021-05-15,"16","23  day ahead inc hosp",2021-06-07,"quantile",0.99,33.0767711493425
"11593",2021-05-15,"16","24  day ahead inc hosp",2021-06-08,"quantile",0.01,3.25457176202341
"11594",2021-05-15,"16","24  day ahead inc hosp",2021-06-08,"quantile",0.025,4.14426985356345
"11595",2021-05-15,"16","24  day ahead inc hosp",2021-06-08,"quantile",0.05,5.04550780495664
"11596",2021-05-15,"16","24  day ahead inc hosp",2021-06-08,"quantile",0.1,6.25865250079748
"11597",2021-05-15,"16","24  day ahead inc hosp",2021-06-08,"quantile",0.15,7.19255820228858
"11598",2021-05-15,"16","24  day ahead inc hosp",2021-06-08,"quantile",0.2,8.00635914818891
"11599",2021-05-15,"16","24  day ahead inc hosp",2021-06-08,"quantile",0.25,8.75793254724741
"11600",2021-05-15,"16","24  day ahead inc hosp",2021-06-08,"quantile",0.3,9.47687306284269
"11601",2021-05-15,"16","24  day ahead inc hosp",2021-06-08,"quantile",0.35,10.1817657867116
"11602",2021-05-15,"16","24  day ahead inc hosp",2021-06-08,"quantile",0.4,10.8863195150245
"11603",2021-05-15,"16","24  day ahead inc hosp",2021-06-08,"quantile",0.45,11.602185811831
"11604",2021-05-15,"16","24  day ahead inc hosp",2021-06-08,"quantile",0.5,12.3406132520534
"11605",2021-05-15,"16","24  day ahead inc hosp",2021-06-08,"quantile",0.55,13.1137403873959
"11606",2021-05-15,"16","24  day ahead inc hosp",2021-06-08,"quantile",0.6,13.935967709004
"11607",2021-05-15,"16","24  day ahead inc hosp",2021-06-08,"quantile",0.65,14.8258296934723
"11608",2021-05-15,"16","24  day ahead inc hosp",2021-06-08,"quantile",0.7,15.8090350367795
"11609",2021-05-15,"16","24  day ahead inc hosp",2021-06-08,"quantile",0.75,16.924087126786
"11610",2021-05-15,"16","24  day ahead inc hosp",2021-06-08,"quantile",0.8,18.2340563187034
"11611",2021-05-15,"16","24  day ahead inc hosp",2021-06-08,"quantile",0.85,19.8553522637335
"11612",2021-05-15,"16","24  day ahead inc hosp",2021-06-08,"quantile",0.9,22.0461539922966
"11613",2021-05-15,"16","24  day ahead inc hosp",2021-06-08,"quantile",0.95,25.6206059798755
"11614",2021-05-15,"16","24  day ahead inc hosp",2021-06-08,"quantile",0.975,29.0582960899629
"11615",2021-05-15,"16","24  day ahead inc hosp",2021-06-08,"quantile",0.99,33.4778085892179
"11616",2021-05-15,"16","25  day ahead inc hosp",2021-06-09,"quantile",0.01,3.1875949581677
"11617",2021-05-15,"16","25  day ahead inc hosp",2021-06-09,"quantile",0.025,4.07683525004933
"11618",2021-05-15,"16","25  day ahead inc hosp",2021-06-09,"quantile",0.05,4.98020893974988
"11619",2021-05-15,"16","25  day ahead inc hosp",2021-06-09,"quantile",0.1,6.19938348901358
"11620",2021-05-15,"16","25  day ahead inc hosp",2021-06-09,"quantile",0.15,7.13989795610594
"11621",2021-05-15,"16","25  day ahead inc hosp",2021-06-09,"quantile",0.2,7.96061358186626
"11622",2021-05-15,"16","25  day ahead inc hosp",2021-06-09,"quantile",0.25,8.7194056536937
"11623",2021-05-15,"16","25  day ahead inc hosp",2021-06-09,"quantile",0.3,9.44591924075372
"11624",2021-05-15,"16","25  day ahead inc hosp",2021-06-09,"quantile",0.35,10.1588111189052
"11625",2021-05-15,"16","25  day ahead inc hosp",2021-06-09,"quantile",0.4,10.8718792663808
"11626",2021-05-15,"16","25  day ahead inc hosp",2021-06-09,"quantile",0.45,11.5968855467035
"11627",2021-05-15,"16","25  day ahead inc hosp",2021-06-09,"quantile",0.5,12.3452177955704
"11628",2021-05-15,"16","25  day ahead inc hosp",2021-06-09,"quantile",0.55,13.1291955037955
"11629",2021-05-15,"16","25  day ahead inc hosp",2021-06-09,"quantile",0.6,13.963462218287
"11630",2021-05-15,"16","25  day ahead inc hosp",2021-06-09,"quantile",0.65,14.8668918158643
"11631",2021-05-15,"16","25  day ahead inc hosp",2021-06-09,"quantile",0.7,15.8656896539592
"11632",2021-05-15,"16","25  day ahead inc hosp",2021-06-09,"quantile",0.75,16.9991303864693
"11633",2021-05-15,"16","25  day ahead inc hosp",2021-06-09,"quantile",0.8,18.331581329395
"11634",2021-05-15,"16","25  day ahead inc hosp",2021-06-09,"quantile",0.85,19.9818977491178
"11635",2021-05-15,"16","25  day ahead inc hosp",2021-06-09,"quantile",0.9,22.2137959962136
"11636",2021-05-15,"16","25  day ahead inc hosp",2021-06-09,"quantile",0.95,25.8593277755091
"11637",2021-05-15,"16","25  day ahead inc hosp",2021-06-09,"quantile",0.975,29.3693992274564
"11638",2021-05-15,"16","25  day ahead inc hosp",2021-06-09,"quantile",0.99,33.8868375274932
"11639",2021-05-15,"16","26  day ahead inc hosp",2021-06-10,"quantile",0.01,3.11155001953947
"11640",2021-05-15,"16","26  day ahead inc hosp",2021-06-10,"quantile",0.025,3.99786353211294
"11641",2021-05-15,"16","26  day ahead inc hosp",2021-06-10,"quantile",0.05,4.9009757243617
"11642",2021-05-15,"16","26  day ahead inc hosp",2021-06-10,"quantile",0.1,6.12309175503795
"11643",2021-05-15,"16","26  day ahead inc hosp",2021-06-10,"quantile",0.15,7.06793012150148
"11644",2021-05-15,"16","26  day ahead inc hosp",2021-06-10,"quantile",0.2,7.89362679706934
"11645",2021-05-15,"16","26  day ahead inc hosp",2021-06-10,"quantile",0.25,8.65789461572823
"11646",2021-05-15,"16","26  day ahead inc hosp",2021-06-10,"quantile",0.3,9.39034935185334
"11647",2021-05-15,"16","26  day ahead inc hosp",2021-06-10,"quantile",0.35,10.1096714214035
"11648",2021-05-15,"16","26  day ahead inc hosp",2021-06-10,"quantile",0.4,10.8297144449584
"11649",2021-05-15,"16","26  day ahead inc hosp",2021-06-10,"quantile",0.45,11.5623239285179
"11650",2021-05-15,"16","26  day ahead inc hosp",2021-06-10,"quantile",0.5,12.3190030205054
"11651",2021-05-15,"16","26  day ahead inc hosp",2021-06-10,"quantile",0.55,13.1122280028683
"11652",2021-05-15,"16","26  day ahead inc hosp",2021-06-10,"quantile",0.6,13.9568584219813
"11653",2021-05-15,"16","26  day ahead inc hosp",2021-06-10,"quantile",0.65,14.8720742445494
"11654",2021-05-15,"16","26  day ahead inc hosp",2021-06-10,"quantile",0.7,15.8845327913949
"11655",2021-05-15,"16","26  day ahead inc hosp",2021-06-10,"quantile",0.75,17.0342146815044
"11656",2021-05-15,"16","26  day ahead inc hosp",2021-06-10,"quantile",0.8,18.3866793152153
"11657",2021-05-15,"16","26  day ahead inc hosp",2021-06-10,"quantile",0.85,20.0630373667756
"11658",2021-05-15,"16","26  day ahead inc hosp",2021-06-10,"quantile",0.9,22.3321283111057
"11659",2021-05-15,"16","26  day ahead inc hosp",2021-06-10,"quantile",0.95,26.0426359555754
"11660",2021-05-15,"16","26  day ahead inc hosp",2021-06-10,"quantile",0.975,29.6194895070171
"11661",2021-05-15,"16","26  day ahead inc hosp",2021-06-10,"quantile",0.99,34.2279915941531
"11662",2021-05-15,"16","27  day ahead inc hosp",2021-06-11,"quantile",0.01,3.04687732986976
"11663",2021-05-15,"16","27  day ahead inc hosp",2021-06-11,"quantile",0.025,3.93199997279176
"11664",2021-05-15,"16","27  day ahead inc hosp",2021-06-11,"quantile",0.05,4.83649763220546
"11665",2021-05-15,"16","27  day ahead inc hosp",2021-06-11,"quantile",0.1,6.06364832488733
"11666",2021-05-15,"16","27  day ahead inc hosp",2021-06-11,"quantile",0.15,7.01435056145367
"11667",2021-05-15,"16","27  day ahead inc hosp",2021-06-11,"quantile",0.2,7.84633096463563
"11668",2021-05-15,"16","27  day ahead inc hosp",2021-06-11,"quantile",0.25,8.61725070524789
"11669",2021-05-15,"16","27  day ahead inc hosp",2021-06-11,"quantile",0.3,9.35675101681626
"11670",2021-05-15,"16","27  day ahead inc hosp",2021-06-11,"quantile",0.35,10.0835689994323
"11671",2021-05-15,"16","27  day ahead inc hosp",2021-06-11,"quantile",0.4,10.8116371461121
"11672",2021-05-15,"16","27  day ahead inc hosp",2021-06-11,"quantile",0.45,11.5529033039758
"11673",2021-05-15,"16","27  day ahead inc hosp",2021-06-11,"quantile",0.5,12.3190030205054
"11674",2021-05-15,"16","27  day ahead inc hosp",2021-06-11,"quantile",0.55,13.1225869251474
"11675",2021-05-15,"16","27  day ahead inc hosp",2021-06-11,"quantile",0.6,13.9787505947999
"11676",2021-05-15,"16","27  day ahead inc hosp",2021-06-11,"quantile",0.65,14.9070051443407
"11677",2021-05-15,"16","27  day ahead inc hosp",2021-06-11,"quantile",0.7,15.9344939403906
"11678",2021-05-15,"16","27  day ahead inc hosp",2021-06-11,"quantile",0.75,17.1019539398218
"11679",2021-05-15,"16","27  day ahead inc hosp",2021-06-11,"quantile",0.8,18.4762183899742
"11680",2021-05-15,"16","27  day ahead inc hosp",2021-06-11,"quantile",0.85,20.1808032579987
"11681",2021-05-15,"16","27  day ahead inc hosp",2021-06-11,"quantile",0.9,22.4900015976347
"11682",2021-05-15,"16","27  day ahead inc hosp",2021-06-11,"quantile",0.95,26.2701644600458
"11683",2021-05-15,"16","27  day ahead inc hosp",2021-06-11,"quantile",0.975,29.9182300885073
"11684",2021-05-15,"16","27  day ahead inc hosp",2021-06-11,"quantile",0.99,34.6234132996956
"11685",2021-05-15,"16","28  day ahead inc hosp",2021-06-12,"quantile",0.01,2.9860711563228
"11686",2021-05-15,"16","28  day ahead inc hosp",2021-06-12,"quantile",0.025,3.8702691076085
"11687",2021-05-15,"16","28  day ahead inc hosp",2021-06-12,"quantile",0.05,4.77638867366296
"11688",2021-05-15,"16","28  day ahead inc hosp",2021-06-12,"quantile",0.1,6.00886324462836
"11689",2021-05-15,"16","28  day ahead inc hosp",2021-06-12,"quantile",0.15,6.96563952216975
"11690",2021-05-15,"16","28  day ahead inc hosp",2021-06-12,"quantile",0.2,7.80408212929818
"11691",2021-05-15,"16","28  day ahead inc hosp",2021-06-12,"quantile",0.25,8.58181661677543
"11692",2021-05-15,"16","28  day ahead inc hosp",2021-06-12,"quantile",0.3,9.32851752474416
"11693",2021-05-15,"16","28  day ahead inc hosp",2021-06-12,"quantile",0.35,10.062983422572
"11694",2021-05-15,"16","28  day ahead inc hosp",2021-06-12,"quantile",0.4,10.7992291464408
"11695",2021-05-15,"16","28  day ahead inc hosp",2021-06-12,"quantile",0.45,11.5493078194528
"11696",2021-05-15,"16","28  day ahead inc hosp",2021-06-12,"quantile",0.5,12.3249902343164
"11697",2021-05-15,"16","28  day ahead inc hosp",2021-06-12,"quantile",0.55,13.1391044724185
"11698",2021-05-15,"16","28  day ahead inc hosp",2021-06-12,"quantile",0.6,14.0069858744732
"11699",2021-05-15,"16","28  day ahead inc hosp",2021-06-12,"quantile",0.65,14.9484815777268
"11700",2021-05-15,"16","28  day ahead inc hosp",2021-06-12,"quantile",0.7,15.9912278518216
"11701",2021-05-15,"16","28  day ahead inc hosp",2021-06-12,"quantile",0.75,17.1767284067405
"11702",2021-05-15,"16","28  day ahead inc hosp",2021-06-12,"quantile",0.8,18.5731076470525
"11703",2021-05-15,"16","28  day ahead inc hosp",2021-06-12,"quantile",0.85,20.3063192979845
"11704",2021-05-15,"16","28  day ahead inc hosp",2021-06-12,"quantile",0.9,22.6561833948773
"11705",2021-05-15,"16","28  day ahead inc hosp",2021-06-12,"quantile",0.95,26.506956026798
"11706",2021-05-15,"16","28  day ahead inc hosp",2021-06-12,"quantile",0.975,30.2272009163471
"11707",2021-05-15,"16","28  day ahead inc hosp",2021-06-12,"quantile",0.99,35.0303755370247
"11708",2021-05-15,"16","29  day ahead inc hosp",2021-06-13,"quantile",0.01,3.29130185854647
"11709",2021-05-15,"16","29  day ahead inc hosp",2021-06-13,"quantile",0.025,4.25330578480332
"11710",2021-05-15,"16","29  day ahead inc hosp",2021-06-13,"quantile",0.05,5.2372577471142
"11711",2021-05-15,"16","29  day ahead inc hosp",2021-06-13,"quantile",0.1,6.57328750042458
"11712",2021-05-15,"16","29  day ahead inc hosp",2021-06-13,"quantile",0.15,7.60901540445849
"11713",2021-05-15,"16","29  day ahead inc hosp",2021-06-13,"quantile",0.2,8.51580006645159
"11714",2021-05-15,"16","29  day ahead inc hosp",2021-06-13,"quantile",0.25,9.35631972363786
"11715",2021-05-15,"16","29  day ahead inc hosp",2021-06-13,"quantile",0.3,10.1628125398662
"11716",2021-05-15,"16","29  day ahead inc hosp",2021-06-13,"quantile",0.35,10.9556711820835
"11717",2021-05-15,"16","29  day ahead inc hosp",2021-06-13,"quantile",0.4,11.7500718419233
"11718",2021-05-15,"16","29  day ahead inc hosp",2021-06-13,"quantile",0.45,12.55904087281
"11719",2021-05-15,"16","29  day ahead inc hosp",2021-06-13,"quantile",0.5,13.3952754335805
"11720",2021-05-15,"16","29  day ahead inc hosp",2021-06-13,"quantile",0.55,14.2725908744403
"11721",2021-05-15,"16","29  day ahead inc hosp",2021-06-13,"quantile",0.6,15.2074822619704
"11722",2021-05-15,"16","29  day ahead inc hosp",2021-06-13,"quantile",0.65,16.2212785713558
"11723",2021-05-15,"16","29  day ahead inc hosp",2021-06-13,"quantile",0.7,17.3436609014948
"11724",2021-05-15,"16","29  day ahead inc hosp",2021-06-13,"quantile",0.75,18.6191841612523
"11725",2021-05-15,"16","29  day ahead inc hosp",2021-06-13,"quantile",0.8,20.1209567883815
"11726",2021-05-15,"16","29  day ahead inc hosp",2021-06-13,"quantile",0.85,21.9841098006449
"11727",2021-05-15,"16","29  day ahead inc hosp",2021-06-13,"quantile",0.9,24.5087689026486
"11728",2021-05-15,"16","29  day ahead inc hosp",2021-06-13,"quantile",0.95,28.6430312286352
"11729",2021-05-15,"16","29  day ahead inc hosp",2021-06-13,"quantile",0.975,32.6342104418116
"11730",2021-05-15,"16","29  day ahead inc hosp",2021-06-13,"quantile",0.99,37.7836156938796
"11731",2021-05-15,"16","30  day ahead inc hosp",2021-06-14,"quantile",0.01,3.22621961542366
"11732",2021-05-15,"16","30  day ahead inc hosp",2021-06-14,"quantile",0.025,4.18688924099758
"11733",2021-05-15,"16","30  day ahead inc hosp",2021-06-14,"quantile",0.05,5.17220184177323
"11734",2021-05-15,"16","30  day ahead inc hosp",2021-06-14,"quantile",0.1,6.51339616428346
"11735",2021-05-15,"16","30  day ahead inc hosp",2021-06-14,"quantile",0.15,7.55519835971725
"11736",2021-05-15,"16","30  day ahead inc hosp",2021-06-14,"quantile",0.2,8.46851905911526
"11737",2021-05-15,"16","30  day ahead inc hosp",2021-06-14,"quantile",0.25,9.31597539935092
"11738",2021-05-15,"16","30  day ahead inc hosp",2021-06-14,"quantile",0.3,10.1298290169211
"11739",2021-05-15,"16","30  day ahead inc hosp",2021-06-14,"quantile",0.35,10.9305304317079
"11740",2021-05-15,"16","30  day ahead inc hosp",2021-06-14,"quantile",0.4,11.7333378693382
"11741",2021-05-15,"16","30  day ahead inc hosp",2021-06-14,"quantile",0.45,12.5513849589667
"11742",2021-05-15,"16","30  day ahead inc hosp",2021-06-14,"quantile",0.5,13.3975081988867
"11743",2021-05-15,"16","30  day ahead inc hosp",2021-06-14,"quantile",0.55,14.2857068444342
"11744",2021-05-15,"16","30  day ahead inc hosp",2021-06-14,"quantile",0.6,15.2327252770502
"11745",2021-05-15,"16","30  day ahead inc hosp",2021-06-14,"quantile",0.65,16.2602425719612
"11746",2021-05-15,"16","30  day ahead inc hosp",2021-06-14,"quantile",0.7,17.3984540120445
"11747",2021-05-15,"16","30  day ahead inc hosp",2021-06-14,"quantile",0.75,18.6927150124145
"11748",2021-05-15,"16","30  day ahead inc hosp",2021-06-14,"quantile",0.8,20.2174827987432
"11749",2021-05-15,"16","30  day ahead inc hosp",2021-06-14,"quantile",0.85,22.1104361957375
"11750",2021-05-15,"16","30  day ahead inc hosp",2021-06-14,"quantile",0.9,24.6774801527177
"11751",2021-05-15,"16","30  day ahead inc hosp",2021-06-14,"quantile",0.95,28.8854449849292
"11752",2021-05-15,"16","30  day ahead inc hosp",2021-06-14,"quantile",0.975,32.9520682706022
"11753",2021-05-15,"16","30  day ahead inc hosp",2021-06-14,"quantile",0.99,38.2040178801264
"11754",2021-05-15,"16","31  day ahead inc hosp",2021-06-15,"quantile",0.01,3.16171373098602
"11755",2021-05-15,"16","31  day ahead inc hosp",2021-06-15,"quantile",0.025,4.12058485448634
"11756",2021-05-15,"16","31  day ahead inc hosp",2021-06-15,"quantile",0.05,5.10677791376175
"11757",2021-05-15,"16","31  day ahead inc hosp",2021-06-15,"quantile",0.1,6.45249013354945
"11758",2021-05-15,"16","31  day ahead inc hosp",2021-06-15,"quantile",0.15,7.49987453537467
"11759",2021-05-15,"16","31  day ahead inc hosp",2021-06-15,"quantile",0.2,8.4193086532483
"11760",2021-05-15,"16","31  day ahead inc hosp",2021-06-15,"quantile",0.25,9.27331726058945
"11761",2021-05-15,"16","31  day ahead inc hosp",2021-06-15,"quantile",0.3,10.0941695998379
"11762",2021-05-15,"16","31  day ahead inc hosp",2021-06-15,"quantile",0.35,10.9023643141584
"11763",2021-05-15,"16","31  day ahead inc hosp",2021-06-15,"quantile",0.4,11.7132347736693
"11764",2021-05-15,"16","31  day ahead inc hosp",2021-06-15,"quantile",0.45,12.5400163439208
"11765",2021-05-15,"16","31  day ahead inc hosp",2021-06-15,"quantile",0.5,13.3956798440444
"11766",2021-05-15,"16","31  day ahead inc hosp",2021-06-15,"quantile",0.55,14.2944033490556
"11767",2021-05-15,"16","31  day ahead inc hosp",2021-06-15,"quantile",0.6,15.2531748489771
"11768",2021-05-15,"16","31  day ahead inc hosp",2021-06-15,"quantile",0.65,16.294016503892
"11769",2021-05-15,"16","31  day ahead inc hosp",2021-06-15,"quantile",0.7,17.4476284016553
"11770",2021-05-15,"16","31  day ahead inc hosp",2021-06-15,"quantile",0.75,18.7601528354208
"11771",2021-05-15,"16","31  day ahead inc hosp",2021-06-15,"quantile",0.8,20.3073740841109
"11772",2021-05-15,"16","31  day ahead inc hosp",2021-06-15,"quantile",0.85,22.229479711036
"11773",2021-05-15,"16","31  day ahead inc hosp",2021-06-15,"quantile",0.9,24.8380698447842
"11774",2021-05-15,"16","31  day ahead inc hosp",2021-06-15,"quantile",0.95,29.1184539211049
"11775",2021-05-15,"16","31  day ahead inc hosp",2021-06-15,"quantile",0.975,33.2593781606204
"11776",2021-05-15,"16","31  day ahead inc hosp",2021-06-15,"quantile",0.99,38.6125206754886
"11777",2021-05-15,"16","32  day ahead inc hosp",2021-06-16,"quantile",0.01,3.09938047757852
"11778",2021-05-15,"16","32  day ahead inc hosp",2021-06-16,"quantile",0.025,4.05640282892544
"11779",2021-05-15,"16","32  day ahead inc hosp",2021-06-16,"quantile",0.05,5.04340570523776
"11780",2021-05-15,"16","32  day ahead inc hosp",2021-06-16,"quantile",0.1,6.39352820622912
"11781",2021-05-15,"16","32  day ahead inc hosp",2021-06-16,"quantile",0.15,7.44640991704839
"11782",2021-05-15,"16","32  day ahead inc hosp",2021-06-16,"quantile",0.2,8.3718850019121
"11783",2021-05-15,"16","32  day ahead inc hosp",2021-06-16,"quantile",0.25,9.23238146250783
"11784",2021-05-15,"16","32  day ahead inc hosp",2021-06-16,"quantile",0.3,10.0601738104151
"11785",2021-05-15,"16","32  day ahead inc hosp",2021-06-16,"quantile",0.35,10.8758074178904
"11786",2021-05-15,"16","32  day ahead inc hosp",2021-06-16,"quantile",0.4,11.6946899103298
"11787",2021-05-15,"16","32  day ahead inc hosp",2021-06-16,"quantile",0.45,12.5301578083032
"11788",2021-05-15,"16","32  day ahead inc hosp",2021-06-16,"quantile",0.5,13.3953158841406
"11789",2021-05-15,"16","32  day ahead inc hosp",2021-06-16,"quantile",0.55,14.30452083877
"11790",2021-05-15,"16","32  day ahead inc hosp",2021-06-16,"quantile",0.6,15.2750042493814
"11791",2021-05-15,"16","32  day ahead inc hosp",2021-06-16,"quantile",0.65,16.3291315513495
"11792",2021-05-15,"16","32  day ahead inc hosp",2021-06-16,"quantile",0.7,17.4981081442696
"11793",2021-05-15,"16","32  day ahead inc hosp",2021-06-16,"quantile",0.75,18.8288642605159
"11794",2021-05-15,"16","32  day ahead inc hosp",2021-06-16,"quantile",0.8,20.3985134156344
"11795",2021-05-15,"16","32  day ahead inc hosp",2021-06-16,"quantile",0.85,22.3497567646122
"11796",2021-05-15,"16","32  day ahead inc hosp",2021-06-16,"quantile",0.9,24.9999024649792
"11797",2021-05-15,"16","32  day ahead inc hosp",2021-06-16,"quantile",0.95,29.3527886599845
"11798",2021-05-15,"16","32  day ahead inc hosp",2021-06-16,"quantile",0.975,33.5681669894732
"11799",2021-05-15,"16","32  day ahead inc hosp",2021-06-16,"quantile",0.99,39.0227959774632
"11800",2021-05-15,"16","33  day ahead inc hosp",2021-06-17,"quantile",0.01,3.03864386149121
"11801",2021-05-15,"16","33  day ahead inc hosp",2021-06-17,"quantile",0.025,3.99366532390759
"11802",2021-05-15,"16","33  day ahead inc hosp",2021-06-17,"quantile",0.05,4.98130859967992
"11803",2021-05-15,"16","33  day ahead inc hosp",2021-06-17,"quantile",0.1,6.33560609438109
"11804",2021-05-15,"16","33  day ahead inc hosp",2021-06-17,"quantile",0.15,7.39380522341368
"11805",2021-05-15,"16","33  day ahead inc hosp",2021-06-17,"quantile",0.2,8.32516798263769
"11806",2021-05-15,"16","33  day ahead inc hosp",2021-06-17,"quantile",0.25,9.1920146204564
"11807",2021-05-15,"16","33  day ahead inc hosp",2021-06-17,"quantile",0.3,10.0266193063161
"11808",2021-05-15,"16","33  day ahead inc hosp",2021-06-17,"quantile",0.35,10.8495707586313
"11809",2021-05-15,"16","33  day ahead inc hosp",2021-06-17,"quantile",0.4,11.6763485633064
"11810",2021-05-15,"16","33  day ahead inc hosp",2021-06-17,"quantile",0.45,12.5203886783478
"11811",2021-05-15,"16","33  day ahead inc hosp",2021-06-17,"quantile",0.5,13.3949284203177
"11812",2021-05-15,"16","33  day ahead inc hosp",2021-06-17,"quantile",0.55,14.314501850662
"11813",2021-05-15,"16","33  day ahead inc hosp",2021-06-17,"quantile",0.6,15.2965828893647
"11814",2021-05-15,"16","33  day ahead inc hosp",2021-06-17,"quantile",0.65,16.3638789088911
"11815",2021-05-15,"16","33  day ahead inc hosp",2021-06-17,"quantile",0.7,17.5480990514723
"11816",2021-05-15,"16","33  day ahead inc hosp",2021-06-17,"quantile",0.75,18.8969594883857
"11817",2021-05-15,"16","33  day ahead inc hosp",2021-06-17,"quantile",0.8,20.488900199117
"11818",2021-05-15,"16","33  day ahead inc hosp",2021-06-17,"quantile",0.85,22.4691317279191
"11819",2021-05-15,"16","33  day ahead inc hosp",2021-06-17,"quantile",0.9,25.1606632311838
"11820",2021-05-15,"16","33  day ahead inc hosp",2021-06-17,"quantile",0.95,29.5858492689408
"11821",2021-05-15,"16","33  day ahead inc hosp",2021-06-17,"quantile",0.975,33.8755677939746
"11822",2021-05-15,"16","33  day ahead inc hosp",2021-06-17,"quantile",0.99,39.4316423595663
"11823",2021-05-15,"16","34  day ahead inc hosp",2021-06-18,"quantile",0.01,2.97981952086306
"11824",2021-05-15,"16","34  day ahead inc hosp",2021-06-18,"quantile",0.025,3.93278314144312
"11825",2021-05-15,"16","34  day ahead inc hosp",2021-06-18,"quantile",0.05,4.92098984680675
"11826",2021-05-15,"16","34  day ahead inc hosp",2021-06-18,"quantile",0.1,6.2793463996342
"11827",2021-05-15,"16","34  day ahead inc hosp",2021-06-18,"quantile",0.15,7.34277162642548
"11828",2021-05-15,"16","34  day ahead inc hosp",2021-06-18,"quantile",0.2,8.27994394289534
"11829",2021-05-15,"16","34  day ahead inc hosp",2021-06-18,"quantile",0.25,9.15307103680001
"11830",2021-05-15,"16","34  day ahead inc hosp",2021-06-18,"quantile",0.3,9.99442419615273
"11831",2021-05-15,"16","34  day ahead inc hosp",2021-06-18,"quantile",0.35,10.8246339624415
"11832",2021-05-15,"16","34  day ahead inc hosp",2021-06-18,"quantile",0.4,11.659250894778
"11833",2021-05-15,"16","34  day ahead inc hosp",2021-06-18,"quantile",0.45,12.5118097202277
"11834",2021-05-15,"16","34  day ahead inc hosp",2021-06-18,"quantile",0.5,13.3956798440444
"11835",2021-05-15,"16","34  day ahead inc hosp",2021-06-18,"quantile",0.55,14.3255723956086
"11836",2021-05-15,"16","34  day ahead inc hosp",2021-06-18,"quantile",0.6,15.3192034951563
"11837",2021-05-15,"16","34  day ahead inc hosp",2021-06-18,"quantile",0.65,16.3996224829288
"11838",2021-05-15,"16","34  day ahead inc hosp",2021-06-18,"quantile",0.7,17.5990425250126
"11839",2021-05-15,"16","34  day ahead inc hosp",2021-06-18,"quantile",0.75,18.9659664505325
"11840",2021-05-15,"16","34  day ahead inc hosp",2021-06-18,"quantile",0.8,20.580162319897
"11841",2021-05-15,"16","34  day ahead inc hosp",2021-06-18,"quantile",0.85,22.5893538648585
"11842",2021-05-15,"16","34  day ahead inc hosp",2021-06-18,"quantile",0.9,25.3222617293733
"11843",2021-05-15,"16","34  day ahead inc hosp",2021-06-18,"quantile",0.95,29.8197989464878
"11844",2021-05-15,"16","34  day ahead inc hosp",2021-06-18,"quantile",0.975,34.1839796676306
"11845",2021-05-15,"16","34  day ahead inc hosp",2021-06-18,"quantile",0.99,39.8417523991634
"11846",2021-05-15,"16","35  day ahead inc hosp",2021-06-19,"quantile",0.01,2.92211401218193
"11847",2021-05-15,"16","35  day ahead inc hosp",2021-06-19,"quantile",0.025,3.8728016660609
"11848",2021-05-15,"16","35  day ahead inc hosp",2021-06-19,"quantile",0.05,4.86133769619801
"11849",2021-05-15,"16","35  day ahead inc hosp",2021-06-19,"quantile",0.1,6.22343343076772
"11850",2021-05-15,"16","35  day ahead inc hosp",2021-06-19,"quantile",0.15,7.29184124329376
"11851",2021-05-15,"16","35  day ahead inc hosp",2021-06-19,"quantile",0.2,8.23461524977808
"11852",2021-05-15,"16","35  day ahead inc hosp",2021-06-19,"quantile",0.25,9.11383534133543
"11853",2021-05-15,"16","35  day ahead inc hosp",2021-06-19,"quantile",0.3,9.96176217850979
"11854",2021-05-15,"16","35  day ahead inc hosp",2021-06-19,"quantile",0.35,10.7990634332086
"11855",2021-05-15,"16","35  day ahead inc hosp",2021-06-19,"quantile",0.4,11.6413574045971
"11856",2021-05-15,"16","35  day ahead inc hosp",2021-06-19,"quantile",0.45,12.5022750998537
"11857",2021-05-15,"16","35  day ahead inc hosp",2021-06-19,"quantile",0.5,13.3953158841406
"11858",2021-05-15,"16","35  day ahead inc hosp",2021-06-19,"quantile",0.55,14.3353659359033
"11859",2021-05-15,"16","35  day ahead inc hosp",2021-06-19,"quantile",0.6,15.3403814590377
"11860",2021-05-15,"16","35  day ahead inc hosp",2021-06-19,"quantile",0.65,16.433751321163
"11861",2021-05-15,"16","35  day ahead inc hosp",2021-06-19,"quantile",0.7,17.6481896344292
"11862",2021-05-15,"16","35  day ahead inc hosp",2021-06-19,"quantile",0.75,19.0329816477348
"11863",2021-05-15,"16","35  day ahead inc hosp",2021-06-19,"quantile",0.8,20.6692170916367
"11864",2021-05-15,"16","35  day ahead inc hosp",2021-06-19,"quantile",0.85,22.7071220120104
"11865",2021-05-15,"16","35  day ahead inc hosp",2021-06-19,"quantile",0.9,25.4811068146271
"11866",2021-05-15,"16","35  day ahead inc hosp",2021-06-19,"quantile",0.95,30.0505847767691
"11867",2021-05-15,"16","35  day ahead inc hosp",2021-06-19,"quantile",0.975,34.4889170877197
"11868",2021-05-15,"16","35  day ahead inc hosp",2021-06-19,"quantile",0.99,40.2480985537405
"11869",2021-05-15,"16","36  day ahead inc hosp",2021-06-20,"quantile",0.01,2.86605174172414
"11870",2021-05-15,"16","36  day ahead inc hosp",2021-06-20,"quantile",0.025,3.81438663891926
"11871",2021-05-15,"16","36  day ahead inc hosp",2021-06-20,"quantile",0.05,4.80315543409374
"11872",2021-05-15,"16","36  day ahead inc hosp",2021-06-20,"quantile",0.1,6.1688484137513
"11873",2021-05-15,"16","36  day ahead inc hosp",2021-06-20,"quantile",0.15,7.24212760801458
"11874",2021-05-15,"16","36  day ahead inc hosp",2021-06-20,"quantile",0.2,8.19040790235387
"11875",2021-05-15,"16","36  day ahead inc hosp",2021-06-20,"quantile",0.25,9.07563532207185
"11876",2021-05-15,"16","36  day ahead inc hosp",2021-06-20,"quantile",0.3,9.93005672096589
"11877",2021-05-15,"16","36  day ahead inc hosp",2021-06-20,"quantile",0.35,10.7743749785702
"11878",2021-05-15,"16","36  day ahead inc hosp",2021-06-20,"quantile",0.4,11.6242748530682
"11879",2021-05-15,"16","36  day ahead inc hosp",2021-06-20,"quantile",0.45,12.4934827143132
"11880",2021-05-15,"16","36  day ahead inc hosp",2021-06-20,"quantile",0.5,13.3956271917071
"11881",2021-05-15,"16","36  day ahead inc hosp",2021-06-20,"quantile",0.55,14.3457689612064
"11882",2021-05-15,"16","36  day ahead inc hosp",2021-06-20,"quantile",0.6,15.3621038606594
"11883",2021-05-15,"16","36  day ahead inc hosp",2021-06-20,"quantile",0.65,16.4683599204276
"11884",2021-05-15,"16","36  day ahead inc hosp",2021-06-20,"quantile",0.7,17.6977519316305
"11885",2021-05-15,"16","36  day ahead inc hosp",2021-06-20,"quantile",0.75,19.1003474607827
"11886",2021-05-15,"16","36  day ahead inc hosp",2021-06-20,"quantile",0.8,20.7585581808654
"11887",2021-05-15,"16","36  day ahead inc hosp",2021-06-20,"quantile",0.85,22.8251137690565
"11888",2021-05-15,"16","36  day ahead inc hosp",2021-06-20,"quantile",0.9,25.640119382129
"11889",2021-05-15,"16","36  day ahead inc hosp",2021-06-20,"quantile",0.95,30.2815132725421
"11890",2021-05-15,"16","36  day ahead inc hosp",2021-06-20,"quantile",0.975,34.7940460000829
"11891",2021-05-15,"16","36  day ahead inc hosp",2021-06-20,"quantile",0.99,40.6547948705545
"11892",2021-05-15,"16","37  day ahead inc hosp",2021-06-21,"quantile",0.01,2.81137876235222
"11893",2021-05-15,"16","37  day ahead inc hosp",2021-06-21,"quantile",0.025,3.75724417731893
"11894",2021-05-15,"16","37  day ahead inc hosp",2021-06-21,"quantile",0.05,4.7461101058018
"11895",2021-05-15,"16","37  day ahead inc hosp",2021-06-21,"quantile",0.1,6.1152074162224
"11896",2021-05-15,"16","37  day ahead inc hosp",2021-06-21,"quantile",0.15,7.19320853442966
"11897",2021-05-15,"16","37  day ahead inc hosp",2021-06-21,"quantile",0.2,8.14686695814481
"11898",2021-05-15,"16","37  day ahead inc hosp",2021-06-21,"quantile",0.25,9.03798620112493
"11899",2021-05-15,"16","37  day ahead inc hosp",2021-06-21,"quantile",0.3,9.89879484022395
"11900",2021-05-15,"16","37  day ahead inc hosp",2021-06-21,"quantile",0.35,10.7500282496087
"11901",2021-05-15,"16","37  day ahead inc hosp",2021-06-21,"quantile",0.4,11.6074358010862
"11902",2021-05-15,"16","37  day ahead inc hosp",2021-06-21,"quantile",0.45,12.4848378476671
"11903",2021-05-15,"16","37  day ahead inc hosp",2021-06-21,"quantile",0.5,13.3959911579546
"11904",2021-05-15,"16","37  day ahead inc hosp",2021-06-21,"quantile",0.55,14.3561299062131
"11905",2021-05-15,"16","37  day ahead inc hosp",2021-06-21,"quantile",0.6,15.383688598067
"11906",2021-05-15,"16","37  day ahead inc hosp",2021-06-21,"quantile",0.65,16.5027334110064
"11907",2021-05-15,"16","37  day ahead inc hosp",2021-06-21,"quantile",0.7,17.746978658628
"11908",2021-05-15,"16","37  day ahead inc hosp",2021-06-21,"quantile",0.75,19.1672728054918
"11909",2021-05-15,"16","37  day ahead inc hosp",2021-06-21,"quantile",0.8,20.8473475996654
"11910",2021-05-15,"16","37  day ahead inc hosp",2021-06-21,"quantile",0.85,22.9424337469213
"11911",2021-05-15,"16","37  day ahead inc hosp",2021-06-21,"quantile",0.9,25.7983275164203
"11912",2021-05-15,"16","37  day ahead inc hosp",2021-06-21,"quantile",0.95,30.5114899256743
"11913",2021-05-15,"16","37  day ahead inc hosp",2021-06-21,"quantile",0.975,35.0981563094034
"11914",2021-05-15,"16","37  day ahead inc hosp",2021-06-21,"quantile",0.99,41.0604855342777
"11915",2021-05-15,"17","1  day ahead inc hosp",2021-05-16,"quantile",0.01,99.4362335966273
"11916",2021-05-15,"17","1  day ahead inc hosp",2021-05-16,"quantile",0.025,105.736698676543
"11917",2021-05-15,"17","1  day ahead inc hosp",2021-05-16,"quantile",0.05,111.3908874176
"11918",2021-05-15,"17","1  day ahead inc hosp",2021-05-16,"quantile",0.1,118.187917832922
"11919",2021-05-15,"17","1  day ahead inc hosp",2021-05-16,"quantile",0.15,122.946401631254
"11920",2021-05-15,"17","1  day ahead inc hosp",2021-05-16,"quantile",0.2,126.829621298956
"11921",2021-05-15,"17","1  day ahead inc hosp",2021-05-16,"quantile",0.25,130.233762632896
"11922",2021-05-15,"17","1  day ahead inc hosp",2021-05-16,"quantile",0.3,133.34877350818
"11923",2021-05-15,"17","1  day ahead inc hosp",2021-05-16,"quantile",0.35,136.284867329374
"11924",2021-05-15,"17","1  day ahead inc hosp",2021-05-16,"quantile",0.4,139.115512678457
"11925",2021-05-15,"17","1  day ahead inc hosp",2021-05-16,"quantile",0.45,141.895942778184
"11926",2021-05-15,"17","1  day ahead inc hosp",2021-05-16,"quantile",0.5,144.672778515052
"11927",2021-05-15,"17","1  day ahead inc hosp",2021-05-16,"quantile",0.55,147.490172239817
"11928",2021-05-15,"17","1  day ahead inc hosp",2021-05-16,"quantile",0.6,150.394902359936
"11929",2021-05-15,"17","1  day ahead inc hosp",2021-05-16,"quantile",0.65,153.442046367963
"11930",2021-05-15,"17","1  day ahead inc hosp",2021-05-16,"quantile",0.7,156.703144911986
"11931",2021-05-15,"17","1  day ahead inc hosp",2021-05-16,"quantile",0.75,160.28040739803
"11932",2021-05-15,"17","1  day ahead inc hosp",2021-05-16,"quantile",0.8,164.335554900987
"11933",2021-05-15,"17","1  day ahead inc hosp",2021-05-16,"quantile",0.85,169.158901306678
"11934",2021-05-15,"17","1  day ahead inc hosp",2021-05-16,"quantile",0.9,175.377705768399
"11935",2021-05-15,"17","1  day ahead inc hosp",2021-05-16,"quantile",0.95,184.908361363926
"11936",2021-05-15,"17","1  day ahead inc hosp",2021-05-16,"quantile",0.975,193.484802998318
"11937",2021-05-15,"17","1  day ahead inc hosp",2021-05-16,"quantile",0.99,203.828058316527
"11938",2021-05-15,"17","2  day ahead inc hosp",2021-05-17,"quantile",0.01,98.4455162784429
"11939",2021-05-15,"17","2  day ahead inc hosp",2021-05-17,"quantile",0.025,105.954359709792
"11940",2021-05-15,"17","2  day ahead inc hosp",2021-05-17,"quantile",0.05,112.749008882875
"11941",2021-05-15,"17","2  day ahead inc hosp",2021-05-17,"quantile",0.1,120.982662111552
"11942",2021-05-15,"17","2  day ahead inc hosp",2021-05-17,"quantile",0.15,126.787153236515
"11943",2021-05-15,"17","2  day ahead inc hosp",2021-05-17,"quantile",0.2,131.547352065349
"11944",2021-05-15,"17","2  day ahead inc hosp",2021-05-17,"quantile",0.25,135.736922228927
"11945",2021-05-15,"17","2  day ahead inc hosp",2021-05-17,"quantile",0.3,139.583856198552
"11946",2021-05-15,"17","2  day ahead inc hosp",2021-05-17,"quantile",0.35,143.221069970775
"11947",2021-05-15,"17","2  day ahead inc hosp",2021-05-17,"quantile",0.4,146.737718829083
"11948",2021-05-15,"17","2  day ahead inc hosp",2021-05-17,"quantile",0.45,150.201373185446
"11949",2021-05-15,"17","2  day ahead inc hosp",2021-05-17,"quantile",0.5,153.669626119269
"11950",2021-05-15,"17","2  day ahead inc hosp",2021-05-17,"quantile",0.55,157.197598395221
"11951",2021-05-15,"17","2  day ahead inc hosp",2021-05-17,"quantile",0.6,160.844278616617
"11952",2021-05-15,"17","2  day ahead inc hosp",2021-05-17,"quantile",0.65,164.679715475681
"11953",2021-05-15,"17","2  day ahead inc hosp",2021-05-17,"quantile",0.7,168.795498889323
"11954",2021-05-15,"17","2  day ahead inc hosp",2021-05-17,"quantile",0.75,173.323118481702
"11955",2021-05-15,"17","2  day ahead inc hosp",2021-05-17,"quantile",0.8,178.47136311378
"11956",2021-05-15,"17","2  day ahead inc hosp",2021-05-17,"quantile",0.85,184.616078177378
"11957",2021-05-15,"17","2  day ahead inc hosp",2021-05-17,"quantile",0.9,192.571361539508
"11958",2021-05-15,"17","2  day ahead inc hosp",2021-05-17,"quantile",0.95,204.831782036126
"11959",2021-05-15,"17","2  day ahead inc hosp",2021-05-17,"quantile",0.975,215.931955319871
"11960",2021-05-15,"17","2  day ahead inc hosp",2021-05-17,"quantile",0.99,229.398803632248
"11961",2021-05-15,"17","3  day ahead inc hosp",2021-05-18,"quantile",0.01,89.7182430967076
"11962",2021-05-15,"17","3  day ahead inc hosp",2021-05-18,"quantile",0.025,97.3090617324872
"11963",2021-05-15,"17","3  day ahead inc hosp",2021-05-18,"quantile",0.05,104.214243698899
"11964",2021-05-15,"17","3  day ahead inc hosp",2021-05-18,"quantile",0.1,112.624467608955
"11965",2021-05-15,"17","3  day ahead inc hosp",2021-05-18,"quantile",0.15,118.5795683932
"11966",2021-05-15,"17","3  day ahead inc hosp",2021-05-18,"quantile",0.2,123.478448619008
"11967",2021-05-15,"17","3  day ahead inc hosp",2021-05-18,"quantile",0.25,127.80087700047
"11968",2021-05-15,"17","3  day ahead inc hosp",2021-05-18,"quantile",0.3,131.778373521697
"11969",2021-05-15,"17","3  day ahead inc hosp",2021-05-18,"quantile",0.35,135.546325421181
"11970",2021-05-15,"17","3  day ahead inc hosp",2021-05-18,"quantile",0.4,139.195912052498
"11971",2021-05-15,"17","3  day ahead inc hosp",2021-05-18,"quantile",0.45,142.796597861019
"11972",2021-05-15,"17","3  day ahead inc hosp",2021-05-18,"quantile",0.5,146.407958229367
"11973",2021-05-15,"17","3  day ahead inc hosp",2021-05-18,"quantile",0.55,150.087388478863
"11974",2021-05-15,"17","3  day ahead inc hosp",2021-05-18,"quantile",0.6,153.896693506986
"11975",2021-05-15,"17","3  day ahead inc hosp",2021-05-18,"quantile",0.65,157.909648977575
"11976",2021-05-15,"17","3  day ahead inc hosp",2021-05-18,"quantile",0.7,162.223103702423
"11977",2021-05-15,"17","3  day ahead inc hosp",2021-05-18,"quantile",0.75,166.976503107766
"11978",2021-05-15,"17","3  day ahead inc hosp",2021-05-18,"quantile",0.8,172.391741267411
"11979",2021-05-15,"17","3  day ahead inc hosp",2021-05-18,"quantile",0.85,178.868921268668
"11980",2021-05-15,"17","3  day ahead inc hosp",2021-05-18,"quantile",0.9,187.276002956958
"11981",2021-05-15,"17","3  day ahead inc hosp",2021-05-18,"quantile",0.95,200.277388476789
"11982",2021-05-15,"17","3  day ahead inc hosp",2021-05-18,"quantile",0.975,212.09228130891
"11983",2021-05-15,"17","3  day ahead inc hosp",2021-05-18,"quantile",0.99,226.478408309187
"11984",2021-05-15,"17","4  day ahead inc hosp",2021-05-19,"quantile",0.01,85.1622959138754
"11985",2021-05-15,"17","4  day ahead inc hosp",2021-05-19,"quantile",0.025,92.9888747269937
"11986",2021-05-15,"17","4  day ahead inc hosp",2021-05-19,"quantile",0.05,100.141201198051
"11987",2021-05-15,"17","4  day ahead inc hosp",2021-05-19,"quantile",0.1,108.890806717838
"11988",2021-05-15,"17","4  day ahead inc hosp",2021-05-19,"quantile",0.15,115.109751164635
"11989",2021-05-15,"17","4  day ahead inc hosp",2021-05-19,"quantile",0.2,120.239344047929
"11990",2021-05-15,"17","4  day ahead inc hosp",2021-05-19,"quantile",0.25,124.775072232551
"11991",2021-05-15,"17","4  day ahead inc hosp",2021-05-19,"quantile",0.3,128.956574246256
"11992",2021-05-15,"17","4  day ahead inc hosp",2021-05-19,"quantile",0.35,132.924362763201
"11993",2021-05-15,"17","4  day ahead inc hosp",2021-05-19,"quantile",0.4,136.773403704558
"11994",2021-05-15,"17","4  day ahead inc hosp",2021-05-19,"quantile",0.45,140.576374962664
"11995",2021-05-15,"17","4  day ahead inc hosp",2021-05-19,"quantile",0.5,144.395942850286
"11996",2021-05-15,"17","4  day ahead inc hosp",2021-05-19,"quantile",0.55,148.292822500199
"11997",2021-05-15,"17","4  day ahead inc hosp",2021-05-19,"quantile",0.6,152.332738254402
"11998",2021-05-15,"17","4  day ahead inc hosp",2021-05-19,"quantile",0.65,156.594487836747
"11999",2021-05-15,"17","4  day ahead inc hosp",2021-05-19,"quantile",0.7,161.181858020491
"12000",2021-05-15,"17","4  day ahead inc hosp",2021-05-19,"quantile",0.75,166.244646635336
"12001",2021-05-15,"17","4  day ahead inc hosp",2021-05-19,"quantile",0.8,172.021644165538
"12002",2021-05-15,"17","4  day ahead inc hosp",2021-05-19,"quantile",0.85,178.944019544545
"12003",2021-05-15,"17","4  day ahead inc hosp",2021-05-19,"quantile",0.9,187.948317290077
"12004",2021-05-15,"17","4  day ahead inc hosp",2021-05-19,"quantile",0.95,201.91382658466
"12005",2021-05-15,"17","4  day ahead inc hosp",2021-05-19,"quantile",0.975,214.644709485554
"12006",2021-05-15,"17","4  day ahead inc hosp",2021-05-19,"quantile",0.99,230.193602032486
"12007",2021-05-15,"17","5  day ahead inc hosp",2021-05-20,"quantile",0.01,84.5608528507401
"12008",2021-05-15,"17","5  day ahead inc hosp",2021-05-20,"quantile",0.025,92.8376729278422
"12009",2021-05-15,"17","5  day ahead inc hosp",2021-05-20,"quantile",0.05,100.429677956794
"12010",2021-05-15,"17","5  day ahead inc hosp",2021-05-20,"quantile",0.1,109.750324913476
"12011",2021-05-15,"17","5  day ahead inc hosp",2021-05-20,"quantile",0.15,116.395501395029
"12012",2021-05-15,"17","5  day ahead inc hosp",2021-05-20,"quantile",0.2,121.888485325792
"12013",2021-05-15,"17","5  day ahead inc hosp",2021-05-20,"quantile",0.25,126.753957133673
"12014",2021-05-15,"17","5  day ahead inc hosp",2021-05-20,"quantile",0.3,131.246138428022
"12015",2021-05-15,"17","5  day ahead inc hosp",2021-05-20,"quantile",0.35,135.51442281022
"12016",2021-05-15,"17","5  day ahead inc hosp",2021-05-20,"quantile",0.4,139.660071352382
"12017",2021-05-15,"17","5  day ahead inc hosp",2021-05-20,"quantile",0.45,143.760867113387
"12018",2021-05-15,"17","5  day ahead inc hosp",2021-05-20,"quantile",0.5,147.88417050149
"12019",2021-05-15,"17","5  day ahead inc hosp",2021-05-20,"quantile",0.55,152.095541734877
"12020",2021-05-15,"17","5  day ahead inc hosp",2021-05-20,"quantile",0.6,156.466248068418
"12021",2021-05-15,"17","5  day ahead inc hosp",2021-05-20,"quantile",0.65,161.082028682143
"12022",2021-05-15,"17","5  day ahead inc hosp",2021-05-20,"quantile",0.7,166.056109911703
"12023",2021-05-15,"17","5  day ahead inc hosp",2021-05-20,"quantile",0.75,171.552225650042
"12024",2021-05-15,"17","5  day ahead inc hosp",2021-05-20,"quantile",0.8,177.831745474257
"12025",2021-05-15,"17","5  day ahead inc hosp",2021-05-20,"quantile",0.85,185.367125288213
"12026",2021-05-15,"17","5  day ahead inc hosp",2021-05-20,"quantile",0.9,195.185622795958
"12027",2021-05-15,"17","5  day ahead inc hosp",2021-05-20,"quantile",0.95,210.44919972293
"12028",2021-05-15,"17","5  day ahead inc hosp",2021-05-20,"quantile",0.975,224.39807120721
"12029",2021-05-15,"17","5  day ahead inc hosp",2021-05-20,"quantile",0.99,241.475857374092
"12030",2021-05-15,"17","6  day ahead inc hosp",2021-05-21,"quantile",0.01,72.5653091862522
"12031",2021-05-15,"17","6  day ahead inc hosp",2021-05-21,"quantile",0.025,80.3720229079705
"12032",2021-05-15,"17","6  day ahead inc hosp",2021-05-21,"quantile",0.05,87.5758485274629
"12033",2021-05-15,"17","6  day ahead inc hosp",2021-05-21,"quantile",0.1,96.470644020408
"12034",2021-05-15,"17","6  day ahead inc hosp",2021-05-21,"quantile",0.15,102.84338564766
"12035",2021-05-15,"17","6  day ahead inc hosp",2021-05-21,"quantile",0.2,108.12930625367
"12036",2021-05-15,"17","6  day ahead inc hosp",2021-05-21,"quantile",0.25,112.824307919562
"12037",2021-05-15,"17","6  day ahead inc hosp",2021-05-21,"quantile",0.3,117.169381464907
"12038",2021-05-15,"17","6  day ahead inc hosp",2021-05-21,"quantile",0.35,121.306656021884
"12039",2021-05-15,"17","6  day ahead inc hosp",2021-05-21,"quantile",0.4,125.332923248572
"12040",2021-05-15,"17","6  day ahead inc hosp",2021-05-21,"quantile",0.45,129.322979248504
"12041",2021-05-15,"17","6  day ahead inc hosp",2021-05-21,"quantile",0.5,133.342050550693
"12042",2021-05-15,"17","6  day ahead inc hosp",2021-05-21,"quantile",0.55,137.454079806163
"12043",2021-05-15,"17","6  day ahead inc hosp",2021-05-21,"quantile",0.6,141.729035229276
"12044",2021-05-15,"17","6  day ahead inc hosp",2021-05-21,"quantile",0.65,146.251548093471
"12045",2021-05-15,"17","6  day ahead inc hosp",2021-05-21,"quantile",0.7,151.133837136264
"12046",2021-05-15,"17","6  day ahead inc hosp",2021-05-21,"quantile",0.75,156.538657803714
"12047",2021-05-15,"17","6  day ahead inc hosp",2021-05-21,"quantile",0.8,162.726377746834
"12048",2021-05-15,"17","6  day ahead inc hosp",2021-05-21,"quantile",0.85,170.168441633672
"12049",2021-05-15,"17","6  day ahead inc hosp",2021-05-21,"quantile",0.9,179.891515408147
"12050",2021-05-15,"17","6  day ahead inc hosp",2021-05-21,"quantile",0.95,195.061654904959
"12051",2021-05-15,"17","6  day ahead inc hosp",2021-05-21,"quantile",0.975,208.979225626117
"12052",2021-05-15,"17","6  day ahead inc hosp",2021-05-21,"quantile",0.99,226.083226036873
"12053",2021-05-15,"17","7  day ahead inc hosp",2021-05-22,"quantile",0.01,69.5001745323954
"12054",2021-05-15,"17","7  day ahead inc hosp",2021-05-22,"quantile",0.025,77.4470642410133
"12055",2021-05-15,"17","7  day ahead inc hosp",2021-05-22,"quantile",0.05,84.8106402243763
"12056",2021-05-15,"17","7  day ahead inc hosp",2021-05-22,"quantile",0.1,93.9385392849845
"12057",2021-05-15,"17","7  day ahead inc hosp",2021-05-22,"quantile",0.15,100.500332042582
"12058",2021-05-15,"17","7  day ahead inc hosp",2021-05-22,"quantile",0.2,105.955882645636
"12059",2021-05-15,"17","7  day ahead inc hosp",2021-05-22,"quantile",0.25,110.810698615888
"12060",2021-05-15,"17","7  day ahead inc hosp",2021-05-22,"quantile",0.3,115.310946534805
"12061",2021-05-15,"17","7  day ahead inc hosp",2021-05-22,"quantile",0.35,119.60217361375
"12062",2021-05-15,"17","7  day ahead inc hosp",2021-05-22,"quantile",0.4,123.783825269054
"12063",2021-05-15,"17","7  day ahead inc hosp",2021-05-22,"quantile",0.45,127.933067887209
"12064",2021-05-15,"17","7  day ahead inc hosp",2021-05-22,"quantile",0.5,132.11751813576
"12065",2021-05-15,"17","7  day ahead inc hosp",2021-05-22,"quantile",0.55,136.403787746289
"12066",2021-05-15,"17","7  day ahead inc hosp",2021-05-22,"quantile",0.6,140.865089708312
"12067",2021-05-15,"17","7  day ahead inc hosp",2021-05-22,"quantile",0.65,145.590299560184
"12068",2021-05-15,"17","7  day ahead inc hosp",2021-05-22,"quantile",0.7,150.697582678401
"12069",2021-05-15,"17","7  day ahead inc hosp",2021-05-22,"quantile",0.75,156.358653889038
"12070",2021-05-15,"17","7  day ahead inc hosp",2021-05-22,"quantile",0.8,162.848605838699
"12071",2021-05-15,"17","7  day ahead inc hosp",2021-05-22,"quantile",0.85,170.666108088474
"12072",2021-05-15,"17","7  day ahead inc hosp",2021-05-22,"quantile",0.9,180.898250250562
"12073",2021-05-15,"17","7  day ahead inc hosp",2021-05-22,"quantile",0.95,196.90162414431
"12074",2021-05-15,"17","7  day ahead inc hosp",2021-05-22,"quantile",0.975,211.622040681461
"12075",2021-05-15,"17","7  day ahead inc hosp",2021-05-22,"quantile",0.99,229.75854985636
"12076",2021-05-15,"17","8  day ahead inc hosp",2021-05-23,"quantile",0.01,67.1928899398707
"12077",2021-05-15,"17","8  day ahead inc hosp",2021-05-23,"quantile",0.025,75.3045507144171
"12078",2021-05-15,"17","8  day ahead inc hosp",2021-05-23,"quantile",0.05,82.8499778655589
"12079",2021-05-15,"17","8  day ahead inc hosp",2021-05-23,"quantile",0.1,92.237750818053
"12080",2021-05-15,"17","8  day ahead inc hosp",2021-05-23,"quantile",0.15,99.0075512021148
"12081",2021-05-15,"17","8  day ahead inc hosp",2021-05-23,"quantile",0.2,104.648371964937
"12082",2021-05-15,"17","8  day ahead inc hosp",2021-05-23,"quantile",0.25,109.676858648582
"12083",2021-05-15,"17","8  day ahead inc hosp",2021-05-23,"quantile",0.3,114.345092362932
"12084",2021-05-15,"17","8  day ahead inc hosp",2021-05-23,"quantile",0.35,118.802472035177
"12085",2021-05-15,"17","8  day ahead inc hosp",2021-05-23,"quantile",0.4,123.151391626877
"12086",2021-05-15,"17","8  day ahead inc hosp",2021-05-23,"quantile",0.45,127.471615890982
"12087",2021-05-15,"17","8  day ahead inc hosp",2021-05-23,"quantile",0.5,131.833351359254
"12088",2021-05-15,"17","8  day ahead inc hosp",2021-05-23,"quantile",0.55,136.306075878715
"12089",2021-05-15,"17","8  day ahead inc hosp",2021-05-23,"quantile",0.6,140.966464420557
"12090",2021-05-15,"17","8  day ahead inc hosp",2021-05-23,"quantile",0.65,145.90790149755
"12091",2021-05-15,"17","8  day ahead inc hosp",2021-05-23,"quantile",0.7,151.254852621914
"12092",2021-05-15,"17","8  day ahead inc hosp",2021-05-23,"quantile",0.75,157.188508094314
"12093",2021-05-15,"17","8  day ahead inc hosp",2021-05-23,"quantile",0.8,163.999516500153
"12094",2021-05-15,"17","8  day ahead inc hosp",2021-05-23,"quantile",0.85,172.215287078801
"12095",2021-05-15,"17","8  day ahead inc hosp",2021-05-23,"quantile",0.9,182.986658254623
"12096",2021-05-15,"17","8  day ahead inc hosp",2021-05-23,"quantile",0.95,199.87112803241
"12097",2021-05-15,"17","8  day ahead inc hosp",2021-05-23,"quantile",0.975,215.439207238694
"12098",2021-05-15,"17","8  day ahead inc hosp",2021-05-23,"quantile",0.99,234.664535072797
"12099",2021-05-15,"17","9  day ahead inc hosp",2021-05-24,"quantile",0.01,67.4750630635089
"12100",2021-05-15,"17","9  day ahead inc hosp",2021-05-24,"quantile",0.025,75.9601639346487
"12101",2021-05-15,"17","9  day ahead inc hosp",2021-05-24,"quantile",0.05,83.8769575053541
"12102",2021-05-15,"17","9  day ahead inc hosp",2021-05-24,"quantile",0.1,93.7551266714201
"12103",2021-05-15,"17","9  day ahead inc hosp",2021-05-24,"quantile",0.15,100.89601106075
"12104",2021-05-15,"17","9  day ahead inc hosp",2021-05-24,"quantile",0.2,106.856182480498
"12105",2021-05-15,"17","9  day ahead inc hosp",2021-05-24,"quantile",0.25,112.176600347564
"12106",2021-05-15,"17","9  day ahead inc hosp",2021-05-24,"quantile",0.3,117.121614814625
"12107",2021-05-15,"17","9  day ahead inc hosp",2021-05-24,"quantile",0.35,121.848190644515
"12108",2021-05-15,"17","9  day ahead inc hosp",2021-05-24,"quantile",0.4,126.464170526119
"12109",2021-05-15,"17","9  day ahead inc hosp",2021-05-24,"quantile",0.45,131.053821467711
"12110",2021-05-15,"17","9  day ahead inc hosp",2021-05-24,"quantile",0.5,135.69157203258
"12111",2021-05-15,"17","9  day ahead inc hosp",2021-05-24,"quantile",0.55,140.451338080131
"12112",2021-05-15,"17","9  day ahead inc hosp",2021-05-24,"quantile",0.6,145.414948816835
"12113",2021-05-15,"17","9  day ahead inc hosp",2021-05-24,"quantile",0.65,150.682317494415
"12114",2021-05-15,"17","9  day ahead inc hosp",2021-05-24,"quantile",0.7,156.386861143574
"12115",2021-05-15,"17","9  day ahead inc hosp",2021-05-24,"quantile",0.75,162.723063310065
"12116",2021-05-15,"17","9  day ahead inc hosp",2021-05-24,"quantile",0.8,170.003204390425
"12117",2021-05-15,"17","9  day ahead inc hosp",2021-05-24,"quantile",0.85,178.794391029483
"12118",2021-05-15,"17","9  day ahead inc hosp",2021-05-24,"quantile",0.9,190.334988147006
"12119",2021-05-15,"17","9  day ahead inc hosp",2021-05-24,"quantile",0.95,208.456422892587
"12120",2021-05-15,"17","9  day ahead inc hosp",2021-05-24,"quantile",0.975,225.195785258162
"12121",2021-05-15,"17","9  day ahead inc hosp",2021-05-24,"quantile",0.99,245.904314350524
"12122",2021-05-15,"17","10  day ahead inc hosp",2021-05-25,"quantile",0.01,60.755888928013
"12123",2021-05-15,"17","10  day ahead inc hosp",2021-05-25,"quantile",0.025,68.9199070895648
"12124",2021-05-15,"17","10  day ahead inc hosp",2021-05-25,"quantile",0.05,76.5765641478011
"12125",2021-05-15,"17","10  day ahead inc hosp",2021-05-25,"quantile",0.1,86.1768688596029
"12126",2021-05-15,"17","10  day ahead inc hosp",2021-05-25,"quantile",0.15,93.1456798914733
"12127",2021-05-15,"17","10  day ahead inc hosp",2021-05-25,"quantile",0.2,98.9790076738257
"12128",2021-05-15,"17","10  day ahead inc hosp",2021-05-25,"quantile",0.25,104.198188497631
"12129",2021-05-15,"17","10  day ahead inc hosp",2021-05-25,"quantile",0.3,109.058655324932
"12130",2021-05-15,"17","10  day ahead inc hosp",2021-05-25,"quantile",0.35,113.712568037962
"12131",2021-05-15,"17","10  day ahead inc hosp",2021-05-25,"quantile",0.4,118.264907249131
"12132",2021-05-15,"17","10  day ahead inc hosp",2021-05-25,"quantile",0.45,122.79813338639
"12133",2021-05-15,"17","10  day ahead inc hosp",2021-05-25,"quantile",0.5,127.385511206097
"12134",2021-05-15,"17","10  day ahead inc hosp",2021-05-25,"quantile",0.55,132.100232543429
"12135",2021-05-15,"17","10  day ahead inc hosp",2021-05-25,"quantile",0.6,137.023750344992
"12136",2021-05-15,"17","10  day ahead inc hosp",2021-05-25,"quantile",0.65,142.255934288999
"12137",2021-05-15,"17","10  day ahead inc hosp",2021-05-25,"quantile",0.7,147.930556373491
"12138",2021-05-15,"17","10  day ahead inc hosp",2021-05-25,"quantile",0.75,154.243051282641
"12139",2021-05-15,"17","10  day ahead inc hosp",2021-05-25,"quantile",0.8,161.507737482679
"12140",2021-05-15,"17","10  day ahead inc hosp",2021-05-25,"quantile",0.85,170.296162644217
"12141",2021-05-15,"17","10  day ahead inc hosp",2021-05-25,"quantile",0.9,181.857901505919
"12142",2021-05-15,"17","10  day ahead inc hosp",2021-05-25,"quantile",0.95,200.064711193852
"12143",2021-05-15,"17","10  day ahead inc hosp",2021-05-25,"quantile",0.975,216.93447722697
"12144",2021-05-15,"17","10  day ahead inc hosp",2021-05-25,"quantile",0.99,237.866019148711
"12145",2021-05-15,"17","11  day ahead inc hosp",2021-05-26,"quantile",0.01,59.6175344306445
"12146",2021-05-15,"17","11  day ahead inc hosp",2021-05-26,"quantile",0.025,67.9658117373504
"12147",2021-05-15,"17","11  day ahead inc hosp",2021-05-26,"quantile",0.05,75.8216398171075
"12148",2021-05-15,"17","11  day ahead inc hosp",2021-05-26,"quantile",0.1,85.7029193472348
"12149",2021-05-15,"17","11  day ahead inc hosp",2021-05-26,"quantile",0.15,92.8949416131992
"12150",2021-05-15,"17","11  day ahead inc hosp",2021-05-26,"quantile",0.2,98.9263278130512
"12151",2021-05-15,"17","11  day ahead inc hosp",2021-05-26,"quantile",0.25,104.330731591807
"12152",2021-05-15,"17","11  day ahead inc hosp",2021-05-26,"quantile",0.3,109.370073265961
"12153",2021-05-15,"17","11  day ahead inc hosp",2021-05-26,"quantile",0.35,114.200708292371
"12154",2021-05-15,"17","11  day ahead inc hosp",2021-05-26,"quantile",0.4,118.930809008522
"12155",2021-05-15,"17","11  day ahead inc hosp",2021-05-26,"quantile",0.45,123.645633172252
"12156",2021-05-15,"17","11  day ahead inc hosp",2021-05-26,"quantile",0.5,128.421221563838
"12157",2021-05-15,"17","11  day ahead inc hosp",2021-05-26,"quantile",0.55,133.333828535608
"12158",2021-05-15,"17","11  day ahead inc hosp",2021-05-26,"quantile",0.6,138.468598793044
"12159",2021-05-15,"17","11  day ahead inc hosp",2021-05-26,"quantile",0.65,143.930204706043
"12160",2021-05-15,"17","11  day ahead inc hosp",2021-05-26,"quantile",0.7,149.859125093939
"12161",2021-05-15,"17","11  day ahead inc hosp",2021-05-26,"quantile",0.75,156.460880242825
"12162",2021-05-15,"17","11  day ahead inc hosp",2021-05-26,"quantile",0.8,164.066348180648
"12163",2021-05-15,"17","11  day ahead inc hosp",2021-05-26,"quantile",0.85,173.277680376594
"12164",2021-05-15,"17","11  day ahead inc hosp",2021-05-26,"quantile",0.9,185.412371035531
"12165",2021-05-15,"17","11  day ahead inc hosp",2021-05-26,"quantile",0.95,204.556408861541
"12166",2021-05-15,"17","11  day ahead inc hosp",2021-05-26,"quantile",0.975,222.329130961241
"12167",2021-05-15,"17","11  day ahead inc hosp",2021-05-26,"quantile",0.99,244.422406813085
"12168",2021-05-15,"17","12  day ahead inc hosp",2021-05-27,"quantile",0.01,54.8553701353948
"12169",2021-05-15,"17","12  day ahead inc hosp",2021-05-27,"quantile",0.025,62.9782111067043
"12170",2021-05-15,"17","12  day ahead inc hosp",2021-05-27,"quantile",0.05,70.6582664646503
"12171",2021-05-15,"17","12  day ahead inc hosp",2021-05-27,"quantile",0.1,80.3616399348512
"12172",2021-05-15,"17","12  day ahead inc hosp",2021-05-27,"quantile",0.15,87.4508216094828
"12173",2021-05-15,"17","12  day ahead inc hosp",2021-05-27,"quantile",0.2,93.411504274518
"12174",2021-05-15,"17","12  day ahead inc hosp",2021-05-27,"quantile",0.25,98.7636708205498
"12175",2021-05-15,"17","12  day ahead inc hosp",2021-05-27,"quantile",0.3,103.763160419852
"12176",2021-05-15,"17","12  day ahead inc hosp",2021-05-27,"quantile",0.35,108.563160436594
"12177",2021-05-15,"17","12  day ahead inc hosp",2021-05-27,"quantile",0.4,113.270066728363
"12178",2021-05-15,"17","12  day ahead inc hosp",2021-05-27,"quantile",0.45,117.968142622933
"12179",2021-05-15,"17","12  day ahead inc hosp",2021-05-27,"quantile",0.5,122.732947471134
"12180",2021-05-15,"17","12  day ahead inc hosp",2021-05-27,"quantile",0.55,127.6406553632
"12181",2021-05-15,"17","12  day ahead inc hosp",2021-05-27,"quantile",0.6,132.776714959639
"12182",2021-05-15,"17","12  day ahead inc hosp",2021-05-27,"quantile",0.65,138.246554873721
"12183",2021-05-15,"17","12  day ahead inc hosp",2021-05-27,"quantile",0.7,144.192047711253
"12184",2021-05-15,"17","12  day ahead inc hosp",2021-05-27,"quantile",0.75,150.821150536037
"12185",2021-05-15,"17","12  day ahead inc hosp",2021-05-27,"quantile",0.8,158.469134560325
"12186",2021-05-15,"17","12  day ahead inc hosp",2021-05-27,"quantile",0.85,167.746831739359
"12187",2021-05-15,"17","12  day ahead inc hosp",2021-05-27,"quantile",0.9,179.992141501671
"12188",2021-05-15,"17","12  day ahead inc hosp",2021-05-27,"quantile",0.95,199.359646374021
"12189",2021-05-15,"17","12  day ahead inc hosp",2021-05-27,"quantile",0.975,217.388242391572
"12190",2021-05-15,"17","12  day ahead inc hosp",2021-05-27,"quantile",0.99,239.85762675919
"12191",2021-05-15,"17","13  day ahead inc hosp",2021-05-28,"quantile",0.01,53.7355789725816
"12192",2021-05-15,"17","13  day ahead inc hosp",2021-05-28,"quantile",0.025,61.9961158788328
"12193",2021-05-15,"17","13  day ahead inc hosp",2021-05-28,"quantile",0.05,69.8322309125524
"12194",2021-05-15,"17","13  day ahead inc hosp",2021-05-28,"quantile",0.1,79.7635176899382
"12195",2021-05-15,"17","13  day ahead inc hosp",2021-05-28,"quantile",0.15,87.0381776538222
"12196",2021-05-15,"17","13  day ahead inc hosp",2021-05-28,"quantile",0.2,93.165874067984
"12197",2021-05-15,"17","13  day ahead inc hosp",2021-05-28,"quantile",0.25,98.6759167240701
"12198",2021-05-15,"17","13  day ahead inc hosp",2021-05-28,"quantile",0.3,103.829183958647
"12199",2021-05-15,"17","13  day ahead inc hosp",2021-05-28,"quantile",0.35,108.78221257843
"12200",2021-05-15,"17","13  day ahead inc hosp",2021-05-28,"quantile",0.4,113.644023574329
"12201",2021-05-15,"17","13  day ahead inc hosp",2021-05-28,"quantile",0.45,118.501250758207
"12202",2021-05-15,"17","13  day ahead inc hosp",2021-05-28,"quantile",0.5,123.431869421846
"12203",2021-05-15,"17","13  day ahead inc hosp",2021-05-28,"quantile",0.55,128.514776240036
"12204",2021-05-15,"17","13  day ahead inc hosp",2021-05-28,"quantile",0.6,133.838753391746
"12205",2021-05-15,"17","13  day ahead inc hosp",2021-05-28,"quantile",0.65,139.513613199665
"12206",2021-05-15,"17","13  day ahead inc hosp",2021-05-28,"quantile",0.7,145.687394888134
"12207",2021-05-15,"17","13  day ahead inc hosp",2021-05-28,"quantile",0.75,152.577375352829
"12208",2021-05-15,"17","13  day ahead inc hosp",2021-05-28,"quantile",0.8,160.534183807088
"12209",2021-05-15,"17","13  day ahead inc hosp",2021-05-28,"quantile",0.85,170.197119305373
"12210",2021-05-15,"17","13  day ahead inc hosp",2021-05-28,"quantile",0.9,182.967438227571
"12211",2021-05-15,"17","13  day ahead inc hosp",2021-05-28,"quantile",0.95,203.200257904445
"12212",2021-05-15,"17","13  day ahead inc hosp",2021-05-28,"quantile",0.975,222.068920389727
"12213",2021-05-15,"17","13  day ahead inc hosp",2021-05-28,"quantile",0.99,245.626749925852
"12214",2021-05-15,"17","14  day ahead inc hosp",2021-05-29,"quantile",0.01,51.7387238481696
"12215",2021-05-15,"17","14  day ahead inc hosp",2021-05-29,"quantile",0.025,60.0186806234471
"12216",2021-05-15,"17","14  day ahead inc hosp",2021-05-29,"quantile",0.05,67.9020927861827
"12217",2021-05-15,"17","14  day ahead inc hosp",2021-05-29,"quantile",0.1,77.9276782763462
"12218",2021-05-15,"17","14  day ahead inc hosp",2021-05-29,"quantile",0.15,85.2926261812056
"12219",2021-05-15,"17","14  day ahead inc hosp",2021-05-29,"quantile",0.2,91.5087536326759
"12220",2021-05-15,"17","14  day ahead inc hosp",2021-05-29,"quantile",0.25,97.1071730034602
"12221",2021-05-15,"17","14  day ahead inc hosp",2021-05-29,"quantile",0.3,102.350156674817
"12222",2021-05-15,"17","14  day ahead inc hosp",2021-05-29,"quantile",0.35,107.395452292406
"12223",2021-05-15,"17","14  day ahead inc hosp",2021-05-29,"quantile",0.4,112.35326126116
"12224",2021-05-15,"17","14  day ahead inc hosp",2021-05-29,"quantile",0.45,117.311483986066
"12225",2021-05-15,"17","14  day ahead inc hosp",2021-05-29,"quantile",0.5,122.34956241367
"12226",2021-05-15,"17","14  day ahead inc hosp",2021-05-29,"quantile",0.55,127.548199241878
"12227",2021-05-15,"17","14  day ahead inc hosp",2021-05-29,"quantile",0.6,132.998521701275
"12228",2021-05-15,"17","14  day ahead inc hosp",2021-05-29,"quantile",0.65,138.813545017204
"12229",2021-05-15,"17","14  day ahead inc hosp",2021-05-29,"quantile",0.7,145.145924818994
"12230",2021-05-15,"17","14  day ahead inc hosp",2021-05-29,"quantile",0.75,152.220026863425
"12231",2021-05-15,"17","14  day ahead inc hosp",2021-05-29,"quantile",0.8,160.398291604066
"12232",2021-05-15,"17","14  day ahead inc hosp",2021-05-29,"quantile",0.85,170.342098633505
"12233",2021-05-15,"17","14  day ahead inc hosp",2021-05-29,"quantile",0.9,183.502233194247
"12234",2021-05-15,"17","14  day ahead inc hosp",2021-05-29,"quantile",0.95,204.392026024926
"12235",2021-05-15,"17","14  day ahead inc hosp",2021-05-29,"quantile",0.975,223.912333990946
"12236",2021-05-15,"17","14  day ahead inc hosp",2021-05-29,"quantile",0.99,248.330511774482
"12237",2021-05-15,"17","15  day ahead inc hosp",2021-05-30,"quantile",0.01,51.9965492739319
"12238",2021-05-15,"17","15  day ahead inc hosp",2021-05-30,"quantile",0.025,60.8382613344977
"12239",2021-05-15,"17","15  day ahead inc hosp",2021-05-30,"quantile",0.05,69.3052551912529
"12240",2021-05-15,"17","15  day ahead inc hosp",2021-05-30,"quantile",0.1,80.1311282927951
"12241",2021-05-15,"17","15  day ahead inc hosp",2021-05-30,"quantile",0.15,88.1199360672232
"12242",2021-05-15,"17","15  day ahead inc hosp",2021-05-30,"quantile",0.2,94.8836202848144
"12243",2021-05-15,"17","15  day ahead inc hosp",2021-05-30,"quantile",0.25,100.99023779281
"12244",2021-05-15,"17","15  day ahead inc hosp",2021-05-30,"quantile",0.3,106.721165503024
"12245",2021-05-15,"17","15  day ahead inc hosp",2021-05-30,"quantile",0.35,112.246282249069
"12246",2021-05-15,"17","15  day ahead inc hosp",2021-05-30,"quantile",0.4,117.684842092831
"12247",2021-05-15,"17","15  day ahead inc hosp",2021-05-30,"quantile",0.45,123.132529161583
"12248",2021-05-15,"17","15  day ahead inc hosp",2021-05-30,"quantile",0.5,128.676378728598
"12249",2021-05-15,"17","15  day ahead inc hosp",2021-05-30,"quantile",0.55,134.405356549351
"12250",2021-05-15,"17","15  day ahead inc hosp",2021-05-30,"quantile",0.6,140.420452201244
"12251",2021-05-15,"17","15  day ahead inc hosp",2021-05-30,"quantile",0.65,146.847425403458
"12252",2021-05-15,"17","15  day ahead inc hosp",2021-05-30,"quantile",0.7,153.856652864955
"12253",2021-05-15,"17","15  day ahead inc hosp",2021-05-30,"quantile",0.75,161.699077948522
"12254",2021-05-15,"17","15  day ahead inc hosp",2021-05-30,"quantile",0.8,170.780707159626
"12255",2021-05-15,"17","15  day ahead inc hosp",2021-05-30,"quantile",0.85,181.843351075527
"12256",2021-05-15,"17","15  day ahead inc hosp",2021-05-30,"quantile",0.9,196.516168796469
"12257",2021-05-15,"17","15  day ahead inc hosp",2021-05-30,"quantile",0.95,219.874775584866
"12258",2021-05-15,"17","15  day ahead inc hosp",2021-05-30,"quantile",0.975,241.769101119913
"12259",2021-05-15,"17","15  day ahead inc hosp",2021-05-30,"quantile",0.99,269.237536084098
"12260",2021-05-15,"17","16  day ahead inc hosp",2021-05-31,"quantile",0.01,52.0427003602453
"12261",2021-05-15,"17","16  day ahead inc hosp",2021-05-31,"quantile",0.025,61.2893881466775
"12262",2021-05-15,"17","16  day ahead inc hosp",2021-05-31,"quantile",0.05,70.1828743501966
"12263",2021-05-15,"17","16  day ahead inc hosp",2021-05-31,"quantile",0.1,81.6002411825756
"12264",2021-05-15,"17","16  day ahead inc hosp",2021-05-31,"quantile",0.15,90.0541050178192
"12265",2021-05-15,"17","16  day ahead inc hosp",2021-05-31,"quantile",0.2,97.2282218689968
"12266",2021-05-15,"17","16  day ahead inc hosp",2021-05-31,"quantile",0.25,103.717364057873
"12267",2021-05-15,"17","16  day ahead inc hosp",2021-05-31,"quantile",0.3,109.816830814179
"12268",2021-05-15,"17","16  day ahead inc hosp",2021-05-31,"quantile",0.35,115.705421557977
"12269",2021-05-15,"17","16  day ahead inc hosp",2021-05-31,"quantile",0.4,121.509117686058
"12270",2021-05-15,"17","16  day ahead inc hosp",2021-05-31,"quantile",0.45,127.329453250664
"12271",2021-05-15,"17","16  day ahead inc hosp",2021-05-31,"quantile",0.5,133.259231549657
"12272",2021-05-15,"17","16  day ahead inc hosp",2021-05-31,"quantile",0.55,139.393751482018
"12273",2021-05-15,"17","16  day ahead inc hosp",2021-05-31,"quantile",0.6,145.841613091035
"12274",2021-05-15,"17","16  day ahead inc hosp",2021-05-31,"quantile",0.65,152.738458340879
"12275",2021-05-15,"17","16  day ahead inc hosp",2021-05-31,"quantile",0.7,160.268451112537
"12276",2021-05-15,"17","16  day ahead inc hosp",2021-05-31,"quantile",0.75,168.703260624257
"12277",2021-05-15,"17","16  day ahead inc hosp",2021-05-31,"quantile",0.8,178.482925545244
"12278",2021-05-15,"17","16  day ahead inc hosp",2021-05-31,"quantile",0.85,190.412174783876
"12279",2021-05-15,"17","16  day ahead inc hosp",2021-05-31,"quantile",0.9,206.259894495668
"12280",2021-05-15,"17","16  day ahead inc hosp",2021-05-31,"quantile",0.95,231.54290477157
"12281",2021-05-15,"17","16  day ahead inc hosp",2021-05-31,"quantile",0.975,255.294544672167
"12282",2021-05-15,"17","16  day ahead inc hosp",2021-05-31,"quantile",0.99,285.15752315265
"12283",2021-05-15,"17","17  day ahead inc hosp",2021-06-01,"quantile",0.01,47.6400590733487
"12284",2021-05-15,"17","17  day ahead inc hosp",2021-06-01,"quantile",0.025,56.6247182635523
"12285",2021-05-15,"17","17  day ahead inc hosp",2021-06-01,"quantile",0.05,65.3197221991145
"12286",2021-05-15,"17","17  day ahead inc hosp",2021-06-01,"quantile",0.1,76.5463661065167
"12287",2021-05-15,"17","17  day ahead inc hosp",2021-06-01,"quantile",0.15,84.898726076435
"12288",2021-05-15,"17","17  day ahead inc hosp",2021-06-01,"quantile",0.2,92.0099422986676
"12289",2021-05-15,"17","17  day ahead inc hosp",2021-06-01,"quantile",0.25,98.4588594631985
"12290",2021-05-15,"17","17  day ahead inc hosp",2021-06-01,"quantile",0.3,104.533832259804
"12291",2021-05-15,"17","17  day ahead inc hosp",2021-06-01,"quantile",0.35,110.41017898328
"12292",2021-05-15,"17","17  day ahead inc hosp",2021-06-01,"quantile",0.4,116.212082851928
"12293",2021-05-15,"17","17  day ahead inc hosp",2021-06-01,"quantile",0.45,122.040264555925
"12294",2021-05-15,"17","17  day ahead inc hosp",2021-06-01,"quantile",0.5,127.987410722365
"12295",2021-05-15,"17","17  day ahead inc hosp",2021-06-01,"quantile",0.55,134.149311564587
"12296",2021-05-15,"17","17  day ahead inc hosp",2021-06-01,"quantile",0.6,140.635714200438
"12297",2021-05-15,"17","17  day ahead inc hosp",2021-06-01,"quantile",0.65,147.584256552164
"12298",2021-05-15,"17","17  day ahead inc hosp",2021-06-01,"quantile",0.7,155.182366606334
"12299",2021-05-15,"17","17  day ahead inc hosp",2021-06-01,"quantile",0.75,163.70711135698
"12300",2021-05-15,"17","17  day ahead inc hosp",2021-06-01,"quantile",0.8,173.60796889177
"12301",2021-05-15,"17","17  day ahead inc hosp",2021-06-01,"quantile",0.85,185.707964948532
"12302",2021-05-15,"17","17  day ahead inc hosp",2021-06-01,"quantile",0.9,201.818380342865
"12303",2021-05-15,"17","17  day ahead inc hosp",2021-06-01,"quantile",0.95,227.596573577371
"12304",2021-05-15,"17","17  day ahead inc hosp",2021-06-01,"quantile",0.975,251.888938335825
"12305",2021-05-15,"17","17  day ahead inc hosp",2021-06-01,"quantile",0.99,282.522699397856
"12306",2021-05-15,"17","18  day ahead inc hosp",2021-06-02,"quantile",0.01,45.3963474342298
"12307",2021-05-15,"17","18  day ahead inc hosp",2021-06-02,"quantile",0.025,54.3681324032954
"12308",2021-05-15,"17","18  day ahead inc hosp",2021-06-02,"quantile",0.05,63.0947090618669
"12309",2021-05-15,"17","18  day ahead inc hosp",2021-06-02,"quantile",0.1,74.4148906304084
"12310",2021-05-15,"17","18  day ahead inc hosp",2021-06-02,"quantile",0.15,82.8695555353198
"12311",2021-05-15,"17","18  day ahead inc hosp",2021-06-02,"quantile",0.2,90.0870205869773
"12312",2021-05-15,"17","18  day ahead inc hosp",2021-06-02,"quantile",0.25,96.6460302828104
"12313",2021-05-15,"17","18  day ahead inc hosp",2021-06-02,"quantile",0.3,102.835689765544
"12314",2021-05-15,"17","18  day ahead inc hosp",2021-06-02,"quantile",0.35,108.832377563302
"12315",2021-05-15,"17","18  day ahead inc hosp",2021-06-02,"quantile",0.4,114.761574565323
"12316",2021-05-15,"17","18  day ahead inc hosp",2021-06-02,"quantile",0.45,120.725583737462
"12317",2021-05-15,"17","18  day ahead inc hosp",2021-06-02,"quantile",0.5,126.819067686434
"12318",2021-05-15,"17","18  day ahead inc hosp",2021-06-02,"quantile",0.55,133.140363086261
"12319",2021-05-15,"17","18  day ahead inc hosp",2021-06-02,"quantile",0.6,139.802616741996
"12320",2021-05-15,"17","18  day ahead inc hosp",2021-06-02,"quantile",0.65,146.948191126304
"12321",2021-05-15,"17","18  day ahead inc hosp",2021-06-02,"quantile",0.7,154.771400483625
"12322",2021-05-15,"17","18  day ahead inc hosp",2021-06-02,"quantile",0.75,163.559967596401
"12323",2021-05-15,"17","18  day ahead inc hosp",2021-06-02,"quantile",0.8,173.781227513845
"12324",2021-05-15,"17","18  day ahead inc hosp",2021-06-02,"quantile",0.85,186.291754194738
"12325",2021-05-15,"17","18  day ahead inc hosp",2021-06-02,"quantile",0.9,202.978458665847
"12326",2021-05-15,"17","18  day ahead inc hosp",2021-06-02,"quantile",0.95,229.741822737542
"12327",2021-05-15,"17","18  day ahead inc hosp",2021-06-02,"quantile",0.975,255.025203781991
"12328",2021-05-15,"17","18  day ahead inc hosp",2021-06-02,"quantile",0.99,286.984120787616
"12329",2021-05-15,"17","19  day ahead inc hosp",2021-06-03,"quantile",0.01,45.6173646072529
"12330",2021-05-15,"17","19  day ahead inc hosp",2021-06-03,"quantile",0.025,54.9137350323691
"12331",2021-05-15,"17","19  day ahead inc hosp",2021-06-03,"quantile",0.05,63.9869979458337
"12332",2021-05-15,"17","19  day ahead inc hosp",2021-06-03,"quantile",0.1,75.7940426213319
"12333",2021-05-15,"17","19  day ahead inc hosp",2021-06-03,"quantile",0.15,84.6353506748142
"12334",2021-05-15,"17","19  day ahead inc hosp",2021-06-03,"quantile",0.2,92.1963512624357
"12335",2021-05-15,"17","19  day ahead inc hosp",2021-06-03,"quantile",0.25,99.0772224745187
"12336",2021-05-15,"17","19  day ahead inc hosp",2021-06-03,"quantile",0.3,105.578343615684
"12337",2021-05-15,"17","19  day ahead inc hosp",2021-06-03,"quantile",0.35,111.883400783266
"12338",2021-05-15,"17","19  day ahead inc hosp",2021-06-03,"quantile",0.4,118.12346238774
"12339",2021-05-15,"17","19  day ahead inc hosp",2021-06-03,"quantile",0.45,124.405762689164
"12340",2021-05-15,"17","19  day ahead inc hosp",2021-06-03,"quantile",0.5,130.829894791061
"12341",2021-05-15,"17","19  day ahead inc hosp",2021-06-03,"quantile",0.55,137.499672149101
"12342",2021-05-15,"17","19  day ahead inc hosp",2021-06-03,"quantile",0.6,144.534881186646
"12343",2021-05-15,"17","19  day ahead inc hosp",2021-06-03,"quantile",0.65,152.086560508848
"12344",2021-05-15,"17","19  day ahead inc hosp",2021-06-03,"quantile",0.7,160.361182487865
"12345",2021-05-15,"17","19  day ahead inc hosp",2021-06-03,"quantile",0.75,169.664804848983
"12346",2021-05-15,"17","19  day ahead inc hosp",2021-06-03,"quantile",0.8,180.494942059995
"12347",2021-05-15,"17","19  day ahead inc hosp",2021-06-03,"quantile",0.85,193.764080444283
"12348",2021-05-15,"17","19  day ahead inc hosp",2021-06-03,"quantile",0.9,211.483563940197
"12349",2021-05-15,"17","19  day ahead inc hosp",2021-06-03,"quantile",0.95,239.947851901272
"12350",2021-05-15,"17","19  day ahead inc hosp",2021-06-03,"quantile",0.975,266.882284622374
"12351",2021-05-15,"17","19  day ahead inc hosp",2021-06-03,"quantile",0.99,300.981417411246
"12352",2021-05-15,"17","20  day ahead inc hosp",2021-06-04,"quantile",0.01,41.0271974717073
"12353",2021-05-15,"17","20  day ahead inc hosp",2021-06-04,"quantile",0.025,49.8935776155488
"12354",2021-05-15,"17","20  day ahead inc hosp",2021-06-04,"quantile",0.05,58.6060041341773
"12355",2021-05-15,"17","20  day ahead inc hosp",2021-06-04,"quantile",0.1,70.0142723254098
"12356",2021-05-15,"17","20  day ahead inc hosp",2021-06-04,"quantile",0.15,78.6009465585502
"12357",2021-05-15,"17","20  day ahead inc hosp",2021-06-04,"quantile",0.2,85.9699678459943
"12358",2021-05-15,"17","20  day ahead inc hosp",2021-06-04,"quantile",0.25,92.6946554038413
"12359",2021-05-15,"17","20  day ahead inc hosp",2021-06-04,"quantile",0.3,99.0630343062679
"12360",2021-05-15,"17","20  day ahead inc hosp",2021-06-04,"quantile",0.35,105.252063740116
"12361",2021-05-15,"17","20  day ahead inc hosp",2021-06-04,"quantile",0.4,111.388762986034
"12362",2021-05-15,"17","20  day ahead inc hosp",2021-06-04,"quantile",0.45,117.577779205358
"12363",2021-05-15,"17","20  day ahead inc hosp",2021-06-04,"quantile",0.5,123.917011043461
"12364",2021-05-15,"17","20  day ahead inc hosp",2021-06-04,"quantile",0.55,130.509188182276
"12365",2021-05-15,"17","20  day ahead inc hosp",2021-06-04,"quantile",0.6,137.473495114717
"12366",2021-05-15,"17","20  day ahead inc hosp",2021-06-04,"quantile",0.65,144.960828770054
"12367",2021-05-15,"17","20  day ahead inc hosp",2021-06-04,"quantile",0.7,153.17807313336
"12368",2021-05-15,"17","20  day ahead inc hosp",2021-06-04,"quantile",0.75,162.432533783817
"12369",2021-05-15,"17","20  day ahead inc hosp",2021-06-04,"quantile",0.8,173.224521313963
"12370",2021-05-15,"17","20  day ahead inc hosp",2021-06-04,"quantile",0.85,186.472804145405
"12371",2021-05-15,"17","20  day ahead inc hosp",2021-06-04,"quantile",0.9,204.205031838595
"12372",2021-05-15,"17","20  day ahead inc hosp",2021-06-04,"quantile",0.95,232.776179208902
"12373",2021-05-15,"17","20  day ahead inc hosp",2021-06-04,"quantile",0.975,259.897675221428
"12374",2021-05-15,"17","20  day ahead inc hosp",2021-06-04,"quantile",0.99,294.337348244981
"12375",2021-05-15,"17","21  day ahead inc hosp",2021-06-05,"quantile",0.01,39.1848100519309
"12376",2021-05-15,"17","21  day ahead inc hosp",2021-06-05,"quantile",0.025,48.0082628188242
"12377",2021-05-15,"17","21  day ahead inc hosp",2021-06-05,"quantile",0.05,56.7213703218401
"12378",2021-05-15,"17","21  day ahead inc hosp",2021-06-05,"quantile",0.1,68.182142452551
"12379",2021-05-15,"17","21  day ahead inc hosp",2021-06-05,"quantile",0.15,76.8404033965176
"12380",2021-05-15,"17","21  day ahead inc hosp",2021-06-05,"quantile",0.2,84.2896591779185
"12381",2021-05-15,"17","21  day ahead inc hosp",2021-06-05,"quantile",0.25,91.1010768992436
"12382",2021-05-15,"17","21  day ahead inc hosp",2021-06-05,"quantile",0.3,97.5624017589117
"12383",2021-05-15,"17","21  day ahead inc hosp",2021-06-05,"quantile",0.35,103.851033080244
"12384",2021-05-15,"17","21  day ahead inc hosp",2021-06-05,"quantile",0.4,110.094861200298
"12385",2021-05-15,"17","21  day ahead inc hosp",2021-06-05,"quantile",0.45,116.399785837608
"12386",2021-05-15,"17","21  day ahead inc hosp",2021-06-05,"quantile",0.5,122.865396888774
"12387",2021-05-15,"17","21  day ahead inc hosp",2021-06-05,"quantile",0.55,129.596696450249
"12388",2021-05-15,"17","21  day ahead inc hosp",2021-06-05,"quantile",0.6,136.715975981615
"12389",2021-05-15,"17","21  day ahead inc hosp",2021-06-05,"quantile",0.65,144.378512296009
"12390",2021-05-15,"17","21  day ahead inc hosp",2021-06-05,"quantile",0.7,152.797631112362
"12391",2021-05-15,"17","21  day ahead inc hosp",2021-06-05,"quantile",0.75,162.290666964605
"12392",2021-05-15,"17","21  day ahead inc hosp",2021-06-05,"quantile",0.8,173.374813825739
"12393",2021-05-15,"17","21  day ahead inc hosp",2021-06-05,"quantile",0.85,187.000683430661
"12394",2021-05-15,"17","21  day ahead inc hosp",2021-06-05,"quantile",0.9,205.267996306643
"12395",2021-05-15,"17","21  day ahead inc hosp",2021-06-05,"quantile",0.95,234.764560970115
"12396",2021-05-15,"17","21  day ahead inc hosp",2021-06-05,"quantile",0.975,262.827478174357
"12397",2021-05-15,"17","21  day ahead inc hosp",2021-06-05,"quantile",0.99,298.538603425913
"12398",2021-05-15,"17","22  day ahead inc hosp",2021-06-06,"quantile",0.01,38.8849256667584
"12399",2021-05-15,"17","22  day ahead inc hosp",2021-06-06,"quantile",0.025,47.9021988829571
"12400",2021-05-15,"17","22  day ahead inc hosp",2021-06-06,"quantile",0.05,56.8390564237989
"12401",2021-05-15,"17","22  day ahead inc hosp",2021-06-06,"quantile",0.1,68.63312143518
"12402",2021-05-15,"17","22  day ahead inc hosp",2021-06-06,"quantile",0.15,77.5673978803343
"12403",2021-05-15,"17","22  day ahead inc hosp",2021-06-06,"quantile",0.2,85.2683273602244
"12404",2021-05-15,"17","22  day ahead inc hosp",2021-06-06,"quantile",0.25,92.3200760612131
"12405",2021-05-15,"17","22  day ahead inc hosp",2021-06-06,"quantile",0.3,99.0175475449265
"12406",2021-05-15,"17","22  day ahead inc hosp",2021-06-06,"quantile",0.35,105.543021374844
"12407",2021-05-15,"17","22  day ahead inc hosp",2021-06-06,"quantile",0.4,112.028329643867
"12408",2021-05-15,"17","22  day ahead inc hosp",2021-06-06,"quantile",0.45,118.583043191467
"12409",2021-05-15,"17","22  day ahead inc hosp",2021-06-06,"quantile",0.5,125.310598237079
"12410",2021-05-15,"17","22  day ahead inc hosp",2021-06-06,"quantile",0.55,132.320428117654
"12411",2021-05-15,"17","22  day ahead inc hosp",2021-06-06,"quantile",0.6,139.740339271544
"12412",2021-05-15,"17","22  day ahead inc hosp",2021-06-06,"quantile",0.65,147.732945956199
"12413",2021-05-15,"17","22  day ahead inc hosp",2021-06-06,"quantile",0.7,156.521981847414
"12414",2021-05-15,"17","22  day ahead inc hosp",2021-06-06,"quantile",0.75,166.44060924369
"12415",2021-05-15,"17","22  day ahead inc hosp",2021-06-06,"quantile",0.8,178.032235917932
"12416",2021-05-15,"17","22  day ahead inc hosp",2021-06-06,"quantile",0.85,192.296287317674
"12417",2021-05-15,"17","22  day ahead inc hosp",2021-06-06,"quantile",0.9,211.441661966633
"12418",2021-05-15,"17","22  day ahead inc hosp",2021-06-06,"quantile",0.95,242.403981369982
"12419",2021-05-15,"17","22  day ahead inc hosp",2021-06-06,"quantile",0.975,271.909129134782
"12420",2021-05-15,"17","22  day ahead inc hosp",2021-06-06,"quantile",0.99,309.513174190341
"12421",2021-05-15,"17","23  day ahead inc hosp",2021-06-07,"quantile",0.01,38.1004024130356
"12422",2021-05-15,"17","23  day ahead inc hosp",2021-06-07,"quantile",0.025,47.219225336405
"12423",2021-05-15,"17","23  day ahead inc hosp",2021-06-07,"quantile",0.05,56.292824023737
"12424",2021-05-15,"17","23  day ahead inc hosp",2021-06-07,"quantile",0.1,68.3109008467116
"12425",2021-05-15,"17","23  day ahead inc hosp",2021-06-07,"quantile",0.15,77.4419533900485
"12426",2021-05-15,"17","23  day ahead inc hosp",2021-06-07,"quantile",0.2,85.3283794183593
"12427",2021-05-15,"17","23  day ahead inc hosp",2021-06-07,"quantile",0.25,92.5614106851403
"12428",2021-05-15,"17","23  day ahead inc hosp",2021-06-07,"quantile",0.3,99.4402027439957
"12429",2021-05-15,"17","23  day ahead inc hosp",2021-06-07,"quantile",0.35,106.150189639211
"12430",2021-05-15,"17","23  day ahead inc hosp",2021-06-07,"quantile",0.4,112.82596240085
"12431",2021-05-15,"17","23  day ahead inc hosp",2021-06-07,"quantile",0.45,119.579843317787
"12432",2021-05-15,"17","23  day ahead inc hosp",2021-06-07,"quantile",0.5,126.51830842292
"12433",2021-05-15,"17","23  day ahead inc hosp",2021-06-07,"quantile",0.55,133.754428064838
"12434",2021-05-15,"17","23  day ahead inc hosp",2021-06-07,"quantile",0.6,141.420651901403
"12435",2021-05-15,"17","23  day ahead inc hosp",2021-06-07,"quantile",0.65,149.685875528993
"12436",2021-05-15,"17","23  day ahead inc hosp",2021-06-07,"quantile",0.7,158.782839881013
"12437",2021-05-15,"17","23  day ahead inc hosp",2021-06-07,"quantile",0.75,169.058505196069
"12438",2021-05-15,"17","23  day ahead inc hosp",2021-06-07,"quantile",0.8,181.079251286268
"12439",2021-05-15,"17","23  day ahead inc hosp",2021-06-07,"quantile",0.85,195.88746211668
"12440",2021-05-15,"17","23  day ahead inc hosp",2021-06-07,"quantile",0.9,215.788508350364
"12441",2021-05-15,"17","23  day ahead inc hosp",2021-06-07,"quantile",0.95,248.026858682524
"12442",2021-05-15,"17","23  day ahead inc hosp",2021-06-07,"quantile",0.975,278.801713607546
"12443",2021-05-15,"17","23  day ahead inc hosp",2021-06-07,"quantile",0.99,318.088917249683
"12444",2021-05-15,"17","24  day ahead inc hosp",2021-06-08,"quantile",0.01,35.5586525252993
"12445",2021-05-15,"17","24  day ahead inc hosp",2021-06-08,"quantile",0.025,44.4487630112465
"12446",2021-05-15,"17","24  day ahead inc hosp",2021-06-08,"quantile",0.05,53.3450628441506
"12447",2021-05-15,"17","24  day ahead inc hosp",2021-06-08,"quantile",0.1,65.189110866928
"12448",2021-05-15,"17","24  day ahead inc hosp",2021-06-08,"quantile",0.15,74.2258058077085
"12449",2021-05-15,"17","24  day ahead inc hosp",2021-06-08,"quantile",0.2,82.0529711045163
"12450",2021-05-15,"17","24  day ahead inc hosp",2021-06-08,"quantile",0.25,89.2476560179858
"12451",2021-05-15,"17","24  day ahead inc hosp",2021-06-08,"quantile",0.3,96.1028031561622
"12452",2021-05-15,"17","24  day ahead inc hosp",2021-06-08,"quantile",0.35,102.800738309106
"12453",2021-05-15,"17","24  day ahead inc hosp",2021-06-08,"quantile",0.4,109.474470990585
"12454",2021-05-15,"17","24  day ahead inc hosp",2021-06-08,"quantile",0.45,116.235650309325
"12455",2021-05-15,"17","24  day ahead inc hosp",2021-06-08,"quantile",0.5,123.190736687487
"12456",2021-05-15,"17","24  day ahead inc hosp",2021-06-08,"quantile",0.55,130.453374507515
"12457",2021-05-15,"17","24  day ahead inc hosp",2021-06-08,"quantile",0.6,138.157239471458
"12458",2021-05-15,"17","24  day ahead inc hosp",2021-06-08,"quantile",0.65,146.47331257732
"12459",2021-05-15,"17","24  day ahead inc hosp",2021-06-08,"quantile",0.7,155.637718444243
"12460",2021-05-15,"17","24  day ahead inc hosp",2021-06-08,"quantile",0.75,166.0030003438
"12461",2021-05-15,"17","24  day ahead inc hosp",2021-06-08,"quantile",0.8,178.14530645072
"12462",2021-05-15,"17","24  day ahead inc hosp",2021-06-08,"quantile",0.85,193.125996450683
"12463",2021-05-15,"17","24  day ahead inc hosp",2021-06-08,"quantile",0.9,213.294565411481
"12464",2021-05-15,"17","24  day ahead inc hosp",2021-06-08,"quantile",0.95,246.042554969605
"12465",2021-05-15,"17","24  day ahead inc hosp",2021-06-08,"quantile",0.975,277.379954341629
"12466",2021-05-15,"17","24  day ahead inc hosp",2021-06-08,"quantile",0.99,317.477286776905
"12467",2021-05-15,"17","25  day ahead inc hosp",2021-06-09,"quantile",0.01,34.6720871916782
"12468",2021-05-15,"17","25  day ahead inc hosp",2021-06-09,"quantile",0.025,43.6113441400649
"12469",2021-05-15,"17","25  day ahead inc hosp",2021-06-09,"quantile",0.05,52.5936501264923
"12470",2021-05-15,"17","25  day ahead inc hosp",2021-06-09,"quantile",0.1,64.5967685439346
"12471",2021-05-15,"17","25  day ahead inc hosp",2021-06-09,"quantile",0.15,73.7825829568968
"12472",2021-05-15,"17","25  day ahead inc hosp",2021-06-09,"quantile",0.2,81.7552049300828
"12473",2021-05-15,"17","25  day ahead inc hosp",2021-06-09,"quantile",0.25,89.0953237447867
"12474",2021-05-15,"17","25  day ahead inc hosp",2021-06-09,"quantile",0.3,96.0984418673358
"12475",2021-05-15,"17","25  day ahead inc hosp",2021-06-09,"quantile",0.35,102.949029042487
"12476",2021-05-15,"17","25  day ahead inc hosp",2021-06-09,"quantile",0.4,109.78215862681
"12477",2021-05-15,"17","25  day ahead inc hosp",2021-06-09,"quantile",0.45,116.711689924911
"12478",2021-05-15,"17","25  day ahead inc hosp",2021-06-09,"quantile",0.5,123.846648832724
"12479",2021-05-15,"17","25  day ahead inc hosp",2021-06-09,"quantile",0.55,131.303850833975
"12480",2021-05-15,"17","25  day ahead inc hosp",2021-06-09,"quantile",0.6,139.22110549871
"12481",2021-05-15,"17","25  day ahead inc hosp",2021-06-09,"quantile",0.65,147.775061067035
"12482",2021-05-15,"17","25  day ahead inc hosp",2021-06-09,"quantile",0.7,157.210039188536
"12483",2021-05-15,"17","25  day ahead inc hosp",2021-06-09,"quantile",0.75,167.891213373768
"12484",2021-05-15,"17","25  day ahead inc hosp",2021-06-09,"quantile",0.8,180.415849965792
"12485",2021-05-15,"17","25  day ahead inc hosp",2021-06-09,"quantile",0.85,195.884941397182
"12486",2021-05-15,"17","25  day ahead inc hosp",2021-06-09,"quantile",0.9,216.737299357605
"12487",2021-05-15,"17","25  day ahead inc hosp",2021-06-09,"quantile",0.95,250.651647753262
"12488",2021-05-15,"17","25  day ahead inc hosp",2021-06-09,"quantile",0.975,283.161092866252
"12489",2021-05-15,"17","25  day ahead inc hosp",2021-06-09,"quantile",0.99,324.825775089249
"12490",2021-05-15,"17","26  day ahead inc hosp",2021-06-10,"quantile",0.01,32.4170952116739
"12491",2021-05-15,"17","26  day ahead inc hosp",2021-06-10,"quantile",0.025,41.1271076222524
"12492",2021-05-15,"17","26  day ahead inc hosp",2021-06-10,"quantile",0.05,49.9287517281554
"12493",2021-05-15,"17","26  day ahead inc hosp",2021-06-10,"quantile",0.1,61.7507172008622
"12494",2021-05-15,"17","26  day ahead inc hosp",2021-06-10,"quantile",0.15,70.8354805071311
"12495",2021-05-15,"17","26  day ahead inc hosp",2021-06-10,"quantile",0.2,78.7424897959875
"12496",2021-05-15,"17","26  day ahead inc hosp",2021-06-10,"quantile",0.25,86.0381183125541
"12497",2021-05-15,"17","26  day ahead inc hosp",2021-06-10,"quantile",0.3,93.0115531823151
"12498",2021-05-15,"17","26  day ahead inc hosp",2021-06-10,"quantile",0.35,99.8440746743062
"12499",2021-05-15,"17","26  day ahead inc hosp",2021-06-10,"quantile",0.4,106.669104430971
"12500",2021-05-15,"17","26  day ahead inc hosp",2021-06-10,"quantile",0.45,113.59976204755
"12501",2021-05-15,"17","26  day ahead inc hosp",2021-06-10,"quantile",0.5,120.744988969685
"12502",2021-05-15,"17","26  day ahead inc hosp",2021-06-10,"quantile",0.55,128.222097590449
"12503",2021-05-15,"17","26  day ahead inc hosp",2021-06-10,"quantile",0.6,136.170030763123
"12504",2021-05-15,"17","26  day ahead inc hosp",2021-06-10,"quantile",0.65,144.767403068842
"12505",2021-05-15,"17","26  day ahead inc hosp",2021-06-10,"quantile",0.7,154.261756988443
"12506",2021-05-15,"17","26  day ahead inc hosp",2021-06-10,"quantile",0.75,165.023610515735
"12507",2021-05-15,"17","26  day ahead inc hosp",2021-06-10,"quantile",0.8,177.659618990141
"12508",2021-05-15,"17","26  day ahead inc hosp",2021-06-10,"quantile",0.85,193.289076708031
"12509",2021-05-15,"17","26  day ahead inc hosp",2021-06-10,"quantile",0.9,214.393501117472
"12510",2021-05-15,"17","26  day ahead inc hosp",2021-06-10,"quantile",0.95,248.794568364597
"12511",2021-05-15,"17","26  day ahead inc hosp",2021-06-10,"quantile",0.975,281.847182728362
"12512",2021-05-15,"17","26  day ahead inc hosp",2021-06-10,"quantile",0.99,324.300795936779
"12513",2021-05-15,"17","27  day ahead inc hosp",2021-06-11,"quantile",0.01,31.6269952661223
"12514",2021-05-15,"17","27  day ahead inc hosp",2021-06-11,"quantile",0.025,40.3732178582929
"12515",2021-05-15,"17","27  day ahead inc hosp",2021-06-11,"quantile",0.05,49.2473833255873
"12516",2021-05-15,"17","27  day ahead inc hosp",2021-06-11,"quantile",0.1,61.2103660778458
"12517",2021-05-15,"17","27  day ahead inc hosp",2021-06-11,"quantile",0.15,70.4306905852713
"12518",2021-05-15,"17","27  day ahead inc hosp",2021-06-11,"quantile",0.2,78.4716715332714
"12519",2021-05-15,"17","27  day ahead inc hosp",2021-06-11,"quantile",0.25,85.9024303503599
"12520",2021-05-15,"17","27  day ahead inc hosp",2021-06-11,"quantile",0.3,93.0142652097274
"12521",2021-05-15,"17","27  day ahead inc hosp",2021-06-11,"quantile",0.35,99.990330673089
"12522",2021-05-15,"17","27  day ahead inc hosp",2021-06-11,"quantile",0.4,106.965927812891
"12523",2021-05-15,"17","27  day ahead inc hosp",2021-06-11,"quantile",0.45,114.056245441176
"12524",2021-05-15,"17","27  day ahead inc hosp",2021-06-11,"quantile",0.5,121.372670651805
"12525",2021-05-15,"17","27  day ahead inc hosp",2021-06-11,"quantile",0.55,129.035573869934
"12526",2021-05-15,"17","27  day ahead inc hosp",2021-06-11,"quantile",0.6,137.187913654473
"12527",2021-05-15,"17","27  day ahead inc hosp",2021-06-11,"quantile",0.65,146.013835733295
"12528",2021-05-15,"17","27  day ahead inc hosp",2021-06-11,"quantile",0.7,155.768907779919
"12529",2021-05-15,"17","27  day ahead inc hosp",2021-06-11,"quantile",0.75,166.836040632975
"12530",2021-05-15,"17","27  day ahead inc hosp",2021-06-11,"quantile",0.8,179.842646728012
"12531",2021-05-15,"17","27  day ahead inc hosp",2021-06-11,"quantile",0.85,195.947035602852
"12532",2021-05-15,"17","27  day ahead inc hosp",2021-06-11,"quantile",0.9,217.718791457482
"12533",2021-05-15,"17","27  day ahead inc hosp",2021-06-11,"quantile",0.95,253.263339859095
"12534",2021-05-15,"17","27  day ahead inc hosp",2021-06-11,"quantile",0.975,287.470225389104
"12535",2021-05-15,"17","27  day ahead inc hosp",2021-06-11,"quantile",0.99,331.473792934424
"12536",2021-05-15,"17","28  day ahead inc hosp",2021-06-12,"quantile",0.01,30.6425279419095
"12537",2021-05-15,"17","28  day ahead inc hosp",2021-06-12,"quantile",0.025,39.3739578050084
"12538",2021-05-15,"17","28  day ahead inc hosp",2021-06-12,"quantile",0.05,48.2713254338005
"12539",2021-05-15,"17","28  day ahead inc hosp",2021-06-12,"quantile",0.1,60.3120285475663
"12540",2021-05-15,"17","28  day ahead inc hosp",2021-06-12,"quantile",0.15,69.6212358831443
"12541",2021-05-15,"17","28  day ahead inc hosp",2021-06-12,"quantile",0.2,77.7567746932592
"12542",2021-05-15,"17","28  day ahead inc hosp",2021-06-12,"quantile",0.25,85.2872017860769
"12543",2021-05-15,"17","28  day ahead inc hosp",2021-06-12,"quantile",0.3,92.5042852761298
"12544",2021-05-15,"17","28  day ahead inc hosp",2021-06-12,"quantile",0.35,99.5920674833805
"12545",2021-05-15,"17","28  day ahead inc hosp",2021-06-12,"quantile",0.4,106.687042703273
"12546",2021-05-15,"17","28  day ahead inc hosp",2021-06-12,"quantile",0.45,113.905926033798
"12547",2021-05-15,"17","28  day ahead inc hosp",2021-06-12,"quantile",0.5,121.362064929264
"12548",2021-05-15,"17","28  day ahead inc hosp",2021-06-12,"quantile",0.55,129.17840096947
"12549",2021-05-15,"17","28  day ahead inc hosp",2021-06-12,"quantile",0.6,137.501365326519
"12550",2021-05-15,"17","28  day ahead inc hosp",2021-06-12,"quantile",0.65,146.519968630565
"12551",2021-05-15,"17","28  day ahead inc hosp",2021-06-12,"quantile",0.7,156.496912143303
"12552",2021-05-15,"17","28  day ahead inc hosp",2021-06-12,"quantile",0.75,167.826199580441
"12553",2021-05-15,"17","28  day ahead inc hosp",2021-06-12,"quantile",0.8,181.153915894
"12554",2021-05-15,"17","28  day ahead inc hosp",2021-06-12,"quantile",0.85,197.673610208011
"12555",2021-05-15,"17","28  day ahead inc hosp",2021-06-12,"quantile",0.9,220.034722592119
"12556",2021-05-15,"17","28  day ahead inc hosp",2021-06-12,"quantile",0.95,256.601193941653
"12557",2021-05-15,"17","28  day ahead inc hosp",2021-06-12,"quantile",0.975,291.851216127278
"12558",2021-05-15,"17","28  day ahead inc hosp",2021-06-12,"quantile",0.99,337.269009445636
"12559",2021-05-15,"17","29  day ahead inc hosp",2021-06-13,"quantile",0.01,30.4623253405678
"12560",2021-05-15,"17","29  day ahead inc hosp",2021-06-13,"quantile",0.025,39.4250451378202
"12561",2021-05-15,"17","29  day ahead inc hosp",2021-06-13,"quantile",0.05,48.6012360814399
"12562",2021-05-15,"17","29  day ahead inc hosp",2021-06-13,"quantile",0.1,61.0717785935602
"12563",2021-05-15,"17","29  day ahead inc hosp",2021-06-13,"quantile",0.15,70.7461083787694
"12564",2021-05-15,"17","29  day ahead inc hosp",2021-06-13,"quantile",0.2,79.2200348793455
"12565",2021-05-15,"17","29  day ahead inc hosp",2021-06-13,"quantile",0.25,87.0775998162876
"12566",2021-05-15,"17","29  day ahead inc hosp",2021-06-13,"quantile",0.3,94.6193821364571
"12567",2021-05-15,"17","29  day ahead inc hosp",2021-06-13,"quantile",0.35,102.035658335022
"12568",2021-05-15,"17","29  day ahead inc hosp",2021-06-13,"quantile",0.4,109.468159977257
"12569",2021-05-15,"17","29  day ahead inc hosp",2021-06-13,"quantile",0.45,117.038662217436
"12570",2021-05-15,"17","29  day ahead inc hosp",2021-06-13,"quantile",0.5,124.865976975472
"12571",2021-05-15,"17","29  day ahead inc hosp",2021-06-13,"quantile",0.55,133.079485523823
"12572",2021-05-15,"17","29  day ahead inc hosp",2021-06-13,"quantile",0.6,141.833762395377
"12573",2021-05-15,"17","29  day ahead inc hosp",2021-06-13,"quantile",0.65,151.328771442005
"12574",2021-05-15,"17","29  day ahead inc hosp",2021-06-13,"quantile",0.7,161.842868059058
"12575",2021-05-15,"17","29  day ahead inc hosp",2021-06-13,"quantile",0.75,173.79399121631
"12576",2021-05-15,"17","29  day ahead inc hosp",2021-06-13,"quantile",0.8,187.868036470362
"12577",2021-05-15,"17","29  day ahead inc hosp",2021-06-13,"quantile",0.85,205.332967878943
"12578",2021-05-15,"17","29  day ahead inc hosp",2021-06-13,"quantile",0.9,229.005325411596
"12579",2021-05-15,"17","29  day ahead inc hosp",2021-06-13,"quantile",0.95,267.784117435525
"12580",2021-05-15,"17","29  day ahead inc hosp",2021-06-13,"quantile",0.975,305.234854365202
"12581",2021-05-15,"17","29  day ahead inc hosp",2021-06-13,"quantile",0.99,353.570690278404
"12582",2021-05-15,"17","30  day ahead inc hosp",2021-06-14,"quantile",0.01,29.324694010726
"12583",2021-05-15,"17","30  day ahead inc hosp",2021-06-14,"quantile",0.025,38.268347339294
"12584",2021-05-15,"17","30  day ahead inc hosp",2021-06-14,"quantile",0.05,47.4747264869984
"12585",2021-05-15,"17","30  day ahead inc hosp",2021-06-14,"quantile",0.1,60.0469169690973
"12586",2021-05-15,"17","30  day ahead inc hosp",2021-06-14,"quantile",0.15,69.8380005252332
"12587",2021-05-15,"17","30  day ahead inc hosp",2021-06-14,"quantile",0.2,78.4365128276548
"12588",2021-05-15,"17","30  day ahead inc hosp",2021-06-14,"quantile",0.25,86.4257096750979
"12589",2021-05-15,"17","30  day ahead inc hosp",2021-06-14,"quantile",0.3,94.1067716001711
"12590",2021-05-15,"17","30  day ahead inc hosp",2021-06-14,"quantile",0.35,101.671145667774
"12591",2021-05-15,"17","30  day ahead inc hosp",2021-06-14,"quantile",0.4,109.262151773489
"12592",2021-05-15,"17","30  day ahead inc hosp",2021-06-14,"quantile",0.45,117.003607275591
"12593",2021-05-15,"17","30  day ahead inc hosp",2021-06-14,"quantile",0.5,125.016955533785
"12594",2021-05-15,"17","30  day ahead inc hosp",2021-06-14,"quantile",0.55,133.435036468394
"12595",2021-05-15,"17","30  day ahead inc hosp",2021-06-14,"quantile",0.6,142.417102760742
"12596",2021-05-15,"17","30  day ahead inc hosp",2021-06-14,"quantile",0.65,152.169679152099
"12597",2021-05-15,"17","30  day ahead inc hosp",2021-06-14,"quantile",0.7,162.980749790586
"12598",2021-05-15,"17","30  day ahead inc hosp",2021-06-14,"quantile",0.75,175.283237698591
"12599",2021-05-15,"17","30  day ahead inc hosp",2021-06-14,"quantile",0.8,189.788278788123
"12600",2021-05-15,"17","30  day ahead inc hosp",2021-06-14,"quantile",0.85,207.811507232551
"12601",2021-05-15,"17","30  day ahead inc hosp",2021-06-14,"quantile",0.9,232.277581209159
"12602",2021-05-15,"17","30  day ahead inc hosp",2021-06-14,"quantile",0.95,272.435932020227
"12603",2021-05-15,"17","30  day ahead inc hosp",2021-06-14,"quantile",0.975,311.298324195892
"12604",2021-05-15,"17","30  day ahead inc hosp",2021-06-14,"quantile",0.99,361.552432556405
"12605",2021-05-15,"17","31  day ahead inc hosp",2021-06-15,"quantile",0.01,28.2649601856556
"12606",2021-05-15,"17","31  day ahead inc hosp",2021-06-15,"quantile",0.025,37.1750456830069
"12607",2021-05-15,"17","31  day ahead inc hosp",2021-06-15,"quantile",0.05,46.39378899795
"12608",2021-05-15,"17","31  day ahead inc hosp",2021-06-15,"quantile",0.1,59.0401621046689
"12609",2021-05-15,"17","31  day ahead inc hosp",2021-06-15,"quantile",0.15,68.92485883642
"12610",2021-05-15,"17","31  day ahead inc hosp",2021-06-15,"quantile",0.2,77.6266984391779
"12611",2021-05-15,"17","31  day ahead inc hosp",2021-06-15,"quantile",0.25,85.7271469247255
"12612",2021-05-15,"17","31  day ahead inc hosp",2021-06-15,"quantile",0.3,93.5274200862866
"12613",2021-05-15,"17","31  day ahead inc hosp",2021-06-15,"quantile",0.35,101.219742634082
"12614",2021-05-15,"17","31  day ahead inc hosp",2021-06-15,"quantile",0.4,108.94870127432
"12615",2021-05-15,"17","31  day ahead inc hosp",2021-06-15,"quantile",0.45,116.839853416113
"12616",2021-05-15,"17","31  day ahead inc hosp",2021-06-15,"quantile",0.5,125.016955533785
"12617",2021-05-15,"17","31  day ahead inc hosp",2021-06-15,"quantile",0.55,133.615938419594
"12618",2021-05-15,"17","31  day ahead inc hosp",2021-06-15,"quantile",0.6,142.800274717456
"12619",2021-05-15,"17","31  day ahead inc hosp",2021-06-15,"quantile",0.65,152.782440545109
"12620",2021-05-15,"17","31  day ahead inc hosp",2021-06-15,"quantile",0.7,163.859184962827
"12621",2021-05-15,"17","31  day ahead inc hosp",2021-06-15,"quantile",0.75,176.47710312035
"12622",2021-05-15,"17","31  day ahead inc hosp",2021-06-15,"quantile",0.8,191.37040223725
"12623",2021-05-15,"17","31  day ahead inc hosp",2021-06-15,"quantile",0.85,209.898356258952
"12624",2021-05-15,"17","31  day ahead inc hosp",2021-06-15,"quantile",0.9,235.084752398015
"12625",2021-05-15,"17","31  day ahead inc hosp",2021-06-15,"quantile",0.95,276.500924994515
"12626",2021-05-15,"17","31  day ahead inc hosp",2021-06-15,"quantile",0.975,316.656083741648
"12627",2021-05-15,"17","31  day ahead inc hosp",2021-06-15,"quantile",0.99,368.673655624211
"12628",2021-05-15,"17","32  day ahead inc hosp",2021-06-16,"quantile",0.01,27.2546723720647
"12629",2021-05-15,"17","32  day ahead inc hosp",2021-06-16,"quantile",0.025,36.1266358410706
"12630",2021-05-15,"17","32  day ahead inc hosp",2021-06-16,"quantile",0.05,45.3526138662918
"12631",2021-05-15,"17","32  day ahead inc hosp",2021-06-16,"quantile",0.1,58.0659998394429
"12632",2021-05-15,"17","32  day ahead inc hosp",2021-06-16,"quantile",0.15,68.0388084229073
"12633",2021-05-15,"17","32  day ahead inc hosp",2021-06-16,"quantile",0.2,76.8392795568092
"12634",2021-05-15,"17","32  day ahead inc hosp",2021-06-16,"quantile",0.25,85.0467584317836
"12635",2021-05-15,"17","32  day ahead inc hosp",2021-06-16,"quantile",0.3,92.9623264256484
"12636",2021-05-15,"17","32  day ahead inc hosp",2021-06-16,"quantile",0.35,100.778883424768
"12637",2021-05-15,"17","32  day ahead inc hosp",2021-06-16,"quantile",0.4,108.642213395366
"12638",2021-05-15,"17","32  day ahead inc hosp",2021-06-16,"quantile",0.45,116.679561768774
"12639",2021-05-15,"17","32  day ahead inc hosp",2021-06-16,"quantile",0.5,125.016955533785
"12640",2021-05-15,"17","32  day ahead inc hosp",2021-06-16,"quantile",0.55,133.79337822398
"12641",2021-05-15,"17","32  day ahead inc hosp",2021-06-16,"quantile",0.6,143.176485133244
"12642",2021-05-15,"17","32  day ahead inc hosp",2021-06-16,"quantile",0.65,153.384663888873
"12643",2021-05-15,"17","32  day ahead inc hosp",2021-06-16,"quantile",0.7,164.723382093717
"12644",2021-05-15,"17","32  day ahead inc hosp",2021-06-16,"quantile",0.75,177.652848506611
"12645",2021-05-15,"17","32  day ahead inc hosp",2021-06-16,"quantile",0.8,192.930261624131
"12646",2021-05-15,"17","32  day ahead inc hosp",2021-06-16,"quantile",0.85,211.958416310758
"12647",2021-05-15,"17","32  day ahead inc hosp",2021-06-16,"quantile",0.9,237.860037659726
"12648",2021-05-15,"17","32  day ahead inc hosp",2021-06-16,"quantile",0.95,280.528073319961
"12649",2021-05-15,"17","32  day ahead inc hosp",2021-06-16,"quantile",0.975,321.972817509474
"12650",2021-05-15,"17","32  day ahead inc hosp",2021-06-16,"quantile",0.99,375.753105804416
"12651",2021-05-15,"17","33  day ahead inc hosp",2021-06-17,"quantile",0.01,26.290472681282
"12652",2021-05-15,"17","33  day ahead inc hosp",2021-06-17,"quantile",0.025,35.1201993381595
"12653",2021-05-15,"17","33  day ahead inc hosp",2021-06-17,"quantile",0.05,44.3486975435634
"12654",2021-05-15,"17","33  day ahead inc hosp",2021-06-17,"quantile",0.1,57.1224400010481
"12655",2021-05-15,"17","33  day ahead inc hosp",2021-06-17,"quantile",0.15,67.1782226561548
"12656",2021-05-15,"17","33  day ahead inc hosp",2021-06-17,"quantile",0.2,76.0729263529257
"12657",2021-05-15,"17","33  day ahead inc hosp",2021-06-17,"quantile",0.25,84.3834734837588
"12658",2021-05-15,"17","33  day ahead inc hosp",2021-06-17,"quantile",0.3,92.4106554218601
"12659",2021-05-15,"17","33  day ahead inc hosp",2021-06-17,"quantile",0.35,100.347952935404
"12660",2021-05-15,"17","33  day ahead inc hosp",2021-06-17,"quantile",0.4,108.342283086789
"12661",2021-05-15,"17","33  day ahead inc hosp",2021-06-17,"quantile",0.45,116.522531250271
"12662",2021-05-15,"17","33  day ahead inc hosp",2021-06-17,"quantile",0.5,125.016955533785
"12663",2021-05-15,"17","33  day ahead inc hosp",2021-06-17,"quantile",0.55,133.967556964854
"12664",2021-05-15,"17","33  day ahead inc hosp",2021-06-17,"quantile",0.6,143.546139057943
"12665",2021-05-15,"17","33  day ahead inc hosp",2021-06-17,"quantile",0.65,153.976964287819
"12666",2021-05-15,"17","33  day ahead inc hosp",2021-06-17,"quantile",0.7,165.574176379651
"12667",2021-05-15,"17","33  day ahead inc hosp",2021-06-17,"quantile",0.75,178.811544569888
"12668",2021-05-15,"17","33  day ahead inc hosp",2021-06-17,"quantile",0.8,194.469186776389
"12669",2021-05-15,"17","33  day ahead inc hosp",2021-06-17,"quantile",0.85,213.993314016508
"12670",2021-05-15,"17","33  day ahead inc hosp",2021-06-17,"quantile",0.9,240.605427166664
"12671",2021-05-15,"17","33  day ahead inc hosp",2021-06-17,"quantile",0.95,284.519880545027
"12672",2021-05-15,"17","33  day ahead inc hosp",2021-06-17,"quantile",0.975,327.251443974697
"12673",2021-05-15,"17","33  day ahead inc hosp",2021-06-17,"quantile",0.99,382.794140985692
"12674",2021-05-15,"17","34  day ahead inc hosp",2021-06-18,"quantile",0.01,25.3693292782367
"12675",2021-05-15,"17","34  day ahead inc hosp",2021-06-18,"quantile",0.025,34.1530974955931
"12676",2021-05-15,"17","34  day ahead inc hosp",2021-06-18,"quantile",0.05,43.3797743863813
"12677",2021-05-15,"17","34  day ahead inc hosp",2021-06-18,"quantile",0.1,56.2076800306506
"12678",2021-05-15,"17","34  day ahead inc hosp",2021-06-18,"quantile",0.15,66.3416276115629
"12679",2021-05-15,"17","34  day ahead inc hosp",2021-06-18,"quantile",0.2,75.3264335106312
"12680",2021-05-15,"17","34  day ahead inc hosp",2021-06-18,"quantile",0.25,83.7363214360426
"12681",2021-05-15,"17","34  day ahead inc hosp",2021-06-18,"quantile",0.3,91.871649835228
"12682",2021-05-15,"17","34  day ahead inc hosp",2021-06-18,"quantile",0.35,99.9263934234946
"12683",2021-05-15,"17","34  day ahead inc hosp",2021-06-18,"quantile",0.4,108.0485430494
"12684",2021-05-15,"17","34  day ahead inc hosp",2021-06-18,"quantile",0.45,116.368579511866
"12685",2021-05-15,"17","34  day ahead inc hosp",2021-06-18,"quantile",0.5,125.016955533785
"12686",2021-05-15,"17","34  day ahead inc hosp",2021-06-18,"quantile",0.55,134.138656990957
"12687",2021-05-15,"17","34  day ahead inc hosp",2021-06-18,"quantile",0.6,143.909603790742
"12688",2021-05-15,"17","34  day ahead inc hosp",2021-06-18,"quantile",0.65,154.559899484442
"12689",2021-05-15,"17","34  day ahead inc hosp",2021-06-18,"quantile",0.7,166.412325060324
"12690",2021-05-15,"17","34  day ahead inc hosp",2021-06-18,"quantile",0.75,179.95416195479
"12691",2021-05-15,"17","34  day ahead inc hosp",2021-06-18,"quantile",0.8,195.988383010921
"12692",2021-05-15,"17","34  day ahead inc hosp",2021-06-18,"quantile",0.85,216.004523300802
"12693",2021-05-15,"17","34  day ahead inc hosp",2021-06-18,"quantile",0.9,243.322723477661
"12694",2021-05-15,"17","34  day ahead inc hosp",2021-06-18,"quantile",0.95,288.478612313094
"12695",2021-05-15,"17","34  day ahead inc hosp",2021-06-18,"quantile",0.975,332.494601815997
"12696",2021-05-15,"17","34  day ahead inc hosp",2021-06-18,"quantile",0.99,389.799793003108
"12697",2021-05-15,"17","35  day ahead inc hosp",2021-06-19,"quantile",0.01,24.4884946643098
"12698",2021-05-15,"17","35  day ahead inc hosp",2021-06-19,"quantile",0.025,33.2229358182772
"12699",2021-05-15,"17","35  day ahead inc hosp",2021-06-19,"quantile",0.05,42.4437864861003
"12700",2021-05-15,"17","35  day ahead inc hosp",2021-06-19,"quantile",0.1,55.3200812700847
"12701",2021-05-15,"17","35  day ahead inc hosp",2021-06-19,"quantile",0.15,65.5276828019168
"12702",2021-05-15,"17","35  day ahead inc hosp",2021-06-19,"quantile",0.2,74.5987045319937
"12703",2021-05-15,"17","35  day ahead inc hosp",2021-06-19,"quantile",0.25,83.1044191104024
"12704",2021-05-15,"17","35  day ahead inc hosp",2021-06-19,"quantile",0.3,91.3446205710705
"12705",2021-05-15,"17","35  day ahead inc hosp",2021-06-19,"quantile",0.35,99.513697291629
"12706",2021-05-15,"17","35  day ahead inc hosp",2021-06-19,"quantile",0.4,107.760658986369
"12707",2021-05-15,"17","35  day ahead inc hosp",2021-06-19,"quantile",0.45,116.217540583285
"12708",2021-05-15,"17","35  day ahead inc hosp",2021-06-19,"quantile",0.5,125.016955533785
"12709",2021-05-15,"17","35  day ahead inc hosp",2021-06-19,"quantile",0.55,134.30684427256
"12710",2021-05-15,"17","35  day ahead inc hosp",2021-06-19,"quantile",0.6,144.26721362847
"12711",2021-05-15,"17","35  day ahead inc hosp",2021-06-19,"quantile",0.65,155.133977076152
"12712",2021-05-15,"17","35  day ahead inc hosp",2021-06-19,"quantile",0.7,167.238517230417
"12713",2021-05-15,"17","35  day ahead inc hosp",2021-06-19,"quantile",0.75,181.081583839548
"12714",2021-05-15,"17","35  day ahead inc hosp",2021-06-19,"quantile",0.8,197.488946825659
"12715",2021-05-15,"17","35  day ahead inc hosp",2021-06-19,"quantile",0.85,217.993384650856
"12716",2021-05-15,"17","35  day ahead inc hosp",2021-06-19,"quantile",0.9,246.013565250884
"12717",2021-05-15,"17","35  day ahead inc hosp",2021-06-19,"quantile",0.95,292.40632653281
"12718",2021-05-15,"17","35  day ahead inc hosp",2021-06-19,"quantile",0.975,337.704685528468
"12719",2021-05-15,"17","35  day ahead inc hosp",2021-06-19,"quantile",0.99,396.772809355284
"12720",2021-05-15,"17","36  day ahead inc hosp",2021-06-20,"quantile",0.01,25.368925259571
"12721",2021-05-15,"17","36  day ahead inc hosp",2021-06-20,"quantile",0.025,34.5022448818491
"12722",2021-05-15,"17","36  day ahead inc hosp",2021-06-20,"quantile",0.05,44.1595463113814
"12723",2021-05-15,"17","36  day ahead inc hosp",2021-06-20,"quantile",0.1,57.6641672963141
"12724",2021-05-15,"17","36  day ahead inc hosp",2021-06-20,"quantile",0.15,68.38168080747
"12725",2021-05-15,"17","36  day ahead inc hosp",2021-06-20,"quantile",0.2,77.9128037704956
"12726",2021-05-15,"17","36  day ahead inc hosp",2021-06-20,"quantile",0.25,86.8549823358687
"12727",2021-05-15,"17","36  day ahead inc hosp",2021-06-20,"quantile",0.3,95.5220751089914
"12728",2021-05-15,"17","36  day ahead inc hosp",2021-06-20,"quantile",0.35,104.117851685405
"12729",2021-05-15,"17","36  day ahead inc hosp",2021-06-20,"quantile",0.4,112.798749012115
"12730",2021-05-15,"17","36  day ahead inc hosp",2021-06-20,"quantile",0.45,121.703602461853
"12731",2021-05-15,"17","36  day ahead inc hosp",2021-06-20,"quantile",0.5,130.972057853041
"12732",2021-05-15,"17","36  day ahead inc hosp",2021-06-20,"quantile",0.55,140.760084259733
"12733",2021-05-15,"17","36  day ahead inc hosp",2021-06-20,"quantile",0.6,151.257623415055
"12734",2021-05-15,"17","36  day ahead inc hosp",2021-06-20,"quantile",0.65,162.713762556709
"12735",2021-05-15,"17","36  day ahead inc hosp",2021-06-20,"quantile",0.7,175.47853822776
"12736",2021-05-15,"17","36  day ahead inc hosp",2021-06-20,"quantile",0.75,190.081047411872
"12737",2021-05-15,"17","36  day ahead inc hosp",2021-06-20,"quantile",0.8,207.394005883021
"12738",2021-05-15,"17","36  day ahead inc hosp",2021-06-20,"quantile",0.85,229.037648100579
"12739",2021-05-15,"17","36  day ahead inc hosp",2021-06-20,"quantile",0.9,258.626411000124
"12740",2021-05-15,"17","36  day ahead inc hosp",2021-06-20,"quantile",0.95,307.641688133389
"12741",2021-05-15,"17","36  day ahead inc hosp",2021-06-20,"quantile",0.975,355.526184065694
"12742",2021-05-15,"17","36  day ahead inc hosp",2021-06-20,"quantile",0.99,417.997594828365
"12743",2021-05-15,"17","37  day ahead inc hosp",2021-06-21,"quantile",0.01,24.5174883459815
"12744",2021-05-15,"17","37  day ahead inc hosp",2021-06-21,"quantile",0.025,33.5962965795111
"12745",2021-05-15,"17","37  day ahead inc hosp",2021-06-21,"quantile",0.05,43.2427398207217
"12746",2021-05-15,"17","37  day ahead inc hosp",2021-06-21,"quantile",0.1,56.789742836183
"12747",2021-05-15,"17","37  day ahead inc hosp",2021-06-21,"quantile",0.15,67.5770213735754
"12748",2021-05-15,"17","37  day ahead inc hosp",2021-06-21,"quantile",0.2,77.1915279783471
"12749",2021-05-15,"17","37  day ahead inc hosp",2021-06-21,"quantile",0.25,86.2273829598835
"12750",2021-05-15,"17","37  day ahead inc hosp",2021-06-21,"quantile",0.3,94.9977070531618
"12751",2021-05-15,"17","37  day ahead inc hosp",2021-06-21,"quantile",0.35,103.706595008757
"12752",2021-05-15,"17","37  day ahead inc hosp",2021-06-21,"quantile",0.4,112.511459202377
"12753",2021-05-15,"17","37  day ahead inc hosp",2021-06-21,"quantile",0.45,121.552674920406
"12754",2021-05-15,"17","37  day ahead inc hosp",2021-06-21,"quantile",0.5,130.972057853041
"12755",2021-05-15,"17","37  day ahead inc hosp",2021-06-21,"quantile",0.55,140.928563915757
"12756",2021-05-15,"17","37  day ahead inc hosp",2021-06-21,"quantile",0.6,151.61628179648
"12757",2021-05-15,"17","37  day ahead inc hosp",2021-06-21,"quantile",0.65,163.29020736025
"12758",2021-05-15,"17","37  day ahead inc hosp",2021-06-21,"quantile",0.7,176.309138034437
"12759",2021-05-15,"17","37  day ahead inc hosp",2021-06-21,"quantile",0.75,191.215903505092
"12760",2021-05-15,"17","37  day ahead inc hosp",2021-06-21,"quantile",0.8,208.906485058885
"12761",2021-05-15,"17","37  day ahead inc hosp",2021-06-21,"quantile",0.85,231.045286352636
"12762",2021-05-15,"17","37  day ahead inc hosp",2021-06-21,"quantile",0.9,261.34747285393
"12763",2021-05-15,"17","37  day ahead inc hosp",2021-06-21,"quantile",0.95,311.623213258389
"12764",2021-05-15,"17","37  day ahead inc hosp",2021-06-21,"quantile",0.975,360.817978717111
"12765",2021-05-15,"17","37  day ahead inc hosp",2021-06-21,"quantile",0.99,425.094894164819
"12766",2021-05-15,"18","1  day ahead inc hosp",2021-05-16,"quantile",0.01,53.6789034361917
"12767",2021-05-15,"18","1  day ahead inc hosp",2021-05-16,"quantile",0.025,58.7531320944929
"12768",2021-05-15,"18","1  day ahead inc hosp",2021-05-16,"quantile",0.05,63.3978323298186
"12769",2021-05-15,"18","1  day ahead inc hosp",2021-05-16,"quantile",0.1,69.0887342717251
"12770",2021-05-15,"18","1  day ahead inc hosp",2021-05-16,"quantile",0.15,73.1391231309628
"12771",2021-05-15,"18","1  day ahead inc hosp",2021-05-16,"quantile",0.2,76.4831953451081
"12772",2021-05-15,"18","1  day ahead inc hosp",2021-05-16,"quantile",0.25,79.4423784191079
"12773",2021-05-15,"18","1  day ahead inc hosp",2021-05-16,"quantile",0.3,82.172253193415
"12774",2021-05-15,"18","1  day ahead inc hosp",2021-05-16,"quantile",0.35,84.7641335799707
"12775",2021-05-15,"18","1  day ahead inc hosp",2021-05-16,"quantile",0.4,87.2798129764266
"12776",2021-05-15,"18","1  day ahead inc hosp",2021-05-16,"quantile",0.45,89.7666592590569
"12777",2021-05-15,"18","1  day ahead inc hosp",2021-05-16,"quantile",0.5,92.265593559879
"12778",2021-05-15,"18","1  day ahead inc hosp",2021-05-16,"quantile",0.55,94.8163425031098
"12779",2021-05-15,"18","1  day ahead inc hosp",2021-05-16,"quantile",0.6,97.4619901389494
"12780",2021-05-15,"18","1  day ahead inc hosp",2021-05-16,"quantile",0.65,100.254269717512
"12781",2021-05-15,"18","1  day ahead inc hosp",2021-05-16,"quantile",0.7,103.261400031163
"12782",2021-05-15,"18","1  day ahead inc hosp",2021-05-16,"quantile",0.75,106.581926201682
"12783",2021-05-15,"18","1  day ahead inc hosp",2021-05-16,"quantile",0.8,110.373034753881
"12784",2021-05-15,"18","1  day ahead inc hosp",2021-05-16,"quantile",0.85,114.918685550846
"12785",2021-05-15,"18","1  day ahead inc hosp",2021-05-16,"quantile",0.9,120.835944857285
"12786",2021-05-15,"18","1  day ahead inc hosp",2021-05-16,"quantile",0.95,130.022913516708
"12787",2021-05-15,"18","1  day ahead inc hosp",2021-05-16,"quantile",0.975,138.406944120627
"12788",2021-05-15,"18","1  day ahead inc hosp",2021-05-16,"quantile",0.99,148.657792862058
"12789",2021-05-15,"18","2  day ahead inc hosp",2021-05-17,"quantile",0.01,51.8166218576178
"12790",2021-05-15,"18","2  day ahead inc hosp",2021-05-17,"quantile",0.025,57.5794693701861
"12791",2021-05-15,"18","2  day ahead inc hosp",2021-05-17,"quantile",0.05,62.9091286960129
"12792",2021-05-15,"18","2  day ahead inc hosp",2021-05-17,"quantile",0.1,69.5037993290216
"12793",2021-05-15,"18","2  day ahead inc hosp",2021-05-17,"quantile",0.15,74.2371778527417
"12794",2021-05-15,"18","2  day ahead inc hosp",2021-05-17,"quantile",0.2,78.1683005667627
"12795",2021-05-15,"18","2  day ahead inc hosp",2021-05-17,"quantile",0.25,81.6635130835863
"12796",2021-05-15,"18","2  day ahead inc hosp",2021-05-17,"quantile",0.3,84.9010441040997
"12797",2021-05-15,"18","2  day ahead inc hosp",2021-05-17,"quantile",0.35,87.9861496640915
"12798",2021-05-15,"18","2  day ahead inc hosp",2021-05-17,"quantile",0.4,90.9906370012573
"12799",2021-05-15,"18","2  day ahead inc hosp",2021-05-17,"quantile",0.45,93.9701194505031
"12800",2021-05-15,"18","2  day ahead inc hosp",2021-05-17,"quantile",0.5,96.9732204090558
"12801",2021-05-15,"18","2  day ahead inc hosp",2021-05-17,"quantile",0.55,100.047732629145
"12802",2021-05-15,"18","2  day ahead inc hosp",2021-05-17,"quantile",0.6,103.24607824818
"12803",2021-05-15,"18","2  day ahead inc hosp",2021-05-17,"quantile",0.65,106.631789210006
"12804",2021-05-15,"18","2  day ahead inc hosp",2021-05-17,"quantile",0.7,110.28923066186
"12805",2021-05-15,"18","2  day ahead inc hosp",2021-05-17,"quantile",0.75,114.340890454683
"12806",2021-05-15,"18","2  day ahead inc hosp",2021-05-17,"quantile",0.8,118.98287000405
"12807",2021-05-15,"18","2  day ahead inc hosp",2021-05-17,"quantile",0.85,124.570465240993
"12808",2021-05-15,"18","2  day ahead inc hosp",2021-05-17,"quantile",0.9,131.877843229616
"12809",2021-05-15,"18","2  day ahead inc hosp",2021-05-17,"quantile",0.95,143.294017331571
"12810",2021-05-15,"18","2  day ahead inc hosp",2021-05-17,"quantile",0.975,153.782403704449
"12811",2021-05-15,"18","2  day ahead inc hosp",2021-05-17,"quantile",0.99,166.689788574853
"12812",2021-05-15,"18","3  day ahead inc hosp",2021-05-18,"quantile",0.01,43.8038642966259
"12813",2021-05-15,"18","3  day ahead inc hosp",2021-05-18,"quantile",0.025,49.4189023621205
"12814",2021-05-15,"18","3  day ahead inc hosp",2021-05-18,"quantile",0.05,54.6655318227046
"12815",2021-05-15,"18","3  day ahead inc hosp",2021-05-18,"quantile",0.1,61.2210707328048
"12816",2021-05-15,"18","3  day ahead inc hosp",2021-05-18,"quantile",0.15,65.9656148984619
"12817",2021-05-15,"18","3  day ahead inc hosp",2021-05-18,"quantile",0.2,69.9289127500337
"12818",2021-05-15,"18","3  day ahead inc hosp",2021-05-18,"quantile",0.25,73.4691123162456
"12819",2021-05-15,"18","3  day ahead inc hosp",2021-05-18,"quantile",0.3,76.7613596744439
"12820",2021-05-15,"18","3  day ahead inc hosp",2021-05-18,"quantile",0.35,79.9097470016903
"12821",2021-05-15,"18","3  day ahead inc hosp",2021-05-18,"quantile",0.4,82.9858755356984
"12822",2021-05-15,"18","3  day ahead inc hosp",2021-05-18,"quantile",0.45,86.0457764276166
"12823",2021-05-15,"18","3  day ahead inc hosp",2021-05-18,"quantile",0.5,89.1390221268497
"12824",2021-05-15,"18","3  day ahead inc hosp",2021-05-18,"quantile",0.55,92.3149266528018
"12825",2021-05-15,"18","3  day ahead inc hosp",2021-05-18,"quantile",0.6,95.6281652871057
"12826",2021-05-15,"18","3  day ahead inc hosp",2021-05-18,"quantile",0.65,99.1455763064844
"12827",2021-05-15,"18","3  day ahead inc hosp",2021-05-18,"quantile",0.7,102.956490098975
"12828",2021-05-15,"18","3  day ahead inc hosp",2021-05-18,"quantile",0.75,107.191207774906
"12829",2021-05-15,"18","3  day ahead inc hosp",2021-05-18,"quantile",0.8,112.059050407727
"12830",2021-05-15,"18","3  day ahead inc hosp",2021-05-18,"quantile",0.85,117.940290074552
"12831",2021-05-15,"18","3  day ahead inc hosp",2021-05-18,"quantile",0.9,125.665597816724
"12832",2021-05-15,"18","3  day ahead inc hosp",2021-05-18,"quantile",0.95,137.806094671843
"12833",2021-05-15,"18","3  day ahead inc hosp",2021-05-18,"quantile",0.975,149.030492182179
"12834",2021-05-15,"18","3  day ahead inc hosp",2021-05-18,"quantile",0.99,162.928111526397
"12835",2021-05-15,"18","4  day ahead inc hosp",2021-05-19,"quantile",0.01,41.4291998947259
"12836",2021-05-15,"18","4  day ahead inc hosp",2021-05-19,"quantile",0.025,47.183211381532
"12837",2021-05-15,"18","4  day ahead inc hosp",2021-05-19,"quantile",0.05,52.5941378041741
"12838",2021-05-15,"18","4  day ahead inc hosp",2021-05-19,"quantile",0.1,59.3958131136291
"12839",2021-05-15,"18","4  day ahead inc hosp",2021-05-19,"quantile",0.15,64.3436972010534
"12840",2021-05-15,"18","4  day ahead inc hosp",2021-05-19,"quantile",0.2,68.4915475555144
"12841",2021-05-15,"18","4  day ahead inc hosp",2021-05-19,"quantile",0.25,72.2071065177194
"12842",2021-05-15,"18","4  day ahead inc hosp",2021-05-19,"quantile",0.3,75.6708011445217
"12843",2021-05-15,"18","4  day ahead inc hosp",2021-05-19,"quantile",0.35,78.9902926860376
"12844",2021-05-15,"18","4  day ahead inc hosp",2021-05-19,"quantile",0.4,82.2400237080638
"12845",2021-05-15,"18","4  day ahead inc hosp",2021-05-19,"quantile",0.45,85.4786269640703
"12846",2021-05-15,"18","4  day ahead inc hosp",2021-05-19,"quantile",0.5,88.7583563058277
"12847",2021-05-15,"18","4  day ahead inc hosp",2021-05-19,"quantile",0.55,92.1315723977851
"12848",2021-05-15,"18","4  day ahead inc hosp",2021-05-19,"quantile",0.6,95.656701504551
"12849",2021-05-15,"18","4  day ahead inc hosp",2021-05-19,"quantile",0.65,99.4055318577602
"12850",2021-05-15,"18","4  day ahead inc hosp",2021-05-19,"quantile",0.7,103.474371596384
"12851",2021-05-15,"18","4  day ahead inc hosp",2021-05-19,"quantile",0.75,108.004080076146
"12852",2021-05-15,"18","4  day ahead inc hosp",2021-05-19,"quantile",0.8,113.221387913583
"12853",2021-05-15,"18","4  day ahead inc hosp",2021-05-19,"quantile",0.85,119.538845562372
"12854",2021-05-15,"18","4  day ahead inc hosp",2021-05-19,"quantile",0.9,127.858965987438
"12855",2021-05-15,"18","4  day ahead inc hosp",2021-05-19,"quantile",0.95,140.98022392086
"12856",2021-05-15,"18","4  day ahead inc hosp",2021-05-19,"quantile",0.975,153.156844575793
"12857",2021-05-15,"18","4  day ahead inc hosp",2021-05-19,"quantile",0.99,168.2879326486
"12858",2021-05-15,"18","5  day ahead inc hosp",2021-05-20,"quantile",0.01,38.6526061788288
"12859",2021-05-15,"18","5  day ahead inc hosp",2021-05-20,"quantile",0.025,44.4095636543167
"12860",2021-05-15,"18","5  day ahead inc hosp",2021-05-20,"quantile",0.05,49.8554624607676
"12861",2021-05-15,"18","5  day ahead inc hosp",2021-05-20,"quantile",0.1,56.7393619558748
"12862",2021-05-15,"18","5  day ahead inc hosp",2021-05-20,"quantile",0.15,61.7706824824724
"12863",2021-05-15,"18","5  day ahead inc hosp",2021-05-20,"quantile",0.2,66.0022613550024
"12864",2021-05-15,"18","5  day ahead inc hosp",2021-05-20,"quantile",0.25,69.802684835222
"12865",2021-05-15,"18","5  day ahead inc hosp",2021-05-20,"quantile",0.3,73.3533506343077
"12866",2021-05-15,"18","5  day ahead inc hosp",2021-05-20,"quantile",0.35,76.7629084879131
"12867",2021-05-15,"18","5  day ahead inc hosp",2021-05-20,"quantile",0.4,80.1068524431723
"12868",2021-05-15,"18","5  day ahead inc hosp",2021-05-20,"quantile",0.45,83.4450031012496
"12869",2021-05-15,"18","5  day ahead inc hosp",2021-05-20,"quantile",0.5,86.8310326326701
"12870",2021-05-15,"18","5  day ahead inc hosp",2021-05-20,"quantile",0.55,90.3190802473641
"12871",2021-05-15,"18","5  day ahead inc hosp",2021-05-20,"quantile",0.6,93.9699064314519
"12872",2021-05-15,"18","5  day ahead inc hosp",2021-05-20,"quantile",0.65,97.8585075613767
"12873",2021-05-15,"18","5  day ahead inc hosp",2021-05-20,"quantile",0.7,102.085832631107
"12874",2021-05-15,"18","5  day ahead inc hosp",2021-05-20,"quantile",0.75,106.799882465499
"12875",2021-05-15,"18","5  day ahead inc hosp",2021-05-20,"quantile",0.8,112.239301071283
"12876",2021-05-15,"18","5  day ahead inc hosp",2021-05-20,"quantile",0.85,118.838926119962
"12877",2021-05-15,"18","5  day ahead inc hosp",2021-05-20,"quantile",0.9,127.551284160359
"12878",2021-05-15,"18","5  day ahead inc hosp",2021-05-20,"quantile",0.95,141.334656447587
"12879",2021-05-15,"18","5  day ahead inc hosp",2021-05-20,"quantile",0.975,154.168794730872
"12880",2021-05-15,"18","5  day ahead inc hosp",2021-05-20,"quantile",0.99,170.16858004755
"12881",2021-05-15,"18","6  day ahead inc hosp",2021-05-21,"quantile",0.01,39.5256592907441
"12882",2021-05-15,"18","6  day ahead inc hosp",2021-05-21,"quantile",0.025,45.6391893842925
"12883",2021-05-15,"18","6  day ahead inc hosp",2021-05-21,"quantile",0.05,51.4418136939713
"12884",2021-05-15,"18","6  day ahead inc hosp",2021-05-21,"quantile",0.1,58.7997119700072
"12885",2021-05-15,"18","6  day ahead inc hosp",2021-05-21,"quantile",0.15,64.191711940116
"12886",2021-05-15,"18","6  day ahead inc hosp",2021-05-21,"quantile",0.2,68.7349454848541
"12887",2021-05-15,"18","6  day ahead inc hosp",2021-05-21,"quantile",0.25,72.8212114202116
"12888",2021-05-15,"18","6  day ahead inc hosp",2021-05-21,"quantile",0.3,76.6436696435902
"12889",2021-05-15,"18","6  day ahead inc hosp",2021-05-21,"quantile",0.35,80.3182646644595
"12890",2021-05-15,"18","6  day ahead inc hosp",2021-05-21,"quantile",0.4,83.92578387446
"12891",2021-05-15,"18","6  day ahead inc hosp",2021-05-21,"quantile",0.45,87.5304613571095
"12892",2021-05-15,"18","6  day ahead inc hosp",2021-05-21,"quantile",0.5,91.1901473328453
"12893",2021-05-15,"18","6  day ahead inc hosp",2021-05-21,"quantile",0.55,94.9634110175196
"12894",2021-05-15,"18","6  day ahead inc hosp",2021-05-21,"quantile",0.6,98.9161945444225
"12895",2021-05-15,"18","6  day ahead inc hosp",2021-05-21,"quantile",0.65,103.130093212906
"12896",2021-05-15,"18","6  day ahead inc hosp",2021-05-21,"quantile",0.7,107.715139342493
"12897",2021-05-15,"18","6  day ahead inc hosp",2021-05-21,"quantile",0.75,112.832861543251
"12898",2021-05-15,"18","6  day ahead inc hosp",2021-05-21,"quantile",0.8,118.743966302222
"12899",2021-05-15,"18","6  day ahead inc hosp",2021-05-21,"quantile",0.85,125.923857016482
"12900",2021-05-15,"18","6  day ahead inc hosp",2021-05-21,"quantile",0.9,135.414676640631
"12901",2021-05-15,"18","6  day ahead inc hosp",2021-05-21,"quantile",0.95,150.455881051767
"12902",2021-05-15,"18","6  day ahead inc hosp",2021-05-21,"quantile",0.975,164.487216508709
"12903",2021-05-15,"18","6  day ahead inc hosp",2021-05-21,"quantile",0.99,182.010663958504
"12904",2021-05-15,"18","7  day ahead inc hosp",2021-05-22,"quantile",0.01,36.3699971736897
"12905",2021-05-15,"18","7  day ahead inc hosp",2021-05-22,"quantile",0.025,42.3471246596786
"12906",2021-05-15,"18","7  day ahead inc hosp",2021-05-22,"quantile",0.05,48.0521927293198
"12907",2021-05-15,"18","7  day ahead inc hosp",2021-05-22,"quantile",0.1,55.3244083220638
"12908",2021-05-15,"18","7  day ahead inc hosp",2021-05-22,"quantile",0.15,60.677123471698
"12909",2021-05-15,"18","7  day ahead inc hosp",2021-05-22,"quantile",0.2,65.2009841232849
"12910",2021-05-15,"18","7  day ahead inc hosp",2021-05-22,"quantile",0.25,69.2796577602575
"12911",2021-05-15,"18","7  day ahead inc hosp",2021-05-22,"quantile",0.3,73.1028558829323
"12912",2021-05-15,"18","7  day ahead inc hosp",2021-05-22,"quantile",0.35,76.7848688428067
"12913",2021-05-15,"18","7  day ahead inc hosp",2021-05-22,"quantile",0.4,80.4057062347076
"12914",2021-05-15,"18","7  day ahead inc hosp",2021-05-22,"quantile",0.45,84.0293491446108
"12915",2021-05-15,"18","7  day ahead inc hosp",2021-05-22,"quantile",0.5,87.7137832325759
"12916",2021-05-15,"18","7  day ahead inc hosp",2021-05-22,"quantile",0.55,91.5180729391642
"12917",2021-05-15,"18","7  day ahead inc hosp",2021-05-22,"quantile",0.6,95.5090656616556
"12918",2021-05-15,"18","7  day ahead inc hosp",2021-05-22,"quantile",0.65,99.7698130084134
"12919",2021-05-15,"18","7  day ahead inc hosp",2021-05-22,"quantile",0.7,104.412643117048
"12920",2021-05-15,"18","7  day ahead inc hosp",2021-05-22,"quantile",0.75,109.602803556076
"12921",2021-05-15,"18","7  day ahead inc hosp",2021-05-22,"quantile",0.8,115.607417138019
"12922",2021-05-15,"18","7  day ahead inc hosp",2021-05-22,"quantile",0.85,122.914195744335
"12923",2021-05-15,"18","7  day ahead inc hosp",2021-05-22,"quantile",0.9,132.593528107529
"12924",2021-05-15,"18","7  day ahead inc hosp",2021-05-22,"quantile",0.95,147.977456253202
"12925",2021-05-15,"18","7  day ahead inc hosp",2021-05-22,"quantile",0.975,162.372059749329
"12926",2021-05-15,"18","7  day ahead inc hosp",2021-05-22,"quantile",0.99,180.401489610177
"12927",2021-05-15,"18","8  day ahead inc hosp",2021-05-23,"quantile",0.01,32.2366726247008
"12928",2021-05-15,"18","8  day ahead inc hosp",2021-05-23,"quantile",0.025,37.9028864636906
"12929",2021-05-15,"18","8  day ahead inc hosp",2021-05-23,"quantile",0.05,43.3467529279665
"12930",2021-05-15,"18","8  day ahead inc hosp",2021-05-23,"quantile",0.1,50.3284906841209
"12931",2021-05-15,"18","8  day ahead inc hosp",2021-05-23,"quantile",0.15,55.4936946305166
"12932",2021-05-15,"18","8  day ahead inc hosp",2021-05-23,"quantile",0.2,59.8744540472657
"12933",2021-05-15,"18","8  day ahead inc hosp",2021-05-23,"quantile",0.25,63.8351301478499
"12934",2021-05-15,"18","8  day ahead inc hosp",2021-05-23,"quantile",0.3,67.5565194957716
"12935",2021-05-15,"18","8  day ahead inc hosp",2021-05-23,"quantile",0.35,71.1480129003861
"12936",2021-05-15,"18","8  day ahead inc hosp",2021-05-23,"quantile",0.4,74.6866155715958
"12937",2021-05-15,"18","8  day ahead inc hosp",2021-05-23,"quantile",0.45,78.2343204866549
"12938",2021-05-15,"18","8  day ahead inc hosp",2021-05-23,"quantile",0.5,81.8477220496002
"12939",2021-05-15,"18","8  day ahead inc hosp",2021-05-23,"quantile",0.55,85.5848704284568
"12940",2021-05-15,"18","8  day ahead inc hosp",2021-05-23,"quantile",0.6,89.511854541539
"12941",2021-05-15,"18","8  day ahead inc hosp",2021-05-23,"quantile",0.65,93.7111589333415
"12942",2021-05-15,"18","8  day ahead inc hosp",2021-05-23,"quantile",0.7,98.2947148114736
"12943",2021-05-15,"18","8  day ahead inc hosp",2021-05-23,"quantile",0.75,103.427574716011
"12944",2021-05-15,"18","8  day ahead inc hosp",2021-05-23,"quantile",0.8,109.377009289876
"12945",2021-05-15,"18","8  day ahead inc hosp",2021-05-23,"quantile",0.85,116.631684159911
"12946",2021-05-15,"18","8  day ahead inc hosp",2021-05-23,"quantile",0.9,126.265510596826
"12947",2021-05-15,"18","8  day ahead inc hosp",2021-05-23,"quantile",0.95,141.626931367366
"12948",2021-05-15,"18","8  day ahead inc hosp",2021-05-23,"quantile",0.975,156.049883720246
"12949",2021-05-15,"18","8  day ahead inc hosp",2021-05-23,"quantile",0.99,174.174231872102
"12950",2021-05-15,"18","9  day ahead inc hosp",2021-05-24,"quantile",0.01,33.069811879684
"12951",2021-05-15,"18","9  day ahead inc hosp",2021-05-24,"quantile",0.025,39.0350327582017
"12952",2021-05-15,"18","9  day ahead inc hosp",2021-05-24,"quantile",0.05,44.7812279630256
"12953",2021-05-15,"18","9  day ahead inc hosp",2021-05-24,"quantile",0.1,52.1686743433726
"12954",2021-05-15,"18","9  day ahead inc hosp",2021-05-24,"quantile",0.15,57.645142899413
"12955",2021-05-15,"18","9  day ahead inc hosp",2021-05-24,"quantile",0.2,62.2963871122859
"12956",2021-05-15,"18","9  day ahead inc hosp",2021-05-24,"quantile",0.25,66.506261973168
"12957",2021-05-15,"18","9  day ahead inc hosp",2021-05-24,"quantile",0.3,70.4655062710398
"12958",2021-05-15,"18","9  day ahead inc hosp",2021-05-24,"quantile",0.35,74.2897280067853
"12959",2021-05-15,"18","9  day ahead inc hosp",2021-05-24,"quantile",0.4,78.060491039262
"12960",2021-05-15,"18","9  day ahead inc hosp",2021-05-24,"quantile",0.45,81.8436350465872
"12961",2021-05-15,"18","9  day ahead inc hosp",2021-05-24,"quantile",0.5,85.6994403937897
"12962",2021-05-15,"18","9  day ahead inc hosp",2021-05-24,"quantile",0.55,89.6899079889425
"12963",2021-05-15,"18","9  day ahead inc hosp",2021-05-24,"quantile",0.6,93.885787954935
"12964",2021-05-15,"18","9  day ahead inc hosp",2021-05-24,"quantile",0.65,98.3755391351737
"12965",2021-05-15,"18","9  day ahead inc hosp",2021-05-24,"quantile",0.7,103.279353959968
"12966",2021-05-15,"18","9  day ahead inc hosp",2021-05-24,"quantile",0.75,108.774628765271
"12967",2021-05-15,"18","9  day ahead inc hosp",2021-05-24,"quantile",0.8,115.148815642301
"12968",2021-05-15,"18","9  day ahead inc hosp",2021-05-24,"quantile",0.85,122.927765065315
"12969",2021-05-15,"18","9  day ahead inc hosp",2021-05-24,"quantile",0.9,133.267707220993
"12970",2021-05-15,"18","9  day ahead inc hosp",2021-05-24,"quantile",0.95,149.776042344475
"12971",2021-05-15,"18","9  day ahead inc hosp",2021-05-24,"quantile",0.975,165.296654780455
"12972",2021-05-15,"18","9  day ahead inc hosp",2021-05-24,"quantile",0.99,184.825379137228
"12973",2021-05-15,"18","10  day ahead inc hosp",2021-05-25,"quantile",0.01,33.0621451915473
"12974",2021-05-15,"18","10  day ahead inc hosp",2021-05-25,"quantile",0.025,39.2116684535118
"12975",2021-05-15,"18","10  day ahead inc hosp",2021-05-25,"quantile",0.05,45.1542452141872
"12976",2021-05-15,"18","10  day ahead inc hosp",2021-05-25,"quantile",0.1,52.8166906479063
"12977",2021-05-15,"18","10  day ahead inc hosp",2021-05-25,"quantile",0.15,58.5109620944467
"12978",2021-05-15,"18","10  day ahead inc hosp",2021-05-25,"quantile",0.2,63.3553367145722
"12979",2021-05-15,"18","10  day ahead inc hosp",2021-05-25,"quantile",0.25,67.7458552898525
"12980",2021-05-15,"18","10  day ahead inc hosp",2021-05-25,"quantile",0.3,71.8796507893052
"12981",2021-05-15,"18","10  day ahead inc hosp",2021-05-25,"quantile",0.35,75.8764612404938
"12982",2021-05-15,"18","10  day ahead inc hosp",2021-05-25,"quantile",0.4,79.8209942753538
"12983",2021-05-15,"18","10  day ahead inc hosp",2021-05-25,"quantile",0.45,83.781850359494
"12984",2021-05-15,"18","10  day ahead inc hosp",2021-05-25,"quantile",0.5,87.8220570729399
"12985",2021-05-15,"18","10  day ahead inc hosp",2021-05-25,"quantile",0.55,92.0066546567724
"12986",2021-05-15,"18","10  day ahead inc hosp",2021-05-25,"quantile",0.6,96.4100664690233
"12987",2021-05-15,"18","10  day ahead inc hosp",2021-05-25,"quantile",0.65,101.125540388871
"12988",2021-05-15,"18","10  day ahead inc hosp",2021-05-25,"quantile",0.7,106.279968915144
"12989",2021-05-15,"18","10  day ahead inc hosp",2021-05-25,"quantile",0.75,112.060840087469
"12990",2021-05-15,"18","10  day ahead inc hosp",2021-05-25,"quantile",0.8,118.772200791278
"12991",2021-05-15,"18","10  day ahead inc hosp",2021-05-25,"quantile",0.85,126.970618906633
"12992",2021-05-15,"18","10  day ahead inc hosp",2021-05-25,"quantile",0.9,137.880622111117
"12993",2021-05-15,"18","10  day ahead inc hosp",2021-05-25,"quantile",0.95,155.325587804626
"12994",2021-05-15,"18","10  day ahead inc hosp",2021-05-25,"quantile",0.975,171.753074140444
"12995",2021-05-15,"18","10  day ahead inc hosp",2021-05-25,"quantile",0.99,192.454483958828
"12996",2021-05-15,"18","11  day ahead inc hosp",2021-05-26,"quantile",0.01,29.7593946942199
"12997",2021-05-15,"18","11  day ahead inc hosp",2021-05-26,"quantile",0.025,35.6189549433259
"12998",2021-05-15,"18","11  day ahead inc hosp",2021-05-26,"quantile",0.05,41.316034883107
"12999",2021-05-15,"18","11  day ahead inc hosp",2021-05-26,"quantile",0.1,48.7035405251072
"13000",2021-05-15,"18","11  day ahead inc hosp",2021-05-26,"quantile",0.15,54.2192956208089
"13001",2021-05-15,"18","11  day ahead inc hosp",2021-05-26,"quantile",0.2,58.9269033985267
"13002",2021-05-15,"18","11  day ahead inc hosp",2021-05-26,"quantile",0.25,63.2043096257182
"13003",2021-05-15,"18","11  day ahead inc hosp",2021-05-26,"quantile",0.3,67.240270206589
"13004",2021-05-15,"18","11  day ahead inc hosp",2021-05-26,"quantile",0.35,71.1499100465107
"13005",2021-05-15,"18","11  day ahead inc hosp",2021-05-26,"quantile",0.4,75.015103368529
"13006",2021-05-15,"18","11  day ahead inc hosp",2021-05-26,"quantile",0.45,78.9025731354674
"13007",2021-05-15,"18","11  day ahead inc hosp",2021-05-26,"quantile",0.5,82.8740317929544
"13008",2021-05-15,"18","11  day ahead inc hosp",2021-05-26,"quantile",0.55,86.9935605330031
"13009",2021-05-15,"18","11  day ahead inc hosp",2021-05-26,"quantile",0.6,91.3348664067972
"13010",2021-05-15,"18","11  day ahead inc hosp",2021-05-26,"quantile",0.65,95.9906644045446
"13011",2021-05-15,"18","11  day ahead inc hosp",2021-05-26,"quantile",0.7,101.087480134195
"13012",2021-05-15,"18","11  day ahead inc hosp",2021-05-26,"quantile",0.75,106.812636466191
"13013",2021-05-15,"18","11  day ahead inc hosp",2021-05-26,"quantile",0.8,113.470363844854
"13014",2021-05-15,"18","11  day ahead inc hosp",2021-05-26,"quantile",0.85,121.618239162389
"13015",2021-05-15,"18","11  day ahead inc hosp",2021-05-26,"quantile",0.9,132.484431735302
"13016",2021-05-15,"18","11  day ahead inc hosp",2021-05-26,"quantile",0.95,149.909140065366
"13017",2021-05-15,"18","11  day ahead inc hosp",2021-05-26,"quantile",0.975,166.367016794669
"13018",2021-05-15,"18","11  day ahead inc hosp",2021-05-26,"quantile",0.99,187.166314285265
"13019",2021-05-15,"18","12  day ahead inc hosp",2021-05-27,"quantile",0.01,30.1711187995195
"13020",2021-05-15,"18","12  day ahead inc hosp",2021-05-27,"quantile",0.025,36.2543625861237
"13021",2021-05-15,"18","12  day ahead inc hosp",2021-05-27,"quantile",0.05,42.1844919321795
"13022",2021-05-15,"18","12  day ahead inc hosp",2021-05-27,"quantile",0.1,49.8928531483984
"13023",2021-05-15,"18","12  day ahead inc hosp",2021-05-27,"quantile",0.15,55.659728372768
"13024",2021-05-15,"18","12  day ahead inc hosp",2021-05-27,"quantile",0.2,60.5884241937153
"13025",2021-05-15,"18","12  day ahead inc hosp",2021-05-27,"quantile",0.25,65.0715648572105
"13026",2021-05-15,"18","12  day ahead inc hosp",2021-05-27,"quantile",0.3,69.305521767748
"13027",2021-05-15,"18","12  day ahead inc hosp",2021-05-27,"quantile",0.35,73.4102799340566
"13028",2021-05-15,"18","12  day ahead inc hosp",2021-05-27,"quantile",0.4,77.4713648028655
"13029",2021-05-15,"18","12  day ahead inc hosp",2021-05-27,"quantile",0.45,81.5586632642221
"13030",2021-05-15,"18","12  day ahead inc hosp",2021-05-27,"quantile",0.5,85.7369983113874
"13031",2021-05-15,"18","12  day ahead inc hosp",2021-05-27,"quantile",0.55,90.0738590310135
"13032",2021-05-15,"18","12  day ahead inc hosp",2021-05-27,"quantile",0.6,94.6470417825437
"13033",2021-05-15,"18","12  day ahead inc hosp",2021-05-27,"quantile",0.65,99.5545669780932
"13034",2021-05-15,"18","12  day ahead inc hosp",2021-05-27,"quantile",0.7,104.930358787684
"13035",2021-05-15,"18","12  day ahead inc hosp",2021-05-27,"quantile",0.75,110.972860353361
"13036",2021-05-15,"18","12  day ahead inc hosp",2021-05-27,"quantile",0.8,118.004562354658
"13037",2021-05-15,"18","12  day ahead inc hosp",2021-05-27,"quantile",0.85,126.616806880774
"13038",2021-05-15,"18","12  day ahead inc hosp",2021-05-27,"quantile",0.9,138.112770935774
"13039",2021-05-15,"18","12  day ahead inc hosp",2021-05-27,"quantile",0.95,156.569619142272
"13040",2021-05-15,"18","12  day ahead inc hosp",2021-05-27,"quantile",0.975,174.024471384887
"13041",2021-05-15,"18","12  day ahead inc hosp",2021-05-27,"quantile",0.99,196.110361760805
"13042",2021-05-15,"18","13  day ahead inc hosp",2021-05-28,"quantile",0.01,29.4139146075213
"13043",2021-05-15,"18","13  day ahead inc hosp",2021-05-28,"quantile",0.025,35.5426954639363
"13044",2021-05-15,"18","13  day ahead inc hosp",2021-05-28,"quantile",0.05,41.539513851495
"13045",2021-05-15,"18","13  day ahead inc hosp",2021-05-28,"quantile",0.1,49.3613237268526
"13046",2021-05-15,"18","13  day ahead inc hosp",2021-05-28,"quantile",0.15,55.2296709150994
"13047",2021-05-15,"18","13  day ahead inc hosp",2021-05-28,"quantile",0.2,60.2548062580621
"13048",2021-05-15,"18","13  day ahead inc hosp",2021-05-28,"quantile",0.25,64.8326427698423
"13049",2021-05-15,"18","13  day ahead inc hosp",2021-05-28,"quantile",0.3,69.1616069357818
"13050",2021-05-15,"18","13  day ahead inc hosp",2021-05-28,"quantile",0.35,73.3632505648979
"13051",2021-05-15,"18","13  day ahead inc hosp",2021-05-28,"quantile",0.4,77.524497694835
"13052",2021-05-15,"18","13  day ahead inc hosp",2021-05-28,"quantile",0.45,81.7166503361009
"13053",2021-05-15,"18","13  day ahead inc hosp",2021-05-28,"quantile",0.5,86.0061098768679
"13054",2021-05-15,"18","13  day ahead inc hosp",2021-05-28,"quantile",0.55,90.4622649873588
"13055",2021-05-15,"18","13  day ahead inc hosp",2021-05-28,"quantile",0.6,95.1653453864084
"13056",2021-05-15,"18","13  day ahead inc hosp",2021-05-28,"quantile",0.65,100.21666936549
"13057",2021-05-15,"18","13  day ahead inc hosp",2021-05-28,"quantile",0.7,105.754894294927
"13058",2021-05-15,"18","13  day ahead inc hosp",2021-05-28,"quantile",0.75,111.985716048359
"13059",2021-05-15,"18","13  day ahead inc hosp",2021-05-28,"quantile",0.8,119.243699261571
"13060",2021-05-15,"18","13  day ahead inc hosp",2021-05-28,"quantile",0.85,128.142756763604
"13061",2021-05-15,"18","13  day ahead inc hosp",2021-05-28,"quantile",0.9,140.036722275975
"13062",2021-05-15,"18","13  day ahead inc hosp",2021-05-28,"quantile",0.95,159.164775700584
"13063",2021-05-15,"18","13  day ahead inc hosp",2021-05-28,"quantile",0.975,177.28640804763
"13064",2021-05-15,"18","13  day ahead inc hosp",2021-05-28,"quantile",0.99,200.254574543455
"13065",2021-05-15,"18","14  day ahead inc hosp",2021-05-29,"quantile",0.01,29.7706032451357
"13066",2021-05-15,"18","14  day ahead inc hosp",2021-05-29,"quantile",0.025,36.1094668643383
"13067",2021-05-15,"18","14  day ahead inc hosp",2021-05-29,"quantile",0.05,42.3274093304698
"13068",2021-05-15,"18","14  day ahead inc hosp",2021-05-29,"quantile",0.1,50.4563246406321
"13069",2021-05-15,"18","14  day ahead inc hosp",2021-05-29,"quantile",0.15,56.5666676982288
"13070",2021-05-15,"18","14  day ahead inc hosp",2021-05-29,"quantile",0.2,61.805810120475
"13071",2021-05-15,"18","14  day ahead inc hosp",2021-05-29,"quantile",0.25,66.5834737490731
"13072",2021-05-15,"18","14  day ahead inc hosp",2021-05-29,"quantile",0.3,71.1052938232221
"13073",2021-05-15,"18","14  day ahead inc hosp",2021-05-29,"quantile",0.35,75.4974569507829
"13074",2021-05-15,"18","14  day ahead inc hosp",2021-05-29,"quantile",0.4,79.8503998232238
"13075",2021-05-15,"18","14  day ahead inc hosp",2021-05-29,"quantile",0.45,84.2384970155057
"13076",2021-05-15,"18","14  day ahead inc hosp",2021-05-29,"quantile",0.5,88.7311974586106
"13077",2021-05-15,"18","14  day ahead inc hosp",2021-05-29,"quantile",0.55,93.4012533774576
"13078",2021-05-15,"18","14  day ahead inc hosp",2021-05-29,"quantile",0.6,98.3329531723989
"13079",2021-05-15,"18","14  day ahead inc hosp",2021-05-29,"quantile",0.65,103.632901771127
"13080",2021-05-15,"18","14  day ahead inc hosp",2021-05-29,"quantile",0.7,109.447149244937
"13081",2021-05-15,"18","14  day ahead inc hosp",2021-05-29,"quantile",0.75,115.992524490375
"13082",2021-05-15,"18","14  day ahead inc hosp",2021-05-29,"quantile",0.8,123.621899849729
"13083",2021-05-15,"18","14  day ahead inc hosp",2021-05-29,"quantile",0.85,132.983082347515
"13084",2021-05-15,"18","14  day ahead inc hosp",2021-05-29,"quantile",0.9,145.505290795956
"13085",2021-05-15,"18","14  day ahead inc hosp",2021-05-29,"quantile",0.95,165.666222767361
"13086",2021-05-15,"18","14  day ahead inc hosp",2021-05-29,"quantile",0.975,184.788782775621
"13087",2021-05-15,"18","14  day ahead inc hosp",2021-05-29,"quantile",0.99,209.052568400481
"13088",2021-05-15,"18","15  day ahead inc hosp",2021-05-30,"quantile",0.01,28.1204832608837
"13089",2021-05-15,"18","15  day ahead inc hosp",2021-05-30,"quantile",0.025,34.581588729724
"13090",2021-05-15,"18","15  day ahead inc hosp",2021-05-30,"quantile",0.05,40.9777312036901
"13091",2021-05-15,"18","15  day ahead inc hosp",2021-05-30,"quantile",0.1,49.4099575766131
"13092",2021-05-15,"18","15  day ahead inc hosp",2021-05-30,"quantile",0.15,55.7920878211603
"13093",2021-05-15,"18","15  day ahead inc hosp",2021-05-30,"quantile",0.2,61.2899815929173
"13094",2021-05-15,"18","15  day ahead inc hosp",2021-05-30,"quantile",0.25,66.3221072979013
"13095",2021-05-15,"18","15  day ahead inc hosp",2021-05-30,"quantile",0.3,71.0995809693364
"13096",2021-05-15,"18","15  day ahead inc hosp",2021-05-30,"quantile",0.35,75.7527870536026
"13097",2021-05-15,"18","15  day ahead inc hosp",2021-05-30,"quantile",0.4,80.3759288568856
"13098",2021-05-15,"18","15  day ahead inc hosp",2021-05-30,"quantile",0.45,85.047210308836
"13099",2021-05-15,"18","15  day ahead inc hosp",2021-05-30,"quantile",0.5,89.8403680205746
"13100",2021-05-15,"18","15  day ahead inc hosp",2021-05-30,"quantile",0.55,94.8333292769819
"13101",2021-05-15,"18","15  day ahead inc hosp",2021-05-30,"quantile",0.6,100.117025467869
"13102",2021-05-15,"18","15  day ahead inc hosp",2021-05-30,"quantile",0.65,105.807078087997
"13103",2021-05-15,"18","15  day ahead inc hosp",2021-05-30,"quantile",0.7,112.062492484112
"13104",2021-05-15,"18","15  day ahead inc hosp",2021-05-30,"quantile",0.75,119.11996684418
"13105",2021-05-15,"18","15  day ahead inc hosp",2021-05-30,"quantile",0.8,127.365477034055
"13106",2021-05-15,"18","15  day ahead inc hosp",2021-05-30,"quantile",0.85,137.508761599368
"13107",2021-05-15,"18","15  day ahead inc hosp",2021-05-30,"quantile",0.9,151.118159117943
"13108",2021-05-15,"18","15  day ahead inc hosp",2021-05-30,"quantile",0.95,173.116848680471
"13109",2021-05-15,"18","15  day ahead inc hosp",2021-05-30,"quantile",0.975,194.069550574315
"13110",2021-05-15,"18","15  day ahead inc hosp",2021-05-30,"quantile",0.99,220.760707043525
"13111",2021-05-15,"18","16  day ahead inc hosp",2021-05-31,"quantile",0.01,26.6914215045246
"13112",2021-05-15,"18","16  day ahead inc hosp",2021-05-31,"quantile",0.025,33.1609382195036
"13113",2021-05-15,"18","16  day ahead inc hosp",2021-05-31,"quantile",0.05,39.6088254174468
"13114",2021-05-15,"18","16  day ahead inc hosp",2021-05-31,"quantile",0.1,48.1617310264824
"13115",2021-05-15,"18","16  day ahead inc hosp",2021-05-31,"quantile",0.15,54.6678645430888
"13116",2021-05-15,"18","16  day ahead inc hosp",2021-05-31,"quantile",0.2,60.2917603597389
"13117",2021-05-15,"18","16  day ahead inc hosp",2021-05-31,"quantile",0.25,65.4530159090114
"13118",2021-05-15,"18","16  day ahead inc hosp",2021-05-31,"quantile",0.3,70.3641414675028
"13119",2021-05-15,"18","16  day ahead inc hosp",2021-05-31,"quantile",0.35,75.1570167193316
"13120",2021-05-15,"18","16  day ahead inc hosp",2021-05-31,"quantile",0.4,79.9275011684149
"13121",2021-05-15,"18","16  day ahead inc hosp",2021-05-31,"quantile",0.45,84.7557271279706
"13122",2021-05-15,"18","16  day ahead inc hosp",2021-05-31,"quantile",0.5,89.7177842861996
"13123",2021-05-15,"18","16  day ahead inc hosp",2021-05-31,"quantile",0.55,94.8945962895839
"13124",2021-05-15,"18","16  day ahead inc hosp",2021-05-31,"quantile",0.6,100.381070290832
"13125",2021-05-15,"18","16  day ahead inc hosp",2021-05-31,"quantile",0.65,106.298336176347
"13126",2021-05-15,"18","16  day ahead inc hosp",2021-05-31,"quantile",0.7,112.813417683127
"13127",2021-05-15,"18","16  day ahead inc hosp",2021-05-31,"quantile",0.75,120.175417196951
"13128",2021-05-15,"18","16  day ahead inc hosp",2021-05-31,"quantile",0.8,128.791104914417
"13129",2021-05-15,"18","16  day ahead inc hosp",2021-05-31,"quantile",0.85,139.409318015304
"13130",2021-05-15,"18","16  day ahead inc hosp",2021-05-31,"quantile",0.9,153.686649636598
"13131",2021-05-15,"18","16  day ahead inc hosp",2021-05-31,"quantile",0.95,176.830544547147
"13132",2021-05-15,"18","16  day ahead inc hosp",2021-05-31,"quantile",0.975,198.939315502731
"13133",2021-05-15,"18","16  day ahead inc hosp",2021-05-31,"quantile",0.99,227.182140482554
"13134",2021-05-15,"18","17  day ahead inc hosp",2021-06-01,"quantile",0.01,25.418534766809
"13135",2021-05-15,"18","17  day ahead inc hosp",2021-06-01,"quantile",0.025,31.8835848748297
"13136",2021-05-15,"18","17  day ahead inc hosp",2021-06-01,"quantile",0.05,38.3679179176572
"13137",2021-05-15,"18","17  day ahead inc hosp",2021-06-01,"quantile",0.1,47.0186729546903
"13138",2021-05-15,"18","17  day ahead inc hosp",2021-06-01,"quantile",0.15,53.6300862073526
"13139",2021-05-15,"18","17  day ahead inc hosp",2021-06-01,"quantile",0.2,59.3631075446417
"13140",2021-05-15,"18","17  day ahead inc hosp",2021-06-01,"quantile",0.25,64.6375600665321
"13141",2021-05-15,"18","17  day ahead inc hosp",2021-06-01,"quantile",0.3,69.6668547956123
"13142",2021-05-15,"18","17  day ahead inc hosp",2021-06-01,"quantile",0.35,74.5840379026266
"13143",2021-05-15,"18","17  day ahead inc hosp",2021-06-01,"quantile",0.4,79.4863685184831
"13144",2021-05-15,"18","17  day ahead inc hosp",2021-06-01,"quantile",0.45,84.4556776252607
"13145",2021-05-15,"18","17  day ahead inc hosp",2021-06-01,"quantile",0.5,89.5701762876216
"13146",2021-05-15,"18","17  day ahead inc hosp",2021-06-01,"quantile",0.55,94.9135260637257
"13147",2021-05-15,"18","17  day ahead inc hosp",2021-06-01,"quantile",0.6,100.584296266313
"13148",2021-05-15,"18","17  day ahead inc hosp",2021-06-01,"quantile",0.65,106.708715890987
"13149",2021-05-15,"18","17  day ahead inc hosp",2021-06-01,"quantile",0.7,113.461255007341
"13150",2021-05-15,"18","17  day ahead inc hosp",2021-06-01,"quantile",0.75,121.102560541724
"13151",2021-05-15,"18","17  day ahead inc hosp",2021-06-01,"quantile",0.8,130.058788137465
"13152",2021-05-15,"18","17  day ahead inc hosp",2021-06-01,"quantile",0.85,141.115277224687
"13153",2021-05-15,"18","17  day ahead inc hosp",2021-06-01,"quantile",0.9,156.011136519405
"13154",2021-05-15,"18","17  day ahead inc hosp",2021-06-01,"quantile",0.95,180.220087121117
"13155",2021-05-15,"18","17  day ahead inc hosp",2021-06-01,"quantile",0.975,203.408520946375
"13156",2021-05-15,"18","17  day ahead inc hosp",2021-06-01,"quantile",0.99,233.105882968584
"13157",2021-05-15,"18","18  day ahead inc hosp",2021-06-02,"quantile",0.01,24.3208175733481
"13158",2021-05-15,"18","18  day ahead inc hosp",2021-06-02,"quantile",0.025,30.7789376381359
"13159",2021-05-15,"18","18  day ahead inc hosp",2021-06-02,"quantile",0.05,37.2943453767352
"13160",2021-05-15,"18","18  day ahead inc hosp",2021-06-02,"quantile",0.1,46.0326599939339
"13161",2021-05-15,"18","18  day ahead inc hosp",2021-06-02,"quantile",0.15,52.7397367263343
"13162",2021-05-15,"18","18  day ahead inc hosp",2021-06-02,"quantile",0.2,58.5726072587388
"13163",2021-05-15,"18","18  day ahead inc hosp",2021-06-02,"quantile",0.25,63.9510936951227
"13164",2021-05-15,"18","18  day ahead inc hosp",2021-06-02,"quantile",0.3,69.0893463181209
"13165",2021-05-15,"18","18  day ahead inc hosp",2021-06-02,"quantile",0.35,74.1214458719601
"13166",2021-05-15,"18","18  day ahead inc hosp",2021-06-02,"quantile",0.4,79.1459287720066
"13167",2021-05-15,"18","18  day ahead inc hosp",2021-06-02,"quantile",0.45,84.2461984010094
"13168",2021-05-15,"18","18  day ahead inc hosp",2021-06-02,"quantile",0.5,89.5024451197183
"13169",2021-05-15,"18","18  day ahead inc hosp",2021-06-02,"quantile",0.55,95.0008969655354
"13170",2021-05-15,"18","18  day ahead inc hosp",2021-06-02,"quantile",0.6,100.843565966268
"13171",2021-05-15,"18","18  day ahead inc hosp",2021-06-02,"quantile",0.65,107.161483538887
"13172",2021-05-15,"18","18  day ahead inc hosp",2021-06-02,"quantile",0.7,114.13614170025
"13173",2021-05-15,"18","18  day ahead inc hosp",2021-06-02,"quantile",0.75,122.039084223143
"13174",2021-05-15,"18","18  day ahead inc hosp",2021-06-02,"quantile",0.8,131.314778933812
"13175",2021-05-15,"18","18  day ahead inc hosp",2021-06-02,"quantile",0.85,142.783072155868
"13176",2021-05-15,"18","18  day ahead inc hosp",2021-06-02,"quantile",0.9,158.261140712775
"13177",2021-05-15,"18","18  day ahead inc hosp",2021-06-02,"quantile",0.95,183.474898779007
"13178",2021-05-15,"18","18  day ahead inc hosp",2021-06-02,"quantile",0.975,207.68425656623
"13179",2021-05-15,"18","18  day ahead inc hosp",2021-06-02,"quantile",0.99,238.759925005738
"13180",2021-05-15,"18","19  day ahead inc hosp",2021-06-03,"quantile",0.01,23.3248163243535
"13181",2021-05-15,"18","19  day ahead inc hosp",2021-06-03,"quantile",0.025,29.7717125724274
"13182",2021-05-15,"18","19  day ahead inc hosp",2021-06-03,"quantile",0.05,36.3124233734302
"13183",2021-05-15,"18","19  day ahead inc hosp",2021-06-03,"quantile",0.1,45.1291520027178
"13184",2021-05-15,"18","19  day ahead inc hosp",2021-06-03,"quantile",0.15,51.9241671696329
"13185",2021-05-15,"18","19  day ahead inc hosp",2021-06-03,"quantile",0.2,57.8498343337881
"13186",2021-05-15,"18","19  day ahead inc hosp",2021-06-03,"quantile",0.25,63.325651243216
"13187",2021-05-15,"18","19  day ahead inc hosp",2021-06-03,"quantile",0.3,68.5663231877055
"13188",2021-05-15,"18","19  day ahead inc hosp",2021-06-03,"quantile",0.35,73.7068391483986
"13189",2021-05-15,"18","19  day ahead inc hosp",2021-06-03,"quantile",0.4,78.8469121494234
"13190",2021-05-15,"18","19  day ahead inc hosp",2021-06-03,"quantile",0.45,84.0714265325172
"13191",2021-05-15,"18","19  day ahead inc hosp",2021-06-03,"quantile",0.5,89.4624589117736
"13192",2021-05-15,"18","19  day ahead inc hosp",2021-06-03,"quantile",0.55,95.1086995756963
"13193",2021-05-15,"18","19  day ahead inc hosp",2021-06-03,"quantile",0.6,101.115476661392
"13194",2021-05-15,"18","19  day ahead inc hosp",2021-06-03,"quantile",0.65,107.618458943868
"13195",2021-05-15,"18","19  day ahead inc hosp",2021-06-03,"quantile",0.7,114.805930225649
"13196",2021-05-15,"18","19  day ahead inc hosp",2021-06-03,"quantile",0.75,122.959986406916
"13197",2021-05-15,"18","19  day ahead inc hosp",2021-06-03,"quantile",0.8,132.542844912846
"13198",2021-05-15,"18","19  day ahead inc hosp",2021-06-03,"quantile",0.85,144.407827614933
"13199",2021-05-15,"18","19  day ahead inc hosp",2021-06-03,"quantile",0.9,160.447915362219
"13200",2021-05-15,"18","19  day ahead inc hosp",2021-06-03,"quantile",0.95,186.634191135324
"13201",2021-05-15,"18","19  day ahead inc hosp",2021-06-03,"quantile",0.975,211.834232907441
"13202",2021-05-15,"18","19  day ahead inc hosp",2021-06-03,"quantile",0.99,244.250527266834
"13203",2021-05-15,"18","20  day ahead inc hosp",2021-06-04,"quantile",0.01,22.4050530235961
"13204",2021-05-15,"18","20  day ahead inc hosp",2021-06-04,"quantile",0.025,28.8367956371873
"13205",2021-05-15,"18","20  day ahead inc hosp",2021-06-04,"quantile",0.05,35.3978621236505
"13206",2021-05-15,"18","20  day ahead inc hosp",2021-06-04,"quantile",0.1,44.2854876569186
"13207",2021-05-15,"18","20  day ahead inc hosp",2021-06-04,"quantile",0.15,51.1622772421523
"13208",2021-05-15,"18","20  day ahead inc hosp",2021-06-04,"quantile",0.2,57.1752221329431
"13209",2021-05-15,"18","20  day ahead inc hosp",2021-06-04,"quantile",0.25,62.7432038214622
"13210",2021-05-15,"18","20  day ahead inc hosp",2021-06-04,"quantile",0.3,68.0813226028884
"13211",2021-05-15,"18","20  day ahead inc hosp",2021-06-04,"quantile",0.35,73.3253705804875
"13212",2021-05-15,"18","20  day ahead inc hosp",2021-06-04,"quantile",0.4,78.5761576103771
"13213",2021-05-15,"18","20  day ahead inc hosp",2021-06-04,"quantile",0.45,83.9199801913154
"13214",2021-05-15,"18","20  day ahead inc hosp",2021-06-04,"quantile",0.5,89.4407345688342
"13215",2021-05-15,"18","20  day ahead inc hosp",2021-06-04,"quantile",0.55,95.2295017831939
"13216",2021-05-15,"18","20  day ahead inc hosp",2021-06-04,"quantile",0.6,101.394842162707
"13217",2021-05-15,"18","20  day ahead inc hosp",2021-06-04,"quantile",0.65,108.076955280469
"13218",2021-05-15,"18","20  day ahead inc hosp",2021-06-04,"quantile",0.7,115.470771117838
"13219",2021-05-15,"18","20  day ahead inc hosp",2021-06-04,"quantile",0.75,123.868723134988
"13220",2021-05-15,"18","20  day ahead inc hosp",2021-06-04,"quantile",0.8,133.750433121164
"13221",2021-05-15,"18","20  day ahead inc hosp",2021-06-04,"quantile",0.85,146.002074448662
"13222",2021-05-15,"18","20  day ahead inc hosp",2021-06-04,"quantile",0.9,162.591084099627
"13223",2021-05-15,"18","20  day ahead inc hosp",2021-06-04,"quantile",0.95,189.72962769235
"13224",2021-05-15,"18","20  day ahead inc hosp",2021-06-04,"quantile",0.975,215.902148642465
"13225",2021-05-15,"18","20  day ahead inc hosp",2021-06-04,"quantile",0.99,249.637400006805
"13226",2021-05-15,"18","21  day ahead inc hosp",2021-06-05,"quantile",0.01,21.5445127710512
"13227",2021-05-15,"18","21  day ahead inc hosp",2021-06-05,"quantile",0.025,27.9572305395334
"13228",2021-05-15,"18","21  day ahead inc hosp",2021-06-05,"quantile",0.05,34.5340496832289
"13229",2021-05-15,"18","21  day ahead inc hosp",2021-06-05,"quantile",0.1,43.4858453495258
"13230",2021-05-15,"18","21  day ahead inc hosp",2021-06-05,"quantile",0.15,50.4390486984069
"13231",2021-05-15,"18","21  day ahead inc hosp",2021-06-05,"quantile",0.2,56.5345631417568
"13232",2021-05-15,"18","21  day ahead inc hosp",2021-06-05,"quantile",0.25,62.1903705413553
"13233",2021-05-15,"18","21  day ahead inc hosp",2021-06-05,"quantile",0.3,67.6218157336308
"13234",2021-05-15,"18","21  day ahead inc hosp",2021-06-05,"quantile",0.35,72.9653986559935
"13235",2021-05-15,"18","21  day ahead inc hosp",2021-06-05,"quantile",0.4,78.3229568483252
"13236",2021-05-15,"18","21  day ahead inc hosp",2021-06-05,"quantile",0.45,83.782142353865
"13237",2021-05-15,"18","21  day ahead inc hosp",2021-06-05,"quantile",0.5,89.4286191581014
"13238",2021-05-15,"18","21  day ahead inc hosp",2021-06-05,"quantile",0.55,95.3558061947663
"13239",2021-05-15,"18","21  day ahead inc hosp",2021-06-05,"quantile",0.6,101.675436699929
"13240",2021-05-15,"18","21  day ahead inc hosp",2021-06-05,"quantile",0.65,108.532168525029
"13241",2021-05-15,"18","21  day ahead inc hosp",2021-06-05,"quantile",0.7,116.12748168372
"13242",2021-05-15,"18","21  day ahead inc hosp",2021-06-05,"quantile",0.75,124.764009039168
"13243",2021-05-15,"18","21  day ahead inc hosp",2021-06-05,"quantile",0.8,134.938559464535
"13244",2021-05-15,"18","21  day ahead inc hosp",2021-06-05,"quantile",0.85,147.569774135343
"13245",2021-05-15,"18","21  day ahead inc hosp",2021-06-05,"quantile",0.9,164.698740235382
"13246",2021-05-15,"18","21  day ahead inc hosp",2021-06-05,"quantile",0.95,192.776363200607
"13247",2021-05-15,"18","21  day ahead inc hosp",2021-06-05,"quantile",0.975,219.91026489268
"13248",2021-05-15,"18","21  day ahead inc hosp",2021-06-05,"quantile",0.99,254.952316835279
"13249",2021-05-15,"18","22  day ahead inc hosp",2021-06-06,"quantile",0.01,20.7737662406743
"13250",2021-05-15,"18","22  day ahead inc hosp",2021-06-06,"quantile",0.025,27.1728305079447
"13251",2021-05-15,"18","22  day ahead inc hosp",2021-06-06,"quantile",0.05,33.7699131678993
"13252",2021-05-15,"18","22  day ahead inc hosp",2021-06-06,"quantile",0.1,42.79109478296
"13253",2021-05-15,"18","22  day ahead inc hosp",2021-06-06,"quantile",0.15,49.8243307013803
"13254",2021-05-15,"18","22  day ahead inc hosp",2021-06-06,"quantile",0.2,56.0054002162475
"13255",2021-05-15,"18","22  day ahead inc hosp",2021-06-06,"quantile",0.25,61.7517028086971
"13256",2021-05-15,"18","22  day ahead inc hosp",2021-06-06,"quantile",0.3,67.2789790096598
"13257",2021-05-15,"18","22  day ahead inc hosp",2021-06-06,"quantile",0.35,72.7245261707481
"13258",2021-05-15,"18","22  day ahead inc hosp",2021-06-06,"quantile",0.4,78.1912724762365
"13259",2021-05-15,"18","22  day ahead inc hosp",2021-06-06,"quantile",0.45,83.7682770673472
"13260",2021-05-15,"18","22  day ahead inc hosp",2021-06-06,"quantile",0.5,89.5430202427867
"13261",2021-05-15,"18","22  day ahead inc hosp",2021-06-06,"quantile",0.55,95.6113106440737
"13262",2021-05-15,"18","22  day ahead inc hosp",2021-06-06,"quantile",0.6,102.088115811682
"13263",2021-05-15,"18","22  day ahead inc hosp",2021-06-06,"quantile",0.65,109.122631372538
"13264",2021-05-15,"18","22  day ahead inc hosp",2021-06-06,"quantile",0.7,116.922998818066
"13265",2021-05-15,"18","22  day ahead inc hosp",2021-06-06,"quantile",0.75,125.80221963815
"13266",2021-05-15,"18","22  day ahead inc hosp",2021-06-06,"quantile",0.8,136.274571590316
"13267",2021-05-15,"18","22  day ahead inc hosp",2021-06-06,"quantile",0.85,149.291694103411
"13268",2021-05-15,"18","22  day ahead inc hosp",2021-06-06,"quantile",0.9,166.969530348054
"13269",2021-05-15,"18","22  day ahead inc hosp",2021-06-06,"quantile",0.95,196.001663533947
"13270",2021-05-15,"18","22  day ahead inc hosp",2021-06-06,"quantile",0.975,224.112813441139
"13271",2021-05-15,"18","22  day ahead inc hosp",2021-06-06,"quantile",0.99,260.483491255292
"13272",2021-05-15,"18","23  day ahead inc hosp",2021-06-07,"quantile",0.01,20.0042113353748
"13273",2021-05-15,"18","23  day ahead inc hosp",2021-06-07,"quantile",0.025,26.3772102329361
"13274",2021-05-15,"18","23  day ahead inc hosp",2021-06-07,"quantile",0.05,32.9819108127605
"13275",2021-05-15,"18","23  day ahead inc hosp",2021-06-07,"quantile",0.1,42.0556523712266
"13276",2021-05-15,"18","23  day ahead inc hosp",2021-06-07,"quantile",0.15,49.1562338321498
"13277",2021-05-15,"18","23  day ahead inc hosp",2021-06-07,"quantile",0.2,55.4120276886025
"13278",2021-05-15,"18","23  day ahead inc hosp",2021-06-07,"quantile",0.25,61.2390197691842
"13279",2021-05-15,"18","23  day ahead inc hosp",2021-06-07,"quantile",0.3,66.8529274771669
"13280",2021-05-15,"18","23  day ahead inc hosp",2021-06-07,"quantile",0.35,72.3915908647014
"13281",2021-05-15,"18","23  day ahead inc hosp",2021-06-07,"quantile",0.4,77.9588502260272
"13282",2021-05-15,"18","23  day ahead inc hosp",2021-06-07,"quantile",0.45,83.645029996484
"13283",2021-05-15,"18","23  day ahead inc hosp",2021-06-07,"quantile",0.5,89.5393000306251
"13284",2021-05-15,"18","23  day ahead inc hosp",2021-06-07,"quantile",0.55,95.7397319261625
"13285",2021-05-15,"18","23  day ahead inc hosp",2021-06-07,"quantile",0.6,102.364386965652
"13286",2021-05-15,"18","23  day ahead inc hosp",2021-06-07,"quantile",0.65,109.566827391319
"13287",2021-05-15,"18","23  day ahead inc hosp",2021-06-07,"quantile",0.7,117.561629023563
"13288",2021-05-15,"18","23  day ahead inc hosp",2021-06-07,"quantile",0.75,126.671833792472
"13289",2021-05-15,"18","23  day ahead inc hosp",2021-06-07,"quantile",0.8,137.428667350695
"13290",2021-05-15,"18","23  day ahead inc hosp",2021-06-07,"quantile",0.85,150.815834820636
"13291",2021-05-15,"18","23  day ahead inc hosp",2021-06-07,"quantile",0.9,169.022137790111
"13292",2021-05-15,"18","23  day ahead inc hosp",2021-06-07,"quantile",0.95,198.977837899417
"13293",2021-05-15,"18","23  day ahead inc hosp",2021-06-07,"quantile",0.975,228.038970195966
"13294",2021-05-15,"18","23  day ahead inc hosp",2021-06-07,"quantile",0.99,265.706436934649
"13295",2021-05-15,"18","24  day ahead inc hosp",2021-06-08,"quantile",0.01,19.2729350075513
"13296",2021-05-15,"18","24  day ahead inc hosp",2021-06-08,"quantile",0.025,25.6167082285557
"13297",2021-05-15,"18","24  day ahead inc hosp",2021-06-08,"quantile",0.05,32.2253673178413
"13298",2021-05-15,"18","24  day ahead inc hosp",2021-06-08,"quantile",0.1,41.3464558585648
"13299",2021-05-15,"18","24  day ahead inc hosp",2021-06-08,"quantile",0.15,48.5103274818783
"13300",2021-05-15,"18","24  day ahead inc hosp",2021-06-08,"quantile",0.2,54.8373521844484
"13301",2021-05-15,"18","24  day ahead inc hosp",2021-06-08,"quantile",0.25,60.7418699177074
"13302",2021-05-15,"18","24  day ahead inc hosp",2021-06-08,"quantile",0.3,66.4394544612633
"13303",2021-05-15,"18","24  day ahead inc hosp",2021-06-08,"quantile",0.35,72.0684148174494
"13304",2021-05-15,"18","24  day ahead inc hosp",2021-06-08,"quantile",0.4,77.7334524689775
"13305",2021-05-15,"18","24  day ahead inc hosp",2021-06-08,"quantile",0.45,83.5261181803571
"13306",2021-05-15,"18","24  day ahead inc hosp",2021-06-08,"quantile",0.5,89.5372385151979
"13307",2021-05-15,"18","24  day ahead inc hosp",2021-06-08,"quantile",0.55,95.8671175704461
"13308",2021-05-15,"18","24  day ahead inc hosp",2021-06-08,"quantile",0.6,102.63687935414
"13309",2021-05-15,"18","24  day ahead inc hosp",2021-06-08,"quantile",0.65,110.004418146841
"13310",2021-05-15,"18","24  day ahead inc hosp",2021-06-08,"quantile",0.7,118.190702078782
"13311",2021-05-15,"18","24  day ahead inc hosp",2021-06-08,"quantile",0.75,127.528757985265
"13312",2021-05-15,"18","24  day ahead inc hosp",2021-06-08,"quantile",0.8,138.566679333797
"13313",2021-05-15,"18","24  day ahead inc hosp",2021-06-08,"quantile",0.85,152.320109269638
"13314",2021-05-15,"18","24  day ahead inc hosp",2021-06-08,"quantile",0.9,171.050475674027
"13315",2021-05-15,"18","24  day ahead inc hosp",2021-06-08,"quantile",0.95,201.924208461139
"13316",2021-05-15,"18","24  day ahead inc hosp",2021-06-08,"quantile",0.975,231.931795346219
"13317",2021-05-15,"18","24  day ahead inc hosp",2021-06-08,"quantile",0.99,270.89388063192
"13318",2021-05-15,"18","25  day ahead inc hosp",2021-06-09,"quantile",0.01,18.5764972657656
"13319",2021-05-15,"18","25  day ahead inc hosp",2021-06-09,"quantile",0.025,24.8881488058756
"13320",2021-05-15,"18","25  day ahead inc hosp",2021-06-09,"quantile",0.05,31.4973813151995
"13321",2021-05-15,"18","25  day ahead inc hosp",2021-06-09,"quantile",0.1,40.660974464539
"13322",2021-05-15,"18","25  day ahead inc hosp",2021-06-09,"quantile",0.15,47.8843642081853
"13323",2021-05-15,"18","25  day ahead inc hosp",2021-06-09,"quantile",0.2,54.2793709154904
"13324",2021-05-15,"18","25  day ahead inc hosp",2021-06-09,"quantile",0.25,60.2584743207851
"13325",2021-05-15,"18","25  day ahead inc hosp",2021-06-09,"quantile",0.3,66.0369932212613
"13326",2021-05-15,"18","25  day ahead inc hosp",2021-06-09,"quantile",0.35,71.7536374947068
"13327",2021-05-15,"18","25  day ahead inc hosp",2021-06-09,"quantile",0.4,77.513922993342
"13328",2021-05-15,"18","25  day ahead inc hosp",2021-06-09,"quantile",0.45,83.4105912386288
"13329",2021-05-15,"18","25  day ahead inc hosp",2021-06-09,"quantile",0.5,89.5360958340549
"13330",2021-05-15,"18","25  day ahead inc hosp",2021-06-09,"quantile",0.55,95.9929462510421
"13331",2021-05-15,"18","25  day ahead inc hosp",2021-06-09,"quantile",0.6,102.90530206613
"13332",2021-05-15,"18","25  day ahead inc hosp",2021-06-09,"quantile",0.65,110.435359898295
"13333",2021-05-15,"18","25  day ahead inc hosp",2021-06-09,"quantile",0.7,118.810444842237
"13334",2021-05-15,"18","25  day ahead inc hosp",2021-06-09,"quantile",0.75,128.373522999341
"13335",2021-05-15,"18","25  day ahead inc hosp",2021-06-09,"quantile",0.8,139.689491656778
"13336",2021-05-15,"18","25  day ahead inc hosp",2021-06-09,"quantile",0.85,153.805833804414
"13337",2021-05-15,"18","25  day ahead inc hosp",2021-06-09,"quantile",0.9,173.056436472855
"13338",2021-05-15,"18","25  day ahead inc hosp",2021-06-09,"quantile",0.95,204.843590935134
"13339",2021-05-15,"18","25  day ahead inc hosp",2021-06-09,"quantile",0.975,235.79497632507
"13340",2021-05-15,"18","25  day ahead inc hosp",2021-06-09,"quantile",0.99,276.050611783917
"13341",2021-05-15,"18","26  day ahead inc hosp",2021-06-10,"quantile",0.01,17.9121497325526
"13342",2021-05-15,"18","26  day ahead inc hosp",2021-06-10,"quantile",0.025,24.1890382279117
"13343",2021-05-15,"18","26  day ahead inc hosp",2021-06-10,"quantile",0.05,30.7957143980578
"13344",2021-05-15,"18","26  day ahead inc hosp",2021-06-10,"quantile",0.1,39.9973038972737
"13345",2021-05-15,"18","26  day ahead inc hosp",2021-06-10,"quantile",0.15,47.2766882855313
"13346",2021-05-15,"18","26  day ahead inc hosp",2021-06-10,"quantile",0.2,53.7366386179477
"13347",2021-05-15,"18","26  day ahead inc hosp",2021-06-10,"quantile",0.25,59.7875772048486
"13348",2021-05-15,"18","26  day ahead inc hosp",2021-06-10,"quantile",0.3,65.6444650784938
"13349",2021-05-15,"18","26  day ahead inc hosp",2021-06-10,"quantile",0.35,71.4463501052297
"13350",2021-05-15,"18","26  day ahead inc hosp",2021-06-10,"quantile",0.4,77.2995193086784
"13351",2021-05-15,"18","26  day ahead inc hosp",2021-06-10,"quantile",0.45,83.2978722631127
"13352",2021-05-15,"18","26  day ahead inc hosp",2021-06-10,"quantile",0.5,89.5354625046164
"13353",2021-05-15,"18","26  day ahead inc hosp",2021-06-10,"quantile",0.55,96.1169803201331
"13354",2021-05-15,"18","26  day ahead inc hosp",2021-06-10,"quantile",0.6,103.169596553808
"13355",2021-05-15,"18","26  day ahead inc hosp",2021-06-10,"quantile",0.65,110.859783960375
"13356",2021-05-15,"18","26  day ahead inc hosp",2021-06-10,"quantile",0.7,119.421193927729
"13357",2021-05-15,"18","26  day ahead inc hosp",2021-06-10,"quantile",0.75,129.206692994303
"13358",2021-05-15,"18","26  day ahead inc hosp",2021-06-10,"quantile",0.8,140.797929190849
"13359",2021-05-15,"18","26  day ahead inc hosp",2021-06-10,"quantile",0.85,155.274146959456
"13360",2021-05-15,"18","26  day ahead inc hosp",2021-06-10,"quantile",0.9,175.041568411857
"13361",2021-05-15,"18","26  day ahead inc hosp",2021-06-10,"quantile",0.95,207.738171952362
"13362",2021-05-15,"18","26  day ahead inc hosp",2021-06-10,"quantile",0.975,239.631284234445
"13363",2021-05-15,"18","26  day ahead inc hosp",2021-06-10,"quantile",0.99,281.180118034976
"13364",2021-05-15,"18","27  day ahead inc hosp",2021-06-11,"quantile",0.01,17.277592465459
"13365",2021-05-15,"18","27  day ahead inc hosp",2021-06-11,"quantile",0.025,23.517316066456
"13366",2021-05-15,"18","27  day ahead inc hosp",2021-06-11,"quantile",0.05,30.1185422318951
"13367",2021-05-15,"18","27  day ahead inc hosp",2021-06-11,"quantile",0.1,39.3539234271184
"13368",2021-05-15,"18","27  day ahead inc hosp",2021-06-11,"quantile",0.15,46.6860012307217
"13369",2021-05-15,"18","27  day ahead inc hosp",2021-06-11,"quantile",0.2,53.2080426837953
"13370",2021-05-15,"18","27  day ahead inc hosp",2021-06-11,"quantile",0.25,59.3282315588819
"13371",2021-05-15,"18","27  day ahead inc hosp",2021-06-11,"quantile",0.3,65.2610763099337
"13372",2021-05-15,"18","27  day ahead inc hosp",2021-06-11,"quantile",0.35,71.1459046535344
"13373",2021-05-15,"18","27  day ahead inc hosp",2021-06-11,"quantile",0.4,77.0897348311101
"13374",2021-05-15,"18","27  day ahead inc hosp",2021-06-11,"quantile",0.45,83.1875942641691
"13375",2021-05-15,"18","27  day ahead inc hosp",2021-06-11,"quantile",0.5,89.5351114721423
"13376",2021-05-15,"18","27  day ahead inc hosp",2021-06-11,"quantile",0.55,96.2391350844052
"13377",2021-05-15,"18","27  day ahead inc hosp",2021-06-11,"quantile",0.6,103.429825157586
"13378",2021-05-15,"18","27  day ahead inc hosp",2021-06-11,"quantile",0.65,111.27790705283
"13379",2021-05-15,"18","27  day ahead inc hosp",2021-06-11,"quantile",0.7,120.023331273508
"13380",2021-05-15,"18","27  day ahead inc hosp",2021-06-11,"quantile",0.75,130.028830967804
"13381",2021-05-15,"18","27  day ahead inc hosp",2021-06-11,"quantile",0.8,141.892759740916
"13382",2021-05-15,"18","27  day ahead inc hosp",2021-06-11,"quantile",0.85,156.72605924256
"13383",2021-05-15,"18","27  day ahead inc hosp",2021-06-11,"quantile",0.9,177.007192994139
"13384",2021-05-15,"18","27  day ahead inc hosp",2021-06-11,"quantile",0.95,210.609744311493
"13385",2021-05-15,"18","27  day ahead inc hosp",2021-06-11,"quantile",0.975,243.442929472437
"13386",2021-05-15,"18","27  day ahead inc hosp",2021-06-11,"quantile",0.99,286.285104217324
"13387",2021-05-15,"18","28  day ahead inc hosp",2021-06-12,"quantile",0.01,16.6708364423297
"13388",2021-05-15,"18","28  day ahead inc hosp",2021-06-12,"quantile",0.025,22.8712154778895
"13389",2021-05-15,"18","28  day ahead inc hosp",2021-06-12,"quantile",0.05,29.464315322677
"13390",2021-05-15,"18","28  day ahead inc hosp",2021-06-12,"quantile",0.1,38.7295605931342
"13391",2021-05-15,"18","28  day ahead inc hosp",2021-06-12,"quantile",0.15,46.1112315649808
"13392",2021-05-15,"18","28  day ahead inc hosp",2021-06-12,"quantile",0.2,52.6926785094835
"13393",2021-05-15,"18","28  day ahead inc hosp",2021-06-12,"quantile",0.25,58.879680489701
"13394",2021-05-15,"18","28  day ahead inc hosp",2021-06-12,"quantile",0.3,64.8862059261505
"13395",2021-05-15,"18","28  day ahead inc hosp",2021-06-12,"quantile",0.35,70.8518085951698
"13396",2021-05-15,"18","28  day ahead inc hosp",2021-06-12,"quantile",0.4,76.8842009358556
"13397",2021-05-15,"18","28  day ahead inc hosp",2021-06-12,"quantile",0.45,83.0795102308723
"13398",2021-05-15,"18","28  day ahead inc hosp",2021-06-12,"quantile",0.5,89.5349169083405
"13399",2021-05-15,"18","28  day ahead inc hosp",2021-06-12,"quantile",0.55,96.359407233775
"13400",2021-05-15,"18","28  day ahead inc hosp",2021-06-12,"quantile",0.6,103.686110276057
"13401",2021-05-15,"18","28  day ahead inc hosp",2021-06-12,"quantile",0.65,111.689982631893
"13402",2021-05-15,"18","28  day ahead inc hosp",2021-06-12,"quantile",0.7,120.617249510142
"13403",2021-05-15,"18","28  day ahead inc hosp",2021-06-12,"quantile",0.75,130.840480743247
"13404",2021-05-15,"18","28  day ahead inc hosp",2021-06-12,"quantile",0.8,142.974696430287
"13405",2021-05-15,"18","28  day ahead inc hosp",2021-06-12,"quantile",0.85,158.162481948335
"13406",2021-05-15,"18","28  day ahead inc hosp",2021-06-12,"quantile",0.9,178.954471386527
"13407",2021-05-15,"18","28  day ahead inc hosp",2021-06-12,"quantile",0.95,213.45983863697
"13408",2021-05-15,"18","28  day ahead inc hosp",2021-06-12,"quantile",0.975,247.231760118783
"13409",2021-05-15,"18","28  day ahead inc hosp",2021-06-12,"quantile",0.99,291.367781297334
"13410",2021-05-15,"18","29  day ahead inc hosp",2021-06-13,"quantile",0.01,17.6387949580745
"13411",2021-05-15,"18","29  day ahead inc hosp",2021-06-13,"quantile",0.025,24.2186629710076
"13412",2021-05-15,"18","29  day ahead inc hosp",2021-06-13,"quantile",0.05,31.2189180414908
"13413",2021-05-15,"18","29  day ahead inc hosp",2021-06-13,"quantile",0.1,41.0607979372423
"13414",2021-05-15,"18","29  day ahead inc hosp",2021-06-13,"quantile",0.15,48.9046730368258
"13415",2021-05-15,"18","29  day ahead inc hosp",2021-06-13,"quantile",0.2,55.8998677561492
"13416",2021-05-15,"18","29  day ahead inc hosp",2021-06-13,"quantile",0.25,62.4770135726688
"13417",2021-05-15,"18","29  day ahead inc hosp",2021-06-13,"quantile",0.3,68.8632625136684
"13418",2021-05-15,"18","29  day ahead inc hosp",2021-06-13,"quantile",0.35,75.2068297519664
"13419",2021-05-15,"18","29  day ahead inc hosp",2021-06-13,"quantile",0.4,81.6221694514636
"13420",2021-05-15,"18","29  day ahead inc hosp",2021-06-13,"quantile",0.45,88.2114778299615
"13421",2021-05-15,"18","29  day ahead inc hosp",2021-06-13,"quantile",0.5,95.0781187074966
"13422",2021-05-15,"18","29  day ahead inc hosp",2021-06-13,"quantile",0.55,102.338056251208
"13423",2021-05-15,"18","29  day ahead inc hosp",2021-06-13,"quantile",0.6,110.13298224849
"13424",2021-05-15,"18","29  day ahead inc hosp",2021-06-13,"quantile",0.65,118.649142301487
"13425",2021-05-15,"18","29  day ahead inc hosp",2021-06-13,"quantile",0.7,128.14868418704
"13426",2021-05-15,"18","29  day ahead inc hosp",2021-06-13,"quantile",0.75,139.02830808203
"13427",2021-05-15,"18","29  day ahead inc hosp",2021-06-13,"quantile",0.8,151.942914315355
"13428",2021-05-15,"18","29  day ahead inc hosp",2021-06-13,"quantile",0.85,168.109252689093
"13429",2021-05-15,"18","29  day ahead inc hosp",2021-06-13,"quantile",0.9,190.243685921
"13430",2021-05-15,"18","29  day ahead inc hosp",2021-06-13,"quantile",0.95,226.982962879038
"13431",2021-05-15,"18","29  day ahead inc hosp",2021-06-13,"quantile",0.975,262.947382337245
"13432",2021-05-15,"18","29  day ahead inc hosp",2021-06-13,"quantile",0.99,309.956140561665
"13433",2021-05-15,"18","30  day ahead inc hosp",2021-06-14,"quantile",0.01,17.0426758022938
"13434",2021-05-15,"18","30  day ahead inc hosp",2021-06-14,"quantile",0.025,23.5798006015712
"13435",2021-05-15,"18","30  day ahead inc hosp",2021-06-14,"quantile",0.05,30.5689191510807
"13436",2021-05-15,"18","30  day ahead inc hosp",2021-06-14,"quantile",0.1,40.4374715067215
"13437",2021-05-15,"18","30  day ahead inc hosp",2021-06-14,"quantile",0.15,48.3291927995393
"13438",2021-05-15,"18","30  day ahead inc hosp",2021-06-14,"quantile",0.2,55.3827719887127
"13439",2021-05-15,"18","30  day ahead inc hosp",2021-06-14,"quantile",0.25,62.0261927127789
"13440",2021-05-15,"18","30  day ahead inc hosp",2021-06-14,"quantile",0.3,68.485960531823
"13441",2021-05-15,"18","30  day ahead inc hosp",2021-06-14,"quantile",0.35,74.9104679997452
"13442",2021-05-15,"18","30  day ahead inc hosp",2021-06-14,"quantile",0.4,81.4148462922281
"13443",2021-05-15,"18","30  day ahead inc hosp",2021-06-14,"quantile",0.45,88.1023959858068
"13444",2021-05-15,"18","30  day ahead inc hosp",2021-06-14,"quantile",0.5,95.0780561814266
"13445",2021-05-15,"18","30  day ahead inc hosp",2021-06-14,"quantile",0.55,102.45997240183
"13446",2021-05-15,"18","30  day ahead inc hosp",2021-06-14,"quantile",0.6,110.392875108803
"13447",2021-05-15,"18","30  day ahead inc hosp",2021-06-14,"quantile",0.65,119.067348200932
"13448",2021-05-15,"18","30  day ahead inc hosp",2021-06-14,"quantile",0.7,128.751980613792
"13449",2021-05-15,"18","30  day ahead inc hosp",2021-06-14,"quantile",0.75,139.853579022409
"13450",2021-05-15,"18","30  day ahead inc hosp",2021-06-14,"quantile",0.8,153.044179853152
"13451",2021-05-15,"18","30  day ahead inc hosp",2021-06-14,"quantile",0.85,169.573090590255
"13452",2021-05-15,"18","30  day ahead inc hosp",2021-06-14,"quantile",0.9,192.230984401351
"13453",2021-05-15,"18","30  day ahead inc hosp",2021-06-14,"quantile",0.95,229.897421833524
"13454",2021-05-15,"18","30  day ahead inc hosp",2021-06-14,"quantile",0.975,266.827968789666
"13455",2021-05-15,"18","30  day ahead inc hosp",2021-06-14,"quantile",0.99,315.170874834251
"13456",2021-05-15,"18","31  day ahead inc hosp",2021-06-15,"quantile",0.01,16.4708929134522
"13457",2021-05-15,"18","31  day ahead inc hosp",2021-06-15,"quantile",0.025,22.963497599181
"13458",2021-05-15,"18","31  day ahead inc hosp",2021-06-15,"quantile",0.05,29.9391972408197
"13459",2021-05-15,"18","31  day ahead inc hosp",2021-06-15,"quantile",0.1,39.8309951565207
"13460",2021-05-15,"18","31  day ahead inc hosp",2021-06-15,"quantile",0.15,47.767824169491
"13461",2021-05-15,"18","31  day ahead inc hosp",2021-06-15,"quantile",0.2,54.8774013951829
"13462",2021-05-15,"18","31  day ahead inc hosp",2021-06-15,"quantile",0.25,61.5849236604723
"13463",2021-05-15,"18","31  day ahead inc hosp",2021-06-15,"quantile",0.3,68.1161759686302
"13464",2021-05-15,"18","31  day ahead inc hosp",2021-06-15,"quantile",0.35,74.6196823262395
"13465",2021-05-15,"18","31  day ahead inc hosp",2021-06-15,"quantile",0.4,81.2112191647625
"13466",2021-05-15,"18","31  day ahead inc hosp",2021-06-15,"quantile",0.45,87.9951673706751
"13467",2021-05-15,"18","31  day ahead inc hosp",2021-06-15,"quantile",0.5,95.0780215254917
"13468",2021-05-15,"18","31  day ahead inc hosp",2021-06-15,"quantile",0.55,102.580090830768
"13469",2021-05-15,"18","31  day ahead inc hosp",2021-06-15,"quantile",0.6,110.6491273414
"13470",2021-05-15,"18","31  day ahead inc hosp",2021-06-15,"quantile",0.65,119.480035444152
"13471",2021-05-15,"18","31  day ahead inc hosp",2021-06-15,"quantile",0.7,129.34782531737
"13472",2021-05-15,"18","31  day ahead inc hosp",2021-06-15,"quantile",0.75,140.669386456432
"13473",2021-05-15,"18","31  day ahead inc hosp",2021-06-15,"quantile",0.8,154.133861935282
"13474",2021-05-15,"18","31  day ahead inc hosp",2021-06-15,"quantile",0.85,171.023080267475
"13475",2021-05-15,"18","31  day ahead inc hosp",2021-06-15,"quantile",0.9,194.201989448542
"13476",2021-05-15,"18","31  day ahead inc hosp",2021-06-15,"quantile",0.95,232.793050139562
"13477",2021-05-15,"18","31  day ahead inc hosp",2021-06-15,"quantile",0.975,270.688883798498
"13478",2021-05-15,"18","31  day ahead inc hosp",2021-06-15,"quantile",0.99,320.36698926531
"13479",2021-05-15,"18","32  day ahead inc hosp",2021-06-16,"quantile",0.01,15.9220713905122
"13480",2021-05-15,"18","32  day ahead inc hosp",2021-06-16,"quantile",0.025,22.3685452575029
"13481",2021-05-15,"18","32  day ahead inc hosp",2021-06-16,"quantile",0.05,29.3287062617085
"13482",2021-05-15,"18","32  day ahead inc hosp",2021-06-16,"quantile",0.1,39.2405291670549
"13483",2021-05-15,"18","32  day ahead inc hosp",2021-06-16,"quantile",0.15,47.2198759623225
"13484",2021-05-15,"18","32  day ahead inc hosp",2021-06-16,"quantile",0.2,54.3831871805388
"13485",2021-05-15,"18","32  day ahead inc hosp",2021-06-16,"quantile",0.25,61.1527451383627
"13486",2021-05-15,"18","32  day ahead inc hosp",2021-06-16,"quantile",0.3,67.7535457227732
"13487",2021-05-15,"18","32  day ahead inc hosp",2021-06-16,"quantile",0.35,74.3342017040672
"13488",2021-05-15,"18","32  day ahead inc hosp",2021-06-16,"quantile",0.4,81.0111051664214
"13489",2021-05-15,"18","32  day ahead inc hosp",2021-06-16,"quantile",0.45,87.8896948492489
"13490",2021-05-15,"18","32  day ahead inc hosp",2021-06-16,"quantile",0.5,95.0780023169611
"13491",2021-05-15,"18","32  day ahead inc hosp",2021-06-16,"quantile",0.55,102.698483954621
"13492",2021-05-15,"18","32  day ahead inc hosp",2021-06-16,"quantile",0.6,110.901897518827
"13493",2021-05-15,"18","32  day ahead inc hosp",2021-06-16,"quantile",0.65,119.887451405955
"13494",2021-05-15,"18","32  day ahead inc hosp",2021-06-16,"quantile",0.7,129.936558765164
"13495",2021-05-15,"18","32  day ahead inc hosp",2021-06-16,"quantile",0.75,141.476170479591
"13496",2021-05-15,"18","32  day ahead inc hosp",2021-06-16,"quantile",0.8,155.212510226228
"13497",2021-05-15,"18","32  day ahead inc hosp",2021-06-16,"quantile",0.85,172.459896750179
"13498",2021-05-15,"18","32  day ahead inc hosp",2021-06-16,"quantile",0.9,196.157529280253
"13499",2021-05-15,"18","32  day ahead inc hosp",2021-06-16,"quantile",0.95,235.670891155542
"13500",2021-05-15,"18","32  day ahead inc hosp",2021-06-16,"quantile",0.975,274.531342944356
"13501",2021-05-15,"18","32  day ahead inc hosp",2021-06-16,"quantile",0.99,325.545879110291
"13502",2021-05-15,"18","33  day ahead inc hosp",2021-06-17,"quantile",0.01,15.3949489928433
"13503",2021-05-15,"18","33  day ahead inc hosp",2021-06-17,"quantile",0.025,21.7938333819349
"13504",2021-05-15,"18","33  day ahead inc hosp",2021-06-17,"quantile",0.05,28.7364855176192
"13505",2021-05-15,"18","33  day ahead inc hosp",2021-06-17,"quantile",0.1,38.6653029963757
"13506",2021-05-15,"18","33  day ahead inc hosp",2021-06-17,"quantile",0.15,46.6847147191412
"13507",2021-05-15,"18","33  day ahead inc hosp",2021-06-17,"quantile",0.2,53.8996088970796
"13508",2021-05-15,"18","33  day ahead inc hosp",2021-06-17,"quantile",0.25,60.7292359930506
"13509",2021-05-15,"18","33  day ahead inc hosp",2021-06-17,"quantile",0.3,67.397739303497
"13510",2021-05-15,"18","33  day ahead inc hosp",2021-06-17,"quantile",0.35,74.0537806537784
"13511",2021-05-15,"18","33  day ahead inc hosp",2021-06-17,"quantile",0.4,80.814340158234
"13512",2021-05-15,"18","33  day ahead inc hosp",2021-06-17,"quantile",0.45,87.7858934153652
"13513",2021-05-15,"18","33  day ahead inc hosp",2021-06-17,"quantile",0.5,95.0779916703665
"13514",2021-05-15,"18","33  day ahead inc hosp",2021-06-17,"quantile",0.55,102.815223078394
"13515",2021-05-15,"18","33  day ahead inc hosp",2021-06-17,"quantile",0.6,111.151336292858
"13516",2021-05-15,"18","33  day ahead inc hosp",2021-06-17,"quantile",0.65,120.289828451631
"13517",2021-05-15,"18","33  day ahead inc hosp",2021-06-17,"quantile",0.7,130.518498894666
"13518",2021-05-15,"18","33  day ahead inc hosp",2021-06-17,"quantile",0.75,142.274340491634
"13519",2021-05-15,"18","33  day ahead inc hosp",2021-06-17,"quantile",0.8,156.280634549851
"13520",2021-05-15,"18","33  day ahead inc hosp",2021-06-17,"quantile",0.85,173.884164512606
"13521",2021-05-15,"18","33  day ahead inc hosp",2021-06-17,"quantile",0.9,198.098368017791
"13522",2021-05-15,"18","33  day ahead inc hosp",2021-06-17,"quantile",0.95,238.531904014857
"13523",2021-05-15,"18","33  day ahead inc hosp",2021-06-17,"quantile",0.975,278.356460136069
"13524",2021-05-15,"18","33  day ahead inc hosp",2021-06-17,"quantile",0.99,330.70881776705
"13525",2021-05-15,"18","34  day ahead inc hosp",2021-06-18,"quantile",0.01,14.8883624409798
"13526",2021-05-15,"18","34  day ahead inc hosp",2021-06-18,"quantile",0.025,21.2383379311611
"13527",2021-05-15,"18","34  day ahead inc hosp",2021-06-18,"quantile",0.05,28.1616485755284
"13528",2021-05-15,"18","34  day ahead inc hosp",2021-06-18,"quantile",0.1,38.1046057930004
"13529",2021-05-15,"18","34  day ahead inc hosp",2021-06-18,"quantile",0.15,46.1617563901316
"13530",2021-05-15,"18","34  day ahead inc hosp",2021-06-18,"quantile",0.2,53.4261871128328
"13531",2021-05-15,"18","34  day ahead inc hosp",2021-06-18,"quantile",0.25,60.3140087484387
"13532",2021-05-15,"18","34  day ahead inc hosp",2021-06-18,"quantile",0.3,67.0484532113506
"13533",2021-05-15,"18","34  day ahead inc hosp",2021-06-18,"quantile",0.35,73.7781944199972
"13534",2021-05-15,"18","34  day ahead inc hosp",2021-06-18,"quantile",0.4,80.6207747221661
"13535",2021-05-15,"18","34  day ahead inc hosp",2021-06-18,"quantile",0.45,87.6836869302533
"13536",2021-05-15,"18","34  day ahead inc hosp",2021-06-18,"quantile",0.5,95.0779857693433
"13537",2021-05-15,"18","34  day ahead inc hosp",2021-06-18,"quantile",0.55,102.930376746544
"13538",2021-05-15,"18","34  day ahead inc hosp",2021-06-18,"quantile",0.6,111.397585605008
"13539",2021-05-15,"18","34  day ahead inc hosp",2021-06-18,"quantile",0.65,120.687384065421
"13540",2021-05-15,"18","34  day ahead inc hosp",2021-06-18,"quantile",0.7,131.093942243027
"13541",2021-05-15,"18","34  day ahead inc hosp",2021-06-18,"quantile",0.75,143.064277446677
"13542",2021-05-15,"18","34  day ahead inc hosp",2021-06-18,"quantile",0.8,157.338708438381
"13543",2021-05-15,"18","34  day ahead inc hosp",2021-06-18,"quantile",0.85,175.296462607791
"13544",2021-05-15,"18","34  day ahead inc hosp",2021-06-18,"quantile",0.9,200.025212928702
"13545",2021-05-15,"18","34  day ahead inc hosp",2021-06-18,"quantile",0.95,241.376974244833
"13546",2021-05-15,"18","34  day ahead inc hosp",2021-06-18,"quantile",0.975,282.165261420526
"13547",2021-05-15,"18","34  day ahead inc hosp",2021-06-18,"quantile",0.99,335.856974630218
"13548",2021-05-15,"18","35  day ahead inc hosp",2021-06-19,"quantile",0.01,14.4012363620167
"13549",2021-05-15,"18","35  day ahead inc hosp",2021-06-19,"quantile",0.025,20.7011112012463
"13550",2021-05-15,"18","35  day ahead inc hosp",2021-06-19,"quantile",0.05,27.6033745998952
"13551",2021-05-15,"18","35  day ahead inc hosp",2021-06-19,"quantile",0.1,37.55777915356
"13552",2021-05-15,"18","35  day ahead inc hosp",2021-06-19,"quantile",0.15,45.6504601115488
"13553",2021-05-15,"18","35  day ahead inc hosp",2021-06-19,"quantile",0.2,52.9624780330483
"13554",2021-05-15,"18","35  day ahead inc hosp",2021-06-19,"quantile",0.25,59.9067049763134
"13555",2021-05-15,"18","35  day ahead inc hosp",2021-06-19,"quantile",0.3,66.7054070010965
"13556",2021-05-15,"18","35  day ahead inc hosp",2021-06-19,"quantile",0.35,73.5072356926981
"13557",2021-05-15,"18","35  day ahead inc hosp",2021-06-19,"quantile",0.4,80.4302715223145
"13558",2021-05-15,"18","35  day ahead inc hosp",2021-06-19,"quantile",0.45,87.5830061171656
"13559",2021-05-15,"18","35  day ahead inc hosp",2021-06-19,"quantile",0.5,95.0779824986191
"13560",2021-05-15,"18","35  day ahead inc hosp",2021-06-19,"quantile",0.55,103.044010026423
"13561",2021-05-15,"18","35  day ahead inc hosp",2021-06-19,"quantile",0.6,111.640778646632
"13562",2021-05-15,"18","35  day ahead inc hosp",2021-06-19,"quantile",0.65,121.080321525878
"13563",2021-05-15,"18","35  day ahead inc hosp",2021-06-19,"quantile",0.7,131.663165394053
"13564",2021-05-15,"18","35  day ahead inc hosp",2021-06-19,"quantile",0.75,143.84633615396
"13565",2021-05-15,"18","35  day ahead inc hosp",2021-06-19,"quantile",0.8,158.387172410278
"13566",2021-05-15,"18","35  day ahead inc hosp",2021-06-19,"quantile",0.85,176.697329120577
"13567",2021-05-15,"18","35  day ahead inc hosp",2021-06-19,"quantile",0.9,201.938720415942
"13568",2021-05-15,"18","35  day ahead inc hosp",2021-06-19,"quantile",0.95,244.206922157123
"13569",2021-05-15,"18","35  day ahead inc hosp",2021-06-19,"quantile",0.975,285.958695583876
"13570",2021-05-15,"18","35  day ahead inc hosp",2021-06-19,"quantile",0.99,340.991428423975
"13571",2021-05-15,"18","36  day ahead inc hosp",2021-06-20,"quantile",0.01,14.1772640050491
"13572",2021-05-15,"18","36  day ahead inc hosp",2021-06-20,"quantile",0.025,20.5041623845509
"13573",2021-05-15,"18","36  day ahead inc hosp",2021-06-20,"quantile",0.05,27.4630762346278
"13574",2021-05-15,"18","36  day ahead inc hosp",2021-06-20,"quantile",0.1,37.5327703245336
"13575",2021-05-15,"18","36  day ahead inc hosp",2021-06-20,"quantile",0.15,45.7403409175504
"13576",2021-05-15,"18","36  day ahead inc hosp",2021-06-20,"quantile",0.2,53.1687026336584
"13577",2021-05-15,"18","36  day ahead inc hosp",2021-06-20,"quantile",0.25,60.2325197162353
"13578",2021-05-15,"18","36  day ahead inc hosp",2021-06-20,"quantile",0.3,67.1556502163664
"13579",2021-05-15,"18","36  day ahead inc hosp",2021-06-20,"quantile",0.35,74.0883154901178
"13580",2021-05-15,"18","36  day ahead inc hosp",2021-06-20,"quantile",0.4,81.1502941557245
"13581",2021-05-15,"18","36  day ahead inc hosp",2021-06-20,"quantile",0.45,88.4520481036968
"13582",2021-05-15,"18","36  day ahead inc hosp",2021-06-20,"quantile",0.5,96.1085321595232
"13583",2021-05-15,"18","36  day ahead inc hosp",2021-06-20,"quantile",0.55,104.251642246498
"13584",2021-05-15,"18","36  day ahead inc hosp",2021-06-20,"quantile",0.6,113.045185081901
"13585",2021-05-15,"18","36  day ahead inc hosp",2021-06-20,"quantile",0.65,122.706925831487
"13586",2021-05-15,"18","36  day ahead inc hosp",2021-06-20,"quantile",0.7,133.545774422522
"13587",2021-05-15,"18","36  day ahead inc hosp",2021-06-20,"quantile",0.75,146.031785613786
"13588",2021-05-15,"18","36  day ahead inc hosp",2021-06-20,"quantile",0.8,160.94424535664
"13589",2021-05-15,"18","36  day ahead inc hosp",2021-06-20,"quantile",0.85,179.736297488237
"13590",2021-05-15,"18","36  day ahead inc hosp",2021-06-20,"quantile",0.9,205.664114790271
"13591",2021-05-15,"18","36  day ahead inc hosp",2021-06-20,"quantile",0.95,249.129628165474
"13592",2021-05-15,"18","36  day ahead inc hosp",2021-06-20,"quantile",0.975,292.112218953904
"13593",2021-05-15,"18","36  day ahead inc hosp",2021-06-20,"quantile",0.99,348.826105279676
"13594",2021-05-15,"18","37  day ahead inc hosp",2021-06-21,"quantile",0.01,13.7201861426407
"13595",2021-05-15,"18","37  day ahead inc hosp",2021-06-21,"quantile",0.025,19.994850177279
"13596",2021-05-15,"18","37  day ahead inc hosp",2021-06-21,"quantile",0.05,26.9298119948397
"13597",2021-05-15,"18","37  day ahead inc hosp",2021-06-21,"quantile",0.1,37.0065251221822
"13598",2021-05-15,"18","37  day ahead inc hosp",2021-06-21,"quantile",0.15,45.2460996180459
"13599",2021-05-15,"18","37  day ahead inc hosp",2021-06-21,"quantile",0.2,52.7190085306831
"13600",2021-05-15,"18","37  day ahead inc hosp",2021-06-21,"quantile",0.25,59.8365009616791
"13601",2021-05-15,"18","37  day ahead inc hosp",2021-06-21,"quantile",0.3,66.8213753722517
"13602",2021-05-15,"18","37  day ahead inc hosp",2021-06-21,"quantile",0.35,73.8237742894074
"13603",2021-05-15,"18","37  day ahead inc hosp",2021-06-21,"quantile",0.4,80.9639776808722
"13604",2021-05-15,"18","37  day ahead inc hosp",2021-06-21,"quantile",0.45,88.3534212752461
"13605",2021-05-15,"18","37  day ahead inc hosp",2021-06-21,"quantile",0.5,96.1085311465717
"13606",2021-05-15,"18","37  day ahead inc hosp",2021-06-21,"quantile",0.55,104.363296165814
"13607",2021-05-15,"18","37  day ahead inc hosp",2021-06-21,"quantile",0.6,113.28448210619
"13608",2021-05-15,"18","37  day ahead inc hosp",2021-06-21,"quantile",0.65,123.094117222394
"13609",2021-05-15,"18","37  day ahead inc hosp",2021-06-21,"quantile",0.7,134.107479703699
"13610",2021-05-15,"18","37  day ahead inc hosp",2021-06-21,"quantile",0.75,146.804662261939
"13611",2021-05-15,"18","37  day ahead inc hosp",2021-06-21,"quantile",0.8,161.982036708966
"13612",2021-05-15,"18","37  day ahead inc hosp",2021-06-21,"quantile",0.85,181.125330072719
"13613",2021-05-15,"18","37  day ahead inc hosp",2021-06-21,"quantile",0.9,207.565388225262
"13614",2021-05-15,"18","37  day ahead inc hosp",2021-06-21,"quantile",0.95,251.949446005077
"13615",2021-05-15,"18","37  day ahead inc hosp",2021-06-21,"quantile",0.975,295.900580237218
"13616",2021-05-15,"18","37  day ahead inc hosp",2021-06-21,"quantile",0.99,353.966032230401
"13617",2021-05-15,"19","1  day ahead inc hosp",2021-05-16,"quantile",0.01,15.8073132979209
"13618",2021-05-15,"19","1  day ahead inc hosp",2021-05-16,"quantile",0.025,17.3515175728966
"13619",2021-05-15,"19","1  day ahead inc hosp",2021-05-16,"quantile",0.05,18.767788241276
"13620",2021-05-15,"19","1  day ahead inc hosp",2021-05-16,"quantile",0.1,20.5063360008571
"13621",2021-05-15,"19","1  day ahead inc hosp",2021-05-16,"quantile",0.15,21.7457169011117
"13622",2021-05-15,"19","1  day ahead inc hosp",2021-05-16,"quantile",0.2,22.7701342744916
"13623",2021-05-15,"19","1  day ahead inc hosp",2021-05-16,"quantile",0.25,23.6774735601072
"13624",2021-05-15,"19","1  day ahead inc hosp",2021-05-16,"quantile",0.3,24.5151600899386
"13625",2021-05-15,"19","1  day ahead inc hosp",2021-05-16,"quantile",0.35,25.3110614416214
"13626",2021-05-15,"19","1  day ahead inc hosp",2021-05-16,"quantile",0.4,26.0840649014857
"13627",2021-05-15,"19","1  day ahead inc hosp",2021-05-16,"quantile",0.45,26.8486769084648
"13628",2021-05-15,"19","1  day ahead inc hosp",2021-05-16,"quantile",0.5,27.6174583557767
"13629",2021-05-15,"19","1  day ahead inc hosp",2021-05-16,"quantile",0.55,28.4026326920173
"13630",2021-05-15,"19","1  day ahead inc hosp",2021-05-16,"quantile",0.6,29.2174856641877
"13631",2021-05-15,"19","1  day ahead inc hosp",2021-05-16,"quantile",0.65,30.0779991591301
"13632",2021-05-15,"19","1  day ahead inc hosp",2021-05-16,"quantile",0.7,31.0052769649848
"13633",2021-05-15,"19","1  day ahead inc hosp",2021-05-16,"quantile",0.75,32.0298349418995
"13634",2021-05-15,"19","1  day ahead inc hosp",2021-05-16,"quantile",0.8,33.200383647728
"13635",2021-05-15,"19","1  day ahead inc hosp",2021-05-16,"quantile",0.85,34.6049700536853
"13636",2021-05-15,"19","1  day ahead inc hosp",2021-05-16,"quantile",0.9,36.4350280440725
"13637",2021-05-15,"19","1  day ahead inc hosp",2021-05-16,"quantile",0.95,39.2797805559403
"13638",2021-05-15,"19","1  day ahead inc hosp",2021-05-16,"quantile",0.975,41.8793008260176
"13639",2021-05-15,"19","1  day ahead inc hosp",2021-05-16,"quantile",0.99,45.0616851336551
"13640",2021-05-15,"19","2  day ahead inc hosp",2021-05-17,"quantile",0.01,15.2443534610122
"13641",2021-05-15,"19","2  day ahead inc hosp",2021-05-17,"quantile",0.025,16.8519574090167
"13642",2021-05-15,"19","2  day ahead inc hosp",2021-05-17,"quantile",0.05,18.3334729405018
"13643",2021-05-15,"19","2  day ahead inc hosp",2021-05-17,"quantile",0.1,20.1604701861397
"13644",2021-05-15,"19","2  day ahead inc hosp",2021-05-17,"quantile",0.15,21.4680398298613
"13645",2021-05-15,"19","2  day ahead inc hosp",2021-05-17,"quantile",0.2,22.5518039219138
"13646",2021-05-15,"19","2  day ahead inc hosp",2021-05-17,"quantile",0.25,23.5138360798351
"13647",2021-05-15,"19","2  day ahead inc hosp",2021-05-17,"quantile",0.3,24.4037082577299
"13648",2021-05-15,"19","2  day ahead inc hosp",2021-05-17,"quantile",0.35,25.250633423135
"13649",2021-05-15,"19","2  day ahead inc hosp",2021-05-17,"quantile",0.4,26.0744854382017
"13650",2021-05-15,"19","2  day ahead inc hosp",2021-05-17,"quantile",0.45,26.8906018198627
"13651",2021-05-15,"19","2  day ahead inc hosp",2021-05-17,"quantile",0.5,27.712337490183
"13652",2021-05-15,"19","2  day ahead inc hosp",2021-05-17,"quantile",0.55,28.5527640593631
"13653",2021-05-15,"19","2  day ahead inc hosp",2021-05-17,"quantile",0.6,29.4261646141263
"13654",2021-05-15,"19","2  day ahead inc hosp",2021-05-17,"quantile",0.65,30.3497955106847
"13655",2021-05-15,"19","2  day ahead inc hosp",2021-05-17,"quantile",0.7,31.3465182642548
"13656",2021-05-15,"19","2  day ahead inc hosp",2021-05-17,"quantile",0.75,32.4494689745434
"13657",2021-05-15,"19","2  day ahead inc hosp",2021-05-17,"quantile",0.8,33.7116326140108
"13658",2021-05-15,"19","2  day ahead inc hosp",2021-05-17,"quantile",0.85,35.228913537921
"13659",2021-05-15,"19","2  day ahead inc hosp",2021-05-17,"quantile",0.9,37.2100925865013
"13660",2021-05-15,"19","2  day ahead inc hosp",2021-05-17,"quantile",0.95,40.2987539281404
"13661",2021-05-15,"19","2  day ahead inc hosp",2021-05-17,"quantile",0.975,43.1300157103027
"13662",2021-05-15,"19","2  day ahead inc hosp",2021-05-17,"quantile",0.99,46.6066669161393
"13663",2021-05-15,"19","3  day ahead inc hosp",2021-05-18,"quantile",0.01,15.9146704816325
"13664",2021-05-15,"19","3  day ahead inc hosp",2021-05-18,"quantile",0.025,17.6203033564315
"13665",2021-05-15,"19","3  day ahead inc hosp",2021-05-18,"quantile",0.05,19.1938208397455
"13666",2021-05-15,"19","3  day ahead inc hosp",2021-05-18,"quantile",0.1,21.1362293921444
"13667",2021-05-15,"19","3  day ahead inc hosp",2021-05-18,"quantile",0.15,22.5275976338549
"13668",2021-05-15,"19","3  day ahead inc hosp",2021-05-18,"quantile",0.2,23.6815137417005
"13669",2021-05-15,"19","3  day ahead inc hosp",2021-05-18,"quantile",0.25,24.7063145816912
"13670",2021-05-15,"19","3  day ahead inc hosp",2021-05-18,"quantile",0.3,25.6546414627021
"13671",2021-05-15,"19","3  day ahead inc hosp",2021-05-18,"quantile",0.35,26.5575359354962
"13672",2021-05-15,"19","3  day ahead inc hosp",2021-05-18,"quantile",0.4,27.4361334820943
"13673",2021-05-15,"19","3  day ahead inc hosp",2021-05-18,"quantile",0.45,28.3067625215402
"13674",2021-05-15,"19","3  day ahead inc hosp",2021-05-18,"quantile",0.5,29.1836582373264
"13675",2021-05-15,"19","3  day ahead inc hosp",2021-05-18,"quantile",0.55,30.0807714402486
"13676",2021-05-15,"19","3  day ahead inc hosp",2021-05-18,"quantile",0.6,31.0133634295921
"13677",2021-05-15,"19","3  day ahead inc hosp",2021-05-18,"quantile",0.65,31.9998896885277
"13678",2021-05-15,"19","3  day ahead inc hosp",2021-05-18,"quantile",0.7,33.0648176038294
"13679",2021-05-15,"19","3  day ahead inc hosp",2021-05-18,"quantile",0.75,34.243628959237
"13680",2021-05-15,"19","3  day ahead inc hosp",2021-05-18,"quantile",0.8,35.5930806595974
"13681",2021-05-15,"19","3  day ahead inc hosp",2021-05-18,"quantile",0.85,37.2159346227208
"13682",2021-05-15,"19","3  day ahead inc hosp",2021-05-18,"quantile",0.9,39.3359612789737
"13683",2021-05-15,"19","3  day ahead inc hosp",2021-05-18,"quantile",0.95,42.6431759022468
"13684",2021-05-15,"19","3  day ahead inc hosp",2021-05-18,"quantile",0.975,45.6768337543932
"13685",2021-05-15,"19","3  day ahead inc hosp",2021-05-18,"quantile",0.99,49.404468283826
"13686",2021-05-15,"19","4  day ahead inc hosp",2021-05-19,"quantile",0.01,16.0669530267508
"13687",2021-05-15,"19","4  day ahead inc hosp",2021-05-19,"quantile",0.025,17.8467462509006
"13688",2021-05-15,"19","4  day ahead inc hosp",2021-05-19,"quantile",0.05,19.4923082678599
"13689",2021-05-15,"19","4  day ahead inc hosp",2021-05-19,"quantile",0.1,21.5279250358208
"13690",2021-05-15,"19","4  day ahead inc hosp",2021-05-19,"quantile",0.15,22.9886837423312
"13691",2021-05-15,"19","4  day ahead inc hosp",2021-05-19,"quantile",0.2,24.2016730233905
"13692",2021-05-15,"19","4  day ahead inc hosp",2021-05-19,"quantile",0.25,25.2800244873267
"13693",2021-05-15,"19","4  day ahead inc hosp",2021-05-19,"quantile",0.3,26.2787697025974
"13694",2021-05-15,"19","4  day ahead inc hosp",2021-05-19,"quantile",0.35,27.2304031614858
"13695",2021-05-15,"19","4  day ahead inc hosp",2021-05-19,"quantile",0.4,28.1570883263429
"13696",2021-05-15,"19","4  day ahead inc hosp",2021-05-19,"quantile",0.45,29.0759857127407
"13697",2021-05-15,"19","4  day ahead inc hosp",2021-05-19,"quantile",0.5,30.0020942585995
"13698",2021-05-15,"19","4  day ahead inc hosp",2021-05-19,"quantile",0.55,30.9501519377514
"13699",2021-05-15,"19","4  day ahead inc hosp",2021-05-19,"quantile",0.6,31.9363196044603
"13700",2021-05-15,"19","4  day ahead inc hosp",2021-05-19,"quantile",0.65,32.9801784614876
"13701",2021-05-15,"19","4  day ahead inc hosp",2021-05-19,"quantile",0.7,34.1077261224952
"13702",2021-05-15,"19","4  day ahead inc hosp",2021-05-19,"quantile",0.75,35.3567031154587
"13703",2021-05-15,"19","4  day ahead inc hosp",2021-05-19,"quantile",0.8,36.7875258799168
"13704",2021-05-15,"19","4  day ahead inc hosp",2021-05-19,"quantile",0.85,38.509648646264
"13705",2021-05-15,"19","4  day ahead inc hosp",2021-05-19,"quantile",0.9,40.761548848609
"13706",2021-05-15,"19","4  day ahead inc hosp",2021-05-19,"quantile",0.95,44.2790871492765
"13707",2021-05-15,"19","4  day ahead inc hosp",2021-05-19,"quantile",0.975,47.5102039710001
"13708",2021-05-15,"19","4  day ahead inc hosp",2021-05-19,"quantile",0.99,51.4858736018302
"13709",2021-05-15,"19","5  day ahead inc hosp",2021-05-20,"quantile",0.01,12.7935871327871
"13710",2021-05-15,"19","5  day ahead inc hosp",2021-05-20,"quantile",0.025,14.3783386581984
"13711",2021-05-15,"19","5  day ahead inc hosp",2021-05-20,"quantile",0.05,15.8552736341258
"13712",2021-05-15,"19","5  day ahead inc hosp",2021-05-20,"quantile",0.1,17.6961420876055
"13713",2021-05-15,"19","5  day ahead inc hosp",2021-05-20,"quantile",0.15,19.0256845820482
"13714",2021-05-15,"19","5  day ahead inc hosp",2021-05-20,"quantile",0.2,20.1346884246706
"13715",2021-05-15,"19","5  day ahead inc hosp",2021-05-20,"quantile",0.25,21.1241512306359
"13716",2021-05-15,"19","5  day ahead inc hosp",2021-05-20,"quantile",0.3,22.0433990638931
"13717",2021-05-15,"19","5  day ahead inc hosp",2021-05-20,"quantile",0.35,22.9216999879706
"13718",2021-05-15,"19","5  day ahead inc hosp",2021-05-20,"quantile",0.4,23.7791442593002
"13719",2021-05-15,"19","5  day ahead inc hosp",2021-05-20,"quantile",0.45,24.6314122166035
"13720",2021-05-15,"19","5  day ahead inc hosp",2021-05-20,"quantile",0.5,25.4923354554173
"13721",2021-05-15,"19","5  day ahead inc hosp",2021-05-20,"quantile",0.55,26.3756323000644
"13722",2021-05-15,"19","5  day ahead inc hosp",2021-05-20,"quantile",0.6,27.2964720376912
"13723",2021-05-15,"19","5  day ahead inc hosp",2021-05-20,"quantile",0.65,28.2733590343966
"13724",2021-05-15,"19","5  day ahead inc hosp",2021-05-20,"quantile",0.7,29.3309855407288
"13725",2021-05-15,"19","5  day ahead inc hosp",2021-05-20,"quantile",0.75,30.5053277557858
"13726",2021-05-15,"19","5  day ahead inc hosp",2021-05-20,"quantile",0.8,31.8541312039709
"13727",2021-05-15,"19","5  day ahead inc hosp",2021-05-20,"quantile",0.85,33.4822322875614
"13728",2021-05-15,"19","5  day ahead inc hosp",2021-05-20,"quantile",0.9,35.6184954339157
"13729",2021-05-15,"19","5  day ahead inc hosp",2021-05-20,"quantile",0.95,38.9707825837475
"13730",2021-05-15,"19","5  day ahead inc hosp",2021-05-20,"quantile",0.975,42.0652857622998
"13731",2021-05-15,"19","5  day ahead inc hosp",2021-05-20,"quantile",0.99,45.8910203148115
"13732",2021-05-15,"19","6  day ahead inc hosp",2021-05-21,"quantile",0.01,10.9625644144885
"13733",2021-05-15,"19","6  day ahead inc hosp",2021-05-21,"quantile",0.025,12.4724751626179
"13734",2021-05-15,"19","6  day ahead inc hosp",2021-05-21,"quantile",0.05,13.8913843038923
"13735",2021-05-15,"19","6  day ahead inc hosp",2021-05-21,"quantile",0.1,15.6738393897794
"13736",2021-05-15,"19","6  day ahead inc hosp",2021-05-21,"quantile",0.15,16.9697799905692
"13737",2021-05-15,"19","6  day ahead inc hosp",2021-05-21,"quantile",0.2,18.0557655349245
"13738",2021-05-15,"19","6  day ahead inc hosp",2021-05-21,"quantile",0.25,19.0282750885005
"13739",2021-05-15,"19","6  day ahead inc hosp",2021-05-21,"quantile",0.3,19.9346279053873
"13740",2021-05-15,"19","6  day ahead inc hosp",2021-05-21,"quantile",0.35,20.8030472788337
"13741",2021-05-15,"19","6  day ahead inc hosp",2021-05-21,"quantile",0.4,21.6530373066163
"13742",2021-05-15,"19","6  day ahead inc hosp",2021-05-21,"quantile",0.45,22.4999492038754
"13743",2021-05-15,"19","6  day ahead inc hosp",2021-05-21,"quantile",0.5,23.3574533953227
"13744",2021-05-15,"19","6  day ahead inc hosp",2021-05-21,"quantile",0.55,24.239237662912
"13745",2021-05-15,"19","6  day ahead inc hosp",2021-05-21,"quantile",0.6,25.1605650687832
"13746",2021-05-15,"19","6  day ahead inc hosp",2021-05-21,"quantile",0.65,26.1401792502068
"13747",2021-05-15,"19","6  day ahead inc hosp",2021-05-21,"quantile",0.7,27.203215951038
"13748",2021-05-15,"19","6  day ahead inc hosp",2021-05-21,"quantile",0.75,28.3864280417073
"13749",2021-05-15,"19","6  day ahead inc hosp",2021-05-21,"quantile",0.8,29.7489615365476
"13750",2021-05-15,"19","6  day ahead inc hosp",2021-05-21,"quantile",0.85,31.3984184252102
"13751",2021-05-15,"19","6  day ahead inc hosp",2021-05-21,"quantile",0.9,33.5701567507971
"13752",2021-05-15,"19","6  day ahead inc hosp",2021-05-21,"quantile",0.95,36.9938275958415
"13753",2021-05-15,"19","6  day ahead inc hosp",2021-05-21,"quantile",0.975,40.169762764437
"13754",2021-05-15,"19","6  day ahead inc hosp",2021-05-21,"quantile",0.99,44.1147872951342
"13755",2021-05-15,"19","7  day ahead inc hosp",2021-05-22,"quantile",0.01,9.38097750047264
"13756",2021-05-15,"19","7  day ahead inc hosp",2021-05-22,"quantile",0.025,10.8264301540623
"13757",2021-05-15,"19","7  day ahead inc hosp",2021-05-22,"quantile",0.05,12.1979025046014
"13758",2021-05-15,"19","7  day ahead inc hosp",2021-05-22,"quantile",0.1,13.9364104291668
"13759",2021-05-15,"19","7  day ahead inc hosp",2021-05-22,"quantile",0.15,15.2100755892299
"13760",2021-05-15,"19","7  day ahead inc hosp",2021-05-22,"quantile",0.2,16.2830495941682
"13761",2021-05-15,"19","7  day ahead inc hosp",2021-05-22,"quantile",0.25,17.2479582041436
"13762",2021-05-15,"19","7  day ahead inc hosp",2021-05-22,"quantile",0.3,18.1504584208388
"13763",2021-05-15,"19","7  day ahead inc hosp",2021-05-22,"quantile",0.35,19.0179498499208
"13764",2021-05-15,"19","7  day ahead inc hosp",2021-05-22,"quantile",0.4,19.8695184262691
"13765",2021-05-15,"19","7  day ahead inc hosp",2021-05-22,"quantile",0.45,20.7203340664703
"13766",2021-05-15,"19","7  day ahead inc hosp",2021-05-22,"quantile",0.5,21.5840537547911
"13767",2021-05-15,"19","7  day ahead inc hosp",2021-05-22,"quantile",0.55,22.4744990123667
"13768",2021-05-15,"19","7  day ahead inc hosp",2021-05-22,"quantile",0.6,23.4072262217454
"13769",2021-05-15,"19","7  day ahead inc hosp",2021-05-22,"quantile",0.65,24.4014796250596
"13770",2021-05-15,"19","7  day ahead inc hosp",2021-05-22,"quantile",0.7,25.483205526461
"13771",2021-05-15,"19","7  day ahead inc hosp",2021-05-22,"quantile",0.75,26.6904883361909
"13772",2021-05-15,"19","7  day ahead inc hosp",2021-05-22,"quantile",0.8,28.0847901625667
"13773",2021-05-15,"19","7  day ahead inc hosp",2021-05-22,"quantile",0.85,29.7781796276994
"13774",2021-05-15,"19","7  day ahead inc hosp",2021-05-22,"quantile",0.9,32.0163068898414
"13775",2021-05-15,"19","7  day ahead inc hosp",2021-05-22,"quantile",0.95,35.5626964100415
"13776",2021-05-15,"19","7  day ahead inc hosp",2021-05-22,"quantile",0.975,38.8703571339394
"13777",2021-05-15,"19","7  day ahead inc hosp",2021-05-22,"quantile",0.99,43.0004795797084
"13778",2021-05-15,"19","8  day ahead inc hosp",2021-05-23,"quantile",0.01,8.67461380440765
"13779",2021-05-15,"19","8  day ahead inc hosp",2021-05-23,"quantile",0.025,10.1390244097756
"13780",2021-05-15,"19","8  day ahead inc hosp",2021-05-23,"quantile",0.05,11.540383826567
"13781",2021-05-15,"19","8  day ahead inc hosp",2021-05-23,"quantile",0.1,13.3309816301268
"13782",2021-05-15,"19","8  day ahead inc hosp",2021-05-23,"quantile",0.15,14.6516036009654
"13783",2021-05-15,"19","8  day ahead inc hosp",2021-05-23,"quantile",0.2,15.7692785375304
"13784",2021-05-15,"19","8  day ahead inc hosp",2021-05-23,"quantile",0.25,16.7780728438811
"13785",2021-05-15,"19","8  day ahead inc hosp",2021-05-23,"quantile",0.3,17.724563128005
"13786",2021-05-15,"19","8  day ahead inc hosp",2021-05-23,"quantile",0.35,18.6368565606993
"13787",2021-05-15,"19","8  day ahead inc hosp",2021-05-23,"quantile",0.4,19.5346724765416
"13788",2021-05-15,"19","8  day ahead inc hosp",2021-05-23,"quantile",0.45,20.4338213762564
"13789",2021-05-15,"19","8  day ahead inc hosp",2021-05-23,"quantile",0.5,21.3486733885998
"13790",2021-05-15,"19","8  day ahead inc hosp",2021-05-23,"quantile",0.55,22.2939063642369
"13791",2021-05-15,"19","8  day ahead inc hosp",2021-05-23,"quantile",0.6,23.2861712728952
"13792",2021-05-15,"19","8  day ahead inc hosp",2021-05-23,"quantile",0.65,24.3461929467665
"13793",2021-05-15,"19","8  day ahead inc hosp",2021-05-23,"quantile",0.7,25.5020389423264
"13794",2021-05-15,"19","8  day ahead inc hosp",2021-05-23,"quantile",0.75,26.7950387073982
"13795",2021-05-15,"19","8  day ahead inc hosp",2021-05-23,"quantile",0.8,28.2920475143931
"13796",2021-05-15,"19","8  day ahead inc hosp",2021-05-23,"quantile",0.85,30.1151975460682
"13797",2021-05-15,"19","8  day ahead inc hosp",2021-05-23,"quantile",0.9,32.5326761257664
"13798",2021-05-15,"19","8  day ahead inc hosp",2021-05-23,"quantile",0.95,36.3798696511771
"13799",2021-05-15,"19","8  day ahead inc hosp",2021-05-23,"quantile",0.975,39.9845607776841
"13800",2021-05-15,"19","8  day ahead inc hosp",2021-05-23,"quantile",0.99,44.505375550504
"13801",2021-05-15,"19","9  day ahead inc hosp",2021-05-24,"quantile",0.01,12.1216773902867
"13802",2021-05-15,"19","9  day ahead inc hosp",2021-05-24,"quantile",0.025,14.1235443783369
"13803",2021-05-15,"19","9  day ahead inc hosp",2021-05-24,"quantile",0.05,16.0351807455844
"13804",2021-05-15,"19","9  day ahead inc hosp",2021-05-24,"quantile",0.1,18.4729882364925
"13805",2021-05-15,"19","9  day ahead inc hosp",2021-05-24,"quantile",0.15,20.2679884520474
"13806",2021-05-15,"19","9  day ahead inc hosp",2021-05-24,"quantile",0.2,21.7854174029824
"13807",2021-05-15,"19","9  day ahead inc hosp",2021-05-24,"quantile",0.25,23.153790099948
"13808",2021-05-15,"19","9  day ahead inc hosp",2021-05-24,"quantile",0.3,24.4366688386013
"13809",2021-05-15,"19","9  day ahead inc hosp",2021-05-24,"quantile",0.35,25.6723579137168
"13810",2021-05-15,"19","9  day ahead inc hosp",2021-05-24,"quantile",0.4,26.8876829427724
"13811",2021-05-15,"19","9  day ahead inc hosp",2021-05-24,"quantile",0.45,28.1041056958797
"13812",2021-05-15,"19","9  day ahead inc hosp",2021-05-24,"quantile",0.5,29.3410869269916
"13813",2021-05-15,"19","9  day ahead inc hosp",2021-05-24,"quantile",0.55,30.6184593307546
"13814",2021-05-15,"19","9  day ahead inc hosp",2021-05-24,"quantile",0.6,31.958678518188
"13815",2021-05-15,"19","9  day ahead inc hosp",2021-05-24,"quantile",0.65,33.3896526695542
"13816",2021-05-15,"19","9  day ahead inc hosp",2021-05-24,"quantile",0.7,34.9491369342698
"13817",2021-05-15,"19","9  day ahead inc hosp",2021-05-24,"quantile",0.75,36.69268296468
"13818",2021-05-15,"19","9  day ahead inc hosp",2021-05-24,"quantile",0.8,38.7101013290245
"13819",2021-05-15,"19","9  day ahead inc hosp",2021-05-24,"quantile",0.85,41.1653844500438
"13820",2021-05-15,"19","9  day ahead inc hosp",2021-05-24,"quantile",0.9,44.4184836012994
"13821",2021-05-15,"19","9  day ahead inc hosp",2021-05-24,"quantile",0.95,49.5900320153481
"13822",2021-05-15,"19","9  day ahead inc hosp",2021-05-24,"quantile",0.975,54.4301991387291
"13823",2021-05-15,"19","9  day ahead inc hosp",2021-05-24,"quantile",0.99,60.4940066868824
"13824",2021-05-15,"19","10  day ahead inc hosp",2021-05-25,"quantile",0.01,11.0247684907743
"13825",2021-05-15,"19","10  day ahead inc hosp",2021-05-25,"quantile",0.025,13.0100802549103
"13826",2021-05-15,"19","10  day ahead inc hosp",2021-05-25,"quantile",0.05,14.9221659306009
"13827",2021-05-15,"19","10  day ahead inc hosp",2021-05-25,"quantile",0.1,17.3799941654704
"13828",2021-05-15,"19","10  day ahead inc hosp",2021-05-25,"quantile",0.15,19.2017896726016
"13829",2021-05-15,"19","10  day ahead inc hosp",2021-05-25,"quantile",0.2,20.7489246518392
"13830",2021-05-15,"19","10  day ahead inc hosp",2021-05-25,"quantile",0.25,22.1491457892797
"13831",2021-05-15,"19","10  day ahead inc hosp",2021-05-25,"quantile",0.3,23.4659248903813
"13832",2021-05-15,"19","10  day ahead inc hosp",2021-05-25,"quantile",0.35,24.737728177036
"13833",2021-05-15,"19","10  day ahead inc hosp",2021-05-25,"quantile",0.4,25.9916903606276
"13834",2021-05-15,"19","10  day ahead inc hosp",2021-05-25,"quantile",0.45,27.2497111349266
"13835",2021-05-15,"19","10  day ahead inc hosp",2021-05-25,"quantile",0.5,28.5318372224236
"13836",2021-05-15,"19","10  day ahead inc hosp",2021-05-25,"quantile",0.55,29.8586838053774
"13837",2021-05-15,"19","10  day ahead inc hosp",2021-05-25,"quantile",0.6,31.2537715953992
"13838",2021-05-15,"19","10  day ahead inc hosp",2021-05-25,"quantile",0.65,32.7465051105489
"13839",2021-05-15,"19","10  day ahead inc hosp",2021-05-25,"quantile",0.7,34.376834044605
"13840",2021-05-15,"19","10  day ahead inc hosp",2021-05-25,"quantile",0.75,36.2037180671015
"13841",2021-05-15,"19","10  day ahead inc hosp",2021-05-25,"quantile",0.8,38.3226909161791
"13842",2021-05-15,"19","10  day ahead inc hosp",2021-05-25,"quantile",0.85,40.9085110059666
"13843",2021-05-15,"19","10  day ahead inc hosp",2021-05-25,"quantile",0.9,44.3454207947345
"13844",2021-05-15,"19","10  day ahead inc hosp",2021-05-25,"quantile",0.95,49.8321942569171
"13845",2021-05-15,"19","10  day ahead inc hosp",2021-05-25,"quantile",0.975,54.9902302845773
"13846",2021-05-15,"19","10  day ahead inc hosp",2021-05-25,"quantile",0.99,61.4797547872894
"13847",2021-05-15,"19","11  day ahead inc hosp",2021-05-26,"quantile",0.01,8.79814429746917
"13848",2021-05-15,"19","11  day ahead inc hosp",2021-05-26,"quantile",0.025,10.5783510202911
"13849",2021-05-15,"19","11  day ahead inc hosp",2021-05-26,"quantile",0.05,12.3144375935506
"13850",2021-05-15,"19","11  day ahead inc hosp",2021-05-26,"quantile",0.1,14.5719371344011
"13851",2021-05-15,"19","11  day ahead inc hosp",2021-05-26,"quantile",0.15,16.2613554571059
"13852",2021-05-15,"19","11  day ahead inc hosp",2021-05-26,"quantile",0.2,17.7055252500389
"13853",2021-05-15,"19","11  day ahead inc hosp",2021-05-26,"quantile",0.25,19.0193554097086
"13854",2021-05-15,"19","11  day ahead inc hosp",2021-05-26,"quantile",0.3,20.2603303362019
"13855",2021-05-15,"19","11  day ahead inc hosp",2021-05-26,"quantile",0.35,21.4635831435154
"13856",2021-05-15,"19","11  day ahead inc hosp",2021-05-26,"quantile",0.4,22.6541653791059
"13857",2021-05-15,"19","11  day ahead inc hosp",2021-05-26,"quantile",0.45,23.8525561749675
"13858",2021-05-15,"19","11  day ahead inc hosp",2021-05-26,"quantile",0.5,25.07775890163
"13859",2021-05-15,"19","11  day ahead inc hosp",2021-05-26,"quantile",0.55,26.3495663457053
"13860",2021-05-15,"19","11  day ahead inc hosp",2021-05-26,"quantile",0.6,27.690801589048
"13861",2021-05-15,"19","11  day ahead inc hosp",2021-05-26,"quantile",0.65,29.130227914195
"13862",2021-05-15,"19","11  day ahead inc hosp",2021-05-26,"quantile",0.7,30.7071512004867
"13863",2021-05-15,"19","11  day ahead inc hosp",2021-05-26,"quantile",0.75,32.479820520748
"13864",2021-05-15,"19","11  day ahead inc hosp",2021-05-26,"quantile",0.8,34.542905407283
"13865",2021-05-15,"19","11  day ahead inc hosp",2021-05-26,"quantile",0.85,37.0700118156288
"13866",2021-05-15,"19","11  day ahead inc hosp",2021-05-26,"quantile",0.9,40.4437536773256
"13867",2021-05-15,"19","11  day ahead inc hosp",2021-05-26,"quantile",0.95,45.8612970557282
"13868",2021-05-15,"19","11  day ahead inc hosp",2021-05-26,"quantile",0.975,50.9857007331159
"13869",2021-05-15,"19","11  day ahead inc hosp",2021-05-26,"quantile",0.99,57.4708559594716
"13870",2021-05-15,"19","12  day ahead inc hosp",2021-05-27,"quantile",0.01,8.22544384469235
"13871",2021-05-15,"19","12  day ahead inc hosp",2021-05-27,"quantile",0.025,10.0101856848193
"13872",2021-05-15,"19","12  day ahead inc hosp",2021-05-27,"quantile",0.05,11.7647698235102
"13873",2021-05-15,"19","12  day ahead inc hosp",2021-05-27,"quantile",0.1,14.063265023401
"13874",2021-05-15,"19","12  day ahead inc hosp",2021-05-27,"quantile",0.15,15.7938952965156
"13875",2021-05-15,"19","12  day ahead inc hosp",2021-05-27,"quantile",0.2,17.2794719219658
"13876",2021-05-15,"19","12  day ahead inc hosp",2021-05-27,"quantile",0.25,18.6354124990225
"13877",2021-05-15,"19","12  day ahead inc hosp",2021-05-27,"quantile",0.3,19.9197161993131
"13878",2021-05-15,"19","12  day ahead inc hosp",2021-05-27,"quantile",0.35,21.1680288177165
"13879",2021-05-15,"19","12  day ahead inc hosp",2021-05-27,"quantile",0.4,22.4059471741338
"13880",2021-05-15,"19","12  day ahead inc hosp",2021-05-27,"quantile",0.45,23.6545699537871
"13881",2021-05-15,"19","12  day ahead inc hosp",2021-05-27,"quantile",0.5,24.9336451959155
"13882",2021-05-15,"19","12  day ahead inc hosp",2021-05-27,"quantile",0.55,26.2639050013036
"13883",2021-05-15,"19","12  day ahead inc hosp",2021-05-27,"quantile",0.6,27.6694112746717
"13884",2021-05-15,"19","12  day ahead inc hosp",2021-05-27,"quantile",0.65,29.1806368274303
"13885",2021-05-15,"19","12  day ahead inc hosp",2021-05-27,"quantile",0.7,30.8393691132499
"13886",2021-05-15,"19","12  day ahead inc hosp",2021-05-27,"quantile",0.75,32.7076880402114
"13887",2021-05-15,"19","12  day ahead inc hosp",2021-05-27,"quantile",0.8,34.8866737606528
"13888",2021-05-15,"19","12  day ahead inc hosp",2021-05-27,"quantile",0.85,37.5619654453054
"13889",2021-05-15,"19","12  day ahead inc hosp",2021-05-27,"quantile",0.9,41.1432882416975
"13890",2021-05-15,"19","12  day ahead inc hosp",2021-05-27,"quantile",0.95,46.9149175245619
"13891",2021-05-15,"19","12  day ahead inc hosp",2021-05-27,"quantile",0.975,52.3949005778316
"13892",2021-05-15,"19","12  day ahead inc hosp",2021-05-27,"quantile",0.99,59.3549866275137
"13893",2021-05-15,"19","13  day ahead inc hosp",2021-05-28,"quantile",0.01,7.39994609444218
"13894",2021-05-15,"19","13  day ahead inc hosp",2021-05-28,"quantile",0.025,9.13268144400018
"13895",2021-05-15,"19","13  day ahead inc hosp",2021-05-28,"quantile",0.05,10.8520492096
"13896",2021-05-15,"19","13  day ahead inc hosp",2021-05-28,"quantile",0.1,13.1236279262301
"13897",2021-05-15,"19","13  day ahead inc hosp",2021-05-28,"quantile",0.15,14.8459603001343
"13898",2021-05-15,"19","13  day ahead inc hosp",2021-05-28,"quantile",0.2,16.3314438287895
"13899",2021-05-15,"19","13  day ahead inc hosp",2021-05-28,"quantile",0.25,17.6923588397255
"13900",2021-05-15,"19","13  day ahead inc hosp",2021-05-28,"quantile",0.3,18.9854270623222
"13901",2021-05-15,"19","13  day ahead inc hosp",2021-05-28,"quantile",0.35,20.2457383910066
"13902",2021-05-15,"19","13  day ahead inc hosp",2021-05-28,"quantile",0.4,21.4986987032261
"13903",2021-05-15,"19","13  day ahead inc hosp",2021-05-28,"quantile",0.45,22.7654501291724
"13904",2021-05-15,"19","13  day ahead inc hosp",2021-05-28,"quantile",0.5,24.0659764773612
"13905",2021-05-15,"19","13  day ahead inc hosp",2021-05-28,"quantile",0.55,25.4214443335279
"13906",2021-05-15,"19","13  day ahead inc hosp",2021-05-28,"quantile",0.6,26.8565966820214
"13907",2021-05-15,"19","13  day ahead inc hosp",2021-05-28,"quantile",0.65,28.4029366111263
"13908",2021-05-15,"19","13  day ahead inc hosp",2021-05-28,"quantile",0.7,30.1038287139243
"13909",2021-05-15,"19","13  day ahead inc hosp",2021-05-28,"quantile",0.75,32.0238693414138
"13910",2021-05-15,"19","13  day ahead inc hosp",2021-05-28,"quantile",0.8,34.2684457118835
"13911",2021-05-15,"19","13  day ahead inc hosp",2021-05-28,"quantile",0.85,37.0314244915497
"13912",2021-05-15,"19","13  day ahead inc hosp",2021-05-28,"quantile",0.9,40.7413706847379
"13913",2021-05-15,"19","13  day ahead inc hosp",2021-05-28,"quantile",0.95,46.7442545582561
"13914",2021-05-15,"19","13  day ahead inc hosp",2021-05-28,"quantile",0.975,52.4676894112639
"13915",2021-05-15,"19","13  day ahead inc hosp",2021-05-28,"quantile",0.99,59.7658541779553
"13916",2021-05-15,"19","14  day ahead inc hosp",2021-05-29,"quantile",0.01,8.1012806664802
"13917",2021-05-15,"19","14  day ahead inc hosp",2021-05-29,"quantile",0.025,10.0357712810166
"13918",2021-05-15,"19","14  day ahead inc hosp",2021-05-29,"quantile",0.05,11.9601043983308
"13919",2021-05-15,"19","14  day ahead inc hosp",2021-05-29,"quantile",0.1,14.5082249980347
"13920",2021-05-15,"19","14  day ahead inc hosp",2021-05-29,"quantile",0.15,16.4438057844076
"13921",2021-05-15,"19","14  day ahead inc hosp",2021-05-29,"quantile",0.2,18.1153065014216
"13922",2021-05-15,"19","14  day ahead inc hosp",2021-05-29,"quantile",0.25,19.6481451138671
"13923",2021-05-15,"19","14  day ahead inc hosp",2021-05-29,"quantile",0.3,21.1057707478342
"13924",2021-05-15,"19","14  day ahead inc hosp",2021-05-29,"quantile",0.35,22.527504626486
"13925",2021-05-15,"19","14  day ahead inc hosp",2021-05-29,"quantile",0.4,23.9418792630397
"13926",2021-05-15,"19","14  day ahead inc hosp",2021-05-29,"quantile",0.45,25.3726991785898
"13927",2021-05-15,"19","14  day ahead inc hosp",2021-05-29,"quantile",0.5,26.8425230185382
"13928",2021-05-15,"19","14  day ahead inc hosp",2021-05-29,"quantile",0.55,28.3753000211308
"13929",2021-05-15,"19","14  day ahead inc hosp",2021-05-29,"quantile",0.6,29.9990780178727
"13930",2021-05-15,"19","14  day ahead inc hosp",2021-05-29,"quantile",0.65,31.7496169612819
"13931",2021-05-15,"19","14  day ahead inc hosp",2021-05-29,"quantile",0.7,33.6761890469932
"13932",2021-05-15,"19","14  day ahead inc hosp",2021-05-29,"quantile",0.75,35.8522412397124
"13933",2021-05-15,"19","14  day ahead inc hosp",2021-05-29,"quantile",0.8,38.3976615959324
"13934",2021-05-15,"19","14  day ahead inc hosp",2021-05-29,"quantile",0.85,41.5330851181865
"13935",2021-05-15,"19","14  day ahead inc hosp",2021-05-29,"quantile",0.9,45.7464519224863
"13936",2021-05-15,"19","14  day ahead inc hosp",2021-05-29,"quantile",0.95,52.5709887211103
"13937",2021-05-15,"19","14  day ahead inc hosp",2021-05-29,"quantile",0.975,59.0848892312845
"13938",2021-05-15,"19","14  day ahead inc hosp",2021-05-29,"quantile",0.99,67.3995386465488
"13939",2021-05-15,"19","15  day ahead inc hosp",2021-05-30,"quantile",0.01,7.32611492582344
"13940",2021-05-15,"19","15  day ahead inc hosp",2021-05-30,"quantile",0.025,9.29911464477818
"13941",2021-05-15,"19","15  day ahead inc hosp",2021-05-30,"quantile",0.05,11.2935163990542
"13942",2021-05-15,"19","15  day ahead inc hosp",2021-05-30,"quantile",0.1,13.9730871639225
"13943",2021-05-15,"19","15  day ahead inc hosp",2021-05-30,"quantile",0.15,16.0327292018168
"13944",2021-05-15,"19","15  day ahead inc hosp",2021-05-30,"quantile",0.2,17.8256435354234
"13945",2021-05-15,"19","15  day ahead inc hosp",2021-05-30,"quantile",0.25,19.480132761043
"13946",2021-05-15,"19","15  day ahead inc hosp",2021-05-30,"quantile",0.3,21.0617201600176
"13947",2021-05-15,"19","15  day ahead inc hosp",2021-05-30,"quantile",0.35,22.6114895907585
"13948",2021-05-15,"19","15  day ahead inc hosp",2021-05-30,"quantile",0.4,24.1596875439582
"13949",2021-05-15,"19","15  day ahead inc hosp",2021-05-30,"quantile",0.45,25.7319665427889
"13950",2021-05-15,"19","15  day ahead inc hosp",2021-05-30,"quantile",0.5,27.3530396810498
"13951",2021-05-15,"19","15  day ahead inc hosp",2021-05-30,"quantile",0.55,29.0495265359333
"13952",2021-05-15,"19","15  day ahead inc hosp",2021-05-30,"quantile",0.6,30.8529618996584
"13953",2021-05-15,"19","15  day ahead inc hosp",2021-05-30,"quantile",0.65,32.8038911103336
"13954",2021-05-15,"19","15  day ahead inc hosp",2021-05-30,"quantile",0.7,34.9585124615175
"13955",2021-05-15,"19","15  day ahead inc hosp",2021-05-30,"quantile",0.75,37.4009495034298
"13956",2021-05-15,"19","15  day ahead inc hosp",2021-05-30,"quantile",0.8,40.2689473997503
"13957",2021-05-15,"19","15  day ahead inc hosp",2021-05-30,"quantile",0.85,43.8166621299875
"13958",2021-05-15,"19","15  day ahead inc hosp",2021-05-30,"quantile",0.9,48.6075947450132
"13959",2021-05-15,"19","15  day ahead inc hosp",2021-05-30,"quantile",0.95,56.4179941612966
"13960",2021-05-15,"19","15  day ahead inc hosp",2021-05-30,"quantile",0.975,63.9232240893651
"13961",2021-05-15,"19","15  day ahead inc hosp",2021-05-30,"quantile",0.99,73.5643203094642
"13962",2021-05-15,"19","16  day ahead inc hosp",2021-05-31,"quantile",0.01,6.99294607221872
"13963",2021-05-15,"19","16  day ahead inc hosp",2021-05-31,"quantile",0.025,8.99786490544457
"13964",2021-05-15,"19","16  day ahead inc hosp",2021-05-31,"quantile",0.05,11.0427212704343
"13965",2021-05-15,"19","16  day ahead inc hosp",2021-05-31,"quantile",0.1,13.812229275799
"13966",2021-05-15,"19","16  day ahead inc hosp",2021-05-31,"quantile",0.15,15.9548486993629
"13967",2021-05-15,"19","16  day ahead inc hosp",2021-05-31,"quantile",0.2,17.828150910824
"13968",2021-05-15,"19","16  day ahead inc hosp",2021-05-31,"quantile",0.25,19.56270693266
"13969",2021-05-15,"19","16  day ahead inc hosp",2021-05-31,"quantile",0.3,21.225558930276
"13970",2021-05-15,"19","16  day ahead inc hosp",2021-05-31,"quantile",0.35,22.8590245415293
"13971",2021-05-15,"19","16  day ahead inc hosp",2021-05-31,"quantile",0.4,24.4945143885052
"13972",2021-05-15,"19","16  day ahead inc hosp",2021-05-31,"quantile",0.45,26.1589119584003
"13973",2021-05-15,"19","16  day ahead inc hosp",2021-05-31,"quantile",0.5,27.8783482560023
"13974",2021-05-15,"19","16  day ahead inc hosp",2021-05-31,"quantile",0.55,29.6811877074383
"13975",2021-05-15,"19","16  day ahead inc hosp",2021-05-31,"quantile",0.6,31.601234063976
"13976",2021-05-15,"19","16  day ahead inc hosp",2021-05-31,"quantile",0.65,33.682139178852
"13977",2021-05-15,"19","16  day ahead inc hosp",2021-05-31,"quantile",0.7,35.9845918043839
"13978",2021-05-15,"19","16  day ahead inc hosp",2021-05-31,"quantile",0.75,38.5996331365425
"13979",2021-05-15,"19","16  day ahead inc hosp",2021-05-31,"quantile",0.8,41.6765755540308
"13980",2021-05-15,"19","16  day ahead inc hosp",2021-05-31,"quantile",0.85,45.4912886874629
"13981",2021-05-15,"19","16  day ahead inc hosp",2021-05-31,"quantile",0.9,50.6562279055182
"13982",2021-05-15,"19","16  day ahead inc hosp",2021-05-31,"quantile",0.95,59.1051514359872
"13983",2021-05-15,"19","16  day ahead inc hosp",2021-05-31,"quantile",0.975,67.252746372833
"13984",2021-05-15,"19","16  day ahead inc hosp",2021-05-31,"quantile",0.99,77.7539410398361
"13985",2021-05-15,"19","17  day ahead inc hosp",2021-06-01,"quantile",0.01,6.59866720857459
"13986",2021-05-15,"19","17  day ahead inc hosp",2021-06-01,"quantile",0.025,8.6016203462546
"13987",2021-05-15,"19","17  day ahead inc hosp",2021-06-01,"quantile",0.05,10.6619171655493
"13988",2021-05-15,"19","17  day ahead inc hosp",2021-06-01,"quantile",0.1,13.4736311853031
"13989",2021-05-15,"19","17  day ahead inc hosp",2021-06-01,"quantile",0.15,15.6622292267123
"13990",2021-05-15,"19","17  day ahead inc hosp",2021-06-01,"quantile",0.2,17.5835856930802
"13991",2021-05-15,"19","17  day ahead inc hosp",2021-06-01,"quantile",0.25,19.3683088776547
"13992",2021-05-15,"19","17  day ahead inc hosp",2021-06-01,"quantile",0.3,21.0838116729129
"13993",2021-05-15,"19","17  day ahead inc hosp",2021-06-01,"quantile",0.35,22.7729216283174
"13994",2021-05-15,"19","17  day ahead inc hosp",2021-06-01,"quantile",0.4,24.4676784752365
"13995",2021-05-15,"19","17  day ahead inc hosp",2021-06-01,"quantile",0.45,26.1957417693704
"13996",2021-05-15,"19","17  day ahead inc hosp",2021-06-01,"quantile",0.5,27.9842216814064
"13997",2021-05-15,"19","17  day ahead inc hosp",2021-06-01,"quantile",0.55,29.8627548629497
"13998",2021-05-15,"19","17  day ahead inc hosp",2021-06-01,"quantile",0.6,31.8668545186463
"13999",2021-05-15,"19","17  day ahead inc hosp",2021-06-01,"quantile",0.65,34.0425604678513
"14000",2021-05-15,"19","17  day ahead inc hosp",2021-06-01,"quantile",0.7,36.4540573839057
"14001",2021-05-15,"19","17  day ahead inc hosp",2021-06-01,"quantile",0.75,39.1978177877688
"14002",2021-05-15,"19","17  day ahead inc hosp",2021-06-01,"quantile",0.8,42.4322920059364
"14003",2021-05-15,"19","17  day ahead inc hosp",2021-06-01,"quantile",0.85,46.4505906556673
"14004",2021-05-15,"19","17  day ahead inc hosp",2021-06-01,"quantile",0.9,51.9042336351703
"14005",2021-05-15,"19","17  day ahead inc hosp",2021-06-01,"quantile",0.95,60.8534367089997
"14006",2021-05-15,"19","17  day ahead inc hosp",2021-06-01,"quantile",0.975,69.5114920909345
"14007",2021-05-15,"19","17  day ahead inc hosp",2021-06-01,"quantile",0.99,80.7046339459104
"14008",2021-05-15,"19","18  day ahead inc hosp",2021-06-02,"quantile",0.01,6.72582241242007
"14009",2021-05-15,"19","18  day ahead inc hosp",2021-06-02,"quantile",0.025,8.83941434801299
"14010",2021-05-15,"19","18  day ahead inc hosp",2021-06-02,"quantile",0.05,11.0251576074453
"14011",2021-05-15,"19","18  day ahead inc hosp",2021-06-02,"quantile",0.1,14.0222845224358
"14012",2021-05-15,"19","18  day ahead inc hosp",2021-06-02,"quantile",0.15,16.3640968323545
"14013",2021-05-15,"19","18  day ahead inc hosp",2021-06-02,"quantile",0.2,18.4251979246794
"14014",2021-05-15,"19","18  day ahead inc hosp",2021-06-02,"quantile",0.25,20.3435105832285
"14015",2021-05-15,"19","18  day ahead inc hosp",2021-06-02,"quantile",0.3,22.1904607991525
"14016",2021-05-15,"19","18  day ahead inc hosp",2021-06-02,"quantile",0.35,24.011612752776
"14017",2021-05-15,"19","18  day ahead inc hosp",2021-06-02,"quantile",0.4,25.8412231202201
"14018",2021-05-15,"19","18  day ahead inc hosp",2021-06-02,"quantile",0.45,27.7090253624785
"14019",2021-05-15,"19","18  day ahead inc hosp",2021-06-02,"quantile",0.5,29.64431277165
"14020",2021-05-15,"19","18  day ahead inc hosp",2021-06-02,"quantile",0.55,31.6792477149781
"14021",2021-05-15,"19","18  day ahead inc hosp",2021-06-02,"quantile",0.6,33.8524976724862
"14022",2021-05-15,"19","18  day ahead inc hosp",2021-06-02,"quantile",0.65,36.2143106106119
"14023",2021-05-15,"19","18  day ahead inc hosp",2021-06-02,"quantile",0.7,38.8348536039901
"14024",2021-05-15,"19","18  day ahead inc hosp",2021-06-02,"quantile",0.75,41.8197141595323
"14025",2021-05-15,"19","18  day ahead inc hosp",2021-06-02,"quantile",0.8,45.3424655957087
"14026",2021-05-15,"19","18  day ahead inc hosp",2021-06-02,"quantile",0.85,49.7244313639186
"14027",2021-05-15,"19","18  day ahead inc hosp",2021-06-02,"quantile",0.9,55.6803675850286
"14028",2021-05-15,"19","18  day ahead inc hosp",2021-06-02,"quantile",0.95,65.4725370773261
"14029",2021-05-15,"19","18  day ahead inc hosp",2021-06-02,"quantile",0.975,74.9648687030749
"14030",2021-05-15,"19","18  day ahead inc hosp",2021-06-02,"quantile",0.99,87.2593184278024
"14031",2021-05-15,"19","19  day ahead inc hosp",2021-06-03,"quantile",0.01,5.07304237351919
"14032",2021-05-15,"19","19  day ahead inc hosp",2021-06-03,"quantile",0.025,6.86772037813773
"14033",2021-05-15,"19","19  day ahead inc hosp",2021-06-03,"quantile",0.05,8.75971420056223
"14034",2021-05-15,"19","19  day ahead inc hosp",2021-06-03,"quantile",0.1,11.3985369257315
"14035",2021-05-15,"19","19  day ahead inc hosp",2021-06-03,"quantile",0.15,13.4884335612374
"14036",2021-05-15,"19","19  day ahead inc hosp",2021-06-03,"quantile",0.2,15.344441510187
"14037",2021-05-15,"19","19  day ahead inc hosp",2021-06-03,"quantile",0.25,17.0839259386075
"14038",2021-05-15,"19","19  day ahead inc hosp",2021-06-03,"quantile",0.3,18.7684219295237
"14039",2021-05-15,"19","19  day ahead inc hosp",2021-06-03,"quantile",0.35,20.4377846774189
"14040",2021-05-15,"19","19  day ahead inc hosp",2021-06-03,"quantile",0.4,22.1225253053115
"14041",2021-05-15,"19","19  day ahead inc hosp",2021-06-03,"quantile",0.45,23.8496419078317
"14042",2021-05-15,"19","19  day ahead inc hosp",2021-06-03,"quantile",0.5,25.6462165247921
"14043",2021-05-15,"19","19  day ahead inc hosp",2021-06-03,"quantile",0.55,27.5424300671089
"14044",2021-05-15,"19","19  day ahead inc hosp",2021-06-03,"quantile",0.6,29.5749770226311
"14045",2021-05-15,"19","19  day ahead inc hosp",2021-06-03,"quantile",0.65,31.7919224610512
"14046",2021-05-15,"19","19  day ahead inc hosp",2021-06-03,"quantile",0.7,34.2607570758162
"14047",2021-05-15,"19","19  day ahead inc hosp",2021-06-03,"quantile",0.75,37.0834385149714
"14048",2021-05-15,"19","19  day ahead inc hosp",2021-06-03,"quantile",0.8,40.4280680195335
"14049",2021-05-15,"19","19  day ahead inc hosp",2021-06-03,"quantile",0.85,44.6066184759609
"14050",2021-05-15,"19","19  day ahead inc hosp",2021-06-03,"quantile",0.9,50.3147859601278
"14051",2021-05-15,"19","19  day ahead inc hosp",2021-06-03,"quantile",0.95,59.7614481199308
"14052",2021-05-15,"19","19  day ahead inc hosp",2021-06-03,"quantile",0.975,68.9809575887333
"14053",2021-05-15,"19","19  day ahead inc hosp",2021-06-03,"quantile",0.99,80.9977695645713
"14054",2021-05-15,"19","20  day ahead inc hosp",2021-06-04,"quantile",0.01,4.20258187230753
"14055",2021-05-15,"19","20  day ahead inc hosp",2021-06-04,"quantile",0.025,5.8339404293735
"14056",2021-05-15,"19","20  day ahead inc hosp",2021-06-04,"quantile",0.05,7.58182773490114
"14057",2021-05-15,"19","20  day ahead inc hosp",2021-06-04,"quantile",0.1,10.0544231258727
"14058",2021-05-15,"19","20  day ahead inc hosp",2021-06-04,"quantile",0.15,12.0346042744447
"14059",2021-05-15,"19","20  day ahead inc hosp",2021-06-04,"quantile",0.2,13.8061849532614
"14060",2021-05-15,"19","20  day ahead inc hosp",2021-06-04,"quantile",0.25,15.4759843404686
"14061",2021-05-15,"19","20  day ahead inc hosp",2021-06-04,"quantile",0.3,17.1006174242992
"14062",2021-05-15,"19","20  day ahead inc hosp",2021-06-04,"quantile",0.35,18.7172404911243
"14063",2021-05-15,"19","20  day ahead inc hosp",2021-06-04,"quantile",0.4,20.3547404694209
"14064",2021-05-15,"19","20  day ahead inc hosp",2021-06-04,"quantile",0.45,22.039090378048
"14065",2021-05-15,"19","20  day ahead inc hosp",2021-06-04,"quantile",0.5,23.7967249314248
"14066",2021-05-15,"19","20  day ahead inc hosp",2021-06-04,"quantile",0.55,25.6574503677749
"14067",2021-05-15,"19","20  day ahead inc hosp",2021-06-04,"quantile",0.6,27.6578201342235
"14068",2021-05-15,"19","20  day ahead inc hosp",2021-06-04,"quantile",0.65,29.8460055655493
"14069",2021-05-15,"19","20  day ahead inc hosp",2021-06-04,"quantile",0.7,32.2899303085459
"14070",2021-05-15,"19","20  day ahead inc hosp",2021-06-04,"quantile",0.75,35.0925106731059
"14071",2021-05-15,"19","20  day ahead inc hosp",2021-06-04,"quantile",0.8,38.4238110211898
"14072",2021-05-15,"19","20  day ahead inc hosp",2021-06-04,"quantile",0.85,42.6000567381149
"14073",2021-05-15,"19","20  day ahead inc hosp",2021-06-04,"quantile",0.9,48.327800554675
"14074",2021-05-15,"19","20  day ahead inc hosp",2021-06-04,"quantile",0.95,57.8559104328818
"14075",2021-05-15,"19","20  day ahead inc hosp",2021-06-04,"quantile",0.975,67.2042116877073
"14076",2021-05-15,"19","20  day ahead inc hosp",2021-06-04,"quantile",0.99,79.4490756108577
"14077",2021-05-15,"19","21  day ahead inc hosp",2021-06-05,"quantile",0.01,3.74859599513331
"14078",2021-05-15,"19","21  day ahead inc hosp",2021-06-05,"quantile",0.025,5.31161992102537
"14079",2021-05-15,"19","21  day ahead inc hosp",2021-06-05,"quantile",0.05,7.0084741178613
"14080",2021-05-15,"19","21  day ahead inc hosp",2021-06-05,"quantile",0.1,9.43642176256641
"14081",2021-05-15,"19","21  day ahead inc hosp",2021-06-05,"quantile",0.15,11.3982339779531
"14082",2021-05-15,"19","21  day ahead inc hosp",2021-06-05,"quantile",0.2,13.163696945546
"14083",2021-05-15,"19","21  day ahead inc hosp",2021-06-05,"quantile",0.25,14.8352211091946
"14084",2021-05-15,"19","21  day ahead inc hosp",2021-06-05,"quantile",0.3,16.4675808234368
"14085",2021-05-15,"19","21  day ahead inc hosp",2021-06-05,"quantile",0.35,18.0971231673991
"14086",2021-05-15,"19","21  day ahead inc hosp",2021-06-05,"quantile",0.4,19.7524655720581
"14087",2021-05-15,"19","21  day ahead inc hosp",2021-06-05,"quantile",0.45,21.4596706587397
"14088",2021-05-15,"19","21  day ahead inc hosp",2021-06-05,"quantile",0.5,23.2455674091878
"14089",2021-05-15,"19","21  day ahead inc hosp",2021-06-05,"quantile",0.55,25.1406793790796
"14090",2021-05-15,"19","21  day ahead inc hosp",2021-06-05,"quantile",0.6,27.1826850830373
"14091",2021-05-15,"19","21  day ahead inc hosp",2021-06-05,"quantile",0.65,29.4214645527921
"14092",2021-05-15,"19","21  day ahead inc hosp",2021-06-05,"quantile",0.7,31.9275710878897
"14093",2021-05-15,"19","21  day ahead inc hosp",2021-06-05,"quantile",0.75,34.8081427654836
"14094",2021-05-15,"19","21  day ahead inc hosp",2021-06-05,"quantile",0.8,38.2405204707787
"14095",2021-05-15,"19","21  day ahead inc hosp",2021-06-05,"quantile",0.85,42.5549423299543
"14096",2021-05-15,"19","21  day ahead inc hosp",2021-06-05,"quantile",0.9,48.4903667204551
"14097",2021-05-15,"19","21  day ahead inc hosp",2021-06-05,"quantile",0.95,58.4032341853094
"14098",2021-05-15,"19","21  day ahead inc hosp",2021-06-05,"quantile",0.975,68.1685435233837
"14099",2021-05-15,"19","21  day ahead inc hosp",2021-06-05,"quantile",0.99,81.0078986735627
"14100",2021-05-15,"19","22  day ahead inc hosp",2021-06-06,"quantile",0.01,3.51099581437154
"14101",2021-05-15,"19","22  day ahead inc hosp",2021-06-06,"quantile",0.025,5.06001091883459
"14102",2021-05-15,"19","22  day ahead inc hosp",2021-06-06,"quantile",0.05,6.75994995917597
"14103",2021-05-15,"19","22  day ahead inc hosp",2021-06-06,"quantile",0.1,9.21507552309604
"14104",2021-05-15,"19","22  day ahead inc hosp",2021-06-06,"quantile",0.15,11.2132231590279
"14105",2021-05-15,"19","22  day ahead inc hosp",2021-06-06,"quantile",0.2,13.0199164703659
"14106",2021-05-15,"19","22  day ahead inc hosp",2021-06-06,"quantile",0.25,14.7366751450163
"14107",2021-05-15,"19","22  day ahead inc hosp",2021-06-06,"quantile",0.3,16.4182163991173
"14108",2021-05-15,"19","22  day ahead inc hosp",2021-06-06,"quantile",0.35,18.1011873884711
"14109",2021-05-15,"19","22  day ahead inc hosp",2021-06-06,"quantile",0.4,19.8147452268191
"14110",2021-05-15,"19","22  day ahead inc hosp",2021-06-06,"quantile",0.45,21.5857216899415
"14111",2021-05-15,"19","22  day ahead inc hosp",2021-06-06,"quantile",0.5,23.4419885672489
"14112",2021-05-15,"19","22  day ahead inc hosp",2021-06-06,"quantile",0.55,25.4154797889982
"14113",2021-05-15,"19","22  day ahead inc hosp",2021-06-06,"quantile",0.6,27.5458150712272
"14114",2021-05-15,"19","22  day ahead inc hosp",2021-06-06,"quantile",0.65,29.8856281498741
"14115",2021-05-15,"19","22  day ahead inc hosp",2021-06-06,"quantile",0.7,32.5095465586232
"14116",2021-05-15,"19","22  day ahead inc hosp",2021-06-06,"quantile",0.75,35.5310889920882
"14117",2021-05-15,"19","22  day ahead inc hosp",2021-06-06,"quantile",0.8,39.1384043533107
"14118",2021-05-15,"19","22  day ahead inc hosp",2021-06-06,"quantile",0.85,43.6822559129983
"14119",2021-05-15,"19","22  day ahead inc hosp",2021-06-06,"quantile",0.9,49.9484423030375
"14120",2021-05-15,"19","22  day ahead inc hosp",2021-06-06,"quantile",0.95,60.4464708404489
"14121",2021-05-15,"19","22  day ahead inc hosp",2021-06-06,"quantile",0.975,70.8211918395265
"14122",2021-05-15,"19","22  day ahead inc hosp",2021-06-06,"quantile",0.99,84.502096167571
"14123",2021-05-15,"19","23  day ahead inc hosp",2021-06-07,"quantile",0.01,4.47105187707377
"14124",2021-05-15,"19","23  day ahead inc hosp",2021-06-07,"quantile",0.025,6.38005364672825
"14125",2021-05-15,"19","23  day ahead inc hosp",2021-06-07,"quantile",0.05,8.46184949550556
"14126",2021-05-15,"19","23  day ahead inc hosp",2021-06-07,"quantile",0.1,11.4521680597759
"14127",2021-05-15,"19","23  day ahead inc hosp",2021-06-07,"quantile",0.15,13.8756708437269
"14128",2021-05-15,"19","23  day ahead inc hosp",2021-06-07,"quantile",0.2,16.0609306491968
"14129",2021-05-15,"19","23  day ahead inc hosp",2021-06-07,"quantile",0.25,18.1330441221801
"14130",2021-05-15,"19","23  day ahead inc hosp",2021-06-07,"quantile",0.3,20.1591320178109
"14131",2021-05-15,"19","23  day ahead inc hosp",2021-06-07,"quantile",0.35,22.1839051225681
"14132",2021-05-15,"19","23  day ahead inc hosp",2021-06-07,"quantile",0.4,24.2427190924647
"14133",2021-05-15,"19","23  day ahead inc hosp",2021-06-07,"quantile",0.45,26.3679132286001
"14134",2021-05-15,"19","23  day ahead inc hosp",2021-06-07,"quantile",0.5,28.5929042452021
"14135",2021-05-15,"19","23  day ahead inc hosp",2021-06-07,"quantile",0.55,30.9558233882911
"14136",2021-05-15,"19","23  day ahead inc hosp",2021-06-07,"quantile",0.6,33.5038409112434
"14137",2021-05-15,"19","23  day ahead inc hosp",2021-06-07,"quantile",0.65,36.2994947561275
"14138",2021-05-15,"19","23  day ahead inc hosp",2021-06-07,"quantile",0.7,39.4313323241083
"14139",2021-05-15,"19","23  day ahead inc hosp",2021-06-07,"quantile",0.75,43.0339135901187
"14140",2021-05-15,"19","23  day ahead inc hosp",2021-06-07,"quantile",0.8,47.3300929863843
"14141",2021-05-15,"19","23  day ahead inc hosp",2021-06-07,"quantile",0.85,52.7350614860999
"14142",2021-05-15,"19","23  day ahead inc hosp",2021-06-07,"quantile",0.9,60.1783268721161
"14143",2021-05-15,"19","23  day ahead inc hosp",2021-06-07,"quantile",0.95,72.6258069812368
"14144",2021-05-15,"19","23  day ahead inc hosp",2021-06-07,"quantile",0.975,84.904424705742
"14145",2021-05-15,"19","23  day ahead inc hosp",2021-06-07,"quantile",0.99,101.068315920963
"14146",2021-05-15,"19","24  day ahead inc hosp",2021-06-08,"quantile",0.01,4.02022549297661
"14147",2021-05-15,"19","24  day ahead inc hosp",2021-06-08,"quantile",0.025,5.85123397950208
"14148",2021-05-15,"19","24  day ahead inc hosp",2021-06-08,"quantile",0.05,7.87326396642615
"14149",2021-05-15,"19","24  day ahead inc hosp",2021-06-08,"quantile",0.1,10.8092754613796
"14150",2021-05-15,"19","24  day ahead inc hosp",2021-06-08,"quantile",0.15,13.208710788543
"14151",2021-05-15,"19","24  day ahead inc hosp",2021-06-08,"quantile",0.2,15.384119166947
"14152",2021-05-15,"19","24  day ahead inc hosp",2021-06-08,"quantile",0.25,17.4555071132743
"14153",2021-05-15,"19","24  day ahead inc hosp",2021-06-08,"quantile",0.3,19.487850387119
"14154",2021-05-15,"19","24  day ahead inc hosp",2021-06-08,"quantile",0.35,21.5249043521205
"14155",2021-05-15,"19","24  day ahead inc hosp",2021-06-08,"quantile",0.4,23.6016937224141
"14156",2021-05-15,"19","24  day ahead inc hosp",2021-06-08,"quantile",0.45,25.7506426047337
"14157",2021-05-15,"19","24  day ahead inc hosp",2021-06-08,"quantile",0.5,28.0056046467996
"14158",2021-05-15,"19","24  day ahead inc hosp",2021-06-08,"quantile",0.55,30.4055204815331
"14159",2021-05-15,"19","24  day ahead inc hosp",2021-06-08,"quantile",0.6,32.9988389966062
"14160",2021-05-15,"19","24  day ahead inc hosp",2021-06-08,"quantile",0.65,35.850047917305
"14161",2021-05-15,"19","24  day ahead inc hosp",2021-06-08,"quantile",0.7,39.0507036246162
"14162",2021-05-15,"19","24  day ahead inc hosp",2021-06-08,"quantile",0.75,42.7402074930676
"14163",2021-05-15,"19","24  day ahead inc hosp",2021-06-08,"quantile",0.8,47.1497751337306
"14164",2021-05-15,"19","24  day ahead inc hosp",2021-06-08,"quantile",0.85,52.710731708133
"14165",2021-05-15,"19","24  day ahead inc hosp",2021-06-08,"quantile",0.9,60.3899823933869
"14166",2021-05-15,"19","24  day ahead inc hosp",2021-06-08,"quantile",0.95,73.2779635792362
"14167",2021-05-15,"19","24  day ahead inc hosp",2021-06-08,"quantile",0.975,86.0372932125576
"14168",2021-05-15,"19","24  day ahead inc hosp",2021-06-08,"quantile",0.99,102.890516023499
"14169",2021-05-15,"19","25  day ahead inc hosp",2021-06-09,"quantile",0.01,3.09977339648088
"14170",2021-05-15,"19","25  day ahead inc hosp",2021-06-09,"quantile",0.025,4.67198832901877
"14171",2021-05-15,"19","25  day ahead inc hosp",2021-06-09,"quantile",0.05,6.44701845653197
"14172",2021-05-15,"19","25  day ahead inc hosp",2021-06-09,"quantile",0.1,9.07322939236036
"14173",2021-05-15,"19","25  day ahead inc hosp",2021-06-09,"quantile",0.15,11.2505560197354
"14174",2021-05-15,"19","25  day ahead inc hosp",2021-06-09,"quantile",0.2,13.2431392243136
"14175",2021-05-15,"19","25  day ahead inc hosp",2021-06-09,"quantile",0.25,15.1539736247456
"14176",2021-05-15,"19","25  day ahead inc hosp",2021-06-09,"quantile",0.3,17.0397565563381
"14177",2021-05-15,"19","25  day ahead inc hosp",2021-06-09,"quantile",0.35,18.9394269690924
"14178",2021-05-15,"19","25  day ahead inc hosp",2021-06-09,"quantile",0.4,20.8848329333761
"14179",2021-05-15,"19","25  day ahead inc hosp",2021-06-09,"quantile",0.45,22.9060731334242
"14180",2021-05-15,"19","25  day ahead inc hosp",2021-06-09,"quantile",0.5,25.0351235461082
"14181",2021-05-15,"19","25  day ahead inc hosp",2021-06-09,"quantile",0.55,27.3092513340714
"14182",2021-05-15,"19","25  day ahead inc hosp",2021-06-09,"quantile",0.6,29.7752555553519
"14183",2021-05-15,"19","25  day ahead inc hosp",2021-06-09,"quantile",0.65,32.4958242981956
"14184",2021-05-15,"19","25  day ahead inc hosp",2021-06-09,"quantile",0.7,35.5603464620855
"14185",2021-05-15,"19","25  day ahead inc hosp",2021-06-09,"quantile",0.75,39.1053454842765
"14186",2021-05-15,"19","25  day ahead inc hosp",2021-06-09,"quantile",0.8,43.3578071427762
"14187",2021-05-15,"19","25  day ahead inc hosp",2021-06-09,"quantile",0.85,48.7420576121825
"14188",2021-05-15,"19","25  day ahead inc hosp",2021-06-09,"quantile",0.9,56.2113753359838
"14189",2021-05-15,"19","25  day ahead inc hosp",2021-06-09,"quantile",0.95,68.8210747085961
"14190",2021-05-15,"19","25  day ahead inc hosp",2021-06-09,"quantile",0.975,81.3796615027695
"14191",2021-05-15,"19","25  day ahead inc hosp",2021-06-09,"quantile",0.99,98.059449301405
"14192",2021-05-15,"19","26  day ahead inc hosp",2021-06-10,"quantile",0.01,2.90702333388191
"14193",2021-05-15,"19","26  day ahead inc hosp",2021-06-10,"quantile",0.025,4.45708308398888
"14194",2021-05-15,"19","26  day ahead inc hosp",2021-06-10,"quantile",0.05,6.22601127303004
"14195",2021-05-15,"19","26  day ahead inc hosp",2021-06-10,"quantile",0.1,8.86697589890301
"14196",2021-05-15,"19","26  day ahead inc hosp",2021-06-10,"quantile",0.15,11.0716175793658
"14197",2021-05-15,"19","26  day ahead inc hosp",2021-06-10,"quantile",0.2,13.0981796991327
"14198",2021-05-15,"19","26  day ahead inc hosp",2021-06-10,"quantile",0.25,15.0481436092096
"14199",2021-05-15,"19","26  day ahead inc hosp",2021-06-10,"quantile",0.3,16.9778442956115
"14200",2021-05-15,"19","26  day ahead inc hosp",2021-06-10,"quantile",0.35,18.9263538294191
"14201",2021-05-15,"19","26  day ahead inc hosp",2021-06-10,"quantile",0.4,20.9259670396569
"14202",2021-05-15,"19","26  day ahead inc hosp",2021-06-10,"quantile",0.45,23.0075061285513
"14203",2021-05-15,"19","26  day ahead inc hosp",2021-06-10,"quantile",0.5,25.2039806370001
"14204",2021-05-15,"19","26  day ahead inc hosp",2021-06-10,"quantile",0.55,27.5540932177503
"14205",2021-05-15,"19","26  day ahead inc hosp",2021-06-10,"quantile",0.6,30.1066488691396
"14206",2021-05-15,"19","26  day ahead inc hosp",2021-06-10,"quantile",0.65,32.9272082140061
"14207",2021-05-15,"19","26  day ahead inc hosp",2021-06-10,"quantile",0.7,36.1094375890004
"14208",2021-05-15,"19","26  day ahead inc hosp",2021-06-10,"quantile",0.75,39.7965917756448
"14209",2021-05-15,"19","26  day ahead inc hosp",2021-06-10,"quantile",0.8,44.2271055151902
"14210",2021-05-15,"19","26  day ahead inc hosp",2021-06-10,"quantile",0.85,49.8471332777897
"14211",2021-05-15,"19","26  day ahead inc hosp",2021-06-10,"quantile",0.9,57.6599840787108
"14212",2021-05-15,"19","26  day ahead inc hosp",2021-06-10,"quantile",0.95,70.8853942902887
"14213",2021-05-15,"19","26  day ahead inc hosp",2021-06-10,"quantile",0.975,84.0932864064235
"14214",2021-05-15,"19","26  day ahead inc hosp",2021-06-10,"quantile",0.99,101.679718886931
"14215",2021-05-15,"19","27  day ahead inc hosp",2021-06-11,"quantile",0.01,2.64738974175953
"14216",2021-05-15,"19","27  day ahead inc hosp",2021-06-11,"quantile",0.025,4.1423021511131
"14217",2021-05-15,"19","27  day ahead inc hosp",2021-06-11,"quantile",0.05,5.87010056826321
"14218",2021-05-15,"19","27  day ahead inc hosp",2021-06-11,"quantile",0.1,8.47719046270167
"14219",2021-05-15,"19","27  day ahead inc hosp",2021-06-11,"quantile",0.15,10.6710507236909
"14220",2021-05-15,"19","27  day ahead inc hosp",2021-06-11,"quantile",0.2,12.6981374199939
"14221",2021-05-15,"19","27  day ahead inc hosp",2021-06-11,"quantile",0.25,14.6562195303237
"14222",2021-05-15,"19","27  day ahead inc hosp",2021-06-11,"quantile",0.3,16.6001276634558
"14223",2021-05-15,"19","27  day ahead inc hosp",2021-06-11,"quantile",0.35,18.5683427445512
"14224",2021-05-15,"19","27  day ahead inc hosp",2021-06-11,"quantile",0.4,20.5930692598241
"14225",2021-05-15,"19","27  day ahead inc hosp",2021-06-11,"quantile",0.45,22.7053958237883
"14226",2021-05-15,"19","27  day ahead inc hosp",2021-06-11,"quantile",0.5,24.9389251174945
"14227",2021-05-15,"19","27  day ahead inc hosp",2021-06-11,"quantile",0.55,27.3333220015793
"14228",2021-05-15,"19","27  day ahead inc hosp",2021-06-11,"quantile",0.6,29.9388389213967
"14229",2021-05-15,"19","27  day ahead inc hosp",2021-06-11,"quantile",0.65,32.8231943274315
"14230",2021-05-15,"19","27  day ahead inc hosp",2021-06-11,"quantile",0.7,36.0833464377103
"14231",2021-05-15,"19","27  day ahead inc hosp",2021-06-11,"quantile",0.75,39.8678141915139
"14232",2021-05-15,"19","27  day ahead inc hosp",2021-06-11,"quantile",0.8,44.4240933939442
"14233",2021-05-15,"19","27  day ahead inc hosp",2021-06-11,"quantile",0.85,50.2157916415883
"14234",2021-05-15,"19","27  day ahead inc hosp",2021-06-11,"quantile",0.9,58.2866332855264
"14235",2021-05-15,"19","27  day ahead inc hosp",2021-06-11,"quantile",0.95,71.9908575895535
"14236",2021-05-15,"19","27  day ahead inc hosp",2021-06-11,"quantile",0.975,85.7194556846476
"14237",2021-05-15,"19","27  day ahead inc hosp",2021-06-11,"quantile",0.99,104.051428485162
"14238",2021-05-15,"19","28  day ahead inc hosp",2021-06-12,"quantile",0.01,2.85328292719585
"14239",2021-05-15,"19","28  day ahead inc hosp",2021-06-12,"quantile",0.025,4.47522119168651
"14240",2021-05-15,"19","28  day ahead inc hosp",2021-06-12,"quantile",0.05,6.35265050733915
"14241",2021-05-15,"19","28  day ahead inc hosp",2021-06-12,"quantile",0.1,9.18906230351958
"14242",2021-05-15,"19","28  day ahead inc hosp",2021-06-12,"quantile",0.15,11.5781389936901
"14243",2021-05-15,"19","28  day ahead inc hosp",2021-06-12,"quantile",0.2,13.7869356534092
"14244",2021-05-15,"19","28  day ahead inc hosp",2021-06-12,"quantile",0.25,15.921513363144
"14245",2021-05-15,"19","28  day ahead inc hosp",2021-06-12,"quantile",0.3,18.0414261074841
"14246",2021-05-15,"19","28  day ahead inc hosp",2021-06-12,"quantile",0.35,20.1885288250677
"14247",2021-05-15,"19","28  day ahead inc hosp",2021-06-12,"quantile",0.4,22.3979012770774
"14248",2021-05-15,"19","28  day ahead inc hosp",2021-06-12,"quantile",0.45,24.7034529236386
"14249",2021-05-15,"19","28  day ahead inc hosp",2021-06-12,"quantile",0.5,27.1418744737441
"14250",2021-05-15,"19","28  day ahead inc hosp",2021-06-12,"quantile",0.55,29.7565095145075
"14251",2021-05-15,"19","28  day ahead inc hosp",2021-06-12,"quantile",0.6,32.6023004916394
"14252",2021-05-15,"19","28  day ahead inc hosp",2021-06-12,"quantile",0.65,35.7533126064304
"14253",2021-05-15,"19","28  day ahead inc hosp",2021-06-12,"quantile",0.7,39.3156173556745
"14254",2021-05-15,"19","28  day ahead inc hosp",2021-06-12,"quantile",0.75,43.4517219435826
"14255",2021-05-15,"19","28  day ahead inc hosp",2021-06-12,"quantile",0.8,48.4324701190574
"14256",2021-05-15,"19","28  day ahead inc hosp",2021-06-12,"quantile",0.85,54.7652673762222
"14257",2021-05-15,"19","28  day ahead inc hosp",2021-06-12,"quantile",0.9,63.5925878593582
"14258",2021-05-15,"19","28  day ahead inc hosp",2021-06-12,"quantile",0.95,78.5866319967756
"14259",2021-05-15,"19","28  day ahead inc hosp",2021-06-12,"quantile",0.975,93.6127188055572
"14260",2021-05-15,"19","28  day ahead inc hosp",2021-06-12,"quantile",0.99,113.683838891855
"14261",2021-05-15,"19","29  day ahead inc hosp",2021-06-13,"quantile",0.01,2.50381854897427
"14262",2021-05-15,"19","29  day ahead inc hosp",2021-06-13,"quantile",0.025,4.06287143664355
"14263",2021-05-15,"19","29  day ahead inc hosp",2021-06-13,"quantile",0.05,5.90597310351387
"14264",2021-05-15,"19","29  day ahead inc hosp",2021-06-13,"quantile",0.1,8.73952319813696
"14265",2021-05-15,"19","29  day ahead inc hosp",2021-06-13,"quantile",0.15,11.1574965078699
"14266",2021-05-15,"19","29  day ahead inc hosp",2021-06-13,"quantile",0.2,13.4117563394732
"14267",2021-05-15,"19","29  day ahead inc hosp",2021-06-13,"quantile",0.25,15.6039880524713
"14268",2021-05-15,"19","29  day ahead inc hosp",2021-06-13,"quantile",0.3,17.7923095990469
"14269",2021-05-15,"19","29  day ahead inc hosp",2021-06-13,"quantile",0.35,20.0183991903534
"14270",2021-05-15,"19","29  day ahead inc hosp",2021-06-13,"quantile",0.4,22.3179178730102
"14271",2021-05-15,"19","29  day ahead inc hosp",2021-06-13,"quantile",0.45,24.7259771996518
"14272",2021-05-15,"19","29  day ahead inc hosp",2021-06-13,"quantile",0.5,27.2811225109017
"14273",2021-05-15,"19","29  day ahead inc hosp",2021-06-13,"quantile",0.55,30.0293652120446
"14274",2021-05-15,"19","29  day ahead inc hosp",2021-06-13,"quantile",0.6,33.0294464735685
"14275",2021-05-15,"19","29  day ahead inc hosp",2021-06-13,"quantile",0.65,36.3609325425087
"14276",2021-05-15,"19","29  day ahead inc hosp",2021-06-13,"quantile",0.7,40.1381466201046
"14277",2021-05-15,"19","29  day ahead inc hosp",2021-06-13,"quantile",0.75,44.5366507505095
"14278",2021-05-15,"19","29  day ahead inc hosp",2021-06-13,"quantile",0.8,49.8495899250641
"14279",2021-05-15,"19","29  day ahead inc hosp",2021-06-13,"quantile",0.85,56.6270623437933
"14280",2021-05-15,"19","29  day ahead inc hosp",2021-06-13,"quantile",0.9,66.1098239552241
"14281",2021-05-15,"19","29  day ahead inc hosp",2021-06-13,"quantile",0.95,82.2948961655974
"14282",2021-05-15,"19","29  day ahead inc hosp",2021-06-13,"quantile",0.975,98.5932164670308
"14283",2021-05-15,"19","29  day ahead inc hosp",2021-06-13,"quantile",0.99,120.460521066861
"14284",2021-05-15,"19","30  day ahead inc hosp",2021-06-14,"quantile",0.01,2.30743436094383
"14285",2021-05-15,"19","30  day ahead inc hosp",2021-06-14,"quantile",0.025,3.82945665405807
"14286",2021-05-15,"19","30  day ahead inc hosp",2021-06-14,"quantile",0.05,5.65391002229567
"14287",2021-05-15,"19","30  day ahead inc hosp",2021-06-14,"quantile",0.1,8.4908295225112
"14288",2021-05-15,"19","30  day ahead inc hosp",2021-06-14,"quantile",0.15,10.9321217500594
"14289",2021-05-15,"19","30  day ahead inc hosp",2021-06-14,"quantile",0.2,13.2203526665415
"14290",2021-05-15,"19","30  day ahead inc hosp",2021-06-14,"quantile",0.25,15.4545689144285
"14291",2021-05-15,"19","30  day ahead inc hosp",2021-06-14,"quantile",0.3,17.6920735078806
"14292",2021-05-15,"19","30  day ahead inc hosp",2021-06-14,"quantile",0.35,19.9745230084965
"14293",2021-05-15,"19","30  day ahead inc hosp",2021-06-14,"quantile",0.4,22.3380466958808
"14294",2021-05-15,"19","30  day ahead inc hosp",2021-06-14,"quantile",0.45,24.8186376058632
"14295",2021-05-15,"19","30  day ahead inc hosp",2021-06-14,"quantile",0.5,27.4561672597596
"14296",2021-05-15,"19","30  day ahead inc hosp",2021-06-14,"quantile",0.55,30.2985353610622
"14297",2021-05-15,"19","30  day ahead inc hosp",2021-06-14,"quantile",0.6,33.4071589472279
"14298",2021-05-15,"19","30  day ahead inc hosp",2021-06-14,"quantile",0.65,36.865469960009
"14299",2021-05-15,"19","30  day ahead inc hosp",2021-06-14,"quantile",0.7,40.7935832496995
"14300",2021-05-15,"19","30  day ahead inc hosp",2021-06-14,"quantile",0.75,45.37621854486
"14301",2021-05-15,"19","30  day ahead inc hosp",2021-06-14,"quantile",0.8,50.9221615874135
"14302",2021-05-15,"19","30  day ahead inc hosp",2021-06-14,"quantile",0.85,58.0114535154131
"14303",2021-05-15,"19","30  day ahead inc hosp",2021-06-14,"quantile",0.9,67.953794439982
"14304",2021-05-15,"19","30  day ahead inc hosp",2021-06-14,"quantile",0.95,84.9741520855226
"14305",2021-05-15,"19","30  day ahead inc hosp",2021-06-14,"quantile",0.975,102.165121219392
"14306",2021-05-15,"19","30  day ahead inc hosp",2021-06-14,"quantile",0.99,125.293500660404
"14307",2021-05-15,"19","31  day ahead inc hosp",2021-06-15,"quantile",0.01,2.16504781616749
"14308",2021-05-15,"19","31  day ahead inc hosp",2021-06-15,"quantile",0.025,3.66378817895528
"14309",2021-05-15,"19","31  day ahead inc hosp",2021-06-15,"quantile",0.05,5.48189212440934
"14310",2021-05-15,"19","31  day ahead inc hosp",2021-06-15,"quantile",0.1,8.33648696748906
"14311",2021-05-15,"19","31  day ahead inc hosp",2021-06-15,"quantile",0.15,10.8105750889966
"14312",2021-05-15,"19","31  day ahead inc hosp",2021-06-15,"quantile",0.2,13.1400706775925
"14313",2021-05-15,"19","31  day ahead inc hosp",2021-06-15,"quantile",0.25,15.4222813724149
"14314",2021-05-15,"19","31  day ahead inc hosp",2021-06-15,"quantile",0.3,17.7141160568735
"14315",2021-05-15,"19","31  day ahead inc hosp",2021-06-15,"quantile",0.35,20.0574402051391
"14316",2021-05-15,"19","31  day ahead inc hosp",2021-06-15,"quantile",0.4,22.4889891999563
"14317",2021-05-15,"19","31  day ahead inc hosp",2021-06-15,"quantile",0.45,25.0457232080219
"14318",2021-05-15,"19","31  day ahead inc hosp",2021-06-15,"quantile",0.5,27.7688920478519
"14319",2021-05-15,"19","31  day ahead inc hosp",2021-06-15,"quantile",0.55,30.7083108957563
"14320",2021-05-15,"19","31  day ahead inc hosp",2021-06-15,"quantile",0.6,33.9280775401064
"14321",2021-05-15,"19","31  day ahead inc hosp",2021-06-15,"quantile",0.65,37.5154698354958
"14322",2021-05-15,"19","31  day ahead inc hosp",2021-06-15,"quantile",0.7,41.5963408262102
"14323",2021-05-15,"19","31  day ahead inc hosp",2021-06-15,"quantile",0.75,46.3644593913027
"14324",2021-05-15,"19","31  day ahead inc hosp",2021-06-15,"quantile",0.8,52.1440378596892
"14325",2021-05-15,"19","31  day ahead inc hosp",2021-06-15,"quantile",0.85,59.544606194115
"14326",2021-05-15,"19","31  day ahead inc hosp",2021-06-15,"quantile",0.9,69.9436671698822
"14327",2021-05-15,"19","31  day ahead inc hosp",2021-06-15,"quantile",0.95,87.7899899136009
"14328",2021-05-15,"19","31  day ahead inc hosp",2021-06-15,"quantile",0.975,105.859881935726
"14329",2021-05-15,"19","31  day ahead inc hosp",2021-06-15,"quantile",0.99,130.225774397177
"14330",2021-05-15,"19","32  day ahead inc hosp",2021-06-16,"quantile",0.01,2.07391707875498
"14331",2021-05-15,"19","32  day ahead inc hosp",2021-06-16,"quantile",0.025,3.57089949048268
"14332",2021-05-15,"19","32  day ahead inc hosp",2021-06-16,"quantile",0.05,5.40615652320247
"14333",2021-05-15,"19","32  day ahead inc hosp",2021-06-16,"quantile",0.1,8.31237820805136
"14334",2021-05-15,"19","32  day ahead inc hosp",2021-06-16,"quantile",0.15,10.846982912191
"14335",2021-05-15,"19","32  day ahead inc hosp",2021-06-16,"quantile",0.2,13.2429015227749
"14336",2021-05-15,"19","32  day ahead inc hosp",2021-06-16,"quantile",0.25,15.597102331072
"14337",2021-05-15,"19","32  day ahead inc hosp",2021-06-16,"quantile",0.3,17.9668571151807
"14338",2021-05-15,"19","32  day ahead inc hosp",2021-06-16,"quantile",0.35,20.3947514563183
"14339",2021-05-15,"19","32  day ahead inc hosp",2021-06-16,"quantile",0.4,22.918538324744
"14340",2021-05-15,"19","32  day ahead inc hosp",2021-06-16,"quantile",0.45,25.5765286214987
"14341",2021-05-15,"19","32  day ahead inc hosp",2021-06-16,"quantile",0.5,28.4117537740898
"14342",2021-05-15,"19","32  day ahead inc hosp",2021-06-16,"quantile",0.55,31.4764111508002
"14343",2021-05-15,"19","32  day ahead inc hosp",2021-06-16,"quantile",0.6,34.8378627925191
"14344",2021-05-15,"19","32  day ahead inc hosp",2021-06-16,"quantile",0.65,38.5880121093385
"14345",2021-05-15,"19","32  day ahead inc hosp",2021-06-16,"quantile",0.7,42.8595606655951
"14346",2021-05-15,"19","32  day ahead inc hosp",2021-06-16,"quantile",0.75,47.8570215570372
"14347",2021-05-15,"19","32  day ahead inc hosp",2021-06-16,"quantile",0.8,53.9228522560627
"14348",2021-05-15,"19","32  day ahead inc hosp",2021-06-16,"quantile",0.85,61.7013432526522
"14349",2021-05-15,"19","32  day ahead inc hosp",2021-06-16,"quantile",0.9,72.6496538344434
"14350",2021-05-15,"19","32  day ahead inc hosp",2021-06-16,"quantile",0.95,91.4784028801978
"14351",2021-05-15,"19","32  day ahead inc hosp",2021-06-16,"quantile",0.975,110.583399214283
"14352",2021-05-15,"19","32  day ahead inc hosp",2021-06-16,"quantile",0.99,136.394800872367
"14353",2021-05-15,"19","33  day ahead inc hosp",2021-06-17,"quantile",0.01,1.6300452421045
"14354",2021-05-15,"19","33  day ahead inc hosp",2021-06-17,"quantile",0.025,2.93405896337093
"14355",2021-05-15,"19","33  day ahead inc hosp",2021-06-17,"quantile",0.05,4.57626694137084
"14356",2021-05-15,"19","33  day ahead inc hosp",2021-06-17,"quantile",0.1,7.23322675552143
"14357",2021-05-15,"19","33  day ahead inc hosp",2021-06-17,"quantile",0.15,9.58678306665695
"14358",2021-05-15,"19","33  day ahead inc hosp",2021-06-17,"quantile",0.2,11.8334506910967
"14359",2021-05-15,"19","33  day ahead inc hosp",2021-06-17,"quantile",0.25,14.0570971508021
"14360",2021-05-15,"19","33  day ahead inc hosp",2021-06-17,"quantile",0.3,16.3085751553072
"14361",2021-05-15,"19","33  day ahead inc hosp",2021-06-17,"quantile",0.35,18.6267645938921
"14362",2021-05-15,"19","33  day ahead inc hosp",2021-06-17,"quantile",0.4,21.0470384024637
"14363",2021-05-15,"19","33  day ahead inc hosp",2021-06-17,"quantile",0.45,23.606055070093
"14364",2021-05-15,"19","33  day ahead inc hosp",2021-06-17,"quantile",0.5,26.3456264303274
"14365",2021-05-15,"19","33  day ahead inc hosp",2021-06-17,"quantile",0.55,29.3170044268378
"14366",2021-05-15,"19","33  day ahead inc hosp",2021-06-17,"quantile",0.6,32.5867916161619
"14367",2021-05-15,"19","33  day ahead inc hosp",2021-06-17,"quantile",0.65,36.2462745135639
"14368",2021-05-15,"19","33  day ahead inc hosp",2021-06-17,"quantile",0.7,40.4276798628474
"14369",2021-05-15,"19","33  day ahead inc hosp",2021-06-17,"quantile",0.75,45.3352580492669
"14370",2021-05-15,"19","33  day ahead inc hosp",2021-06-17,"quantile",0.8,51.311660939191
"14371",2021-05-15,"19","33  day ahead inc hosp",2021-06-17,"quantile",0.85,59.0026404751276
"14372",2021-05-15,"19","33  day ahead inc hosp",2021-06-17,"quantile",0.9,69.8713035225896
"14373",2021-05-15,"19","33  day ahead inc hosp",2021-06-17,"quantile",0.95,88.6585749664963
"14374",2021-05-15,"19","33  day ahead inc hosp",2021-06-17,"quantile",0.975,107.818512930493
"14375",2021-05-15,"19","33  day ahead inc hosp",2021-06-17,"quantile",0.99,133.82401879603
"14376",2021-05-15,"19","34  day ahead inc hosp",2021-06-18,"quantile",0.01,1.36227178179066
"14377",2021-05-15,"19","34  day ahead inc hosp",2021-06-18,"quantile",0.025,2.54898769035586
"14378",2021-05-15,"19","34  day ahead inc hosp",2021-06-18,"quantile",0.05,4.0785541927286
"14379",2021-05-15,"19","34  day ahead inc hosp",2021-06-18,"quantile",0.1,6.59894116451889
"14380",2021-05-15,"19","34  day ahead inc hosp",2021-06-18,"quantile",0.15,8.86094339787312
"14381",2021-05-15,"19","34  day ahead inc hosp",2021-06-18,"quantile",0.2,11.0379493209917
"14382",2021-05-15,"19","34  day ahead inc hosp",2021-06-18,"quantile",0.25,13.2056996592652
"14383",2021-05-15,"19","34  day ahead inc hosp",2021-06-18,"quantile",0.3,15.4112442613615
"14384",2021-05-15,"19","34  day ahead inc hosp",2021-06-18,"quantile",0.35,17.6914565743846
"14385",2021-05-15,"19","34  day ahead inc hosp",2021-06-18,"quantile",0.4,20.0806338240971
"14386",2021-05-15,"19","34  day ahead inc hosp",2021-06-18,"quantile",0.45,22.6149390262548
"14387",2021-05-15,"19","34  day ahead inc hosp",2021-06-18,"quantile",0.5,25.3361272943263
"14388",2021-05-15,"19","34  day ahead inc hosp",2021-06-18,"quantile",0.55,28.2958030624366
"14389",2021-05-15,"19","34  day ahead inc hosp",2021-06-18,"quantile",0.6,31.5613891282333
"14390",2021-05-15,"19","34  day ahead inc hosp",2021-06-18,"quantile",0.65,35.2256258533627
"14391",2021-05-15,"19","34  day ahead inc hosp",2021-06-18,"quantile",0.7,39.4231742195134
"14392",2021-05-15,"19","34  day ahead inc hosp",2021-06-18,"quantile",0.75,44.3624180987188
"14393",2021-05-15,"19","34  day ahead inc hosp",2021-06-18,"quantile",0.8,50.3934538319117
"14394",2021-05-15,"19","34  day ahead inc hosp",2021-06-18,"quantile",0.85,58.1769531330038
"14395",2021-05-15,"19","34  day ahead inc hosp",2021-06-18,"quantile",0.9,69.2119899044391
"14396",2021-05-15,"19","34  day ahead inc hosp",2021-06-18,"quantile",0.95,88.3651413059038
"14397",2021-05-15,"19","34  day ahead inc hosp",2021-06-18,"quantile",0.975,107.977820227023
"14398",2021-05-15,"19","34  day ahead inc hosp",2021-06-18,"quantile",0.99,134.696261434383
"14399",2021-05-15,"19","35  day ahead inc hosp",2021-06-19,"quantile",0.01,1.1712438001853
"14400",2021-05-15,"19","35  day ahead inc hosp",2021-06-19,"quantile",0.025,2.27310493145229
"14401",2021-05-15,"19","35  day ahead inc hosp",2021-06-19,"quantile",0.05,3.72439117164106
"14402",2021-05-15,"19","35  day ahead inc hosp",2021-06-19,"quantile",0.1,6.15644688124123
"14403",2021-05-15,"19","35  day ahead inc hosp",2021-06-19,"quantile",0.15,8.36539511553699
"14404",2021-05-15,"19","35  day ahead inc hosp",2021-06-19,"quantile",0.2,10.5071608491323
"14405",2021-05-15,"19","35  day ahead inc hosp",2021-06-19,"quantile",0.25,12.6514755455326
"14406",2021-05-15,"19","35  day ahead inc hosp",2021-06-19,"quantile",0.3,14.8427057492354
"14407",2021-05-15,"19","35  day ahead inc hosp",2021-06-19,"quantile",0.35,17.1164537560287
"14408",2021-05-15,"19","35  day ahead inc hosp",2021-06-19,"quantile",0.4,19.5065147100363
"14409",2021-05-15,"19","35  day ahead inc hosp",2021-06-19,"quantile",0.45,22.0490746765289
"14410",2021-05-15,"19","35  day ahead inc hosp",2021-06-19,"quantile",0.5,24.786362982877
"14411",2021-05-15,"19","35  day ahead inc hosp",2021-06-19,"quantile",0.55,27.7709386686093
"14412",2021-05-15,"19","35  day ahead inc hosp",2021-06-19,"quantile",0.6,31.0717869231431
"14413",2021-05-15,"19","35  day ahead inc hosp",2021-06-19,"quantile",0.65,34.7840841860371
"14414",2021-05-15,"19","35  day ahead inc hosp",2021-06-19,"quantile",0.7,39.0463158183236
"14415",2021-05-15,"19","35  day ahead inc hosp",2021-06-19,"quantile",0.75,44.0731126669203
"14416",2021-05-15,"19","35  day ahead inc hosp",2021-06-19,"quantile",0.8,50.2255197728854
"14417",2021-05-15,"19","35  day ahead inc hosp",2021-06-19,"quantile",0.85,58.1856683455869
"14418",2021-05-15,"19","35  day ahead inc hosp",2021-06-19,"quantile",0.9,69.5032753722014
"14419",2021-05-15,"19","35  day ahead inc hosp",2021-06-19,"quantile",0.95,89.2175719823648
"14420",2021-05-15,"19","35  day ahead inc hosp",2021-06-19,"quantile",0.975,109.476797869202
"14421",2021-05-15,"19","35  day ahead inc hosp",2021-06-19,"quantile",0.99,137.165071847467
"14422",2021-05-15,"19","36  day ahead inc hosp",2021-06-20,"quantile",0.01,1.06124740192198
"14423",2021-05-15,"19","36  day ahead inc hosp",2021-06-20,"quantile",0.025,2.12171849652595
"14424",2021-05-15,"19","36  day ahead inc hosp",2021-06-20,"quantile",0.05,3.54307870150928
"14425",2021-05-15,"19","36  day ahead inc hosp",2021-06-20,"quantile",0.1,5.95721536174499
"14426",2021-05-15,"19","36  day ahead inc hosp",2021-06-20,"quantile",0.15,8.17067153017767
"14427",2021-05-15,"19","36  day ahead inc hosp",2021-06-20,"quantile",0.2,10.329347911931
"14428",2021-05-15,"19","36  day ahead inc hosp",2021-06-20,"quantile",0.25,12.4998348344785
"14429",2021-05-15,"19","36  day ahead inc hosp",2021-06-20,"quantile",0.3,14.7253697056912
"14430",2021-05-15,"19","36  day ahead inc hosp",2021-06-20,"quantile",0.35,17.0413288483359
"14431",2021-05-15,"19","36  day ahead inc hosp",2021-06-20,"quantile",0.4,19.4818395237992
"14432",2021-05-15,"19","36  day ahead inc hosp",2021-06-20,"quantile",0.45,22.0838802635087
"14433",2021-05-15,"19","36  day ahead inc hosp",2021-06-20,"quantile",0.5,24.8909549982614
"14434",2021-05-15,"19","36  day ahead inc hosp",2021-06-20,"quantile",0.55,27.9574951150932
"14435",2021-05-15,"19","36  day ahead inc hosp",2021-06-20,"quantile",0.6,31.3551871489609
"14436",2021-05-15,"19","36  day ahead inc hosp",2021-06-20,"quantile",0.65,35.1831566702322
"14437",2021-05-15,"19","36  day ahead inc hosp",2021-06-20,"quantile",0.7,39.5858582967717
"14438",2021-05-15,"19","36  day ahead inc hosp",2021-06-20,"quantile",0.75,44.7874314454539
"14439",2021-05-15,"19","36  day ahead inc hosp",2021-06-20,"quantile",0.8,51.165273419182
"14440",2021-05-15,"19","36  day ahead inc hosp",2021-06-20,"quantile",0.85,59.4330433557943
"14441",2021-05-15,"19","36  day ahead inc hosp",2021-06-20,"quantile",0.9,71.2136417212964
"14442",2021-05-15,"19","36  day ahead inc hosp",2021-06-20,"quantile",0.95,91.7908663077934
"14443",2021-05-15,"19","36  day ahead inc hosp",2021-06-20,"quantile",0.975,112.994324864798
"14444",2021-05-15,"19","36  day ahead inc hosp",2021-06-20,"quantile",0.99,142.044227688082
"14445",2021-05-15,"19","37  day ahead inc hosp",2021-06-21,"quantile",0.01,1.24340249454824
"14446",2021-05-15,"19","37  day ahead inc hosp",2021-06-21,"quantile",0.025,2.45876900190773
"14447",2021-05-15,"19","37  day ahead inc hosp",2021-06-21,"quantile",0.05,4.07729451962591
"14448",2021-05-15,"19","37  day ahead inc hosp",2021-06-21,"quantile",0.1,6.81276866141557
"14449",2021-05-15,"19","37  day ahead inc hosp",2021-06-21,"quantile",0.15,9.31219459958131
"14450",2021-05-15,"19","37  day ahead inc hosp",2021-06-21,"quantile",0.2,11.7445724502553
"14451",2021-05-15,"19","37  day ahead inc hosp",2021-06-21,"quantile",0.25,14.1864466896615
"14452",2021-05-15,"19","37  day ahead inc hosp",2021-06-21,"quantile",0.3,16.6871419573058
"14453",2021-05-15,"19","37  day ahead inc hosp",2021-06-21,"quantile",0.35,19.2867259565289
"14454",2021-05-15,"19","37  day ahead inc hosp",2021-06-21,"quantile",0.4,22.0236233918717
"14455",2021-05-15,"19","37  day ahead inc hosp",2021-06-21,"quantile",0.45,24.9392895378819
"14456",2021-05-15,"19","37  day ahead inc hosp",2021-06-21,"quantile",0.5,28.0823526896031
"14457",2021-05-15,"19","37  day ahead inc hosp",2021-06-21,"quantile",0.55,31.5135401845502
"14458",2021-05-15,"19","37  day ahead inc hosp",2021-06-21,"quantile",0.6,35.3127322305201
"14459",2021-05-15,"19","37  day ahead inc hosp",2021-06-21,"quantile",0.65,39.5902950644514
"14460",2021-05-15,"19","37  day ahead inc hosp",2021-06-21,"quantile",0.7,44.506974606494
"14461",2021-05-15,"19","37  day ahead inc hosp",2021-06-21,"quantile",0.75,50.3120849210006
"14462",2021-05-15,"19","37  day ahead inc hosp",2021-06-21,"quantile",0.8,57.4252676310055
"14463",2021-05-15,"19","37  day ahead inc hosp",2021-06-21,"quantile",0.85,66.6398107970762
"14464",2021-05-15,"19","37  day ahead inc hosp",2021-06-21,"quantile",0.9,79.7590679053641
"14465",2021-05-15,"19","37  day ahead inc hosp",2021-06-21,"quantile",0.95,102.651690593184
"14466",2021-05-15,"19","37  day ahead inc hosp",2021-06-21,"quantile",0.975,126.217796524543
"14467",2021-05-15,"19","37  day ahead inc hosp",2021-06-21,"quantile",0.99,158.475951791779
"14468",2021-05-15,"20","1  day ahead inc hosp",2021-05-16,"quantile",0.01,9.04752651603159
"14469",2021-05-15,"20","1  day ahead inc hosp",2021-05-16,"quantile",0.025,10.1913208435011
"14470",2021-05-15,"20","1  day ahead inc hosp",2021-05-16,"quantile",0.05,11.2589367667182
"14471",2021-05-15,"20","1  day ahead inc hosp",2021-05-16,"quantile",0.1,12.5915604710321
"14472",2021-05-15,"20","1  day ahead inc hosp",2021-05-16,"quantile",0.15,13.5552200059037
"14473",2021-05-15,"20","1  day ahead inc hosp",2021-05-16,"quantile",0.2,14.3597240815534
"14474",2021-05-15,"20","1  day ahead inc hosp",2021-05-16,"quantile",0.25,15.0780035690102
"14475",2021-05-15,"20","1  day ahead inc hosp",2021-05-16,"quantile",0.3,15.7457048161656
"14476",2021-05-15,"20","1  day ahead inc hosp",2021-05-16,"quantile",0.35,16.3839990581597
"14477",2021-05-15,"20","1  day ahead inc hosp",2021-05-16,"quantile",0.4,17.0074367296692
"14478",2021-05-15,"20","1  day ahead inc hosp",2021-05-16,"quantile",0.45,17.6273919931247
"14479",2021-05-15,"20","1  day ahead inc hosp",2021-05-16,"quantile",0.5,18.253915682165
"14480",2021-05-15,"20","1  day ahead inc hosp",2021-05-16,"quantile",0.55,18.8969940318852
"14481",2021-05-15,"20","1  day ahead inc hosp",2021-05-16,"quantile",0.6,19.5676869564156
"14482",2021-05-15,"20","1  day ahead inc hosp",2021-05-16,"quantile",0.65,20.2795030420593
"14483",2021-05-15,"20","1  day ahead inc hosp",2021-05-16,"quantile",0.7,21.0504851177736
"14484",2021-05-15,"20","1  day ahead inc hosp",2021-05-16,"quantile",0.75,21.9069390633127
"14485",2021-05-15,"20","1  day ahead inc hosp",2021-05-16,"quantile",0.8,22.8911094355231
"14486",2021-05-15,"20","1  day ahead inc hosp",2021-05-16,"quantile",0.85,24.0797209632307
"14487",2021-05-15,"20","1  day ahead inc hosp",2021-05-16,"quantile",0.9,25.640329989573
"14488",2021-05-15,"20","1  day ahead inc hosp",2021-05-16,"quantile",0.95,28.091405635966
"14489",2021-05-15,"20","1  day ahead inc hosp",2021-05-16,"quantile",0.975,30.3560914303572
"14490",2021-05-15,"20","1  day ahead inc hosp",2021-05-16,"quantile",0.99,33.1584233992121
"14491",2021-05-15,"20","2  day ahead inc hosp",2021-05-17,"quantile",0.01,7.80936915195048
"14492",2021-05-15,"20","2  day ahead inc hosp",2021-05-17,"quantile",0.025,8.91880523371372
"14493",2021-05-15,"20","2  day ahead inc hosp",2021-05-17,"quantile",0.05,9.96405524625203
"14494",2021-05-15,"20","2  day ahead inc hosp",2021-05-17,"quantile",0.1,11.2802896678567
"14495",2021-05-15,"20","2  day ahead inc hosp",2021-05-17,"quantile",0.15,12.2392194324765
"14496",2021-05-15,"20","2  day ahead inc hosp",2021-05-17,"quantile",0.2,13.0439329840273
"14497",2021-05-15,"20","2  day ahead inc hosp",2021-05-17,"quantile",0.25,13.7653755882709
"14498",2021-05-15,"20","2  day ahead inc hosp",2021-05-17,"quantile",0.3,14.4383892506082
"14499",2021-05-15,"20","2  day ahead inc hosp",2021-05-17,"quantile",0.35,15.0837890669784
"14500",2021-05-15,"20","2  day ahead inc hosp",2021-05-17,"quantile",0.4,15.715989917304
"14501",2021-05-15,"20","2  day ahead inc hosp",2021-05-17,"quantile",0.45,16.346367022951
"14502",2021-05-15,"20","2  day ahead inc hosp",2021-05-17,"quantile",0.5,16.9850797474121
"14503",2021-05-15,"20","2  day ahead inc hosp",2021-05-17,"quantile",0.55,17.6423297644309
"14504",2021-05-15,"20","2  day ahead inc hosp",2021-05-17,"quantile",0.6,18.3295216051793
"14505",2021-05-15,"20","2  day ahead inc hosp",2021-05-17,"quantile",0.65,19.0606884730696
"14506",2021-05-15,"20","2  day ahead inc hosp",2021-05-17,"quantile",0.7,19.8546770091102
"14507",2021-05-15,"20","2  day ahead inc hosp",2021-05-17,"quantile",0.75,20.7390733900684
"14508",2021-05-15,"20","2  day ahead inc hosp",2021-05-17,"quantile",0.8,21.758306086031
"14509",2021-05-15,"20","2  day ahead inc hosp",2021-05-17,"quantile",0.85,22.9932519760224
"14510",2021-05-15,"20","2  day ahead inc hosp",2021-05-17,"quantile",0.9,24.62091583189
"14511",2021-05-15,"20","2  day ahead inc hosp",2021-05-17,"quantile",0.95,27.1904283479805
"14512",2021-05-15,"20","2  day ahead inc hosp",2021-05-17,"quantile",0.975,29.5775256967541
"14513",2021-05-15,"20","2  day ahead inc hosp",2021-05-17,"quantile",0.99,32.5468936020241
"14514",2021-05-15,"20","3  day ahead inc hosp",2021-05-18,"quantile",0.01,7.54580939831476
"14515",2021-05-15,"20","3  day ahead inc hosp",2021-05-18,"quantile",0.025,8.6786061876802
"14516",2021-05-15,"20","3  day ahead inc hosp",2021-05-18,"quantile",0.05,9.75093863384868
"14517",2021-05-15,"20","3  day ahead inc hosp",2021-05-18,"quantile",0.1,11.1073037616646
"14518",2021-05-15,"20","3  day ahead inc hosp",2021-05-18,"quantile",0.15,12.0991900067164
"14519",2021-05-15,"20","3  day ahead inc hosp",2021-05-18,"quantile",0.2,12.9337295825201
"14520",2021-05-15,"20","3  day ahead inc hosp",2021-05-18,"quantile",0.25,13.6834640130699
"14521",2021-05-15,"20","3  day ahead inc hosp",2021-05-18,"quantile",0.3,14.3841071136591
"14522",2021-05-15,"20","3  day ahead inc hosp",2021-05-18,"quantile",0.35,15.0570594895587
"14523",2021-05-15,"20","3  day ahead inc hosp",2021-05-18,"quantile",0.4,15.7171996514135
"14524",2021-05-15,"20","3  day ahead inc hosp",2021-05-18,"quantile",0.45,16.376325480405
"14525",2021-05-15,"20","3  day ahead inc hosp",2021-05-18,"quantile",0.5,17.0450305422347
"14526",2021-05-15,"20","3  day ahead inc hosp",2021-05-18,"quantile",0.55,17.7340087674787
"14527",2021-05-15,"20","3  day ahead inc hosp",2021-05-18,"quantile",0.6,18.4552699259531
"14528",2021-05-15,"20","3  day ahead inc hosp",2021-05-18,"quantile",0.65,19.2236453265016
"14529",2021-05-15,"20","3  day ahead inc hosp",2021-05-18,"quantile",0.7,20.0591062885553
"14530",2021-05-15,"20","3  day ahead inc hosp",2021-05-18,"quantile",0.75,20.9909406478274
"14531",2021-05-15,"20","3  day ahead inc hosp",2021-05-18,"quantile",0.8,22.0663830323547
"14532",2021-05-15,"20","3  day ahead inc hosp",2021-05-18,"quantile",0.85,23.3715143319116
"14533",2021-05-15,"20","3  day ahead inc hosp",2021-05-18,"quantile",0.9,25.0949261375045
"14534",2021-05-15,"20","3  day ahead inc hosp",2021-05-18,"quantile",0.95,27.8224386155427
"14535",2021-05-15,"20","3  day ahead inc hosp",2021-05-18,"quantile",0.975,30.3630927608192
"14536",2021-05-15,"20","3  day ahead inc hosp",2021-05-18,"quantile",0.99,33.5315946156616
"14537",2021-05-15,"20","4  day ahead inc hosp",2021-05-19,"quantile",0.01,7.51586740274665
"14538",2021-05-15,"20","4  day ahead inc hosp",2021-05-19,"quantile",0.025,8.69169228731196
"14539",2021-05-15,"20","4  day ahead inc hosp",2021-05-19,"quantile",0.05,9.80887354238923
"14540",2021-05-15,"20","4  day ahead inc hosp",2021-05-19,"quantile",0.1,11.2268623653964
"14541",2021-05-15,"20","4  day ahead inc hosp",2021-05-19,"quantile",0.15,12.2668349313249
"14542",2021-05-15,"20","4  day ahead inc hosp",2021-05-19,"quantile",0.2,13.1435955936195
"14543",2021-05-15,"20","4  day ahead inc hosp",2021-05-19,"quantile",0.25,13.9325220529125
"14544",2021-05-15,"20","4  day ahead inc hosp",2021-05-19,"quantile",0.3,14.6707962694433
"14545",2021-05-15,"20","4  day ahead inc hosp",2021-05-19,"quantile",0.35,15.380751674997
"14546",2021-05-15,"20","4  day ahead inc hosp",2021-05-19,"quantile",0.4,16.0779630854285
"14547",2021-05-15,"20","4  day ahead inc hosp",2021-05-19,"quantile",0.45,16.7748270996415
"14548",2021-05-15,"20","4  day ahead inc hosp",2021-05-19,"quantile",0.5,17.4825212583232
"14549",2021-05-15,"20","4  day ahead inc hosp",2021-05-19,"quantile",0.55,18.2123747988248
"14550",2021-05-15,"20","4  day ahead inc hosp",2021-05-19,"quantile",0.6,18.9771555231471
"14551",2021-05-15,"20","4  day ahead inc hosp",2021-05-19,"quantile",0.65,19.7926739964214
"14552",2021-05-15,"20","4  day ahead inc hosp",2021-05-19,"quantile",0.7,20.6802627870364
"14553",2021-05-15,"20","4  day ahead inc hosp",2021-05-19,"quantile",0.75,21.6712507254209
"14554",2021-05-15,"20","4  day ahead inc hosp",2021-05-19,"quantile",0.8,22.816217096085
"14555",2021-05-15,"20","4  day ahead inc hosp",2021-05-19,"quantile",0.85,24.2074157411086
"14556",2021-05-15,"20","4  day ahead inc hosp",2021-05-19,"quantile",0.9,26.0471230927376
"14557",2021-05-15,"20","4  day ahead inc hosp",2021-05-19,"quantile",0.95,28.9642751550822
"14558",2021-05-15,"20","4  day ahead inc hosp",2021-05-19,"quantile",0.975,31.6871063737272
"14559",2021-05-15,"20","4  day ahead inc hosp",2021-05-19,"quantile",0.99,35.089437505677
"14560",2021-05-15,"20","5  day ahead inc hosp",2021-05-20,"quantile",0.01,8.42728579767351
"14561",2021-05-15,"20","5  day ahead inc hosp",2021-05-20,"quantile",0.025,9.75487781074623
"14562",2021-05-15,"20","5  day ahead inc hosp",2021-05-20,"quantile",0.05,11.0170562763819
"14563",2021-05-15,"20","5  day ahead inc hosp",2021-05-20,"quantile",0.1,12.6200333431102
"14564",2021-05-15,"20","5  day ahead inc hosp",2021-05-20,"quantile",0.15,13.7962644367744
"14565",2021-05-15,"20","5  day ahead inc hosp",2021-05-20,"quantile",0.2,14.7882406849267
"14566",2021-05-15,"20","5  day ahead inc hosp",2021-05-20,"quantile",0.25,15.6810844532937
"14567",2021-05-15,"20","5  day ahead inc hosp",2021-05-20,"quantile",0.3,16.5167984981658
"14568",2021-05-15,"20","5  day ahead inc hosp",2021-05-20,"quantile",0.35,17.3206222267955
"14569",2021-05-15,"20","5  day ahead inc hosp",2021-05-20,"quantile",0.4,18.1101663288408
"14570",2021-05-15,"20","5  day ahead inc hosp",2021-05-20,"quantile",0.45,18.8994569003968
"14571",2021-05-15,"20","5  day ahead inc hosp",2021-05-20,"quantile",0.5,19.7011497366481
"14572",2021-05-15,"20","5  day ahead inc hosp",2021-05-20,"quantile",0.55,20.5280812479874
"14573",2021-05-15,"20","5  day ahead inc hosp",2021-05-20,"quantile",0.6,21.3947263732683
"14574",2021-05-15,"20","5  day ahead inc hosp",2021-05-20,"quantile",0.65,22.3190179404167
"14575",2021-05-15,"20","5  day ahead inc hosp",2021-05-20,"quantile",0.7,23.3251601774729
"14576",2021-05-15,"20","5  day ahead inc hosp",2021-05-20,"quantile",0.75,24.4487077840371
"14577",2021-05-15,"20","5  day ahead inc hosp",2021-05-20,"quantile",0.8,25.7470727229277
"14578",2021-05-15,"20","5  day ahead inc hosp",2021-05-20,"quantile",0.85,27.3249861705441
"14579",2021-05-15,"20","5  day ahead inc hosp",2021-05-20,"quantile",0.9,29.4121133686828
"14580",2021-05-15,"20","5  day ahead inc hosp",2021-05-20,"quantile",0.95,32.7226669206464
"14581",2021-05-15,"20","5  day ahead inc hosp",2021-05-20,"quantile",0.975,35.8137597355541
"14582",2021-05-15,"20","5  day ahead inc hosp",2021-05-20,"quantile",0.99,39.6775323956264
"14583",2021-05-15,"20","6  day ahead inc hosp",2021-05-21,"quantile",0.01,8.41515732673445
"14584",2021-05-15,"20","6  day ahead inc hosp",2021-05-21,"quantile",0.025,9.78816824726451
"14585",2021-05-15,"20","6  day ahead inc hosp",2021-05-21,"quantile",0.05,11.097789323874
"14586",2021-05-15,"20","6  day ahead inc hosp",2021-05-21,"quantile",0.1,12.7660916072188
"14587",2021-05-15,"20","6  day ahead inc hosp",2021-05-21,"quantile",0.15,13.9933897566288
"14588",2021-05-15,"20","6  day ahead inc hosp",2021-05-21,"quantile",0.2,15.0302615959878
"14589",2021-05-15,"20","6  day ahead inc hosp",2021-05-21,"quantile",0.25,15.9648228828424
"14590",2021-05-15,"20","6  day ahead inc hosp",2021-05-21,"quantile",0.3,16.8406283164832
"14591",2021-05-15,"20","6  day ahead inc hosp",2021-05-21,"quantile",0.35,17.6839054101299
"14592",2021-05-15,"20","6  day ahead inc hosp",2021-05-21,"quantile",0.4,18.5130043409109
"14593",2021-05-15,"20","6  day ahead inc hosp",2021-05-21,"quantile",0.45,19.3425889100789
"14594",2021-05-15,"20","6  day ahead inc hosp",2021-05-21,"quantile",0.5,20.1859386960136
"14595",2021-05-15,"20","6  day ahead inc hosp",2021-05-21,"quantile",0.55,21.0565704005997
"14596",2021-05-15,"20","6  day ahead inc hosp",2021-05-21,"quantile",0.6,21.9697722368156
"14597",2021-05-15,"20","6  day ahead inc hosp",2021-05-21,"quantile",0.65,22.9445291390629
"14598",2021-05-15,"20","6  day ahead inc hosp",2021-05-21,"quantile",0.7,24.0065093317907
"14599",2021-05-15,"20","6  day ahead inc hosp",2021-05-21,"quantile",0.75,25.1934641818895
"14600",2021-05-15,"20","6  day ahead inc hosp",2021-05-21,"quantile",0.8,26.5664074822326
"14601",2021-05-15,"20","6  day ahead inc hosp",2021-05-21,"quantile",0.85,28.2367213496191
"14602",2021-05-15,"20","6  day ahead inc hosp",2021-05-21,"quantile",0.9,30.4488231615545
"14603",2021-05-15,"20","6  day ahead inc hosp",2021-05-21,"quantile",0.95,33.9634350178831
"14604",2021-05-15,"20","6  day ahead inc hosp",2021-05-21,"quantile",0.975,37.2508278252532
"14605",2021-05-15,"20","6  day ahead inc hosp",2021-05-21,"quantile",0.99,41.3668936504426
"14606",2021-05-15,"20","7  day ahead inc hosp",2021-05-22,"quantile",0.01,7.48230859374389
"14607",2021-05-15,"20","7  day ahead inc hosp",2021-05-22,"quantile",0.025,8.78347538045947
"14608",2021-05-15,"20","7  day ahead inc hosp",2021-05-22,"quantile",0.05,10.0322499498955
"14609",2021-05-15,"20","7  day ahead inc hosp",2021-05-22,"quantile",0.1,11.6322107080689
"14610",2021-05-15,"20","7  day ahead inc hosp",2021-05-22,"quantile",0.15,12.8149079407047
"14611",2021-05-15,"20","7  day ahead inc hosp",2021-05-22,"quantile",0.2,13.8174163467883
"14612",2021-05-15,"20","7  day ahead inc hosp",2021-05-22,"quantile",0.25,14.7233824652294
"14613",2021-05-15,"20","7  day ahead inc hosp",2021-05-22,"quantile",0.3,15.5742880648236
"14614",2021-05-15,"20","7  day ahead inc hosp",2021-05-22,"quantile",0.35,16.3952139116943
"14615",2021-05-15,"20","7  day ahead inc hosp",2021-05-22,"quantile",0.4,17.203799512844
"14616",2021-05-15,"20","7  day ahead inc hosp",2021-05-22,"quantile",0.45,18.0142300255647
"14617",2021-05-15,"20","7  day ahead inc hosp",2021-05-22,"quantile",0.5,18.8394400310794
"14618",2021-05-15,"20","7  day ahead inc hosp",2021-05-22,"quantile",0.55,19.6926819256322
"14619",2021-05-15,"20","7  day ahead inc hosp",2021-05-22,"quantile",0.6,20.5890289762861
"14620",2021-05-15,"20","7  day ahead inc hosp",2021-05-22,"quantile",0.65,21.5472801693156
"14621",2021-05-15,"20","7  day ahead inc hosp",2021-05-22,"quantile",0.7,22.5929321718487
"14622",2021-05-15,"20","7  day ahead inc hosp",2021-05-22,"quantile",0.75,23.7635679431715
"14623",2021-05-15,"20","7  day ahead inc hosp",2021-05-22,"quantile",0.8,25.1200289646946
"14624",2021-05-15,"20","7  day ahead inc hosp",2021-05-22,"quantile",0.85,26.7735301574745
"14625",2021-05-15,"20","7  day ahead inc hosp",2021-05-22,"quantile",0.9,28.9684297632383
"14626",2021-05-15,"20","7  day ahead inc hosp",2021-05-22,"quantile",0.95,32.4664353745173
"14627",2021-05-15,"20","7  day ahead inc hosp",2021-05-22,"quantile",0.975,35.7489299033416
"14628",2021-05-15,"20","7  day ahead inc hosp",2021-05-22,"quantile",0.99,39.8716467149188
"14629",2021-05-15,"20","8  day ahead inc hosp",2021-05-23,"quantile",0.01,5.97192640201511
"14630",2021-05-15,"20","8  day ahead inc hosp",2021-05-23,"quantile",0.025,7.1091748955014
"14631",2021-05-15,"20","8  day ahead inc hosp",2021-05-23,"quantile",0.05,8.21089675299227
"14632",2021-05-15,"20","8  day ahead inc hosp",2021-05-23,"quantile",0.1,9.63475533562617
"14633",2021-05-15,"20","8  day ahead inc hosp",2021-05-23,"quantile",0.15,10.6949134435563
"14634",2021-05-15,"20","8  day ahead inc hosp",2021-05-23,"quantile",0.2,11.5980253392333
"14635",2021-05-15,"20","8  day ahead inc hosp",2021-05-23,"quantile",0.25,12.4173784073226
"14636",2021-05-15,"20","8  day ahead inc hosp",2021-05-23,"quantile",0.3,13.1895017448196
"14637",2021-05-15,"20","8  day ahead inc hosp",2021-05-23,"quantile",0.35,13.9366203572697
"14638",2021-05-15,"20","8  day ahead inc hosp",2021-05-23,"quantile",0.4,14.6744908777765
"14639",2021-05-15,"20","8  day ahead inc hosp",2021-05-23,"quantile",0.45,15.4159065105301
"14640",2021-05-15,"20","8  day ahead inc hosp",2021-05-23,"quantile",0.5,16.172653285372
"14641",2021-05-15,"20","8  day ahead inc hosp",2021-05-23,"quantile",0.55,16.9569247637001
"14642",2021-05-15,"20","8  day ahead inc hosp",2021-05-23,"quantile",0.6,17.7827034513998
"14643",2021-05-15,"20","8  day ahead inc hosp",2021-05-23,"quantile",0.65,18.667537083215
"14644",2021-05-15,"20","8  day ahead inc hosp",2021-05-23,"quantile",0.7,19.6353327654917
"14645",2021-05-15,"20","8  day ahead inc hosp",2021-05-23,"quantile",0.75,20.7214435001423
"14646",2021-05-15,"20","8  day ahead inc hosp",2021-05-23,"quantile",0.8,21.983235977116
"14647",2021-05-15,"20","8  day ahead inc hosp",2021-05-23,"quantile",0.85,23.52577419013
"14648",2021-05-15,"20","8  day ahead inc hosp",2021-05-23,"quantile",0.9,25.5803241337054
"14649",2021-05-15,"20","8  day ahead inc hosp",2021-05-23,"quantile",0.95,28.8693968711717
"14650",2021-05-15,"20","8  day ahead inc hosp",2021-05-23,"quantile",0.975,31.9704760482687
"14651",2021-05-15,"20","8  day ahead inc hosp",2021-05-23,"quantile",0.99,35.8829828536667
"14652",2021-05-15,"20","9  day ahead inc hosp",2021-05-24,"quantile",0.01,6.00181218961929
"14653",2021-05-15,"20","9  day ahead inc hosp",2021-05-24,"quantile",0.025,7.17714088686653
"14654",2021-05-15,"20","9  day ahead inc hosp",2021-05-24,"quantile",0.05,8.31919766085742
"14655",2021-05-15,"20","9  day ahead inc hosp",2021-05-24,"quantile",0.1,9.79930865755187
"14656",2021-05-15,"20","9  day ahead inc hosp",2021-05-24,"quantile",0.15,10.9039045377695
"14657",2021-05-15,"20","9  day ahead inc hosp",2021-05-24,"quantile",0.2,11.8463650172103
"14658",2021-05-15,"20","9  day ahead inc hosp",2021-05-24,"quantile",0.25,12.7024885099802
"14659",2021-05-15,"20","9  day ahead inc hosp",2021-05-24,"quantile",0.3,13.5101182937403
"14660",2021-05-15,"20","9  day ahead inc hosp",2021-05-24,"quantile",0.35,14.2923261537153
"14661",2021-05-15,"20","9  day ahead inc hosp",2021-05-24,"quantile",0.4,15.0655117557023
"14662",2021-05-15,"20","9  day ahead inc hosp",2021-05-24,"quantile",0.45,15.8430317421017
"14663",2021-05-15,"20","9  day ahead inc hosp",2021-05-24,"quantile",0.5,16.6372317543482
"14664",2021-05-15,"20","9  day ahead inc hosp",2021-05-24,"quantile",0.55,17.4609235865536
"14665",2021-05-15,"20","9  day ahead inc hosp",2021-05-24,"quantile",0.6,18.3288361891351
"14666",2021-05-15,"20","9  day ahead inc hosp",2021-05-24,"quantile",0.65,19.2594898876861
"14667",2021-05-15,"20","9  day ahead inc hosp",2021-05-24,"quantile",0.7,20.278152004664
"14668",2021-05-15,"20","9  day ahead inc hosp",2021-05-24,"quantile",0.75,21.4222239449603
"14669",2021-05-15,"20","9  day ahead inc hosp",2021-05-24,"quantile",0.8,22.7524405709365
"14670",2021-05-15,"20","9  day ahead inc hosp",2021-05-24,"quantile",0.85,24.3801005217408
"14671",2021-05-15,"20","9  day ahead inc hosp",2021-05-24,"quantile",0.9,26.5503329764613
"14672",2021-05-15,"20","9  day ahead inc hosp",2021-05-24,"quantile",0.95,30.0294949110768
"14673",2021-05-15,"20","9  day ahead inc hosp",2021-05-24,"quantile",0.975,33.3146593741065
"14674",2021-05-15,"20","9  day ahead inc hosp",2021-05-24,"quantile",0.99,37.4652715688967
"14675",2021-05-15,"20","10  day ahead inc hosp",2021-05-25,"quantile",0.01,5.71640750110858
"14676",2021-05-15,"20","10  day ahead inc hosp",2021-05-25,"quantile",0.025,6.88250330125498
"14677",2021-05-15,"20","10  day ahead inc hosp",2021-05-25,"quantile",0.05,8.02073999930884
"14678",2021-05-15,"20","10  day ahead inc hosp",2021-05-25,"quantile",0.1,9.50207992176246
"14679",2021-05-15,"20","10  day ahead inc hosp",2021-05-25,"quantile",0.15,10.6114252927467
"14680",2021-05-15,"20","10  day ahead inc hosp",2021-05-25,"quantile",0.2,11.5601814992757
"14681",2021-05-15,"20","10  day ahead inc hosp",2021-05-25,"quantile",0.25,12.4236342346282
"14682",2021-05-15,"20","10  day ahead inc hosp",2021-05-25,"quantile",0.3,13.2394650791891
"14683",2021-05-15,"20","10  day ahead inc hosp",2021-05-25,"quantile",0.35,14.0307186002718
"14684",2021-05-15,"20","10  day ahead inc hosp",2021-05-25,"quantile",0.4,14.8138397398275
"14685",2021-05-15,"20","10  day ahead inc hosp",2021-05-25,"quantile",0.45,15.6022845434762
"14686",2021-05-15,"20","10  day ahead inc hosp",2021-05-25,"quantile",0.5,16.4085517212981
"14687",2021-05-15,"20","10  day ahead inc hosp",2021-05-25,"quantile",0.55,17.2456710696978
"14688",2021-05-15,"20","10  day ahead inc hosp",2021-05-25,"quantile",0.6,18.1286785471972
"14689",2021-05-15,"20","10  day ahead inc hosp",2021-05-25,"quantile",0.65,19.0765342833145
"14690",2021-05-15,"20","10  day ahead inc hosp",2021-05-25,"quantile",0.7,20.1151583757798
"14691",2021-05-15,"20","10  day ahead inc hosp",2021-05-25,"quantile",0.75,21.2829739936021
"14692",2021-05-15,"20","10  day ahead inc hosp",2021-05-25,"quantile",0.8,22.6424418209041
"14693",2021-05-15,"20","10  day ahead inc hosp",2021-05-25,"quantile",0.85,24.308122785569
"14694",2021-05-15,"20","10  day ahead inc hosp",2021-05-25,"quantile",0.9,26.5325424237909
"14695",2021-05-15,"20","10  day ahead inc hosp",2021-05-25,"quantile",0.95,30.1059938903845
"14696",2021-05-15,"20","10  day ahead inc hosp",2021-05-25,"quantile",0.975,33.4875638644556
"14697",2021-05-15,"20","10  day ahead inc hosp",2021-05-25,"quantile",0.99,37.7688646371918
"14698",2021-05-15,"20","11  day ahead inc hosp",2021-05-26,"quantile",0.01,5.64726419304265
"14699",2021-05-15,"20","11  day ahead inc hosp",2021-05-26,"quantile",0.025,6.83404378852647
"14700",2021-05-15,"20","11  day ahead inc hosp",2021-05-26,"quantile",0.05,7.99641339100366
"14701",2021-05-15,"20","11  day ahead inc hosp",2021-05-26,"quantile",0.1,9.5138942818125
"14702",2021-05-15,"20","11  day ahead inc hosp",2021-05-26,"quantile",0.15,10.6532406577474
"14703",2021-05-15,"20","11  day ahead inc hosp",2021-05-26,"quantile",0.2,11.6293734891891
"14704",2021-05-15,"20","11  day ahead inc hosp",2021-05-26,"quantile",0.25,12.5189751062447
"14705",2021-05-15,"20","11  day ahead inc hosp",2021-05-26,"quantile",0.3,13.3604988185461
"14706",2021-05-15,"20","11  day ahead inc hosp",2021-05-26,"quantile",0.35,14.1775163334087
"14707",2021-05-15,"20","11  day ahead inc hosp",2021-05-26,"quantile",0.4,14.986898745042
"14708",2021-05-15,"20","11  day ahead inc hosp",2021-05-26,"quantile",0.45,15.8024990609667
"14709",2021-05-15,"20","11  day ahead inc hosp",2021-05-26,"quantile",0.5,16.6372317855999
"14710",2021-05-15,"20","11  day ahead inc hosp",2021-05-26,"quantile",0.55,17.5046055121219
"14711",2021-05-15,"20","11  day ahead inc hosp",2021-05-26,"quantile",0.6,18.4202517757749
"14712",2021-05-15,"20","11  day ahead inc hosp",2021-05-26,"quantile",0.65,19.4039226795867
"14713",2021-05-15,"20","11  day ahead inc hosp",2021-05-26,"quantile",0.7,20.4826611504263
"14714",2021-05-15,"20","11  day ahead inc hosp",2021-05-26,"quantile",0.75,21.696597049614
"14715",2021-05-15,"20","11  day ahead inc hosp",2021-05-26,"quantile",0.8,23.1110162466849
"14716",2021-05-15,"20","11  day ahead inc hosp",2021-05-26,"quantile",0.85,24.845737632076
"14717",2021-05-15,"20","11  day ahead inc hosp",2021-05-26,"quantile",0.9,27.1650389409787
"14718",2021-05-15,"20","11  day ahead inc hosp",2021-05-26,"quantile",0.95,30.8966173964166
"14719",2021-05-15,"20","11  day ahead inc hosp",2021-05-26,"quantile",0.975,34.4334919356216
"14720",2021-05-15,"20","11  day ahead inc hosp",2021-05-26,"quantile",0.99,38.9182523653885
"14721",2021-05-15,"20","12  day ahead inc hosp",2021-05-27,"quantile",0.01,5.2807670136794
"14722",2021-05-15,"20","12  day ahead inc hosp",2021-05-27,"quantile",0.025,6.43965668427515
"14723",2021-05-15,"20","12  day ahead inc hosp",2021-05-27,"quantile",0.05,7.58050377639876
"14724",2021-05-15,"20","12  day ahead inc hosp",2021-05-27,"quantile",0.1,9.07685696043192
"14725",2021-05-15,"20","12  day ahead inc hosp",2021-05-27,"quantile",0.15,10.2046693385208
"14726",2021-05-15,"20","12  day ahead inc hosp",2021-05-27,"quantile",0.2,11.1734574370195
"14727",2021-05-15,"20","12  day ahead inc hosp",2021-05-27,"quantile",0.25,12.0581882472833
"14728",2021-05-15,"20","12  day ahead inc hosp",2021-05-27,"quantile",0.3,12.8965625729708
"14729",2021-05-15,"20","12  day ahead inc hosp",2021-05-27,"quantile",0.35,13.7117728866844
"14730",2021-05-15,"20","12  day ahead inc hosp",2021-05-27,"quantile",0.4,14.5204932438759
"14731",2021-05-15,"20","12  day ahead inc hosp",2021-05-27,"quantile",0.45,15.3364866407323
"14732",2021-05-15,"20","12  day ahead inc hosp",2021-05-27,"quantile",0.5,16.1726535343557
"14733",2021-05-15,"20","12  day ahead inc hosp",2021-05-27,"quantile",0.55,17.0425549400066
"14734",2021-05-15,"20","12  day ahead inc hosp",2021-05-27,"quantile",0.6,17.9619466594442
"14735",2021-05-15,"20","12  day ahead inc hosp",2021-05-27,"quantile",0.65,18.9507982335683
"14736",2021-05-15,"20","12  day ahead inc hosp",2021-05-27,"quantile",0.7,20.0365094629992
"14737",2021-05-15,"20","12  day ahead inc hosp",2021-05-27,"quantile",0.75,21.2598021325915
"14738",2021-05-15,"20","12  day ahead inc hosp",2021-05-27,"quantile",0.8,22.6870002243929
"14739",2021-05-15,"20","12  day ahead inc hosp",2021-05-27,"quantile",0.85,24.4399410031949
"14740",2021-05-15,"20","12  day ahead inc hosp",2021-05-27,"quantile",0.9,26.7875955554928
"14741",2021-05-15,"20","12  day ahead inc hosp",2021-05-27,"quantile",0.95,30.5732938518362
"14742",2021-05-15,"20","12  day ahead inc hosp",2021-05-27,"quantile",0.975,34.1699224987502
"14743",2021-05-15,"20","12  day ahead inc hosp",2021-05-27,"quantile",0.99,38.7406580873782
"14744",2021-05-15,"20","13  day ahead inc hosp",2021-05-28,"quantile",0.01,5.12730403961151
"14745",2021-05-15,"20","13  day ahead inc hosp",2021-05-28,"quantile",0.025,6.28929017775458
"14746",2021-05-15,"20","13  day ahead inc hosp",2021-05-28,"quantile",0.05,7.4376463203032
"14747",2021-05-15,"20","13  day ahead inc hosp",2021-05-28,"quantile",0.1,8.94921920884399
"14748",2021-05-15,"20","13  day ahead inc hosp",2021-05-28,"quantile",0.15,10.0918388735525
"14749",2021-05-15,"20","13  day ahead inc hosp",2021-05-28,"quantile",0.2,11.0753016067941
"14750",2021-05-15,"20","13  day ahead inc hosp",2021-05-28,"quantile",0.25,11.9748388449258
"14751",2021-05-15,"20","13  day ahead inc hosp",2021-05-28,"quantile",0.3,12.8283679677647
"14752",2021-05-15,"20","13  day ahead inc hosp",2021-05-28,"quantile",0.35,13.659278573251
"14753",2021-05-15,"20","13  day ahead inc hosp",2021-05-28,"quantile",0.4,14.484444372783
"14754",2021-05-15,"20","13  day ahead inc hosp",2021-05-28,"quantile",0.45,15.3178489317547
"14755",2021-05-15,"20","13  day ahead inc hosp",2021-05-28,"quantile",0.5,16.1726535344086
"14756",2021-05-15,"20","13  day ahead inc hosp",2021-05-28,"quantile",0.55,17.0627451114071
"14757",2021-05-15,"20","13  day ahead inc hosp",2021-05-28,"quantile",0.6,18.0043069699761
"14758",2021-05-15,"20","13  day ahead inc hosp",2021-05-28,"quantile",0.65,19.0178967558019
"14759",2021-05-15,"20","13  day ahead inc hosp",2021-05-28,"quantile",0.7,20.131766460629
"14760",2021-05-15,"20","13  day ahead inc hosp",2021-05-28,"quantile",0.75,21.3879521128589
"14761",2021-05-15,"20","13  day ahead inc hosp",2021-05-28,"quantile",0.8,22.8549758302948
"14762",2021-05-15,"20","13  day ahead inc hosp",2021-05-28,"quantile",0.85,24.6587998951505
"14763",2021-05-15,"20","13  day ahead inc hosp",2021-05-28,"quantile",0.9,27.0776883667932
"14764",2021-05-15,"20","13  day ahead inc hosp",2021-05-28,"quantile",0.95,30.9848309289094
"14765",2021-05-15,"20","13  day ahead inc hosp",2021-05-28,"quantile",0.975,34.7033832961044
"14766",2021-05-15,"20","13  day ahead inc hosp",2021-05-28,"quantile",0.99,39.4369652953197
"14767",2021-05-15,"20","14  day ahead inc hosp",2021-05-29,"quantile",0.01,4.32105157994343
"14768",2021-05-15,"20","14  day ahead inc hosp",2021-05-29,"quantile",0.025,5.37076287783048
"14769",2021-05-15,"20","14  day ahead inc hosp",2021-05-29,"quantile",0.05,6.41726955222003
"14770",2021-05-15,"20","14  day ahead inc hosp",2021-05-29,"quantile",0.1,7.805793065959
"14771",2021-05-15,"20","14  day ahead inc hosp",2021-05-29,"quantile",0.15,8.86226118964195
"14772",2021-05-15,"20","14  day ahead inc hosp",2021-05-29,"quantile",0.2,9.77560505160463
"14773",2021-05-15,"20","14  day ahead inc hosp",2021-05-29,"quantile",0.25,10.613910386425
"14774",2021-05-15,"20","14  day ahead inc hosp",2021-05-29,"quantile",0.3,11.4116658766889
"14775",2021-05-15,"20","14  day ahead inc hosp",2021-05-29,"quantile",0.35,12.1902790009387
"14776",2021-05-15,"20","14  day ahead inc hosp",2021-05-29,"quantile",0.4,12.9653142943047
"14777",2021-05-15,"20","14  day ahead inc hosp",2021-05-29,"quantile",0.45,13.7497865831392
"14778",2021-05-15,"20","14  day ahead inc hosp",2021-05-29,"quantile",0.5,14.5560578382925
"14779",2021-05-15,"20","14  day ahead inc hosp",2021-05-29,"quantile",0.55,15.3972789193719
"14780",2021-05-15,"20","14  day ahead inc hosp",2021-05-29,"quantile",0.6,16.2888764469321
"14781",2021-05-15,"20","14  day ahead inc hosp",2021-05-29,"quantile",0.65,17.2505425133281
"14782",2021-05-15,"20","14  day ahead inc hosp",2021-05-29,"quantile",0.7,18.309433215885
"14783",2021-05-15,"20","14  day ahead inc hosp",2021-05-29,"quantile",0.75,19.5060528828065
"14784",2021-05-15,"20","14  day ahead inc hosp",2021-05-29,"quantile",0.8,20.9065466970483
"14785",2021-05-15,"20","14  day ahead inc hosp",2021-05-29,"quantile",0.85,22.6326895134764
"14786",2021-05-15,"20","14  day ahead inc hosp",2021-05-29,"quantile",0.9,24.9538869815848
"14787",2021-05-15,"20","14  day ahead inc hosp",2021-05-29,"quantile",0.95,28.7170565396394
"14788",2021-05-15,"20","14  day ahead inc hosp",2021-05-29,"quantile",0.975,32.3123673899129
"14789",2021-05-15,"20","14  day ahead inc hosp",2021-05-29,"quantile",0.99,36.9057383551241
"14790",2021-05-15,"20","15  day ahead inc hosp",2021-05-30,"quantile",0.01,4.65370627646793
"14791",2021-05-15,"20","15  day ahead inc hosp",2021-05-30,"quantile",0.025,5.84038041174153
"14792",2021-05-15,"20","15  day ahead inc hosp",2021-05-30,"quantile",0.05,7.03100164567273
"14793",2021-05-15,"20","15  day ahead inc hosp",2021-05-30,"quantile",0.1,8.61990309718031
"14794",2021-05-15,"20","15  day ahead inc hosp",2021-05-30,"quantile",0.15,9.83454076325894
"14795",2021-05-15,"20","15  day ahead inc hosp",2021-05-30,"quantile",0.2,10.8879813039896
"14796",2021-05-15,"20","15  day ahead inc hosp",2021-05-30,"quantile",0.25,11.857289130881
"14797",2021-05-15,"20","15  day ahead inc hosp",2021-05-30,"quantile",0.3,12.7816467120404
"14798",2021-05-15,"20","15  day ahead inc hosp",2021-05-30,"quantile",0.35,13.6854875458359
"14799",2021-05-15,"20","15  day ahead inc hosp",2021-05-30,"quantile",0.4,14.5866784796937
"14800",2021-05-15,"20","15  day ahead inc hosp",2021-05-30,"quantile",0.45,15.5002574253396
"14801",2021-05-15,"20","15  day ahead inc hosp",2021-05-30,"quantile",0.5,16.4406021101343
"14802",2021-05-15,"20","15  day ahead inc hosp",2021-05-30,"quantile",0.55,17.4230969880369
"14803",2021-05-15,"20","15  day ahead inc hosp",2021-05-30,"quantile",0.6,18.4658723130978
"14804",2021-05-15,"20","15  day ahead inc hosp",2021-05-30,"quantile",0.65,19.5921500523761
"14805",2021-05-15,"20","15  day ahead inc hosp",2021-05-30,"quantile",0.7,20.8340309884797
"14806",2021-05-15,"20","15  day ahead inc hosp",2021-05-30,"quantile",0.75,22.239475880681
"14807",2021-05-15,"20","15  day ahead inc hosp",2021-05-30,"quantile",0.8,23.8869053974905
"14808",2021-05-15,"20","15  day ahead inc hosp",2021-05-30,"quantile",0.85,25.9208447602698
"14809",2021-05-15,"20","15  day ahead inc hosp",2021-05-30,"quantile",0.9,28.6613576752826
"14810",2021-05-15,"20","15  day ahead inc hosp",2021-05-30,"quantile",0.95,33.1158895193145
"14811",2021-05-15,"20","15  day ahead inc hosp",2021-05-30,"quantile",0.975,37.38325402022
"14812",2021-05-15,"20","15  day ahead inc hosp",2021-05-30,"quantile",0.99,42.8491949416125
"14813",2021-05-15,"20","16  day ahead inc hosp",2021-05-31,"quantile",0.01,4.3276013407951
"14814",2021-05-15,"20","16  day ahead inc hosp",2021-05-31,"quantile",0.025,5.49202348499847
"14815",2021-05-15,"20","16  day ahead inc hosp",2021-05-31,"quantile",0.05,6.66892921253509
"14816",2021-05-15,"20","16  day ahead inc hosp",2021-05-31,"quantile",0.1,8.2499778676447
"14817",2021-05-15,"20","16  day ahead inc hosp",2021-05-31,"quantile",0.15,9.4651339354625
"14818",2021-05-15,"20","16  day ahead inc hosp",2021-05-31,"quantile",0.2,10.522859726803
"14819",2021-05-15,"20","16  day ahead inc hosp",2021-05-31,"quantile",0.25,11.4988750350605
"14820",2021-05-15,"20","16  day ahead inc hosp",2021-05-31,"quantile",0.3,12.431846560752
"14821",2021-05-15,"20","16  day ahead inc hosp",2021-05-31,"quantile",0.35,13.3460165271881
"14822",2021-05-15,"20","16  day ahead inc hosp",2021-05-31,"quantile",0.4,14.2592303501869
"14823",2021-05-15,"20","16  day ahead inc hosp",2021-05-31,"quantile",0.45,15.1866210713979
"14824",2021-05-15,"20","16  day ahead inc hosp",2021-05-31,"quantile",0.5,16.1427656998124
"14825",2021-05-15,"20","16  day ahead inc hosp",2021-05-31,"quantile",0.55,17.1433640590309
"14826",2021-05-15,"20","16  day ahead inc hosp",2021-05-31,"quantile",0.6,18.2070132937572
"14827",2021-05-15,"20","16  day ahead inc hosp",2021-05-31,"quantile",0.65,19.3576228796958
"14828",2021-05-15,"20","16  day ahead inc hosp",2021-05-31,"quantile",0.7,20.6283313409435
"14829",2021-05-15,"20","16  day ahead inc hosp",2021-05-31,"quantile",0.75,22.0687423841439
"14830",2021-05-15,"20","16  day ahead inc hosp",2021-05-31,"quantile",0.8,23.760075979255
"14831",2021-05-15,"20","16  day ahead inc hosp",2021-05-31,"quantile",0.85,25.8521895983309
"14832",2021-05-15,"20","16  day ahead inc hosp",2021-05-31,"quantile",0.9,28.6773328981334
"14833",2021-05-15,"20","16  day ahead inc hosp",2021-05-31,"quantile",0.95,33.2827871785558
"14834",2021-05-15,"20","16  day ahead inc hosp",2021-05-31,"quantile",0.975,37.7080721377534
"14835",2021-05-15,"20","16  day ahead inc hosp",2021-05-31,"quantile",0.99,43.3924499603177
"14836",2021-05-15,"20","17  day ahead inc hosp",2021-06-01,"quantile",0.01,4.15213192535692
"14837",2021-05-15,"20","17  day ahead inc hosp",2021-06-01,"quantile",0.025,5.31567879492431
"14838",2021-05-15,"20","17  day ahead inc hosp",2021-06-01,"quantile",0.05,6.49848271669811
"14839",2021-05-15,"20","17  day ahead inc hosp",2021-06-01,"quantile",0.1,8.09569713176604
"14840",2021-05-15,"20","17  day ahead inc hosp",2021-06-01,"quantile",0.15,9.32842215514605
"14841",2021-05-15,"20","17  day ahead inc hosp",2021-06-01,"quantile",0.2,10.4044667511155
"14842",2021-05-15,"20","17  day ahead inc hosp",2021-06-01,"quantile",0.25,11.3995671807673
"14843",2021-05-15,"20","17  day ahead inc hosp",2021-06-01,"quantile",0.3,12.3525324697927
"14844",2021-05-15,"20","17  day ahead inc hosp",2021-06-01,"quantile",0.35,13.2877984285173
"14845",2021-05-15,"20","17  day ahead inc hosp",2021-06-01,"quantile",0.4,14.2234477296321
"14846",2021-05-15,"20","17  day ahead inc hosp",2021-06-01,"quantile",0.45,15.1749048021638
"14847",2021-05-15,"20","17  day ahead inc hosp",2021-06-01,"quantile",0.5,16.157113194096
"14848",2021-05-15,"20","17  day ahead inc hosp",2021-06-01,"quantile",0.55,17.1862479801446
"14849",2021-05-15,"20","17  day ahead inc hosp",2021-06-01,"quantile",0.6,18.2815439371679
"14850",2021-05-15,"20","17  day ahead inc hosp",2021-06-01,"quantile",0.65,19.4678002680453
"14851",2021-05-15,"20","17  day ahead inc hosp",2021-06-01,"quantile",0.7,20.7794568705024
"14852",2021-05-15,"20","17  day ahead inc hosp",2021-06-01,"quantile",0.75,22.2681377129324
"14853",2021-05-15,"20","17  day ahead inc hosp",2021-06-01,"quantile",0.8,24.0184592266177
"14854",2021-05-15,"20","17  day ahead inc hosp",2021-06-01,"quantile",0.85,26.1866821129473
"14855",2021-05-15,"20","17  day ahead inc hosp",2021-06-01,"quantile",0.9,29.1195511101551
"14856",2021-05-15,"20","17  day ahead inc hosp",2021-06-01,"quantile",0.95,33.9112112496004
"14857",2021-05-15,"20","17  day ahead inc hosp",2021-06-01,"quantile",0.975,38.525999796402
"14858",2021-05-15,"20","17  day ahead inc hosp",2021-06-01,"quantile",0.99,44.4666266370507
"14859",2021-05-15,"20","18  day ahead inc hosp",2021-06-02,"quantile",0.01,4.01979278785456
"14860",2021-05-15,"20","18  day ahead inc hosp",2021-06-02,"quantile",0.025,5.18810492839801
"14861",2021-05-15,"20","18  day ahead inc hosp",2021-06-02,"quantile",0.05,6.38207479453307
"14862",2021-05-15,"20","18  day ahead inc hosp",2021-06-02,"quantile",0.1,8.00206019938748
"14863",2021-05-15,"20","18  day ahead inc hosp",2021-06-02,"quantile",0.15,9.25716407698206
"14864",2021-05-15,"20","18  day ahead inc hosp",2021-06-02,"quantile",0.2,10.3555703100183
"14865",2021-05-15,"20","18  day ahead inc hosp",2021-06-02,"quantile",0.25,11.3733892217036
"14866",2021-05-15,"20","18  day ahead inc hosp",2021-06-02,"quantile",0.3,12.3497476751934
"14867",2021-05-15,"20","18  day ahead inc hosp",2021-06-02,"quantile",0.35,13.3093802308454
"14868",2021-05-15,"20","18  day ahead inc hosp",2021-06-02,"quantile",0.4,14.2706801498125
"14869",2021-05-15,"20","18  day ahead inc hosp",2021-06-02,"quantile",0.45,15.2494217476895
"14870",2021-05-15,"20","18  day ahead inc hosp",2021-06-02,"quantile",0.5,16.2609680832802
"14871",2021-05-15,"20","18  day ahead inc hosp",2021-06-02,"quantile",0.55,17.3220234703269
"14872",2021-05-15,"20","18  day ahead inc hosp",2021-06-02,"quantile",0.6,18.4525215209241
"14873",2021-05-15,"20","18  day ahead inc hosp",2021-06-02,"quantile",0.65,19.6782273830942
"14874",2021-05-15,"20","18  day ahead inc hosp",2021-06-02,"quantile",0.7,21.0349856989367
"14875",2021-05-15,"20","18  day ahead inc hosp",2021-06-02,"quantile",0.75,22.5765932348293
"14876",2021-05-15,"20","18  day ahead inc hosp",2021-06-02,"quantile",0.8,24.3913102980995
"14877",2021-05-15,"20","18  day ahead inc hosp",2021-06-02,"quantile",0.85,26.6422543320053
"14878",2021-05-15,"20","18  day ahead inc hosp",2021-06-02,"quantile",0.9,29.6916654133486
"14879",2021-05-15,"20","18  day ahead inc hosp",2021-06-02,"quantile",0.95,34.6836885634
"14880",2021-05-15,"20","18  day ahead inc hosp",2021-06-02,"quantile",0.975,39.5013963894989
"14881",2021-05-15,"20","18  day ahead inc hosp",2021-06-02,"quantile",0.99,45.7153124586194
"14882",2021-05-15,"20","19  day ahead inc hosp",2021-06-03,"quantile",0.01,4.03208078477697
"14883",2021-05-15,"20","19  day ahead inc hosp",2021-06-03,"quantile",0.025,5.23419323748338
"14884",2021-05-15,"20","19  day ahead inc hosp",2021-06-03,"quantile",0.05,6.46737044191952
"14885",2021-05-15,"20","19  day ahead inc hosp",2021-06-03,"quantile",0.1,8.14623239106895
"14886",2021-05-15,"20","19  day ahead inc hosp",2021-06-03,"quantile",0.15,9.45049849083203
"14887",2021-05-15,"20","19  day ahead inc hosp",2021-06-03,"quantile",0.2,10.5940161921071
"14888",2021-05-15,"20","19  day ahead inc hosp",2021-06-03,"quantile",0.25,11.6551421698098
"14889",2021-05-15,"20","19  day ahead inc hosp",2021-06-03,"quantile",0.3,12.6742520057171
"14890",2021-05-15,"20","19  day ahead inc hosp",2021-06-03,"quantile",0.35,13.6769432291498
"14891",2021-05-15,"20","19  day ahead inc hosp",2021-06-03,"quantile",0.4,14.6823175436636
"14892",2021-05-15,"20","19  day ahead inc hosp",2021-06-03,"quantile",0.45,15.7068199672594
"14893",2021-05-15,"20","19  day ahead inc hosp",2021-06-03,"quantile",0.5,16.7665263766742
"14894",2021-05-15,"20","19  day ahead inc hosp",2021-06-03,"quantile",0.55,17.8789715272052
"14895",2021-05-15,"20","19  day ahead inc hosp",2021-06-03,"quantile",0.6,19.0651310534106
"14896",2021-05-15,"20","19  day ahead inc hosp",2021-06-03,"quantile",0.65,20.3521645685723
"14897",2021-05-15,"20","19  day ahead inc hosp",2021-06-03,"quantile",0.7,21.7779030582591
"14898",2021-05-15,"20","19  day ahead inc hosp",2021-06-03,"quantile",0.75,23.3991736728268
"14899",2021-05-15,"20","19  day ahead inc hosp",2021-06-03,"quantile",0.8,25.3092690168992
"14900",2021-05-15,"20","19  day ahead inc hosp",2021-06-03,"quantile",0.85,27.6807009578155
"14901",2021-05-15,"20","19  day ahead inc hosp",2021-06-03,"quantile",0.9,30.8967790936188
"14902",2021-05-15,"20","19  day ahead inc hosp",2021-06-03,"quantile",0.95,36.1690152796031
"14903",2021-05-15,"20","19  day ahead inc hosp",2021-06-03,"quantile",0.975,41.2645194592235
"14904",2021-05-15,"20","19  day ahead inc hosp",2021-06-03,"quantile",0.99,47.8456782726819
"14905",2021-05-15,"20","20  day ahead inc hosp",2021-06-04,"quantile",0.01,3.91035521403861
"14906",2021-05-15,"20","20  day ahead inc hosp",2021-06-04,"quantile",0.025,5.11601483588031
"14907",2021-05-15,"20","20  day ahead inc hosp",2021-06-04,"quantile",0.05,6.35916268427047
"14908",2021-05-15,"20","20  day ahead inc hosp",2021-06-04,"quantile",0.1,8.05932364316445
"14909",2021-05-15,"20","20  day ahead inc hosp",2021-06-04,"quantile",0.15,9.38496615382204
"14910",2021-05-15,"20","20  day ahead inc hosp",2021-06-04,"quantile",0.2,10.550070233737
"14911",2021-05-15,"20","20  day ahead inc hosp",2021-06-04,"quantile",0.25,11.6332804440843
"14912",2021-05-15,"20","20  day ahead inc hosp",2021-06-04,"quantile",0.3,12.6752493166603
"14913",2021-05-15,"20","20  day ahead inc hosp",2021-06-04,"quantile",0.35,13.7018510097627
"14914",2021-05-15,"20","20  day ahead inc hosp",2021-06-04,"quantile",0.4,14.7324852931587
"14915",2021-05-15,"20","20  day ahead inc hosp",2021-06-04,"quantile",0.45,15.7839403642164
"14916",2021-05-15,"20","20  day ahead inc hosp",2021-06-04,"quantile",0.5,16.8727090927777
"14917",2021-05-15,"20","20  day ahead inc hosp",2021-06-04,"quantile",0.55,18.0168566284715
"14918",2021-05-15,"20","20  day ahead inc hosp",2021-06-04,"quantile",0.6,19.2380625575921
"14919",2021-05-15,"20","20  day ahead inc hosp",2021-06-04,"quantile",0.65,20.5644627066824
"14920",2021-05-15,"20","20  day ahead inc hosp",2021-06-04,"quantile",0.7,22.035310870726
"14921",2021-05-15,"20","20  day ahead inc hosp",2021-06-04,"quantile",0.75,23.7096384528914
"14922",2021-05-15,"20","20  day ahead inc hosp",2021-06-04,"quantile",0.8,25.6844394259928
"14923",2021-05-15,"20","20  day ahead inc hosp",2021-06-04,"quantile",0.85,28.1391987728574
"14924",2021-05-15,"20","20  day ahead inc hosp",2021-06-04,"quantile",0.9,31.4730041771295
"14925",2021-05-15,"20","20  day ahead inc hosp",2021-06-04,"quantile",0.95,36.9483626909914
"14926",2021-05-15,"20","20  day ahead inc hosp",2021-06-04,"quantile",0.975,42.2503102027764
"14927",2021-05-15,"20","20  day ahead inc hosp",2021-06-04,"quantile",0.99,49.1104025768744
"14928",2021-05-15,"20","21  day ahead inc hosp",2021-06-05,"quantile",0.01,3.6635885663025
"14929",2021-05-15,"20","21  day ahead inc hosp",2021-06-05,"quantile",0.025,4.84178361915209
"14930",2021-05-15,"20","21  day ahead inc hosp",2021-06-05,"quantile",0.05,6.06462996081893
"14931",2021-05-15,"20","21  day ahead inc hosp",2021-06-05,"quantile",0.1,7.74683089063044
"14932",2021-05-15,"20","21  day ahead inc hosp",2021-06-05,"quantile",0.15,9.06460869612522
"14933",2021-05-15,"20","21  day ahead inc hosp",2021-06-05,"quantile",0.2,10.2264202347704
"14934",2021-05-15,"20","21  day ahead inc hosp",2021-06-05,"quantile",0.25,11.3091843396741
"14935",2021-05-15,"20","21  day ahead inc hosp",2021-06-05,"quantile",0.3,12.3528262353219
"14936",2021-05-15,"20","21  day ahead inc hosp",2021-06-05,"quantile",0.35,13.3828870703138
"14937",2021-05-15,"20","21  day ahead inc hosp",2021-06-05,"quantile",0.4,14.4186347275048
"14938",2021-05-15,"20","21  day ahead inc hosp",2021-06-05,"quantile",0.45,15.4768542859878
"14939",2021-05-15,"20","21  day ahead inc hosp",2021-06-05,"quantile",0.5,16.574139720879
"14940",2021-05-15,"20","21  day ahead inc hosp",2021-06-05,"quantile",0.55,17.7287631372765
"14941",2021-05-15,"20","21  day ahead inc hosp",2021-06-05,"quantile",0.6,18.962740706233
"14942",2021-05-15,"20","21  day ahead inc hosp",2021-06-05,"quantile",0.65,20.3047271387154
"14943",2021-05-15,"20","21  day ahead inc hosp",2021-06-05,"quantile",0.7,21.7947800671447
"14944",2021-05-15,"20","21  day ahead inc hosp",2021-06-05,"quantile",0.75,23.4932248288644
"14945",2021-05-15,"20","21  day ahead inc hosp",2021-06-05,"quantile",0.8,25.4992867615765
"14946",2021-05-15,"20","21  day ahead inc hosp",2021-06-05,"quantile",0.85,27.9967446123759
"14947",2021-05-15,"20","21  day ahead inc hosp",2021-06-05,"quantile",0.9,31.3945984074036
"14948",2021-05-15,"20","21  day ahead inc hosp",2021-06-05,"quantile",0.95,36.9881626960034
"14949",2021-05-15,"20","21  day ahead inc hosp",2021-06-05,"quantile",0.975,42.4176006240977
"14950",2021-05-15,"20","21  day ahead inc hosp",2021-06-05,"quantile",0.99,49.4584838058586
"14951",2021-05-15,"20","22  day ahead inc hosp",2021-06-06,"quantile",0.01,2.81665839287799
"14952",2021-05-15,"20","22  day ahead inc hosp",2021-06-06,"quantile",0.025,3.81407387505651
"14953",2021-05-15,"20","22  day ahead inc hosp",2021-06-06,"quantile",0.05,4.86574746206403
"14954",2021-05-15,"20","22  day ahead inc hosp",2021-06-06,"quantile",0.1,6.33276215401551
"14955",2021-05-15,"20","22  day ahead inc hosp",2021-06-06,"quantile",0.15,7.49474263725569
"14956",2021-05-15,"20","22  day ahead inc hosp",2021-06-06,"quantile",0.2,8.52675973804532
"14957",2021-05-15,"20","22  day ahead inc hosp",2021-06-06,"quantile",0.25,9.49404167002317
"14958",2021-05-15,"20","22  day ahead inc hosp",2021-06-06,"quantile",0.3,10.4307915822391
"14959",2021-05-15,"20","22  day ahead inc hosp",2021-06-06,"quantile",0.35,11.3591651951443
"14960",2021-05-15,"20","22  day ahead inc hosp",2021-06-06,"quantile",0.4,12.2961264604498
"14961",2021-05-15,"20","22  day ahead inc hosp",2021-06-06,"quantile",0.45,13.2566885782781
"14962",2021-05-15,"20","22  day ahead inc hosp",2021-06-06,"quantile",0.5,14.2559137034752
"14963",2021-05-15,"20","22  day ahead inc hosp",2021-06-06,"quantile",0.55,15.3105895490027
"14964",2021-05-15,"20","22  day ahead inc hosp",2021-06-06,"quantile",0.6,16.4411287852741
"14965",2021-05-15,"20","22  day ahead inc hosp",2021-06-06,"quantile",0.65,17.6742711178065
"14966",2021-05-15,"20","22  day ahead inc hosp",2021-06-06,"quantile",0.7,19.0475648528657
"14967",2021-05-15,"20","22  day ahead inc hosp",2021-06-06,"quantile",0.75,20.6177357094518
"14968",2021-05-15,"20","22  day ahead inc hosp",2021-06-06,"quantile",0.8,22.4783116618449
"14969",2021-05-15,"20","22  day ahead inc hosp",2021-06-06,"quantile",0.85,24.8028713717082
"14970",2021-05-15,"20","22  day ahead inc hosp",2021-06-06,"quantile",0.9,27.978501283322
"14971",2021-05-15,"20","22  day ahead inc hosp",2021-06-06,"quantile",0.95,33.2342563977066
"14972",2021-05-15,"20","22  day ahead inc hosp",2021-06-06,"quantile",0.975,38.3639182446096
"14973",2021-05-15,"20","22  day ahead inc hosp",2021-06-06,"quantile",0.99,45.0503244764543
"14974",2021-05-15,"20","23  day ahead inc hosp",2021-06-07,"quantile",0.01,2.73412696979665
"14975",2021-05-15,"20","23  day ahead inc hosp",2021-06-07,"quantile",0.025,3.73257272884693
"14976",2021-05-15,"20","23  day ahead inc hosp",2021-06-07,"quantile",0.05,4.79088467067081
"14977",2021-05-15,"20","23  day ahead inc hosp",2021-06-07,"quantile",0.1,6.27398776763163
"14978",2021-05-15,"20","23  day ahead inc hosp",2021-06-07,"quantile",0.15,7.45299638810502
"14979",2021-05-15,"20","23  day ahead inc hosp",2021-06-07,"quantile",0.2,8.50266786435858
"14980",2021-05-15,"20","23  day ahead inc hosp",2021-06-07,"quantile",0.25,9.48832808974992
"14981",2021-05-15,"20","23  day ahead inc hosp",2021-06-07,"quantile",0.3,10.4443505879966
"14982",2021-05-15,"20","23  day ahead inc hosp",2021-06-07,"quantile",0.35,11.3930962981563
"14983",2021-05-15,"20","23  day ahead inc hosp",2021-06-07,"quantile",0.4,12.3517719694871
"14984",2021-05-15,"20","23  day ahead inc hosp",2021-06-07,"quantile",0.45,13.3356853972154
"14985",2021-05-15,"20","23  day ahead inc hosp",2021-06-07,"quantile",0.5,14.3602678668817
"14986",2021-05-15,"20","23  day ahead inc hosp",2021-06-07,"quantile",0.55,15.4427853884593
"14987",2021-05-15,"20","23  day ahead inc hosp",2021-06-07,"quantile",0.6,16.604292787023
"14988",2021-05-15,"20","23  day ahead inc hosp",2021-06-07,"quantile",0.65,17.8724269298699
"14989",2021-05-15,"20","23  day ahead inc hosp",2021-06-07,"quantile",0.7,19.2860503876422
"14990",2021-05-15,"20","23  day ahead inc hosp",2021-06-07,"quantile",0.75,20.9039326856094
"14991",2021-05-15,"20","23  day ahead inc hosp",2021-06-07,"quantile",0.8,22.8230445198471
"14992",2021-05-15,"20","23  day ahead inc hosp",2021-06-07,"quantile",0.85,25.2234695990518
"14993",2021-05-15,"20","23  day ahead inc hosp",2021-06-07,"quantile",0.9,28.5070607637617
"14994",2021-05-15,"20","23  day ahead inc hosp",2021-06-07,"quantile",0.95,33.9508000864167
"14995",2021-05-15,"20","23  day ahead inc hosp",2021-06-07,"quantile",0.975,39.2732687340417
"14996",2021-05-15,"20","23  day ahead inc hosp",2021-06-07,"quantile",0.99,46.2223604993938
"14997",2021-05-15,"20","24  day ahead inc hosp",2021-06-08,"quantile",0.01,2.61187250261576
"14998",2021-05-15,"20","24  day ahead inc hosp",2021-06-08,"quantile",0.025,3.5991368258496
"14999",2021-05-15,"20","24  day ahead inc hosp",2021-06-08,"quantile",0.05,4.65191934086144
"15000",2021-05-15,"20","24  day ahead inc hosp",2021-06-08,"quantile",0.1,6.1350648944423
"15001",2021-05-15,"20","24  day ahead inc hosp",2021-06-08,"quantile",0.15,7.3190016443274
"15002",2021-05-15,"20","24  day ahead inc hosp",2021-06-08,"quantile",0.2,8.37595366344329
"15003",2021-05-15,"20","24  day ahead inc hosp",2021-06-08,"quantile",0.25,9.37054530273936
"15004",2021-05-15,"20","24  day ahead inc hosp",2021-06-08,"quantile",0.3,10.3369182025392
"15005",2021-05-15,"20","24  day ahead inc hosp",2021-06-08,"quantile",0.35,11.2973919922874
"15006",2021-05-15,"20","24  day ahead inc hosp",2021-06-08,"quantile",0.4,12.2692404716714
"15007",2021-05-15,"20","24  day ahead inc hosp",2021-06-08,"quantile",0.45,13.2679227899512
"15008",2021-05-15,"20","24  day ahead inc hosp",2021-06-08,"quantile",0.5,14.3091071279539
"15009",2021-05-15,"20","24  day ahead inc hosp",2021-06-08,"quantile",0.55,15.410400933609
"15010",2021-05-15,"20","24  day ahead inc hosp",2021-06-08,"quantile",0.6,16.5933444015638
"15011",2021-05-15,"20","24  day ahead inc hosp",2021-06-08,"quantile",0.65,17.8862751754318
"15012",2021-05-15,"20","24  day ahead inc hosp",2021-06-08,"quantile",0.7,19.3291032114528
"15013",2021-05-15,"20","24  day ahead inc hosp",2021-06-08,"quantile",0.75,20.9822483729996
"15014",2021-05-15,"20","24  day ahead inc hosp",2021-06-08,"quantile",0.8,22.9454878227942
"15015",2021-05-15,"20","24  day ahead inc hosp",2021-06-08,"quantile",0.85,25.4042498759979
"15016",2021-05-15,"20","24  day ahead inc hosp",2021-06-08,"quantile",0.9,28.7726129259024
"15017",2021-05-15,"20","24  day ahead inc hosp",2021-06-08,"quantile",0.95,34.3676103258798
"15018",2021-05-15,"20","24  day ahead inc hosp",2021-06-08,"quantile",0.975,39.8487236579071
"15019",2021-05-15,"20","24  day ahead inc hosp",2021-06-08,"quantile",0.99,47.0180530683699
"15020",2021-05-15,"20","25  day ahead inc hosp",2021-06-09,"quantile",0.01,2.52337804032049
"15021",2021-05-15,"20","25  day ahead inc hosp",2021-06-09,"quantile",0.025,3.5068413411978
"15022",2021-05-15,"20","25  day ahead inc hosp",2021-06-09,"quantile",0.05,4.56131525263961
"15023",2021-05-15,"20","25  day ahead inc hosp",2021-06-09,"quantile",0.1,6.05393244926245
"15024",2021-05-15,"20","25  day ahead inc hosp",2021-06-09,"quantile",0.15,7.24988521974085
"15025",2021-05-15,"20","25  day ahead inc hosp",2021-06-09,"quantile",0.2,8.32019881812967
"15026",2021-05-15,"20","25  day ahead inc hosp",2021-06-09,"quantile",0.25,9.32927195222114
"15027",2021-05-15,"20","25  day ahead inc hosp",2021-06-09,"quantile",0.3,10.3112532356404
"15028",2021-05-15,"20","25  day ahead inc hosp",2021-06-09,"quantile",0.35,11.2885677485405
"15029",2021-05-15,"20","25  day ahead inc hosp",2021-06-09,"quantile",0.4,12.2786617954178
"15030",2021-05-15,"20","25  day ahead inc hosp",2021-06-09,"quantile",0.45,13.2972329300754
"15031",2021-05-15,"20","25  day ahead inc hosp",2021-06-09,"quantile",0.5,14.3602678738465
"15032",2021-05-15,"20","25  day ahead inc hosp",2021-06-09,"quantile",0.55,15.4858014220079
"15033",2021-05-15,"20","25  day ahead inc hosp",2021-06-09,"quantile",0.6,16.6959590659832
"15034",2021-05-15,"20","25  day ahead inc hosp",2021-06-09,"quantile",0.65,18.0199060260379
"15035",2021-05-15,"20","25  day ahead inc hosp",2021-06-09,"quantile",0.7,19.4987738249647
"15036",2021-05-15,"20","25  day ahead inc hosp",2021-06-09,"quantile",0.75,21.1948918302426
"15037",2021-05-15,"20","25  day ahead inc hosp",2021-06-09,"quantile",0.8,23.2112662817451
"15038",2021-05-15,"20","25  day ahead inc hosp",2021-06-09,"quantile",0.85,25.7394474731112
"15039",2021-05-15,"20","25  day ahead inc hosp",2021-06-09,"quantile",0.9,29.2074583094411
"15040",2021-05-15,"20","25  day ahead inc hosp",2021-06-09,"quantile",0.95,34.977785798922
"15041",2021-05-15,"20","25  day ahead inc hosp",2021-06-09,"quantile",0.975,40.6405102554746
"15042",2021-05-15,"20","25  day ahead inc hosp",2021-06-09,"quantile",0.99,48.0593981156517
"15043",2021-05-15,"20","26  day ahead inc hosp",2021-06-10,"quantile",0.01,2.39796062352408
"15044",2021-05-15,"20","26  day ahead inc hosp",2021-06-10,"quantile",0.025,3.36546079250544
"15045",2021-05-15,"20","26  day ahead inc hosp",2021-06-10,"quantile",0.05,4.40938465144118
"15046",2021-05-15,"20","26  day ahead inc hosp",2021-06-10,"quantile",0.1,5.89518694714463
"15047",2021-05-15,"20","26  day ahead inc hosp",2021-06-10,"quantile",0.15,7.09078736636867
"15048",2021-05-15,"20","26  day ahead inc hosp",2021-06-10,"quantile",0.2,8.16380856752747
"15049",2021-05-15,"20","26  day ahead inc hosp",2021-06-10,"quantile",0.25,9.17762563046893
"15050",2021-05-15,"20","26  day ahead inc hosp",2021-06-10,"quantile",0.3,10.1659903435881
"15051",2021-05-15,"20","26  day ahead inc hosp",2021-06-10,"quantile",0.35,11.1511841779673
"15052",2021-05-15,"20","26  day ahead inc hosp",2021-06-10,"quantile",0.4,12.1506469798011
"15053",2021-05-15,"20","26  day ahead inc hosp",2021-06-10,"quantile",0.45,13.1801674932146
"15054",2021-05-15,"20","26  day ahead inc hosp",2021-06-10,"quantile",0.5,14.2559137598466
"15055",2021-05-15,"20","26  day ahead inc hosp",2021-06-10,"quantile",0.55,15.3962046326346
"15056",2021-05-15,"20","26  day ahead inc hosp",2021-06-10,"quantile",0.6,16.6235855347919
"15057",2021-05-15,"20","26  day ahead inc hosp",2021-06-10,"quantile",0.65,17.967840971958
"15058",2021-05-15,"20","26  day ahead inc hosp",2021-06-10,"quantile",0.7,19.4710398360614
"15059",2021-05-15,"20","26  day ahead inc hosp",2021-06-10,"quantile",0.75,21.19700079603
"15060",2021-05-15,"20","26  day ahead inc hosp",2021-06-10,"quantile",0.8,23.2512782389487
"15061",2021-05-15,"20","26  day ahead inc hosp",2021-06-10,"quantile",0.85,25.8303003511539
"15062",2021-05-15,"20","26  day ahead inc hosp",2021-06-10,"quantile",0.9,29.3733059583652
"15063",2021-05-15,"20","26  day ahead inc hosp",2021-06-10,"quantile",0.95,35.2797602168884
"15064",2021-05-15,"20","26  day ahead inc hosp",2021-06-10,"quantile",0.975,41.0874703836966
"15065",2021-05-15,"20","26  day ahead inc hosp",2021-06-10,"quantile",0.99,48.7102146755433
"15066",2021-05-15,"20","27  day ahead inc hosp",2021-06-11,"quantile",0.01,2.30530923190277
"15067",2021-05-15,"20","27  day ahead inc hosp",2021-06-11,"quantile",0.025,3.26447224146958
"15068",2021-05-15,"20","27  day ahead inc hosp",2021-06-11,"quantile",0.05,4.30534036909775
"15069",2021-05-15,"20","27  day ahead inc hosp",2021-06-11,"quantile",0.1,5.79414874757606
"15070",2021-05-15,"20","27  day ahead inc hosp",2021-06-11,"quantile",0.15,6.99679797767295
"15071",2021-05-15,"20","27  day ahead inc hosp",2021-06-11,"quantile",0.2,8.07888624008556
"15072",2021-05-15,"20","27  day ahead inc hosp",2021-06-11,"quantile",0.25,9.10325766466371
"15073",2021-05-15,"20","27  day ahead inc hosp",2021-06-11,"quantile",0.3,10.1035149780864
"15074",2021-05-15,"20","27  day ahead inc hosp",2021-06-11,"quantile",0.35,11.1019485796994
"15075",2021-05-15,"20","27  day ahead inc hosp",2021-06-11,"quantile",0.4,12.1161017025487
"15076",2021-05-15,"20","27  day ahead inc hosp",2021-06-11,"quantile",0.45,13.1619451654189
"15077",2021-05-15,"20","27  day ahead inc hosp",2021-06-11,"quantile",0.5,14.2559137598585
"15078",2021-05-15,"20","27  day ahead inc hosp",2021-06-11,"quantile",0.55,15.4167004570223
"15079",2021-05-15,"20","27  day ahead inc hosp",2021-06-11,"quantile",0.6,16.6673755167429
"15080",2021-05-15,"20","27  day ahead inc hosp",2021-06-11,"quantile",0.65,18.0384759761058
"15081",2021-05-15,"20","27  day ahead inc hosp",2021-06-11,"quantile",0.7,19.5731912427199
"15082",2021-05-15,"20","27  day ahead inc hosp",2021-06-11,"quantile",0.75,21.337101887346
"15083",2021-05-15,"20","27  day ahead inc hosp",2021-06-11,"quantile",0.8,23.4387550372021
"15084",2021-05-15,"20","27  day ahead inc hosp",2021-06-11,"quantile",0.85,26.0802746220243
"15085",2021-05-15,"20","27  day ahead inc hosp",2021-06-11,"quantile",0.9,29.7139237966231
"15086",2021-05-15,"20","27  day ahead inc hosp",2021-06-11,"quantile",0.95,35.7818286747421
"15087",2021-05-15,"20","27  day ahead inc hosp",2021-06-11,"quantile",0.975,41.7586833784914
"15088",2021-05-15,"20","27  day ahead inc hosp",2021-06-11,"quantile",0.99,49.6161208555388
"15089",2021-05-15,"20","28  day ahead inc hosp",2021-06-12,"quantile",0.01,2.12411057543655
"15090",2021-05-15,"20","28  day ahead inc hosp",2021-06-12,"quantile",0.025,3.04603990374608
"15091",2021-05-15,"20","28  day ahead inc hosp",2021-06-12,"quantile",0.05,4.05458946064958
"15092",2021-05-15,"20","28  day ahead inc hosp",2021-06-12,"quantile",0.1,5.50721526839275
"15093",2021-05-15,"20","28  day ahead inc hosp",2021-06-12,"quantile",0.15,6.68697056534319
"15094",2021-05-15,"20","28  day ahead inc hosp",2021-06-12,"quantile",0.2,7.75221506518091
"15095",2021-05-15,"20","28  day ahead inc hosp",2021-06-12,"quantile",0.25,8.76336712532956
"15096",2021-05-15,"20","28  day ahead inc hosp",2021-06-12,"quantile",0.3,9.7529170689888
"15097",2021-05-15,"20","28  day ahead inc hosp",2021-06-12,"quantile",0.35,10.7425660212497
"15098",2021-05-15,"20","28  day ahead inc hosp",2021-06-12,"quantile",0.4,11.7495267921547
"15099",2021-05-15,"20","28  day ahead inc hosp",2021-06-12,"quantile",0.45,12.7895913973377
"15100",2021-05-15,"20","28  day ahead inc hosp",2021-06-12,"quantile",0.5,13.8791209349927
"15101",2021-05-15,"20","28  day ahead inc hosp",2021-06-12,"quantile",0.55,15.0368229620764
"15102",2021-05-15,"20","28  day ahead inc hosp",2021-06-12,"quantile",0.6,16.285873701925
"15103",2021-05-15,"20","28  day ahead inc hosp",2021-06-12,"quantile",0.65,17.6570312075573
"15104",2021-05-15,"20","28  day ahead inc hosp",2021-06-12,"quantile",0.7,19.1938761485
"15105",2021-05-15,"20","28  day ahead inc hosp",2021-06-12,"quantile",0.75,20.9626681689307
"15106",2021-05-15,"20","28  day ahead inc hosp",2021-06-12,"quantile",0.8,23.0731863567236
"15107",2021-05-15,"20","28  day ahead inc hosp",2021-06-12,"quantile",0.85,25.7300231705221
"15108",2021-05-15,"20","28  day ahead inc hosp",2021-06-12,"quantile",0.9,29.3913639198734
"15109",2021-05-15,"20","28  day ahead inc hosp",2021-06-12,"quantile",0.95,35.5198344655604
"15110",2021-05-15,"20","28  day ahead inc hosp",2021-06-12,"quantile",0.975,41.5707539276696
"15111",2021-05-15,"20","28  day ahead inc hosp",2021-06-12,"quantile",0.99,49.5431658835692
"15112",2021-05-15,"20","29  day ahead inc hosp",2021-06-13,"quantile",0.01,2.33113750435331
"15113",2021-05-15,"20","29  day ahead inc hosp",2021-06-13,"quantile",0.025,3.34097258364465
"15114",2021-05-15,"20","29  day ahead inc hosp",2021-06-13,"quantile",0.05,4.44527609070781
"15115",2021-05-15,"20","29  day ahead inc hosp",2021-06-13,"quantile",0.1,6.03530853232225
"15116",2021-05-15,"20","29  day ahead inc hosp",2021-06-13,"quantile",0.15,7.32633921505464
"15117",2021-05-15,"20","29  day ahead inc hosp",2021-06-13,"quantile",0.2,8.49186916746318
"15118",2021-05-15,"20","29  day ahead inc hosp",2021-06-13,"quantile",0.25,9.59807711770316
"15119",2021-05-15,"20","29  day ahead inc hosp",2021-06-13,"quantile",0.3,10.6805416023125
"15120",2021-05-15,"20","29  day ahead inc hosp",2021-06-13,"quantile",0.35,11.7630188445201
"15121",2021-05-15,"20","29  day ahead inc hosp",2021-06-13,"quantile",0.4,12.8643449237784
"15122",2021-05-15,"20","29  day ahead inc hosp",2021-06-13,"quantile",0.45,14.0017949686137
"15123",2021-05-15,"20","29  day ahead inc hosp",2021-06-13,"quantile",0.5,15.1932610977756
"15124",2021-05-15,"20","29  day ahead inc hosp",2021-06-13,"quantile",0.55,16.4591965517949
"15125",2021-05-15,"20","29  day ahead inc hosp",2021-06-13,"quantile",0.6,17.8249358574225
"15126",2021-05-15,"20","29  day ahead inc hosp",2021-06-13,"quantile",0.65,19.3240974327564
"15127",2021-05-15,"20","29  day ahead inc hosp",2021-06-13,"quantile",0.7,21.0043108657164
"15128",2021-05-15,"20","29  day ahead inc hosp",2021-06-13,"quantile",0.75,22.9379875317205
"15129",2021-05-15,"20","29  day ahead inc hosp",2021-06-13,"quantile",0.8,25.2450933643917
"15130",2021-05-15,"20","29  day ahead inc hosp",2021-06-13,"quantile",0.85,28.1491971178717
"15131",2021-05-15,"20","29  day ahead inc hosp",2021-06-13,"quantile",0.9,32.1509617316318
"15132",2021-05-15,"20","29  day ahead inc hosp",2021-06-13,"quantile",0.95,38.8485303414322
"15133",2021-05-15,"20","29  day ahead inc hosp",2021-06-13,"quantile",0.975,45.4606283724507
"15134",2021-05-15,"20","29  day ahead inc hosp",2021-06-13,"quantile",0.99,54.1715467092836
"15135",2021-05-15,"20","30  day ahead inc hosp",2021-06-14,"quantile",0.01,2.21764018261593
"15136",2021-05-15,"20","30  day ahead inc hosp",2021-06-14,"quantile",0.025,3.21172647701915
"15137",2021-05-15,"20","30  day ahead inc hosp",2021-06-14,"quantile",0.05,4.3060733622655
"15138",2021-05-15,"20","30  day ahead inc hosp",2021-06-14,"quantile",0.1,5.89080498519594
"15139",2021-05-15,"20","30  day ahead inc hosp",2021-06-14,"quantile",0.15,7.18323062947598
"15140",2021-05-15,"20","30  day ahead inc hosp",2021-06-14,"quantile",0.2,8.35339910887303
"15141",2021-05-15,"20","30  day ahead inc hosp",2021-06-14,"quantile",0.25,9.46646320248073
"15142",2021-05-15,"20","30  day ahead inc hosp",2021-06-14,"quantile",0.3,10.557618210119
"15143",2021-05-15,"20","30  day ahead inc hosp",2021-06-14,"quantile",0.35,11.6505001285867
"15144",2021-05-15,"20","30  day ahead inc hosp",2021-06-14,"quantile",0.4,12.7639710796566
"15145",2021-05-15,"20","30  day ahead inc hosp",2021-06-14,"quantile",0.45,13.9154405480669
"15146",2021-05-15,"20","30  day ahead inc hosp",2021-06-14,"quantile",0.5,15.1230391172062
"15147",2021-05-15,"20","30  day ahead inc hosp",2021-06-14,"quantile",0.55,16.4075807851302
"15148",2021-05-15,"20","30  day ahead inc hosp",2021-06-14,"quantile",0.6,17.7949254659557
"15149",2021-05-15,"20","30  day ahead inc hosp",2021-06-14,"quantile",0.65,19.3194607374629
"15150",2021-05-15,"20","30  day ahead inc hosp",2021-06-14,"quantile",0.7,21.0299760448776
"15151",2021-05-15,"20","30  day ahead inc hosp",2021-06-14,"quantile",0.75,23.0007219867715
"15152",2021-05-15,"20","30  day ahead inc hosp",2021-06-14,"quantile",0.8,25.354808358948
"15153",2021-05-15,"20","30  day ahead inc hosp",2021-06-14,"quantile",0.85,28.3218198561023
"15154",2021-05-15,"20","30  day ahead inc hosp",2021-06-14,"quantile",0.9,32.4162516077431
"15155",2021-05-15,"20","30  day ahead inc hosp",2021-06-14,"quantile",0.95,39.2818622318968
"15156",2021-05-15,"20","30  day ahead inc hosp",2021-06-14,"quantile",0.975,46.0728884568768
"15157",2021-05-15,"20","30  day ahead inc hosp",2021-06-14,"quantile",0.99,55.035459967274
"15158",2021-05-15,"20","31  day ahead inc hosp",2021-06-15,"quantile",0.01,2.12869147506131
"15159",2021-05-15,"20","31  day ahead inc hosp",2021-06-15,"quantile",0.025,3.11260365018424
"15160",2021-05-15,"20","31  day ahead inc hosp",2021-06-15,"quantile",0.05,4.20236695171187
"15161",2021-05-15,"20","31  day ahead inc hosp",2021-06-15,"quantile",0.1,5.78870145118088
"15162",2021-05-15,"20","31  day ahead inc hosp",2021-06-15,"quantile",0.15,7.08763450389719
"15163",2021-05-15,"20","31  day ahead inc hosp",2021-06-15,"quantile",0.2,8.26677940827808
"15164",2021-05-15,"20","31  day ahead inc hosp",2021-06-15,"quantile",0.25,9.39062255261756
"15165",2021-05-15,"20","31  day ahead inc hosp",2021-06-15,"quantile",0.3,10.4941546097692
"15166",2021-05-15,"20","31  day ahead inc hosp",2021-06-15,"quantile",0.35,11.6009995152693
"15167",2021-05-15,"20","31  day ahead inc hosp",2021-06-15,"quantile",0.4,12.7301216406462
"15168",2021-05-15,"20","31  day ahead inc hosp",2021-06-15,"quantile",0.45,13.8991262297778
"15169",2021-05-15,"20","31  day ahead inc hosp",2021-06-15,"quantile",0.5,15.1264384329215
"15170",2021-05-15,"20","31  day ahead inc hosp",2021-06-15,"quantile",0.55,16.4332905947784
"15171",2021-05-15,"20","31  day ahead inc hosp",2021-06-15,"quantile",0.6,17.8461336239094
"15172",2021-05-15,"20","31  day ahead inc hosp",2021-06-15,"quantile",0.65,19.400206185868
"15173",2021-05-15,"20","31  day ahead inc hosp",2021-06-15,"quantile",0.7,21.1455688108867
"15174",2021-05-15,"20","31  day ahead inc hosp",2021-06-15,"quantile",0.75,23.1584754041072
"15175",2021-05-15,"20","31  day ahead inc hosp",2021-06-15,"quantile",0.8,25.5654454335166
"15176",2021-05-15,"20","31  day ahead inc hosp",2021-06-15,"quantile",0.85,28.6025657471652
"15177",2021-05-15,"20","31  day ahead inc hosp",2021-06-15,"quantile",0.9,32.79923277858
"15178",2021-05-15,"20","31  day ahead inc hosp",2021-06-15,"quantile",0.95,39.8481568686245
"15179",2021-05-15,"20","31  day ahead inc hosp",2021-06-15,"quantile",0.975,46.8324683305779
"15180",2021-05-15,"20","31  day ahead inc hosp",2021-06-15,"quantile",0.99,56.0647626656244
"15181",2021-05-15,"20","32  day ahead inc hosp",2021-06-16,"quantile",0.01,2.04877801586224
"15182",2021-05-15,"20","32  day ahead inc hosp",2021-06-16,"quantile",0.025,3.02393261617326
"15183",2021-05-15,"20","32  day ahead inc hosp",2021-06-16,"quantile",0.05,4.11042346478399
"15184",2021-05-15,"20","32  day ahead inc hosp",2021-06-16,"quantile",0.1,5.70001130210735
"15185",2021-05-15,"20","32  day ahead inc hosp",2021-06-16,"quantile",0.15,7.00667057082993
"15186",2021-05-15,"20","32  day ahead inc hosp",2021-06-16,"quantile",0.2,8.19583340852019
"15187",2021-05-15,"20","32  day ahead inc hosp",2021-06-16,"quantile",0.25,9.33140792834998
"15188",2021-05-15,"20","32  day ahead inc hosp",2021-06-16,"quantile",0.3,10.4482238562837
"15189",2021-05-15,"20","32  day ahead inc hosp",2021-06-16,"quantile",0.35,11.5699199191015
"15190",2021-05-15,"20","32  day ahead inc hosp",2021-06-16,"quantile",0.4,12.7155822880507
"15191",2021-05-15,"20","32  day ahead inc hosp",2021-06-16,"quantile",0.45,13.9030284966744
"15192",2021-05-15,"20","32  day ahead inc hosp",2021-06-16,"quantile",0.5,15.1509942477888
"15193",2021-05-15,"20","32  day ahead inc hosp",2021-06-16,"quantile",0.55,16.4811475959049
"15194",2021-05-15,"20","32  day ahead inc hosp",2021-06-16,"quantile",0.6,17.9205512321889
"15195",2021-05-15,"20","32  day ahead inc hosp",2021-06-16,"quantile",0.65,19.5053219417722
"15196",2021-05-15,"20","32  day ahead inc hosp",2021-06-16,"quantile",0.7,21.2868292368343
"15197",2021-05-15,"20","32  day ahead inc hosp",2021-06-16,"quantile",0.75,23.3433877145031
"15198",2021-05-15,"20","32  day ahead inc hosp",2021-06-16,"quantile",0.8,25.8050216236364
"15199",2021-05-15,"20","32  day ahead inc hosp",2021-06-16,"quantile",0.85,28.9144978442354
"15200",2021-05-15,"20","32  day ahead inc hosp",2021-06-16,"quantile",0.9,33.2165150511909
"15201",2021-05-15,"20","32  day ahead inc hosp",2021-06-16,"quantile",0.95,40.4540289741909
"15202",2021-05-15,"20","32  day ahead inc hosp",2021-06-16,"quantile",0.975,47.6369231172897
"15203",2021-05-15,"20","32  day ahead inc hosp",2021-06-16,"quantile",0.99,57.1460591001722
"15204",2021-05-15,"20","33  day ahead inc hosp",2021-06-17,"quantile",0.01,1.99275783749784
"15205",2021-05-15,"20","33  day ahead inc hosp",2021-06-17,"quantile",0.025,2.96604033904471
"15206",2021-05-15,"20","33  day ahead inc hosp",2021-06-17,"quantile",0.05,4.05621579846956
"15207",2021-05-15,"20","33  day ahead inc hosp",2021-06-17,"quantile",0.1,5.65840070110587
"15208",2021-05-15,"20","33  day ahead inc hosp",2021-06-17,"quantile",0.15,6.97996698047163
"15209",2021-05-15,"20","33  day ahead inc hosp",2021-06-17,"quantile",0.2,8.18539859065878
"15210",2021-05-15,"20","33  day ahead inc hosp",2021-06-17,"quantile",0.25,9.33847315933641
"15211",2021-05-15,"20","33  day ahead inc hosp",2021-06-17,"quantile",0.3,10.474088147748
"15212",2021-05-15,"20","33  day ahead inc hosp",2021-06-17,"quantile",0.35,11.6160404933076
"15213",2021-05-15,"20","33  day ahead inc hosp",2021-06-17,"quantile",0.4,12.7836438050859
"15214",2021-05-15,"20","33  day ahead inc hosp",2021-06-17,"quantile",0.45,13.995017561849
"15215",2021-05-15,"20","33  day ahead inc hosp",2021-06-17,"quantile",0.5,15.2692944610962
"15216",2021-05-15,"20","33  day ahead inc hosp",2021-06-17,"quantile",0.55,16.6286714530301
"15217",2021-05-15,"20","33  day ahead inc hosp",2021-06-17,"quantile",0.6,18.1009334841006
"15218",2021-05-15,"20","33  day ahead inc hosp",2021-06-17,"quantile",0.65,19.7232175860337
"15219",2021-05-15,"20","33  day ahead inc hosp",2021-06-17,"quantile",0.7,21.5483993550657
"15220",2021-05-15,"20","33  day ahead inc hosp",2021-06-17,"quantile",0.75,23.6571492655044
"15221",2021-05-15,"20","33  day ahead inc hosp",2021-06-17,"quantile",0.8,26.1834799134707
"15222",2021-05-15,"20","33  day ahead inc hosp",2021-06-17,"quantile",0.85,29.3777308933245
"15223",2021-05-15,"20","33  day ahead inc hosp",2021-06-17,"quantile",0.9,33.8018835146967
"15224",2021-05-15,"20","33  day ahead inc hosp",2021-06-17,"quantile",0.95,41.2553867610243
"15225",2021-05-15,"20","33  day ahead inc hosp",2021-06-17,"quantile",0.975,48.6632329755427
"15226",2021-05-15,"20","33  day ahead inc hosp",2021-06-17,"quantile",0.99,58.4831402513915
"15227",2021-05-15,"20","34  day ahead inc hosp",2021-06-18,"quantile",0.01,1.91916603259359
"15228",2021-05-15,"20","34  day ahead inc hosp",2021-06-18,"quantile",0.025,2.88332008010625
"15229",2021-05-15,"20","34  day ahead inc hosp",2021-06-18,"quantile",0.05,3.96965516348929
"15230",2021-05-15,"20","34  day ahead inc hosp",2021-06-18,"quantile",0.1,5.57418336274742
"15231",2021-05-15,"20","34  day ahead inc hosp",2021-06-18,"quantile",0.15,6.90273234750223
"15232",2021-05-15,"20","34  day ahead inc hosp",2021-06-18,"quantile",0.2,8.11753276483898
"15233",2021-05-15,"20","34  day ahead inc hosp",2021-06-18,"quantile",0.25,9.28175111957664
"15234",2021-05-15,"20","34  day ahead inc hosp",2021-06-18,"quantile",0.3,10.4301059397305
"15235",2021-05-15,"20","34  day ahead inc hosp",2021-06-18,"quantile",0.35,11.5863979351289
"15236",2021-05-15,"20","34  day ahead inc hosp",2021-06-18,"quantile",0.4,12.7700552874122
"15237",2021-05-15,"20","34  day ahead inc hosp",2021-06-18,"quantile",0.45,13.9994048636828
"15238",2021-05-15,"20","34  day ahead inc hosp",2021-06-18,"quantile",0.5,15.2938866241403
"15239",2021-05-15,"20","34  day ahead inc hosp",2021-06-18,"quantile",0.55,16.6761312396335
"15240",2021-05-15,"20","34  day ahead inc hosp",2021-06-18,"quantile",0.6,18.1745347311946
"15241",2021-05-15,"20","34  day ahead inc hosp",2021-06-18,"quantile",0.65,19.82711312265
"15242",2021-05-15,"20","34  day ahead inc hosp",2021-06-18,"quantile",0.7,21.6880542615125
"15243",2021-05-15,"20","34  day ahead inc hosp",2021-06-18,"quantile",0.75,23.8400968799402
"15244",2021-05-15,"20","34  day ahead inc hosp",2021-06-18,"quantile",0.8,26.4207748367059
"15245",2021-05-15,"20","34  day ahead inc hosp",2021-06-18,"quantile",0.85,29.6871459923989
"15246",2021-05-15,"20","34  day ahead inc hosp",2021-06-18,"quantile",0.9,34.2165989714067
"15247",2021-05-15,"20","34  day ahead inc hosp",2021-06-18,"quantile",0.95,41.8592490098138
"15248",2021-05-15,"20","34  day ahead inc hosp",2021-06-18,"quantile",0.975,49.46692072682
"15249",2021-05-15,"20","34  day ahead inc hosp",2021-06-18,"quantile",0.99,59.5662162499178
"15250",2021-05-15,"20","35  day ahead inc hosp",2021-06-19,"quantile",0.01,1.82952564878128
"15251",2021-05-15,"20","35  day ahead inc hosp",2021-06-19,"quantile",0.025,2.7773503470374
"15252",2021-05-15,"20","35  day ahead inc hosp",2021-06-19,"quantile",0.05,3.85229127199555
"15253",2021-05-15,"20","35  day ahead inc hosp",2021-06-19,"quantile",0.1,5.44877057868531
"15254",2021-05-15,"20","35  day ahead inc hosp",2021-06-19,"quantile",0.15,6.7762115883206
"15255",2021-05-15,"20","35  day ahead inc hosp",2021-06-19,"quantile",0.2,7.99330202207709
"15256",2021-05-15,"20","35  day ahead inc hosp",2021-06-19,"quantile",0.25,9.16211911375771
"15257",2021-05-15,"20","35  day ahead inc hosp",2021-06-19,"quantile",0.3,10.3169555154591
"15258",2021-05-15,"20","35  day ahead inc hosp",2021-06-19,"quantile",0.35,11.4814599587986
"15259",2021-05-15,"20","35  day ahead inc hosp",2021-06-19,"quantile",0.4,12.6750603670631
"15260",2021-05-15,"20","35  day ahead inc hosp",2021-06-19,"quantile",0.45,13.9161938426884
"15261",2021-05-15,"20","35  day ahead inc hosp",2021-06-19,"quantile",0.5,15.2245145071891
"15262",2021-05-15,"20","35  day ahead inc hosp",2021-06-19,"quantile",0.55,16.6229871473378
"15263",2021-05-15,"20","35  day ahead inc hosp",2021-06-19,"quantile",0.6,18.1405017016856
"15264",2021-05-15,"20","35  day ahead inc hosp",2021-06-19,"quantile",0.65,19.8158035816889
"15265",2021-05-15,"20","35  day ahead inc hosp",2021-06-19,"quantile",0.7,21.7041868535131
"15266",2021-05-15,"20","35  day ahead inc hosp",2021-06-19,"quantile",0.75,23.8901519979432
"15267",2021-05-15,"20","35  day ahead inc hosp",2021-06-19,"quantile",0.8,26.5142554131478
"15268",2021-05-15,"20","35  day ahead inc hosp",2021-06-19,"quantile",0.85,29.8393594227122
"15269",2021-05-15,"20","35  day ahead inc hosp",2021-06-19,"quantile",0.9,34.4562511502714
"15270",2021-05-15,"20","35  day ahead inc hosp",2021-06-19,"quantile",0.95,42.2594575822156
"15271",2021-05-15,"20","35  day ahead inc hosp",2021-06-19,"quantile",0.975,50.0400800119366
"15272",2021-05-15,"20","35  day ahead inc hosp",2021-06-19,"quantile",0.99,60.3850592907413
"15273",2021-05-15,"20","36  day ahead inc hosp",2021-06-20,"quantile",0.01,1.45534030534525
"15274",2021-05-15,"20","36  day ahead inc hosp",2021-06-20,"quantile",0.025,2.27480101624263
"15275",2021-05-15,"20","36  day ahead inc hosp",2021-06-20,"quantile",0.05,3.2213168803762
"15276",2021-05-15,"20","36  day ahead inc hosp",2021-06-20,"quantile",0.1,4.64876264395457
"15277",2021-05-15,"20","36  day ahead inc hosp",2021-06-20,"quantile",0.15,5.84947430081132
"15278",2021-05-15,"20","36  day ahead inc hosp",2021-06-20,"quantile",0.2,6.95862422511158
"15279",2021-05-15,"20","36  day ahead inc hosp",2021-06-20,"quantile",0.25,8.02980934425519
"15280",2021-05-15,"20","36  day ahead inc hosp",2021-06-20,"quantile",0.3,9.09307212891111
"15281",2021-05-15,"20","36  day ahead inc hosp",2021-06-20,"quantile",0.35,10.1694841702272
"15282",2021-05-15,"20","36  day ahead inc hosp",2021-06-20,"quantile",0.4,11.276669129519
"15283",2021-05-15,"20","36  day ahead inc hosp",2021-06-20,"quantile",0.45,12.4316303415445
"15284",2021-05-15,"20","36  day ahead inc hosp",2021-06-20,"quantile",0.5,13.6527378025831
"15285",2021-05-15,"20","36  day ahead inc hosp",2021-06-20,"quantile",0.55,14.9616684086476
"15286",2021-05-15,"20","36  day ahead inc hosp",2021-06-20,"quantile",0.6,16.3858789113319
"15287",2021-05-15,"20","36  day ahead inc hosp",2021-06-20,"quantile",0.65,17.9623633729558
"15288",2021-05-15,"20","36  day ahead inc hosp",2021-06-20,"quantile",0.7,19.7440837343111
"15289",2021-05-15,"20","36  day ahead inc hosp",2021-06-20,"quantile",0.75,21.8121600585706
"15290",2021-05-15,"20","36  day ahead inc hosp",2021-06-20,"quantile",0.8,24.3017649047314
"15291",2021-05-15,"20","36  day ahead inc hosp",2021-06-20,"quantile",0.85,27.4660892935983
"15292",2021-05-15,"20","36  day ahead inc hosp",2021-06-20,"quantile",0.9,31.8751132845889
"15293",2021-05-15,"20","36  day ahead inc hosp",2021-06-20,"quantile",0.95,39.3604646195541
"15294",2021-05-15,"20","36  day ahead inc hosp",2021-06-20,"quantile",0.975,46.8579828067172
"15295",2021-05-15,"20","36  day ahead inc hosp",2021-06-20,"quantile",0.99,56.8681089987138
"15296",2021-05-15,"20","37  day ahead inc hosp",2021-06-21,"quantile",0.01,1.40030411102243
"15297",2021-05-15,"20","37  day ahead inc hosp",2021-06-21,"quantile",0.025,2.210758713127
"15298",2021-05-15,"20","37  day ahead inc hosp",2021-06-21,"quantile",0.05,3.15271821561782
"15299",2021-05-15,"20","37  day ahead inc hosp",2021-06-21,"quantile",0.1,4.58066702852524
"15300",2021-05-15,"20","37  day ahead inc hosp",2021-06-21,"quantile",0.15,5.78648018613842
"15301",2021-05-15,"20","37  day ahead inc hosp",2021-06-21,"quantile",0.2,6.90312910954458
"15302",2021-05-15,"20","37  day ahead inc hosp",2021-06-21,"quantile",0.25,7.98358823952509
"15303",2021-05-15,"20","37  day ahead inc hosp",2021-06-21,"quantile",0.3,9.05770323038584
"15304",2021-05-15,"20","37  day ahead inc hosp",2021-06-21,"quantile",0.35,10.146530934631
"15305",2021-05-15,"20","37  day ahead inc hosp",2021-06-21,"quantile",0.4,11.2677904898676
"15306",2021-05-15,"20","37  day ahead inc hosp",2021-06-21,"quantile",0.45,12.4386719143653
"15307",2021-05-15,"20","37  day ahead inc hosp",2021-06-21,"quantile",0.5,13.6778287097362
"15308",2021-05-15,"20","37  day ahead inc hosp",2021-06-21,"quantile",0.55,15.0073427257832
"15309",2021-05-15,"20","37  day ahead inc hosp",2021-06-21,"quantile",0.6,16.4552451524775
"15310",2021-05-15,"20","37  day ahead inc hosp",2021-06-21,"quantile",0.65,18.0593600018324
"15311",2021-05-15,"20","37  day ahead inc hosp",2021-06-21,"quantile",0.7,19.8738922231999
"15312",2021-05-15,"20","37  day ahead inc hosp",2021-06-21,"quantile",0.75,21.9819260984917
"15313",2021-05-15,"20","37  day ahead inc hosp",2021-06-21,"quantile",0.8,24.5219862256614
"15314",2021-05-15,"20","37  day ahead inc hosp",2021-06-21,"quantile",0.85,27.7536743739297
"15315",2021-05-15,"20","37  day ahead inc hosp",2021-06-21,"quantile",0.9,32.2617127344034
"15316",2021-05-15,"20","37  day ahead inc hosp",2021-06-21,"quantile",0.95,39.9263834365663
"15317",2021-05-15,"20","37  day ahead inc hosp",2021-06-21,"quantile",0.975,47.6148446793797
"15318",2021-05-15,"20","37  day ahead inc hosp",2021-06-21,"quantile",0.99,57.8938159184757
"15319",2021-05-15,"21","1  day ahead inc hosp",2021-05-16,"quantile",0.01,57.7506894931065
"15320",2021-05-15,"21","1  day ahead inc hosp",2021-05-16,"quantile",0.025,65.9219117205934
"15321",2021-05-15,"21","1  day ahead inc hosp",2021-05-16,"quantile",0.05,73.617780701468
"15322",2021-05-15,"21","1  day ahead inc hosp",2021-05-16,"quantile",0.1,83.3057382863577
"15323",2021-05-15,"21","1  day ahead inc hosp",2021-05-16,"quantile",0.15,90.361903711796
"15324",2021-05-15,"21","1  day ahead inc hosp",2021-05-16,"quantile",0.2,96.2821816503526
"15325",2021-05-15,"21","1  day ahead inc hosp",2021-05-16,"quantile",0.25,101.589044822668
"15326",2021-05-15,"21","1  day ahead inc hosp",2021-05-16,"quantile",0.3,106.539040397667
"15327",2021-05-15,"21","1  day ahead inc hosp",2021-05-16,"quantile",0.35,111.285400230196
"15328",2021-05-15,"21","1  day ahead inc hosp",2021-05-16,"quantile",0.4,115.934210941649
"15329",2021-05-15,"21","1  day ahead inc hosp",2021-05-16,"quantile",0.45,120.569159880547
"15330",2021-05-15,"21","1  day ahead inc hosp",2021-05-16,"quantile",0.5,125.264960572895
"15331",2021-05-15,"21","1  day ahead inc hosp",2021-05-16,"quantile",0.55,130.096609189878
"15332",2021-05-15,"21","1  day ahead inc hosp",2021-05-16,"quantile",0.6,135.147916710867
"15333",2021-05-15,"21","1  day ahead inc hosp",2021-05-16,"quantile",0.65,140.521985007253
"15334",2021-05-15,"21","1  day ahead inc hosp",2021-05-16,"quantile",0.7,146.357253545997
"15335",2021-05-15,"21","1  day ahead inc hosp",2021-05-16,"quantile",0.75,152.856330743069
"15336",2021-05-15,"21","1  day ahead inc hosp",2021-05-16,"quantile",0.8,160.345491266916
"15337",2021-05-15,"21","1  day ahead inc hosp",2021-05-16,"quantile",0.85,169.418632242721
"15338",2021-05-15,"21","1  day ahead inc hosp",2021-05-16,"quantile",0.9,181.375440659201
"15339",2021-05-15,"21","1  day ahead inc hosp",2021-05-16,"quantile",0.95,200.247628827929
"15340",2021-05-15,"21","1  day ahead inc hosp",2021-05-16,"quantile",0.975,217.776648629958
"15341",2021-05-15,"21","1  day ahead inc hosp",2021-05-16,"quantile",0.99,239.577360337642
"15342",2021-05-15,"21","2  day ahead inc hosp",2021-05-17,"quantile",0.01,55.0660077503115
"15343",2021-05-15,"21","2  day ahead inc hosp",2021-05-17,"quantile",0.025,63.5137191156918
"15344",2021-05-15,"21","2  day ahead inc hosp",2021-05-17,"quantile",0.05,71.5259181498506
"15345",2021-05-15,"21","2  day ahead inc hosp",2021-05-17,"quantile",0.1,81.67862041863
"15346",2021-05-15,"21","2  day ahead inc hosp",2021-05-17,"quantile",0.15,89.1143895094748
"15347",2021-05-15,"21","2  day ahead inc hosp",2021-05-17,"quantile",0.2,95.3771660393123
"15348",2021-05-15,"21","2  day ahead inc hosp",2021-05-17,"quantile",0.25,101.008224493163
"15349",2021-05-15,"21","2  day ahead inc hosp",2021-05-17,"quantile",0.3,106.274314487313
"15350",2021-05-15,"21","2  day ahead inc hosp",2021-05-17,"quantile",0.35,111.335476842717
"15351",2021-05-15,"21","2  day ahead inc hosp",2021-05-17,"quantile",0.4,116.303155885796
"15352",2021-05-15,"21","2  day ahead inc hosp",2021-05-17,"quantile",0.45,121.265894532682
"15353",2021-05-15,"21","2  day ahead inc hosp",2021-05-17,"quantile",0.5,126.303369879924
"15354",2021-05-15,"21","2  day ahead inc hosp",2021-05-17,"quantile",0.55,131.496184262208
"15355",2021-05-15,"21","2  day ahead inc hosp",2021-05-17,"quantile",0.6,136.935023456002
"15356",2021-05-15,"21","2  day ahead inc hosp",2021-05-17,"quantile",0.65,142.732039049402
"15357",2021-05-15,"21","2  day ahead inc hosp",2021-05-17,"quantile",0.7,149.038408818178
"15358",2021-05-15,"21","2  day ahead inc hosp",2021-05-17,"quantile",0.75,156.076000336294
"15359",2021-05-15,"21","2  day ahead inc hosp",2021-05-17,"quantile",0.8,164.202832326125
"15360",2021-05-15,"21","2  day ahead inc hosp",2021-05-17,"quantile",0.85,174.071649736101
"15361",2021-05-15,"21","2  day ahead inc hosp",2021-05-17,"quantile",0.9,187.113123927439
"15362",2021-05-15,"21","2  day ahead inc hosp",2021-05-17,"quantile",0.95,207.77358071668
"15363",2021-05-15,"21","2  day ahead inc hosp",2021-05-17,"quantile",0.975,227.039098883733
"15364",2021-05-15,"21","2  day ahead inc hosp",2021-05-17,"quantile",0.99,251.090073922448
"15365",2021-05-15,"21","3  day ahead inc hosp",2021-05-18,"quantile",0.01,52.5020184123255
"15366",2021-05-15,"21","3  day ahead inc hosp",2021-05-18,"quantile",0.025,60.8125245304957
"15367",2021-05-15,"21","3  day ahead inc hosp",2021-05-18,"quantile",0.05,68.717016358232
"15368",2021-05-15,"21","3  day ahead inc hosp",2021-05-18,"quantile",0.1,78.7599014521077
"15369",2021-05-15,"21","3  day ahead inc hosp",2021-05-18,"quantile",0.15,86.1316983275477
"15370",2021-05-15,"21","3  day ahead inc hosp",2021-05-18,"quantile",0.2,92.3501930970038
"15371",2021-05-15,"21","3  day ahead inc hosp",2021-05-18,"quantile",0.25,97.9483043501971
"15372",2021-05-15,"21","3  day ahead inc hosp",2021-05-18,"quantile",0.3,103.189055973914
"15373",2021-05-15,"21","3  day ahead inc hosp",2021-05-18,"quantile",0.35,108.230543635649
"15374",2021-05-15,"21","3  day ahead inc hosp",2021-05-18,"quantile",0.4,113.183118335313
"15375",2021-05-15,"21","3  day ahead inc hosp",2021-05-18,"quantile",0.45,118.134708850205
"15376",2021-05-15,"21","3  day ahead inc hosp",2021-05-18,"quantile",0.5,123.164692644387
"15377",2021-05-15,"21","3  day ahead inc hosp",2021-05-18,"quantile",0.55,128.353618388279
"15378",2021-05-15,"21","3  day ahead inc hosp",2021-05-18,"quantile",0.6,133.792353734404
"15379",2021-05-15,"21","3  day ahead inc hosp",2021-05-18,"quantile",0.65,139.593509416306
"15380",2021-05-15,"21","3  day ahead inc hosp",2021-05-18,"quantile",0.7,145.909113349552
"15381",2021-05-15,"21","3  day ahead inc hosp",2021-05-18,"quantile",0.75,152.962523419346
"15382",2021-05-15,"21","3  day ahead inc hosp",2021-05-18,"quantile",0.8,161.114450844013
"15383",2021-05-15,"21","3  day ahead inc hosp",2021-05-18,"quantile",0.85,171.022971302327
"15384",2021-05-15,"21","3  day ahead inc hosp",2021-05-18,"quantile",0.9,184.131314469897
"15385",2021-05-15,"21","3  day ahead inc hosp",2021-05-18,"quantile",0.95,204.928140292131
"15386",2021-05-15,"21","3  day ahead inc hosp",2021-05-18,"quantile",0.975,224.350939006001
"15387",2021-05-15,"21","3  day ahead inc hosp",2021-05-18,"quantile",0.99,248.634390821433
"15388",2021-05-15,"21","4  day ahead inc hosp",2021-05-19,"quantile",0.01,50.4158133172957
"15389",2021-05-15,"21","4  day ahead inc hosp",2021-05-19,"quantile",0.025,58.5864191012077
"15390",2021-05-15,"21","4  day ahead inc hosp",2021-05-19,"quantile",0.05,66.3748688437148
"15391",2021-05-15,"21","4  day ahead inc hosp",2021-05-19,"quantile",0.1,76.2905710348211
"15392",2021-05-15,"21","4  day ahead inc hosp",2021-05-19,"quantile",0.15,83.581512233476
"15393",2021-05-15,"21","4  day ahead inc hosp",2021-05-19,"quantile",0.2,89.7390925421758
"15394",2021-05-15,"21","4  day ahead inc hosp",2021-05-19,"quantile",0.25,95.287584015814
"15395",2021-05-15,"21","4  day ahead inc hosp",2021-05-19,"quantile",0.3,100.486042048715
"15396",2021-05-15,"21","4  day ahead inc hosp",2021-05-19,"quantile",0.35,105.490398693305
"15397",2021-05-15,"21","4  day ahead inc hosp",2021-05-19,"quantile",0.4,110.409694420785
"15398",2021-05-15,"21","4  day ahead inc hosp",2021-05-19,"quantile",0.45,115.331008162752
"15399",2021-05-15,"21","4  day ahead inc hosp",2021-05-19,"quantile",0.5,120.333143062277
"15400",2021-05-15,"21","4  day ahead inc hosp",2021-05-19,"quantile",0.55,125.496254687121
"15401",2021-05-15,"21","4  day ahead inc hosp",2021-05-19,"quantile",0.6,130.910951007406
"15402",2021-05-15,"21","4  day ahead inc hosp",2021-05-19,"quantile",0.65,136.689698288311
"15403",2021-05-15,"21","4  day ahead inc hosp",2021-05-19,"quantile",0.7,142.984504310592
"15404",2021-05-15,"21","4  day ahead inc hosp",2021-05-19,"quantile",0.75,150.018880920079
"15405",2021-05-15,"21","4  day ahead inc hosp",2021-05-19,"quantile",0.8,158.154005775099
"15406",2021-05-15,"21","4  day ahead inc hosp",2021-05-19,"quantile",0.85,168.049125483282
"15407",2021-05-15,"21","4  day ahead inc hosp",2021-05-19,"quantile",0.9,181.150702705086
"15408",2021-05-15,"21","4  day ahead inc hosp",2021-05-19,"quantile",0.95,201.959969870199
"15409",2021-05-15,"21","4  day ahead inc hosp",2021-05-19,"quantile",0.975,221.417328555482
"15410",2021-05-15,"21","4  day ahead inc hosp",2021-05-19,"quantile",0.99,245.771514817325
"15411",2021-05-15,"21","5  day ahead inc hosp",2021-05-20,"quantile",0.01,48.3647459328686
"15412",2021-05-15,"21","5  day ahead inc hosp",2021-05-20,"quantile",0.025,56.3946037438425
"15413",2021-05-15,"21","5  day ahead inc hosp",2021-05-20,"quantile",0.05,64.0664167008043
"15414",2021-05-15,"21","5  day ahead inc hosp",2021-05-20,"quantile",0.1,73.8544936696355
"15415",2021-05-15,"21","5  day ahead inc hosp",2021-05-20,"quantile",0.15,81.0644794850275
"15416",2021-05-15,"21","5  day ahead inc hosp",2021-05-20,"quantile",0.2,87.1612076684481
"15417",2021-05-15,"21","5  day ahead inc hosp",2021-05-20,"quantile",0.25,92.6602481363222
"15418",2021-05-15,"21","5  day ahead inc hosp",2021-05-20,"quantile",0.3,97.8166654819699
"15419",2021-05-15,"21","5  day ahead inc hosp",2021-05-20,"quantile",0.35,102.784219294321
"15420",2021-05-15,"21","5  day ahead inc hosp",2021-05-20,"quantile",0.4,107.670637869732
"15421",2021-05-15,"21","5  day ahead inc hosp",2021-05-20,"quantile",0.45,112.562153644721
"15422",2021-05-15,"21","5  day ahead inc hosp",2021-05-20,"quantile",0.5,117.537003259303
"15423",2021-05-15,"21","5  day ahead inc hosp",2021-05-20,"quantile",0.55,122.674961954554
"15424",2021-05-15,"21","5  day ahead inc hosp",2021-05-20,"quantile",0.6,128.066397240143
"15425",2021-05-15,"21","5  day ahead inc hosp",2021-05-20,"quantile",0.65,133.823659504141
"15426",2021-05-15,"21","5  day ahead inc hosp",2021-05-20,"quantile",0.7,140.098779862692
"15427",2021-05-15,"21","5  day ahead inc hosp",2021-05-20,"quantile",0.75,147.115493350712
"15428",2021-05-15,"21","5  day ahead inc hosp",2021-05-20,"quantile",0.8,155.235562654561
"15429",2021-05-15,"21","5  day ahead inc hosp",2021-05-20,"quantile",0.85,165.119632435886
"15430",2021-05-15,"21","5  day ahead inc hosp",2021-05-20,"quantile",0.9,178.217920602529
"15431",2021-05-15,"21","5  day ahead inc hosp",2021-05-20,"quantile",0.95,199.045953293149
"15432",2021-05-15,"21","5  day ahead inc hosp",2021-05-20,"quantile",0.975,218.54461337303
"15433",2021-05-15,"21","5  day ahead inc hosp",2021-05-20,"quantile",0.99,242.979010268275
"15434",2021-05-15,"21","6  day ahead inc hosp",2021-05-21,"quantile",0.01,48.3434802090369
"15435",2021-05-15,"21","6  day ahead inc hosp",2021-05-21,"quantile",0.025,56.4875782047262
"15436",2021-05-15,"21","6  day ahead inc hosp",2021-05-21,"quantile",0.05,64.2794490357025
"15437",2021-05-15,"21","6  day ahead inc hosp",2021-05-21,"quantile",0.1,74.2336946834645
"15438",2021-05-15,"21","6  day ahead inc hosp",2021-05-21,"quantile",0.15,81.5741041969728
"15439",2021-05-15,"21","6  day ahead inc hosp",2021-05-21,"quantile",0.2,87.7857982646509
"15440",2021-05-15,"21","6  day ahead inc hosp",2021-05-21,"quantile",0.25,93.3918839066034
"15441",2021-05-15,"21","6  day ahead inc hosp",2021-05-21,"quantile",0.3,98.6513475511614
"15442",2021-05-15,"21","6  day ahead inc hosp",2021-05-21,"quantile",0.35,103.720456630676
"15443",2021-05-15,"21","6  day ahead inc hosp",2021-05-21,"quantile",0.4,108.708825984651
"15444",2021-05-15,"21","6  day ahead inc hosp",2021-05-21,"quantile",0.45,113.704324022635
"15445",2021-05-15,"21","6  day ahead inc hosp",2021-05-21,"quantile",0.5,118.78679616515
"15446",2021-05-15,"21","6  day ahead inc hosp",2021-05-21,"quantile",0.55,124.03778005321
"15447",2021-05-15,"21","6  day ahead inc hosp",2021-05-21,"quantile",0.6,129.549757344595
"15448",2021-05-15,"21","6  day ahead inc hosp",2021-05-21,"quantile",0.65,135.43782016692
"15449",2021-05-15,"21","6  day ahead inc hosp",2021-05-21,"quantile",0.7,141.857821291808
"15450",2021-05-15,"21","6  day ahead inc hosp",2021-05-21,"quantile",0.75,149.03923694463
"15451",2021-05-15,"21","6  day ahead inc hosp",2021-05-21,"quantile",0.8,157.353252077869
"15452",2021-05-15,"21","6  day ahead inc hosp",2021-05-21,"quantile",0.85,167.477923271483
"15453",2021-05-15,"21","6  day ahead inc hosp",2021-05-21,"quantile",0.9,180.902118238464
"15454",2021-05-15,"21","6  day ahead inc hosp",2021-05-21,"quantile",0.95,202.263331175042
"15455",2021-05-15,"21","6  day ahead inc hosp",2021-05-21,"quantile",0.975,222.275940258338
"15456",2021-05-15,"21","6  day ahead inc hosp",2021-05-21,"quantile",0.99,247.372149825557
"15457",2021-05-15,"21","7  day ahead inc hosp",2021-05-22,"quantile",0.01,46.5711418956302
"15458",2021-05-15,"21","7  day ahead inc hosp",2021-05-22,"quantile",0.025,54.6184286233816
"15459",2021-05-15,"21","7  day ahead inc hosp",2021-05-22,"quantile",0.05,62.3368173980305
"15460",2021-05-15,"21","7  day ahead inc hosp",2021-05-22,"quantile",0.1,72.2200085160882
"15461",2021-05-15,"21","7  day ahead inc hosp",2021-05-22,"quantile",0.15,79.5221228732101
"15462",2021-05-15,"21","7  day ahead inc hosp",2021-05-22,"quantile",0.2,85.7096425711023
"15463",2021-05-15,"21","7  day ahead inc hosp",2021-05-22,"quantile",0.25,91.299805905104
"15464",2021-05-15,"21","7  day ahead inc hosp",2021-05-22,"quantile",0.3,96.5490336431372
"15465",2021-05-15,"21","7  day ahead inc hosp",2021-05-22,"quantile",0.35,101.612298608658
"15466",2021-05-15,"21","7  day ahead inc hosp",2021-05-22,"quantile",0.4,106.598536158044
"15467",2021-05-15,"21","7  day ahead inc hosp",2021-05-22,"quantile",0.45,111.595292247039
"15468",2021-05-15,"21","7  day ahead inc hosp",2021-05-22,"quantile",0.5,116.682338943339
"15469",2021-05-15,"21","7  day ahead inc hosp",2021-05-22,"quantile",0.55,121.941353978671
"15470",2021-05-15,"21","7  day ahead inc hosp",2021-05-22,"quantile",0.6,127.465185232953
"15471",2021-05-15,"21","7  day ahead inc hosp",2021-05-22,"quantile",0.65,133.369579967695
"15472",2021-05-15,"21","7  day ahead inc hosp",2021-05-22,"quantile",0.7,139.811474397909
"15473",2021-05-15,"21","7  day ahead inc hosp",2021-05-22,"quantile",0.75,147.022146094674
"15474",2021-05-15,"21","7  day ahead inc hosp",2021-05-22,"quantile",0.8,155.375939016199
"15475",2021-05-15,"21","7  day ahead inc hosp",2021-05-22,"quantile",0.85,165.55704250661
"15476",2021-05-15,"21","7  day ahead inc hosp",2021-05-22,"quantile",0.9,179.068547287489
"15477",2021-05-15,"21","7  day ahead inc hosp",2021-05-22,"quantile",0.95,200.595126386563
"15478",2021-05-15,"21","7  day ahead inc hosp",2021-05-22,"quantile",0.975,220.788854135092
"15479",2021-05-15,"21","7  day ahead inc hosp",2021-05-22,"quantile",0.99,246.143653512126
"15480",2021-05-15,"21","8  day ahead inc hosp",2021-05-23,"quantile",0.01,46.1278286880919
"15481",2021-05-15,"21","8  day ahead inc hosp",2021-05-23,"quantile",0.025,54.248435353993
"15482",2021-05-15,"21","8  day ahead inc hosp",2021-05-23,"quantile",0.05,62.0516117857926
"15483",2021-05-15,"21","8  day ahead inc hosp",2021-05-23,"quantile",0.1,72.0606212062571
"15484",2021-05-15,"21","8  day ahead inc hosp",2021-05-23,"quantile",0.15,79.4663555116299
"15485",2021-05-15,"21","8  day ahead inc hosp",2021-05-23,"quantile",0.2,85.7479019245011
"15486",2021-05-15,"21","8  day ahead inc hosp",2021-05-23,"quantile",0.25,91.4274713289248
"15487",2021-05-15,"21","8  day ahead inc hosp",2021-05-23,"quantile",0.3,96.7642074723842
"15488",2021-05-15,"21","8  day ahead inc hosp",2021-05-23,"quantile",0.35,101.914921463287
"15489",2021-05-15,"21","8  day ahead inc hosp",2021-05-23,"quantile",0.4,106.990014628797
"15490",2021-05-15,"21","8  day ahead inc hosp",2021-05-23,"quantile",0.45,112.078379812722
"15491",2021-05-15,"21","8  day ahead inc hosp",2021-05-23,"quantile",0.5,117.261182888271
"15492",2021-05-15,"21","8  day ahead inc hosp",2021-05-23,"quantile",0.55,122.621691326962
"15493",2021-05-15,"21","8  day ahead inc hosp",2021-05-23,"quantile",0.6,128.254716675512
"15494",2021-05-15,"21","8  day ahead inc hosp",2021-05-23,"quantile",0.65,134.278604446274
"15495",2021-05-15,"21","8  day ahead inc hosp",2021-05-23,"quantile",0.7,140.853961529237
"15496",2021-05-15,"21","8  day ahead inc hosp",2021-05-23,"quantile",0.75,148.21763020319
"15497",2021-05-15,"21","8  day ahead inc hosp",2021-05-23,"quantile",0.8,156.753146313504
"15498",2021-05-15,"21","8  day ahead inc hosp",2021-05-23,"quantile",0.85,167.161772658075
"15499",2021-05-15,"21","8  day ahead inc hosp",2021-05-23,"quantile",0.9,180.984681018277
"15500",2021-05-15,"21","8  day ahead inc hosp",2021-05-23,"quantile",0.95,203.027411336652
"15501",2021-05-15,"21","8  day ahead inc hosp",2021-05-23,"quantile",0.975,223.72517397063
"15502",2021-05-15,"21","8  day ahead inc hosp",2021-05-23,"quantile",0.99,249.73666825302
"15503",2021-05-15,"21","9  day ahead inc hosp",2021-05-24,"quantile",0.01,48.5281843768391
"15504",2021-05-15,"21","9  day ahead inc hosp",2021-05-24,"quantile",0.025,57.0957165398047
"15505",2021-05-15,"21","9  day ahead inc hosp",2021-05-24,"quantile",0.05,65.3307024749382
"15506",2021-05-15,"21","9  day ahead inc hosp",2021-05-24,"quantile",0.1,75.8963932341699
"15507",2021-05-15,"21","9  day ahead inc hosp",2021-05-24,"quantile",0.15,83.7157530693128
"15508",2021-05-15,"21","9  day ahead inc hosp",2021-05-24,"quantile",0.2,90.3491481521921
"15509",2021-05-15,"21","9  day ahead inc hosp",2021-05-24,"quantile",0.25,96.3475717224752
"15510",2021-05-15,"21","9  day ahead inc hosp",2021-05-24,"quantile",0.3,101.98449261665
"15511",2021-05-15,"21","9  day ahead inc hosp",2021-05-24,"quantile",0.35,107.425421649565
"15512",2021-05-15,"21","9  day ahead inc hosp",2021-05-24,"quantile",0.4,112.786913430682
"15513",2021-05-15,"21","9  day ahead inc hosp",2021-05-24,"quantile",0.45,118.162842791001
"15514",2021-05-15,"21","9  day ahead inc hosp",2021-05-24,"quantile",0.5,123.638951620505
"15515",2021-05-15,"21","9  day ahead inc hosp",2021-05-24,"quantile",0.55,129.303228301844
"15516",2021-05-15,"21","9  day ahead inc hosp",2021-05-24,"quantile",0.6,135.255885165744
"15517",2021-05-15,"21","9  day ahead inc hosp",2021-05-24,"quantile",0.65,141.622033411942
"15518",2021-05-15,"21","9  day ahead inc hosp",2021-05-24,"quantile",0.7,148.571485569447
"15519",2021-05-15,"21","9  day ahead inc hosp",2021-05-24,"quantile",0.75,156.354684304831
"15520",2021-05-15,"21","9  day ahead inc hosp",2021-05-24,"quantile",0.8,165.377219464071
"15521",2021-05-15,"21","9  day ahead inc hosp",2021-05-24,"quantile",0.85,176.380721972969
"15522",2021-05-15,"21","9  day ahead inc hosp",2021-05-24,"quantile",0.9,190.995173764835
"15523",2021-05-15,"21","9  day ahead inc hosp",2021-05-24,"quantile",0.95,214.303387756323
"15524",2021-05-15,"21","9  day ahead inc hosp",2021-05-24,"quantile",0.975,236.192636180168
"15525",2021-05-15,"21","9  day ahead inc hosp",2021-05-24,"quantile",0.99,263.705370864245
"15526",2021-05-15,"21","10  day ahead inc hosp",2021-05-25,"quantile",0.01,47.0959773272248
"15527",2021-05-15,"21","10  day ahead inc hosp",2021-05-25,"quantile",0.025,55.6145308739994
"15528",2021-05-15,"21","10  day ahead inc hosp",2021-05-25,"quantile",0.05,63.8226059594442
"15529",2021-05-15,"21","10  day ahead inc hosp",2021-05-25,"quantile",0.1,74.3778458974111
"15530",2021-05-15,"21","10  day ahead inc hosp",2021-05-25,"quantile",0.15,82.2043601468336
"15531",2021-05-15,"21","10  day ahead inc hosp",2021-05-25,"quantile",0.2,88.8525210608207
"15532",2021-05-15,"21","10  day ahead inc hosp",2021-05-25,"quantile",0.25,94.8705278205265
"15533",2021-05-15,"21","10  day ahead inc hosp",2021-05-25,"quantile",0.3,100.530823593521
"15534",2021-05-15,"21","10  day ahead inc hosp",2021-05-25,"quantile",0.35,105.99856880276
"15535",2021-05-15,"21","10  day ahead inc hosp",2021-05-25,"quantile",0.4,111.390315440762
"15536",2021-05-15,"21","10  day ahead inc hosp",2021-05-25,"quantile",0.45,116.800173189986
"15537",2021-05-15,"21","10  day ahead inc hosp",2021-05-25,"quantile",0.5,122.31433195109
"15538",2021-05-15,"21","10  day ahead inc hosp",2021-05-25,"quantile",0.55,128.021467539196
"15539",2021-05-15,"21","10  day ahead inc hosp",2021-05-25,"quantile",0.6,134.022793985779
"15540",2021-05-15,"21","10  day ahead inc hosp",2021-05-25,"quantile",0.65,140.444882881966
"15541",2021-05-15,"21","10  day ahead inc hosp",2021-05-25,"quantile",0.7,147.459735229971
"15542",2021-05-15,"21","10  day ahead inc hosp",2021-05-25,"quantile",0.75,155.321237983654
"15543",2021-05-15,"21","10  day ahead inc hosp",2021-05-25,"quantile",0.8,164.440817433659
"15544",2021-05-15,"21","10  day ahead inc hosp",2021-05-25,"quantile",0.85,175.571159551544
"15545",2021-05-15,"21","10  day ahead inc hosp",2021-05-25,"quantile",0.9,190.367347106382
"15546",2021-05-15,"21","10  day ahead inc hosp",2021-05-25,"quantile",0.95,213.993531055275
"15547",2021-05-15,"21","10  day ahead inc hosp",2021-05-25,"quantile",0.975,236.209277667806
"15548",2021-05-15,"21","10  day ahead inc hosp",2021-05-25,"quantile",0.99,264.165913347747
"15549",2021-05-15,"21","11  day ahead inc hosp",2021-05-26,"quantile",0.01,47.4355609614221
"15550",2021-05-15,"21","11  day ahead inc hosp",2021-05-26,"quantile",0.025,56.1378658302893
"15551",2021-05-15,"21","11  day ahead inc hosp",2021-05-26,"quantile",0.05,64.5352471534663
"15552",2021-05-15,"21","11  day ahead inc hosp",2021-05-26,"quantile",0.1,75.3485562930017
"15553",2021-05-15,"21","11  day ahead inc hosp",2021-05-26,"quantile",0.15,83.3754693885674
"15554",2021-05-15,"21","11  day ahead inc hosp",2021-05-26,"quantile",0.2,90.1991398352976
"15555",2021-05-15,"21","11  day ahead inc hosp",2021-05-26,"quantile",0.25,96.3798048442754
"15556",2021-05-15,"21","11  day ahead inc hosp",2021-05-26,"quantile",0.3,102.196110345719
"15557",2021-05-15,"21","11  day ahead inc hosp",2021-05-26,"quantile",0.35,107.817142065037
"15558",2021-05-15,"21","11  day ahead inc hosp",2021-05-26,"quantile",0.4,113.362371097375
"15559",2021-05-15,"21","11  day ahead inc hosp",2021-05-26,"quantile",0.45,118.928408674273
"15560",2021-05-15,"21","11  day ahead inc hosp",2021-05-26,"quantile",0.5,124.603877888517
"15561",2021-05-15,"21","11  day ahead inc hosp",2021-05-26,"quantile",0.55,130.480096243469
"15562",2021-05-15,"21","11  day ahead inc hosp",2021-05-26,"quantile",0.6,136.661425606177
"15563",2021-05-15,"21","11  day ahead inc hosp",2021-05-26,"quantile",0.65,143.278501043558
"15564",2021-05-15,"21","11  day ahead inc hosp",2021-05-26,"quantile",0.7,150.508970275164
"15565",2021-05-15,"21","11  day ahead inc hosp",2021-05-26,"quantile",0.75,158.615186299083
"15566",2021-05-15,"21","11  day ahead inc hosp",2021-05-26,"quantile",0.8,168.022451139467
"15567",2021-05-15,"21","11  day ahead inc hosp",2021-05-26,"quantile",0.85,179.509067922968
"15568",2021-05-15,"21","11  day ahead inc hosp",2021-05-26,"quantile",0.9,194.786936950544
"15569",2021-05-15,"21","11  day ahead inc hosp",2021-05-26,"quantile",0.95,219.199353308026
"15570",2021-05-15,"21","11  day ahead inc hosp",2021-05-26,"quantile",0.975,242.171347006898
"15571",2021-05-15,"21","11  day ahead inc hosp",2021-05-26,"quantile",0.99,271.100035390088
"15572",2021-05-15,"21","12  day ahead inc hosp",2021-05-27,"quantile",0.01,46.297389299036
"15573",2021-05-15,"21","12  day ahead inc hosp",2021-05-27,"quantile",0.025,54.9819007983063
"15574",2021-05-15,"21","12  day ahead inc hosp",2021-05-27,"quantile",0.05,63.3816415313054
"15575",2021-05-15,"21","12  day ahead inc hosp",2021-05-27,"quantile",0.1,74.2213313977948
"15576",2021-05-15,"21","12  day ahead inc hosp",2021-05-27,"quantile",0.15,82.2822702142307
"15577",2021-05-15,"21","12  day ahead inc hosp",2021-05-27,"quantile",0.2,89.1433053675843
"15578",2021-05-15,"21","12  day ahead inc hosp",2021-05-27,"quantile",0.25,95.3638631049833
"15579",2021-05-15,"21","12  day ahead inc hosp",2021-05-27,"quantile",0.3,101.222538117189
"15580",2021-05-15,"21","12  day ahead inc hosp",2021-05-27,"quantile",0.35,106.888649577409
"15581",2021-05-15,"21","12  day ahead inc hosp",2021-05-27,"quantile",0.4,112.482072572231
"15582",2021-05-15,"21","12  day ahead inc hosp",2021-05-27,"quantile",0.45,118.099976741983
"15583",2021-05-15,"21","12  day ahead inc hosp",2021-05-27,"quantile",0.5,123.83172515606
"15584",2021-05-15,"21","12  day ahead inc hosp",2021-05-27,"quantile",0.55,129.769619136937
"15585",2021-05-15,"21","12  day ahead inc hosp",2021-05-27,"quantile",0.6,136.019356934483
"15586",2021-05-15,"21","12  day ahead inc hosp",2021-05-27,"quantile",0.65,142.713449326022
"15587",2021-05-15,"21","12  day ahead inc hosp",2021-05-27,"quantile",0.7,150.032294055063
"15588",2021-05-15,"21","12  day ahead inc hosp",2021-05-27,"quantile",0.75,158.242514800982
"15589",2021-05-15,"21","12  day ahead inc hosp",2021-05-27,"quantile",0.8,167.77658703718
"15590",2021-05-15,"21","12  day ahead inc hosp",2021-05-27,"quantile",0.85,179.426313215867
"15591",2021-05-15,"21","12  day ahead inc hosp",2021-05-27,"quantile",0.9,194.934068894727
"15592",2021-05-15,"21","12  day ahead inc hosp",2021-05-27,"quantile",0.95,219.741265293165
"15593",2021-05-15,"21","12  day ahead inc hosp",2021-05-27,"quantile",0.975,243.111972701713
"15594",2021-05-15,"21","12  day ahead inc hosp",2021-05-27,"quantile",0.99,272.575513813284
"15595",2021-05-15,"21","13  day ahead inc hosp",2021-05-28,"quantile",0.01,44.040941587501
"15596",2021-05-15,"21","13  day ahead inc hosp",2021-05-28,"quantile",0.025,52.5432485024117
"15597",2021-05-15,"21","13  day ahead inc hosp",2021-05-28,"quantile",0.05,60.7920657659188
"15598",2021-05-15,"21","13  day ahead inc hosp",2021-05-28,"quantile",0.1,71.4672768880149
"15599",2021-05-15,"21","13  day ahead inc hosp",2021-05-28,"quantile",0.15,79.424653748721
"15600",2021-05-15,"21","13  day ahead inc hosp",2021-05-28,"quantile",0.2,86.2085070727348
"15601",2021-05-15,"21","13  day ahead inc hosp",2021-05-28,"quantile",0.25,92.3669505055097
"15602",2021-05-15,"21","13  day ahead inc hosp",2021-05-28,"quantile",0.3,98.1734036206241
"15603",2021-05-15,"21","13  day ahead inc hosp",2021-05-28,"quantile",0.35,103.794385745332
"15604",2021-05-15,"21","13  day ahead inc hosp",2021-05-28,"quantile",0.4,109.348102060029
"15605",2021-05-15,"21","13  day ahead inc hosp",2021-05-28,"quantile",0.45,114.930671182001
"15606",2021-05-15,"21","13  day ahead inc hosp",2021-05-28,"quantile",0.5,120.63078656143
"15607",2021-05-15,"21","13  day ahead inc hosp",2021-05-28,"quantile",0.55,126.540345994275
"15608",2021-05-15,"21","13  day ahead inc hosp",2021-05-28,"quantile",0.6,132.76486115628
"15609",2021-05-15,"21","13  day ahead inc hosp",2021-05-28,"quantile",0.65,139.436872262186
"15610",2021-05-15,"21","13  day ahead inc hosp",2021-05-28,"quantile",0.7,146.737075682641
"15611",2021-05-15,"21","13  day ahead inc hosp",2021-05-28,"quantile",0.75,154.932808264329
"15612",2021-05-15,"21","13  day ahead inc hosp",2021-05-28,"quantile",0.8,164.458027525649
"15613",2021-05-15,"21","13  day ahead inc hosp",2021-05-28,"quantile",0.85,176.107733843355
"15614",2021-05-15,"21","13  day ahead inc hosp",2021-05-28,"quantile",0.9,191.632362511923
"15615",2021-05-15,"21","13  day ahead inc hosp",2021-05-28,"quantile",0.95,216.502413331775
"15616",2021-05-15,"21","13  day ahead inc hosp",2021-05-28,"quantile",0.975,239.967933418538
"15617",2021-05-15,"21","13  day ahead inc hosp",2021-05-28,"quantile",0.99,269.593852799585
"15618",2021-05-15,"21","14  day ahead inc hosp",2021-05-29,"quantile",0.01,44.3012989870301
"15619",2021-05-15,"21","14  day ahead inc hosp",2021-05-29,"quantile",0.025,52.9702354580168
"15620",2021-05-15,"21","14  day ahead inc hosp",2021-05-29,"quantile",0.05,61.3930721780792
"15621",2021-05-15,"21","14  day ahead inc hosp",2021-05-29,"quantile",0.1,72.3082782743581
"15622",2021-05-15,"21","14  day ahead inc hosp",2021-05-29,"quantile",0.15,80.4537021876277
"15623",2021-05-15,"21","14  day ahead inc hosp",2021-05-29,"quantile",0.2,87.4032199643499
"15624",2021-05-15,"21","14  day ahead inc hosp",2021-05-29,"quantile",0.25,93.7158907732137
"15625",2021-05-15,"21","14  day ahead inc hosp",2021-05-29,"quantile",0.3,99.6708190408695
"15626",2021-05-15,"21","14  day ahead inc hosp",2021-05-29,"quantile",0.35,105.438155894662
"15627",2021-05-15,"21","14  day ahead inc hosp",2021-05-29,"quantile",0.4,111.138837909844
"15628",2021-05-15,"21","14  day ahead inc hosp",2021-05-29,"quantile",0.45,116.871353064704
"15629",2021-05-15,"21","14  day ahead inc hosp",2021-05-29,"quantile",0.5,122.726726363636
"15630",2021-05-15,"21","14  day ahead inc hosp",2021-05-29,"quantile",0.55,128.799411904864
"15631",2021-05-15,"21","14  day ahead inc hosp",2021-05-29,"quantile",0.6,135.197990394793
"15632",2021-05-15,"21","14  day ahead inc hosp",2021-05-29,"quantile",0.65,142.058985124278
"15633",2021-05-15,"21","14  day ahead inc hosp",2021-05-29,"quantile",0.7,149.56864812647
"15634",2021-05-15,"21","14  day ahead inc hosp",2021-05-29,"quantile",0.75,158.002667564963
"15635",2021-05-15,"21","14  day ahead inc hosp",2021-05-29,"quantile",0.8,167.80871520423
"15636",2021-05-15,"21","14  day ahead inc hosp",2021-05-29,"quantile",0.85,179.807151163271
"15637",2021-05-15,"21","14  day ahead inc hosp",2021-05-29,"quantile",0.9,195.804745996596
"15638",2021-05-15,"21","14  day ahead inc hosp",2021-05-29,"quantile",0.95,221.449970573101
"15639",2021-05-15,"21","14  day ahead inc hosp",2021-05-29,"quantile",0.975,245.664250534813
"15640",2021-05-15,"21","14  day ahead inc hosp",2021-05-29,"quantile",0.99,276.256401152135
"15641",2021-05-15,"21","15  day ahead inc hosp",2021-05-30,"quantile",0.01,44.2428911746876
"15642",2021-05-15,"21","15  day ahead inc hosp",2021-05-30,"quantile",0.025,53.4134655945922
"15643",2021-05-15,"21","15  day ahead inc hosp",2021-05-30,"quantile",0.05,62.3812160290688
"15644",2021-05-15,"21","15  day ahead inc hosp",2021-05-30,"quantile",0.1,74.0716612233008
"15645",2021-05-15,"21","15  day ahead inc hosp",2021-05-30,"quantile",0.15,82.8384879420498
"15646",2021-05-15,"21","15  day ahead inc hosp",2021-05-30,"quantile",0.2,90.343298624651
"15647",2021-05-15,"21","15  day ahead inc hosp",2021-05-30,"quantile",0.25,97.1784199965701
"15648",2021-05-15,"21","15  day ahead inc hosp",2021-05-30,"quantile",0.3,103.640619591856
"15649",2021-05-15,"21","15  day ahead inc hosp",2021-05-30,"quantile",0.35,109.911615770932
"15650",2021-05-15,"21","15  day ahead inc hosp",2021-05-30,"quantile",0.4,116.1212909328
"15651",2021-05-15,"21","15  day ahead inc hosp",2021-05-30,"quantile",0.45,122.376119508714
"15652",2021-05-15,"21","15  day ahead inc hosp",2021-05-30,"quantile",0.5,128.775194206643
"15653",2021-05-15,"21","15  day ahead inc hosp",2021-05-30,"quantile",0.55,135.422004564135
"15654",2021-05-15,"21","15  day ahead inc hosp",2021-05-30,"quantile",0.6,142.436150993578
"15655",2021-05-15,"21","15  day ahead inc hosp",2021-05-30,"quantile",0.65,149.968616113963
"15656",2021-05-15,"21","15  day ahead inc hosp",2021-05-30,"quantile",0.7,158.225970672689
"15657",2021-05-15,"21","15  day ahead inc hosp",2021-05-30,"quantile",0.75,167.514602241766
"15658",2021-05-15,"21","15  day ahead inc hosp",2021-05-30,"quantile",0.8,178.332782568323
"15659",2021-05-15,"21","15  day ahead inc hosp",2021-05-30,"quantile",0.85,191.594718386725
"15660",2021-05-15,"21","15  day ahead inc hosp",2021-05-30,"quantile",0.9,209.316250457335
"15661",2021-05-15,"21","15  day ahead inc hosp",2021-05-30,"quantile",0.95,237.808624918964
"15662",2021-05-15,"21","15  day ahead inc hosp",2021-05-30,"quantile",0.975,264.794269255315
"15663",2021-05-15,"21","15  day ahead inc hosp",2021-05-30,"quantile",0.99,298.987919466596
"15664",2021-05-15,"21","16  day ahead inc hosp",2021-05-31,"quantile",0.01,42.5320512112671
"15665",2021-05-15,"21","16  day ahead inc hosp",2021-05-31,"quantile",0.025,51.6668553841498
"15666",2021-05-15,"21","16  day ahead inc hosp",2021-05-31,"quantile",0.05,60.6364928765077
"15667",2021-05-15,"21","16  day ahead inc hosp",2021-05-31,"quantile",0.1,72.3736990610557
"15668",2021-05-15,"21","16  day ahead inc hosp",2021-05-31,"quantile",0.15,81.2030861773315
"15669",2021-05-15,"21","16  day ahead inc hosp",2021-05-31,"quantile",0.2,88.7775544216234
"15670",2021-05-15,"21","16  day ahead inc hosp",2021-05-31,"quantile",0.25,95.6876821024608
"15671",2021-05-15,"21","16  day ahead inc hosp",2021-05-31,"quantile",0.3,102.230043179385
"15672",2021-05-15,"21","16  day ahead inc hosp",2021-05-31,"quantile",0.35,108.586756510328
"15673",2021-05-15,"21","16  day ahead inc hosp",2021-05-31,"quantile",0.4,114.888461078379
"15674",2021-05-15,"21","16  day ahead inc hosp",2021-05-31,"quantile",0.45,121.242705516016
"15675",2021-05-15,"21","16  day ahead inc hosp",2021-05-31,"quantile",0.5,127.750024545824
"15676",2021-05-15,"21","16  day ahead inc hosp",2021-05-31,"quantile",0.55,134.515839063688
"15677",2021-05-15,"21","16  day ahead inc hosp",2021-05-31,"quantile",0.6,141.662385035952
"15678",2021-05-15,"21","16  day ahead inc hosp",2021-05-31,"quantile",0.65,149.344355710108
"15679",2021-05-15,"21","16  day ahead inc hosp",2021-05-31,"quantile",0.7,157.773774337869
"15680",2021-05-15,"21","16  day ahead inc hosp",2021-05-31,"quantile",0.75,167.265511340534
"15681",2021-05-15,"21","16  day ahead inc hosp",2021-05-31,"quantile",0.8,178.332110169493
"15682",2021-05-15,"21","16  day ahead inc hosp",2021-05-31,"quantile",0.85,191.914678500677
"15683",2021-05-15,"21","16  day ahead inc hosp",2021-05-31,"quantile",0.9,210.089899796338
"15684",2021-05-15,"21","16  day ahead inc hosp",2021-05-31,"quantile",0.95,239.365396947512
"15685",2021-05-15,"21","16  day ahead inc hosp",2021-05-31,"quantile",0.975,267.146139038642
"15686",2021-05-15,"21","16  day ahead inc hosp",2021-05-31,"quantile",0.99,302.41165392498
"15687",2021-05-15,"21","17  day ahead inc hosp",2021-06-01,"quantile",0.01,41.2685486339225
"15688",2021-05-15,"21","17  day ahead inc hosp",2021-06-01,"quantile",0.025,50.3702533778592
"15689",2021-05-15,"21","17  day ahead inc hosp",2021-06-01,"quantile",0.05,59.3355895291486
"15690",2021-05-15,"21","17  day ahead inc hosp",2021-06-01,"quantile",0.1,71.1010757351632
"15691",2021-05-15,"21","17  day ahead inc hosp",2021-06-01,"quantile",0.15,79.9727829495969
"15692",2021-05-15,"21","17  day ahead inc hosp",2021-06-01,"quantile",0.2,87.5958836451874
"15693",2021-05-15,"21","17  day ahead inc hosp",2021-06-01,"quantile",0.25,94.5592325411259
"15694",2021-05-15,"21","17  day ahead inc hosp",2021-06-01,"quantile",0.3,101.15906353278
"15695",2021-05-15,"21","17  day ahead inc hosp",2021-06-01,"quantile",0.35,107.57768734751
"15696",2021-05-15,"21","17  day ahead inc hosp",2021-06-01,"quantile",0.4,113.946243726521
"15697",2021-05-15,"21","17  day ahead inc hosp",2021-06-01,"quantile",0.45,120.373043407011
"15698",2021-05-15,"21","17  day ahead inc hosp",2021-06-01,"quantile",0.5,126.959673337229
"15699",2021-05-15,"21","17  day ahead inc hosp",2021-06-01,"quantile",0.55,133.81298347666
"15700",2021-05-15,"21","17  day ahead inc hosp",2021-06-01,"quantile",0.6,141.057174824709
"15701",2021-05-15,"21","17  day ahead inc hosp",2021-06-01,"quantile",0.65,148.849719553336
"15702",2021-05-15,"21","17  day ahead inc hosp",2021-06-01,"quantile",0.7,157.406735599546
"15703",2021-05-15,"21","17  day ahead inc hosp",2021-06-01,"quantile",0.75,167.049475445192
"15704",2021-05-15,"21","17  day ahead inc hosp",2021-06-01,"quantile",0.8,178.301234288595
"15705",2021-05-15,"21","17  day ahead inc hosp",2021-06-01,"quantile",0.85,192.123408896708
"15706",2021-05-15,"21","17  day ahead inc hosp",2021-06-01,"quantile",0.9,210.638623069346
"15707",2021-05-15,"21","17  day ahead inc hosp",2021-06-01,"quantile",0.95,240.502985430271
"15708",2021-05-15,"21","17  day ahead inc hosp",2021-06-01,"quantile",0.975,268.883532233181
"15709",2021-05-15,"21","17  day ahead inc hosp",2021-06-01,"quantile",0.99,304.959926792549
"15710",2021-05-15,"21","18  day ahead inc hosp",2021-06-02,"quantile",0.01,40.6776496431663
"15711",2021-05-15,"21","18  day ahead inc hosp",2021-06-02,"quantile",0.025,49.8375075960576
"15712",2021-05-15,"21","18  day ahead inc hosp",2021-06-02,"quantile",0.05,58.8828438799677
"15713",2021-05-15,"21","18  day ahead inc hosp",2021-06-02,"quantile",0.1,70.7806494496873
"15714",2021-05-15,"21","18  day ahead inc hosp",2021-06-02,"quantile",0.15,79.7690985651759
"15715",2021-05-15,"21","18  day ahead inc hosp",2021-06-02,"quantile",0.2,87.5024497255986
"15716",2021-05-15,"21","18  day ahead inc hosp",2021-06-02,"quantile",0.25,94.5736469304361
"15717",2021-05-15,"21","18  day ahead inc hosp",2021-06-02,"quantile",0.3,101.281406819023
"15718",2021-05-15,"21","18  day ahead inc hosp",2021-06-02,"quantile",0.35,107.809893215726
"15719",2021-05-15,"21","18  day ahead inc hosp",2021-06-02,"quantile",0.4,114.291873505208
"15720",2021-05-15,"21","18  day ahead inc hosp",2021-06-02,"quantile",0.45,120.837286232452
"15721",2021-05-15,"21","18  day ahead inc hosp",2021-06-02,"quantile",0.5,127.549519844935
"15722",2021-05-15,"21","18  day ahead inc hosp",2021-06-02,"quantile",0.55,134.537581774419
"15723",2021-05-15,"21","18  day ahead inc hosp",2021-06-02,"quantile",0.6,141.928428655629
"15724",2021-05-15,"21","18  day ahead inc hosp",2021-06-02,"quantile",0.65,149.883261116183
"15725",2021-05-15,"21","18  day ahead inc hosp",2021-06-02,"quantile",0.7,158.623543563487
"15726",2021-05-15,"21","18  day ahead inc hosp",2021-06-02,"quantile",0.75,168.478717631595
"15727",2021-05-15,"21","18  day ahead inc hosp",2021-06-02,"quantile",0.8,179.985709917469
"15728",2021-05-15,"21","18  day ahead inc hosp",2021-06-02,"quantile",0.85,194.131401660052
"15729",2021-05-15,"21","18  day ahead inc hosp",2021-06-02,"quantile",0.9,213.095627087197
"15730",2021-05-15,"21","18  day ahead inc hosp",2021-06-02,"quantile",0.95,243.717553885075
"15731",2021-05-15,"21","18  day ahead inc hosp",2021-06-02,"quantile",0.975,272.851180687614
"15732",2021-05-15,"21","18  day ahead inc hosp",2021-06-02,"quantile",0.99,309.92487806265
"15733",2021-05-15,"21","19  day ahead inc hosp",2021-06-03,"quantile",0.01,39.3113854553525
"15734",2021-05-15,"21","19  day ahead inc hosp",2021-06-03,"quantile",0.025,48.3944801147928
"15735",2021-05-15,"21","19  day ahead inc hosp",2021-06-03,"quantile",0.05,57.3924984034392
"15736",2021-05-15,"21","19  day ahead inc hosp",2021-06-03,"quantile",0.1,69.2623769853266
"15737",2021-05-15,"21","19  day ahead inc hosp",2021-06-03,"quantile",0.15,78.2510436544833
"15738",2021-05-15,"21","19  day ahead inc hosp",2021-06-03,"quantile",0.2,85.9970750921596
"15739",2021-05-15,"21","19  day ahead inc hosp",2021-06-03,"quantile",0.25,93.0888454651158
"15740",2021-05-15,"21","19  day ahead inc hosp",2021-06-03,"quantile",0.3,99.8233056861899
"15741",2021-05-15,"21","19  day ahead inc hosp",2021-06-03,"quantile",0.35,106.383941832548
"15742",2021-05-15,"21","19  day ahead inc hosp",2021-06-03,"quantile",0.4,112.903405207647
"15743",2021-05-15,"21","19  day ahead inc hosp",2021-06-03,"quantile",0.45,119.491896327871
"15744",2021-05-15,"21","19  day ahead inc hosp",2021-06-03,"quantile",0.5,126.253396453888
"15745",2021-05-15,"21","19  day ahead inc hosp",2021-06-03,"quantile",0.55,133.297868605554
"15746",2021-05-15,"21","19  day ahead inc hosp",2021-06-03,"quantile",0.6,140.75369373073
"15747",2021-05-15,"21","19  day ahead inc hosp",2021-06-03,"quantile",0.65,148.784175443393
"15748",2021-05-15,"21","19  day ahead inc hosp",2021-06-03,"quantile",0.7,157.613955238411
"15749",2021-05-15,"21","19  day ahead inc hosp",2021-06-03,"quantile",0.75,167.577504423014
"15750",2021-05-15,"21","19  day ahead inc hosp",2021-06-03,"quantile",0.8,179.220314039058
"15751",2021-05-15,"21","19  day ahead inc hosp",2021-06-03,"quantile",0.85,193.545562548973
"15752",2021-05-15,"21","19  day ahead inc hosp",2021-06-03,"quantile",0.9,212.770274558927
"15753",2021-05-15,"21","19  day ahead inc hosp",2021-06-03,"quantile",0.95,243.854931046743
"15754",2021-05-15,"21","19  day ahead inc hosp",2021-06-03,"quantile",0.975,273.470720083466
"15755",2021-05-15,"21","19  day ahead inc hosp",2021-06-03,"quantile",0.99,311.208609763185
"15756",2021-05-15,"21","20  day ahead inc hosp",2021-06-04,"quantile",0.01,38.2657016324339
"15757",2021-05-15,"21","20  day ahead inc hosp",2021-06-04,"quantile",0.025,47.3187293269936
"15758",2021-05-15,"21","20  day ahead inc hosp",2021-06-04,"quantile",0.05,56.313612376687
"15759",2021-05-15,"21","20  day ahead inc hosp",2021-06-04,"quantile",0.1,68.2114840222788
"15760",2021-05-15,"21","20  day ahead inc hosp",2021-06-04,"quantile",0.15,77.2413150971287
"15761",2021-05-15,"21","20  day ahead inc hosp",2021-06-04,"quantile",0.2,85.0345255048068
"15762",2021-05-15,"21","20  day ahead inc hosp",2021-06-04,"quantile",0.25,92.177904583205
"15763",2021-05-15,"21","20  day ahead inc hosp",2021-06-04,"quantile",0.3,98.9681082109032
"15764",2021-05-15,"21","20  day ahead inc hosp",2021-06-04,"quantile",0.35,105.588827615879
"15765",2021-05-15,"21","20  day ahead inc hosp",2021-06-04,"quantile",0.4,112.173213766201
"15766",2021-05-15,"21","20  day ahead inc hosp",2021-06-04,"quantile",0.45,118.832219558155
"15767",2021-05-15,"21","20  day ahead inc hosp",2021-06-04,"quantile",0.5,125.670861748412
"15768",2021-05-15,"21","20  day ahead inc hosp",2021-06-04,"quantile",0.55,132.800508277531
"15769",2021-05-15,"21","20  day ahead inc hosp",2021-06-04,"quantile",0.6,140.351471557512
"15770",2021-05-15,"21","20  day ahead inc hosp",2021-06-04,"quantile",0.65,148.489787096654
"15771",2021-05-15,"21","20  day ahead inc hosp",2021-06-04,"quantile",0.7,157.444123130894
"15772",2021-05-15,"21","20  day ahead inc hosp",2021-06-04,"quantile",0.75,167.555229901588
"15773",2021-05-15,"21","20  day ahead inc hosp",2021-06-04,"quantile",0.8,179.379182070315
"15774",2021-05-15,"21","20  day ahead inc hosp",2021-06-04,"quantile",0.85,193.939142591525
"15775",2021-05-15,"21","20  day ahead inc hosp",2021-06-04,"quantile",0.9,213.497422641318
"15776",2021-05-15,"21","20  day ahead inc hosp",2021-06-04,"quantile",0.95,245.161040587127
"15777",2021-05-15,"21","20  day ahead inc hosp",2021-06-04,"quantile",0.975,275.367875228223
"15778",2021-05-15,"21","20  day ahead inc hosp",2021-06-04,"quantile",0.99,313.906549988497
"15779",2021-05-15,"21","21  day ahead inc hosp",2021-06-05,"quantile",0.01,36.2080122374836
"15780",2021-05-15,"21","21  day ahead inc hosp",2021-06-05,"quantile",0.025,45.0449514854773
"15781",2021-05-15,"21","21  day ahead inc hosp",2021-06-05,"quantile",0.05,53.860209173514
"15782",2021-05-15,"21","21  day ahead inc hosp",2021-06-05,"quantile",0.1,65.5628363619084
"15783",2021-05-15,"21","21  day ahead inc hosp",2021-06-05,"quantile",0.15,74.4708329968926
"15784",2021-05-15,"21","21  day ahead inc hosp",2021-06-05,"quantile",0.2,82.1743509592735
"15785",2021-05-15,"21","21  day ahead inc hosp",2021-06-05,"quantile",0.25,89.2466349390262
"15786",2021-05-15,"21","21  day ahead inc hosp",2021-06-05,"quantile",0.3,95.9781620953359
"15787",2021-05-15,"21","21  day ahead inc hosp",2021-06-05,"quantile",0.35,102.549312551702
"15788",2021-05-15,"21","21  day ahead inc hosp",2021-06-05,"quantile",0.4,109.091304264281
"15789",2021-05-15,"21","21  day ahead inc hosp",2021-06-05,"quantile",0.45,115.713927298025
"15790",2021-05-15,"21","21  day ahead inc hosp",2021-06-05,"quantile",0.5,122.521529331974
"15791",2021-05-15,"21","21  day ahead inc hosp",2021-06-05,"quantile",0.55,129.625178562962
"15792",2021-05-15,"21","21  day ahead inc hosp",2021-06-05,"quantile",0.6,137.155221107087
"15793",2021-05-15,"21","21  day ahead inc hosp",2021-06-05,"quantile",0.65,145.278098030548
"15794",2021-05-15,"21","21  day ahead inc hosp",2021-06-05,"quantile",0.7,154.223390335829
"15795",2021-05-15,"21","21  day ahead inc hosp",2021-06-05,"quantile",0.75,164.333582382622
"15796",2021-05-15,"21","21  day ahead inc hosp",2021-06-05,"quantile",0.8,176.168032469095
"15797",2021-05-15,"21","21  day ahead inc hosp",2021-06-05,"quantile",0.85,190.756635587125
"15798",2021-05-15,"21","21  day ahead inc hosp",2021-06-05,"quantile",0.9,210.378077597706
"15799",2021-05-15,"21","21  day ahead inc hosp",2021-06-05,"quantile",0.95,242.196620290454
"15800",2021-05-15,"21","21  day ahead inc hosp",2021-06-05,"quantile",0.975,272.603730062463
"15801",2021-05-15,"21","21  day ahead inc hosp",2021-06-05,"quantile",0.99,311.461359220949
"15802",2021-05-15,"21","22  day ahead inc hosp",2021-06-06,"quantile",0.01,35.5170371735678
"15803",2021-05-15,"21","22  day ahead inc hosp",2021-06-06,"quantile",0.025,44.3703358450251
"15804",2021-05-15,"21","22  day ahead inc hosp",2021-06-06,"quantile",0.05,53.2263192661473
"15805",2021-05-15,"21","22  day ahead inc hosp",2021-06-06,"quantile",0.1,65.0124942722298
"15806",2021-05-15,"21","22  day ahead inc hosp",2021-06-06,"quantile",0.15,74.0024256143776
"15807",2021-05-15,"21","22  day ahead inc hosp",2021-06-06,"quantile",0.2,81.7875579619069
"15808",2021-05-15,"21","22  day ahead inc hosp",2021-06-06,"quantile",0.25,88.9425076232341
"15809",2021-05-15,"21","22  day ahead inc hosp",2021-06-06,"quantile",0.3,95.7589151596088
"15810",2021-05-15,"21","22  day ahead inc hosp",2021-06-06,"quantile",0.35,102.418244340643
"15811",2021-05-15,"21","22  day ahead inc hosp",2021-06-06,"quantile",0.4,109.052829040722
"15812",2021-05-15,"21","22  day ahead inc hosp",2021-06-06,"quantile",0.45,115.773706554869
"15813",2021-05-15,"21","22  day ahead inc hosp",2021-06-06,"quantile",0.5,122.686711128346
"15814",2021-05-15,"21","22  day ahead inc hosp",2021-06-06,"quantile",0.55,129.904778320466
"15815",2021-05-15,"21","22  day ahead inc hosp",2021-06-06,"quantile",0.6,137.560712379794
"15816",2021-05-15,"21","22  day ahead inc hosp",2021-06-06,"quantile",0.65,145.824344233473
"15817",2021-05-15,"21","22  day ahead inc hosp",2021-06-06,"quantile",0.7,154.930175720043
"15818",2021-05-15,"21","22  day ahead inc hosp",2021-06-06,"quantile",0.75,165.228290775355
"15819",2021-05-15,"21","22  day ahead inc hosp",2021-06-06,"quantile",0.8,177.290774052364
"15820",2021-05-15,"21","22  day ahead inc hosp",2021-06-06,"quantile",0.85,192.171431914991
"15821",2021-05-15,"21","22  day ahead inc hosp",2021-06-06,"quantile",0.9,212.202892433263
"15822",2021-05-15,"21","22  day ahead inc hosp",2021-06-06,"quantile",0.95,244.723061497704
"15823",2021-05-15,"21","22  day ahead inc hosp",2021-06-06,"quantile",0.975,275.837278353774
"15824",2021-05-15,"21","22  day ahead inc hosp",2021-06-06,"quantile",0.99,315.642786252022
"15825",2021-05-15,"21","23  day ahead inc hosp",2021-06-07,"quantile",0.01,36.5418497071226
"15826",2021-05-15,"21","23  day ahead inc hosp",2021-06-07,"quantile",0.025,45.7224201478615
"15827",2021-05-15,"21","23  day ahead inc hosp",2021-06-07,"quantile",0.05,54.9153078341942
"15828",2021-05-15,"21","23  day ahead inc hosp",2021-06-07,"quantile",0.1,67.1613718788593
"15829",2021-05-15,"21","23  day ahead inc hosp",2021-06-07,"quantile",0.15,76.5092420337441
"15830",2021-05-15,"21","23  day ahead inc hosp",2021-06-07,"quantile",0.2,84.6085406360766
"15831",2021-05-15,"21","23  day ahead inc hosp",2021-06-07,"quantile",0.25,92.0552441896865
"15832",2021-05-15,"21","23  day ahead inc hosp",2021-06-07,"quantile",0.3,99.15201798299
"15833",2021-05-15,"21","23  day ahead inc hosp",2021-06-07,"quantile",0.35,106.087327247697
"15834",2021-05-15,"21","23  day ahead inc hosp",2021-06-07,"quantile",0.4,112.998740169545
"15835",2021-05-15,"21","23  day ahead inc hosp",2021-06-07,"quantile",0.45,120.001808716797
"15836",2021-05-15,"21","23  day ahead inc hosp",2021-06-07,"quantile",0.5,127.206787871554
"15837",2021-05-15,"21","23  day ahead inc hosp",2021-06-07,"quantile",0.55,134.73144161557
"15838",2021-05-15,"21","23  day ahead inc hosp",2021-06-07,"quantile",0.6,142.714355761855
"15839",2021-05-15,"21","23  day ahead inc hosp",2021-06-07,"quantile",0.65,151.332852204736
"15840",2021-05-15,"21","23  day ahead inc hosp",2021-06-07,"quantile",0.7,160.831871342739
"15841",2021-05-15,"21","23  day ahead inc hosp",2021-06-07,"quantile",0.75,171.577181068253
"15842",2021-05-15,"21","23  day ahead inc hosp",2021-06-07,"quantile",0.8,184.166617839957
"15843",2021-05-15,"21","23  day ahead inc hosp",2021-06-07,"quantile",0.85,199.701610451396
"15844",2021-05-15,"21","23  day ahead inc hosp",2021-06-07,"quantile",0.9,220.62060424855
"15845",2021-05-15,"21","23  day ahead inc hosp",2021-06-07,"quantile",0.95,254.595958838864
"15846",2021-05-15,"21","23  day ahead inc hosp",2021-06-07,"quantile",0.975,287.116712776342
"15847",2021-05-15,"21","23  day ahead inc hosp",2021-06-07,"quantile",0.99,328.738897492884
"15848",2021-05-15,"21","24  day ahead inc hosp",2021-06-08,"quantile",0.01,35.7133682103636
"15849",2021-05-15,"21","24  day ahead inc hosp",2021-06-08,"quantile",0.025,44.8803525332905
"15850",2021-05-15,"21","24  day ahead inc hosp",2021-06-08,"quantile",0.05,54.0859757546645
"15851",2021-05-15,"21","24  day ahead inc hosp",2021-06-08,"quantile",0.1,66.3808622889728
"15852",2021-05-15,"21","24  day ahead inc hosp",2021-06-08,"quantile",0.15,75.7858278387576
"15853",2021-05-15,"21","24  day ahead inc hosp",2021-06-08,"quantile",0.2,83.9462329378127
"15854",2021-05-15,"21","24  day ahead inc hosp",2021-06-08,"quantile",0.25,91.4574938837994
"15855",2021-05-15,"21","24  day ahead inc hosp",2021-06-08,"quantile",0.3,98.6225006800607
"15856",2021-05-15,"21","24  day ahead inc hosp",2021-06-08,"quantile",0.35,105.630252223353
"15857",2021-05-15,"21","24  day ahead inc hosp",2021-06-08,"quantile",0.4,112.619063414762
"15858",2021-05-15,"21","24  day ahead inc hosp",2021-06-08,"quantile",0.45,119.705454688634
"15859",2021-05-15,"21","24  day ahead inc hosp",2021-06-08,"quantile",0.5,127.000931997368
"15860",2021-05-15,"21","24  day ahead inc hosp",2021-06-08,"quantile",0.55,134.624903998829
"15861",2021-05-15,"21","24  day ahead inc hosp",2021-06-08,"quantile",0.6,142.718179852834
"15862",2021-05-15,"21","24  day ahead inc hosp",2021-06-08,"quantile",0.65,151.461196822362
"15863",2021-05-15,"21","24  day ahead inc hosp",2021-06-08,"quantile",0.7,161.103462632762
"15864",2021-05-15,"21","24  day ahead inc hosp",2021-06-08,"quantile",0.75,172.017844527717
"15865",2021-05-15,"21","24  day ahead inc hosp",2021-06-08,"quantile",0.8,184.814122322873
"15866",2021-05-15,"21","24  day ahead inc hosp",2021-06-08,"quantile",0.85,200.616248222747
"15867",2021-05-15,"21","24  day ahead inc hosp",2021-06-08,"quantile",0.9,221.913658969319
"15868",2021-05-15,"21","24  day ahead inc hosp",2021-06-08,"quantile",0.95,256.543561455386
"15869",2021-05-15,"21","24  day ahead inc hosp",2021-06-08,"quantile",0.975,289.7306663141
"15870",2021-05-15,"21","24  day ahead inc hosp",2021-06-08,"quantile",0.99,332.253870678844
"15871",2021-05-15,"21","25  day ahead inc hosp",2021-06-09,"quantile",0.01,35.4973036921148
"15872",2021-05-15,"21","25  day ahead inc hosp",2021-06-09,"quantile",0.025,44.7606289546849
"15873",2021-05-15,"21","25  day ahead inc hosp",2021-06-09,"quantile",0.05,54.0838452262603
"15874",2021-05-15,"21","25  day ahead inc hosp",2021-06-09,"quantile",0.1,66.5610113456224
"15875",2021-05-15,"21","25  day ahead inc hosp",2021-06-09,"quantile",0.15,76.1211119747071
"15876",2021-05-15,"21","25  day ahead inc hosp",2021-06-09,"quantile",0.2,84.4253385042234
"15877",2021-05-15,"21","25  day ahead inc hosp",2021-06-09,"quantile",0.25,92.0756125272823
"15878",2021-05-15,"21","25  day ahead inc hosp",2021-06-09,"quantile",0.3,99.378538271143
"15879",2021-05-15,"21","25  day ahead inc hosp",2021-06-09,"quantile",0.35,106.525745852928
"15880",2021-05-15,"21","25  day ahead inc hosp",2021-06-09,"quantile",0.4,113.65776019162
"15881",2021-05-15,"21","25  day ahead inc hosp",2021-06-09,"quantile",0.45,120.893234848965
"15882",2021-05-15,"21","25  day ahead inc hosp",2021-06-09,"quantile",0.5,128.345976478542
"15883",2021-05-15,"21","25  day ahead inc hosp",2021-06-09,"quantile",0.55,136.138101716626
"15884",2021-05-15,"21","25  day ahead inc hosp",2021-06-09,"quantile",0.6,144.413840473102
"15885",2021-05-15,"21","25  day ahead inc hosp",2021-06-09,"quantile",0.65,153.358226969732
"15886",2021-05-15,"21","25  day ahead inc hosp",2021-06-09,"quantile",0.7,163.227333773502
"15887",2021-05-15,"21","25  day ahead inc hosp",2021-06-09,"quantile",0.75,174.404058828474
"15888",2021-05-15,"21","25  day ahead inc hosp",2021-06-09,"quantile",0.8,187.514854300787
"15889",2021-05-15,"21","25  day ahead inc hosp",2021-06-09,"quantile",0.85,203.714814142554
"15890",2021-05-15,"21","25  day ahead inc hosp",2021-06-09,"quantile",0.9,225.563244318907
"15891",2021-05-15,"21","25  day ahead inc hosp",2021-06-09,"quantile",0.95,261.120811696282
"15892",2021-05-15,"21","25  day ahead inc hosp",2021-06-09,"quantile",0.975,295.228541595288
"15893",2021-05-15,"21","25  day ahead inc hosp",2021-06-09,"quantile",0.99,338.969606733562
"15894",2021-05-15,"21","26  day ahead inc hosp",2021-06-10,"quantile",0.01,34.1038282835856
"15895",2021-05-15,"21","26  day ahead inc hosp",2021-06-10,"quantile",0.025,43.2327777242952
"15896",2021-05-15,"21","26  day ahead inc hosp",2021-06-10,"quantile",0.05,52.4529607962952
"15897",2021-05-15,"21","26  day ahead inc hosp",2021-06-10,"quantile",0.1,64.8312734863656
"15898",2021-05-15,"21","26  day ahead inc hosp",2021-06-10,"quantile",0.15,74.3399524020169
"15899",2021-05-15,"21","26  day ahead inc hosp",2021-06-10,"quantile",0.2,82.6137982991888
"15900",2021-05-15,"21","26  day ahead inc hosp",2021-06-10,"quantile",0.25,90.2463719638615
"15901",2021-05-15,"21","26  day ahead inc hosp",2021-06-10,"quantile",0.3,97.5406481218621
"15902",2021-05-15,"21","26  day ahead inc hosp",2021-06-10,"quantile",0.35,104.686476831735
"15903",2021-05-15,"21","26  day ahead inc hosp",2021-06-10,"quantile",0.4,111.823520821938
"15904",2021-05-15,"21","26  day ahead inc hosp",2021-06-10,"quantile",0.45,119.070128119935
"15905",2021-05-15,"21","26  day ahead inc hosp",2021-06-10,"quantile",0.5,126.54021558017
"15906",2021-05-15,"21","26  day ahead inc hosp",2021-06-10,"quantile",0.55,134.35639719046
"15907",2021-05-15,"21","26  day ahead inc hosp",2021-06-10,"quantile",0.6,142.663842886276
"15908",2021-05-15,"21","26  day ahead inc hosp",2021-06-10,"quantile",0.65,151.649123615282
"15909",2021-05-15,"21","26  day ahead inc hosp",2021-06-10,"quantile",0.7,161.570761174542
"15910",2021-05-15,"21","26  day ahead inc hosp",2021-06-10,"quantile",0.75,172.81565705847
"15911",2021-05-15,"21","26  day ahead inc hosp",2021-06-10,"quantile",0.8,186.017230283568
"15912",2021-05-15,"21","26  day ahead inc hosp",2021-06-10,"quantile",0.85,202.344060572436
"15913",2021-05-15,"21","26  day ahead inc hosp",2021-06-10,"quantile",0.9,224.386727537052
"15914",2021-05-15,"21","26  day ahead inc hosp",2021-06-10,"quantile",0.95,260.309861866107
"15915",2021-05-15,"21","26  day ahead inc hosp",2021-06-10,"quantile",0.975,294.817595426619
"15916",2021-05-15,"21","26  day ahead inc hosp",2021-06-10,"quantile",0.99,339.131383717844
"15917",2021-05-15,"21","27  day ahead inc hosp",2021-06-11,"quantile",0.01,33.1186139038685
"15918",2021-05-15,"21","27  day ahead inc hosp",2021-06-11,"quantile",0.025,42.1827552758192
"15919",2021-05-15,"21","27  day ahead inc hosp",2021-06-11,"quantile",0.05,51.3659722163051
"15920",2021-05-15,"21","27  day ahead inc hosp",2021-06-11,"quantile",0.1,63.7292092157923
"15921",2021-05-15,"21","27  day ahead inc hosp",2021-06-11,"quantile",0.15,73.2478413395324
"15922",2021-05-15,"21","27  day ahead inc hosp",2021-06-11,"quantile",0.2,81.542999678681
"15923",2021-05-15,"21","27  day ahead inc hosp",2021-06-11,"quantile",0.25,89.2043469851792
"15924",2021-05-15,"21","27  day ahead inc hosp",2021-06-11,"quantile",0.3,96.5334284162908
"15925",2021-05-15,"21","27  day ahead inc hosp",2021-06-11,"quantile",0.35,103.719633824302
"15926",2021-05-15,"21","27  day ahead inc hosp",2021-06-11,"quantile",0.4,110.902682529691
"15927",2021-05-15,"21","27  day ahead inc hosp",2021-06-11,"quantile",0.45,118.201346556904
"15928",2021-05-15,"21","27  day ahead inc hosp",2021-06-11,"quantile",0.5,125.730308899908
"15929",2021-05-15,"21","27  day ahead inc hosp",2021-06-11,"quantile",0.55,133.613343839883
"15930",2021-05-15,"21","27  day ahead inc hosp",2021-06-11,"quantile",0.6,141.9973065498
"15931",2021-05-15,"21","27  day ahead inc hosp",2021-06-11,"quantile",0.65,151.071225594977
"15932",2021-05-15,"21","27  day ahead inc hosp",2021-06-11,"quantile",0.7,161.097312543918
"15933",2021-05-15,"21","27  day ahead inc hosp",2021-06-11,"quantile",0.75,172.468292075796
"15934",2021-05-15,"21","27  day ahead inc hosp",2021-06-11,"quantile",0.8,185.827484940467
"15935",2021-05-15,"21","27  day ahead inc hosp",2021-06-11,"quantile",0.85,202.36230508628
"15936",2021-05-15,"21","27  day ahead inc hosp",2021-06-11,"quantile",0.9,224.706322342002
"15937",2021-05-15,"21","27  day ahead inc hosp",2021-06-11,"quantile",0.95,261.164518935534
"15938",2021-05-15,"21","27  day ahead inc hosp",2021-06-11,"quantile",0.975,296.230096534978
"15939",2021-05-15,"21","27  day ahead inc hosp",2021-06-11,"quantile",0.99,341.313379248252
"15940",2021-05-15,"21","28  day ahead inc hosp",2021-06-12,"quantile",0.01,33.6707385835434
"15941",2021-05-15,"21","28  day ahead inc hosp",2021-06-12,"quantile",0.025,42.9724624107096
"15942",2021-05-15,"21","28  day ahead inc hosp",2021-06-12,"quantile",0.05,52.408859254665
"15943",2021-05-15,"21","28  day ahead inc hosp",2021-06-12,"quantile",0.1,65.1280766784013
"15944",2021-05-15,"21","28  day ahead inc hosp",2021-06-12,"quantile",0.15,74.9302066980514
"15945",2021-05-15,"21","28  day ahead inc hosp",2021-06-12,"quantile",0.2,83.4779579263598
"15946",2021-05-15,"21","28  day ahead inc hosp",2021-06-12,"quantile",0.25,91.376583618119
"15947",2021-05-15,"21","28  day ahead inc hosp",2021-06-12,"quantile",0.3,98.9358480057448
"15948",2021-05-15,"21","28  day ahead inc hosp",2021-06-12,"quantile",0.35,106.350494760865
"15949",2021-05-15,"21","28  day ahead inc hosp",2021-06-12,"quantile",0.4,113.764366677196
"15950",2021-05-15,"21","28  day ahead inc hosp",2021-06-12,"quantile",0.45,121.299906113087
"15951",2021-05-15,"21","28  day ahead inc hosp",2021-06-12,"quantile",0.5,129.075496798938
"15952",2021-05-15,"21","28  day ahead inc hosp",2021-06-12,"quantile",0.55,137.219053717653
"15953",2021-05-15,"21","28  day ahead inc hosp",2021-06-12,"quantile",0.6,145.882480632795
"15954",2021-05-15,"21","28  day ahead inc hosp",2021-06-12,"quantile",0.65,155.26143150243
"15955",2021-05-15,"21","28  day ahead inc hosp",2021-06-12,"quantile",0.7,165.627431996035
"15956",2021-05-15,"21","28  day ahead inc hosp",2021-06-12,"quantile",0.75,177.387287853943
"15957",2021-05-15,"21","28  day ahead inc hosp",2021-06-12,"quantile",0.8,191.207546274139
"15958",2021-05-15,"21","28  day ahead inc hosp",2021-06-12,"quantile",0.85,208.318738672427
"15959",2021-05-15,"21","28  day ahead inc hosp",2021-06-12,"quantile",0.9,231.450605474576
"15960",2021-05-15,"21","28  day ahead inc hosp",2021-06-12,"quantile",0.95,269.213527900404
"15961",2021-05-15,"21","28  day ahead inc hosp",2021-06-12,"quantile",0.975,305.553165389642
"15962",2021-05-15,"21","28  day ahead inc hosp",2021-06-12,"quantile",0.99,352.297706721546
"15963",2021-05-15,"21","29  day ahead inc hosp",2021-06-13,"quantile",0.01,32.4929950342904
"15964",2021-05-15,"21","29  day ahead inc hosp",2021-06-13,"quantile",0.025,41.9927978900655
"15965",2021-05-15,"21","29  day ahead inc hosp",2021-06-13,"quantile",0.05,51.7097212791522
"15966",2021-05-15,"21","29  day ahead inc hosp",2021-06-13,"quantile",0.1,64.9040209399401
"15967",2021-05-15,"21","29  day ahead inc hosp",2021-06-13,"quantile",0.15,75.1329040784425
"15968",2021-05-15,"21","29  day ahead inc hosp",2021-06-13,"quantile",0.2,84.0885100665056
"15969",2021-05-15,"21","29  day ahead inc hosp",2021-06-13,"quantile",0.25,92.3897911155803
"15970",2021-05-15,"21","29  day ahead inc hosp",2021-06-13,"quantile",0.3,100.355109169225
"15971",2021-05-15,"21","29  day ahead inc hosp",2021-06-13,"quantile",0.35,108.185854208959
"15972",2021-05-15,"21","29  day ahead inc hosp",2021-06-13,"quantile",0.4,116.03190580513
"15973",2021-05-15,"21","29  day ahead inc hosp",2021-06-13,"quantile",0.45,124.021916950703
"15974",2021-05-15,"21","29  day ahead inc hosp",2021-06-13,"quantile",0.5,132.281294253807
"15975",2021-05-15,"21","29  day ahead inc hosp",2021-06-13,"quantile",0.55,140.946492926506
"15976",2021-05-15,"21","29  day ahead inc hosp",2021-06-13,"quantile",0.6,150.180440086765
"15977",2021-05-15,"21","29  day ahead inc hosp",2021-06-13,"quantile",0.65,160.193812804932
"15978",2021-05-15,"21","29  day ahead inc hosp",2021-06-13,"quantile",0.7,171.279790065738
"15979",2021-05-15,"21","29  day ahead inc hosp",2021-06-13,"quantile",0.75,183.878472876898
"15980",2021-05-15,"21","29  day ahead inc hosp",2021-06-13,"quantile",0.8,198.71201098198
"15981",2021-05-15,"21","29  day ahead inc hosp",2021-06-13,"quantile",0.85,217.115207719419
"15982",2021-05-15,"21","29  day ahead inc hosp",2021-06-13,"quantile",0.9,242.052675236816
"15983",2021-05-15,"21","29  day ahead inc hosp",2021-06-13,"quantile",0.95,282.889689811173
"15984",2021-05-15,"21","29  day ahead inc hosp",2021-06-13,"quantile",0.975,322.313968492496
"15985",2021-05-15,"21","29  day ahead inc hosp",2021-06-13,"quantile",0.99,373.179756042388
"15986",2021-05-15,"21","30  day ahead inc hosp",2021-06-14,"quantile",0.01,31.3576061808158
"15987",2021-05-15,"21","30  day ahead inc hosp",2021-06-14,"quantile",0.025,40.8211496015385
"15988",2021-05-15,"21","30  day ahead inc hosp",2021-06-14,"quantile",0.05,50.5471159486451
"15989",2021-05-15,"21","30  day ahead inc hosp",2021-06-14,"quantile",0.1,63.8099138729181
"15990",2021-05-15,"21","30  day ahead inc hosp",2021-06-14,"quantile",0.15,74.1270293478678
"15991",2021-05-15,"21","30  day ahead inc hosp",2021-06-14,"quantile",0.2,83.1805654140739
"15992",2021-05-15,"21","30  day ahead inc hosp",2021-06-14,"quantile",0.25,91.5875430017768
"15993",2021-05-15,"21","30  day ahead inc hosp",2021-06-14,"quantile",0.3,99.666261965554
"15994",2021-05-15,"21","30  day ahead inc hosp",2021-06-14,"quantile",0.35,107.618803387706
"15995",2021-05-15,"21","30  day ahead inc hosp",2021-06-14,"quantile",0.4,115.596223631524
"15996",2021-05-15,"21","30  day ahead inc hosp",2021-06-14,"quantile",0.45,123.728812536624
"15997",2021-05-15,"21","30  day ahead inc hosp",2021-06-14,"quantile",0.5,132.144163625603
"15998",2021-05-15,"21","30  day ahead inc hosp",2021-06-14,"quantile",0.55,140.981661006149
"15999",2021-05-15,"21","30  day ahead inc hosp",2021-06-14,"quantile",0.6,150.408234827569
"16000",2021-05-15,"21","30  day ahead inc hosp",2021-06-14,"quantile",0.65,160.640210165179
"16001",2021-05-15,"21","30  day ahead inc hosp",2021-06-14,"quantile",0.7,171.979085270239
"16002",2021-05-15,"21","30  day ahead inc hosp",2021-06-14,"quantile",0.75,184.877937573762
"16003",2021-05-15,"21","30  day ahead inc hosp",2021-06-14,"quantile",0.8,200.0808106776
"16004",2021-05-15,"21","30  day ahead inc hosp",2021-06-14,"quantile",0.85,218.963910194547
"16005",2021-05-15,"21","30  day ahead inc hosp",2021-06-14,"quantile",0.9,244.585861990992
"16006",2021-05-15,"21","30  day ahead inc hosp",2021-06-14,"quantile",0.95,286.617076229097
"16007",2021-05-15,"21","30  day ahead inc hosp",2021-06-14,"quantile",0.975,327.267534161301
"16008",2021-05-15,"21","30  day ahead inc hosp",2021-06-14,"quantile",0.99,379.804305625901
"16009",2021-05-15,"21","31  day ahead inc hosp",2021-06-15,"quantile",0.01,30.2415721946613
"16010",2021-05-15,"21","31  day ahead inc hosp",2021-06-15,"quantile",0.025,39.6152958418445
"16011",2021-05-15,"21","31  day ahead inc hosp",2021-06-15,"quantile",0.05,49.2883689095477
"16012",2021-05-15,"21","31  day ahead inc hosp",2021-06-15,"quantile",0.1,62.5271224885644
"16013",2021-05-15,"21","31  day ahead inc hosp",2021-06-15,"quantile",0.15,72.8555883931107
"16014",2021-05-15,"21","31  day ahead inc hosp",2021-06-15,"quantile",0.2,81.9367818917267
"16015",2021-05-15,"21","31  day ahead inc hosp",2021-06-15,"quantile",0.25,90.3822137979142
"16016",2021-05-15,"21","31  day ahead inc hosp",2021-06-15,"quantile",0.3,98.5081441480162
"16017",2021-05-15,"21","31  day ahead inc hosp",2021-06-15,"quantile",0.35,106.515989889461
"16018",2021-05-15,"21","31  day ahead inc hosp",2021-06-15,"quantile",0.4,114.556882788143
"16019",2021-05-15,"21","31  day ahead inc hosp",2021-06-15,"quantile",0.45,122.761717309793
"16020",2021-05-15,"21","31  day ahead inc hosp",2021-06-15,"quantile",0.5,131.259186439607
"16021",2021-05-15,"21","31  day ahead inc hosp",2021-06-15,"quantile",0.55,140.190344923104
"16022",2021-05-15,"21","31  day ahead inc hosp",2021-06-15,"quantile",0.6,149.724554972754
"16023",2021-05-15,"21","31  day ahead inc hosp",2021-06-15,"quantile",0.65,160.081694829028
"16024",2021-05-15,"21","31  day ahead inc hosp",2021-06-15,"quantile",0.7,171.568605700922
"16025",2021-05-15,"21","31  day ahead inc hosp",2021-06-15,"quantile",0.75,184.646809693088
"16026",2021-05-15,"21","31  day ahead inc hosp",2021-06-15,"quantile",0.8,200.074731196112
"16027",2021-05-15,"21","31  day ahead inc hosp",2021-06-15,"quantile",0.85,219.255974441267
"16028",2021-05-15,"21","31  day ahead inc hosp",2021-06-15,"quantile",0.9,245.311825864848
"16029",2021-05-15,"21","31  day ahead inc hosp",2021-06-15,"quantile",0.95,288.117810712435
"16030",2021-05-15,"21","31  day ahead inc hosp",2021-06-15,"quantile",0.975,329.580583950015
"16031",2021-05-15,"21","31  day ahead inc hosp",2021-06-15,"quantile",0.99,383.243678553267
"16032",2021-05-15,"21","32  day ahead inc hosp",2021-06-16,"quantile",0.01,29.3183750953635
"16033",2021-05-15,"21","32  day ahead inc hosp",2021-06-16,"quantile",0.025,38.6271477793705
"16034",2021-05-15,"21","32  day ahead inc hosp",2021-06-16,"quantile",0.05,48.2692269452589
"16035",2021-05-15,"21","32  day ahead inc hosp",2021-06-16,"quantile",0.1,61.5095578574053
"16036",2021-05-15,"21","32  day ahead inc hosp",2021-06-16,"quantile",0.15,71.866764451416
"16037",2021-05-15,"21","32  day ahead inc hosp",2021-06-16,"quantile",0.2,80.9894313179238
"16038",2021-05-15,"21","32  day ahead inc hosp",2021-06-16,"quantile",0.25,89.4851304544579
"16039",2021-05-15,"21","32  day ahead inc hosp",2021-06-16,"quantile",0.3,97.6688242321575
"16040",2021-05-15,"21","32  day ahead inc hosp",2021-06-16,"quantile",0.35,105.741685464263
"16041",2021-05-15,"21","32  day ahead inc hosp",2021-06-16,"quantile",0.4,113.85519024093
"16042",2021-05-15,"21","32  day ahead inc hosp",2021-06-16,"quantile",0.45,122.141027893153
"16043",2021-05-15,"21","32  day ahead inc hosp",2021-06-16,"quantile",0.5,130.729138464152
"16044",2021-05-15,"21","32  day ahead inc hosp",2021-06-16,"quantile",0.55,139.762373146463
"16045",2021-05-15,"21","32  day ahead inc hosp",2021-06-16,"quantile",0.6,149.412644727576
"16046",2021-05-15,"21","32  day ahead inc hosp",2021-06-16,"quantile",0.65,159.903508674492
"16047",2021-05-15,"21","32  day ahead inc hosp",2021-06-16,"quantile",0.7,171.54729387493
"16048",2021-05-15,"21","32  day ahead inc hosp",2021-06-16,"quantile",0.75,184.814155435384
"16049",2021-05-15,"21","32  day ahead inc hosp",2021-06-16,"quantile",0.8,200.47717316739
"16050",2021-05-15,"21","32  day ahead inc hosp",2021-06-16,"quantile",0.85,219.967806328986
"16051",2021-05-15,"21","32  day ahead inc hosp",2021-06-16,"quantile",0.9,246.470907350848
"16052",2021-05-15,"21","32  day ahead inc hosp",2021-06-16,"quantile",0.95,290.069562403295
"16053",2021-05-15,"21","32  day ahead inc hosp",2021-06-16,"quantile",0.975,332.358066594649
"16054",2021-05-15,"21","32  day ahead inc hosp",2021-06-16,"quantile",0.99,387.160227253016
"16055",2021-05-15,"21","33  day ahead inc hosp",2021-06-17,"quantile",0.01,28.2895167357881
"16056",2021-05-15,"21","33  day ahead inc hosp",2021-06-17,"quantile",0.025,37.4997246870508
"16057",2021-05-15,"21","33  day ahead inc hosp",2021-06-17,"quantile",0.05,47.0776734716399
"16058",2021-05-15,"21","33  day ahead inc hosp",2021-06-17,"quantile",0.1,60.2763548146118
"16059",2021-05-15,"21","33  day ahead inc hosp",2021-06-17,"quantile",0.15,70.6300204446971
"16060",2021-05-15,"21","33  day ahead inc hosp",2021-06-17,"quantile",0.2,79.766680587239
"16061",2021-05-15,"21","33  day ahead inc hosp",2021-06-17,"quantile",0.25,88.287769755021
"16062",2021-05-15,"21","33  day ahead inc hosp",2021-06-17,"quantile",0.3,96.5058537441715
"16063",2021-05-15,"21","33  day ahead inc hosp",2021-06-17,"quantile",0.35,104.621194152224
"16064",2021-05-15,"21","33  day ahead inc hosp",2021-06-17,"quantile",0.4,112.785141949782
"16065",2021-05-15,"21","33  day ahead inc hosp",2021-06-17,"quantile",0.45,121.129804829224
"16066",2021-05-15,"21","33  day ahead inc hosp",2021-06-17,"quantile",0.5,129.786028445892
"16067",2021-05-15,"21","33  day ahead inc hosp",2021-06-17,"quantile",0.55,138.898113114941
"16068",2021-05-15,"21","33  day ahead inc hosp",2021-06-17,"quantile",0.6,148.640130222557
"16069",2021-05-15,"21","33  day ahead inc hosp",2021-06-17,"quantile",0.65,159.238827289794
"16070",2021-05-15,"21","33  day ahead inc hosp",2021-06-17,"quantile",0.7,171.011367475034
"16071",2021-05-15,"21","33  day ahead inc hosp",2021-06-17,"quantile",0.75,184.435582106444
"16072",2021-05-15,"21","33  day ahead inc hosp",2021-06-17,"quantile",0.8,200.297667696978
"16073",2021-05-15,"21","33  day ahead inc hosp",2021-06-17,"quantile",0.85,220.054145806866
"16074",2021-05-15,"21","33  day ahead inc hosp",2021-06-17,"quantile",0.9,246.947351418161
"16075",2021-05-15,"21","33  day ahead inc hosp",2021-06-17,"quantile",0.95,291.249203177108
"16076",2021-05-15,"21","33  day ahead inc hosp",2021-06-17,"quantile",0.975,334.281290226884
"16077",2021-05-15,"21","33  day ahead inc hosp",2021-06-17,"quantile",0.99,390.121822690263
"16078",2021-05-15,"21","34  day ahead inc hosp",2021-06-18,"quantile",0.01,27.5825021598616
"16079",2021-05-15,"21","34  day ahead inc hosp",2021-06-18,"quantile",0.025,36.7629620074156
"16080",2021-05-15,"21","34  day ahead inc hosp",2021-06-18,"quantile",0.05,46.3439594626908
"16081",2021-05-15,"21","34  day ahead inc hosp",2021-06-18,"quantile",0.1,59.588427301894
"16082",2021-05-15,"21","34  day ahead inc hosp",2021-06-18,"quantile",0.15,70.0040368494437
"16083",2021-05-15,"21","34  day ahead inc hosp",2021-06-18,"quantile",0.2,79.2107003610778
"16084",2021-05-15,"21","34  day ahead inc hosp",2021-06-18,"quantile",0.25,87.8081582431252
"16085",2021-05-15,"21","34  day ahead inc hosp",2021-06-18,"quantile",0.3,96.1088039275691
"16086",2021-05-15,"21","34  day ahead inc hosp",2021-06-18,"quantile",0.35,104.313348287145
"16087",2021-05-15,"21","34  day ahead inc hosp",2021-06-18,"quantile",0.4,112.573988314879
"16088",2021-05-15,"21","34  day ahead inc hosp",2021-06-18,"quantile",0.45,121.024044999359
"16089",2021-05-15,"21","34  day ahead inc hosp",2021-06-18,"quantile",0.5,129.796008305449
"16090",2021-05-15,"21","34  day ahead inc hosp",2021-06-18,"quantile",0.55,139.036398087831
"16091",2021-05-15,"21","34  day ahead inc hosp",2021-06-18,"quantile",0.6,148.922333709018
"16092",2021-05-15,"21","34  day ahead inc hosp",2021-06-18,"quantile",0.65,159.684876596315
"16093",2021-05-15,"21","34  day ahead inc hosp",2021-06-18,"quantile",0.7,171.64755824788
"16094",2021-05-15,"21","34  day ahead inc hosp",2021-06-18,"quantile",0.75,185.298160775017
"16095",2021-05-15,"21","34  day ahead inc hosp",2021-06-18,"quantile",0.8,201.439695664635
"16096",2021-05-15,"21","34  day ahead inc hosp",2021-06-18,"quantile",0.85,221.560531279005
"16097",2021-05-15,"21","34  day ahead inc hosp",2021-06-18,"quantile",0.9,248.975443726568
"16098",2021-05-15,"21","34  day ahead inc hosp",2021-06-18,"quantile",0.95,294.19201358417
"16099",2021-05-15,"21","34  day ahead inc hosp",2021-06-18,"quantile",0.975,338.167967809977
"16100",2021-05-15,"21","34  day ahead inc hosp",2021-06-18,"quantile",0.99,395.300611502829
"16101",2021-05-15,"21","35  day ahead inc hosp",2021-06-19,"quantile",0.01,26.5114685343612
"16102",2021-05-15,"21","35  day ahead inc hosp",2021-06-19,"quantile",0.025,35.5669686626823
"16103",2021-05-15,"21","35  day ahead inc hosp",2021-06-19,"quantile",0.05,45.0576942051483
"16104",2021-05-15,"21","35  day ahead inc hosp",2021-06-19,"quantile",0.1,58.2265624378949
"16105",2021-05-15,"21","35  day ahead inc hosp",2021-06-19,"quantile",0.15,68.6135305855455
"16106",2021-05-15,"21","35  day ahead inc hosp",2021-06-19,"quantile",0.2,77.8130489727762
"16107",2021-05-15,"21","35  day ahead inc hosp",2021-06-19,"quantile",0.25,86.4169682953994
"16108",2021-05-15,"21","35  day ahead inc hosp",2021-06-19,"quantile",0.3,94.7344152778467
"16109",2021-05-15,"21","35  day ahead inc hosp",2021-06-19,"quantile",0.35,102.964669605147
"16110",2021-05-15,"21","35  day ahead inc hosp",2021-06-19,"quantile",0.4,111.259446959084
"16111",2021-05-15,"21","35  day ahead inc hosp",2021-06-19,"quantile",0.45,119.752211891809
"16112",2021-05-15,"21","35  day ahead inc hosp",2021-06-19,"quantile",0.5,128.576122529847
"16113",2021-05-15,"21","35  day ahead inc hosp",2021-06-19,"quantile",0.55,137.878918677854
"16114",2021-05-15,"21","35  day ahead inc hosp",2021-06-19,"quantile",0.6,147.839632449419
"16115",2021-05-15,"21","35  day ahead inc hosp",2021-06-19,"quantile",0.65,158.692226338216
"16116",2021-05-15,"21","35  day ahead inc hosp",2021-06-19,"quantile",0.7,170.764688705376
"16117",2021-05-15,"21","35  day ahead inc hosp",2021-06-19,"quantile",0.75,184.551942564677
"16118",2021-05-15,"21","35  day ahead inc hosp",2021-06-19,"quantile",0.8,200.869279433374
"16119",2021-05-15,"21","35  day ahead inc hosp",2021-06-19,"quantile",0.85,221.228654243262
"16120",2021-05-15,"21","35  day ahead inc hosp",2021-06-19,"quantile",0.9,248.999216220434
"16121",2021-05-15,"21","35  day ahead inc hosp",2021-06-19,"quantile",0.95,294.868257525645
"16122",2021-05-15,"21","35  day ahead inc hosp",2021-06-19,"quantile",0.975,339.544779955804
"16123",2021-05-15,"21","35  day ahead inc hosp",2021-06-19,"quantile",0.99,397.667859278482
"16124",2021-05-15,"21","36  day ahead inc hosp",2021-06-20,"quantile",0.01,26.1901151181934
"16125",2021-05-15,"21","36  day ahead inc hosp",2021-06-20,"quantile",0.025,35.2990035781108
"16126",2021-05-15,"21","36  day ahead inc hosp",2021-06-20,"quantile",0.05,44.8743891123736
"16127",2021-05-15,"21","36  day ahead inc hosp",2021-06-20,"quantile",0.1,58.1959199930786
"16128",2021-05-15,"21","36  day ahead inc hosp",2021-06-20,"quantile",0.15,68.7253432163358
"16129",2021-05-15,"21","36  day ahead inc hosp",2021-06-20,"quantile",0.2,78.0640302020301
"16130",2021-05-15,"21","36  day ahead inc hosp",2021-06-20,"quantile",0.25,86.8075035682626
"16131",2021-05-15,"21","36  day ahead inc hosp",2021-06-20,"quantile",0.3,95.2674150587614
"16132",2021-05-15,"21","36  day ahead inc hosp",2021-06-20,"quantile",0.35,103.645153637764
"16133",2021-05-15,"21","36  day ahead inc hosp",2021-06-20,"quantile",0.4,112.094475909219
"16134",2021-05-15,"21","36  day ahead inc hosp",2021-06-20,"quantile",0.45,120.751047924287
"16135",2021-05-15,"21","36  day ahead inc hosp",2021-06-20,"quantile",0.5,129.750600601925
"16136",2021-05-15,"21","36  day ahead inc hosp",2021-06-20,"quantile",0.55,139.244071711359
"16137",2021-05-15,"21","36  day ahead inc hosp",2021-06-20,"quantile",0.6,149.414680660817
"16138",2021-05-15,"21","36  day ahead inc hosp",2021-06-20,"quantile",0.65,160.50215058983
"16139",2021-05-15,"21","36  day ahead inc hosp",2021-06-20,"quantile",0.7,172.842826328265
"16140",2021-05-15,"21","36  day ahead inc hosp",2021-06-20,"quantile",0.75,186.944540346954
"16141",2021-05-15,"21","36  day ahead inc hosp",2021-06-20,"quantile",0.8,203.644223771295
"16142",2021-05-15,"21","36  day ahead inc hosp",2021-06-20,"quantile",0.85,224.494552038988
"16143",2021-05-15,"21","36  day ahead inc hosp",2021-06-20,"quantile",0.9,252.956732994995
"16144",2021-05-15,"21","36  day ahead inc hosp",2021-06-20,"quantile",0.95,300.015350363422
"16145",2021-05-15,"21","36  day ahead inc hosp",2021-06-20,"quantile",0.975,345.897829857551
"16146",2021-05-15,"21","36  day ahead inc hosp",2021-06-20,"quantile",0.99,405.647379778444
"16147",2021-05-15,"21","37  day ahead inc hosp",2021-06-21,"quantile",0.01,26.1610069099235
"16148",2021-05-15,"21","37  day ahead inc hosp",2021-06-21,"quantile",0.025,35.3947560138709
"16149",2021-05-15,"21","37  day ahead inc hosp",2021-06-21,"quantile",0.05,45.1254372423602
"16150",2021-05-15,"21","37  day ahead inc hosp",2021-06-21,"quantile",0.1,58.6925081639298
"16151",2021-05-15,"21","37  day ahead inc hosp",2021-06-21,"quantile",0.15,69.4344795997925
"16152",2021-05-15,"21","37  day ahead inc hosp",2021-06-21,"quantile",0.2,78.9725729615616
"16153",2021-05-15,"21","37  day ahead inc hosp",2021-06-21,"quantile",0.25,87.9106186158492
"16154",2021-05-15,"21","37  day ahead inc hosp",2021-06-21,"quantile",0.3,96.5651272420591
"16155",2021-05-15,"21","37  day ahead inc hosp",2021-06-21,"quantile",0.35,105.14103353893
"16156",2021-05-15,"21","37  day ahead inc hosp",2021-06-21,"quantile",0.4,113.795167704504
"16157",2021-05-15,"21","37  day ahead inc hosp",2021-06-21,"quantile",0.45,122.666249211481
"16158",2021-05-15,"21","37  day ahead inc hosp",2021-06-21,"quantile",0.5,131.893379588416
"16159",2021-05-15,"21","37  day ahead inc hosp",2021-06-21,"quantile",0.55,141.631532344225
"16160",2021-05-15,"21","37  day ahead inc hosp",2021-06-21,"quantile",0.6,152.069086507071
"16161",2021-05-15,"21","37  day ahead inc hosp",2021-06-21,"quantile",0.65,163.452757022562
"16162",2021-05-15,"21","37  day ahead inc hosp",2021-06-21,"quantile",0.7,176.128932972659
"16163",2021-05-15,"21","37  day ahead inc hosp",2021-06-21,"quantile",0.75,190.620862701934
"16164",2021-05-15,"21","37  day ahead inc hosp",2021-06-21,"quantile",0.8,207.791196052078
"16165",2021-05-15,"21","37  day ahead inc hosp",2021-06-21,"quantile",0.85,229.240816232316
"16166",2021-05-15,"21","37  day ahead inc hosp",2021-06-21,"quantile",0.9,258.539502911884
"16167",2021-05-15,"21","37  day ahead inc hosp",2021-06-21,"quantile",0.95,307.020836405666
"16168",2021-05-15,"21","37  day ahead inc hosp",2021-06-21,"quantile",0.975,354.330215390682
"16169",2021-05-15,"21","37  day ahead inc hosp",2021-06-21,"quantile",0.99,415.986271644439
"16170",2021-05-15,"22","1  day ahead inc hosp",2021-05-16,"quantile",0.01,31.7109030051786
"16171",2021-05-15,"22","1  day ahead inc hosp",2021-05-16,"quantile",0.025,34.7395460390533
"16172",2021-05-15,"22","1  day ahead inc hosp",2021-05-16,"quantile",0.05,37.5135080973166
"16173",2021-05-15,"22","1  day ahead inc hosp",2021-05-16,"quantile",0.1,40.914278903772
"16174",2021-05-15,"22","1  day ahead inc hosp",2021-05-16,"quantile",0.15,43.3359269420129
"16175",2021-05-15,"22","1  day ahead inc hosp",2021-05-16,"quantile",0.2,45.3359871367414
"16176",2021-05-15,"22","1  day ahead inc hosp",2021-05-16,"quantile",0.25,47.1063504599177
"16177",2021-05-15,"22","1  day ahead inc hosp",2021-05-16,"quantile",0.3,48.7399258404041
"16178",2021-05-15,"22","1  day ahead inc hosp",2021-05-16,"quantile",0.35,50.2912633797466
"16179",2021-05-15,"22","1  day ahead inc hosp",2021-05-16,"quantile",0.4,51.7972954052486
"16180",2021-05-15,"22","1  day ahead inc hosp",2021-05-16,"quantile",0.45,53.2863496440433
"16181",2021-05-15,"22","1  day ahead inc hosp",2021-05-16,"quantile",0.5,54.7829158516908
"16182",2021-05-15,"22","1  day ahead inc hosp",2021-05-16,"quantile",0.55,56.310786596407
"16183",2021-05-15,"22","1  day ahead inc hosp",2021-05-16,"quantile",0.6,57.8957829353583
"16184",2021-05-15,"22","1  day ahead inc hosp",2021-05-16,"quantile",0.65,59.568927093917
"16185",2021-05-15,"22","1  day ahead inc hosp",2021-05-16,"quantile",0.7,61.3711445394252
"16186",2021-05-15,"22","1  day ahead inc hosp",2021-05-16,"quantile",0.75,63.3615723846409
"16187",2021-05-15,"22","1  day ahead inc hosp",2021-05-16,"quantile",0.8,65.634560051794
"16188",2021-05-15,"22","1  day ahead inc hosp",2021-05-16,"quantile",0.85,68.3605817626382
"16189",2021-05-15,"22","1  day ahead inc hosp",2021-05-16,"quantile",0.9,71.9101519021137
"16190",2021-05-15,"22","1  day ahead inc hosp",2021-05-16,"quantile",0.95,77.4231991364443
"16191",2021-05-15,"22","1  day ahead inc hosp",2021-05-16,"quantile",0.975,82.4564570436564
"16192",2021-05-15,"22","1  day ahead inc hosp",2021-05-16,"quantile",0.99,88.6128762076653
"16193",2021-05-15,"22","2  day ahead inc hosp",2021-05-17,"quantile",0.01,33.7570398694309
"16194",2021-05-15,"22","2  day ahead inc hosp",2021-05-17,"quantile",0.025,37.3340270275109
"16195",2021-05-15,"22","2  day ahead inc hosp",2021-05-17,"quantile",0.05,40.6314908723287
"16196",2021-05-15,"22","2  day ahead inc hosp",2021-05-17,"quantile",0.1,44.6991158917948
"16197",2021-05-15,"22","2  day ahead inc hosp",2021-05-17,"quantile",0.15,47.611029719316
"16198",2021-05-15,"22","2  day ahead inc hosp",2021-05-17,"quantile",0.2,50.0249667492037
"16199",2021-05-15,"22","2  day ahead inc hosp",2021-05-17,"quantile",0.25,52.1680693044932
"16200",2021-05-15,"22","2  day ahead inc hosp",2021-05-17,"quantile",0.3,54.1506659194189
"16201",2021-05-15,"22","2  day ahead inc hosp",2021-05-17,"quantile",0.35,56.0377859191581
"16202",2021-05-15,"22","2  day ahead inc hosp",2021-05-17,"quantile",0.4,57.873680265743
"16203",2021-05-15,"22","2  day ahead inc hosp",2021-05-17,"quantile",0.45,59.6925099979074
"16204",2021-05-15,"22","2  day ahead inc hosp",2021-05-17,"quantile",0.5,61.5240311272584
"16205",2021-05-15,"22","2  day ahead inc hosp",2021-05-17,"quantile",0.55,63.3973792999103
"16206",2021-05-15,"22","2  day ahead inc hosp",2021-05-17,"quantile",0.6,65.3444012787652
"16207",2021-05-15,"22","2  day ahead inc hosp",2021-05-17,"quantile",0.65,67.4035839498299
"16208",2021-05-15,"22","2  day ahead inc hosp",2021-05-17,"quantile",0.7,69.6259260463968
"16209",2021-05-15,"22","2  day ahead inc hosp",2021-05-17,"quantile",0.75,72.0853576821762
"16210",2021-05-15,"22","2  day ahead inc hosp",2021-05-17,"quantile",0.8,74.90010694532
"16211",2021-05-15,"22","2  day ahead inc hosp",2021-05-17,"quantile",0.85,78.2841888075165
"16212",2021-05-15,"22","2  day ahead inc hosp",2021-05-17,"quantile",0.9,82.7035448375173
"16213",2021-05-15,"22","2  day ahead inc hosp",2021-05-17,"quantile",0.95,89.5946166950354
"16214",2021-05-15,"22","2  day ahead inc hosp",2021-05-17,"quantile",0.975,95.9126755236421
"16215",2021-05-15,"22","2  day ahead inc hosp",2021-05-17,"quantile",0.99,103.672453701876
"16216",2021-05-15,"22","3  day ahead inc hosp",2021-05-18,"quantile",0.01,31.6324822696116
"16217",2021-05-15,"22","3  day ahead inc hosp",2021-05-18,"quantile",0.025,35.2596854749363
"16218",2021-05-15,"22","3  day ahead inc hosp",2021-05-18,"quantile",0.05,38.6213093238002
"16219",2021-05-15,"22","3  day ahead inc hosp",2021-05-18,"quantile",0.1,42.7891637472009
"16220",2021-05-15,"22","3  day ahead inc hosp",2021-05-18,"quantile",0.15,45.7857976735894
"16221",2021-05-15,"22","3  day ahead inc hosp",2021-05-18,"quantile",0.2,48.2775122752858
"16222",2021-05-15,"22","3  day ahead inc hosp",2021-05-18,"quantile",0.25,50.4950517162145
"16223",2021-05-15,"22","3  day ahead inc hosp",2021-05-18,"quantile",0.3,52.5507923982826
"16224",2021-05-15,"22","3  day ahead inc hosp",2021-05-18,"quantile",0.35,54.5111854320675
"16225",2021-05-15,"22","3  day ahead inc hosp",2021-05-18,"quantile",0.4,56.4216408063123
"16226",2021-05-15,"22","3  day ahead inc hosp",2021-05-18,"quantile",0.45,58.3174021691513
"16227",2021-05-15,"22","3  day ahead inc hosp",2021-05-18,"quantile",0.5,60.2293586327772
"16228",2021-05-15,"22","3  day ahead inc hosp",2021-05-18,"quantile",0.55,62.1879472997147
"16229",2021-05-15,"22","3  day ahead inc hosp",2021-05-18,"quantile",0.6,64.2266286084173
"16230",2021-05-15,"22","3  day ahead inc hosp",2021-05-18,"quantile",0.65,66.3860281079434
"16231",2021-05-15,"22","3  day ahead inc hosp",2021-05-18,"quantile",0.7,68.7201667546453
"16232",2021-05-15,"22","3  day ahead inc hosp",2021-05-18,"quantile",0.75,71.3075535603364
"16233",2021-05-15,"22","3  day ahead inc hosp",2021-05-18,"quantile",0.8,74.2739708820739
"16234",2021-05-15,"22","3  day ahead inc hosp",2021-05-18,"quantile",0.85,77.8474406402422
"16235",2021-05-15,"22","3  day ahead inc hosp",2021-05-18,"quantile",0.9,82.5250704551358
"16236",2021-05-15,"22","3  day ahead inc hosp",2021-05-18,"quantile",0.95,89.8418631917736
"16237",2021-05-15,"22","3  day ahead inc hosp",2021-05-18,"quantile",0.975,96.5729119137536
"16238",2021-05-15,"22","3  day ahead inc hosp",2021-05-18,"quantile",0.99,104.866988862264
"16239",2021-05-15,"22","4  day ahead inc hosp",2021-05-19,"quantile",0.01,26.7147916586051
"16240",2021-05-15,"22","4  day ahead inc hosp",2021-05-19,"quantile",0.025,30.099176718845
"16241",2021-05-15,"22","4  day ahead inc hosp",2021-05-19,"quantile",0.05,33.258660369434
"16242",2021-05-15,"22","4  day ahead inc hosp",2021-05-19,"quantile",0.1,37.2029980843611
"16243",2021-05-15,"22","4  day ahead inc hosp",2021-05-19,"quantile",0.15,40.0556306419768
"16244",2021-05-15,"22","4  day ahead inc hosp",2021-05-19,"quantile",0.2,42.4373424677952
"16245",2021-05-15,"22","4  day ahead inc hosp",2021-05-19,"quantile",0.25,44.5639404461619
"16246",2021-05-15,"22","4  day ahead inc hosp",2021-05-19,"quantile",0.3,46.5409128334776
"16247",2021-05-15,"22","4  day ahead inc hosp",2021-05-19,"quantile",0.35,48.4309178847557
"16248",2021-05-15,"22","4  day ahead inc hosp",2021-05-19,"quantile",0.4,50.2770245260363
"16249",2021-05-15,"22","4  day ahead inc hosp",2021-05-19,"quantile",0.45,52.1129054204506
"16250",2021-05-15,"22","4  day ahead inc hosp",2021-05-19,"quantile",0.5,53.9683210226539
"16251",2021-05-15,"22","4  day ahead inc hosp",2021-05-19,"quantile",0.55,55.8728459473138
"16252",2021-05-15,"22","4  day ahead inc hosp",2021-05-19,"quantile",0.6,57.8592398988299
"16253",2021-05-15,"22","4  day ahead inc hosp",2021-05-19,"quantile",0.65,59.9675208255138
"16254",2021-05-15,"22","4  day ahead inc hosp",2021-05-19,"quantile",0.7,62.2511441378479
"16255",2021-05-15,"22","4  day ahead inc hosp",2021-05-19,"quantile",0.75,64.7880515844744
"16256",2021-05-15,"22","4  day ahead inc hosp",2021-05-19,"quantile",0.8,67.703416042595
"16257",2021-05-15,"22","4  day ahead inc hosp",2021-05-19,"quantile",0.85,71.2245862072302
"16258",2021-05-15,"22","4  day ahead inc hosp",2021-05-19,"quantile",0.9,75.8480794280062
"16259",2021-05-15,"22","4  day ahead inc hosp",2021-05-19,"quantile",0.95,83.1103380240017
"16260",2021-05-15,"22","4  day ahead inc hosp",2021-05-19,"quantile",0.975,89.8209857817743
"16261",2021-05-15,"22","4  day ahead inc hosp",2021-05-19,"quantile",0.99,98.125536144879
"16262",2021-05-15,"22","5  day ahead inc hosp",2021-05-20,"quantile",0.01,26.7916037825822
"16263",2021-05-15,"22","5  day ahead inc hosp",2021-05-20,"quantile",0.025,30.3585046103805
"16264",2021-05-15,"22","5  day ahead inc hosp",2021-05-20,"quantile",0.05,33.7012651148598
"16265",2021-05-15,"22","5  day ahead inc hosp",2021-05-20,"quantile",0.1,37.8896662890214
"16266",2021-05-15,"22","5  day ahead inc hosp",2021-05-20,"quantile",0.15,40.928208718932
"16267",2021-05-15,"22","5  day ahead inc hosp",2021-05-20,"quantile",0.2,43.4706130896408
"16268",2021-05-15,"22","5  day ahead inc hosp",2021-05-20,"quantile",0.25,45.7446015166117
"16269",2021-05-15,"22","5  day ahead inc hosp",2021-05-20,"quantile",0.3,47.8617060694829
"16270",2021-05-15,"22","5  day ahead inc hosp",2021-05-20,"quantile",0.35,49.8883349169001
"16271",2021-05-15,"22","5  day ahead inc hosp",2021-05-20,"quantile",0.4,51.8702778679296
"16272",2021-05-15,"22","5  day ahead inc hosp",2021-05-20,"quantile",0.45,53.8434750838619
"16273",2021-05-15,"22","5  day ahead inc hosp",2021-05-20,"quantile",0.5,55.8398318760013
"16274",2021-05-15,"22","5  day ahead inc hosp",2021-05-20,"quantile",0.55,57.89119500473
"16275",2021-05-15,"22","5  day ahead inc hosp",2021-05-20,"quantile",0.6,60.0329794983341
"16276",2021-05-15,"22","5  day ahead inc hosp",2021-05-20,"quantile",0.65,62.3085822634121
"16277",2021-05-15,"22","5  day ahead inc hosp",2021-05-20,"quantile",0.7,64.7761066549872
"16278",2021-05-15,"22","5  day ahead inc hosp",2021-05-20,"quantile",0.75,67.5204124591279
"16279",2021-05-15,"22","5  day ahead inc hosp",2021-05-20,"quantile",0.8,70.6779488159965
"16280",2021-05-15,"22","5  day ahead inc hosp",2021-05-20,"quantile",0.85,74.4967856506399
"16281",2021-05-15,"22","5  day ahead inc hosp",2021-05-20,"quantile",0.9,79.5191856012141
"16282",2021-05-15,"22","5  day ahead inc hosp",2021-05-20,"quantile",0.95,87.4249811816039
"16283",2021-05-15,"22","5  day ahead inc hosp",2021-05-20,"quantile",0.975,94.7470343334556
"16284",2021-05-15,"22","5  day ahead inc hosp",2021-05-20,"quantile",0.99,103.828248779486
"16285",2021-05-15,"22","6  day ahead inc hosp",2021-05-21,"quantile",0.01,28.5453783481346
"16286",2021-05-15,"22","6  day ahead inc hosp",2021-05-21,"quantile",0.025,32.4593027204981
"16287",2021-05-15,"22","6  day ahead inc hosp",2021-05-21,"quantile",0.05,36.1359799830479
"16288",2021-05-15,"22","6  day ahead inc hosp",2021-05-21,"quantile",0.1,40.7530724484641
"16289",2021-05-15,"22","6  day ahead inc hosp",2021-05-21,"quantile",0.15,44.108959375404
"16290",2021-05-15,"22","6  day ahead inc hosp",2021-05-21,"quantile",0.2,46.9205854213869
"16291",2021-05-15,"22","6  day ahead inc hosp",2021-05-21,"quantile",0.25,49.4380110554425
"16292",2021-05-15,"22","6  day ahead inc hosp",2021-05-21,"quantile",0.3,51.7838580035681
"16293",2021-05-15,"22","6  day ahead inc hosp",2021-05-21,"quantile",0.35,54.0312462597
"16294",2021-05-15,"22","6  day ahead inc hosp",2021-05-21,"quantile",0.4,56.2306911564194
"16295",2021-05-15,"22","6  day ahead inc hosp",2021-05-21,"quantile",0.45,58.4219372381135
"16296",2021-05-15,"22","6  day ahead inc hosp",2021-05-21,"quantile",0.5,60.6403625847619
"16297",2021-05-15,"22","6  day ahead inc hosp",2021-05-21,"quantile",0.55,62.9213754287957
"16298",2021-05-15,"22","6  day ahead inc hosp",2021-05-21,"quantile",0.6,65.3044445706998
"16299",2021-05-15,"22","6  day ahead inc hosp",2021-05-21,"quantile",0.65,67.8380251987065
"16300",2021-05-15,"22","6  day ahead inc hosp",2021-05-21,"quantile",0.7,70.587083183215
"16301",2021-05-15,"22","6  day ahead inc hosp",2021-05-21,"quantile",0.75,73.646595467041
"16302",2021-05-15,"22","6  day ahead inc hosp",2021-05-21,"quantile",0.8,77.1693902927681
"16303",2021-05-15,"22","6  day ahead inc hosp",2021-05-21,"quantile",0.85,81.4334770617812
"16304",2021-05-15,"22","6  day ahead inc hosp",2021-05-21,"quantile",0.9,87.0468951260622
"16305",2021-05-15,"22","6  day ahead inc hosp",2021-05-21,"quantile",0.95,95.8944811595263
"16306",2021-05-15,"22","6  day ahead inc hosp",2021-05-21,"quantile",0.975,104.100107196966
"16307",2021-05-15,"22","6  day ahead inc hosp",2021-05-21,"quantile",0.99,114.290725347176
"16308",2021-05-15,"22","7  day ahead inc hosp",2021-05-22,"quantile",0.01,24.1587622784855
"16309",2021-05-15,"22","7  day ahead inc hosp",2021-05-22,"quantile",0.025,27.7696657544114
"16310",2021-05-15,"22","7  day ahead inc hosp",2021-05-22,"quantile",0.05,31.1865168563372
"16311",2021-05-15,"22","7  day ahead inc hosp",2021-05-22,"quantile",0.1,35.5068412419292
"16312",2021-05-15,"22","7  day ahead inc hosp",2021-05-22,"quantile",0.15,38.6652581049015
"16313",2021-05-15,"22","7  day ahead inc hosp",2021-05-22,"quantile",0.2,41.3220836262745
"16314",2021-05-15,"22","7  day ahead inc hosp",2021-05-22,"quantile",0.25,43.7085250148028
"16315",2021-05-15,"22","7  day ahead inc hosp",2021-05-22,"quantile",0.3,45.9383878856456
"16316",2021-05-15,"22","7  day ahead inc hosp",2021-05-22,"quantile",0.35,48.0798505452786
"16317",2021-05-15,"22","7  day ahead inc hosp",2021-05-22,"quantile",0.4,50.1802980011315
"16318",2021-05-15,"22","7  day ahead inc hosp",2021-05-22,"quantile",0.45,52.2772893484161
"16319",2021-05-15,"22","7  day ahead inc hosp",2021-05-22,"quantile",0.5,54.40453502822
"16320",2021-05-15,"22","7  day ahead inc hosp",2021-05-22,"quantile",0.55,56.5960503887693
"16321",2021-05-15,"22","7  day ahead inc hosp",2021-05-22,"quantile",0.6,58.8900221426441
"16322",2021-05-15,"22","7  day ahead inc hosp",2021-05-22,"quantile",0.65,61.3335948616601
"16323",2021-05-15,"22","7  day ahead inc hosp",2021-05-22,"quantile",0.7,63.990238332991
"16324",2021-05-15,"22","7  day ahead inc hosp",2021-05-22,"quantile",0.75,66.9530165820744
"16325",2021-05-15,"22","7  day ahead inc hosp",2021-05-22,"quantile",0.8,70.3720040879256
"16326",2021-05-15,"22","7  day ahead inc hosp",2021-05-22,"quantile",0.85,74.5206738365381
"16327",2021-05-15,"22","7  day ahead inc hosp",2021-05-22,"quantile",0.9,79.9981178689181
"16328",2021-05-15,"22","7  day ahead inc hosp",2021-05-22,"quantile",0.95,88.6651002955623
"16329",2021-05-15,"22","7  day ahead inc hosp",2021-05-22,"quantile",0.975,96.7365889583468
"16330",2021-05-15,"22","7  day ahead inc hosp",2021-05-22,"quantile",0.99,106.800635813775
"16331",2021-05-15,"22","8  day ahead inc hosp",2021-05-23,"quantile",0.01,21.3273529247176
"16332",2021-05-15,"22","8  day ahead inc hosp",2021-05-23,"quantile",0.025,24.753993490191
"16333",2021-05-15,"22","8  day ahead inc hosp",2021-05-23,"quantile",0.05,28.0177253868485
"16334",2021-05-15,"22","8  day ahead inc hosp",2021-05-23,"quantile",0.1,32.1697436310821
"16335",2021-05-15,"22","8  day ahead inc hosp",2021-05-23,"quantile",0.15,35.2207594772749
"16336",2021-05-15,"22","8  day ahead inc hosp",2021-05-23,"quantile",0.2,37.7963759236371
"16337",2021-05-15,"22","8  day ahead inc hosp",2021-05-23,"quantile",0.25,40.1164154511088
"16338",2021-05-15,"22","8  day ahead inc hosp",2021-05-23,"quantile",0.3,42.289451248291
"16339",2021-05-15,"22","8  day ahead inc hosp",2021-05-23,"quantile",0.35,44.3808019105616
"16340",2021-05-15,"22","8  day ahead inc hosp",2021-05-23,"quantile",0.4,46.4361126186885
"16341",2021-05-15,"22","8  day ahead inc hosp",2021-05-23,"quantile",0.45,48.4918052109018
"16342",2021-05-15,"22","8  day ahead inc hosp",2021-05-23,"quantile",0.5,50.5808102960155
"16343",2021-05-15,"22","8  day ahead inc hosp",2021-05-23,"quantile",0.55,52.7365944185095
"16344",2021-05-15,"22","8  day ahead inc hosp",2021-05-23,"quantile",0.6,54.996959959578
"16345",2021-05-15,"22","8  day ahead inc hosp",2021-05-23,"quantile",0.65,57.4088015469115
"16346",2021-05-15,"22","8  day ahead inc hosp",2021-05-23,"quantile",0.7,60.0354744811618
"16347",2021-05-15,"22","8  day ahead inc hosp",2021-05-23,"quantile",0.75,62.9701081272285
"16348",2021-05-15,"22","8  day ahead inc hosp",2021-05-23,"quantile",0.8,66.3631589110118
"16349",2021-05-15,"22","8  day ahead inc hosp",2021-05-23,"quantile",0.85,70.4892013863191
"16350",2021-05-15,"22","8  day ahead inc hosp",2021-05-23,"quantile",0.9,75.9505817606287
"16351",2021-05-15,"22","8  day ahead inc hosp",2021-05-23,"quantile",0.95,84.621349427931
"16352",2021-05-15,"22","8  day ahead inc hosp",2021-05-23,"quantile",0.975,92.7252885506795
"16353",2021-05-15,"22","8  day ahead inc hosp",2021-05-23,"quantile",0.99,102.864525597568
"16354",2021-05-15,"22","9  day ahead inc hosp",2021-05-24,"quantile",0.01,26.0716628821287
"16355",2021-05-15,"22","9  day ahead inc hosp",2021-05-24,"quantile",0.025,30.192788590677
"16356",2021-05-15,"22","9  day ahead inc hosp",2021-05-24,"quantile",0.05,34.1120733230223
"16357",2021-05-15,"22","9  day ahead inc hosp",2021-05-24,"quantile",0.1,39.0910424635239
"16358",2021-05-15,"22","9  day ahead inc hosp",2021-05-24,"quantile",0.15,42.7453971017938
"16359",2021-05-15,"22","9  day ahead inc hosp",2021-05-24,"quantile",0.2,45.8278218224686
"16360",2021-05-15,"22","9  day ahead inc hosp",2021-05-24,"quantile",0.25,48.6025778368388
"16361",2021-05-15,"22","9  day ahead inc hosp",2021-05-24,"quantile",0.3,51.2000834340396
"16362",2021-05-15,"22","9  day ahead inc hosp",2021-05-24,"quantile",0.35,53.6987225848747
"16363",2021-05-15,"22","9  day ahead inc hosp",2021-05-24,"quantile",0.4,56.1532015640628
"16364",2021-05-15,"22","9  day ahead inc hosp",2021-05-24,"quantile",0.45,58.6071051873268
"16365",2021-05-15,"22","9  day ahead inc hosp",2021-05-24,"quantile",0.5,61.0997738856984
"16366",2021-05-15,"22","9  day ahead inc hosp",2021-05-24,"quantile",0.55,63.6711230066684
"16367",2021-05-15,"22","9  day ahead inc hosp",2021-05-24,"quantile",0.6,66.3661760264022
"16368",2021-05-15,"22","9  day ahead inc hosp",2021-05-24,"quantile",0.65,69.2407245886808
"16369",2021-05-15,"22","9  day ahead inc hosp",2021-05-24,"quantile",0.7,72.3700840005693
"16370",2021-05-15,"22","9  day ahead inc hosp",2021-05-24,"quantile",0.75,75.8649013962755
"16371",2021-05-15,"22","9  day ahead inc hosp",2021-05-24,"quantile",0.8,79.9038597171494
"16372",2021-05-15,"22","9  day ahead inc hosp",2021-05-24,"quantile",0.85,84.8129358955314
"16373",2021-05-15,"22","9  day ahead inc hosp",2021-05-24,"quantile",0.9,91.3070125327177
"16374",2021-05-15,"22","9  day ahead inc hosp",2021-05-24,"quantile",0.95,101.609408196628
"16375",2021-05-15,"22","9  day ahead inc hosp",2021-05-24,"quantile",0.975,111.230466837996
"16376",2021-05-15,"22","9  day ahead inc hosp",2021-05-24,"quantile",0.99,123.258443882333
"16377",2021-05-15,"22","10  day ahead inc hosp",2021-05-25,"quantile",0.01,24.2275972508576
"16378",2021-05-15,"22","10  day ahead inc hosp",2021-05-25,"quantile",0.025,28.268711822827
"16379",2021-05-15,"22","10  day ahead inc hosp",2021-05-25,"quantile",0.05,32.1313504289503
"16380",2021-05-15,"22","10  day ahead inc hosp",2021-05-25,"quantile",0.1,37.0615348015983
"16381",2021-05-15,"22","10  day ahead inc hosp",2021-05-25,"quantile",0.15,40.6944118428816
"16382",2021-05-15,"22","10  day ahead inc hosp",2021-05-25,"quantile",0.2,43.7670886572612
"16383",2021-05-15,"22","10  day ahead inc hosp",2021-05-25,"quantile",0.25,46.5390633578033
"16384",2021-05-15,"22","10  day ahead inc hosp",2021-05-25,"quantile",0.3,49.1387460751751
"16385",2021-05-15,"22","10  day ahead inc hosp",2021-05-25,"quantile",0.35,51.6435683139504
"16386",2021-05-15,"22","10  day ahead inc hosp",2021-05-25,"quantile",0.4,54.1078010620616
"16387",2021-05-15,"22","10  day ahead inc hosp",2021-05-25,"quantile",0.45,56.5749059225035
"16388",2021-05-15,"22","10  day ahead inc hosp",2021-05-25,"quantile",0.5,59.0843340820783
"16389",2021-05-15,"22","10  day ahead inc hosp",2021-05-25,"quantile",0.55,61.6763316842216
"16390",2021-05-15,"22","10  day ahead inc hosp",2021-05-25,"quantile",0.6,64.3965070536039
"16391",2021-05-15,"22","10  day ahead inc hosp",2021-05-25,"quantile",0.65,67.3015809805485
"16392",2021-05-15,"22","10  day ahead inc hosp",2021-05-25,"quantile",0.7,70.4683247873494
"16393",2021-05-15,"22","10  day ahead inc hosp",2021-05-25,"quantile",0.75,74.009736533882
"16394",2021-05-15,"22","10  day ahead inc hosp",2021-05-25,"quantile",0.8,78.1085473463579
"16395",2021-05-15,"22","10  day ahead inc hosp",2021-05-25,"quantile",0.85,83.0984896810063
"16396",2021-05-15,"22","10  day ahead inc hosp",2021-05-25,"quantile",0.9,89.7122251407341
"16397",2021-05-15,"22","10  day ahead inc hosp",2021-05-25,"quantile",0.95,100.231287229675
"16398",2021-05-15,"22","10  day ahead inc hosp",2021-05-25,"quantile",0.975,110.081271726619
"16399",2021-05-15,"22","10  day ahead inc hosp",2021-05-25,"quantile",0.99,122.427379740935
"16400",2021-05-15,"22","11  day ahead inc hosp",2021-05-26,"quantile",0.01,27.1227799064977
"16401",2021-05-15,"22","11  day ahead inc hosp",2021-05-26,"quantile",0.025,31.6578435920304
"16402",2021-05-15,"22","11  day ahead inc hosp",2021-05-26,"quantile",0.05,35.9936312377097
"16403",2021-05-15,"22","11  day ahead inc hosp",2021-05-26,"quantile",0.1,41.5289404160241
"16404",2021-05-15,"22","11  day ahead inc hosp",2021-05-26,"quantile",0.15,45.6084578498132
"16405",2021-05-15,"22","11  day ahead inc hosp",2021-05-26,"quantile",0.2,49.0593365292596
"16406",2021-05-15,"22","11  day ahead inc hosp",2021-05-26,"quantile",0.25,52.172812083125
"16407",2021-05-15,"22","11  day ahead inc hosp",2021-05-26,"quantile",0.3,55.0930175987371
"16408",2021-05-15,"22","11  day ahead inc hosp",2021-05-26,"quantile",0.35,57.9068789020922
"16409",2021-05-15,"22","11  day ahead inc hosp",2021-05-26,"quantile",0.4,60.675333489846
"16410",2021-05-15,"22","11  day ahead inc hosp",2021-05-26,"quantile",0.45,63.4471933670699
"16411",2021-05-15,"22","11  day ahead inc hosp",2021-05-26,"quantile",0.5,66.2667779724566
"16412",2021-05-15,"22","11  day ahead inc hosp",2021-05-26,"quantile",0.55,69.1793111162694
"16413",2021-05-15,"22","11  day ahead inc hosp",2021-05-26,"quantile",0.6,72.2360529067076
"16414",2021-05-15,"22","11  day ahead inc hosp",2021-05-26,"quantile",0.65,75.5007634767492
"16415",2021-05-15,"22","11  day ahead inc hosp",2021-05-26,"quantile",0.7,79.0597522036635
"16416",2021-05-15,"22","11  day ahead inc hosp",2021-05-26,"quantile",0.75,83.0400668517018
"16417",2021-05-15,"22","11  day ahead inc hosp",2021-05-26,"quantile",0.8,87.6471714582272
"16418",2021-05-15,"22","11  day ahead inc hosp",2021-05-26,"quantile",0.85,93.256335905906
"16419",2021-05-15,"22","11  day ahead inc hosp",2021-05-26,"quantile",0.9,100.6914508507
"16420",2021-05-15,"22","11  day ahead inc hosp",2021-05-26,"quantile",0.95,112.518290551826
"16421",2021-05-15,"22","11  day ahead inc hosp",2021-05-26,"quantile",0.975,123.59424001209
"16422",2021-05-15,"22","11  day ahead inc hosp",2021-05-26,"quantile",0.99,137.478633877767
"16423",2021-05-15,"22","12  day ahead inc hosp",2021-05-27,"quantile",0.01,27.8403796499032
"16424",2021-05-15,"22","12  day ahead inc hosp",2021-05-27,"quantile",0.025,32.6063926137669
"16425",2021-05-15,"22","12  day ahead inc hosp",2021-05-27,"quantile",0.05,37.1734185452193
"16426",2021-05-15,"22","12  day ahead inc hosp",2021-05-27,"quantile",0.1,43.0163775005571
"16427",2021-05-15,"22","12  day ahead inc hosp",2021-05-27,"quantile",0.15,47.3303168228249
"16428",2021-05-15,"22","12  day ahead inc hosp",2021-05-27,"quantile",0.2,50.9839790252986
"16429",2021-05-15,"22","12  day ahead inc hosp",2021-05-27,"quantile",0.25,54.2836227545598
"16430",2021-05-15,"22","12  day ahead inc hosp",2021-05-27,"quantile",0.3,57.3810010717986
"16431",2021-05-15,"22","12  day ahead inc hosp",2021-05-27,"quantile",0.35,60.3677732458894
"16432",2021-05-15,"22","12  day ahead inc hosp",2021-05-27,"quantile",0.4,63.3083193926884
"16433",2021-05-15,"22","12  day ahead inc hosp",2021-05-27,"quantile",0.45,66.2543299934483
"16434",2021-05-15,"22","12  day ahead inc hosp",2021-05-27,"quantile",0.5,69.252857566526
"16435",2021-05-15,"22","12  day ahead inc hosp",2021-05-27,"quantile",0.55,72.352031835753
"16436",2021-05-15,"22","12  day ahead inc hosp",2021-05-27,"quantile",0.6,75.6065196419148
"16437",2021-05-15,"22","12  day ahead inc hosp",2021-05-27,"quantile",0.65,79.0844272585556
"16438",2021-05-15,"22","12  day ahead inc hosp",2021-05-27,"quantile",0.7,82.8780542441798
"16439",2021-05-15,"22","12  day ahead inc hosp",2021-05-27,"quantile",0.75,87.1233782616328
"16440",2021-05-15,"22","12  day ahead inc hosp",2021-05-27,"quantile",0.8,92.040438572266
"16441",2021-05-15,"22","12  day ahead inc hosp",2021-05-27,"quantile",0.85,98.0313231169748
"16442",2021-05-15,"22","12  day ahead inc hosp",2021-05-27,"quantile",0.9,105.979212257668
"16443",2021-05-15,"22","12  day ahead inc hosp",2021-05-27,"quantile",0.95,118.636085593363
"16444",2021-05-15,"22","12  day ahead inc hosp",2021-05-27,"quantile",0.975,130.503612808094
"16445",2021-05-15,"22","12  day ahead inc hosp",2021-05-27,"quantile",0.99,145.397404929395
"16446",2021-05-15,"22","13  day ahead inc hosp",2021-05-28,"quantile",0.01,25.5699892302516
"16447",2021-05-15,"22","13  day ahead inc hosp",2021-05-28,"quantile",0.025,30.1784294257757
"16448",2021-05-15,"22","13  day ahead inc hosp",2021-05-28,"quantile",0.05,34.6172727167376
"16449",2021-05-15,"22","13  day ahead inc hosp",2021-05-28,"quantile",0.1,40.3234929981677
"16450",2021-05-15,"22","13  day ahead inc hosp",2021-05-28,"quantile",0.15,44.5533473789979
"16451",2021-05-15,"22","13  day ahead inc hosp",2021-05-28,"quantile",0.2,48.145657121905
"16452",2021-05-15,"22","13  day ahead inc hosp",2021-05-28,"quantile",0.25,51.3969631624762
"16453",2021-05-15,"22","13  day ahead inc hosp",2021-05-28,"quantile",0.3,54.4546106911387
"16454",2021-05-15,"22","13  day ahead inc hosp",2021-05-28,"quantile",0.35,57.4079013577235
"16455",2021-05-15,"22","13  day ahead inc hosp",2021-05-28,"quantile",0.4,60.3198346368623
"16456",2021-05-15,"22","13  day ahead inc hosp",2021-05-28,"quantile",0.45,63.2412601730215
"16457",2021-05-15,"22","13  day ahead inc hosp",2021-05-28,"quantile",0.5,66.2187295282253
"16458",2021-05-15,"22","13  day ahead inc hosp",2021-05-28,"quantile",0.55,69.3001185918009
"16459",2021-05-15,"22","13  day ahead inc hosp",2021-05-28,"quantile",0.6,72.5400550416758
"16460",2021-05-15,"22","13  day ahead inc hosp",2021-05-28,"quantile",0.65,76.0068358301812
"16461",2021-05-15,"22","13  day ahead inc hosp",2021-05-28,"quantile",0.7,79.7932547165468
"16462",2021-05-15,"22","13  day ahead inc hosp",2021-05-28,"quantile",0.75,84.0362652206568
"16463",2021-05-15,"22","13  day ahead inc hosp",2021-05-28,"quantile",0.8,88.9577811799842
"16464",2021-05-15,"22","13  day ahead inc hosp",2021-05-28,"quantile",0.85,94.9637533627048
"16465",2021-05-15,"22","13  day ahead inc hosp",2021-05-28,"quantile",0.9,102.946763389129
"16466",2021-05-15,"22","13  day ahead inc hosp",2021-05-28,"quantile",0.95,115.691578104252
"16467",2021-05-15,"22","13  day ahead inc hosp",2021-05-28,"quantile",0.975,127.673315468895
"16468",2021-05-15,"22","13  day ahead inc hosp",2021-05-28,"quantile",0.99,142.748629852362
"16469",2021-05-15,"22","14  day ahead inc hosp",2021-05-29,"quantile",0.01,17.1442641576395
"16470",2021-05-15,"22","14  day ahead inc hosp",2021-05-29,"quantile",0.025,20.6778108586194
"16471",2021-05-15,"22","14  day ahead inc hosp",2021-05-29,"quantile",0.05,24.1309739810733
"16472",2021-05-15,"22","14  day ahead inc hosp",2021-05-29,"quantile",0.1,28.6298757831377
"16473",2021-05-15,"22","14  day ahead inc hosp",2021-05-29,"quantile",0.15,32.002008850117
"16474",2021-05-15,"22","14  day ahead inc hosp",2021-05-29,"quantile",0.2,34.8877435954674
"16475",2021-05-15,"22","14  day ahead inc hosp",2021-05-29,"quantile",0.25,37.5152768003429
"16476",2021-05-15,"22","14  day ahead inc hosp",2021-05-29,"quantile",0.3,39.9988984910427
"16477",2021-05-15,"22","14  day ahead inc hosp",2021-05-29,"quantile",0.35,42.4085602000614
"16478",2021-05-15,"22","14  day ahead inc hosp",2021-05-29,"quantile",0.4,44.794231280398
"16479",2021-05-15,"22","14  day ahead inc hosp",2021-05-29,"quantile",0.45,47.1968482076992
"16480",2021-05-15,"22","14  day ahead inc hosp",2021-05-29,"quantile",0.5,49.6544829256296
"16481",2021-05-15,"22","14  day ahead inc hosp",2021-05-29,"quantile",0.55,52.2068712287674
"16482",2021-05-15,"22","14  day ahead inc hosp",2021-05-29,"quantile",0.6,54.8999107218517
"16483",2021-05-15,"22","14  day ahead inc hosp",2021-05-29,"quantile",0.65,57.7915192778928
"16484",2021-05-15,"22","14  day ahead inc hosp",2021-05-29,"quantile",0.7,60.960916308572
"16485",2021-05-15,"22","14  day ahead inc hosp",2021-05-29,"quantile",0.75,64.5255771803885
"16486",2021-05-15,"22","14  day ahead inc hosp",2021-05-29,"quantile",0.8,68.6765213265816
"16487",2021-05-15,"22","14  day ahead inc hosp",2021-05-29,"quantile",0.85,73.7641802028761
"16488",2021-05-15,"22","14  day ahead inc hosp",2021-05-29,"quantile",0.9,80.5611705983139
"16489",2021-05-15,"22","14  day ahead inc hosp",2021-05-29,"quantile",0.95,91.4860732131686
"16490",2021-05-15,"22","14  day ahead inc hosp",2021-05-29,"quantile",0.975,101.830087097568
"16491",2021-05-15,"22","14  day ahead inc hosp",2021-05-29,"quantile",0.99,114.933235888741
"16492",2021-05-15,"22","15  day ahead inc hosp",2021-05-30,"quantile",0.01,20.3352854181189
"16493",2021-05-15,"22","15  day ahead inc hosp",2021-05-30,"quantile",0.025,24.5002423488176
"16494",2021-05-15,"22","15  day ahead inc hosp",2021-05-30,"quantile",0.05,28.5675464461625
"16495",2021-05-15,"22","15  day ahead inc hosp",2021-05-30,"quantile",0.1,33.863092910706
"16496",2021-05-15,"22","15  day ahead inc hosp",2021-05-30,"quantile",0.15,37.8301939210427
"16497",2021-05-15,"22","15  day ahead inc hosp",2021-05-30,"quantile",0.2,41.2238194228919
"16498",2021-05-15,"22","15  day ahead inc hosp",2021-05-30,"quantile",0.25,44.3128972610665
"16499",2021-05-15,"22","15  day ahead inc hosp",2021-05-30,"quantile",0.3,47.2320637514065
"16500",2021-05-15,"22","15  day ahead inc hosp",2021-05-30,"quantile",0.35,50.0636829333326
"16501",2021-05-15,"22","15  day ahead inc hosp",2021-05-30,"quantile",0.4,52.8665543191539
"16502",2021-05-15,"22","15  day ahead inc hosp",2021-05-30,"quantile",0.45,55.6888130160425
"16503",2021-05-15,"22","15  day ahead inc hosp",2021-05-30,"quantile",0.5,58.5751914818182
"16504",2021-05-15,"22","15  day ahead inc hosp",2021-05-30,"quantile",0.55,61.5723440362458
"16505",2021-05-15,"22","15  day ahead inc hosp",2021-05-30,"quantile",0.6,64.7341282919883
"16506",2021-05-15,"22","15  day ahead inc hosp",2021-05-30,"quantile",0.65,68.1284769991671
"16507",2021-05-15,"22","15  day ahead inc hosp",2021-05-30,"quantile",0.7,71.8482786346912
"16508",2021-05-15,"22","15  day ahead inc hosp",2021-05-30,"quantile",0.75,76.0312479049096
"16509",2021-05-15,"22","15  day ahead inc hosp",2021-05-30,"quantile",0.8,80.9012773473025
"16510",2021-05-15,"22","15  day ahead inc hosp",2021-05-30,"quantile",0.85,86.8690500025498
"16511",2021-05-15,"22","15  day ahead inc hosp",2021-05-30,"quantile",0.9,94.8399055435912
"16512",2021-05-15,"22","15  day ahead inc hosp",2021-05-30,"quantile",0.95,107.647445358281
"16513",2021-05-15,"22","15  day ahead inc hosp",2021-05-30,"quantile",0.975,119.769890419305
"16514",2021-05-15,"22","15  day ahead inc hosp",2021-05-30,"quantile",0.99,135.120902238958
"16515",2021-05-15,"22","16  day ahead inc hosp",2021-05-31,"quantile",0.01,22.6493457683371
"16516",2021-05-15,"22","16  day ahead inc hosp",2021-05-31,"quantile",0.025,27.2955505363734
"16517",2021-05-15,"22","16  day ahead inc hosp",2021-05-31,"quantile",0.05,31.8336269878003
"16518",2021-05-15,"22","16  day ahead inc hosp",2021-05-31,"quantile",0.1,37.7430774270897
"16519",2021-05-15,"22","16  day ahead inc hosp",2021-05-31,"quantile",0.15,42.1706772978108
"16520",2021-05-15,"22","16  day ahead inc hosp",2021-05-31,"quantile",0.2,45.958583340141
"16521",2021-05-15,"22","16  day ahead inc hosp",2021-05-31,"quantile",0.25,49.4068098493707
"16522",2021-05-15,"22","16  day ahead inc hosp",2021-05-31,"quantile",0.3,52.665571151812
"16523",2021-05-15,"22","16  day ahead inc hosp",2021-05-31,"quantile",0.35,55.8267724242669
"16524",2021-05-15,"22","16  day ahead inc hosp",2021-05-31,"quantile",0.4,58.9560347601283
"16525",2021-05-15,"22","16  day ahead inc hosp",2021-05-31,"quantile",0.45,62.107087449382
"16526",2021-05-15,"22","16  day ahead inc hosp",2021-05-31,"quantile",0.5,65.3298712567349
"16527",2021-05-15,"22","16  day ahead inc hosp",2021-05-31,"quantile",0.55,68.6764817889585
"16528",2021-05-15,"22","16  day ahead inc hosp",2021-05-31,"quantile",0.6,72.2070668092174
"16529",2021-05-15,"22","16  day ahead inc hosp",2021-05-31,"quantile",0.65,75.9975013964868
"16530",2021-05-15,"22","16  day ahead inc hosp",2021-05-31,"quantile",0.7,80.1515421829535
"16531",2021-05-15,"22","16  day ahead inc hosp",2021-05-31,"quantile",0.75,84.8230253558237
"16532",2021-05-15,"22","16  day ahead inc hosp",2021-05-31,"quantile",0.8,90.2620635624067
"16533",2021-05-15,"22","16  day ahead inc hosp",2021-05-31,"quantile",0.85,96.9274504384318
"16534",2021-05-15,"22","16  day ahead inc hosp",2021-05-31,"quantile",0.9,105.830616892555
"16535",2021-05-15,"22","16  day ahead inc hosp",2021-05-31,"quantile",0.95,120.137342800695
"16536",2021-05-15,"22","16  day ahead inc hosp",2021-05-31,"quantile",0.975,133.679924757469
"16537",2021-05-15,"22","16  day ahead inc hosp",2021-05-31,"quantile",0.99,150.830676525494
"16538",2021-05-15,"22","17  day ahead inc hosp",2021-06-01,"quantile",0.01,21.1294469878793
"16539",2021-05-15,"22","17  day ahead inc hosp",2021-06-01,"quantile",0.025,25.6687192143658
"16540",2021-05-15,"22","17  day ahead inc hosp",2021-06-01,"quantile",0.05,30.1260556827597
"16541",2021-05-15,"22","17  day ahead inc hosp",2021-06-01,"quantile",0.1,35.9588636374329
"16542",2021-05-15,"22","17  day ahead inc hosp",2021-06-01,"quantile",0.15,40.3467334086233
"16543",2021-05-15,"22","17  day ahead inc hosp",2021-06-01,"quantile",0.2,44.1110166439088
"16544",2021-05-15,"22","17  day ahead inc hosp",2021-06-01,"quantile",0.25,47.545185941683
"16545",2021-05-15,"22","17  day ahead inc hosp",2021-06-01,"quantile",0.3,50.7966186329337
"16546",2021-05-15,"22","17  day ahead inc hosp",2021-06-01,"quantile",0.35,53.9558175174742
"16547",2021-05-15,"22","17  day ahead inc hosp",2021-06-01,"quantile",0.4,57.0877045787645
"16548",2021-05-15,"22","17  day ahead inc hosp",2021-06-01,"quantile",0.45,60.2457285956533
"16549",2021-05-15,"22","17  day ahead inc hosp",2021-06-01,"quantile",0.5,63.4798542838209
"16550",2021-05-15,"22","17  day ahead inc hosp",2021-06-01,"quantile",0.55,66.8424763282152
"16551",2021-05-15,"22","17  day ahead inc hosp",2021-06-01,"quantile",0.6,70.3943480882918
"16552",2021-05-15,"22","17  day ahead inc hosp",2021-06-01,"quantile",0.65,74.2123561720279
"16553",2021-05-15,"22","17  day ahead inc hosp",2021-06-01,"quantile",0.7,78.4018831006664
"16554",2021-05-15,"22","17  day ahead inc hosp",2021-06-01,"quantile",0.75,83.1194312855718
"16555",2021-05-15,"22","17  day ahead inc hosp",2021-06-01,"quantile",0.8,88.6197558175083
"16556",2021-05-15,"22","17  day ahead inc hosp",2021-06-01,"quantile",0.85,95.3706284228756
"16557",2021-05-15,"22","17  day ahead inc hosp",2021-06-01,"quantile",0.9,104.404257399268
"16558",2021-05-15,"22","17  day ahead inc hosp",2021-06-01,"quantile",0.95,118.95525602433
"16559",2021-05-15,"22","17  day ahead inc hosp",2021-06-01,"quantile",0.975,132.763505482706
"16560",2021-05-15,"22","17  day ahead inc hosp",2021-06-01,"quantile",0.99,150.292255831531
"16561",2021-05-15,"22","18  day ahead inc hosp",2021-06-02,"quantile",0.01,18.1370518501352
"16562",2021-05-15,"22","18  day ahead inc hosp",2021-06-02,"quantile",0.025,22.3051291992227
"16563",2021-05-15,"22","18  day ahead inc hosp",2021-06-02,"quantile",0.05,26.431398777085
"16564",2021-05-15,"22","18  day ahead inc hosp",2021-06-02,"quantile",0.1,31.8713040118322
"16565",2021-05-15,"22","18  day ahead inc hosp",2021-06-02,"quantile",0.15,35.9886997961734
"16566",2021-05-15,"22","18  day ahead inc hosp",2021-06-02,"quantile",0.2,39.5356790589107
"16567",2021-05-15,"22","18  day ahead inc hosp",2021-06-02,"quantile",0.25,42.782198338636
"16568",2021-05-15,"22","18  day ahead inc hosp",2021-06-02,"quantile",0.3,45.86445177157
"16569",2021-05-15,"22","18  day ahead inc hosp",2021-06-02,"quantile",0.35,48.8665537745292
"16570",2021-05-15,"22","18  day ahead inc hosp",2021-06-02,"quantile",0.4,51.8492786727894
"16571",2021-05-15,"22","18  day ahead inc hosp",2021-06-02,"quantile",0.45,54.8630802086077
"16572",2021-05-15,"22","18  day ahead inc hosp",2021-06-02,"quantile",0.5,57.9555312183853
"16573",2021-05-15,"22","18  day ahead inc hosp",2021-06-02,"quantile",0.55,61.1769093997494
"16574",2021-05-15,"22","18  day ahead inc hosp",2021-06-02,"quantile",0.6,64.5858836185691
"16575",2021-05-15,"22","18  day ahead inc hosp",2021-06-02,"quantile",0.65,68.2570538021907
"16576",2021-05-15,"22","18  day ahead inc hosp",2021-06-02,"quantile",0.7,72.2930124915571
"16577",2021-05-15,"22","18  day ahead inc hosp",2021-06-02,"quantile",0.75,76.8464818221382
"16578",2021-05-15,"22","18  day ahead inc hosp",2021-06-02,"quantile",0.8,82.1665019770705
"16579",2021-05-15,"22","18  day ahead inc hosp",2021-06-02,"quantile",0.85,88.7110139256584
"16580",2021-05-15,"22","18  day ahead inc hosp",2021-06-02,"quantile",0.9,97.4919528860926
"16581",2021-05-15,"22","18  day ahead inc hosp",2021-06-02,"quantile",0.95,111.685905604571
"16582",2021-05-15,"22","18  day ahead inc hosp",2021-06-02,"quantile",0.975,125.205113951991
"16583",2021-05-15,"22","18  day ahead inc hosp",2021-06-02,"quantile",0.99,142.427092963475
"16584",2021-05-15,"22","19  day ahead inc hosp",2021-06-03,"quantile",0.01,18.4524218758423
"16585",2021-05-15,"22","19  day ahead inc hosp",2021-06-03,"quantile",0.025,22.7807892037778
"16586",2021-05-15,"22","19  day ahead inc hosp",2021-06-03,"quantile",0.05,27.0767181474764
"16587",2021-05-15,"22","19  day ahead inc hosp",2021-06-03,"quantile",0.1,32.75352301261
"16588",2021-05-15,"22","19  day ahead inc hosp",2021-06-03,"quantile",0.15,37.0584427247557
"16589",2021-05-15,"22","19  day ahead inc hosp",2021-06-03,"quantile",0.2,40.7717831059294
"16590",2021-05-15,"22","19  day ahead inc hosp",2021-06-03,"quantile",0.25,44.1740330013833
"16591",2021-05-15,"22","19  day ahead inc hosp",2021-06-03,"quantile",0.3,47.4069077221746
"16592",2021-05-15,"22","19  day ahead inc hosp",2021-06-03,"quantile",0.35,50.5580908009532
"16593",2021-05-15,"22","19  day ahead inc hosp",2021-06-03,"quantile",0.4,53.6910796579439
"16594",2021-05-15,"22","19  day ahead inc hosp",2021-06-03,"quantile",0.45,56.8587272838732
"16595",2021-05-15,"22","19  day ahead inc hosp",2021-06-03,"quantile",0.5,60.1110025963567
"16596",2021-05-15,"22","19  day ahead inc hosp",2021-06-03,"quantile",0.55,63.5008430366513
"16597",2021-05-15,"22","19  day ahead inc hosp",2021-06-03,"quantile",0.6,67.0901409332421
"16598",2021-05-15,"22","19  day ahead inc hosp",2021-06-03,"quantile",0.65,70.9577081599702
"16599",2021-05-15,"22","19  day ahead inc hosp",2021-06-03,"quantile",0.7,75.2120402703944
"16600",2021-05-15,"22","19  day ahead inc hosp",2021-06-03,"quantile",0.75,80.0147634206758
"16601",2021-05-15,"22","19  day ahead inc hosp",2021-06-03,"quantile",0.8,85.6295785222605
"16602",2021-05-15,"22","19  day ahead inc hosp",2021-06-03,"quantile",0.85,92.5415990639579
"16603",2021-05-15,"22","19  day ahead inc hosp",2021-06-03,"quantile",0.9,101.8232650207
"16604",2021-05-15,"22","19  day ahead inc hosp",2021-06-03,"quantile",0.95,116.842883326653
"16605",2021-05-15,"22","19  day ahead inc hosp",2021-06-03,"quantile",0.975,131.164699775654
"16606",2021-05-15,"22","19  day ahead inc hosp",2021-06-03,"quantile",0.99,149.428669125182
"16607",2021-05-15,"22","20  day ahead inc hosp",2021-06-04,"quantile",0.01,20.6379430888432
"16608",2021-05-15,"22","20  day ahead inc hosp",2021-06-04,"quantile",0.025,25.4491183761758
"16609",2021-05-15,"22","20  day ahead inc hosp",2021-06-04,"quantile",0.05,30.2205317959862
"16610",2021-05-15,"22","20  day ahead inc hosp",2021-06-04,"quantile",0.1,36.5212015049841
"16611",2021-05-15,"22","20  day ahead inc hosp",2021-06-04,"quantile",0.15,41.296453759728
"16612",2021-05-15,"22","20  day ahead inc hosp",2021-06-04,"quantile",0.2,45.4138745600274
"16613",2021-05-15,"22","20  day ahead inc hosp",2021-06-04,"quantile",0.25,49.1851894599575
"16614",2021-05-15,"22","20  day ahead inc hosp",2021-06-04,"quantile",0.3,52.7678257708049
"16615",2021-05-15,"22","20  day ahead inc hosp",2021-06-04,"quantile",0.35,56.2591347225266
"16616",2021-05-15,"22","20  day ahead inc hosp",2021-06-04,"quantile",0.4,59.7295660378636
"16617",2021-05-15,"22","20  day ahead inc hosp",2021-06-04,"quantile",0.45,63.2377128714909
"16618",2021-05-15,"22","20  day ahead inc hosp",2021-06-04,"quantile",0.5,66.8389260987111
"16619",2021-05-15,"22","20  day ahead inc hosp",2021-06-04,"quantile",0.55,70.5918021249456
"16620",2021-05-15,"22","20  day ahead inc hosp",2021-06-04,"quantile",0.6,74.564809429463
"16621",2021-05-15,"22","20  day ahead inc hosp",2021-06-04,"quantile",0.65,78.8450959647729
"16622",2021-05-15,"22","20  day ahead inc hosp",2021-06-04,"quantile",0.7,83.5525961666291
"16623",2021-05-15,"22","20  day ahead inc hosp",2021-06-04,"quantile",0.75,88.8659378388432
"16624",2021-05-15,"22","20  day ahead inc hosp",2021-06-04,"quantile",0.8,95.0765138357789
"16625",2021-05-15,"22","20  day ahead inc hosp",2021-06-04,"quantile",0.85,102.720309331991
"16626",2021-05-15,"22","20  day ahead inc hosp",2021-06-04,"quantile",0.9,112.982072708901
"16627",2021-05-15,"22","20  day ahead inc hosp",2021-06-04,"quantile",0.95,129.582250912267
"16628",2021-05-15,"22","20  day ahead inc hosp",2021-06-04,"quantile",0.975,145.405786398672
"16629",2021-05-15,"22","20  day ahead inc hosp",2021-06-04,"quantile",0.99,165.578301877998
"16630",2021-05-15,"22","21  day ahead inc hosp",2021-06-05,"quantile",0.01,16.503891713979
"16631",2021-05-15,"22","21  day ahead inc hosp",2021-06-05,"quantile",0.025,20.6868074923115
"16632",2021-05-15,"22","21  day ahead inc hosp",2021-06-05,"quantile",0.05,24.8802277287838
"16633",2021-05-15,"22","21  day ahead inc hosp",2021-06-05,"quantile",0.1,30.4722930653637
"16634",2021-05-15,"22","21  day ahead inc hosp",2021-06-05,"quantile",0.15,34.7445971883141
"16635",2021-05-15,"22","21  day ahead inc hosp",2021-06-05,"quantile",0.2,38.4484160114068
"16636",2021-05-15,"22","21  day ahead inc hosp",2021-06-05,"quantile",0.25,41.8553528280039
"16637",2021-05-15,"22","21  day ahead inc hosp",2021-06-05,"quantile",0.3,45.1034351548467
"16638",2021-05-15,"22","21  day ahead inc hosp",2021-06-05,"quantile",0.35,48.2786836248075
"16639",2021-05-15,"22","21  day ahead inc hosp",2021-06-05,"quantile",0.4,51.4439541920904
"16640",2021-05-15,"22","21  day ahead inc hosp",2021-06-05,"quantile",0.45,54.6521065734009
"16641",2021-05-15,"22","21  day ahead inc hosp",2021-06-05,"quantile",0.5,57.9536378261574
"16642",2021-05-15,"22","21  day ahead inc hosp",2021-06-05,"quantile",0.55,61.4025412025813
"16643",2021-05-15,"22","21  day ahead inc hosp",2021-06-05,"quantile",0.6,65.0624097206457
"16644",2021-05-15,"22","21  day ahead inc hosp",2021-06-05,"quantile",0.65,69.0146612804458
"16645",2021-05-15,"22","21  day ahead inc hosp",2021-06-05,"quantile",0.7,73.3718098068712
"16646",2021-05-15,"22","21  day ahead inc hosp",2021-06-05,"quantile",0.75,78.3019231362514
"16647",2021-05-15,"22","21  day ahead inc hosp",2021-06-05,"quantile",0.8,84.079765716544
"16648",2021-05-15,"22","21  day ahead inc hosp",2021-06-05,"quantile",0.85,91.2116478393218
"16649",2021-05-15,"22","21  day ahead inc hosp",2021-06-05,"quantile",0.9,100.818693939598
"16650",2021-05-15,"22","21  day ahead inc hosp",2021-06-05,"quantile",0.95,116.429237852782
"16651",2021-05-15,"22","21  day ahead inc hosp",2021-06-05,"quantile",0.975,131.378781126476
"16652",2021-05-15,"22","21  day ahead inc hosp",2021-06-05,"quantile",0.99,150.521058227037
"16653",2021-05-15,"22","22  day ahead inc hosp",2021-06-06,"quantile",0.01,14.8052633207092
"16654",2021-05-15,"22","22  day ahead inc hosp",2021-06-06,"quantile",0.025,18.7571330231933
"16655",2021-05-15,"22","22  day ahead inc hosp",2021-06-06,"quantile",0.05,22.7469276171827
"16656",2021-05-15,"22","22  day ahead inc hosp",2021-06-06,"quantile",0.1,28.1014214132435
"16657",2021-05-15,"22","22  day ahead inc hosp",2021-06-06,"quantile",0.15,32.2134145407514
"16658",2021-05-15,"22","22  day ahead inc hosp",2021-06-06,"quantile",0.2,35.7907155081292
"16659",2021-05-15,"22","22  day ahead inc hosp",2021-06-06,"quantile",0.25,39.0902556127767
"16660",2021-05-15,"22","22  day ahead inc hosp",2021-06-06,"quantile",0.3,42.2431510630914
"16661",2021-05-15,"22","22  day ahead inc hosp",2021-06-06,"quantile",0.35,45.331538054237
"16662",2021-05-15,"22","22  day ahead inc hosp",2021-06-06,"quantile",0.4,48.4158182597457
"16663",2021-05-15,"22","22  day ahead inc hosp",2021-06-06,"quantile",0.45,51.547154563984
"16664",2021-05-15,"22","22  day ahead inc hosp",2021-06-06,"quantile",0.5,54.7747746562382
"16665",2021-05-15,"22","22  day ahead inc hosp",2021-06-06,"quantile",0.55,58.1516462480943
"16666",2021-05-15,"22","22  day ahead inc hosp",2021-06-06,"quantile",0.6,61.74046393497
"16667",2021-05-15,"22","22  day ahead inc hosp",2021-06-06,"quantile",0.65,65.6217862646246
"16668",2021-05-15,"22","22  day ahead inc hosp",2021-06-06,"quantile",0.7,69.9072235820648
"16669",2021-05-15,"22","22  day ahead inc hosp",2021-06-06,"quantile",0.75,74.7637945676738
"16670",2021-05-15,"22","22  day ahead inc hosp",2021-06-06,"quantile",0.8,80.4649152190417
"16671",2021-05-15,"22","22  day ahead inc hosp",2021-06-06,"quantile",0.85,87.5149734463389
"16672",2021-05-15,"22","22  day ahead inc hosp",2021-06-06,"quantile",0.9,97.0320603837829
"16673",2021-05-15,"22","22  day ahead inc hosp",2021-06-06,"quantile",0.95,112.539757808644
"16674",2021-05-15,"22","22  day ahead inc hosp",2021-06-06,"quantile",0.975,127.434060549317
"16675",2021-05-15,"22","22  day ahead inc hosp",2021-06-06,"quantile",0.99,146.557995400798
"16676",2021-05-15,"22","23  day ahead inc hosp",2021-06-07,"quantile",0.01,18.8308335642831
"16677",2021-05-15,"22","23  day ahead inc hosp",2021-06-07,"quantile",0.025,23.6404672186591
"16678",2021-05-15,"22","23  day ahead inc hosp",2021-06-07,"quantile",0.05,28.467156293132
"16679",2021-05-15,"22","23  day ahead inc hosp",2021-06-07,"quantile",0.1,34.9097212584523
"16680",2021-05-15,"22","23  day ahead inc hosp",2021-06-07,"quantile",0.15,39.8355423630884
"16681",2021-05-15,"22","23  day ahead inc hosp",2021-06-07,"quantile",0.2,44.1081131994809
"16682",2021-05-15,"22","23  day ahead inc hosp",2021-06-07,"quantile",0.25,48.039791475145
"16683",2021-05-15,"22","23  day ahead inc hosp",2021-06-07,"quantile",0.3,51.7894121574907
"16684",2021-05-15,"22","23  day ahead inc hosp",2021-06-07,"quantile",0.35,55.4560377615088
"16685",2021-05-15,"22","23  day ahead inc hosp",2021-06-07,"quantile",0.4,59.112121488464
"16686",2021-05-15,"22","23  day ahead inc hosp",2021-06-07,"quantile",0.45,62.8186583878065
"16687",2021-05-15,"22","23  day ahead inc hosp",2021-06-07,"quantile",0.5,66.6339788245871
"16688",2021-05-15,"22","23  day ahead inc hosp",2021-06-07,"quantile",0.55,70.6205097691315
"16689",2021-05-15,"22","23  day ahead inc hosp",2021-06-07,"quantile",0.6,74.8518315655191
"16690",2021-05-15,"22","23  day ahead inc hosp",2021-06-07,"quantile",0.65,79.4221996873602
"16691",2021-05-15,"22","23  day ahead inc hosp",2021-06-07,"quantile",0.7,84.4619182721833
"16692",2021-05-15,"22","23  day ahead inc hosp",2021-06-07,"quantile",0.75,90.1656816891252
"16693",2021-05-15,"22","23  day ahead inc hosp",2021-06-07,"quantile",0.8,96.8518483389573
"16694",2021-05-15,"22","23  day ahead inc hosp",2021-06-07,"quantile",0.85,105.107156896883
"16695",2021-05-15,"22","23  day ahead inc hosp",2021-06-07,"quantile",0.9,116.231036177724
"16696",2021-05-15,"22","23  day ahead inc hosp",2021-06-07,"quantile",0.95,134.313795931368
"16697",2021-05-15,"22","23  day ahead inc hosp",2021-06-07,"quantile",0.975,151.638353419704
"16698",2021-05-15,"22","23  day ahead inc hosp",2021-06-07,"quantile",0.99,173.830784560401
"16699",2021-05-15,"22","24  day ahead inc hosp",2021-06-08,"quantile",0.01,17.2286197676817
"16700",2021-05-15,"22","24  day ahead inc hosp",2021-06-08,"quantile",0.025,21.8305071157848
"16701",2021-05-15,"22","24  day ahead inc hosp",2021-06-08,"quantile",0.05,26.477000873919
"16702",2021-05-15,"22","24  day ahead inc hosp",2021-06-08,"quantile",0.1,32.7133528883613
"16703",2021-05-15,"22","24  day ahead inc hosp",2021-06-08,"quantile",0.15,37.502904597577
"16704",2021-05-15,"22","24  day ahead inc hosp",2021-06-08,"quantile",0.2,41.6698555736531
"16705",2021-05-15,"22","24  day ahead inc hosp",2021-06-08,"quantile",0.25,45.5134031161715
"16706",2021-05-15,"22","24  day ahead inc hosp",2021-06-08,"quantile",0.3,49.186241145159
"16707",2021-05-15,"22","24  day ahead inc hosp",2021-06-08,"quantile",0.35,52.7840296975684
"16708",2021-05-15,"22","24  day ahead inc hosp",2021-06-08,"quantile",0.4,56.3771217763444
"16709",2021-05-15,"22","24  day ahead inc hosp",2021-06-08,"quantile",0.45,60.0251152909517
"16710",2021-05-15,"22","24  day ahead inc hosp",2021-06-08,"quantile",0.5,63.7853594380235
"16711",2021-05-15,"22","24  day ahead inc hosp",2021-06-08,"quantile",0.55,67.7195656441223
"16712",2021-05-15,"22","24  day ahead inc hosp",2021-06-08,"quantile",0.6,71.9007827085818
"16713",2021-05-15,"22","24  day ahead inc hosp",2021-06-08,"quantile",0.65,76.4228781740753
"16714",2021-05-15,"22","24  day ahead inc hosp",2021-06-08,"quantile",0.7,81.415905804193
"16715",2021-05-15,"22","24  day ahead inc hosp",2021-06-08,"quantile",0.75,87.0744884725072
"16716",2021-05-15,"22","24  day ahead inc hosp",2021-06-08,"quantile",0.8,93.7172369711596
"16717",2021-05-15,"22","24  day ahead inc hosp",2021-06-08,"quantile",0.85,101.931921638457
"16718",2021-05-15,"22","24  day ahead inc hosp",2021-06-08,"quantile",0.9,113.021488814984
"16719",2021-05-15,"22","24  day ahead inc hosp",2021-06-08,"quantile",0.95,131.092152339782
"16720",2021-05-15,"22","24  day ahead inc hosp",2021-06-08,"quantile",0.975,148.448718172482
"16721",2021-05-15,"22","24  day ahead inc hosp",2021-06-08,"quantile",0.99,170.734955542818
"16722",2021-05-15,"22","25  day ahead inc hosp",2021-06-09,"quantile",0.01,17.6419025897038
"16723",2021-05-15,"22","25  day ahead inc hosp",2021-06-09,"quantile",0.025,22.417733372648
"16724",2021-05-15,"22","25  day ahead inc hosp",2021-06-09,"quantile",0.05,27.2488673722363
"16725",2021-05-15,"22","25  day ahead inc hosp",2021-06-09,"quantile",0.1,33.743955155284
"16726",2021-05-15,"22","25  day ahead inc hosp",2021-06-09,"quantile",0.15,38.7390173400544
"16727",2021-05-15,"22","25  day ahead inc hosp",2021-06-09,"quantile",0.2,43.0887571948144
"16728",2021-05-15,"22","25  day ahead inc hosp",2021-06-09,"quantile",0.25,47.1037821042183
"16729",2021-05-15,"22","25  day ahead inc hosp",2021-06-09,"quantile",0.3,50.942785895451
"16730",2021-05-15,"22","25  day ahead inc hosp",2021-06-09,"quantile",0.35,54.7053248207399
"16731",2021-05-15,"22","25  day ahead inc hosp",2021-06-09,"quantile",0.4,58.4647419162998
"16732",2021-05-15,"22","25  day ahead inc hosp",2021-06-09,"quantile",0.45,62.2832865612379
"16733",2021-05-15,"22","25  day ahead inc hosp",2021-06-09,"quantile",0.5,66.2209722325779
"16734",2021-05-15,"22","25  day ahead inc hosp",2021-06-09,"quantile",0.55,70.3424831091613
"16735",2021-05-15,"22","25  day ahead inc hosp",2021-06-09,"quantile",0.6,74.7244850853832
"16736",2021-05-15,"22","25  day ahead inc hosp",2021-06-09,"quantile",0.65,79.4655856375108
"16737",2021-05-15,"22","25  day ahead inc hosp",2021-06-09,"quantile",0.7,84.7024953469169
"16738",2021-05-15,"22","25  day ahead inc hosp",2021-06-09,"quantile",0.75,90.6398937414666
"16739",2021-05-15,"22","25  day ahead inc hosp",2021-06-09,"quantile",0.8,97.6129709778993
"16740",2021-05-15,"22","25  day ahead inc hosp",2021-06-09,"quantile",0.85,106.240261156591
"16741",2021-05-15,"22","25  day ahead inc hosp",2021-06-09,"quantile",0.9,117.893295499543
"16742",2021-05-15,"22","25  day ahead inc hosp",2021-06-09,"quantile",0.95,136.89595920239
"16743",2021-05-15,"22","25  day ahead inc hosp",2021-06-09,"quantile",0.975,155.161483379774
"16744",2021-05-15,"22","25  day ahead inc hosp",2021-06-09,"quantile",0.99,178.631538507023
"16745",2021-05-15,"22","26  day ahead inc hosp",2021-06-10,"quantile",0.01,19.0296932787979
"16746",2021-05-15,"22","26  day ahead inc hosp",2021-06-10,"quantile",0.025,24.1735414812979
"16747",2021-05-15,"22","26  day ahead inc hosp",2021-06-10,"quantile",0.05,29.3758693171227
"16748",2021-05-15,"22","26  day ahead inc hosp",2021-06-10,"quantile",0.1,36.3686847782226
"16749",2021-05-15,"22","26  day ahead inc hosp",2021-06-10,"quantile",0.15,41.7457079725
"16750",2021-05-15,"22","26  day ahead inc hosp",2021-06-10,"quantile",0.2,46.4275827290109
"16751",2021-05-15,"22","26  day ahead inc hosp",2021-06-10,"quantile",0.25,50.7488392708687
"16752",2021-05-15,"22","26  day ahead inc hosp",2021-06-10,"quantile",0.3,54.8803726259504
"16753",2021-05-15,"22","26  day ahead inc hosp",2021-06-10,"quantile",0.35,58.9293768786848
"16754",2021-05-15,"22","26  day ahead inc hosp",2021-06-10,"quantile",0.4,62.9748068423617
"16755",2021-05-15,"22","26  day ahead inc hosp",2021-06-10,"quantile",0.45,67.0836605886245
"16756",2021-05-15,"22","26  day ahead inc hosp",2021-06-10,"quantile",0.5,71.320516163778
"16757",2021-05-15,"22","26  day ahead inc hosp",2021-06-10,"quantile",0.55,75.7549648746055
"16758",2021-05-15,"22","26  day ahead inc hosp",2021-06-10,"quantile",0.6,80.4694769503081
"16759",2021-05-15,"22","26  day ahead inc hosp",2021-06-10,"quantile",0.65,85.5701143841488
"16760",2021-05-15,"22","26  day ahead inc hosp",2021-06-10,"quantile",0.7,91.20391207276
"16761",2021-05-15,"22","26  day ahead inc hosp",2021-06-10,"quantile",0.75,97.5909955007741
"16762",2021-05-15,"22","26  day ahead inc hosp",2021-06-10,"quantile",0.8,105.091835786794
"16763",2021-05-15,"22","26  day ahead inc hosp",2021-06-10,"quantile",0.85,114.371597244733
"16764",2021-05-15,"22","26  day ahead inc hosp",2021-06-10,"quantile",0.9,126.905161912077
"16765",2021-05-15,"22","26  day ahead inc hosp",2021-06-10,"quantile",0.95,147.34205565219
"16766",2021-05-15,"22","26  day ahead inc hosp",2021-06-10,"quantile",0.975,166.984523056018
"16767",2021-05-15,"22","26  day ahead inc hosp",2021-06-10,"quantile",0.99,192.221865624802
"16768",2021-05-15,"22","27  day ahead inc hosp",2021-06-11,"quantile",0.01,17.6284910783203
"16769",2021-05-15,"22","27  day ahead inc hosp",2021-06-11,"quantile",0.025,22.5853240519741
"16770",2021-05-15,"22","27  day ahead inc hosp",2021-06-11,"quantile",0.05,27.6266579580011
"16771",2021-05-15,"22","27  day ahead inc hosp",2021-06-11,"quantile",0.1,34.4372765864653
"16772",2021-05-15,"22","27  day ahead inc hosp",2021-06-11,"quantile",0.15,39.6955523676979
"16773",2021-05-15,"22","27  day ahead inc hosp",2021-06-11,"quantile",0.2,44.2865901892117
"16774",2021-05-15,"22","27  day ahead inc hosp",2021-06-11,"quantile",0.25,48.53306021439
"16775",2021-05-15,"22","27  day ahead inc hosp",2021-06-11,"quantile",0.3,52.6003550758612
"16776",2021-05-15,"22","27  day ahead inc hosp",2021-06-11,"quantile",0.35,56.5926511299862
"16777",2021-05-15,"22","27  day ahead inc hosp",2021-06-11,"quantile",0.4,60.5870741690445
"16778",2021-05-15,"22","27  day ahead inc hosp",2021-06-11,"quantile",0.45,64.6494448659696
"16779",2021-05-15,"22","27  day ahead inc hosp",2021-06-11,"quantile",0.5,68.8435628614191
"16780",2021-05-15,"22","27  day ahead inc hosp",2021-06-11,"quantile",0.55,73.2385145906681
"16781",2021-05-15,"22","27  day ahead inc hosp",2021-06-11,"quantile",0.6,77.9164817287975
"16782",2021-05-15,"22","27  day ahead inc hosp",2021-06-11,"quantile",0.65,82.9834452542982
"16783",2021-05-15,"22","27  day ahead inc hosp",2021-06-11,"quantile",0.7,88.5866105887794
"16784",2021-05-15,"22","27  day ahead inc hosp",2021-06-11,"quantile",0.75,94.9466582765843
"16785",2021-05-15,"22","27  day ahead inc hosp",2021-06-11,"quantile",0.8,102.425335607545
"16786",2021-05-15,"22","27  day ahead inc hosp",2021-06-11,"quantile",0.85,111.69072810309
"16787",2021-05-15,"22","27  day ahead inc hosp",2021-06-11,"quantile",0.9,124.225433977246
"16788",2021-05-15,"22","27  day ahead inc hosp",2021-06-11,"quantile",0.95,144.708178523145
"16789",2021-05-15,"22","27  day ahead inc hosp",2021-06-11,"quantile",0.975,164.43865285942
"16790",2021-05-15,"22","27  day ahead inc hosp",2021-06-11,"quantile",0.99,189.842332517375
"16791",2021-05-15,"22","28  day ahead inc hosp",2021-06-12,"quantile",0.01,12.0893511235583
"16792",2021-05-15,"22","28  day ahead inc hosp",2021-06-12,"quantile",0.025,15.9289565238929
"16793",2021-05-15,"22","28  day ahead inc hosp",2021-06-12,"quantile",0.05,19.9062298765356
"16794",2021-05-15,"22","28  day ahead inc hosp",2021-06-12,"quantile",0.1,25.3679804334991
"16795",2021-05-15,"22","28  day ahead inc hosp",2021-06-12,"quantile",0.15,29.6405608765318
"16796",2021-05-15,"22","28  day ahead inc hosp",2021-06-12,"quantile",0.2,33.4039503712027
"16797",2021-05-15,"22","28  day ahead inc hosp",2021-06-12,"quantile",0.25,36.9087566942204
"16798",2021-05-15,"22","28  day ahead inc hosp",2021-06-12,"quantile",0.3,40.2848975802807
"16799",2021-05-15,"22","28  day ahead inc hosp",2021-06-12,"quantile",0.35,43.6153571603758
"16800",2021-05-15,"22","28  day ahead inc hosp",2021-06-12,"quantile",0.4,46.9626223455345
"16801",2021-05-15,"22","28  day ahead inc hosp",2021-06-12,"quantile",0.45,50.381020208511
"16802",2021-05-15,"22","28  day ahead inc hosp",2021-06-12,"quantile",0.5,53.9241585960306
"16803",2021-05-15,"22","28  day ahead inc hosp",2021-06-12,"quantile",0.55,57.6509741872465
"16804",2021-05-15,"22","28  day ahead inc hosp",2021-06-12,"quantile",0.6,61.6323957562255
"16805",2021-05-15,"22","28  day ahead inc hosp",2021-06-12,"quantile",0.65,65.9606610043798
"16806",2021-05-15,"22","28  day ahead inc hosp",2021-06-12,"quantile",0.7,70.7646368756277
"16807",2021-05-15,"22","28  day ahead inc hosp",2021-06-12,"quantile",0.75,76.2383113913657
"16808",2021-05-15,"22","28  day ahead inc hosp",2021-06-12,"quantile",0.8,82.7006630326171
"16809",2021-05-15,"22","28  day ahead inc hosp",2021-06-12,"quantile",0.85,90.7423263261801
"16810",2021-05-15,"22","28  day ahead inc hosp",2021-06-12,"quantile",0.9,101.677411908357
"16811",2021-05-15,"22","28  day ahead inc hosp",2021-06-12,"quantile",0.95,119.666362804644
"16812",2021-05-15,"22","28  day ahead inc hosp",2021-06-12,"quantile",0.975,137.115041381687
"16813",2021-05-15,"22","28  day ahead inc hosp",2021-06-12,"quantile",0.99,159.727349919965
"16814",2021-05-15,"22","29  day ahead inc hosp",2021-06-13,"quantile",0.01,14.6970379214016
"16815",2021-05-15,"22","29  day ahead inc hosp",2021-06-13,"quantile",0.025,19.2862187806778
"16816",2021-05-15,"22","29  day ahead inc hosp",2021-06-13,"quantile",0.05,24.0273541607074
"16817",2021-05-15,"22","29  day ahead inc hosp",2021-06-13,"quantile",0.1,30.5227447934766
"16818",2021-05-15,"22","29  day ahead inc hosp",2021-06-13,"quantile",0.15,35.5943575275443
"16819",2021-05-15,"22","29  day ahead inc hosp",2021-06-13,"quantile",0.2,40.0559371297643
"16820",2021-05-15,"22","29  day ahead inc hosp",2021-06-13,"quantile",0.25,44.2069122312706
"16821",2021-05-15,"22","29  day ahead inc hosp",2021-06-13,"quantile",0.3,48.202251273704
"16822",2021-05-15,"22","29  day ahead inc hosp",2021-06-13,"quantile",0.35,52.14073610219
"16823",2021-05-15,"22","29  day ahead inc hosp",2021-06-13,"quantile",0.4,56.0965656122393
"16824",2021-05-15,"22","29  day ahead inc hosp",2021-06-13,"quantile",0.45,60.1340771009716
"16825",2021-05-15,"22","29  day ahead inc hosp",2021-06-13,"quantile",0.5,64.3165951407385
"16826",2021-05-15,"22","29  day ahead inc hosp",2021-06-13,"quantile",0.55,68.7135909939025
"16827",2021-05-15,"22","29  day ahead inc hosp",2021-06-13,"quantile",0.6,73.4085363052398
"16828",2021-05-15,"22","29  day ahead inc hosp",2021-06-13,"quantile",0.65,78.5098544309498
"16829",2021-05-15,"22","29  day ahead inc hosp",2021-06-13,"quantile",0.7,84.168903680419
"16830",2021-05-15,"22","29  day ahead inc hosp",2021-06-13,"quantile",0.75,90.6133995130351
"16831",2021-05-15,"22","29  day ahead inc hosp",2021-06-13,"quantile",0.8,98.217618863442
"16832",2021-05-15,"22","29  day ahead inc hosp",2021-06-13,"quantile",0.85,107.674338877071
"16833",2021-05-15,"22","29  day ahead inc hosp",2021-06-13,"quantile",0.9,120.524373828833
"16834",2021-05-15,"22","29  day ahead inc hosp",2021-06-13,"quantile",0.95,141.643702883945
"16835",2021-05-15,"22","29  day ahead inc hosp",2021-06-13,"quantile",0.975,162.108911897671
"16836",2021-05-15,"22","29  day ahead inc hosp",2021-06-13,"quantile",0.99,188.60637972475
"16837",2021-05-15,"22","30  day ahead inc hosp",2021-06-14,"quantile",0.01,16.0805772957421
"16838",2021-05-15,"22","30  day ahead inc hosp",2021-06-14,"quantile",0.025,21.1022892611806
"16839",2021-05-15,"22","30  day ahead inc hosp",2021-06-14,"quantile",0.05,26.2903605371963
"16840",2021-05-15,"22","30  day ahead inc hosp",2021-06-14,"quantile",0.1,33.398157859834
"16841",2021-05-15,"22","30  day ahead inc hosp",2021-06-14,"quantile",0.15,38.9480020094833
"16842",2021-05-15,"22","30  day ahead inc hosp",2021-06-14,"quantile",0.2,43.83032666187
"16843",2021-05-15,"22","30  day ahead inc hosp",2021-06-14,"quantile",0.25,48.3727823448815
"16844",2021-05-15,"22","30  day ahead inc hosp",2021-06-14,"quantile",0.3,52.7449453644468
"16845",2021-05-15,"22","30  day ahead inc hosp",2021-06-14,"quantile",0.35,57.054910423834
"16846",2021-05-15,"22","30  day ahead inc hosp",2021-06-14,"quantile",0.4,61.3838728797361
"16847",2021-05-15,"22","30  day ahead inc hosp",2021-06-14,"quantile",0.45,65.8022377454407
"16848",2021-05-15,"22","30  day ahead inc hosp",2021-06-14,"quantile",0.5,70.3793028636579
"16849",2021-05-15,"22","30  day ahead inc hosp",2021-06-14,"quantile",0.55,75.1910935528934
"16850",2021-05-15,"22","30  day ahead inc hosp",2021-06-14,"quantile",0.6,80.3289572363362
"16851",2021-05-15,"22","30  day ahead inc hosp",2021-06-14,"quantile",0.65,85.9115481454282
"16852",2021-05-15,"22","30  day ahead inc hosp",2021-06-14,"quantile",0.7,92.1045076372375
"16853",2021-05-15,"22","30  day ahead inc hosp",2021-06-14,"quantile",0.75,99.1570405851885
"16854",2021-05-15,"22","30  day ahead inc hosp",2021-06-14,"quantile",0.8,107.478745350515
"16855",2021-05-15,"22","30  day ahead inc hosp",2021-06-14,"quantile",0.85,117.827779811842
"16856",2021-05-15,"22","30  day ahead inc hosp",2021-06-14,"quantile",0.9,131.890376034253
"16857",2021-05-15,"22","30  day ahead inc hosp",2021-06-14,"quantile",0.95,155.00270924184
"16858",2021-05-15,"22","30  day ahead inc hosp",2021-06-14,"quantile",0.975,177.399325620198
"16859",2021-05-15,"22","30  day ahead inc hosp",2021-06-14,"quantile",0.99,206.397656021023
"16860",2021-05-15,"22","31  day ahead inc hosp",2021-06-15,"quantile",0.01,15.0094687434584
"16861",2021-05-15,"22","31  day ahead inc hosp",2021-06-15,"quantile",0.025,19.8931144741291
"16862",2021-05-15,"22","31  day ahead inc hosp",2021-06-15,"quantile",0.05,24.9712570483753
"16863",2021-05-15,"22","31  day ahead inc hosp",2021-06-15,"quantile",0.1,31.9684752098682
"16864",2021-05-15,"22","31  day ahead inc hosp",2021-06-15,"quantile",0.15,37.4570442757244
"16865",2021-05-15,"22","31  day ahead inc hosp",2021-06-15,"quantile",0.2,42.3002458451518
"16866",2021-05-15,"22","31  day ahead inc hosp",2021-06-15,"quantile",0.25,46.8169824567708
"16867",2021-05-15,"22","31  day ahead inc hosp",2021-06-15,"quantile",0.3,51.1729776336743
"16868",2021-05-15,"22","31  day ahead inc hosp",2021-06-15,"quantile",0.35,55.4744026986737
"16869",2021-05-15,"22","31  day ahead inc hosp",2021-06-15,"quantile",0.4,59.801491035782
"16870",2021-05-15,"22","31  day ahead inc hosp",2021-06-15,"quantile",0.45,64.2242680196587
"16871",2021-05-15,"22","31  day ahead inc hosp",2021-06-15,"quantile",0.5,68.8120836717459
"16872",2021-05-15,"22","31  day ahead inc hosp",2021-06-15,"quantile",0.55,73.6414133056163
"16873",2021-05-15,"22","31  day ahead inc hosp",2021-06-15,"quantile",0.6,78.8045047592215
"16874",2021-05-15,"22","31  day ahead inc hosp",2021-06-15,"quantile",0.65,84.4215162401298
"16875",2021-05-15,"22","31  day ahead inc hosp",2021-06-15,"quantile",0.7,90.6605142557837
"16876",2021-05-15,"22","31  day ahead inc hosp",2021-06-15,"quantile",0.75,97.7746991305685
"16877",2021-05-15,"22","31  day ahead inc hosp",2021-06-15,"quantile",0.8,106.180665924298
"16878",2021-05-15,"22","31  day ahead inc hosp",2021-06-15,"quantile",0.85,116.650196027722
"16879",2021-05-15,"22","31  day ahead inc hosp",2021-06-15,"quantile",0.9,130.901315141499
"16880",2021-05-15,"22","31  day ahead inc hosp",2021-06-15,"quantile",0.95,154.376747101654
"16881",2021-05-15,"22","31  day ahead inc hosp",2021-06-15,"quantile",0.975,177.178540014609
"16882",2021-05-15,"22","31  day ahead inc hosp",2021-06-15,"quantile",0.99,206.766292752059
"16883",2021-05-15,"22","32  day ahead inc hosp",2021-06-16,"quantile",0.01,12.9205869856684
"16884",2021-05-15,"22","32  day ahead inc hosp",2021-06-16,"quantile",0.025,17.3973697243934
"16885",2021-05-15,"22","32  day ahead inc hosp",2021-06-16,"quantile",0.05,22.1004505911287
"16886",2021-05-15,"22","32  day ahead inc hosp",2021-06-16,"quantile",0.1,28.6398621259915
"16887",2021-05-15,"22","32  day ahead inc hosp",2021-06-16,"quantile",0.15,33.806378551558
"16888",2021-05-15,"22","32  day ahead inc hosp",2021-06-16,"quantile",0.2,38.387290539218
"16889",2021-05-15,"22","32  day ahead inc hosp",2021-06-16,"quantile",0.25,42.6752635670855
"16890",2021-05-15,"22","32  day ahead inc hosp",2021-06-16,"quantile",0.3,46.8233937094018
"16891",2021-05-15,"22","32  day ahead inc hosp",2021-06-16,"quantile",0.35,50.9305615080326
"16892",2021-05-15,"22","32  day ahead inc hosp",2021-06-16,"quantile",0.4,55.0722152994719
"16893",2021-05-15,"22","32  day ahead inc hosp",2021-06-16,"quantile",0.45,59.3148844347693
"16894",2021-05-15,"22","32  day ahead inc hosp",2021-06-16,"quantile",0.5,63.7250912983308
"16895",2021-05-15,"22","32  day ahead inc hosp",2021-06-16,"quantile",0.55,68.3767759284565
"16896",2021-05-15,"22","32  day ahead inc hosp",2021-06-16,"quantile",0.6,73.3596602020912
"16897",2021-05-15,"22","32  day ahead inc hosp",2021-06-16,"quantile",0.65,78.7911061041216
"16898",2021-05-15,"22","32  day ahead inc hosp",2021-06-16,"quantile",0.7,84.835750260789
"16899",2021-05-15,"22","32  day ahead inc hosp",2021-06-16,"quantile",0.75,91.7421396887155
"16900",2021-05-15,"22","32  day ahead inc hosp",2021-06-16,"quantile",0.8,99.9198529755725
"16901",2021-05-15,"22","32  day ahead inc hosp",2021-06-16,"quantile",0.85,110.128680296105
"16902",2021-05-15,"22","32  day ahead inc hosp",2021-06-16,"quantile",0.9,124.062202755785
"16903",2021-05-15,"22","32  day ahead inc hosp",2021-06-16,"quantile",0.95,147.094675244058
"16904",2021-05-15,"22","32  day ahead inc hosp",2021-06-16,"quantile",0.975,169.546644383659
"16905",2021-05-15,"22","32  day ahead inc hosp",2021-06-16,"quantile",0.99,198.778377078999
"16906",2021-05-15,"22","33  day ahead inc hosp",2021-06-17,"quantile",0.01,13.0189462187808
"16907",2021-05-15,"22","33  day ahead inc hosp",2021-06-17,"quantile",0.025,17.6136902195915
"16908",2021-05-15,"22","33  day ahead inc hosp",2021-06-17,"quantile",0.05,22.4556375274613
"16909",2021-05-15,"22","33  day ahead inc hosp",2021-06-17,"quantile",0.1,29.206468766237
"16910",2021-05-15,"22","33  day ahead inc hosp",2021-06-17,"quantile",0.15,34.551505296126
"16911",2021-05-15,"22","33  day ahead inc hosp",2021-06-17,"quantile",0.2,39.2974785409429
"16912",2021-05-15,"22","33  day ahead inc hosp",2021-06-17,"quantile",0.25,43.7448560616899
"16913",2021-05-15,"22","33  day ahead inc hosp",2021-06-17,"quantile",0.3,48.0511328659779
"16914",2021-05-15,"22","33  day ahead inc hosp",2021-06-17,"quantile",0.35,52.318282788436
"16915",2021-05-15,"22","33  day ahead inc hosp",2021-06-17,"quantile",0.4,56.6243421616553
"16916",2021-05-15,"22","33  day ahead inc hosp",2021-06-17,"quantile",0.45,61.0383346773124
"16917",2021-05-15,"22","33  day ahead inc hosp",2021-06-17,"quantile",0.5,65.6294731900915
"16918",2021-05-15,"22","33  day ahead inc hosp",2021-06-17,"quantile",0.55,70.4748671344635
"16919",2021-05-15,"22","33  day ahead inc hosp",2021-06-17,"quantile",0.6,75.6682465977757
"16920",2021-05-15,"22","33  day ahead inc hosp",2021-06-17,"quantile",0.65,81.3323666402452
"16921",2021-05-15,"22","33  day ahead inc hosp",2021-06-17,"quantile",0.7,87.6395753186395
"16922",2021-05-15,"22","33  day ahead inc hosp",2021-06-17,"quantile",0.75,94.8502173817875
"16923",2021-05-15,"22","33  day ahead inc hosp",2021-06-17,"quantile",0.8,103.393507511828
"16924",2021-05-15,"22","33  day ahead inc hosp",2021-06-17,"quantile",0.85,114.065969722123
"16925",2021-05-15,"22","33  day ahead inc hosp",2021-06-17,"quantile",0.9,128.643754799606
"16926",2021-05-15,"22","33  day ahead inc hosp",2021-06-17,"quantile",0.95,152.765894436721
"16927",2021-05-15,"22","33  day ahead inc hosp",2021-06-17,"quantile",0.975,176.304804097213
"16928",2021-05-15,"22","33  day ahead inc hosp",2021-06-17,"quantile",0.99,206.981798463089
"16929",2021-05-15,"22","34  day ahead inc hosp",2021-06-18,"quantile",0.01,14.2433839668947
"16930",2021-05-15,"22","34  day ahead inc hosp",2021-06-18,"quantile",0.025,19.2439319252675
"16931",2021-05-15,"22","34  day ahead inc hosp",2021-06-18,"quantile",0.05,24.5088543484681
"16932",2021-05-15,"22","34  day ahead inc hosp",2021-06-18,"quantile",0.1,31.8437042140716
"16933",2021-05-15,"22","34  day ahead inc hosp",2021-06-18,"quantile",0.15,37.6475715026211
"16934",2021-05-15,"22","34  day ahead inc hosp",2021-06-18,"quantile",0.2,42.798846219216
"16935",2021-05-15,"22","34  day ahead inc hosp",2021-06-18,"quantile",0.25,47.6245053907227
"16936",2021-05-15,"22","34  day ahead inc hosp",2021-06-18,"quantile",0.3,52.2958401144655
"16937",2021-05-15,"22","34  day ahead inc hosp",2021-06-18,"quantile",0.35,56.9236780695381
"16938",2021-05-15,"22","34  day ahead inc hosp",2021-06-18,"quantile",0.4,61.5927600617754
"16939",2021-05-15,"22","34  day ahead inc hosp",2021-06-18,"quantile",0.45,66.3779739167437
"16940",2021-05-15,"22","34  day ahead inc hosp",2021-06-18,"quantile",0.5,71.3543517850401
"16941",2021-05-15,"22","34  day ahead inc hosp",2021-06-18,"quantile",0.55,76.6054309800328
"16942",2021-05-15,"22","34  day ahead inc hosp",2021-06-18,"quantile",0.6,82.2327048601591
"16943",2021-05-15,"22","34  day ahead inc hosp",2021-06-18,"quantile",0.65,88.369049509655
"16944",2021-05-15,"22","34  day ahead inc hosp",2021-06-18,"quantile",0.7,95.2009779376712
"16945",2021-05-15,"22","34  day ahead inc hosp",2021-06-18,"quantile",0.75,103.010184078558
"16946",2021-05-15,"22","34  day ahead inc hosp",2021-06-18,"quantile",0.8,112.261019757917
"16947",2021-05-15,"22","34  day ahead inc hosp",2021-06-18,"quantile",0.85,123.815120614441
"16948",2021-05-15,"22","34  day ahead inc hosp",2021-06-18,"quantile",0.9,139.593615811232
"16949",2021-05-15,"22","34  day ahead inc hosp",2021-06-18,"quantile",0.95,165.694972933455
"16950",2021-05-15,"22","34  day ahead inc hosp",2021-06-18,"quantile",0.975,191.157613623776
"16951",2021-05-15,"22","34  day ahead inc hosp",2021-06-18,"quantile",0.99,224.332420851111
"16952",2021-05-15,"22","35  day ahead inc hosp",2021-06-19,"quantile",0.01,11.6059225086135
"16953",2021-05-15,"22","35  day ahead inc hosp",2021-06-19,"quantile",0.025,16.0045186083501
"16954",2021-05-15,"22","35  day ahead inc hosp",2021-06-19,"quantile",0.05,20.6972228235996
"16955",2021-05-15,"22","35  day ahead inc hosp",2021-06-19,"quantile",0.1,27.3109491852275
"16956",2021-05-15,"22","35  day ahead inc hosp",2021-06-19,"quantile",0.15,32.5921251387596
"16957",2021-05-15,"22","35  day ahead inc hosp",2021-06-19,"quantile",0.2,37.3078637516685
"16958",2021-05-15,"22","35  day ahead inc hosp",2021-06-19,"quantile",0.25,41.7460979081165
"16959",2021-05-15,"22","35  day ahead inc hosp",2021-06-19,"quantile",0.3,46.0589933267772
"16960",2021-05-15,"22","35  day ahead inc hosp",2021-06-19,"quantile",0.35,50.3460646386317
"16961",2021-05-15,"22","35  day ahead inc hosp",2021-06-19,"quantile",0.4,54.6843635880285
"16962",2021-05-15,"22","35  day ahead inc hosp",2021-06-19,"quantile",0.45,59.1428793514972
"16963",2021-05-15,"22","35  day ahead inc hosp",2021-06-19,"quantile",0.5,63.7915631155367
"16964",2021-05-15,"22","35  day ahead inc hosp",2021-06-19,"quantile",0.55,68.7090502968128
"16965",2021-05-15,"22","35  day ahead inc hosp",2021-06-19,"quantile",0.6,73.9915637588915
"16966",2021-05-15,"22","35  day ahead inc hosp",2021-06-19,"quantile",0.65,79.7657132544904
"16967",2021-05-15,"22","35  day ahead inc hosp",2021-06-19,"quantile",0.7,86.209833660358
"16968",2021-05-15,"22","35  day ahead inc hosp",2021-06-19,"quantile",0.75,93.593929679167
"16969",2021-05-15,"22","35  day ahead inc hosp",2021-06-19,"quantile",0.8,102.363914738287
"16970",2021-05-15,"22","35  day ahead inc hosp",2021-06-19,"quantile",0.85,113.348530768203
"16971",2021-05-15,"22","35  day ahead inc hosp",2021-06-19,"quantile",0.9,128.398537107387
"16972",2021-05-15,"22","35  day ahead inc hosp",2021-06-19,"quantile",0.95,153.400941926935
"16973",2021-05-15,"22","35  day ahead inc hosp",2021-06-19,"quantile",0.975,177.89813345405
"16974",2021-05-15,"22","35  day ahead inc hosp",2021-06-19,"quantile",0.99,209.945116485858
"16975",2021-05-15,"22","36  day ahead inc hosp",2021-06-20,"quantile",0.01,10.3950684500624
"16976",2021-05-15,"22","36  day ahead inc hosp",2021-06-20,"quantile",0.025,14.5355193770361
"16977",2021-05-15,"22","36  day ahead inc hosp",2021-06-20,"quantile",0.05,18.9924884850029
"16978",2021-05-15,"22","36  day ahead inc hosp",2021-06-20,"quantile",0.1,25.3230469456889
"16979",2021-05-15,"22","36  day ahead inc hosp",2021-06-20,"quantile",0.15,30.4090020117303
"16980",2021-05-15,"22","36  day ahead inc hosp",2021-06-20,"quantile",0.2,34.9687142376673
"16981",2021-05-15,"22","36  day ahead inc hosp",2021-06-20,"quantile",0.25,39.2733673079523
"16982",2021-05-15,"22","36  day ahead inc hosp",2021-06-20,"quantile",0.3,43.4671508148388
"16983",2021-05-15,"22","36  day ahead inc hosp",2021-06-20,"quantile",0.35,47.6450644251923
"16984",2021-05-15,"22","36  day ahead inc hosp",2021-06-20,"quantile",0.4,51.8812964398383
"16985",2021-05-15,"22","36  day ahead inc hosp",2021-06-20,"quantile",0.45,56.2428569823556
"16986",2021-05-15,"22","36  day ahead inc hosp",2021-06-20,"quantile",0.5,60.7982259269481
"16987",2021-05-15,"22","36  day ahead inc hosp",2021-06-20,"quantile",0.55,65.6248676669207
"16988",2021-05-15,"22","36  day ahead inc hosp",2021-06-20,"quantile",0.6,70.8180072510799
"16989",2021-05-15,"22","36  day ahead inc hosp",2021-06-20,"quantile",0.65,76.5033425202367
"16990",2021-05-15,"22","36  day ahead inc hosp",2021-06-20,"quantile",0.7,82.8583143835225
"16991",2021-05-15,"22","36  day ahead inc hosp",2021-06-20,"quantile",0.75,90.1519938251892
"16992",2021-05-15,"22","36  day ahead inc hosp",2021-06-20,"quantile",0.8,98.8292813104498
"16993",2021-05-15,"22","36  day ahead inc hosp",2021-06-20,"quantile",0.85,109.71788274198
"16994",2021-05-15,"22","36  day ahead inc hosp",2021-06-20,"quantile",0.9,124.668160856195
"16995",2021-05-15,"22","36  day ahead inc hosp",2021-06-20,"quantile",0.95,149.573586880054
"16996",2021-05-15,"22","36  day ahead inc hosp",2021-06-20,"quantile",0.975,174.044781149714
"16997",2021-05-15,"22","36  day ahead inc hosp",2021-06-20,"quantile",0.99,206.141978347725
"16998",2021-05-15,"22","37  day ahead inc hosp",2021-06-21,"quantile",0.01,12.8324426043989
"16999",2021-05-15,"22","37  day ahead inc hosp",2021-06-21,"quantile",0.025,17.7371862065558
"17000",2021-05-15,"22","37  day ahead inc hosp",2021-06-21,"quantile",0.05,22.977740135296
"17001",2021-05-15,"22","37  day ahead inc hosp",2021-06-21,"quantile",0.1,30.3732606479725
"17002",2021-05-15,"22","37  day ahead inc hosp",2021-06-21,"quantile",0.15,36.2847816160365
"17003",2021-05-15,"22","37  day ahead inc hosp",2021-06-21,"quantile",0.2,41.5669594514693
"17004",2021-05-15,"22","37  day ahead inc hosp",2021-06-21,"quantile",0.25,46.5408927185332
"17005",2021-05-15,"22","37  day ahead inc hosp",2021-06-21,"quantile",0.3,51.3764464828707
"17006",2021-05-15,"22","37  day ahead inc hosp",2021-06-21,"quantile",0.35,56.1848478693324
"17007",2021-05-15,"22","37  day ahead inc hosp",2021-06-21,"quantile",0.4,61.052340879806
"17008",2021-05-15,"22","37  day ahead inc hosp",2021-06-21,"quantile",0.45,66.0562591921261
"17009",2021-05-15,"22","37  day ahead inc hosp",2021-06-21,"quantile",0.5,71.2751192159138
"17010",2021-05-15,"22","37  day ahead inc hosp",2021-06-21,"quantile",0.55,76.7972790103849
"17011",2021-05-15,"22","37  day ahead inc hosp",2021-06-21,"quantile",0.6,82.7309433122295
"17012",2021-05-15,"22","37  day ahead inc hosp",2021-06-21,"quantile",0.65,89.2185655492192
"17013",2021-05-15,"22","37  day ahead inc hosp",2021-06-21,"quantile",0.7,96.4608728559504
"17014",2021-05-15,"22","37  day ahead inc hosp",2021-06-21,"quantile",0.75,104.76185386493
"17015",2021-05-15,"22","37  day ahead inc hosp",2021-06-21,"quantile",0.8,114.623648801716
"17016",2021-05-15,"22","37  day ahead inc hosp",2021-06-21,"quantile",0.85,126.979661756768
"17017",2021-05-15,"22","37  day ahead inc hosp",2021-06-21,"quantile",0.9,143.91475379109
"17018",2021-05-15,"22","37  day ahead inc hosp",2021-06-21,"quantile",0.95,172.062060506198
"17019",2021-05-15,"22","37  day ahead inc hosp",2021-06-21,"quantile",0.975,199.653879264369
"17020",2021-05-15,"22","37  day ahead inc hosp",2021-06-21,"quantile",0.99,235.765394311464
"17021",2021-05-15,"23","1  day ahead inc hosp",2021-05-16,"quantile",0.01,2.55999799108739
"17022",2021-05-15,"23","1  day ahead inc hosp",2021-05-16,"quantile",0.025,3.5198523487685
"17023",2021-05-15,"23","1  day ahead inc hosp",2021-05-16,"quantile",0.05,4.54194686872818
"17024",2021-05-15,"23","1  day ahead inc hosp",2021-05-16,"quantile",0.1,5.98006713171931
"17025",2021-05-15,"23","1  day ahead inc hosp",2021-05-16,"quantile",0.15,7.1269392988655
"17026",2021-05-15,"23","1  day ahead inc hosp",2021-05-16,"quantile",0.2,8.15014009645467
"17027",2021-05-15,"23","1  day ahead inc hosp",2021-05-16,"quantile",0.25,9.11249316272905
"17028",2021-05-15,"23","1  day ahead inc hosp",2021-05-16,"quantile",0.3,10.047156990416
"17029",2021-05-15,"23","1  day ahead inc hosp",2021-05-16,"quantile",0.35,10.9757831420562
"17030",2021-05-15,"23","1  day ahead inc hosp",2021-05-16,"quantile",0.4,11.9151055910304
"17031",2021-05-15,"23","1  day ahead inc hosp",2021-05-16,"quantile",0.45,12.8800793287567
"17032",2021-05-15,"23","1  day ahead inc hosp",2021-05-16,"quantile",0.5,13.8858423171225
"17033",2021-05-15,"23","1  day ahead inc hosp",2021-05-16,"quantile",0.55,14.9493888130241
"17034",2021-05-15,"23","1  day ahead inc hosp",2021-05-16,"quantile",0.6,16.0914932464615
"17035",2021-05-15,"23","1  day ahead inc hosp",2021-05-16,"quantile",0.65,17.3394714740497
"17036",2021-05-15,"23","1  day ahead inc hosp",2021-05-16,"quantile",0.7,18.7317804303829
"17037",2021-05-15,"23","1  day ahead inc hosp",2021-05-16,"quantile",0.75,20.3266252737123
"17038",2021-05-15,"23","1  day ahead inc hosp",2021-05-16,"quantile",0.8,22.2201070145339
"17039",2021-05-15,"23","1  day ahead inc hosp",2021-05-16,"quantile",0.85,24.5907921681197
"17040",2021-05-15,"23","1  day ahead inc hosp",2021-05-16,"quantile",0.9,27.8373685367011
"17041",2021-05-15,"23","1  day ahead inc hosp",2021-05-16,"quantile",0.95,33.2276460767284
"17042",2021-05-15,"23","1  day ahead inc hosp",2021-05-16,"quantile",0.975,38.5057733773363
"17043",2021-05-15,"23","1  day ahead inc hosp",2021-05-16,"quantile",0.99,45.406633345967
"17044",2021-05-15,"23","2  day ahead inc hosp",2021-05-17,"quantile",0.01,2.81237369681166
"17045",2021-05-15,"23","2  day ahead inc hosp",2021-05-17,"quantile",0.025,3.89169803900777
"17046",2021-05-15,"23","2  day ahead inc hosp",2021-05-17,"quantile",0.05,5.04575867681323
"17047",2021-05-15,"23","2  day ahead inc hosp",2021-05-17,"quantile",0.1,6.67541274357512
"17048",2021-05-15,"23","2  day ahead inc hosp",2021-05-17,"quantile",0.15,7.97870479207488
"17049",2021-05-15,"23","2  day ahead inc hosp",2021-05-17,"quantile",0.2,9.14363005130746
"17050",2021-05-15,"23","2  day ahead inc hosp",2021-05-17,"quantile",0.25,10.2408520093113
"17051",2021-05-15,"23","2  day ahead inc hosp",2021-05-17,"quantile",0.3,11.3077709214738
"17052",2021-05-15,"23","2  day ahead inc hosp",2021-05-17,"quantile",0.35,12.3688910521602
"17053",2021-05-15,"23","2  day ahead inc hosp",2021-05-17,"quantile",0.4,13.4432258863802
"17054",2021-05-15,"23","2  day ahead inc hosp",2021-05-17,"quantile",0.45,14.5478367132183
"17055",2021-05-15,"23","2  day ahead inc hosp",2021-05-17,"quantile",0.5,15.7000568888408
"17056",2021-05-15,"23","2  day ahead inc hosp",2021-05-17,"quantile",0.55,16.9194024463479
"17057",2021-05-15,"23","2  day ahead inc hosp",2021-05-17,"quantile",0.6,18.2297820590132
"17058",2021-05-15,"23","2  day ahead inc hosp",2021-05-17,"quantile",0.65,19.6626802110372
"17059",2021-05-15,"23","2  day ahead inc hosp",2021-05-17,"quantile",0.7,21.2624688749853
"17060",2021-05-15,"23","2  day ahead inc hosp",2021-05-17,"quantile",0.75,23.0963552728475
"17061",2021-05-15,"23","2  day ahead inc hosp",2021-05-17,"quantile",0.8,25.2753657930635
"17062",2021-05-15,"23","2  day ahead inc hosp",2021-05-17,"quantile",0.85,28.005899387417
"17063",2021-05-15,"23","2  day ahead inc hosp",2021-05-17,"quantile",0.9,31.7490101952007
"17064",2021-05-15,"23","2  day ahead inc hosp",2021-05-17,"quantile",0.95,37.9717332861254
"17065",2021-05-15,"23","2  day ahead inc hosp",2021-05-17,"quantile",0.975,44.0730665547466
"17066",2021-05-15,"23","2  day ahead inc hosp",2021-05-17,"quantile",0.99,52.0600711225277
"17067",2021-05-15,"23","3  day ahead inc hosp",2021-05-18,"quantile",0.01,2.32939894817143
"17068",2021-05-15,"23","3  day ahead inc hosp",2021-05-18,"quantile",0.025,3.33828273137215
"17069",2021-05-15,"23","3  day ahead inc hosp",2021-05-18,"quantile",0.05,4.44150418775404
"17070",2021-05-15,"23","3  day ahead inc hosp",2021-05-18,"quantile",0.1,6.02992692340462
"17071",2021-05-15,"23","3  day ahead inc hosp",2021-05-18,"quantile",0.15,7.31961808916753
"17072",2021-05-15,"23","3  day ahead inc hosp",2021-05-18,"quantile",0.2,8.48391950941657
"17073",2021-05-15,"23","3  day ahead inc hosp",2021-05-18,"quantile",0.25,9.58894751743378
"17074",2021-05-15,"23","3  day ahead inc hosp",2021-05-18,"quantile",0.3,10.6702461447255
"17075",2021-05-15,"23","3  day ahead inc hosp",2021-05-18,"quantile",0.35,11.7515478032317
"17076",2021-05-15,"23","3  day ahead inc hosp",2021-05-18,"quantile",0.4,12.8516690033655
"17077",2021-05-15,"23","3  day ahead inc hosp",2021-05-18,"quantile",0.45,13.9878662995801
"17078",2021-05-15,"23","3  day ahead inc hosp",2021-05-18,"quantile",0.5,15.1780120102215
"17079",2021-05-15,"23","3  day ahead inc hosp",2021-05-18,"quantile",0.55,16.4425362417595
"17080",2021-05-15,"23","3  day ahead inc hosp",2021-05-18,"quantile",0.6,17.8067444212881
"17081",2021-05-15,"23","3  day ahead inc hosp",2021-05-18,"quantile",0.65,19.3042159451858
"17082",2021-05-15,"23","3  day ahead inc hosp",2021-05-18,"quantile",0.7,20.982524720443
"17083",2021-05-15,"23","3  day ahead inc hosp",2021-05-18,"quantile",0.75,22.9139970427645
"17084",2021-05-15,"23","3  day ahead inc hosp",2021-05-18,"quantile",0.8,25.2184573474531
"17085",2021-05-15,"23","3  day ahead inc hosp",2021-05-18,"quantile",0.85,28.119209810753
"17086",2021-05-15,"23","3  day ahead inc hosp",2021-05-18,"quantile",0.9,32.1163228563163
"17087",2021-05-15,"23","3  day ahead inc hosp",2021-05-18,"quantile",0.95,38.8060337143181
"17088",2021-05-15,"23","3  day ahead inc hosp",2021-05-18,"quantile",0.975,45.4103012656934
"17089",2021-05-15,"23","3  day ahead inc hosp",2021-05-18,"quantile",0.99,54.1108144316382
"17090",2021-05-15,"23","4  day ahead inc hosp",2021-05-19,"quantile",0.01,2.17594282811047
"17091",2021-05-15,"23","4  day ahead inc hosp",2021-05-19,"quantile",0.025,3.14195148455559
"17092",2021-05-15,"23","4  day ahead inc hosp",2021-05-19,"quantile",0.05,4.20337249415995
"17093",2021-05-15,"23","4  day ahead inc hosp",2021-05-19,"quantile",0.1,5.73792540599246
"17094",2021-05-15,"23","4  day ahead inc hosp",2021-05-19,"quantile",0.15,6.98785727001995
"17095",2021-05-15,"23","4  day ahead inc hosp",2021-05-19,"quantile",0.2,8.11862282926625
"17096",2021-05-15,"23","4  day ahead inc hosp",2021-05-19,"quantile",0.25,9.19353352945687
"17097",2021-05-15,"23","4  day ahead inc hosp",2021-05-19,"quantile",0.3,10.2467430413998
"17098",2021-05-15,"23","4  day ahead inc hosp",2021-05-19,"quantile",0.35,11.3011500968026
"17099",2021-05-15,"23","4  day ahead inc hosp",2021-05-19,"quantile",0.4,12.3749948489407
"17100",2021-05-15,"23","4  day ahead inc hosp",2021-05-19,"quantile",0.45,13.4850822926768
"17101",2021-05-15,"23","4  day ahead inc hosp",2021-05-19,"quantile",0.5,14.6488862940874
"17102",2021-05-15,"23","4  day ahead inc hosp",2021-05-19,"quantile",0.55,15.8864429200383
"17103",2021-05-15,"23","4  day ahead inc hosp",2021-05-19,"quantile",0.6,17.2226242450933
"17104",2021-05-15,"23","4  day ahead inc hosp",2021-05-19,"quantile",0.65,18.6904847629045
"17105",2021-05-15,"23","4  day ahead inc hosp",2021-05-19,"quantile",0.7,20.3369035569539
"17106",2021-05-15,"23","4  day ahead inc hosp",2021-05-19,"quantile",0.75,22.2332034059678
"17107",2021-05-15,"23","4  day ahead inc hosp",2021-05-19,"quantile",0.8,24.4976135081334
"17108",2021-05-15,"23","4  day ahead inc hosp",2021-05-19,"quantile",0.85,27.350574317369
"17109",2021-05-15,"23","4  day ahead inc hosp",2021-05-19,"quantile",0.9,31.2859913212623
"17110",2021-05-15,"23","4  day ahead inc hosp",2021-05-19,"quantile",0.95,37.8814449181801
"17111",2021-05-15,"23","4  day ahead inc hosp",2021-05-19,"quantile",0.975,44.401711983815
"17112",2021-05-15,"23","4  day ahead inc hosp",2021-05-19,"quantile",0.99,53.0026251050296
"17113",2021-05-15,"23","5  day ahead inc hosp",2021-05-20,"quantile",0.01,2.37456181395697
"17114",2021-05-15,"23","5  day ahead inc hosp",2021-05-20,"quantile",0.025,3.4157685109818
"17115",2021-05-15,"23","5  day ahead inc hosp",2021-05-20,"quantile",0.05,4.55705523566565
"17116",2021-05-15,"23","5  day ahead inc hosp",2021-05-20,"quantile",0.1,6.20365776117507
"17117",2021-05-15,"23","5  day ahead inc hosp",2021-05-20,"quantile",0.15,7.54271020315546
"17118",2021-05-15,"23","5  day ahead inc hosp",2021-05-20,"quantile",0.2,8.75283070052971
"17119",2021-05-15,"23","5  day ahead inc hosp",2021-05-20,"quantile",0.25,9.90225686458811
"17120",2021-05-15,"23","5  day ahead inc hosp",2021-05-20,"quantile",0.3,11.0277358498253
"17121",2021-05-15,"23","5  day ahead inc hosp",2021-05-20,"quantile",0.35,12.1538538348956
"17122",2021-05-15,"23","5  day ahead inc hosp",2021-05-20,"quantile",0.4,13.3001493346673
"17123",2021-05-15,"23","5  day ahead inc hosp",2021-05-20,"quantile",0.45,14.4845820616987
"17124",2021-05-15,"23","5  day ahead inc hosp",2021-05-20,"quantile",0.5,15.7257894319737
"17125",2021-05-15,"23","5  day ahead inc hosp",2021-05-20,"quantile",0.55,17.0451088432079
"17126",2021-05-15,"23","5  day ahead inc hosp",2021-05-20,"quantile",0.6,18.4689986377825
"17127",2021-05-15,"23","5  day ahead inc hosp",2021-05-20,"quantile",0.65,20.0325947581062
"17128",2021-05-15,"23","5  day ahead inc hosp",2021-05-20,"quantile",0.7,21.7857023250495
"17129",2021-05-15,"23","5  day ahead inc hosp",2021-05-20,"quantile",0.75,23.804067796747
"17130",2021-05-15,"23","5  day ahead inc hosp",2021-05-20,"quantile",0.8,26.213217594517
"17131",2021-05-15,"23","5  day ahead inc hosp",2021-05-20,"quantile",0.85,29.2471399840224
"17132",2021-05-15,"23","5  day ahead inc hosp",2021-05-20,"quantile",0.9,33.4299619525671
"17133",2021-05-15,"23","5  day ahead inc hosp",2021-05-20,"quantile",0.95,40.4352545481613
"17134",2021-05-15,"23","5  day ahead inc hosp",2021-05-20,"quantile",0.975,47.3558720224974
"17135",2021-05-15,"23","5  day ahead inc hosp",2021-05-20,"quantile",0.99,56.4790087146249
"17136",2021-05-15,"23","6  day ahead inc hosp",2021-05-21,"quantile",0.01,2.06656138274218
"17137",2021-05-15,"23","6  day ahead inc hosp",2021-05-21,"quantile",0.025,3.03264248206185
"17138",2021-05-15,"23","6  day ahead inc hosp",2021-05-21,"quantile",0.05,4.10509949961878
"17139",2021-05-15,"23","6  day ahead inc hosp",2021-05-21,"quantile",0.1,5.66928207044421
"17140",2021-05-15,"23","6  day ahead inc hosp",2021-05-21,"quantile",0.15,6.95199293953674
"17141",2021-05-15,"23","6  day ahead inc hosp",2021-05-21,"quantile",0.2,8.11754743141054
"17142",2021-05-15,"23","6  day ahead inc hosp",2021-05-21,"quantile",0.25,9.22926218176194
"17143",2021-05-15,"23","6  day ahead inc hosp",2021-05-21,"quantile",0.3,10.3215510185647
"17144",2021-05-15,"23","6  day ahead inc hosp",2021-05-21,"quantile",0.35,11.4176950895004
"17145",2021-05-15,"23","6  day ahead inc hosp",2021-05-21,"quantile",0.4,12.5364251056952
"17146",2021-05-15,"23","6  day ahead inc hosp",2021-05-21,"quantile",0.45,13.69516684752
"17147",2021-05-15,"23","6  day ahead inc hosp",2021-05-21,"quantile",0.5,14.9121909879594
"17148",2021-05-15,"23","6  day ahead inc hosp",2021-05-21,"quantile",0.55,16.2085812174198
"17149",2021-05-15,"23","6  day ahead inc hosp",2021-05-21,"quantile",0.6,17.6106292597202
"17150",2021-05-15,"23","6  day ahead inc hosp",2021-05-21,"quantile",0.65,19.1533854808558
"17151",2021-05-15,"23","6  day ahead inc hosp",2021-05-21,"quantile",0.7,20.8866660729205
"17152",2021-05-15,"23","6  day ahead inc hosp",2021-05-21,"quantile",0.75,22.8863778893247
"17153",2021-05-15,"23","6  day ahead inc hosp",2021-05-21,"quantile",0.8,25.2784967804111
"17154",2021-05-15,"23","6  day ahead inc hosp",2021-05-21,"quantile",0.85,28.2981477652002
"17155",2021-05-15,"23","6  day ahead inc hosp",2021-05-21,"quantile",0.9,32.4726916126794
"17156",2021-05-15,"23","6  day ahead inc hosp",2021-05-21,"quantile",0.95,39.4888233230589
"17157",2021-05-15,"23","6  day ahead inc hosp",2021-05-21,"quantile",0.975,46.4450381026256
"17158",2021-05-15,"23","6  day ahead inc hosp",2021-05-21,"quantile",0.99,55.6455669541712
"17159",2021-05-15,"23","7  day ahead inc hosp",2021-05-22,"quantile",0.01,2.14832309268453
"17160",2021-05-15,"23","7  day ahead inc hosp",2021-05-22,"quantile",0.025,3.15767777749572
"17161",2021-05-15,"23","7  day ahead inc hosp",2021-05-22,"quantile",0.05,4.27931076459441
"17162",2021-05-15,"23","7  day ahead inc hosp",2021-05-22,"quantile",0.1,5.91663195569169
"17163",2021-05-15,"23","7  day ahead inc hosp",2021-05-22,"quantile",0.15,7.2602120814388
"17164",2021-05-15,"23","7  day ahead inc hosp",2021-05-22,"quantile",0.2,8.4816047154789
"17165",2021-05-15,"23","7  day ahead inc hosp",2021-05-22,"quantile",0.25,9.64696189454441
"17166",2021-05-15,"23","7  day ahead inc hosp",2021-05-22,"quantile",0.3,10.7922655802595
"17167",2021-05-15,"23","7  day ahead inc hosp",2021-05-22,"quantile",0.35,11.9418795722938
"17168",2021-05-15,"23","7  day ahead inc hosp",2021-05-22,"quantile",0.4,13.1154249942283
"17169",2021-05-15,"23","7  day ahead inc hosp",2021-05-22,"quantile",0.45,14.3311734503202
"17170",2021-05-15,"23","7  day ahead inc hosp",2021-05-22,"quantile",0.5,15.6082979516645
"17171",2021-05-15,"23","7  day ahead inc hosp",2021-05-22,"quantile",0.55,16.9689370848409
"17172",2021-05-15,"23","7  day ahead inc hosp",2021-05-22,"quantile",0.6,18.4407101094565
"17173",2021-05-15,"23","7  day ahead inc hosp",2021-05-22,"quantile",0.65,20.0604481928797
"17174",2021-05-15,"23","7  day ahead inc hosp",2021-05-22,"quantile",0.7,21.8805092718475
"17175",2021-05-15,"23","7  day ahead inc hosp",2021-05-22,"quantile",0.75,23.9806848086136
"17176",2021-05-15,"23","7  day ahead inc hosp",2021-05-22,"quantile",0.8,26.4934125386533
"17177",2021-05-15,"23","7  day ahead inc hosp",2021-05-22,"quantile",0.85,29.6659025485853
"17178",2021-05-15,"23","7  day ahead inc hosp",2021-05-22,"quantile",0.9,34.0526774447946
"17179",2021-05-15,"23","7  day ahead inc hosp",2021-05-22,"quantile",0.95,41.4275353532005
"17180",2021-05-15,"23","7  day ahead inc hosp",2021-05-22,"quantile",0.975,48.7414566314183
"17181",2021-05-15,"23","7  day ahead inc hosp",2021-05-22,"quantile",0.99,58.4175994984498
"17182",2021-05-15,"23","8  day ahead inc hosp",2021-05-23,"quantile",0.01,1.72673644218267
"17183",2021-05-15,"23","8  day ahead inc hosp",2021-05-23,"quantile",0.025,2.6031396440662
"17184",2021-05-15,"23","8  day ahead inc hosp",2021-05-23,"quantile",0.05,3.59274144939686
"17185",2021-05-15,"23","8  day ahead inc hosp",2021-05-23,"quantile",0.1,5.05706583573644
"17186",2021-05-15,"23","8  day ahead inc hosp",2021-05-23,"quantile",0.15,6.27121365323022
"17187",2021-05-15,"23","8  day ahead inc hosp",2021-05-23,"quantile",0.2,7.38240936930739
"17188",2021-05-15,"23","8  day ahead inc hosp",2021-05-23,"quantile",0.25,8.44806512251317
"17189",2021-05-15,"23","8  day ahead inc hosp",2021-05-23,"quantile",0.3,9.49978914208017
"17190",2021-05-15,"23","8  day ahead inc hosp",2021-05-23,"quantile",0.35,10.5592923663223
"17191",2021-05-15,"23","8  day ahead inc hosp",2021-05-23,"quantile",0.4,11.6443346246394
"17192",2021-05-15,"23","8  day ahead inc hosp",2021-05-23,"quantile",0.45,12.7717024468411
"17193",2021-05-15,"23","8  day ahead inc hosp",2021-05-23,"quantile",0.5,13.9592313198204
"17194",2021-05-15,"23","8  day ahead inc hosp",2021-05-23,"quantile",0.55,15.2277097425363
"17195",2021-05-15,"23","8  day ahead inc hosp",2021-05-23,"quantile",0.6,16.6032448299869
"17196",2021-05-15,"23","8  day ahead inc hosp",2021-05-23,"quantile",0.65,18.1208088489146
"17197",2021-05-15,"23","8  day ahead inc hosp",2021-05-23,"quantile",0.7,19.8302711794396
"17198",2021-05-15,"23","8  day ahead inc hosp",2021-05-23,"quantile",0.75,21.8077986541481
"17199",2021-05-15,"23","8  day ahead inc hosp",2021-05-23,"quantile",0.8,24.1800291974063
"17200",2021-05-15,"23","8  day ahead inc hosp",2021-05-23,"quantile",0.85,27.1837022683854
"17201",2021-05-15,"23","8  day ahead inc hosp",2021-05-23,"quantile",0.9,31.3506768374416
"17202",2021-05-15,"23","8  day ahead inc hosp",2021-05-23,"quantile",0.95,38.3856222315709
"17203",2021-05-15,"23","8  day ahead inc hosp",2021-05-23,"quantile",0.975,45.3923144034455
"17204",2021-05-15,"23","8  day ahead inc hosp",2021-05-23,"quantile",0.99,54.6986301594512
"17205",2021-05-15,"23","9  day ahead inc hosp",2021-05-24,"quantile",0.01,1.93546596455293
"17206",2021-05-15,"23","9  day ahead inc hosp",2021-05-24,"quantile",0.025,2.90165321833886
"17207",2021-05-15,"23","9  day ahead inc hosp",2021-05-24,"quantile",0.05,3.98882609798671
"17208",2021-05-15,"23","9  day ahead inc hosp",2021-05-24,"quantile",0.1,5.59277930752662
"17209",2021-05-15,"23","9  day ahead inc hosp",2021-05-24,"quantile",0.15,6.91970954231702
"17210",2021-05-15,"23","9  day ahead inc hosp",2021-05-24,"quantile",0.2,8.13235248536524
"17211",2021-05-15,"23","9  day ahead inc hosp",2021-05-24,"quantile",0.25,9.29401119354869
"17212",2021-05-15,"23","9  day ahead inc hosp",2021-05-24,"quantile",0.3,10.4394436906556
"17213",2021-05-15,"23","9  day ahead inc hosp",2021-05-24,"quantile",0.35,11.5924490617516
"17214",2021-05-15,"23","9  day ahead inc hosp",2021-05-24,"quantile",0.4,12.7724288260133
"17215",2021-05-15,"23","9  day ahead inc hosp",2021-05-24,"quantile",0.45,13.9976621160807
"17216",2021-05-15,"23","9  day ahead inc hosp",2021-05-24,"quantile",0.5,15.2875184008697
"17217",2021-05-15,"23","9  day ahead inc hosp",2021-05-24,"quantile",0.55,16.6645289843618
"17218",2021-05-15,"23","9  day ahead inc hosp",2021-05-24,"quantile",0.6,18.1569499791806
"17219",2021-05-15,"23","9  day ahead inc hosp",2021-05-24,"quantile",0.65,19.802596224579
"17220",2021-05-15,"23","9  day ahead inc hosp",2021-05-24,"quantile",0.7,21.6553552658296
"17221",2021-05-15,"23","9  day ahead inc hosp",2021-05-24,"quantile",0.75,23.7974925563375
"17222",2021-05-15,"23","9  day ahead inc hosp",2021-05-24,"quantile",0.8,26.3657361980413
"17223",2021-05-15,"23","9  day ahead inc hosp",2021-05-24,"quantile",0.85,29.6156067099442
"17224",2021-05-15,"23","9  day ahead inc hosp",2021-05-24,"quantile",0.9,34.1209669060082
"17225",2021-05-15,"23","9  day ahead inc hosp",2021-05-24,"quantile",0.95,41.7203366779533
"17226",2021-05-15,"23","9  day ahead inc hosp",2021-05-24,"quantile",0.975,49.2822794345253
"17227",2021-05-15,"23","9  day ahead inc hosp",2021-05-24,"quantile",0.99,59.3176299332698
"17228",2021-05-15,"23","10  day ahead inc hosp",2021-05-25,"quantile",0.01,1.34017264507606
"17229",2021-05-15,"23","10  day ahead inc hosp",2021-05-25,"quantile",0.025,2.09665012606003
"17230",2021-05-15,"23","10  day ahead inc hosp",2021-05-25,"quantile",0.05,2.97090233257512
"17231",2021-05-15,"23","10  day ahead inc hosp",2021-05-25,"quantile",0.1,4.28997643689107
"17232",2021-05-15,"23","10  day ahead inc hosp",2021-05-25,"quantile",0.15,5.39991576093684
"17233",2021-05-15,"23","10  day ahead inc hosp",2021-05-25,"quantile",0.2,6.42544456380495
"17234",2021-05-15,"23","10  day ahead inc hosp",2021-05-25,"quantile",0.25,7.41603773603523
"17235",2021-05-15,"23","10  day ahead inc hosp",2021-05-25,"quantile",0.3,8.39943978292641
"17236",2021-05-15,"23","10  day ahead inc hosp",2021-05-25,"quantile",0.35,9.39512066327434
"17237",2021-05-15,"23","10  day ahead inc hosp",2021-05-25,"quantile",0.4,10.4193733387284
"17238",2021-05-15,"23","10  day ahead inc hosp",2021-05-25,"quantile",0.45,11.4879250479074
"17239",2021-05-15,"23","10  day ahead inc hosp",2021-05-25,"quantile",0.5,12.6177738371645
"17240",2021-05-15,"23","10  day ahead inc hosp",2021-05-25,"quantile",0.55,13.8289834539314
"17241",2021-05-15,"23","10  day ahead inc hosp",2021-05-25,"quantile",0.6,15.1469724180564
"17242",2021-05-15,"23","10  day ahead inc hosp",2021-05-25,"quantile",0.65,16.6059931492067
"17243",2021-05-15,"23","10  day ahead inc hosp",2021-05-25,"quantile",0.7,18.2550870459552
"17244",2021-05-15,"23","10  day ahead inc hosp",2021-05-25,"quantile",0.75,20.1693741359406
"17245",2021-05-15,"23","10  day ahead inc hosp",2021-05-25,"quantile",0.8,22.4740354006156
"17246",2021-05-15,"23","10  day ahead inc hosp",2021-05-25,"quantile",0.85,25.4035574418441
"17247",2021-05-15,"23","10  day ahead inc hosp",2021-05-25,"quantile",0.9,29.4858384296382
"17248",2021-05-15,"23","10  day ahead inc hosp",2021-05-25,"quantile",0.95,36.4173802200985
"17249",2021-05-15,"23","10  day ahead inc hosp",2021-05-25,"quantile",0.975,43.3611103617585
"17250",2021-05-15,"23","10  day ahead inc hosp",2021-05-25,"quantile",0.99,52.6329906335909
"17251",2021-05-15,"23","11  day ahead inc hosp",2021-05-26,"quantile",0.01,1.74561963670493
"17252",2021-05-15,"23","11  day ahead inc hosp",2021-05-26,"quantile",0.025,2.67124069532966
"17253",2021-05-15,"23","11  day ahead inc hosp",2021-05-26,"quantile",0.05,3.7262810021818
"17254",2021-05-15,"23","11  day ahead inc hosp",2021-05-26,"quantile",0.1,5.29982911733771
"17255",2021-05-15,"23","11  day ahead inc hosp",2021-05-26,"quantile",0.15,6.6123955913719
"17256",2021-05-15,"23","11  day ahead inc hosp",2021-05-26,"quantile",0.2,7.81834018036774
"17257",2021-05-15,"23","11  day ahead inc hosp",2021-05-26,"quantile",0.25,8.97826757502096
"17258",2021-05-15,"23","11  day ahead inc hosp",2021-05-26,"quantile",0.3,10.1257888870252
"17259",2021-05-15,"23","11  day ahead inc hosp",2021-05-26,"quantile",0.35,11.2841896811425
"17260",2021-05-15,"23","11  day ahead inc hosp",2021-05-26,"quantile",0.4,12.4726937171175
"17261",2021-05-15,"23","11  day ahead inc hosp",2021-05-26,"quantile",0.45,13.7096280057164
"17262",2021-05-15,"23","11  day ahead inc hosp",2021-05-26,"quantile",0.5,15.0146025907642
"17263",2021-05-15,"23","11  day ahead inc hosp",2021-05-26,"quantile",0.55,16.4105944307848
"17264",2021-05-15,"23","11  day ahead inc hosp",2021-05-26,"quantile",0.6,17.9265647161577
"17265",2021-05-15,"23","11  day ahead inc hosp",2021-05-26,"quantile",0.65,19.6014054063558
"17266",2021-05-15,"23","11  day ahead inc hosp",2021-05-26,"quantile",0.7,21.4906695296978
"17267",2021-05-15,"23","11  day ahead inc hosp",2021-05-26,"quantile",0.75,23.6793078119796
"17268",2021-05-15,"23","11  day ahead inc hosp",2021-05-26,"quantile",0.8,26.3086962902728
"17269",2021-05-15,"23","11  day ahead inc hosp",2021-05-26,"quantile",0.85,29.6433471736339
"17270",2021-05-15,"23","11  day ahead inc hosp",2021-05-26,"quantile",0.9,34.2780285508064
"17271",2021-05-15,"23","11  day ahead inc hosp",2021-05-26,"quantile",0.95,42.121153606802
"17272",2021-05-15,"23","11  day ahead inc hosp",2021-05-26,"quantile",0.975,49.9515160959757
"17273",2021-05-15,"23","11  day ahead inc hosp",2021-05-26,"quantile",0.99,60.3748092747418
"17274",2021-05-15,"23","12  day ahead inc hosp",2021-05-27,"quantile",0.01,1.79475360181826
"17275",2021-05-15,"23","12  day ahead inc hosp",2021-05-27,"quantile",0.025,2.75266474089716
"17276",2021-05-15,"23","12  day ahead inc hosp",2021-05-27,"quantile",0.05,3.84606374867045
"17277",2021-05-15,"23","12  day ahead inc hosp",2021-05-27,"quantile",0.1,5.47876970418995
"17278",2021-05-15,"23","12  day ahead inc hosp",2021-05-27,"quantile",0.15,6.84191332077953
"17279",2021-05-15,"23","12  day ahead inc hosp",2021-05-27,"quantile",0.2,8.09505771123218
"17280",2021-05-15,"23","12  day ahead inc hosp",2021-05-27,"quantile",0.25,9.30091575554014
"17281",2021-05-15,"23","12  day ahead inc hosp",2021-05-27,"quantile",0.3,10.4943068489565
"17282",2021-05-15,"23","12  day ahead inc hosp",2021-05-27,"quantile",0.35,11.6993852659047
"17283",2021-05-15,"23","12  day ahead inc hosp",2021-05-27,"quantile",0.4,12.9361197317096
"17284",2021-05-15,"23","12  day ahead inc hosp",2021-05-27,"quantile",0.45,14.2235720571233
"17285",2021-05-15,"23","12  day ahead inc hosp",2021-05-27,"quantile",0.5,15.5821599802445
"17286",2021-05-15,"23","12  day ahead inc hosp",2021-05-27,"quantile",0.55,17.0358254123787
"17287",2021-05-15,"23","12  day ahead inc hosp",2021-05-27,"quantile",0.6,18.6147621056394
"17288",2021-05-15,"23","12  day ahead inc hosp",2021-05-27,"quantile",0.65,20.3595320604864
"17289",2021-05-15,"23","12  day ahead inc hosp",2021-05-27,"quantile",0.7,22.3280882747068
"17290",2021-05-15,"23","12  day ahead inc hosp",2021-05-27,"quantile",0.75,24.6090673311408
"17291",2021-05-15,"23","12  day ahead inc hosp",2021-05-27,"quantile",0.8,27.3499999275426
"17292",2021-05-15,"23","12  day ahead inc hosp",2021-05-27,"quantile",0.85,30.8269477084444
"17293",2021-05-15,"23","12  day ahead inc hosp",2021-05-27,"quantile",0.9,35.6607279595794
"17294",2021-05-15,"23","12  day ahead inc hosp",2021-05-27,"quantile",0.95,43.8436647467561
"17295",2021-05-15,"23","12  day ahead inc hosp",2021-05-27,"quantile",0.975,52.0161933352624
"17296",2021-05-15,"23","12  day ahead inc hosp",2021-05-27,"quantile",0.99,62.8985197858401
"17297",2021-05-15,"23","13  day ahead inc hosp",2021-05-28,"quantile",0.01,1.704429022239
"17298",2021-05-15,"23","13  day ahead inc hosp",2021-05-28,"quantile",0.025,2.64136935402565
"17299",2021-05-15,"23","13  day ahead inc hosp",2021-05-28,"quantile",0.05,3.71779324361236
"17300",2021-05-15,"23","13  day ahead inc hosp",2021-05-28,"quantile",0.1,5.33390772215329
"17301",2021-05-15,"23","13  day ahead inc hosp",2021-05-28,"quantile",0.15,6.68874803043722
"17302",2021-05-15,"23","13  day ahead inc hosp",2021-05-28,"quantile",0.2,7.93756127825121
"17303",2021-05-15,"23","13  day ahead inc hosp",2021-05-28,"quantile",0.25,9.14165728743451
"17304",2021-05-15,"23","13  day ahead inc hosp",2021-05-28,"quantile",0.3,10.3352530532433
"17305",2021-05-15,"23","13  day ahead inc hosp",2021-05-28,"quantile",0.35,11.5422281245887
"17306",2021-05-15,"23","13  day ahead inc hosp",2021-05-28,"quantile",0.4,12.7824499913057
"17307",2021-05-15,"23","13  day ahead inc hosp",2021-05-28,"quantile",0.45,14.0749951726548
"17308",2021-05-15,"23","13  day ahead inc hosp",2021-05-28,"quantile",0.5,15.4403942779697
"17309",2021-05-15,"23","13  day ahead inc hosp",2021-05-28,"quantile",0.55,16.9028056750339
"17310",2021-05-15,"23","13  day ahead inc hosp",2021-05-28,"quantile",0.6,18.492769836956
"17311",2021-05-15,"23","13  day ahead inc hosp",2021-05-28,"quantile",0.65,20.2513817298851
"17312",2021-05-15,"23","13  day ahead inc hosp",2021-05-28,"quantile",0.7,22.2374215374232
"17313",2021-05-15,"23","13  day ahead inc hosp",2021-05-28,"quantile",0.75,24.5408630404665
"17314",2021-05-15,"23","13  day ahead inc hosp",2021-05-28,"quantile",0.8,27.3115564472394
"17315",2021-05-15,"23","13  day ahead inc hosp",2021-05-28,"quantile",0.85,30.8300595823124
"17316",2021-05-15,"23","13  day ahead inc hosp",2021-05-28,"quantile",0.9,35.7276654283877
"17317",2021-05-15,"23","13  day ahead inc hosp",2021-05-28,"quantile",0.95,44.0318162421201
"17318",2021-05-15,"23","13  day ahead inc hosp",2021-05-28,"quantile",0.975,52.3386935160467
"17319",2021-05-15,"23","13  day ahead inc hosp",2021-05-28,"quantile",0.99,63.4162159998135
"17320",2021-05-15,"23","14  day ahead inc hosp",2021-05-29,"quantile",0.01,1.91346258027372
"17321",2021-05-15,"23","14  day ahead inc hosp",2021-05-29,"quantile",0.025,2.94465156395057
"17322",2021-05-15,"23","14  day ahead inc hosp",2021-05-29,"quantile",0.05,4.12418393455184
"17323",2021-05-15,"23","14  day ahead inc hosp",2021-05-29,"quantile",0.1,5.8886321195831
"17324",2021-05-15,"23","14  day ahead inc hosp",2021-05-29,"quantile",0.15,7.36374303466845
"17325",2021-05-15,"23","14  day ahead inc hosp",2021-05-29,"quantile",0.2,8.72099351657145
"17326",2021-05-15,"23","14  day ahead inc hosp",2021-05-29,"quantile",0.25,10.0278836947725
"17327",2021-05-15,"23","14  day ahead inc hosp",2021-05-29,"quantile",0.3,11.3219538416406
"17328",2021-05-15,"23","14  day ahead inc hosp",2021-05-29,"quantile",0.35,12.6292966074924
"17329",2021-05-15,"23","14  day ahead inc hosp",2021-05-29,"quantile",0.4,13.9715279157664
"17330",2021-05-15,"23","14  day ahead inc hosp",2021-05-29,"quantile",0.45,15.3693214879474
"17331",2021-05-15,"23","14  day ahead inc hosp",2021-05-29,"quantile",0.5,16.8448560887617
"17332",2021-05-15,"23","14  day ahead inc hosp",2021-05-29,"quantile",0.55,18.4241684410621
"17333",2021-05-15,"23","14  day ahead inc hosp",2021-05-29,"quantile",0.6,20.1401202556358
"17334",2021-05-15,"23","14  day ahead inc hosp",2021-05-29,"quantile",0.65,22.0368814430493
"17335",2021-05-15,"23","14  day ahead inc hosp",2021-05-29,"quantile",0.7,24.1775830651321
"17336",2021-05-15,"23","14  day ahead inc hosp",2021-05-29,"quantile",0.75,26.6588068044732
"17337",2021-05-15,"23","14  day ahead inc hosp",2021-05-29,"quantile",0.8,29.6413406673254
"17338",2021-05-15,"23","14  day ahead inc hosp",2021-05-29,"quantile",0.85,33.4261085404965
"17339",2021-05-15,"23","14  day ahead inc hosp",2021-05-29,"quantile",0.9,38.6899672111056
"17340",2021-05-15,"23","14  day ahead inc hosp",2021-05-29,"quantile",0.95,47.6056102895958
"17341",2021-05-15,"23","14  day ahead inc hosp",2021-05-29,"quantile",0.975,56.5145949940489
"17342",2021-05-15,"23","14  day ahead inc hosp",2021-05-29,"quantile",0.99,68.383306130579
"17343",2021-05-15,"23","15  day ahead inc hosp",2021-05-30,"quantile",0.01,1.35186571657365
"17344",2021-05-15,"23","15  day ahead inc hosp",2021-05-30,"quantile",0.025,2.2056119327324
"17345",2021-05-15,"23","15  day ahead inc hosp",2021-05-30,"quantile",0.05,3.21830432634654
"17346",2021-05-15,"23","15  day ahead inc hosp",2021-05-30,"quantile",0.1,4.77950459235957
"17347",2021-05-15,"23","15  day ahead inc hosp",2021-05-30,"quantile",0.15,6.11446900133187
"17348",2021-05-15,"23","15  day ahead inc hosp",2021-05-30,"quantile",0.2,7.36067715146089
"17349",2021-05-15,"23","15  day ahead inc hosp",2021-05-30,"quantile",0.25,8.57378437306419
"17350",2021-05-15,"23","15  day ahead inc hosp",2021-05-30,"quantile",0.3,9.78569307095059
"17351",2021-05-15,"23","15  day ahead inc hosp",2021-05-30,"quantile",0.35,11.0193564829786
"17352",2021-05-15,"23","15  day ahead inc hosp",2021-05-30,"quantile",0.4,12.2944787913185
"17353",2021-05-15,"23","15  day ahead inc hosp",2021-05-30,"quantile",0.45,13.6305164128297
"17354",2021-05-15,"23","15  day ahead inc hosp",2021-05-30,"quantile",0.5,15.0488761034807
"17355",2021-05-15,"23","15  day ahead inc hosp",2021-05-30,"quantile",0.55,16.575151477092
"17356",2021-05-15,"23","15  day ahead inc hosp",2021-05-30,"quantile",0.6,18.2420521230216
"17357",2021-05-15,"23","15  day ahead inc hosp",2021-05-30,"quantile",0.65,20.0939158099854
"17358",2021-05-15,"23","15  day ahead inc hosp",2021-05-30,"quantile",0.7,22.1944797086513
"17359",2021-05-15,"23","15  day ahead inc hosp",2021-05-30,"quantile",0.75,24.6416574182169
"17360",2021-05-15,"23","15  day ahead inc hosp",2021-05-30,"quantile",0.8,27.5989862228633
"17361",2021-05-15,"23","15  day ahead inc hosp",2021-05-30,"quantile",0.85,31.3734278644402
"17362",2021-05-15,"23","15  day ahead inc hosp",2021-05-30,"quantile",0.9,36.6575236052034
"17363",2021-05-15,"23","15  day ahead inc hosp",2021-05-30,"quantile",0.95,45.6830161611736
"17364",2021-05-15,"23","15  day ahead inc hosp",2021-05-30,"quantile",0.975,54.7783911655517
"17365",2021-05-15,"23","15  day ahead inc hosp",2021-05-30,"quantile",0.99,66.9898435898537
"17366",2021-05-15,"23","16  day ahead inc hosp",2021-05-31,"quantile",0.01,1.31393167369918
"17367",2021-05-15,"23","16  day ahead inc hosp",2021-05-31,"quantile",0.025,2.16942044713646
"17368",2021-05-15,"23","16  day ahead inc hosp",2021-05-31,"quantile",0.05,3.19165643143522
"17369",2021-05-15,"23","16  day ahead inc hosp",2021-05-31,"quantile",0.1,4.77707116836043
"17370",2021-05-15,"23","16  day ahead inc hosp",2021-05-31,"quantile",0.15,6.13878795745119
"17371",2021-05-15,"23","16  day ahead inc hosp",2021-05-31,"quantile",0.2,7.41358043122074
"17372",2021-05-15,"23","16  day ahead inc hosp",2021-05-31,"quantile",0.25,8.65715094353271
"17373",2021-05-15,"23","16  day ahead inc hosp",2021-05-31,"quantile",0.3,9.90163525033806
"17374",2021-05-15,"23","16  day ahead inc hosp",2021-05-31,"quantile",0.35,11.1703215640009
"17375",2021-05-15,"23","16  day ahead inc hosp",2021-05-31,"quantile",0.4,12.4833456742598
"17376",2021-05-15,"23","16  day ahead inc hosp",2021-05-31,"quantile",0.45,13.8607142044458
"17377",2021-05-15,"23","16  day ahead inc hosp",2021-05-31,"quantile",0.5,15.3245447153455
"17378",2021-05-15,"23","16  day ahead inc hosp",2021-05-31,"quantile",0.55,16.9013702342964
"17379",2021-05-15,"23","16  day ahead inc hosp",2021-05-31,"quantile",0.6,18.625178651922
"17380",2021-05-15,"23","16  day ahead inc hosp",2021-05-31,"quantile",0.65,20.5421110702413
"17381",2021-05-15,"23","16  day ahead inc hosp",2021-05-31,"quantile",0.7,22.7185664376997
"17382",2021-05-15,"23","16  day ahead inc hosp",2021-05-31,"quantile",0.75,25.2566244975155
"17383",2021-05-15,"23","16  day ahead inc hosp",2021-05-31,"quantile",0.8,28.3268831414957
"17384",2021-05-15,"23","16  day ahead inc hosp",2021-05-31,"quantile",0.85,32.2497301327903
"17385",2021-05-15,"23","16  day ahead inc hosp",2021-05-31,"quantile",0.9,37.7484086646954
"17386",2021-05-15,"23","16  day ahead inc hosp",2021-05-31,"quantile",0.95,47.1553079346427
"17387",2021-05-15,"23","16  day ahead inc hosp",2021-05-31,"quantile",0.975,56.6501079664276
"17388",2021-05-15,"23","16  day ahead inc hosp",2021-05-31,"quantile",0.99,69.4163598123615
"17389",2021-05-15,"23","17  day ahead inc hosp",2021-06-01,"quantile",0.01,1.19569403054561
"17390",2021-05-15,"23","17  day ahead inc hosp",2021-06-01,"quantile",0.025,2.01571521393804
"17391",2021-05-15,"23","17  day ahead inc hosp",2021-06-01,"quantile",0.05,3.00815950759332
"17392",2021-05-15,"23","17  day ahead inc hosp",2021-06-01,"quantile",0.1,4.56345192629057
"17393",2021-05-15,"23","17  day ahead inc hosp",2021-06-01,"quantile",0.15,5.90956371844945
"17394",2021-05-15,"23","17  day ahead inc hosp",2021-06-01,"quantile",0.2,7.17589253875096
"17395",2021-05-15,"23","17  day ahead inc hosp",2021-06-01,"quantile",0.25,8.41570461899154
"17396",2021-05-15,"23","17  day ahead inc hosp",2021-06-01,"quantile",0.3,9.66008543109384
"17397",2021-05-15,"23","17  day ahead inc hosp",2021-06-01,"quantile",0.35,10.9318498367909
"17398",2021-05-15,"23","17  day ahead inc hosp",2021-06-01,"quantile",0.4,12.2509716670934
"17399",2021-05-15,"23","17  day ahead inc hosp",2021-06-01,"quantile",0.45,13.6375085949723
"17400",2021-05-15,"23","17  day ahead inc hosp",2021-06-01,"quantile",0.5,15.1138140798506
"17401",2021-05-15,"23","17  day ahead inc hosp",2021-06-01,"quantile",0.55,16.7068561788441
"17402",2021-05-15,"23","17  day ahead inc hosp",2021-06-01,"quantile",0.6,18.451311738914
"17403",2021-05-15,"23","17  day ahead inc hosp",2021-06-01,"quantile",0.65,20.3943768928119
"17404",2021-05-15,"23","17  day ahead inc hosp",2021-06-01,"quantile",0.7,22.6040867910257
"17405",2021-05-15,"23","17  day ahead inc hosp",2021-06-01,"quantile",0.75,25.1851681252675
"17406",2021-05-15,"23","17  day ahead inc hosp",2021-06-01,"quantile",0.8,28.3128176297283
"17407",2021-05-15,"23","17  day ahead inc hosp",2021-06-01,"quantile",0.85,32.3163580476355
"17408",2021-05-15,"23","17  day ahead inc hosp",2021-06-01,"quantile",0.9,37.9399133996736
"17409",2021-05-15,"23","17  day ahead inc hosp",2021-06-01,"quantile",0.95,47.5861718859332
"17410",2021-05-15,"23","17  day ahead inc hosp",2021-06-01,"quantile",0.975,57.3486271693671
"17411",2021-05-15,"23","17  day ahead inc hosp",2021-06-01,"quantile",0.99,70.506848936253
"17412",2021-05-15,"23","18  day ahead inc hosp",2021-06-02,"quantile",0.01,1.13387209962915
"17413",2021-05-15,"23","18  day ahead inc hosp",2021-06-02,"quantile",0.025,1.93574425407366
"17414",2021-05-15,"23","18  day ahead inc hosp",2021-06-02,"quantile",0.05,2.91372463806785
"17415",2021-05-15,"23","18  day ahead inc hosp",2021-06-02,"quantile",0.1,4.45593287849173
"17416",2021-05-15,"23","18  day ahead inc hosp",2021-06-02,"quantile",0.15,5.79683110715176
"17417",2021-05-15,"23","18  day ahead inc hosp",2021-06-02,"quantile",0.2,7.06191015639165
"17418",2021-05-15,"23","18  day ahead inc hosp",2021-06-02,"quantile",0.25,8.30317298616394
"17419",2021-05-15,"23","18  day ahead inc hosp",2021-06-02,"quantile",0.3,9.55118442393584
"17420",2021-05-15,"23","18  day ahead inc hosp",2021-06-02,"quantile",0.35,10.8285519575525
"17421",2021-05-15,"23","18  day ahead inc hosp",2021-06-02,"quantile",0.4,12.1552167491913
"17422",2021-05-15,"23","18  day ahead inc hosp",2021-06-02,"quantile",0.45,13.551330018967
"17423",2021-05-15,"23","18  day ahead inc hosp",2021-06-02,"quantile",0.5,15.0394555451131
"17424",2021-05-15,"23","18  day ahead inc hosp",2021-06-02,"quantile",0.55,16.6469044308032
"17425",2021-05-15,"23","18  day ahead inc hosp",2021-06-02,"quantile",0.6,18.4088717240728
"17426",2021-05-15,"23","18  day ahead inc hosp",2021-06-02,"quantile",0.65,20.3733288564024
"17427",2021-05-15,"23","18  day ahead inc hosp",2021-06-02,"quantile",0.7,22.6094976724061
"17428",2021-05-15,"23","18  day ahead inc hosp",2021-06-02,"quantile",0.75,25.2240087741144
"17429",2021-05-15,"23","18  day ahead inc hosp",2021-06-02,"quantile",0.8,28.3953472800761
"17430",2021-05-15,"23","18  day ahead inc hosp",2021-06-02,"quantile",0.85,32.4591939005067
"17431",2021-05-15,"23","18  day ahead inc hosp",2021-06-02,"quantile",0.9,38.1744615533578
"17432",2021-05-15,"23","18  day ahead inc hosp",2021-06-02,"quantile",0.95,47.9933534857045
"17433",2021-05-15,"23","18  day ahead inc hosp",2021-06-02,"quantile",0.975,57.9460374728985
"17434",2021-05-15,"23","18  day ahead inc hosp",2021-06-02,"quantile",0.99,71.3797672891694
"17435",2021-05-15,"23","19  day ahead inc hosp",2021-06-03,"quantile",0.01,1.1056320709905
"17436",2021-05-15,"23","19  day ahead inc hosp",2021-06-03,"quantile",0.025,1.9062720611761
"17437",2021-05-15,"23","19  day ahead inc hosp",2021-06-03,"quantile",0.05,2.8886423026053
"17438",2021-05-15,"23","19  day ahead inc hosp",2021-06-03,"quantile",0.1,4.44530700459752
"17439",2021-05-15,"23","19  day ahead inc hosp",2021-06-03,"quantile",0.15,5.80357874033796
"17440",2021-05-15,"23","19  day ahead inc hosp",2021-06-03,"quantile",0.2,7.08792221387721
"17441",2021-05-15,"23","19  day ahead inc hosp",2021-06-03,"quantile",0.25,8.35018958152167
"17442",2021-05-15,"23","19  day ahead inc hosp",2021-06-03,"quantile",0.3,9.62102982991029
"17443",2021-05-15,"23","19  day ahead inc hosp",2021-06-03,"quantile",0.35,10.9232517833688
"17444",2021-05-15,"23","19  day ahead inc hosp",2021-06-03,"quantile",0.4,12.2770920873071
"17445",2021-05-15,"23","19  day ahead inc hosp",2021-06-03,"quantile",0.45,13.7031000345578
"17446",2021-05-15,"23","19  day ahead inc hosp",2021-06-03,"quantile",0.5,15.2243682278345
"17447",2021-05-15,"23","19  day ahead inc hosp",2021-06-03,"quantile",0.55,16.8689175865651
"17448",2021-05-15,"23","19  day ahead inc hosp",2021-06-03,"quantile",0.6,18.6729179635343
"17449",2021-05-15,"23","19  day ahead inc hosp",2021-06-03,"quantile",0.65,20.6857240115541
"17450",2021-05-15,"23","19  day ahead inc hosp",2021-06-03,"quantile",0.7,22.9786074022555
"17451",2021-05-15,"23","19  day ahead inc hosp",2021-06-03,"quantile",0.75,25.6614166894586
"17452",2021-05-15,"23","19  day ahead inc hosp",2021-06-03,"quantile",0.8,28.9181044147473
"17453",2021-05-15,"23","19  day ahead inc hosp",2021-06-03,"quantile",0.85,33.0947729040562
"17454",2021-05-15,"23","19  day ahead inc hosp",2021-06-03,"quantile",0.9,38.9742295471719
"17455",2021-05-15,"23","19  day ahead inc hosp",2021-06-03,"quantile",0.95,49.0872770444164
"17456",2021-05-15,"23","19  day ahead inc hosp",2021-06-03,"quantile",0.975,59.3503613314136
"17457",2021-05-15,"23","19  day ahead inc hosp",2021-06-03,"quantile",0.99,73.2181319595608
"17458",2021-05-15,"23","20  day ahead inc hosp",2021-06-04,"quantile",0.01,1.02753185919192
"17459",2021-05-15,"23","20  day ahead inc hosp",2021-06-04,"quantile",0.025,1.80194434436592
"17460",2021-05-15,"23","20  day ahead inc hosp",2021-06-04,"quantile",0.05,2.76197328434256
"17461",2021-05-15,"23","20  day ahead inc hosp",2021-06-04,"quantile",0.1,4.29586773874939
"17462",2021-05-15,"23","20  day ahead inc hosp",2021-06-04,"quantile",0.15,5.64234575119696
"17463",2021-05-15,"23","20  day ahead inc hosp",2021-06-04,"quantile",0.2,6.92037561667087
"17464",2021-05-15,"23","20  day ahead inc hosp",2021-06-04,"quantile",0.25,8.17998338319722
"17465",2021-05-15,"23","20  day ahead inc hosp",2021-06-04,"quantile",0.3,9.45103236204299
"17466",2021-05-15,"23","20  day ahead inc hosp",2021-06-04,"quantile",0.35,10.7559830688613
"17467",2021-05-15,"23","20  day ahead inc hosp",2021-06-04,"quantile",0.4,12.1149628713138
"17468",2021-05-15,"23","20  day ahead inc hosp",2021-06-04,"quantile",0.45,13.5485780008712
"17469",2021-05-15,"23","20  day ahead inc hosp",2021-06-04,"quantile",0.5,15.0801248422675
"17470",2021-05-15,"23","20  day ahead inc hosp",2021-06-04,"quantile",0.55,16.7379886573807
"17471",2021-05-15,"23","20  day ahead inc hosp",2021-06-04,"quantile",0.6,18.5589103991477
"17472",2021-05-15,"23","20  day ahead inc hosp",2021-06-04,"quantile",0.65,20.5931155591495
"17473",2021-05-15,"23","20  day ahead inc hosp",2021-06-04,"quantile",0.7,22.91322394185
"17474",2021-05-15,"23","20  day ahead inc hosp",2021-06-04,"quantile",0.75,25.6312637354413
"17475",2021-05-15,"23","20  day ahead inc hosp",2021-06-04,"quantile",0.8,28.9349746432594
"17476",2021-05-15,"23","20  day ahead inc hosp",2021-06-04,"quantile",0.85,33.1778204925942
"17477",2021-05-15,"23","20  day ahead inc hosp",2021-06-04,"quantile",0.9,39.1598263689779
"17478",2021-05-15,"23","20  day ahead inc hosp",2021-06-04,"quantile",0.95,49.4698347995762
"17479",2021-05-15,"23","20  day ahead inc hosp",2021-06-04,"quantile",0.975,59.9536607722346
"17480",2021-05-15,"23","20  day ahead inc hosp",2021-06-04,"quantile",0.99,74.1454238191057
"17481",2021-05-15,"23","21  day ahead inc hosp",2021-06-05,"quantile",0.01,1.00114651881151
"17482",2021-05-15,"23","21  day ahead inc hosp",2021-06-05,"quantile",0.025,1.77404468241065
"17483",2021-05-15,"23","21  day ahead inc hosp",2021-06-05,"quantile",0.05,2.73824732782923
"17484",2021-05-15,"23","21  day ahead inc hosp",2021-06-05,"quantile",0.1,4.28657852907556
"17485",2021-05-15,"23","21  day ahead inc hosp",2021-06-05,"quantile",0.15,5.65069057856581
"17486",2021-05-15,"23","21  day ahead inc hosp",2021-06-05,"quantile",0.2,6.94842910158439
"17487",2021-05-15,"23","21  day ahead inc hosp",2021-06-05,"quantile",0.25,8.22963821155263
"17488",2021-05-15,"23","21  day ahead inc hosp",2021-06-05,"quantile",0.3,9.5242567346087
"17489",2021-05-15,"23","21  day ahead inc hosp",2021-06-05,"quantile",0.35,10.8549495212374
"17490",2021-05-15,"23","21  day ahead inc hosp",2021-06-05,"quantile",0.4,12.2421507856863
"17491",2021-05-15,"23","21  day ahead inc hosp",2021-06-05,"quantile",0.45,13.7068840919776
"17492",2021-05-15,"23","21  day ahead inc hosp",2021-06-05,"quantile",0.5,15.2730029900879
"17493",2021-05-15,"23","21  day ahead inc hosp",2021-06-05,"quantile",0.55,16.9696427716548
"17494",2021-05-15,"23","21  day ahead inc hosp",2021-06-05,"quantile",0.6,18.8345763272671
"17495",2021-05-15,"23","21  day ahead inc hosp",2021-06-05,"quantile",0.65,20.9194953155023
"17496",2021-05-15,"23","21  day ahead inc hosp",2021-06-05,"quantile",0.7,23.2991943957583
"17497",2021-05-15,"23","21  day ahead inc hosp",2021-06-05,"quantile",0.75,26.0891187619768
"17498",2021-05-15,"23","21  day ahead inc hosp",2021-06-05,"quantile",0.8,29.4828181343488
"17499",2021-05-15,"23","21  day ahead inc hosp",2021-06-05,"quantile",0.85,33.8448396258675
"17500",2021-05-15,"23","21  day ahead inc hosp",2021-06-05,"quantile",0.9,40.0006426032653
"17501",2021-05-15,"23","21  day ahead inc hosp",2021-06-05,"quantile",0.95,50.6228343661291
"17502",2021-05-15,"23","21  day ahead inc hosp",2021-06-05,"quantile",0.975,61.4369282799064
"17503",2021-05-15,"23","21  day ahead inc hosp",2021-06-05,"quantile",0.99,76.0915799855876
"17504",2021-05-15,"23","22  day ahead inc hosp",2021-06-06,"quantile",0.01,0.920083324834989
"17505",2021-05-15,"23","22  day ahead inc hosp",2021-06-06,"quantile",0.025,1.66042721182133
"17506",2021-05-15,"23","22  day ahead inc hosp",2021-06-06,"quantile",0.05,2.59422978350676
"17507",2021-05-15,"23","22  day ahead inc hosp",2021-06-06,"quantile",0.1,4.10691173807015
"17508",2021-05-15,"23","22  day ahead inc hosp",2021-06-06,"quantile",0.15,5.44804767060026
"17509",2021-05-15,"23","22  day ahead inc hosp",2021-06-06,"quantile",0.2,6.72898724033996
"17510",2021-05-15,"23","22  day ahead inc hosp",2021-06-06,"quantile",0.25,7.99732323821426
"17511",2021-05-15,"23","22  day ahead inc hosp",2021-06-06,"quantile",0.3,9.28195890447999
"17512",2021-05-15,"23","22  day ahead inc hosp",2021-06-06,"quantile",0.35,10.605028717826
"17513",2021-05-15,"23","22  day ahead inc hosp",2021-06-06,"quantile",0.4,11.9867006845744
"17514",2021-05-15,"23","22  day ahead inc hosp",2021-06-06,"quantile",0.45,13.4479005349768
"17515",2021-05-15,"23","22  day ahead inc hosp",2021-06-06,"quantile",0.5,15.0125159631872
"17516",2021-05-15,"23","22  day ahead inc hosp",2021-06-06,"quantile",0.55,16.7098447374833
"17517",2021-05-15,"23","22  day ahead inc hosp",2021-06-06,"quantile",0.6,18.5779740725188
"17518",2021-05-15,"23","22  day ahead inc hosp",2021-06-06,"quantile",0.65,20.6691199648298
"17519",2021-05-15,"23","22  day ahead inc hosp",2021-06-06,"quantile",0.7,23.0589292322039
"17520",2021-05-15,"23","22  day ahead inc hosp",2021-06-06,"quantile",0.75,25.8642680283848
"17521",2021-05-15,"23","22  day ahead inc hosp",2021-06-06,"quantile",0.8,29.2812117599474
"17522",2021-05-15,"23","22  day ahead inc hosp",2021-06-06,"quantile",0.85,33.6793131639674
"17523",2021-05-15,"23","22  day ahead inc hosp",2021-06-06,"quantile",0.9,39.8959669307405
"17524",2021-05-15,"23","22  day ahead inc hosp",2021-06-06,"quantile",0.95,50.6449462856622
"17525",2021-05-15,"23","22  day ahead inc hosp",2021-06-06,"quantile",0.975,61.610230149567
"17526",2021-05-15,"23","22  day ahead inc hosp",2021-06-06,"quantile",0.99,76.4970581869619
"17527",2021-05-15,"23","23  day ahead inc hosp",2021-06-07,"quantile",0.01,0.890237075701365
"17528",2021-05-15,"23","23  day ahead inc hosp",2021-06-07,"quantile",0.025,1.62528309061294
"17529",2021-05-15,"23","23  day ahead inc hosp",2021-06-07,"quantile",0.05,2.55887168276219
"17530",2021-05-15,"23","23  day ahead inc hosp",2021-06-07,"quantile",0.1,4.07954822227288
"17531",2021-05-15,"23","23  day ahead inc hosp",2021-06-07,"quantile",0.15,5.43310867795839
"17532",2021-05-15,"23","23  day ahead inc hosp",2021-06-07,"quantile",0.2,6.72911550082709
"17533",2021-05-15,"23","23  day ahead inc hosp",2021-06-07,"quantile",0.25,8.01471819587443
"17534",2021-05-15,"23","23  day ahead inc hosp",2021-06-07,"quantile",0.3,9.31875562861116
"17535",2021-05-15,"23","23  day ahead inc hosp",2021-06-07,"quantile",0.35,10.6634761465902
"17536",2021-05-15,"23","23  day ahead inc hosp",2021-06-07,"quantile",0.4,12.0692867484508
"17537",2021-05-15,"23","23  day ahead inc hosp",2021-06-07,"quantile",0.45,13.557472516497
"17538",2021-05-15,"23","23  day ahead inc hosp",2021-06-07,"quantile",0.5,15.1524225744063
"17539",2021-05-15,"23","23  day ahead inc hosp",2021-06-07,"quantile",0.55,16.8841252431939
"17540",2021-05-15,"23","23  day ahead inc hosp",2021-06-07,"quantile",0.6,18.7916301797661
"17541",2021-05-15,"23","23  day ahead inc hosp",2021-06-07,"quantile",0.65,20.9285316282774
"17542",2021-05-15,"23","23  day ahead inc hosp",2021-06-07,"quantile",0.7,23.372531525521
"17543",2021-05-15,"23","23  day ahead inc hosp",2021-06-07,"quantile",0.75,26.2437371719329
"17544",2021-05-15,"23","23  day ahead inc hosp",2021-06-07,"quantile",0.8,29.7437520693482
"17545",2021-05-15,"23","23  day ahead inc hosp",2021-06-07,"quantile",0.85,34.2527048894464
"17546",2021-05-15,"23","23  day ahead inc hosp",2021-06-07,"quantile",0.9,40.6323352881739
"17547",2021-05-15,"23","23  day ahead inc hosp",2021-06-07,"quantile",0.95,51.6769107576966
"17548",2021-05-15,"23","23  day ahead inc hosp",2021-06-07,"quantile",0.975,62.9577456012163
"17549",2021-05-15,"23","23  day ahead inc hosp",2021-06-07,"quantile",0.99,78.2902658658598
"17550",2021-05-15,"23","24  day ahead inc hosp",2021-06-08,"quantile",0.01,0.802654098298229
"17551",2021-05-15,"23","24  day ahead inc hosp",2021-06-08,"quantile",0.025,1.49754508582315
"17552",2021-05-15,"23","24  day ahead inc hosp",2021-06-08,"quantile",0.05,2.39165754401155
"17553",2021-05-15,"23","24  day ahead inc hosp",2021-06-08,"quantile",0.1,3.86297496316229
"17554",2021-05-15,"23","24  day ahead inc hosp",2021-06-08,"quantile",0.15,5.18219052049602
"17555",2021-05-15,"23","24  day ahead inc hosp",2021-06-08,"quantile",0.2,6.45107762659308
"17556",2021-05-15,"23","24  day ahead inc hosp",2021-06-08,"quantile",0.25,7.71401423754009
"17557",2021-05-15,"23","24  day ahead inc hosp",2021-06-08,"quantile",0.3,8.998517032987
"17558",2021-05-15,"23","24  day ahead inc hosp",2021-06-08,"quantile",0.35,10.3261111844299
"17559",2021-05-15,"23","24  day ahead inc hosp",2021-06-08,"quantile",0.4,11.7167854412305
"17560",2021-05-15,"23","24  day ahead inc hosp",2021-06-08,"quantile",0.45,13.1915896019223
"17561",2021-05-15,"23","24  day ahead inc hosp",2021-06-08,"quantile",0.5,14.7748072136372
"17562",2021-05-15,"23","24  day ahead inc hosp",2021-06-08,"quantile",0.55,16.4964323949789
"17563",2021-05-15,"23","24  day ahead inc hosp",2021-06-08,"quantile",0.6,18.3956384610717
"17564",2021-05-15,"23","24  day ahead inc hosp",2021-06-08,"quantile",0.65,20.5262949260496
"17565",2021-05-15,"23","24  day ahead inc hosp",2021-06-08,"quantile",0.7,22.9666079628781
"17566",2021-05-15,"23","24  day ahead inc hosp",2021-06-08,"quantile",0.75,25.8375839073028
"17567",2021-05-15,"23","24  day ahead inc hosp",2021-06-08,"quantile",0.8,29.3424989328877
"17568",2021-05-15,"23","24  day ahead inc hosp",2021-06-08,"quantile",0.85,33.8649213890907
"17569",2021-05-15,"23","24  day ahead inc hosp",2021-06-08,"quantile",0.9,40.2750835027175
"17570",2021-05-15,"23","24  day ahead inc hosp",2021-06-08,"quantile",0.95,51.397718090966
"17571",2021-05-15,"23","24  day ahead inc hosp",2021-06-08,"quantile",0.975,62.7838870612068
"17572",2021-05-15,"23","24  day ahead inc hosp",2021-06-08,"quantile",0.99,78.2912141581047
"17573",2021-05-15,"23","25  day ahead inc hosp",2021-06-09,"quantile",0.01,0.79676032978637
"17574",2021-05-15,"23","25  day ahead inc hosp",2021-06-09,"quantile",0.025,1.49848506532745
"17575",2021-05-15,"23","25  day ahead inc hosp",2021-06-09,"quantile",0.05,2.40569947295859
"17576",2021-05-15,"23","25  day ahead inc hosp",2021-06-09,"quantile",0.1,3.90415182886667
"17577",2021-05-15,"23","25  day ahead inc hosp",2021-06-09,"quantile",0.15,5.25126627574093
"17578",2021-05-15,"23","25  day ahead inc hosp",2021-06-09,"quantile",0.2,6.54912980615658
"17579",2021-05-15,"23","25  day ahead inc hosp",2021-06-09,"quantile",0.25,7.84247936980098
"17580",2021-05-15,"23","25  day ahead inc hosp",2021-06-09,"quantile",0.3,9.15919677813178
"17581",2021-05-15,"23","25  day ahead inc hosp",2021-06-09,"quantile",0.35,10.5212053199466
"17582",2021-05-15,"23","25  day ahead inc hosp",2021-06-09,"quantile",0.4,11.9489553070103
"17583",2021-05-15,"23","25  day ahead inc hosp",2021-06-09,"quantile",0.45,13.46405715564
"17584",2021-05-15,"23","25  day ahead inc hosp",2021-06-09,"quantile",0.5,15.0915015235729
"17585",2021-05-15,"23","25  day ahead inc hosp",2021-06-09,"quantile",0.55,16.8622055829427
"17586",2021-05-15,"23","25  day ahead inc hosp",2021-06-09,"quantile",0.6,18.8165905902687
"17587",2021-05-15,"23","25  day ahead inc hosp",2021-06-09,"quantile",0.65,21.0102807020028
"17588",2021-05-15,"23","25  day ahead inc hosp",2021-06-09,"quantile",0.7,23.5240678493539
"17589",2021-05-15,"23","25  day ahead inc hosp",2021-06-09,"quantile",0.75,26.4830030630513
"17590",2021-05-15,"23","25  day ahead inc hosp",2021-06-09,"quantile",0.8,30.097217260336
"17591",2021-05-15,"23","25  day ahead inc hosp",2021-06-09,"quantile",0.85,34.7633186201022
"17592",2021-05-15,"23","25  day ahead inc hosp",2021-06-09,"quantile",0.9,41.381380723452
"17593",2021-05-15,"23","25  day ahead inc hosp",2021-06-09,"quantile",0.95,52.8740833386424
"17594",2021-05-15,"23","25  day ahead inc hosp",2021-06-09,"quantile",0.975,64.6485638938804
"17595",2021-05-15,"23","25  day ahead inc hosp",2021-06-09,"quantile",0.99,80.6964553620389
"17596",2021-05-15,"23","26  day ahead inc hosp",2021-06-10,"quantile",0.01,0.773566863489589
"17597",2021-05-15,"23","26  day ahead inc hosp",2021-06-10,"quantile",0.025,1.47130392297365
"17598",2021-05-15,"23","26  day ahead inc hosp",2021-06-10,"quantile",0.05,2.37940196619115
"17599",2021-05-15,"23","26  day ahead inc hosp",2021-06-10,"quantile",0.1,3.88714465316486
"17600",2021-05-15,"23","26  day ahead inc hosp",2021-06-10,"quantile",0.15,5.24763056265362
"17601",2021-05-15,"23","26  day ahead inc hosp",2021-06-10,"quantile",0.2,6.56139169252958
"17602",2021-05-15,"23","26  day ahead inc hosp",2021-06-10,"quantile",0.25,7.87279844463598
"17603",2021-05-15,"23","26  day ahead inc hosp",2021-06-10,"quantile",0.3,9.20970653759867
"17604",2021-05-15,"23","26  day ahead inc hosp",2021-06-10,"quantile",0.35,10.5941781603164
"17605",2021-05-15,"23","26  day ahead inc hosp",2021-06-10,"quantile",0.4,12.0469229529419
"17606",2021-05-15,"23","26  day ahead inc hosp",2021-06-10,"quantile",0.45,13.5899303462115
"17607",2021-05-15,"23","26  day ahead inc hosp",2021-06-10,"quantile",0.5,15.2487140938785
"17608",2021-05-15,"23","26  day ahead inc hosp",2021-06-10,"quantile",0.55,17.0549081714984
"17609",2021-05-15,"23","26  day ahead inc hosp",2021-06-10,"quantile",0.6,19.0499304429249
"17610",2021-05-15,"23","26  day ahead inc hosp",2021-06-10,"quantile",0.65,21.2908305508375
"17611",2021-05-15,"23","26  day ahead inc hosp",2021-06-10,"quantile",0.7,23.860524855761
"17612",2021-05-15,"23","26  day ahead inc hosp",2021-06-10,"quantile",0.75,26.8874142873619
"17613",2021-05-15,"23","26  day ahead inc hosp",2021-06-10,"quantile",0.8,30.587343648361
"17614",2021-05-15,"23","26  day ahead inc hosp",2021-06-10,"quantile",0.85,35.3678547182909
"17615",2021-05-15,"23","26  day ahead inc hosp",2021-06-10,"quantile",0.9,42.1541978631971
"17616",2021-05-15,"23","26  day ahead inc hosp",2021-06-10,"quantile",0.95,53.9523415996814
"17617",2021-05-15,"23","26  day ahead inc hosp",2021-06-10,"quantile",0.975,66.053174803601
"17618",2021-05-15,"23","26  day ahead inc hosp",2021-06-10,"quantile",0.99,82.5624543394238
"17619",2021-05-15,"23","27  day ahead inc hosp",2021-06-11,"quantile",0.01,0.725475750577874
"17620",2021-05-15,"23","27  day ahead inc hosp",2021-06-11,"quantile",0.025,1.40281471412234
"17621",2021-05-15,"23","27  day ahead inc hosp",2021-06-11,"quantile",0.05,2.29302199377401
"17622",2021-05-15,"23","27  day ahead inc hosp",2021-06-11,"quantile",0.1,3.78232419992836
"17623",2021-05-15,"23","27  day ahead inc hosp",2021-06-11,"quantile",0.15,5.13340405074663
"17624",2021-05-15,"23","27  day ahead inc hosp",2021-06-11,"quantile",0.2,6.4424330983548
"17625",2021-05-15,"23","27  day ahead inc hosp",2021-06-11,"quantile",0.25,7.75231576819161
"17626",2021-05-15,"23","27  day ahead inc hosp",2021-06-11,"quantile",0.3,9.09028293447983
"17627",2021-05-15,"23","27  day ahead inc hosp",2021-06-11,"quantile",0.35,10.4781341035817
"17628",2021-05-15,"23","27  day ahead inc hosp",2021-06-11,"quantile",0.4,11.9365204820115
"17629",2021-05-15,"23","27  day ahead inc hosp",2021-06-11,"quantile",0.45,13.4875209859728
"17630",2021-05-15,"23","27  day ahead inc hosp",2021-06-11,"quantile",0.5,15.1568752008258
"17631",2021-05-15,"23","27  day ahead inc hosp",2021-06-11,"quantile",0.55,16.976597141057
"17632",2021-05-15,"23","27  day ahead inc hosp",2021-06-11,"quantile",0.6,18.9886875935792
"17633",2021-05-15,"23","27  day ahead inc hosp",2021-06-11,"quantile",0.65,21.2510767620516
"17634",2021-05-15,"23","27  day ahead inc hosp",2021-06-11,"quantile",0.7,23.8480384893284
"17635",2021-05-15,"23","27  day ahead inc hosp",2021-06-11,"quantile",0.75,26.9101648654053
"17636",2021-05-15,"23","27  day ahead inc hosp",2021-06-11,"quantile",0.8,30.6571069616037
"17637",2021-05-15,"23","27  day ahead inc hosp",2021-06-11,"quantile",0.85,35.5038097731883
"17638",2021-05-15,"23","27  day ahead inc hosp",2021-06-11,"quantile",0.9,42.3928610738302
"17639",2021-05-15,"23","27  day ahead inc hosp",2021-06-11,"quantile",0.95,54.388795016177
"17640",2021-05-15,"23","27  day ahead inc hosp",2021-06-11,"quantile",0.975,66.7120452413219
"17641",2021-05-15,"23","27  day ahead inc hosp",2021-06-11,"quantile",0.99,83.5489513732468
"17642",2021-05-15,"23","28  day ahead inc hosp",2021-06-12,"quantile",0.01,0.715406507350325
"17643",2021-05-15,"23","28  day ahead inc hosp",2021-06-12,"quantile",0.025,1.39580569357724
"17644",2021-05-15,"23","28  day ahead inc hosp",2021-06-12,"quantile",0.05,2.29477667165726
"17645",2021-05-15,"23","28  day ahead inc hosp",2021-06-12,"quantile",0.1,3.80490665060279
"17646",2021-05-15,"23","28  day ahead inc hosp",2021-06-12,"quantile",0.15,5.17883638787973
"17647",2021-05-15,"23","28  day ahead inc hosp",2021-06-12,"quantile",0.2,6.51238144348445
"17648",2021-05-15,"23","28  day ahead inc hosp",2021-06-12,"quantile",0.25,7.84854372422945
"17649",2021-05-15,"23","28  day ahead inc hosp",2021-06-12,"quantile",0.3,9.21478084068949
"17650",2021-05-15,"23","28  day ahead inc hosp",2021-06-12,"quantile",0.35,10.6332025077523
"17651",2021-05-15,"23","28  day ahead inc hosp",2021-06-12,"quantile",0.4,12.1248572151371
"17652",2021-05-15,"23","28  day ahead inc hosp",2021-06-12,"quantile",0.45,13.7123312960287
"17653",2021-05-15,"23","28  day ahead inc hosp",2021-06-12,"quantile",0.5,15.4220220764361
"17654",2021-05-15,"23","28  day ahead inc hosp",2021-06-12,"quantile",0.55,17.2868157377655
"17655",2021-05-15,"23","28  day ahead inc hosp",2021-06-12,"quantile",0.6,19.3499033826053
"17656",2021-05-15,"23","28  day ahead inc hosp",2021-06-12,"quantile",0.65,21.6708988868384
"17657",2021-05-15,"23","28  day ahead inc hosp",2021-06-12,"quantile",0.7,24.33656739593
"17658",2021-05-15,"23","28  day ahead inc hosp",2021-06-12,"quantile",0.75,27.4814097918932
"17659",2021-05-15,"23","28  day ahead inc hosp",2021-06-12,"quantile",0.8,31.3317183551092
"17660",2021-05-15,"23","28  day ahead inc hosp",2021-06-12,"quantile",0.85,36.3151020034773
"17661",2021-05-15,"23","28  day ahead inc hosp",2021-06-12,"quantile",0.9,43.4032049739277
"17662",2021-05-15,"23","28  day ahead inc hosp",2021-06-12,"quantile",0.95,55.7562532176761
"17663",2021-05-15,"23","28  day ahead inc hosp",2021-06-12,"quantile",0.975,68.4570417695741
"17664",2021-05-15,"23","28  day ahead inc hosp",2021-06-12,"quantile",0.99,85.8229759002802
"17665",2021-05-15,"23","29  day ahead inc hosp",2021-06-13,"quantile",0.01,0.656242519908484
"17666",2021-05-15,"23","29  day ahead inc hosp",2021-06-13,"quantile",0.025,1.30868751963699
"17667",2021-05-15,"23","29  day ahead inc hosp",2021-06-13,"quantile",0.05,2.18187089239896
"17668",2021-05-15,"23","29  day ahead inc hosp",2021-06-13,"quantile",0.1,3.6632612291925
"17669",2021-05-15,"23","29  day ahead inc hosp",2021-06-13,"quantile",0.15,5.02042852192954
"17670",2021-05-15,"23","29  day ahead inc hosp",2021-06-13,"quantile",0.2,6.34335976398751
"17671",2021-05-15,"23","29  day ahead inc hosp",2021-06-13,"quantile",0.25,7.67305263497098
"17672",2021-05-15,"23","29  day ahead inc hosp",2021-06-13,"quantile",0.3,9.03608025305131
"17673",2021-05-15,"23","29  day ahead inc hosp",2021-06-13,"quantile",0.35,10.4541483412789
"17674",2021-05-15,"23","29  day ahead inc hosp",2021-06-13,"quantile",0.4,11.9481677292524
"17675",2021-05-15,"23","29  day ahead inc hosp",2021-06-13,"quantile",0.45,13.5407738482053
"17676",2021-05-15,"23","29  day ahead inc hosp",2021-06-13,"quantile",0.5,15.2585786830633
"17677",2021-05-15,"23","29  day ahead inc hosp",2021-06-13,"quantile",0.55,17.1348642484124
"17678",2021-05-15,"23","29  day ahead inc hosp",2021-06-13,"quantile",0.6,19.2134509205826
"17679",2021-05-15,"23","29  day ahead inc hosp",2021-06-13,"quantile",0.65,21.5549207695371
"17680",2021-05-15,"23","29  day ahead inc hosp",2021-06-13,"quantile",0.7,24.2475481598034
"17681",2021-05-15,"23","29  day ahead inc hosp",2021-06-13,"quantile",0.75,27.4282888498856
"17682",2021-05-15,"23","29  day ahead inc hosp",2021-06-13,"quantile",0.8,31.3277256048245
"17683",2021-05-15,"23","29  day ahead inc hosp",2021-06-13,"quantile",0.85,36.3818588648029
"17684",2021-05-15,"23","29  day ahead inc hosp",2021-06-13,"quantile",0.9,43.5820988607148
"17685",2021-05-15,"23","29  day ahead inc hosp",2021-06-13,"quantile",0.95,56.1559187601833
"17686",2021-05-15,"23","29  day ahead inc hosp",2021-06-13,"quantile",0.975,69.1094819266123
"17687",2021-05-15,"23","29  day ahead inc hosp",2021-06-13,"quantile",0.99,86.8529625687822
"17688",2021-05-15,"23","30  day ahead inc hosp",2021-06-14,"quantile",0.01,0.618830039523914
"17689",2021-05-15,"23","30  day ahead inc hosp",2021-06-14,"quantile",0.025,1.25484506267456
"17690",2021-05-15,"23","30  day ahead inc hosp",2021-06-14,"quantile",0.05,2.11438137404694
"17691",2021-05-15,"23","30  day ahead inc hosp",2021-06-14,"quantile",0.1,3.58353985274645
"17692",2021-05-15,"23","30  day ahead inc hosp",2021-06-14,"quantile",0.15,4.9365284385139
"17693",2021-05-15,"23","30  day ahead inc hosp",2021-06-14,"quantile",0.2,6.25962091996769
"17694",2021-05-15,"23","30  day ahead inc hosp",2021-06-14,"quantile",0.25,7.59259468195864
"17695",2021-05-15,"23","30  day ahead inc hosp",2021-06-14,"quantile",0.3,8.96153586873796
"17696",2021-05-15,"23","30  day ahead inc hosp",2021-06-14,"quantile",0.35,10.3879873819645
"17697",2021-05-15,"23","30  day ahead inc hosp",2021-06-14,"quantile",0.4,11.8928894025783
"17698",2021-05-15,"23","30  day ahead inc hosp",2021-06-14,"quantile",0.45,13.499056149618
"17699",2021-05-15,"23","30  day ahead inc hosp",2021-06-14,"quantile",0.5,15.2334265020616
"17700",2021-05-15,"23","30  day ahead inc hosp",2021-06-14,"quantile",0.55,17.1297862083707
"17701",2021-05-15,"23","30  day ahead inc hosp",2021-06-14,"quantile",0.6,19.2326996205501
"17702",2021-05-15,"23","30  day ahead inc hosp",2021-06-14,"quantile",0.65,21.6038509366723
"17703",2021-05-15,"23","30  day ahead inc hosp",2021-06-14,"quantile",0.7,24.3331944783531
"17704",2021-05-15,"23","30  day ahead inc hosp",2021-06-14,"quantile",0.75,27.560378069532
"17705",2021-05-15,"23","30  day ahead inc hosp",2021-06-14,"quantile",0.8,31.5206364377764
"17706",2021-05-15,"23","30  day ahead inc hosp",2021-06-14,"quantile",0.85,36.6589789540052
"17707",2021-05-15,"23","30  day ahead inc hosp",2021-06-14,"quantile",0.9,43.9878252056624
"17708",2021-05-15,"23","30  day ahead inc hosp",2021-06-14,"quantile",0.95,56.8052682271277
"17709",2021-05-15,"23","30  day ahead inc hosp",2021-06-14,"quantile",0.975,70.0291894910816
"17710",2021-05-15,"23","30  day ahead inc hosp",2021-06-14,"quantile",0.99,88.166994787368
"17711",2021-05-15,"23","31  day ahead inc hosp",2021-06-15,"quantile",0.01,0.577958478166148
"17712",2021-05-15,"23","31  day ahead inc hosp",2021-06-15,"quantile",0.025,1.19395646506927
"17713",2021-05-15,"23","31  day ahead inc hosp",2021-06-15,"quantile",0.05,2.03549199699308
"17714",2021-05-15,"23","31  day ahead inc hosp",2021-06-15,"quantile",0.1,3.48576537096598
"17715",2021-05-15,"23","31  day ahead inc hosp",2021-06-15,"quantile",0.15,4.8290170740547
"17716",2021-05-15,"23","31  day ahead inc hosp",2021-06-15,"quantile",0.2,6.14720468578894
"17717",2021-05-15,"23","31  day ahead inc hosp",2021-06-15,"quantile",0.25,7.47863986783006
"17718",2021-05-15,"23","31  day ahead inc hosp",2021-06-15,"quantile",0.3,8.84878543001863
"17719",2021-05-15,"23","31  day ahead inc hosp",2021-06-15,"quantile",0.35,10.2789290274263
"17720",2021-05-15,"23","31  day ahead inc hosp",2021-06-15,"quantile",0.4,11.7899668085445
"17721",2021-05-15,"23","31  day ahead inc hosp",2021-06-15,"quantile",0.45,13.4048250524053
"17722",2021-05-15,"23","31  day ahead inc hosp",2021-06-15,"quantile",0.5,15.1507014008582
"17723",2021-05-15,"23","31  day ahead inc hosp",2021-06-15,"quantile",0.55,17.0618087098093
"17724",2021-05-15,"23","31  day ahead inc hosp",2021-06-15,"quantile",0.6,19.1833619035484
"17725",2021-05-15,"23","31  day ahead inc hosp",2021-06-15,"quantile",0.65,21.578025213117
"17726",2021-05-15,"23","31  day ahead inc hosp",2021-06-15,"quantile",0.7,24.3372623714723
"17727",2021-05-15,"23","31  day ahead inc hosp",2021-06-15,"quantile",0.75,27.6031575774849
"17728",2021-05-15,"23","31  day ahead inc hosp",2021-06-15,"quantile",0.8,31.6151800540394
"17729",2021-05-15,"23","31  day ahead inc hosp",2021-06-15,"quantile",0.85,36.8265828432319
"17730",2021-05-15,"23","31  day ahead inc hosp",2021-06-15,"quantile",0.9,44.2691159279828
"17731",2021-05-15,"23","31  day ahead inc hosp",2021-06-15,"quantile",0.95,57.3062908191665
"17732",2021-05-15,"23","31  day ahead inc hosp",2021-06-15,"quantile",0.975,70.7782002137036
"17733",2021-05-15,"23","31  day ahead inc hosp",2021-06-15,"quantile",0.99,89.2825178269059
"17734",2021-05-15,"23","32  day ahead inc hosp",2021-06-16,"quantile",0.01,0.548884397586931
"17735",2021-05-15,"23","32  day ahead inc hosp",2021-06-16,"quantile",0.025,1.15174715447058
"17736",2021-05-15,"23","32  day ahead inc hosp",2021-06-16,"quantile",0.05,1.9828228920018
"17737",2021-05-15,"23","32  day ahead inc hosp",2021-06-16,"quantile",0.1,3.4249088501096
"17738",2021-05-15,"23","32  day ahead inc hosp",2021-06-16,"quantile",0.15,4.76691557479018
"17739",2021-05-15,"23","32  day ahead inc hosp",2021-06-16,"quantile",0.2,6.08770471545327
"17740",2021-05-15,"23","32  day ahead inc hosp",2021-06-16,"quantile",0.25,7.42458627260233
"17741",2021-05-15,"23","32  day ahead inc hosp",2021-06-16,"quantile",0.3,8.80264359011791
"17742",2021-05-15,"23","32  day ahead inc hosp",2021-06-16,"quantile",0.35,10.2430651379035
"17743",2021-05-15,"23","32  day ahead inc hosp",2021-06-16,"quantile",0.4,11.7668195778802
"17744",2021-05-15,"23","32  day ahead inc hosp",2021-06-16,"quantile",0.45,13.3970449348833
"17745",2021-05-15,"23","32  day ahead inc hosp",2021-06-16,"quantile",0.5,15.1612939425733
"17746",2021-05-15,"23","32  day ahead inc hosp",2021-06-16,"quantile",0.55,17.0943101815807
"17747",2021-05-15,"23","32  day ahead inc hosp",2021-06-16,"quantile",0.6,19.2420813510643
"17748",2021-05-15,"23","32  day ahead inc hosp",2021-06-16,"quantile",0.65,21.668407833509
"17749",2021-05-15,"23","32  day ahead inc hosp",2021-06-16,"quantile",0.7,24.4664775194916
"17750",2021-05-15,"23","32  day ahead inc hosp",2021-06-16,"quantile",0.75,27.7811296733805
"17751",2021-05-15,"23","32  day ahead inc hosp",2021-06-16,"quantile",0.8,31.8565847290237
"17752",2021-05-15,"23","32  day ahead inc hosp",2021-06-16,"quantile",0.85,37.1552817188962
"17753",2021-05-15,"23","32  day ahead inc hosp",2021-06-16,"quantile",0.9,44.7303592575086
"17754",2021-05-15,"23","32  day ahead inc hosp",2021-06-16,"quantile",0.95,58.0170921829675
"17755",2021-05-15,"23","32  day ahead inc hosp",2021-06-16,"quantile",0.975,71.7645824990095
"17756",2021-05-15,"23","32  day ahead inc hosp",2021-06-16,"quantile",0.99,90.6693604981523
"17757",2021-05-15,"23","33  day ahead inc hosp",2021-06-17,"quantile",0.01,0.520178058671445
"17758",2021-05-15,"23","33  day ahead inc hosp",2021-06-17,"quantile",0.025,1.10937545528757
"17759",2021-05-15,"23","33  day ahead inc hosp",2021-06-17,"quantile",0.05,1.92925279872746
"17760",2021-05-15,"23","33  day ahead inc hosp",2021-06-17,"quantile",0.1,3.36197135863315
"17761",2021-05-15,"23","33  day ahead inc hosp",2021-06-17,"quantile",0.15,4.7017490790462
"17762",2021-05-15,"23","33  day ahead inc hosp",2021-06-17,"quantile",0.2,6.02426073001276
"17763",2021-05-15,"23","33  day ahead inc hosp",2021-06-17,"quantile",0.25,7.36577460305664
"17764",2021-05-15,"23","33  day ahead inc hosp",2021-06-17,"quantile",0.3,8.75097243169822
"17765",2021-05-15,"23","33  day ahead inc hosp",2021-06-17,"quantile",0.35,10.2009294338761
"17766",2021-05-15,"23","33  day ahead inc hosp",2021-06-17,"quantile",0.4,11.7366769074
"17767",2021-05-15,"23","33  day ahead inc hosp",2021-06-17,"quantile",0.45,13.3815571003112
"17768",2021-05-15,"23","33  day ahead inc hosp",2021-06-17,"quantile",0.5,15.1634716903368
"17769",2021-05-15,"23","33  day ahead inc hosp",2021-06-17,"quantile",0.55,17.1176896349184
"17770",2021-05-15,"23","33  day ahead inc hosp",2021-06-17,"quantile",0.6,19.2909665042491
"17771",2021-05-15,"23","33  day ahead inc hosp",2021-06-17,"quantile",0.65,21.7482341698112
"17772",2021-05-15,"23","33  day ahead inc hosp",2021-06-17,"quantile",0.7,24.5844002378894
"17773",2021-05-15,"23","33  day ahead inc hosp",2021-06-17,"quantile",0.75,27.947055180477
"17774",2021-05-15,"23","33  day ahead inc hosp",2021-06-17,"quantile",0.8,32.0851688504627
"17775",2021-05-15,"23","33  day ahead inc hosp",2021-06-17,"quantile",0.85,37.4703720025826
"17776",2021-05-15,"23","33  day ahead inc hosp",2021-06-17,"quantile",0.9,45.1772287635662
"17777",2021-05-15,"23","33  day ahead inc hosp",2021-06-17,"quantile",0.95,58.7130024392761
"17778",2021-05-15,"23","33  day ahead inc hosp",2021-06-17,"quantile",0.975,72.7364079273285
"17779",2021-05-15,"23","33  day ahead inc hosp",2021-06-17,"quantile",0.99,92.0432201258945
"17780",2021-05-15,"23","34  day ahead inc hosp",2021-06-18,"quantile",0.01,0.491924098288946
"17781",2021-05-15,"23","34  day ahead inc hosp",2021-06-18,"quantile",0.025,1.06698803714604
"17782",2021-05-15,"23","34  day ahead inc hosp",2021-06-18,"quantile",0.05,1.87499652644873
"17783",2021-05-15,"23","34  day ahead inc hosp",2021-06-18,"quantile",0.1,3.29726932238883
"17784",2021-05-15,"23","34  day ahead inc hosp",2021-06-18,"quantile",0.15,4.63392095456634
"17785",2021-05-15,"23","34  day ahead inc hosp",2021-06-18,"quantile",0.2,5.95735848402628
"17786",2021-05-15,"23","34  day ahead inc hosp",2021-06-18,"quantile",0.25,7.30277236305264
"17787",2021-05-15,"23","34  day ahead inc hosp",2021-06-18,"quantile",0.3,8.69442282781954
"17788",2021-05-15,"23","34  day ahead inc hosp",2021-06-18,"quantile",0.35,10.1532594676965
"17789",2021-05-15,"23","34  day ahead inc hosp",2021-06-18,"quantile",0.4,11.7003678754414
"17790",2021-05-15,"23","34  day ahead inc hosp",2021-06-18,"quantile",0.45,13.3592886078824
"17791",2021-05-15,"23","34  day ahead inc hosp",2021-06-18,"quantile",0.5,15.1582679980182
"17792",2021-05-15,"23","34  day ahead inc hosp",2021-06-18,"quantile",0.55,17.1330973414945
"17793",2021-05-15,"23","34  day ahead inc hosp",2021-06-18,"quantile",0.6,19.3312982134839
"17794",2021-05-15,"23","34  day ahead inc hosp",2021-06-18,"quantile",0.65,21.8189335218033
"17795",2021-05-15,"23","34  day ahead inc hosp",2021-06-18,"quantile",0.7,24.6926323073717
"17796",2021-05-15,"23","34  day ahead inc hosp",2021-06-18,"quantile",0.75,28.1027420051964
"17797",2021-05-15,"23","34  day ahead inc hosp",2021-06-18,"quantile",0.8,32.302996393223
"17798",2021-05-15,"23","34  day ahead inc hosp",2021-06-18,"quantile",0.85,37.7742547565127
"17799",2021-05-15,"23","34  day ahead inc hosp",2021-06-18,"quantile",0.9,45.612615024141
"17800",2021-05-15,"23","34  day ahead inc hosp",2021-06-18,"quantile",0.95,59.3977900553296
"17801",2021-05-15,"23","34  day ahead inc hosp",2021-06-18,"quantile",0.975,73.698375595867
"17802",2021-05-15,"23","34  day ahead inc hosp",2021-06-18,"quantile",0.99,93.4101065786175
"17803",2021-05-15,"23","35  day ahead inc hosp",2021-06-19,"quantile",0.01,0.469453430416202
"17804",2021-05-15,"23","35  day ahead inc hosp",2021-06-19,"quantile",0.025,1.03404000098904
"17805",2021-05-15,"23","35  day ahead inc hosp",2021-06-19,"quantile",0.05,1.83433789393208
"17806",2021-05-15,"23","35  day ahead inc hosp",2021-06-19,"quantile",0.1,3.25230773610365
"17807",2021-05-15,"23","35  day ahead inc hosp",2021-06-19,"quantile",0.15,4.59089749274979
"17808",2021-05-15,"23","35  day ahead inc hosp",2021-06-19,"quantile",0.2,5.91986814818464
"17809",2021-05-15,"23","35  day ahead inc hosp",2021-06-19,"quantile",0.25,7.27357536669117
"17810",2021-05-15,"23","35  day ahead inc hosp",2021-06-19,"quantile",0.3,8.67599088340449
"17811",2021-05-15,"23","35  day ahead inc hosp",2021-06-19,"quantile",0.35,10.1480288321687
"17812",2021-05-15,"23","35  day ahead inc hosp",2021-06-19,"quantile",0.4,11.7109015707208
"17813",2021-05-15,"23","35  day ahead inc hosp",2021-06-19,"quantile",0.45,13.3884151708785
"17814",2021-05-15,"23","35  day ahead inc hosp",2021-06-19,"quantile",0.5,15.2092307986192
"17815",2021-05-15,"23","35  day ahead inc hosp",2021-06-19,"quantile",0.55,17.2097427417632
"17816",2021-05-15,"23","35  day ahead inc hosp",2021-06-19,"quantile",0.6,19.4383387935263
"17817",2021-05-15,"23","35  day ahead inc hosp",2021-06-19,"quantile",0.65,21.962346079546
"17818",2021-05-15,"23","35  day ahead inc hosp",2021-06-19,"quantile",0.7,24.8803038474428
"17819",2021-05-15,"23","35  day ahead inc hosp",2021-06-19,"quantile",0.75,28.3456034126409
"17820",2021-05-15,"23","35  day ahead inc hosp",2021-06-19,"quantile",0.8,32.6172174630575
"17821",2021-05-15,"23","35  day ahead inc hosp",2021-06-19,"quantile",0.85,38.1861179494605
"17822",2021-05-15,"23","35  day ahead inc hosp",2021-06-19,"quantile",0.9,46.171913221548
"17823",2021-05-15,"23","35  day ahead inc hosp",2021-06-19,"quantile",0.95,60.2330589463745
"17824",2021-05-15,"23","35  day ahead inc hosp",2021-06-19,"quantile",0.975,74.8369392811195
"17825",2021-05-15,"23","35  day ahead inc hosp",2021-06-19,"quantile",0.99,94.9878256908796
"17826",2021-05-15,"23","36  day ahead inc hosp",2021-06-20,"quantile",0.01,0.445565889552012
"17827",2021-05-15,"23","36  day ahead inc hosp",2021-06-20,"quantile",0.025,0.997757014026764
"17828",2021-05-15,"23","36  day ahead inc hosp",2021-06-20,"quantile",0.05,1.78787478464948
"17829",2021-05-15,"23","36  day ahead inc hosp",2021-06-20,"quantile",0.1,3.19759991480324
"17830",2021-05-15,"23","36  day ahead inc hosp",2021-06-20,"quantile",0.15,4.53473115165915
"17831",2021-05-15,"23","36  day ahead inc hosp",2021-06-20,"quantile",0.2,5.86607749991965
"17832",2021-05-15,"23","36  day ahead inc hosp",2021-06-20,"quantile",0.25,7.22502925310186
"17833",2021-05-15,"23","36  day ahead inc hosp",2021-06-20,"quantile",0.3,8.63519388267303
"17834",2021-05-15,"23","36  day ahead inc hosp",2021-06-20,"quantile",0.35,10.1173962336069
"17835",2021-05-15,"23","36  day ahead inc hosp",2021-06-20,"quantile",0.4,11.6929304910927
"17836",2021-05-15,"23","36  day ahead inc hosp",2021-06-20,"quantile",0.45,13.3858253664549
"17837",2021-05-15,"23","36  day ahead inc hosp",2021-06-20,"quantile",0.5,15.2251112330605
"17838",2021-05-15,"23","36  day ahead inc hosp",2021-06-20,"quantile",0.55,17.2477323666745
"17839",2021-05-15,"23","36  day ahead inc hosp",2021-06-20,"quantile",0.6,19.502876609372
"17840",2021-05-15,"23","36  day ahead inc hosp",2021-06-20,"quantile",0.65,22.0590473165585
"17841",2021-05-15,"23","36  day ahead inc hosp",2021-06-20,"quantile",0.7,25.0165695029975
"17842",2021-05-15,"23","36  day ahead inc hosp",2021-06-20,"quantile",0.75,28.5316900194865
"17843",2021-05-15,"23","36  day ahead inc hosp",2021-06-20,"quantile",0.8,32.8683104906623
"17844",2021-05-15,"23","36  day ahead inc hosp",2021-06-20,"quantile",0.85,38.5269429730112
"17845",2021-05-15,"23","36  day ahead inc hosp",2021-06-20,"quantile",0.9,46.6494393074923
"17846",2021-05-15,"23","36  day ahead inc hosp",2021-06-20,"quantile",0.95,60.9690266162766
"17847",2021-05-15,"23","36  day ahead inc hosp",2021-06-20,"quantile",0.975,75.8594197875772
"17848",2021-05-15,"23","36  day ahead inc hosp",2021-06-20,"quantile",0.99,96.4281043494244
"17849",2021-05-15,"23","37  day ahead inc hosp",2021-06-21,"quantile",0.01,0.417538675741387
"17850",2021-05-15,"23","37  day ahead inc hosp",2021-06-21,"quantile",0.025,0.953001156127802
"17851",2021-05-15,"23","37  day ahead inc hosp",2021-06-21,"quantile",0.05,1.72750928811017
"17852",2021-05-15,"23","37  day ahead inc hosp",2021-06-21,"quantile",0.1,3.12044803320771
"17853",2021-05-15,"23","37  day ahead inc hosp",2021-06-21,"quantile",0.15,4.44881154845917
"17854",2021-05-15,"23","37  day ahead inc hosp",2021-06-21,"quantile",0.2,5.77575740191735
"17855",2021-05-15,"23","37  day ahead inc hosp",2021-06-21,"quantile",0.25,7.13341779781665
"17856",2021-05-15,"23","37  day ahead inc hosp",2021-06-21,"quantile",0.3,8.54486791970521
"17857",2021-05-15,"23","37  day ahead inc hosp",2021-06-21,"quantile",0.35,10.0307246988469
"17858",2021-05-15,"23","37  day ahead inc hosp",2021-06-21,"quantile",0.4,11.6122654683973
"17859",2021-05-15,"23","37  day ahead inc hosp",2021-06-21,"quantile",0.45,13.3136475462862
"17860",2021-05-15,"23","37  day ahead inc hosp",2021-06-21,"quantile",0.5,15.1641704254763
"17861",2021-05-15,"23","37  day ahead inc hosp",2021-06-21,"quantile",0.55,17.2012119673302
"17862",2021-05-15,"23","37  day ahead inc hosp",2021-06-21,"quantile",0.6,19.4746145247967
"17863",2021-05-15,"23","37  day ahead inc hosp",2021-06-21,"quantile",0.65,22.0538638146289
"17864",2021-05-15,"23","37  day ahead inc hosp",2021-06-21,"quantile",0.7,25.0407959147094
"17865",2021-05-15,"23","37  day ahead inc hosp",2021-06-21,"quantile",0.75,28.5940965794578
"17866",2021-05-15,"23","37  day ahead inc hosp",2021-06-21,"quantile",0.8,32.9819091118902
"17867",2021-05-15,"23","37  day ahead inc hosp",2021-06-21,"quantile",0.85,38.7130127788142
"17868",2021-05-15,"23","37  day ahead inc hosp",2021-06-21,"quantile",0.9,46.948676580889
"17869",2021-05-15,"23","37  day ahead inc hosp",2021-06-21,"quantile",0.95,61.4879941144374
"17870",2021-05-15,"23","37  day ahead inc hosp",2021-06-21,"quantile",0.975,76.6275089642855
"17871",2021-05-15,"23","37  day ahead inc hosp",2021-06-21,"quantile",0.99,97.5659340248149
"17872",2021-05-15,"24","1  day ahead inc hosp",2021-05-16,"quantile",0.01,53.0712837428954
"17873",2021-05-15,"24","1  day ahead inc hosp",2021-05-16,"quantile",0.025,56.3293480482339
"17874",2021-05-15,"24","1  day ahead inc hosp",2021-05-16,"quantile",0.05,59.2494865599732
"17875",2021-05-15,"24","1  day ahead inc hosp",2021-05-16,"quantile",0.1,62.7555139572169
"17876",2021-05-15,"24","1  day ahead inc hosp",2021-05-16,"quantile",0.15,65.2073778971373
"17877",2021-05-15,"24","1  day ahead inc hosp",2021-05-16,"quantile",0.2,67.2067230199805
"17878",2021-05-15,"24","1  day ahead inc hosp",2021-05-16,"quantile",0.25,68.9583211326482
"17879",2021-05-15,"24","1  day ahead inc hosp",2021-05-16,"quantile",0.3,70.5602891113948
"17880",2021-05-15,"24","1  day ahead inc hosp",2021-05-16,"quantile",0.35,72.0695162475531
"17881",2021-05-15,"24","1  day ahead inc hosp",2021-05-16,"quantile",0.4,73.5238891747591
"17882",2021-05-15,"24","1  day ahead inc hosp",2021-05-16,"quantile",0.45,74.9518556085126
"17883",2021-05-15,"24","1  day ahead inc hosp",2021-05-16,"quantile",0.5,76.3773914206132
"17884",2021-05-15,"24","1  day ahead inc hosp",2021-05-16,"quantile",0.55,77.8231657682901
"17885",2021-05-15,"24","1  day ahead inc hosp",2021-05-16,"quantile",0.6,79.313158163727
"17886",2021-05-15,"24","1  day ahead inc hosp",2021-05-16,"quantile",0.65,80.8755641661432
"17887",2021-05-15,"24","1  day ahead inc hosp",2021-05-16,"quantile",0.7,82.5469685639953
"17888",2021-05-15,"24","1  day ahead inc hosp",2021-05-16,"quantile",0.75,84.3795990065089
"17889",2021-05-15,"24","1  day ahead inc hosp",2021-05-16,"quantile",0.8,86.4560457612665
"17890",2021-05-15,"24","1  day ahead inc hosp",2021-05-16,"quantile",0.85,88.9245052415635
"17891",2021-05-15,"24","1  day ahead inc hosp",2021-05-16,"quantile",0.9,92.1050462049882
"17892",2021-05-15,"24","1  day ahead inc hosp",2021-05-16,"quantile",0.95,96.9750795204231
"17893",2021-05-15,"24","1  day ahead inc hosp",2021-05-16,"quantile",0.975,101.353300926143
"17894",2021-05-15,"24","1  day ahead inc hosp",2021-05-16,"quantile",0.99,106.628476264351
"17895",2021-05-15,"24","2  day ahead inc hosp",2021-05-17,"quantile",0.01,57.2105721386799
"17896",2021-05-15,"24","2  day ahead inc hosp",2021-05-17,"quantile",0.025,60.8335409560664
"17897",2021-05-15,"24","2  day ahead inc hosp",2021-05-17,"quantile",0.05,64.0848067885335
"17898",2021-05-15,"24","2  day ahead inc hosp",2021-05-17,"quantile",0.1,67.9931427171657
"17899",2021-05-15,"24","2  day ahead inc hosp",2021-05-17,"quantile",0.15,70.7292491052332
"17900",2021-05-15,"24","2  day ahead inc hosp",2021-05-17,"quantile",0.2,72.9620524368488
"17901",2021-05-15,"24","2  day ahead inc hosp",2021-05-17,"quantile",0.25,74.9193702106072
"17902",2021-05-15,"24","2  day ahead inc hosp",2021-05-17,"quantile",0.3,76.7104264000845
"17903",2021-05-15,"24","2  day ahead inc hosp",2021-05-17,"quantile",0.35,78.3985951916508
"17904",2021-05-15,"24","2  day ahead inc hosp",2021-05-17,"quantile",0.4,80.0261212953986
"17905",2021-05-15,"24","2  day ahead inc hosp",2021-05-17,"quantile",0.45,81.6247633250454
"17906",2021-05-15,"24","2  day ahead inc hosp",2021-05-17,"quantile",0.5,83.2213271634943
"17907",2021-05-15,"24","2  day ahead inc hosp",2021-05-17,"quantile",0.55,84.8411986089951
"17908",2021-05-15,"24","2  day ahead inc hosp",2021-05-17,"quantile",0.6,86.5112725842862
"17909",2021-05-15,"24","2  day ahead inc hosp",2021-05-17,"quantile",0.65,88.263214757254
"17910",2021-05-15,"24","2  day ahead inc hosp",2021-05-17,"quantile",0.7,90.1381551816172
"17911",2021-05-15,"24","2  day ahead inc hosp",2021-05-17,"quantile",0.75,92.1948551468234
"17912",2021-05-15,"24","2  day ahead inc hosp",2021-05-17,"quantile",0.8,94.5262889098074
"17913",2021-05-15,"24","2  day ahead inc hosp",2021-05-17,"quantile",0.85,97.2993580770452
"17914",2021-05-15,"24","2  day ahead inc hosp",2021-05-17,"quantile",0.9,100.874671726675
"17915",2021-05-15,"24","2  day ahead inc hosp",2021-05-17,"quantile",0.95,106.353948377338
"17916",2021-05-15,"24","2  day ahead inc hosp",2021-05-17,"quantile",0.975,111.284553303717
"17917",2021-05-15,"24","2  day ahead inc hosp",2021-05-17,"quantile",0.99,117.230801971734
"17918",2021-05-15,"24","3  day ahead inc hosp",2021-05-18,"quantile",0.01,55.2152001519532
"17919",2021-05-15,"24","3  day ahead inc hosp",2021-05-18,"quantile",0.025,59.011851773002
"17920",2021-05-15,"24","3  day ahead inc hosp",2021-05-18,"quantile",0.05,62.4309279781378
"17921",2021-05-15,"24","3  day ahead inc hosp",2021-05-18,"quantile",0.1,66.5549403437046
"17922",2021-05-15,"24","3  day ahead inc hosp",2021-05-18,"quantile",0.15,69.4505663515285
"17923",2021-05-15,"24","3  day ahead inc hosp",2021-05-18,"quantile",0.2,71.8184877914674
"17924",2021-05-15,"24","3  day ahead inc hosp",2021-05-18,"quantile",0.25,73.8977658652911
"17925",2021-05-15,"24","3  day ahead inc hosp",2021-05-18,"quantile",0.3,75.8032058623705
"17926",2021-05-15,"24","3  day ahead inc hosp",2021-05-18,"quantile",0.35,77.6015530839131
"17927",2021-05-15,"24","3  day ahead inc hosp",2021-05-18,"quantile",0.4,79.3374159456948
"17928",2021-05-15,"24","3  day ahead inc hosp",2021-05-18,"quantile",0.45,81.044444474466
"17929",2021-05-15,"24","3  day ahead inc hosp",2021-05-18,"quantile",0.5,82.7511583845144
"17930",2021-05-15,"24","3  day ahead inc hosp",2021-05-18,"quantile",0.55,84.4846876760845
"17931",2021-05-15,"24","3  day ahead inc hosp",2021-05-18,"quantile",0.6,86.2738987998682
"17932",2021-05-15,"24","3  day ahead inc hosp",2021-05-18,"quantile",0.65,88.1529033304489
"17933",2021-05-15,"24","3  day ahead inc hosp",2021-05-18,"quantile",0.7,90.1661345404737
"17934",2021-05-15,"24","3  day ahead inc hosp",2021-05-18,"quantile",0.75,92.3772059104873
"17935",2021-05-15,"24","3  day ahead inc hosp",2021-05-18,"quantile",0.8,94.8869232024933
"17936",2021-05-15,"24","3  day ahead inc hosp",2021-05-18,"quantile",0.85,97.8764624749984
"17937",2021-05-15,"24","3  day ahead inc hosp",2021-05-18,"quantile",0.9,101.737696506267
"17938",2021-05-15,"24","3  day ahead inc hosp",2021-05-18,"quantile",0.95,107.669377352184
"17939",2021-05-15,"24","3  day ahead inc hosp",2021-05-18,"quantile",0.975,113.021019063624
"17940",2021-05-15,"24","3  day ahead inc hosp",2021-05-18,"quantile",0.99,119.491555085282
"17941",2021-05-15,"24","4  day ahead inc hosp",2021-05-19,"quantile",0.01,49.1807126965013
"17942",2021-05-15,"24","4  day ahead inc hosp",2021-05-19,"quantile",0.025,52.8766003774129
"17943",2021-05-15,"24","4  day ahead inc hosp",2021-05-19,"quantile",0.05,56.2185628605918
"17944",2021-05-15,"24","4  day ahead inc hosp",2021-05-19,"quantile",0.1,60.265504906377
"17945",2021-05-15,"24","4  day ahead inc hosp",2021-05-19,"quantile",0.15,63.1167747273778
"17946",2021-05-15,"24","4  day ahead inc hosp",2021-05-19,"quantile",0.2,65.4540803576727
"17947",2021-05-15,"24","4  day ahead inc hosp",2021-05-19,"quantile",0.25,67.5104986949501
"17948",2021-05-15,"24","4  day ahead inc hosp",2021-05-19,"quantile",0.3,69.3981800130419
"17949",2021-05-15,"24","4  day ahead inc hosp",2021-05-19,"quantile",0.35,71.1824791136089
"17950",2021-05-15,"24","4  day ahead inc hosp",2021-05-19,"quantile",0.4,72.9072098544154
"17951",2021-05-15,"24","4  day ahead inc hosp",2021-05-19,"quantile",0.45,74.6055552433302
"17952",2021-05-15,"24","4  day ahead inc hosp",2021-05-19,"quantile",0.5,76.3057747315636
"17953",2021-05-15,"24","4  day ahead inc hosp",2021-05-19,"quantile",0.55,78.0348902759448
"17954",2021-05-15,"24","4  day ahead inc hosp",2021-05-19,"quantile",0.6,79.8217952925814
"17955",2021-05-15,"24","4  day ahead inc hosp",2021-05-19,"quantile",0.65,81.7007758927635
"17956",2021-05-15,"24","4  day ahead inc hosp",2021-05-19,"quantile",0.7,83.7166369209241
"17957",2021-05-15,"24","4  day ahead inc hosp",2021-05-19,"quantile",0.75,85.9336756393847
"17958",2021-05-15,"24","4  day ahead inc hosp",2021-05-19,"quantile",0.8,88.4539576539339
"17959",2021-05-15,"24","4  day ahead inc hosp",2021-05-19,"quantile",0.85,91.4611708926662
"17960",2021-05-15,"24","4  day ahead inc hosp",2021-05-19,"quantile",0.9,95.3531077038388
"17961",2021-05-15,"24","4  day ahead inc hosp",2021-05-19,"quantile",0.95,101.348384931566
"17962",2021-05-15,"24","4  day ahead inc hosp",2021-05-19,"quantile",0.975,106.773518096036
"17963",2021-05-15,"24","4  day ahead inc hosp",2021-05-19,"quantile",0.99,113.352039537887
"17964",2021-05-15,"24","5  day ahead inc hosp",2021-05-20,"quantile",0.01,45.0365673657877
"17965",2021-05-15,"24","5  day ahead inc hosp",2021-05-20,"quantile",0.025,48.7435150541753
"17966",2021-05-15,"24","5  day ahead inc hosp",2021-05-20,"quantile",0.05,52.1107474295267
"17967",2021-05-15,"24","5  day ahead inc hosp",2021-05-20,"quantile",0.1,56.20618099947
"17968",2021-05-15,"24","5  day ahead inc hosp",2021-05-20,"quantile",0.15,59.1025770317313
"17969",2021-05-15,"24","5  day ahead inc hosp",2021-05-20,"quantile",0.2,61.4832340893279
"17970",2021-05-15,"24","5  day ahead inc hosp",2021-05-20,"quantile",0.25,63.5823211544001
"17971",2021-05-15,"24","5  day ahead inc hosp",2021-05-20,"quantile",0.3,65.5127608624138
"17972",2021-05-15,"24","5  day ahead inc hosp",2021-05-20,"quantile",0.35,67.3405317185158
"17973",2021-05-15,"24","5  day ahead inc hosp",2021-05-20,"quantile",0.4,69.1100189770789
"17974",2021-05-15,"24","5  day ahead inc hosp",2021-05-20,"quantile",0.45,70.8549889326181
"17975",2021-05-15,"24","5  day ahead inc hosp",2021-05-20,"quantile",0.5,72.6043516582726
"17976",2021-05-15,"24","5  day ahead inc hosp",2021-05-20,"quantile",0.55,74.3859091299855
"17977",2021-05-15,"24","5  day ahead inc hosp",2021-05-20,"quantile",0.6,76.2295487839403
"17978",2021-05-15,"24","5  day ahead inc hosp",2021-05-20,"quantile",0.65,78.170896544534
"17979",2021-05-15,"24","5  day ahead inc hosp",2021-05-20,"quantile",0.7,80.2566697540443
"17980",2021-05-15,"24","5  day ahead inc hosp",2021-05-20,"quantile",0.75,82.5540802657021
"17981",2021-05-15,"24","5  day ahead inc hosp",2021-05-20,"quantile",0.8,85.1700180941588
"17982",2021-05-15,"24","5  day ahead inc hosp",2021-05-20,"quantile",0.85,88.2971325098383
"17983",2021-05-15,"24","5  day ahead inc hosp",2021-05-20,"quantile",0.9,92.3531732035288
"17984",2021-05-15,"24","5  day ahead inc hosp",2021-05-20,"quantile",0.95,98.6198929439899
"17985",2021-05-15,"24","5  day ahead inc hosp",2021-05-20,"quantile",0.975,104.308966001612
"17986",2021-05-15,"24","5  day ahead inc hosp",2021-05-20,"quantile",0.99,111.229304713883
"17987",2021-05-15,"24","6  day ahead inc hosp",2021-05-21,"quantile",0.01,45.2545518279478
"17988",2021-05-15,"24","6  day ahead inc hosp",2021-05-21,"quantile",0.025,49.2069628253414
"17989",2021-05-15,"24","6  day ahead inc hosp",2021-05-21,"quantile",0.05,52.808557927711
"17990",2021-05-15,"24","6  day ahead inc hosp",2021-05-21,"quantile",0.1,57.2023971189432
"17991",2021-05-15,"24","6  day ahead inc hosp",2021-05-21,"quantile",0.15,60.3180187151241
"17992",2021-05-15,"24","6  day ahead inc hosp",2021-05-21,"quantile",0.2,62.8836142209217
"17993",2021-05-15,"24","6  day ahead inc hosp",2021-05-21,"quantile",0.25,65.1491469591283
"17994",2021-05-15,"24","6  day ahead inc hosp",2021-05-21,"quantile",0.3,67.2353413495852
"17995",2021-05-15,"24","6  day ahead inc hosp",2021-05-21,"quantile",0.35,69.2128652224595
"17996",2021-05-15,"24","6  day ahead inc hosp",2021-05-21,"quantile",0.4,71.1293742055747
"17997",2021-05-15,"24","6  day ahead inc hosp",2021-05-21,"quantile",0.45,73.0212361592355
"17998",2021-05-15,"24","6  day ahead inc hosp",2021-05-21,"quantile",0.5,74.9197044033117
"17999",2021-05-15,"24","6  day ahead inc hosp",2021-05-21,"quantile",0.55,76.8549527255341
"18000",2021-05-15,"24","6  day ahead inc hosp",2021-05-21,"quantile",0.6,78.8595376975042
"18001",2021-05-15,"24","6  day ahead inc hosp",2021-05-21,"quantile",0.65,80.972386004654
"18002",2021-05-15,"24","6  day ahead inc hosp",2021-05-21,"quantile",0.7,83.2446631983575
"18003",2021-05-15,"24","6  day ahead inc hosp",2021-05-21,"quantile",0.75,85.7501066609302
"18004",2021-05-15,"24","6  day ahead inc hosp",2021-05-21,"quantile",0.8,88.6061308515017
"18005",2021-05-15,"24","6  day ahead inc hosp",2021-05-21,"quantile",0.85,92.0245606966261
"18006",2021-05-15,"24","6  day ahead inc hosp",2021-05-21,"quantile",0.9,96.4651385012345
"18007",2021-05-15,"24","6  day ahead inc hosp",2021-05-21,"quantile",0.95,103.339957165583
"18008",2021-05-15,"24","6  day ahead inc hosp",2021-05-21,"quantile",0.975,109.594802697715
"18009",2021-05-15,"24","6  day ahead inc hosp",2021-05-21,"quantile",0.99,117.219683126857
"18010",2021-05-15,"24","7  day ahead inc hosp",2021-05-22,"quantile",0.01,34.3518528684974
"18011",2021-05-15,"24","7  day ahead inc hosp",2021-05-22,"quantile",0.025,37.7836102107856
"18012",2021-05-15,"24","7  day ahead inc hosp",2021-05-22,"quantile",0.05,40.9353742436469
"18013",2021-05-15,"24","7  day ahead inc hosp",2021-05-22,"quantile",0.1,44.8094074880318
"18014",2021-05-15,"24","7  day ahead inc hosp",2021-05-22,"quantile",0.15,47.5742510234123
"18015",2021-05-15,"24","7  day ahead inc hosp",2021-05-22,"quantile",0.2,49.8613542111928
"18016",2021-05-15,"24","7  day ahead inc hosp",2021-05-22,"quantile",0.25,51.8883565202619
"18017",2021-05-15,"24","7  day ahead inc hosp",2021-05-22,"quantile",0.3,53.7607751478657
"18018",2021-05-15,"24","7  day ahead inc hosp",2021-05-22,"quantile",0.35,55.540663817664
"18019",2021-05-15,"24","7  day ahead inc hosp",2021-05-22,"quantile",0.4,57.2701246364781
"18020",2021-05-15,"24","7  day ahead inc hosp",2021-05-22,"quantile",0.45,58.9815384778852
"18021",2021-05-15,"24","7  day ahead inc hosp",2021-05-22,"quantile",0.5,60.702988256371
"18022",2021-05-15,"24","7  day ahead inc hosp",2021-05-22,"quantile",0.55,62.4618478898135
"18023",2021-05-15,"24","7  day ahead inc hosp",2021-05-22,"quantile",0.6,64.2879156911225
"18024",2021-05-15,"24","7  day ahead inc hosp",2021-05-22,"quantile",0.65,66.2170820410305
"18025",2021-05-15,"24","7  day ahead inc hosp",2021-05-22,"quantile",0.7,68.2967844974111
"18026",2021-05-15,"24","7  day ahead inc hosp",2021-05-22,"quantile",0.75,70.5956644663558
"18027",2021-05-15,"24","7  day ahead inc hosp",2021-05-22,"quantile",0.8,73.2233450204235
"18028",2021-05-15,"24","7  day ahead inc hosp",2021-05-22,"quantile",0.85,76.3780542650116
"18029",2021-05-15,"24","7  day ahead inc hosp",2021-05-22,"quantile",0.9,80.4909417346543
"18030",2021-05-15,"24","7  day ahead inc hosp",2021-05-22,"quantile",0.95,86.8896386836272
"18031",2021-05-15,"24","7  day ahead inc hosp",2021-05-22,"quantile",0.975,92.7420218964989
"18032",2021-05-15,"24","7  day ahead inc hosp",2021-05-22,"quantile",0.99,99.9129206223616
"18033",2021-05-15,"24","8  day ahead inc hosp",2021-05-23,"quantile",0.01,36.2286488558745
"18034",2021-05-15,"24","8  day ahead inc hosp",2021-05-23,"quantile",0.025,40.0122853022733
"18035",2021-05-15,"24","8  day ahead inc hosp",2021-05-23,"quantile",0.05,43.496975773305
"18036",2021-05-15,"24","8  day ahead inc hosp",2021-05-23,"quantile",0.1,47.7917091363307
"18037",2021-05-15,"24","8  day ahead inc hosp",2021-05-23,"quantile",0.15,50.8638463075524
"18038",2021-05-15,"24","8  day ahead inc hosp",2021-05-23,"quantile",0.2,53.4092383453423
"18039",2021-05-15,"24","8  day ahead inc hosp",2021-05-23,"quantile",0.25,55.6680729101347
"18040",2021-05-15,"24","8  day ahead inc hosp",2021-05-23,"quantile",0.3,57.7569606440492
"18041",2021-05-15,"24","8  day ahead inc hosp",2021-05-23,"quantile",0.35,59.744594738707
"18042",2021-05-15,"24","8  day ahead inc hosp",2021-05-23,"quantile",0.4,61.6776847483583
"18043",2021-05-15,"24","8  day ahead inc hosp",2021-05-23,"quantile",0.45,63.592255854524
"18044",2021-05-15,"24","8  day ahead inc hosp",2021-05-23,"quantile",0.5,65.5196536253936
"18045",2021-05-15,"24","8  day ahead inc hosp",2021-05-23,"quantile",0.55,67.4905356129293
"18046",2021-05-15,"24","8  day ahead inc hosp",2021-05-23,"quantile",0.6,69.5383777777896
"18047",2021-05-15,"24","8  day ahead inc hosp",2021-05-23,"quantile",0.65,71.7036020703873
"18048",2021-05-15,"24","8  day ahead inc hosp",2021-05-23,"quantile",0.7,74.0397376287049
"18049",2021-05-15,"24","8  day ahead inc hosp",2021-05-23,"quantile",0.75,76.6243473946681
"18050",2021-05-15,"24","8  day ahead inc hosp",2021-05-23,"quantile",0.8,79.5814276986297
"18051",2021-05-15,"24","8  day ahead inc hosp",2021-05-23,"quantile",0.85,83.1353760699595
"18052",2021-05-15,"24","8  day ahead inc hosp",2021-05-23,"quantile",0.9,87.7746197094834
"18053",2021-05-15,"24","8  day ahead inc hosp",2021-05-23,"quantile",0.95,95.0044835778194
"18054",2021-05-15,"24","8  day ahead inc hosp",2021-05-23,"quantile",0.975,101.629153491711
"18055",2021-05-15,"24","8  day ahead inc hosp",2021-05-23,"quantile",0.99,109.760733689435
"18056",2021-05-15,"24","9  day ahead inc hosp",2021-05-24,"quantile",0.01,38.2710807841051
"18057",2021-05-15,"24","9  day ahead inc hosp",2021-05-24,"quantile",0.025,42.4461549564766
"18058",2021-05-15,"24","9  day ahead inc hosp",2021-05-24,"quantile",0.05,46.3023732673068
"18059",2021-05-15,"24","9  day ahead inc hosp",2021-05-24,"quantile",0.1,51.0679742412248
"18060",2021-05-15,"24","9  day ahead inc hosp",2021-05-24,"quantile",0.15,54.4849039420723
"18061",2021-05-15,"24","9  day ahead inc hosp",2021-05-24,"quantile",0.2,57.3206013177612
"18062",2021-05-15,"24","9  day ahead inc hosp",2021-05-24,"quantile",0.25,59.8403607472726
"18063",2021-05-15,"24","9  day ahead inc hosp",2021-05-24,"quantile",0.3,62.1731653706665
"18064",2021-05-15,"24","9  day ahead inc hosp",2021-05-24,"quantile",0.35,64.3951282688135
"18065",2021-05-15,"24","9  day ahead inc hosp",2021-05-24,"quantile",0.4,66.5581213907945
"18066",2021-05-15,"24","9  day ahead inc hosp",2021-05-24,"quantile",0.45,68.7022662049271
"18067",2021-05-15,"24","9  day ahead inc hosp",2021-05-24,"quantile",0.5,70.8625885702481
"18068",2021-05-15,"24","9  day ahead inc hosp",2021-05-24,"quantile",0.55,73.0734628511397
"18069",2021-05-15,"24","9  day ahead inc hosp",2021-05-24,"quantile",0.6,75.3725403448527
"18070",2021-05-15,"24","9  day ahead inc hosp",2021-05-24,"quantile",0.65,77.8053999733304
"18071",2021-05-15,"24","9  day ahead inc hosp",2021-05-24,"quantile",0.7,80.4325151722052
"18072",2021-05-15,"24","9  day ahead inc hosp",2021-05-24,"quantile",0.75,83.3416318956879
"18073",2021-05-15,"24","9  day ahead inc hosp",2021-05-24,"quantile",0.8,86.6731669892786
"18074",2021-05-15,"24","9  day ahead inc hosp",2021-05-24,"quantile",0.85,90.6814366611094
"18075",2021-05-15,"24","9  day ahead inc hosp",2021-05-24,"quantile",0.9,95.920396911694
"18076",2021-05-15,"24","9  day ahead inc hosp",2021-05-24,"quantile",0.95,104.098833765083
"18077",2021-05-15,"24","9  day ahead inc hosp",2021-05-24,"quantile",0.975,111.606425620395
"18078",2021-05-15,"24","9  day ahead inc hosp",2021-05-24,"quantile",0.99,120.838165743319
"18079",2021-05-15,"24","10  day ahead inc hosp",2021-05-25,"quantile",0.01,38.2555181395187
"18080",2021-05-15,"24","10  day ahead inc hosp",2021-05-25,"quantile",0.025,42.6618598677585
"18081",2021-05-15,"24","10  day ahead inc hosp",2021-05-25,"quantile",0.05,46.746855468213
"18082",2021-05-15,"24","10  day ahead inc hosp",2021-05-25,"quantile",0.1,51.8130794926315
"18083",2021-05-15,"24","10  day ahead inc hosp",2021-05-25,"quantile",0.15,55.4565560168616
"18084",2021-05-15,"24","10  day ahead inc hosp",2021-05-25,"quantile",0.2,58.4866612675025
"18085",2021-05-15,"24","10  day ahead inc hosp",2021-05-25,"quantile",0.25,61.1837333395173
"18086",2021-05-15,"24","10  day ahead inc hosp",2021-05-25,"quantile",0.3,63.6843232079524
"18087",2021-05-15,"24","10  day ahead inc hosp",2021-05-25,"quantile",0.35,66.0691925232308
"18088",2021-05-15,"24","10  day ahead inc hosp",2021-05-25,"quantile",0.4,68.393544319904
"18089",2021-05-15,"24","10  day ahead inc hosp",2021-05-25,"quantile",0.45,70.7002363421831
"18090",2021-05-15,"24","10  day ahead inc hosp",2021-05-25,"quantile",0.5,73.0268446484752
"18091",2021-05-15,"24","10  day ahead inc hosp",2021-05-25,"quantile",0.55,75.4104091098359
"18092",2021-05-15,"24","10  day ahead inc hosp",2021-05-25,"quantile",0.6,77.8916623287959
"18093",2021-05-15,"24","10  day ahead inc hosp",2021-05-25,"quantile",0.65,80.5200725478718
"18094",2021-05-15,"24","10  day ahead inc hosp",2021-05-25,"quantile",0.7,83.3614323353482
"18095",2021-05-15,"24","10  day ahead inc hosp",2021-05-25,"quantile",0.75,86.5113723328701
"18096",2021-05-15,"24","10  day ahead inc hosp",2021-05-25,"quantile",0.8,90.1231223839325
"18097",2021-05-15,"24","10  day ahead inc hosp",2021-05-25,"quantile",0.85,94.474485354158
"18098",2021-05-15,"24","10  day ahead inc hosp",2021-05-25,"quantile",0.9,100.171142889612
"18099",2021-05-15,"24","10  day ahead inc hosp",2021-05-25,"quantile",0.95,109.083535088596
"18100",2021-05-15,"24","10  day ahead inc hosp",2021-05-25,"quantile",0.975,117.284049956884
"18101",2021-05-15,"24","10  day ahead inc hosp",2021-05-25,"quantile",0.99,127.390731333707
"18102",2021-05-15,"24","11  day ahead inc hosp",2021-05-26,"quantile",0.01,32.1019959711556
"18103",2021-05-15,"24","11  day ahead inc hosp",2021-05-26,"quantile",0.025,36.1824099763803
"18104",2021-05-15,"24","11  day ahead inc hosp",2021-05-26,"quantile",0.05,39.9926358889997
"18105",2021-05-15,"24","11  day ahead inc hosp",2021-05-26,"quantile",0.1,44.750509263828
"18106",2021-05-15,"24","11  day ahead inc hosp",2021-05-26,"quantile",0.15,48.1922102763906
"18107",2021-05-15,"24","11  day ahead inc hosp",2021-05-26,"quantile",0.2,51.0661532689887
"18108",2021-05-15,"24","11  day ahead inc hosp",2021-05-26,"quantile",0.25,53.6325487406791
"18109",2021-05-15,"24","11  day ahead inc hosp",2021-05-26,"quantile",0.3,56.0186062140343
"18110",2021-05-15,"24","11  day ahead inc hosp",2021-05-26,"quantile",0.35,58.2998979282874
"18111",2021-05-15,"24","11  day ahead inc hosp",2021-05-26,"quantile",0.4,60.5283800527243
"18112",2021-05-15,"24","11  day ahead inc hosp",2021-05-26,"quantile",0.45,62.7446839951951
"18113",2021-05-15,"24","11  day ahead inc hosp",2021-05-26,"quantile",0.5,64.9847309128107
"18114",2021-05-15,"24","11  day ahead inc hosp",2021-05-26,"quantile",0.55,67.2842280862553
"18115",2021-05-15,"24","11  day ahead inc hosp",2021-05-26,"quantile",0.6,69.6827386192832
"18116",2021-05-15,"24","11  day ahead inc hosp",2021-05-26,"quantile",0.65,72.2286012469711
"18117",2021-05-15,"24","11  day ahead inc hosp",2021-05-26,"quantile",0.7,74.9863961175269
"18118",2021-05-15,"24","11  day ahead inc hosp",2021-05-26,"quantile",0.75,78.0502960572824
"18119",2021-05-15,"24","11  day ahead inc hosp",2021-05-26,"quantile",0.8,81.5715529860825
"18120",2021-05-15,"24","11  day ahead inc hosp",2021-05-26,"quantile",0.85,85.8249000937438
"18121",2021-05-15,"24","11  day ahead inc hosp",2021-05-26,"quantile",0.9,91.4103760365177
"18122",2021-05-15,"24","11  day ahead inc hosp",2021-05-26,"quantile",0.95,100.184898015964
"18123",2021-05-15,"24","11  day ahead inc hosp",2021-05-26,"quantile",0.975,108.294175056141
"18124",2021-05-15,"24","11  day ahead inc hosp",2021-05-26,"quantile",0.99,118.33102576794
"18125",2021-05-15,"24","12  day ahead inc hosp",2021-05-27,"quantile",0.01,30.3965944049415
"18126",2021-05-15,"24","12  day ahead inc hosp",2021-05-27,"quantile",0.025,34.5167647055993
"18127",2021-05-15,"24","12  day ahead inc hosp",2021-05-27,"quantile",0.05,38.3835840609512
"18128",2021-05-15,"24","12  day ahead inc hosp",2021-05-27,"quantile",0.1,43.2351938289845
"18129",2021-05-15,"24","12  day ahead inc hosp",2021-05-27,"quantile",0.15,46.7589183163524
"18130",2021-05-15,"24","12  day ahead inc hosp",2021-05-27,"quantile",0.2,49.7096387813998
"18131",2021-05-15,"24","12  day ahead inc hosp",2021-05-27,"quantile",0.25,52.3505172040252
"18132",2021-05-15,"24","12  day ahead inc hosp",2021-05-27,"quantile",0.3,54.8105381643011
"18133",2021-05-15,"24","12  day ahead inc hosp",2021-05-27,"quantile",0.35,57.1665707658843
"18134",2021-05-15,"24","12  day ahead inc hosp",2021-05-27,"quantile",0.4,59.4716800386036
"18135",2021-05-15,"24","12  day ahead inc hosp",2021-05-27,"quantile",0.45,61.7675771713767
"18136",2021-05-15,"24","12  day ahead inc hosp",2021-05-27,"quantile",0.5,64.0913514408958
"18137",2021-05-15,"24","12  day ahead inc hosp",2021-05-27,"quantile",0.55,66.4800846155849
"18138",2021-05-15,"24","12  day ahead inc hosp",2021-05-27,"quantile",0.6,68.9750726760062
"18139",2021-05-15,"24","12  day ahead inc hosp",2021-05-27,"quantile",0.65,71.6269767943555
"18140",2021-05-15,"24","12  day ahead inc hosp",2021-05-27,"quantile",0.7,74.5036836636869
"18141",2021-05-15,"24","12  day ahead inc hosp",2021-05-27,"quantile",0.75,77.7044017334329
"18142",2021-05-15,"24","12  day ahead inc hosp",2021-05-27,"quantile",0.8,81.3887227257607
"18143",2021-05-15,"24","12  day ahead inc hosp",2021-05-27,"quantile",0.85,85.8468934596778
"18144",2021-05-15,"24","12  day ahead inc hosp",2021-05-27,"quantile",0.9,91.7135826479618
"18145",2021-05-15,"24","12  day ahead inc hosp",2021-05-27,"quantile",0.95,100.955667683689
"18146",2021-05-15,"24","12  day ahead inc hosp",2021-05-27,"quantile",0.975,109.5225367867
"18147",2021-05-15,"24","12  day ahead inc hosp",2021-05-27,"quantile",0.99,120.156246673838
"18148",2021-05-15,"24","13  day ahead inc hosp",2021-05-28,"quantile",0.01,27.9829775313955
"18149",2021-05-15,"24","13  day ahead inc hosp",2021-05-28,"quantile",0.025,32.0507126053882
"18150",2021-05-15,"24","13  day ahead inc hosp",2021-05-28,"quantile",0.05,35.8905794793619
"18151",2021-05-15,"24","13  day ahead inc hosp",2021-05-28,"quantile",0.1,40.7348013118135
"18152",2021-05-15,"24","13  day ahead inc hosp",2021-05-28,"quantile",0.15,44.2694697722718
"18153",2021-05-15,"24","13  day ahead inc hosp",2021-05-28,"quantile",0.2,47.2388681402732
"18154",2021-05-15,"24","13  day ahead inc hosp",2021-05-28,"quantile",0.25,49.903268635582
"18155",2021-05-15,"24","13  day ahead inc hosp",2021-05-28,"quantile",0.3,52.3906228273565
"18156",2021-05-15,"24","13  day ahead inc hosp",2021-05-28,"quantile",0.35,54.7774655052009
"18157",2021-05-15,"24","13  day ahead inc hosp",2021-05-28,"quantile",0.4,57.1168836575647
"18158",2021-05-15,"24","13  day ahead inc hosp",2021-05-28,"quantile",0.45,59.4508528702664
"18159",2021-05-15,"24","13  day ahead inc hosp",2021-05-28,"quantile",0.5,61.8169449730276
"18160",2021-05-15,"24","13  day ahead inc hosp",2021-05-28,"quantile",0.55,64.2529704123106
"18161",2021-05-15,"24","13  day ahead inc hosp",2021-05-28,"quantile",0.6,66.801277987959
"18162",2021-05-15,"24","13  day ahead inc hosp",2021-05-28,"quantile",0.65,69.5140554971955
"18163",2021-05-15,"24","13  day ahead inc hosp",2021-05-28,"quantile",0.7,72.4614683632124
"18164",2021-05-15,"24","13  day ahead inc hosp",2021-05-28,"quantile",0.75,75.7462998056893
"18165",2021-05-15,"24","13  day ahead inc hosp",2021-05-28,"quantile",0.8,79.5341811173734
"18166",2021-05-15,"24","13  day ahead inc hosp",2021-05-28,"quantile",0.85,84.1267639671074
"18167",2021-05-15,"24","13  day ahead inc hosp",2021-05-28,"quantile",0.9,90.1845208540305
"18168",2021-05-15,"24","13  day ahead inc hosp",2021-05-28,"quantile",0.95,99.7575449636997
"18169",2021-05-15,"24","13  day ahead inc hosp",2021-05-28,"quantile",0.975,108.660785582664
"18170",2021-05-15,"24","13  day ahead inc hosp",2021-05-28,"quantile",0.99,119.747509144116
"18171",2021-05-15,"24","14  day ahead inc hosp",2021-05-29,"quantile",0.01,24.6340704699522
"18172",2021-05-15,"24","14  day ahead inc hosp",2021-05-29,"quantile",0.025,28.5112028819505
"18173",2021-05-15,"24","14  day ahead inc hosp",2021-05-29,"quantile",0.05,32.19698730116
"18174",2021-05-15,"24","14  day ahead inc hosp",2021-05-29,"quantile",0.1,36.8775925839979
"18175",2021-05-15,"24","14  day ahead inc hosp",2021-05-29,"quantile",0.15,40.311894074923
"18176",2021-05-15,"24","14  day ahead inc hosp",2021-05-29,"quantile",0.2,43.2080839844626
"18177",2021-05-15,"24","14  day ahead inc hosp",2021-05-29,"quantile",0.25,45.8147497359942
"18178",2021-05-15,"24","14  day ahead inc hosp",2021-05-29,"quantile",0.3,48.2545487629136
"18179",2021-05-15,"24","14  day ahead inc hosp",2021-05-29,"quantile",0.35,50.6011817227145
"18180",2021-05-15,"24","14  day ahead inc hosp",2021-05-29,"quantile",0.4,52.9060692933904
"18181",2021-05-15,"24","14  day ahead inc hosp",2021-05-29,"quantile",0.45,55.2101621100673
"18182",2021-05-15,"24","14  day ahead inc hosp",2021-05-29,"quantile",0.5,57.5504065553979
"18183",2021-05-15,"24","14  day ahead inc hosp",2021-05-29,"quantile",0.55,59.9642728269798
"18184",2021-05-15,"24","14  day ahead inc hosp",2021-05-29,"quantile",0.6,62.4940107264429
"18185",2021-05-15,"24","14  day ahead inc hosp",2021-05-29,"quantile",0.65,65.1919597913093
"18186",2021-05-15,"24","14  day ahead inc hosp",2021-05-29,"quantile",0.7,68.1287603537087
"18187",2021-05-15,"24","14  day ahead inc hosp",2021-05-29,"quantile",0.75,71.408175890427
"18188",2021-05-15,"24","14  day ahead inc hosp",2021-05-29,"quantile",0.8,75.1977545462619
"18189",2021-05-15,"24","14  day ahead inc hosp",2021-05-29,"quantile",0.85,79.803132633046
"18190",2021-05-15,"24","14  day ahead inc hosp",2021-05-29,"quantile",0.9,85.8945286730652
"18191",2021-05-15,"24","14  day ahead inc hosp",2021-05-29,"quantile",0.95,95.5561415663696
"18192",2021-05-15,"24","14  day ahead inc hosp",2021-05-29,"quantile",0.975,104.576858110754
"18193",2021-05-15,"24","14  day ahead inc hosp",2021-05-29,"quantile",0.99,115.851982718269
"18194",2021-05-15,"24","15  day ahead inc hosp",2021-05-30,"quantile",0.01,24.1754824895513
"18195",2021-05-15,"24","15  day ahead inc hosp",2021-05-30,"quantile",0.025,28.3442760170505
"18196",2021-05-15,"24","15  day ahead inc hosp",2021-05-30,"quantile",0.05,32.3418726052702
"18197",2021-05-15,"24","15  day ahead inc hosp",2021-05-30,"quantile",0.1,37.4597171666788
"18198",2021-05-15,"24","15  day ahead inc hosp",2021-05-30,"quantile",0.15,41.2403948821614
"18199",2021-05-15,"24","15  day ahead inc hosp",2021-05-30,"quantile",0.2,44.4436402789153
"18200",2021-05-15,"24","15  day ahead inc hosp",2021-05-30,"quantile",0.25,47.3373872417222
"18201",2021-05-15,"24","15  day ahead inc hosp",2021-05-30,"quantile",0.3,50.0544494270117
"18202",2021-05-15,"24","15  day ahead inc hosp",2021-05-30,"quantile",0.35,52.6750845021018
"18203",2021-05-15,"24","15  day ahead inc hosp",2021-05-30,"quantile",0.4,55.2556983949171
"18204",2021-05-15,"24","15  day ahead inc hosp",2021-05-30,"quantile",0.45,57.8416122914007
"18205",2021-05-15,"24","15  day ahead inc hosp",2021-05-30,"quantile",0.5,60.4741136179333
"18206",2021-05-15,"24","15  day ahead inc hosp",2021-05-30,"quantile",0.55,63.1954669928097
"18207",2021-05-15,"24","15  day ahead inc hosp",2021-05-30,"quantile",0.6,66.0537083204941
"18208",2021-05-15,"24","15  day ahead inc hosp",2021-05-30,"quantile",0.65,69.1087123406108
"18209",2021-05-15,"24","15  day ahead inc hosp",2021-05-30,"quantile",0.7,72.4416520900374
"18210",2021-05-15,"24","15  day ahead inc hosp",2021-05-30,"quantile",0.75,76.1721439326794
"18211",2021-05-15,"24","15  day ahead inc hosp",2021-05-30,"quantile",0.8,80.4937875831186
"18212",2021-05-15,"24","15  day ahead inc hosp",2021-05-30,"quantile",0.85,85.7604104273688
"18213",2021-05-15,"24","15  day ahead inc hosp",2021-05-30,"quantile",0.9,92.7493013977456
"18214",2021-05-15,"24","15  day ahead inc hosp",2021-05-30,"quantile",0.95,103.882910307585
"18215",2021-05-15,"24","15  day ahead inc hosp",2021-05-30,"quantile",0.975,114.326057543071
"18216",2021-05-15,"24","15  day ahead inc hosp",2021-05-30,"quantile",0.99,127.436913762977
"18217",2021-05-15,"24","16  day ahead inc hosp",2021-05-31,"quantile",0.01,25.6680441022079
"18218",2021-05-15,"24","16  day ahead inc hosp",2021-05-31,"quantile",0.025,30.2468920645501
"18219",2021-05-15,"24","16  day ahead inc hosp",2021-05-31,"quantile",0.05,34.6526225723547
"18220",2021-05-15,"24","16  day ahead inc hosp",2021-05-31,"quantile",0.1,40.310781501523
"18221",2021-05-15,"24","16  day ahead inc hosp",2021-05-31,"quantile",0.15,44.5016171477097
"18222",2021-05-15,"24","16  day ahead inc hosp",2021-05-31,"quantile",0.2,48.0588104397334
"18223",2021-05-15,"24","16  day ahead inc hosp",2021-05-31,"quantile",0.25,51.2769170038764
"18224",2021-05-15,"24","16  day ahead inc hosp",2021-05-31,"quantile",0.3,54.3022130250057
"18225",2021-05-15,"24","16  day ahead inc hosp",2021-05-31,"quantile",0.35,57.22329049025
"18226",2021-05-15,"24","16  day ahead inc hosp",2021-05-31,"quantile",0.4,60.1025925157875
"18227",2021-05-15,"24","16  day ahead inc hosp",2021-05-31,"quantile",0.45,62.9904656944199
"18228",2021-05-15,"24","16  day ahead inc hosp",2021-05-31,"quantile",0.5,65.9329479610918
"18229",2021-05-15,"24","16  day ahead inc hosp",2021-05-31,"quantile",0.55,68.9773353082871
"18230",2021-05-15,"24","16  day ahead inc hosp",2021-05-31,"quantile",0.6,72.1775442055282
"18231",2021-05-15,"24","16  day ahead inc hosp",2021-05-31,"quantile",0.65,75.6009350139458
"18232",2021-05-15,"24","16  day ahead inc hosp",2021-05-31,"quantile",0.7,79.3389823975378
"18233",2021-05-15,"24","16  day ahead inc hosp",2021-05-31,"quantile",0.75,83.5266441623801
"18234",2021-05-15,"24","16  day ahead inc hosp",2021-05-31,"quantile",0.8,88.3825421074856
"18235",2021-05-15,"24","16  day ahead inc hosp",2021-05-31,"quantile",0.85,94.3065184966005
"18236",2021-05-15,"24","16  day ahead inc hosp",2021-05-31,"quantile",0.9,102.177542773031
"18237",2021-05-15,"24","16  day ahead inc hosp",2021-05-31,"quantile",0.95,114.737222268084
"18238",2021-05-15,"24","16  day ahead inc hosp",2021-05-31,"quantile",0.975,126.538617174663
"18239",2021-05-15,"24","16  day ahead inc hosp",2021-05-31,"quantile",0.99,141.379468635026
"18240",2021-05-15,"24","17  day ahead inc hosp",2021-06-01,"quantile",0.01,24.5618088327484
"18241",2021-05-15,"24","17  day ahead inc hosp",2021-06-01,"quantile",0.025,29.2221768148599
"18242",2021-05-15,"24","17  day ahead inc hosp",2021-06-01,"quantile",0.05,33.7352051199859
"18243",2021-05-15,"24","17  day ahead inc hosp",2021-06-01,"quantile",0.1,39.5657200416852
"18244",2021-05-15,"24","17  day ahead inc hosp",2021-06-01,"quantile",0.15,43.9056337354868
"18245",2021-05-15,"24","17  day ahead inc hosp",2021-06-01,"quantile",0.2,47.6018992557086
"18246",2021-05-15,"24","17  day ahead inc hosp",2021-06-01,"quantile",0.25,50.9548139419891
"18247",2021-05-15,"24","17  day ahead inc hosp",2021-06-01,"quantile",0.3,54.1140251458208
"18248",2021-05-15,"24","17  day ahead inc hosp",2021-06-01,"quantile",0.35,57.1705572988657
"18249",2021-05-15,"24","17  day ahead inc hosp",2021-06-01,"quantile",0.4,60.1889214702389
"18250",2021-05-15,"24","17  day ahead inc hosp",2021-06-01,"quantile",0.45,63.2214749290746
"18251",2021-05-15,"24","17  day ahead inc hosp",2021-06-01,"quantile",0.5,66.3164325408623
"18252",2021-05-15,"24","17  day ahead inc hosp",2021-06-01,"quantile",0.55,69.5236565089881
"18253",2021-05-15,"24","17  day ahead inc hosp",2021-06-01,"quantile",0.6,72.9003055167754
"18254",2021-05-15,"24","17  day ahead inc hosp",2021-06-01,"quantile",0.65,76.5180943909576
"18255",2021-05-15,"24","17  day ahead inc hosp",2021-06-01,"quantile",0.7,80.4747100024941
"18256",2021-05-15,"24","17  day ahead inc hosp",2021-06-01,"quantile",0.75,84.9145897195704
"18257",2021-05-15,"24","17  day ahead inc hosp",2021-06-01,"quantile",0.8,90.0720872600676
"18258",2021-05-15,"24","17  day ahead inc hosp",2021-06-01,"quantile",0.85,96.3763756854377
"18259",2021-05-15,"24","17  day ahead inc hosp",2021-06-01,"quantile",0.9,104.772077330466
"18260",2021-05-15,"24","17  day ahead inc hosp",2021-06-01,"quantile",0.95,118.210072254264
"18261",2021-05-15,"24","17  day ahead inc hosp",2021-06-01,"quantile",0.975,130.87755785149
"18262",2021-05-15,"24","17  day ahead inc hosp",2021-06-01,"quantile",0.99,146.85668786616
"18263",2021-05-15,"24","18  day ahead inc hosp",2021-06-02,"quantile",0.01,20.4961879108584
"18264",2021-05-15,"24","18  day ahead inc hosp",2021-06-02,"quantile",0.025,24.771699872282
"18265",2021-05-15,"24","18  day ahead inc hosp",2021-06-02,"quantile",0.05,28.9556994561741
"18266",2021-05-15,"24","18  day ahead inc hosp",2021-06-02,"quantile",0.1,34.4136563162929
"18267",2021-05-15,"24","18  day ahead inc hosp",2021-06-02,"quantile",0.15,38.5089179591322
"18268",2021-05-15,"24","18  day ahead inc hosp",2021-06-02,"quantile",0.2,42.0159762417416
"18269",2021-05-15,"24","18  day ahead inc hosp",2021-06-02,"quantile",0.25,45.211033318989
"18270",2021-05-15,"24","18  day ahead inc hosp",2021-06-02,"quantile",0.3,48.2325282213218
"18271",2021-05-15,"24","18  day ahead inc hosp",2021-06-02,"quantile",0.35,51.1652733794182
"18272",2021-05-15,"24","18  day ahead inc hosp",2021-06-02,"quantile",0.4,54.0699267159279
"18273",2021-05-15,"24","18  day ahead inc hosp",2021-06-02,"quantile",0.45,56.9962513569681
"18274",2021-05-15,"24","18  day ahead inc hosp",2021-06-02,"quantile",0.5,59.9905966782731
"18275",2021-05-15,"24","18  day ahead inc hosp",2021-06-02,"quantile",0.55,63.1014034716801
"18276",2021-05-15,"24","18  day ahead inc hosp",2021-06-02,"quantile",0.6,66.384686665807
"18277",2021-05-15,"24","18  day ahead inc hosp",2021-06-02,"quantile",0.65,69.9111904614989
"18278",2021-05-15,"24","18  day ahead inc hosp",2021-06-02,"quantile",0.7,73.7777360890828
"18279",2021-05-15,"24","18  day ahead inc hosp",2021-06-02,"quantile",0.75,78.1279619938791
"18280",2021-05-15,"24","18  day ahead inc hosp",2021-06-02,"quantile",0.8,83.1955032638146
"18281",2021-05-15,"24","18  day ahead inc hosp",2021-06-02,"quantile",0.85,89.4090814429659
"18282",2021-05-15,"24","18  day ahead inc hosp",2021-06-02,"quantile",0.9,97.7141586265226
"18283",2021-05-15,"24","18  day ahead inc hosp",2021-06-02,"quantile",0.95,111.071290229363
"18284",2021-05-15,"24","18  day ahead inc hosp",2021-06-02,"quantile",0.975,123.726414271709
"18285",2021-05-15,"24","18  day ahead inc hosp",2021-06-02,"quantile",0.99,139.767019865256
"18286",2021-05-15,"24","19  day ahead inc hosp",2021-06-03,"quantile",0.01,19.7348226823829
"18287",2021-05-15,"24","19  day ahead inc hosp",2021-06-03,"quantile",0.025,24.0873286839798
"18288",2021-05-15,"24","19  day ahead inc hosp",2021-06-03,"quantile",0.05,28.3746252465283
"18289",2021-05-15,"24","19  day ahead inc hosp",2021-06-03,"quantile",0.1,34.0009800102844
"18290",2021-05-15,"24","19  day ahead inc hosp",2021-06-03,"quantile",0.15,38.243507542178
"18291",2021-05-15,"24","19  day ahead inc hosp",2021-06-03,"quantile",0.2,41.888941922901
"18292",2021-05-15,"24","19  day ahead inc hosp",2021-06-03,"quantile",0.25,45.2188781041536
"18293",2021-05-15,"24","19  day ahead inc hosp",2021-06-03,"quantile",0.3,48.3749775189727
"18294",2021-05-15,"24","19  day ahead inc hosp",2021-06-03,"quantile",0.35,51.4444226684604
"18295",2021-05-15,"24","19  day ahead inc hosp",2021-06-03,"quantile",0.4,54.4899257037267
"18296",2021-05-15,"24","19  day ahead inc hosp",2021-06-03,"quantile",0.45,57.5632817882412
"18297",2021-05-15,"24","19  day ahead inc hosp",2021-06-03,"quantile",0.5,60.7130707464934
"18298",2021-05-15,"24","19  day ahead inc hosp",2021-06-03,"quantile",0.55,63.9903892593495
"18299",2021-05-15,"24","19  day ahead inc hosp",2021-06-03,"quantile",0.6,67.4546314756546
"18300",2021-05-15,"24","19  day ahead inc hosp",2021-06-03,"quantile",0.65,71.1811021803193
"18301",2021-05-15,"24","19  day ahead inc hosp",2021-06-03,"quantile",0.7,75.2731511869857
"18302",2021-05-15,"24","19  day ahead inc hosp",2021-06-03,"quantile",0.75,79.8844047592674
"18303",2021-05-15,"24","19  day ahead inc hosp",2021-06-03,"quantile",0.8,85.2651081193135
"18304",2021-05-15,"24","19  day ahead inc hosp",2021-06-03,"quantile",0.85,91.8750112882645
"18305",2021-05-15,"24","19  day ahead inc hosp",2021-06-03,"quantile",0.9,100.729175364836
"18306",2021-05-15,"24","19  day ahead inc hosp",2021-06-03,"quantile",0.95,115.010622217373
"18307",2021-05-15,"24","19  day ahead inc hosp",2021-06-03,"quantile",0.975,128.582497573813
"18308",2021-05-15,"24","19  day ahead inc hosp",2021-06-03,"quantile",0.99,145.834613461576
"18309",2021-05-15,"24","20  day ahead inc hosp",2021-06-04,"quantile",0.01,19.0100105406973
"18310",2021-05-15,"24","20  day ahead inc hosp",2021-06-04,"quantile",0.025,23.4310064186473
"18311",2021-05-15,"24","20  day ahead inc hosp",2021-06-04,"quantile",0.05,27.8141429487884
"18312",2021-05-15,"24","20  day ahead inc hosp",2021-06-04,"quantile",0.1,33.6005004777379
"18313",2021-05-15,"24","20  day ahead inc hosp",2021-06-04,"quantile",0.15,37.9849704001612
"18314",2021-05-15,"24","20  day ahead inc hosp",2021-06-04,"quantile",0.2,41.7648644321857
"18315",2021-05-15,"24","20  day ahead inc hosp",2021-06-04,"quantile",0.25,45.2266095430372
"18316",2021-05-15,"24","20  day ahead inc hosp",2021-06-04,"quantile",0.3,48.5148317683034
"18317",2021-05-15,"24","20  day ahead inc hosp",2021-06-04,"quantile",0.35,51.718947006319
"18318",2021-05-15,"24","20  day ahead inc hosp",2021-06-04,"quantile",0.4,54.903645090717
"18319",2021-05-15,"24","20  day ahead inc hosp",2021-06-04,"quantile",0.45,58.1227120187048
"18320",2021-05-15,"24","20  day ahead inc hosp",2021-06-04,"quantile",0.5,61.4269414652716
"18321",2021-05-15,"24","20  day ahead inc hosp",2021-06-04,"quantile",0.55,64.8700901672151
"18322",2021-05-15,"24","20  day ahead inc hosp",2021-06-04,"quantile",0.6,68.5149572479001
"18323",2021-05-15,"24","20  day ahead inc hosp",2021-06-04,"quantile",0.65,72.4414610881758
"18324",2021-05-15,"24","20  day ahead inc hosp",2021-06-04,"quantile",0.7,76.7595734793502
"18325",2021-05-15,"24","20  day ahead inc hosp",2021-06-04,"quantile",0.75,81.6330701708089
"18326",2021-05-15,"24","20  day ahead inc hosp",2021-06-04,"quantile",0.8,87.3290992595805
"18327",2021-05-15,"24","20  day ahead inc hosp",2021-06-04,"quantile",0.85,94.3390248430607
"18328",2021-05-15,"24","20  day ahead inc hosp",2021-06-04,"quantile",0.9,103.74890945623
"18329",2021-05-15,"24","20  day ahead inc hosp",2021-06-04,"quantile",0.95,118.96908527238
"18330",2021-05-15,"24","20  day ahead inc hosp",2021-06-04,"quantile",0.975,133.475250759141
"18331",2021-05-15,"24","20  day ahead inc hosp",2021-06-04,"quantile",0.99,151.965995839106
"18332",2021-05-15,"24","21  day ahead inc hosp",2021-06-05,"quantile",0.01,14.8672419241338
"18333",2021-05-15,"24","21  day ahead inc hosp",2021-06-05,"quantile",0.025,18.720398473174
"18334",2021-05-15,"24","21  day ahead inc hosp",2021-06-05,"quantile",0.05,22.5948445511915
"18335",2021-05-15,"24","21  day ahead inc hosp",2021-06-05,"quantile",0.1,27.7755992093782
"18336",2021-05-15,"24","21  day ahead inc hosp",2021-06-05,"quantile",0.15,31.7424122786199
"18337",2021-05-15,"24","21  day ahead inc hosp",2021-06-05,"quantile",0.2,35.1865248400986
"18338",2021-05-15,"24","21  day ahead inc hosp",2021-06-05,"quantile",0.25,38.3582684006944
"18339",2021-05-15,"24","21  day ahead inc hosp",2021-06-05,"quantile",0.3,41.3850853024648
"18340",2021-05-15,"24","21  day ahead inc hosp",2021-06-05,"quantile",0.35,44.3465735158752
"18341",2021-05-15,"24","21  day ahead inc hosp",2021-06-05,"quantile",0.4,47.3010539030786
"18342",2021-05-15,"24","21  day ahead inc hosp",2021-06-05,"quantile",0.45,50.2977232036665
"18343",2021-05-15,"24","21  day ahead inc hosp",2021-06-05,"quantile",0.5,53.3837236377261
"18344",2021-05-15,"24","21  day ahead inc hosp",2021-06-05,"quantile",0.55,56.6095975167545
"18345",2021-05-15,"24","21  day ahead inc hosp",2021-06-05,"quantile",0.6,60.0350003253136
"18346",2021-05-15,"24","21  day ahead inc hosp",2021-06-05,"quantile",0.65,63.7364280374521
"18347",2021-05-15,"24","21  day ahead inc hosp",2021-06-05,"quantile",0.7,67.8197091724301
"18348",2021-05-15,"24","21  day ahead inc hosp",2021-06-05,"quantile",0.75,72.4430482442689
"18349",2021-05-15,"24","21  day ahead inc hosp",2021-06-05,"quantile",0.8,77.8652345910803
"18350",2021-05-15,"24","21  day ahead inc hosp",2021-06-05,"quantile",0.85,84.5633704639398
"18351",2021-05-15,"24","21  day ahead inc hosp",2021-06-05,"quantile",0.9,93.5944029802958
"18352",2021-05-15,"24","21  day ahead inc hosp",2021-06-05,"quantile",0.95,108.286640411098
"18353",2021-05-15,"24","21  day ahead inc hosp",2021-06-05,"quantile",0.975,122.374372648454
"18354",2021-05-15,"24","21  day ahead inc hosp",2021-06-05,"quantile",0.99,140.434445665862
"18355",2021-05-15,"24","22  day ahead inc hosp",2021-06-06,"quantile",0.01,15.1566772810196
"18356",2021-05-15,"24","22  day ahead inc hosp",2021-06-06,"quantile",0.025,19.2228711373449
"18357",2021-05-15,"24","22  day ahead inc hosp",2021-06-06,"quantile",0.05,23.3309725590606
"18358",2021-05-15,"24","22  day ahead inc hosp",2021-06-06,"quantile",0.1,28.8477334393805
"18359",2021-05-15,"24","22  day ahead inc hosp",2021-06-06,"quantile",0.15,33.0865143932743
"18360",2021-05-15,"24","22  day ahead inc hosp",2021-06-06,"quantile",0.2,36.7753929250314
"18361",2021-05-15,"24","22  day ahead inc hosp",2021-06-06,"quantile",0.25,40.178765709062
"18362",2021-05-15,"24","22  day ahead inc hosp",2021-06-06,"quantile",0.3,43.4316152016596
"18363",2021-05-15,"24","22  day ahead inc hosp",2021-06-06,"quantile",0.35,46.6185434604494
"18364",2021-05-15,"24","22  day ahead inc hosp",2021-06-06,"quantile",0.4,49.8018053029641
"18365",2021-05-15,"24","22  day ahead inc hosp",2021-06-06,"quantile",0.45,53.0341711598567
"18366",2021-05-15,"24","22  day ahead inc hosp",2021-06-06,"quantile",0.5,56.3664514969982
"18367",2021-05-15,"24","22  day ahead inc hosp",2021-06-06,"quantile",0.55,59.8533508367087
"18368",2021-05-15,"24","22  day ahead inc hosp",2021-06-06,"quantile",0.6,63.5596508801752
"18369",2021-05-15,"24","22  day ahead inc hosp",2021-06-06,"quantile",0.65,67.5686213315874
"18370",2021-05-15,"24","22  day ahead inc hosp",2021-06-06,"quantile",0.7,71.9956573273459
"18371",2021-05-15,"24","22  day ahead inc hosp",2021-06-06,"quantile",0.75,77.0134715402208
"18372",2021-05-15,"24","22  day ahead inc hosp",2021-06-06,"quantile",0.8,82.9048382224189
"18373",2021-05-15,"24","22  day ahead inc hosp",2021-06-06,"quantile",0.85,90.191465872609
"18374",2021-05-15,"24","22  day ahead inc hosp",2021-06-06,"quantile",0.9,100.029964556981
"18375",2021-05-15,"24","22  day ahead inc hosp",2021-06-06,"quantile",0.95,116.065791835958
"18376",2021-05-15,"24","22  day ahead inc hosp",2021-06-06,"quantile",0.975,131.471726046791
"18377",2021-05-15,"24","22  day ahead inc hosp",2021-06-06,"quantile",0.99,151.257898862364
"18378",2021-05-15,"24","23  day ahead inc hosp",2021-06-07,"quantile",0.01,14.867844962316
"18379",2021-05-15,"24","23  day ahead inc hosp",2021-06-07,"quantile",0.025,19.034483862565
"18380",2021-05-15,"24","23  day ahead inc hosp",2021-06-07,"quantile",0.05,23.2701170571351
"18381",2021-05-15,"24","23  day ahead inc hosp",2021-06-07,"quantile",0.1,28.989801196356
"18382",2021-05-15,"24","23  day ahead inc hosp",2021-06-07,"quantile",0.15,33.4042618437021
"18383",2021-05-15,"24","23  day ahead inc hosp",2021-06-07,"quantile",0.2,37.257656279522
"18384",2021-05-15,"24","23  day ahead inc hosp",2021-06-07,"quantile",0.25,40.8211949615267
"18385",2021-05-15,"24","23  day ahead inc hosp",2021-06-07,"quantile",0.3,44.233853148275
"18386",2021-05-15,"24","23  day ahead inc hosp",2021-06-07,"quantile",0.35,47.5831361069155
"18387",2021-05-15,"24","23  day ahead inc hosp",2021-06-07,"quantile",0.4,50.9337988474371
"18388",2021-05-15,"24","23  day ahead inc hosp",2021-06-07,"quantile",0.45,54.3410775352876
"18389",2021-05-15,"24","23  day ahead inc hosp",2021-06-07,"quantile",0.5,57.8584867031867
"18390",2021-05-15,"24","23  day ahead inc hosp",2021-06-07,"quantile",0.55,61.5439515326921
"18391",2021-05-15,"24","23  day ahead inc hosp",2021-06-07,"quantile",0.6,65.4663548034358
"18392",2021-05-15,"24","23  day ahead inc hosp",2021-06-07,"quantile",0.65,69.71450674113
"18393",2021-05-15,"24","23  day ahead inc hosp",2021-06-07,"quantile",0.7,74.411742910203
"18394",2021-05-15,"24","23  day ahead inc hosp",2021-06-07,"quantile",0.75,79.7429385380495
"18395",2021-05-15,"24","23  day ahead inc hosp",2021-06-07,"quantile",0.8,86.0111215725534
"18396",2021-05-15,"24","23  day ahead inc hosp",2021-06-07,"quantile",0.85,93.7758927643783
"18397",2021-05-15,"24","23  day ahead inc hosp",2021-06-07,"quantile",0.9,104.279015729448
"18398",2021-05-15,"24","23  day ahead inc hosp",2021-06-07,"quantile",0.95,121.438852934813
"18399",2021-05-15,"24","23  day ahead inc hosp",2021-06-07,"quantile",0.975,137.965333729731
"18400",2021-05-15,"24","23  day ahead inc hosp",2021-06-07,"quantile",0.99,159.239972124524
"18401",2021-05-15,"24","24  day ahead inc hosp",2021-06-08,"quantile",0.01,15.5912262955916
"18402",2021-05-15,"24","24  day ahead inc hosp",2021-06-08,"quantile",0.025,20.0653314419157
"18403",2021-05-15,"24","24  day ahead inc hosp",2021-06-08,"quantile",0.05,24.6291572508954
"18404",2021-05-15,"24","24  day ahead inc hosp",2021-06-08,"quantile",0.1,30.8110268366533
"18405",2021-05-15,"24","24  day ahead inc hosp",2021-06-08,"quantile",0.15,35.5940589156703
"18406",2021-05-15,"24","24  day ahead inc hosp",2021-06-08,"quantile",0.2,39.7761517993261
"18407",2021-05-15,"24","24  day ahead inc hosp",2021-06-08,"quantile",0.25,43.6486890933228
"18408",2021-05-15,"24","24  day ahead inc hosp",2021-06-08,"quantile",0.3,47.3612947032121
"18409",2021-05-15,"24","24  day ahead inc hosp",2021-06-08,"quantile",0.35,51.0084219487176
"18410",2021-05-15,"24","24  day ahead inc hosp",2021-06-08,"quantile",0.4,54.660188041506
"18411",2021-05-15,"24","24  day ahead inc hosp",2021-06-08,"quantile",0.45,58.3766123642054
"18412",2021-05-15,"24","24  day ahead inc hosp",2021-06-08,"quantile",0.5,62.2160418770373
"18413",2021-05-15,"24","24  day ahead inc hosp",2021-06-08,"quantile",0.55,66.2418174891531
"18414",2021-05-15,"24","24  day ahead inc hosp",2021-06-08,"quantile",0.6,70.5294332032949
"18415",2021-05-15,"24","24  day ahead inc hosp",2021-06-08,"quantile",0.65,75.1763828552473
"18416",2021-05-15,"24","24  day ahead inc hosp",2021-06-08,"quantile",0.7,80.3182170690316
"18417",2021-05-15,"24","24  day ahead inc hosp",2021-06-08,"quantile",0.75,86.1582860342311
"18418",2021-05-15,"24","24  day ahead inc hosp",2021-06-08,"quantile",0.8,93.0301024765403
"18419",2021-05-15,"24","24  day ahead inc hosp",2021-06-08,"quantile",0.85,101.549876533371
"18420",2021-05-15,"24","24  day ahead inc hosp",2021-06-08,"quantile",0.9,113.085676089707
"18421",2021-05-15,"24","24  day ahead inc hosp",2021-06-08,"quantile",0.95,131.957122603009
"18422",2021-05-15,"24","24  day ahead inc hosp",2021-06-08,"quantile",0.975,150.156449181388
"18423",2021-05-15,"24","24  day ahead inc hosp",2021-06-08,"quantile",0.99,173.614145193225
"18424",2021-05-15,"24","25  day ahead inc hosp",2021-06-09,"quantile",0.01,12.298160130208
"18425",2021-05-15,"24","25  day ahead inc hosp",2021-06-09,"quantile",0.025,16.2013355570952
"18426",2021-05-15,"24","25  day ahead inc hosp",2021-06-09,"quantile",0.05,20.2440115245777
"18427",2021-05-15,"24","25  day ahead inc hosp",2021-06-09,"quantile",0.1,25.7950308745907
"18428",2021-05-15,"24","25  day ahead inc hosp",2021-06-09,"quantile",0.15,30.1371038036032
"18429",2021-05-15,"24","25  day ahead inc hosp",2021-06-09,"quantile",0.2,33.9615038408554
"18430",2021-05-15,"24","25  day ahead inc hosp",2021-06-09,"quantile",0.25,37.5229843316547
"18431",2021-05-15,"24","25  day ahead inc hosp",2021-06-09,"quantile",0.3,40.9536029190497
"18432",2021-05-15,"24","25  day ahead inc hosp",2021-06-09,"quantile",0.35,44.3377033446731
"18433",2021-05-15,"24","25  day ahead inc hosp",2021-06-09,"quantile",0.4,47.7387897546929
"18434",2021-05-15,"24","25  day ahead inc hosp",2021-06-09,"quantile",0.45,51.2120674725703
"18435",2021-05-15,"24","25  day ahead inc hosp",2021-06-09,"quantile",0.5,54.8120052236106
"18436",2021-05-15,"24","25  day ahead inc hosp",2021-06-09,"quantile",0.55,58.5984808558147
"18437",2021-05-15,"24","25  day ahead inc hosp",2021-06-09,"quantile",0.6,62.6435509865113
"18438",2021-05-15,"24","25  day ahead inc hosp",2021-06-09,"quantile",0.65,67.0409155139888
"18439",2021-05-15,"24","25  day ahead inc hosp",2021-06-09,"quantile",0.7,71.9214798864968
"18440",2021-05-15,"24","25  day ahead inc hosp",2021-06-09,"quantile",0.75,77.4822961227795
"18441",2021-05-15,"24","25  day ahead inc hosp",2021-06-09,"quantile",0.8,84.0473751599265
"18442",2021-05-15,"24","25  day ahead inc hosp",2021-06-09,"quantile",0.85,92.2166608659474
"18443",2021-05-15,"24","25  day ahead inc hosp",2021-06-09,"quantile",0.9,103.324956449938
"18444",2021-05-15,"24","25  day ahead inc hosp",2021-06-09,"quantile",0.95,121.598138069083
"18445",2021-05-15,"24","25  day ahead inc hosp",2021-06-09,"quantile",0.975,139.321799512332
"18446",2021-05-15,"24","25  day ahead inc hosp",2021-06-09,"quantile",0.99,162.289603635437
"18447",2021-05-15,"24","26  day ahead inc hosp",2021-06-10,"quantile",0.01,11.4529196545482
"18448",2021-05-15,"24","26  day ahead inc hosp",2021-06-10,"quantile",0.025,15.288984680448
"18449",2021-05-15,"24","26  day ahead inc hosp",2021-06-10,"quantile",0.05,19.2965210490282
"18450",2021-05-15,"24","26  day ahead inc hosp",2021-06-10,"quantile",0.1,24.8414342138353
"18451",2021-05-15,"24","26  day ahead inc hosp",2021-06-10,"quantile",0.15,29.2051612425407
"18452",2021-05-15,"24","26  day ahead inc hosp",2021-06-10,"quantile",0.2,33.0642375860844
"18453",2021-05-15,"24","26  day ahead inc hosp",2021-06-10,"quantile",0.25,36.6692942488156
"18454",2021-05-15,"24","26  day ahead inc hosp",2021-06-10,"quantile",0.3,40.1509661138949
"18455",2021-05-15,"24","26  day ahead inc hosp",2021-06-10,"quantile",0.35,43.5932532437969
"18456",2021-05-15,"24","26  day ahead inc hosp",2021-06-10,"quantile",0.4,47.0599134252602
"18457",2021-05-15,"24","26  day ahead inc hosp",2021-06-10,"quantile",0.45,50.6068544069042
"18458",2021-05-15,"24","26  day ahead inc hosp",2021-06-10,"quantile",0.5,54.2896888203355
"18459",2021-05-15,"24","26  day ahead inc hosp",2021-06-10,"quantile",0.55,58.1699671768787
"18460",2021-05-15,"24","26  day ahead inc hosp",2021-06-10,"quantile",0.6,62.3221387764527
"18461",2021-05-15,"24","26  day ahead inc hosp",2021-06-10,"quantile",0.65,66.8433677679072
"18462",2021-05-15,"24","26  day ahead inc hosp",2021-06-10,"quantile",0.7,71.86974311572
"18463",2021-05-15,"24","26  day ahead inc hosp",2021-06-10,"quantile",0.75,77.6064861697085
"18464",2021-05-15,"24","26  day ahead inc hosp",2021-06-10,"quantile",0.8,84.3914957010124
"18465",2021-05-15,"24","26  day ahead inc hosp",2021-06-10,"quantile",0.85,92.851144863296
"18466",2021-05-15,"24","26  day ahead inc hosp",2021-06-10,"quantile",0.9,104.380628314615
"18467",2021-05-15,"24","26  day ahead inc hosp",2021-06-10,"quantile",0.95,123.403345225448
"18468",2021-05-15,"24","26  day ahead inc hosp",2021-06-10,"quantile",0.975,141.910793384151
"18469",2021-05-15,"24","26  day ahead inc hosp",2021-06-10,"quantile",0.99,165.963380257588
"18470",2021-05-15,"24","27  day ahead inc hosp",2021-06-11,"quantile",0.01,10.6282754571892
"18471",2021-05-15,"24","27  day ahead inc hosp",2021-06-11,"quantile",0.025,14.3847537309458
"18472",2021-05-15,"24","27  day ahead inc hosp",2021-06-11,"quantile",0.05,18.344309404815
"18473",2021-05-15,"24","27  day ahead inc hosp",2021-06-11,"quantile",0.1,23.8660696441244
"18474",2021-05-15,"24","27  day ahead inc hosp",2021-06-11,"quantile",0.15,28.2387243720191
"18475",2021-05-15,"24","27  day ahead inc hosp",2021-06-11,"quantile",0.2,32.1217392232217
"18476",2021-05-15,"24","27  day ahead inc hosp",2021-06-11,"quantile",0.25,35.7607701078739
"18477",2021-05-15,"24","27  day ahead inc hosp",2021-06-11,"quantile",0.3,39.2846023731715
"18478",2021-05-15,"24","27  day ahead inc hosp",2021-06-11,"quantile",0.35,42.7766375946522
"18479",2021-05-15,"24","27  day ahead inc hosp",2021-06-11,"quantile",0.4,46.3007143940513
"18480",2021-05-15,"24","27  day ahead inc hosp",2021-06-11,"quantile",0.45,49.9133123121646
"18481",2021-05-15,"24","27  day ahead inc hosp",2021-06-11,"quantile",0.5,53.6710784318493
"18482",2021-05-15,"24","27  day ahead inc hosp",2021-06-11,"quantile",0.55,57.6371343650474
"18483",2021-05-15,"24","27  day ahead inc hosp",2021-06-11,"quantile",0.6,61.8882178519013
"18484",2021-05-15,"24","27  day ahead inc hosp",2021-06-11,"quantile",0.65,66.5248393558407
"18485",2021-05-15,"24","27  day ahead inc hosp",2021-06-11,"quantile",0.7,71.6881249513467
"18486",2021-05-15,"24","27  day ahead inc hosp",2021-06-11,"quantile",0.75,77.5912662984467
"18487",2021-05-15,"24","27  day ahead inc hosp",2021-06-11,"quantile",0.8,84.5857522037457
"18488",2021-05-15,"24","27  day ahead inc hosp",2021-06-11,"quantile",0.85,93.3238851838419
"18489",2021-05-15,"24","27  day ahead inc hosp",2021-06-11,"quantile",0.9,105.260264406226
"18490",2021-05-15,"24","27  day ahead inc hosp",2021-06-11,"quantile",0.95,125.013218432347
"18491",2021-05-15,"24","27  day ahead inc hosp",2021-06-11,"quantile",0.975,144.29018359743
"18492",2021-05-15,"24","27  day ahead inc hosp",2021-06-11,"quantile",0.99,169.414763864753
"18493",2021-05-15,"24","28  day ahead inc hosp",2021-06-12,"quantile",0.01,9.6004800364258
"18494",2021-05-15,"24","28  day ahead inc hosp",2021-06-12,"quantile",0.025,13.204422322163
"18495",2021-05-15,"24","28  day ahead inc hosp",2021-06-12,"quantile",0.05,17.0428628765662
"18496",2021-05-15,"24","28  day ahead inc hosp",2021-06-12,"quantile",0.1,22.4446652981448
"18497",2021-05-15,"24","28  day ahead inc hosp",2021-06-12,"quantile",0.15,26.7531162302718
"18498",2021-05-15,"24","28  day ahead inc hosp",2021-06-12,"quantile",0.2,30.5973380004875
"18499",2021-05-15,"24","28  day ahead inc hosp",2021-06-12,"quantile",0.25,34.2132166873802
"18500",2021-05-15,"24","28  day ahead inc hosp",2021-06-12,"quantile",0.3,37.7252711936009
"18501",2021-05-15,"24","28  day ahead inc hosp",2021-06-12,"quantile",0.35,41.2148228595559
"18502",2021-05-15,"24","28  day ahead inc hosp",2021-06-12,"quantile",0.4,44.7447355978181
"18503",2021-05-15,"24","28  day ahead inc hosp",2021-06-12,"quantile",0.45,48.371201929358
"18504",2021-05-15,"24","28  day ahead inc hosp",2021-06-12,"quantile",0.5,52.1511125403142
"18505",2021-05-15,"24","28  day ahead inc hosp",2021-06-12,"quantile",0.55,56.1483439697604
"18506",2021-05-15,"24","28  day ahead inc hosp",2021-06-12,"quantile",0.6,60.4409900130641
"18507",2021-05-15,"24","28  day ahead inc hosp",2021-06-12,"quantile",0.65,65.1317425261122
"18508",2021-05-15,"24","28  day ahead inc hosp",2021-06-12,"quantile",0.7,70.3651851491089
"18509",2021-05-15,"24","28  day ahead inc hosp",2021-06-12,"quantile",0.75,76.3601557505756
"18510",2021-05-15,"24","28  day ahead inc hosp",2021-06-12,"quantile",0.8,83.4779822410166
"18511",2021-05-15,"24","28  day ahead inc hosp",2021-06-12,"quantile",0.85,92.3900692642962
"18512",2021-05-15,"24","28  day ahead inc hosp",2021-06-12,"quantile",0.9,104.59550830506
"18513",2021-05-15,"24","28  day ahead inc hosp",2021-06-12,"quantile",0.95,124.861496175635
"18514",2021-05-15,"24","28  day ahead inc hosp",2021-06-12,"quantile",0.975,144.707180265177
"18515",2021-05-15,"24","28  day ahead inc hosp",2021-06-12,"quantile",0.99,170.655961290407
"18516",2021-05-15,"24","29  day ahead inc hosp",2021-06-13,"quantile",0.01,9.48816857757955
"18517",2021-05-15,"24","29  day ahead inc hosp",2021-06-13,"quantile",0.025,13.2828307725379
"18518",2021-05-15,"24","29  day ahead inc hosp",2021-06-13,"quantile",0.05,17.370626126631
"18519",2021-05-15,"24","29  day ahead inc hosp",2021-06-13,"quantile",0.1,23.1805810566181
"18520",2021-05-15,"24","29  day ahead inc hosp",2021-06-13,"quantile",0.15,27.8506453832093
"18521",2021-05-15,"24","29  day ahead inc hosp",2021-06-13,"quantile",0.2,32.0388936791422
"18522",2021-05-15,"24","29  day ahead inc hosp",2021-06-13,"quantile",0.25,35.9938714096435
"18523",2021-05-15,"24","29  day ahead inc hosp",2021-06-13,"quantile",0.3,39.8477992610374
"18524",2021-05-15,"24","29  day ahead inc hosp",2021-06-13,"quantile",0.35,43.687845518966
"18525",2021-05-15,"24","29  day ahead inc hosp",2021-06-13,"quantile",0.4,47.5821314954537
"18526",2021-05-15,"24","29  day ahead inc hosp",2021-06-13,"quantile",0.45,51.5922321504674
"18527",2021-05-15,"24","29  day ahead inc hosp",2021-06-13,"quantile",0.5,55.7811136949135
"18528",2021-05-15,"24","29  day ahead inc hosp",2021-06-13,"quantile",0.55,60.220039948589
"18529",2021-05-15,"24","29  day ahead inc hosp",2021-06-13,"quantile",0.6,64.9966464482013
"18530",2021-05-15,"24","29  day ahead inc hosp",2021-06-13,"quantile",0.65,70.2266428561175
"18531",2021-05-15,"24","29  day ahead inc hosp",2021-06-13,"quantile",0.7,76.0733995184297
"18532",2021-05-15,"24","29  day ahead inc hosp",2021-06-13,"quantile",0.75,82.7846822662498
"18533",2021-05-15,"24","29  day ahead inc hosp",2021-06-13,"quantile",0.8,90.7702038258462
"18534",2021-05-15,"24","29  day ahead inc hosp",2021-06-13,"quantile",0.85,100.792269424061
"18535",2021-05-15,"24","29  day ahead inc hosp",2021-06-13,"quantile",0.9,114.555180920687
"18536",2021-05-15,"24","29  day ahead inc hosp",2021-06-13,"quantile",0.95,137.48778306975
"18537",2021-05-15,"24","29  day ahead inc hosp",2021-06-13,"quantile",0.975,160.025761098148
"18538",2021-05-15,"24","29  day ahead inc hosp",2021-06-13,"quantile",0.99,189.593643896412
"18539",2021-05-15,"24","30  day ahead inc hosp",2021-06-14,"quantile",0.01,9.5236384327689
"18540",2021-05-15,"24","30  day ahead inc hosp",2021-06-14,"quantile",0.025,13.4679055644519
"18541",2021-05-15,"24","30  day ahead inc hosp",2021-06-14,"quantile",0.05,17.7444629581071
"18542",2021-05-15,"24","30  day ahead inc hosp",2021-06-14,"quantile",0.1,23.8568815016366
"18543",2021-05-15,"24","30  day ahead inc hosp",2021-06-14,"quantile",0.15,28.7915844767144
"18544",2021-05-15,"24","30  day ahead inc hosp",2021-06-14,"quantile",0.2,33.2299085393727
"18545",2021-05-15,"24","30  day ahead inc hosp",2021-06-14,"quantile",0.25,37.4302727936714
"18546",2021-05-15,"24","30  day ahead inc hosp",2021-06-14,"quantile",0.3,41.5307701802135
"18547",2021-05-15,"24","30  day ahead inc hosp",2021-06-14,"quantile",0.35,45.6229377483982
"18548",2021-05-15,"24","30  day ahead inc hosp",2021-06-14,"quantile",0.4,49.7787579940126
"18549",2021-05-15,"24","30  day ahead inc hosp",2021-06-14,"quantile",0.45,54.0637067604289
"18550",2021-05-15,"24","30  day ahead inc hosp",2021-06-14,"quantile",0.5,58.5451125547013
"18551",2021-05-15,"24","30  day ahead inc hosp",2021-06-14,"quantile",0.55,63.2995108696598
"18552",2021-05-15,"24","30  day ahead inc hosp",2021-06-14,"quantile",0.6,68.4213199421494
"18553",2021-05-15,"24","30  day ahead inc hosp",2021-06-14,"quantile",0.65,74.0354807114606
"18554",2021-05-15,"24","30  day ahead inc hosp",2021-06-14,"quantile",0.7,80.3186656054686
"18555",2021-05-15,"24","30  day ahead inc hosp",2021-06-14,"quantile",0.75,87.5391034478003
"18556",2021-05-15,"24","30  day ahead inc hosp",2021-06-14,"quantile",0.8,96.1407111300645
"18557",2021-05-15,"24","30  day ahead inc hosp",2021-06-14,"quantile",0.85,106.950022179675
"18558",2021-05-15,"24","30  day ahead inc hosp",2021-06-14,"quantile",0.9,121.816273762208
"18559",2021-05-15,"24","30  day ahead inc hosp",2021-06-14,"quantile",0.95,146.635394358293
"18560",2021-05-15,"24","30  day ahead inc hosp",2021-06-14,"quantile",0.975,171.075735765737
"18561",2021-05-15,"24","30  day ahead inc hosp",2021-06-14,"quantile",0.99,203.198327413267
"18562",2021-05-15,"24","31  day ahead inc hosp",2021-06-15,"quantile",0.01,8.80537149096657
"18563",2021-05-15,"24","31  day ahead inc hosp",2021-06-15,"quantile",0.025,12.6734886451414
"18564",2021-05-15,"24","31  day ahead inc hosp",2021-06-15,"quantile",0.05,16.9149214128148
"18565",2021-05-15,"24","31  day ahead inc hosp",2021-06-15,"quantile",0.1,23.0361675256415
"18566",2021-05-15,"24","31  day ahead inc hosp",2021-06-15,"quantile",0.15,28.0152770387288
"18567",2021-05-15,"24","31  day ahead inc hosp",2021-06-15,"quantile",0.2,32.5156670228791
"18568",2021-05-15,"24","31  day ahead inc hosp",2021-06-15,"quantile",0.25,36.7908438794011
"18569",2021-05-15,"24","31  day ahead inc hosp",2021-06-15,"quantile",0.3,40.9773603056438
"18570",2021-05-15,"24","31  day ahead inc hosp",2021-06-15,"quantile",0.35,45.1666068943017
"18571",2021-05-15,"24","31  day ahead inc hosp",2021-06-15,"quantile",0.4,49.431236439549
"18572",2021-05-15,"24","31  day ahead inc hosp",2021-06-15,"quantile",0.45,53.838053879951
"18573",2021-05-15,"24","31  day ahead inc hosp",2021-06-15,"quantile",0.5,58.4564054844974
"18574",2021-05-15,"24","31  day ahead inc hosp",2021-06-15,"quantile",0.55,63.3657017717587
"18575",2021-05-15,"24","31  day ahead inc hosp",2021-06-15,"quantile",0.6,68.6644277958253
"18576",2021-05-15,"24","31  day ahead inc hosp",2021-06-15,"quantile",0.65,74.4833837289401
"18577",2021-05-15,"24","31  day ahead inc hosp",2021-06-15,"quantile",0.7,81.0079928940948
"18578",2021-05-15,"24","31  day ahead inc hosp",2021-06-15,"quantile",0.75,88.5202731500524
"18579",2021-05-15,"24","31  day ahead inc hosp",2021-06-15,"quantile",0.8,97.4876020127586
"18580",2021-05-15,"24","31  day ahead inc hosp",2021-06-15,"quantile",0.85,108.781229380542
"18581",2021-05-15,"24","31  day ahead inc hosp",2021-06-15,"quantile",0.9,124.352803478212
"18582",2021-05-15,"24","31  day ahead inc hosp",2021-06-15,"quantile",0.95,150.434360516989
"18583",2021-05-15,"24","31  day ahead inc hosp",2021-06-15,"quantile",0.975,176.203324076319
"18584",2021-05-15,"24","31  day ahead inc hosp",2021-06-15,"quantile",0.99,210.176633431214
"18585",2021-05-15,"24","32  day ahead inc hosp",2021-06-16,"quantile",0.01,7.48658394871266
"18586",2021-05-15,"24","32  day ahead inc hosp",2021-06-16,"quantile",0.025,11.0531119233695
"18587",2021-05-15,"24","32  day ahead inc hosp",2021-06-16,"quantile",0.05,15.0275570561826
"18588",2021-05-15,"24","32  day ahead inc hosp",2021-06-16,"quantile",0.1,20.8432510650944
"18589",2021-05-15,"24","32  day ahead inc hosp",2021-06-16,"quantile",0.15,25.6243794343712
"18590",2021-05-15,"24","32  day ahead inc hosp",2021-06-16,"quantile",0.2,29.9759156416854
"18591",2021-05-15,"24","32  day ahead inc hosp",2021-06-16,"quantile",0.25,34.1315963142108
"18592",2021-05-15,"24","32  day ahead inc hosp",2021-06-16,"quantile",0.3,38.2188243398043
"18593",2021-05-15,"24","32  day ahead inc hosp",2021-06-16,"quantile",0.35,42.3240811214461
"18594",2021-05-15,"24","32  day ahead inc hosp",2021-06-16,"quantile",0.4,46.5172049711886
"18595",2021-05-15,"24","32  day ahead inc hosp",2021-06-16,"quantile",0.45,50.8634031384941
"18596",2021-05-15,"24","32  day ahead inc hosp",2021-06-16,"quantile",0.5,55.4312528835497
"18597",2021-05-15,"24","32  day ahead inc hosp",2021-06-16,"quantile",0.55,60.3000731577278
"18598",2021-05-15,"24","32  day ahead inc hosp",2021-06-16,"quantile",0.6,65.568938305116
"18599",2021-05-15,"24","32  day ahead inc hosp",2021-06-16,"quantile",0.65,71.3700758925427
"18600",2021-05-15,"24","32  day ahead inc hosp",2021-06-16,"quantile",0.7,77.8915621508043
"18601",2021-05-15,"24","32  day ahead inc hosp",2021-06-16,"quantile",0.75,85.4201331116041
"18602",2021-05-15,"24","32  day ahead inc hosp",2021-06-16,"quantile",0.8,94.4318605980759
"18603",2021-05-15,"24","32  day ahead inc hosp",2021-06-16,"quantile",0.85,105.815628581529
"18604",2021-05-15,"24","32  day ahead inc hosp",2021-06-16,"quantile",0.9,121.565871156533
"18605",2021-05-15,"24","32  day ahead inc hosp",2021-06-16,"quantile",0.95,148.064629306811
"18606",2021-05-15,"24","32  day ahead inc hosp",2021-06-16,"quantile",0.975,174.364697749322
"18607",2021-05-15,"24","32  day ahead inc hosp",2021-06-16,"quantile",0.99,209.183846521043
"18608",2021-05-15,"24","33  day ahead inc hosp",2021-06-17,"quantile",0.01,6.75922738151383
"18609",2021-05-15,"24","33  day ahead inc hosp",2021-06-17,"quantile",0.025,10.1921157092386
"18610",2021-05-15,"24","33  day ahead inc hosp",2021-06-17,"quantile",0.05,14.0689439294211
"18611",2021-05-15,"24","33  day ahead inc hosp",2021-06-17,"quantile",0.1,19.8062011788881
"18612",2021-05-15,"24","33  day ahead inc hosp",2021-06-17,"quantile",0.15,24.5636854865867
"18613",2021-05-15,"24","33  day ahead inc hosp",2021-06-17,"quantile",0.2,28.9180169728506
"18614",2021-05-15,"24","33  day ahead inc hosp",2021-06-17,"quantile",0.25,33.0940786680475
"18615",2021-05-15,"24","33  day ahead inc hosp",2021-06-17,"quantile",0.3,37.2156930976901
"18616",2021-05-15,"24","33  day ahead inc hosp",2021-06-17,"quantile",0.35,41.3679217160962
"18617",2021-05-15,"24","33  day ahead inc hosp",2021-06-17,"quantile",0.4,45.6203553522761
"18618",2021-05-15,"24","33  day ahead inc hosp",2021-06-17,"quantile",0.45,50.0387794363657
"18619",2021-05-15,"24","33  day ahead inc hosp",2021-06-17,"quantile",0.5,54.6930975915549
"18620",2021-05-15,"24","33  day ahead inc hosp",2021-06-17,"quantile",0.55,59.6647937815231
"18621",2021-05-15,"24","33  day ahead inc hosp",2021-06-17,"quantile",0.6,65.0562048246993
"18622",2021-05-15,"24","33  day ahead inc hosp",2021-06-17,"quantile",0.65,71.0044230480337
"18623",2021-05-15,"24","33  day ahead inc hosp",2021-06-17,"quantile",0.7,77.704942938423
"18624",2021-05-15,"24","33  day ahead inc hosp",2021-06-17,"quantile",0.75,85.456353922875
"18625",2021-05-15,"24","33  day ahead inc hosp",2021-06-17,"quantile",0.8,94.7551094388391
"18626",2021-05-15,"24","33  day ahead inc hosp",2021-06-17,"quantile",0.85,106.529301135656
"18627",2021-05-15,"24","33  day ahead inc hosp",2021-06-17,"quantile",0.9,122.864007298867
"18628",2021-05-15,"24","33  day ahead inc hosp",2021-06-17,"quantile",0.95,150.442255644559
"18629",2021-05-15,"24","33  day ahead inc hosp",2021-06-17,"quantile",0.975,177.910736117944
"18630",2021-05-15,"24","33  day ahead inc hosp",2021-06-17,"quantile",0.99,214.395690455036
"18631",2021-05-15,"24","34  day ahead inc hosp",2021-06-18,"quantile",0.01,6.36703288690775
"18632",2021-05-15,"24","34  day ahead inc hosp",2021-06-18,"quantile",0.025,9.76802282505255
"18633",2021-05-15,"24","34  day ahead inc hosp",2021-06-18,"quantile",0.05,13.6507304890299
"18634",2021-05-15,"24","34  day ahead inc hosp",2021-06-18,"quantile",0.1,19.449390649058
"18635",2021-05-15,"24","34  day ahead inc hosp",2021-06-18,"quantile",0.15,24.2912198411903
"18636",2021-05-15,"24","34  day ahead inc hosp",2021-06-18,"quantile",0.2,28.7426552253069
"18637",2021-05-15,"24","34  day ahead inc hosp",2021-06-18,"quantile",0.25,33.026351385094
"18638",2021-05-15,"24","34  day ahead inc hosp",2021-06-18,"quantile",0.3,37.2659475189819
"18639",2021-05-15,"24","34  day ahead inc hosp",2021-06-18,"quantile",0.35,41.5472261752123
"18640",2021-05-15,"24","34  day ahead inc hosp",2021-06-18,"quantile",0.4,45.94111729734
"18641",2021-05-15,"24","34  day ahead inc hosp",2021-06-18,"quantile",0.45,50.5153401476561
"18642",2021-05-15,"24","34  day ahead inc hosp",2021-06-18,"quantile",0.5,55.3424404242692
"18643",2021-05-15,"24","34  day ahead inc hosp",2021-06-18,"quantile",0.55,60.5074935582479
"18644",2021-05-15,"24","34  day ahead inc hosp",2021-06-18,"quantile",0.6,66.1177974246896
"18645",2021-05-15,"24","34  day ahead inc hosp",2021-06-18,"quantile",0.65,72.3175014254298
"18646",2021-05-15,"24","34  day ahead inc hosp",2021-06-18,"quantile",0.7,79.3125654635157
"18647",2021-05-15,"24","34  day ahead inc hosp",2021-06-18,"quantile",0.75,87.4180031310482
"18648",2021-05-15,"24","34  day ahead inc hosp",2021-06-18,"quantile",0.8,97.1581461274263
"18649",2021-05-15,"24","34  day ahead inc hosp",2021-06-18,"quantile",0.85,109.514146632121
"18650",2021-05-15,"24","34  day ahead inc hosp",2021-06-18,"quantile",0.9,126.692489436088
"18651",2021-05-15,"24","34  day ahead inc hosp",2021-06-18,"quantile",0.95,155.774358400638
"18652",2021-05-15,"24","34  day ahead inc hosp",2021-06-18,"quantile",0.975,184.820503336
"18653",2021-05-15,"24","34  day ahead inc hosp",2021-06-18,"quantile",0.99,223.499146040835
"18654",2021-05-15,"24","35  day ahead inc hosp",2021-06-19,"quantile",0.01,4.89383115580408
"18655",2021-05-15,"24","35  day ahead inc hosp",2021-06-19,"quantile",0.025,7.81142111281234
"18656",2021-05-15,"24","35  day ahead inc hosp",2021-06-19,"quantile",0.05,11.2256017366015
"18657",2021-05-15,"24","35  day ahead inc hosp",2021-06-19,"quantile",0.1,16.4305740211344
"18658",2021-05-15,"24","35  day ahead inc hosp",2021-06-19,"quantile",0.15,20.8444500463043
"18659",2021-05-15,"24","35  day ahead inc hosp",2021-06-19,"quantile",0.2,24.9430291139133
"18660",2021-05-15,"24","35  day ahead inc hosp",2021-06-19,"quantile",0.25,28.9168657238948
"18661",2021-05-15,"24","35  day ahead inc hosp",2021-06-19,"quantile",0.3,32.8739294456141
"18662",2021-05-15,"24","35  day ahead inc hosp",2021-06-19,"quantile",0.35,36.8908914194879
"18663",2021-05-15,"24","35  day ahead inc hosp",2021-06-19,"quantile",0.4,41.0327019237669
"18664",2021-05-15,"24","35  day ahead inc hosp",2021-06-19,"quantile",0.45,45.3627492905606
"18665",2021-05-15,"24","35  day ahead inc hosp",2021-06-19,"quantile",0.5,49.9501437706451
"18666",2021-05-15,"24","35  day ahead inc hosp",2021-06-19,"quantile",0.55,54.8769765671263
"18667",2021-05-15,"24","35  day ahead inc hosp",2021-06-19,"quantile",0.6,60.2476994520872
"18668",2021-05-15,"24","35  day ahead inc hosp",2021-06-19,"quantile",0.65,66.2034762875905
"18669",2021-05-15,"24","35  day ahead inc hosp",2021-06-19,"quantile",0.7,72.9468236495114
"18670",2021-05-15,"24","35  day ahead inc hosp",2021-06-19,"quantile",0.75,80.7883943767461
"18671",2021-05-15,"24","35  day ahead inc hosp",2021-06-19,"quantile",0.8,90.2464475531756
"18672",2021-05-15,"24","35  day ahead inc hosp",2021-06-19,"quantile",0.85,102.292752969006
"18673",2021-05-15,"24","35  day ahead inc hosp",2021-06-19,"quantile",0.9,119.117349262621
"18674",2021-05-15,"24","35  day ahead inc hosp",2021-06-19,"quantile",0.95,147.767845363408
"18675",2021-05-15,"24","35  day ahead inc hosp",2021-06-19,"quantile",0.975,176.552673993206
"18676",2021-05-15,"24","35  day ahead inc hosp",2021-06-19,"quantile",0.99,215.091882233827
"18677",2021-05-15,"24","36  day ahead inc hosp",2021-06-20,"quantile",0.01,4.929064345171
"18678",2021-05-15,"24","36  day ahead inc hosp",2021-06-20,"quantile",0.025,7.9555302893215
"18679",2021-05-15,"24","36  day ahead inc hosp",2021-06-20,"quantile",0.05,11.5215723852601
"18680",2021-05-15,"24","36  day ahead inc hosp",2021-06-20,"quantile",0.1,16.9890230083755
"18681",2021-05-15,"24","36  day ahead inc hosp",2021-06-20,"quantile",0.15,21.6451582797058
"18682",2021-05-15,"24","36  day ahead inc hosp",2021-06-20,"quantile",0.2,25.9804247627702
"18683",2021-05-15,"24","36  day ahead inc hosp",2021-06-20,"quantile",0.25,30.1923095110416
"18684",2021-05-15,"24","36  day ahead inc hosp",2021-06-20,"quantile",0.3,34.3933651236466
"18685",2021-05-15,"24","36  day ahead inc hosp",2021-06-20,"quantile",0.35,38.6640480817367
"18686",2021-05-15,"24","36  day ahead inc hosp",2021-06-20,"quantile",0.4,43.0729763884322
"18687",2021-05-15,"24","36  day ahead inc hosp",2021-06-20,"quantile",0.45,47.6875186903755
"18688",2021-05-15,"24","36  day ahead inc hosp",2021-06-20,"quantile",0.5,52.5814686128527
"18689",2021-05-15,"24","36  day ahead inc hosp",2021-06-20,"quantile",0.55,57.84277435191
"18690",2021-05-15,"24","36  day ahead inc hosp",2021-06-20,"quantile",0.6,63.5835958703275
"18691",2021-05-15,"24","36  day ahead inc hosp",2021-06-20,"quantile",0.65,69.9557470660029
"18692",2021-05-15,"24","36  day ahead inc hosp",2021-06-20,"quantile",0.7,77.1772515340482
"18693",2021-05-15,"24","36  day ahead inc hosp",2021-06-20,"quantile",0.75,85.5828016471023
"18694",2021-05-15,"24","36  day ahead inc hosp",2021-06-20,"quantile",0.8,95.7310938909788
"18695",2021-05-15,"24","36  day ahead inc hosp",2021-06-20,"quantile",0.85,108.670280302007
"18696",2021-05-15,"24","36  day ahead inc hosp",2021-06-20,"quantile",0.9,126.763860927891
"18697",2021-05-15,"24","36  day ahead inc hosp",2021-06-20,"quantile",0.95,157.623121168152
"18698",2021-05-15,"24","36  day ahead inc hosp",2021-06-20,"quantile",0.975,188.675413804477
"18699",2021-05-15,"24","36  day ahead inc hosp",2021-06-20,"quantile",0.99,230.309876064831
"18700",2021-05-15,"24","37  day ahead inc hosp",2021-06-21,"quantile",0.01,4.7811291965727
"18701",2021-05-15,"24","37  day ahead inc hosp",2021-06-21,"quantile",0.025,7.83628538417188
"18702",2021-05-15,"24","37  day ahead inc hosp",2021-06-21,"quantile",0.05,11.4704585993722
"18703",2021-05-15,"24","37  day ahead inc hosp",2021-06-21,"quantile",0.1,17.0859767666057
"18704",2021-05-15,"24","37  day ahead inc hosp",2021-06-21,"quantile",0.15,21.8959698444509
"18705",2021-05-15,"24","37  day ahead inc hosp",2021-06-21,"quantile",0.2,26.3910717609507
"18706",2021-05-15,"24","37  day ahead inc hosp",2021-06-21,"quantile",0.25,30.7703584302399
"18707",2021-05-15,"24","37  day ahead inc hosp",2021-06-21,"quantile",0.3,35.1482238377184
"18708",2021-05-15,"24","37  day ahead inc hosp",2021-06-21,"quantile",0.35,39.6071995380891
"18709",2021-05-15,"24","37  day ahead inc hosp",2021-06-21,"quantile",0.4,44.2183302046263
"18710",2021-05-15,"24","37  day ahead inc hosp",2021-06-21,"quantile",0.45,49.0519354448071
"18711",2021-05-15,"24","37  day ahead inc hosp",2021-06-21,"quantile",0.5,54.1855267963822
"18712",2021-05-15,"24","37  day ahead inc hosp",2021-06-21,"quantile",0.55,59.7118973868066
"18713",2021-05-15,"24","37  day ahead inc hosp",2021-06-21,"quantile",0.6,65.7497455456415
"18714",2021-05-15,"24","37  day ahead inc hosp",2021-06-21,"quantile",0.65,72.4600621610483
"18715",2021-05-15,"24","37  day ahead inc hosp",2021-06-21,"quantile",0.7,80.0743714647547
"18716",2021-05-15,"24","37  day ahead inc hosp",2021-06-21,"quantile",0.75,88.9484472012319
"18717",2021-05-15,"24","37  day ahead inc hosp",2021-06-21,"quantile",0.8,99.676647896626
"18718",2021-05-15,"24","37  day ahead inc hosp",2021-06-21,"quantile",0.85,113.374826153439
"18719",2021-05-15,"24","37  day ahead inc hosp",2021-06-21,"quantile",0.9,132.561028625158
"18720",2021-05-15,"24","37  day ahead inc hosp",2021-06-21,"quantile",0.95,165.352063238415
"18721",2021-05-15,"24","37  day ahead inc hosp",2021-06-21,"quantile",0.975,198.417284344506
"18722",2021-05-15,"24","37  day ahead inc hosp",2021-06-21,"quantile",0.99,242.83560274885
"18723",2021-05-15,"25","1  day ahead inc hosp",2021-05-16,"quantile",0.01,25.3489536247724
"18724",2021-05-15,"25","1  day ahead inc hosp",2021-05-16,"quantile",0.025,27.3276312489666
"18725",2021-05-15,"25","1  day ahead inc hosp",2021-05-16,"quantile",0.05,29.1201410201896
"18726",2021-05-15,"25","1  day ahead inc hosp",2021-05-16,"quantile",0.1,31.2946528895226
"18727",2021-05-15,"25","1  day ahead inc hosp",2021-05-16,"quantile",0.15,32.8290746973252
"18728",2021-05-15,"25","1  day ahead inc hosp",2021-05-16,"quantile",0.2,34.0882786011886
"18729",2021-05-15,"25","1  day ahead inc hosp",2021-05-16,"quantile",0.25,35.1971338936456
"18730",2021-05-15,"25","1  day ahead inc hosp",2021-05-16,"quantile",0.3,36.2157777299021
"18731",2021-05-15,"25","1  day ahead inc hosp",2021-05-16,"quantile",0.35,37.1792921204553
"18732",2021-05-15,"25","1  day ahead inc hosp",2021-05-16,"quantile",0.4,38.1112290943992
"18733",2021-05-15,"25","1  day ahead inc hosp",2021-05-16,"quantile",0.45,39.0294585227915
"18734",2021-05-15,"25","1  day ahead inc hosp",2021-05-16,"quantile",0.5,39.9492319483165
"18735",2021-05-15,"25","1  day ahead inc hosp",2021-05-16,"quantile",0.55,40.885167016772
"18736",2021-05-15,"25","1  day ahead inc hosp",2021-05-16,"quantile",0.6,41.8529281585567
"18737",2021-05-15,"25","1  day ahead inc hosp",2021-05-16,"quantile",0.65,42.8711378854796
"18738",2021-05-15,"25","1  day ahead inc hosp",2021-05-16,"quantile",0.7,43.9641666940986
"18739",2021-05-15,"25","1  day ahead inc hosp",2021-05-16,"quantile",0.75,45.1670240139348
"18740",2021-05-15,"25","1  day ahead inc hosp",2021-05-16,"quantile",0.8,46.5353262952441
"18741",2021-05-15,"25","1  day ahead inc hosp",2021-05-16,"quantile",0.85,48.1692264009944
"18742",2021-05-15,"25","1  day ahead inc hosp",2021-05-16,"quantile",0.9,50.2857318235369
"18743",2021-05-15,"25","1  day ahead inc hosp",2021-05-16,"quantile",0.95,53.5500601150686
"18744",2021-05-15,"25","1  day ahead inc hosp",2021-05-16,"quantile",0.975,56.5078656747765
"18745",2021-05-15,"25","1  day ahead inc hosp",2021-05-16,"quantile",0.99,60.0991460139048
"18746",2021-05-15,"25","2  day ahead inc hosp",2021-05-17,"quantile",0.01,25.2148706025449
"18747",2021-05-15,"25","2  day ahead inc hosp",2021-05-17,"quantile",0.025,27.4456484353101
"18748",2021-05-15,"25","2  day ahead inc hosp",2021-05-17,"quantile",0.05,29.4798699871683
"18749",2021-05-15,"25","2  day ahead inc hosp",2021-05-17,"quantile",0.1,31.9632560975018
"18750",2021-05-15,"25","2  day ahead inc hosp",2021-05-17,"quantile",0.15,33.725235451791
"18751",2021-05-15,"25","2  day ahead inc hosp",2021-05-17,"quantile",0.2,35.176760179555
"18752",2021-05-15,"25","2  day ahead inc hosp",2021-05-17,"quantile",0.25,36.4589481653978
"18753",2021-05-15,"25","2  day ahead inc hosp",2021-05-17,"quantile",0.3,37.6399785135378
"18754",2021-05-15,"25","2  day ahead inc hosp",2021-05-17,"quantile",0.35,38.759777575729
"18755",2021-05-15,"25","2  day ahead inc hosp",2021-05-17,"quantile",0.4,39.8452849011528
"18756",2021-05-15,"25","2  day ahead inc hosp",2021-05-17,"quantile",0.45,40.9170735921738
"18757",2021-05-15,"25","2  day ahead inc hosp",2021-05-17,"quantile",0.5,41.9928382197629
"18758",2021-05-15,"25","2  day ahead inc hosp",2021-05-17,"quantile",0.55,43.0896771750394
"18759",2021-05-15,"25","2  day ahead inc hosp",2021-05-17,"quantile",0.6,44.2260541815583
"18760",2021-05-15,"25","2  day ahead inc hosp",2021-05-17,"quantile",0.65,45.4240606448395
"18761",2021-05-15,"25","2  day ahead inc hosp",2021-05-17,"quantile",0.7,46.7127487556799
"18762",2021-05-15,"25","2  day ahead inc hosp",2021-05-17,"quantile",0.75,48.134002980571
"18763",2021-05-15,"25","2  day ahead inc hosp",2021-05-17,"quantile",0.8,49.7545357491888
"18764",2021-05-15,"25","2  day ahead inc hosp",2021-05-17,"quantile",0.85,51.6947276092508
"18765",2021-05-15,"25","2  day ahead inc hosp",2021-05-17,"quantile",0.9,54.2159028855031
"18766",2021-05-15,"25","2  day ahead inc hosp",2021-05-17,"quantile",0.95,58.1209049946306
"18767",2021-05-15,"25","2  day ahead inc hosp",2021-05-17,"quantile",0.975,61.67548681329
"18768",2021-05-15,"25","2  day ahead inc hosp",2021-05-17,"quantile",0.99,66.0107101204141
"18769",2021-05-15,"25","3  day ahead inc hosp",2021-05-18,"quantile",0.01,27.3175704290543
"18770",2021-05-15,"25","3  day ahead inc hosp",2021-05-18,"quantile",0.025,29.825986796244
"18771",2021-05-15,"25","3  day ahead inc hosp",2021-05-18,"quantile",0.05,32.1181942057739
"18772",2021-05-15,"25","3  day ahead inc hosp",2021-05-18,"quantile",0.1,34.9221738244932
"18773",2021-05-15,"25","3  day ahead inc hosp",2021-05-18,"quantile",0.15,36.9150744952543
"18774",2021-05-15,"25","3  day ahead inc hosp",2021-05-18,"quantile",0.2,38.5588391668033
"18775",2021-05-15,"25","3  day ahead inc hosp",2021-05-18,"quantile",0.25,40.0122684961878
"18776",2021-05-15,"25","3  day ahead inc hosp",2021-05-18,"quantile",0.3,41.3521634155107
"18777",2021-05-15,"25","3  day ahead inc hosp",2021-05-18,"quantile",0.35,42.6235550587356
"18778",2021-05-15,"25","3  day ahead inc hosp",2021-05-18,"quantile",0.4,43.8568767111327
"18779",2021-05-15,"25","3  day ahead inc hosp",2021-05-18,"quantile",0.45,45.0754179958408
"18780",2021-05-15,"25","3  day ahead inc hosp",2021-05-18,"quantile",0.5,46.2992591872845
"18781",2021-05-15,"25","3  day ahead inc hosp",2021-05-18,"quantile",0.55,47.5478541822446
"18782",2021-05-15,"25","3  day ahead inc hosp",2021-05-18,"quantile",0.6,48.8422607308262
"18783",2021-05-15,"25","3  day ahead inc hosp",2021-05-18,"quantile",0.65,50.2077240774366
"18784",2021-05-15,"25","3  day ahead inc hosp",2021-05-18,"quantile",0.7,51.6774943136482
"18785",2021-05-15,"25","3  day ahead inc hosp",2021-05-18,"quantile",0.75,53.2995608484162
"18786",2021-05-15,"25","3  day ahead inc hosp",2021-05-18,"quantile",0.8,55.1504214716372
"18787",2021-05-15,"25","3  day ahead inc hosp",2021-05-18,"quantile",0.85,57.3682014220506
"18788",2021-05-15,"25","3  day ahead inc hosp",2021-05-18,"quantile",0.9,60.2529193371506
"18789",2021-05-15,"25","3  day ahead inc hosp",2021-05-18,"quantile",0.95,64.7269304848077
"18790",2021-05-15,"25","3  day ahead inc hosp",2021-05-18,"quantile",0.975,68.805281154148
"18791",2021-05-15,"25","3  day ahead inc hosp",2021-05-18,"quantile",0.99,73.7862249213856
"18792",2021-05-15,"25","4  day ahead inc hosp",2021-05-19,"quantile",0.01,27.1767960157279
"18793",2021-05-15,"25","4  day ahead inc hosp",2021-05-19,"quantile",0.025,29.8170679764079
"18794",2021-05-15,"25","4  day ahead inc hosp",2021-05-19,"quantile",0.05,32.2377912377459
"18795",2021-05-15,"25","4  day ahead inc hosp",2021-05-19,"quantile",0.1,35.2084092894702
"18796",2021-05-15,"25","4  day ahead inc hosp",2021-05-19,"quantile",0.15,37.3255307780034
"18797",2021-05-15,"25","4  day ahead inc hosp",2021-05-19,"quantile",0.2,39.0751126069344
"18798",2021-05-15,"25","4  day ahead inc hosp",2021-05-19,"quantile",0.25,40.6244991834539
"18799",2021-05-15,"25","4  day ahead inc hosp",2021-05-19,"quantile",0.3,42.0547552821948
"18800",2021-05-15,"25","4  day ahead inc hosp",2021-05-19,"quantile",0.35,43.4135058568956
"18801",2021-05-15,"25","4  day ahead inc hosp",2021-05-19,"quantile",0.4,44.7330203699072
"18802",2021-05-15,"25","4  day ahead inc hosp",2021-05-19,"quantile",0.45,46.0380752431025
"18803",2021-05-15,"25","4  day ahead inc hosp",2021-05-19,"quantile",0.5,47.3501156332145
"18804",2021-05-15,"25","4  day ahead inc hosp",2021-05-19,"quantile",0.55,48.6900021182045
"18805",2021-05-15,"25","4  day ahead inc hosp",2021-05-19,"quantile",0.6,50.0803997431715
"18806",2021-05-15,"25","4  day ahead inc hosp",2021-05-19,"quantile",0.65,51.5485647129762
"18807",2021-05-15,"25","4  day ahead inc hosp",2021-05-19,"quantile",0.7,53.1304799803709
"18808",2021-05-15,"25","4  day ahead inc hosp",2021-05-19,"quantile",0.75,54.8781677509806
"18809",2021-05-15,"25","4  day ahead inc hosp",2021-05-19,"quantile",0.8,56.8746575809063
"18810",2021-05-15,"25","4  day ahead inc hosp",2021-05-19,"quantile",0.85,59.2700153268512
"18811",2021-05-15,"25","4  day ahead inc hosp",2021-05-19,"quantile",0.9,62.3904887284317
"18812",2021-05-15,"25","4  day ahead inc hosp",2021-05-19,"quantile",0.95,67.2401435279176
"18813",2021-05-15,"25","4  day ahead inc hosp",2021-05-19,"quantile",0.975,71.670753334436
"18814",2021-05-15,"25","4  day ahead inc hosp",2021-05-19,"quantile",0.99,77.0936278829671
"18815",2021-05-15,"25","5  day ahead inc hosp",2021-05-20,"quantile",0.01,24.37700340275
"18816",2021-05-15,"25","5  day ahead inc hosp",2021-05-20,"quantile",0.025,26.9437396689164
"18817",2021-05-15,"25","5  day ahead inc hosp",2021-05-20,"quantile",0.05,29.3089239286743
"18818",2021-05-15,"25","5  day ahead inc hosp",2021-05-20,"quantile",0.1,32.225378902636
"18819",2021-05-15,"25","5  day ahead inc hosp",2021-05-20,"quantile",0.15,34.3124956885449
"18820",2021-05-15,"25","5  day ahead inc hosp",2021-05-20,"quantile",0.2,36.0422795747879
"18821",2021-05-15,"25","5  day ahead inc hosp",2021-05-20,"quantile",0.25,37.5776980080458
"18822",2021-05-15,"25","5  day ahead inc hosp",2021-05-20,"quantile",0.3,38.9978920473911
"18823",2021-05-15,"25","5  day ahead inc hosp",2021-05-20,"quantile",0.35,40.3494970509268
"18824",2021-05-15,"25","5  day ahead inc hosp",2021-05-20,"quantile",0.4,41.6642370004254
"18825",2021-05-15,"25","5  day ahead inc hosp",2021-05-20,"quantile",0.45,42.9665922138037
"18826",2021-05-15,"25","5  day ahead inc hosp",2021-05-20,"quantile",0.5,44.277876101211
"18827",2021-05-15,"25","5  day ahead inc hosp",2021-05-20,"quantile",0.55,45.618947432015
"18828",2021-05-15,"25","5  day ahead inc hosp",2021-05-20,"quantile",0.6,47.0125956811478
"18829",2021-05-15,"25","5  day ahead inc hosp",2021-05-20,"quantile",0.65,48.4863518941534
"18830",2021-05-15,"25","5  day ahead inc hosp",2021-05-20,"quantile",0.7,50.0766872261038
"18831",2021-05-15,"25","5  day ahead inc hosp",2021-05-20,"quantile",0.75,51.8364613951253
"18832",2021-05-15,"25","5  day ahead inc hosp",2021-05-20,"quantile",0.8,53.8501946517609
"18833",2021-05-15,"25","5  day ahead inc hosp",2021-05-20,"quantile",0.85,56.2708668499868
"18834",2021-05-15,"25","5  day ahead inc hosp",2021-05-20,"quantile",0.9,59.4315018331875
"18835",2021-05-15,"25","5  day ahead inc hosp",2021-05-20,"quantile",0.95,64.3586413709482
"18836",2021-05-15,"25","5  day ahead inc hosp",2021-05-20,"quantile",0.975,68.874877543854
"18837",2021-05-15,"25","5  day ahead inc hosp",2021-05-20,"quantile",0.99,74.420248754461
"18838",2021-05-15,"25","6  day ahead inc hosp",2021-05-21,"quantile",0.01,24.7126280775073
"18839",2021-05-15,"25","6  day ahead inc hosp",2021-05-21,"quantile",0.025,27.432354604947
"18840",2021-05-15,"25","6  day ahead inc hosp",2021-05-21,"quantile",0.05,29.9458533056747
"18841",2021-05-15,"25","6  day ahead inc hosp",2021-05-21,"quantile",0.1,33.0538347487971
"18842",2021-05-15,"25","6  day ahead inc hosp",2021-05-21,"quantile",0.15,35.283323252566
"18843",2021-05-15,"25","6  day ahead inc hosp",2021-05-21,"quantile",0.2,37.134188821899
"18844",2021-05-15,"25","6  day ahead inc hosp",2021-05-21,"quantile",0.25,38.7792838372146
"18845",2021-05-15,"25","6  day ahead inc hosp",2021-05-21,"quantile",0.3,40.3026718754613
"18846",2021-05-15,"25","6  day ahead inc hosp",2021-05-21,"quantile",0.35,41.7539766823445
"18847",2021-05-15,"25","6  day ahead inc hosp",2021-05-21,"quantile",0.4,43.167033218068
"18848",2021-05-15,"25","6  day ahead inc hosp",2021-05-21,"quantile",0.45,44.5680273258129
"18849",2021-05-15,"25","6  day ahead inc hosp",2021-05-21,"quantile",0.5,45.9798347478165
"18850",2021-05-15,"25","6  day ahead inc hosp",2021-05-21,"quantile",0.55,47.4249214666646
"18851",2021-05-15,"25","6  day ahead inc hosp",2021-05-21,"quantile",0.6,48.9279107926653
"18852",2021-05-15,"25","6  day ahead inc hosp",2021-05-21,"quantile",0.65,50.5186259521678
"18853",2021-05-15,"25","6  day ahead inc hosp",2021-05-21,"quantile",0.7,52.2366512937951
"18854",2021-05-15,"25","6  day ahead inc hosp",2021-05-21,"quantile",0.75,54.1394391327226
"18855",2021-05-15,"25","6  day ahead inc hosp",2021-05-21,"quantile",0.8,56.3189472629604
"18856",2021-05-15,"25","6  day ahead inc hosp",2021-05-21,"quantile",0.85,58.9417521552408
"18857",2021-05-15,"25","6  day ahead inc hosp",2021-05-21,"quantile",0.9,62.3707479452331
"18858",2021-05-15,"25","6  day ahead inc hosp",2021-05-21,"quantile",0.95,67.7255535844242
"18859",2021-05-15,"25","6  day ahead inc hosp",2021-05-21,"quantile",0.975,72.6429646411808
"18860",2021-05-15,"25","6  day ahead inc hosp",2021-05-21,"quantile",0.99,78.6918711547204
"18861",2021-05-15,"25","7  day ahead inc hosp",2021-05-22,"quantile",0.01,19.7959085371057
"18862",2021-05-15,"25","7  day ahead inc hosp",2021-05-22,"quantile",0.025,22.2073020762436
"18863",2021-05-15,"25","7  day ahead inc hosp",2021-05-22,"quantile",0.05,24.4518487618266
"18864",2021-05-15,"25","7  day ahead inc hosp",2021-05-22,"quantile",0.1,27.2461865496043
"18865",2021-05-15,"25","7  day ahead inc hosp",2021-05-22,"quantile",0.15,29.2623391228202
"18866",2021-05-15,"25","7  day ahead inc hosp",2021-05-22,"quantile",0.2,30.9428876070413
"18867",2021-05-15,"25","7  day ahead inc hosp",2021-05-22,"quantile",0.25,32.4414506440553
"18868",2021-05-15,"25","7  day ahead inc hosp",2021-05-22,"quantile",0.3,33.8330066448701
"18869",2021-05-15,"25","7  day ahead inc hosp",2021-05-22,"quantile",0.35,35.1620105607482
"18870",2021-05-15,"25","7  day ahead inc hosp",2021-05-22,"quantile",0.4,36.4589467611344
"18871",2021-05-15,"25","7  day ahead inc hosp",2021-05-22,"quantile",0.45,37.7475783264172
"18872",2021-05-15,"25","7  day ahead inc hosp",2021-05-22,"quantile",0.5,39.0488366918942
"18873",2021-05-15,"25","7  day ahead inc hosp",2021-05-22,"quantile",0.55,40.3834519560781
"18874",2021-05-15,"25","7  day ahead inc hosp",2021-05-22,"quantile",0.6,41.7743173285946
"18875",2021-05-15,"25","7  day ahead inc hosp",2021-05-22,"quantile",0.65,43.2493304453309
"18876",2021-05-15,"25","7  day ahead inc hosp",2021-05-22,"quantile",0.7,44.845689346448
"18877",2021-05-15,"25","7  day ahead inc hosp",2021-05-22,"quantile",0.75,46.6175609920225
"18878",2021-05-15,"25","7  day ahead inc hosp",2021-05-22,"quantile",0.8,48.6518537802254
"18879",2021-05-15,"25","7  day ahead inc hosp",2021-05-22,"quantile",0.85,51.1062982922272
"18880",2021-05-15,"25","7  day ahead inc hosp",2021-05-22,"quantile",0.9,54.3251271378824
"18881",2021-05-15,"25","7  day ahead inc hosp",2021-05-22,"quantile",0.95,59.3726446757459
"18882",2021-05-15,"25","7  day ahead inc hosp",2021-05-22,"quantile",0.975,64.0285074062319
"18883",2021-05-15,"25","7  day ahead inc hosp",2021-05-22,"quantile",0.99,69.7803601720252
"18884",2021-05-15,"25","8  day ahead inc hosp",2021-05-23,"quantile",0.01,17.0792027279997
"18885",2021-05-15,"25","8  day ahead inc hosp",2021-05-23,"quantile",0.025,19.3308061879878
"18886",2021-05-15,"25","8  day ahead inc hosp",2021-05-23,"quantile",0.05,21.4392807422645
"18887",2021-05-15,"25","8  day ahead inc hosp",2021-05-23,"quantile",0.1,24.079211883974
"18888",2021-05-15,"25","8  day ahead inc hosp",2021-05-23,"quantile",0.15,25.9932004327278
"18889",2021-05-15,"25","8  day ahead inc hosp",2021-05-23,"quantile",0.2,27.5939770468267
"18890",2021-05-15,"25","8  day ahead inc hosp",2021-05-23,"quantile",0.25,29.0252562271845
"18891",2021-05-15,"25","8  day ahead inc hosp",2021-05-23,"quantile",0.3,30.3573974137569
"18892",2021-05-15,"25","8  day ahead inc hosp",2021-05-23,"quantile",0.35,31.6322734528095
"18893",2021-05-15,"25","8  day ahead inc hosp",2021-05-23,"quantile",0.4,32.878738271093
"18894",2021-05-15,"25","8  day ahead inc hosp",2021-05-23,"quantile",0.45,34.1194213184468
"18895",2021-05-15,"25","8  day ahead inc hosp",2021-05-23,"quantile",0.5,35.3743936834491
"18896",2021-05-15,"25","8  day ahead inc hosp",2021-05-23,"quantile",0.55,36.663671858244
"18897",2021-05-15,"25","8  day ahead inc hosp",2021-05-23,"quantile",0.6,38.0094976664322
"18898",2021-05-15,"25","8  day ahead inc hosp",2021-05-23,"quantile",0.65,39.4391088583587
"18899",2021-05-15,"25","8  day ahead inc hosp",2021-05-23,"quantile",0.7,40.9889567782702
"18900",2021-05-15,"25","8  day ahead inc hosp",2021-05-23,"quantile",0.75,42.7122609066177
"18901",2021-05-15,"25","8  day ahead inc hosp",2021-05-23,"quantile",0.8,44.6945740607575
"18902",2021-05-15,"25","8  day ahead inc hosp",2021-05-23,"quantile",0.85,47.0914046180392
"18903",2021-05-15,"25","8  day ahead inc hosp",2021-05-23,"quantile",0.9,50.2426210634922
"18904",2021-05-15,"25","8  day ahead inc hosp",2021-05-23,"quantile",0.95,55.2008456218101
"18905",2021-05-15,"25","8  day ahead inc hosp",2021-05-23,"quantile",0.975,59.7908695663939
"18906",2021-05-15,"25","8  day ahead inc hosp",2021-05-23,"quantile",0.99,65.4811622008528
"18907",2021-05-15,"25","9  day ahead inc hosp",2021-05-24,"quantile",0.01,19.5393483418874
"18908",2021-05-15,"25","9  day ahead inc hosp",2021-05-24,"quantile",0.025,22.1215054224736
"18909",2021-05-15,"25","9  day ahead inc hosp",2021-05-24,"quantile",0.05,24.5399815935214
"18910",2021-05-15,"25","9  day ahead inc hosp",2021-05-24,"quantile",0.1,27.5685968708804
"18911",2021-05-15,"25","9  day ahead inc hosp",2021-05-24,"quantile",0.15,29.7647218241026
"18912",2021-05-15,"25","9  day ahead inc hosp",2021-05-24,"quantile",0.2,31.6016597280242
"18913",2021-05-15,"25","9  day ahead inc hosp",2021-05-24,"quantile",0.25,33.2442333543381
"18914",2021-05-15,"25","9  day ahead inc hosp",2021-05-24,"quantile",0.3,34.7731441407844
"18915",2021-05-15,"25","9  day ahead inc hosp",2021-05-24,"quantile",0.35,36.2364254687638
"18916",2021-05-15,"25","9  day ahead inc hosp",2021-05-24,"quantile",0.4,37.6671815207977
"18917",2021-05-15,"25","9  day ahead inc hosp",2021-05-24,"quantile",0.45,39.0913801284166
"18918",2021-05-15,"25","9  day ahead inc hosp",2021-05-24,"quantile",0.5,40.5320583573576
"18919",2021-05-15,"25","9  day ahead inc hosp",2021-05-24,"quantile",0.55,42.0121956035187
"18920",2021-05-15,"25","9  day ahead inc hosp",2021-05-24,"quantile",0.6,43.5573308953286
"18921",2021-05-15,"25","9  day ahead inc hosp",2021-05-24,"quantile",0.65,45.1987445772656
"18922",2021-05-15,"25","9  day ahead inc hosp",2021-05-24,"quantile",0.7,46.9783027915466
"18923",2021-05-15,"25","9  day ahead inc hosp",2021-05-24,"quantile",0.75,48.957135661911
"18924",2021-05-15,"25","9  day ahead inc hosp",2021-05-24,"quantile",0.8,51.2335185773174
"18925",2021-05-15,"25","9  day ahead inc hosp",2021-05-24,"quantile",0.85,53.9860940486945
"18926",2021-05-15,"25","9  day ahead inc hosp",2021-05-24,"quantile",0.9,57.605308245019
"18927",2021-05-15,"25","9  day ahead inc hosp",2021-05-24,"quantile",0.95,63.3004944924586
"18928",2021-05-15,"25","9  day ahead inc hosp",2021-05-24,"quantile",0.975,68.5733439995642
"18929",2021-05-15,"25","9  day ahead inc hosp",2021-05-24,"quantile",0.99,75.1108480105094
"18930",2021-05-15,"25","10  day ahead inc hosp",2021-05-25,"quantile",0.01,17.3526669716532
"18931",2021-05-15,"25","10  day ahead inc hosp",2021-05-25,"quantile",0.025,19.8029815895954
"18932",2021-05-15,"25","10  day ahead inc hosp",2021-05-25,"quantile",0.05,22.1103630161534
"18933",2021-05-15,"25","10  day ahead inc hosp",2021-05-25,"quantile",0.1,25.014554102312
"18934",2021-05-15,"25","10  day ahead inc hosp",2021-05-25,"quantile",0.15,27.1295211069295
"18935",2021-05-15,"25","10  day ahead inc hosp",2021-05-25,"quantile",0.2,28.9038602084089
"18936",2021-05-15,"25","10  day ahead inc hosp",2021-05-25,"quantile",0.25,30.4942379663611
"18937",2021-05-15,"25","10  day ahead inc hosp",2021-05-25,"quantile",0.3,31.9775748887306
"18938",2021-05-15,"25","10  day ahead inc hosp",2021-05-25,"quantile",0.35,33.3998095605858
"18939",2021-05-15,"25","10  day ahead inc hosp",2021-05-25,"quantile",0.4,34.7927421273599
"18940",2021-05-15,"25","10  day ahead inc hosp",2021-05-25,"quantile",0.45,36.1814541187324
"18941",2021-05-15,"25","10  day ahead inc hosp",2021-05-25,"quantile",0.5,37.5883332824633
"18942",2021-05-15,"25","10  day ahead inc hosp",2021-05-25,"quantile",0.55,39.0358478169219
"18943",2021-05-15,"25","10  day ahead inc hosp",2021-05-25,"quantile",0.6,40.5491026168575
"18944",2021-05-15,"25","10  day ahead inc hosp",2021-05-25,"quantile",0.65,42.1589769842621
"18945",2021-05-15,"25","10  day ahead inc hosp",2021-05-25,"quantile",0.7,43.9069299534427
"18946",2021-05-15,"25","10  day ahead inc hosp",2021-05-25,"quantile",0.75,45.853633327648
"18947",2021-05-15,"25","10  day ahead inc hosp",2021-05-25,"quantile",0.8,48.0967862848246
"18948",2021-05-15,"25","10  day ahead inc hosp",2021-05-25,"quantile",0.85,50.8142172942282
"18949",2021-05-15,"25","10  day ahead inc hosp",2021-05-25,"quantile",0.9,54.3950722106529
"18950",2021-05-15,"25","10  day ahead inc hosp",2021-05-25,"quantile",0.95,60.0464511598496
"18951",2021-05-15,"25","10  day ahead inc hosp",2021-05-25,"quantile",0.975,65.2951062652731
"18952",2021-05-15,"25","10  day ahead inc hosp",2021-05-25,"quantile",0.99,71.822215573772
"18953",2021-05-15,"25","11  day ahead inc hosp",2021-05-26,"quantile",0.01,17.5480772170183
"18954",2021-05-15,"25","11  day ahead inc hosp",2021-05-26,"quantile",0.025,20.1016602216376
"18955",2021-05-15,"25","11  day ahead inc hosp",2021-05-26,"quantile",0.05,22.5124149936909
"18956",2021-05-15,"25","11  day ahead inc hosp",2021-05-26,"quantile",0.1,25.5539865487715
"18957",2021-05-15,"25","11  day ahead inc hosp",2021-05-26,"quantile",0.15,27.7734809161852
"18958",2021-05-15,"25","11  day ahead inc hosp",2021-05-26,"quantile",0.2,29.6381232969343
"18959",2021-05-15,"25","11  day ahead inc hosp",2021-05-26,"quantile",0.25,31.3113080064798
"18960",2021-05-15,"25","11  day ahead inc hosp",2021-05-26,"quantile",0.3,32.8733645833417
"18961",2021-05-15,"25","11  day ahead inc hosp",2021-05-26,"quantile",0.35,34.372345282038
"18962",2021-05-15,"25","11  day ahead inc hosp",2021-05-26,"quantile",0.4,35.8415831947063
"18963",2021-05-15,"25","11  day ahead inc hosp",2021-05-26,"quantile",0.45,37.3074370533983
"18964",2021-05-15,"25","11  day ahead inc hosp",2021-05-26,"quantile",0.5,38.7935026679217
"18965",2021-05-15,"25","11  day ahead inc hosp",2021-05-26,"quantile",0.55,40.323528111465
"18966",2021-05-15,"25","11  day ahead inc hosp",2021-05-26,"quantile",0.6,41.9241142631508
"18967",2021-05-15,"25","11  day ahead inc hosp",2021-05-26,"quantile",0.65,43.6280445220275
"18968",2021-05-15,"25","11  day ahead inc hosp",2021-05-26,"quantile",0.7,45.4793977434236
"18969",2021-05-15,"25","11  day ahead inc hosp",2021-05-26,"quantile",0.75,47.5427460739819
"18970",2021-05-15,"25","11  day ahead inc hosp",2021-05-26,"quantile",0.8,49.922147883144
"18971",2021-05-15,"25","11  day ahead inc hosp",2021-05-26,"quantile",0.85,52.8071208197205
"18972",2021-05-15,"25","11  day ahead inc hosp",2021-05-26,"quantile",0.9,56.6126260191154
"18973",2021-05-15,"25","11  day ahead inc hosp",2021-05-26,"quantile",0.95,62.626725854028
"18974",2021-05-15,"25","11  day ahead inc hosp",2021-05-26,"quantile",0.975,68.2203321905926
"18975",2021-05-15,"25","11  day ahead inc hosp",2021-05-26,"quantile",0.99,75.1860913291144
"18976",2021-05-15,"25","12  day ahead inc hosp",2021-05-27,"quantile",0.01,16.6047640708134
"18977",2021-05-15,"25","12  day ahead inc hosp",2021-05-27,"quantile",0.025,19.133979427698
"18978",2021-05-15,"25","12  day ahead inc hosp",2021-05-27,"quantile",0.05,21.5312740725858
"18979",2021-05-15,"25","12  day ahead inc hosp",2021-05-27,"quantile",0.1,24.5672043089161
"18980",2021-05-15,"25","12  day ahead inc hosp",2021-05-27,"quantile",0.15,26.789580662262
"18981",2021-05-15,"25","12  day ahead inc hosp",2021-05-27,"quantile",0.2,28.6607260904017
"18982",2021-05-15,"25","12  day ahead inc hosp",2021-05-27,"quantile",0.25,30.3426662305952
"18983",2021-05-15,"25","12  day ahead inc hosp",2021-05-27,"quantile",0.3,31.9152235143751
"18984",2021-05-15,"25","12  day ahead inc hosp",2021-05-27,"quantile",0.35,33.4262690493233
"18985",2021-05-15,"25","12  day ahead inc hosp",2021-05-27,"quantile",0.4,34.9091201716073
"18986",2021-05-15,"25","12  day ahead inc hosp",2021-05-27,"quantile",0.45,36.390230412542
"18987",2021-05-15,"25","12  day ahead inc hosp",2021-05-27,"quantile",0.5,37.8933874075026
"18988",2021-05-15,"25","12  day ahead inc hosp",2021-05-27,"quantile",0.55,39.4426381731332
"18989",2021-05-15,"25","12  day ahead inc hosp",2021-05-27,"quantile",0.6,41.0650216794713
"18990",2021-05-15,"25","12  day ahead inc hosp",2021-05-27,"quantile",0.65,42.793961362404
"18991",2021-05-15,"25","12  day ahead inc hosp",2021-05-27,"quantile",0.7,44.6744956585723
"18992",2021-05-15,"25","12  day ahead inc hosp",2021-05-27,"quantile",0.75,46.7727063563614
"18993",2021-05-15,"25","12  day ahead inc hosp",2021-05-27,"quantile",0.8,49.1952076165543
"18994",2021-05-15,"25","12  day ahead inc hosp",2021-05-27,"quantile",0.85,52.1363516193382
"18995",2021-05-15,"25","12  day ahead inc hosp",2021-05-27,"quantile",0.9,56.0220564140974
"18996",2021-05-15,"25","12  day ahead inc hosp",2021-05-27,"quantile",0.95,62.1757945103816
"18997",2021-05-15,"25","12  day ahead inc hosp",2021-05-27,"quantile",0.975,67.9120311280296
"18998",2021-05-15,"25","12  day ahead inc hosp",2021-05-27,"quantile",0.99,75.0707027017054
"18999",2021-05-15,"25","13  day ahead inc hosp",2021-05-28,"quantile",0.01,16.1781618305713
"19000",2021-05-15,"25","13  day ahead inc hosp",2021-05-28,"quantile",0.025,18.7335129556294
"19001",2021-05-15,"25","13  day ahead inc hosp",2021-05-28,"quantile",0.05,21.1635429622664
"19002",2021-05-15,"25","13  day ahead inc hosp",2021-05-28,"quantile",0.1,24.2503984274487
"19003",2021-05-15,"25","13  day ahead inc hosp",2021-05-28,"quantile",0.15,26.5158984237977
"19004",2021-05-15,"25","13  day ahead inc hosp",2021-05-28,"quantile",0.2,28.4267617635787
"19005",2021-05-15,"25","13  day ahead inc hosp",2021-05-28,"quantile",0.25,30.146843413334
"19006",2021-05-15,"25","13  day ahead inc hosp",2021-05-28,"quantile",0.3,31.7570062041892
"19007",2021-05-15,"25","13  day ahead inc hosp",2021-05-28,"quantile",0.35,33.305848126937
"19008",2021-05-15,"25","13  day ahead inc hosp",2021-05-28,"quantile",0.4,34.8272850703467
"19009",2021-05-15,"25","13  day ahead inc hosp",2021-05-28,"quantile",0.45,36.3483361263516
"19010",2021-05-15,"25","13  day ahead inc hosp",2021-05-28,"quantile",0.5,37.8933873249639
"19011",2021-05-15,"25","13  day ahead inc hosp",2021-05-28,"quantile",0.55,39.4871792186396
"19012",2021-05-15,"25","13  day ahead inc hosp",2021-05-28,"quantile",0.6,41.1576167144887
"19013",2021-05-15,"25","13  day ahead inc hosp",2021-05-28,"quantile",0.65,42.9392769452156
"19014",2021-05-15,"25","13  day ahead inc hosp",2021-05-28,"quantile",0.7,44.8788352191732
"19015",2021-05-15,"25","13  day ahead inc hosp",2021-05-28,"quantile",0.75,47.0448613205272
"19016",2021-05-15,"25","13  day ahead inc hosp",2021-05-28,"quantile",0.8,49.5480857812539
"19017",2021-05-15,"25","13  day ahead inc hosp",2021-05-28,"quantile",0.85,52.590514695668
"19018",2021-05-15,"25","13  day ahead inc hosp",2021-05-28,"quantile",0.9,56.6151503824924
"19019",2021-05-15,"25","13  day ahead inc hosp",2021-05-28,"quantile",0.95,62.9997265025527
"19020",2021-05-15,"25","13  day ahead inc hosp",2021-05-28,"quantile",0.975,68.9618432971668
"19021",2021-05-15,"25","13  day ahead inc hosp",2021-05-28,"quantile",0.99,76.4152470382268
"19022",2021-05-15,"25","14  day ahead inc hosp",2021-05-29,"quantile",0.01,14.8056703320301
"19023",2021-05-15,"25","14  day ahead inc hosp",2021-05-29,"quantile",0.025,17.2675192973274
"19024",2021-05-15,"25","14  day ahead inc hosp",2021-05-29,"quantile",0.05,19.6199355651827
"19025",2021-05-15,"25","14  day ahead inc hosp",2021-05-29,"quantile",0.1,22.6216676569206
"19026",2021-05-15,"25","14  day ahead inc hosp",2021-05-29,"quantile",0.15,24.8330195735205
"19027",2021-05-15,"25","14  day ahead inc hosp",2021-05-29,"quantile",0.2,26.7030729360007
"19028",2021-05-15,"25","14  day ahead inc hosp",2021-05-29,"quantile",0.25,28.3899010220663
"19029",2021-05-15,"25","14  day ahead inc hosp",2021-05-29,"quantile",0.3,29.9717124017802
"19030",2021-05-15,"25","14  day ahead inc hosp",2021-05-29,"quantile",0.35,31.4956576961923
"19031",2021-05-15,"25","14  day ahead inc hosp",2021-05-29,"quantile",0.4,32.9947759709491
"19032",2021-05-15,"25","14  day ahead inc hosp",2021-05-29,"quantile",0.45,34.4955176514601
"19033",2021-05-15,"25","14  day ahead inc hosp",2021-05-29,"quantile",0.5,36.0218844367634
"19034",2021-05-15,"25","14  day ahead inc hosp",2021-05-29,"quantile",0.55,37.598353821103
"19035",2021-05-15,"25","14  day ahead inc hosp",2021-05-29,"quantile",0.6,39.2526569781801
"19036",2021-05-15,"25","14  day ahead inc hosp",2021-05-29,"quantile",0.65,41.0192744988397
"19037",2021-05-15,"25","14  day ahead inc hosp",2021-05-29,"quantile",0.7,42.9448685333783
"19038",2021-05-15,"25","14  day ahead inc hosp",2021-05-29,"quantile",0.75,45.0981125802433
"19039",2021-05-15,"25","14  day ahead inc hosp",2021-05-29,"quantile",0.8,47.5900508143608
"19040",2021-05-15,"25","14  day ahead inc hosp",2021-05-29,"quantile",0.85,50.6234764965725
"19041",2021-05-15,"25","14  day ahead inc hosp",2021-05-29,"quantile",0.9,54.6435656287527
"19042",2021-05-15,"25","14  day ahead inc hosp",2021-05-29,"quantile",0.95,61.0365075409123
"19043",2021-05-15,"25","14  day ahead inc hosp",2021-05-29,"quantile",0.975,67.0218697762018
"19044",2021-05-15,"25","14  day ahead inc hosp",2021-05-29,"quantile",0.99,74.5228677511493
"19045",2021-05-15,"25","15  day ahead inc hosp",2021-05-30,"quantile",0.01,11.6988333924302
"19046",2021-05-15,"25","15  day ahead inc hosp",2021-05-30,"quantile",0.025,13.9740342741374
"19047",2021-05-15,"25","15  day ahead inc hosp",2021-05-30,"quantile",0.05,16.1831635937923
"19048",2021-05-15,"25","15  day ahead inc hosp",2021-05-30,"quantile",0.1,19.0442166908747
"19049",2021-05-15,"25","15  day ahead inc hosp",2021-05-30,"quantile",0.15,21.1781694900003
"19050",2021-05-15,"25","15  day ahead inc hosp",2021-05-30,"quantile",0.2,22.9981769421557
"19051",2021-05-15,"25","15  day ahead inc hosp",2021-05-30,"quantile",0.25,24.6509422895396
"19052",2021-05-15,"25","15  day ahead inc hosp",2021-05-30,"quantile",0.3,26.2096786211632
"19053",2021-05-15,"25","15  day ahead inc hosp",2021-05-30,"quantile",0.35,27.7189986791888
"19054",2021-05-15,"25","15  day ahead inc hosp",2021-05-30,"quantile",0.4,29.2105930310777
"19055",2021-05-15,"25","15  day ahead inc hosp",2021-05-30,"quantile",0.45,30.7102519934618
"19056",2021-05-15,"25","15  day ahead inc hosp",2021-05-30,"quantile",0.5,32.2417942480808
"19057",2021-05-15,"25","15  day ahead inc hosp",2021-05-30,"quantile",0.55,33.8299190011949
"19058",2021-05-15,"25","15  day ahead inc hosp",2021-05-30,"quantile",0.6,35.503003508943
"19059",2021-05-15,"25","15  day ahead inc hosp",2021-05-30,"quantile",0.65,37.2967125169313
"19060",2021-05-15,"25","15  day ahead inc hosp",2021-05-30,"quantile",0.7,39.2596867685763
"19061",2021-05-15,"25","15  day ahead inc hosp",2021-05-30,"quantile",0.75,41.4639080680141
"19062",2021-05-15,"25","15  day ahead inc hosp",2021-05-30,"quantile",0.8,44.0262441303123
"19063",2021-05-15,"25","15  day ahead inc hosp",2021-05-30,"quantile",0.85,47.1608274527853
"19064",2021-05-15,"25","15  day ahead inc hosp",2021-05-30,"quantile",0.9,51.339206672459
"19065",2021-05-15,"25","15  day ahead inc hosp",2021-05-30,"quantile",0.95,58.0353476465291
"19066",2021-05-15,"25","15  day ahead inc hosp",2021-05-30,"quantile",0.975,64.3557927584467
"19067",2021-05-15,"25","15  day ahead inc hosp",2021-05-30,"quantile",0.99,72.3385123170357
"19068",2021-05-15,"25","16  day ahead inc hosp",2021-05-31,"quantile",0.01,11.3781561307416
"19069",2021-05-15,"25","16  day ahead inc hosp",2021-05-31,"quantile",0.025,13.7192087999436
"19070",2021-05-15,"25","16  day ahead inc hosp",2021-05-31,"quantile",0.05,16.0065546665999
"19071",2021-05-15,"25","16  day ahead inc hosp",2021-05-31,"quantile",0.1,18.9860487331308
"19072",2021-05-15,"25","16  day ahead inc hosp",2021-05-31,"quantile",0.15,21.2189816262028
"19073",2021-05-15,"25","16  day ahead inc hosp",2021-05-31,"quantile",0.2,23.1296395532207
"19074",2021-05-15,"25","16  day ahead inc hosp",2021-05-31,"quantile",0.25,24.8692008767045
"19075",2021-05-15,"25","16  day ahead inc hosp",2021-05-31,"quantile",0.3,26.5133734358199
"19076",2021-05-15,"25","16  day ahead inc hosp",2021-05-31,"quantile",0.35,28.1084881363842
"19077",2021-05-15,"25","16  day ahead inc hosp",2021-05-31,"quantile",0.4,29.6876354240546
"19078",2021-05-15,"25","16  day ahead inc hosp",2021-05-31,"quantile",0.45,31.2779185520534
"19079",2021-05-15,"25","16  day ahead inc hosp",2021-05-31,"quantile",0.5,32.9045388775537
"19080",2021-05-15,"25","16  day ahead inc hosp",2021-05-31,"quantile",0.55,34.5937939881898
"19081",2021-05-15,"25","16  day ahead inc hosp",2021-05-31,"quantile",0.6,36.3760545502047
"19082",2021-05-15,"25","16  day ahead inc hosp",2021-05-31,"quantile",0.65,38.289640467091
"19083",2021-05-15,"25","16  day ahead inc hosp",2021-05-31,"quantile",0.7,40.3869607350177
"19084",2021-05-15,"25","16  day ahead inc hosp",2021-05-31,"quantile",0.75,42.7457284817739
"19085",2021-05-15,"25","16  day ahead inc hosp",2021-05-31,"quantile",0.8,45.492302493606
"19086",2021-05-15,"25","16  day ahead inc hosp",2021-05-31,"quantile",0.85,48.8584835473849
"19087",2021-05-15,"25","16  day ahead inc hosp",2021-05-31,"quantile",0.9,53.3553181616577
"19088",2021-05-15,"25","16  day ahead inc hosp",2021-05-31,"quantile",0.95,60.582503554407
"19089",2021-05-15,"25","16  day ahead inc hosp",2021-05-31,"quantile",0.975,67.4247732400591
"19090",2021-05-15,"25","16  day ahead inc hosp",2021-05-31,"quantile",0.99,76.0913627962187
"19091",2021-05-15,"25","17  day ahead inc hosp",2021-06-01,"quantile",0.01,11.4801954161152
"19092",2021-05-15,"25","17  day ahead inc hosp",2021-06-01,"quantile",0.025,13.9277550647196
"19093",2021-05-15,"25","17  day ahead inc hosp",2021-06-01,"quantile",0.05,16.32898647033
"19094",2021-05-15,"25","17  day ahead inc hosp",2021-06-01,"quantile",0.1,19.4686272235364
"19095",2021-05-15,"25","17  day ahead inc hosp",2021-06-01,"quantile",0.15,21.8289013095221
"19096",2021-05-15,"25","17  day ahead inc hosp",2021-06-01,"quantile",0.2,23.8528094745003
"19097",2021-05-15,"25","17  day ahead inc hosp",2021-06-01,"quantile",0.25,25.6985588241436
"19098",2021-05-15,"25","17  day ahead inc hosp",2021-06-01,"quantile",0.3,27.4455586089333
"19099",2021-05-15,"25","17  day ahead inc hosp",2021-06-01,"quantile",0.35,29.1425428535337
"19100",2021-05-15,"25","17  day ahead inc hosp",2021-06-01,"quantile",0.4,30.8244433668327
"19101",2021-05-15,"25","17  day ahead inc hosp",2021-06-01,"quantile",0.45,32.5199922982437
"19102",2021-05-15,"25","17  day ahead inc hosp",2021-06-01,"quantile",0.5,34.2560232575686
"19103",2021-05-15,"25","17  day ahead inc hosp",2021-06-01,"quantile",0.55,36.0606503197511
"19104",2021-05-15,"25","17  day ahead inc hosp",2021-06-01,"quantile",0.6,37.9664494708973
"19105",2021-05-15,"25","17  day ahead inc hosp",2021-06-01,"quantile",0.65,40.0146253589551
"19106",2021-05-15,"25","17  day ahead inc hosp",2021-06-01,"quantile",0.7,42.2616324971367
"19107",2021-05-15,"25","17  day ahead inc hosp",2021-06-01,"quantile",0.75,44.7912882256171
"19108",2021-05-15,"25","17  day ahead inc hosp",2021-06-01,"quantile",0.8,47.7400034193845
"19109",2021-05-15,"25","17  day ahead inc hosp",2021-06-01,"quantile",0.85,51.3582096248753
"19110",2021-05-15,"25","17  day ahead inc hosp",2021-06-01,"quantile",0.9,56.1984341055273
"19111",2021-05-15,"25","17  day ahead inc hosp",2021-06-01,"quantile",0.95,63.991784404966
"19112",2021-05-15,"25","17  day ahead inc hosp",2021-06-01,"quantile",0.975,71.3842621227291
"19113",2021-05-15,"25","17  day ahead inc hosp",2021-06-01,"quantile",0.99,80.7648795319071
"19114",2021-05-15,"25","18  day ahead inc hosp",2021-06-02,"quantile",0.01,11.1326816775825
"19115",2021-05-15,"25","18  day ahead inc hosp",2021-06-02,"quantile",0.025,13.6137575663501
"19116",2021-05-15,"25","18  day ahead inc hosp",2021-06-02,"quantile",0.05,16.0607376183095
"19117",2021-05-15,"25","18  day ahead inc hosp",2021-06-02,"quantile",0.1,19.2756843246779
"19118",2021-05-15,"25","18  day ahead inc hosp",2021-06-02,"quantile",0.15,21.7021941511296
"19119",2021-05-15,"25","18  day ahead inc hosp",2021-06-02,"quantile",0.2,23.7885399406184
"19120",2021-05-15,"25","18  day ahead inc hosp",2021-06-02,"quantile",0.25,25.6952848729582
"19121",2021-05-15,"25","18  day ahead inc hosp",2021-06-02,"quantile",0.3,27.5032606987926
"19122",2021-05-15,"25","18  day ahead inc hosp",2021-06-02,"quantile",0.35,29.262257517472
"19123",2021-05-15,"25","18  day ahead inc hosp",2021-06-02,"quantile",0.4,31.0081301525802
"19124",2021-05-15,"25","18  day ahead inc hosp",2021-06-02,"quantile",0.45,32.7705300580285
"19125",2021-05-15,"25","18  day ahead inc hosp",2021-06-02,"quantile",0.5,34.5773050650936
"19126",2021-05-15,"25","18  day ahead inc hosp",2021-06-02,"quantile",0.55,36.4577812046752
"19127",2021-05-15,"25","18  day ahead inc hosp",2021-06-02,"quantile",0.6,38.4460801264553
"19128",2021-05-15,"25","18  day ahead inc hosp",2021-06-02,"quantile",0.65,40.585495713379
"19129",2021-05-15,"25","18  day ahead inc hosp",2021-06-02,"quantile",0.7,42.9354763128561
"19130",2021-05-15,"25","18  day ahead inc hosp",2021-06-02,"quantile",0.75,45.5844226284384
"19131",2021-05-15,"25","18  day ahead inc hosp",2021-06-02,"quantile",0.8,48.6763718554215
"19132",2021-05-15,"25","18  day ahead inc hosp",2021-06-02,"quantile",0.85,52.4760082110314
"19133",2021-05-15,"25","18  day ahead inc hosp",2021-06-02,"quantile",0.9,57.5678430023636
"19134",2021-05-15,"25","18  day ahead inc hosp",2021-06-02,"quantile",0.95,65.7852750951303
"19135",2021-05-15,"25","18  day ahead inc hosp",2021-06-02,"quantile",0.975,73.5988872948682
"19136",2021-05-15,"25","18  day ahead inc hosp",2021-06-02,"quantile",0.99,83.5366736711001
"19137",2021-05-15,"25","19  day ahead inc hosp",2021-06-03,"quantile",0.01,10.2766124731037
"19138",2021-05-15,"25","19  day ahead inc hosp",2021-06-03,"quantile",0.025,12.6987023390038
"19139",2021-05-15,"25","19  day ahead inc hosp",2021-06-03,"quantile",0.05,15.1040843738332
"19140",2021-05-15,"25","19  day ahead inc hosp",2021-06-03,"quantile",0.1,18.2843876527654
"19141",2021-05-15,"25","19  day ahead inc hosp",2021-06-03,"quantile",0.15,20.6972027787396
"19142",2021-05-15,"25","19  day ahead inc hosp",2021-06-03,"quantile",0.2,22.7790829732229
"19143",2021-05-15,"25","19  day ahead inc hosp",2021-06-03,"quantile",0.25,24.6870051429186
"19144",2021-05-15,"25","19  day ahead inc hosp",2021-06-03,"quantile",0.3,26.5003083177052
"19145",2021-05-15,"25","19  day ahead inc hosp",2021-06-03,"quantile",0.35,28.2681029615901
"19146",2021-05-15,"25","19  day ahead inc hosp",2021-06-03,"quantile",0.4,30.0259722380295
"19147",2021-05-15,"25","19  day ahead inc hosp",2021-06-03,"quantile",0.45,31.8035525599821
"19148",2021-05-15,"25","19  day ahead inc hosp",2021-06-03,"quantile",0.5,33.6288807371979
"19149",2021-05-15,"25","19  day ahead inc hosp",2021-06-03,"quantile",0.55,35.5316758856026
"19150",2021-05-15,"25","19  day ahead inc hosp",2021-06-03,"quantile",0.6,37.5467000835165
"19151",2021-05-15,"25","19  day ahead inc hosp",2021-06-03,"quantile",0.65,39.7182331328006
"19152",2021-05-15,"25","19  day ahead inc hosp",2021-06-03,"quantile",0.7,42.1072468083602
"19153",2021-05-15,"25","19  day ahead inc hosp",2021-06-03,"quantile",0.75,44.80458617803
"19154",2021-05-15,"25","19  day ahead inc hosp",2021-06-03,"quantile",0.8,47.9584878177782
"19155",2021-05-15,"25","19  day ahead inc hosp",2021-06-03,"quantile",0.85,51.8416809454847
"19156",2021-05-15,"25","19  day ahead inc hosp",2021-06-03,"quantile",0.9,57.0571480655475
"19157",2021-05-15,"25","19  day ahead inc hosp",2021-06-03,"quantile",0.95,65.4989638826299
"19158",2021-05-15,"25","19  day ahead inc hosp",2021-06-03,"quantile",0.975,73.5507004193883
"19159",2021-05-15,"25","19  day ahead inc hosp",2021-06-03,"quantile",0.99,83.8212808132497
"19160",2021-05-15,"25","20  day ahead inc hosp",2021-06-04,"quantile",0.01,10.0627066369392
"19161",2021-05-15,"25","20  day ahead inc hosp",2021-06-04,"quantile",0.025,12.5265859407196
"19162",2021-05-15,"25","20  day ahead inc hosp",2021-06-04,"quantile",0.05,14.9854542317709
"19163",2021-05-15,"25","20  day ahead inc hosp",2021-06-04,"quantile",0.1,18.2509531582543
"19164",2021-05-15,"25","20  day ahead inc hosp",2021-06-04,"quantile",0.15,20.7374137880135
"19165",2021-05-15,"25","20  day ahead inc hosp",2021-06-04,"quantile",0.2,22.8881262806328
"19166",2021-05-15,"25","20  day ahead inc hosp",2021-06-04,"quantile",0.25,24.8629336890914
"19167",2021-05-15,"25","20  day ahead inc hosp",2021-06-04,"quantile",0.3,26.7428522098784
"19168",2021-05-15,"25","20  day ahead inc hosp",2021-06-04,"quantile",0.35,28.5782064182646
"19169",2021-05-15,"25","20  day ahead inc hosp",2021-06-04,"quantile",0.4,30.4056188629245
"19170",2021-05-15,"25","20  day ahead inc hosp",2021-06-04,"quantile",0.45,32.2557448449726
"19171",2021-05-15,"25","20  day ahead inc hosp",2021-06-04,"quantile",0.5,34.1577327444364
"19172",2021-05-15,"25","20  day ahead inc hosp",2021-06-04,"quantile",0.55,36.1426202500398
"19173",2021-05-15,"25","20  day ahead inc hosp",2021-06-04,"quantile",0.6,38.2468434371897
"19174",2021-05-15,"25","20  day ahead inc hosp",2021-06-04,"quantile",0.65,40.5169386865185
"19175",2021-05-15,"25","20  day ahead inc hosp",2021-06-04,"quantile",0.7,43.017106407569
"19176",2021-05-15,"25","20  day ahead inc hosp",2021-06-04,"quantile",0.75,45.8431303699909
"19177",2021-05-15,"25","20  day ahead inc hosp",2021-06-04,"quantile",0.8,49.1514614258565
"19178",2021-05-15,"25","20  day ahead inc hosp",2021-06-04,"quantile",0.85,53.2301782600097
"19179",2021-05-15,"25","20  day ahead inc hosp",2021-06-04,"quantile",0.9,58.7167105207738
"19180",2021-05-15,"25","20  day ahead inc hosp",2021-06-04,"quantile",0.95,67.6153270951196
"19181",2021-05-15,"25","20  day ahead inc hosp",2021-06-04,"quantile",0.975,76.1207458165097
"19182",2021-05-15,"25","20  day ahead inc hosp",2021-06-04,"quantile",0.99,86.991781522183
"19183",2021-05-15,"25","21  day ahead inc hosp",2021-06-05,"quantile",0.01,8.80661274106857
"19184",2021-05-15,"25","21  day ahead inc hosp",2021-06-05,"quantile",0.025,11.1121535620751
"19185",2021-05-15,"25","21  day ahead inc hosp",2021-06-05,"quantile",0.05,13.4336160726767
"19186",2021-05-15,"25","21  day ahead inc hosp",2021-06-05,"quantile",0.1,16.5416340211421
"19187",2021-05-15,"25","21  day ahead inc hosp",2021-06-05,"quantile",0.15,18.9237852322348
"19188",2021-05-15,"25","21  day ahead inc hosp",2021-06-05,"quantile",0.2,20.9934504649499
"19189",2021-05-15,"25","21  day ahead inc hosp",2021-06-05,"quantile",0.25,22.9004533429037
"19190",2021-05-15,"25","21  day ahead inc hosp",2021-06-05,"quantile",0.3,24.7211301523162
"19191",2021-05-15,"25","21  day ahead inc hosp",2021-06-05,"quantile",0.35,26.503207006732
"19192",2021-05-15,"25","21  day ahead inc hosp",2021-06-05,"quantile",0.4,28.2816959848884
"19193",2021-05-15,"25","21  day ahead inc hosp",2021-06-05,"quantile",0.45,30.0861730975404
"19194",2021-05-15,"25","21  day ahead inc hosp",2021-06-05,"quantile",0.5,31.9450188171059
"19195",2021-05-15,"25","21  day ahead inc hosp",2021-06-05,"quantile",0.55,33.888697772435
"19196",2021-05-15,"25","21  day ahead inc hosp",2021-06-05,"quantile",0.6,35.953202251517
"19197",2021-05-15,"25","21  day ahead inc hosp",2021-06-05,"quantile",0.65,38.1847175153983
"19198",2021-05-15,"25","21  day ahead inc hosp",2021-06-05,"quantile",0.7,40.6471703467552
"19199",2021-05-15,"25","21  day ahead inc hosp",2021-06-05,"quantile",0.75,43.4361592764386
"19200",2021-05-15,"25","21  day ahead inc hosp",2021-06-05,"quantile",0.8,46.7081042634369
"19201",2021-05-15,"25","21  day ahead inc hosp",2021-06-05,"quantile",0.85,50.7514426951364
"19202",2021-05-15,"25","21  day ahead inc hosp",2021-06-05,"quantile",0.9,56.2052997005676
"19203",2021-05-15,"25","21  day ahead inc hosp",2021-06-05,"quantile",0.95,65.0828027673896
"19204",2021-05-15,"25","21  day ahead inc hosp",2021-06-05,"quantile",0.975,73.5998652642135
"19205",2021-05-15,"25","21  day ahead inc hosp",2021-06-05,"quantile",0.99,84.5243297614127
"19206",2021-05-15,"25","22  day ahead inc hosp",2021-06-06,"quantile",0.01,7.27174951594391
"19207",2021-05-15,"25","22  day ahead inc hosp",2021-06-06,"quantile",0.025,9.33713509336613
"19208",2021-05-15,"25","22  day ahead inc hosp",2021-06-06,"quantile",0.05,11.4407887441993
"19209",2021-05-15,"25","22  day ahead inc hosp",2021-06-06,"quantile",0.1,14.28644490347
"19210",2021-05-15,"25","22  day ahead inc hosp",2021-06-06,"quantile",0.15,16.4858057978808
"19211",2021-05-15,"25","22  day ahead inc hosp",2021-06-06,"quantile",0.2,18.4074432953278
"19212",2021-05-15,"25","22  day ahead inc hosp",2021-06-06,"quantile",0.25,20.1858372814269
"19213",2021-05-15,"25","22  day ahead inc hosp",2021-06-06,"quantile",0.3,21.889979622278
"19214",2021-05-15,"25","22  day ahead inc hosp",2021-06-06,"quantile",0.35,23.5633739066093
"19215",2021-05-15,"25","22  day ahead inc hosp",2021-06-06,"quantile",0.4,25.2382705544158
"19216",2021-05-15,"25","22  day ahead inc hosp",2021-06-06,"quantile",0.45,26.942233505869
"19217",2021-05-15,"25","22  day ahead inc hosp",2021-06-06,"quantile",0.5,28.7020189825057
"19218",2021-05-15,"25","22  day ahead inc hosp",2021-06-06,"quantile",0.55,30.5466364017794
"19219",2021-05-15,"25","22  day ahead inc hosp",2021-06-06,"quantile",0.6,32.5106271586089
"19220",2021-05-15,"25","22  day ahead inc hosp",2021-06-06,"quantile",0.65,34.6385667054361
"19221",2021-05-15,"25","22  day ahead inc hosp",2021-06-06,"quantile",0.7,36.9923997051203
"19222",2021-05-15,"25","22  day ahead inc hosp",2021-06-06,"quantile",0.75,39.6650215429543
"19223",2021-05-15,"25","22  day ahead inc hosp",2021-06-06,"quantile",0.8,42.8087489446493
"19224",2021-05-15,"25","22  day ahead inc hosp",2021-06-06,"quantile",0.85,46.704945732076
"19225",2021-05-15,"25","22  day ahead inc hosp",2021-06-06,"quantile",0.9,51.9781405996253
"19226",2021-05-15,"25","22  day ahead inc hosp",2021-06-06,"quantile",0.95,60.5997220508145
"19227",2021-05-15,"25","22  day ahead inc hosp",2021-06-06,"quantile",0.975,68.9093966100694
"19228",2021-05-15,"25","22  day ahead inc hosp",2021-06-06,"quantile",0.99,79.6141363280034
"19229",2021-05-15,"25","23  day ahead inc hosp",2021-06-07,"quantile",0.01,7.54499900998067
"19230",2021-05-15,"25","23  day ahead inc hosp",2021-06-07,"quantile",0.025,9.72633088016423
"19231",2021-05-15,"25","23  day ahead inc hosp",2021-06-07,"quantile",0.05,11.9538364401106
"19232",2021-05-15,"25","23  day ahead inc hosp",2021-06-07,"quantile",0.1,14.9740273667143
"19233",2021-05-15,"25","23  day ahead inc hosp",2021-06-07,"quantile",0.15,17.3126484624471
"19234",2021-05-15,"25","23  day ahead inc hosp",2021-06-07,"quantile",0.2,19.3585275146125
"19235",2021-05-15,"25","23  day ahead inc hosp",2021-06-07,"quantile",0.25,21.2537515700737
"19236",2021-05-15,"25","23  day ahead inc hosp",2021-06-07,"quantile",0.3,23.071330177482
"19237",2021-05-15,"25","23  day ahead inc hosp",2021-06-07,"quantile",0.35,24.8573901789629
"19238",2021-05-15,"25","23  day ahead inc hosp",2021-06-07,"quantile",0.4,26.6462081535941
"19239",2021-05-15,"25","23  day ahead inc hosp",2021-06-07,"quantile",0.45,28.4671569724456
"19240",2021-05-15,"25","23  day ahead inc hosp",2021-06-07,"quantile",0.5,30.3488218316956
"19241",2021-05-15,"25","23  day ahead inc hosp",2021-06-07,"quantile",0.55,32.3222631975202
"19242",2021-05-15,"25","23  day ahead inc hosp",2021-06-07,"quantile",0.6,34.4245274623109
"19243",2021-05-15,"25","23  day ahead inc hosp",2021-06-07,"quantile",0.65,36.703481413502
"19244",2021-05-15,"25","23  day ahead inc hosp",2021-06-07,"quantile",0.7,39.2257006621777
"19245",2021-05-15,"25","23  day ahead inc hosp",2021-06-07,"quantile",0.75,42.0910859779457
"19246",2021-05-15,"25","23  day ahead inc hosp",2021-06-07,"quantile",0.8,45.4635149196774
"19247",2021-05-15,"25","23  day ahead inc hosp",2021-06-07,"quantile",0.85,49.6458219645774
"19248",2021-05-15,"25","23  day ahead inc hosp",2021-06-07,"quantile",0.9,55.310445933088
"19249",2021-05-15,"25","23  day ahead inc hosp",2021-06-07,"quantile",0.95,64.5810057357615
"19250",2021-05-15,"25","23  day ahead inc hosp",2021-06-07,"quantile",0.975,73.5251686769684
"19251",2021-05-15,"25","23  day ahead inc hosp",2021-06-07,"quantile",0.99,85.0581698563163
"19252",2021-05-15,"25","24  day ahead inc hosp",2021-06-08,"quantile",0.01,6.92724472779911
"19253",2021-05-15,"25","24  day ahead inc hosp",2021-06-08,"quantile",0.025,9.03275650053844
"19254",2021-05-15,"25","24  day ahead inc hosp",2021-06-08,"quantile",0.05,11.198990298102
"19255",2021-05-15,"25","24  day ahead inc hosp",2021-06-08,"quantile",0.1,14.1558160264914
"19256",2021-05-15,"25","24  day ahead inc hosp",2021-06-08,"quantile",0.15,16.4577026766509
"19257",2021-05-15,"25","24  day ahead inc hosp",2021-06-08,"quantile",0.2,18.4787118932123
"19258",2021-05-15,"25","24  day ahead inc hosp",2021-06-08,"quantile",0.25,20.3561435413596
"19259",2021-05-15,"25","24  day ahead inc hosp",2021-06-08,"quantile",0.3,22.1608733206875
"19260",2021-05-15,"25","24  day ahead inc hosp",2021-06-08,"quantile",0.35,23.9379357564591
"19261",2021-05-15,"25","24  day ahead inc hosp",2021-06-08,"quantile",0.4,25.7210280202937
"19262",2021-05-15,"25","24  day ahead inc hosp",2021-06-08,"quantile",0.45,27.5392465298617
"19263",2021-05-15,"25","24  day ahead inc hosp",2021-06-08,"quantile",0.5,29.4211154240186
"19264",2021-05-15,"25","24  day ahead inc hosp",2021-06-08,"quantile",0.55,31.3978223142503
"19265",2021-05-15,"25","24  day ahead inc hosp",2021-06-08,"quantile",0.6,33.5067436888237
"19266",2021-05-15,"25","24  day ahead inc hosp",2021-06-08,"quantile",0.65,35.7963394084318
"19267",2021-05-15,"25","24  day ahead inc hosp",2021-06-08,"quantile",0.7,38.3341722881732
"19268",2021-05-15,"25","24  day ahead inc hosp",2021-06-08,"quantile",0.75,41.2217969543582
"19269",2021-05-15,"25","24  day ahead inc hosp",2021-06-08,"quantile",0.8,44.6260164627885
"19270",2021-05-15,"25","24  day ahead inc hosp",2021-06-08,"quantile",0.85,48.8554016321888
"19271",2021-05-15,"25","24  day ahead inc hosp",2021-06-08,"quantile",0.9,54.5958564736807
"19272",2021-05-15,"25","24  day ahead inc hosp",2021-06-08,"quantile",0.95,64.0164023846689
"19273",2021-05-15,"25","24  day ahead inc hosp",2021-06-08,"quantile",0.975,73.1311622006881
"19274",2021-05-15,"25","24  day ahead inc hosp",2021-06-08,"quantile",0.99,84.9155762212385
"19275",2021-05-15,"25","25  day ahead inc hosp",2021-06-09,"quantile",0.01,6.77605542175414
"19276",2021-05-15,"25","25  day ahead inc hosp",2021-06-09,"quantile",0.025,8.90155080949095
"19277",2021-05-15,"25","25  day ahead inc hosp",2021-06-09,"quantile",0.05,11.0989791869529
"19278",2021-05-15,"25","25  day ahead inc hosp",2021-06-09,"quantile",0.1,14.1113676656478
"19279",2021-05-15,"25","25  day ahead inc hosp",2021-06-09,"quantile",0.15,16.464629474253
"19280",2021-05-15,"25","25  day ahead inc hosp",2021-06-09,"quantile",0.2,18.5355281501698
"19281",2021-05-15,"25","25  day ahead inc hosp",2021-06-09,"quantile",0.25,20.4627580753036
"19282",2021-05-15,"25","25  day ahead inc hosp",2021-06-09,"quantile",0.3,22.3181320091092
"19283",2021-05-15,"25","25  day ahead inc hosp",2021-06-09,"quantile",0.35,24.1474507765954
"19284",2021-05-15,"25","25  day ahead inc hosp",2021-06-09,"quantile",0.4,25.9851398514124
"19285",2021-05-15,"25","25  day ahead inc hosp",2021-06-09,"quantile",0.45,27.8610706345262
"19286",2021-05-15,"25","25  day ahead inc hosp",2021-06-09,"quantile",0.5,29.8046642996572
"19287",2021-05-15,"25","25  day ahead inc hosp",2021-06-09,"quantile",0.55,31.8482162385744
"19288",2021-05-15,"25","25  day ahead inc hosp",2021-06-09,"quantile",0.6,34.0305471088582
"19289",2021-05-15,"25","25  day ahead inc hosp",2021-06-09,"quantile",0.65,36.4020976607709
"19290",2021-05-15,"25","25  day ahead inc hosp",2021-06-09,"quantile",0.7,39.0332980799178
"19291",2021-05-15,"25","25  day ahead inc hosp",2021-06-09,"quantile",0.75,42.0301253200376
"19292",2021-05-15,"25","25  day ahead inc hosp",2021-06-09,"quantile",0.8,45.5667848882202
"19293",2021-05-15,"25","25  day ahead inc hosp",2021-06-09,"quantile",0.85,49.9657580366485
"19294",2021-05-15,"25","25  day ahead inc hosp",2021-06-09,"quantile",0.9,55.944348570685
"19295",2021-05-15,"25","25  day ahead inc hosp",2021-06-09,"quantile",0.95,65.7727728348725
"19296",2021-05-15,"25","25  day ahead inc hosp",2021-06-09,"quantile",0.975,75.2992580472386
"19297",2021-05-15,"25","25  day ahead inc hosp",2021-06-09,"quantile",0.99,87.6367405771973
"19298",2021-05-15,"25","26  day ahead inc hosp",2021-06-10,"quantile",0.01,6.41821190257471
"19299",2021-05-15,"25","26  day ahead inc hosp",2021-06-10,"quantile",0.025,8.51233772597849
"19300",2021-05-15,"25","26  day ahead inc hosp",2021-06-10,"quantile",0.05,10.6908343539167
"19301",2021-05-15,"25","26  day ahead inc hosp",2021-06-10,"quantile",0.1,13.6937886945885
"19302",2021-05-15,"25","26  day ahead inc hosp",2021-06-10,"quantile",0.15,16.0500251511521
"19303",2021-05-15,"25","26  day ahead inc hosp",2021-06-10,"quantile",0.2,18.1296417151019
"19304",2021-05-15,"25","26  day ahead inc hosp",2021-06-10,"quantile",0.25,20.0693922993828
"19305",2021-05-15,"25","26  day ahead inc hosp",2021-06-10,"quantile",0.3,21.9403637058451
"19306",2021-05-15,"25","26  day ahead inc hosp",2021-06-10,"quantile",0.35,23.7881138175317
"19307",2021-05-15,"25","26  day ahead inc hosp",2021-06-10,"quantile",0.4,25.6470849678801
"19308",2021-05-15,"25","26  day ahead inc hosp",2021-06-10,"quantile",0.45,27.5473508871539
"19309",2021-05-15,"25","26  day ahead inc hosp",2021-06-10,"quantile",0.5,29.5187078029895
"19310",2021-05-15,"25","26  day ahead inc hosp",2021-06-10,"quantile",0.55,31.5940248282208
"19311",2021-05-15,"25","26  day ahead inc hosp",2021-06-10,"quantile",0.6,33.8129606031445
"19312",2021-05-15,"25","26  day ahead inc hosp",2021-06-10,"quantile",0.65,36.2271825524456
"19313",2021-05-15,"25","26  day ahead inc hosp",2021-06-10,"quantile",0.7,38.9089678841484
"19314",2021-05-15,"25","26  day ahead inc hosp",2021-06-10,"quantile",0.75,41.9672157810829
"19315",2021-05-15,"25","26  day ahead inc hosp",2021-06-10,"quantile",0.8,45.581112524905
"19316",2021-05-15,"25","26  day ahead inc hosp",2021-06-10,"quantile",0.85,50.0826370911534
"19317",2021-05-15,"25","26  day ahead inc hosp",2021-06-10,"quantile",0.9,56.2108355999976
"19318",2021-05-15,"25","26  day ahead inc hosp",2021-06-10,"quantile",0.95,66.3071874825386
"19319",2021-05-15,"25","26  day ahead inc hosp",2021-06-10,"quantile",0.975,76.1153786474111
"19320",2021-05-15,"25","26  day ahead inc hosp",2021-06-10,"quantile",0.99,88.8444441971406
"19321",2021-05-15,"25","27  day ahead inc hosp",2021-06-11,"quantile",0.01,6.16763728486826
"19322",2021-05-15,"25","27  day ahead inc hosp",2021-06-11,"quantile",0.025,8.25059440558295
"19323",2021-05-15,"25","27  day ahead inc hosp",2021-06-11,"quantile",0.05,10.4296013339939
"19324",2021-05-15,"25","27  day ahead inc hosp",2021-06-11,"quantile",0.1,13.4481217006562
"19325",2021-05-15,"25","27  day ahead inc hosp",2021-06-11,"quantile",0.15,15.8258838758982
"19326",2021-05-15,"25","27  day ahead inc hosp",2021-06-11,"quantile",0.2,17.9299923324682
"19327",2021-05-15,"25","27  day ahead inc hosp",2021-06-11,"quantile",0.25,19.8965582079907
"19328",2021-05-15,"25","27  day ahead inc hosp",2021-06-11,"quantile",0.3,21.796587605806
"19329",2021-05-15,"25","27  day ahead inc hosp",2021-06-11,"quantile",0.35,23.6757872782757
"19330",2021-05-15,"25","27  day ahead inc hosp",2021-06-11,"quantile",0.4,25.5688937218233
"19331",2021-05-15,"25","27  day ahead inc hosp",2021-06-11,"quantile",0.45,27.506407824267
"19332",2021-05-15,"25","27  day ahead inc hosp",2021-06-11,"quantile",0.5,29.518707776631
"19333",2021-05-15,"25","27  day ahead inc hosp",2021-06-11,"quantile",0.55,31.6394503430134
"19334",2021-05-15,"25","27  day ahead inc hosp",2021-06-11,"quantile",0.6,33.9093774112536
"19335",2021-05-15,"25","27  day ahead inc hosp",2021-06-11,"quantile",0.65,36.3816909216675
"19336",2021-05-15,"25","27  day ahead inc hosp",2021-06-11,"quantile",0.7,39.1309346674631
"19337",2021-05-15,"25","27  day ahead inc hosp",2021-06-11,"quantile",0.75,42.2695508472595
"19338",2021-05-15,"25","27  day ahead inc hosp",2021-06-11,"quantile",0.8,45.9827145955495
"19339",2021-05-15,"25","27  day ahead inc hosp",2021-06-11,"quantile",0.85,50.6137505574042
"19340",2021-05-15,"25","27  day ahead inc hosp",2021-06-11,"quantile",0.9,56.9275197790161
"19341",2021-05-15,"25","27  day ahead inc hosp",2021-06-11,"quantile",0.95,67.3495113452297
"19342",2021-05-15,"25","27  day ahead inc hosp",2021-06-11,"quantile",0.975,77.4939900746878
"19343",2021-05-15,"25","27  day ahead inc hosp",2021-06-11,"quantile",0.99,90.683743178114
"19344",2021-05-15,"25","28  day ahead inc hosp",2021-06-12,"quantile",0.01,5.74873218221501
"19345",2021-05-15,"25","28  day ahead inc hosp",2021-06-12,"quantile",0.025,7.77377231588382
"19346",2021-05-15,"25","28  day ahead inc hosp",2021-06-12,"quantile",0.05,9.90707944990814
"19347",2021-05-15,"25","28  day ahead inc hosp",2021-06-12,"quantile",0.1,12.8805825517988
"19348",2021-05-15,"25","28  day ahead inc hosp",2021-06-12,"quantile",0.15,15.2343591353861
"19349",2021-05-15,"25","28  day ahead inc hosp",2021-06-12,"quantile",0.2,17.3240196406494
"19350",2021-05-15,"25","28  day ahead inc hosp",2021-06-12,"quantile",0.25,19.2819850294502
"19351",2021-05-15,"25","28  day ahead inc hosp",2021-06-12,"quantile",0.3,21.1776513724758
"19352",2021-05-15,"25","28  day ahead inc hosp",2021-06-12,"quantile",0.35,23.0559392356362
"19353",2021-05-15,"25","28  day ahead inc hosp",2021-06-12,"quantile",0.4,24.9512140468075
"19354",2021-05-15,"25","28  day ahead inc hosp",2021-06-12,"quantile",0.45,26.8938625894581
"19355",2021-05-15,"25","28  day ahead inc hosp",2021-06-12,"quantile",0.5,28.9143459904406
"19356",2021-05-15,"25","28  day ahead inc hosp",2021-06-12,"quantile",0.55,31.0465926060127
"19357",2021-05-15,"25","28  day ahead inc hosp",2021-06-12,"quantile",0.6,33.3318365731029
"19358",2021-05-15,"25","28  day ahead inc hosp",2021-06-12,"quantile",0.65,35.8240740308582
"19359",2021-05-15,"25","28  day ahead inc hosp",2021-06-12,"quantile",0.7,38.5991089412563
"19360",2021-05-15,"25","28  day ahead inc hosp",2021-06-12,"quantile",0.75,41.7714418609204
"19361",2021-05-15,"25","28  day ahead inc hosp",2021-06-12,"quantile",0.8,45.5298341487937
"19362",2021-05-15,"25","28  day ahead inc hosp",2021-06-12,"quantile",0.85,50.2245696719566
"19363",2021-05-15,"25","28  day ahead inc hosp",2021-06-12,"quantile",0.9,56.636707252274
"19364",2021-05-15,"25","28  day ahead inc hosp",2021-06-12,"quantile",0.95,67.2458751434515
"19365",2021-05-15,"25","28  day ahead inc hosp",2021-06-12,"quantile",0.975,77.5974117862244
"19366",2021-05-15,"25","28  day ahead inc hosp",2021-06-12,"quantile",0.99,91.086649458552
"19367",2021-05-15,"25","29  day ahead inc hosp",2021-06-13,"quantile",0.01,4.99333949845048
"19368",2021-05-15,"25","29  day ahead inc hosp",2021-06-13,"quantile",0.025,6.88682730179689
"19369",2021-05-15,"25","29  day ahead inc hosp",2021-06-13,"quantile",0.05,8.90711658899568
"19370",2021-05-15,"25","29  day ahead inc hosp",2021-06-13,"quantile",0.1,11.7546787256577
"19371",2021-05-15,"25","29  day ahead inc hosp",2021-06-13,"quantile",0.15,14.0286572521577
"19372",2021-05-15,"25","29  day ahead inc hosp",2021-06-13,"quantile",0.2,16.0592575011422
"19373",2021-05-15,"25","29  day ahead inc hosp",2021-06-13,"quantile",0.25,17.9704283623528
"19374",2021-05-15,"25","29  day ahead inc hosp",2021-06-13,"quantile",0.3,19.8276781584951
"19375",2021-05-15,"25","29  day ahead inc hosp",2021-06-13,"quantile",0.35,21.6738519820064
"19376",2021-05-15,"25","29  day ahead inc hosp",2021-06-13,"quantile",0.4,23.5421267999319
"19377",2021-05-15,"25","29  day ahead inc hosp",2021-06-13,"quantile",0.45,25.4622108212989
"19378",2021-05-15,"25","29  day ahead inc hosp",2021-06-13,"quantile",0.5,27.4642291006658
"19379",2021-05-15,"25","29  day ahead inc hosp",2021-06-13,"quantile",0.55,29.5820489562701
"19380",2021-05-15,"25","29  day ahead inc hosp",2021-06-13,"quantile",0.6,31.8571145016596
"19381",2021-05-15,"25","29  day ahead inc hosp",2021-06-13,"quantile",0.65,34.3439597050217
"19382",2021-05-15,"25","29  day ahead inc hosp",2021-06-13,"quantile",0.7,37.1193997066593
"19383",2021-05-15,"25","29  day ahead inc hosp",2021-06-13,"quantile",0.75,40.2997370950207
"19384",2021-05-15,"25","29  day ahead inc hosp",2021-06-13,"quantile",0.8,44.0770484067928
"19385",2021-05-15,"25","29  day ahead inc hosp",2021-06-13,"quantile",0.85,48.808317009693
"19386",2021-05-15,"25","29  day ahead inc hosp",2021-06-13,"quantile",0.9,55.2907727993328
"19387",2021-05-15,"25","29  day ahead inc hosp",2021-06-13,"quantile",0.95,66.0603298330404
"19388",2021-05-15,"25","29  day ahead inc hosp",2021-06-13,"quantile",0.975,76.6125985864965
"19389",2021-05-15,"25","29  day ahead inc hosp",2021-06-13,"quantile",0.99,90.4173710927246
"19390",2021-05-15,"25","30  day ahead inc hosp",2021-06-14,"quantile",0.01,4.80580915350321
"19391",2021-05-15,"25","30  day ahead inc hosp",2021-06-14,"quantile",0.025,6.69737369308838
"19392",2021-05-15,"25","30  day ahead inc hosp",2021-06-14,"quantile",0.05,8.72913425331122
"19393",2021-05-15,"25","30  day ahead inc hosp",2021-06-14,"quantile",0.1,11.6095681721497
"19394",2021-05-15,"25","30  day ahead inc hosp",2021-06-14,"quantile",0.15,13.9203018296321
"19395",2021-05-15,"25","30  day ahead inc hosp",2021-06-14,"quantile",0.2,15.9899381025126
"19396",2021-05-15,"25","30  day ahead inc hosp",2021-06-14,"quantile",0.25,17.9423525317916
"19397",2021-05-15,"25","30  day ahead inc hosp",2021-06-14,"quantile",0.3,19.843312444364
"19398",2021-05-15,"25","30  day ahead inc hosp",2021-06-14,"quantile",0.35,21.7360706157463
"19399",2021-05-15,"25","30  day ahead inc hosp",2021-06-14,"quantile",0.4,23.6543344153839
"19400",2021-05-15,"25","30  day ahead inc hosp",2021-06-14,"quantile",0.45,25.6284854556206
"19401",2021-05-15,"25","30  day ahead inc hosp",2021-06-14,"quantile",0.5,27.6895132601024
"19402",2021-05-15,"25","30  day ahead inc hosp",2021-06-14,"quantile",0.55,29.8724207966112
"19403",2021-05-15,"25","30  day ahead inc hosp",2021-06-14,"quantile",0.6,32.2201894211314
"19404",2021-05-15,"25","30  day ahead inc hosp",2021-06-14,"quantile",0.65,34.7895117871874
"19405",2021-05-15,"25","30  day ahead inc hosp",2021-06-14,"quantile",0.7,37.6603759985108
"19406",2021-05-15,"25","30  day ahead inc hosp",2021-06-14,"quantile",0.75,40.9540308291659
"19407",2021-05-15,"25","30  day ahead inc hosp",2021-06-14,"quantile",0.8,44.8709005758544
"19408",2021-05-15,"25","30  day ahead inc hosp",2021-06-14,"quantile",0.85,49.7837695377341
"19409",2021-05-15,"25","30  day ahead inc hosp",2021-06-14,"quantile",0.9,56.5258025906945
"19410",2021-05-15,"25","30  day ahead inc hosp",2021-06-14,"quantile",0.95,67.7498280872055
"19411",2021-05-15,"25","30  day ahead inc hosp",2021-06-14,"quantile",0.975,78.7707176191613
"19412",2021-05-15,"25","30  day ahead inc hosp",2021-06-14,"quantile",0.99,93.2169981341646
"19413",2021-05-15,"25","31  day ahead inc hosp",2021-06-15,"quantile",0.01,4.70204928962428
"19414",2021-05-15,"25","31  day ahead inc hosp",2021-06-15,"quantile",0.025,6.60923406910848
"19415",2021-05-15,"25","31  day ahead inc hosp",2021-06-15,"quantile",0.05,8.66907904023325
"19416",2021-05-15,"25","31  day ahead inc hosp",2021-06-15,"quantile",0.1,11.603309067285
"19417",2021-05-15,"25","31  day ahead inc hosp",2021-06-15,"quantile",0.15,13.9659934835901
"19418",2021-05-15,"25","31  day ahead inc hosp",2021-06-15,"quantile",0.2,16.0873639493568
"19419",2021-05-15,"25","31  day ahead inc hosp",2021-06-15,"quantile",0.25,18.0923543189478
"19420",2021-05-15,"25","31  day ahead inc hosp",2021-06-15,"quantile",0.3,20.0475458736001
"19421",2021-05-15,"25","31  day ahead inc hosp",2021-06-15,"quantile",0.35,21.9969287482729
"19422",2021-05-15,"25","31  day ahead inc hosp",2021-06-15,"quantile",0.4,23.9749666329743
"19423",2021-05-15,"25","31  day ahead inc hosp",2021-06-15,"quantile",0.45,26.0128900538845
"19424",2021-05-15,"25","31  day ahead inc hosp",2021-06-15,"quantile",0.5,28.1427066968669
"19425",2021-05-15,"25","31  day ahead inc hosp",2021-06-15,"quantile",0.55,30.4007062515456
"19426",2021-05-15,"25","31  day ahead inc hosp",2021-06-15,"quantile",0.6,32.8315728035065
"19427",2021-05-15,"25","31  day ahead inc hosp",2021-06-15,"quantile",0.65,35.4943577855927
"19428",2021-05-15,"25","31  day ahead inc hosp",2021-06-15,"quantile",0.7,38.472487179294
"19429",2021-05-15,"25","31  day ahead inc hosp",2021-06-15,"quantile",0.75,41.8925392294343
"19430",2021-05-15,"25","31  day ahead inc hosp",2021-06-15,"quantile",0.8,45.9638971851629
"19431",2021-05-15,"25","31  day ahead inc hosp",2021-06-15,"quantile",0.85,51.0762484268397
"19432",2021-05-15,"25","31  day ahead inc hosp",2021-06-15,"quantile",0.9,58.1010799374335
"19433",2021-05-15,"25","31  day ahead inc hosp",2021-06-15,"quantile",0.95,69.8154350563447
"19434",2021-05-15,"25","31  day ahead inc hosp",2021-06-15,"quantile",0.975,81.3374014833022
"19435",2021-05-15,"25","31  day ahead inc hosp",2021-06-15,"quantile",0.99,96.4644396978273
"19436",2021-05-15,"25","32  day ahead inc hosp",2021-06-16,"quantile",0.01,4.51406208104093
"19437",2021-05-15,"25","32  day ahead inc hosp",2021-06-16,"quantile",0.025,6.40959466819637
"19438",2021-05-15,"25","32  day ahead inc hosp",2021-06-16,"quantile",0.05,8.47017048290374
"19439",2021-05-15,"25","32  day ahead inc hosp",2021-06-16,"quantile",0.1,11.4219424341087
"19440",2021-05-15,"25","32  day ahead inc hosp",2021-06-16,"quantile",0.15,13.809143633097
"19441",2021-05-15,"25","32  day ahead inc hosp",2021-06-16,"quantile",0.2,15.9586812310373
"19442",2021-05-15,"25","32  day ahead inc hosp",2021-06-16,"quantile",0.25,17.9947575473683
"19443",2021-05-15,"25","32  day ahead inc hosp",2021-06-16,"quantile",0.3,19.9838645849065
"19444",2021-05-15,"25","32  day ahead inc hosp",2021-06-16,"quantile",0.35,21.9701749404556
"19445",2021-05-15,"25","32  day ahead inc hosp",2021-06-16,"quantile",0.4,23.9885120881271
"19446",2021-05-15,"25","32  day ahead inc hosp",2021-06-16,"quantile",0.45,26.0706315050254
"19447",2021-05-15,"25","32  day ahead inc hosp",2021-06-16,"quantile",0.5,28.2492593206272
"19448",2021-05-15,"25","32  day ahead inc hosp",2021-06-16,"quantile",0.55,30.5616612081307
"19449",2021-05-15,"25","32  day ahead inc hosp",2021-06-16,"quantile",0.6,33.0538675707559
"19450",2021-05-15,"25","32  day ahead inc hosp",2021-06-16,"quantile",0.65,35.7868418726736
"19451",2021-05-15,"25","32  day ahead inc hosp",2021-06-16,"quantile",0.7,38.8468406882445
"19452",2021-05-15,"25","32  day ahead inc hosp",2021-06-16,"quantile",0.75,42.364876416381
"19453",2021-05-15,"25","32  day ahead inc hosp",2021-06-16,"quantile",0.8,46.5578438792189
"19454",2021-05-15,"25","32  day ahead inc hosp",2021-06-16,"quantile",0.85,51.8296949838941
"19455",2021-05-15,"25","32  day ahead inc hosp",2021-06-16,"quantile",0.9,59.0844657653109
"19456",2021-05-15,"25","32  day ahead inc hosp",2021-06-16,"quantile",0.95,71.2055409655147
"19457",2021-05-15,"25","32  day ahead inc hosp",2021-06-16,"quantile",0.975,83.1509517676595
"19458",2021-05-15,"25","32  day ahead inc hosp",2021-06-16,"quantile",0.99,98.8625019141171
"19459",2021-05-15,"25","33  day ahead inc hosp",2021-06-17,"quantile",0.01,4.2318894659794
"19460",2021-05-15,"25","33  day ahead inc hosp",2021-06-17,"quantile",0.025,6.08285356493556
"19461",2021-05-15,"25","33  day ahead inc hosp",2021-06-17,"quantile",0.05,8.11074325079273
"19462",2021-05-15,"25","33  day ahead inc hosp",2021-06-17,"quantile",0.1,11.0352772808579
"19463",2021-05-15,"25","33  day ahead inc hosp",2021-06-17,"quantile",0.15,13.4128017177305
"19464",2021-05-15,"25","33  day ahead inc hosp",2021-06-17,"quantile",0.2,15.5609489348479
"19465",2021-05-15,"25","33  day ahead inc hosp",2021-06-17,"quantile",0.25,17.6010246687886
"19466",2021-05-15,"25","33  day ahead inc hosp",2021-06-17,"quantile",0.3,19.5983313695644
"19467",2021-05-15,"25","33  day ahead inc hosp",2021-06-17,"quantile",0.35,21.5965421780043
"19468",2021-05-15,"25","33  day ahead inc hosp",2021-06-17,"quantile",0.4,23.6303475574421
"19469",2021-05-15,"25","33  day ahead inc hosp",2021-06-17,"quantile",0.45,25.7316199643613
"19470",2021-05-15,"25","33  day ahead inc hosp",2021-06-17,"quantile",0.5,27.9334212291649
"19471",2021-05-15,"25","33  day ahead inc hosp",2021-06-17,"quantile",0.55,30.2735910128389
"19472",2021-05-15,"25","33  day ahead inc hosp",2021-06-17,"quantile",0.6,32.7990399475034
"19473",2021-05-15,"25","33  day ahead inc hosp",2021-06-17,"quantile",0.65,35.5720544433946
"19474",2021-05-15,"25","33  day ahead inc hosp",2021-06-17,"quantile",0.7,38.6809160034887
"19475",2021-05-15,"25","33  day ahead inc hosp",2021-06-17,"quantile",0.75,42.2598780528006
"19476",2021-05-15,"25","33  day ahead inc hosp",2021-06-17,"quantile",0.8,46.5314114215512
"19477",2021-05-15,"25","33  day ahead inc hosp",2021-06-17,"quantile",0.85,51.9101933174814
"19478",2021-05-15,"25","33  day ahead inc hosp",2021-06-17,"quantile",0.9,59.3250409981437
"19479",2021-05-15,"25","33  day ahead inc hosp",2021-06-17,"quantile",0.95,71.7415335969345
"19480",2021-05-15,"25","33  day ahead inc hosp",2021-06-17,"quantile",0.975,84.006214135847
"19481",2021-05-15,"25","33  day ahead inc hosp",2021-06-17,"quantile",0.99,100.172074655842
"19482",2021-05-15,"25","34  day ahead inc hosp",2021-06-18,"quantile",0.01,4.08145361722204
"19483",2021-05-15,"25","34  day ahead inc hosp",2021-06-18,"quantile",0.025,5.92461978065837
"19484",2021-05-15,"25","34  day ahead inc hosp",2021-06-18,"quantile",0.05,7.95664954503306
"19485",2021-05-15,"25","34  day ahead inc hosp",2021-06-18,"quantile",0.1,10.9029311766462
"19486",2021-05-15,"25","34  day ahead inc hosp",2021-06-18,"quantile",0.15,13.3080870407544
"19487",2021-05-15,"25","34  day ahead inc hosp",2021-06-18,"quantile",0.2,15.4871006702978
"19488",2021-05-15,"25","34  day ahead inc hosp",2021-06-18,"quantile",0.25,17.5607748798433
"19489",2021-05-15,"25","34  day ahead inc hosp",2021-06-18,"quantile",0.3,19.5944362529652
"19490",2021-05-15,"25","34  day ahead inc hosp",2021-06-18,"quantile",0.35,21.6320117830131
"19491",2021-05-15,"25","34  day ahead inc hosp",2021-06-18,"quantile",0.4,23.7086060797283
"19492",2021-05-15,"25","34  day ahead inc hosp",2021-06-18,"quantile",0.45,25.8566652869249
"19493",2021-05-15,"25","34  day ahead inc hosp",2021-06-18,"quantile",0.5,28.1100197537947
"19494",2021-05-15,"25","34  day ahead inc hosp",2021-06-18,"quantile",0.55,30.5075424870567
"19495",2021-05-15,"25","34  day ahead inc hosp",2021-06-18,"quantile",0.6,33.0975620452741
"19496",2021-05-15,"25","34  day ahead inc hosp",2021-06-18,"quantile",0.65,35.9443729134558
"19497",2021-05-15,"25","34  day ahead inc hosp",2021-06-18,"quantile",0.7,39.1392249210931
"19498",2021-05-15,"25","34  day ahead inc hosp",2021-06-18,"quantile",0.75,42.8210178256893
"19499",2021-05-15,"25","34  day ahead inc hosp",2021-06-18,"quantile",0.8,47.2200906787422
"19500",2021-05-15,"25","34  day ahead inc hosp",2021-06-18,"quantile",0.85,52.7660609346656
"19501",2021-05-15,"25","34  day ahead inc hosp",2021-06-18,"quantile",0.9,60.4218389457852
"19502",2021-05-15,"25","34  day ahead inc hosp",2021-06-18,"quantile",0.95,73.2644149176415
"19503",2021-05-15,"25","34  day ahead inc hosp",2021-06-18,"quantile",0.975,85.9727478722422
"19504",2021-05-15,"25","34  day ahead inc hosp",2021-06-18,"quantile",0.99,102.75122715923
"19505",2021-05-15,"25","35  day ahead inc hosp",2021-06-19,"quantile",0.01,3.729396466221
"19506",2021-05-15,"25","35  day ahead inc hosp",2021-06-19,"quantile",0.025,5.49425791752825
"19507",2021-05-15,"25","35  day ahead inc hosp",2021-06-19,"quantile",0.05,7.45830762372213
"19508",2021-05-15,"25","35  day ahead inc hosp",2021-06-19,"quantile",0.1,10.3289314847049
"19509",2021-05-15,"25","35  day ahead inc hosp",2021-06-19,"quantile",0.15,12.6868069031304
"19510",2021-05-15,"25","35  day ahead inc hosp",2021-06-19,"quantile",0.2,14.8315873258691
"19511",2021-05-15,"25","35  day ahead inc hosp",2021-06-19,"quantile",0.25,16.8789376156878
"19512",2021-05-15,"25","35  day ahead inc hosp",2021-06-19,"quantile",0.3,18.8918395351424
"19513",2021-05-15,"25","35  day ahead inc hosp",2021-06-19,"quantile",0.35,20.9129939122026
"19514",2021-05-15,"25","35  day ahead inc hosp",2021-06-19,"quantile",0.4,22.9768383914773
"19515",2021-05-15,"25","35  day ahead inc hosp",2021-06-19,"quantile",0.45,25.1154861282723
"19516",2021-05-15,"25","35  day ahead inc hosp",2021-06-19,"quantile",0.5,27.3626737037288
"19517",2021-05-15,"25","35  day ahead inc hosp",2021-06-19,"quantile",0.55,29.7573902993707
"19518",2021-05-15,"25","35  day ahead inc hosp",2021-06-19,"quantile",0.6,32.3483077785623
"19519",2021-05-15,"25","35  day ahead inc hosp",2021-06-19,"quantile",0.65,35.2003594379828
"19520",2021-05-15,"25","35  day ahead inc hosp",2021-06-19,"quantile",0.7,38.4058793465596
"19521",2021-05-15,"25","35  day ahead inc hosp",2021-06-19,"quantile",0.75,42.1056104672608
"19522",2021-05-15,"25","35  day ahead inc hosp",2021-06-19,"quantile",0.8,46.5331954962992
"19523",2021-05-15,"25","35  day ahead inc hosp",2021-06-19,"quantile",0.85,52.1248168175369
"19524",2021-05-15,"25","35  day ahead inc hosp",2021-06-19,"quantile",0.9,59.8590275596248
"19525",2021-05-15,"25","35  day ahead inc hosp",2021-06-19,"quantile",0.95,72.8665888732792
"19526",2021-05-15,"25","35  day ahead inc hosp",2021-06-19,"quantile",0.975,85.7718435637901
"19527",2021-05-15,"25","35  day ahead inc hosp",2021-06-19,"quantile",0.99,102.851511629572
"19528",2021-05-15,"25","36  day ahead inc hosp",2021-06-20,"quantile",0.01,2.94779638627437
"19529",2021-05-15,"25","36  day ahead inc hosp",2021-06-20,"quantile",0.025,4.47153089735272
"19530",2021-05-15,"25","36  day ahead inc hosp",2021-06-20,"quantile",0.05,6.19878538810253
"19531",2021-05-15,"25","36  day ahead inc hosp",2021-06-20,"quantile",0.1,8.76302473574648
"19532",2021-05-15,"25","36  day ahead inc hosp",2021-06-20,"quantile",0.15,10.8944813380373
"19533",2021-05-15,"25","36  day ahead inc hosp",2021-06-20,"quantile",0.2,12.848359062938
"19534",2021-05-15,"25","36  day ahead inc hosp",2021-06-20,"quantile",0.25,14.7244566446482
"19535",2021-05-15,"25","36  day ahead inc hosp",2021-06-20,"quantile",0.3,16.5778841088499
"19536",2021-05-15,"25","36  day ahead inc hosp",2021-06-20,"quantile",0.35,18.4466294344309
"19537",2021-05-15,"25","36  day ahead inc hosp",2021-06-20,"quantile",0.4,20.3618858046365
"19538",2021-05-15,"25","36  day ahead inc hosp",2021-06-20,"quantile",0.45,22.3532424833231
"19539",2021-05-15,"25","36  day ahead inc hosp",2021-06-20,"quantile",0.5,24.452230455573
"19540",2021-05-15,"25","36  day ahead inc hosp",2021-06-20,"quantile",0.55,26.6956820484107
"19541",2021-05-15,"25","36  day ahead inc hosp",2021-06-20,"quantile",0.6,29.1299239837034
"19542",2021-05-15,"25","36  day ahead inc hosp",2021-06-20,"quantile",0.65,31.8170788687582
"19543",2021-05-15,"25","36  day ahead inc hosp",2021-06-20,"quantile",0.7,34.8457949040829
"19544",2021-05-15,"25","36  day ahead inc hosp",2021-06-20,"quantile",0.75,38.3515359384086
"19545",2021-05-15,"25","36  day ahead inc hosp",2021-06-20,"quantile",0.8,42.5596188338845
"19546",2021-05-15,"25","36  day ahead inc hosp",2021-06-20,"quantile",0.85,47.8914030285754
"19547",2021-05-15,"25","36  day ahead inc hosp",2021-06-20,"quantile",0.9,55.2938581399642
"19548",2021-05-15,"25","36  day ahead inc hosp",2021-06-20,"quantile",0.95,67.8035385150803
"19549",2021-05-15,"25","36  day ahead inc hosp",2021-06-20,"quantile",0.975,80.2754755385057
"19550",2021-05-15,"25","36  day ahead inc hosp",2021-06-20,"quantile",0.99,96.8560611419291
"19551",2021-05-15,"25","37  day ahead inc hosp",2021-06-21,"quantile",0.01,2.91953052786517
"19552",2021-05-15,"25","37  day ahead inc hosp",2021-06-21,"quantile",0.025,4.46312293111286
"19553",2021-05-15,"25","37  day ahead inc hosp",2021-06-21,"quantile",0.05,6.22142704452343
"19554",2021-05-15,"25","37  day ahead inc hosp",2021-06-21,"quantile",0.1,8.84247214031584
"19555",2021-05-15,"25","37  day ahead inc hosp",2021-06-21,"quantile",0.15,11.0279238600995
"19556",2021-05-15,"25","37  day ahead inc hosp",2021-06-21,"quantile",0.2,13.0353263813388
"19557",2021-05-15,"25","37  day ahead inc hosp",2021-06-21,"quantile",0.25,14.9657499856946
"19558",2021-05-15,"25","37  day ahead inc hosp",2021-06-21,"quantile",0.3,16.875219931017
"19559",2021-05-15,"25","37  day ahead inc hosp",2021-06-21,"quantile",0.35,18.8025276096134
"19560",2021-05-15,"25","37  day ahead inc hosp",2021-06-21,"quantile",0.4,20.7796780482358
"19561",2021-05-15,"25","37  day ahead inc hosp",2021-06-21,"quantile",0.45,22.837165783744
"19562",2021-05-15,"25","37  day ahead inc hosp",2021-06-21,"quantile",0.5,25.0076049225346
"19563",2021-05-15,"25","37  day ahead inc hosp",2021-06-21,"quantile",0.55,27.3291959598219
"19564",2021-05-15,"25","37  day ahead inc hosp",2021-06-21,"quantile",0.6,29.8500769124644
"19565",2021-05-15,"25","37  day ahead inc hosp",2021-06-21,"quantile",0.65,32.6348817228247
"19566",2021-05-15,"25","37  day ahead inc hosp",2021-06-21,"quantile",0.7,35.7759227892154
"19567",2021-05-15,"25","37  day ahead inc hosp",2021-06-21,"quantile",0.75,39.4143513416355
"19568",2021-05-15,"25","37  day ahead inc hosp",2021-06-21,"quantile",0.8,43.7850583304657
"19569",2021-05-15,"25","37  day ahead inc hosp",2021-06-21,"quantile",0.85,49.3274965346168
"19570",2021-05-15,"25","37  day ahead inc hosp",2021-06-21,"quantile",0.9,57.0297394785955
"19571",2021-05-15,"25","37  day ahead inc hosp",2021-06-21,"quantile",0.95,70.0619542416575
"19572",2021-05-15,"25","37  day ahead inc hosp",2021-06-21,"quantile",0.975,83.0708980450789
"19573",2021-05-15,"25","37  day ahead inc hosp",2021-06-21,"quantile",0.99,100.385068385596
"19574",2021-05-15,"26","1  day ahead inc hosp",2021-05-16,"quantile",0.01,104.562644649707
"19575",2021-05-15,"26","1  day ahead inc hosp",2021-05-16,"quantile",0.025,116.478495378251
"19576",2021-05-15,"26","1  day ahead inc hosp",2021-05-16,"quantile",0.05,127.517116881594
"19577",2021-05-15,"26","1  day ahead inc hosp",2021-05-16,"quantile",0.1,141.197560074076
"19578",2021-05-15,"26","1  day ahead inc hosp",2021-05-16,"quantile",0.15,151.030179972482
"19579",2021-05-15,"26","1  day ahead inc hosp",2021-05-16,"quantile",0.2,159.204048115299
"19580",2021-05-15,"26","1  day ahead inc hosp",2021-05-16,"quantile",0.25,166.47708157696
"19581",2021-05-15,"26","1  day ahead inc hosp",2021-05-16,"quantile",0.3,173.218319269922
"19582",2021-05-15,"26","1  day ahead inc hosp",2021-05-16,"quantile",0.35,179.645926049124
"19583",2021-05-15,"26","1  day ahead inc hosp",2021-05-16,"quantile",0.4,185.908935639915
"19584",2021-05-15,"26","1  day ahead inc hosp",2021-05-16,"quantile",0.45,192.122966098476
"19585",2021-05-15,"26","1  day ahead inc hosp",2021-05-16,"quantile",0.5,198.389299734996
"19586",2021-05-15,"26","1  day ahead inc hosp",2021-05-16,"quantile",0.55,204.807686002842
"19587",2021-05-15,"26","1  day ahead inc hosp",2021-05-16,"quantile",0.6,211.487732277
"19588",2021-05-15,"26","1  day ahead inc hosp",2021-05-16,"quantile",0.65,218.56246757334
"19589",2021-05-15,"26","1  day ahead inc hosp",2021-05-16,"quantile",0.7,226.208735294919
"19590",2021-05-15,"26","1  day ahead inc hosp",2021-05-16,"quantile",0.75,234.683491673067
"19591",2021-05-15,"26","1  day ahead inc hosp",2021-05-16,"quantile",0.8,244.398356050599
"19592",2021-05-15,"26","1  day ahead inc hosp",2021-05-16,"quantile",0.85,256.099437429478
"19593",2021-05-15,"26","1  day ahead inc hosp",2021-05-16,"quantile",0.9,271.413143315293
"19594",2021-05-15,"26","1  day ahead inc hosp",2021-05-16,"quantile",0.95,295.360957975237
"19595",2021-05-15,"26","1  day ahead inc hosp",2021-05-16,"quantile",0.975,317.385700748056
"19596",2021-05-15,"26","1  day ahead inc hosp",2021-05-16,"quantile",0.99,344.517767904181
"19597",2021-05-15,"26","2  day ahead inc hosp",2021-05-17,"quantile",0.01,81.9967249473155
"19598",2021-05-15,"26","2  day ahead inc hosp",2021-05-17,"quantile",0.025,94.875939072763
"19599",2021-05-15,"26","2  day ahead inc hosp",2021-05-17,"quantile",0.05,107.117253747595
"19600",2021-05-15,"26","2  day ahead inc hosp",2021-05-17,"quantile",0.1,122.659892870149
"19601",2021-05-15,"26","2  day ahead inc hosp",2021-05-17,"quantile",0.15,134.062333543405
"19602",2021-05-15,"26","2  day ahead inc hosp",2021-05-17,"quantile",0.2,143.677187054349
"19603",2021-05-15,"26","2  day ahead inc hosp",2021-05-17,"quantile",0.25,152.330177227944
"19604",2021-05-15,"26","2  day ahead inc hosp",2021-05-17,"quantile",0.3,160.428691034119
"19605",2021-05-15,"26","2  day ahead inc hosp",2021-05-17,"quantile",0.35,168.217483946099
"19606",2021-05-15,"26","2  day ahead inc hosp",2021-05-17,"quantile",0.4,175.867294490756
"19607",2021-05-15,"26","2  day ahead inc hosp",2021-05-17,"quantile",0.45,183.514070444301
"19608",2021-05-15,"26","2  day ahead inc hosp",2021-05-17,"quantile",0.5,191.280440729908
"19609",2021-05-15,"26","2  day ahead inc hosp",2021-05-17,"quantile",0.55,199.290747737476
"19610",2021-05-15,"26","2  day ahead inc hosp",2021-05-17,"quantile",0.6,207.685170309881
"19611",2021-05-15,"26","2  day ahead inc hosp",2021-05-17,"quantile",0.65,216.637340104891
"19612",2021-05-15,"26","2  day ahead inc hosp",2021-05-17,"quantile",0.7,226.381576838733
"19613",2021-05-15,"26","2  day ahead inc hosp",2021-05-17,"quantile",0.75,237.26204809693
"19614",2021-05-15,"26","2  day ahead inc hosp",2021-05-17,"quantile",0.8,249.834456666793
"19615",2021-05-15,"26","2  day ahead inc hosp",2021-05-17,"quantile",0.85,265.112456724483
"19616",2021-05-15,"26","2  day ahead inc hosp",2021-05-17,"quantile",0.9,285.318765298094
"19617",2021-05-15,"26","2  day ahead inc hosp",2021-05-17,"quantile",0.95,317.365102001246
"19618",2021-05-15,"26","2  day ahead inc hosp",2021-05-17,"quantile",0.975,347.282646985894
"19619",2021-05-15,"26","2  day ahead inc hosp",2021-05-17,"quantile",0.99,384.673400375767
"19620",2021-05-15,"26","3  day ahead inc hosp",2021-05-18,"quantile",0.01,78.4199036796118
"19621",2021-05-15,"26","3  day ahead inc hosp",2021-05-18,"quantile",0.025,91.0218739909549
"19622",2021-05-15,"26","3  day ahead inc hosp",2021-05-18,"quantile",0.05,103.024931150338
"19623",2021-05-15,"26","3  day ahead inc hosp",2021-05-18,"quantile",0.1,118.295093563627
"19624",2021-05-15,"26","3  day ahead inc hosp",2021-05-18,"quantile",0.15,129.516175782514
"19625",2021-05-15,"26","3  day ahead inc hosp",2021-05-18,"quantile",0.2,138.988913857731
"19626",2021-05-15,"26","3  day ahead inc hosp",2021-05-18,"quantile",0.25,147.521740959264
"19627",2021-05-15,"26","3  day ahead inc hosp",2021-05-18,"quantile",0.3,155.513956408299
"19628",2021-05-15,"26","3  day ahead inc hosp",2021-05-18,"quantile",0.35,163.205784924791
"19629",2021-05-15,"26","3  day ahead inc hosp",2021-05-18,"quantile",0.4,170.765099981288
"19630",2021-05-15,"26","3  day ahead inc hosp",2021-05-18,"quantile",0.45,178.325855879033
"19631",2021-05-15,"26","3  day ahead inc hosp",2021-05-18,"quantile",0.5,186.009169018737
"19632",2021-05-15,"26","3  day ahead inc hosp",2021-05-18,"quantile",0.55,193.938129232712
"19633",2021-05-15,"26","3  day ahead inc hosp",2021-05-18,"quantile",0.6,202.251775769517
"19634",2021-05-15,"26","3  day ahead inc hosp",2021-05-18,"quantile",0.65,211.122591806919
"19635",2021-05-15,"26","3  day ahead inc hosp",2021-05-18,"quantile",0.7,220.783606652962
"19636",2021-05-15,"26","3  day ahead inc hosp",2021-05-18,"quantile",0.75,231.577364839807
"19637",2021-05-15,"26","3  day ahead inc hosp",2021-05-18,"quantile",0.8,244.057271524322
"19638",2021-05-15,"26","3  day ahead inc hosp",2021-05-18,"quantile",0.85,259.233263995705
"19639",2021-05-15,"26","3  day ahead inc hosp",2021-05-18,"quantile",0.9,279.320893880653
"19640",2021-05-15,"26","3  day ahead inc hosp",2021-05-18,"quantile",0.95,311.213325657762
"19641",2021-05-15,"26","3  day ahead inc hosp",2021-05-18,"quantile",0.975,341.021150942374
"19642",2021-05-15,"26","3  day ahead inc hosp",2021-05-18,"quantile",0.99,378.315520285653
"19643",2021-05-15,"26","4  day ahead inc hosp",2021-05-19,"quantile",0.01,71.9238233630098
"19644",2021-05-15,"26","4  day ahead inc hosp",2021-05-19,"quantile",0.025,83.95097150849
"19645",2021-05-15,"26","4  day ahead inc hosp",2021-05-19,"quantile",0.05,95.4497362652216
"19646",2021-05-15,"26","4  day ahead inc hosp",2021-05-19,"quantile",0.1,110.129826282655
"19647",2021-05-15,"26","4  day ahead inc hosp",2021-05-19,"quantile",0.15,120.949114337229
"19648",2021-05-15,"26","4  day ahead inc hosp",2021-05-19,"quantile",0.2,130.101233952634
"19649",2021-05-15,"26","4  day ahead inc hosp",2021-05-19,"quantile",0.25,138.358554163863
"19650",2021-05-15,"26","4  day ahead inc hosp",2021-05-19,"quantile",0.3,146.103323764043
"19651",2021-05-15,"26","4  day ahead inc hosp",2021-05-19,"quantile",0.35,153.566076139325
"19652",2021-05-15,"26","4  day ahead inc hosp",2021-05-19,"quantile",0.4,160.908423032834
"19653",2021-05-15,"26","4  day ahead inc hosp",2021-05-19,"quantile",0.45,168.259819483046
"19654",2021-05-15,"26","4  day ahead inc hosp",2021-05-19,"quantile",0.5,175.737806906948
"19655",2021-05-15,"26","4  day ahead inc hosp",2021-05-19,"quantile",0.55,183.462326398078
"19656",2021-05-15,"26","4  day ahead inc hosp",2021-05-19,"quantile",0.6,191.569329434013
"19657",2021-05-15,"26","4  day ahead inc hosp",2021-05-19,"quantile",0.65,200.227920987915
"19658",2021-05-15,"26","4  day ahead inc hosp",2021-05-19,"quantile",0.7,209.667012316629
"19659",2021-05-15,"26","4  day ahead inc hosp",2021-05-19,"quantile",0.75,220.223562853982
"19660",2021-05-15,"26","4  day ahead inc hosp",2021-05-19,"quantile",0.8,232.442511058266
"19661",2021-05-15,"26","4  day ahead inc hosp",2021-05-19,"quantile",0.85,247.319161957385
"19662",2021-05-15,"26","4  day ahead inc hosp",2021-05-19,"quantile",0.9,267.038673665212
"19663",2021-05-15,"26","4  day ahead inc hosp",2021-05-19,"quantile",0.95,298.406117995316
"19664",2021-05-15,"26","4  day ahead inc hosp",2021-05-19,"quantile",0.975,327.782171999594
"19665",2021-05-15,"26","4  day ahead inc hosp",2021-05-19,"quantile",0.99,364.607056759583
"19666",2021-05-15,"26","5  day ahead inc hosp",2021-05-20,"quantile",0.01,68.8290396385076
"19667",2021-05-15,"26","5  day ahead inc hosp",2021-05-20,"quantile",0.025,80.7417699609379
"19668",2021-05-15,"26","5  day ahead inc hosp",2021-05-20,"quantile",0.05,92.1694584309533
"19669",2021-05-15,"26","5  day ahead inc hosp",2021-05-20,"quantile",0.1,106.804500078245
"19670",2021-05-15,"26","5  day ahead inc hosp",2021-05-20,"quantile",0.15,117.618832884095
"19671",2021-05-15,"26","5  day ahead inc hosp",2021-05-20,"quantile",0.2,126.783255212537
"19672",2021-05-15,"26","5  day ahead inc hosp",2021-05-20,"quantile",0.25,135.063489503733
"19673",2021-05-15,"26","5  day ahead inc hosp",2021-05-20,"quantile",0.3,142.839175212218
"19674",2021-05-15,"26","5  day ahead inc hosp",2021-05-20,"quantile",0.35,150.339779163991
"19675",2021-05-15,"26","5  day ahead inc hosp",2021-05-20,"quantile",0.4,157.726622950086
"19676",2021-05-15,"26","5  day ahead inc hosp",2021-05-20,"quantile",0.45,165.129374121571
"19677",2021-05-15,"26","5  day ahead inc hosp",2021-05-20,"quantile",0.5,172.666207116815
"19678",2021-05-15,"26","5  day ahead inc hosp",2021-05-20,"quantile",0.55,180.458140011218
"19679",2021-05-15,"26","5  day ahead inc hosp",2021-05-20,"quantile",0.6,188.642760971029
"19680",2021-05-15,"26","5  day ahead inc hosp",2021-05-20,"quantile",0.65,197.391611000112
"19681",2021-05-15,"26","5  day ahead inc hosp",2021-05-20,"quantile",0.7,206.93729309316
"19682",2021-05-15,"26","5  day ahead inc hosp",2021-05-20,"quantile",0.75,217.622614896595
"19683",2021-05-15,"26","5  day ahead inc hosp",2021-05-20,"quantile",0.8,230.002465376814
"19684",2021-05-15,"26","5  day ahead inc hosp",2021-05-20,"quantile",0.85,245.091050922452
"19685",2021-05-15,"26","5  day ahead inc hosp",2021-05-20,"quantile",0.9,265.116546539323
"19686",2021-05-15,"26","5  day ahead inc hosp",2021-05-20,"quantile",0.95,297.023765324222
"19687",2021-05-15,"26","5  day ahead inc hosp",2021-05-20,"quantile",0.975,326.957900918425
"19688",2021-05-15,"26","5  day ahead inc hosp",2021-05-20,"quantile",0.99,364.545545383137
"19689",2021-05-15,"26","6  day ahead inc hosp",2021-05-21,"quantile",0.01,64.3708720720661
"19690",2021-05-15,"26","6  day ahead inc hosp",2021-05-21,"quantile",0.025,76.0356463424309
"19691",2021-05-15,"26","6  day ahead inc hosp",2021-05-21,"quantile",0.05,87.2774088575852
"19692",2021-05-15,"26","6  day ahead inc hosp",2021-05-21,"quantile",0.1,101.736394169743
"19693",2021-05-15,"26","6  day ahead inc hosp",2021-05-21,"quantile",0.15,112.459039084629
"19694",2021-05-15,"26","6  day ahead inc hosp",2021-05-21,"quantile",0.2,121.568211583104
"19695",2021-05-15,"26","6  day ahead inc hosp",2021-05-21,"quantile",0.25,129.814618673038
"19696",2021-05-15,"26","6  day ahead inc hosp",2021-05-21,"quantile",0.3,137.571383904526
"19697",2021-05-15,"26","6  day ahead inc hosp",2021-05-21,"quantile",0.35,145.064730875029
"19698",2021-05-15,"26","6  day ahead inc hosp",2021-05-21,"quantile",0.4,152.454329162989
"19699",2021-05-15,"26","6  day ahead inc hosp",2021-05-21,"quantile",0.45,159.869128804465
"19700",2021-05-15,"26","6  day ahead inc hosp",2021-05-21,"quantile",0.5,167.427252795273
"19701",2021-05-15,"26","6  day ahead inc hosp",2021-05-21,"quantile",0.55,175.250255121359
"19702",2021-05-15,"26","6  day ahead inc hosp",2021-05-21,"quantile",0.6,183.476899815527
"19703",2021-05-15,"26","6  day ahead inc hosp",2021-05-21,"quantile",0.65,192.280738099444
"19704",2021-05-15,"26","6  day ahead inc hosp",2021-05-21,"quantile",0.7,201.897634341626
"19705",2021-05-15,"26","6  day ahead inc hosp",2021-05-21,"quantile",0.75,212.675765592554
"19706",2021-05-15,"26","6  day ahead inc hosp",2021-05-21,"quantile",0.8,225.179383325529
"19707",2021-05-15,"26","6  day ahead inc hosp",2021-05-21,"quantile",0.85,240.440800614118
"19708",2021-05-15,"26","6  day ahead inc hosp",2021-05-21,"quantile",0.9,260.730057450716
"19709",2021-05-15,"26","6  day ahead inc hosp",2021-05-21,"quantile",0.95,293.130403001722
"19710",2021-05-15,"26","6  day ahead inc hosp",2021-05-21,"quantile",0.975,323.599449929311
"19711",2021-05-15,"26","6  day ahead inc hosp",2021-05-21,"quantile",0.99,361.945697183154
"19712",2021-05-15,"26","7  day ahead inc hosp",2021-05-22,"quantile",0.01,54.5319832840728
"19713",2021-05-15,"26","7  day ahead inc hosp",2021-05-22,"quantile",0.025,65.2046179162182
"19714",2021-05-15,"26","7  day ahead inc hosp",2021-05-22,"quantile",0.05,75.5744555926343
"19715",2021-05-15,"26","7  day ahead inc hosp",2021-05-22,"quantile",0.1,89.01301370488
"19716",2021-05-15,"26","7  day ahead inc hosp",2021-05-22,"quantile",0.15,99.0416148175179
"19717",2021-05-15,"26","7  day ahead inc hosp",2021-05-22,"quantile",0.2,107.597902911269
"19718",2021-05-15,"26","7  day ahead inc hosp",2021-05-22,"quantile",0.25,115.370158554313
"19719",2021-05-15,"26","7  day ahead inc hosp",2021-05-22,"quantile",0.3,122.702001974237
"19720",2021-05-15,"26","7  day ahead inc hosp",2021-05-22,"quantile",0.35,129.802917771429
"19721",2021-05-15,"26","7  day ahead inc hosp",2021-05-22,"quantile",0.4,136.821801470967
"19722",2021-05-15,"26","7  day ahead inc hosp",2021-05-22,"quantile",0.45,143.879912402561
"19723",2021-05-15,"26","7  day ahead inc hosp",2021-05-22,"quantile",0.5,151.089323585502
"19724",2021-05-15,"26","7  day ahead inc hosp",2021-05-22,"quantile",0.55,158.566332153818
"19725",2021-05-15,"26","7  day ahead inc hosp",2021-05-22,"quantile",0.6,166.444630707156
"19726",2021-05-15,"26","7  day ahead inc hosp",2021-05-22,"quantile",0.65,174.892318729289
"19727",2021-05-15,"26","7  day ahead inc hosp",2021-05-22,"quantile",0.7,184.138727974296
"19728",2021-05-15,"26","7  day ahead inc hosp",2021-05-22,"quantile",0.75,194.523314687876
"19729",2021-05-15,"26","7  day ahead inc hosp",2021-05-22,"quantile",0.8,206.59730175551
"19730",2021-05-15,"26","7  day ahead inc hosp",2021-05-22,"quantile",0.85,221.370810609355
"19731",2021-05-15,"26","7  day ahead inc hosp",2021-05-22,"quantile",0.9,241.06855172926
"19732",2021-05-15,"26","7  day ahead inc hosp",2021-05-22,"quantile",0.95,272.645621773363
"19733",2021-05-15,"26","7  day ahead inc hosp",2021-05-22,"quantile",0.975,302.461023006074
"19734",2021-05-15,"26","7  day ahead inc hosp",2021-05-22,"quantile",0.99,340.129902604155
"19735",2021-05-15,"26","8  day ahead inc hosp",2021-05-23,"quantile",0.01,55.175949245773
"19736",2021-05-15,"26","8  day ahead inc hosp",2021-05-23,"quantile",0.025,66.3410347211639
"19737",2021-05-15,"26","8  day ahead inc hosp",2021-05-23,"quantile",0.05,77.2295002895359
"19738",2021-05-15,"26","8  day ahead inc hosp",2021-05-23,"quantile",0.1,91.3882978035029
"19739",2021-05-15,"26","8  day ahead inc hosp",2021-05-23,"quantile",0.15,101.984218752157
"19740",2021-05-15,"26","8  day ahead inc hosp",2021-05-23,"quantile",0.2,111.041997061472
"19741",2021-05-15,"26","8  day ahead inc hosp",2021-05-23,"quantile",0.25,119.282318845474
"19742",2021-05-15,"26","8  day ahead inc hosp",2021-05-23,"quantile",0.3,127.065716709031
"19743",2021-05-15,"26","8  day ahead inc hosp",2021-05-23,"quantile",0.35,134.612540988257
"19744",2021-05-15,"26","8  day ahead inc hosp",2021-05-23,"quantile",0.4,142.079912901559
"19745",2021-05-15,"26","8  day ahead inc hosp",2021-05-23,"quantile",0.45,149.596276978746
"19746",2021-05-15,"26","8  day ahead inc hosp",2021-05-23,"quantile",0.5,157.280822908636
"19747",2021-05-15,"26","8  day ahead inc hosp",2021-05-23,"quantile",0.55,165.257692673105
"19748",2021-05-15,"26","8  day ahead inc hosp",2021-05-23,"quantile",0.6,173.670035514481
"19749",2021-05-15,"26","8  day ahead inc hosp",2021-05-23,"quantile",0.65,182.698259312696
"19750",2021-05-15,"26","8  day ahead inc hosp",2021-05-23,"quantile",0.7,192.588897722104
"19751",2021-05-15,"26","8  day ahead inc hosp",2021-05-23,"quantile",0.75,203.707300545965
"19752",2021-05-15,"26","8  day ahead inc hosp",2021-05-23,"quantile",0.8,216.647255149266
"19753",2021-05-15,"26","8  day ahead inc hosp",2021-05-23,"quantile",0.85,232.497656627828
"19754",2021-05-15,"26","8  day ahead inc hosp",2021-05-23,"quantile",0.9,253.658348239047
"19755",2021-05-15,"26","8  day ahead inc hosp",2021-05-23,"quantile",0.95,287.63824736379
"19756",2021-05-15,"26","8  day ahead inc hosp",2021-05-23,"quantile",0.975,319.779647034552
"19757",2021-05-15,"26","8  day ahead inc hosp",2021-05-23,"quantile",0.99,360.456140203644
"19758",2021-05-15,"26","9  day ahead inc hosp",2021-05-24,"quantile",0.01,57.0844012107615
"19759",2021-05-15,"26","9  day ahead inc hosp",2021-05-24,"quantile",0.025,68.9888237569411
"19760",2021-05-15,"26","9  day ahead inc hosp",2021-05-24,"quantile",0.05,80.6380633855901
"19761",2021-05-15,"26","9  day ahead inc hosp",2021-05-24,"quantile",0.1,95.8338413660853
"19762",2021-05-15,"26","9  day ahead inc hosp",2021-05-24,"quantile",0.15,107.235385628113
"19763",2021-05-15,"26","9  day ahead inc hosp",2021-05-24,"quantile",0.2,116.999157455404
"19764",2021-05-15,"26","9  day ahead inc hosp",2021-05-24,"quantile",0.25,125.894188010761
"19765",2021-05-15,"26","9  day ahead inc hosp",2021-05-24,"quantile",0.3,134.305926779829
"19766",2021-05-15,"26","9  day ahead inc hosp",2021-05-24,"quantile",0.35,142.470507791747
"19767",2021-05-15,"26","9  day ahead inc hosp",2021-05-24,"quantile",0.4,150.556809457878
"19768",2021-05-15,"26","9  day ahead inc hosp",2021-05-24,"quantile",0.45,158.703373190133
"19769",2021-05-15,"26","9  day ahead inc hosp",2021-05-24,"quantile",0.5,167.039231912808
"19770",2021-05-15,"26","9  day ahead inc hosp",2021-05-24,"quantile",0.55,175.699236516035
"19771",2021-05-15,"26","9  day ahead inc hosp",2021-05-24,"quantile",0.6,184.839318853666
"19772",2021-05-15,"26","9  day ahead inc hosp",2021-05-24,"quantile",0.65,194.656409538835
"19773",2021-05-15,"26","9  day ahead inc hosp",2021-05-24,"quantile",0.7,205.420025958402
"19774",2021-05-15,"26","9  day ahead inc hosp",2021-05-24,"quantile",0.75,217.530004662351
"19775",2021-05-15,"26","9  day ahead inc hosp",2021-05-24,"quantile",0.8,231.636694856988
"19776",2021-05-15,"26","9  day ahead inc hosp",2021-05-24,"quantile",0.85,248.933483258553
"19777",2021-05-15,"26","9  day ahead inc hosp",2021-05-24,"quantile",0.9,272.052136943727
"19778",2021-05-15,"26","9  day ahead inc hosp",2021-05-24,"quantile",0.95,309.233531653238
"19779",2021-05-15,"26","9  day ahead inc hosp",2021-05-24,"quantile",0.975,344.460248909708
"19780",2021-05-15,"26","9  day ahead inc hosp",2021-05-24,"quantile",0.99,389.110114468207
"19781",2021-05-15,"26","10  day ahead inc hosp",2021-05-25,"quantile",0.01,53.5508900478242
"19782",2021-05-15,"26","10  day ahead inc hosp",2021-05-25,"quantile",0.025,65.3881066331397
"19783",2021-05-15,"26","10  day ahead inc hosp",2021-05-25,"quantile",0.05,77.0511271565114
"19784",2021-05-15,"26","10  day ahead inc hosp",2021-05-25,"quantile",0.1,92.3606613943525
"19785",2021-05-15,"26","10  day ahead inc hosp",2021-05-25,"quantile",0.15,103.907092961772
"19786",2021-05-15,"26","10  day ahead inc hosp",2021-05-25,"quantile",0.2,113.829853141528
"19787",2021-05-15,"26","10  day ahead inc hosp",2021-05-25,"quantile",0.25,122.894822494577
"19788",2021-05-15,"26","10  day ahead inc hosp",2021-05-25,"quantile",0.3,131.487349948526
"19789",2021-05-15,"26","10  day ahead inc hosp",2021-05-25,"quantile",0.35,139.844635169888
"19790",2021-05-15,"26","10  day ahead inc hosp",2021-05-25,"quantile",0.4,148.137341377282
"19791",2021-05-15,"26","10  day ahead inc hosp",2021-05-25,"quantile",0.45,156.5064616817
"19792",2021-05-15,"26","10  day ahead inc hosp",2021-05-25,"quantile",0.5,165.08427450336
"19793",2021-05-15,"26","10  day ahead inc hosp",2021-05-25,"quantile",0.55,174.009947629374
"19794",2021-05-15,"26","10  day ahead inc hosp",2021-05-25,"quantile",0.6,183.445282115652
"19795",2021-05-15,"26","10  day ahead inc hosp",2021-05-25,"quantile",0.65,193.595454960163
"19796",2021-05-15,"26","10  day ahead inc hosp",2021-05-25,"quantile",0.7,204.742086825251
"19797",2021-05-15,"26","10  day ahead inc hosp",2021-05-25,"quantile",0.75,217.303831278306
"19798",2021-05-15,"26","10  day ahead inc hosp",2021-05-25,"quantile",0.8,231.962682509906
"19799",2021-05-15,"26","10  day ahead inc hosp",2021-05-25,"quantile",0.85,249.971659420418
"19800",2021-05-15,"26","10  day ahead inc hosp",2021-05-25,"quantile",0.9,274.097374816861
"19801",2021-05-15,"26","10  day ahead inc hosp",2021-05-25,"quantile",0.95,313.01585624708
"19802",2021-05-15,"26","10  day ahead inc hosp",2021-05-25,"quantile",0.975,350.005226513858
"19803",2021-05-15,"26","10  day ahead inc hosp",2021-05-25,"quantile",0.99,397.030366427485
"19804",2021-05-15,"26","11  day ahead inc hosp",2021-05-26,"quantile",0.01,47.536354068628
"19805",2021-05-15,"26","11  day ahead inc hosp",2021-05-26,"quantile",0.025,58.8552403018505
"19806",2021-05-15,"26","11  day ahead inc hosp",2021-05-26,"quantile",0.05,70.1106157274859
"19807",2021-05-15,"26","11  day ahead inc hosp",2021-05-26,"quantile",0.1,85.0095959201659
"19808",2021-05-15,"26","11  day ahead inc hosp",2021-05-26,"quantile",0.15,96.3239779894787
"19809",2021-05-15,"26","11  day ahead inc hosp",2021-05-26,"quantile",0.2,106.092901668496
"19810",2021-05-15,"26","11  day ahead inc hosp",2021-05-26,"quantile",0.25,115.050145048998
"19811",2021-05-15,"26","11  day ahead inc hosp",2021-05-26,"quantile",0.3,123.566849915167
"19812",2021-05-15,"26","11  day ahead inc hosp",2021-05-26,"quantile",0.35,131.872963757021
"19813",2021-05-15,"26","11  day ahead inc hosp",2021-05-26,"quantile",0.4,140.135288527662
"19814",2021-05-15,"26","11  day ahead inc hosp",2021-05-26,"quantile",0.45,148.492934495048
"19815",2021-05-15,"26","11  day ahead inc hosp",2021-05-26,"quantile",0.5,157.077681474301
"19816",2021-05-15,"26","11  day ahead inc hosp",2021-05-26,"quantile",0.55,166.029385488522
"19817",2021-05-15,"26","11  day ahead inc hosp",2021-05-26,"quantile",0.6,175.511792880075
"19818",2021-05-15,"26","11  day ahead inc hosp",2021-05-26,"quantile",0.65,185.733632586405
"19819",2021-05-15,"26","11  day ahead inc hosp",2021-05-26,"quantile",0.7,196.982463173564
"19820",2021-05-15,"26","11  day ahead inc hosp",2021-05-26,"quantile",0.75,209.686887286076
"19821",2021-05-15,"26","11  day ahead inc hosp",2021-05-26,"quantile",0.8,224.546464471031
"19822",2021-05-15,"26","11  day ahead inc hosp",2021-05-26,"quantile",0.85,242.84854452976
"19823",2021-05-15,"26","11  day ahead inc hosp",2021-05-26,"quantile",0.9,267.439965404763
"19824",2021-05-15,"26","11  day ahead inc hosp",2021-05-26,"quantile",0.95,307.265523655505
"19825",2021-05-15,"26","11  day ahead inc hosp",2021-05-26,"quantile",0.975,345.272325870556
"19826",2021-05-15,"26","11  day ahead inc hosp",2021-05-26,"quantile",0.99,393.778760771196
"19827",2021-05-15,"26","12  day ahead inc hosp",2021-05-27,"quantile",0.01,41.3204255196517
"19828",2021-05-15,"26","12  day ahead inc hosp",2021-05-27,"quantile",0.025,51.9870811049856
"19829",2021-05-15,"26","12  day ahead inc hosp",2021-05-27,"quantile",0.05,62.7069125272016
"19830",2021-05-15,"26","12  day ahead inc hosp",2021-05-27,"quantile",0.1,77.034083664125
"19831",2021-05-15,"26","12  day ahead inc hosp",2021-05-27,"quantile",0.15,87.999821156266
"19832",2021-05-15,"26","12  day ahead inc hosp",2021-05-27,"quantile",0.2,97.5180844585934
"19833",2021-05-15,"26","12  day ahead inc hosp",2021-05-27,"quantile",0.25,106.28179532102
"19834",2021-05-15,"26","12  day ahead inc hosp",2021-05-27,"quantile",0.3,114.643604409431
"19835",2021-05-15,"26","12  day ahead inc hosp",2021-05-27,"quantile",0.35,122.82368383092
"19836",2021-05-15,"26","12  day ahead inc hosp",2021-05-27,"quantile",0.4,130.983273706863
"19837",2021-05-15,"26","12  day ahead inc hosp",2021-05-27,"quantile",0.45,139.258313920127
"19838",2021-05-15,"26","12  day ahead inc hosp",2021-05-27,"quantile",0.5,147.778996012301
"19839",2021-05-15,"26","12  day ahead inc hosp",2021-05-27,"quantile",0.55,156.684834417161
"19840",2021-05-15,"26","12  day ahead inc hosp",2021-05-27,"quantile",0.6,166.140436730664
"19841",2021-05-15,"26","12  day ahead inc hosp",2021-05-27,"quantile",0.65,176.356820073552
"19842",2021-05-15,"26","12  day ahead inc hosp",2021-05-27,"quantile",0.7,187.625859530388
"19843",2021-05-15,"26","12  day ahead inc hosp",2021-05-27,"quantile",0.75,200.383822953701
"19844",2021-05-15,"26","12  day ahead inc hosp",2021-05-27,"quantile",0.8,215.344279463394
"19845",2021-05-15,"26","12  day ahead inc hosp",2021-05-27,"quantile",0.85,233.822647778615
"19846",2021-05-15,"26","12  day ahead inc hosp",2021-05-27,"quantile",0.9,258.73279275172
"19847",2021-05-15,"26","12  day ahead inc hosp",2021-05-27,"quantile",0.95,299.249468357812
"19848",2021-05-15,"26","12  day ahead inc hosp",2021-05-27,"quantile",0.975,338.090458172282
"19849",2021-05-15,"26","12  day ahead inc hosp",2021-05-27,"quantile",0.99,387.873049153313
"19850",2021-05-15,"26","13  day ahead inc hosp",2021-05-28,"quantile",0.01,38.2396454895647
"19851",2021-05-15,"26","13  day ahead inc hosp",2021-05-28,"quantile",0.025,48.7630151098351
"19852",2021-05-15,"26","13  day ahead inc hosp",2021-05-28,"quantile",0.05,59.4329205379433
"19853",2021-05-15,"26","13  day ahead inc hosp",2021-05-28,"quantile",0.1,73.8077142370343
"19854",2021-05-15,"26","13  day ahead inc hosp",2021-05-28,"quantile",0.15,84.881330296201
"19855",2021-05-15,"26","13  day ahead inc hosp",2021-05-28,"quantile",0.2,94.535277580717
"19856",2021-05-15,"26","13  day ahead inc hosp",2021-05-28,"quantile",0.25,103.454237940088
"19857",2021-05-15,"26","13  day ahead inc hosp",2021-05-28,"quantile",0.3,111.988511526503
"19858",2021-05-15,"26","13  day ahead inc hosp",2021-05-28,"quantile",0.35,120.358236753381
"19859",2021-05-15,"26","13  day ahead inc hosp",2021-05-28,"quantile",0.4,128.725932545176
"19860",2021-05-15,"26","13  day ahead inc hosp",2021-05-28,"quantile",0.45,137.229861872501
"19861",2021-05-15,"26","13  day ahead inc hosp",2021-05-28,"quantile",0.5,146.003631681885
"19862",2021-05-15,"26","13  day ahead inc hosp",2021-05-28,"quantile",0.55,155.191537647574
"19863",2021-05-15,"26","13  day ahead inc hosp",2021-05-28,"quantile",0.6,164.964873150244
"19864",2021-05-15,"26","13  day ahead inc hosp",2021-05-28,"quantile",0.65,175.544207286703
"19865",2021-05-15,"26","13  day ahead inc hosp",2021-05-28,"quantile",0.7,187.235585214525
"19866",2021-05-15,"26","13  day ahead inc hosp",2021-05-28,"quantile",0.75,200.497469788388
"19867",2021-05-15,"26","13  day ahead inc hosp",2021-05-28,"quantile",0.8,216.080973522406
"19868",2021-05-15,"26","13  day ahead inc hosp",2021-05-28,"quantile",0.85,235.372631614878
"19869",2021-05-15,"26","13  day ahead inc hosp",2021-05-28,"quantile",0.9,261.448003736099
"19870",2021-05-15,"26","13  day ahead inc hosp",2021-05-28,"quantile",0.95,304.007298247118
"19871",2021-05-15,"26","13  day ahead inc hosp",2021-05-28,"quantile",0.975,344.953634026763
"19872",2021-05-15,"26","13  day ahead inc hosp",2021-05-28,"quantile",0.99,397.613107436314
"19873",2021-05-15,"26","14  day ahead inc hosp",2021-05-29,"quantile",0.01,37.8178988186559
"19874",2021-05-15,"26","14  day ahead inc hosp",2021-05-29,"quantile",0.025,48.7095314422802
"19875",2021-05-15,"26","14  day ahead inc hosp",2021-05-29,"quantile",0.05,59.8254537419568
"19876",2021-05-15,"26","14  day ahead inc hosp",2021-05-29,"quantile",0.1,74.8895144648685
"19877",2021-05-15,"26","14  day ahead inc hosp",2021-05-29,"quantile",0.15,86.5493171951734
"19878",2021-05-15,"26","14  day ahead inc hosp",2021-05-29,"quantile",0.2,96.74679765274
"19879",2021-05-15,"26","14  day ahead inc hosp",2021-05-29,"quantile",0.25,106.191350280574
"19880",2021-05-15,"26","14  day ahead inc hosp",2021-05-29,"quantile",0.3,115.247362752898
"19881",2021-05-15,"26","14  day ahead inc hosp",2021-05-29,"quantile",0.35,124.144954405466
"19882",2021-05-15,"26","14  day ahead inc hosp",2021-05-29,"quantile",0.4,133.055036932495
"19883",2021-05-15,"26","14  day ahead inc hosp",2021-05-29,"quantile",0.45,142.123987100934
"19884",2021-05-15,"26","14  day ahead inc hosp",2021-05-29,"quantile",0.5,151.494177271768
"19885",2021-05-15,"26","14  day ahead inc hosp",2021-05-29,"quantile",0.55,161.320234693444
"19886",2021-05-15,"26","14  day ahead inc hosp",2021-05-29,"quantile",0.6,171.786518404021
"19887",2021-05-15,"26","14  day ahead inc hosp",2021-05-29,"quantile",0.65,183.131171300716
"19888",2021-05-15,"26","14  day ahead inc hosp",2021-05-29,"quantile",0.7,195.685353427557
"19889",2021-05-15,"26","14  day ahead inc hosp",2021-05-29,"quantile",0.75,209.945925495279
"19890",2021-05-15,"26","14  day ahead inc hosp",2021-05-29,"quantile",0.8,226.727859457376
"19891",2021-05-15,"26","14  day ahead inc hosp",2021-05-29,"quantile",0.85,247.537043598491
"19892",2021-05-15,"26","14  day ahead inc hosp",2021-05-29,"quantile",0.9,275.717005091078
"19893",2021-05-15,"26","14  day ahead inc hosp",2021-05-29,"quantile",0.95,321.825812735827
"19894",2021-05-15,"26","14  day ahead inc hosp",2021-05-29,"quantile",0.975,366.301539565369
"19895",2021-05-15,"26","14  day ahead inc hosp",2021-05-29,"quantile",0.99,423.638780143774
"19896",2021-05-15,"26","15  day ahead inc hosp",2021-05-30,"quantile",0.01,27.876569012941
"19897",2021-05-15,"26","15  day ahead inc hosp",2021-05-30,"quantile",0.025,37.4957985619607
"19898",2021-05-15,"26","15  day ahead inc hosp",2021-05-30,"quantile",0.05,47.5943694448088
"19899",2021-05-15,"26","15  day ahead inc hosp",2021-05-30,"quantile",0.1,61.6275051330713
"19900",2021-05-15,"26","15  day ahead inc hosp",2021-05-30,"quantile",0.15,72.7092166105482
"19901",2021-05-15,"26","15  day ahead inc hosp",2021-05-30,"quantile",0.2,82.531747074369
"19902",2021-05-15,"26","15  day ahead inc hosp",2021-05-30,"quantile",0.25,91.7239011994509
"19903",2021-05-15,"26","15  day ahead inc hosp",2021-05-30,"quantile",0.3,100.61446649752
"19904",2021-05-15,"26","15  day ahead inc hosp",2021-05-30,"quantile",0.35,109.415681980952
"19905",2021-05-15,"26","15  day ahead inc hosp",2021-05-30,"quantile",0.4,118.289386880405
"19906",2021-05-15,"26","15  day ahead inc hosp",2021-05-30,"quantile",0.45,127.378191594789
"19907",2021-05-15,"26","15  day ahead inc hosp",2021-05-30,"quantile",0.5,136.824601611454
"19908",2021-05-15,"26","15  day ahead inc hosp",2021-05-30,"quantile",0.55,146.786930714533
"19909",2021-05-15,"26","15  day ahead inc hosp",2021-05-30,"quantile",0.6,157.457209037097
"19910",2021-05-15,"26","15  day ahead inc hosp",2021-05-30,"quantile",0.65,169.086555680496
"19911",2021-05-15,"26","15  day ahead inc hosp",2021-05-30,"quantile",0.7,182.027176428013
"19912",2021-05-15,"26","15  day ahead inc hosp",2021-05-30,"quantile",0.75,196.810714619656
"19913",2021-05-15,"26","15  day ahead inc hosp",2021-05-30,"quantile",0.8,214.313172144137
"19914",2021-05-15,"26","15  day ahead inc hosp",2021-05-30,"quantile",0.85,236.159439143141
"19915",2021-05-15,"26","15  day ahead inc hosp",2021-05-30,"quantile",0.9,265.971100987849
"19916",2021-05-15,"26","15  day ahead inc hosp",2021-05-30,"quantile",0.95,315.239311488951
"19917",2021-05-15,"26","15  day ahead inc hosp",2021-05-30,"quantile",0.975,363.254529850372
"19918",2021-05-15,"26","15  day ahead inc hosp",2021-05-30,"quantile",0.99,425.755101373293
"19919",2021-05-15,"26","16  day ahead inc hosp",2021-05-31,"quantile",0.01,23.7573283195456
"19920",2021-05-15,"26","16  day ahead inc hosp",2021-05-31,"quantile",0.025,32.9950093013485
"19921",2021-05-15,"26","16  day ahead inc hosp",2021-05-31,"quantile",0.05,42.8955439774059
"19922",2021-05-15,"26","16  day ahead inc hosp",2021-05-31,"quantile",0.1,56.9047295676838
"19923",2021-05-15,"26","16  day ahead inc hosp",2021-05-31,"quantile",0.15,68.1263222291126
"19924",2021-05-15,"26","16  day ahead inc hosp",2021-05-31,"quantile",0.2,78.1671548129475
"19925",2021-05-15,"26","16  day ahead inc hosp",2021-05-31,"quantile",0.25,87.6321096198723
"19926",2021-05-15,"26","16  day ahead inc hosp",2021-05-31,"quantile",0.3,96.8418451458468
"19927",2021-05-15,"26","16  day ahead inc hosp",2021-05-31,"quantile",0.35,106.00686171108
"19928",2021-05-15,"26","16  day ahead inc hosp",2021-05-31,"quantile",0.4,115.290859026602
"19929",2021-05-15,"26","16  day ahead inc hosp",2021-05-31,"quantile",0.45,124.841067692764
"19930",2021-05-15,"26","16  day ahead inc hosp",2021-05-31,"quantile",0.5,134.807375371053
"19931",2021-05-15,"26","16  day ahead inc hosp",2021-05-31,"quantile",0.55,145.358822478791
"19932",2021-05-15,"26","16  day ahead inc hosp",2021-05-31,"quantile",0.6,156.702747153158
"19933",2021-05-15,"26","16  day ahead inc hosp",2021-05-31,"quantile",0.65,169.112416026369
"19934",2021-05-15,"26","16  day ahead inc hosp",2021-05-31,"quantile",0.7,182.973175557892
"19935",2021-05-15,"26","16  day ahead inc hosp",2021-05-31,"quantile",0.75,198.868924548603
"19936",2021-05-15,"26","16  day ahead inc hosp",2021-05-31,"quantile",0.8,217.764567248894
"19937",2021-05-15,"26","16  day ahead inc hosp",2021-05-31,"quantile",0.85,241.454352647606
"19938",2021-05-15,"26","16  day ahead inc hosp",2021-05-31,"quantile",0.9,273.947370953669
"19939",2021-05-15,"26","16  day ahead inc hosp",2021-05-31,"quantile",0.95,328.004616817325
"19940",2021-05-15,"26","16  day ahead inc hosp",2021-05-31,"quantile",0.975,381.046808973977
"19941",2021-05-15,"26","16  day ahead inc hosp",2021-05-31,"quantile",0.99,450.530268311942
"19942",2021-05-15,"26","17  day ahead inc hosp",2021-06-01,"quantile",0.01,21.5113649688332
"19943",2021-05-15,"26","17  day ahead inc hosp",2021-06-01,"quantile",0.025,30.4812427034783
"19944",2021-05-15,"26","17  day ahead inc hosp",2021-06-01,"quantile",0.05,40.219236262072
"19945",2021-05-15,"26","17  day ahead inc hosp",2021-06-01,"quantile",0.1,54.152978720411
"19946",2021-05-15,"26","17  day ahead inc hosp",2021-06-01,"quantile",0.15,65.4116884174064
"19947",2021-05-15,"26","17  day ahead inc hosp",2021-06-01,"quantile",0.2,75.5436046102427
"19948",2021-05-15,"26","17  day ahead inc hosp",2021-06-01,"quantile",0.25,85.1364402894726
"19949",2021-05-15,"26","17  day ahead inc hosp",2021-06-01,"quantile",0.3,94.5045365485446
"19950",2021-05-15,"26","17  day ahead inc hosp",2021-06-01,"quantile",0.35,103.856485004292
"19951",2021-05-15,"26","17  day ahead inc hosp",2021-06-01,"quantile",0.4,113.356519211137
"19952",2021-05-15,"26","17  day ahead inc hosp",2021-06-01,"quantile",0.45,123.154212190968
"19953",2021-05-15,"26","17  day ahead inc hosp",2021-06-01,"quantile",0.5,133.403536318314
"19954",2021-05-15,"26","17  day ahead inc hosp",2021-06-01,"quantile",0.55,144.279668332237
"19955",2021-05-15,"26","17  day ahead inc hosp",2021-06-01,"quantile",0.6,155.998848733836
"19956",2021-05-15,"26","17  day ahead inc hosp",2021-06-01,"quantile",0.65,168.847344556907
"19957",2021-05-15,"26","17  day ahead inc hosp",2021-06-01,"quantile",0.7,183.230069878353
"19958",2021-05-15,"26","17  day ahead inc hosp",2021-06-01,"quantile",0.75,199.761904254231
"19959",2021-05-15,"26","17  day ahead inc hosp",2021-06-01,"quantile",0.8,219.460631599558
"19960",2021-05-15,"26","17  day ahead inc hosp",2021-06-01,"quantile",0.85,244.221536191366
"19961",2021-05-15,"26","17  day ahead inc hosp",2021-06-01,"quantile",0.9,278.285611178757
"19962",2021-05-15,"26","17  day ahead inc hosp",2021-06-01,"quantile",0.95,335.17684047016
"19963",2021-05-15,"26","17  day ahead inc hosp",2021-06-01,"quantile",0.975,391.221371837476
"19964",2021-05-15,"26","17  day ahead inc hosp",2021-06-01,"quantile",0.99,464.908491336867
"19965",2021-05-15,"26","18  day ahead inc hosp",2021-06-02,"quantile",0.01,18.5808667215241
"19966",2021-05-15,"26","18  day ahead inc hosp",2021-06-02,"quantile",0.025,27.0082529382059
"19967",2021-05-15,"26","18  day ahead inc hosp",2021-06-02,"quantile",0.05,36.3071235173385
"19968",2021-05-15,"26","18  day ahead inc hosp",2021-06-02,"quantile",0.1,49.799625937754
"19969",2021-05-15,"26","18  day ahead inc hosp",2021-06-02,"quantile",0.15,60.820261499924
"19970",2021-05-15,"26","18  day ahead inc hosp",2021-06-02,"quantile",0.2,70.8083760252025
"19971",2021-05-15,"26","18  day ahead inc hosp",2021-06-02,"quantile",0.25,80.3163098342849
"19972",2021-05-15,"26","18  day ahead inc hosp",2021-06-02,"quantile",0.3,89.6429385533645
"19973",2021-05-15,"26","18  day ahead inc hosp",2021-06-02,"quantile",0.35,98.9893825948601
"19974",2021-05-15,"26","18  day ahead inc hosp",2021-06-02,"quantile",0.4,108.516502606259
"19975",2021-05-15,"26","18  day ahead inc hosp",2021-06-02,"quantile",0.45,118.373098190654
"19976",2021-05-15,"26","18  day ahead inc hosp",2021-06-02,"quantile",0.5,128.714424967615
"19977",2021-05-15,"26","18  day ahead inc hosp",2021-06-02,"quantile",0.55,139.718975851574
"19978",2021-05-15,"26","18  day ahead inc hosp",2021-06-02,"quantile",0.6,151.608745329217
"19979",2021-05-15,"26","18  day ahead inc hosp",2021-06-02,"quantile",0.65,164.679143815165
"19980",2021-05-15,"26","18  day ahead inc hosp",2021-06-02,"quantile",0.7,179.349507322949
"19981",2021-05-15,"26","18  day ahead inc hosp",2021-06-02,"quantile",0.75,196.258227350117
"19982",2021-05-15,"26","18  day ahead inc hosp",2021-06-02,"quantile",0.8,216.464060055971
"19983",2021-05-15,"26","18  day ahead inc hosp",2021-06-02,"quantile",0.85,241.941916767859
"19984",2021-05-15,"26","18  day ahead inc hosp",2021-06-02,"quantile",0.9,277.118596305166
"19985",2021-05-15,"26","18  day ahead inc hosp",2021-06-02,"quantile",0.95,336.14156680664
"19986",2021-05-15,"26","18  day ahead inc hosp",2021-06-02,"quantile",0.975,394.561706868331
"19987",2021-05-15,"26","18  day ahead inc hosp",2021-06-02,"quantile",0.99,471.709561029626
"19988",2021-05-15,"26","19  day ahead inc hosp",2021-06-03,"quantile",0.01,16.5364072192654
"19989",2021-05-15,"26","19  day ahead inc hosp",2021-06-03,"quantile",0.025,24.6283966417274
"19990",2021-05-15,"26","19  day ahead inc hosp",2021-06-03,"quantile",0.05,33.6958402508178
"19991",2021-05-15,"26","19  day ahead inc hosp",2021-06-03,"quantile",0.1,47.026357833254
"19992",2021-05-15,"26","19  day ahead inc hosp",2021-06-03,"quantile",0.15,58.0248927805676
"19993",2021-05-15,"26","19  day ahead inc hosp",2021-06-03,"quantile",0.2,68.0585885301211
"19994",2021-05-15,"26","19  day ahead inc hosp",2021-06-03,"quantile",0.25,77.6576939653633
"19995",2021-05-15,"26","19  day ahead inc hosp",2021-06-03,"quantile",0.3,87.1124344598493
"19996",2021-05-15,"26","19  day ahead inc hosp",2021-06-03,"quantile",0.35,96.6207878690617
"19997",2021-05-15,"26","19  day ahead inc hosp",2021-06-03,"quantile",0.4,106.343495283061
"19998",2021-05-15,"26","19  day ahead inc hosp",2021-06-03,"quantile",0.45,116.431415044565
"19999",2021-05-15,"26","19  day ahead inc hosp",2021-06-03,"quantile",0.5,127.043890428785
"20000",2021-05-15,"26","19  day ahead inc hosp",2021-06-03,"quantile",0.55,138.365827755204
"20001",2021-05-15,"26","19  day ahead inc hosp",2021-06-03,"quantile",0.6,150.628720679216
"20002",2021-05-15,"26","19  day ahead inc hosp",2021-06-03,"quantile",0.65,164.142015454562
"20003",2021-05-15,"26","19  day ahead inc hosp",2021-06-03,"quantile",0.7,179.346334445484
"20004",2021-05-15,"26","19  day ahead inc hosp",2021-06-03,"quantile",0.75,196.913956679982
"20005",2021-05-15,"26","19  day ahead inc hosp",2021-06-03,"quantile",0.8,217.961742681757
"20006",2021-05-15,"26","19  day ahead inc hosp",2021-06-03,"quantile",0.85,244.57609932014
"20007",2021-05-15,"26","19  day ahead inc hosp",2021-06-03,"quantile",0.9,281.440930496814
"20008",2021-05-15,"26","19  day ahead inc hosp",2021-06-03,"quantile",0.95,343.554703785809
"20009",2021-05-15,"26","19  day ahead inc hosp",2021-06-03,"quantile",0.975,405.294520887561
"20010",2021-05-15,"26","19  day ahead inc hosp",2021-06-03,"quantile",0.99,487.145361250769
"20011",2021-05-15,"26","20  day ahead inc hosp",2021-06-04,"quantile",0.01,14.6876166009437
"20012",2021-05-15,"26","20  day ahead inc hosp",2021-06-04,"quantile",0.025,22.4470532921539
"20013",2021-05-15,"26","20  day ahead inc hosp",2021-06-04,"quantile",0.05,31.2843134684829
"20014",2021-05-15,"26","20  day ahead inc hosp",2021-06-04,"quantile",0.1,44.4558385157648
"20015",2021-05-15,"26","20  day ahead inc hosp",2021-06-04,"quantile",0.15,55.4371891131737
"20016",2021-05-15,"26","20  day ahead inc hosp",2021-06-04,"quantile",0.2,65.5231809568522
"20017",2021-05-15,"26","20  day ahead inc hosp",2021-06-04,"quantile",0.25,75.221886648277
"20018",2021-05-15,"26","20  day ahead inc hosp",2021-06-04,"quantile",0.3,84.8149031623736
"20019",2021-05-15,"26","20  day ahead inc hosp",2021-06-04,"quantile",0.35,94.4971752574927
"20020",2021-05-15,"26","20  day ahead inc hosp",2021-06-04,"quantile",0.4,104.429516256529
"20021",2021-05-15,"26","20  day ahead inc hosp",2021-06-04,"quantile",0.45,114.765126120854
"20022",2021-05-15,"26","20  day ahead inc hosp",2021-06-04,"quantile",0.5,125.667832513302
"20023",2021-05-15,"26","20  day ahead inc hosp",2021-06-04,"quantile",0.55,137.329506796634
"20024",2021-05-15,"26","20  day ahead inc hosp",2021-06-04,"quantile",0.6,149.991918253858
"20025",2021-05-15,"26","20  day ahead inc hosp",2021-06-04,"quantile",0.65,163.979671302182
"20026",2021-05-15,"26","20  day ahead inc hosp",2021-06-04,"quantile",0.7,179.756363049841
"20027",2021-05-15,"26","20  day ahead inc hosp",2021-06-04,"quantile",0.75,198.030846170642
"20028",2021-05-15,"26","20  day ahead inc hosp",2021-06-04,"quantile",0.8,219.982708515623
"20029",2021-05-15,"26","20  day ahead inc hosp",2021-06-04,"quantile",0.85,247.818784511266
"20030",2021-05-15,"26","20  day ahead inc hosp",2021-06-04,"quantile",0.9,286.500883643466
"20031",2021-05-15,"26","20  day ahead inc hosp",2021-06-04,"quantile",0.95,351.948321124352
"20032",2021-05-15,"26","20  day ahead inc hosp",2021-06-04,"quantile",0.975,417.276096690375
"20033",2021-05-15,"26","20  day ahead inc hosp",2021-06-04,"quantile",0.99,504.220255492833
"20034",2021-05-15,"26","21  day ahead inc hosp",2021-06-05,"quantile",0.01,11.98393369766
"20035",2021-05-15,"26","21  day ahead inc hosp",2021-06-05,"quantile",0.025,18.9907287009482
"20036",2021-05-15,"26","21  day ahead inc hosp",2021-06-05,"quantile",0.05,27.1534019943937
"20037",2021-05-15,"26","21  day ahead inc hosp",2021-06-05,"quantile",0.1,39.5513645497931
"20038",2021-05-15,"26","21  day ahead inc hosp",2021-06-05,"quantile",0.15,50.0358006731611
"20039",2021-05-15,"26","21  day ahead inc hosp",2021-06-05,"quantile",0.2,59.7539686477731
"20040",2021-05-15,"26","21  day ahead inc hosp",2021-06-05,"quantile",0.25,69.1637416661451
"20041",2021-05-15,"26","21  day ahead inc hosp",2021-06-05,"quantile",0.3,78.523581991255
"20042",2021-05-15,"26","21  day ahead inc hosp",2021-06-05,"quantile",0.35,88.0162440297036
"20043",2021-05-15,"26","21  day ahead inc hosp",2021-06-05,"quantile",0.4,97.795864631773
"20044",2021-05-15,"26","21  day ahead inc hosp",2021-06-05,"quantile",0.45,108.012284108501
"20045",2021-05-15,"26","21  day ahead inc hosp",2021-06-05,"quantile",0.5,118.828363232098
"20046",2021-05-15,"26","21  day ahead inc hosp",2021-06-05,"quantile",0.55,130.437121289733
"20047",2021-05-15,"26","21  day ahead inc hosp",2021-06-05,"quantile",0.6,143.083778353601
"20048",2021-05-15,"26","21  day ahead inc hosp",2021-06-05,"quantile",0.65,157.099402422612
"20049",2021-05-15,"26","21  day ahead inc hosp",2021-06-05,"quantile",0.7,172.958616951293
"20050",2021-05-15,"26","21  day ahead inc hosp",2021-06-05,"quantile",0.75,191.389108855454
"20051",2021-05-15,"26","21  day ahead inc hosp",2021-06-05,"quantile",0.8,213.604388224858
"20052",2021-05-15,"26","21  day ahead inc hosp",2021-06-05,"quantile",0.85,241.879056290775
"20053",2021-05-15,"26","21  day ahead inc hosp",2021-06-05,"quantile",0.9,281.337382538034
"20054",2021-05-15,"26","21  day ahead inc hosp",2021-06-05,"quantile",0.95,348.461531655841
"20055",2021-05-15,"26","21  day ahead inc hosp",2021-06-05,"quantile",0.975,415.830580114708
"20056",2021-05-15,"26","21  day ahead inc hosp",2021-06-05,"quantile",0.99,505.943469827151
"20057",2021-05-15,"26","22  day ahead inc hosp",2021-06-06,"quantile",0.01,11.1679898589575
"20058",2021-05-15,"26","22  day ahead inc hosp",2021-06-06,"quantile",0.025,18.1159193274898
"20059",2021-05-15,"26","22  day ahead inc hosp",2021-06-06,"quantile",0.05,26.3280214998557
"20060",2021-05-15,"26","22  day ahead inc hosp",2021-06-06,"quantile",0.1,38.9510149964753
"20061",2021-05-15,"26","22  day ahead inc hosp",2021-06-06,"quantile",0.15,49.7213270202449
"20062",2021-05-15,"26","22  day ahead inc hosp",2021-06-06,"quantile",0.2,59.7616071509883
"20063",2021-05-15,"26","22  day ahead inc hosp",2021-06-06,"quantile",0.25,69.5250305266322
"20064",2021-05-15,"26","22  day ahead inc hosp",2021-06-06,"quantile",0.3,79.2705619712809
"20065",2021-05-15,"26","22  day ahead inc hosp",2021-06-06,"quantile",0.35,89.1838761389705
"20066",2021-05-15,"26","22  day ahead inc hosp",2021-06-06,"quantile",0.4,99.42380941975
"20067",2021-05-15,"26","22  day ahead inc hosp",2021-06-06,"quantile",0.45,110.146723089519
"20068",2021-05-15,"26","22  day ahead inc hosp",2021-06-06,"quantile",0.5,121.524246485879
"20069",2021-05-15,"26","22  day ahead inc hosp",2021-06-06,"quantile",0.55,133.761232795488
"20070",2021-05-15,"26","22  day ahead inc hosp",2021-06-06,"quantile",0.6,147.119193647931
"20071",2021-05-15,"26","22  day ahead inc hosp",2021-06-06,"quantile",0.65,161.952336720418
"20072",2021-05-15,"26","22  day ahead inc hosp",2021-06-06,"quantile",0.7,178.769582904461
"20073",2021-05-15,"26","22  day ahead inc hosp",2021-06-06,"quantile",0.75,198.352446658114
"20074",2021-05-15,"26","22  day ahead inc hosp",2021-06-06,"quantile",0.8,222.00584032173
"20075",2021-05-15,"26","22  day ahead inc hosp",2021-06-06,"quantile",0.85,252.178445471204
"20076",2021-05-15,"26","22  day ahead inc hosp",2021-06-06,"quantile",0.9,294.39321510765
"20077",2021-05-15,"26","22  day ahead inc hosp",2021-06-06,"quantile",0.95,366.441638712501
"20078",2021-05-15,"26","22  day ahead inc hosp",2021-06-06,"quantile",0.975,438.99087913253
"20079",2021-05-15,"26","22  day ahead inc hosp",2021-06-06,"quantile",0.99,536.325451922709
"20080",2021-05-15,"26","23  day ahead inc hosp",2021-06-07,"quantile",0.01,10.6797354659627
"20081",2021-05-15,"26","23  day ahead inc hosp",2021-06-07,"quantile",0.025,17.6903125794681
"20082",2021-05-15,"26","23  day ahead inc hosp",2021-06-07,"quantile",0.05,26.0840205349617
"20083",2021-05-15,"26","23  day ahead inc hosp",2021-06-07,"quantile",0.1,39.1232098324559
"20084",2021-05-15,"26","23  day ahead inc hosp",2021-06-07,"quantile",0.15,50.3360393095349
"20085",2021-05-15,"26","23  day ahead inc hosp",2021-06-07,"quantile",0.2,60.8411178118273
"20086",2021-05-15,"26","23  day ahead inc hosp",2021-06-07,"quantile",0.25,71.0947587167571
"20087",2021-05-15,"26","23  day ahead inc hosp",2021-06-07,"quantile",0.3,81.3606830379911
"20088",2021-05-15,"26","23  day ahead inc hosp",2021-06-07,"quantile",0.35,91.8303800748162
"20089",2021-05-15,"26","23  day ahead inc hosp",2021-06-07,"quantile",0.4,102.66973996291
"20090",2021-05-15,"26","23  day ahead inc hosp",2021-06-07,"quantile",0.45,114.043864200098
"20091",2021-05-15,"26","23  day ahead inc hosp",2021-06-07,"quantile",0.5,126.135507466236
"20092",2021-05-15,"26","23  day ahead inc hosp",2021-06-07,"quantile",0.55,139.164106091117
"20093",2021-05-15,"26","23  day ahead inc hosp",2021-06-07,"quantile",0.6,153.410921043992
"20094",2021-05-15,"26","23  day ahead inc hosp",2021-06-07,"quantile",0.65,169.257939990718
"20095",2021-05-15,"26","23  day ahead inc hosp",2021-06-07,"quantile",0.7,187.25501125007
"20096",2021-05-15,"26","23  day ahead inc hosp",2021-06-07,"quantile",0.75,208.247624425922
"20097",2021-05-15,"26","23  day ahead inc hosp",2021-06-07,"quantile",0.8,233.649005158432
"20098",2021-05-15,"26","23  day ahead inc hosp",2021-06-07,"quantile",0.85,266.113613828677
"20099",2021-05-15,"26","23  day ahead inc hosp",2021-06-07,"quantile",0.9,311.634536416886
"20100",2021-05-15,"26","23  day ahead inc hosp",2021-06-07,"quantile",0.95,389.542670209757
"20101",2021-05-15,"26","23  day ahead inc hosp",2021-06-07,"quantile",0.975,468.212105622263
"20102",2021-05-15,"26","23  day ahead inc hosp",2021-06-07,"quantile",0.99,574.028205406849
"20103",2021-05-15,"26","24  day ahead inc hosp",2021-06-08,"quantile",0.01,9.35820665138197
"20104",2021-05-15,"26","24  day ahead inc hosp",2021-06-08,"quantile",0.025,16.0074773810547
"20105",2021-05-15,"26","24  day ahead inc hosp",2021-06-08,"quantile",0.05,24.12671034484
"20106",2021-05-15,"26","24  day ahead inc hosp",2021-06-08,"quantile",0.1,36.9424748505933
"20107",2021-05-15,"26","24  day ahead inc hosp",2021-06-08,"quantile",0.15,48.0931705093909
"20108",2021-05-15,"26","24  day ahead inc hosp",2021-06-08,"quantile",0.2,58.6180350462383
"20109",2021-05-15,"26","24  day ahead inc hosp",2021-06-08,"quantile",0.25,68.9481732014269
"20110",2021-05-15,"26","24  day ahead inc hosp",2021-06-08,"quantile",0.3,79.3372488357972
"20111",2021-05-15,"26","24  day ahead inc hosp",2021-06-08,"quantile",0.35,89.9731122624083
"20112",2021-05-15,"26","24  day ahead inc hosp",2021-06-08,"quantile",0.4,101.021650183951
"20113",2021-05-15,"26","24  day ahead inc hosp",2021-06-08,"quantile",0.45,112.65065817676
"20114",2021-05-15,"26","24  day ahead inc hosp",2021-06-08,"quantile",0.5,125.048155542417
"20115",2021-05-15,"26","24  day ahead inc hosp",2021-06-08,"quantile",0.55,138.441833119125
"20116",2021-05-15,"26","24  day ahead inc hosp",2021-06-08,"quantile",0.6,153.125207036372
"20117",2021-05-15,"26","24  day ahead inc hosp",2021-06-08,"quantile",0.65,169.498432962653
"20118",2021-05-15,"26","24  day ahead inc hosp",2021-06-08,"quantile",0.7,188.139014922289
"20119",2021-05-15,"26","24  day ahead inc hosp",2021-06-08,"quantile",0.75,209.93664829354
"20120",2021-05-15,"26","24  day ahead inc hosp",2021-06-08,"quantile",0.8,236.380692848951
"20121",2021-05-15,"26","24  day ahead inc hosp",2021-06-08,"quantile",0.85,270.272442758896
"20122",2021-05-15,"26","24  day ahead inc hosp",2021-06-08,"quantile",0.9,317.945650209317
"20123",2021-05-15,"26","24  day ahead inc hosp",2021-06-08,"quantile",0.95,399.868207034037
"20124",2021-05-15,"26","24  day ahead inc hosp",2021-06-08,"quantile",0.975,482.926752683097
"20125",2021-05-15,"26","24  day ahead inc hosp",2021-06-08,"quantile",0.99,595.060085340006
"20126",2021-05-15,"26","25  day ahead inc hosp",2021-06-09,"quantile",0.01,7.89860261897242
"20127",2021-05-15,"26","25  day ahead inc hosp",2021-06-09,"quantile",0.025,14.0405997198144
"20128",2021-05-15,"26","25  day ahead inc hosp",2021-06-09,"quantile",0.05,21.7174278159489
"20129",2021-05-15,"26","25  day ahead inc hosp",2021-06-09,"quantile",0.1,34.0637019830009
"20130",2021-05-15,"26","25  day ahead inc hosp",2021-06-09,"quantile",0.15,44.9529577888159
"20131",2021-05-15,"26","25  day ahead inc hosp",2021-06-09,"quantile",0.2,55.3195136538378
"20132",2021-05-15,"26","25  day ahead inc hosp",2021-06-09,"quantile",0.25,65.5592567137368
"20133",2021-05-15,"26","25  day ahead inc hosp",2021-06-09,"quantile",0.3,75.9104246039229
"20134",2021-05-15,"26","25  day ahead inc hosp",2021-06-09,"quantile",0.35,86.5537304516192
"20135",2021-05-15,"26","25  day ahead inc hosp",2021-06-09,"quantile",0.4,97.6524006485856
"20136",2021-05-15,"26","25  day ahead inc hosp",2021-06-09,"quantile",0.45,109.374617112446
"20137",2021-05-15,"26","25  day ahead inc hosp",2021-06-09,"quantile",0.5,121.911404934119
"20138",2021-05-15,"26","25  day ahead inc hosp",2021-06-09,"quantile",0.55,135.496256432759
"20139",2021-05-15,"26","25  day ahead inc hosp",2021-06-09,"quantile",0.6,150.432031845268
"20140",2021-05-15,"26","25  day ahead inc hosp",2021-06-09,"quantile",0.65,167.133323154897
"20141",2021-05-15,"26","25  day ahead inc hosp",2021-06-09,"quantile",0.7,186.200150414688
"20142",2021-05-15,"26","25  day ahead inc hosp",2021-06-09,"quantile",0.75,208.558789309097
"20143",2021-05-15,"26","25  day ahead inc hosp",2021-06-09,"quantile",0.8,235.76238787162
"20144",2021-05-15,"26","25  day ahead inc hosp",2021-06-09,"quantile",0.85,270.736615812895
"20145",2021-05-15,"26","25  day ahead inc hosp",2021-06-09,"quantile",0.9,320.107024673532
"20146",2021-05-15,"26","25  day ahead inc hosp",2021-06-09,"quantile",0.95,405.328802809323
"20147",2021-05-15,"26","25  day ahead inc hosp",2021-06-09,"quantile",0.975,492.120931787177
"20148",2021-05-15,"26","25  day ahead inc hosp",2021-06-09,"quantile",0.99,609.774619674559
"20149",2021-05-15,"26","26  day ahead inc hosp",2021-06-10,"quantile",0.01,6.42109187134174
"20150",2021-05-15,"26","26  day ahead inc hosp",2021-06-10,"quantile",0.025,11.9487621235397
"20151",2021-05-15,"26","26  day ahead inc hosp",2021-06-10,"quantile",0.05,19.0500891918133
"20152",2021-05-15,"26","26  day ahead inc hosp",2021-06-10,"quantile",0.1,30.721462345163
"20153",2021-05-15,"26","26  day ahead inc hosp",2021-06-10,"quantile",0.15,41.1771419368199
"20154",2021-05-15,"26","26  day ahead inc hosp",2021-06-10,"quantile",0.2,51.2284659698749
"20155",2021-05-15,"26","26  day ahead inc hosp",2021-06-10,"quantile",0.25,61.2286446272824
"20156",2021-05-15,"26","26  day ahead inc hosp",2021-06-10,"quantile",0.3,71.3963221147254
"20157",2021-05-15,"26","26  day ahead inc hosp",2021-06-10,"quantile",0.35,81.9022474924623
"20158",2021-05-15,"26","26  day ahead inc hosp",2021-06-10,"quantile",0.4,92.9047476993567
"20159",2021-05-15,"26","26  day ahead inc hosp",2021-06-10,"quantile",0.45,104.570363927866
"20160",2021-05-15,"26","26  day ahead inc hosp",2021-06-10,"quantile",0.5,117.091068205807
"20161",2021-05-15,"26","26  day ahead inc hosp",2021-06-10,"quantile",0.55,130.70385064433
"20162",2021-05-15,"26","26  day ahead inc hosp",2021-06-10,"quantile",0.6,145.718120274076
"20163",2021-05-15,"26","26  day ahead inc hosp",2021-06-10,"quantile",0.65,162.559265554623
"20164",2021-05-15,"26","26  day ahead inc hosp",2021-06-10,"quantile",0.7,181.844755314546
"20165",2021-05-15,"26","26  day ahead inc hosp",2021-06-10,"quantile",0.75,204.529871520195
"20166",2021-05-15,"26","26  day ahead inc hosp",2021-06-10,"quantile",0.8,232.21922130564
"20167",2021-05-15,"26","26  day ahead inc hosp",2021-06-10,"quantile",0.85,267.940322895722
"20168",2021-05-15,"26","26  day ahead inc hosp",2021-06-10,"quantile",0.9,318.561300319816
"20169",2021-05-15,"26","26  day ahead inc hosp",2021-06-10,"quantile",0.95,406.373025382581
"20170",2021-05-15,"26","26  day ahead inc hosp",2021-06-10,"quantile",0.975,496.241371775243
"20171",2021-05-15,"26","26  day ahead inc hosp",2021-06-10,"quantile",0.99,618.607483525614
"20172",2021-05-15,"26","27  day ahead inc hosp",2021-06-11,"quantile",0.01,5.62038195849997
"20173",2021-05-15,"26","27  day ahead inc hosp",2021-06-11,"quantile",0.025,10.8546460977928
"20174",2021-05-15,"26","27  day ahead inc hosp",2021-06-11,"quantile",0.05,17.7289571193352
"20175",2021-05-15,"26","27  day ahead inc hosp",2021-06-11,"quantile",0.1,29.2231754363306
"20176",2021-05-15,"26","27  day ahead inc hosp",2021-06-11,"quantile",0.15,39.6465245176779
"20177",2021-05-15,"26","27  day ahead inc hosp",2021-06-11,"quantile",0.2,49.7430055386088
"20178",2021-05-15,"26","27  day ahead inc hosp",2021-06-11,"quantile",0.25,59.8442691447587
"20179",2021-05-15,"26","27  day ahead inc hosp",2021-06-11,"quantile",0.3,70.1606391090812
"20180",2021-05-15,"26","27  day ahead inc hosp",2021-06-11,"quantile",0.35,80.8603559246077
"20181",2021-05-15,"26","27  day ahead inc hosp",2021-06-11,"quantile",0.4,92.1026912492711
"20182",2021-05-15,"26","27  day ahead inc hosp",2021-06-11,"quantile",0.45,104.057842674177
"20183",2021-05-15,"26","27  day ahead inc hosp",2021-06-11,"quantile",0.5,116.924158230158
"20184",2021-05-15,"26","27  day ahead inc hosp",2021-06-11,"quantile",0.55,130.948280699233
"20185",2021-05-15,"26","27  day ahead inc hosp",2021-06-11,"quantile",0.6,146.453745664083
"20186",2021-05-15,"26","27  day ahead inc hosp",2021-06-11,"quantile",0.65,163.886751240177
"20187",2021-05-15,"26","27  day ahead inc hosp",2021-06-11,"quantile",0.7,183.896360075071
"20188",2021-05-15,"26","27  day ahead inc hosp",2021-06-11,"quantile",0.75,207.488320509068
"20189",2021-05-15,"26","27  day ahead inc hosp",2021-06-11,"quantile",0.8,236.354195693667
"20190",2021-05-15,"26","27  day ahead inc hosp",2021-06-11,"quantile",0.85,273.68941349226
"20191",2021-05-15,"26","27  day ahead inc hosp",2021-06-11,"quantile",0.9,326.752402419773
"20192",2021-05-15,"26","27  day ahead inc hosp",2021-06-11,"quantile",0.95,419.140459545291
"20193",2021-05-15,"26","27  day ahead inc hosp",2021-06-11,"quantile",0.975,514.038459742705
"20194",2021-05-15,"26","27  day ahead inc hosp",2021-06-11,"quantile",0.99,643.681399670547
"20195",2021-05-15,"26","28  day ahead inc hosp",2021-06-12,"quantile",0.01,5.21110098171903
"20196",2021-05-15,"26","28  day ahead inc hosp",2021-06-12,"quantile",0.025,10.3641301454473
"20197",2021-05-15,"26","28  day ahead inc hosp",2021-06-12,"quantile",0.05,17.2496969332883
"20198",2021-05-15,"26","28  day ahead inc hosp",2021-06-12,"quantile",0.1,28.9172143099072
"20199",2021-05-15,"26","28  day ahead inc hosp",2021-06-12,"quantile",0.15,39.597300339052
"20200",2021-05-15,"26","28  day ahead inc hosp",2021-06-12,"quantile",0.2,50.002538548149
"20201",2021-05-15,"26","28  day ahead inc hosp",2021-06-12,"quantile",0.25,60.4569677695071
"20202",2021-05-15,"26","28  day ahead inc hosp",2021-06-12,"quantile",0.3,71.1702259859551
"20203",2021-05-15,"26","28  day ahead inc hosp",2021-06-12,"quantile",0.35,82.313250113098
"20204",2021-05-15,"26","28  day ahead inc hosp",2021-06-12,"quantile",0.4,94.0504784252333
"20205",2021-05-15,"26","28  day ahead inc hosp",2021-06-12,"quantile",0.45,106.559722866182
"20206",2021-05-15,"26","28  day ahead inc hosp",2021-06-12,"quantile",0.5,120.049883818181
"20207",2021-05-15,"26","28  day ahead inc hosp",2021-06-12,"quantile",0.55,134.782099203441
"20208",2021-05-15,"26","28  day ahead inc hosp",2021-06-12,"quantile",0.6,151.100090177817
"20209",2021-05-15,"26","28  day ahead inc hosp",2021-06-12,"quantile",0.65,169.478960614432
"20210",2021-05-15,"26","28  day ahead inc hosp",2021-06-12,"quantile",0.7,190.610891999182
"20211",2021-05-15,"26","28  day ahead inc hosp",2021-06-12,"quantile",0.75,215.569680186011
"20212",2021-05-15,"26","28  day ahead inc hosp",2021-06-12,"quantile",0.8,246.163048347022
"20213",2021-05-15,"26","28  day ahead inc hosp",2021-06-12,"quantile",0.85,285.808884890091
"20214",2021-05-15,"26","28  day ahead inc hosp",2021-06-12,"quantile",0.9,342.278377843736
"20215",2021-05-15,"26","28  day ahead inc hosp",2021-06-12,"quantile",0.95,440.86733490273
"20216",2021-05-15,"26","28  day ahead inc hosp",2021-06-12,"quantile",0.975,542.409346527553
"20217",2021-05-15,"26","28  day ahead inc hosp",2021-06-12,"quantile",0.99,681.468931261269
"20218",2021-05-15,"26","29  day ahead inc hosp",2021-06-13,"quantile",0.01,3.93499987399298
"20219",2021-05-15,"26","29  day ahead inc hosp",2021-06-13,"quantile",0.025,8.42555601739078
"20220",2021-05-15,"26","29  day ahead inc hosp",2021-06-13,"quantile",0.05,14.6885459180734
"20221",2021-05-15,"26","29  day ahead inc hosp",2021-06-13,"quantile",0.1,25.65179890371
"20222",2021-05-15,"26","29  day ahead inc hosp",2021-06-13,"quantile",0.15,35.9159612244679
"20223",2021-05-15,"26","29  day ahead inc hosp",2021-06-13,"quantile",0.2,46.0551383335746
"20224",2021-05-15,"26","29  day ahead inc hosp",2021-06-13,"quantile",0.25,56.3453724070279
"20225",2021-05-15,"26","29  day ahead inc hosp",2021-06-13,"quantile",0.3,66.9750876809063
"20226",2021-05-15,"26","29  day ahead inc hosp",2021-06-13,"quantile",0.35,78.1056019373983
"20227",2021-05-15,"26","29  day ahead inc hosp",2021-06-13,"quantile",0.4,89.8982233148944
"20228",2021-05-15,"26","29  day ahead inc hosp",2021-06-13,"quantile",0.45,102.532235445474
"20229",2021-05-15,"26","29  day ahead inc hosp",2021-06-13,"quantile",0.5,116.222136656021
"20230",2021-05-15,"26","29  day ahead inc hosp",2021-06-13,"quantile",0.55,131.239219557666
"20231",2021-05-15,"26","29  day ahead inc hosp",2021-06-13,"quantile",0.6,147.943266322471
"20232",2021-05-15,"26","29  day ahead inc hosp",2021-06-13,"quantile",0.65,166.834046767811
"20233",2021-05-15,"26","29  day ahead inc hosp",2021-06-13,"quantile",0.7,188.642172397614
"20234",2021-05-15,"26","29  day ahead inc hosp",2021-06-13,"quantile",0.75,214.503958899749
"20235",2021-05-15,"26","29  day ahead inc hosp",2021-06-13,"quantile",0.8,246.336457380825
"20236",2021-05-15,"26","29  day ahead inc hosp",2021-06-13,"quantile",0.85,287.771560399838
"20237",2021-05-15,"26","29  day ahead inc hosp",2021-06-13,"quantile",0.9,347.085089662852
"20238",2021-05-15,"26","29  day ahead inc hosp",2021-06-13,"quantile",0.95,451.292342314859
"20239",2021-05-15,"26","29  day ahead inc hosp",2021-06-13,"quantile",0.975,559.287522425669
"20240",2021-05-15,"26","29  day ahead inc hosp",2021-06-13,"quantile",0.99,708.012486008957
"20241",2021-05-15,"26","30  day ahead inc hosp",2021-06-14,"quantile",0.01,3.14213923113053
"20242",2021-05-15,"26","30  day ahead inc hosp",2021-06-14,"quantile",0.025,7.1891152788355
"20243",2021-05-15,"26","30  day ahead inc hosp",2021-06-14,"quantile",0.05,13.0508045706059
"20244",2021-05-15,"26","30  day ahead inc hosp",2021-06-14,"quantile",0.1,23.6035761589073
"20245",2021-05-15,"26","30  day ahead inc hosp",2021-06-14,"quantile",0.15,33.6739843293725
"20246",2021-05-15,"26","30  day ahead inc hosp",2021-06-14,"quantile",0.2,43.7377834476921
"20247",2021-05-15,"26","30  day ahead inc hosp",2021-06-14,"quantile",0.25,54.0375830535706
"20248",2021-05-15,"26","30  day ahead inc hosp",2021-06-14,"quantile",0.3,64.7479598129736
"20249",2021-05-15,"26","30  day ahead inc hosp",2021-06-14,"quantile",0.35,76.0251460328226
"20250",2021-05-15,"26","30  day ahead inc hosp",2021-06-14,"quantile",0.4,88.0305661628019
"20251",2021-05-15,"26","30  day ahead inc hosp",2021-06-14,"quantile",0.45,100.947634618347
"20252",2021-05-15,"26","30  day ahead inc hosp",2021-06-14,"quantile",0.5,114.998915423366
"20253",2021-05-15,"26","30  day ahead inc hosp",2021-06-14,"quantile",0.55,130.468423266265
"20254",2021-05-15,"26","30  day ahead inc hosp",2021-06-14,"quantile",0.6,147.734956747184
"20255",2021-05-15,"26","30  day ahead inc hosp",2021-06-14,"quantile",0.65,167.326669508962
"20256",2021-05-15,"26","30  day ahead inc hosp",2021-06-14,"quantile",0.7,190.017675182453
"20257",2021-05-15,"26","30  day ahead inc hosp",2021-06-14,"quantile",0.75,217.014314817402
"20258",2021-05-15,"26","30  day ahead inc hosp",2021-06-14,"quantile",0.8,250.35514985138
"20259",2021-05-15,"26","30  day ahead inc hosp",2021-06-14,"quantile",0.85,293.908389440127
"20260",2021-05-15,"26","30  day ahead inc hosp",2021-06-14,"quantile",0.9,356.503599846945
"20261",2021-05-15,"26","30  day ahead inc hosp",2021-06-14,"quantile",0.95,467.028986337847
"20262",2021-05-15,"26","30  day ahead inc hosp",2021-06-14,"quantile",0.975,582.136571898982
"20263",2021-05-15,"26","30  day ahead inc hosp",2021-06-14,"quantile",0.99,741.358312944861
"20264",2021-05-15,"26","31  day ahead inc hosp",2021-06-15,"quantile",0.01,2.64880005913944
"20265",2021-05-15,"26","31  day ahead inc hosp",2021-06-15,"quantile",0.025,6.39160000706392
"20266",2021-05-15,"26","31  day ahead inc hosp",2021-06-15,"quantile",0.05,11.9769817269063
"20267",2021-05-15,"26","31  day ahead inc hosp",2021-06-15,"quantile",0.1,22.2536288839828
"20268",2021-05-15,"26","31  day ahead inc hosp",2021-06-15,"quantile",0.15,32.2048143858579
"20269",2021-05-15,"26","31  day ahead inc hosp",2021-06-15,"quantile",0.2,42.2372895408593
"20270",2021-05-15,"26","31  day ahead inc hosp",2021-06-15,"quantile",0.25,52.570201092361
"20271",2021-05-15,"26","31  day ahead inc hosp",2021-06-15,"quantile",0.3,63.3686308600511
"20272",2021-05-15,"26","31  day ahead inc hosp",2021-06-15,"quantile",0.35,74.7856826441411
"20273",2021-05-15,"26","31  day ahead inc hosp",2021-06-15,"quantile",0.4,86.9835305066222
"20274",2021-05-15,"26","31  day ahead inc hosp",2021-06-15,"quantile",0.45,100.149425105554
"20275",2021-05-15,"26","31  day ahead inc hosp",2021-06-15,"quantile",0.5,114.512877717822
"20276",2021-05-15,"26","31  day ahead inc hosp",2021-06-15,"quantile",0.55,130.368603242171
"20277",2021-05-15,"26","31  day ahead inc hosp",2021-06-15,"quantile",0.6,148.11122950765
"20278",2021-05-15,"26","31  day ahead inc hosp",2021-06-15,"quantile",0.65,168.29241498344
"20279",2021-05-15,"26","31  day ahead inc hosp",2021-06-15,"quantile",0.7,191.722198311501
"20280",2021-05-15,"26","31  day ahead inc hosp",2021-06-15,"quantile",0.75,219.664660016286
"20281",2021-05-15,"26","31  day ahead inc hosp",2021-06-15,"quantile",0.8,254.258463922902
"20282",2021-05-15,"26","31  day ahead inc hosp",2021-06-15,"quantile",0.85,299.566396436109
"20283",2021-05-15,"26","31  day ahead inc hosp",2021-06-15,"quantile",0.9,364.873803319212
"20284",2021-05-15,"26","31  day ahead inc hosp",2021-06-15,"quantile",0.95,480.610051079978
"20285",2021-05-15,"26","31  day ahead inc hosp",2021-06-15,"quantile",0.975,601.575796015182
"20286",2021-05-15,"26","31  day ahead inc hosp",2021-06-15,"quantile",0.99,769.43729623311
"20287",2021-05-15,"26","32  day ahead inc hosp",2021-06-16,"quantile",0.01,2.15649280206379
"20288",2021-05-15,"26","32  day ahead inc hosp",2021-06-16,"quantile",0.025,5.54276469180139
"20289",2021-05-15,"26","32  day ahead inc hosp",2021-06-16,"quantile",0.05,10.7754320607646
"20290",2021-05-15,"26","32  day ahead inc hosp",2021-06-16,"quantile",0.1,20.6468759243236
"20291",2021-05-15,"26","32  day ahead inc hosp",2021-06-16,"quantile",0.15,30.3651605635694
"20292",2021-05-15,"26","32  day ahead inc hosp",2021-06-16,"quantile",0.2,40.2601664510215
"20293",2021-05-15,"26","32  day ahead inc hosp",2021-06-16,"quantile",0.25,50.5238748231618
"20294",2021-05-15,"26","32  day ahead inc hosp",2021-06-16,"quantile",0.3,61.3096423292191
"20295",2021-05-15,"26","32  day ahead inc hosp",2021-06-16,"quantile",0.35,72.7658462662619
"20296",2021-05-15,"26","32  day ahead inc hosp",2021-06-16,"quantile",0.4,85.0540909358869
"20297",2021-05-15,"26","32  day ahead inc hosp",2021-06-16,"quantile",0.45,98.3642328079169
"20298",2021-05-15,"26","32  day ahead inc hosp",2021-06-16,"quantile",0.5,112.931457191815
"20299",2021-05-15,"26","32  day ahead inc hosp",2021-06-16,"quantile",0.55,129.059741541988
"20300",2021-05-15,"26","32  day ahead inc hosp",2021-06-16,"quantile",0.6,147.157795417289
"20301",2021-05-15,"26","32  day ahead inc hosp",2021-06-16,"quantile",0.65,167.798514844129
"20302",2021-05-15,"26","32  day ahead inc hosp",2021-06-16,"quantile",0.7,191.824730784977
"20303",2021-05-15,"26","32  day ahead inc hosp",2021-06-16,"quantile",0.75,220.553631131698
"20304",2021-05-15,"26","32  day ahead inc hosp",2021-06-16,"quantile",0.8,256.216547675422
"20305",2021-05-15,"26","32  day ahead inc hosp",2021-06-16,"quantile",0.85,303.057508554285
"20306",2021-05-15,"26","32  day ahead inc hosp",2021-06-16,"quantile",0.9,370.789230265733
"20307",2021-05-15,"26","32  day ahead inc hosp",2021-06-16,"quantile",0.95,491.298268347316
"20308",2021-05-15,"26","32  day ahead inc hosp",2021-06-16,"quantile",0.975,617.740078723193
"20309",2021-05-15,"26","32  day ahead inc hosp",2021-06-16,"quantile",0.99,793.807960681865
"20310",2021-05-15,"26","33  day ahead inc hosp",2021-06-17,"quantile",0.01,1.77647444985062
"20311",2021-05-15,"26","33  day ahead inc hosp",2021-06-17,"quantile",0.025,4.86773133373621
"20312",2021-05-15,"26","33  day ahead inc hosp",2021-06-17,"quantile",0.05,9.81344269402479
"20313",2021-05-15,"26","33  day ahead inc hosp",2021-06-17,"quantile",0.1,19.3746630065663
"20314",2021-05-15,"26","33  day ahead inc hosp",2021-06-17,"quantile",0.15,28.9389762136332
"20315",2021-05-15,"26","33  day ahead inc hosp",2021-06-17,"quantile",0.2,38.7697865490755
"20316",2021-05-15,"26","33  day ahead inc hosp",2021-06-17,"quantile",0.25,49.0358471124867
"20317",2021-05-15,"26","33  day ahead inc hosp",2021-06-17,"quantile",0.3,59.8809766436876
"20318",2021-05-15,"26","33  day ahead inc hosp",2021-06-17,"quantile",0.35,71.4503883951101
"20319",2021-05-15,"26","33  day ahead inc hosp",2021-06-17,"quantile",0.4,83.9064715353371
"20320",2021-05-15,"26","33  day ahead inc hosp",2021-06-17,"quantile",0.45,97.443051177153
"20321",2021-05-15,"26","33  day ahead inc hosp",2021-06-17,"quantile",0.5,112.302517428567
"20322",2021-05-15,"26","33  day ahead inc hosp",2021-06-17,"quantile",0.55,128.799975657219
"20323",2021-05-15,"26","33  day ahead inc hosp",2021-06-17,"quantile",0.6,147.360640640929
"20324",2021-05-15,"26","33  day ahead inc hosp",2021-06-17,"quantile",0.65,168.581977808709
"20325",2021-05-15,"26","33  day ahead inc hosp",2021-06-17,"quantile",0.7,193.344461093348
"20326",2021-05-15,"26","33  day ahead inc hosp",2021-06-17,"quantile",0.75,223.025927462518
"20327",2021-05-15,"26","33  day ahead inc hosp",2021-06-17,"quantile",0.8,259.96312808213
"20328",2021-05-15,"26","33  day ahead inc hosp",2021-06-17,"quantile",0.85,308.605590854152
"20329",2021-05-15,"26","33  day ahead inc hosp",2021-06-17,"quantile",0.9,379.149018535131
"20330",2021-05-15,"26","33  day ahead inc hosp",2021-06-17,"quantile",0.95,505.120411268674
"20331",2021-05-15,"26","33  day ahead inc hosp",2021-06-17,"quantile",0.975,637.764369068923
"20332",2021-05-15,"26","33  day ahead inc hosp",2021-06-17,"quantile",0.99,823.055692057087
"20333",2021-05-15,"26","34  day ahead inc hosp",2021-06-18,"quantile",0.01,1.45529841463624
"20334",2021-05-15,"26","34  day ahead inc hosp",2021-06-18,"quantile",0.025,4.27046491441913
"20335",2021-05-15,"26","34  day ahead inc hosp",2021-06-18,"quantile",0.05,8.94215493241338
"20336",2021-05-15,"26","34  day ahead inc hosp",2021-06-18,"quantile",0.1,18.2047934421757
"20337",2021-05-15,"26","34  day ahead inc hosp",2021-06-18,"quantile",0.15,27.6222223538053
"20338",2021-05-15,"26","34  day ahead inc hosp",2021-06-18,"quantile",0.2,37.3950287653778
"20339",2021-05-15,"26","34  day ahead inc hosp",2021-06-18,"quantile",0.25,47.6698639598509
"20340",2021-05-15,"26","34  day ahead inc hosp",2021-06-18,"quantile",0.3,58.581567054353
"20341",2021-05-15,"26","34  day ahead inc hosp",2021-06-18,"quantile",0.35,70.2725791362666
"20342",2021-05-15,"26","34  day ahead inc hosp",2021-06-18,"quantile",0.4,82.9064331685161
"20343",2021-05-15,"26","34  day ahead inc hosp",2021-06-18,"quantile",0.45,96.6813151690319
"20344",2021-05-15,"26","34  day ahead inc hosp",2021-06-18,"quantile",0.5,111.84729701874
"20345",2021-05-15,"26","34  day ahead inc hosp",2021-06-18,"quantile",0.55,128.731232298874
"20346",2021-05-15,"26","34  day ahead inc hosp",2021-06-18,"quantile",0.6,147.775689134212
"20347",2021-05-15,"26","34  day ahead inc hosp",2021-06-18,"quantile",0.65,169.603916854517
"20348",2021-05-15,"26","34  day ahead inc hosp",2021-06-18,"quantile",0.7,195.135861957313
"20349",2021-05-15,"26","34  day ahead inc hosp",2021-06-18,"quantile",0.75,225.812943831762
"20350",2021-05-15,"26","34  day ahead inc hosp",2021-06-18,"quantile",0.8,264.082442443244
"20351",2021-05-15,"26","34  day ahead inc hosp",2021-06-18,"quantile",0.85,314.609412559713
"20352",2021-05-15,"26","34  day ahead inc hosp",2021-06-18,"quantile",0.9,388.096359860753
"20353",2021-05-15,"26","34  day ahead inc hosp",2021-06-18,"quantile",0.95,519.792904613987
"20354",2021-05-15,"26","34  day ahead inc hosp",2021-06-18,"quantile",0.975,658.945877809586
"20355",2021-05-15,"26","34  day ahead inc hosp",2021-06-18,"quantile",0.99,853.929481932031
"20356",2021-05-15,"26","35  day ahead inc hosp",2021-06-19,"quantile",0.01,1.12115761072047
"20357",2021-05-15,"26","35  day ahead inc hosp",2021-06-19,"quantile",0.025,3.59017717325997
"20358",2021-05-15,"26","35  day ahead inc hosp",2021-06-19,"quantile",0.05,7.87872942033118
"20359",2021-05-15,"26","35  day ahead inc hosp",2021-06-19,"quantile",0.1,16.6485237758778
"20360",2021-05-15,"26","35  day ahead inc hosp",2021-06-19,"quantile",0.15,25.7408849254668
"20361",2021-05-15,"26","35  day ahead inc hosp",2021-06-19,"quantile",0.2,35.2845532042734
"20362",2021-05-15,"26","35  day ahead inc hosp",2021-06-19,"quantile",0.25,45.3993916839516
"20363",2021-05-15,"26","35  day ahead inc hosp",2021-06-19,"quantile",0.3,56.2081819714639
"20364",2021-05-15,"26","35  day ahead inc hosp",2021-06-19,"quantile",0.35,67.8481753790573
"20365",2021-05-15,"26","35  day ahead inc hosp",2021-06-19,"quantile",0.4,80.4818561231222
"20366",2021-05-15,"26","35  day ahead inc hosp",2021-06-19,"quantile",0.45,94.3095398925136
"20367",2021-05-15,"26","35  day ahead inc hosp",2021-06-19,"quantile",0.5,109.586493905291
"20368",2021-05-15,"26","35  day ahead inc hosp",2021-06-19,"quantile",0.55,126.648341967096
"20369",2021-05-15,"26","35  day ahead inc hosp",2021-06-19,"quantile",0.6,145.951217524625
"20370",2021-05-15,"26","35  day ahead inc hosp",2021-06-19,"quantile",0.65,168.139062863983
"20371",2021-05-15,"26","35  day ahead inc hosp",2021-06-19,"quantile",0.7,194.164059136727
"20372",2021-05-15,"26","35  day ahead inc hosp",2021-06-19,"quantile",0.75,225.520234639201
"20373",2021-05-15,"26","35  day ahead inc hosp",2021-06-19,"quantile",0.8,264.747352051312
"20374",2021-05-15,"26","35  day ahead inc hosp",2021-06-19,"quantile",0.85,316.692750298067
"20375",2021-05-15,"26","35  day ahead inc hosp",2021-06-19,"quantile",0.9,392.492531442998
"20376",2021-05-15,"26","35  day ahead inc hosp",2021-06-19,"quantile",0.95,528.891347307643
"20377",2021-05-15,"26","35  day ahead inc hosp",2021-06-19,"quantile",0.975,673.58496618853
"20378",2021-05-15,"26","35  day ahead inc hosp",2021-06-19,"quantile",0.99,877.047196669199
"20379",2021-05-15,"26","36  day ahead inc hosp",2021-06-20,"quantile",0.01,0.928903677828289
"20380",2021-05-15,"26","36  day ahead inc hosp",2021-06-20,"quantile",0.025,3.20041201575193
"20381",2021-05-15,"26","36  day ahead inc hosp",2021-06-20,"quantile",0.05,7.29633711796352
"20382",2021-05-15,"26","36  day ahead inc hosp",2021-06-20,"quantile",0.1,15.8826983134221
"20383",2021-05-15,"26","36  day ahead inc hosp",2021-06-20,"quantile",0.15,24.9235429270188
"20384",2021-05-15,"26","36  day ahead inc hosp",2021-06-20,"quantile",0.2,34.4983626456753
"20385",2021-05-15,"26","36  day ahead inc hosp",2021-06-20,"quantile",0.25,44.7099754687046
"20386",2021-05-15,"26","36  day ahead inc hosp",2021-06-20,"quantile",0.3,55.6750032943806
"20387",2021-05-15,"26","36  day ahead inc hosp",2021-06-20,"quantile",0.35,67.5299820350924
"20388",2021-05-15,"26","36  day ahead inc hosp",2021-06-20,"quantile",0.4,80.440377046563
"20389",2021-05-15,"26","36  day ahead inc hosp",2021-06-20,"quantile",0.45,94.6127699219318
"20390",2021-05-15,"26","36  day ahead inc hosp",2021-06-20,"quantile",0.5,110.312303966836
"20391",2021-05-15,"26","36  day ahead inc hosp",2021-06-20,"quantile",0.55,127.889077023311
"20392",2021-05-15,"26","36  day ahead inc hosp",2021-06-20,"quantile",0.6,147.820168239168
"20393",2021-05-15,"26","36  day ahead inc hosp",2021-06-20,"quantile",0.65,170.780296461198
"20394",2021-05-15,"26","36  day ahead inc hosp",2021-06-20,"quantile",0.7,197.768447523485
"20395",2021-05-15,"26","36  day ahead inc hosp",2021-06-20,"quantile",0.75,230.353718647173
"20396",2021-05-15,"26","36  day ahead inc hosp",2021-06-20,"quantile",0.8,271.205962871219
"20397",2021-05-15,"26","36  day ahead inc hosp",2021-06-20,"quantile",0.85,325.425539805292
"20398",2021-05-15,"26","36  day ahead inc hosp",2021-06-20,"quantile",0.9,404.742060045141
"20399",2021-05-15,"26","36  day ahead inc hosp",2021-06-20,"quantile",0.95,547.911798641947
"20400",2021-05-15,"26","36  day ahead inc hosp",2021-06-20,"quantile",0.975,700.242658181137
"20401",2021-05-15,"26","36  day ahead inc hosp",2021-06-20,"quantile",0.99,915.01240307021
"20402",2021-05-15,"26","37  day ahead inc hosp",2021-06-21,"quantile",0.01,0.780824632867284
"20403",2021-05-15,"26","37  day ahead inc hosp",2021-06-21,"quantile",0.025,2.89196740167128
"20404",2021-05-15,"26","37  day ahead inc hosp",2021-06-21,"quantile",0.05,6.83924431981034
"20405",2021-05-15,"26","37  day ahead inc hosp",2021-06-21,"quantile",0.1,15.3116752498589
"20406",2021-05-15,"26","37  day ahead inc hosp",2021-06-21,"quantile",0.15,24.3628930253371
"20407",2021-05-15,"26","37  day ahead inc hosp",2021-06-21,"quantile",0.2,34.0288937886265
"20408",2021-05-15,"26","37  day ahead inc hosp",2021-06-21,"quantile",0.25,44.3978107910653
"20409",2021-05-15,"26","37  day ahead inc hosp",2021-06-21,"quantile",0.3,55.5815543736957
"20410",2021-05-15,"26","37  day ahead inc hosp",2021-06-21,"quantile",0.35,67.717100387878
"20411",2021-05-15,"26","37  day ahead inc hosp",2021-06-21,"quantile",0.4,80.9740039005352
"20412",2021-05-15,"26","37  day ahead inc hosp",2021-06-21,"quantile",0.45,95.5663191659342
"20413",2021-05-15,"26","37  day ahead inc hosp",2021-06-21,"quantile",0.5,111.770497111802
"20414",2021-05-15,"26","37  day ahead inc hosp",2021-06-21,"quantile",0.55,129.952916866363
"20415",2021-05-15,"26","37  day ahead inc hosp",2021-06-21,"quantile",0.6,150.614004033732
"20416",2021-05-15,"26","37  day ahead inc hosp",2021-06-21,"quantile",0.65,174.462600812225
"20417",2021-05-15,"26","37  day ahead inc hosp",2021-06-21,"quantile",0.7,202.549413502344
"20418",2021-05-15,"26","37  day ahead inc hosp",2021-06-21,"quantile",0.75,236.526296586741
"20419",2021-05-15,"26","37  day ahead inc hosp",2021-06-21,"quantile",0.8,279.20624859675
"20420",2021-05-15,"26","37  day ahead inc hosp",2021-06-21,"quantile",0.85,335.967572770502
"20421",2021-05-15,"26","37  day ahead inc hosp",2021-06-21,"quantile",0.9,419.190720076091
"20422",2021-05-15,"26","37  day ahead inc hosp",2021-06-21,"quantile",0.95,569.833248637808
"20423",2021-05-15,"26","37  day ahead inc hosp",2021-06-21,"quantile",0.975,730.547778051236
"20424",2021-05-15,"26","37  day ahead inc hosp",2021-06-21,"quantile",0.99,957.678968124365
"20425",2021-05-15,"27","1  day ahead inc hosp",2021-05-16,"quantile",0.01,33.5989748804326
"20426",2021-05-15,"27","1  day ahead inc hosp",2021-05-16,"quantile",0.025,36.3340008415354
"20427",2021-05-15,"27","1  day ahead inc hosp",2021-05-16,"quantile",0.05,38.8169554941886
"20428",2021-05-15,"27","1  day ahead inc hosp",2021-05-16,"quantile",0.1,41.8352091496085
"20429",2021-05-15,"27","1  day ahead inc hosp",2021-05-16,"quantile",0.15,43.9687763921481
"20430",2021-05-15,"27","1  day ahead inc hosp",2021-05-16,"quantile",0.2,45.7218453750366
"20431",2021-05-15,"27","1  day ahead inc hosp",2021-05-16,"quantile",0.25,47.2671520471659
"20432",2021-05-15,"27","1  day ahead inc hosp",2021-05-16,"quantile",0.3,48.6879712660727
"20433",2021-05-15,"27","1  day ahead inc hosp",2021-05-16,"quantile",0.35,50.0329426495529
"20434",2021-05-15,"27","1  day ahead inc hosp",2021-05-16,"quantile",0.4,51.3347728303222
"20435",2021-05-15,"27","1  day ahead inc hosp",2021-05-16,"quantile",0.45,52.6183294659308
"20436",2021-05-15,"27","1  day ahead inc hosp",2021-05-16,"quantile",0.5,53.9048894499773
"20437",2021-05-15,"27","1  day ahead inc hosp",2021-05-16,"quantile",0.55,55.2148995143761
"20438",2021-05-15,"27","1  day ahead inc hosp",2021-05-16,"quantile",0.6,56.5703253691042
"20439",2021-05-15,"27","1  day ahead inc hosp",2021-05-16,"quantile",0.65,57.9973355004553
"20440",2021-05-15,"27","1  day ahead inc hosp",2021-05-16,"quantile",0.7,59.5302306428934
"20441",2021-05-15,"27","1  day ahead inc hosp",2021-05-16,"quantile",0.75,61.2183434575994
"20442",2021-05-15,"27","1  day ahead inc hosp",2021-05-16,"quantile",0.8,63.1401118418902
"20443",2021-05-15,"27","1  day ahead inc hosp",2021-05-16,"quantile",0.85,65.4368799942972
"20444",2021-05-15,"27","1  day ahead inc hosp",2021-05-16,"quantile",0.9,68.4150949436922
"20445",2021-05-15,"27","1  day ahead inc hosp",2021-05-16,"quantile",0.95,73.0148242883095
"20446",2021-05-15,"27","1  day ahead inc hosp",2021-05-16,"quantile",0.975,77.1888849928249
"20447",2021-05-15,"27","1  day ahead inc hosp",2021-05-16,"quantile",0.99,82.2643286450191
"20448",2021-05-15,"27","2  day ahead inc hosp",2021-05-17,"quantile",0.01,38.4217955632299
"20449",2021-05-15,"27","2  day ahead inc hosp",2021-05-17,"quantile",0.025,41.8102774562429
"20450",2021-05-15,"27","2  day ahead inc hosp",2021-05-17,"quantile",0.05,44.8996552558701
"20451",2021-05-15,"27","2  day ahead inc hosp",2021-05-17,"quantile",0.1,48.670546500316
"20452",2021-05-15,"27","2  day ahead inc hosp",2021-05-17,"quantile",0.15,51.3456315277324
"20453",2021-05-15,"27","2  day ahead inc hosp",2021-05-17,"quantile",0.2,53.5491510473052
"20454",2021-05-15,"27","2  day ahead inc hosp",2021-05-17,"quantile",0.25,55.4954451898482
"20455",2021-05-15,"27","2  day ahead inc hosp",2021-05-17,"quantile",0.3,57.2880605201162
"20456",2021-05-15,"27","2  day ahead inc hosp",2021-05-17,"quantile",0.35,58.9876286741416
"20457",2021-05-15,"27","2  day ahead inc hosp",2021-05-17,"quantile",0.4,60.6350541732354
"20458",2021-05-15,"27","2  day ahead inc hosp",2021-05-17,"quantile",0.45,62.2615694256807
"20459",2021-05-15,"27","2  day ahead inc hosp",2021-05-17,"quantile",0.5,63.8940313814377
"20460",2021-05-15,"27","2  day ahead inc hosp",2021-05-17,"quantile",0.55,65.5583864981006
"20461",2021-05-15,"27","2  day ahead inc hosp",2021-05-17,"quantile",0.6,67.2826474654085
"20462",2021-05-15,"27","2  day ahead inc hosp",2021-05-17,"quantile",0.65,69.1003252013743
"20463",2021-05-15,"27","2  day ahead inc hosp",2021-05-17,"quantile",0.7,71.0554839713127
"20464",2021-05-15,"27","2  day ahead inc hosp",2021-05-17,"quantile",0.75,73.2116452181148
"20465",2021-05-15,"27","2  day ahead inc hosp",2021-05-17,"quantile",0.8,75.6699772955849
"20466",2021-05-15,"27","2  day ahead inc hosp",2021-05-17,"quantile",0.85,78.6130257063594
"20467",2021-05-15,"27","2  day ahead inc hosp",2021-05-17,"quantile",0.9,82.4370443108528
"20468",2021-05-15,"27","2  day ahead inc hosp",2021-05-17,"quantile",0.95,88.3593381165035
"20469",2021-05-15,"27","2  day ahead inc hosp",2021-05-17,"quantile",0.975,93.74954116448
"20470",2021-05-15,"27","2  day ahead inc hosp",2021-05-17,"quantile",0.99,100.322748746714
"20471",2021-05-15,"27","3  day ahead inc hosp",2021-05-18,"quantile",0.01,38.2839550040742
"20472",2021-05-15,"27","3  day ahead inc hosp",2021-05-18,"quantile",0.025,41.7833313966439
"20473",2021-05-15,"27","3  day ahead inc hosp",2021-05-18,"quantile",0.05,44.9802478716571
"20474",2021-05-15,"27","3  day ahead inc hosp",2021-05-18,"quantile",0.1,48.8899466510208
"20475",2021-05-15,"27","3  day ahead inc hosp",2021-05-18,"quantile",0.15,51.6681258307445
"20476",2021-05-15,"27","3  day ahead inc hosp",2021-05-18,"quantile",0.2,53.9592481512259
"20477",2021-05-15,"27","3  day ahead inc hosp",2021-05-18,"quantile",0.25,55.9848284315024
"20478",2021-05-15,"27","3  day ahead inc hosp",2021-05-18,"quantile",0.3,57.8519844261716
"20479",2021-05-15,"27","3  day ahead inc hosp",2021-05-18,"quantile",0.35,59.6235133931202
"20480",2021-05-15,"27","3  day ahead inc hosp",2021-05-18,"quantile",0.4,61.3418468540503
"20481",2021-05-15,"27","3  day ahead inc hosp",2021-05-18,"quantile",0.45,63.0394478715466
"20482",2021-05-15,"27","3  day ahead inc hosp",2021-05-18,"quantile",0.5,64.7442974848953
"20483",2021-05-15,"27","3  day ahead inc hosp",2021-05-18,"quantile",0.55,66.4834952025097
"20484",2021-05-15,"27","3  day ahead inc hosp",2021-05-18,"quantile",0.6,68.2863659974215
"20485",2021-05-15,"27","3  day ahead inc hosp",2021-05-18,"quantile",0.65,70.1880576822042
"20486",2021-05-15,"27","3  day ahead inc hosp",2021-05-18,"quantile",0.7,72.2348541855683
"20487",2021-05-15,"27","3  day ahead inc hosp",2021-05-18,"quantile",0.75,74.4935473812488
"20488",2021-05-15,"27","3  day ahead inc hosp",2021-05-18,"quantile",0.8,77.0705966372362
"20489",2021-05-15,"27","3  day ahead inc hosp",2021-05-18,"quantile",0.85,80.1582111110655
"20490",2021-05-15,"27","3  day ahead inc hosp",2021-05-18,"quantile",0.9,84.1738539251322
"20491",2021-05-15,"27","3  day ahead inc hosp",2021-05-18,"quantile",0.95,90.400833623424
"20492",2021-05-15,"27","3  day ahead inc hosp",2021-05-18,"quantile",0.975,96.0761241525742
"20493",2021-05-15,"27","3  day ahead inc hosp",2021-05-18,"quantile",0.99,103.006237662776
"20494",2021-05-15,"27","4  day ahead inc hosp",2021-05-19,"quantile",0.01,38.3399705736078
"20495",2021-05-15,"27","4  day ahead inc hosp",2021-05-19,"quantile",0.025,41.9529943562668
"20496",2021-05-15,"27","4  day ahead inc hosp",2021-05-19,"quantile",0.05,45.25957561329
"20497",2021-05-15,"27","4  day ahead inc hosp",2021-05-19,"quantile",0.1,49.3102441848041
"20498",2021-05-15,"27","4  day ahead inc hosp",2021-05-19,"quantile",0.15,52.1927952484758
"20499",2021-05-15,"27","4  day ahead inc hosp",2021-05-19,"quantile",0.2,54.5724286722982
"20500",2021-05-15,"27","4  day ahead inc hosp",2021-05-19,"quantile",0.25,56.6779970228199
"20501",2021-05-15,"27","4  day ahead inc hosp",2021-05-19,"quantile",0.3,58.6202621029594
"20502",2021-05-15,"27","4  day ahead inc hosp",2021-05-19,"quantile",0.35,60.464225476508
"20503",2021-05-15,"27","4  day ahead inc hosp",2021-05-19,"quantile",0.4,62.253868366971
"20504",2021-05-15,"27","4  day ahead inc hosp",2021-05-19,"quantile",0.45,64.0228985709892
"20505",2021-05-15,"27","4  day ahead inc hosp",2021-05-19,"quantile",0.5,65.8004300663735
"20506",2021-05-15,"27","4  day ahead inc hosp",2021-05-19,"quantile",0.55,67.6147206824384
"20507",2021-05-15,"27","4  day ahead inc hosp",2021-05-19,"quantile",0.6,69.4964101053199
"20508",2021-05-15,"27","4  day ahead inc hosp",2021-05-19,"quantile",0.65,71.4822827453995
"20509",2021-05-15,"27","4  day ahead inc hosp",2021-05-19,"quantile",0.7,73.6208386396731
"20510",2021-05-15,"27","4  day ahead inc hosp",2021-05-19,"quantile",0.75,75.9821317188785
"20511",2021-05-15,"27","4  day ahead inc hosp",2021-05-19,"quantile",0.8,78.6778953707921
"20512",2021-05-15,"27","4  day ahead inc hosp",2021-05-19,"quantile",0.85,81.909966807491
"20513",2021-05-15,"27","4  day ahead inc hosp",2021-05-19,"quantile",0.9,86.116931877307
"20514",2021-05-15,"27","4  day ahead inc hosp",2021-05-19,"quantile",0.95,92.6478048450139
"20515",2021-05-15,"27","4  day ahead inc hosp",2021-05-19,"quantile",0.975,98.6071533363626
"20516",2021-05-15,"27","4  day ahead inc hosp",2021-05-19,"quantile",0.99,105.892565371689
"20517",2021-05-15,"27","5  day ahead inc hosp",2021-05-20,"quantile",0.01,35.5766741842439
"20518",2021-05-15,"27","5  day ahead inc hosp",2021-05-20,"quantile",0.025,39.154473819442
"20519",2021-05-15,"27","5  day ahead inc hosp",2021-05-20,"quantile",0.05,42.4417195593969
"20520",2021-05-15,"27","5  day ahead inc hosp",2021-05-20,"quantile",0.1,46.4838734388772
"20521",2021-05-15,"27","5  day ahead inc hosp",2021-05-20,"quantile",0.15,49.3696778435108
"20522",2021-05-15,"27","5  day ahead inc hosp",2021-05-20,"quantile",0.2,51.7574069579449
"20523",2021-05-15,"27","5  day ahead inc hosp",2021-05-20,"quantile",0.25,53.8739946224751
"20524",2021-05-15,"27","5  day ahead inc hosp",2021-05-20,"quantile",0.3,55.8294865571945
"20525",2021-05-15,"27","5  day ahead inc hosp",2021-05-20,"quantile",0.35,57.6886156403913
"20526",2021-05-15,"27","5  day ahead inc hosp",2021-05-20,"quantile",0.4,59.4953159099426
"20527",2021-05-15,"27","5  day ahead inc hosp",2021-05-20,"quantile",0.45,61.2833910781187
"20528",2021-05-15,"27","5  day ahead inc hosp",2021-05-20,"quantile",0.5,63.0821721165448
"20529",2021-05-15,"27","5  day ahead inc hosp",2021-05-20,"quantile",0.55,64.9202637372945
"20530",2021-05-15,"27","5  day ahead inc hosp",2021-05-20,"quantile",0.6,66.8288182734627
"20531",2021-05-15,"27","5  day ahead inc hosp",2021-05-20,"quantile",0.65,68.8453710027773
"20532",2021-05-15,"27","5  day ahead inc hosp",2021-05-20,"quantile",0.7,71.0195476490715
"20533",2021-05-15,"27","5  day ahead inc hosp",2021-05-20,"quantile",0.75,73.4231705959112
"20534",2021-05-15,"27","5  day ahead inc hosp",2021-05-20,"quantile",0.8,76.1709602703435
"20535",2021-05-15,"27","5  day ahead inc hosp",2021-05-20,"quantile",0.85,79.4703866912276
"20536",2021-05-15,"27","5  day ahead inc hosp",2021-05-20,"quantile",0.9,83.772749857201
"20537",2021-05-15,"27","5  day ahead inc hosp",2021-05-20,"quantile",0.95,90.467910517667
"20538",2021-05-15,"27","5  day ahead inc hosp",2021-05-20,"quantile",0.975,96.5931009194899
"20539",2021-05-15,"27","5  day ahead inc hosp",2021-05-20,"quantile",0.99,104.10023975859
"20540",2021-05-15,"27","6  day ahead inc hosp",2021-05-21,"quantile",0.01,31.4487049867427
"20541",2021-05-15,"27","6  day ahead inc hosp",2021-05-21,"quantile",0.025,34.9237000749833
"20542",2021-05-15,"27","6  day ahead inc hosp",2021-05-21,"quantile",0.05,38.1360693031154
"20543",2021-05-15,"27","6  day ahead inc hosp",2021-05-21,"quantile",0.1,42.1092410814321
"20544",2021-05-15,"27","6  day ahead inc hosp",2021-05-21,"quantile",0.15,44.9599971320117
"20545",2021-05-15,"27","6  day ahead inc hosp",2021-05-21,"quantile",0.2,47.3269889320498
"20546",2021-05-15,"27","6  day ahead inc hosp",2021-05-21,"quantile",0.25,49.4310901488543
"20547",2021-05-15,"27","6  day ahead inc hosp",2021-05-21,"quantile",0.3,51.3797331684872
"20548",2021-05-15,"27","6  day ahead inc hosp",2021-05-21,"quantile",0.35,53.2363470779839
"20549",2021-05-15,"27","6  day ahead inc hosp",2021-05-21,"quantile",0.4,55.0441890409774
"20550",2021-05-15,"27","6  day ahead inc hosp",2021-05-21,"quantile",0.45,56.8367461235988
"20551",2021-05-15,"27","6  day ahead inc hosp",2021-05-21,"quantile",0.5,58.6432815531885
"20552",2021-05-15,"27","6  day ahead inc hosp",2021-05-21,"quantile",0.55,60.4925436418101
"20553",2021-05-15,"27","6  day ahead inc hosp",2021-05-21,"quantile",0.6,62.4160504892606
"20554",2021-05-15,"27","6  day ahead inc hosp",2021-05-21,"quantile",0.65,64.4519851848899
"20555",2021-05-15,"27","6  day ahead inc hosp",2021-05-21,"quantile",0.7,66.6510371281315
"20556",2021-05-15,"27","6  day ahead inc hosp",2021-05-21,"quantile",0.75,69.0867858370083
"20557",2021-05-15,"27","6  day ahead inc hosp",2021-05-21,"quantile",0.8,71.8770132573999
"20558",2021-05-15,"27","6  day ahead inc hosp",2021-05-21,"quantile",0.85,75.2350907286948
"20559",2021-05-15,"27","6  day ahead inc hosp",2021-05-21,"quantile",0.9,79.6258890189022
"20560",2021-05-15,"27","6  day ahead inc hosp",2021-05-21,"quantile",0.95,86.4837685083701
"20561",2021-05-15,"27","6  day ahead inc hosp",2021-05-21,"quantile",0.975,92.7825601327735
"20562",2021-05-15,"27","6  day ahead inc hosp",2021-05-21,"quantile",0.99,100.53199226677
"20563",2021-05-15,"27","7  day ahead inc hosp",2021-05-22,"quantile",0.01,30.392610456499
"20564",2021-05-15,"27","7  day ahead inc hosp",2021-05-22,"quantile",0.025,34.0254188051576
"20565",2021-05-15,"27","7  day ahead inc hosp",2021-05-22,"quantile",0.05,37.4021994869577
"20566",2021-05-15,"27","7  day ahead inc hosp",2021-05-22,"quantile",0.1,41.6006032276584
"20567",2021-05-15,"27","7  day ahead inc hosp",2021-05-22,"quantile",0.15,44.6264304508853
"20568",2021-05-15,"27","7  day ahead inc hosp",2021-05-22,"quantile",0.2,47.1466237158473
"20569",2021-05-15,"27","7  day ahead inc hosp",2021-05-22,"quantile",0.25,49.3925083942922
"20570",2021-05-15,"27","7  day ahead inc hosp",2021-05-22,"quantile",0.3,51.4769113886436
"20571",2021-05-15,"27","7  day ahead inc hosp",2021-05-22,"quantile",0.35,53.4666711927614
"20572",2021-05-15,"27","7  day ahead inc hosp",2021-05-22,"quantile",0.4,55.4075705491565
"20573",2021-05-15,"27","7  day ahead inc hosp",2021-05-22,"quantile",0.45,57.3352482025823
"20574",2021-05-15,"27","7  day ahead inc hosp",2021-05-22,"quantile",0.5,59.2810462160827
"20575",2021-05-15,"27","7  day ahead inc hosp",2021-05-22,"quantile",0.55,61.2759552257222
"20576",2021-05-15,"27","7  day ahead inc hosp",2021-05-22,"quantile",0.6,63.3541503731909
"20577",2021-05-15,"27","7  day ahead inc hosp",2021-05-22,"quantile",0.65,65.5572292498773
"20578",2021-05-15,"27","7  day ahead inc hosp",2021-05-22,"quantile",0.7,67.9406092275789
"20579",2021-05-15,"27","7  day ahead inc hosp",2021-05-22,"quantile",0.75,70.5849377087547
"20580",2021-05-15,"27","7  day ahead inc hosp",2021-05-22,"quantile",0.8,73.6195509112553
"20581",2021-05-15,"27","7  day ahead inc hosp",2021-05-22,"quantile",0.85,77.2790972071505
"20582",2021-05-15,"27","7  day ahead inc hosp",2021-05-22,"quantile",0.9,82.0755032540164
"20583",2021-05-15,"27","7  day ahead inc hosp",2021-05-22,"quantile",0.95,89.5909138876244
"20584",2021-05-15,"27","7  day ahead inc hosp",2021-05-22,"quantile",0.975,96.5173253266173
"20585",2021-05-15,"27","7  day ahead inc hosp",2021-05-22,"quantile",0.99,105.067231677287
"20586",2021-05-15,"27","8  day ahead inc hosp",2021-05-23,"quantile",0.01,29.6282762154885
"20587",2021-05-15,"27","8  day ahead inc hosp",2021-05-23,"quantile",0.025,33.4426506381286
"20588",2021-05-15,"27","8  day ahead inc hosp",2021-05-23,"quantile",0.05,37.007947224542
"20589",2021-05-15,"27","8  day ahead inc hosp",2021-05-23,"quantile",0.1,41.4641032637711
"20590",2021-05-15,"27","8  day ahead inc hosp",2021-05-23,"quantile",0.15,44.6900900828164
"20591",2021-05-15,"27","8  day ahead inc hosp",2021-05-23,"quantile",0.2,47.3853807818803
"20592",2021-05-15,"27","8  day ahead inc hosp",2021-05-23,"quantile",0.25,49.7932960180402
"20593",2021-05-15,"27","8  day ahead inc hosp",2021-05-23,"quantile",0.3,52.0328477173972
"20594",2021-05-15,"27","8  day ahead inc hosp",2021-05-23,"quantile",0.35,54.1747812938995
"20595",2021-05-15,"27","8  day ahead inc hosp",2021-05-23,"quantile",0.4,56.2677730885173
"20596",2021-05-15,"27","8  day ahead inc hosp",2021-05-23,"quantile",0.45,58.3499273342371
"20597",2021-05-15,"27","8  day ahead inc hosp",2021-05-23,"quantile",0.5,60.4549688645775
"20598",2021-05-15,"27","8  day ahead inc hosp",2021-05-23,"quantile",0.55,62.6164595409439
"20599",2021-05-15,"27","8  day ahead inc hosp",2021-05-23,"quantile",0.6,64.8716225865367
"20600",2021-05-15,"27","8  day ahead inc hosp",2021-05-23,"quantile",0.65,67.2659741778044
"20601",2021-05-15,"27","8  day ahead inc hosp",2021-05-23,"quantile",0.7,69.8603596090931
"20602",2021-05-15,"27","8  day ahead inc hosp",2021-05-23,"quantile",0.75,72.7435432308114
"20603",2021-05-15,"27","8  day ahead inc hosp",2021-05-23,"quantile",0.8,76.0581348217012
"20604",2021-05-15,"27","8  day ahead inc hosp",2021-05-23,"quantile",0.85,80.0632343231586
"20605",2021-05-15,"27","8  day ahead inc hosp",2021-05-23,"quantile",0.9,85.3248673269669
"20606",2021-05-15,"27","8  day ahead inc hosp",2021-05-23,"quantile",0.95,93.5951811920604
"20607",2021-05-15,"27","8  day ahead inc hosp",2021-05-23,"quantile",0.975,101.24294936375
"20608",2021-05-15,"27","8  day ahead inc hosp",2021-05-23,"quantile",0.99,110.713935728331
"20609",2021-05-15,"27","9  day ahead inc hosp",2021-05-24,"quantile",0.01,28.1391063473874
"20610",2021-05-15,"27","9  day ahead inc hosp",2021-05-24,"quantile",0.025,32.0410689709161
"20611",2021-05-15,"27","9  day ahead inc hosp",2021-05-24,"quantile",0.05,35.7098947491399
"20612",2021-05-15,"27","9  day ahead inc hosp",2021-05-24,"quantile",0.1,40.3211351194846
"20613",2021-05-15,"27","9  day ahead inc hosp",2021-05-24,"quantile",0.15,43.6752354104086
"20614",2021-05-15,"27","9  day ahead inc hosp",2021-05-24,"quantile",0.2,46.4868004604209
"20615",2021-05-15,"27","9  day ahead inc hosp",2021-05-24,"quantile",0.25,49.0051970627275
"20616",2021-05-15,"27","9  day ahead inc hosp",2021-05-24,"quantile",0.3,51.3527648933948
"20617",2021-05-15,"27","9  day ahead inc hosp",2021-05-24,"quantile",0.35,53.6024982791296
"20618",2021-05-15,"27","9  day ahead inc hosp",2021-05-24,"quantile",0.4,55.804863858597
"20619",2021-05-15,"27","9  day ahead inc hosp",2021-05-24,"quantile",0.45,57.9996050806356
"20620",2021-05-15,"27","9  day ahead inc hosp",2021-05-24,"quantile",0.5,60.2221362561757
"20621",2021-05-15,"27","9  day ahead inc hosp",2021-05-24,"quantile",0.55,62.5079388442367
"20622",2021-05-15,"27","9  day ahead inc hosp",2021-05-24,"quantile",0.6,64.8965994458888
"20623",2021-05-15,"27","9  day ahead inc hosp",2021-05-24,"quantile",0.65,67.436753056054
"20624",2021-05-15,"27","9  day ahead inc hosp",2021-05-24,"quantile",0.7,70.1936414552671
"20625",2021-05-15,"27","9  day ahead inc hosp",2021-05-24,"quantile",0.75,73.2626814772539
"20626",2021-05-15,"27","9  day ahead inc hosp",2021-05-24,"quantile",0.8,76.7974522674155
"20627",2021-05-15,"27","9  day ahead inc hosp",2021-05-24,"quantile",0.85,81.0773917756082
"20628",2021-05-15,"27","9  day ahead inc hosp",2021-05-24,"quantile",0.9,86.7137921988802
"20629",2021-05-15,"27","9  day ahead inc hosp",2021-05-24,"quantile",0.95,95.602054865403
"20630",2021-05-15,"27","9  day ahead inc hosp",2021-05-24,"quantile",0.975,103.849803111548
"20631",2021-05-15,"27","9  day ahead inc hosp",2021-05-24,"quantile",0.99,114.09799413222
"20632",2021-05-15,"27","10  day ahead inc hosp",2021-05-25,"quantile",0.01,26.1238609891404
"20633",2021-05-15,"27","10  day ahead inc hosp",2021-05-25,"quantile",0.025,30.0200572766725
"20634",2021-05-15,"27","10  day ahead inc hosp",2021-05-25,"quantile",0.05,33.7061723761648
"20635",2021-05-15,"27","10  day ahead inc hosp",2021-05-25,"quantile",0.1,38.3661322237594
"20636",2021-05-15,"27","10  day ahead inc hosp",2021-05-25,"quantile",0.15,41.7723339689968
"20637",2021-05-15,"27","10  day ahead inc hosp",2021-05-25,"quantile",0.2,44.6372969860288
"20638",2021-05-15,"27","10  day ahead inc hosp",2021-05-25,"quantile",0.25,47.2104819752074
"20639",2021-05-15,"27","10  day ahead inc hosp",2021-05-25,"quantile",0.3,49.6146672456185
"20640",2021-05-15,"27","10  day ahead inc hosp",2021-05-25,"quantile",0.35,51.9233975228357
"20641",2021-05-15,"27","10  day ahead inc hosp",2021-05-25,"quantile",0.4,54.1877795541245
"20642",2021-05-15,"27","10  day ahead inc hosp",2021-05-25,"quantile",0.45,56.4483146219949
"20643",2021-05-15,"27","10  day ahead inc hosp",2021-05-25,"quantile",0.5,58.7413461098614
"20644",2021-05-15,"27","10  day ahead inc hosp",2021-05-25,"quantile",0.55,61.103538460008
"20645",2021-05-15,"27","10  day ahead inc hosp",2021-05-25,"quantile",0.6,63.5760448894385
"20646",2021-05-15,"27","10  day ahead inc hosp",2021-05-25,"quantile",0.65,66.2096651457988
"20647",2021-05-15,"27","10  day ahead inc hosp",2021-05-25,"quantile",0.7,69.0727827844331
"20648",2021-05-15,"27","10  day ahead inc hosp",2021-05-25,"quantile",0.75,72.2656592898079
"20649",2021-05-15,"27","10  day ahead inc hosp",2021-05-25,"quantile",0.8,75.9499668902322
"20650",2021-05-15,"27","10  day ahead inc hosp",2021-05-25,"quantile",0.85,80.4202996533045
"20651",2021-05-15,"27","10  day ahead inc hosp",2021-05-25,"quantile",0.9,86.3219925267474
"20652",2021-05-15,"27","10  day ahead inc hosp",2021-05-25,"quantile",0.95,95.6593385196753
"20653",2021-05-15,"27","10  day ahead inc hosp",2021-05-25,"quantile",0.975,104.354214964013
"20654",2021-05-15,"27","10  day ahead inc hosp",2021-05-25,"quantile",0.99,115.19444410441
"20655",2021-05-15,"27","11  day ahead inc hosp",2021-05-26,"quantile",0.01,28.6549684192456
"20656",2021-05-15,"27","11  day ahead inc hosp",2021-05-26,"quantile",0.025,33.0265654870933
"20657",2021-05-15,"27","11  day ahead inc hosp",2021-05-26,"quantile",0.05,37.1707296369221
"20658",2021-05-15,"27","11  day ahead inc hosp",2021-05-26,"quantile",0.1,42.4195859012529
"20659",2021-05-15,"27","11  day ahead inc hosp",2021-05-26,"quantile",0.15,46.2623062279156
"20660",2021-05-15,"27","11  day ahead inc hosp",2021-05-26,"quantile",0.2,49.4979604934493
"20661",2021-05-15,"27","11  day ahead inc hosp",2021-05-26,"quantile",0.25,52.4066117916139
"20662",2021-05-15,"27","11  day ahead inc hosp",2021-05-26,"quantile",0.3,55.1262442485887
"20663",2021-05-15,"27","11  day ahead inc hosp",2021-05-26,"quantile",0.35,57.7396172117011
"20664",2021-05-15,"27","11  day ahead inc hosp",2021-05-26,"quantile",0.4,60.3043362854874
"20665",2021-05-15,"27","11  day ahead inc hosp",2021-05-26,"quantile",0.45,62.8661461432761
"20666",2021-05-15,"27","11  day ahead inc hosp",2021-05-26,"quantile",0.5,65.4661880010427
"20667",2021-05-15,"27","11  day ahead inc hosp",2021-05-26,"quantile",0.55,68.1460581224446
"20668",2021-05-15,"27","11  day ahead inc hosp",2021-05-26,"quantile",0.6,70.9525344764872
"20669",2021-05-15,"27","11  day ahead inc hosp",2021-05-26,"quantile",0.65,73.9434463378885
"20670",2021-05-15,"27","11  day ahead inc hosp",2021-05-26,"quantile",0.7,77.1967252418631
"20671",2021-05-15,"27","11  day ahead inc hosp",2021-05-26,"quantile",0.75,80.8267210093086
"20672",2021-05-15,"27","11  day ahead inc hosp",2021-05-26,"quantile",0.8,85.0179292502773
"20673",2021-05-15,"27","11  day ahead inc hosp",2021-05-26,"quantile",0.85,90.1066868994484
"20674",2021-05-15,"27","11  day ahead inc hosp",2021-05-26,"quantile",0.9,96.8300905584976
"20675",2021-05-15,"27","11  day ahead inc hosp",2021-05-26,"quantile",0.95,107.478635158563
"20676",2021-05-15,"27","11  day ahead inc hosp",2021-05-26,"quantile",0.975,117.405499645247
"20677",2021-05-15,"27","11  day ahead inc hosp",2021-05-26,"quantile",0.99,129.794889367848
"20678",2021-05-15,"27","12  day ahead inc hosp",2021-05-27,"quantile",0.01,27.4513655929316
"20679",2021-05-15,"27","12  day ahead inc hosp",2021-05-27,"quantile",0.025,31.8697241453473
"20680",2021-05-15,"27","12  day ahead inc hosp",2021-05-27,"quantile",0.05,36.0787168619482
"20681",2021-05-15,"27","12  day ahead inc hosp",2021-05-27,"quantile",0.1,41.4340877233963
"20682",2021-05-15,"27","12  day ahead inc hosp",2021-05-27,"quantile",0.15,45.3698662136805
"20683",2021-05-15,"27","12  day ahead inc hosp",2021-05-27,"quantile",0.2,48.6926796367719
"20684",2021-05-15,"27","12  day ahead inc hosp",2021-05-27,"quantile",0.25,51.6859833357845
"20685",2021-05-15,"27","12  day ahead inc hosp",2021-05-27,"quantile",0.3,54.4897917402127
"20686",2021-05-15,"27","12  day ahead inc hosp",2021-05-27,"quantile",0.35,57.1883477757965
"20687",2021-05-15,"27","12  day ahead inc hosp",2021-05-27,"quantile",0.4,59.8405292045115
"20688",2021-05-15,"27","12  day ahead inc hosp",2021-05-27,"quantile",0.45,62.4933244691889
"20689",2021-05-15,"27","12  day ahead inc hosp",2021-05-27,"quantile",0.5,65.1892257248065
"20690",2021-05-15,"27","12  day ahead inc hosp",2021-05-27,"quantile",0.55,67.9714243409518
"20691",2021-05-15,"27","12  day ahead inc hosp",2021-05-27,"quantile",0.6,70.888714864818
"20692",2021-05-15,"27","12  day ahead inc hosp",2021-05-27,"quantile",0.65,74.0016350815467
"20693",2021-05-15,"27","12  day ahead inc hosp",2021-05-27,"quantile",0.7,77.3919794349279
"20694",2021-05-15,"27","12  day ahead inc hosp",2021-05-27,"quantile",0.75,81.179989368503
"20695",2021-05-15,"27","12  day ahead inc hosp",2021-05-27,"quantile",0.8,85.5599313673275
"20696",2021-05-15,"27","12  day ahead inc hosp",2021-05-27,"quantile",0.85,90.8863437710477
"20697",2021-05-15,"27","12  day ahead inc hosp",2021-05-27,"quantile",0.9,97.9370196158409
"20698",2021-05-15,"27","12  day ahead inc hosp",2021-05-27,"quantile",0.95,109.131968531437
"20699",2021-05-15,"27","12  day ahead inc hosp",2021-05-27,"quantile",0.975,119.596001541205
"20700",2021-05-15,"27","12  day ahead inc hosp",2021-05-27,"quantile",0.99,132.689176729596
"20701",2021-05-15,"27","13  day ahead inc hosp",2021-05-28,"quantile",0.01,25.3162837868863
"20702",2021-05-15,"27","13  day ahead inc hosp",2021-05-28,"quantile",0.025,29.6437523900824
"20703",2021-05-15,"27","13  day ahead inc hosp",2021-05-28,"quantile",0.05,33.7899391940809
"20704",2021-05-15,"27","13  day ahead inc hosp",2021-05-28,"quantile",0.1,39.0937654243285
"20705",2021-05-15,"27","13  day ahead inc hosp",2021-05-28,"quantile",0.15,43.0092111460695
"20706",2021-05-15,"27","13  day ahead inc hosp",2021-05-28,"quantile",0.2,46.3251127410784
"20707",2021-05-15,"27","13  day ahead inc hosp",2021-05-28,"quantile",0.25,49.3195374665108
"20708",2021-05-15,"27","13  day ahead inc hosp",2021-05-28,"quantile",0.3,52.1302586393434
"20709",2021-05-15,"27","13  day ahead inc hosp",2021-05-28,"quantile",0.35,54.8404837225661
"20710",2021-05-15,"27","13  day ahead inc hosp",2021-05-28,"quantile",0.4,57.5086491965592
"20711",2021-05-15,"27","13  day ahead inc hosp",2021-05-28,"quantile",0.45,60.1816664249425
"20712",2021-05-15,"27","13  day ahead inc hosp",2021-05-28,"quantile",0.5,62.902230707633
"20713",2021-05-15,"27","13  day ahead inc hosp",2021-05-28,"quantile",0.55,65.7140080447943
"20714",2021-05-15,"27","13  day ahead inc hosp",2021-05-28,"quantile",0.6,68.6665887766176
"20715",2021-05-15,"27","13  day ahead inc hosp",2021-05-28,"quantile",0.65,71.8217484129683
"20716",2021-05-15,"27","13  day ahead inc hosp",2021-05-28,"quantile",0.7,75.2632007405976
"20717",2021-05-15,"27","13  day ahead inc hosp",2021-05-28,"quantile",0.75,79.1142682383319
"20718",2021-05-15,"27","13  day ahead inc hosp",2021-05-28,"quantile",0.8,83.5745038638307
"20719",2021-05-15,"27","13  day ahead inc hosp",2021-05-28,"quantile",0.85,89.0085486705474
"20720",2021-05-15,"27","13  day ahead inc hosp",2021-05-28,"quantile",0.9,96.2173078253348
"20721",2021-05-15,"27","13  day ahead inc hosp",2021-05-28,"quantile",0.95,107.696302488636
"20722",2021-05-15,"27","13  day ahead inc hosp",2021-05-28,"quantile",0.975,118.458590328969
"20723",2021-05-15,"27","13  day ahead inc hosp",2021-05-28,"quantile",0.99,131.964319473128
"20724",2021-05-15,"27","14  day ahead inc hosp",2021-05-29,"quantile",0.01,20.8479667802173
"20725",2021-05-15,"27","14  day ahead inc hosp",2021-05-29,"quantile",0.025,24.7384724480988
"20726",2021-05-15,"27","14  day ahead inc hosp",2021-05-29,"quantile",0.05,28.4993551781168
"20727",2021-05-15,"27","14  day ahead inc hosp",2021-05-29,"quantile",0.1,33.3502474186248
"20728",2021-05-15,"27","14  day ahead inc hosp",2021-05-29,"quantile",0.15,36.9561019123588
"20729",2021-05-15,"27","14  day ahead inc hosp",2021-05-29,"quantile",0.2,40.0243269842264
"20730",2021-05-15,"27","14  day ahead inc hosp",2021-05-29,"quantile",0.25,42.8055006918697
"20731",2021-05-15,"27","14  day ahead inc hosp",2021-05-29,"quantile",0.3,45.4243740751561
"20732",2021-05-15,"27","14  day ahead inc hosp",2021-05-29,"quantile",0.35,47.9567382204115
"20733",2021-05-15,"27","14  day ahead inc hosp",2021-05-29,"quantile",0.4,50.4562268112788
"20734",2021-05-15,"27","14  day ahead inc hosp",2021-05-29,"quantile",0.45,52.9662905114698
"20735",2021-05-15,"27","14  day ahead inc hosp",2021-05-29,"quantile",0.5,55.526865336246
"20736",2021-05-15,"27","14  day ahead inc hosp",2021-05-29,"quantile",0.55,58.1791772784213
"20737",2021-05-15,"27","14  day ahead inc hosp",2021-05-29,"quantile",0.6,60.9704139155808
"20738",2021-05-15,"27","14  day ahead inc hosp",2021-05-29,"quantile",0.65,63.959711814418
"20739",2021-05-15,"27","14  day ahead inc hosp",2021-05-29,"quantile",0.7,67.2275577049817
"20740",2021-05-15,"27","14  day ahead inc hosp",2021-05-29,"quantile",0.75,70.8928873605144
"20741",2021-05-15,"27","14  day ahead inc hosp",2021-05-29,"quantile",0.8,75.1485939138577
"20742",2021-05-15,"27","14  day ahead inc hosp",2021-05-29,"quantile",0.85,80.3477992334451
"20743",2021-05-15,"27","14  day ahead inc hosp",2021-05-29,"quantile",0.9,87.2674729617466
"20744",2021-05-15,"27","14  day ahead inc hosp",2021-05-29,"quantile",0.95,98.3337676098417
"20745",2021-05-15,"27","14  day ahead inc hosp",2021-05-29,"quantile",0.975,108.756422770488
"20746",2021-05-15,"27","14  day ahead inc hosp",2021-05-29,"quantile",0.99,121.892898418518
"20747",2021-05-15,"27","15  day ahead inc hosp",2021-05-30,"quantile",0.01,19.7666346484158
"20748",2021-05-15,"27","15  day ahead inc hosp",2021-05-30,"quantile",0.025,23.7766830833186
"20749",2021-05-15,"27","15  day ahead inc hosp",2021-05-30,"quantile",0.05,27.688497869081
"20750",2021-05-15,"27","15  day ahead inc hosp",2021-05-30,"quantile",0.1,32.7765573489221
"20751",2021-05-15,"27","15  day ahead inc hosp",2021-05-30,"quantile",0.15,36.5851013050197
"20752",2021-05-15,"27","15  day ahead inc hosp",2021-05-30,"quantile",0.2,39.8412672160191
"20753",2021-05-15,"27","15  day ahead inc hosp",2021-05-30,"quantile",0.25,42.8039141847602
"20754",2021-05-15,"27","15  day ahead inc hosp",2021-05-30,"quantile",0.3,45.6025603366473
"20755",2021-05-15,"27","15  day ahead inc hosp",2021-05-30,"quantile",0.35,48.316380076969
"20756",2021-05-15,"27","15  day ahead inc hosp",2021-05-30,"quantile",0.4,51.0018428915444
"20757",2021-05-15,"27","15  day ahead inc hosp",2021-05-30,"quantile",0.45,53.7051253837079
"20758",2021-05-15,"27","15  day ahead inc hosp",2021-05-30,"quantile",0.5,56.4690901930898
"20759",2021-05-15,"27","15  day ahead inc hosp",2021-05-30,"quantile",0.55,59.3383936128333
"20760",2021-05-15,"27","15  day ahead inc hosp",2021-05-30,"quantile",0.6,62.3645413080563
"20761",2021-05-15,"27","15  day ahead inc hosp",2021-05-30,"quantile",0.65,65.6124562489477
"20762",2021-05-15,"27","15  day ahead inc hosp",2021-05-30,"quantile",0.7,69.1708691993802
"20763",2021-05-15,"27","15  day ahead inc hosp",2021-05-30,"quantile",0.75,73.171286289222
"20764",2021-05-15,"27","15  day ahead inc hosp",2021-05-30,"quantile",0.8,77.8274530043073
"20765",2021-05-15,"27","15  day ahead inc hosp",2021-05-30,"quantile",0.85,83.5313599133796
"20766",2021-05-15,"27","15  day ahead inc hosp",2021-05-30,"quantile",0.9,91.1469700428885
"20767",2021-05-15,"27","15  day ahead inc hosp",2021-05-30,"quantile",0.95,103.377728283361
"20768",2021-05-15,"27","15  day ahead inc hosp",2021-05-30,"quantile",0.975,114.948313671386
"20769",2021-05-15,"27","15  day ahead inc hosp",2021-05-30,"quantile",0.99,129.593348847973
"20770",2021-05-15,"27","16  day ahead inc hosp",2021-05-31,"quantile",0.01,21.5936763988851
"20771",2021-05-15,"27","16  day ahead inc hosp",2021-05-31,"quantile",0.025,26.0675977265351
"20772",2021-05-15,"27","16  day ahead inc hosp",2021-05-31,"quantile",0.05,30.4423498793228
"20773",2021-05-15,"27","16  day ahead inc hosp",2021-05-31,"quantile",0.1,36.1450546707774
"20774",2021-05-15,"27","16  day ahead inc hosp",2021-05-31,"quantile",0.15,40.4214285184585
"20775",2021-05-15,"27","16  day ahead inc hosp",2021-05-31,"quantile",0.2,44.0821075183771
"20776",2021-05-15,"27","16  day ahead inc hosp",2021-05-31,"quantile",0.25,47.4160585010522
"20777",2021-05-15,"27","16  day ahead inc hosp",2021-05-31,"quantile",0.3,50.5680555678697
"20778",2021-05-15,"27","16  day ahead inc hosp",2021-05-31,"quantile",0.35,53.6267445298024
"20779",2021-05-15,"27","16  day ahead inc hosp",2021-05-31,"quantile",0.4,56.6554818054587
"20780",2021-05-15,"27","16  day ahead inc hosp",2021-05-31,"quantile",0.45,59.7062027603138
"20781",2021-05-15,"27","16  day ahead inc hosp",2021-05-31,"quantile",0.5,62.8272395392802
"20782",2021-05-15,"27","16  day ahead inc hosp",2021-05-31,"quantile",0.55,66.0690663136408
"20783",2021-05-15,"27","16  day ahead inc hosp",2021-05-31,"quantile",0.6,69.490012507474
"20784",2021-05-15,"27","16  day ahead inc hosp",2021-05-31,"quantile",0.65,73.1637104634266
"20785",2021-05-15,"27","16  day ahead inc hosp",2021-05-31,"quantile",0.7,77.1908999468599
"20786",2021-05-15,"27","16  day ahead inc hosp",2021-05-31,"quantile",0.75,81.7209967449959
"20787",2021-05-15,"27","16  day ahead inc hosp",2021-05-31,"quantile",0.8,86.9969898507986
"20788",2021-05-15,"27","16  day ahead inc hosp",2021-05-31,"quantile",0.85,93.4647004099724
"20789",2021-05-15,"27","16  day ahead inc hosp",2021-05-31,"quantile",0.9,102.107162388355
"20790",2021-05-15,"27","16  day ahead inc hosp",2021-05-31,"quantile",0.95,116.002049410058
"20791",2021-05-15,"27","16  day ahead inc hosp",2021-05-31,"quantile",0.975,129.161836223986
"20792",2021-05-15,"27","16  day ahead inc hosp",2021-05-31,"quantile",0.99,145.836294008542
"20793",2021-05-15,"27","17  day ahead inc hosp",2021-06-01,"quantile",0.01,20.0978261960503
"20794",2021-05-15,"27","17  day ahead inc hosp",2021-06-01,"quantile",0.025,24.4971039827058
"20795",2021-05-15,"27","17  day ahead inc hosp",2021-06-01,"quantile",0.05,28.8265652663522
"20796",2021-05-15,"27","17  day ahead inc hosp",2021-06-01,"quantile",0.1,34.5035648466458
"20797",2021-05-15,"27","17  day ahead inc hosp",2021-06-01,"quantile",0.15,38.7813752421927
"20798",2021-05-15,"27","17  day ahead inc hosp",2021-06-01,"quantile",0.2,42.4554272577909
"20799",2021-05-15,"27","17  day ahead inc hosp",2021-06-01,"quantile",0.25,45.8102847551307
"20800",2021-05-15,"27","17  day ahead inc hosp",2021-06-01,"quantile",0.3,48.9890298192056
"20801",2021-05-15,"27","17  day ahead inc hosp",2021-06-01,"quantile",0.35,52.079663678959
"20802",2021-05-15,"27","17  day ahead inc hosp",2021-06-01,"quantile",0.4,55.1454371082343
"20803",2021-05-15,"27","17  day ahead inc hosp",2021-06-01,"quantile",0.45,58.2385417705378
"20804",2021-05-15,"27","17  day ahead inc hosp",2021-06-01,"quantile",0.5,61.4078825388077
"20805",2021-05-15,"27","17  day ahead inc hosp",2021-06-01,"quantile",0.55,64.7048532285588
"20806",2021-05-15,"27","17  day ahead inc hosp",2021-06-01,"quantile",0.6,68.1891511647952
"20807",2021-05-15,"27","17  day ahead inc hosp",2021-06-01,"quantile",0.65,71.9364255804955
"20808",2021-05-15,"27","17  day ahead inc hosp",2021-06-01,"quantile",0.7,76.0504599807665
"20809",2021-05-15,"27","17  day ahead inc hosp",2021-06-01,"quantile",0.75,80.6854842049231
"20810",2021-05-15,"27","17  day ahead inc hosp",2021-06-01,"quantile",0.8,86.092677109964
"20811",2021-05-15,"27","17  day ahead inc hosp",2021-06-01,"quantile",0.85,92.7334292848634
"20812",2021-05-15,"27","17  day ahead inc hosp",2021-06-01,"quantile",0.9,101.62626420709
"20813",2021-05-15,"27","17  day ahead inc hosp",2021-06-01,"quantile",0.95,115.964442914627
"20814",2021-05-15,"27","17  day ahead inc hosp",2021-06-01,"quantile",0.975,129.584622874174
"20815",2021-05-15,"27","17  day ahead inc hosp",2021-06-01,"quantile",0.99,146.89138037124
"20816",2021-05-15,"27","18  day ahead inc hosp",2021-06-02,"quantile",0.01,18.781216725706
"20817",2021-05-15,"27","18  day ahead inc hosp",2021-06-02,"quantile",0.025,23.1102221889837
"20818",2021-05-15,"27","18  day ahead inc hosp",2021-06-02,"quantile",0.05,27.3973908686617
"20819",2021-05-15,"27","18  day ahead inc hosp",2021-06-02,"quantile",0.1,33.0513263311876
"20820",2021-05-15,"27","18  day ahead inc hosp",2021-06-02,"quantile",0.15,37.3319024990512
"20821",2021-05-15,"27","18  day ahead inc hosp",2021-06-02,"quantile",0.2,41.0201485002316
"20822",2021-05-15,"27","18  day ahead inc hosp",2021-06-02,"quantile",0.25,44.3964657978747
"20823",2021-05-15,"27","18  day ahead inc hosp",2021-06-02,"quantile",0.3,47.6023479414335
"20824",2021-05-15,"27","18  day ahead inc hosp",2021-06-02,"quantile",0.35,50.7252052051887
"20825",2021-05-15,"27","18  day ahead inc hosp",2021-06-02,"quantile",0.4,53.8282139847042
"20826",2021-05-15,"27","18  day ahead inc hosp",2021-06-02,"quantile",0.45,56.9638420883106
"20827",2021-05-15,"27","18  day ahead inc hosp",2021-06-02,"quantile",0.5,60.1815806364193
"20828",2021-05-15,"27","18  day ahead inc hosp",2021-06-02,"quantile",0.55,63.5337529753493
"20829",2021-05-15,"27","18  day ahead inc hosp",2021-06-02,"quantile",0.6,67.081432229858
"20830",2021-05-15,"27","18  day ahead inc hosp",2021-06-02,"quantile",0.65,70.9022916838758
"20831",2021-05-15,"27","18  day ahead inc hosp",2021-06-02,"quantile",0.7,75.1031663324395
"20832",2021-05-15,"27","18  day ahead inc hosp",2021-06-02,"quantile",0.75,79.8431104651708
"20833",2021-05-15,"27","18  day ahead inc hosp",2021-06-02,"quantile",0.8,85.3815101683753
"20834",2021-05-15,"27","18  day ahead inc hosp",2021-06-02,"quantile",0.85,92.195361322473
"20835",2021-05-15,"27","18  day ahead inc hosp",2021-06-02,"quantile",0.9,101.338771523766
"20836",2021-05-15,"27","18  day ahead inc hosp",2021-06-02,"quantile",0.95,116.12096709893
"20837",2021-05-15,"27","18  day ahead inc hosp",2021-06-02,"quantile",0.975,130.202769005662
"20838",2021-05-15,"27","18  day ahead inc hosp",2021-06-02,"quantile",0.99,148.144223320096
"20839",2021-05-15,"27","19  day ahead inc hosp",2021-06-03,"quantile",0.01,17.260946611399
"20840",2021-05-15,"27","19  day ahead inc hosp",2021-06-03,"quantile",0.025,21.4697025915924
"20841",2021-05-15,"27","19  day ahead inc hosp",2021-06-03,"quantile",0.05,25.6676211163714
"20842",2021-05-15,"27","19  day ahead inc hosp",2021-06-03,"quantile",0.1,31.2399190207705
"20843",2021-05-15,"27","19  day ahead inc hosp",2021-06-03,"quantile",0.15,35.4811488162504
"20844",2021-05-15,"27","19  day ahead inc hosp",2021-06-03,"quantile",0.2,39.1486840851892
"20845",2021-05-15,"27","19  day ahead inc hosp",2021-06-03,"quantile",0.25,42.5155366301945
"20846",2021-05-15,"27","19  day ahead inc hosp",2021-06-03,"quantile",0.3,45.7200384542407
"20847",2021-05-15,"27","19  day ahead inc hosp",2021-06-03,"quantile",0.35,48.8480832534179
"20848",2021-05-15,"27","19  day ahead inc hosp",2021-06-03,"quantile",0.4,51.9621477827612
"20849",2021-05-15,"27","19  day ahead inc hosp",2021-06-03,"quantile",0.45,55.1144998195937
"20850",2021-05-15,"27","19  day ahead inc hosp",2021-06-03,"quantile",0.5,58.3548099198286
"20851",2021-05-15,"27","19  day ahead inc hosp",2021-06-03,"quantile",0.55,61.7359417476829
"20852",2021-05-15,"27","19  day ahead inc hosp",2021-06-03,"quantile",0.6,65.3199288823264
"20853",2021-05-15,"27","19  day ahead inc hosp",2021-06-03,"quantile",0.65,69.1859777904683
"20854",2021-05-15,"27","19  day ahead inc hosp",2021-06-03,"quantile",0.7,73.4433370712261
"20855",2021-05-15,"27","19  day ahead inc hosp",2021-06-03,"quantile",0.75,78.2549762371563
"20856",2021-05-15,"27","19  day ahead inc hosp",2021-06-03,"quantile",0.8,83.8870566910775
"20857",2021-05-15,"27","19  day ahead inc hosp",2021-06-03,"quantile",0.85,90.8296270230577
"20858",2021-05-15,"27","19  day ahead inc hosp",2021-06-03,"quantile",0.9,100.166918852673
"20859",2021-05-15,"27","19  day ahead inc hosp",2021-06-03,"quantile",0.95,115.307707762301
"20860",2021-05-15,"27","19  day ahead inc hosp",2021-06-03,"quantile",0.975,129.776112669417
"20861",2021-05-15,"27","19  day ahead inc hosp",2021-06-03,"quantile",0.99,148.2645558678
"20862",2021-05-15,"27","20  day ahead inc hosp",2021-06-04,"quantile",0.01,14.8501358836516
"20863",2021-05-15,"27","20  day ahead inc hosp",2021-06-04,"quantile",0.025,18.7509164808833
"20864",2021-05-15,"27","20  day ahead inc hosp",2021-06-04,"quantile",0.05,22.6804384753897
"20865",2021-05-15,"27","20  day ahead inc hosp",2021-06-04,"quantile",0.1,27.9435380944634
"20866",2021-05-15,"27","20  day ahead inc hosp",2021-06-04,"quantile",0.15,31.9788160928883
"20867",2021-05-15,"27","20  day ahead inc hosp",2021-06-04,"quantile",0.2,35.4855502239885
"20868",2021-05-15,"27","20  day ahead inc hosp",2021-06-04,"quantile",0.25,38.7172504327353
"20869",2021-05-15,"27","20  day ahead inc hosp",2021-06-04,"quantile",0.3,41.803117127293
"20870",2021-05-15,"27","20  day ahead inc hosp",2021-06-04,"quantile",0.35,44.823954766117
"20871",2021-05-15,"27","20  day ahead inc hosp",2021-06-04,"quantile",0.4,47.8390665244889
"20872",2021-05-15,"27","20  day ahead inc hosp",2021-06-04,"quantile",0.45,50.8985715199654
"20873",2021-05-15,"27","20  day ahead inc hosp",2021-06-04,"quantile",0.5,54.0505853503433
"20874",2021-05-15,"27","20  day ahead inc hosp",2021-06-04,"quantile",0.55,57.3467781098548
"20875",2021-05-15,"27","20  day ahead inc hosp",2021-06-04,"quantile",0.6,60.8482147614357
"20876",2021-05-15,"27","20  day ahead inc hosp",2021-06-04,"quantile",0.65,64.6332721482796
"20877",2021-05-15,"27","20  day ahead inc hosp",2021-06-04,"quantile",0.7,68.8104525376434
"20878",2021-05-15,"27","20  day ahead inc hosp",2021-06-04,"quantile",0.75,73.5420332405862
"20879",2021-05-15,"27","20  day ahead inc hosp",2021-06-04,"quantile",0.8,79.0935582536674
"20880",2021-05-15,"27","20  day ahead inc hosp",2021-06-04,"quantile",0.85,85.9547243666273
"20881",2021-05-15,"27","20  day ahead inc hosp",2021-06-04,"quantile",0.9,95.2106881748386
"20882",2021-05-15,"27","20  day ahead inc hosp",2021-06-04,"quantile",0.95,110.279796613898
"20883",2021-05-15,"27","20  day ahead inc hosp",2021-06-04,"quantile",0.975,124.739802333071
"20884",2021-05-15,"27","20  day ahead inc hosp",2021-06-04,"quantile",0.99,143.290319817003
"20885",2021-05-15,"27","21  day ahead inc hosp",2021-06-05,"quantile",0.01,14.8296003489296
"20886",2021-05-15,"27","21  day ahead inc hosp",2021-06-05,"quantile",0.025,18.8574471460127
"20887",2021-05-15,"27","21  day ahead inc hosp",2021-06-05,"quantile",0.05,22.9338303365209
"20888",2021-05-15,"27","21  day ahead inc hosp",2021-06-05,"quantile",0.1,28.4165087718382
"20889",2021-05-15,"27","21  day ahead inc hosp",2021-06-05,"quantile",0.15,32.6344038928579
"20890",2021-05-15,"27","21  day ahead inc hosp",2021-06-05,"quantile",0.2,36.3082190905931
"20891",2021-05-15,"27","21  day ahead inc hosp",2021-06-05,"quantile",0.25,39.6999357913405
"20892",2021-05-15,"27","21  day ahead inc hosp",2021-06-05,"quantile",0.3,42.9434413738499
"20893",2021-05-15,"27","21  day ahead inc hosp",2021-06-05,"quantile",0.35,46.1227587725937
"20894",2021-05-15,"27","21  day ahead inc hosp",2021-06-05,"quantile",0.4,49.299813879924
"20895",2021-05-15,"27","21  day ahead inc hosp",2021-06-05,"quantile",0.45,52.527190796801
"20896",2021-05-15,"27","21  day ahead inc hosp",2021-06-05,"quantile",0.5,55.855608593674
"20897",2021-05-15,"27","21  day ahead inc hosp",2021-06-05,"quantile",0.55,59.3397558773028
"20898",2021-05-15,"27","21  day ahead inc hosp",2021-06-05,"quantile",0.6,63.0444720197398
"20899",2021-05-15,"27","21  day ahead inc hosp",2021-06-05,"quantile",0.65,67.0531725029142
"20900",2021-05-15,"27","21  day ahead inc hosp",2021-06-05,"quantile",0.7,71.4815242939436
"20901",2021-05-15,"27","21  day ahead inc hosp",2021-06-05,"quantile",0.75,76.5027208112097
"20902",2021-05-15,"27","21  day ahead inc hosp",2021-06-05,"quantile",0.8,82.4004137508308
"20903",2021-05-15,"27","21  day ahead inc hosp",2021-06-05,"quantile",0.85,89.6980694462944
"20904",2021-05-15,"27","21  day ahead inc hosp",2021-06-05,"quantile",0.9,99.5564983377736
"20905",2021-05-15,"27","21  day ahead inc hosp",2021-06-05,"quantile",0.95,115.635588138549
"20906",2021-05-15,"27","21  day ahead inc hosp",2021-06-05,"quantile",0.975,131.093839392447
"20907",2021-05-15,"27","21  day ahead inc hosp",2021-06-05,"quantile",0.99,150.960225028362
"20908",2021-05-15,"27","22  day ahead inc hosp",2021-06-06,"quantile",0.01,14.7038514071558
"20909",2021-05-15,"27","22  day ahead inc hosp",2021-06-06,"quantile",0.025,18.8362156317099
"20910",2021-05-15,"27","22  day ahead inc hosp",2021-06-06,"quantile",0.05,23.0387170044071
"20911",2021-05-15,"27","22  day ahead inc hosp",2021-06-06,"quantile",0.1,28.7157355874662
"20912",2021-05-15,"27","22  day ahead inc hosp",2021-06-06,"quantile",0.15,33.0985593106542
"20913",2021-05-15,"27","22  day ahead inc hosp",2021-06-06,"quantile",0.2,36.9250967921331
"20914",2021-05-15,"27","22  day ahead inc hosp",2021-06-06,"quantile",0.25,40.464345342288
"20915",2021-05-15,"27","22  day ahead inc hosp",2021-06-06,"quantile",0.3,43.8541801028366
"20916",2021-05-15,"27","22  day ahead inc hosp",2021-06-06,"quantile",0.35,47.1814401249199
"20917",2021-05-15,"27","22  day ahead inc hosp",2021-06-06,"quantile",0.4,50.5104113918819
"20918",2021-05-15,"27","22  day ahead inc hosp",2021-06-06,"quantile",0.45,53.8959527261162
"20919",2021-05-15,"27","22  day ahead inc hosp",2021-06-06,"quantile",0.5,57.3912346166826
"20920",2021-05-15,"27","22  day ahead inc hosp",2021-06-06,"quantile",0.55,61.0538299334633
"20921",2021-05-15,"27","22  day ahead inc hosp",2021-06-06,"quantile",0.6,64.9522210591616
"20922",2021-05-15,"27","22  day ahead inc hosp",2021-06-06,"quantile",0.65,69.1747193251625
"20923",2021-05-15,"27","22  day ahead inc hosp",2021-06-06,"quantile",0.7,73.8439843313803
"20924",2021-05-15,"27","22  day ahead inc hosp",2021-06-06,"quantile",0.75,79.1438959418665
"20925",2021-05-15,"27","22  day ahead inc hosp",2021-06-06,"quantile",0.8,85.3758725298061
"20926",2021-05-15,"27","22  day ahead inc hosp",2021-06-06,"quantile",0.85,93.0965762996506
"20927",2021-05-15,"27","22  day ahead inc hosp",2021-06-06,"quantile",0.9,103.541324336895
"20928",2021-05-15,"27","22  day ahead inc hosp",2021-06-06,"quantile",0.95,120.608429203196
"20929",2021-05-15,"27","22  day ahead inc hosp",2021-06-06,"quantile",0.975,137.048235078359
"20930",2021-05-15,"27","22  day ahead inc hosp",2021-06-06,"quantile",0.99,158.214487931223
"20931",2021-05-15,"27","23  day ahead inc hosp",2021-06-07,"quantile",0.01,13.7983605312006
"20932",2021-05-15,"27","23  day ahead inc hosp",2021-06-07,"quantile",0.025,17.8655001983779
"20933",2021-05-15,"27","23  day ahead inc hosp",2021-06-07,"quantile",0.05,22.0306299313022
"20934",2021-05-15,"27","23  day ahead inc hosp",2021-06-07,"quantile",0.1,27.692447836809
"20935",2021-05-15,"27","23  day ahead inc hosp",2021-06-07,"quantile",0.15,32.0855911882852
"20936",2021-05-15,"27","23  day ahead inc hosp",2021-06-07,"quantile",0.2,35.9341265961417
"20937",2021-05-15,"27","23  day ahead inc hosp",2021-06-07,"quantile",0.25,39.5030935606601
"20938",2021-05-15,"27","23  day ahead inc hosp",2021-06-07,"quantile",0.3,42.9289180614393
"20939",2021-05-15,"27","23  day ahead inc hosp",2021-06-07,"quantile",0.35,46.2979799402805
"20940",2021-05-15,"27","23  day ahead inc hosp",2021-06-07,"quantile",0.4,49.6746370731848
"20941",2021-05-15,"27","23  day ahead inc hosp",2021-06-07,"quantile",0.45,53.1142005697767
"20942",2021-05-15,"27","23  day ahead inc hosp",2021-06-07,"quantile",0.5,56.6706498459578
"20943",2021-05-15,"27","23  day ahead inc hosp",2021-06-07,"quantile",0.55,60.4027794550062
"20944",2021-05-15,"27","23  day ahead inc hosp",2021-06-07,"quantile",0.6,64.380844632598
"20945",2021-05-15,"27","23  day ahead inc hosp",2021-06-07,"quantile",0.65,68.6957416987767
"20946",2021-05-15,"27","23  day ahead inc hosp",2021-06-07,"quantile",0.7,73.4740119356238
"20947",2021-05-15,"27","23  day ahead inc hosp",2021-06-07,"quantile",0.75,78.9056634599217
"20948",2021-05-15,"27","23  day ahead inc hosp",2021-06-07,"quantile",0.8,85.3025401976044
"20949",2021-05-15,"27","23  day ahead inc hosp",2021-06-07,"quantile",0.85,93.2411471036476
"20950",2021-05-15,"27","23  day ahead inc hosp",2021-06-07,"quantile",0.9,104.002128913779
"20951",2021-05-15,"27","23  day ahead inc hosp",2021-06-07,"quantile",0.95,121.63194499957
"20952",2021-05-15,"27","23  day ahead inc hosp",2021-06-07,"quantile",0.975,138.659742116155
"20953",2021-05-15,"27","23  day ahead inc hosp",2021-06-07,"quantile",0.99,160.638807383849
"20954",2021-05-15,"27","24  day ahead inc hosp",2021-06-08,"quantile",0.01,12.7930426138004
"20955",2021-05-15,"27","24  day ahead inc hosp",2021-06-08,"quantile",0.025,16.7549818310244
"20956",2021-05-15,"27","24  day ahead inc hosp",2021-06-08,"quantile",0.05,20.8429023737345
"20957",2021-05-15,"27","24  day ahead inc hosp",2021-06-08,"quantile",0.1,26.4370475470456
"20958",2021-05-15,"27","24  day ahead inc hosp",2021-06-08,"quantile",0.15,30.8010137773183
"20959",2021-05-15,"27","24  day ahead inc hosp",2021-06-08,"quantile",0.2,34.6377418265427
"20960",2021-05-15,"27","24  day ahead inc hosp",2021-06-08,"quantile",0.25,38.2056909105741
"20961",2021-05-15,"27","24  day ahead inc hosp",2021-06-08,"quantile",0.3,41.6385193930317
"20962",2021-05-15,"27","24  day ahead inc hosp",2021-06-08,"quantile",0.35,45.0213417321533
"20963",2021-05-15,"27","24  day ahead inc hosp",2021-06-08,"quantile",0.4,48.418015063138
"20964",2021-05-15,"27","24  day ahead inc hosp",2021-06-08,"quantile",0.45,51.8838383085952
"20965",2021-05-15,"27","24  day ahead inc hosp",2021-06-08,"quantile",0.5,55.4731733786165
"20966",2021-05-15,"27","24  day ahead inc hosp",2021-06-08,"quantile",0.55,59.245597568302
"20967",2021-05-15,"27","24  day ahead inc hosp",2021-06-08,"quantile",0.6,63.2726385241306
"20968",2021-05-15,"27","24  day ahead inc hosp",2021-06-08,"quantile",0.65,67.6471531390284
"20969",2021-05-15,"27","24  day ahead inc hosp",2021-06-08,"quantile",0.7,72.498718374986
"20970",2021-05-15,"27","24  day ahead inc hosp",2021-06-08,"quantile",0.75,78.0222262458647
"20971",2021-05-15,"27","24  day ahead inc hosp",2021-06-08,"quantile",0.8,84.5379379903316
"20972",2021-05-15,"27","24  day ahead inc hosp",2021-06-08,"quantile",0.85,92.6385452334707
"20973",2021-05-15,"27","24  day ahead inc hosp",2021-06-08,"quantile",0.9,103.642031014999
"20974",2021-05-15,"27","24  day ahead inc hosp",2021-06-08,"quantile",0.95,121.718303278017
"20975",2021-05-15,"27","24  day ahead inc hosp",2021-06-08,"quantile",0.975,139.226500438586
"20976",2021-05-15,"27","24  day ahead inc hosp",2021-06-08,"quantile",0.99,161.885400604774
"20977",2021-05-15,"27","25  day ahead inc hosp",2021-06-09,"quantile",0.01,14.3578946982409
"20978",2021-05-15,"27","25  day ahead inc hosp",2021-06-09,"quantile",0.025,18.7834599087819
"20979",2021-05-15,"27","25  day ahead inc hosp",2021-06-09,"quantile",0.05,23.346420729722
"20980",2021-05-15,"27","25  day ahead inc hosp",2021-06-09,"quantile",0.1,29.5865864558026
"20981",2021-05-15,"27","25  day ahead inc hosp",2021-06-09,"quantile",0.15,34.451982564009
"20982",2021-05-15,"27","25  day ahead inc hosp",2021-06-09,"quantile",0.2,38.7280735100272
"20983",2021-05-15,"27","25  day ahead inc hosp",2021-06-09,"quantile",0.25,42.7035348322734
"20984",2021-05-15,"27","25  day ahead inc hosp",2021-06-09,"quantile",0.3,46.52758286438
"20985",2021-05-15,"27","25  day ahead inc hosp",2021-06-09,"quantile",0.35,50.2951860979338
"20986",2021-05-15,"27","25  day ahead inc hosp",2021-06-09,"quantile",0.4,54.0775463750666
"20987",2021-05-15,"27","25  day ahead inc hosp",2021-06-09,"quantile",0.45,57.9362775575483
"20988",2021-05-15,"27","25  day ahead inc hosp",2021-06-09,"quantile",0.5,61.9319069357424
"20989",2021-05-15,"27","25  day ahead inc hosp",2021-06-09,"quantile",0.55,66.1307294292509
"20990",2021-05-15,"27","25  day ahead inc hosp",2021-06-09,"quantile",0.6,70.6123018220703
"20991",2021-05-15,"27","25  day ahead inc hosp",2021-06-09,"quantile",0.65,75.4798710060301
"20992",2021-05-15,"27","25  day ahead inc hosp",2021-06-09,"quantile",0.7,80.8774801743056
"20993",2021-05-15,"27","25  day ahead inc hosp",2021-06-09,"quantile",0.75,87.0217449628714
"20994",2021-05-15,"27","25  day ahead inc hosp",2021-06-09,"quantile",0.8,94.2685818876154
"20995",2021-05-15,"27","25  day ahead inc hosp",2021-06-09,"quantile",0.85,103.276601566805
"20996",2021-05-15,"27","25  day ahead inc hosp",2021-06-09,"quantile",0.9,115.51022574176
"20997",2021-05-15,"27","25  day ahead inc hosp",2021-06-09,"quantile",0.95,135.602090519244
"20998",2021-05-15,"27","25  day ahead inc hosp",2021-06-09,"quantile",0.975,155.057289383922
"20999",2021-05-15,"27","25  day ahead inc hosp",2021-06-09,"quantile",0.99,180.229609241838
"21000",2021-05-15,"27","26  day ahead inc hosp",2021-06-10,"quantile",0.01,13.4311421960956
"21001",2021-05-15,"27","26  day ahead inc hosp",2021-06-10,"quantile",0.025,17.7580667208902
"21002",2021-05-15,"27","26  day ahead inc hosp",2021-06-10,"quantile",0.05,22.2502121753834
"21003",2021-05-15,"27","26  day ahead inc hosp",2021-06-10,"quantile",0.1,28.4313159893805
"21004",2021-05-15,"27","26  day ahead inc hosp",2021-06-10,"quantile",0.15,33.2743225970926
"21005",2021-05-15,"27","26  day ahead inc hosp",2021-06-10,"quantile",0.2,37.5446885193275
"21006",2021-05-15,"27","26  day ahead inc hosp",2021-06-10,"quantile",0.25,41.5249080031156
"21007",2021-05-15,"27","26  day ahead inc hosp",2021-06-10,"quantile",0.3,45.3616371626195
"21008",2021-05-15,"27","26  day ahead inc hosp",2021-06-10,"quantile",0.35,49.14871572168
"21009",2021-05-15,"27","26  day ahead inc hosp",2021-06-10,"quantile",0.4,52.9569533101999
"21010",2021-05-15,"27","26  day ahead inc hosp",2021-06-10,"quantile",0.45,56.8480523637871
"21011",2021-05-15,"27","26  day ahead inc hosp",2021-06-10,"quantile",0.5,60.8830287971812
"21012",2021-05-15,"27","26  day ahead inc hosp",2021-06-10,"quantile",0.55,65.1290836769954
"21013",2021-05-15,"27","26  day ahead inc hosp",2021-06-10,"quantile",0.6,69.6672013812632
"21014",2021-05-15,"27","26  day ahead inc hosp",2021-06-10,"quantile",0.65,74.6027979510694
"21015",2021-05-15,"27","26  day ahead inc hosp",2021-06-10,"quantile",0.7,80.083251014336
"21016",2021-05-15,"27","26  day ahead inc hosp",2021-06-10,"quantile",0.75,86.3305187851139
"21017",2021-05-15,"27","26  day ahead inc hosp",2021-06-10,"quantile",0.8,93.7097022550784
"21018",2021-05-15,"27","26  day ahead inc hosp",2021-06-10,"quantile",0.85,102.897042821074
"21019",2021-05-15,"27","26  day ahead inc hosp",2021-06-10,"quantile",0.9,115.397572741813
"21020",2021-05-15,"27","26  day ahead inc hosp",2021-06-10,"quantile",0.95,135.977991912333
"21021",2021-05-15,"27","26  day ahead inc hosp",2021-06-10,"quantile",0.975,155.956523975377
"21022",2021-05-15,"27","26  day ahead inc hosp",2021-06-10,"quantile",0.99,181.86704927028
"21023",2021-05-15,"27","27  day ahead inc hosp",2021-06-11,"quantile",0.01,12.7303196374857
"21024",2021-05-15,"27","27  day ahead inc hosp",2021-06-11,"quantile",0.025,16.9966937837512
"21025",2021-05-15,"27","27  day ahead inc hosp",2021-06-11,"quantile",0.05,21.4541918740273
"21026",2021-05-15,"27","27  day ahead inc hosp",2021-06-11,"quantile",0.1,27.6221925814803
"21027",2021-05-15,"27","27  day ahead inc hosp",2021-06-11,"quantile",0.15,32.4765954280853
"21028",2021-05-15,"27","27  day ahead inc hosp",2021-06-11,"quantile",0.2,36.769790607395
"21029",2021-05-15,"27","27  day ahead inc hosp",2021-06-11,"quantile",0.25,40.7805264646232
"21030",2021-05-15,"27","27  day ahead inc hosp",2021-06-11,"quantile",0.3,44.6541020688874
"21031",2021-05-15,"27","27  day ahead inc hosp",2021-06-11,"quantile",0.35,48.483953681682
"21032",2021-05-15,"27","27  day ahead inc hosp",2021-06-11,"quantile",0.4,52.3410076122865
"21033",2021-05-15,"27","27  day ahead inc hosp",2021-06-11,"quantile",0.45,56.2874633660456
"21034",2021-05-15,"27","27  day ahead inc hosp",2021-06-11,"quantile",0.5,60.3851975448
"21035",2021-05-15,"27","27  day ahead inc hosp",2021-06-11,"quantile",0.55,64.7026984080826
"21036",2021-05-15,"27","27  day ahead inc hosp",2021-06-11,"quantile",0.6,69.3228114204666
"21037",2021-05-15,"27","27  day ahead inc hosp",2021-06-11,"quantile",0.65,74.3536627830962
"21038",2021-05-15,"27","27  day ahead inc hosp",2021-06-11,"quantile",0.7,79.946699067581
"21039",2021-05-15,"27","27  day ahead inc hosp",2021-06-11,"quantile",0.75,86.3303051335739
"21040",2021-05-15,"27","27  day ahead inc hosp",2021-06-11,"quantile",0.8,93.8805240585185
"21041",2021-05-15,"27","27  day ahead inc hosp",2021-06-11,"quantile",0.85,103.29444671597
"21042",2021-05-15,"27","27  day ahead inc hosp",2021-06-11,"quantile",0.9,116.124804547958
"21043",2021-05-15,"27","27  day ahead inc hosp",2021-06-11,"quantile",0.95,137.29453498515
"21044",2021-05-15,"27","27  day ahead inc hosp",2021-06-11,"quantile",0.975,157.891516921081
"21045",2021-05-15,"27","27  day ahead inc hosp",2021-06-11,"quantile",0.99,184.660518637123
"21046",2021-05-15,"27","28  day ahead inc hosp",2021-06-12,"quantile",0.01,10.6031827146762
"21047",2021-05-15,"27","28  day ahead inc hosp",2021-06-12,"quantile",0.025,14.4320881228413
"21048",2021-05-15,"27","28  day ahead inc hosp",2021-06-12,"quantile",0.05,18.4827538057693
"21049",2021-05-15,"27","28  day ahead inc hosp",2021-06-12,"quantile",0.1,24.1497124023458
"21050",2021-05-15,"27","28  day ahead inc hosp",2021-06-12,"quantile",0.15,28.6487238000717
"21051",2021-05-15,"27","28  day ahead inc hosp",2021-06-12,"quantile",0.2,32.6506598701679
"21052",2021-05-15,"27","28  day ahead inc hosp",2021-06-12,"quantile",0.25,36.4059956034683
"21053",2021-05-15,"27","28  day ahead inc hosp",2021-06-12,"quantile",0.3,40.0463589415157
"21054",2021-05-15,"27","28  day ahead inc hosp",2021-06-12,"quantile",0.35,43.6572437844405
"21055",2021-05-15,"27","28  day ahead inc hosp",2021-06-12,"quantile",0.4,47.304317302596
"21056",2021-05-15,"27","28  day ahead inc hosp",2021-06-12,"quantile",0.45,51.0458880135892
"21057",2021-05-15,"27","28  day ahead inc hosp",2021-06-12,"quantile",0.5,54.9406323480552
"21058",2021-05-15,"27","28  day ahead inc hosp",2021-06-12,"quantile",0.55,59.0541104192317
"21059",2021-05-15,"27","28  day ahead inc hosp",2021-06-12,"quantile",0.6,63.4661849983707
"21060",2021-05-15,"27","28  day ahead inc hosp",2021-06-12,"quantile",0.65,68.2816079615463
"21061",2021-05-15,"27","28  day ahead inc hosp",2021-06-12,"quantile",0.7,73.6476049467235
"21062",2021-05-15,"27","28  day ahead inc hosp",2021-06-12,"quantile",0.75,79.7867362119264
"21063",2021-05-15,"27","28  day ahead inc hosp",2021-06-12,"quantile",0.8,87.0661295088715
"21064",2021-05-15,"27","28  day ahead inc hosp",2021-06-12,"quantile",0.85,96.1674163166837
"21065",2021-05-15,"27","28  day ahead inc hosp",2021-06-12,"quantile",0.9,108.611284225667
"21066",2021-05-15,"27","28  day ahead inc hosp",2021-06-12,"quantile",0.95,129.228640919899
"21067",2021-05-15,"27","28  day ahead inc hosp",2021-06-12,"quantile",0.975,149.373825613449
"21068",2021-05-15,"27","28  day ahead inc hosp",2021-06-12,"quantile",0.99,175.660002127283
"21069",2021-05-15,"27","29  day ahead inc hosp",2021-06-13,"quantile",0.01,10.2642858583642
"21070",2021-05-15,"27","29  day ahead inc hosp",2021-06-13,"quantile",0.025,14.1652224991943
"21071",2021-05-15,"27","29  day ahead inc hosp",2021-06-13,"quantile",0.05,18.329039021189
"21072",2021-05-15,"27","29  day ahead inc hosp",2021-06-13,"quantile",0.1,24.1998889846553
"21073",2021-05-15,"27","29  day ahead inc hosp",2021-06-13,"quantile",0.15,28.8894442632697
"21074",2021-05-15,"27","29  day ahead inc hosp",2021-06-13,"quantile",0.2,33.0778369486593
"21075",2021-05-15,"27","29  day ahead inc hosp",2021-06-13,"quantile",0.25,37.0204318191735
"21076",2021-05-15,"27","29  day ahead inc hosp",2021-06-13,"quantile",0.3,40.8522278963774
"21077",2021-05-15,"27","29  day ahead inc hosp",2021-06-13,"quantile",0.35,44.6615487050376
"21078",2021-05-15,"27","29  day ahead inc hosp",2021-06-13,"quantile",0.4,48.5168131167951
"21079",2021-05-15,"27","29  day ahead inc hosp",2021-06-13,"quantile",0.45,52.4793104287807
"21080",2021-05-15,"27","29  day ahead inc hosp",2021-06-13,"quantile",0.5,56.6112117054535
"21081",2021-05-15,"27","29  day ahead inc hosp",2021-06-13,"quantile",0.55,60.9824308123044
"21082",2021-05-15,"27","29  day ahead inc hosp",2021-06-13,"quantile",0.6,65.6785404229699
"21083",2021-05-15,"27","29  day ahead inc hosp",2021-06-13,"quantile",0.65,70.8121570598523
"21084",2021-05-15,"27","29  day ahead inc hosp",2021-06-13,"quantile",0.7,76.5419252721777
"21085",2021-05-15,"27","29  day ahead inc hosp",2021-06-13,"quantile",0.75,83.1080591015261
"21086",2021-05-15,"27","29  day ahead inc hosp",2021-06-13,"quantile",0.8,90.9072991733481
"21087",2021-05-15,"27","29  day ahead inc hosp",2021-06-13,"quantile",0.85,100.677040806742
"21088",2021-05-15,"27","29  day ahead inc hosp",2021-06-13,"quantile",0.9,114.064142288268
"21089",2021-05-15,"27","29  day ahead inc hosp",2021-06-13,"quantile",0.95,136.307415377005
"21090",2021-05-15,"27","29  day ahead inc hosp",2021-06-13,"quantile",0.975,158.104671427303
"21091",2021-05-15,"27","29  day ahead inc hosp",2021-06-13,"quantile",0.99,186.623820305867
"21092",2021-05-15,"27","30  day ahead inc hosp",2021-06-14,"quantile",0.01,10.5441988464066
"21093",2021-05-15,"27","30  day ahead inc hosp",2021-06-14,"quantile",0.025,14.6410143920966
"21094",2021-05-15,"27","30  day ahead inc hosp",2021-06-14,"quantile",0.05,19.0311938017136
"21095",2021-05-15,"27","30  day ahead inc hosp",2021-06-14,"quantile",0.1,25.2425214180312
"21096",2021-05-15,"27","30  day ahead inc hosp",2021-06-14,"quantile",0.15,30.2174319671042
"21097",2021-05-15,"27","30  day ahead inc hosp",2021-06-14,"quantile",0.2,34.6685960358533
"21098",2021-05-15,"27","30  day ahead inc hosp",2021-06-14,"quantile",0.25,38.8642703705877
"21099",2021-05-15,"27","30  day ahead inc hosp",2021-06-14,"quantile",0.3,42.946649134879
"21100",2021-05-15,"27","30  day ahead inc hosp",2021-06-14,"quantile",0.35,47.0090668254994
"21101",2021-05-15,"27","30  day ahead inc hosp",2021-06-14,"quantile",0.4,51.1240972739125
"21102",2021-05-15,"27","30  day ahead inc hosp",2021-06-14,"quantile",0.45,55.3570041615318
"21103",2021-05-15,"27","30  day ahead inc hosp",2021-06-14,"quantile",0.5,59.774220945516
"21104",2021-05-15,"27","30  day ahead inc hosp",2021-06-14,"quantile",0.55,64.4506627807329
"21105",2021-05-15,"27","30  day ahead inc hosp",2021-06-14,"quantile",0.6,69.4782110827265
"21106",2021-05-15,"27","30  day ahead inc hosp",2021-06-14,"quantile",0.65,74.977957366523
"21107",2021-05-15,"27","30  day ahead inc hosp",2021-06-14,"quantile",0.7,81.1206528236849
"21108",2021-05-15,"27","30  day ahead inc hosp",2021-06-14,"quantile",0.75,88.1650231171971
"21109",2021-05-15,"27","30  day ahead inc hosp",2021-06-14,"quantile",0.8,96.5386096561074
"21110",2021-05-15,"27","30  day ahead inc hosp",2021-06-14,"quantile",0.85,107.036417382814
"21111",2021-05-15,"27","30  day ahead inc hosp",2021-06-14,"quantile",0.9,121.434785954783
"21112",2021-05-15,"27","30  day ahead inc hosp",2021-06-14,"quantile",0.95,145.387717072743
"21113",2021-05-15,"27","30  day ahead inc hosp",2021-06-14,"quantile",0.975,168.889852100973
"21114",2021-05-15,"27","30  day ahead inc hosp",2021-06-14,"quantile",0.99,199.675599802806
"21115",2021-05-15,"27","31  day ahead inc hosp",2021-06-15,"quantile",0.01,9.99796855672953
"21116",2021-05-15,"27","31  day ahead inc hosp",2021-06-15,"quantile",0.025,14.0406445625885
"21117",2021-05-15,"27","31  day ahead inc hosp",2021-06-15,"quantile",0.05,18.4044118757793
"21118",2021-05-15,"27","31  day ahead inc hosp",2021-06-15,"quantile",0.1,24.6174691052456
"21119",2021-05-15,"27","31  day ahead inc hosp",2021-06-15,"quantile",0.15,29.6183740958962
"21120",2021-05-15,"27","31  day ahead inc hosp",2021-06-15,"quantile",0.2,34.107364236169
"21121",2021-05-15,"27","31  day ahead inc hosp",2021-06-15,"quantile",0.25,38.3492558260916
"21122",2021-05-15,"27","31  day ahead inc hosp",2021-06-15,"quantile",0.3,42.4851219153928
"21123",2021-05-15,"27","31  day ahead inc hosp",2021-06-15,"quantile",0.35,46.6081243131898
"21124",2021-05-15,"27","31  day ahead inc hosp",2021-06-15,"quantile",0.4,50.7912095815682
"21125",2021-05-15,"27","31  day ahead inc hosp",2021-06-15,"quantile",0.45,55.1004440209998
"21126",2021-05-15,"27","31  day ahead inc hosp",2021-06-15,"quantile",0.5,59.6035045438843
"21127",2021-05-15,"27","31  day ahead inc hosp",2021-06-15,"quantile",0.55,64.3770920332399
"21128",2021-05-15,"27","31  day ahead inc hosp",2021-06-15,"quantile",0.6,69.5156227964679
"21129",2021-05-15,"27","31  day ahead inc hosp",2021-06-15,"quantile",0.65,75.1438464289181
"21130",2021-05-15,"27","31  day ahead inc hosp",2021-06-15,"quantile",0.7,81.4379813169551
"21131",2021-05-15,"27","31  day ahead inc hosp",2021-06-15,"quantile",0.75,88.6653694960884
"21132",2021-05-15,"27","31  day ahead inc hosp",2021-06-15,"quantile",0.8,97.2682104526108
"21133",2021-05-15,"27","31  day ahead inc hosp",2021-06-15,"quantile",0.85,108.069438397289
"21134",2021-05-15,"27","31  day ahead inc hosp",2021-06-15,"quantile",0.9,122.909324015788
"21135",2021-05-15,"27","31  day ahead inc hosp",2021-06-15,"quantile",0.95,147.651516916735
"21136",2021-05-15,"27","31  day ahead inc hosp",2021-06-15,"quantile",0.975,171.983080070425
"21137",2021-05-15,"27","31  day ahead inc hosp",2021-06-15,"quantile",0.99,203.922449920528
"21138",2021-05-15,"27","32  day ahead inc hosp",2021-06-16,"quantile",0.01,9.50354549320263
"21139",2021-05-15,"27","32  day ahead inc hosp",2021-06-16,"quantile",0.025,13.4957860667586
"21140",2021-05-15,"27","32  day ahead inc hosp",2021-06-16,"quantile",0.05,17.835945472566
"21141",2021-05-15,"27","32  day ahead inc hosp",2021-06-16,"quantile",0.1,24.053608543135
"21142",2021-05-15,"27","32  day ahead inc hosp",2021-06-16,"quantile",0.15,29.0822956517882
"21143",2021-05-15,"27","32  day ahead inc hosp",2021-06-16,"quantile",0.2,33.6104847856834
"21144",2021-05-15,"27","32  day ahead inc hosp",2021-06-16,"quantile",0.25,37.899762967553
"21145",2021-05-15,"27","32  day ahead inc hosp",2021-06-16,"quantile",0.3,42.0901786067607
"21146",2021-05-15,"27","32  day ahead inc hosp",2021-06-16,"quantile",0.35,46.2747757512853
"21147",2021-05-15,"27","32  day ahead inc hosp",2021-06-16,"quantile",0.4,50.5269108482814
"21148",2021-05-15,"27","32  day ahead inc hosp",2021-06-16,"quantile",0.45,54.9134822448228
"21149",2021-05-15,"27","32  day ahead inc hosp",2021-06-16,"quantile",0.5,59.5034373785852
"21150",2021-05-15,"27","32  day ahead inc hosp",2021-06-16,"quantile",0.55,64.3752913817573
"21151",2021-05-15,"27","32  day ahead inc hosp",2021-06-16,"quantile",0.6,69.6260291894489
"21152",2021-05-15,"27","32  day ahead inc hosp",2021-06-16,"quantile",0.65,75.3841024237317
"21153",2021-05-15,"27","32  day ahead inc hosp",2021-06-16,"quantile",0.7,81.8312589631762
"21154",2021-05-15,"27","32  day ahead inc hosp",2021-06-16,"quantile",0.75,89.2435531902235
"21155",2021-05-15,"27","32  day ahead inc hosp",2021-06-16,"quantile",0.8,98.0780052480478
"21156",2021-05-15,"27","32  day ahead inc hosp",2021-06-16,"quantile",0.85,109.185790819593
"21157",2021-05-15,"27","32  day ahead inc hosp",2021-06-16,"quantile",0.9,124.471838666915
"21158",2021-05-15,"27","32  day ahead inc hosp",2021-06-16,"quantile",0.95,150.011899901445
"21159",2021-05-15,"27","32  day ahead inc hosp",2021-06-16,"quantile",0.975,175.182369987149
"21160",2021-05-15,"27","32  day ahead inc hosp",2021-06-16,"quantile",0.99,208.289233483131
"21161",2021-05-15,"27","33  day ahead inc hosp",2021-06-17,"quantile",0.01,8.8303485012665
"21162",2021-05-15,"27","33  day ahead inc hosp",2021-06-17,"quantile",0.025,12.7103960138406
"21163",2021-05-15,"27","33  day ahead inc hosp",2021-06-17,"quantile",0.05,16.9651148748113
"21164",2021-05-15,"27","33  day ahead inc hosp",2021-06-17,"quantile",0.1,23.1057887265321
"21165",2021-05-15,"27","33  day ahead inc hosp",2021-06-17,"quantile",0.15,28.1008602943029
"21166",2021-05-15,"27","33  day ahead inc hosp",2021-06-17,"quantile",0.2,32.6157718675444
"21167",2021-05-15,"27","33  day ahead inc hosp",2021-06-17,"quantile",0.25,36.9048119200793
"21168",2021-05-15,"27","33  day ahead inc hosp",2021-06-17,"quantile",0.3,41.1049591447629
"21169",2021-05-15,"27","33  day ahead inc hosp",2021-06-17,"quantile",0.35,45.3078930409313
"21170",2021-05-15,"27","33  day ahead inc hosp",2021-06-17,"quantile",0.4,49.5864994661342
"21171",2021-05-15,"27","33  day ahead inc hosp",2021-06-17,"quantile",0.45,54.0078007410132
"21172",2021-05-15,"27","33  day ahead inc hosp",2021-06-17,"quantile",0.5,58.6413715455895
"21173",2021-05-15,"27","33  day ahead inc hosp",2021-06-17,"quantile",0.55,63.5668864026986
"21174",2021-05-15,"27","33  day ahead inc hosp",2021-06-17,"quantile",0.6,68.883159957906
"21175",2021-05-15,"27","33  day ahead inc hosp",2021-06-17,"quantile",0.65,74.7214321100217
"21176",2021-05-15,"27","33  day ahead inc hosp",2021-06-17,"quantile",0.7,81.2677514775226
"21177",2021-05-15,"27","33  day ahead inc hosp",2021-06-17,"quantile",0.75,88.8050890491759
"21178",2021-05-15,"27","33  day ahead inc hosp",2021-06-17,"quantile",0.8,97.8024045935798
"21179",2021-05-15,"27","33  day ahead inc hosp",2021-06-17,"quantile",0.85,109.133901848775
"21180",2021-05-15,"27","33  day ahead inc hosp",2021-06-17,"quantile",0.9,124.757855710982
"21181",2021-05-15,"27","33  day ahead inc hosp",2021-06-17,"quantile",0.95,150.92750300889
"21182",2021-05-15,"27","33  day ahead inc hosp",2021-06-17,"quantile",0.975,176.783859877947
"21183",2021-05-15,"27","33  day ahead inc hosp",2021-06-17,"quantile",0.99,210.872825118899
"21184",2021-05-15,"27","34  day ahead inc hosp",2021-06-18,"quantile",0.01,7.97398649557739
"21185",2021-05-15,"27","34  day ahead inc hosp",2021-06-18,"quantile",0.025,11.6707011084908
"21186",2021-05-15,"27","34  day ahead inc hosp",2021-06-18,"quantile",0.05,15.7675702444457
"21187",2021-05-15,"27","34  day ahead inc hosp",2021-06-18,"quantile",0.1,21.7343069003778
"21188",2021-05-15,"27","34  day ahead inc hosp",2021-06-18,"quantile",0.15,26.6219523472297
"21189",2021-05-15,"27","34  day ahead inc hosp",2021-06-18,"quantile",0.2,31.0599955207795
"21190",2021-05-15,"27","34  day ahead inc hosp",2021-06-18,"quantile",0.25,35.290721200128
"21191",2021-05-15,"27","34  day ahead inc hosp",2021-06-18,"quantile",0.3,39.4456525022085
"21192",2021-05-15,"27","34  day ahead inc hosp",2021-06-18,"quantile",0.35,43.6136339716958
"21193",2021-05-15,"27","34  day ahead inc hosp",2021-06-18,"quantile",0.4,47.8660281293664
"21194",2021-05-15,"27","34  day ahead inc hosp",2021-06-18,"quantile",0.45,52.2691206400558
"21195",2021-05-15,"27","34  day ahead inc hosp",2021-06-18,"quantile",0.5,56.8923175975225
"21196",2021-05-15,"27","34  day ahead inc hosp",2021-06-18,"quantile",0.55,61.8156289719729
"21197",2021-05-15,"27","34  day ahead inc hosp",2021-06-18,"quantile",0.6,67.1387559127602
"21198",2021-05-15,"27","34  day ahead inc hosp",2021-06-18,"quantile",0.65,72.9945469658834
"21199",2021-05-15,"27","34  day ahead inc hosp",2021-06-18,"quantile",0.7,79.5717517673668
"21200",2021-05-15,"27","34  day ahead inc hosp",2021-06-18,"quantile",0.75,87.1579053277354
"21201",2021-05-15,"27","34  day ahead inc hosp",2021-06-18,"quantile",0.8,96.2301141139094
"21202",2021-05-15,"27","34  day ahead inc hosp",2021-06-18,"quantile",0.85,107.678717042077
"21203",2021-05-15,"27","34  day ahead inc hosp",2021-06-18,"quantile",0.9,123.50031325627
"21204",2021-05-15,"27","34  day ahead inc hosp",2021-06-18,"quantile",0.95,150.079390084553
"21205",2021-05-15,"27","34  day ahead inc hosp",2021-06-18,"quantile",0.975,176.419223575241
"21206",2021-05-15,"27","34  day ahead inc hosp",2021-06-18,"quantile",0.99,211.242207593995
"21207",2021-05-15,"27","35  day ahead inc hosp",2021-06-19,"quantile",0.01,7.66617413089428
"21208",2021-05-15,"27","35  day ahead inc hosp",2021-06-19,"quantile",0.025,11.3493011135386
"21209",2021-05-15,"27","35  day ahead inc hosp",2021-06-19,"quantile",0.05,15.4608002065979
"21210",2021-05-15,"27","35  day ahead inc hosp",2021-06-19,"quantile",0.1,21.4859122563602
"21211",2021-05-15,"27","35  day ahead inc hosp",2021-06-19,"quantile",0.15,26.4447988846546
"21212",2021-05-15,"27","35  day ahead inc hosp",2021-06-19,"quantile",0.2,30.9614378956753
"21213",2021-05-15,"27","35  day ahead inc hosp",2021-06-19,"quantile",0.25,35.2771991420288
"21214",2021-05-15,"27","35  day ahead inc hosp",2021-06-19,"quantile",0.3,39.5238168799258
"21215",2021-05-15,"27","35  day ahead inc hosp",2021-06-19,"quantile",0.35,43.7908504432631
"21216",2021-05-15,"27","35  day ahead inc hosp",2021-06-19,"quantile",0.4,48.1507460092826
"21217",2021-05-15,"27","35  day ahead inc hosp",2021-06-19,"quantile",0.45,52.6712556084478
"21218",2021-05-15,"27","35  day ahead inc hosp",2021-06-19,"quantile",0.5,57.4237301721293
"21219",2021-05-15,"27","35  day ahead inc hosp",2021-06-19,"quantile",0.55,62.4907822017972
"21220",2021-05-15,"27","35  day ahead inc hosp",2021-06-19,"quantile",0.6,67.975675379034
"21221",2021-05-15,"27","35  day ahead inc hosp",2021-06-19,"quantile",0.65,74.0162974151335
"21222",2021-05-15,"27","35  day ahead inc hosp",2021-06-19,"quantile",0.7,80.8088425418742
"21223",2021-05-15,"27","35  day ahead inc hosp",2021-06-19,"quantile",0.75,88.6524963155935
"21224",2021-05-15,"27","35  day ahead inc hosp",2021-06-19,"quantile",0.8,98.044094536893
"21225",2021-05-15,"27","35  day ahead inc hosp",2021-06-19,"quantile",0.85,109.911443748387
"21226",2021-05-15,"27","35  day ahead inc hosp",2021-06-19,"quantile",0.9,126.336665718243
"21227",2021-05-15,"27","35  day ahead inc hosp",2021-06-19,"quantile",0.95,153.983845150153
"21228",2021-05-15,"27","35  day ahead inc hosp",2021-06-19,"quantile",0.975,181.436624154937
"21229",2021-05-15,"27","35  day ahead inc hosp",2021-06-19,"quantile",0.99,217.797649229466
"21230",2021-05-15,"27","36  day ahead inc hosp",2021-06-20,"quantile",0.01,7.37922356163677
"21231",2021-05-15,"27","36  day ahead inc hosp",2021-06-20,"quantile",0.025,11.0501728428881
"21232",2021-05-15,"27","36  day ahead inc hosp",2021-06-20,"quantile",0.05,15.1777902166243
"21233",2021-05-15,"27","36  day ahead inc hosp",2021-06-20,"quantile",0.1,21.2636921800637
"21234",2021-05-15,"27","36  day ahead inc hosp",2021-06-20,"quantile",0.15,26.2961170714364
"21235",2021-05-15,"27","36  day ahead inc hosp",2021-06-20,"quantile",0.2,30.8937018059917
"21236",2021-05-15,"27","36  day ahead inc hosp",2021-06-20,"quantile",0.25,35.2969677110552
"21237",2021-05-15,"27","36  day ahead inc hosp",2021-06-20,"quantile",0.3,39.6379052275669
"21238",2021-05-15,"27","36  day ahead inc hosp",2021-06-20,"quantile",0.35,44.0068299548366
"21239",2021-05-15,"27","36  day ahead inc hosp",2021-06-20,"quantile",0.4,48.4773167297264
"21240",2021-05-15,"27","36  day ahead inc hosp",2021-06-20,"quantile",0.45,53.1186373379379
"21241",2021-05-15,"27","36  day ahead inc hosp",2021-06-20,"quantile",0.5,58.0041544573034
"21242",2021-05-15,"27","36  day ahead inc hosp",2021-06-20,"quantile",0.55,63.2191704868178
"21243",2021-05-15,"27","36  day ahead inc hosp",2021-06-20,"quantile",0.6,68.870630095607
"21244",2021-05-15,"27","36  day ahead inc hosp",2021-06-20,"quantile",0.65,75.1016273557567
"21245",2021-05-15,"27","36  day ahead inc hosp",2021-06-20,"quantile",0.7,82.11604854601
"21246",2021-05-15,"27","36  day ahead inc hosp",2021-06-20,"quantile",0.75,90.2251186259428
"21247",2021-05-15,"27","36  day ahead inc hosp",2021-06-20,"quantile",0.8,99.9460650593488
"21248",2021-05-15,"27","36  day ahead inc hosp",2021-06-20,"quantile",0.85,112.245429124892
"21249",2021-05-15,"27","36  day ahead inc hosp",2021-06-20,"quantile",0.9,129.293774774727
"21250",2021-05-15,"27","36  day ahead inc hosp",2021-06-20,"quantile",0.95,158.044456297598
"21251",2021-05-15,"27","36  day ahead inc hosp",2021-06-20,"quantile",0.975,186.648061903794
"21252",2021-05-15,"27","36  day ahead inc hosp",2021-06-20,"quantile",0.99,224.600810073069
"21253",2021-05-15,"27","37  day ahead inc hosp",2021-06-21,"quantile",0.01,6.94573748192997
"21254",2021-05-15,"27","37  day ahead inc hosp",2021-06-21,"quantile",0.025,10.5441112830895
"21255",2021-05-15,"27","37  day ahead inc hosp",2021-06-21,"quantile",0.05,14.6250728769578
"21256",2021-05-15,"27","37  day ahead inc hosp",2021-06-21,"quantile",0.1,20.6860258368104
"21257",2021-05-15,"27","37  day ahead inc hosp",2021-06-21,"quantile",0.15,25.7255859483303
"21258",2021-05-15,"27","37  day ahead inc hosp",2021-06-21,"quantile",0.2,30.3462043734001
"21259",2021-05-15,"27","37  day ahead inc hosp",2021-06-21,"quantile",0.25,34.7835545460522
"21260",2021-05-15,"27","37  day ahead inc hosp",2021-06-21,"quantile",0.3,39.1678269014681
"21261",2021-05-15,"27","37  day ahead inc hosp",2021-06-21,"quantile",0.35,43.5888026680256
"21262",2021-05-15,"27","37  day ahead inc hosp",2021-06-21,"quantile",0.4,48.1202389288053
"21263",2021-05-15,"27","37  day ahead inc hosp",2021-06-21,"quantile",0.45,52.8321311170853
"21264",2021-05-15,"27","37  day ahead inc hosp",2021-06-21,"quantile",0.5,57.7990949668259
"21265",2021-05-15,"27","37  day ahead inc hosp",2021-06-21,"quantile",0.55,63.1083149222208
"21266",2021-05-15,"27","37  day ahead inc hosp",2021-06-21,"quantile",0.6,68.8694698790835
"21267",2021-05-15,"27","37  day ahead inc hosp",2021-06-21,"quantile",0.65,75.2296544061862
"21268",2021-05-15,"27","37  day ahead inc hosp",2021-06-21,"quantile",0.7,82.3987889907038
"21269",2021-05-15,"27","37  day ahead inc hosp",2021-06-21,"quantile",0.75,90.6976744255526
"21270",2021-05-15,"27","37  day ahead inc hosp",2021-06-21,"quantile",0.8,100.659924247046
"21271",2021-05-15,"27","37  day ahead inc hosp",2021-06-21,"quantile",0.85,113.283478683851
"21272",2021-05-15,"27","37  day ahead inc hosp",2021-06-21,"quantile",0.9,130.811223616338
"21273",2021-05-15,"27","37  day ahead inc hosp",2021-06-21,"quantile",0.95,160.435610029772
"21274",2021-05-15,"27","37  day ahead inc hosp",2021-06-21,"quantile",0.975,189.974251700111
"21275",2021-05-15,"27","37  day ahead inc hosp",2021-06-21,"quantile",0.99,229.248304863173
"21276",2021-05-15,"28","1  day ahead inc hosp",2021-05-16,"quantile",0.01,14.8204460726542
"21277",2021-05-15,"28","1  day ahead inc hosp",2021-05-16,"quantile",0.025,16.3150676812634
"21278",2021-05-15,"28","1  day ahead inc hosp",2021-05-16,"quantile",0.05,17.6885510824223
"21279",2021-05-15,"28","1  day ahead inc hosp",2021-05-16,"quantile",0.1,19.3777339813017
"21280",2021-05-15,"28","1  day ahead inc hosp",2021-05-16,"quantile",0.15,20.5838609714718
"21281",2021-05-15,"28","1  day ahead inc hosp",2021-05-16,"quantile",0.2,21.5819169190448
"21282",2021-05-15,"28","1  day ahead inc hosp",2021-05-16,"quantile",0.25,22.4667089219708
"21283",2021-05-15,"28","1  day ahead inc hosp",2021-05-16,"quantile",0.3,23.284215210834
"21284",2021-05-15,"28","1  day ahead inc hosp",2021-05-16,"quantile",0.35,24.0614846812981
"21285",2021-05-15,"28","1  day ahead inc hosp",2021-05-16,"quantile",0.4,24.8168778671543
"21286",2021-05-15,"28","1  day ahead inc hosp",2021-05-16,"quantile",0.45,25.564524190394
"21287",2021-05-15,"28","1  day ahead inc hosp",2021-05-16,"quantile",0.5,26.3166860350972
"21288",2021-05-15,"28","1  day ahead inc hosp",2021-05-16,"quantile",0.55,27.0853246855991
"21289",2021-05-15,"28","1  day ahead inc hosp",2021-05-16,"quantile",0.6,27.8834692553778
"21290",2021-05-15,"28","1  day ahead inc hosp",2021-05-16,"quantile",0.65,28.7268209444422
"21291",2021-05-15,"28","1  day ahead inc hosp",2021-05-16,"quantile",0.7,29.6361409383239
"21292",2021-05-15,"28","1  day ahead inc hosp",2021-05-16,"quantile",0.75,30.6414791243012
"21293",2021-05-15,"28","1  day ahead inc hosp",2021-05-16,"quantile",0.8,31.7908366229264
"21294",2021-05-15,"28","1  day ahead inc hosp",2021-05-16,"quantile",0.85,33.1710270229749
"21295",2021-05-15,"28","1  day ahead inc hosp",2021-05-16,"quantile",0.9,34.9709006478814
"21296",2021-05-15,"28","1  day ahead inc hosp",2021-05-16,"quantile",0.95,37.7720885646236
"21297",2021-05-15,"28","1  day ahead inc hosp",2021-05-16,"quantile",0.975,40.3351002100296
"21298",2021-05-15,"28","1  day ahead inc hosp",2021-05-16,"quantile",0.99,43.4767209210472
"21299",2021-05-15,"28","2  day ahead inc hosp",2021-05-17,"quantile",0.01,15.1917499467567
"21300",2021-05-15,"28","2  day ahead inc hosp",2021-05-17,"quantile",0.025,16.8649628055863
"21301",2021-05-15,"28","2  day ahead inc hosp",2021-05-17,"quantile",0.05,18.4113824205949
"21302",2021-05-15,"28","2  day ahead inc hosp",2021-05-17,"quantile",0.1,20.3236503074324
"21303",2021-05-15,"28","2  day ahead inc hosp",2021-05-17,"quantile",0.15,21.6954605804265
"21304",2021-05-15,"28","2  day ahead inc hosp",2021-05-17,"quantile",0.2,22.8343370687415
"21305",2021-05-15,"28","2  day ahead inc hosp",2021-05-17,"quantile",0.25,23.8466227869641
"21306",2021-05-15,"28","2  day ahead inc hosp",2021-05-17,"quantile",0.3,24.7840370547601
"21307",2021-05-15,"28","2  day ahead inc hosp",2021-05-17,"quantile",0.35,25.6771113818741
"21308",2021-05-15,"28","2  day ahead inc hosp",2021-05-17,"quantile",0.4,26.5466639324723
"21309",2021-05-15,"28","2  day ahead inc hosp",2021-05-17,"quantile",0.45,27.4088073246034
"21310",2021-05-15,"28","2  day ahead inc hosp",2021-05-17,"quantile",0.5,28.2776182653344
"21311",2021-05-15,"28","2  day ahead inc hosp",2021-05-17,"quantile",0.55,29.1669221733092
"21312",2021-05-15,"28","2  day ahead inc hosp",2021-05-17,"quantile",0.6,30.0918729253966
"21313",2021-05-15,"28","2  day ahead inc hosp",2021-05-17,"quantile",0.65,31.070825411888
"21314",2021-05-15,"28","2  day ahead inc hosp",2021-05-17,"quantile",0.7,32.1281429026026
"21315",2021-05-15,"28","2  day ahead inc hosp",2021-05-17,"quantile",0.75,33.2991868724961
"21316",2021-05-15,"28","2  day ahead inc hosp",2021-05-17,"quantile",0.8,34.6405576894038
"21317",2021-05-15,"28","2  day ahead inc hosp",2021-05-17,"quantile",0.85,36.2547852667219
"21318",2021-05-15,"28","2  day ahead inc hosp",2021-05-17,"quantile",0.9,38.3652384749183
"21319",2021-05-15,"28","2  day ahead inc hosp",2021-05-17,"quantile",0.95,41.661076960535
"21320",2021-05-15,"28","2  day ahead inc hosp",2021-05-17,"quantile",0.975,44.6878030363688
"21321",2021-05-15,"28","2  day ahead inc hosp",2021-05-17,"quantile",0.99,48.411097872874
"21322",2021-05-15,"28","3  day ahead inc hosp",2021-05-18,"quantile",0.01,15.4023426488377
"21323",2021-05-15,"28","3  day ahead inc hosp",2021-05-18,"quantile",0.025,17.1332830712431
"21324",2021-05-15,"28","3  day ahead inc hosp",2021-05-18,"quantile",0.05,18.7352510280248
"21325",2021-05-15,"28","3  day ahead inc hosp",2021-05-18,"quantile",0.1,20.7187945302769
"21326",2021-05-15,"28","3  day ahead inc hosp",2021-05-18,"quantile",0.15,22.1433236626999
"21327",2021-05-15,"28","3  day ahead inc hosp",2021-05-18,"quantile",0.2,23.3268896945976
"21328",2021-05-15,"28","3  day ahead inc hosp",2021-05-18,"quantile",0.25,24.3795551577544
"21329",2021-05-15,"28","3  day ahead inc hosp",2021-05-18,"quantile",0.3,25.3548850064392
"21330",2021-05-15,"28","3  day ahead inc hosp",2021-05-18,"quantile",0.35,26.2845266677219
"21331",2021-05-15,"28","3  day ahead inc hosp",2021-05-18,"quantile",0.4,27.1900827124584
"21332",2021-05-15,"28","3  day ahead inc hosp",2021-05-18,"quantile",0.45,28.0882958854889
"21333",2021-05-15,"28","3  day ahead inc hosp",2021-05-18,"quantile",0.5,28.9938166409484
"21334",2021-05-15,"28","3  day ahead inc hosp",2021-05-18,"quantile",0.55,29.9210573079027
"21335",2021-05-15,"28","3  day ahead inc hosp",2021-05-18,"quantile",0.6,30.8858383021488
"21336",2021-05-15,"28","3  day ahead inc hosp",2021-05-18,"quantile",0.65,31.9073447088291
"21337",2021-05-15,"28","3  day ahead inc hosp",2021-05-18,"quantile",0.7,33.0110645383497
"21338",2021-05-15,"28","3  day ahead inc hosp",2021-05-18,"quantile",0.75,34.2340156405154
"21339",2021-05-15,"28","3  day ahead inc hosp",2021-05-18,"quantile",0.8,35.6354776020845
"21340",2021-05-15,"28","3  day ahead inc hosp",2021-05-18,"quantile",0.85,37.3228737883143
"21341",2021-05-15,"28","3  day ahead inc hosp",2021-05-18,"quantile",0.9,39.5303148268449
"21342",2021-05-15,"28","3  day ahead inc hosp",2021-05-18,"quantile",0.95,42.9804013888884
"21343",2021-05-15,"28","3  day ahead inc hosp",2021-05-18,"quantile",0.975,46.1515230792093
"21344",2021-05-15,"28","3  day ahead inc hosp",2021-05-18,"quantile",0.99,50.0557154194323
"21345",2021-05-15,"28","4  day ahead inc hosp",2021-05-19,"quantile",0.01,11.7783802340979
"21346",2021-05-15,"28","4  day ahead inc hosp",2021-05-19,"quantile",0.025,13.2436344191098
"21347",2021-05-15,"28","4  day ahead inc hosp",2021-05-19,"quantile",0.05,14.6096393423238
"21348",2021-05-15,"28","4  day ahead inc hosp",2021-05-19,"quantile",0.1,16.3127596415849
"21349",2021-05-15,"28","4  day ahead inc hosp",2021-05-19,"quantile",0.15,17.5431326666053
"21350",2021-05-15,"28","4  day ahead inc hosp",2021-05-19,"quantile",0.2,18.56960127461
"21351",2021-05-15,"28","4  day ahead inc hosp",2021-05-19,"quantile",0.25,19.4855570183022
"21352",2021-05-15,"28","4  day ahead inc hosp",2021-05-19,"quantile",0.3,20.3366186514784
"21353",2021-05-15,"28","4  day ahead inc hosp",2021-05-19,"quantile",0.35,21.1498598418002
"21354",2021-05-15,"28","4  day ahead inc hosp",2021-05-19,"quantile",0.4,21.9438693622889
"21355",2021-05-15,"28","4  day ahead inc hosp",2021-05-19,"quantile",0.45,22.7331603432957
"21356",2021-05-15,"28","4  day ahead inc hosp",2021-05-19,"quantile",0.5,23.5305395004013
"21357",2021-05-15,"28","4  day ahead inc hosp",2021-05-19,"quantile",0.55,24.3487133832011
"21358",2021-05-15,"28","4  day ahead inc hosp",2021-05-19,"quantile",0.6,25.2017371331534
"21359",2021-05-15,"28","4  day ahead inc hosp",2021-05-19,"quantile",0.65,26.1067605572736
"21360",2021-05-15,"28","4  day ahead inc hosp",2021-05-19,"quantile",0.7,27.0866728885245
"21361",2021-05-15,"28","4  day ahead inc hosp",2021-05-19,"quantile",0.75,28.1748280845106
"21362",2021-05-15,"28","4  day ahead inc hosp",2021-05-19,"quantile",0.8,29.4247682517191
"21363",2021-05-15,"28","4  day ahead inc hosp",2021-05-19,"quantile",0.85,30.9337065405625
"21364",2021-05-15,"28","4  day ahead inc hosp",2021-05-19,"quantile",0.9,32.9138816449965
"21365",2021-05-15,"28","4  day ahead inc hosp",2021-05-19,"quantile",0.95,36.0217939258471
"21366",2021-05-15,"28","4  day ahead inc hosp",2021-05-19,"quantile",0.975,38.8912692743714
"21367",2021-05-15,"28","4  day ahead inc hosp",2021-05-19,"quantile",0.99,42.4394648878869
"21368",2021-05-15,"28","5  day ahead inc hosp",2021-05-20,"quantile",0.01,11.1394963548651
"21369",2021-05-15,"28","5  day ahead inc hosp",2021-05-20,"quantile",0.025,12.5994067659552
"21370",2021-05-15,"28","5  day ahead inc hosp",2021-05-20,"quantile",0.05,13.96588001224
"21371",2021-05-15,"28","5  day ahead inc hosp",2021-05-20,"quantile",0.1,15.6760335361972
"21372",2021-05-15,"28","5  day ahead inc hosp",2021-05-20,"quantile",0.15,16.9154590721506
"21373",2021-05-15,"28","5  day ahead inc hosp",2021-05-20,"quantile",0.2,17.9517927082615
"21374",2021-05-15,"28","5  day ahead inc hosp",2021-05-20,"quantile",0.25,18.8782035069521
"21375",2021-05-15,"28","5  day ahead inc hosp",2021-05-20,"quantile",0.3,19.7402941672774
"21376",2021-05-15,"28","5  day ahead inc hosp",2021-05-20,"quantile",0.35,20.5651962368371
"21377",2021-05-15,"28","5  day ahead inc hosp",2021-05-20,"quantile",0.4,21.3715985918898
"21378",2021-05-15,"28","5  day ahead inc hosp",2021-05-20,"quantile",0.45,22.1741515897548
"21379",2021-05-15,"28","5  day ahead inc hosp",2021-05-20,"quantile",0.5,22.9858424046347
"21380",2021-05-15,"28","5  day ahead inc hosp",2021-05-20,"quantile",0.55,23.8196160176841
"21381",2021-05-15,"28","5  day ahead inc hosp",2021-05-20,"quantile",0.6,24.6898498308566
"21382",2021-05-15,"28","5  day ahead inc hosp",2021-05-20,"quantile",0.65,25.6141441136128
"21383",2021-05-15,"28","5  day ahead inc hosp",2021-05-20,"quantile",0.7,26.6160461963984
"21384",2021-05-15,"28","5  day ahead inc hosp",2021-05-20,"quantile",0.75,27.7299286995127
"21385",2021-05-15,"28","5  day ahead inc hosp",2021-05-20,"quantile",0.8,29.0110392039954
"21386",2021-05-15,"28","5  day ahead inc hosp",2021-05-20,"quantile",0.85,30.5597889888135
"21387",2021-05-15,"28","5  day ahead inc hosp",2021-05-20,"quantile",0.9,32.5956063380195
"21388",2021-05-15,"28","5  day ahead inc hosp",2021-05-20,"quantile",0.95,35.7980039303796
"21389",2021-05-15,"28","5  day ahead inc hosp",2021-05-20,"quantile",0.975,38.7617784074909
"21390",2021-05-15,"28","5  day ahead inc hosp",2021-05-20,"quantile",0.99,42.4350259163564
"21391",2021-05-15,"28","6  day ahead inc hosp",2021-05-21,"quantile",0.01,12.4649361008876
"21392",2021-05-15,"28","6  day ahead inc hosp",2021-05-21,"quantile",0.025,14.1177476226555
"21393",2021-05-15,"28","6  day ahead inc hosp",2021-05-21,"quantile",0.05,15.6662005396233
"21394",2021-05-15,"28","6  day ahead inc hosp",2021-05-21,"quantile",0.1,17.6057878177635
"21395",2021-05-15,"28","6  day ahead inc hosp",2021-05-21,"quantile",0.15,19.0125306607839
"21396",2021-05-15,"28","6  day ahead inc hosp",2021-05-21,"quantile",0.2,20.1893679507785
"21397",2021-05-15,"28","6  day ahead inc hosp",2021-05-21,"quantile",0.25,21.2418097740506
"21398",2021-05-15,"28","6  day ahead inc hosp",2021-05-21,"quantile",0.3,22.2215235912224
"21399",2021-05-15,"28","6  day ahead inc hosp",2021-05-21,"quantile",0.35,23.1592669264795
"21400",2021-05-15,"28","6  day ahead inc hosp",2021-05-21,"quantile",0.4,24.0762421826618
"21401",2021-05-15,"28","6  day ahead inc hosp",2021-05-21,"quantile",0.45,24.9890855891311
"21402",2021-05-15,"28","6  day ahead inc hosp",2021-05-21,"quantile",0.5,25.9125602747183
"21403",2021-05-15,"28","6  day ahead inc hosp",2021-05-21,"quantile",0.55,26.8613968799646
"21404",2021-05-15,"28","6  day ahead inc hosp",2021-05-21,"quantile",0.6,27.8519712485517
"21405",2021-05-15,"28","6  day ahead inc hosp",2021-05-21,"quantile",0.65,28.9043448773548
"21406",2021-05-15,"28","6  day ahead inc hosp",2021-05-21,"quantile",0.7,30.0453726470687
"21407",2021-05-15,"28","6  day ahead inc hosp",2021-05-21,"quantile",0.75,31.3142706854085
"21408",2021-05-15,"28","6  day ahead inc hosp",2021-05-21,"quantile",0.8,32.7740897335794
"21409",2021-05-15,"28","6  day ahead inc hosp",2021-05-21,"quantile",0.85,34.5394494013529
"21410",2021-05-15,"28","6  day ahead inc hosp",2021-05-21,"quantile",0.9,36.8608810638113
"21411",2021-05-15,"28","6  day ahead inc hosp",2021-05-21,"quantile",0.95,40.5144162451393
"21412",2021-05-15,"28","6  day ahead inc hosp",2021-05-21,"quantile",0.975,43.8975460641696
"21413",2021-05-15,"28","6  day ahead inc hosp",2021-05-21,"quantile",0.99,48.0927274244378
"21414",2021-05-15,"28","7  day ahead inc hosp",2021-05-22,"quantile",0.01,11.905384011596
"21415",2021-05-15,"28","7  day ahead inc hosp",2021-05-22,"quantile",0.025,13.5730612196659
"21416",2021-05-15,"28","7  day ahead inc hosp",2021-05-22,"quantile",0.05,15.1424089674755
"21417",2021-05-15,"28","7  day ahead inc hosp",2021-05-22,"quantile",0.1,17.1164300321762
"21418",2021-05-15,"28","7  day ahead inc hosp",2021-05-22,"quantile",0.15,18.5532397034425
"21419",2021-05-15,"28","7  day ahead inc hosp",2021-05-22,"quantile",0.2,19.7581980492188
"21420",2021-05-15,"28","7  day ahead inc hosp",2021-05-22,"quantile",0.25,20.8379102441047
"21421",2021-05-15,"28","7  day ahead inc hosp",2021-05-22,"quantile",0.3,21.8446994801023
"21422",2021-05-15,"28","7  day ahead inc hosp",2021-05-22,"quantile",0.35,22.8098010615086
"21423",2021-05-15,"28","7  day ahead inc hosp",2021-05-22,"quantile",0.4,23.754825190722
"21424",2021-05-15,"28","7  day ahead inc hosp",2021-05-22,"quantile",0.45,24.6968047760008
"21425",2021-05-15,"28","7  day ahead inc hosp",2021-05-22,"quantile",0.5,25.6509318264572
"21426",2021-05-15,"28","7  day ahead inc hosp",2021-05-22,"quantile",0.55,26.63244149728
"21427",2021-05-15,"28","7  day ahead inc hosp",2021-05-22,"quantile",0.6,27.6583456481791
"21428",2021-05-15,"28","7  day ahead inc hosp",2021-05-22,"quantile",0.65,28.7495582069279
"21429",2021-05-15,"28","7  day ahead inc hosp",2021-05-22,"quantile",0.7,29.9341478106008
"21430",2021-05-15,"28","7  day ahead inc hosp",2021-05-22,"quantile",0.75,31.2531792994428
"21431",2021-05-15,"28","7  day ahead inc hosp",2021-05-22,"quantile",0.8,32.7727656954034
"21432",2021-05-15,"28","7  day ahead inc hosp",2021-05-22,"quantile",0.85,34.6132242044225
"21433",2021-05-15,"28","7  day ahead inc hosp",2021-05-22,"quantile",0.9,37.0378078887328
"21434",2021-05-15,"28","7  day ahead inc hosp",2021-05-22,"quantile",0.95,40.862958455029
"21435",2021-05-15,"28","7  day ahead inc hosp",2021-05-22,"quantile",0.975,44.4141645535434
"21436",2021-05-15,"28","7  day ahead inc hosp",2021-05-22,"quantile",0.99,48.8287377228246
"21437",2021-05-15,"28","8  day ahead inc hosp",2021-05-23,"quantile",0.01,10.8337279600727
"21438",2021-05-15,"28","8  day ahead inc hosp",2021-05-23,"quantile",0.025,12.458192125134
"21439",2021-05-15,"28","8  day ahead inc hosp",2021-05-23,"quantile",0.05,13.9957886341255
"21440",2021-05-15,"28","8  day ahead inc hosp",2021-05-23,"quantile",0.1,15.9404642871043
"21441",2021-05-15,"28","8  day ahead inc hosp",2021-05-23,"quantile",0.15,17.3624549039475
"21442",2021-05-15,"28","8  day ahead inc hosp",2021-05-23,"quantile",0.2,18.5588016965985
"21443",2021-05-15,"28","8  day ahead inc hosp",2021-05-23,"quantile",0.25,19.633528180717
"21444",2021-05-15,"28","8  day ahead inc hosp",2021-05-23,"quantile",0.3,20.6378446800306
"21445",2021-05-15,"28","8  day ahead inc hosp",2021-05-23,"quantile",0.35,21.6024356439223
"21446",2021-05-15,"28","8  day ahead inc hosp",2021-05-23,"quantile",0.4,22.5486322222967
"21447",2021-05-15,"28","8  day ahead inc hosp",2021-05-23,"quantile",0.45,23.4933471090787
"21448",2021-05-15,"28","8  day ahead inc hosp",2021-05-23,"quantile",0.5,24.4517647844451
"21449",2021-05-15,"28","8  day ahead inc hosp",2021-05-23,"quantile",0.55,25.4392118280041
"21450",2021-05-15,"28","8  day ahead inc hosp",2021-05-23,"quantile",0.6,26.4728989732641
"21451",2021-05-15,"28","8  day ahead inc hosp",2021-05-23,"quantile",0.65,27.5740787353713
"21452",2021-05-15,"28","8  day ahead inc hosp",2021-05-23,"quantile",0.7,28.7713673696456
"21453",2021-05-15,"28","8  day ahead inc hosp",2021-05-23,"quantile",0.75,30.1067287510949
"21454",2021-05-15,"28","8  day ahead inc hosp",2021-05-23,"quantile",0.8,31.64783905302
"21455",2021-05-15,"28","8  day ahead inc hosp",2021-05-23,"quantile",0.85,33.5180290920519
"21456",2021-05-15,"28","8  day ahead inc hosp",2021-05-23,"quantile",0.9,35.9874938895737
"21457",2021-05-15,"28","8  day ahead inc hosp",2021-05-23,"quantile",0.95,39.8955144581626
"21458",2021-05-15,"28","8  day ahead inc hosp",2021-05-23,"quantile",0.975,43.5355910029752
"21459",2021-05-15,"28","8  day ahead inc hosp",2021-05-23,"quantile",0.99,48.0749527853104
"21460",2021-05-15,"28","9  day ahead inc hosp",2021-05-24,"quantile",0.01,11.9029104147725
"21461",2021-05-15,"28","9  day ahead inc hosp",2021-05-24,"quantile",0.025,13.7200431654152
"21462",2021-05-15,"28","9  day ahead inc hosp",2021-05-24,"quantile",0.05,15.4427430959657
"21463",2021-05-15,"28","9  day ahead inc hosp",2021-05-24,"quantile",0.1,17.6247789032916
"21464",2021-05-15,"28","9  day ahead inc hosp",2021-05-24,"quantile",0.15,19.222336761447
"21465",2021-05-15,"28","9  day ahead inc hosp",2021-05-24,"quantile",0.2,20.5675594885756
"21466",2021-05-15,"28","9  day ahead inc hosp",2021-05-24,"quantile",0.25,21.7768623747174
"21467",2021-05-15,"28","9  day ahead inc hosp",2021-05-24,"quantile",0.3,22.9076038106883
"21468",2021-05-15,"28","9  day ahead inc hosp",2021-05-24,"quantile",0.35,23.9941872253572
"21469",2021-05-15,"28","9  day ahead inc hosp",2021-05-24,"quantile",0.4,25.060560723924
"21470",2021-05-15,"28","9  day ahead inc hosp",2021-05-24,"quantile",0.45,26.1257426905493
"21471",2021-05-15,"28","9  day ahead inc hosp",2021-05-24,"quantile",0.5,27.2068387789488
"21472",2021-05-15,"28","9  day ahead inc hosp",2021-05-24,"quantile",0.55,28.3211449863496
"21473",2021-05-15,"28","9  day ahead inc hosp",2021-05-24,"quantile",0.6,29.4881130080572
"21474",2021-05-15,"28","9  day ahead inc hosp",2021-05-24,"quantile",0.65,30.7317910810395
"21475",2021-05-15,"28","9  day ahead inc hosp",2021-05-24,"quantile",0.7,32.0845880041098
"21476",2021-05-15,"28","9  day ahead inc hosp",2021-05-24,"quantile",0.75,33.5940586849581
"21477",2021-05-15,"28","9  day ahead inc hosp",2021-05-24,"quantile",0.8,35.3369310283029
"21478",2021-05-15,"28","9  day ahead inc hosp",2021-05-24,"quantile",0.85,37.4530825277004
"21479",2021-05-15,"28","9  day ahead inc hosp",2021-05-24,"quantile",0.9,40.2490646040908
"21480",2021-05-15,"28","9  day ahead inc hosp",2021-05-24,"quantile",0.95,44.6774872040888
"21481",2021-05-15,"28","9  day ahead inc hosp",2021-05-24,"quantile",0.975,48.8059210285547
"21482",2021-05-15,"28","9  day ahead inc hosp",2021-05-24,"quantile",0.99,53.9586464667017
"21483",2021-05-15,"28","10  day ahead inc hosp",2021-05-25,"quantile",0.01,9.88158504649569
"21484",2021-05-15,"28","10  day ahead inc hosp",2021-05-25,"quantile",0.025,11.5335178716125
"21485",2021-05-15,"28","10  day ahead inc hosp",2021-05-25,"quantile",0.05,13.1128336455635
"21486",2021-05-15,"28","10  day ahead inc hosp",2021-05-25,"quantile",0.1,15.1290418377433
"21487",2021-05-15,"28","10  day ahead inc hosp",2021-05-25,"quantile",0.15,16.6149638755494
"21488",2021-05-15,"28","10  day ahead inc hosp",2021-05-25,"quantile",0.2,17.871898257499
"21489",2021-05-15,"28","10  day ahead inc hosp",2021-05-25,"quantile",0.25,19.0059293247716
"21490",2021-05-15,"28","10  day ahead inc hosp",2021-05-25,"quantile",0.3,20.0695579110541
"21491",2021-05-15,"28","10  day ahead inc hosp",2021-05-25,"quantile",0.35,21.0944465796603
"21492",2021-05-15,"28","10  day ahead inc hosp",2021-05-25,"quantile",0.4,22.1027913495839
"21493",2021-05-15,"28","10  day ahead inc hosp",2021-05-25,"quantile",0.45,23.112371285886
"21494",2021-05-15,"28","10  day ahead inc hosp",2021-05-25,"quantile",0.5,24.1393287693638
"21495",2021-05-15,"28","10  day ahead inc hosp",2021-05-25,"quantile",0.55,25.2001352531347
"21496",2021-05-15,"28","10  day ahead inc hosp",2021-05-25,"quantile",0.6,26.3134604220741
"21497",2021-05-15,"28","10  day ahead inc hosp",2021-05-25,"quantile",0.65,27.5025263522303
"21498",2021-05-15,"28","10  day ahead inc hosp",2021-05-25,"quantile",0.7,28.7987674823842
"21499",2021-05-15,"28","10  day ahead inc hosp",2021-05-25,"quantile",0.75,30.2484551264607
"21500",2021-05-15,"28","10  day ahead inc hosp",2021-05-25,"quantile",0.8,31.9264197547951
"21501",2021-05-15,"28","10  day ahead inc hosp",2021-05-25,"quantile",0.85,33.9693349679854
"21502",2021-05-15,"28","10  day ahead inc hosp",2021-05-25,"quantile",0.9,36.6772612847134
"21503",2021-05-15,"28","10  day ahead inc hosp",2021-05-25,"quantile",0.95,40.9846479460589
"21504",2021-05-15,"28","10  day ahead inc hosp",2021-05-25,"quantile",0.975,45.0185177551115
"21505",2021-05-15,"28","10  day ahead inc hosp",2021-05-25,"quantile",0.99,50.0751780841756
"21506",2021-05-15,"28","11  day ahead inc hosp",2021-05-26,"quantile",0.01,10.6884328659194
"21507",2021-05-15,"28","11  day ahead inc hosp",2021-05-26,"quantile",0.025,12.5102936993269
"21508",2021-05-15,"28","11  day ahead inc hosp",2021-05-26,"quantile",0.05,14.2553503684894
"21509",2021-05-15,"28","11  day ahead inc hosp",2021-05-26,"quantile",0.1,16.4870599877696
"21510",2021-05-15,"28","11  day ahead inc hosp",2021-05-26,"quantile",0.15,18.1342197565765
"21511",2021-05-15,"28","11  day ahead inc hosp",2021-05-26,"quantile",0.2,19.5289540979162
"21512",2021-05-15,"28","11  day ahead inc hosp",2021-05-26,"quantile",0.25,20.7883202562031
"21513",2021-05-15,"28","11  day ahead inc hosp",2021-05-26,"quantile",0.3,21.9703077000648
"21514",2021-05-15,"28","11  day ahead inc hosp",2021-05-26,"quantile",0.35,23.1099324500196
"21515",2021-05-15,"28","11  day ahead inc hosp",2021-05-26,"quantile",0.4,24.2317804286749
"21516",2021-05-15,"28","11  day ahead inc hosp",2021-05-26,"quantile",0.45,25.355582998323
"21517",2021-05-15,"28","11  day ahead inc hosp",2021-05-26,"quantile",0.5,26.4992926685261
"21518",2021-05-15,"28","11  day ahead inc hosp",2021-05-26,"quantile",0.55,27.6812646980551
"21519",2021-05-15,"28","11  day ahead inc hosp",2021-05-26,"quantile",0.6,28.9223394669131
"21520",2021-05-15,"28","11  day ahead inc hosp",2021-05-26,"quantile",0.65,30.2484731787832
"21521",2021-05-15,"28","11  day ahead inc hosp",2021-05-26,"quantile",0.7,31.6948349174205
"21522",2021-05-15,"28","11  day ahead inc hosp",2021-05-26,"quantile",0.75,33.3132286507475
"21523",2021-05-15,"28","11  day ahead inc hosp",2021-05-26,"quantile",0.8,35.1874742762695
"21524",2021-05-15,"28","11  day ahead inc hosp",2021-05-26,"quantile",0.85,37.4707259599686
"21525",2021-05-15,"28","11  day ahead inc hosp",2021-05-26,"quantile",0.9,40.499355745734
"21526",2021-05-15,"28","11  day ahead inc hosp",2021-05-26,"quantile",0.95,45.3213852056512
"21527",2021-05-15,"28","11  day ahead inc hosp",2021-05-26,"quantile",0.975,49.841688587436
"21528",2021-05-15,"28","11  day ahead inc hosp",2021-05-26,"quantile",0.99,55.5134861508902
"21529",2021-05-15,"28","12  day ahead inc hosp",2021-05-27,"quantile",0.01,10.3633606038474
"21530",2021-05-15,"28","12  day ahead inc hosp",2021-05-27,"quantile",0.025,12.2143328233468
"21531",2021-05-15,"28","12  day ahead inc hosp",2021-05-27,"quantile",0.05,13.9955462924237
"21532",2021-05-15,"28","12  day ahead inc hosp",2021-05-27,"quantile",0.1,16.2833757893181
"21533",2021-05-15,"28","12  day ahead inc hosp",2021-05-27,"quantile",0.15,17.9780695488476
"21534",2021-05-15,"28","12  day ahead inc hosp",2021-05-27,"quantile",0.2,19.416626299441
"21535",2021-05-15,"28","12  day ahead inc hosp",2021-05-27,"quantile",0.25,20.7181223493821
"21536",2021-05-15,"28","12  day ahead inc hosp",2021-05-27,"quantile",0.3,21.9416949269815
"21537",2021-05-15,"28","12  day ahead inc hosp",2021-05-27,"quantile",0.35,23.1231634054526
"21538",2021-05-15,"28","12  day ahead inc hosp",2021-05-27,"quantile",0.4,24.2877773810378
"21539",2021-05-15,"28","12  day ahead inc hosp",2021-05-27,"quantile",0.45,25.4558976926968
"21540",2021-05-15,"28","12  day ahead inc hosp",2021-05-27,"quantile",0.5,26.6461452711473
"21541",2021-05-15,"28","12  day ahead inc hosp",2021-05-27,"quantile",0.55,27.8776523965788
"21542",2021-05-15,"28","12  day ahead inc hosp",2021-05-27,"quantile",0.6,29.1722318823434
"21543",2021-05-15,"28","12  day ahead inc hosp",2021-05-27,"quantile",0.65,30.557137796384
"21544",2021-05-15,"28","12  day ahead inc hosp",2021-05-27,"quantile",0.7,32.0693831393213
"21545",2021-05-15,"28","12  day ahead inc hosp",2021-05-27,"quantile",0.75,33.7635776836392
"21546",2021-05-15,"28","12  day ahead inc hosp",2021-05-27,"quantile",0.8,35.7281881074413
"21547",2021-05-15,"28","12  day ahead inc hosp",2021-05-27,"quantile",0.85,38.1250172765921
"21548",2021-05-15,"28","12  day ahead inc hosp",2021-05-27,"quantile",0.9,41.3097636885554
"21549",2021-05-15,"28","12  day ahead inc hosp",2021-05-27,"quantile",0.95,46.3919256323851
"21550",2021-05-15,"28","12  day ahead inc hosp",2021-05-27,"quantile",0.975,51.1675599068182
"21551",2021-05-15,"28","12  day ahead inc hosp",2021-05-27,"quantile",0.99,57.1735286639117
"21552",2021-05-15,"28","13  day ahead inc hosp",2021-05-28,"quantile",0.01,9.75393795959804
"21553",2021-05-15,"28","13  day ahead inc hosp",2021-05-28,"quantile",0.025,11.590845302426
"21554",2021-05-15,"28","13  day ahead inc hosp",2021-05-28,"quantile",0.05,13.3682629515909
"21555",2021-05-15,"28","13  day ahead inc hosp",2021-05-28,"quantile",0.1,15.6628717181125
"21556",2021-05-15,"28","13  day ahead inc hosp",2021-05-28,"quantile",0.15,17.3698075981437
"21557",2021-05-15,"28","13  day ahead inc hosp",2021-05-28,"quantile",0.2,18.8229799178185
"21558",2021-05-15,"28","13  day ahead inc hosp",2021-05-28,"quantile",0.25,20.1407285093933
"21559",2021-05-15,"28","13  day ahead inc hosp",2021-05-28,"quantile",0.3,21.3820001370154
"21560",2021-05-15,"28","13  day ahead inc hosp",2021-05-28,"quantile",0.35,22.5826304875884
"21561",2021-05-15,"28","13  day ahead inc hosp",2021-05-28,"quantile",0.4,23.7679997422899
"21562",2021-05-15,"28","13  day ahead inc hosp",2021-05-28,"quantile",0.45,24.9586896771798
"21563",2021-05-15,"28","13  day ahead inc hosp",2021-05-28,"quantile",0.5,26.1736372033822
"21564",2021-05-15,"28","13  day ahead inc hosp",2021-05-28,"quantile",0.55,27.4324102820333
"21565",2021-05-15,"28","13  day ahead inc hosp",2021-05-28,"quantile",0.6,28.7574250698523
"21566",2021-05-15,"28","13  day ahead inc hosp",2021-05-28,"quantile",0.65,30.1767917179922
"21567",2021-05-15,"28","13  day ahead inc hosp",2021-05-28,"quantile",0.7,31.7287864041771
"21568",2021-05-15,"28","13  day ahead inc hosp",2021-05-28,"quantile",0.75,33.4699883441561
"21569",2021-05-15,"28","13  day ahead inc hosp",2021-05-28,"quantile",0.8,35.4921810028319
"21570",2021-05-15,"28","13  day ahead inc hosp",2021-05-28,"quantile",0.85,37.9634212121645
"21571",2021-05-15,"28","13  day ahead inc hosp",2021-05-28,"quantile",0.9,41.2535507159661
"21572",2021-05-15,"28","13  day ahead inc hosp",2021-05-28,"quantile",0.95,46.5176929153658
"21573",2021-05-15,"28","13  day ahead inc hosp",2021-05-28,"quantile",0.975,51.4780413336622
"21574",2021-05-15,"28","13  day ahead inc hosp",2021-05-28,"quantile",0.99,57.7328132823439
"21575",2021-05-15,"28","14  day ahead inc hosp",2021-05-29,"quantile",0.01,8.95440209035332
"21576",2021-05-15,"28","14  day ahead inc hosp",2021-05-29,"quantile",0.025,10.7414610161788
"21577",2021-05-15,"28","14  day ahead inc hosp",2021-05-29,"quantile",0.05,12.4815562698723
"21578",2021-05-15,"28","14  day ahead inc hosp",2021-05-29,"quantile",0.1,14.7410701703211
"21579",2021-05-15,"28","14  day ahead inc hosp",2021-05-29,"quantile",0.15,16.4300179146279
"21580",2021-05-15,"28","14  day ahead inc hosp",2021-05-29,"quantile",0.2,17.8726301363423
"21581",2021-05-15,"28","14  day ahead inc hosp",2021-05-29,"quantile",0.25,19.1842153024144
"21582",2021-05-15,"28","14  day ahead inc hosp",2021-05-29,"quantile",0.3,20.4224087500279
"21583",2021-05-15,"28","14  day ahead inc hosp",2021-05-29,"quantile",0.35,21.6223988350132
"21584",2021-05-15,"28","14  day ahead inc hosp",2021-05-29,"quantile",0.4,22.8092430494731
"21585",2021-05-15,"28","14  day ahead inc hosp",2021-05-29,"quantile",0.45,24.0033931156673
"21586",2021-05-15,"28","14  day ahead inc hosp",2021-05-29,"quantile",0.5,25.22379550192
"21587",2021-05-15,"28","14  day ahead inc hosp",2021-05-29,"quantile",0.55,26.4901534221256
"21588",2021-05-15,"28","14  day ahead inc hosp",2021-05-29,"quantile",0.6,27.8251578845713
"21589",2021-05-15,"28","14  day ahead inc hosp",2021-05-29,"quantile",0.65,29.2573783485469
"21590",2021-05-15,"28","14  day ahead inc hosp",2021-05-29,"quantile",0.7,30.8258290268264
"21591",2021-05-15,"28","14  day ahead inc hosp",2021-05-29,"quantile",0.75,32.5882985925866
"21592",2021-05-15,"28","14  day ahead inc hosp",2021-05-29,"quantile",0.8,34.6386745323946
"21593",2021-05-15,"28","14  day ahead inc hosp",2021-05-29,"quantile",0.85,37.1490781522541
"21594",2021-05-15,"28","14  day ahead inc hosp",2021-05-29,"quantile",0.9,40.4987441965554
"21595",2021-05-15,"28","14  day ahead inc hosp",2021-05-29,"quantile",0.95,45.8738536596872
"21596",2021-05-15,"28","14  day ahead inc hosp",2021-05-29,"quantile",0.975,50.9543752148013
"21597",2021-05-15,"28","14  day ahead inc hosp",2021-05-29,"quantile",0.99,57.3794896220641
"21598",2021-05-15,"28","15  day ahead inc hosp",2021-05-30,"quantile",0.01,8.50876137049843
"21599",2021-05-15,"28","15  day ahead inc hosp",2021-05-30,"quantile",0.025,10.373230849482
"21600",2021-05-15,"28","15  day ahead inc hosp",2021-05-30,"quantile",0.05,12.2083414586746
"21601",2021-05-15,"28","15  day ahead inc hosp",2021-05-30,"quantile",0.1,14.6149039812103
"21602",2021-05-15,"28","15  day ahead inc hosp",2021-05-30,"quantile",0.15,16.4285013004218
"21603",2021-05-15,"28","15  day ahead inc hosp",2021-05-30,"quantile",0.2,17.9862327755855
"21604",2021-05-15,"28","15  day ahead inc hosp",2021-05-30,"quantile",0.25,19.408703541665
"21605",2021-05-15,"28","15  day ahead inc hosp",2021-05-30,"quantile",0.3,20.7565595859931
"21606",2021-05-15,"28","15  day ahead inc hosp",2021-05-30,"quantile",0.35,22.0671039006056
"21607",2021-05-15,"28","15  day ahead inc hosp",2021-05-30,"quantile",0.4,23.3671509288086
"21608",2021-05-15,"28","15  day ahead inc hosp",2021-05-30,"quantile",0.45,24.6788295816006
"21609",2021-05-15,"28","15  day ahead inc hosp",2021-05-30,"quantile",0.5,26.0228779568497
"21610",2021-05-15,"28","15  day ahead inc hosp",2021-05-30,"quantile",0.55,27.4210922309049
"21611",2021-05-15,"28","15  day ahead inc hosp",2021-05-30,"quantile",0.6,28.8987926027593
"21612",2021-05-15,"28","15  day ahead inc hosp",2021-05-30,"quantile",0.65,30.4880675227437
"21613",2021-05-15,"28","15  day ahead inc hosp",2021-05-30,"quantile",0.7,32.2329415819751
"21614",2021-05-15,"28","15  day ahead inc hosp",2021-05-30,"quantile",0.75,34.1988409572702
"21615",2021-05-15,"28","15  day ahead inc hosp",2021-05-30,"quantile",0.8,36.4923217111423
"21616",2021-05-15,"28","15  day ahead inc hosp",2021-05-30,"quantile",0.85,39.3091211561403
"21617",2021-05-15,"28","15  day ahead inc hosp",2021-05-30,"quantile",0.9,43.081340449926
"21618",2021-05-15,"28","15  day ahead inc hosp",2021-05-30,"quantile",0.95,49.1637338535327
"21619",2021-05-15,"28","15  day ahead inc hosp",2021-05-30,"quantile",0.975,54.9418768482689
"21620",2021-05-15,"28","15  day ahead inc hosp",2021-05-30,"quantile",0.99,62.2843910694764
"21621",2021-05-15,"28","16  day ahead inc hosp",2021-05-31,"quantile",0.01,8.48279537255568
"21622",2021-05-15,"28","16  day ahead inc hosp",2021-05-31,"quantile",0.025,10.4303881512091
"21623",2021-05-15,"28","16  day ahead inc hosp",2021-05-31,"quantile",0.05,12.3582203745117
"21624",2021-05-15,"28","16  day ahead inc hosp",2021-05-31,"quantile",0.1,14.8995246183142
"21625",2021-05-15,"28","16  day ahead inc hosp",2021-05-31,"quantile",0.15,16.8228376885507
"21626",2021-05-15,"28","16  day ahead inc hosp",2021-05-31,"quantile",0.2,18.4796000428196
"21627",2021-05-15,"28","16  day ahead inc hosp",2021-05-31,"quantile",0.25,19.9959495391145
"21628",2021-05-15,"28","16  day ahead inc hosp",2021-05-31,"quantile",0.3,21.4355189749141
"21629",2021-05-15,"28","16  day ahead inc hosp",2021-05-31,"quantile",0.35,22.8376051425272
"21630",2021-05-15,"28","16  day ahead inc hosp",2021-05-31,"quantile",0.4,24.2305978037507
"21631",2021-05-15,"28","16  day ahead inc hosp",2021-05-31,"quantile",0.45,25.6380627972206
"21632",2021-05-15,"28","16  day ahead inc hosp",2021-05-31,"quantile",0.5,27.082217625109
"21633",2021-05-15,"28","16  day ahead inc hosp",2021-05-31,"quantile",0.55,28.5865404189577
"21634",2021-05-15,"28","16  day ahead inc hosp",2021-05-31,"quantile",0.6,30.1784252856141
"21635",2021-05-15,"28","16  day ahead inc hosp",2021-05-31,"quantile",0.65,31.8927026777814
"21636",2021-05-15,"28","16  day ahead inc hosp",2021-05-31,"quantile",0.7,33.7772704534512
"21637",2021-05-15,"28","16  day ahead inc hosp",2021-05-31,"quantile",0.75,35.9034283361208
"21638",2021-05-15,"28","16  day ahead inc hosp",2021-05-31,"quantile",0.8,38.3874401413697
"21639",2021-05-15,"28","16  day ahead inc hosp",2021-05-31,"quantile",0.85,41.4430901758852
"21640",2021-05-15,"28","16  day ahead inc hosp",2021-05-31,"quantile",0.9,45.5427790592854
"21641",2021-05-15,"28","16  day ahead inc hosp",2021-05-31,"quantile",0.95,52.1693931276397
"21642",2021-05-15,"28","16  day ahead inc hosp",2021-05-31,"quantile",0.975,58.4806666870821
"21643",2021-05-15,"28","16  day ahead inc hosp",2021-05-31,"quantile",0.99,66.520136479353
"21644",2021-05-15,"28","17  day ahead inc hosp",2021-06-01,"quantile",0.01,8.10271006107689
"21645",2021-05-15,"28","17  day ahead inc hosp",2021-06-01,"quantile",0.025,10.0536210386013
"21646",2021-05-15,"28","17  day ahead inc hosp",2021-06-01,"quantile",0.05,11.9963439573188
"21647",2021-05-15,"28","17  day ahead inc hosp",2021-06-01,"quantile",0.1,14.5712938843319
"21648",2021-05-15,"28","17  day ahead inc hosp",2021-06-01,"quantile",0.15,16.5287940461919
"21649",2021-05-15,"28","17  day ahead inc hosp",2021-06-01,"quantile",0.2,18.2201258128247
"21650",2021-05-15,"28","17  day ahead inc hosp",2021-06-01,"quantile",0.25,19.7717988494691
"21651",2021-05-15,"28","17  day ahead inc hosp",2021-06-01,"quantile",0.3,21.2478537432932
"21652",2021-05-15,"28","17  day ahead inc hosp",2021-06-01,"quantile",0.35,22.6880083765949
"21653",2021-05-15,"28","17  day ahead inc hosp",2021-06-01,"quantile",0.4,24.1211103828436
"21654",2021-05-15,"28","17  day ahead inc hosp",2021-06-01,"quantile",0.45,25.5712533294244
"21655",2021-05-15,"28","17  day ahead inc hosp",2021-06-01,"quantile",0.5,27.0612949344112
"21656",2021-05-15,"28","17  day ahead inc hosp",2021-06-01,"quantile",0.55,28.6155258006005
"21657",2021-05-15,"28","17  day ahead inc hosp",2021-06-01,"quantile",0.6,30.2624158974673
"21658",2021-05-15,"28","17  day ahead inc hosp",2021-06-01,"quantile",0.65,32.038284452161
"21659",2021-05-15,"28","17  day ahead inc hosp",2021-06-01,"quantile",0.7,33.9931948233452
"21660",2021-05-15,"28","17  day ahead inc hosp",2021-06-01,"quantile",0.75,36.2017950059733
"21661",2021-05-15,"28","17  day ahead inc hosp",2021-06-01,"quantile",0.8,38.785959812809
"21662",2021-05-15,"28","17  day ahead inc hosp",2021-06-01,"quantile",0.85,41.9700205553266
"21663",2021-05-15,"28","17  day ahead inc hosp",2021-06-01,"quantile",0.9,46.250178110317
"21664",2021-05-15,"28","17  day ahead inc hosp",2021-06-01,"quantile",0.95,53.1859524819119
"21665",2021-05-15,"28","17  day ahead inc hosp",2021-06-01,"quantile",0.975,59.8090685205814
"21666",2021-05-15,"28","17  day ahead inc hosp",2021-06-01,"quantile",0.99,68.266799675292
"21667",2021-05-15,"28","18  day ahead inc hosp",2021-06-02,"quantile",0.01,6.89775596873363
"21668",2021-05-15,"28","18  day ahead inc hosp",2021-06-02,"quantile",0.025,8.69411713169349
"21669",2021-05-15,"28","18  day ahead inc hosp",2021-06-02,"quantile",0.05,10.5015903258997
"21670",2021-05-15,"28","18  day ahead inc hosp",2021-06-02,"quantile",0.1,12.919906415169
"21671",2021-05-15,"28","18  day ahead inc hosp",2021-06-02,"quantile",0.15,14.7724613434651
"21672",2021-05-15,"28","18  day ahead inc hosp",2021-06-02,"quantile",0.2,16.38143180117
"21673",2021-05-15,"28","18  day ahead inc hosp",2021-06-02,"quantile",0.25,17.8635376330442
"21674",2021-05-15,"28","18  day ahead inc hosp",2021-06-02,"quantile",0.3,19.2782233196578
"21675",2021-05-15,"28","18  day ahead inc hosp",2021-06-02,"quantile",0.35,20.6626345754343
"21676",2021-05-15,"28","18  day ahead inc hosp",2021-06-02,"quantile",0.4,22.0440039925039
"21677",2021-05-15,"28","18  day ahead inc hosp",2021-06-02,"quantile",0.45,23.445319141025
"21678",2021-05-15,"28","18  day ahead inc hosp",2021-06-02,"quantile",0.5,24.8886223368934
"21679",2021-05-15,"28","18  day ahead inc hosp",2021-06-02,"quantile",0.55,26.3975595376306
"21680",2021-05-15,"28","18  day ahead inc hosp",2021-06-02,"quantile",0.6,28.000053144909
"21681",2021-05-15,"28","18  day ahead inc hosp",2021-06-02,"quantile",0.65,29.7319200294246
"21682",2021-05-15,"28","18  day ahead inc hosp",2021-06-02,"quantile",0.7,31.6427229051213
"21683",2021-05-15,"28","18  day ahead inc hosp",2021-06-02,"quantile",0.75,33.8065662179265
"21684",2021-05-15,"28","18  day ahead inc hosp",2021-06-02,"quantile",0.8,36.3446844593059
"21685",2021-05-15,"28","18  day ahead inc hosp",2021-06-02,"quantile",0.85,39.4806079858051
"21686",2021-05-15,"28","18  day ahead inc hosp",2021-06-02,"quantile",0.9,43.7095847447922
"21687",2021-05-15,"28","18  day ahead inc hosp",2021-06-02,"quantile",0.95,50.5913401861637
"21688",2021-05-15,"28","18  day ahead inc hosp",2021-06-02,"quantile",0.975,57.1917402671763
"21689",2021-05-15,"28","18  day ahead inc hosp",2021-06-02,"quantile",0.99,65.6554327453679
"21690",2021-05-15,"28","19  day ahead inc hosp",2021-06-03,"quantile",0.01,6.29839666923466
"21691",2021-05-15,"28","19  day ahead inc hosp",2021-06-03,"quantile",0.025,8.0381353326216
"21692",2021-05-15,"28","19  day ahead inc hosp",2021-06-03,"quantile",0.05,9.8030296273559
"21693",2021-05-15,"28","19  day ahead inc hosp",2021-06-03,"quantile",0.1,12.1818718373687
"21694",2021-05-15,"28","19  day ahead inc hosp",2021-06-03,"quantile",0.15,14.0151140126989
"21695",2021-05-15,"28","19  day ahead inc hosp",2021-06-03,"quantile",0.2,15.6137416168996
"21696",2021-05-15,"28","19  day ahead inc hosp",2021-06-03,"quantile",0.25,17.0909572390203
"21697",2021-05-15,"28","19  day ahead inc hosp",2021-06-03,"quantile",0.3,18.5046964959478
"21698",2021-05-15,"28","19  day ahead inc hosp",2021-06-03,"quantile",0.35,19.8913820513018
"21699",2021-05-15,"28","19  day ahead inc hosp",2021-06-03,"quantile",0.4,21.2779161844371
"21700",2021-05-15,"28","19  day ahead inc hosp",2021-06-03,"quantile",0.45,22.6871983123925
"21701",2021-05-15,"28","19  day ahead inc hosp",2021-06-03,"quantile",0.5,24.1413683878585
"21702",2021-05-15,"28","19  day ahead inc hosp",2021-06-03,"quantile",0.55,25.664348500059
"21703",2021-05-15,"28","19  day ahead inc hosp",2021-06-03,"quantile",0.6,27.2845466572946
"21704",2021-05-15,"28","19  day ahead inc hosp",2021-06-03,"quantile",0.65,29.0385523991876
"21705",2021-05-15,"28","19  day ahead inc hosp",2021-06-03,"quantile",0.7,30.9771438240869
"21706",2021-05-15,"28","19  day ahead inc hosp",2021-06-03,"quantile",0.75,33.1763974550159
"21707",2021-05-15,"28","19  day ahead inc hosp",2021-06-03,"quantile",0.8,35.7609635059372
"21708",2021-05-15,"28","19  day ahead inc hosp",2021-06-03,"quantile",0.85,38.9609615746424
"21709",2021-05-15,"28","19  day ahead inc hosp",2021-06-03,"quantile",0.9,43.2868743842012
"21710",2021-05-15,"28","19  day ahead inc hosp",2021-06-03,"quantile",0.95,50.3489047291367
"21711",2021-05-15,"28","19  day ahead inc hosp",2021-06-03,"quantile",0.975,57.1447168447022
"21712",2021-05-15,"28","19  day ahead inc hosp",2021-06-03,"quantile",0.99,65.8862710220968
"21713",2021-05-15,"28","20  day ahead inc hosp",2021-06-04,"quantile",0.01,6.55122611442189
"21714",2021-05-15,"28","20  day ahead inc hosp",2021-06-04,"quantile",0.025,8.40167919910005
"21715",2021-05-15,"28","20  day ahead inc hosp",2021-06-04,"quantile",0.05,10.2849068739816
"21716",2021-05-15,"28","20  day ahead inc hosp",2021-06-04,"quantile",0.1,12.8305555364919
"21717",2021-05-15,"28","20  day ahead inc hosp",2021-06-04,"quantile",0.15,14.7969043503156
"21718",2021-05-15,"28","20  day ahead inc hosp",2021-06-04,"quantile",0.2,16.5142832651302
"21719",2021-05-15,"28","20  day ahead inc hosp",2021-06-04,"quantile",0.25,18.1031621501928
"21720",2021-05-15,"28","20  day ahead inc hosp",2021-06-04,"quantile",0.3,19.625315272756
"21721",2021-05-15,"28","20  day ahead inc hosp",2021-06-04,"quantile",0.35,21.1196716305821
"21722",2021-05-15,"28","20  day ahead inc hosp",2021-06-04,"quantile",0.4,22.61506913331
"21723",2021-05-15,"28","20  day ahead inc hosp",2021-06-04,"quantile",0.45,24.1361349880017
"21724",2021-05-15,"28","20  day ahead inc hosp",2021-06-04,"quantile",0.5,25.7067557178706
"21725",2021-05-15,"28","20  day ahead inc hosp",2021-06-04,"quantile",0.55,27.3528116663423
"21726",2021-05-15,"28","20  day ahead inc hosp",2021-06-04,"quantile",0.6,29.1051021082598
"21727",2021-05-15,"28","20  day ahead inc hosp",2021-06-04,"quantile",0.65,31.0033580619727
"21728",2021-05-15,"28","20  day ahead inc hosp",2021-06-04,"quantile",0.7,33.1027772381598
"21729",2021-05-15,"28","20  day ahead inc hosp",2021-06-04,"quantile",0.75,35.4861212203896
"21730",2021-05-15,"28","20  day ahead inc hosp",2021-06-04,"quantile",0.8,38.2890714687593
"21731",2021-05-15,"28","20  day ahead inc hosp",2021-06-04,"quantile",0.85,41.7622328522445
"21732",2021-05-15,"28","20  day ahead inc hosp",2021-06-04,"quantile",0.9,46.4617946467912
"21733",2021-05-15,"28","20  day ahead inc hosp",2021-06-04,"quantile",0.95,54.1431674736249
"21734",2021-05-15,"28","20  day ahead inc hosp",2021-06-04,"quantile",0.975,61.5443237498603
"21735",2021-05-15,"28","20  day ahead inc hosp",2021-06-04,"quantile",0.99,71.0758714760274
"21736",2021-05-15,"28","21  day ahead inc hosp",2021-06-05,"quantile",0.01,6.18058641045497
"21737",2021-05-15,"28","21  day ahead inc hosp",2021-06-05,"quantile",0.025,8.01213825379054
"21738",2021-05-15,"28","21  day ahead inc hosp",2021-06-05,"quantile",0.05,9.88931890850389
"21739",2021-05-15,"28","21  day ahead inc hosp",2021-06-05,"quantile",0.1,12.4428665983419
"21740",2021-05-15,"28","21  day ahead inc hosp",2021-06-05,"quantile",0.15,14.4253652554082
"21741",2021-05-15,"28","21  day ahead inc hosp",2021-06-05,"quantile",0.2,16.1627672587917
"21742",2021-05-15,"28","21  day ahead inc hosp",2021-06-05,"quantile",0.25,17.7744418182384
"21743",2021-05-15,"28","21  day ahead inc hosp",2021-06-05,"quantile",0.3,19.3218630841871
"21744",2021-05-15,"28","21  day ahead inc hosp",2021-06-05,"quantile",0.35,20.8439778790534
"21745",2021-05-15,"28","21  day ahead inc hosp",2021-06-05,"quantile",0.4,22.3698252421692
"21746",2021-05-15,"28","21  day ahead inc hosp",2021-06-05,"quantile",0.45,23.924382468028
"21747",2021-05-15,"28","21  day ahead inc hosp",2021-06-05,"quantile",0.5,25.5320445805161
"21748",2021-05-15,"28","21  day ahead inc hosp",2021-06-05,"quantile",0.55,27.2194004290482
"21749",2021-05-15,"28","21  day ahead inc hosp",2021-06-05,"quantile",0.6,29.0182380573183
"21750",2021-05-15,"28","21  day ahead inc hosp",2021-06-05,"quantile",0.65,30.969700057719
"21751",2021-05-15,"28","21  day ahead inc hosp",2021-06-05,"quantile",0.7,33.1310778462427
"21752",2021-05-15,"28","21  day ahead inc hosp",2021-06-05,"quantile",0.75,35.5884130495969
"21753",2021-05-15,"28","21  day ahead inc hosp",2021-06-05,"quantile",0.8,38.4829376579805
"21754",2021-05-15,"28","21  day ahead inc hosp",2021-06-05,"quantile",0.85,42.0757767931826
"21755",2021-05-15,"28","21  day ahead inc hosp",2021-06-05,"quantile",0.9,46.9470582345164
"21756",2021-05-15,"28","21  day ahead inc hosp",2021-06-05,"quantile",0.95,54.9300752358145
"21757",2021-05-15,"28","21  day ahead inc hosp",2021-06-05,"quantile",0.975,62.642839235914
"21758",2021-05-15,"28","21  day ahead inc hosp",2021-06-05,"quantile",0.99,72.6011356294139
"21759",2021-05-15,"28","22  day ahead inc hosp",2021-06-06,"quantile",0.01,5.82583977365467
"21760",2021-05-15,"28","22  day ahead inc hosp",2021-06-06,"quantile",0.025,7.63561519058634
"21761",2021-05-15,"28","22  day ahead inc hosp",2021-06-06,"quantile",0.05,9.50382245540644
"21762",2021-05-15,"28","22  day ahead inc hosp",2021-06-06,"quantile",0.1,12.0614626042897
"21763",2021-05-15,"28","22  day ahead inc hosp",2021-06-06,"quantile",0.15,14.0573385635297
"21764",2021-05-15,"28","22  day ahead inc hosp",2021-06-06,"quantile",0.2,15.8124760465499
"21765",2021-05-15,"28","22  day ahead inc hosp",2021-06-06,"quantile",0.25,17.4449442436394
"21766",2021-05-15,"28","22  day ahead inc hosp",2021-06-06,"quantile",0.3,19.015818981143
"21767",2021-05-15,"28","22  day ahead inc hosp",2021-06-06,"quantile",0.35,20.5640079351354
"21768",2021-05-15,"28","22  day ahead inc hosp",2021-06-06,"quantile",0.4,22.1187144624466
"21769",2021-05-15,"28","22  day ahead inc hosp",2021-06-06,"quantile",0.45,23.7052401569077
"21770",2021-05-15,"28","22  day ahead inc hosp",2021-06-06,"quantile",0.5,25.3484692347738
"21771",2021-05-15,"28","22  day ahead inc hosp",2021-06-06,"quantile",0.55,27.0756837256622
"21772",2021-05-15,"28","22  day ahead inc hosp",2021-06-06,"quantile",0.6,28.9196476292513
"21773",2021-05-15,"28","22  day ahead inc hosp",2021-06-06,"quantile",0.65,30.9229039405072
"21774",2021-05-15,"28","22  day ahead inc hosp",2021-06-06,"quantile",0.7,33.1448278580479
"21775",2021-05-15,"28","22  day ahead inc hosp",2021-06-06,"quantile",0.75,35.6747326773329
"21776",2021-05-15,"28","22  day ahead inc hosp",2021-06-06,"quantile",0.8,38.6593961115055
"21777",2021-05-15,"28","22  day ahead inc hosp",2021-06-06,"quantile",0.85,42.3704701649056
"21778",2021-05-15,"28","22  day ahead inc hosp",2021-06-06,"quantile",0.9,47.4120734102801
"21779",2021-05-15,"28","22  day ahead inc hosp",2021-06-06,"quantile",0.95,55.6957055363858
"21780",2021-05-15,"28","22  day ahead inc hosp",2021-06-06,"quantile",0.975,63.7204140080617
"21781",2021-05-15,"28","22  day ahead inc hosp",2021-06-06,"quantile",0.99,74.1075980972497
"21782",2021-05-15,"28","23  day ahead inc hosp",2021-06-07,"quantile",0.01,5.96520634001306
"21783",2021-05-15,"28","23  day ahead inc hosp",2021-06-07,"quantile",0.025,7.86173597013612
"21784",2021-05-15,"28","23  day ahead inc hosp",2021-06-07,"quantile",0.05,9.82658528902159
"21785",2021-05-15,"28","23  day ahead inc hosp",2021-06-07,"quantile",0.1,12.5251852834087
"21786",2021-05-15,"28","23  day ahead inc hosp",2021-06-07,"quantile",0.15,14.6364712479789
"21787",2021-05-15,"28","23  day ahead inc hosp",2021-06-07,"quantile",0.2,16.4962851189653
"21788",2021-05-15,"28","23  day ahead inc hosp",2021-06-07,"quantile",0.25,18.2284143408393
"21789",2021-05-15,"28","23  day ahead inc hosp",2021-06-07,"quantile",0.3,19.8970382350687
"21790",2021-05-15,"28","23  day ahead inc hosp",2021-06-07,"quantile",0.35,21.5431561302338
"21791",2021-05-15,"28","23  day ahead inc hosp",2021-06-07,"quantile",0.4,23.197645148438
"21792",2021-05-15,"28","23  day ahead inc hosp",2021-06-07,"quantile",0.45,24.8873547400001
"21793",2021-05-15,"28","23  day ahead inc hosp",2021-06-07,"quantile",0.5,26.6387830206447
"21794",2021-05-15,"28","23  day ahead inc hosp",2021-06-07,"quantile",0.55,28.4810659138628
"21795",2021-05-15,"28","23  day ahead inc hosp",2021-06-07,"quantile",0.6,30.4492712161197
"21796",2021-05-15,"28","23  day ahead inc hosp",2021-06-07,"quantile",0.65,32.5890052550783
"21797",2021-05-15,"28","23  day ahead inc hosp",2021-06-07,"quantile",0.7,34.9639885729023
"21798",2021-05-15,"28","23  day ahead inc hosp",2021-06-07,"quantile",0.75,37.6701453073014
"21799",2021-05-15,"28","23  day ahead inc hosp",2021-06-07,"quantile",0.8,40.865209600959
"21800",2021-05-15,"28","23  day ahead inc hosp",2021-06-07,"quantile",0.85,44.8412553407454
"21801",2021-05-15,"28","23  day ahead inc hosp",2021-06-07,"quantile",0.9,50.2481358962429
"21802",2021-05-15,"28","23  day ahead inc hosp",2021-06-07,"quantile",0.95,59.1433283197418
"21803",2021-05-15,"28","23  day ahead inc hosp",2021-06-07,"quantile",0.975,67.7718768843247
"21804",2021-05-15,"28","23  day ahead inc hosp",2021-06-07,"quantile",0.99,78.9545126059511
"21805",2021-05-15,"28","24  day ahead inc hosp",2021-06-08,"quantile",0.01,4.92271179116861
"21806",2021-05-15,"28","24  day ahead inc hosp",2021-06-08,"quantile",0.025,6.62138787643582
"21807",2021-05-15,"28","24  day ahead inc hosp",2021-06-08,"quantile",0.05,8.40471520822529
"21808",2021-05-15,"28","24  day ahead inc hosp",2021-06-08,"quantile",0.1,10.8828597451417
"21809",2021-05-15,"28","24  day ahead inc hosp",2021-06-08,"quantile",0.15,12.8398080334654
"21810",2021-05-15,"28","24  day ahead inc hosp",2021-06-08,"quantile",0.2,14.5743958672939
"21811",2021-05-15,"28","24  day ahead inc hosp",2021-06-08,"quantile",0.25,16.1976649547265
"21812",2021-05-15,"28","24  day ahead inc hosp",2021-06-08,"quantile",0.3,17.7676765277071
"21813",2021-05-15,"28","24  day ahead inc hosp",2021-06-08,"quantile",0.35,19.3219103493967
"21814",2021-05-15,"28","24  day ahead inc hosp",2021-06-08,"quantile",0.4,20.8889460261229
"21815",2021-05-15,"28","24  day ahead inc hosp",2021-06-08,"quantile",0.45,22.4939675453146
"21816",2021-05-15,"28","24  day ahead inc hosp",2021-06-08,"quantile",0.5,24.1621404140195
"21817",2021-05-15,"28","24  day ahead inc hosp",2021-06-08,"quantile",0.55,25.921421819928
"21818",2021-05-15,"28","24  day ahead inc hosp",2021-06-08,"quantile",0.6,27.8057230775595
"21819",2021-05-15,"28","24  day ahead inc hosp",2021-06-08,"quantile",0.65,29.8593902771793
"21820",2021-05-15,"28","24  day ahead inc hosp",2021-06-08,"quantile",0.7,32.1446208302984
"21821",2021-05-15,"28","24  day ahead inc hosp",2021-06-08,"quantile",0.75,34.7552997725554
"21822",2021-05-15,"28","24  day ahead inc hosp",2021-06-08,"quantile",0.8,37.8461238464019
"21823",2021-05-15,"28","24  day ahead inc hosp",2021-06-08,"quantile",0.85,41.7040390940864
"21824",2021-05-15,"28","24  day ahead inc hosp",2021-06-08,"quantile",0.9,46.9685963532192
"21825",2021-05-15,"28","24  day ahead inc hosp",2021-06-08,"quantile",0.95,55.6690669584049
"21826",2021-05-15,"28","24  day ahead inc hosp",2021-06-08,"quantile",0.975,64.1482724524243
"21827",2021-05-15,"28","24  day ahead inc hosp",2021-06-08,"quantile",0.99,75.1855132581658
"21828",2021-05-15,"28","25  day ahead inc hosp",2021-06-09,"quantile",0.01,5.25147828722485
"21829",2021-05-15,"28","25  day ahead inc hosp",2021-06-09,"quantile",0.025,7.08096791627309
"21830",2021-05-15,"28","25  day ahead inc hosp",2021-06-09,"quantile",0.05,9.00468548335316
"21831",2021-05-15,"28","25  day ahead inc hosp",2021-06-09,"quantile",0.1,11.6816660586419
"21832",2021-05-15,"28","25  day ahead inc hosp",2021-06-09,"quantile",0.15,13.7979775705111
"21833",2021-05-15,"28","25  day ahead inc hosp",2021-06-09,"quantile",0.2,15.6752036758174
"21834",2021-05-15,"28","25  day ahead inc hosp",2021-06-09,"quantile",0.25,17.4329563735813
"21835",2021-05-15,"28","25  day ahead inc hosp",2021-06-09,"quantile",0.3,19.1338429083603
"21836",2021-05-15,"28","25  day ahead inc hosp",2021-06-09,"quantile",0.35,20.8183289798124
"21837",2021-05-15,"28","25  day ahead inc hosp",2021-06-09,"quantile",0.4,22.5173174721707
"21838",2021-05-15,"28","25  day ahead inc hosp",2021-06-09,"quantile",0.45,24.2580828703567
"21839",2021-05-15,"28","25  day ahead inc hosp",2021-06-09,"quantile",0.5,26.0679196736846
"21840",2021-05-15,"28","25  day ahead inc hosp",2021-06-09,"quantile",0.55,27.9771867165005
"21841",2021-05-15,"28","25  day ahead inc hosp",2021-06-09,"quantile",0.6,30.022741549247
"21842",2021-05-15,"28","25  day ahead inc hosp",2021-06-09,"quantile",0.65,32.2528136809791
"21843",2021-05-15,"28","25  day ahead inc hosp",2021-06-09,"quantile",0.7,34.7350769513823
"21844",2021-05-15,"28","25  day ahead inc hosp",2021-06-09,"quantile",0.75,37.5717146781514
"21845",2021-05-15,"28","25  day ahead inc hosp",2021-06-09,"quantile",0.8,40.9311365269827
"21846",2021-05-15,"28","25  day ahead inc hosp",2021-06-09,"quantile",0.85,45.125787154454
"21847",2021-05-15,"28","25  day ahead inc hosp",2021-06-09,"quantile",0.9,50.8521892781553
"21848",2021-05-15,"28","25  day ahead inc hosp",2021-06-09,"quantile",0.95,60.3209437812934
"21849",2021-05-15,"28","25  day ahead inc hosp",2021-06-09,"quantile",0.975,69.5539193730258
"21850",2021-05-15,"28","25  day ahead inc hosp",2021-06-09,"quantile",0.99,81.5784418728975
"21851",2021-05-15,"28","26  day ahead inc hosp",2021-06-10,"quantile",0.01,4.98736353893971
"21852",2021-05-15,"28","26  day ahead inc hosp",2021-06-10,"quantile",0.025,6.79734828828837
"21853",2021-05-15,"28","26  day ahead inc hosp",2021-06-10,"quantile",0.05,8.71380268420518
"21854",2021-05-15,"28","26  day ahead inc hosp",2021-06-10,"quantile",0.1,11.3969722073569
"21855",2021-05-15,"28","26  day ahead inc hosp",2021-06-10,"quantile",0.15,13.5284077457665
"21856",2021-05-15,"28","26  day ahead inc hosp",2021-06-10,"quantile",0.2,15.4250944397787
"21857",2021-05-15,"28","26  day ahead inc hosp",2021-06-10,"quantile",0.25,17.2054445372531
"21858",2021-05-15,"28","26  day ahead inc hosp",2021-06-10,"quantile",0.3,18.9317205217515
"21859",2021-05-15,"28","26  day ahead inc hosp",2021-06-10,"quantile",0.35,20.6443906607342
"21860",2021-05-15,"28","26  day ahead inc hosp",2021-06-10,"quantile",0.4,22.3745635842563
"21861",2021-05-15,"28","26  day ahead inc hosp",2021-06-10,"quantile",0.45,24.1498853561936
"21862",2021-05-15,"28","26  day ahead inc hosp",2021-06-10,"quantile",0.5,25.998198069553
"21863",2021-05-15,"28","26  day ahead inc hosp",2021-06-10,"quantile",0.55,27.9506297090156
"21864",2021-05-15,"28","26  day ahead inc hosp",2021-06-10,"quantile",0.6,30.0451168581363
"21865",2021-05-15,"28","26  day ahead inc hosp",2021-06-10,"quantile",0.65,32.3314352923194
"21866",2021-05-15,"28","26  day ahead inc hosp",2021-06-10,"quantile",0.7,34.8795592418019
"21867",2021-05-15,"28","26  day ahead inc hosp",2021-06-10,"quantile",0.75,37.795285375039
"21868",2021-05-15,"28","26  day ahead inc hosp",2021-06-10,"quantile",0.8,41.2531534852111
"21869",2021-05-15,"28","26  day ahead inc hosp",2021-06-10,"quantile",0.85,45.5772583681948
"21870",2021-05-15,"28","26  day ahead inc hosp",2021-06-10,"quantile",0.9,51.4907159487579
"21871",2021-05-15,"28","26  day ahead inc hosp",2021-06-10,"quantile",0.95,61.2910185702817
"21872",2021-05-15,"28","26  day ahead inc hosp",2021-06-10,"quantile",0.975,70.8696009096328
"21873",2021-05-15,"28","26  day ahead inc hosp",2021-06-10,"quantile",0.99,83.3714010842995
"21874",2021-05-15,"28","27  day ahead inc hosp",2021-06-11,"quantile",0.01,4.75409815309479
"21875",2021-05-15,"28","27  day ahead inc hosp",2021-06-11,"quantile",0.025,6.54790397138135
"21876",2021-05-15,"28","27  day ahead inc hosp",2021-06-11,"quantile",0.05,8.46015079550707
"21877",2021-05-15,"28","27  day ahead inc hosp",2021-06-11,"quantile",0.1,11.1533577540671
"21878",2021-05-15,"28","27  day ahead inc hosp",2021-06-11,"quantile",0.15,13.3027751115929
"21879",2021-05-15,"28","27  day ahead inc hosp",2021-06-11,"quantile",0.2,15.2213801815839
"21880",2021-05-15,"28","27  day ahead inc hosp",2021-06-11,"quantile",0.25,17.0265892658091
"21881",2021-05-15,"28","27  day ahead inc hosp",2021-06-11,"quantile",0.3,18.7804213364554
"21882",2021-05-15,"28","27  day ahead inc hosp",2021-06-11,"quantile",0.35,20.5234099695943
"21883",2021-05-15,"28","27  day ahead inc hosp",2021-06-11,"quantile",0.4,22.2869158362287
"21884",2021-05-15,"28","27  day ahead inc hosp",2021-06-11,"quantile",0.45,24.0989963986258
"21885",2021-05-15,"28","27  day ahead inc hosp",2021-06-11,"quantile",0.5,25.9880805397475
"21886",2021-05-15,"28","27  day ahead inc hosp",2021-06-11,"quantile",0.55,27.9861086396077
"21887",2021-05-15,"28","27  day ahead inc hosp",2021-06-11,"quantile",0.6,30.1321487262749
"21888",2021-05-15,"28","27  day ahead inc hosp",2021-06-11,"quantile",0.65,32.4775915972355
"21889",2021-05-15,"28","27  day ahead inc hosp",2021-06-11,"quantile",0.7,35.0948088555913
"21890",2021-05-15,"28","27  day ahead inc hosp",2021-06-11,"quantile",0.75,38.0933580017374
"21891",2021-05-15,"28","27  day ahead inc hosp",2021-06-11,"quantile",0.8,41.6541541456221
"21892",2021-05-15,"28","27  day ahead inc hosp",2021-06-11,"quantile",0.85,46.1134019357789
"21893",2021-05-15,"28","27  day ahead inc hosp",2021-06-11,"quantile",0.9,52.2218491086025
"21894",2021-05-15,"28","27  day ahead inc hosp",2021-06-11,"quantile",0.95,62.3672396610248
"21895",2021-05-15,"28","27  day ahead inc hosp",2021-06-11,"quantile",0.975,72.3051161271993
"21896",2021-05-15,"28","27  day ahead inc hosp",2021-06-11,"quantile",0.99,85.3026905351055
"21897",2021-05-15,"28","28  day ahead inc hosp",2021-06-12,"quantile",0.01,4.38626224205952
"21898",2021-05-15,"28","28  day ahead inc hosp",2021-06-12,"quantile",0.025,6.12134613123252
"21899",2021-05-15,"28","28  day ahead inc hosp",2021-06-12,"quantile",0.05,7.98672187504315
"21900",2021-05-15,"28","28  day ahead inc hosp",2021-06-12,"quantile",0.1,10.6333595323121
"21901",2021-05-15,"28","28  day ahead inc hosp",2021-06-12,"quantile",0.15,12.7578483180397
"21902",2021-05-15,"28","28  day ahead inc hosp",2021-06-12,"quantile",0.2,14.6614462131962
"21903",2021-05-15,"28","28  day ahead inc hosp",2021-06-12,"quantile",0.25,16.457786872719
"21904",2021-05-15,"28","28  day ahead inc hosp",2021-06-12,"quantile",0.3,18.207237633761
"21905",2021-05-15,"28","28  day ahead inc hosp",2021-06-12,"quantile",0.35,19.9495299445526
"21906",2021-05-15,"28","28  day ahead inc hosp",2021-06-12,"quantile",0.4,21.7156539509683
"21907",2021-05-15,"28","28  day ahead inc hosp",2021-06-12,"quantile",0.45,23.5335669549389
"21908",2021-05-15,"28","28  day ahead inc hosp",2021-06-12,"quantile",0.5,25.4318082456325
"21909",2021-05-15,"28","28  day ahead inc hosp",2021-06-12,"quantile",0.55,27.4426334927837
"21910",2021-05-15,"28","28  day ahead inc hosp",2021-06-12,"quantile",0.6,29.6056687336087
"21911",2021-05-15,"28","28  day ahead inc hosp",2021-06-12,"quantile",0.65,31.9731976502774
"21912",2021-05-15,"28","28  day ahead inc hosp",2021-06-12,"quantile",0.7,34.6190039477017
"21913",2021-05-15,"28","28  day ahead inc hosp",2021-06-12,"quantile",0.75,37.6549490228289
"21914",2021-05-15,"28","28  day ahead inc hosp",2021-06-12,"quantile",0.8,41.2659618648029
"21915",2021-05-15,"28","28  day ahead inc hosp",2021-06-12,"quantile",0.85,45.7960411761155
"21916",2021-05-15,"28","28  day ahead inc hosp",2021-06-12,"quantile",0.9,52.0140966605484
"21917",2021-05-15,"28","28  day ahead inc hosp",2021-06-12,"quantile",0.95,62.3686883794497
"21918",2021-05-15,"28","28  day ahead inc hosp",2021-06-12,"quantile",0.975,72.5387655271779
"21919",2021-05-15,"28","28  day ahead inc hosp",2021-06-12,"quantile",0.99,85.8733118309686
"21920",2021-05-15,"28","29  day ahead inc hosp",2021-06-13,"quantile",0.01,4.13273091340827
"21921",2021-05-15,"28","29  day ahead inc hosp",2021-06-13,"quantile",0.025,5.86366382198997
"21922",2021-05-15,"28","29  day ahead inc hosp",2021-06-13,"quantile",0.05,7.74439147430146
"21923",2021-05-15,"28","29  day ahead inc hosp",2021-06-13,"quantile",0.1,10.4373980252453
"21924",2021-05-15,"28","29  day ahead inc hosp",2021-06-13,"quantile",0.15,12.614614850767
"21925",2021-05-15,"28","29  day ahead inc hosp",2021-06-13,"quantile",0.2,14.5746529252206
"21926",2021-05-15,"28","29  day ahead inc hosp",2021-06-13,"quantile",0.25,16.4309275392624
"21927",2021-05-15,"28","29  day ahead inc hosp",2021-06-13,"quantile",0.3,18.2441350117991
"21928",2021-05-15,"28","29  day ahead inc hosp",2021-06-13,"quantile",0.35,20.0545809962978
"21929",2021-05-15,"28","29  day ahead inc hosp",2021-06-13,"quantile",0.4,21.8940255215478
"21930",2021-05-15,"28","29  day ahead inc hosp",2021-06-13,"quantile",0.45,23.7914168792456
"21931",2021-05-15,"28","29  day ahead inc hosp",2021-06-13,"quantile",0.5,25.7765759094914
"21932",2021-05-15,"28","29  day ahead inc hosp",2021-06-13,"quantile",0.55,27.8834490448642
"21933",2021-05-15,"28","29  day ahead inc hosp",2021-06-13,"quantile",0.6,30.1539570058589
"21934",2021-05-15,"28","29  day ahead inc hosp",2021-06-13,"quantile",0.65,32.6436113651148
"21935",2021-05-15,"28","29  day ahead inc hosp",2021-06-13,"quantile",0.7,35.4309461601566
"21936",2021-05-15,"28","29  day ahead inc hosp",2021-06-13,"quantile",0.75,38.635234878761
"21937",2021-05-15,"28","29  day ahead inc hosp",2021-06-13,"quantile",0.8,42.4539263220804
"21938",2021-05-15,"28","29  day ahead inc hosp",2021-06-13,"quantile",0.85,47.2547362851335
"21939",2021-05-15,"28","29  day ahead inc hosp",2021-06-13,"quantile",0.9,53.8605613085794
"21940",2021-05-15,"28","29  day ahead inc hosp",2021-06-13,"quantile",0.95,64.8958177701232
"21941",2021-05-15,"28","29  day ahead inc hosp",2021-06-13,"quantile",0.975,75.7695612965486
"21942",2021-05-15,"28","29  day ahead inc hosp",2021-06-13,"quantile",0.99,90.0696362225845
"21943",2021-05-15,"28","30  day ahead inc hosp",2021-06-14,"quantile",0.01,4.0050876133023
"21944",2021-05-15,"28","30  day ahead inc hosp",2021-06-14,"quantile",0.025,5.74703476452145
"21945",2021-05-15,"28","30  day ahead inc hosp",2021-06-14,"quantile",0.05,7.65341205626417
"21946",2021-05-15,"28","30  day ahead inc hosp",2021-06-14,"quantile",0.1,10.4001371619888
"21947",2021-05-15,"28","30  day ahead inc hosp",2021-06-14,"quantile",0.15,12.6314956768503
"21948",2021-05-15,"28","30  day ahead inc hosp",2021-06-14,"quantile",0.2,14.646623898386
"21949",2021-05-15,"28","30  day ahead inc hosp",2021-06-14,"quantile",0.25,16.5596807069564
"21950",2021-05-15,"28","30  day ahead inc hosp",2021-06-14,"quantile",0.3,18.4320733211208
"21951",2021-05-15,"28","30  day ahead inc hosp",2021-06-14,"quantile",0.35,20.3048313636961
"21952",2021-05-15,"28","30  day ahead inc hosp",2021-06-14,"quantile",0.4,22.2105111867669
"21953",2021-05-15,"28","30  day ahead inc hosp",2021-06-14,"quantile",0.45,24.1789933416236
"21954",2021-05-15,"28","30  day ahead inc hosp",2021-06-14,"quantile",0.5,26.2412454794182
"21955",2021-05-15,"28","30  day ahead inc hosp",2021-06-14,"quantile",0.55,28.4326856916216
"21956",2021-05-15,"28","30  day ahead inc hosp",2021-06-14,"quantile",0.6,30.7972005222913
"21957",2021-05-15,"28","30  day ahead inc hosp",2021-06-14,"quantile",0.65,33.3930409446597
"21958",2021-05-15,"28","30  day ahead inc hosp",2021-06-14,"quantile",0.7,36.3027492363373
"21959",2021-05-15,"28","30  day ahead inc hosp",2021-06-14,"quantile",0.75,39.6518297527689
"21960",2021-05-15,"28","30  day ahead inc hosp",2021-06-14,"quantile",0.8,43.6482283024214
"21961",2021-05-15,"28","30  day ahead inc hosp",2021-06-14,"quantile",0.85,48.6795043040607
"21962",2021-05-15,"28","30  day ahead inc hosp",2021-06-14,"quantile",0.9,55.6136350307617
"21963",2021-05-15,"28","30  day ahead inc hosp",2021-06-14,"quantile",0.95,67.2215404094296
"21964",2021-05-15,"28","30  day ahead inc hosp",2021-06-14,"quantile",0.975,78.6838966895524
"21965",2021-05-15,"28","30  day ahead inc hosp",2021-06-14,"quantile",0.99,93.7878040387061
"21966",2021-05-15,"28","31  day ahead inc hosp",2021-06-15,"quantile",0.01,3.81632380476371
"21967",2021-05-15,"28","31  day ahead inc hosp",2021-06-15,"quantile",0.025,5.54102211183992
"21968",2021-05-15,"28","31  day ahead inc hosp",2021-06-15,"quantile",0.05,7.44272064212564
"21969",2021-05-15,"28","31  day ahead inc hosp",2021-06-15,"quantile",0.1,10.2003744939428
"21970",2021-05-15,"28","31  day ahead inc hosp",2021-06-15,"quantile",0.15,12.4517620355161
"21971",2021-05-15,"28","31  day ahead inc hosp",2021-06-15,"quantile",0.2,14.4915927068007
"21972",2021-05-15,"28","31  day ahead inc hosp",2021-06-15,"quantile",0.25,16.432904898185
"21973",2021-05-15,"28","31  day ahead inc hosp",2021-06-15,"quantile",0.3,18.3368328743745
"21974",2021-05-15,"28","31  day ahead inc hosp",2021-06-15,"quantile",0.35,20.2444898169515
"21975",2021-05-15,"28","31  day ahead inc hosp",2021-06-15,"quantile",0.4,22.1887362804619
"21976",2021-05-15,"28","31  day ahead inc hosp",2021-06-15,"quantile",0.45,24.1999484788469
"21977",2021-05-15,"28","31  day ahead inc hosp",2021-06-15,"quantile",0.5,26.3098022608542
"21978",2021-05-15,"28","31  day ahead inc hosp",2021-06-15,"quantile",0.55,28.5546982867559
"21979",2021-05-15,"28","31  day ahead inc hosp",2021-06-15,"quantile",0.6,30.9798943158035
"21980",2021-05-15,"28","31  day ahead inc hosp",2021-06-15,"quantile",0.65,33.6456022334006
"21981",2021-05-15,"28","31  day ahead inc hosp",2021-06-15,"quantile",0.7,36.6372802522023
"21982",2021-05-15,"28","31  day ahead inc hosp",2021-06-15,"quantile",0.75,40.0850149981906
"21983",2021-05-15,"28","31  day ahead inc hosp",2021-06-15,"quantile",0.8,44.204534210703
"21984",2021-05-15,"28","31  day ahead inc hosp",2021-06-15,"quantile",0.85,49.3982088822175
"21985",2021-05-15,"28","31  day ahead inc hosp",2021-06-15,"quantile",0.9,56.5678947852983
"21986",2021-05-15,"28","31  day ahead inc hosp",2021-06-15,"quantile",0.95,68.5955363568253
"21987",2021-05-15,"28","31  day ahead inc hosp",2021-06-15,"quantile",0.975,80.497941824724
"21988",2021-05-15,"28","31  day ahead inc hosp",2021-06-15,"quantile",0.99,96.2129729392955
"21989",2021-05-15,"28","32  day ahead inc hosp",2021-06-16,"quantile",0.01,3.3665320933136
"21990",2021-05-15,"28","32  day ahead inc hosp",2021-06-16,"quantile",0.025,4.98247312680487
"21991",2021-05-15,"28","32  day ahead inc hosp",2021-06-16,"quantile",0.05,6.78602197109185
"21992",2021-05-15,"28","32  day ahead inc hosp",2021-06-16,"quantile",0.1,9.42857622047544
"21993",2021-05-15,"28","32  day ahead inc hosp",2021-06-16,"quantile",0.15,11.6032302975805
"21994",2021-05-15,"28","32  day ahead inc hosp",2021-06-16,"quantile",0.2,13.5837859331726
"21995",2021-05-15,"28","32  day ahead inc hosp",2021-06-16,"quantile",0.25,15.4761425440334
"21996",2021-05-15,"28","32  day ahead inc hosp",2021-06-16,"quantile",0.3,17.3380895669425
"21997",2021-05-15,"28","32  day ahead inc hosp",2021-06-16,"quantile",0.35,19.2089085360839
"21998",2021-05-15,"28","32  day ahead inc hosp",2021-06-16,"quantile",0.4,21.1203692152511
"21999",2021-05-15,"28","32  day ahead inc hosp",2021-06-16,"quantile",0.45,23.1021776582428
"22000",2021-05-15,"28","32  day ahead inc hosp",2021-06-16,"quantile",0.5,25.1856132727063
"22001",2021-05-15,"28","32  day ahead inc hosp",2021-06-16,"quantile",0.55,27.4068883809688
"22002",2021-05-15,"28","32  day ahead inc hosp",2021-06-16,"quantile",0.6,29.8112639794446
"22003",2021-05-15,"28","32  day ahead inc hosp",2021-06-16,"quantile",0.65,32.4591737092714
"22004",2021-05-15,"28","32  day ahead inc hosp",2021-06-16,"quantile",0.7,35.4366027232079
"22005",2021-05-15,"28","32  day ahead inc hosp",2021-06-16,"quantile",0.75,38.8746702768322
"22006",2021-05-15,"28","32  day ahead inc hosp",2021-06-16,"quantile",0.8,42.9911122116025
"22007",2021-05-15,"28","32  day ahead inc hosp",2021-06-16,"quantile",0.85,48.1925279377191
"22008",2021-05-15,"28","32  day ahead inc hosp",2021-06-16,"quantile",0.9,55.3913641016155
"22009",2021-05-15,"28","32  day ahead inc hosp",2021-06-16,"quantile",0.95,67.5079492281013
"22010",2021-05-15,"28","32  day ahead inc hosp",2021-06-16,"quantile",0.975,79.538729241826
"22011",2021-05-15,"28","32  day ahead inc hosp",2021-06-16,"quantile",0.99,95.4726749443194
"22012",2021-05-15,"28","33  day ahead inc hosp",2021-06-17,"quantile",0.01,3.13290897614123
"22013",2021-05-15,"28","33  day ahead inc hosp",2021-06-17,"quantile",0.025,4.70541911419425
"22014",2021-05-15,"28","33  day ahead inc hosp",2021-06-17,"quantile",0.05,6.4768697581414
"22015",2021-05-15,"28","33  day ahead inc hosp",2021-06-17,"quantile",0.1,9.0929043734077
"22016",2021-05-15,"28","33  day ahead inc hosp",2021-06-17,"quantile",0.15,11.2587177854256
"22017",2021-05-15,"28","33  day ahead inc hosp",2021-06-17,"quantile",0.2,13.2389414255445
"22018",2021-05-15,"28","33  day ahead inc hosp",2021-06-17,"quantile",0.25,15.1365990091745
"22019",2021-05-15,"28","33  day ahead inc hosp",2021-06-17,"quantile",0.3,17.0083078132541
"22020",2021-05-15,"28","33  day ahead inc hosp",2021-06-17,"quantile",0.35,18.8928742709515
"22021",2021-05-15,"28","33  day ahead inc hosp",2021-06-17,"quantile",0.4,20.8219696949295
"22022",2021-05-15,"28","33  day ahead inc hosp",2021-06-17,"quantile",0.45,22.8254648680881
"22023",2021-05-15,"28","33  day ahead inc hosp",2021-06-17,"quantile",0.5,24.9350402238169
"22024",2021-05-15,"28","33  day ahead inc hosp",2021-06-17,"quantile",0.55,27.1875719714555
"22025",2021-05-15,"28","33  day ahead inc hosp",2021-06-17,"quantile",0.6,29.629327334505
"22026",2021-05-15,"28","33  day ahead inc hosp",2021-06-17,"quantile",0.65,32.3222447499086
"22027",2021-05-15,"28","33  day ahead inc hosp",2021-06-17,"quantile",0.7,35.354607835254
"22028",2021-05-15,"28","33  day ahead inc hosp",2021-06-17,"quantile",0.75,38.8612123212207
"22029",2021-05-15,"28","33  day ahead inc hosp",2021-06-17,"quantile",0.8,43.0661203071351
"22030",2021-05-15,"28","33  day ahead inc hosp",2021-06-17,"quantile",0.85,48.3881081653955
"22031",2021-05-15,"28","33  day ahead inc hosp",2021-06-17,"quantile",0.9,55.7677906014
"22032",2021-05-15,"28","33  day ahead inc hosp",2021-06-17,"quantile",0.95,68.21909253979
"22033",2021-05-15,"28","33  day ahead inc hosp",2021-06-17,"quantile",0.975,80.6127980942839
"22034",2021-05-15,"28","33  day ahead inc hosp",2021-06-17,"quantile",0.99,97.0648766783025
"22035",2021-05-15,"28","34  day ahead inc hosp",2021-06-18,"quantile",0.01,3.10937196499957
"22036",2021-05-15,"28","34  day ahead inc hosp",2021-06-18,"quantile",0.025,4.71055936813161
"22037",2021-05-15,"28","34  day ahead inc hosp",2021-06-18,"quantile",0.05,6.5241438736039
"22038",2021-05-15,"28","34  day ahead inc hosp",2021-06-18,"quantile",0.1,9.21471203412904
"22039",2021-05-15,"28","34  day ahead inc hosp",2021-06-18,"quantile",0.15,11.4500184431808
"22040",2021-05-15,"28","34  day ahead inc hosp",2021-06-18,"quantile",0.2,13.4984071637027
"22041",2021-05-15,"28","34  day ahead inc hosp",2021-06-18,"quantile",0.25,15.464754292559
"22042",2021-05-15,"28","34  day ahead inc hosp",2021-06-18,"quantile",0.3,17.4069372225264
"22043",2021-05-15,"28","34  day ahead inc hosp",2021-06-18,"quantile",0.35,19.3648220975709
"22044",2021-05-15,"28","34  day ahead inc hosp",2021-06-18,"quantile",0.4,21.371118423322
"22045",2021-05-15,"28","34  day ahead inc hosp",2021-06-18,"quantile",0.45,23.4568308243174
"22046",2021-05-15,"28","34  day ahead inc hosp",2021-06-18,"quantile",0.5,25.6549783906727
"22047",2021-05-15,"28","34  day ahead inc hosp",2021-06-18,"quantile",0.55,28.0041142615488
"22048",2021-05-15,"28","34  day ahead inc hosp",2021-06-18,"quantile",0.6,30.5527141927174
"22049",2021-05-15,"28","34  day ahead inc hosp",2021-06-18,"quantile",0.65,33.3657685868417
"22050",2021-05-15,"28","34  day ahead inc hosp",2021-06-18,"quantile",0.7,36.536004300938
"22051",2021-05-15,"28","34  day ahead inc hosp",2021-06-18,"quantile",0.75,40.2051028932876
"22052",2021-05-15,"28","34  day ahead inc hosp",2021-06-18,"quantile",0.8,44.6087038287206
"22053",2021-05-15,"28","34  day ahead inc hosp",2021-06-18,"quantile",0.85,50.1874386998292
"22054",2021-05-15,"28","34  day ahead inc hosp",2021-06-18,"quantile",0.9,57.9315154547015
"22055",2021-05-15,"28","34  day ahead inc hosp",2021-06-18,"quantile",0.95,71.0158322645345
"22056",2021-05-15,"28","34  day ahead inc hosp",2021-06-18,"quantile",0.975,84.057968832282
"22057",2021-05-15,"28","34  day ahead inc hosp",2021-06-18,"quantile",0.99,101.393285584752
"22058",2021-05-15,"28","35  day ahead inc hosp",2021-06-19,"quantile",0.01,2.92712531092346
"22059",2021-05-15,"28","35  day ahead inc hosp",2021-06-19,"quantile",0.025,4.49669024893365
"22060",2021-05-15,"28","35  day ahead inc hosp",2021-06-19,"quantile",0.05,6.2900746820653
"22061",2021-05-15,"28","35  day ahead inc hosp",2021-06-19,"quantile",0.1,8.97030579812601
"22062",2021-05-15,"28","35  day ahead inc hosp",2021-06-19,"quantile",0.15,11.2094674036872
"22063",2021-05-15,"28","35  day ahead inc hosp",2021-06-19,"quantile",0.2,13.2687950747446
"22064",2021-05-15,"28","35  day ahead inc hosp",2021-06-19,"quantile",0.25,15.2510383902792
"22065",2021-05-15,"28","35  day ahead inc hosp",2021-06-19,"quantile",0.3,17.2132917641468
"22066",2021-05-15,"28","35  day ahead inc hosp",2021-06-19,"quantile",0.35,19.1951987915948
"22067",2021-05-15,"28","35  day ahead inc hosp",2021-06-19,"quantile",0.4,21.2295660512984
"22068",2021-05-15,"28","35  day ahead inc hosp",2021-06-19,"quantile",0.45,23.3477389517622
"22069",2021-05-15,"28","35  day ahead inc hosp",2021-06-19,"quantile",0.5,25.5833177028684
"22070",2021-05-15,"28","35  day ahead inc hosp",2021-06-19,"quantile",0.55,27.975723755551
"22071",2021-05-15,"28","35  day ahead inc hosp",2021-06-19,"quantile",0.6,30.5746915411809
"22072",2021-05-15,"28","35  day ahead inc hosp",2021-06-19,"quantile",0.65,33.4470511561623
"22073",2021-05-15,"28","35  day ahead inc hosp",2021-06-19,"quantile",0.7,36.6883031013614
"22074",2021-05-15,"28","35  day ahead inc hosp",2021-06-19,"quantile",0.75,40.4445297731627
"22075",2021-05-15,"28","35  day ahead inc hosp",2021-06-19,"quantile",0.8,44.9589013609981
"22076",2021-05-15,"28","35  day ahead inc hosp",2021-06-19,"quantile",0.85,50.6864815402556
"22077",2021-05-15,"28","35  day ahead inc hosp",2021-06-19,"quantile",0.9,58.6507271346001
"22078",2021-05-15,"28","35  day ahead inc hosp",2021-06-19,"quantile",0.95,72.1364949927305
"22079",2021-05-15,"28","35  day ahead inc hosp",2021-06-19,"quantile",0.975,85.6085146386896
"22080",2021-05-15,"28","35  day ahead inc hosp",2021-06-19,"quantile",0.99,103.551678411345
"22081",2021-05-15,"28","36  day ahead inc hosp",2021-06-20,"quantile",0.01,2.7347974378748
"22082",2021-05-15,"28","36  day ahead inc hosp",2021-06-20,"quantile",0.025,4.26445088433432
"22083",2021-05-15,"28","36  day ahead inc hosp",2021-06-20,"quantile",0.05,6.02863264563393
"22084",2021-05-15,"28","36  day ahead inc hosp",2021-06-20,"quantile",0.1,8.68589039766122
"22085",2021-05-15,"28","36  day ahead inc hosp",2021-06-20,"quantile",0.15,10.9189768201516
"22086",2021-05-15,"28","36  day ahead inc hosp",2021-06-20,"quantile",0.2,12.9805320525203
"22087",2021-05-15,"28","36  day ahead inc hosp",2021-06-20,"quantile",0.25,14.9706171591766
"22088",2021-05-15,"28","36  day ahead inc hosp",2021-06-20,"quantile",0.3,16.9452508202505
"22089",2021-05-15,"28","36  day ahead inc hosp",2021-06-20,"quantile",0.35,18.9436690961232
"22090",2021-05-15,"28","36  day ahead inc hosp",2021-06-20,"quantile",0.4,20.9986398115865
"22091",2021-05-15,"28","36  day ahead inc hosp",2021-06-20,"quantile",0.45,23.1417352937958
"22092",2021-05-15,"28","36  day ahead inc hosp",2021-06-20,"quantile",0.5,25.4070291202409
"22093",2021-05-15,"28","36  day ahead inc hosp",2021-06-20,"quantile",0.55,27.8346973588102
"22094",2021-05-15,"28","36  day ahead inc hosp",2021-06-20,"quantile",0.6,30.4756011623743
"22095",2021-05-15,"28","36  day ahead inc hosp",2021-06-20,"quantile",0.65,33.3982438470675
"22096",2021-05-15,"28","36  day ahead inc hosp",2021-06-20,"quantile",0.7,36.7006727604625
"22097",2021-05-15,"28","36  day ahead inc hosp",2021-06-20,"quantile",0.75,40.53303710719
"22098",2021-05-15,"28","36  day ahead inc hosp",2021-06-20,"quantile",0.8,45.145499704183
"22099",2021-05-15,"28","36  day ahead inc hosp",2021-06-20,"quantile",0.85,51.00658107797
"22100",2021-05-15,"28","36  day ahead inc hosp",2021-06-20,"quantile",0.9,59.1708716418149
"22101",2021-05-15,"28","36  day ahead inc hosp",2021-06-20,"quantile",0.95,73.0267297142095
"22102",2021-05-15,"28","36  day ahead inc hosp",2021-06-20,"quantile",0.975,86.9001272959341
"22103",2021-05-15,"28","36  day ahead inc hosp",2021-06-20,"quantile",0.99,105.416742364337
"22104",2021-05-15,"28","37  day ahead inc hosp",2021-06-21,"quantile",0.01,2.69721357307557
"22105",2021-05-15,"28","37  day ahead inc hosp",2021-06-21,"quantile",0.025,4.24532239856947
"22106",2021-05-15,"28","37  day ahead inc hosp",2021-06-21,"quantile",0.05,6.04121833032253
"22107",2021-05-15,"28","37  day ahead inc hosp",2021-06-21,"quantile",0.1,8.75939221472226
"22108",2021-05-15,"28","37  day ahead inc hosp",2021-06-21,"quantile",0.15,11.0520086747432
"22109",2021-05-15,"28","37  day ahead inc hosp",2021-06-21,"quantile",0.2,13.1734860789264
"22110",2021-05-15,"28","37  day ahead inc hosp",2021-06-21,"quantile",0.25,15.2250351731311
"22111",2021-05-15,"28","37  day ahead inc hosp",2021-06-21,"quantile",0.3,17.2635886359979
"22112",2021-05-15,"28","37  day ahead inc hosp",2021-06-21,"quantile",0.35,19.3292418400421
"22113",2021-05-15,"28","37  day ahead inc hosp",2021-06-21,"quantile",0.4,21.4556719712409
"22114",2021-05-15,"28","37  day ahead inc hosp",2021-06-21,"quantile",0.45,23.6754958806204
"22115",2021-05-15,"28","37  day ahead inc hosp",2021-06-21,"quantile",0.5,26.0240602026532
"22116",2021-05-15,"28","37  day ahead inc hosp",2021-06-21,"quantile",0.55,28.5431676180476
"22117",2021-05-15,"28","37  day ahead inc hosp",2021-06-21,"quantile",0.6,31.2858482233888
"22118",2021-05-15,"28","37  day ahead inc hosp",2021-06-21,"quantile",0.65,34.3236264773507
"22119",2021-05-15,"28","37  day ahead inc hosp",2021-06-21,"quantile",0.7,37.7589716048939
"22120",2021-05-15,"28","37  day ahead inc hosp",2021-06-21,"quantile",0.75,41.7489120107801
"22121",2021-05-15,"28","37  day ahead inc hosp",2021-06-21,"quantile",0.8,46.5552126248205
"22122",2021-05-15,"28","37  day ahead inc hosp",2021-06-21,"quantile",0.85,52.6683581289671
"22123",2021-05-15,"28","37  day ahead inc hosp",2021-06-21,"quantile",0.9,61.1929297854072
"22124",2021-05-15,"28","37  day ahead inc hosp",2021-06-21,"quantile",0.95,75.6801807333956
"22125",2021-05-15,"28","37  day ahead inc hosp",2021-06-21,"quantile",0.975,90.2059173705133
"22126",2021-05-15,"28","37  day ahead inc hosp",2021-06-21,"quantile",0.99,109.617929019011
"22127",2021-05-15,"29","1  day ahead inc hosp",2021-05-16,"quantile",0.01,35.2996621155459
"22128",2021-05-15,"29","1  day ahead inc hosp",2021-05-16,"quantile",0.025,38.0190694786283
"22129",2021-05-15,"29","1  day ahead inc hosp",2021-05-16,"quantile",0.05,40.4810197061341
"22130",2021-05-15,"29","1  day ahead inc hosp",2021-05-16,"quantile",0.1,43.4657715920917
"22131",2021-05-15,"29","1  day ahead inc hosp",2021-05-16,"quantile",0.15,45.5707912258517
"22132",2021-05-15,"29","1  day ahead inc hosp",2021-05-16,"quantile",0.2,47.2975893379409
"22133",2021-05-15,"29","1  day ahead inc hosp",2021-05-16,"quantile",0.25,48.8177393654344
"22134",2021-05-15,"29","1  day ahead inc hosp",2021-05-16,"quantile",0.3,50.2138454648701
"22135",2021-05-15,"29","1  day ahead inc hosp",2021-05-16,"quantile",0.35,51.5340780742389
"22136",2021-05-15,"29","1  day ahead inc hosp",2021-05-16,"quantile",0.4,52.8107601117146
"22137",2021-05-15,"29","1  day ahead inc hosp",2021-05-16,"quantile",0.45,54.0684006660788
"22138",2021-05-15,"29","1  day ahead inc hosp",2021-05-16,"quantile",0.5,55.3279017856177
"22139",2021-05-15,"29","1  day ahead inc hosp",2021-05-16,"quantile",0.55,56.6092804750605
"22140",2021-05-15,"29","1  day ahead inc hosp",2021-05-16,"quantile",0.6,57.9339707079666
"22141",2021-05-15,"29","1  day ahead inc hosp",2021-05-16,"quantile",0.65,59.3274376048789
"22142",2021-05-15,"29","1  day ahead inc hosp",2021-05-16,"quantile",0.7,60.8229897324595
"22143",2021-05-15,"29","1  day ahead inc hosp",2021-05-16,"quantile",0.75,62.468459108618
"22144",2021-05-15,"29","1  day ahead inc hosp",2021-05-16,"quantile",0.8,64.3398121254083
"22145",2021-05-15,"29","1  day ahead inc hosp",2021-05-16,"quantile",0.85,66.5738189450622
"22146",2021-05-15,"29","1  day ahead inc hosp",2021-05-16,"quantile",0.9,69.4667720127507
"22147",2021-05-15,"29","1  day ahead inc hosp",2021-05-16,"quantile",0.95,73.9267270193643
"22148",2021-05-15,"29","1  day ahead inc hosp",2021-05-16,"quantile",0.975,77.9660233773915
"22149",2021-05-15,"29","1  day ahead inc hosp",2021-05-16,"quantile",0.99,82.8682049822222
"22150",2021-05-15,"29","2  day ahead inc hosp",2021-05-17,"quantile",0.01,37.6998399757561
"22151",2021-05-15,"29","2  day ahead inc hosp",2021-05-17,"quantile",0.025,40.7284674380346
"22152",2021-05-15,"29","2  day ahead inc hosp",2021-05-17,"quantile",0.05,43.4761076213777
"22153",2021-05-15,"29","2  day ahead inc hosp",2021-05-17,"quantile",0.1,46.8139396665609
"22154",2021-05-15,"29","2  day ahead inc hosp",2021-05-17,"quantile",0.15,49.1720861641095
"22155",2021-05-15,"29","2  day ahead inc hosp",2021-05-17,"quantile",0.2,51.1089148800118
"22156",2021-05-15,"29","2  day ahead inc hosp",2021-05-17,"quantile",0.25,52.8156571194049
"22157",2021-05-15,"29","2  day ahead inc hosp",2021-05-17,"quantile",0.3,54.3844741762809
"22158",2021-05-15,"29","2  day ahead inc hosp",2021-05-17,"quantile",0.35,55.8691749627762
"22159",2021-05-15,"29","2  day ahead inc hosp",2021-05-17,"quantile",0.4,57.3059234384816
"22160",2021-05-15,"29","2  day ahead inc hosp",2021-05-17,"quantile",0.45,58.7221976710689
"22161",2021-05-15,"29","2  day ahead inc hosp",2021-05-17,"quantile",0.5,60.1414894076639
"22162",2021-05-15,"29","2  day ahead inc hosp",2021-05-17,"quantile",0.55,61.5863547846975
"22163",2021-05-15,"29","2  day ahead inc hosp",2021-05-17,"quantile",0.6,63.0810064268161
"22164",2021-05-15,"29","2  day ahead inc hosp",2021-05-17,"quantile",0.65,64.6542704950088
"22165",2021-05-15,"29","2  day ahead inc hosp",2021-05-17,"quantile",0.7,66.3439120612418
"22166",2021-05-15,"29","2  day ahead inc hosp",2021-05-17,"quantile",0.75,68.2042261250402
"22167",2021-05-15,"29","2  day ahead inc hosp",2021-05-17,"quantile",0.8,70.3215171181389
"22168",2021-05-15,"29","2  day ahead inc hosp",2021-05-17,"quantile",0.85,72.8512715388527
"22169",2021-05-15,"29","2  day ahead inc hosp",2021-05-17,"quantile",0.9,76.1305327608482
"22170",2021-05-15,"29","2  day ahead inc hosp",2021-05-17,"quantile",0.95,81.1929892831974
"22171",2021-05-15,"29","2  day ahead inc hosp",2021-05-17,"quantile",0.975,85.7847727826385
"22172",2021-05-15,"29","2  day ahead inc hosp",2021-05-17,"quantile",0.99,91.3655556996386
"22173",2021-05-15,"29","3  day ahead inc hosp",2021-05-18,"quantile",0.01,35.85649340434
"22174",2021-05-15,"29","3  day ahead inc hosp",2021-05-18,"quantile",0.025,38.9328682266269
"22175",2021-05-15,"29","3  day ahead inc hosp",2021-05-18,"quantile",0.05,41.7334691495507
"22176",2021-05-15,"29","3  day ahead inc hosp",2021-05-18,"quantile",0.1,45.1469414414736
"22177",2021-05-15,"29","3  day ahead inc hosp",2021-05-18,"quantile",0.15,47.5654524022764
"22178",2021-05-15,"29","3  day ahead inc hosp",2021-05-18,"quantile",0.2,49.555878119876
"22179",2021-05-15,"29","3  day ahead inc hosp",2021-05-18,"quantile",0.25,51.3127102499012
"22180",2021-05-15,"29","3  day ahead inc hosp",2021-05-18,"quantile",0.3,52.9298379397606
"22181",2021-05-15,"29","3  day ahead inc hosp",2021-05-18,"quantile",0.35,54.4621893650394
"22182",2021-05-15,"29","3  day ahead inc hosp",2021-05-18,"quantile",0.4,55.9467783431532
"22183",2021-05-15,"29","3  day ahead inc hosp",2021-05-18,"quantile",0.45,57.4118245100303
"22184",2021-05-15,"29","3  day ahead inc hosp",2021-05-18,"quantile",0.5,58.8815513724339
"22185",2021-05-15,"29","3  day ahead inc hosp",2021-05-18,"quantile",0.55,60.3793177111376
"22186",2021-05-15,"29","3  day ahead inc hosp",2021-05-18,"quantile",0.6,61.9302987626678
"22187",2021-05-15,"29","3  day ahead inc hosp",2021-05-18,"quantile",0.65,63.5645676236179
"22188",2021-05-15,"29","3  day ahead inc hosp",2021-05-18,"quantile",0.7,65.3216245291606
"22189",2021-05-15,"29","3  day ahead inc hosp",2021-05-18,"quantile",0.75,67.258365888145
"22190",2021-05-15,"29","3  day ahead inc hosp",2021-05-18,"quantile",0.8,69.465355439814
"22191",2021-05-15,"29","3  day ahead inc hosp",2021-05-18,"quantile",0.85,72.1059288107396
"22192",2021-05-15,"29","3  day ahead inc hosp",2021-05-18,"quantile",0.9,75.5344914651248
"22193",2021-05-15,"29","3  day ahead inc hosp",2021-05-18,"quantile",0.95,80.8392449297615
"22194",2021-05-15,"29","3  day ahead inc hosp",2021-05-18,"quantile",0.975,85.6623939548757
"22195",2021-05-15,"29","3  day ahead inc hosp",2021-05-18,"quantile",0.99,91.5381605680108
"22196",2021-05-15,"29","4  day ahead inc hosp",2021-05-19,"quantile",0.01,35.0763802283541
"22197",2021-05-15,"29","4  day ahead inc hosp",2021-05-19,"quantile",0.025,38.2518390467045
"22198",2021-05-15,"29","4  day ahead inc hosp",2021-05-19,"quantile",0.05,41.1512449746896
"22199",2021-05-15,"29","4  day ahead inc hosp",2021-05-19,"quantile",0.1,44.6952373032894
"22200",2021-05-15,"29","4  day ahead inc hosp",2021-05-19,"quantile",0.15,47.2124100740578
"22201",2021-05-15,"29","4  day ahead inc hosp",2021-05-19,"quantile",0.2,49.287623475849
"22202",2021-05-15,"29","4  day ahead inc hosp",2021-05-19,"quantile",0.25,51.1218485630333
"22203",2021-05-15,"29","4  day ahead inc hosp",2021-05-19,"quantile",0.3,52.8122427524419
"22204",2021-05-15,"29","4  day ahead inc hosp",2021-05-19,"quantile",0.35,54.4157456679187
"22205",2021-05-15,"29","4  day ahead inc hosp",2021-05-19,"quantile",0.4,55.9708145634654
"22206",2021-05-15,"29","4  day ahead inc hosp",2021-05-19,"quantile",0.45,57.5068559208989
"22207",2021-05-15,"29","4  day ahead inc hosp",2021-05-19,"quantile",0.5,59.0491999670873
"22208",2021-05-15,"29","4  day ahead inc hosp",2021-05-19,"quantile",0.55,60.6223624031198
"22209",2021-05-15,"29","4  day ahead inc hosp",2021-05-19,"quantile",0.6,62.2528556533691
"22210",2021-05-15,"29","4  day ahead inc hosp",2021-05-19,"quantile",0.65,63.9724400854216
"22211",2021-05-15,"29","4  day ahead inc hosp",2021-05-19,"quantile",0.7,65.8229224557483
"22212",2021-05-15,"29","4  day ahead inc hosp",2021-05-19,"quantile",0.75,67.8646164076986
"22213",2021-05-15,"29","4  day ahead inc hosp",2021-05-19,"quantile",0.8,70.1936355645341
"22214",2021-05-15,"29","4  day ahead inc hosp",2021-05-19,"quantile",0.85,72.9834816400355
"22215",2021-05-15,"29","4  day ahead inc hosp",2021-05-19,"quantile",0.9,76.6109298860862
"22216",2021-05-15,"29","4  day ahead inc hosp",2021-05-19,"quantile",0.95,82.2340043186838
"22217",2021-05-15,"29","4  day ahead inc hosp",2021-05-19,"quantile",0.975,87.3569894993349
"22218",2021-05-15,"29","4  day ahead inc hosp",2021-05-19,"quantile",0.99,93.6104181965912
"22219",2021-05-15,"29","5  day ahead inc hosp",2021-05-20,"quantile",0.01,33.6474328813706
"22220",2021-05-15,"29","5  day ahead inc hosp",2021-05-20,"quantile",0.025,36.8649560128834
"22221",2021-05-15,"29","5  day ahead inc hosp",2021-05-20,"quantile",0.05,39.8121291793906
"22222",2021-05-15,"29","5  day ahead inc hosp",2021-05-20,"quantile",0.1,43.4255013328462
"22223",2021-05-15,"29","5  day ahead inc hosp",2021-05-20,"quantile",0.15,45.998694101796
"22224",2021-05-15,"29","5  day ahead inc hosp",2021-05-20,"quantile",0.2,48.1240056385685
"22225",2021-05-15,"29","5  day ahead inc hosp",2021-05-20,"quantile",0.25,50.0052993359075
"22226",2021-05-15,"29","5  day ahead inc hosp",2021-05-20,"quantile",0.3,51.7412843951527
"22227",2021-05-15,"29","5  day ahead inc hosp",2021-05-20,"quantile",0.35,53.3899189648275
"22228",2021-05-15,"29","5  day ahead inc hosp",2021-05-20,"quantile",0.4,54.990444958564
"22229",2021-05-15,"29","5  day ahead inc hosp",2021-05-20,"quantile",0.45,56.5729637702438
"22230",2021-05-15,"29","5  day ahead inc hosp",2021-05-20,"quantile",0.5,58.1635007233251
"22231",2021-05-15,"29","5  day ahead inc hosp",2021-05-20,"quantile",0.55,59.7873424762184
"22232",2021-05-15,"29","5  day ahead inc hosp",2021-05-20,"quantile",0.6,61.4719337972179
"22233",2021-05-15,"29","5  day ahead inc hosp",2021-05-20,"quantile",0.65,63.2502499068161
"22234",2021-05-15,"29","5  day ahead inc hosp",2021-05-20,"quantile",0.7,65.165794942569
"22235",2021-05-15,"29","5  day ahead inc hosp",2021-05-20,"quantile",0.75,67.281434512039
"22236",2021-05-15,"29","5  day ahead inc hosp",2021-05-20,"quantile",0.8,69.6974693239051
"22237",2021-05-15,"29","5  day ahead inc hosp",2021-05-20,"quantile",0.85,72.5951304763041
"22238",2021-05-15,"29","5  day ahead inc hosp",2021-05-20,"quantile",0.9,76.3683194199259
"22239",2021-05-15,"29","5  day ahead inc hosp",2021-05-20,"quantile",0.95,82.2289459702539
"22240",2021-05-15,"29","5  day ahead inc hosp",2021-05-20,"quantile",0.975,87.579793185108
"22241",2021-05-15,"29","5  day ahead inc hosp",2021-05-20,"quantile",0.99,94.1249793254163
"22242",2021-05-15,"29","6  day ahead inc hosp",2021-05-21,"quantile",0.01,33.8556233726147
"22243",2021-05-15,"29","6  day ahead inc hosp",2021-05-21,"quantile",0.025,37.2218548443917
"22244",2021-05-15,"29","6  day ahead inc hosp",2021-05-21,"quantile",0.05,40.3125366213978
"22245",2021-05-15,"29","6  day ahead inc hosp",2021-05-21,"quantile",0.1,44.110430082918
"22246",2021-05-15,"29","6  day ahead inc hosp",2021-05-21,"quantile",0.15,46.8202844135159
"22247",2021-05-15,"29","6  day ahead inc hosp",2021-05-21,"quantile",0.2,49.061523425859
"22248",2021-05-15,"29","6  day ahead inc hosp",2021-05-21,"quantile",0.25,51.0476093066618
"22249",2021-05-15,"29","6  day ahead inc hosp",2021-05-21,"quantile",0.3,52.8820191055448
"22250",2021-05-15,"29","6  day ahead inc hosp",2021-05-21,"quantile",0.35,54.6255961277934
"22251",2021-05-15,"29","6  day ahead inc hosp",2021-05-21,"quantile",0.4,56.3196118050558
"22252",2021-05-15,"29","6  day ahead inc hosp",2021-05-21,"quantile",0.45,57.9957988972824
"22253",2021-05-15,"29","6  day ahead inc hosp",2021-05-21,"quantile",0.5,59.6816688739271
"22254",2021-05-15,"29","6  day ahead inc hosp",2021-05-21,"quantile",0.55,61.4040291649467
"22255",2021-05-15,"29","6  day ahead inc hosp",2021-05-21,"quantile",0.6,63.1920519725994
"22256",2021-05-15,"29","6  day ahead inc hosp",2021-05-21,"quantile",0.65,65.0808642211743
"22257",2021-05-15,"29","6  day ahead inc hosp",2021-05-21,"quantile",0.7,67.1168850466328
"22258",2021-05-15,"29","6  day ahead inc hosp",2021-05-21,"quantile",0.75,69.367272425093
"22259",2021-05-15,"29","6  day ahead inc hosp",2021-05-21,"quantile",0.8,71.939268904965
"22260",2021-05-15,"29","6  day ahead inc hosp",2021-05-21,"quantile",0.85,75.0267816835567
"22261",2021-05-15,"29","6  day ahead inc hosp",2021-05-21,"quantile",0.9,79.051529638292
"22262",2021-05-15,"29","6  day ahead inc hosp",2021-05-21,"quantile",0.95,85.3119846359571
"22263",2021-05-15,"29","6  day ahead inc hosp",2021-05-21,"quantile",0.975,91.0368306147858
"22264",2021-05-15,"29","6  day ahead inc hosp",2021-05-21,"quantile",0.99,98.0501514079137
"22265",2021-05-15,"29","7  day ahead inc hosp",2021-05-22,"quantile",0.01,30.85266756152
"22266",2021-05-15,"29","7  day ahead inc hosp",2021-05-22,"quantile",0.025,34.1158638491612
"22267",2021-05-15,"29","7  day ahead inc hosp",2021-05-22,"quantile",0.05,37.1236958720865
"22268",2021-05-15,"29","7  day ahead inc hosp",2021-05-22,"quantile",0.1,40.8336164433237
"22269",2021-05-15,"29","7  day ahead inc hosp",2021-05-22,"quantile",0.15,43.4891973008657
"22270",2021-05-15,"29","7  day ahead inc hosp",2021-05-22,"quantile",0.2,45.6904862714298
"22271",2021-05-15,"29","7  day ahead inc hosp",2021-05-22,"quantile",0.25,47.6446911315592
"22272",2021-05-15,"29","7  day ahead inc hosp",2021-05-22,"quantile",0.3,49.4524517092384
"22273",2021-05-15,"29","7  day ahead inc hosp",2021-05-22,"quantile",0.35,51.1730823488999
"22274",2021-05-15,"29","7  day ahead inc hosp",2021-05-22,"quantile",0.4,52.8469412670726
"22275",2021-05-15,"29","7  day ahead inc hosp",2021-05-22,"quantile",0.45,54.5051806127624
"22276",2021-05-15,"29","7  day ahead inc hosp",2021-05-22,"quantile",0.5,56.1749317085142
"22277",2021-05-15,"29","7  day ahead inc hosp",2021-05-22,"quantile",0.55,57.8827564055144
"22278",2021-05-15,"29","7  day ahead inc hosp",2021-05-22,"quantile",0.6,59.657684369985
"22279",2021-05-15,"29","7  day ahead inc hosp",2021-05-22,"quantile",0.65,61.5347942687881
"22280",2021-05-15,"29","7  day ahead inc hosp",2021-05-22,"quantile",0.7,63.560564882949
"22281",2021-05-15,"29","7  day ahead inc hosp",2021-05-22,"quantile",0.75,65.80237007149
"22282",2021-05-15,"29","7  day ahead inc hosp",2021-05-22,"quantile",0.8,68.3679486569419
"22283",2021-05-15,"29","7  day ahead inc hosp",2021-05-22,"quantile",0.85,71.4523215203044
"22284",2021-05-15,"29","7  day ahead inc hosp",2021-05-22,"quantile",0.9,75.4800641571973
"22285",2021-05-15,"29","7  day ahead inc hosp",2021-05-22,"quantile",0.95,81.7600430133275
"22286",2021-05-15,"29","7  day ahead inc hosp",2021-05-22,"quantile",0.975,87.5173775323426
"22287",2021-05-15,"29","7  day ahead inc hosp",2021-05-22,"quantile",0.99,94.5879488556187
"22288",2021-05-15,"29","8  day ahead inc hosp",2021-05-23,"quantile",0.01,27.9639821767455
"22289",2021-05-15,"29","8  day ahead inc hosp",2021-05-23,"quantile",0.025,31.1069713016932
"22290",2021-05-15,"29","8  day ahead inc hosp",2021-05-23,"quantile",0.05,34.0157984464301
"22291",2021-05-15,"29","8  day ahead inc hosp",2021-05-23,"quantile",0.1,37.617510477563
"22292",2021-05-15,"29","8  day ahead inc hosp",2021-05-23,"quantile",0.15,40.2041821001657
"22293",2021-05-15,"29","8  day ahead inc hosp",2021-05-23,"quantile",0.2,42.353320319449
"22294",2021-05-15,"29","8  day ahead inc hosp",2021-05-23,"quantile",0.25,44.2647738546623
"22295",2021-05-15,"29","8  day ahead inc hosp",2021-05-23,"quantile",0.3,46.0358049474581
"22296",2021-05-15,"29","8  day ahead inc hosp",2021-05-23,"quantile",0.35,47.7238786722185
"22297",2021-05-15,"29","8  day ahead inc hosp",2021-05-23,"quantile",0.4,49.3682209953809
"22298",2021-05-15,"29","8  day ahead inc hosp",2021-05-23,"quantile",0.45,50.999233641295
"22299",2021-05-15,"29","8  day ahead inc hosp",2021-05-23,"quantile",0.5,52.643519357906
"22300",2021-05-15,"29","8  day ahead inc hosp",2021-05-23,"quantile",0.55,54.3272487357319
"22301",2021-05-15,"29","8  day ahead inc hosp",2021-05-23,"quantile",0.6,56.0791494713071
"22302",2021-05-15,"29","8  day ahead inc hosp",2021-05-23,"quantile",0.65,57.9340592686576
"22303",2021-05-15,"29","8  day ahead inc hosp",2021-05-23,"quantile",0.7,59.9382613824636
"22304",2021-05-15,"29","8  day ahead inc hosp",2021-05-23,"quantile",0.75,62.1589761526867
"22305",2021-05-15,"29","8  day ahead inc hosp",2021-05-23,"quantile",0.8,64.7038490655898
"22306",2021-05-15,"29","8  day ahead inc hosp",2021-05-23,"quantile",0.85,67.7679500442629
"22307",2021-05-15,"29","8  day ahead inc hosp",2021-05-23,"quantile",0.9,71.7764010352191
"22308",2021-05-15,"29","8  day ahead inc hosp",2021-05-23,"quantile",0.95,78.0413770403365
"22309",2021-05-15,"29","8  day ahead inc hosp",2021-05-23,"quantile",0.975,83.7998114181246
"22310",2021-05-15,"29","8  day ahead inc hosp",2021-05-23,"quantile",0.99,90.8894606160986
"22311",2021-05-15,"29","9  day ahead inc hosp",2021-05-24,"quantile",0.01,30.8899045553871
"22312",2021-05-15,"29","9  day ahead inc hosp",2021-05-24,"quantile",0.025,34.3866744773538
"22313",2021-05-15,"29","9  day ahead inc hosp",2021-05-24,"quantile",0.05,37.624519441809
"22314",2021-05-15,"29","9  day ahead inc hosp",2021-05-24,"quantile",0.1,41.6354997711649
"22315",2021-05-15,"29","9  day ahead inc hosp",2021-05-24,"quantile",0.15,44.5172519038215
"22316",2021-05-15,"29","9  day ahead inc hosp",2021-05-24,"quantile",0.2,46.9122276347168
"22317",2021-05-15,"29","9  day ahead inc hosp",2021-05-24,"quantile",0.25,49.0428075657604
"22318",2021-05-15,"29","9  day ahead inc hosp",2021-05-24,"quantile",0.3,51.0172464158723
"22319",2021-05-15,"29","9  day ahead inc hosp",2021-05-24,"quantile",0.35,52.8995231105609
"22320",2021-05-15,"29","9  day ahead inc hosp",2021-05-24,"quantile",0.4,54.7333271246965
"22321",2021-05-15,"29","9  day ahead inc hosp",2021-05-24,"quantile",0.45,56.5525363384539
"22322",2021-05-15,"29","9  day ahead inc hosp",2021-05-24,"quantile",0.5,58.3868121759215
"22323",2021-05-15,"29","9  day ahead inc hosp",2021-05-24,"quantile",0.55,60.2653512125955
"22324",2021-05-15,"29","9  day ahead inc hosp",2021-05-24,"quantile",0.6,62.2202196451128
"22325",2021-05-15,"29","9  day ahead inc hosp",2021-05-24,"quantile",0.65,64.2903202919255
"22326",2021-05-15,"29","9  day ahead inc hosp",2021-05-24,"quantile",0.7,66.527353563071
"22327",2021-05-15,"29","9  day ahead inc hosp",2021-05-24,"quantile",0.75,69.0064247947976
"22328",2021-05-15,"29","9  day ahead inc hosp",2021-05-24,"quantile",0.8,71.8478266238608
"22329",2021-05-15,"29","9  day ahead inc hosp",2021-05-24,"quantile",0.85,75.2695765814154
"22330",2021-05-15,"29","9  day ahead inc hosp",2021-05-24,"quantile",0.9,79.7468657679513
"22331",2021-05-15,"29","9  day ahead inc hosp",2021-05-24,"quantile",0.95,86.7466291077765
"22332",2021-05-15,"29","9  day ahead inc hosp",2021-05-24,"quantile",0.975,93.1824305633795
"22333",2021-05-15,"29","9  day ahead inc hosp",2021-05-24,"quantile",0.99,101.108410927678
"22334",2021-05-15,"29","10  day ahead inc hosp",2021-05-25,"quantile",0.01,30.9817325872259
"22335",2021-05-15,"29","10  day ahead inc hosp",2021-05-25,"quantile",0.025,34.5968376898532
"22336",2021-05-15,"29","10  day ahead inc hosp",2021-05-25,"quantile",0.05,37.9513666714229
"22337",2021-05-15,"29","10  day ahead inc hosp",2021-05-25,"quantile",0.1,42.1152784892363
"22338",2021-05-15,"29","10  day ahead inc hosp",2021-05-25,"quantile",0.15,45.1120591128283
"22339",2021-05-15,"29","10  day ahead inc hosp",2021-05-25,"quantile",0.2,47.6056282922211
"22340",2021-05-15,"29","10  day ahead inc hosp",2021-05-25,"quantile",0.25,49.8260539041605
"22341",2021-05-15,"29","10  day ahead inc hosp",2021-05-25,"quantile",0.3,51.885452072154
"22342",2021-05-15,"29","10  day ahead inc hosp",2021-05-25,"quantile",0.35,53.8501698483806
"22343",2021-05-15,"29","10  day ahead inc hosp",2021-05-25,"quantile",0.4,55.7655905843212
"22344",2021-05-15,"29","10  day ahead inc hosp",2021-05-25,"quantile",0.45,57.666980781391
"22345",2021-05-15,"29","10  day ahead inc hosp",2021-05-25,"quantile",0.5,59.5852934527802
"22346",2021-05-15,"29","10  day ahead inc hosp",2021-05-25,"quantile",0.55,61.5510727482636
"22347",2021-05-15,"29","10  day ahead inc hosp",2021-05-25,"quantile",0.6,63.5979404358162
"22348",2021-05-15,"29","10  day ahead inc hosp",2021-05-25,"quantile",0.65,65.7667608000066
"22349",2021-05-15,"29","10  day ahead inc hosp",2021-05-25,"quantile",0.7,68.1119149169756
"22350",2021-05-15,"29","10  day ahead inc hosp",2021-05-25,"quantile",0.75,70.7124799043167
"22351",2021-05-15,"29","10  day ahead inc hosp",2021-05-25,"quantile",0.8,73.6952007611872
"22352",2021-05-15,"29","10  day ahead inc hosp",2021-05-25,"quantile",0.85,77.2899198892309
"22353",2021-05-15,"29","10  day ahead inc hosp",2021-05-25,"quantile",0.9,81.9978663359866
"22354",2021-05-15,"29","10  day ahead inc hosp",2021-05-25,"quantile",0.95,89.3673349262103
"22355",2021-05-15,"29","10  day ahead inc hosp",2021-05-25,"quantile",0.975,96.1520189452493
"22356",2021-05-15,"29","10  day ahead inc hosp",2021-05-25,"quantile",0.99,104.518363318888
"22357",2021-05-15,"29","11  day ahead inc hosp",2021-05-26,"quantile",0.01,29.7376913438488
"22358",2021-05-15,"29","11  day ahead inc hosp",2021-05-26,"quantile",0.025,33.3494446715514
"22359",2021-05-15,"29","11  day ahead inc hosp",2021-05-26,"quantile",0.05,36.7105673987517
"22360",2021-05-15,"29","11  day ahead inc hosp",2021-05-26,"quantile",0.1,40.8941207612063
"22361",2021-05-15,"29","11  day ahead inc hosp",2021-05-26,"quantile",0.15,43.912082684337
"22362",2021-05-15,"29","11  day ahead inc hosp",2021-05-26,"quantile",0.2,46.4273745521077
"22363",2021-05-15,"29","11  day ahead inc hosp",2021-05-26,"quantile",0.25,48.6700681561971
"22364",2021-05-15,"29","11  day ahead inc hosp",2021-05-26,"quantile",0.3,50.7524449589173
"22365",2021-05-15,"29","11  day ahead inc hosp",2021-05-26,"quantile",0.35,52.7410680987058
"22366",2021-05-15,"29","11  day ahead inc hosp",2021-05-26,"quantile",0.4,54.6815743661237
"22367",2021-05-15,"29","11  day ahead inc hosp",2021-05-26,"quantile",0.45,56.6095306246805
"22368",2021-05-15,"29","11  day ahead inc hosp",2021-05-26,"quantile",0.5,58.556257711765
"22369",2021-05-15,"29","11  day ahead inc hosp",2021-05-26,"quantile",0.55,60.5527673621914
"22370",2021-05-15,"29","11  day ahead inc hosp",2021-05-26,"quantile",0.6,62.6332995499435
"22371",2021-05-15,"29","11  day ahead inc hosp",2021-05-26,"quantile",0.65,64.8395715050219
"22372",2021-05-15,"29","11  day ahead inc hosp",2021-05-26,"quantile",0.7,67.2272004754166
"22373",2021-05-15,"29","11  day ahead inc hosp",2021-05-26,"quantile",0.75,69.8771671934818
"22374",2021-05-15,"29","11  day ahead inc hosp",2021-05-26,"quantile",0.8,72.9193922852184
"22375",2021-05-15,"29","11  day ahead inc hosp",2021-05-26,"quantile",0.85,76.5896561752325
"22376",2021-05-15,"29","11  day ahead inc hosp",2021-05-26,"quantile",0.9,81.4025010915687
"22377",2021-05-15,"29","11  day ahead inc hosp",2021-05-26,"quantile",0.95,88.9486971036238
"22378",2021-05-15,"29","11  day ahead inc hosp",2021-05-26,"quantile",0.975,95.9084367977479
"22379",2021-05-15,"29","11  day ahead inc hosp",2021-05-26,"quantile",0.99,104.505400675716
"22380",2021-05-15,"29","12  day ahead inc hosp",2021-05-27,"quantile",0.01,28.7078336477432
"22381",2021-05-15,"29","12  day ahead inc hosp",2021-05-27,"quantile",0.025,32.3261069440664
"22382",2021-05-15,"29","12  day ahead inc hosp",2021-05-27,"quantile",0.05,35.7026202493599
"22383",2021-05-15,"29","12  day ahead inc hosp",2021-05-27,"quantile",0.1,39.9163468808386
"22384",2021-05-15,"29","12  day ahead inc hosp",2021-05-27,"quantile",0.15,42.9628529141292
"22385",2021-05-15,"29","12  day ahead inc hosp",2021-05-27,"quantile",0.2,45.5058781920123
"22386",2021-05-15,"29","12  day ahead inc hosp",2021-05-27,"quantile",0.25,47.7761149230788
"22387",2021-05-15,"29","12  day ahead inc hosp",2021-05-27,"quantile",0.3,49.8863051180667
"22388",2021-05-15,"29","12  day ahead inc hosp",2021-05-27,"quantile",0.35,51.9033994290868
"22389",2021-05-15,"29","12  day ahead inc hosp",2021-05-27,"quantile",0.4,53.8734027216758
"22390",2021-05-15,"29","12  day ahead inc hosp",2021-05-27,"quantile",0.45,55.8322689105278
"22391",2021-05-15,"29","12  day ahead inc hosp",2021-05-27,"quantile",0.5,57.811760452093
"22392",2021-05-15,"29","12  day ahead inc hosp",2021-05-27,"quantile",0.55,59.8434272770995
"22393",2021-05-15,"29","12  day ahead inc hosp",2021-05-27,"quantile",0.6,61.9622031880746
"22394",2021-05-15,"29","12  day ahead inc hosp",2021-05-27,"quantile",0.65,64.2107482991014
"22395",2021-05-15,"29","12  day ahead inc hosp",2021-05-27,"quantile",0.7,66.6460338694335
"22396",2021-05-15,"29","12  day ahead inc hosp",2021-05-27,"quantile",0.75,69.3511138349378
"22397",2021-05-15,"29","12  day ahead inc hosp",2021-05-27,"quantile",0.8,72.4593544911377
"22398",2021-05-15,"29","12  day ahead inc hosp",2021-05-27,"quantile",0.85,76.2129620044849
"22399",2021-05-15,"29","12  day ahead inc hosp",2021-05-27,"quantile",0.9,81.1408526317349
"22400",2021-05-15,"29","12  day ahead inc hosp",2021-05-27,"quantile",0.95,88.87954251598
"22401",2021-05-15,"29","12  day ahead inc hosp",2021-05-27,"quantile",0.975,96.0287629792406
"22402",2021-05-15,"29","12  day ahead inc hosp",2021-05-27,"quantile",0.99,104.874059491827
"22403",2021-05-15,"29","13  day ahead inc hosp",2021-05-28,"quantile",0.01,28.7684944602054
"22404",2021-05-15,"29","13  day ahead inc hosp",2021-05-28,"quantile",0.025,32.4896263105116
"22405",2021-05-15,"29","13  day ahead inc hosp",2021-05-28,"quantile",0.05,35.9690340871265
"22406",2021-05-15,"29","13  day ahead inc hosp",2021-05-28,"quantile",0.1,40.3193349493702
"22407",2021-05-15,"29","13  day ahead inc hosp",2021-05-28,"quantile",0.15,43.4696079966381
"22408",2021-05-15,"29","13  day ahead inc hosp",2021-05-28,"quantile",0.2,46.1021747505307
"22409",2021-05-15,"29","13  day ahead inc hosp",2021-05-28,"quantile",0.25,48.4544351602177
"22410",2021-05-15,"29","13  day ahead inc hosp",2021-05-28,"quantile",0.3,50.6425267572784
"22411",2021-05-15,"29","13  day ahead inc hosp",2021-05-28,"quantile",0.35,52.735501958387
"22412",2021-05-15,"29","13  day ahead inc hosp",2021-05-28,"quantile",0.4,54.7808862476685
"22413",2021-05-15,"29","13  day ahead inc hosp",2021-05-28,"quantile",0.45,56.8158966451694
"22414",2021-05-15,"29","13  day ahead inc hosp",2021-05-28,"quantile",0.5,58.8734864643699
"22415",2021-05-15,"29","13  day ahead inc hosp",2021-05-28,"quantile",0.55,60.9864634651444
"22416",2021-05-15,"29","13  day ahead inc hosp",2021-05-28,"quantile",0.6,63.1912279563293
"22417",2021-05-15,"29","13  day ahead inc hosp",2021-05-28,"quantile",0.65,65.5323029921783
"22418",2021-05-15,"29","13  day ahead inc hosp",2021-05-28,"quantile",0.7,68.0692192991215
"22419",2021-05-15,"29","13  day ahead inc hosp",2021-05-28,"quantile",0.75,70.888837115766
"22420",2021-05-15,"29","13  day ahead inc hosp",2021-05-28,"quantile",0.8,74.1307231106657
"22421",2021-05-15,"29","13  day ahead inc hosp",2021-05-28,"quantile",0.85,78.0484715903245
"22422",2021-05-15,"29","13  day ahead inc hosp",2021-05-28,"quantile",0.9,83.1961280390787
"22423",2021-05-15,"29","13  day ahead inc hosp",2021-05-28,"quantile",0.95,91.2889319674449
"22424",2021-05-15,"29","13  day ahead inc hosp",2021-05-28,"quantile",0.975,98.7741699795404
"22425",2021-05-15,"29","13  day ahead inc hosp",2021-05-28,"quantile",0.99,108.04581252618
"22426",2021-05-15,"29","14  day ahead inc hosp",2021-05-29,"quantile",0.01,25.4403178855103
"22427",2021-05-15,"29","14  day ahead inc hosp",2021-05-29,"quantile",0.025,28.925478077774
"22428",2021-05-15,"29","14  day ahead inc hosp",2021-05-29,"quantile",0.05,32.1991500625803
"22429",2021-05-15,"29","14  day ahead inc hosp",2021-05-29,"quantile",0.1,36.3098836815303
"22430",2021-05-15,"29","14  day ahead inc hosp",2021-05-29,"quantile",0.15,39.2975605700612
"22431",2021-05-15,"29","14  day ahead inc hosp",2021-05-29,"quantile",0.2,41.8005953477434
"22432",2021-05-15,"29","14  day ahead inc hosp",2021-05-29,"quantile",0.25,44.0416499241296
"22433",2021-05-15,"29","14  day ahead inc hosp",2021-05-29,"quantile",0.3,46.1299066767974
"22434",2021-05-15,"29","14  day ahead inc hosp",2021-05-29,"quantile",0.35,48.1304687458632
"22435",2021-05-15,"29","14  day ahead inc hosp",2021-05-29,"quantile",0.4,50.0883103810326
"22436",2021-05-15,"29","14  day ahead inc hosp",2021-05-29,"quantile",0.45,52.0388139689124
"22437",2021-05-15,"29","14  day ahead inc hosp",2021-05-29,"quantile",0.5,54.0134721390454
"22438",2021-05-15,"29","14  day ahead inc hosp",2021-05-29,"quantile",0.55,56.0438018452676
"22439",2021-05-15,"29","14  day ahead inc hosp",2021-05-29,"quantile",0.6,58.1649319003172
"22440",2021-05-15,"29","14  day ahead inc hosp",2021-05-29,"quantile",0.65,60.4199869671169
"22441",2021-05-15,"29","14  day ahead inc hosp",2021-05-29,"quantile",0.7,62.8667836903422
"22442",2021-05-15,"29","14  day ahead inc hosp",2021-05-29,"quantile",0.75,65.5898447079307
"22443",2021-05-15,"29","14  day ahead inc hosp",2021-05-29,"quantile",0.8,68.7251732189222
"22444",2021-05-15,"29","14  day ahead inc hosp",2021-05-29,"quantile",0.85,72.5201679849519
"22445",2021-05-15,"29","14  day ahead inc hosp",2021-05-29,"quantile",0.9,77.5159105549604
"22446",2021-05-15,"29","14  day ahead inc hosp",2021-05-29,"quantile",0.95,85.3896451373233
"22447",2021-05-15,"29","14  day ahead inc hosp",2021-05-29,"quantile",0.975,92.6917814683303
"22448",2021-05-15,"29","14  day ahead inc hosp",2021-05-29,"quantile",0.99,101.759992950034
"22449",2021-05-15,"29","15  day ahead inc hosp",2021-05-30,"quantile",0.01,24.9440675504801
"22450",2021-05-15,"29","15  day ahead inc hosp",2021-05-30,"quantile",0.025,28.6209971429419
"22451",2021-05-15,"29","15  day ahead inc hosp",2021-05-30,"quantile",0.05,32.09612401087
"22452",2021-05-15,"29","15  day ahead inc hosp",2021-05-30,"quantile",0.1,36.4851537684324
"22453",2021-05-15,"29","15  day ahead inc hosp",2021-05-30,"quantile",0.15,39.6907331216564
"22454",2021-05-15,"29","15  day ahead inc hosp",2021-05-30,"quantile",0.2,42.385447160595
"22455",2021-05-15,"29","15  day ahead inc hosp",2021-05-30,"quantile",0.25,44.804646729418
"22456",2021-05-15,"29","15  day ahead inc hosp",2021-05-30,"quantile",0.3,47.064104145787
"22457",2021-05-15,"29","15  day ahead inc hosp",2021-05-30,"quantile",0.35,49.233122278389
"22458",2021-05-15,"29","15  day ahead inc hosp",2021-05-30,"quantile",0.4,51.3598195616837
"22459",2021-05-15,"29","15  day ahead inc hosp",2021-05-30,"quantile",0.45,53.4822895268616
"22460",2021-05-15,"29","15  day ahead inc hosp",2021-05-30,"quantile",0.5,55.634675627013
"22461",2021-05-15,"29","15  day ahead inc hosp",2021-05-30,"quantile",0.55,57.8513840754966
"22462",2021-05-15,"29","15  day ahead inc hosp",2021-05-30,"quantile",0.6,60.1709955882321
"22463",2021-05-15,"29","15  day ahead inc hosp",2021-05-30,"quantile",0.65,62.6410978217895
"22464",2021-05-15,"29","15  day ahead inc hosp",2021-05-30,"quantile",0.7,65.3257142934955
"22465",2021-05-15,"29","15  day ahead inc hosp",2021-05-30,"quantile",0.75,68.3186761068435
"22466",2021-05-15,"29","15  day ahead inc hosp",2021-05-30,"quantile",0.8,71.7712417192955
"22467",2021-05-15,"29","15  day ahead inc hosp",2021-05-30,"quantile",0.85,75.958964223202
"22468",2021-05-15,"29","15  day ahead inc hosp",2021-05-30,"quantile",0.9,81.4853327434496
"22469",2021-05-15,"29","15  day ahead inc hosp",2021-05-30,"quantile",0.95,90.2241671522252
"22470",2021-05-15,"29","15  day ahead inc hosp",2021-05-30,"quantile",0.975,98.3570768676512
"22471",2021-05-15,"29","15  day ahead inc hosp",2021-05-30,"quantile",0.99,108.491129710535
"22472",2021-05-15,"29","16  day ahead inc hosp",2021-05-31,"quantile",0.01,27.0235842674433
"22473",2021-05-15,"29","16  day ahead inc hosp",2021-05-31,"quantile",0.025,31.054379950694
"22474",2021-05-15,"29","16  day ahead inc hosp",2021-05-31,"quantile",0.05,34.8678709910573
"22475",2021-05-15,"29","16  day ahead inc hosp",2021-05-31,"quantile",0.1,39.6888989964674
"22476",2021-05-15,"29","16  day ahead inc hosp",2021-05-31,"quantile",0.15,43.2128585517831
"22477",2021-05-15,"29","16  day ahead inc hosp",2021-05-31,"quantile",0.2,46.176882394754
"22478",2021-05-15,"29","16  day ahead inc hosp",2021-05-31,"quantile",0.25,48.8390498643738
"22479",2021-05-15,"29","16  day ahead inc hosp",2021-05-31,"quantile",0.3,51.3263817396287
"22480",2021-05-15,"29","16  day ahead inc hosp",2021-05-31,"quantile",0.35,53.7149644393266
"22481",2021-05-15,"29","16  day ahead inc hosp",2021-05-31,"quantile",0.4,56.0576713427568
"22482",2021-05-15,"29","16  day ahead inc hosp",2021-05-31,"quantile",0.45,58.396404141597
"22483",2021-05-15,"29","16  day ahead inc hosp",2021-05-31,"quantile",0.5,60.7687632407277
"22484",2021-05-15,"29","16  day ahead inc hosp",2021-05-31,"quantile",0.55,63.2126815833413
"22485",2021-05-15,"29","16  day ahead inc hosp",2021-05-31,"quantile",0.6,65.7707365527419
"22486",2021-05-15,"29","16  day ahead inc hosp",2021-05-31,"quantile",0.65,68.4954862479142
"22487",2021-05-15,"29","16  day ahead inc hosp",2021-05-31,"quantile",0.7,71.4576815592149
"22488",2021-05-15,"29","16  day ahead inc hosp",2021-05-31,"quantile",0.75,74.7610552371021
"22489",2021-05-15,"29","16  day ahead inc hosp",2021-05-31,"quantile",0.8,78.5728773786659
"22490",2021-05-15,"29","16  day ahead inc hosp",2021-05-31,"quantile",0.85,83.1979429438495
"22491",2021-05-15,"29","16  day ahead inc hosp",2021-05-31,"quantile",0.9,89.3039341614578
"22492",2021-05-15,"29","16  day ahead inc hosp",2021-05-31,"quantile",0.95,98.9645555431433
"22493",2021-05-15,"29","16  day ahead inc hosp",2021-05-31,"quantile",0.975,107.960508780801
"22494",2021-05-15,"29","16  day ahead inc hosp",2021-05-31,"quantile",0.99,119.176155369909
"22495",2021-05-15,"29","17  day ahead inc hosp",2021-06-01,"quantile",0.01,24.914984078956
"22496",2021-05-15,"29","17  day ahead inc hosp",2021-06-01,"quantile",0.025,28.8311938347506
"22497",2021-05-15,"29","17  day ahead inc hosp",2021-06-01,"quantile",0.05,32.5536808801941
"22498",2021-05-15,"29","17  day ahead inc hosp",2021-06-01,"quantile",0.1,37.2803652551632
"22499",2021-05-15,"29","17  day ahead inc hosp",2021-06-01,"quantile",0.15,40.7481497584438
"22500",2021-05-15,"29","17  day ahead inc hosp",2021-06-01,"quantile",0.2,43.6723860186847
"22501",2021-05-15,"29","17  day ahead inc hosp",2021-06-01,"quantile",0.25,46.3041583439859
"22502",2021-05-15,"29","17  day ahead inc hosp",2021-06-01,"quantile",0.3,48.7673483637762
"22503",2021-05-15,"29","17  day ahead inc hosp",2021-06-01,"quantile",0.35,51.1363865341701
"22504",2021-05-15,"29","17  day ahead inc hosp",2021-06-01,"quantile",0.4,53.4631975129768
"22505",2021-05-15,"29","17  day ahead inc hosp",2021-06-01,"quantile",0.45,55.7891282391301
"22506",2021-05-15,"29","17  day ahead inc hosp",2021-06-01,"quantile",0.5,58.151477629691
"22507",2021-05-15,"29","17  day ahead inc hosp",2021-06-01,"quantile",0.55,60.5880684792853
"22508",2021-05-15,"29","17  day ahead inc hosp",2021-06-01,"quantile",0.6,63.1415433807888
"22509",2021-05-15,"29","17  day ahead inc hosp",2021-06-01,"quantile",0.65,65.8647238513057
"22510",2021-05-15,"29","17  day ahead inc hosp",2021-06-01,"quantile",0.7,68.8288961797176
"22511",2021-05-15,"29","17  day ahead inc hosp",2021-06-01,"quantile",0.75,72.1387679168435
"22512",2021-05-15,"29","17  day ahead inc hosp",2021-06-01,"quantile",0.8,75.9634059608237
"22513",2021-05-15,"29","17  day ahead inc hosp",2021-06-01,"quantile",0.85,80.6112087951823
"22514",2021-05-15,"29","17  day ahead inc hosp",2021-06-01,"quantile",0.9,86.7584348016203
"22515",2021-05-15,"29","17  day ahead inc hosp",2021-06-01,"quantile",0.95,96.508000183675
"22516",2021-05-15,"29","17  day ahead inc hosp",2021-06-01,"quantile",0.975,105.610241667488
"22517",2021-05-15,"29","17  day ahead inc hosp",2021-06-01,"quantile",0.99,116.986554282217
"22518",2021-05-15,"29","18  day ahead inc hosp",2021-06-02,"quantile",0.01,24.2806474356114
"22519",2021-05-15,"29","18  day ahead inc hosp",2021-06-02,"quantile",0.025,28.2376246101319
"22520",2021-05-15,"29","18  day ahead inc hosp",2021-06-02,"quantile",0.05,32.011497778426
"22521",2021-05-15,"29","18  day ahead inc hosp",2021-06-02,"quantile",0.1,36.8184706355972
"22522",2021-05-15,"29","18  day ahead inc hosp",2021-06-02,"quantile",0.15,40.3544482746026
"22523",2021-05-15,"29","18  day ahead inc hosp",2021-06-02,"quantile",0.2,43.3416093326668
"22524",2021-05-15,"29","18  day ahead inc hosp",2021-06-02,"quantile",0.25,46.0338929894679
"22525",2021-05-15,"29","18  day ahead inc hosp",2021-06-02,"quantile",0.3,48.5568113983059
"22526",2021-05-15,"29","18  day ahead inc hosp",2021-06-02,"quantile",0.35,50.985939288775
"22527",2021-05-15,"29","18  day ahead inc hosp",2021-06-02,"quantile",0.4,53.3741479017367
"22528",2021-05-15,"29","18  day ahead inc hosp",2021-06-02,"quantile",0.45,55.7636823858761
"22529",2021-05-15,"29","18  day ahead inc hosp",2021-06-02,"quantile",0.5,58.1927953476351
"22530",2021-05-15,"29","18  day ahead inc hosp",2021-06-02,"quantile",0.55,60.7004178164693
"22531",2021-05-15,"29","18  day ahead inc hosp",2021-06-02,"quantile",0.6,63.3305786880798
"22532",2021-05-15,"29","18  day ahead inc hosp",2021-06-02,"quantile",0.65,66.1379488318076
"22533",2021-05-15,"29","18  day ahead inc hosp",2021-06-02,"quantile",0.7,69.1964407320452
"22534",2021-05-15,"29","18  day ahead inc hosp",2021-06-02,"quantile",0.75,72.6147562272747
"22535",2021-05-15,"29","18  day ahead inc hosp",2021-06-02,"quantile",0.8,76.568574047803
"22536",2021-05-15,"29","18  day ahead inc hosp",2021-06-02,"quantile",0.85,81.3785920940396
"22537",2021-05-15,"29","18  day ahead inc hosp",2021-06-02,"quantile",0.9,87.748535010819
"22538",2021-05-15,"29","18  day ahead inc hosp",2021-06-02,"quantile",0.95,97.8686068432043
"22539",2021-05-15,"29","18  day ahead inc hosp",2021-06-02,"quantile",0.975,107.333859665249
"22540",2021-05-15,"29","18  day ahead inc hosp",2021-06-02,"quantile",0.99,119.184406647512
"22541",2021-05-15,"29","19  day ahead inc hosp",2021-06-03,"quantile",0.01,23.8053499880287
"22542",2021-05-15,"29","19  day ahead inc hosp",2021-06-03,"quantile",0.025,27.8153100502758
"22543",2021-05-15,"29","19  day ahead inc hosp",2021-06-03,"quantile",0.05,31.651807980808
"22544",2021-05-15,"29","19  day ahead inc hosp",2021-06-03,"quantile",0.1,36.5529581250517
"22545",2021-05-15,"29","19  day ahead inc hosp",2021-06-03,"quantile",0.15,40.1671146256174
"22546",2021-05-15,"29","19  day ahead inc hosp",2021-06-03,"quantile",0.2,43.2255172955031
"22547",2021-05-15,"29","19  day ahead inc hosp",2021-06-03,"quantile",0.25,45.9857309599346
"22548",2021-05-15,"29","19  day ahead inc hosp",2021-06-03,"quantile",0.3,48.5752734649866
"22549",2021-05-15,"29","19  day ahead inc hosp",2021-06-03,"quantile",0.35,51.0710861813586
"22550",2021-05-15,"29","19  day ahead inc hosp",2021-06-03,"quantile",0.4,53.5271397479013
"22551",2021-05-15,"29","19  day ahead inc hosp",2021-06-03,"quantile",0.45,55.9866972063709
"22552",2021-05-15,"29","19  day ahead inc hosp",2021-06-03,"quantile",0.5,58.4890709998586
"22553",2021-05-15,"29","19  day ahead inc hosp",2021-06-03,"quantile",0.55,61.074406370259
"22554",2021-05-15,"29","19  day ahead inc hosp",2021-06-03,"quantile",0.6,63.7882365068392
"22555",2021-05-15,"29","19  day ahead inc hosp",2021-06-03,"quantile",0.65,66.6872264758853
"22556",2021-05-15,"29","19  day ahead inc hosp",2021-06-03,"quantile",0.7,69.8481093102146
"22557",2021-05-15,"29","19  day ahead inc hosp",2021-06-03,"quantile",0.75,73.3838656789861
"22558",2021-05-15,"29","19  day ahead inc hosp",2021-06-03,"quantile",0.8,77.4772449092243
"22559",2021-05-15,"29","19  day ahead inc hosp",2021-06-03,"quantile",0.85,82.4620809772354
"22560",2021-05-15,"29","19  day ahead inc hosp",2021-06-03,"quantile",0.9,89.0714008123698
"22561",2021-05-15,"29","19  day ahead inc hosp",2021-06-03,"quantile",0.95,99.5884164342698
"22562",2021-05-15,"29","19  day ahead inc hosp",2021-06-03,"quantile",0.975,109.441412420367
"22563",2021-05-15,"29","19  day ahead inc hosp",2021-06-03,"quantile",0.99,121.797210332703
"22564",2021-05-15,"29","20  day ahead inc hosp",2021-06-04,"quantile",0.01,23.5613374748812
"22565",2021-05-15,"29","20  day ahead inc hosp",2021-06-04,"quantile",0.025,27.6478811524588
"22566",2021-05-15,"29","20  day ahead inc hosp",2021-06-04,"quantile",0.05,31.5688554663716
"22567",2021-05-15,"29","20  day ahead inc hosp",2021-06-04,"quantile",0.1,36.5912865950382
"22568",2021-05-15,"29","20  day ahead inc hosp",2021-06-04,"quantile",0.15,40.30313548557
"22569",2021-05-15,"29","20  day ahead inc hosp",2021-06-04,"quantile",0.2,43.4490303030998
"22570",2021-05-15,"29","20  day ahead inc hosp",2021-06-04,"quantile",0.25,46.2916593161611
"22571",2021-05-15,"29","20  day ahead inc hosp",2021-06-04,"quantile",0.3,48.9612759872424
"22572",2021-05-15,"29","20  day ahead inc hosp",2021-06-04,"quantile",0.35,51.536620764282
"22573",2021-05-15,"29","20  day ahead inc hosp",2021-06-04,"quantile",0.4,54.0730601965217
"22574",2021-05-15,"29","20  day ahead inc hosp",2021-06-04,"quantile",0.45,56.6151065002202
"22575",2021-05-15,"29","20  day ahead inc hosp",2021-06-04,"quantile",0.5,59.2033359366047
"22576",2021-05-15,"29","20  day ahead inc hosp",2021-06-04,"quantile",0.55,61.8793103283771
"22577",2021-05-15,"29","20  day ahead inc hosp",2021-06-04,"quantile",0.6,64.6902910692834
"22578",2021-05-15,"29","20  day ahead inc hosp",2021-06-04,"quantile",0.65,67.6952107878783
"22579",2021-05-15,"29","20  day ahead inc hosp",2021-06-04,"quantile",0.7,70.9739881875978
"22580",2021-05-15,"29","20  day ahead inc hosp",2021-06-04,"quantile",0.75,74.6444152849751
"22581",2021-05-15,"29","20  day ahead inc hosp",2021-06-04,"quantile",0.8,78.8971676913058
"22582",2021-05-15,"29","20  day ahead inc hosp",2021-06-04,"quantile",0.85,84.0807709082145
"22583",2021-05-15,"29","20  day ahead inc hosp",2021-06-04,"quantile",0.9,90.960955115816
"22584",2021-05-15,"29","20  day ahead inc hosp",2021-06-04,"quantile",0.95,101.924483360137
"22585",2021-05-15,"29","20  day ahead inc hosp",2021-06-04,"quantile",0.975,112.211162453088
"22586",2021-05-15,"29","20  day ahead inc hosp",2021-06-04,"quantile",0.99,125.129261195313
"22587",2021-05-15,"29","21  day ahead inc hosp",2021-06-05,"quantile",0.01,21.5197079477357
"22588",2021-05-15,"29","21  day ahead inc hosp",2021-06-05,"quantile",0.025,25.4409689686084
"22589",2021-05-15,"29","21  day ahead inc hosp",2021-06-05,"quantile",0.05,29.2221816950505
"22590",2021-05-15,"29","21  day ahead inc hosp",2021-06-05,"quantile",0.1,34.0880891556272
"22591",2021-05-15,"29","21  day ahead inc hosp",2021-06-05,"quantile",0.15,37.6981870032358
"22592",2021-05-15,"29","21  day ahead inc hosp",2021-06-05,"quantile",0.2,40.7659880739157
"22593",2021-05-15,"29","21  day ahead inc hosp",2021-06-05,"quantile",0.25,43.5438894878641
"22594",2021-05-15,"29","21  day ahead inc hosp",2021-06-05,"quantile",0.3,46.1573787149635
"22595",2021-05-15,"29","21  day ahead inc hosp",2021-06-05,"quantile",0.35,48.6825673691505
"22596",2021-05-15,"29","21  day ahead inc hosp",2021-06-05,"quantile",0.4,51.1732015014409
"22597",2021-05-15,"29","21  day ahead inc hosp",2021-06-05,"quantile",0.45,53.6727120674912
"22598",2021-05-15,"29","21  day ahead inc hosp",2021-06-05,"quantile",0.5,56.2209083520525
"22599",2021-05-15,"29","21  day ahead inc hosp",2021-06-05,"quantile",0.55,58.8587801814432
"22600",2021-05-15,"29","21  day ahead inc hosp",2021-06-05,"quantile",0.6,61.6331441090886
"22601",2021-05-15,"29","21  day ahead inc hosp",2021-06-05,"quantile",0.65,64.6025755259653
"22602",2021-05-15,"29","21  day ahead inc hosp",2021-06-05,"quantile",0.7,67.8467030290498
"22603",2021-05-15,"29","21  day ahead inc hosp",2021-06-05,"quantile",0.75,71.4830952987395
"22604",2021-05-15,"29","21  day ahead inc hosp",2021-06-05,"quantile",0.8,75.7023100859897
"22605",2021-05-15,"29","21  day ahead inc hosp",2021-06-05,"quantile",0.85,80.8530184858683
"22606",2021-05-15,"29","21  day ahead inc hosp",2021-06-05,"quantile",0.9,87.7020280397398
"22607",2021-05-15,"29","21  day ahead inc hosp",2021-06-05,"quantile",0.95,98.6423488885373
"22608",2021-05-15,"29","21  day ahead inc hosp",2021-06-05,"quantile",0.975,108.933512156815
"22609",2021-05-15,"29","21  day ahead inc hosp",2021-06-05,"quantile",0.99,121.888827419485
"22610",2021-05-15,"29","22  day ahead inc hosp",2021-06-06,"quantile",0.01,19.2337697767758
"22611",2021-05-15,"29","22  day ahead inc hosp",2021-06-06,"quantile",0.025,22.9333636126586
"22612",2021-05-15,"29","22  day ahead inc hosp",2021-06-06,"quantile",0.05,26.5212388010167
"22613",2021-05-15,"29","22  day ahead inc hosp",2021-06-06,"quantile",0.1,31.162794432422
"22614",2021-05-15,"29","22  day ahead inc hosp",2021-06-06,"quantile",0.15,34.6215943487486
"22615",2021-05-15,"29","22  day ahead inc hosp",2021-06-06,"quantile",0.2,37.5696916094701
"22616",2021-05-15,"29","22  day ahead inc hosp",2021-06-06,"quantile",0.25,40.2455624105241
"22617",2021-05-15,"29","22  day ahead inc hosp",2021-06-06,"quantile",0.3,42.7681418429257
"22618",2021-05-15,"29","22  day ahead inc hosp",2021-06-06,"quantile",0.35,45.209844940159
"22619",2021-05-15,"29","22  day ahead inc hosp",2021-06-06,"quantile",0.4,47.6220586131895
"22620",2021-05-15,"29","22  day ahead inc hosp",2021-06-06,"quantile",0.45,50.046551216346
"22621",2021-05-15,"29","22  day ahead inc hosp",2021-06-06,"quantile",0.5,52.5218479114496
"22622",2021-05-15,"29","22  day ahead inc hosp",2021-06-06,"quantile",0.55,55.0878496668973
"22623",2021-05-15,"29","22  day ahead inc hosp",2021-06-06,"quantile",0.6,57.7903531420226
"22624",2021-05-15,"29","22  day ahead inc hosp",2021-06-06,"quantile",0.65,60.6868719675412
"22625",2021-05-15,"29","22  day ahead inc hosp",2021-06-06,"quantile",0.7,63.8558020353445
"22626",2021-05-15,"29","22  day ahead inc hosp",2021-06-06,"quantile",0.75,67.4131135492921
"22627",2021-05-15,"29","22  day ahead inc hosp",2021-06-06,"quantile",0.8,71.5470384508465
"22628",2021-05-15,"29","22  day ahead inc hosp",2021-06-06,"quantile",0.85,76.6023865985866
"22629",2021-05-15,"29","22  day ahead inc hosp",2021-06-06,"quantile",0.9,83.3383052111445
"22630",2021-05-15,"29","22  day ahead inc hosp",2021-06-06,"quantile",0.95,94.1270811767849
"22631",2021-05-15,"29","22  day ahead inc hosp",2021-06-06,"quantile",0.975,104.304589080882
"22632",2021-05-15,"29","22  day ahead inc hosp",2021-06-06,"quantile",0.99,117.151621696081
"22633",2021-05-15,"29","23  day ahead inc hosp",2021-06-07,"quantile",0.01,20.1471825382238
"22634",2021-05-15,"29","23  day ahead inc hosp",2021-06-07,"quantile",0.025,24.0646126363476
"22635",2021-05-15,"29","23  day ahead inc hosp",2021-06-07,"quantile",0.05,27.8681951158441
"22636",2021-05-15,"29","23  day ahead inc hosp",2021-06-07,"quantile",0.1,32.7941287783375
"22637",2021-05-15,"29","23  day ahead inc hosp",2021-06-07,"quantile",0.15,36.4681354330431
"22638",2021-05-15,"29","23  day ahead inc hosp",2021-06-07,"quantile",0.2,39.6015881876761
"22639",2021-05-15,"29","23  day ahead inc hosp",2021-06-07,"quantile",0.25,42.4470785753227
"22640",2021-05-15,"29","23  day ahead inc hosp",2021-06-07,"quantile",0.3,45.1306622770984
"22641",2021-05-15,"29","23  day ahead inc hosp",2021-06-07,"quantile",0.35,47.7291507401962
"22642",2021-05-15,"29","23  day ahead inc hosp",2021-06-07,"quantile",0.4,50.2971057494071
"22643",2021-05-15,"29","23  day ahead inc hosp",2021-06-07,"quantile",0.45,52.8789295730215
"22644",2021-05-15,"29","23  day ahead inc hosp",2021-06-07,"quantile",0.5,55.5156289786252
"22645",2021-05-15,"29","23  day ahead inc hosp",2021-06-07,"quantile",0.55,58.2497256905198
"22646",2021-05-15,"29","23  day ahead inc hosp",2021-06-07,"quantile",0.6,61.1300725716912
"22647",2021-05-15,"29","23  day ahead inc hosp",2021-06-07,"quantile",0.65,64.2180673772559
"22648",2021-05-15,"29","23  day ahead inc hosp",2021-06-07,"quantile",0.7,67.597445501054
"22649",2021-05-15,"29","23  day ahead inc hosp",2021-06-07,"quantile",0.75,71.3921232314571
"22650",2021-05-15,"29","23  day ahead inc hosp",2021-06-07,"quantile",0.8,75.8032866195819
"22651",2021-05-15,"29","23  day ahead inc hosp",2021-06-07,"quantile",0.85,81.1995599793552
"22652",2021-05-15,"29","23  day ahead inc hosp",2021-06-07,"quantile",0.9,88.3927003207132
"22653",2021-05-15,"29","23  day ahead inc hosp",2021-06-07,"quantile",0.95,99.9200829993763
"22654",2021-05-15,"29","23  day ahead inc hosp",2021-06-07,"quantile",0.975,110.800586553617
"22655",2021-05-15,"29","23  day ahead inc hosp",2021-06-07,"quantile",0.99,124.542513599117
"22656",2021-05-15,"29","24  day ahead inc hosp",2021-06-08,"quantile",0.01,21.62458737105
"22657",2021-05-15,"29","24  day ahead inc hosp",2021-06-08,"quantile",0.025,25.843389522312
"22658",2021-05-15,"29","24  day ahead inc hosp",2021-06-08,"quantile",0.05,29.9410787154221
"22659",2021-05-15,"29","24  day ahead inc hosp",2021-06-08,"quantile",0.1,35.2496891171526
"22660",2021-05-15,"29","24  day ahead inc hosp",2021-06-08,"quantile",0.15,39.2102199703912
"22661",2021-05-15,"29","24  day ahead inc hosp",2021-06-08,"quantile",0.2,42.5886863277421
"22662",2021-05-15,"29","24  day ahead inc hosp",2021-06-08,"quantile",0.25,45.6571364001535
"22663",2021-05-15,"29","24  day ahead inc hosp",2021-06-08,"quantile",0.3,48.5513628842042
"22664",2021-05-15,"29","24  day ahead inc hosp",2021-06-08,"quantile",0.35,51.3541309248119
"22665",2021-05-15,"29","24  day ahead inc hosp",2021-06-08,"quantile",0.4,54.1242499429405
"22666",2021-05-15,"29","24  day ahead inc hosp",2021-06-08,"quantile",0.45,56.9095968320488
"22667",2021-05-15,"29","24  day ahead inc hosp",2021-06-08,"quantile",0.5,59.7544047965069
"22668",2021-05-15,"29","24  day ahead inc hosp",2021-06-08,"quantile",0.55,62.7045581340266
"22669",2021-05-15,"29","24  day ahead inc hosp",2021-06-08,"quantile",0.6,65.8127890869545
"22670",2021-05-15,"29","24  day ahead inc hosp",2021-06-08,"quantile",0.65,69.145386366645
"22671",2021-05-15,"29","24  day ahead inc hosp",2021-06-08,"quantile",0.7,72.7927708353518
"22672",2021-05-15,"29","24  day ahead inc hosp",2021-06-08,"quantile",0.75,76.888768169238
"22673",2021-05-15,"29","24  day ahead inc hosp",2021-06-08,"quantile",0.8,81.6506719408777
"22674",2021-05-15,"29","24  day ahead inc hosp",2021-06-08,"quantile",0.85,87.4766479045457
"22675",2021-05-15,"29","24  day ahead inc hosp",2021-06-08,"quantile",0.9,95.2435669596231
"22676",2021-05-15,"29","24  day ahead inc hosp",2021-06-08,"quantile",0.95,107.692566208206
"22677",2021-05-15,"29","24  day ahead inc hosp",2021-06-08,"quantile",0.975,119.445058294011
"22678",2021-05-15,"29","24  day ahead inc hosp",2021-06-08,"quantile",0.99,134.29080999481
"22679",2021-05-15,"29","25  day ahead inc hosp",2021-06-09,"quantile",0.01,19.0396623198843
"22680",2021-05-15,"29","25  day ahead inc hosp",2021-06-09,"quantile",0.025,22.965859463447
"22681",2021-05-15,"29","25  day ahead inc hosp",2021-06-09,"quantile",0.05,26.8029628784721
"22682",2021-05-15,"29","25  day ahead inc hosp",2021-06-09,"quantile",0.1,31.8023417045376
"22683",2021-05-15,"29","25  day ahead inc hosp",2021-06-09,"quantile",0.15,35.5497700484948
"22684",2021-05-15,"29","25  day ahead inc hosp",2021-06-09,"quantile",0.2,38.756763626565
"22685",2021-05-15,"29","25  day ahead inc hosp",2021-06-09,"quantile",0.25,41.6768800876309
"22686",2021-05-15,"29","25  day ahead inc hosp",2021-06-09,"quantile",0.3,44.4371152790251
"22687",2021-05-15,"29","25  day ahead inc hosp",2021-06-09,"quantile",0.35,47.1152004670486
"22688",2021-05-15,"29","25  day ahead inc hosp",2021-06-09,"quantile",0.4,49.7666652037405
"22689",2021-05-15,"29","25  day ahead inc hosp",2021-06-09,"quantile",0.45,52.4370037606905
"22690",2021-05-15,"29","25  day ahead inc hosp",2021-06-09,"quantile",0.5,55.1685295801409
"22691",2021-05-15,"29","25  day ahead inc hosp",2021-06-09,"quantile",0.55,58.0054078543942
"22692",2021-05-15,"29","25  day ahead inc hosp",2021-06-09,"quantile",0.6,60.9986548539918
"22693",2021-05-15,"29","25  day ahead inc hosp",2021-06-09,"quantile",0.65,64.2126499449933
"22694",2021-05-15,"29","25  day ahead inc hosp",2021-06-09,"quantile",0.7,67.7354527318612
"22695",2021-05-15,"29","25  day ahead inc hosp",2021-06-09,"quantile",0.75,71.6976501548124
"22696",2021-05-15,"29","25  day ahead inc hosp",2021-06-09,"quantile",0.8,76.3115843914281
"22697",2021-05-15,"29","25  day ahead inc hosp",2021-06-09,"quantile",0.85,81.9668084110723
"22698",2021-05-15,"29","25  day ahead inc hosp",2021-06-09,"quantile",0.9,89.5222015024921
"22699",2021-05-15,"29","25  day ahead inc hosp",2021-06-09,"quantile",0.95,101.666413067038
"22700",2021-05-15,"29","25  day ahead inc hosp",2021-06-09,"quantile",0.975,113.165218909345
"22701",2021-05-15,"29","25  day ahead inc hosp",2021-06-09,"quantile",0.99,127.73156517885
"22702",2021-05-15,"29","26  day ahead inc hosp",2021-06-10,"quantile",0.01,18.9356352245927
"22703",2021-05-15,"29","26  day ahead inc hosp",2021-06-10,"quantile",0.025,22.9275596258032
"22704",2021-05-15,"29","26  day ahead inc hosp",2021-06-10,"quantile",0.05,26.8388048458391
"22705",2021-05-15,"29","26  day ahead inc hosp",2021-06-10,"quantile",0.1,31.9466726249847
"22706",2021-05-15,"29","26  day ahead inc hosp",2021-06-10,"quantile",0.15,35.7827936874875
"22707",2021-05-15,"29","26  day ahead inc hosp",2021-06-10,"quantile",0.2,39.0700034927936
"22708",2021-05-15,"29","26  day ahead inc hosp",2021-06-10,"quantile",0.25,42.0662572347279
"22709",2021-05-15,"29","26  day ahead inc hosp",2021-06-10,"quantile",0.3,44.9009361613032
"22710",2021-05-15,"29","26  day ahead inc hosp",2021-06-10,"quantile",0.35,47.653370456118
"22711",2021-05-15,"29","26  day ahead inc hosp",2021-06-10,"quantile",0.4,50.3803576519799
"22712",2021-05-15,"29","26  day ahead inc hosp",2021-06-10,"quantile",0.45,53.1285522066779
"22713",2021-05-15,"29","26  day ahead inc hosp",2021-06-10,"quantile",0.5,55.9414648790671
"22714",2021-05-15,"29","26  day ahead inc hosp",2021-06-10,"quantile",0.55,58.8646243275608
"22715",2021-05-15,"29","26  day ahead inc hosp",2021-06-10,"quantile",0.6,61.9507297323091
"22716",2021-05-15,"29","26  day ahead inc hosp",2021-06-10,"quantile",0.65,65.2663867795669
"22717",2021-05-15,"29","26  day ahead inc hosp",2021-06-10,"quantile",0.7,68.9028007693023
"22718",2021-05-15,"29","26  day ahead inc hosp",2021-06-10,"quantile",0.75,72.9953292702078
"22719",2021-05-15,"29","26  day ahead inc hosp",2021-06-10,"quantile",0.8,77.764198964323
"22720",2021-05-15,"29","26  day ahead inc hosp",2021-06-10,"quantile",0.85,83.6136182976607
"22721",2021-05-15,"29","26  day ahead inc hosp",2021-06-10,"quantile",0.9,91.4351851075923
"22722",2021-05-15,"29","26  day ahead inc hosp",2021-06-10,"quantile",0.95,104.021538620244
"22723",2021-05-15,"29","26  day ahead inc hosp",2021-06-10,"quantile",0.975,115.95320675514
"22724",2021-05-15,"29","26  day ahead inc hosp",2021-06-10,"quantile",0.99,131.085028804056
"22725",2021-05-15,"29","27  day ahead inc hosp",2021-06-11,"quantile",0.01,18.6111817822576
"22726",2021-05-15,"29","27  day ahead inc hosp",2021-06-11,"quantile",0.025,22.632088832842
"22727",2021-05-15,"29","27  day ahead inc hosp",2021-06-11,"quantile",0.05,26.583044184994
"22728",2021-05-15,"29","27  day ahead inc hosp",2021-06-11,"quantile",0.1,31.7563630598792
"22729",2021-05-15,"29","27  day ahead inc hosp",2021-06-11,"quantile",0.15,35.6500714629981
"22730",2021-05-15,"29","27  day ahead inc hosp",2021-06-11,"quantile",0.2,38.9915655008749
"22731",2021-05-15,"29","27  day ahead inc hosp",2021-06-11,"quantile",0.25,42.040843685733
"22732",2021-05-15,"29","27  day ahead inc hosp",2021-06-11,"quantile",0.3,44.9285220225324
"22733",2021-05-15,"29","27  day ahead inc hosp",2021-06-11,"quantile",0.35,47.7348475417745
"22734",2021-05-15,"29","27  day ahead inc hosp",2021-06-11,"quantile",0.4,50.517418931182
"22735",2021-05-15,"29","27  day ahead inc hosp",2021-06-11,"quantile",0.45,53.3236882760983
"22736",2021-05-15,"29","27  day ahead inc hosp",2021-06-11,"quantile",0.5,56.198045958467
"22737",2021-05-15,"29","27  day ahead inc hosp",2021-06-11,"quantile",0.55,59.1870713752101
"22738",2021-05-15,"29","27  day ahead inc hosp",2021-06-11,"quantile",0.6,62.3448033690162
"22739",2021-05-15,"29","27  day ahead inc hosp",2021-06-11,"quantile",0.65,65.7396579877729
"22740",2021-05-15,"29","27  day ahead inc hosp",2021-06-11,"quantile",0.7,69.4654342394323
"22741",2021-05-15,"29","27  day ahead inc hosp",2021-06-11,"quantile",0.75,73.6614598077215
"22742",2021-05-15,"29","27  day ahead inc hosp",2021-06-11,"quantile",0.8,78.5545662186859
"22743",2021-05-15,"29","27  day ahead inc hosp",2021-06-11,"quantile",0.85,84.5613034422426
"22744",2021-05-15,"29","27  day ahead inc hosp",2021-06-11,"quantile",0.9,92.6009589951615
"22745",2021-05-15,"29","27  day ahead inc hosp",2021-06-11,"quantile",0.95,105.554704402468
"22746",2021-05-15,"29","27  day ahead inc hosp",2021-06-11,"quantile",0.975,117.851007114792
"22747",2021-05-15,"29","27  day ahead inc hosp",2021-06-11,"quantile",0.99,133.464982711872
"22748",2021-05-15,"29","28  day ahead inc hosp",2021-06-12,"quantile",0.01,17.6758919160451
"22749",2021-05-15,"29","28  day ahead inc hosp",2021-06-12,"quantile",0.025,21.623127874054
"22750",2021-05-15,"29","28  day ahead inc hosp",2021-06-12,"quantile",0.05,25.5170652773438
"22751",2021-05-15,"29","28  day ahead inc hosp",2021-06-12,"quantile",0.1,30.6342228742203
"22752",2021-05-15,"29","28  day ahead inc hosp",2021-06-12,"quantile",0.15,34.4971482739182
"22753",2021-05-15,"29","28  day ahead inc hosp",2021-06-12,"quantile",0.2,37.8189560375672
"22754",2021-05-15,"29","28  day ahead inc hosp",2021-06-12,"quantile",0.25,40.8551056980953
"22755",2021-05-15,"29","28  day ahead inc hosp",2021-06-12,"quantile",0.3,43.7342200557766
"22756",2021-05-15,"29","28  day ahead inc hosp",2021-06-12,"quantile",0.35,46.5355406892998
"22757",2021-05-15,"29","28  day ahead inc hosp",2021-06-12,"quantile",0.4,49.316143258993
"22758",2021-05-15,"29","28  day ahead inc hosp",2021-06-12,"quantile",0.45,52.1232403378492
"22759",2021-05-15,"29","28  day ahead inc hosp",2021-06-12,"quantile",0.5,55.0011840739912
"22760",2021-05-15,"29","28  day ahead inc hosp",2021-06-12,"quantile",0.55,57.9966917659603
"22761",2021-05-15,"29","28  day ahead inc hosp",2021-06-12,"quantile",0.6,61.1641305390612
"22762",2021-05-15,"29","28  day ahead inc hosp",2021-06-12,"quantile",0.65,64.5724916329759
"22763",2021-05-15,"29","28  day ahead inc hosp",2021-06-12,"quantile",0.7,68.3165188148518
"22764",2021-05-15,"29","28  day ahead inc hosp",2021-06-12,"quantile",0.75,72.5371076613733
"22765",2021-05-15,"29","28  day ahead inc hosp",2021-06-12,"quantile",0.8,77.4638408353077
"22766",2021-05-15,"29","28  day ahead inc hosp",2021-06-12,"quantile",0.85,83.5186199735405
"22767",2021-05-15,"29","28  day ahead inc hosp",2021-06-12,"quantile",0.9,91.6331840219204
"22768",2021-05-15,"29","28  day ahead inc hosp",2021-06-12,"quantile",0.95,104.730209340406
"22769",2021-05-15,"29","28  day ahead inc hosp",2021-06-12,"quantile",0.975,117.184991532026
"22770",2021-05-15,"29","28  day ahead inc hosp",2021-06-12,"quantile",0.99,133.027327317941
"22771",2021-05-15,"29","29  day ahead inc hosp",2021-06-13,"quantile",0.01,17.3413221467407
"22772",2021-05-15,"29","29  day ahead inc hosp",2021-06-13,"quantile",0.025,21.4127745294151
"22773",2021-05-15,"29","29  day ahead inc hosp",2021-06-13,"quantile",0.05,25.4541781654303
"22774",2021-05-15,"29","29  day ahead inc hosp",2021-06-13,"quantile",0.1,30.7952024919994
"22775",2021-05-15,"29","29  day ahead inc hosp",2021-06-13,"quantile",0.15,34.845834996112
"22776",2021-05-15,"29","29  day ahead inc hosp",2021-06-13,"quantile",0.2,38.3400353348105
"22777",2021-05-15,"29","29  day ahead inc hosp",2021-06-13,"quantile",0.25,41.5416499250362
"22778",2021-05-15,"29","29  day ahead inc hosp",2021-06-13,"quantile",0.3,44.5839943891831
"22779",2021-05-15,"29","29  day ahead inc hosp",2021-06-13,"quantile",0.35,47.5495618691637
"22780",2021-05-15,"29","29  day ahead inc hosp",2021-06-13,"quantile",0.4,50.4980971962197
"22781",2021-05-15,"29","29  day ahead inc hosp",2021-06-13,"quantile",0.45,53.4793357009987
"22782",2021-05-15,"29","29  day ahead inc hosp",2021-06-13,"quantile",0.5,56.5403044127923
"22783",2021-05-15,"29","29  day ahead inc hosp",2021-06-13,"quantile",0.55,59.7308294796934
"22784",2021-05-15,"29","29  day ahead inc hosp",2021-06-13,"quantile",0.6,63.1091706655493
"22785",2021-05-15,"29","29  day ahead inc hosp",2021-06-13,"quantile",0.65,66.7495189910944
"22786",2021-05-15,"29","29  day ahead inc hosp",2021-06-13,"quantile",0.7,70.7540133954132
"22787",2021-05-15,"29","29  day ahead inc hosp",2021-06-13,"quantile",0.75,75.2748154540034
"22788",2021-05-15,"29","29  day ahead inc hosp",2021-06-13,"quantile",0.8,80.56019007327
"22789",2021-05-15,"29","29  day ahead inc hosp",2021-06-13,"quantile",0.85,87.0668631014981
"22790",2021-05-15,"29","29  day ahead inc hosp",2021-06-13,"quantile",0.9,95.8045373050961
"22791",2021-05-15,"29","29  day ahead inc hosp",2021-06-13,"quantile",0.95,109.944550455987
"22792",2021-05-15,"29","29  day ahead inc hosp",2021-06-13,"quantile",0.975,123.428308202529
"22793",2021-05-15,"29","29  day ahead inc hosp",2021-06-13,"quantile",0.99,140.624360572824
"22794",2021-05-15,"29","30  day ahead inc hosp",2021-06-14,"quantile",0.01,17.6783769085287
"22795",2021-05-15,"29","30  day ahead inc hosp",2021-06-14,"quantile",0.025,21.9100377681069
"22796",2021-05-15,"29","30  day ahead inc hosp",2021-06-14,"quantile",0.05,26.120785351419
"22797",2021-05-15,"29","30  day ahead inc hosp",2021-06-14,"quantile",0.1,31.6980531989421
"22798",2021-05-15,"29","30  day ahead inc hosp",2021-06-14,"quantile",0.15,35.935585233198
"22799",2021-05-15,"29","30  day ahead inc hosp",2021-06-14,"quantile",0.2,39.5955440847642
"22800",2021-05-15,"29","30  day ahead inc hosp",2021-06-14,"quantile",0.25,42.9522964281002
"22801",2021-05-15,"29","30  day ahead inc hosp",2021-06-14,"quantile",0.3,46.1446696183619
"22802",2021-05-15,"29","30  day ahead inc hosp",2021-06-14,"quantile",0.35,49.2587180138488
"22803",2021-05-15,"29","30  day ahead inc hosp",2021-06-14,"quantile",0.4,52.3569022333533
"22804",2021-05-15,"29","30  day ahead inc hosp",2021-06-14,"quantile",0.45,55.4913494138243
"22805",2021-05-15,"29","30  day ahead inc hosp",2021-06-14,"quantile",0.5,58.7114744260919
"22806",2021-05-15,"29","30  day ahead inc hosp",2021-06-14,"quantile",0.55,62.0697533717667
"22807",2021-05-15,"29","30  day ahead inc hosp",2021-06-14,"quantile",0.6,65.6276571118167
"22808",2021-05-15,"29","30  day ahead inc hosp",2021-06-14,"quantile",0.65,69.4635720851207
"22809",2021-05-15,"29","30  day ahead inc hosp",2021-06-14,"quantile",0.7,73.685516836238
"22810",2021-05-15,"29","30  day ahead inc hosp",2021-06-14,"quantile",0.75,78.4545215674421
"22811",2021-05-15,"29","30  day ahead inc hosp",2021-06-14,"quantile",0.8,84.0334538068085
"22812",2021-05-15,"29","30  day ahead inc hosp",2021-06-14,"quantile",0.85,90.9061049885012
"22813",2021-05-15,"29","30  day ahead inc hosp",2021-06-14,"quantile",0.9,100.142447227491
"22814",2021-05-15,"29","30  day ahead inc hosp",2021-06-14,"quantile",0.95,115.104806217479
"22815",2021-05-15,"29","30  day ahead inc hosp",2021-06-14,"quantile",0.975,129.388040551407
"22816",2021-05-15,"29","30  day ahead inc hosp",2021-06-14,"quantile",0.99,147.622159127993
"22817",2021-05-15,"29","31  day ahead inc hosp",2021-06-15,"quantile",0.01,16.7945895549746
"22818",2021-05-15,"29","31  day ahead inc hosp",2021-06-15,"quantile",0.025,20.967967150207
"22819",2021-05-15,"29","31  day ahead inc hosp",2021-06-15,"quantile",0.05,25.1409031564526
"22820",2021-05-15,"29","31  day ahead inc hosp",2021-06-15,"quantile",0.1,30.6924846183354
"22821",2021-05-15,"29","31  day ahead inc hosp",2021-06-15,"quantile",0.15,34.9256862662371
"22822",2021-05-15,"29","31  day ahead inc hosp",2021-06-15,"quantile",0.2,38.5908192513282
"22823",2021-05-15,"29","31  day ahead inc hosp",2021-06-15,"quantile",0.25,41.958731877319
"22824",2021-05-15,"29","31  day ahead inc hosp",2021-06-15,"quantile",0.3,45.1668575734842
"22825",2021-05-15,"29","31  day ahead inc hosp",2021-06-15,"quantile",0.35,48.3006844708232
"22826",2021-05-15,"29","31  day ahead inc hosp",2021-06-15,"quantile",0.4,51.422532526026
"22827",2021-05-15,"29","31  day ahead inc hosp",2021-06-15,"quantile",0.45,54.5846705991817
"22828",2021-05-15,"29","31  day ahead inc hosp",2021-06-15,"quantile",0.5,57.8368973183248
"22829",2021-05-15,"29","31  day ahead inc hosp",2021-06-15,"quantile",0.55,61.2323329078949
"22830",2021-05-15,"29","31  day ahead inc hosp",2021-06-15,"quantile",0.6,64.8334245091754
"22831",2021-05-15,"29","31  day ahead inc hosp",2021-06-15,"quantile",0.65,68.7200125461435
"22832",2021-05-15,"29","31  day ahead inc hosp",2021-06-15,"quantile",0.7,73.0023233958351
"22833",2021-05-15,"29","31  day ahead inc hosp",2021-06-15,"quantile",0.75,77.8448943095887
"22834",2021-05-15,"29","31  day ahead inc hosp",2021-06-15,"quantile",0.8,83.5165797351999
"22835",2021-05-15,"29","31  day ahead inc hosp",2021-06-15,"quantile",0.85,90.5125888074589
"22836",2021-05-15,"29","31  day ahead inc hosp",2021-06-15,"quantile",0.9,99.9290081327164
"22837",2021-05-15,"29","31  day ahead inc hosp",2021-06-15,"quantile",0.95,115.213591086536
"22838",2021-05-15,"29","31  day ahead inc hosp",2021-06-15,"quantile",0.975,129.834834747054
"22839",2021-05-15,"29","31  day ahead inc hosp",2021-06-15,"quantile",0.99,148.537237861398
"22840",2021-05-15,"29","32  day ahead inc hosp",2021-06-16,"quantile",0.01,16.3045064732033
"22841",2021-05-15,"29","32  day ahead inc hosp",2021-06-16,"quantile",0.025,20.4821727744623
"22842",2021-05-15,"29","32  day ahead inc hosp",2021-06-16,"quantile",0.05,24.6764477841147
"22843",2021-05-15,"29","32  day ahead inc hosp",2021-06-16,"quantile",0.1,30.2770476589924
"22844",2021-05-15,"29","32  day ahead inc hosp",2021-06-16,"quantile",0.15,34.5604718238694
"22845",2021-05-15,"29","32  day ahead inc hosp",2021-06-16,"quantile",0.2,38.2766294454317
"22846",2021-05-15,"29","32  day ahead inc hosp",2021-06-16,"quantile",0.25,41.6968573207519
"22847",2021-05-15,"29","32  day ahead inc hosp",2021-06-16,"quantile",0.3,44.9591658889845
"22848",2021-05-15,"29","32  day ahead inc hosp",2021-06-16,"quantile",0.35,48.1496566456491
"22849",2021-05-15,"29","32  day ahead inc hosp",2021-06-16,"quantile",0.4,51.3313275974887
"22850",2021-05-15,"29","32  day ahead inc hosp",2021-06-16,"quantile",0.45,54.5572371236627
"22851",2021-05-15,"29","32  day ahead inc hosp",2021-06-16,"quantile",0.5,57.8781478543141
"22852",2021-05-15,"29","32  day ahead inc hosp",2021-06-16,"quantile",0.55,61.3484084500778
"22853",2021-05-15,"29","32  day ahead inc hosp",2021-06-16,"quantile",0.6,65.0320971352192
"22854",2021-05-15,"29","32  day ahead inc hosp",2021-06-16,"quantile",0.65,69.0113155787322
"22855",2021-05-15,"29","32  day ahead inc hosp",2021-06-16,"quantile",0.7,73.3995836345898
"22856",2021-05-15,"29","32  day ahead inc hosp",2021-06-16,"quantile",0.75,78.3665362160701
"22857",2021-05-15,"29","32  day ahead inc hosp",2021-06-16,"quantile",0.8,84.1895781930411
"22858",2021-05-15,"29","32  day ahead inc hosp",2021-06-16,"quantile",0.85,91.3800054501149
"22859",2021-05-15,"29","32  day ahead inc hosp",2021-06-16,"quantile",0.9,101.070242584339
"22860",2021-05-15,"29","32  day ahead inc hosp",2021-06-16,"quantile",0.95,116.825205661148
"22861",2021-05-15,"29","32  day ahead inc hosp",2021-06-16,"quantile",0.975,131.922264719108
"22862",2021-05-15,"29","32  day ahead inc hosp",2021-06-16,"quantile",0.99,151.264571166001
"22863",2021-05-15,"29","33  day ahead inc hosp",2021-06-17,"quantile",0.01,15.7850341407232
"22864",2021-05-15,"29","33  day ahead inc hosp",2021-06-17,"quantile",0.025,19.9550958640407
"22865",2021-05-15,"29","33  day ahead inc hosp",2021-06-17,"quantile",0.05,24.1591714634614
"22866",2021-05-15,"29","33  day ahead inc hosp",2021-06-17,"quantile",0.1,29.7939800560406
"22867",2021-05-15,"29","33  day ahead inc hosp",2021-06-17,"quantile",0.15,34.1167274381926
"22868",2021-05-15,"29","33  day ahead inc hosp",2021-06-17,"quantile",0.2,37.8747308327298
"22869",2021-05-15,"29","33  day ahead inc hosp",2021-06-17,"quantile",0.25,41.3390386931011
"22870",2021-05-15,"29","33  day ahead inc hosp",2021-06-17,"quantile",0.3,44.6478540332903
"22871",2021-05-15,"29","33  day ahead inc hosp",2021-06-17,"quantile",0.35,47.8876614661677
"22872",2021-05-15,"29","33  day ahead inc hosp",2021-06-17,"quantile",0.4,51.1219779815716
"22873",2021-05-15,"29","33  day ahead inc hosp",2021-06-17,"quantile",0.45,54.404526879787
"22874",2021-05-15,"29","33  day ahead inc hosp",2021-06-17,"quantile",0.5,57.7869248131199
"22875",2021-05-15,"29","33  day ahead inc hosp",2021-06-17,"quantile",0.55,61.3246400252427
"22876",2021-05-15,"29","33  day ahead inc hosp",2021-06-17,"quantile",0.6,65.0832619613057
"22877",2021-05-15,"29","33  day ahead inc hosp",2021-06-17,"quantile",0.65,69.1470081316651
"22878",2021-05-15,"29","33  day ahead inc hosp",2021-06-17,"quantile",0.7,73.6324990692541
"22879",2021-05-15,"29","33  day ahead inc hosp",2021-06-17,"quantile",0.75,78.7141883833854
"22880",2021-05-15,"29","33  day ahead inc hosp",2021-06-17,"quantile",0.8,84.6775869969564
"22881",2021-05-15,"29","33  day ahead inc hosp",2021-06-17,"quantile",0.85,92.0492778868517
"22882",2021-05-15,"29","33  day ahead inc hosp",2021-06-17,"quantile",0.9,101.996297301333
"22883",2021-05-15,"29","33  day ahead inc hosp",2021-06-17,"quantile",0.95,118.195472591517
"22884",2021-05-15,"29","33  day ahead inc hosp",2021-06-17,"quantile",0.975,133.744851534529
"22885",2021-05-15,"29","33  day ahead inc hosp",2021-06-17,"quantile",0.99,153.698940348148
"22886",2021-05-15,"29","34  day ahead inc hosp",2021-06-18,"quantile",0.01,15.490016605498
"22887",2021-05-15,"29","34  day ahead inc hosp",2021-06-18,"quantile",0.025,19.6903512560046
"22888",2021-05-15,"29","34  day ahead inc hosp",2021-06-18,"quantile",0.05,23.9403238570726
"22889",2021-05-15,"29","34  day ahead inc hosp",2021-06-18,"quantile",0.1,29.655294615223
"22890",2021-05-15,"29","34  day ahead inc hosp",2021-06-18,"quantile",0.15,34.0511589945135
"22891",2021-05-15,"29","34  day ahead inc hosp",2021-06-18,"quantile",0.2,37.8795545810717
"22892",2021-05-15,"29","34  day ahead inc hosp",2021-06-18,"quantile",0.25,41.4136710691354
"22893",2021-05-15,"29","34  day ahead inc hosp",2021-06-18,"quantile",0.3,44.7931046827492
"22894",2021-05-15,"29","34  day ahead inc hosp",2021-06-18,"quantile",0.35,48.1054460917981
"22895",2021-05-15,"29","34  day ahead inc hosp",2021-06-18,"quantile",0.4,51.415237123194
"22896",2021-05-15,"29","34  day ahead inc hosp",2021-06-18,"quantile",0.45,54.7772703345569
"22897",2021-05-15,"29","34  day ahead inc hosp",2021-06-18,"quantile",0.5,58.2443827117273
"22898",2021-05-15,"29","34  day ahead inc hosp",2021-06-18,"quantile",0.55,61.8735351081731
"22899",2021-05-15,"29","34  day ahead inc hosp",2021-06-18,"quantile",0.6,65.7322503078013
"22900",2021-05-15,"29","34  day ahead inc hosp",2021-06-18,"quantile",0.65,69.9073860827787
"22901",2021-05-15,"29","34  day ahead inc hosp",2021-06-18,"quantile",0.7,74.5193729615768
"22902",2021-05-15,"29","34  day ahead inc hosp",2021-06-18,"quantile",0.75,79.7485268532291
"22903",2021-05-15,"29","34  day ahead inc hosp",2021-06-18,"quantile",0.8,85.8901520043086
"22904",2021-05-15,"29","34  day ahead inc hosp",2021-06-18,"quantile",0.85,93.4891997948403
"22905",2021-05-15,"29","34  day ahead inc hosp",2021-06-18,"quantile",0.9,103.754082802077
"22906",2021-05-15,"29","34  day ahead inc hosp",2021-06-18,"quantile",0.95,120.494607503462
"22907",2021-05-15,"29","34  day ahead inc hosp",2021-06-18,"quantile",0.975,136.587266983198
"22908",2021-05-15,"29","34  day ahead inc hosp",2021-06-18,"quantile",0.99,157.26717040603
"22909",2021-05-15,"29","35  day ahead inc hosp",2021-06-19,"quantile",0.01,14.5370265020921
"22910",2021-05-15,"29","35  day ahead inc hosp",2021-06-19,"quantile",0.025,18.6299169260947
"22911",2021-05-15,"29","35  day ahead inc hosp",2021-06-19,"quantile",0.05,22.7933610147011
"22912",2021-05-15,"29","35  day ahead inc hosp",2021-06-19,"quantile",0.1,28.4189363947989
"22913",2021-05-15,"29","35  day ahead inc hosp",2021-06-19,"quantile",0.15,32.7628654497149
"22914",2021-05-15,"29","35  day ahead inc hosp",2021-06-19,"quantile",0.2,36.5559270693303
"22915",2021-05-15,"29","35  day ahead inc hosp",2021-06-19,"quantile",0.25,40.0645602821005
"22916",2021-05-15,"29","35  day ahead inc hosp",2021-06-19,"quantile",0.3,43.425350561209
"22917",2021-05-15,"29","35  day ahead inc hosp",2021-06-19,"quantile",0.35,46.7243415020169
"22918",2021-05-15,"29","35  day ahead inc hosp",2021-06-19,"quantile",0.4,50.0252454656157
"22919",2021-05-15,"29","35  day ahead inc hosp",2021-06-19,"quantile",0.45,53.3824462211596
"22920",2021-05-15,"29","35  day ahead inc hosp",2021-06-19,"quantile",0.5,56.8486675086926
"22921",2021-05-15,"29","35  day ahead inc hosp",2021-06-19,"quantile",0.55,60.4810112179082
"22922",2021-05-15,"29","35  day ahead inc hosp",2021-06-19,"quantile",0.6,64.3474112905262
"22923",2021-05-15,"29","35  day ahead inc hosp",2021-06-19,"quantile",0.65,68.5354828223442
"22924",2021-05-15,"29","35  day ahead inc hosp",2021-06-19,"quantile",0.7,73.1669290939673
"22925",2021-05-15,"29","35  day ahead inc hosp",2021-06-19,"quantile",0.75,78.4242076963063
"22926",2021-05-15,"29","35  day ahead inc hosp",2021-06-19,"quantile",0.8,84.606419510892
"22927",2021-05-15,"29","35  day ahead inc hosp",2021-06-19,"quantile",0.85,92.2659682752557
"22928",2021-05-15,"29","35  day ahead inc hosp",2021-06-19,"quantile",0.9,102.62876800124
"22929",2021-05-15,"29","35  day ahead inc hosp",2021-06-19,"quantile",0.95,119.563643317219
"22930",2021-05-15,"29","35  day ahead inc hosp",2021-06-19,"quantile",0.975,135.877753608613
"22931",2021-05-15,"29","35  day ahead inc hosp",2021-06-19,"quantile",0.99,156.884201077372
"22932",2021-05-15,"29","36  day ahead inc hosp",2021-06-20,"quantile",0.01,13.2763707152346
"22933",2021-05-15,"29","36  day ahead inc hosp",2021-06-20,"quantile",0.025,17.1841974858209
"22934",2021-05-15,"29","36  day ahead inc hosp",2021-06-20,"quantile",0.05,21.1853451770229
"22935",2021-05-15,"29","36  day ahead inc hosp",2021-06-20,"quantile",0.1,26.6232465155073
"22936",2021-05-15,"29","36  day ahead inc hosp",2021-06-20,"quantile",0.15,30.8420181640314
"22937",2021-05-15,"29","36  day ahead inc hosp",2021-06-20,"quantile",0.2,34.5374285359633
"22938",2021-05-15,"29","36  day ahead inc hosp",2021-06-20,"quantile",0.25,37.9641274355723
"22939",2021-05-15,"29","36  day ahead inc hosp",2021-06-20,"quantile",0.3,41.2531761443144
"22940",2021-05-15,"29","36  day ahead inc hosp",2021-06-20,"quantile",0.35,44.4875446904883
"22941",2021-05-15,"29","36  day ahead inc hosp",2021-06-20,"quantile",0.4,47.7290385971365
"22942",2021-05-15,"29","36  day ahead inc hosp",2021-06-20,"quantile",0.45,51.0307642132856
"22943",2021-05-15,"29","36  day ahead inc hosp",2021-06-20,"quantile",0.5,54.4445387338382
"22944",2021-05-15,"29","36  day ahead inc hosp",2021-06-20,"quantile",0.55,58.0267918353587
"22945",2021-05-15,"29","36  day ahead inc hosp",2021-06-20,"quantile",0.6,61.8449439023184
"22946",2021-05-15,"29","36  day ahead inc hosp",2021-06-20,"quantile",0.65,65.9862151425604
"22947",2021-05-15,"29","36  day ahead inc hosp",2021-06-20,"quantile",0.7,70.5720209890245
"22948",2021-05-15,"29","36  day ahead inc hosp",2021-06-20,"quantile",0.75,75.784664188761
"22949",2021-05-15,"29","36  day ahead inc hosp",2021-06-20,"quantile",0.8,81.9233318691598
"22950",2021-05-15,"29","36  day ahead inc hosp",2021-06-20,"quantile",0.85,89.5411138862005
"22951",2021-05-15,"29","36  day ahead inc hosp",2021-06-20,"quantile",0.9,99.8666044649624
"22952",2021-05-15,"29","36  day ahead inc hosp",2021-06-20,"quantile",0.95,116.781655115807
"22953",2021-05-15,"29","36  day ahead inc hosp",2021-06-20,"quantile",0.975,133.117799892861
"22954",2021-05-15,"29","36  day ahead inc hosp",2021-06-20,"quantile",0.99,154.202527811001
"22955",2021-05-15,"29","37  day ahead inc hosp",2021-06-21,"quantile",0.01,13.5164625222679
"22956",2021-05-15,"29","37  day ahead inc hosp",2021-06-21,"quantile",0.025,17.5511067639137
"22957",2021-05-15,"29","37  day ahead inc hosp",2021-06-21,"quantile",0.05,21.6907671147363
"22958",2021-05-15,"29","37  day ahead inc hosp",2021-06-21,"quantile",0.1,27.3274659135301
"22959",2021-05-15,"29","37  day ahead inc hosp",2021-06-21,"quantile",0.15,31.7070486143404
"22960",2021-05-15,"29","37  day ahead inc hosp",2021-06-21,"quantile",0.2,35.5471917615279
"22961",2021-05-15,"29","37  day ahead inc hosp",2021-06-21,"quantile",0.25,39.1108904694055
"22962",2021-05-15,"29","37  day ahead inc hosp",2021-06-21,"quantile",0.3,42.5336759349175
"22963",2021-05-15,"29","37  day ahead inc hosp",2021-06-21,"quantile",0.35,45.9014848881218
"22964",2021-05-15,"29","37  day ahead inc hosp",2021-06-21,"quantile",0.4,49.2784568953212
"22965",2021-05-15,"29","37  day ahead inc hosp",2021-06-21,"quantile",0.45,52.7198211163899
"22966",2021-05-15,"29","37  day ahead inc hosp",2021-06-21,"quantile",0.5,56.2795765745867
"22967",2021-05-15,"29","37  day ahead inc hosp",2021-06-21,"quantile",0.55,60.0166315660211
"22968",2021-05-15,"29","37  day ahead inc hosp",2021-06-21,"quantile",0.6,64.0014622424338
"22969",2021-05-15,"29","37  day ahead inc hosp",2021-06-21,"quantile",0.65,68.3253299418661
"22970",2021-05-15,"29","37  day ahead inc hosp",2021-06-21,"quantile",0.7,73.115361187864
"22971",2021-05-15,"29","37  day ahead inc hosp",2021-06-21,"quantile",0.75,78.5625247055794
"22972",2021-05-15,"29","37  day ahead inc hosp",2021-06-21,"quantile",0.8,84.9803417451755
"22973",2021-05-15,"29","37  day ahead inc hosp",2021-06-21,"quantile",0.85,92.948574639411
"22974",2021-05-15,"29","37  day ahead inc hosp",2021-06-21,"quantile",0.9,103.755448848818
"22975",2021-05-15,"29","37  day ahead inc hosp",2021-06-21,"quantile",0.95,121.472739845669
"22976",2021-05-15,"29","37  day ahead inc hosp",2021-06-21,"quantile",0.975,138.59730503567
"22977",2021-05-15,"29","37  day ahead inc hosp",2021-06-21,"quantile",0.99,160.716171269618
"22978",2021-05-15,"30","1  day ahead inc hosp",2021-05-16,"quantile",0.01,6.03974304012246
"22979",2021-05-15,"30","1  day ahead inc hosp",2021-05-16,"quantile",0.025,6.85406388187825
"22980",2021-05-15,"30","1  day ahead inc hosp",2021-05-16,"quantile",0.05,7.61798413199997
"22981",2021-05-15,"30","1  day ahead inc hosp",2021-05-16,"quantile",0.1,8.57606993430506
"22982",2021-05-15,"30","1  day ahead inc hosp",2021-05-16,"quantile",0.15,9.271689432143
"22983",2021-05-15,"30","1  day ahead inc hosp",2021-05-16,"quantile",0.2,9.85405344431718
"22984",2021-05-15,"30","1  day ahead inc hosp",2021-05-16,"quantile",0.25,10.375167066207
"22985",2021-05-15,"30","1  day ahead inc hosp",2021-05-16,"quantile",0.3,10.8605141448934
"22986",2021-05-15,"30","1  day ahead inc hosp",2021-05-16,"quantile",0.35,11.3252778304831
"22987",2021-05-15,"30","1  day ahead inc hosp",2021-05-16,"quantile",0.4,11.7799358350311
"22988",2021-05-15,"30","1  day ahead inc hosp",2021-05-16,"quantile",0.45,12.2327204698202
"22989",2021-05-15,"30","1  day ahead inc hosp",2021-05-16,"quantile",0.5,12.6909482640389
"22990",2021-05-15,"30","1  day ahead inc hosp",2021-05-16,"quantile",0.55,13.1619307066238
"22991",2021-05-15,"30","1  day ahead inc hosp",2021-05-16,"quantile",0.6,13.6538067261524
"22992",2021-05-15,"30","1  day ahead inc hosp",2021-05-16,"quantile",0.65,14.176557623862
"22993",2021-05-15,"30","1  day ahead inc hosp",2021-05-16,"quantile",0.7,14.7435551280228
"22994",2021-05-15,"30","1  day ahead inc hosp",2021-05-16,"quantile",0.75,15.3743369342061
"22995",2021-05-15,"30","1  day ahead inc hosp",2021-05-16,"quantile",0.8,16.1003282207691
"22996",2021-05-15,"30","1  day ahead inc hosp",2021-05-16,"quantile",0.85,16.9786754243075
"22997",2021-05-15,"30","1  day ahead inc hosp",2021-05-16,"quantile",0.9,18.1343255785063
"22998",2021-05-15,"30","1  day ahead inc hosp",2021-05-16,"quantile",0.95,19.9544511250344
"22999",2021-05-15,"30","1  day ahead inc hosp",2021-05-16,"quantile",0.975,21.6411788923187
"23000",2021-05-15,"30","1  day ahead inc hosp",2021-05-16,"quantile",0.99,23.7343421833109
"23001",2021-05-15,"30","2  day ahead inc hosp",2021-05-17,"quantile",0.01,5.57958782813038
"23002",2021-05-15,"30","2  day ahead inc hosp",2021-05-17,"quantile",0.025,6.4213782165955
"23003",2021-05-15,"30","2  day ahead inc hosp",2021-05-17,"quantile",0.05,7.2185857910638
"23004",2021-05-15,"30","2  day ahead inc hosp",2021-05-17,"quantile",0.1,8.22736644490752
"23005",2021-05-15,"30","2  day ahead inc hosp",2021-05-17,"quantile",0.15,8.96532514558854
"23006",2021-05-15,"30","2  day ahead inc hosp",2021-05-17,"quantile",0.2,9.58636716419899
"23007",2021-05-15,"30","2  day ahead inc hosp",2021-05-17,"quantile",0.25,10.1444056066523
"23008",2021-05-15,"30","2  day ahead inc hosp",2021-05-17,"quantile",0.3,10.6659891647857
"23009",2021-05-15,"30","2  day ahead inc hosp",2021-05-17,"quantile",0.35,11.1670309437967
"23010",2021-05-15,"30","2  day ahead inc hosp",2021-05-17,"quantile",0.4,11.6585983530089
"23011",2021-05-15,"30","2  day ahead inc hosp",2021-05-17,"quantile",0.45,12.149471182585
"23012",2021-05-15,"30","2  day ahead inc hosp",2021-05-17,"quantile",0.5,12.6475368838151
"23013",2021-05-15,"30","2  day ahead inc hosp",2021-05-17,"quantile",0.55,13.160761477668
"23014",2021-05-15,"30","2  day ahead inc hosp",2021-05-17,"quantile",0.6,13.6980949042581
"23015",2021-05-15,"30","2  day ahead inc hosp",2021-05-17,"quantile",0.65,14.2705933913737
"23016",2021-05-15,"30","2  day ahead inc hosp",2021-05-17,"quantile",0.7,14.893148436922
"23017",2021-05-15,"30","2  day ahead inc hosp",2021-05-17,"quantile",0.75,15.587602088283
"23018",2021-05-15,"30","2  day ahead inc hosp",2021-05-17,"quantile",0.8,16.3891850367739
"23019",2021-05-15,"30","2  day ahead inc hosp",2021-05-17,"quantile",0.85,17.3621085447739
"23020",2021-05-15,"30","2  day ahead inc hosp",2021-05-17,"quantile",0.9,18.6470641902454
"23021",2021-05-15,"30","2  day ahead inc hosp",2021-05-17,"quantile",0.95,20.6811312510418
"23022",2021-05-15,"30","2  day ahead inc hosp",2021-05-17,"quantile",0.975,22.5763073956926
"23023",2021-05-15,"30","2  day ahead inc hosp",2021-05-17,"quantile",0.99,24.940371958049
"23024",2021-05-15,"30","3  day ahead inc hosp",2021-05-18,"quantile",0.01,5.15594305319053
"23025",2021-05-15,"30","3  day ahead inc hosp",2021-05-18,"quantile",0.025,5.98986575936462
"23026",2021-05-15,"30","3  day ahead inc hosp",2021-05-18,"quantile",0.05,6.78463507639755
"23027",2021-05-15,"30","3  day ahead inc hosp",2021-05-18,"quantile",0.1,7.79630180568323
"23028",2021-05-15,"30","3  day ahead inc hosp",2021-05-18,"quantile",0.15,8.54006344265711
"23029",2021-05-15,"30","3  day ahead inc hosp",2021-05-18,"quantile",0.2,9.16814525736895
"23030",2021-05-15,"30","3  day ahead inc hosp",2021-05-18,"quantile",0.25,9.73405360036918
"23031",2021-05-15,"30","3  day ahead inc hosp",2021-05-18,"quantile",0.3,10.2642246194905
"23032",2021-05-15,"30","3  day ahead inc hosp",2021-05-18,"quantile",0.35,10.7745689611921
"23033",2021-05-15,"30","3  day ahead inc hosp",2021-05-18,"quantile",0.4,11.2762109023314
"23034",2021-05-15,"30","3  day ahead inc hosp",2021-05-18,"quantile",0.45,11.7780325072456
"23035",2021-05-15,"30","3  day ahead inc hosp",2021-05-18,"quantile",0.5,12.2880700223446
"23036",2021-05-15,"30","3  day ahead inc hosp",2021-05-18,"quantile",0.55,12.8144959577871
"23037",2021-05-15,"30","3  day ahead inc hosp",2021-05-18,"quantile",0.6,13.3665469310059
"23038",2021-05-15,"30","3  day ahead inc hosp",2021-05-18,"quantile",0.65,13.9556862626093
"23039",2021-05-15,"30","3  day ahead inc hosp",2021-05-18,"quantile",0.7,14.5974060930291
"23040",2021-05-15,"30","3  day ahead inc hosp",2021-05-18,"quantile",0.75,15.3144844329293
"23041",2021-05-15,"30","3  day ahead inc hosp",2021-05-18,"quantile",0.8,16.1437268760518
"23042",2021-05-15,"30","3  day ahead inc hosp",2021-05-18,"quantile",0.85,17.1523107771787
"23043",2021-05-15,"30","3  day ahead inc hosp",2021-05-18,"quantile",0.9,18.4876251803469
"23044",2021-05-15,"30","3  day ahead inc hosp",2021-05-18,"quantile",0.95,20.608306674339
"23045",2021-05-15,"30","3  day ahead inc hosp",2021-05-18,"quantile",0.975,22.5910150795848
"23046",2021-05-15,"30","3  day ahead inc hosp",2021-05-18,"quantile",0.99,25.0724718388811
"23047",2021-05-15,"30","4  day ahead inc hosp",2021-05-19,"quantile",0.01,5.47132468861316
"23048",2021-05-15,"30","4  day ahead inc hosp",2021-05-19,"quantile",0.025,6.38232483248072
"23049",2021-05-15,"30","4  day ahead inc hosp",2021-05-19,"quantile",0.05,7.25294352873303
"23050",2021-05-15,"30","4  day ahead inc hosp",2021-05-19,"quantile",0.1,8.36400650467315
"23051",2021-05-15,"30","4  day ahead inc hosp",2021-05-19,"quantile",0.15,9.18260122388266
"23052",2021-05-15,"30","4  day ahead inc hosp",2021-05-19,"quantile",0.2,9.87490330634233
"23053",2021-05-15,"30","4  day ahead inc hosp",2021-05-19,"quantile",0.25,10.4994094305111
"23054",2021-05-15,"30","4  day ahead inc hosp",2021-05-19,"quantile",0.3,11.0850635114754
"23055",2021-05-15,"30","4  day ahead inc hosp",2021-05-19,"quantile",0.35,11.6493168405706
"23056",2021-05-15,"30","4  day ahead inc hosp",2021-05-19,"quantile",0.4,12.2043991163747
"23057",2021-05-15,"30","4  day ahead inc hosp",2021-05-19,"quantile",0.45,12.7601025039147
"23058",2021-05-15,"30","4  day ahead inc hosp",2021-05-19,"quantile",0.5,13.3253139240993
"23059",2021-05-15,"30","4  day ahead inc hosp",2021-05-19,"quantile",0.55,13.9090977347352
"23060",2021-05-15,"30","4  day ahead inc hosp",2021-05-19,"quantile",0.6,14.5217244000814
"23061",2021-05-15,"30","4  day ahead inc hosp",2021-05-19,"quantile",0.65,15.1759652626186
"23062",2021-05-15,"30","4  day ahead inc hosp",2021-05-19,"quantile",0.7,15.8891047783188
"23063",2021-05-15,"30","4  day ahead inc hosp",2021-05-19,"quantile",0.75,16.686581997348
"23064",2021-05-15,"30","4  day ahead inc hosp",2021-05-19,"quantile",0.8,17.6095329851677
"23065",2021-05-15,"30","4  day ahead inc hosp",2021-05-19,"quantile",0.85,18.7330841777689
"23066",2021-05-15,"30","4  day ahead inc hosp",2021-05-19,"quantile",0.9,20.2221591320393
"23067",2021-05-15,"30","4  day ahead inc hosp",2021-05-19,"quantile",0.95,22.5903137596803
"23068",2021-05-15,"30","4  day ahead inc hosp",2021-05-19,"quantile",0.975,24.8076409587536
"23069",2021-05-15,"30","4  day ahead inc hosp",2021-05-19,"quantile",0.99,27.5866321001222
"23070",2021-05-15,"30","5  day ahead inc hosp",2021-05-20,"quantile",0.01,4.82392364885931
"23071",2021-05-15,"30","5  day ahead inc hosp",2021-05-20,"quantile",0.025,5.68946301209179
"23072",2021-05-15,"30","5  day ahead inc hosp",2021-05-20,"quantile",0.05,6.52276990299441
"23073",2021-05-15,"30","5  day ahead inc hosp",2021-05-20,"quantile",0.1,7.59354985267462
"23074",2021-05-15,"30","5  day ahead inc hosp",2021-05-20,"quantile",0.15,8.3870083119658
"23075",2021-05-15,"30","5  day ahead inc hosp",2021-05-20,"quantile",0.2,9.06070973019166
"23076",2021-05-15,"30","5  day ahead inc hosp",2021-05-20,"quantile",0.25,9.67034261266735
"23077",2021-05-15,"30","5  day ahead inc hosp",2021-05-20,"quantile",0.3,10.2435706519096
"23078",2021-05-15,"30","5  day ahead inc hosp",2021-05-20,"quantile",0.35,10.7971549204322
"23079",2021-05-15,"30","5  day ahead inc hosp",2021-05-20,"quantile",0.4,11.3429152299411
"23080",2021-05-15,"30","5  day ahead inc hosp",2021-05-20,"quantile",0.45,11.8903874192095
"23081",2021-05-15,"30","5  day ahead inc hosp",2021-05-20,"quantile",0.5,12.4482969297756
"23082",2021-05-15,"30","5  day ahead inc hosp",2021-05-20,"quantile",0.55,13.0256131706721
"23083",2021-05-15,"30","5  day ahead inc hosp",2021-05-20,"quantile",0.6,13.6325663948124
"23084",2021-05-15,"30","5  day ahead inc hosp",2021-05-20,"quantile",0.65,14.2819428216171
"23085",2021-05-15,"30","5  day ahead inc hosp",2021-05-20,"quantile",0.7,14.9911110016064
"23086",2021-05-15,"30","5  day ahead inc hosp",2021-05-20,"quantile",0.75,15.7857009993132
"23087",2021-05-15,"30","5  day ahead inc hosp",2021-05-20,"quantile",0.8,16.7072379071711
"23088",2021-05-15,"30","5  day ahead inc hosp",2021-05-20,"quantile",0.85,17.8316771604667
"23089",2021-05-15,"30","5  day ahead inc hosp",2021-05-20,"quantile",0.9,19.3260103248044
"23090",2021-05-15,"30","5  day ahead inc hosp",2021-05-20,"quantile",0.95,21.711177603112
"23091",2021-05-15,"30","5  day ahead inc hosp",2021-05-20,"quantile",0.975,23.9530169642323
"23092",2021-05-15,"30","5  day ahead inc hosp",2021-05-20,"quantile",0.99,26.7730550201139
"23093",2021-05-15,"30","6  day ahead inc hosp",2021-05-21,"quantile",0.01,4.429142050442
"23094",2021-05-15,"30","6  day ahead inc hosp",2021-05-21,"quantile",0.025,5.27402446012421
"23095",2021-05-15,"30","6  day ahead inc hosp",2021-05-21,"quantile",0.05,6.09266181385255
"23096",2021-05-15,"30","6  day ahead inc hosp",2021-05-21,"quantile",0.1,7.15084097027819
"23097",2021-05-15,"30","6  day ahead inc hosp",2021-05-21,"quantile",0.15,7.93883585952958
"23098",2021-05-15,"30","6  day ahead inc hosp",2021-05-21,"quantile",0.2,8.61016537536921
"23099",2021-05-15,"30","6  day ahead inc hosp",2021-05-21,"quantile",0.25,9.21927852145358
"23100",2021-05-15,"30","6  day ahead inc hosp",2021-05-21,"quantile",0.3,9.79331734825081
"23101",2021-05-15,"30","6  day ahead inc hosp",2021-05-21,"quantile",0.35,10.3487976244324
"23102",2021-05-15,"30","6  day ahead inc hosp",2021-05-21,"quantile",0.4,10.8974301918246
"23103",2021-05-15,"30","6  day ahead inc hosp",2021-05-21,"quantile",0.45,11.4487251437747
"23104",2021-05-15,"30","6  day ahead inc hosp",2021-05-21,"quantile",0.5,12.0114456023064
"23105",2021-05-15,"30","6  day ahead inc hosp",2021-05-21,"quantile",0.55,12.5946593744383
"23106",2021-05-15,"30","6  day ahead inc hosp",2021-05-21,"quantile",0.6,13.2087662274847
"23107",2021-05-15,"30","6  day ahead inc hosp",2021-05-21,"quantile",0.65,13.866819168074
"23108",2021-05-15,"30","6  day ahead inc hosp",2021-05-21,"quantile",0.7,14.5866031664409
"23109",2021-05-15,"30","6  day ahead inc hosp",2021-05-21,"quantile",0.75,15.3944195972846
"23110",2021-05-15,"30","6  day ahead inc hosp",2021-05-21,"quantile",0.8,16.3329491204833
"23111",2021-05-15,"30","6  day ahead inc hosp",2021-05-21,"quantile",0.85,17.4803618664056
"23112",2021-05-15,"30","6  day ahead inc hosp",2021-05-21,"quantile",0.9,19.0087312045639
"23113",2021-05-15,"30","6  day ahead inc hosp",2021-05-21,"quantile",0.95,21.4556638948421
"23114",2021-05-15,"30","6  day ahead inc hosp",2021-05-21,"quantile",0.975,23.7629436296897
"23115",2021-05-15,"30","6  day ahead inc hosp",2021-05-21,"quantile",0.99,26.6741938842939
"23116",2021-05-15,"30","7  day ahead inc hosp",2021-05-22,"quantile",0.01,4.32016246346497
"23117",2021-05-15,"30","7  day ahead inc hosp",2021-05-22,"quantile",0.025,5.18017523844933
"23118",2021-05-15,"30","7  day ahead inc hosp",2021-05-22,"quantile",0.05,6.01735247063117
"23119",2021-05-15,"30","7  day ahead inc hosp",2021-05-22,"quantile",0.1,7.10414657913457
"23120",2021-05-15,"30","7  day ahead inc hosp",2021-05-22,"quantile",0.15,7.91633282939747
"23121",2021-05-15,"30","7  day ahead inc hosp",2021-05-22,"quantile",0.2,8.60995906237096
"23122",2021-05-15,"30","7  day ahead inc hosp",2021-05-22,"quantile",0.25,9.24051309963605
"23123",2021-05-15,"30","7  day ahead inc hosp",2021-05-22,"quantile",0.3,9.83572547159639
"23124",2021-05-15,"30","7  day ahead inc hosp",2021-05-22,"quantile",0.35,10.4125233810764
"23125",2021-05-15,"30","7  day ahead inc hosp",2021-05-22,"quantile",0.4,10.9829576948841
"23126",2021-05-15,"30","7  day ahead inc hosp",2021-05-22,"quantile",0.45,11.55686140463
"23127",2021-05-15,"30","7  day ahead inc hosp",2021-05-22,"quantile",0.5,12.1433410287192
"23128",2021-05-15,"30","7  day ahead inc hosp",2021-05-22,"quantile",0.55,12.7518641478118
"23129",2021-05-15,"30","7  day ahead inc hosp",2021-05-22,"quantile",0.6,13.3933314728543
"23130",2021-05-15,"30","7  day ahead inc hosp",2021-05-22,"quantile",0.65,14.0814652985769
"23131",2021-05-15,"30","7  day ahead inc hosp",2021-05-22,"quantile",0.7,14.8350023128338
"23132",2021-05-15,"30","7  day ahead inc hosp",2021-05-22,"quantile",0.75,15.681693209203
"23133",2021-05-15,"30","7  day ahead inc hosp",2021-05-22,"quantile",0.8,16.666620712315
"23134",2021-05-15,"30","7  day ahead inc hosp",2021-05-22,"quantile",0.85,17.8724292714335
"23135",2021-05-15,"30","7  day ahead inc hosp",2021-05-22,"quantile",0.9,19.4811999093427
"23136",2021-05-15,"30","7  day ahead inc hosp",2021-05-22,"quantile",0.95,22.0624144817773
"23137",2021-05-15,"30","7  day ahead inc hosp",2021-05-22,"quantile",0.975,24.5018338336697
"23138",2021-05-15,"30","7  day ahead inc hosp",2021-05-22,"quantile",0.99,27.5864648694147
"23139",2021-05-15,"30","8  day ahead inc hosp",2021-05-23,"quantile",0.01,4.27835503816863
"23140",2021-05-15,"30","8  day ahead inc hosp",2021-05-23,"quantile",0.025,5.16163368160962
"23141",2021-05-15,"30","8  day ahead inc hosp",2021-05-23,"quantile",0.05,6.02498389653714
"23142",2021-05-15,"30","8  day ahead inc hosp",2021-05-23,"quantile",0.1,7.14998451621043
"23143",2021-05-15,"30","8  day ahead inc hosp",2021-05-23,"quantile",0.15,7.99334648187672
"23144",2021-05-15,"30","8  day ahead inc hosp",2021-05-23,"quantile",0.2,8.71513304412518
"23145",2021-05-15,"30","8  day ahead inc hosp",2021-05-23,"quantile",0.25,9.37238899390986
"23146",2021-05-15,"30","8  day ahead inc hosp",2021-05-23,"quantile",0.3,9.99368767019699
"23147",2021-05-15,"30","8  day ahead inc hosp",2021-05-23,"quantile",0.35,10.5965197690663
"23148",2021-05-15,"30","8  day ahead inc hosp",2021-05-23,"quantile",0.4,11.1933817220369
"23149",2021-05-15,"30","8  day ahead inc hosp",2021-05-23,"quantile",0.45,11.7945130112668
"23150",2021-05-15,"30","8  day ahead inc hosp",2021-05-23,"quantile",0.5,12.4094385683766
"23151",2021-05-15,"30","8  day ahead inc hosp",2021-05-23,"quantile",0.55,13.048101474072
"23152",2021-05-15,"30","8  day ahead inc hosp",2021-05-23,"quantile",0.6,13.7219884637982
"23153",2021-05-15,"30","8  day ahead inc hosp",2021-05-23,"quantile",0.65,14.4455962674244
"23154",2021-05-15,"30","8  day ahead inc hosp",2021-05-23,"quantile",0.7,15.2387550095344
"23155",2021-05-15,"30","8  day ahead inc hosp",2021-05-23,"quantile",0.75,16.1308727548164
"23156",2021-05-15,"30","8  day ahead inc hosp",2021-05-23,"quantile",0.8,17.1697702390878
"23157",2021-05-15,"30","8  day ahead inc hosp",2021-05-23,"quantile",0.85,18.4431793286738
"23158",2021-05-15,"30","8  day ahead inc hosp",2021-05-23,"quantile",0.9,20.1445343085695
"23159",2021-05-15,"30","8  day ahead inc hosp",2021-05-23,"quantile",0.95,22.8793829143854
"23160",2021-05-15,"30","8  day ahead inc hosp",2021-05-23,"quantile",0.975,25.469050819543
"23161",2021-05-15,"30","8  day ahead inc hosp",2021-05-23,"quantile",0.99,28.7497618931976
"23162",2021-05-15,"30","9  day ahead inc hosp",2021-05-24,"quantile",0.01,4.29664014674839
"23163",2021-05-15,"30","9  day ahead inc hosp",2021-05-24,"quantile",0.025,5.21137416087262
"23164",2021-05-15,"30","9  day ahead inc hosp",2021-05-24,"quantile",0.05,6.10864459428279
"23165",2021-05-15,"30","9  day ahead inc hosp",2021-05-24,"quantile",0.1,7.28165820604489
"23166",2021-05-15,"30","9  day ahead inc hosp",2021-05-24,"quantile",0.15,8.1633786938762
"23167",2021-05-15,"30","9  day ahead inc hosp",2021-05-24,"quantile",0.2,8.91937914459829
"23168",2021-05-15,"30","9  day ahead inc hosp",2021-05-24,"quantile",0.25,9.60878453541854
"23169",2021-05-15,"30","9  day ahead inc hosp",2021-05-24,"quantile",0.3,10.2612688340752
"23170",2021-05-15,"30","9  day ahead inc hosp",2021-05-24,"quantile",0.35,10.8950410637448
"23171",2021-05-15,"30","9  day ahead inc hosp",2021-05-24,"quantile",0.4,11.5231512726918
"23172",2021-05-15,"30","9  day ahead inc hosp",2021-05-24,"quantile",0.45,12.1563315681506
"23173",2021-05-15,"30","9  day ahead inc hosp",2021-05-24,"quantile",0.5,12.8046031297185
"23174",2021-05-15,"30","9  day ahead inc hosp",2021-05-24,"quantile",0.55,13.47846362811
"23175",2021-05-15,"30","9  day ahead inc hosp",2021-05-24,"quantile",0.6,14.1900751775324
"23176",2021-05-15,"30","9  day ahead inc hosp",2021-05-24,"quantile",0.65,14.9548198377965
"23177",2021-05-15,"30","9  day ahead inc hosp",2021-05-24,"quantile",0.7,15.7937710810452
"23178",2021-05-15,"30","9  day ahead inc hosp",2021-05-24,"quantile",0.75,16.7382148635727
"23179",2021-05-15,"30","9  day ahead inc hosp",2021-05-24,"quantile",0.8,17.8390664938265
"23180",2021-05-15,"30","9  day ahead inc hosp",2021-05-24,"quantile",0.85,19.1897966019047
"23181",2021-05-15,"30","9  day ahead inc hosp",2021-05-24,"quantile",0.9,20.9966234114082
"23182",2021-05-15,"30","9  day ahead inc hosp",2021-05-24,"quantile",0.95,23.9056199290309
"23183",2021-05-15,"30","9  day ahead inc hosp",2021-05-24,"quantile",0.975,26.6647710447473
"23184",2021-05-15,"30","9  day ahead inc hosp",2021-05-24,"quantile",0.99,30.1657139638602
"23185",2021-05-15,"30","10  day ahead inc hosp",2021-05-25,"quantile",0.01,3.9761694076629
"23186",2021-05-15,"30","10  day ahead inc hosp",2021-05-25,"quantile",0.025,4.86696660025656
"23187",2021-05-15,"30","10  day ahead inc hosp",2021-05-25,"quantile",0.05,5.74607980074187
"23188",2021-05-15,"30","10  day ahead inc hosp",2021-05-25,"quantile",0.1,6.90176657098605
"23189",2021-05-15,"30","10  day ahead inc hosp",2021-05-25,"quantile",0.15,7.77444731726119
"23190",2021-05-15,"30","10  day ahead inc hosp",2021-05-25,"quantile",0.2,8.52503336447943
"23191",2021-05-15,"30","10  day ahead inc hosp",2021-05-25,"quantile",0.25,9.21118078175918
"23192",2021-05-15,"30","10  day ahead inc hosp",2021-05-25,"quantile",0.3,9.86192560919297
"23193",2021-05-15,"30","10  day ahead inc hosp",2021-05-25,"quantile",0.35,10.4951612181236
"23194",2021-05-15,"30","10  day ahead inc hosp",2021-05-25,"quantile",0.4,11.1237802044288
"23195",2021-05-15,"30","10  day ahead inc hosp",2021-05-25,"quantile",0.45,11.7584515192936
"23196",2021-05-15,"30","10  day ahead inc hosp",2021-05-25,"quantile",0.5,12.4092018747731
"23197",2021-05-15,"30","10  day ahead inc hosp",2021-05-25,"quantile",0.55,13.086596635793
"23198",2021-05-15,"30","10  day ahead inc hosp",2021-05-25,"quantile",0.6,13.8029349497509
"23199",2021-05-15,"30","10  day ahead inc hosp",2021-05-25,"quantile",0.65,14.5738278206992
"23200",2021-05-15,"30","10  day ahead inc hosp",2021-05-25,"quantile",0.7,15.4207168611384
"23201",2021-05-15,"30","10  day ahead inc hosp",2021-05-25,"quantile",0.75,16.3754920081031
"23202",2021-05-15,"30","10  day ahead inc hosp",2021-05-25,"quantile",0.8,17.4901207904483
"23203",2021-05-15,"30","10  day ahead inc hosp",2021-05-25,"quantile",0.85,18.8601100163104
"23204",2021-05-15,"30","10  day ahead inc hosp",2021-05-25,"quantile",0.9,20.6963936963045
"23205",2021-05-15,"30","10  day ahead inc hosp",2021-05-25,"quantile",0.95,23.6606841244254
"23206",2021-05-15,"30","10  day ahead inc hosp",2021-05-25,"quantile",0.975,26.4801125562835
"23207",2021-05-15,"30","10  day ahead inc hosp",2021-05-25,"quantile",0.99,30.0669940310026
"23208",2021-05-15,"30","11  day ahead inc hosp",2021-05-26,"quantile",0.01,3.87337875822659
"23209",2021-05-15,"30","11  day ahead inc hosp",2021-05-26,"quantile",0.025,4.77268663007765
"23210",2021-05-15,"30","11  day ahead inc hosp",2021-05-26,"quantile",0.05,5.66410881431589
"23211",2021-05-15,"30","11  day ahead inc hosp",2021-05-26,"quantile",0.1,6.84068969736586
"23212",2021-05-15,"30","11  day ahead inc hosp",2021-05-26,"quantile",0.15,7.7320771765546
"23213",2021-05-15,"30","11  day ahead inc hosp",2021-05-26,"quantile",0.2,8.50047033407494
"23214",2021-05-15,"30","11  day ahead inc hosp",2021-05-26,"quantile",0.25,9.20413089454842
"23215",2021-05-15,"30","11  day ahead inc hosp",2021-05-26,"quantile",0.3,9.87247355799291
"23216",2021-05-15,"30","11  day ahead inc hosp",2021-05-26,"quantile",0.35,10.5236814633198
"23217",2021-05-15,"30","11  day ahead inc hosp",2021-05-26,"quantile",0.4,11.1709071683985
"23218",2021-05-15,"30","11  day ahead inc hosp",2021-05-26,"quantile",0.45,11.825083971963
"23219",2021-05-15,"30","11  day ahead inc hosp",2021-05-26,"quantile",0.5,12.4965346728934
"23220",2021-05-15,"30","11  day ahead inc hosp",2021-05-26,"quantile",0.55,13.1961821251376
"23221",2021-05-15,"30","11  day ahead inc hosp",2021-05-26,"quantile",0.6,13.9367845108045
"23222",2021-05-15,"30","11  day ahead inc hosp",2021-05-26,"quantile",0.65,14.7345760510336
"23223",2021-05-15,"30","11  day ahead inc hosp",2021-05-26,"quantile",0.7,15.6118940260051
"23224",2021-05-15,"30","11  day ahead inc hosp",2021-05-26,"quantile",0.75,16.6020023425542
"23225",2021-05-15,"30","11  day ahead inc hosp",2021-05-26,"quantile",0.8,17.7591581477468
"23226",2021-05-15,"30","11  day ahead inc hosp",2021-05-26,"quantile",0.85,19.1831527696852
"23227",2021-05-15,"30","11  day ahead inc hosp",2021-05-26,"quantile",0.9,21.0945474245709
"23228",2021-05-15,"30","11  day ahead inc hosp",2021-05-26,"quantile",0.95,24.1858940621117
"23229",2021-05-15,"30","11  day ahead inc hosp",2021-05-26,"quantile",0.975,27.1319497864928
"23230",2021-05-15,"30","11  day ahead inc hosp",2021-05-26,"quantile",0.99,30.8869082609187
"23231",2021-05-15,"30","12  day ahead inc hosp",2021-05-27,"quantile",0.01,3.49800232656661
"23232",2021-05-15,"30","12  day ahead inc hosp",2021-05-27,"quantile",0.025,4.3559412053626
"23233",2021-05-15,"30","12  day ahead inc hosp",2021-05-27,"quantile",0.05,5.21232281761367
"23234",2021-05-15,"30","12  day ahead inc hosp",2021-05-27,"quantile",0.1,6.34986630534677
"23235",2021-05-15,"30","12  day ahead inc hosp",2021-05-27,"quantile",0.15,7.21617071133735
"23236",2021-05-15,"30","12  day ahead inc hosp",2021-05-27,"quantile",0.2,7.96557993744608
"23237",2021-05-15,"30","12  day ahead inc hosp",2021-05-27,"quantile",0.25,8.65375478623273
"23238",2021-05-15,"30","12  day ahead inc hosp",2021-05-27,"quantile",0.3,9.30891044010636
"23239",2021-05-15,"30","12  day ahead inc hosp",2021-05-27,"quantile",0.35,9.94857600243557
"23240",2021-05-15,"30","12  day ahead inc hosp",2021-05-27,"quantile",0.4,10.5855103816441
"23241",2021-05-15,"30","12  day ahead inc hosp",2021-05-27,"quantile",0.45,11.2303959585098
"23242",2021-05-15,"30","12  day ahead inc hosp",2021-05-27,"quantile",0.5,11.8933923025274
"23243",2021-05-15,"30","12  day ahead inc hosp",2021-05-27,"quantile",0.55,12.5853196727823
"23244",2021-05-15,"30","12  day ahead inc hosp",2021-05-27,"quantile",0.6,13.3188823321913
"23245",2021-05-15,"30","12  day ahead inc hosp",2021-05-27,"quantile",0.65,14.1103081591525
"23246",2021-05-15,"30","12  day ahead inc hosp",2021-05-27,"quantile",0.7,14.9819865911947
"23247",2021-05-15,"30","12  day ahead inc hosp",2021-05-27,"quantile",0.75,15.9673235106695
"23248",2021-05-15,"30","12  day ahead inc hosp",2021-05-27,"quantile",0.8,17.1208856580396
"23249",2021-05-15,"30","12  day ahead inc hosp",2021-05-27,"quantile",0.85,18.5431524193921
"23250",2021-05-15,"30","12  day ahead inc hosp",2021-05-27,"quantile",0.9,20.4564616996629
"23251",2021-05-15,"30","12  day ahead inc hosp",2021-05-27,"quantile",0.95,23.5599409208946
"23252",2021-05-15,"30","12  day ahead inc hosp",2021-05-27,"quantile",0.975,26.5265668618317
"23253",2021-05-15,"30","12  day ahead inc hosp",2021-05-27,"quantile",0.99,30.3186384464202
"23254",2021-05-15,"30","13  day ahead inc hosp",2021-05-28,"quantile",0.01,3.33933894483503
"23255",2021-05-15,"30","13  day ahead inc hosp",2021-05-28,"quantile",0.025,4.19063574415141
"23256",2021-05-15,"30","13  day ahead inc hosp",2021-05-28,"quantile",0.05,5.04473460309733
"23257",2021-05-15,"30","13  day ahead inc hosp",2021-05-28,"quantile",0.1,6.18450637557821
"23258",2021-05-15,"30","13  day ahead inc hosp",2021-05-28,"quantile",0.15,7.05578414792964
"23259",2021-05-15,"30","13  day ahead inc hosp",2021-05-28,"quantile",0.2,7.81141981776347
"23260",2021-05-15,"30","13  day ahead inc hosp",2021-05-28,"quantile",0.25,8.50669752712956
"23261",2021-05-15,"30","13  day ahead inc hosp",2021-05-28,"quantile",0.3,9.16972525855596
"23262",2021-05-15,"30","13  day ahead inc hosp",2021-05-28,"quantile",0.35,9.81803021460925
"23263",2021-05-15,"30","13  day ahead inc hosp",2021-05-28,"quantile",0.4,10.4644286559557
"23264",2021-05-15,"30","13  day ahead inc hosp",2021-05-28,"quantile",0.45,11.1197072074917
"23265",2021-05-15,"30","13  day ahead inc hosp",2021-05-28,"quantile",0.5,11.7941785821822
"23266",2021-05-15,"30","13  day ahead inc hosp",2021-05-28,"quantile",0.55,12.49887724426
"23267",2021-05-15,"30","13  day ahead inc hosp",2021-05-28,"quantile",0.6,13.2468067567148
"23268",2021-05-15,"30","13  day ahead inc hosp",2021-05-28,"quantile",0.65,14.0546223116702
"23269",2021-05-15,"30","13  day ahead inc hosp",2021-05-28,"quantile",0.7,14.9453468468288
"23270",2021-05-15,"30","13  day ahead inc hosp",2021-05-28,"quantile",0.75,15.953377892454
"23271",2021-05-15,"30","13  day ahead inc hosp",2021-05-28,"quantile",0.8,17.1349584958726
"23272",2021-05-15,"30","13  day ahead inc hosp",2021-05-28,"quantile",0.85,18.5937410977373
"23273",2021-05-15,"30","13  day ahead inc hosp",2021-05-28,"quantile",0.9,20.5592718170748
"23274",2021-05-15,"30","13  day ahead inc hosp",2021-05-28,"quantile",0.95,23.7540743490423
"23275",2021-05-15,"30","13  day ahead inc hosp",2021-05-28,"quantile",0.975,26.8145957379583
"23276",2021-05-15,"30","13  day ahead inc hosp",2021-05-28,"quantile",0.99,30.7346735744056
"23277",2021-05-15,"30","14  day ahead inc hosp",2021-05-29,"quantile",0.01,3.42685923143581
"23278",2021-05-15,"30","14  day ahead inc hosp",2021-05-29,"quantile",0.025,4.31622593574382
"23279",2021-05-15,"30","14  day ahead inc hosp",2021-05-29,"quantile",0.05,5.21067377507229
"23280",2021-05-15,"30","14  day ahead inc hosp",2021-05-29,"quantile",0.1,6.40689584000373
"23281",2021-05-15,"30","14  day ahead inc hosp",2021-05-29,"quantile",0.15,7.32294780727326
"23282",2021-05-15,"30","14  day ahead inc hosp",2021-05-29,"quantile",0.2,8.1183668178597
"23283",2021-05-15,"30","14  day ahead inc hosp",2021-05-29,"quantile",0.25,8.8509351437681
"23284",2021-05-15,"30","14  day ahead inc hosp",2021-05-29,"quantile",0.3,9.55007265905154
"23285",2021-05-15,"30","14  day ahead inc hosp",2021-05-29,"quantile",0.35,10.2341569510904
"23286",2021-05-15,"30","14  day ahead inc hosp",2021-05-29,"quantile",0.4,10.9166554255546
"23287",2021-05-15,"30","14  day ahead inc hosp",2021-05-29,"quantile",0.45,11.6089307253714
"23288",2021-05-15,"30","14  day ahead inc hosp",2021-05-29,"quantile",0.5,12.3218730485297
"23289",2021-05-15,"30","14  day ahead inc hosp",2021-05-29,"quantile",0.55,13.067159989155
"23290",2021-05-15,"30","14  day ahead inc hosp",2021-05-29,"quantile",0.6,13.8585765168816
"23291",2021-05-15,"30","14  day ahead inc hosp",2021-05-29,"quantile",0.65,14.7138007411671
"23292",2021-05-15,"30","14  day ahead inc hosp",2021-05-29,"quantile",0.7,15.6572911387078
"23293",2021-05-15,"30","14  day ahead inc hosp",2021-05-29,"quantile",0.75,16.7256127766583
"23294",2021-05-15,"30","14  day ahead inc hosp",2021-05-29,"quantile",0.8,17.9785805571371
"23295",2021-05-15,"30","14  day ahead inc hosp",2021-05-29,"quantile",0.85,19.5264720971025
"23296",2021-05-15,"30","14  day ahead inc hosp",2021-05-29,"quantile",0.9,21.613597716399
"23297",2021-05-15,"30","14  day ahead inc hosp",2021-05-29,"quantile",0.95,25.0093142620015
"23298",2021-05-15,"30","14  day ahead inc hosp",2021-05-29,"quantile",0.975,28.265567458536
"23299",2021-05-15,"30","14  day ahead inc hosp",2021-05-29,"quantile",0.99,32.4402962418369
"23300",2021-05-15,"30","15  day ahead inc hosp",2021-05-30,"quantile",0.01,3.23843967211405
"23301",2021-05-15,"30","15  day ahead inc hosp",2021-05-30,"quantile",0.025,4.12709963265092
"23302",2021-05-15,"30","15  day ahead inc hosp",2021-05-30,"quantile",0.05,5.02776947638709
"23303",2021-05-15,"30","15  day ahead inc hosp",2021-05-30,"quantile",0.1,6.24073536310435
"23304",2021-05-15,"30","15  day ahead inc hosp",2021-05-30,"quantile",0.15,7.1748682350374
"23305",2021-05-15,"30","15  day ahead inc hosp",2021-05-30,"quantile",0.2,7.98908131675027
"23306",2021-05-15,"30","15  day ahead inc hosp",2021-05-30,"quantile",0.25,8.74118953887241
"23307",2021-05-15,"30","15  day ahead inc hosp",2021-05-30,"quantile",0.3,9.46076525405494
"23308",2021-05-15,"30","15  day ahead inc hosp",2021-05-30,"quantile",0.35,10.1663869595264
"23309",2021-05-15,"30","15  day ahead inc hosp",2021-05-30,"quantile",0.4,10.8717653081107
"23310",2021-05-15,"30","15  day ahead inc hosp",2021-05-30,"quantile",0.45,11.5885598253666
"23311",2021-05-15,"30","15  day ahead inc hosp",2021-05-30,"quantile",0.5,12.3280328346593
"23312",2021-05-15,"30","15  day ahead inc hosp",2021-05-30,"quantile",0.55,13.1023433931712
"23313",2021-05-15,"30","15  day ahead inc hosp",2021-05-30,"quantile",0.6,13.9259215683851
"23314",2021-05-15,"30","15  day ahead inc hosp",2021-05-30,"quantile",0.65,14.8173448136001
"23315",2021-05-15,"30","15  day ahead inc hosp",2021-05-30,"quantile",0.7,15.8023862182922
"23316",2021-05-15,"30","15  day ahead inc hosp",2021-05-30,"quantile",0.75,16.9196506735557
"23317",2021-05-15,"30","15  day ahead inc hosp",2021-05-30,"quantile",0.8,18.2323809964373
"23318",2021-05-15,"30","15  day ahead inc hosp",2021-05-30,"quantile",0.85,19.8573146958011
"23319",2021-05-15,"30","15  day ahead inc hosp",2021-05-30,"quantile",0.9,22.053378795565
"23320",2021-05-15,"30","15  day ahead inc hosp",2021-05-30,"quantile",0.95,25.6371584827179
"23321",2021-05-15,"30","15  day ahead inc hosp",2021-05-30,"quantile",0.975,29.0845594976106
"23322",2021-05-15,"30","15  day ahead inc hosp",2021-05-30,"quantile",0.99,33.5174525222899
"23323",2021-05-15,"30","16  day ahead inc hosp",2021-05-31,"quantile",0.01,3.09720609652939
"23324",2021-05-15,"30","16  day ahead inc hosp",2021-05-31,"quantile",0.025,3.98247248282383
"23325",2021-05-15,"30","16  day ahead inc hosp",2021-05-31,"quantile",0.05,4.88496913572998
"23326",2021-05-15,"30","16  day ahead inc hosp",2021-05-31,"quantile",0.1,6.10680021928759
"23327",2021-05-15,"30","16  day ahead inc hosp",2021-05-31,"quantile",0.15,7.05175979044478
"23328",2021-05-15,"30","16  day ahead inc hosp",2021-05-31,"quantile",0.2,7.87776300014468
"23329",2021-05-15,"30","16  day ahead inc hosp",2021-05-31,"quantile",0.25,8.64245906278481
"23330",2021-05-15,"30","16  day ahead inc hosp",2021-05-31,"quantile",0.3,9.37544011053479
"23331",2021-05-15,"30","16  day ahead inc hosp",2021-05-31,"quantile",0.35,10.0953786758448
"23332",2021-05-15,"30","16  day ahead inc hosp",2021-05-31,"quantile",0.4,10.8161289007343
"23333",2021-05-15,"30","16  day ahead inc hosp",2021-05-31,"quantile",0.45,11.5495427677652
"23334",2021-05-15,"30","16  day ahead inc hosp",2021-05-31,"quantile",0.5,12.3071354176427
"23335",2021-05-15,"30","16  day ahead inc hosp",2021-05-31,"quantile",0.55,13.1014014487302
"23336",2021-05-15,"30","16  day ahead inc hosp",2021-05-31,"quantile",0.6,13.9472271217355
"23337",2021-05-15,"30","16  day ahead inc hosp",2021-05-31,"quantile",0.65,14.8638314566151
"23338",2021-05-15,"30","16  day ahead inc hosp",2021-05-31,"quantile",0.7,15.8779305024872
"23339",2021-05-15,"30","16  day ahead inc hosp",2021-05-31,"quantile",0.75,17.0295976763957
"23340",2021-05-15,"30","16  day ahead inc hosp",2021-05-31,"quantile",0.8,18.384550337127
"23341",2021-05-15,"30","16  day ahead inc hosp",2021-05-31,"quantile",0.85,20.0641999191083
"23342",2021-05-15,"30","16  day ahead inc hosp",2021-05-31,"quantile",0.9,22.3380731735245
"23343",2021-05-15,"30","16  day ahead inc hosp",2021-05-31,"quantile",0.95,26.0571010150277
"23344",2021-05-15,"30","16  day ahead inc hosp",2021-05-31,"quantile",0.975,29.6428667206703
"23345",2021-05-15,"30","16  day ahead inc hosp",2021-05-31,"quantile",0.99,34.2636982760546
"23346",2021-05-15,"30","17  day ahead inc hosp",2021-06-01,"quantile",0.01,2.97743959586357
"23347",2021-05-15,"30","17  day ahead inc hosp",2021-06-01,"quantile",0.025,3.86025529239852
"23348",2021-05-15,"30","17  day ahead inc hosp",2021-06-01,"quantile",0.05,4.76513828568167
"23349",2021-05-15,"30","17  day ahead inc hosp",2021-06-01,"quantile",0.1,5.99614969048454
"23350",2021-05-15,"30","17  day ahead inc hosp",2021-06-01,"quantile",0.15,6.95192652653014
"23351",2021-05-15,"30","17  day ahead inc hosp",2021-06-01,"quantile",0.2,7.78957348109416
"23352",2021-05-15,"30","17  day ahead inc hosp",2021-06-01,"quantile",0.25,8.56662771057393
"23353",2021-05-15,"30","17  day ahead inc hosp",2021-06-01,"quantile",0.3,9.31272186483821
"23354",2021-05-15,"30","17  day ahead inc hosp",2021-06-01,"quantile",0.35,10.0466308175084
"23355",2021-05-15,"30","17  day ahead inc hosp",2021-06-01,"quantile",0.4,10.782354311747
"23356",2021-05-15,"30","17  day ahead inc hosp",2021-06-01,"quantile",0.45,11.5319349196202
"23357",2021-05-15,"30","17  day ahead inc hosp",2021-06-01,"quantile",0.5,12.3071354176427
"23358",2021-05-15,"30","17  day ahead inc hosp",2021-06-01,"quantile",0.55,13.1207772718176
"23359",2021-05-15,"30","17  day ahead inc hosp",2021-06-01,"quantile",0.6,13.9881898646276
"23360",2021-05-15,"30","17  day ahead inc hosp",2021-06-01,"quantile",0.65,14.9292144381924
"23361",2021-05-15,"30","17  day ahead inc hosp",2021-06-01,"quantile",0.7,15.9714808203579
"23362",2021-05-15,"30","17  day ahead inc hosp",2021-06-01,"quantile",0.75,17.1564849222921
"23363",2021-05-15,"30","17  day ahead inc hosp",2021-06-01,"quantile",0.8,18.5523406558901
"23364",2021-05-15,"30","17  day ahead inc hosp",2021-06-01,"quantile",0.85,20.2849859313784
"23365",2021-05-15,"30","17  day ahead inc hosp",2021-06-01,"quantile",0.9,22.6342135447142
"23366",2021-05-15,"30","17  day ahead inc hosp",2021-06-01,"quantile",0.95,26.484224715802
"23367",2021-05-15,"30","17  day ahead inc hosp",2021-06-01,"quantile",0.975,30.2040152215088
"23368",2021-05-15,"30","17  day ahead inc hosp",2021-06-01,"quantile",0.99,35.0069442319518
"23369",2021-05-15,"30","18  day ahead inc hosp",2021-06-02,"quantile",0.01,2.86378612947915
"23370",2021-05-15,"30","18  day ahead inc hosp",2021-06-02,"quantile",0.025,3.74355679848111
"23371",2021-05-15,"30","18  day ahead inc hosp",2021-06-02,"quantile",0.05,4.65017604566065
"23372",2021-05-15,"30","18  day ahead inc hosp",2021-06-02,"quantile",0.1,5.88947510785899
"23373",2021-05-15,"30","18  day ahead inc hosp",2021-06-02,"quantile",0.15,6.85539153651712
"23374",2021-05-15,"30","18  day ahead inc hosp",2021-06-02,"quantile",0.2,7.70410701491284
"23375",2021-05-15,"30","18  day ahead inc hosp",2021-06-02,"quantile",0.25,8.49300414718697
"23376",2021-05-15,"30","18  day ahead inc hosp",2021-06-02,"quantile",0.3,9.25173451427979
"23377",2021-05-15,"30","18  day ahead inc hosp",2021-06-02,"quantile",0.35,9.99916237458485
"23378",2021-05-15,"30","18  day ahead inc hosp",2021-06-02,"quantile",0.4,10.7494243172979
"23379",2021-05-15,"30","18  day ahead inc hosp",2021-06-02,"quantile",0.45,11.5147469740267
"23380",2021-05-15,"30","18  day ahead inc hosp",2021-06-02,"quantile",0.5,12.3071354176427
"23381",2021-05-15,"30","18  day ahead inc hosp",2021-06-02,"quantile",0.55,13.1397331994071
"23382",2021-05-15,"30","18  day ahead inc hosp",2021-06-02,"quantile",0.6,14.0283081295219
"23383",2021-05-15,"30","18  day ahead inc hosp",2021-06-02,"quantile",0.65,14.9933186279488
"23384",2021-05-15,"30","18  day ahead inc hosp",2021-06-02,"quantile",0.7,16.0633023823559
"23385",2021-05-15,"30","18  day ahead inc hosp",2021-06-02,"quantile",0.75,17.2811702341866
"23386",2021-05-15,"30","18  day ahead inc hosp",2021-06-02,"quantile",0.8,18.7174221149409
"23387",2021-05-15,"30","18  day ahead inc hosp",2021-06-02,"quantile",0.85,20.5025063118288
"23388",2021-05-15,"30","18  day ahead inc hosp",2021-06-02,"quantile",0.9,22.9264542753611
"23389",2021-05-15,"30","18  day ahead inc hosp",2021-06-02,"quantile",0.95,26.9066868785089
"23390",2021-05-15,"30","18  day ahead inc hosp",2021-06-02,"quantile",0.975,30.7600624759987
"23391",2021-05-15,"30","18  day ahead inc hosp",2021-06-02,"quantile",0.99,35.7449056886447
"23392",2021-05-15,"30","19  day ahead inc hosp",2021-06-03,"quantile",0.01,2.75578417256206
"23393",2021-05-15,"30","19  day ahead inc hosp",2021-06-03,"quantile",0.025,3.63197684827836
"23394",2021-05-15,"30","19  day ahead inc hosp",2021-06-03,"quantile",0.05,4.53973972840415
"23395",2021-05-15,"30","19  day ahead inc hosp",2021-06-03,"quantile",0.1,5.78650446546992
"23396",2021-05-15,"30","19  day ahead inc hosp",2021-06-03,"quantile",0.15,6.76193267537416
"23397",2021-05-15,"30","19  day ahead inc hosp",2021-06-03,"quantile",0.2,7.62118207988736
"23398",2021-05-15,"30","19  day ahead inc hosp",2021-06-03,"quantile",0.25,8.4214422697211
"23399",2021-05-15,"30","19  day ahead inc hosp",2021-06-03,"quantile",0.3,9.19236412028103
"23400",2021-05-15,"30","19  day ahead inc hosp",2021-06-03,"quantile",0.35,9.95288944775117
"23401",2021-05-15,"30","19  day ahead inc hosp",2021-06-03,"quantile",0.4,10.7172836753234
"23402",2021-05-15,"30","19  day ahead inc hosp",2021-06-03,"quantile",0.45,11.4979515083081
"23403",2021-05-15,"30","19  day ahead inc hosp",2021-06-03,"quantile",0.5,12.3071354176427
"23404",2021-05-15,"30","19  day ahead inc hosp",2021-06-03,"quantile",0.55,13.1582966541755
"23405",2021-05-15,"30","19  day ahead inc hosp",2021-06-03,"quantile",0.6,14.0676371584818
"23406",2021-05-15,"30","19  day ahead inc hosp",2021-06-03,"quantile",0.65,15.0562279252074
"23407",2021-05-15,"30","19  day ahead inc hosp",2021-06-03,"quantile",0.7,16.1535091270598
"23408",2021-05-15,"30","19  day ahead inc hosp",2021-06-03,"quantile",0.75,17.4037997149817
"23409",2021-05-15,"30","19  day ahead inc hosp",2021-06-03,"quantile",0.8,18.8799762359927
"23410",2021-05-15,"30","19  day ahead inc hosp",2021-06-03,"quantile",0.85,20.716983205491
"23411",2021-05-15,"30","19  day ahead inc hosp",2021-06-03,"quantile",0.9,23.2150673714061
"23412",2021-05-15,"30","19  day ahead inc hosp",2021-06-03,"quantile",0.95,27.3248301904112
"23413",2021-05-15,"30","19  day ahead inc hosp",2021-06-03,"quantile",0.975,31.3114086369332
"23414",2021-05-15,"30","19  day ahead inc hosp",2021-06-03,"quantile",0.99,36.4780441709474
"23415",2021-05-15,"30","20  day ahead inc hosp",2021-06-04,"quantile",0.01,2.65302219466892
"23416",2021-05-15,"30","20  day ahead inc hosp",2021-06-04,"quantile",0.025,3.52515813271778
"23417",2021-05-15,"30","20  day ahead inc hosp",2021-06-04,"quantile",0.05,4.43352304118464
"23418",2021-05-15,"30","20  day ahead inc hosp",2021-06-04,"quantile",0.1,5.68699443347584
"23419",2021-05-15,"30","20  day ahead inc hosp",2021-06-04,"quantile",0.15,6.67135112773275
"23420",2021-05-15,"30","20  day ahead inc hosp",2021-06-04,"quantile",0.2,7.54063617117185
"23421",2021-05-15,"30","20  day ahead inc hosp",2021-06-04,"quantile",0.25,8.35181125587065
"23422",2021-05-15,"30","20  day ahead inc hosp",2021-06-04,"quantile",0.3,9.13450864675028
"23423",2021-05-15,"30","20  day ahead inc hosp",2021-06-04,"quantile",0.35,9.90773689488012
"23424",2021-05-15,"30","20  day ahead inc hosp",2021-06-04,"quantile",0.4,10.6858829066081
"23425",2021-05-15,"30","20  day ahead inc hosp",2021-06-04,"quantile",0.45,11.4815239596157
"23426",2021-05-15,"30","20  day ahead inc hosp",2021-06-04,"quantile",0.5,12.3071354176427
"23427",2021-05-15,"30","20  day ahead inc hosp",2021-06-04,"quantile",0.55,13.1764921989714
"23428",2021-05-15,"30","20  day ahead inc hosp",2021-06-04,"quantile",0.6,14.1062264307228
"23429",2021-05-15,"30","20  day ahead inc hosp",2021-06-04,"quantile",0.65,15.1180174720954
"23430",2021-05-15,"30","20  day ahead inc hosp",2021-06-04,"quantile",0.7,16.2422030905613
"23431",2021-05-15,"30","20  day ahead inc hosp",2021-06-04,"quantile",0.75,17.5245041869833
"23432",2021-05-15,"30","20  day ahead inc hosp",2021-06-04,"quantile",0.8,19.0401655238915
"23433",2021-05-15,"30","20  day ahead inc hosp",2021-06-04,"quantile",0.85,20.9286154277335
"23434",2021-05-15,"30","20  day ahead inc hosp",2021-06-04,"quantile",0.9,23.5002961626909
"23435",2021-05-15,"30","20  day ahead inc hosp",2021-06-04,"quantile",0.95,27.7389609442365
"23436",2021-05-15,"30","20  day ahead inc hosp",2021-06-04,"quantile",0.975,31.8584110133847
"23437",2021-05-15,"30","20  day ahead inc hosp",2021-06-04,"quantile",0.99,37.2067712093032
"23438",2021-05-15,"30","21  day ahead inc hosp",2021-06-05,"quantile",0.01,2.55513153972936
"23439",2021-05-15,"30","21  day ahead inc hosp",2021-06-05,"quantile",0.025,3.42278011390018
"23440",2021-05-15,"30","21  day ahead inc hosp",2021-06-05,"quantile",0.05,4.33125094470794
"23441",2021-05-15,"30","21  day ahead inc hosp",2021-06-05,"quantile",0.1,5.59072631984529
"23442",2021-05-15,"30","21  day ahead inc hosp",2021-06-05,"quantile",0.15,6.58346812784977
"23443",2021-05-15,"30","21  day ahead inc hosp",2021-06-05,"quantile",0.2,7.46232312988609
"23444",2021-05-15,"30","21  day ahead inc hosp",2021-06-05,"quantile",0.25,8.28399341931696
"23445",2021-05-15,"30","21  day ahead inc hosp",2021-06-05,"quantile",0.3,9.07807629043131
"23446",2021-05-15,"30","21  day ahead inc hosp",2021-06-05,"quantile",0.35,9.86363710303874
"23447",2021-05-15,"30","21  day ahead inc hosp",2021-06-05,"quantile",0.4,10.6551774868642
"23448",2021-05-15,"30","21  day ahead inc hosp",2021-06-05,"quantile",0.45,11.4654422240509
"23449",2021-05-15,"30","21  day ahead inc hosp",2021-06-05,"quantile",0.5,12.3071354176427
"23450",2021-05-15,"30","21  day ahead inc hosp",2021-06-05,"quantile",0.55,13.1943419376934
"23451",2021-05-15,"30","21  day ahead inc hosp",2021-06-05,"quantile",0.6,14.1441204705326
"23452",2021-05-15,"30","21  day ahead inc hosp",2021-06-05,"quantile",0.65,15.1787548815458
"23453",2021-05-15,"30","21  day ahead inc hosp",2021-06-05,"quantile",0.7,16.3294760761166
"23454",2021-05-15,"30","21  day ahead inc hosp",2021-06-05,"quantile",0.75,17.64340133651
"23455",2021-05-15,"30","21  day ahead inc hosp",2021-06-05,"quantile",0.8,19.1981361375173
"23456",2021-05-15,"30","21  day ahead inc hosp",2021-06-05,"quantile",0.85,21.1375817442994
"23457",2021-05-15,"30","21  day ahead inc hosp",2021-06-05,"quantile",0.9,23.7823593412468
"23458",2021-05-15,"30","21  day ahead inc hosp",2021-06-05,"quantile",0.95,28.149354179279
"23459",2021-05-15,"30","21  day ahead inc hosp",2021-06-05,"quantile",0.975,32.4013901432525
"23460",2021-05-15,"30","21  day ahead inc hosp",2021-06-05,"quantile",0.99,37.9314554597825
"23461",2021-05-15,"30","22  day ahead inc hosp",2021-06-06,"quantile",0.01,2.46222675848885
"23462",2021-05-15,"30","22  day ahead inc hosp",2021-06-06,"quantile",0.025,3.32511299357924
"23463",2021-05-15,"30","22  day ahead inc hosp",2021-06-06,"quantile",0.05,4.23334538013509
"23464",2021-05-15,"30","22  day ahead inc hosp",2021-06-06,"quantile",0.1,5.49831784845492
"23465",2021-05-15,"30","22  day ahead inc hosp",2021-06-06,"quantile",0.15,6.49904627576414
"23466",2021-05-15,"30","22  day ahead inc hosp",2021-06-06,"quantile",0.2,7.38712813195557
"23467",2021-05-15,"30","22  day ahead inc hosp",2021-06-06,"quantile",0.25,8.21898438802983
"23468",2021-05-15,"30","22  day ahead inc hosp",2021-06-06,"quantile",0.3,9.02416606533444
"23469",2021-05-15,"30","22  day ahead inc hosp",2021-06-06,"quantile",0.35,9.82178845701691
"23470",2021-05-15,"30","22  day ahead inc hosp",2021-06-06,"quantile",0.4,10.6264632868659
"23471",2021-05-15,"30","22  day ahead inc hosp",2021-06-06,"quantile",0.45,11.4510994671875
"23472",2021-05-15,"30","22  day ahead inc hosp",2021-06-06,"quantile",0.5,12.3086272085769
"23473",2021-05-15,"30","22  day ahead inc hosp",2021-06-06,"quantile",0.55,13.2134391519646
"23474",2021-05-15,"30","22  day ahead inc hosp",2021-06-06,"quantile",0.6,14.1830186357051
"23475",2021-05-15,"30","22  day ahead inc hosp",2021-06-06,"quantile",0.65,15.2402522917256
"23476",2021-05-15,"30","22  day ahead inc hosp",2021-06-06,"quantile",0.7,16.417262551199
"23477",2021-05-15,"30","22  day ahead inc hosp",2021-06-06,"quantile",0.75,17.7625616683374
"23478",2021-05-15,"30","22  day ahead inc hosp",2021-06-06,"quantile",0.8,19.3561150127667
"23479",2021-05-15,"30","22  day ahead inc hosp",2021-06-06,"quantile",0.85,21.3462980558385
"23480",2021-05-15,"30","22  day ahead inc hosp",2021-06-06,"quantile",0.9,24.063920783517
"23481",2021-05-15,"30","22  day ahead inc hosp",2021-06-06,"quantile",0.95,28.5590624729429
"23482",2021-05-15,"30","22  day ahead inc hosp",2021-06-06,"quantile",0.975,32.9437564618407
"23483",2021-05-15,"30","22  day ahead inc hosp",2021-06-06,"quantile",0.99,38.6559479734319
"23484",2021-05-15,"30","23  day ahead inc hosp",2021-06-07,"quantile",0.01,2.37310372300415
"23485",2021-05-15,"30","23  day ahead inc hosp",2021-06-07,"quantile",0.025,3.2307656746603
"23486",2021-05-15,"30","23  day ahead inc hosp",2021-06-07,"quantile",0.05,4.13823051947728
"23487",2021-05-15,"30","23  day ahead inc hosp",2021-06-07,"quantile",0.1,5.40794985336335
"23488",2021-05-15,"30","23  day ahead inc hosp",2021-06-07,"quantile",0.15,6.41608231158533
"23489",2021-05-15,"30","23  day ahead inc hosp",2021-06-07,"quantile",0.2,7.31288938735926
"23490",2021-05-15,"30","23  day ahead inc hosp",2021-06-07,"quantile",0.25,8.1544773307551
"23491",2021-05-15,"30","23  day ahead inc hosp",2021-06-07,"quantile",0.3,8.97033350244488
"23492",2021-05-15,"30","23  day ahead inc hosp",2021-06-07,"quantile",0.35,9.77961250049121
"23493",2021-05-15,"30","23  day ahead inc hosp",2021-06-07,"quantile",0.4,10.5970288072592
"23494",2021-05-15,"30","23  day ahead inc hosp",2021-06-07,"quantile",0.45,11.4356498500829
"23495",2021-05-15,"30","23  day ahead inc hosp",2021-06-07,"quantile",0.5,12.3086272085769
"23496",2021-05-15,"30","23  day ahead inc hosp",2021-06-07,"quantile",0.55,13.2306568934728
"23497",2021-05-15,"30","23  day ahead inc hosp",2021-06-07,"quantile",0.6,14.2196424039457
"23498",2021-05-15,"30","23  day ahead inc hosp",2021-06-07,"quantile",0.65,15.2990681204118
"23499",2021-05-15,"30","23  day ahead inc hosp",2021-06-07,"quantile",0.7,16.5019418876767
"23500",2021-05-15,"30","23  day ahead inc hosp",2021-06-07,"quantile",0.75,17.8781628349287
"23501",2021-05-15,"30","23  day ahead inc hosp",2021-06-07,"quantile",0.8,19.5100445219428
"23502",2021-05-15,"30","23  day ahead inc hosp",2021-06-07,"quantile",0.85,21.5504179091682
"23503",2021-05-15,"30","23  day ahead inc hosp",2021-06-07,"quantile",0.9,24.3402475981559
"23504",2021-05-15,"30","23  day ahead inc hosp",2021-06-07,"quantile",0.95,28.9627309729387
"23505",2021-05-15,"30","23  day ahead inc hosp",2021-06-07,"quantile",0.975,33.4795658560573
"23506",2021-05-15,"30","23  day ahead inc hosp",2021-06-07,"quantile",0.99,39.3735583937943
"23507",2021-05-15,"30","24  day ahead inc hosp",2021-06-08,"quantile",0.01,2.28794972269738
"23508",2021-05-15,"30","24  day ahead inc hosp",2021-06-08,"quantile",0.025,3.14007235330413
"23509",2021-05-15,"30","24  day ahead inc hosp",2021-06-08,"quantile",0.05,4.04638393524719
"23510",2021-05-15,"30","24  day ahead inc hosp",2021-06-08,"quantile",0.1,5.32028510381951
"23511",2021-05-15,"30","24  day ahead inc hosp",2021-06-08,"quantile",0.15,6.33537617959182
"23512",2021-05-15,"30","24  day ahead inc hosp",2021-06-08,"quantile",0.2,7.24052298066643
"23513",2021-05-15,"30","24  day ahead inc hosp",2021-06-08,"quantile",0.25,8.09149304390299
"23514",2021-05-15,"30","24  day ahead inc hosp",2021-06-08,"quantile",0.3,8.91769745911949
"23515",2021-05-15,"30","24  day ahead inc hosp",2021-06-08,"quantile",0.35,9.73832238496666
"23516",2021-05-15,"30","24  day ahead inc hosp",2021-06-08,"quantile",0.4,10.568179743229
"23517",2021-05-15,"30","24  day ahead inc hosp",2021-06-08,"quantile",0.45,11.4204914662411
"23518",2021-05-15,"30","24  day ahead inc hosp",2021-06-08,"quantile",0.5,12.3086272085769
"23519",2021-05-15,"30","24  day ahead inc hosp",2021-06-08,"quantile",0.55,13.247583408772
"23520",2021-05-15,"30","24  day ahead inc hosp",2021-06-08,"quantile",0.6,14.2556808731501
"23521",2021-05-15,"30","24  day ahead inc hosp",2021-06-08,"quantile",0.65,15.3569987316889
"23522",2021-05-15,"30","24  day ahead inc hosp",2021-06-08,"quantile",0.7,16.5854268438558
"23523",2021-05-15,"30","24  day ahead inc hosp",2021-06-08,"quantile",0.75,17.9922470859193
"23524",2021-05-15,"30","24  day ahead inc hosp",2021-06-08,"quantile",0.8,19.6621158863722
"23525",2021-05-15,"30","24  day ahead inc hosp",2021-06-08,"quantile",0.85,21.7523125723945
"23526",2021-05-15,"30","24  day ahead inc hosp",2021-06-08,"quantile",0.9,24.6139474728817
"23527",2021-05-15,"30","24  day ahead inc hosp",2021-06-08,"quantile",0.95,29.3633382684668
"23528",2021-05-15,"30","24  day ahead inc hosp",2021-06-08,"quantile",0.975,34.0121387028703
"23529",2021-05-15,"30","24  day ahead inc hosp",2021-06-08,"quantile",0.99,40.0880283140559
"23530",2021-05-15,"30","25  day ahead inc hosp",2021-06-09,"quantile",0.01,2.20651778235415
"23531",2021-05-15,"30","25  day ahead inc hosp",2021-06-09,"quantile",0.025,3.05281704549444
"23532",2021-05-15,"30","25  day ahead inc hosp",2021-06-09,"quantile",0.05,3.9576195689982
"23533",2021-05-15,"30","25  day ahead inc hosp",2021-06-09,"quantile",0.1,5.23517513693164
"23534",2021-05-15,"30","25  day ahead inc hosp",2021-06-09,"quantile",0.15,6.25680630038687
"23535",2021-05-15,"30","25  day ahead inc hosp",2021-06-09,"quantile",0.2,7.16992939414343
"23536",2021-05-15,"30","25  day ahead inc hosp",2021-06-09,"quantile",0.25,8.02995133327548
"23537",2021-05-15,"30","25  day ahead inc hosp",2021-06-09,"quantile",0.3,8.8661953438225
"23538",2021-05-15,"30","25  day ahead inc hosp",2021-06-09,"quantile",0.35,9.69787199404233
"23539",2021-05-15,"30","25  day ahead inc hosp",2021-06-09,"quantile",0.4,10.5398857185272
"23540",2021-05-15,"30","25  day ahead inc hosp",2021-06-09,"quantile",0.45,11.4056092332817
"23541",2021-05-15,"30","25  day ahead inc hosp",2021-06-09,"quantile",0.5,12.3086272085769
"23542",2021-05-15,"30","25  day ahead inc hosp",2021-06-09,"quantile",0.55,13.2642337802425
"23543",2021-05-15,"30","25  day ahead inc hosp",2021-06-09,"quantile",0.6,14.2911644195664
"23544",2021-05-15,"30","25  day ahead inc hosp",2021-06-09,"quantile",0.65,15.4140902419578
"23545",2021-05-15,"30","25  day ahead inc hosp",2021-06-09,"quantile",0.7,16.667780011272
"23546",2021-05-15,"30","25  day ahead inc hosp",2021-06-09,"quantile",0.75,18.1048946155071
"23547",2021-05-15,"30","25  day ahead inc hosp",2021-06-09,"quantile",0.8,19.8124286237886
"23548",2021-05-15,"30","25  day ahead inc hosp",2021-06-09,"quantile",0.85,21.9521036249141
"23549",2021-05-15,"30","25  day ahead inc hosp",2021-06-09,"quantile",0.9,24.8851688705862
"23550",2021-05-15,"30","25  day ahead inc hosp",2021-06-09,"quantile",0.95,29.7610704179737
"23551",2021-05-15,"30","25  day ahead inc hosp",2021-06-09,"quantile",0.975,34.5416909862961
"23552",2021-05-15,"30","25  day ahead inc hosp",2021-06-09,"quantile",0.99,40.799604709431
"23553",2021-05-15,"30","26  day ahead inc hosp",2021-06-10,"quantile",0.01,2.12858257362045
"23554",2021-05-15,"30","26  day ahead inc hosp",2021-06-10,"quantile",0.025,2.96880240715651
"23555",2021-05-15,"30","26  day ahead inc hosp",2021-06-10,"quantile",0.05,3.87176724962935
"23556",2021-05-15,"30","26  day ahead inc hosp",2021-06-10,"quantile",0.1,5.15248404617247
"23557",2021-05-15,"30","26  day ahead inc hosp",2021-06-10,"quantile",0.15,6.18026132629387
"23558",2021-05-15,"30","26  day ahead inc hosp",2021-06-10,"quantile",0.2,7.10101745882918
"23559",2021-05-15,"30","26  day ahead inc hosp",2021-06-10,"quantile",0.25,7.96977871786353
"23560",2021-05-15,"30","26  day ahead inc hosp",2021-06-10,"quantile",0.3,8.81576979670421
"23561",2021-05-15,"30","26  day ahead inc hosp",2021-06-10,"quantile",0.35,9.65821906184232
"23562",2021-05-15,"30","26  day ahead inc hosp",2021-06-10,"quantile",0.4,10.5121188914058
"23563",2021-05-15,"30","26  day ahead inc hosp",2021-06-10,"quantile",0.45,11.3909893267431
"23564",2021-05-15,"30","26  day ahead inc hosp",2021-06-10,"quantile",0.5,12.3086272085769
"23565",2021-05-15,"30","26  day ahead inc hosp",2021-06-10,"quantile",0.55,13.2806218323459
"23566",2021-05-15,"30","26  day ahead inc hosp",2021-06-10,"quantile",0.6,14.3261208849425
"23567",2021-05-15,"30","26  day ahead inc hosp",2021-06-10,"quantile",0.65,15.4703849170945
"23568",2021-05-15,"30","26  day ahead inc hosp",2021-06-10,"quantile",0.7,16.7490587497751
"23569",2021-05-15,"30","26  day ahead inc hosp",2021-06-10,"quantile",0.75,18.2161789047011
"23570",2021-05-15,"30","26  day ahead inc hosp",2021-06-10,"quantile",0.8,19.9610739031531
"23571",2021-05-15,"30","26  day ahead inc hosp",2021-06-10,"quantile",0.85,22.1499024144036
"23572",2021-05-15,"30","26  day ahead inc hosp",2021-06-10,"quantile",0.9,25.1540476977967
"23573",2021-05-15,"30","26  day ahead inc hosp",2021-06-10,"quantile",0.95,30.1560975925604
"23574",2021-05-15,"30","26  day ahead inc hosp",2021-06-10,"quantile",0.975,35.0684200504094
"23575",2021-05-15,"30","26  day ahead inc hosp",2021-06-10,"quantile",0.99,41.5085129082737
"23576",2021-05-15,"30","27  day ahead inc hosp",2021-06-11,"quantile",0.01,2.05393791809043
"23577",2021-05-15,"30","27  day ahead inc hosp",2021-06-11,"quantile",0.025,2.88784759748153
"23578",2021-05-15,"30","27  day ahead inc hosp",2021-06-11,"quantile",0.05,3.78867088019281
"23579",2021-05-15,"30","27  day ahead inc hosp",2021-06-11,"quantile",0.1,5.07208705405784
"23580",2021-05-15,"30","27  day ahead inc hosp",2021-06-11,"quantile",0.15,6.10563898071869
"23581",2021-05-15,"30","27  day ahead inc hosp",2021-06-11,"quantile",0.2,7.03370340875325
"23582",2021-05-15,"30","27  day ahead inc hosp",2021-06-11,"quantile",0.25,7.91090767004829
"23583",2021-05-15,"30","27  day ahead inc hosp",2021-06-11,"quantile",0.3,8.76636809786255
"23584",2021-05-15,"30","27  day ahead inc hosp",2021-06-11,"quantile",0.35,9.61932473769381
"23585",2021-05-15,"30","27  day ahead inc hosp",2021-06-11,"quantile",0.4,10.4848536681655
"23586",2021-05-15,"30","27  day ahead inc hosp",2021-06-11,"quantile",0.45,11.3766190379357
"23587",2021-05-15,"30","27  day ahead inc hosp",2021-06-11,"quantile",0.5,12.3086272085769
"23588",2021-05-15,"30","27  day ahead inc hosp",2021-06-11,"quantile",0.55,13.2967602737718
"23589",2021-05-15,"30","27  day ahead inc hosp",2021-06-11,"quantile",0.6,14.3605758629779
"23590",2021-05-15,"30","27  day ahead inc hosp",2021-06-11,"quantile",0.65,15.5259216077717
"23591",2021-05-15,"30","27  day ahead inc hosp",2021-06-11,"quantile",0.7,16.829315779267
"23592",2021-05-15,"30","27  day ahead inc hosp",2021-06-11,"quantile",0.75,18.3261674811203
"23593",2021-05-15,"30","27  day ahead inc hosp",2021-06-11,"quantile",0.8,20.1081354904362
"23594",2021-05-15,"30","27  day ahead inc hosp",2021-06-11,"quantile",0.85,22.3458112174571
"23595",2021-05-15,"30","27  day ahead inc hosp",2021-06-11,"quantile",0.9,25.4207087319973
"23596",2021-05-15,"30","27  day ahead inc hosp",2021-06-11,"quantile",0.95,30.5485758891747
"23597",2021-05-15,"30","27  day ahead inc hosp",2021-06-11,"quantile",0.975,35.592506736019
"23598",2021-05-15,"30","27  day ahead inc hosp",2021-06-11,"quantile",0.99,42.2149590889897
"23599",2021-05-15,"30","28  day ahead inc hosp",2021-06-12,"quantile",0.01,1.98239464582666
"23600",2021-05-15,"30","28  day ahead inc hosp",2021-06-12,"quantile",0.025,2.80978644537742
"23601",2021-05-15,"30","28  day ahead inc hosp",2021-06-12,"quantile",0.05,3.70818688132211
"23602",2021-05-15,"30","28  day ahead inc hosp",2021-06-12,"quantile",0.1,4.99386928639139
"23603",2021-05-15,"30","28  day ahead inc hosp",2021-06-12,"quantile",0.15,6.03284506122763
"23604",2021-05-15,"30","28  day ahead inc hosp",2021-06-12,"quantile",0.2,6.96791006846436
"23605",2021-05-15,"30","28  day ahead inc hosp",2021-06-12,"quantile",0.25,7.85327596284336
"23606",2021-05-15,"30","28  day ahead inc hosp",2021-06-12,"quantile",0.3,8.71794165893944
"23607",2021-05-15,"30","28  day ahead inc hosp",2021-06-12,"quantile",0.35,9.58115321209603
"23608",2021-05-15,"30","28  day ahead inc hosp",2021-06-12,"quantile",0.4,10.458066457027
"23609",2021-05-15,"30","28  day ahead inc hosp",2021-06-12,"quantile",0.45,11.3624866518037
"23610",2021-05-15,"30","28  day ahead inc hosp",2021-06-12,"quantile",0.5,12.3086272085769
"23611",2021-05-15,"30","28  day ahead inc hosp",2021-06-12,"quantile",0.55,13.3126608195761
"23612",2021-05-15,"30","28  day ahead inc hosp",2021-06-12,"quantile",0.6,14.3945529454517
"23613",2021-05-15,"30","28  day ahead inc hosp",2021-06-12,"quantile",0.65,15.5807361234902
"23614",2021-05-15,"30","28  day ahead inc hosp",2021-06-12,"quantile",0.7,16.908599688106
"23615",2021-05-15,"30","28  day ahead inc hosp",2021-06-12,"quantile",0.75,18.4349225717511
"23616",2021-05-15,"30","28  day ahead inc hosp",2021-06-12,"quantile",0.8,20.2536905610891
"23617",2021-05-15,"30","28  day ahead inc hosp",2021-06-12,"quantile",0.85,22.5399242365085
"23618",2021-05-15,"30","28  day ahead inc hosp",2021-06-12,"quantile",0.9,25.6852668473844
"23619",2021-05-15,"30","28  day ahead inc hosp",2021-06-12,"quantile",0.95,30.9386488871832
"23620",2021-05-15,"30","28  day ahead inc hosp",2021-06-12,"quantile",0.975,36.1141172142169
"23621",2021-05-15,"30","28  day ahead inc hosp",2021-06-12,"quantile",0.99,42.9191324215167
"23622",2021-05-15,"30","29  day ahead inc hosp",2021-06-13,"quantile",0.01,1.91384031592278
"23623",2021-05-15,"30","29  day ahead inc hosp",2021-06-13,"quantile",0.025,2.73454632792184
"23624",2021-05-15,"30","29  day ahead inc hosp",2021-06-13,"quantile",0.05,3.63028235908698
"23625",2021-05-15,"30","29  day ahead inc hosp",2021-06-13,"quantile",0.1,4.91784966733332
"23626",2021-05-15,"30","29  day ahead inc hosp",2021-06-13,"quantile",0.15,5.96193694196731
"23627",2021-05-15,"30","29  day ahead inc hosp",2021-06-13,"quantile",0.2,6.90372730081027
"23628",2021-05-15,"30","29  day ahead inc hosp",2021-06-13,"quantile",0.25,7.79700265370447
"23629",2021-05-15,"30","29  day ahead inc hosp",2021-06-13,"quantile",0.3,8.67063676917783
"23630",2021-05-15,"30","29  day ahead inc hosp",2021-06-13,"quantile",0.35,9.54387684527019
"23631",2021-05-15,"30","29  day ahead inc hosp",2021-06-13,"quantile",0.4,10.4319550848059
"23632",2021-05-15,"30","29  day ahead inc hosp",2021-06-13,"quantile",0.45,11.3488152945418
"23633",2021-05-15,"30","29  day ahead inc hosp",2021-06-13,"quantile",0.5,12.3088758535838
"23634",2021-05-15,"30","29  day ahead inc hosp",2021-06-13,"quantile",0.55,13.3285982361386
"23635",2021-05-15,"30","29  day ahead inc hosp",2021-06-13,"quantile",0.6,14.4283540447906
"23636",2021-05-15,"30","29  day ahead inc hosp",2021-06-13,"quantile",0.65,15.6351590595862
"23637",2021-05-15,"30","29  day ahead inc hosp",2021-06-13,"quantile",0.7,16.9872719706418
"23638",2021-05-15,"30","29  day ahead inc hosp",2021-06-13,"quantile",0.75,18.5428397690877
"23639",2021-05-15,"30","29  day ahead inc hosp",2021-06-13,"quantile",0.8,20.3981735713282
"23640",2021-05-15,"30","29  day ahead inc hosp",2021-06-13,"quantile",0.85,22.7327223776409
"23641",2021-05-15,"30","29  day ahead inc hosp",2021-06-13,"quantile",0.9,25.9482630812394
"23642",2021-05-15,"30","29  day ahead inc hosp",2021-06-13,"quantile",0.95,31.3269500114653
"23643",2021-05-15,"30","29  day ahead inc hosp",2021-06-13,"quantile",0.975,36.6339679843124
"23644",2021-05-15,"30","29  day ahead inc hosp",2021-06-13,"quantile",0.99,43.6218491494598
"23645",2021-05-15,"30","30  day ahead inc hosp",2021-06-14,"quantile",0.01,1.84798975718685
"23646",2021-05-15,"30","30  day ahead inc hosp",2021-06-14,"quantile",0.025,2.66182335133132
"23647",2021-05-15,"30","30  day ahead inc hosp",2021-06-14,"quantile",0.05,3.5546343386456
"23648",2021-05-15,"30","30  day ahead inc hosp",2021-06-14,"quantile",0.1,4.84367877422364
"23649",2021-05-15,"30","30  day ahead inc hosp",2021-06-14,"quantile",0.15,5.89254411339384
"23650",2021-05-15,"30","30  day ahead inc hosp",2021-06-14,"quantile",0.2,6.84076569824307
"23651",2021-05-15,"30","30  day ahead inc hosp",2021-06-14,"quantile",0.25,7.74168046575921
"23652",2021-05-15,"30","30  day ahead inc hosp",2021-06-14,"quantile",0.3,8.6240287031982
"23653",2021-05-15,"30","30  day ahead inc hosp",2021-06-14,"quantile",0.35,9.50705348610496
"23654",2021-05-15,"30","30  day ahead inc hosp",2021-06-14,"quantile",0.4,10.4060596866937
"23655",2021-05-15,"30","30  day ahead inc hosp",2021-06-14,"quantile",0.45,11.3351268180849
"23656",2021-05-15,"30","30  day ahead inc hosp",2021-06-14,"quantile",0.5,12.3088758535838
"23657",2021-05-15,"30","30  day ahead inc hosp",2021-06-14,"quantile",0.55,13.344054904232
"23658",2021-05-15,"30","30  day ahead inc hosp",2021-06-14,"quantile",0.6,14.4614396199012
"23659",2021-05-15,"30","30  day ahead inc hosp",2021-06-14,"quantile",0.65,15.6886268239538
"23660",2021-05-15,"30","30  day ahead inc hosp",2021-06-14,"quantile",0.7,17.064742096044
"23661",2021-05-15,"30","30  day ahead inc hosp",2021-06-14,"quantile",0.75,18.6492975645615
"23662",2021-05-15,"30","30  day ahead inc hosp",2021-06-14,"quantile",0.8,20.5409260915749
"23663",2021-05-15,"30","30  day ahead inc hosp",2021-06-14,"quantile",0.85,22.9235008046772
"23664",2021-05-15,"30","30  day ahead inc hosp",2021-06-14,"quantile",0.9,26.2089287905973
"23665",2021-05-15,"30","30  day ahead inc hosp",2021-06-14,"quantile",0.95,31.7126042344938
"23666",2021-05-15,"30","30  day ahead inc hosp",2021-06-14,"quantile",0.975,37.1510795313801
"23667",2021-05-15,"30","30  day ahead inc hosp",2021-06-14,"quantile",0.99,44.3219929585852
"23668",2021-05-15,"30","31  day ahead inc hosp",2021-06-15,"quantile",0.01,1.78475791321092
"23669",2021-05-15,"30","31  day ahead inc hosp",2021-06-15,"quantile",0.025,2.59156879182531
"23670",2021-05-15,"30","31  day ahead inc hosp",2021-06-15,"quantile",0.05,3.48123053177496
"23671",2021-05-15,"30","31  day ahead inc hosp",2021-06-15,"quantile",0.1,4.77139203553595
"23672",2021-05-15,"30","31  day ahead inc hosp",2021-06-15,"quantile",0.15,5.82473752152394
"23673",2021-05-15,"30","31  day ahead inc hosp",2021-06-15,"quantile",0.2,6.77912627932827
"23674",2021-05-15,"30","31  day ahead inc hosp",2021-06-15,"quantile",0.25,7.68743748398992
"23675",2021-05-15,"30","31  day ahead inc hosp",2021-06-15,"quantile",0.3,8.57827082636483
"23676",2021-05-15,"30","31  day ahead inc hosp",2021-06-15,"quantile",0.35,9.47086073121059
"23677",2021-05-15,"30","31  day ahead inc hosp",2021-06-15,"quantile",0.4,10.3805815542457
"23678",2021-05-15,"30","31  day ahead inc hosp",2021-06-15,"quantile",0.45,11.3216460770599
"23679",2021-05-15,"30","31  day ahead inc hosp",2021-06-15,"quantile",0.5,12.3088758535838
"23680",2021-05-15,"30","31  day ahead inc hosp",2021-06-15,"quantile",0.55,13.3593038439473
"23681",2021-05-15,"30","31  day ahead inc hosp",2021-06-15,"quantile",0.6,14.4941080458879
"23682",2021-05-15,"30","31  day ahead inc hosp",2021-06-15,"quantile",0.65,15.7414646076426
"23683",2021-05-15,"30","31  day ahead inc hosp",2021-06-15,"quantile",0.7,17.1413641715655
"23684",2021-05-15,"30","31  day ahead inc hosp",2021-06-15,"quantile",0.75,18.7546820086812
"23685",2021-05-15,"30","31  day ahead inc hosp",2021-06-15,"quantile",0.8,20.6823706213261
"23686",2021-05-15,"30","31  day ahead inc hosp",2021-06-15,"quantile",0.85,23.1127256370917
"23687",2021-05-15,"30","31  day ahead inc hosp",2021-06-15,"quantile",0.9,26.467786651168
"23688",2021-05-15,"30","31  day ahead inc hosp",2021-06-15,"quantile",0.95,32.0962213159115
"23689",2021-05-15,"30","31  day ahead inc hosp",2021-06-15,"quantile",0.975,37.6661401115226
"23690",2021-05-15,"30","31  day ahead inc hosp",2021-06-15,"quantile",0.99,45.0203465880277
"23691",2021-05-15,"30","32  day ahead inc hosp",2021-06-16,"quantile",0.01,1.72400747370303
"23692",2021-05-15,"30","32  day ahead inc hosp",2021-06-16,"quantile",0.025,2.52366129414778
"23693",2021-05-15,"30","32  day ahead inc hosp",2021-06-16,"quantile",0.05,3.40996565187373
"23694",2021-05-15,"30","32  day ahead inc hosp",2021-06-16,"quantile",0.1,4.70090490947088
"23695",2021-05-15,"30","32  day ahead inc hosp",2021-06-16,"quantile",0.15,5.75844770973409
"23696",2021-05-15,"30","32  day ahead inc hosp",2021-06-16,"quantile",0.2,6.71875207552124
"23697",2021-05-15,"30","32  day ahead inc hosp",2021-06-16,"quantile",0.25,7.63422773796947
"23698",2021-05-15,"30","32  day ahead inc hosp",2021-06-16,"quantile",0.3,8.53332722387618
"23699",2021-05-15,"30","32  day ahead inc hosp",2021-06-16,"quantile",0.35,9.43527210119617
"23700",2021-05-15,"30","32  day ahead inc hosp",2021-06-16,"quantile",0.4,10.3555032379991
"23701",2021-05-15,"30","32  day ahead inc hosp",2021-06-16,"quantile",0.45,11.3083644052486
"23702",2021-05-15,"30","32  day ahead inc hosp",2021-06-16,"quantile",0.5,12.3088758535838
"23703",2021-05-15,"30","32  day ahead inc hosp",2021-06-16,"quantile",0.55,13.3743537215026
"23704",2021-05-15,"30","32  day ahead inc hosp",2021-06-16,"quantile",0.6,14.5263767722134
"23705",2021-05-15,"30","32  day ahead inc hosp",2021-06-16,"quantile",0.65,15.7936988900436
"23706",2021-05-15,"30","32  day ahead inc hosp",2021-06-16,"quantile",0.7,17.2171741120079
"23707",2021-05-15,"30","32  day ahead inc hosp",2021-06-16,"quantile",0.75,18.8590390718739
"23708",2021-05-15,"30","32  day ahead inc hosp",2021-06-16,"quantile",0.8,20.8225641291265
"23709",2021-05-15,"30","32  day ahead inc hosp",2021-06-16,"quantile",0.85,23.3004663315081
"23710",2021-05-15,"30","32  day ahead inc hosp",2021-06-16,"quantile",0.9,26.7249212047507
"23711",2021-05-15,"30","32  day ahead inc hosp",2021-06-16,"quantile",0.95,32.4779065423197
"23712",2021-05-15,"30","32  day ahead inc hosp",2021-06-16,"quantile",0.975,38.1792710799958
"23713",2021-05-15,"30","32  day ahead inc hosp",2021-06-16,"quantile",0.99,45.7170473480793
"23714",2021-05-15,"30","33  day ahead inc hosp",2021-06-17,"quantile",0.01,1.66561102486754
"23715",2021-05-15,"30","33  day ahead inc hosp",2021-06-17,"quantile",0.025,2.45798807406965
"23716",2021-05-15,"30","33  day ahead inc hosp",2021-06-17,"quantile",0.05,3.34074174690727
"23717",2021-05-15,"30","33  day ahead inc hosp",2021-06-17,"quantile",0.1,4.63213867200657
"23718",2021-05-15,"30","33  day ahead inc hosp",2021-06-17,"quantile",0.15,5.6936099710393
"23719",2021-05-15,"30","33  day ahead inc hosp",2021-06-17,"quantile",0.2,6.65958999848028
"23720",2021-05-15,"30","33  day ahead inc hosp",2021-06-17,"quantile",0.25,7.58200837987863
"23721",2021-05-15,"30","33  day ahead inc hosp",2021-06-17,"quantile",0.3,8.48916441583563
"23722",2021-05-15,"30","33  day ahead inc hosp",2021-06-17,"quantile",0.35,9.40026290948998
"23723",2021-05-15,"30","33  day ahead inc hosp",2021-06-17,"quantile",0.4,10.3308084688827
"23724",2021-05-15,"30","33  day ahead inc hosp",2021-06-17,"quantile",0.45,11.2952737223732
"23725",2021-05-15,"30","33  day ahead inc hosp",2021-06-17,"quantile",0.5,12.3088758535838
"23726",2021-05-15,"30","33  day ahead inc hosp",2021-06-17,"quantile",0.55,13.3892126171757
"23727",2021-05-15,"30","33  day ahead inc hosp",2021-06-17,"quantile",0.6,14.558262067949
"23728",2021-05-15,"30","33  day ahead inc hosp",2021-06-17,"quantile",0.65,15.8453543577284
"23729",2021-05-15,"30","33  day ahead inc hosp",2021-06-17,"quantile",0.7,17.2922053972677
"23730",2021-05-15,"30","33  day ahead inc hosp",2021-06-17,"quantile",0.75,18.9624116019589
"23731",2021-05-15,"30","33  day ahead inc hosp",2021-06-17,"quantile",0.8,20.9615597033176
"23732",2021-05-15,"30","33  day ahead inc hosp",2021-06-17,"quantile",0.85,23.4867875949113
"23733",2021-05-15,"30","33  day ahead inc hosp",2021-06-17,"quantile",0.9,26.9804111753673
"23734",2021-05-15,"30","33  day ahead inc hosp",2021-06-17,"quantile",0.95,32.8577578657532
"23735",2021-05-15,"30","33  day ahead inc hosp",2021-06-17,"quantile",0.975,38.6905852210289
"23736",2021-05-15,"30","33  day ahead inc hosp",2021-06-17,"quantile",0.99,46.4122226525355
"23737",2021-05-15,"30","34  day ahead inc hosp",2021-06-18,"quantile",0.01,1.60945011310395
"23738",2021-05-15,"30","34  day ahead inc hosp",2021-06-18,"quantile",0.025,2.39444411399364
"23739",2021-05-15,"30","34  day ahead inc hosp",2021-06-18,"quantile",0.05,3.27346751489576
"23740",2021-05-15,"30","34  day ahead inc hosp",2021-06-18,"quantile",0.1,4.56501987669085
"23741",2021-05-15,"30","34  day ahead inc hosp",2021-06-18,"quantile",0.15,5.63016390823305
"23742",2021-05-15,"30","34  day ahead inc hosp",2021-06-18,"quantile",0.2,6.60159048132829
"23743",2021-05-15,"30","34  day ahead inc hosp",2021-06-18,"quantile",0.25,7.53073939614336
"23744",2021-05-15,"30","34  day ahead inc hosp",2021-06-18,"quantile",0.3,8.44575113257909
"23745",2021-05-15,"30","34  day ahead inc hosp",2021-06-18,"quantile",0.35,9.36581009700779
"23746",2021-05-15,"30","34  day ahead inc hosp",2021-06-18,"quantile",0.4,10.3064820494027
"23747",2021-05-15,"30","34  day ahead inc hosp",2021-06-18,"quantile",0.45,11.2823664800934
"23748",2021-05-15,"30","34  day ahead inc hosp",2021-06-18,"quantile",0.5,12.3088758535838
"23749",2021-05-15,"30","34  day ahead inc hosp",2021-06-18,"quantile",0.55,13.403888079307
"23750",2021-05-15,"30","34  day ahead inc hosp",2021-06-18,"quantile",0.6,14.5897791305885
"23751",2021-05-15,"30","34  day ahead inc hosp",2021-06-18,"quantile",0.65,15.8964540697812
"23752",2021-05-15,"30","34  day ahead inc hosp",2021-06-18,"quantile",0.7,17.366489297009
"23753",2021-05-15,"30","34  day ahead inc hosp",2021-06-18,"quantile",0.75,19.0648396125101
"23754",2021-05-15,"30","34  day ahead inc hosp",2021-06-18,"quantile",0.8,21.0994069107766
"23755",2021-05-15,"30","34  day ahead inc hosp",2021-06-18,"quantile",0.85,23.6717498245079
"23756",2021-05-15,"30","34  day ahead inc hosp",2021-06-18,"quantile",0.9,27.2343300094699
"23757",2021-05-15,"30","34  day ahead inc hosp",2021-06-18,"quantile",0.95,33.2358665881916
"23758",2021-05-15,"30","34  day ahead inc hosp",2021-06-18,"quantile",0.975,39.200187552219
"23759",2021-05-15,"30","34  day ahead inc hosp",2021-06-18,"quantile",0.99,47.1059909549969
"23760",2021-05-15,"30","35  day ahead inc hosp",2021-06-19,"quantile",0.01,1.55541441836593
"23761",2021-05-15,"30","35  day ahead inc hosp",2021-06-19,"quantile",0.025,2.33293145236408
"23762",2021-05-15,"30","35  day ahead inc hosp",2021-06-19,"quantile",0.05,3.20805769898496
"23763",2021-05-15,"30","35  day ahead inc hosp",2021-06-19,"quantile",0.1,4.49947987706481
"23764",2021-05-15,"30","35  day ahead inc hosp",2021-06-19,"quantile",0.15,5.56805304495024
"23765",2021-05-15,"30","35  day ahead inc hosp",2021-06-19,"quantile",0.2,6.5447071614073
"23766",2021-05-15,"30","35  day ahead inc hosp",2021-06-19,"quantile",0.25,7.48038335240372
"23767",2021-05-15,"30","35  day ahead inc hosp",2021-06-19,"quantile",0.3,8.40305811596064
"23768",2021-05-15,"30","35  day ahead inc hosp",2021-06-19,"quantile",0.35,9.33189208591696
"23769",2021-05-15,"30","35  day ahead inc hosp",2021-06-19,"quantile",0.4,10.2825097573959
"23770",2021-05-15,"30","35  day ahead inc hosp",2021-06-19,"quantile",0.45,11.2696356142392
"23771",2021-05-15,"30","35  day ahead inc hosp",2021-06-19,"quantile",0.5,12.3088758535838
"23772",2021-05-15,"30","35  day ahead inc hosp",2021-06-19,"quantile",0.55,13.4183871720665
"23773",2021-05-15,"30","35  day ahead inc hosp",2021-06-19,"quantile",0.6,14.6209421822949
"23774",2021-05-15,"30","35  day ahead inc hosp",2021-06-19,"quantile",0.65,15.9470196040347
"23775",2021-05-15,"30","35  day ahead inc hosp",2021-06-19,"quantile",0.7,17.4400550693778
"23776",2021-05-15,"30","35  day ahead inc hosp",2021-06-19,"quantile",0.75,19.1663605378875
"23777",2021-05-15,"30","35  day ahead inc hosp",2021-06-19,"quantile",0.8,21.2361521141614
"23778",2021-05-15,"30","35  day ahead inc hosp",2021-06-19,"quantile",0.85,23.8554094966628
"23779",2021-05-15,"30","35  day ahead inc hosp",2021-06-19,"quantile",0.9,27.4867463535176
"23780",2021-05-15,"30","35  day ahead inc hosp",2021-06-19,"quantile",0.95,33.6123179664893
"23781",2021-05-15,"30","35  day ahead inc hosp",2021-06-19,"quantile",0.975,39.708176035122
"23782",2021-05-15,"30","35  day ahead inc hosp",2021-06-19,"quantile",0.99,47.7984625755099
"23783",2021-05-15,"30","36  day ahead inc hosp",2021-06-20,"quantile",0.01,1.50340102195562
"23784",2021-05-15,"30","36  day ahead inc hosp",2021-06-20,"quantile",0.025,2.27335855389267
"23785",2021-05-15,"30","36  day ahead inc hosp",2021-06-20,"quantile",0.05,3.14443255110115
"23786",2021-05-15,"30","36  day ahead inc hosp",2021-06-20,"quantile",0.1,4.43545440307732
"23787",2021-05-15,"30","36  day ahead inc hosp",2021-06-20,"quantile",0.15,5.50722448063415
"23788",2021-05-15,"30","36  day ahead inc hosp",2021-06-20,"quantile",0.2,6.48889659881019
"23789",2021-05-15,"30","36  day ahead inc hosp",2021-06-20,"quantile",0.25,7.43090516722479
"23790",2021-05-15,"30","36  day ahead inc hosp",2021-06-20,"quantile",0.3,8.36105794302285
"23791",2021-05-15,"30","36  day ahead inc hosp",2021-06-20,"quantile",0.35,9.29848864986838
"23792",2021-05-15,"30","36  day ahead inc hosp",2021-06-20,"quantile",0.4,10.2588782606179
"23793",2021-05-15,"30","36  day ahead inc hosp",2021-06-20,"quantile",0.45,11.257074502421
"23794",2021-05-15,"30","36  day ahead inc hosp",2021-06-20,"quantile",0.5,12.3088758535838
"23795",2021-05-15,"30","36  day ahead inc hosp",2021-06-20,"quantile",0.55,13.4327165178436
"23796",2021-05-15,"30","36  day ahead inc hosp",2021-06-20,"quantile",0.6,14.651764555313
"23797",2021-05-15,"30","36  day ahead inc hosp",2021-06-20,"quantile",0.65,15.9970711868381
"23798",2021-05-15,"30","36  day ahead inc hosp",2021-06-20,"quantile",0.7,17.5129301373315
"23799",2021-05-15,"30","36  day ahead inc hosp",2021-06-20,"quantile",0.75,19.2670094595261
"23800",2021-05-15,"30","36  day ahead inc hosp",2021-06-20,"quantile",0.8,21.3718387533793
"23801",2021-05-15,"30","36  day ahead inc hosp",2021-06-20,"quantile",0.85,24.0378195119329
"23802",2021-05-15,"30","36  day ahead inc hosp",2021-06-20,"quantile",0.9,27.7377244775614
"23803",2021-05-15,"30","36  day ahead inc hosp",2021-06-20,"quantile",0.95,33.9871917487198
"23804",2021-05-15,"30","36  day ahead inc hosp",2021-06-20,"quantile",0.975,40.214642205026
"23805",2021-05-15,"30","36  day ahead inc hosp",2021-06-20,"quantile",0.99,48.4897404327722
"23806",2021-05-15,"30","37  day ahead inc hosp",2021-06-21,"quantile",0.01,1.45331375595829
"23807",2021-05-15,"30","37  day ahead inc hosp",2021-06-21,"quantile",0.025,2.21563974968148
"23808",2021-05-15,"30","37  day ahead inc hosp",2021-06-21,"quantile",0.05,3.08251735494191
"23809",2021-05-15,"30","37  day ahead inc hosp",2021-06-21,"quantile",0.1,4.37288318422305
"23810",2021-05-15,"30","37  day ahead inc hosp",2021-06-21,"quantile",0.15,5.44762858350354
"23811",2021-05-15,"30","37  day ahead inc hosp",2021-06-21,"quantile",0.2,6.4341180258813
"23812",2021-05-15,"30","37  day ahead inc hosp",2021-06-21,"quantile",0.25,7.38227191068858
"23813",2021-05-15,"30","37  day ahead inc hosp",2021-06-21,"quantile",0.3,8.3197248690457
"23814",2021-05-15,"30","37  day ahead inc hosp",2021-06-21,"quantile",0.35,9.26558079848501
"23815",2021-05-15,"30","37  day ahead inc hosp",2021-06-21,"quantile",0.4,10.2355750407127
"23816",2021-05-15,"30","37  day ahead inc hosp",2021-06-21,"quantile",0.45,11.244676926295
"23817",2021-05-15,"30","37  day ahead inc hosp",2021-06-21,"quantile",0.5,12.3088758535838
"23818",2021-05-15,"30","37  day ahead inc hosp",2021-06-21,"quantile",0.55,13.4468823349822
"23819",2021-05-15,"30","37  day ahead inc hosp",2021-06-21,"quantile",0.6,14.6822587679985
"23820",2021-05-15,"30","37  day ahead inc hosp",2021-06-21,"quantile",0.65,16.0466278085683
"23821",2021-05-15,"30","37  day ahead inc hosp",2021-06-21,"quantile",0.7,17.5851402455901
"23822",2021-05-15,"30","37  day ahead inc hosp",2021-06-21,"quantile",0.75,19.3668193073437
"23823",2021-05-15,"30","37  day ahead inc hosp",2021-06-21,"quantile",0.8,21.5065075960858
"23824",2021-05-15,"30","37  day ahead inc hosp",2021-06-21,"quantile",0.85,24.2190295020994
"23825",2021-05-15,"30","37  day ahead inc hosp",2021-06-21,"quantile",0.9,27.9873246521067
"23826",2021-05-15,"30","37  day ahead inc hosp",2021-06-21,"quantile",0.95,34.3605626511858
"23827",2021-05-15,"30","37  day ahead inc hosp",2021-06-21,"quantile",0.975,40.719671730829
"23828",2021-05-15,"30","37  day ahead inc hosp",2021-06-21,"quantile",0.99,49.1799206946987
"23829",2021-05-15,"31","1  day ahead inc hosp",2021-05-16,"quantile",0.01,2.8414547035344
"23830",2021-05-15,"31","1  day ahead inc hosp",2021-05-16,"quantile",0.025,3.60817654275767
"23831",2021-05-15,"31","1  day ahead inc hosp",2021-05-16,"quantile",0.05,4.38342562703108
"23832",2021-05-15,"31","1  day ahead inc hosp",2021-05-16,"quantile",0.1,5.42526313549139
"23833",2021-05-15,"31","1  day ahead inc hosp",2021-05-16,"quantile",0.15,6.22622609456599
"23834",2021-05-15,"31","1  day ahead inc hosp",2021-05-16,"quantile",0.2,6.92355576815116
"23835",2021-05-15,"31","1  day ahead inc hosp",2021-05-16,"quantile",0.25,7.56711381124914
"23836",2021-05-15,"31","1  day ahead inc hosp",2021-05-16,"quantile",0.3,8.18236836722924
"23837",2021-05-15,"31","1  day ahead inc hosp",2021-05-16,"quantile",0.35,8.7852914643141
"23838",2021-05-15,"31","1  day ahead inc hosp",2021-05-16,"quantile",0.4,9.38764483088591
"23839",2021-05-15,"31","1  day ahead inc hosp",2021-05-16,"quantile",0.45,9.99940653578043
"23840",2021-05-15,"31","1  day ahead inc hosp",2021-05-16,"quantile",0.5,10.6301918651225
"23841",2021-05-15,"31","1  day ahead inc hosp",2021-05-16,"quantile",0.55,11.2903603339585
"23842",2021-05-15,"31","1  day ahead inc hosp",2021-05-16,"quantile",0.6,11.9921865885011
"23843",2021-05-15,"31","1  day ahead inc hosp",2021-05-16,"quantile",0.65,12.7514546879041
"23844",2021-05-15,"31","1  day ahead inc hosp",2021-05-16,"quantile",0.7,13.5900443739761
"23845",2021-05-15,"31","1  day ahead inc hosp",2021-05-16,"quantile",0.75,14.540709759735
"23846",2021-05-15,"31","1  day ahead inc hosp",2021-05-16,"quantile",0.8,15.6570856117226
"23847",2021-05-15,"31","1  day ahead inc hosp",2021-05-16,"quantile",0.85,17.0381385012596
"23848",2021-05-15,"31","1  day ahead inc hosp",2021-05-16,"quantile",0.9,18.9033008473796
"23849",2021-05-15,"31","1  day ahead inc hosp",2021-05-16,"quantile",0.95,21.9442955329248
"23850",2021-05-15,"31","1  day ahead inc hosp",2021-05-16,"quantile",0.975,24.866792010609
"23851",2021-05-15,"31","1  day ahead inc hosp",2021-05-16,"quantile",0.99,28.6213709341825
"23852",2021-05-15,"31","2  day ahead inc hosp",2021-05-17,"quantile",0.01,2.47102781418154
"23853",2021-05-15,"31","2  day ahead inc hosp",2021-05-17,"quantile",0.025,3.22346396195764
"23854",2021-05-15,"31","2  day ahead inc hosp",2021-05-17,"quantile",0.05,3.99781590829624
"23855",2021-05-15,"31","2  day ahead inc hosp",2021-05-17,"quantile",0.1,5.05503927312768
"23856",2021-05-15,"31","2  day ahead inc hosp",2021-05-17,"quantile",0.15,5.87825083243016
"23857",2021-05-15,"31","2  day ahead inc hosp",2021-05-17,"quantile",0.2,6.60111007907969
"23858",2021-05-15,"31","2  day ahead inc hosp",2021-05-17,"quantile",0.25,7.27268509332968
"23859",2021-05-15,"31","2  day ahead inc hosp",2021-05-17,"quantile",0.3,7.91830974512479
"23860",2021-05-15,"31","2  day ahead inc hosp",2021-05-17,"quantile",0.35,8.55408465629441
"23861",2021-05-15,"31","2  day ahead inc hosp",2021-05-17,"quantile",0.4,9.19206026513821
"23862",2021-05-15,"31","2  day ahead inc hosp",2021-05-17,"quantile",0.45,9.84264467213696
"23863",2021-05-15,"31","2  day ahead inc hosp",2021-05-17,"quantile",0.5,10.5160440251858
"23864",2021-05-15,"31","2  day ahead inc hosp",2021-05-17,"quantile",0.55,11.2234200315905
"23865",2021-05-15,"31","2  day ahead inc hosp",2021-05-17,"quantile",0.6,11.9781516690795
"23866",2021-05-15,"31","2  day ahead inc hosp",2021-05-17,"quantile",0.65,12.797587402445
"23867",2021-05-15,"31","2  day ahead inc hosp",2021-05-17,"quantile",0.7,13.7059166046375
"23868",2021-05-15,"31","2  day ahead inc hosp",2021-05-17,"quantile",0.75,14.7395009131351
"23869",2021-05-15,"31","2  day ahead inc hosp",2021-05-17,"quantile",0.8,15.9580669401724
"23870",2021-05-15,"31","2  day ahead inc hosp",2021-05-17,"quantile",0.85,17.4721079237486
"23871",2021-05-15,"31","2  day ahead inc hosp",2021-05-17,"quantile",0.9,19.5272423488575
"23872",2021-05-15,"31","2  day ahead inc hosp",2021-05-17,"quantile",0.95,22.9002227032021
"23873",2021-05-15,"31","2  day ahead inc hosp",2021-05-17,"quantile",0.975,26.1640578922121
"23874",2021-05-15,"31","2  day ahead inc hosp",2021-05-17,"quantile",0.99,30.3842618239636
"23875",2021-05-15,"31","3  day ahead inc hosp",2021-05-18,"quantile",0.01,2.2125804034995
"23876",2021-05-15,"31","3  day ahead inc hosp",2021-05-18,"quantile",0.025,2.98270724493617
"23877",2021-05-15,"31","3  day ahead inc hosp",2021-05-18,"quantile",0.05,3.79237937050783
"23878",2021-05-15,"31","3  day ahead inc hosp",2021-05-18,"quantile",0.1,4.91894471321236
"23879",2021-05-15,"31","3  day ahead inc hosp",2021-05-18,"quantile",0.15,5.8094692263081
"23880",2021-05-15,"31","3  day ahead inc hosp",2021-05-18,"quantile",0.2,6.59933456136996
"23881",2021-05-15,"31","3  day ahead inc hosp",2021-05-18,"quantile",0.25,7.33889085927278
"23882",2021-05-15,"31","3  day ahead inc hosp",2021-05-18,"quantile",0.3,8.05448981291663
"23883",2021-05-15,"31","3  day ahead inc hosp",2021-05-18,"quantile",0.35,8.76316161041795
"23884",2021-05-15,"31","3  day ahead inc hosp",2021-05-18,"quantile",0.4,9.47791005874822
"23885",2021-05-15,"31","3  day ahead inc hosp",2021-05-18,"quantile",0.45,10.2102104516045
"23886",2021-05-15,"31","3  day ahead inc hosp",2021-05-18,"quantile",0.5,10.9715449344828
"23887",2021-05-15,"31","3  day ahead inc hosp",2021-05-18,"quantile",0.55,11.7746833176657
"23888",2021-05-15,"31","3  day ahead inc hosp",2021-05-18,"quantile",0.6,12.6351276663159
"23889",2021-05-15,"31","3  day ahead inc hosp",2021-05-18,"quantile",0.65,13.5731618274698
"23890",2021-05-15,"31","3  day ahead inc hosp",2021-05-18,"quantile",0.7,14.6172461727696
"23891",2021-05-15,"31","3  day ahead inc hosp",2021-05-18,"quantile",0.75,15.8103528637941
"23892",2021-05-15,"31","3  day ahead inc hosp",2021-05-18,"quantile",0.8,17.2233033350053
"23893",2021-05-15,"31","3  day ahead inc hosp",2021-05-18,"quantile",0.85,18.9874877098535
"23894",2021-05-15,"31","3  day ahead inc hosp",2021-05-18,"quantile",0.9,21.3958042435691
"23895",2021-05-15,"31","3  day ahead inc hosp",2021-05-18,"quantile",0.95,25.3778218892334
"23896",2021-05-15,"31","3  day ahead inc hosp",2021-05-18,"quantile",0.975,29.2604878491913
"23897",2021-05-15,"31","3  day ahead inc hosp",2021-05-18,"quantile",0.99,34.3168206725909
"23898",2021-05-15,"31","4  day ahead inc hosp",2021-05-19,"quantile",0.01,2.15246420091214
"23899",2021-05-15,"31","4  day ahead inc hosp",2021-05-19,"quantile",0.025,2.96787983367857
"23900",2021-05-15,"31","4  day ahead inc hosp",2021-05-19,"quantile",0.05,3.8377496741199
"23901",2021-05-15,"31","4  day ahead inc hosp",2021-05-19,"quantile",0.1,5.06362914036584
"23902",2021-05-15,"31","4  day ahead inc hosp",2021-05-19,"quantile",0.15,6.04246302223407
"23903",2021-05-15,"31","4  day ahead inc hosp",2021-05-19,"quantile",0.2,6.91646568479331
"23904",2021-05-15,"31","4  day ahead inc hosp",2021-05-19,"quantile",0.25,7.73901408766269
"23905",2021-05-15,"31","4  day ahead inc hosp",2021-05-19,"quantile",0.3,8.53831520917979
"23906",2021-05-15,"31","4  day ahead inc hosp",2021-05-19,"quantile",0.35,9.33281490695888
"23907",2021-05-15,"31","4  day ahead inc hosp",2021-05-19,"quantile",0.4,10.1367942942708
"23908",2021-05-15,"31","4  day ahead inc hosp",2021-05-19,"quantile",0.45,10.9630391507474
"23909",2021-05-15,"31","4  day ahead inc hosp",2021-05-19,"quantile",0.5,11.8245126480985
"23910",2021-05-15,"31","4  day ahead inc hosp",2021-05-19,"quantile",0.55,12.7357864881382
"23911",2021-05-15,"31","4  day ahead inc hosp",2021-05-19,"quantile",0.6,13.7146907236904
"23912",2021-05-15,"31","4  day ahead inc hosp",2021-05-19,"quantile",0.65,14.7846854142794
"23913",2021-05-15,"31","4  day ahead inc hosp",2021-05-19,"quantile",0.7,15.9788143362992
"23914",2021-05-15,"31","4  day ahead inc hosp",2021-05-19,"quantile",0.75,17.3471061247204
"23915",2021-05-15,"31","4  day ahead inc hosp",2021-05-19,"quantile",0.8,18.9721823149668
"23916",2021-05-15,"31","4  day ahead inc hosp",2021-05-19,"quantile",0.85,21.0075958221143
"23917",2021-05-15,"31","4  day ahead inc hosp",2021-05-19,"quantile",0.9,23.7962602388465
"23918",2021-05-15,"31","4  day ahead inc hosp",2021-05-19,"quantile",0.95,28.4289233287139
"23919",2021-05-15,"31","4  day ahead inc hosp",2021-05-19,"quantile",0.975,32.9678623008143
"23920",2021-05-15,"31","4  day ahead inc hosp",2021-05-19,"quantile",0.99,38.9055186470257
"23921",2021-05-15,"31","5  day ahead inc hosp",2021-05-20,"quantile",0.01,1.9494245924062
"23922",2021-05-15,"31","5  day ahead inc hosp",2021-05-20,"quantile",0.025,2.74359538607457
"23923",2021-05-15,"31","5  day ahead inc hosp",2021-05-20,"quantile",0.05,3.60203129907928
"23924",2021-05-15,"31","5  day ahead inc hosp",2021-05-20,"quantile",0.1,4.82572451180792
"23925",2021-05-15,"31","5  day ahead inc hosp",2021-05-20,"quantile",0.15,5.81159957677447
"23926",2021-05-15,"31","5  day ahead inc hosp",2021-05-20,"quantile",0.2,6.69710068202847
"23927",2021-05-15,"31","5  day ahead inc hosp",2021-05-20,"quantile",0.25,7.53425343705072
"23928",2021-05-15,"31","5  day ahead inc hosp",2021-05-20,"quantile",0.3,8.35079958206234
"23929",2021-05-15,"31","5  day ahead inc hosp",2021-05-20,"quantile",0.35,9.16508054349581
"23930",2021-05-15,"31","5  day ahead inc hosp",2021-05-20,"quantile",0.4,9.99147696809279
"23931",2021-05-15,"31","5  day ahead inc hosp",2021-05-20,"quantile",0.45,10.8430306805124
"23932",2021-05-15,"31","5  day ahead inc hosp",2021-05-20,"quantile",0.5,11.7331173628585
"23933",2021-05-15,"31","5  day ahead inc hosp",2021-05-20,"quantile",0.55,12.6769104327406
"23934",2021-05-15,"31","5  day ahead inc hosp",2021-05-20,"quantile",0.6,13.6931006219843
"23935",2021-05-15,"31","5  day ahead inc hosp",2021-05-20,"quantile",0.65,14.8063951686779
"23936",2021-05-15,"31","5  day ahead inc hosp",2021-05-20,"quantile",0.7,16.0517063284011
"23937",2021-05-15,"31","5  day ahead inc hosp",2021-05-20,"quantile",0.75,17.4820119603181
"23938",2021-05-15,"31","5  day ahead inc hosp",2021-05-20,"quantile",0.8,19.1849560634947
"23939",2021-05-15,"31","5  day ahead inc hosp",2021-05-20,"quantile",0.85,21.323669218363
"23940",2021-05-15,"31","5  day ahead inc hosp",2021-05-20,"quantile",0.9,24.2630056468634
"23941",2021-05-15,"31","5  day ahead inc hosp",2021-05-20,"quantile",0.95,29.1657281014069
"23942",2021-05-15,"31","5  day ahead inc hosp",2021-05-20,"quantile",0.975,33.9891277713462
"23943",2021-05-15,"31","5  day ahead inc hosp",2021-05-20,"quantile",0.99,40.3231647814472
"23944",2021-05-15,"31","6  day ahead inc hosp",2021-05-21,"quantile",0.01,2.03388761042073
"23945",2021-05-15,"31","6  day ahead inc hosp",2021-05-21,"quantile",0.025,2.8817971928778
"23946",2021-05-15,"31","6  day ahead inc hosp",2021-05-21,"quantile",0.05,3.80227737736832
"23947",2021-05-15,"31","6  day ahead inc hosp",2021-05-21,"quantile",0.1,5.11931184774494
"23948",2021-05-15,"31","6  day ahead inc hosp",2021-05-21,"quantile",0.15,6.18346921894432
"23949",2021-05-15,"31","6  day ahead inc hosp",2021-05-21,"quantile",0.2,7.14110609450315
"23950",2021-05-15,"31","6  day ahead inc hosp",2021-05-21,"quantile",0.25,8.04777805194091
"23951",2021-05-15,"31","6  day ahead inc hosp",2021-05-21,"quantile",0.3,8.93319838928572
"23952",2021-05-15,"31","6  day ahead inc hosp",2021-05-21,"quantile",0.35,9.81708367043689
"23953",2021-05-15,"31","6  day ahead inc hosp",2021-05-21,"quantile",0.4,10.7149570097229
"23954",2021-05-15,"31","6  day ahead inc hosp",2021-05-21,"quantile",0.45,11.6409552608467
"23955",2021-05-15,"31","6  day ahead inc hosp",2021-05-21,"quantile",0.5,12.6096305676998
"23956",2021-05-15,"31","6  day ahead inc hosp",2021-05-21,"quantile",0.55,13.6375386707141
"23957",2021-05-15,"31","6  day ahead inc hosp",2021-05-21,"quantile",0.6,14.7451157879746
"23958",2021-05-15,"31","6  day ahead inc hosp",2021-05-21,"quantile",0.65,15.959415753054
"23959",2021-05-15,"31","6  day ahead inc hosp",2021-05-21,"quantile",0.7,17.3187048433909
"23960",2021-05-15,"31","6  day ahead inc hosp",2021-05-21,"quantile",0.75,18.881091665219
"23961",2021-05-15,"31","6  day ahead inc hosp",2021-05-21,"quantile",0.8,20.7427604192003
"23962",2021-05-15,"31","6  day ahead inc hosp",2021-05-21,"quantile",0.85,23.0828214092771
"23963",2021-05-15,"31","6  day ahead inc hosp",2021-05-21,"quantile",0.9,26.3020599498869
"23964",2021-05-15,"31","6  day ahead inc hosp",2021-05-21,"quantile",0.95,31.6785216692099
"23965",2021-05-15,"31","6  day ahead inc hosp",2021-05-21,"quantile",0.975,36.9749007217938
"23966",2021-05-15,"31","6  day ahead inc hosp",2021-05-21,"quantile",0.99,43.938477445543
"23967",2021-05-15,"31","7  day ahead inc hosp",2021-05-22,"quantile",0.01,1.67995223571605
"23968",2021-05-15,"31","7  day ahead inc hosp",2021-05-22,"quantile",0.025,2.43921313563197
"23969",2021-05-15,"31","7  day ahead inc hosp",2021-05-22,"quantile",0.05,3.27640451703005
"23970",2021-05-15,"31","7  day ahead inc hosp",2021-05-22,"quantile",0.1,4.49042848962473
"23971",2021-05-15,"31","7  day ahead inc hosp",2021-05-22,"quantile",0.15,5.4815826011999
"23972",2021-05-15,"31","7  day ahead inc hosp",2021-05-22,"quantile",0.2,6.37960522600951
"23973",2021-05-15,"31","7  day ahead inc hosp",2021-05-22,"quantile",0.25,7.23425905807575
"23974",2021-05-15,"31","7  day ahead inc hosp",2021-05-22,"quantile",0.3,8.07245736216228
"23975",2021-05-15,"31","7  day ahead inc hosp",2021-05-22,"quantile",0.35,8.91229966801109
"23976",2021-05-15,"31","7  day ahead inc hosp",2021-05-22,"quantile",0.4,9.76825256393537
"23977",2021-05-15,"31","7  day ahead inc hosp",2021-05-22,"quantile",0.45,10.6536890792899
"23978",2021-05-15,"31","7  day ahead inc hosp",2021-05-22,"quantile",0.5,11.582554538722
"23979",2021-05-15,"31","7  day ahead inc hosp",2021-05-22,"quantile",0.55,12.5708744893771
"23980",2021-05-15,"31","7  day ahead inc hosp",2021-05-22,"quantile",0.6,13.6385739602376
"23981",2021-05-15,"31","7  day ahead inc hosp",2021-05-22,"quantile",0.65,14.8121617304791
"23982",2021-05-15,"31","7  day ahead inc hosp",2021-05-22,"quantile",0.7,16.129261577403
"23983",2021-05-15,"31","7  day ahead inc hosp",2021-05-22,"quantile",0.75,17.6471454567712
"23984",2021-05-15,"31","7  day ahead inc hosp",2021-05-22,"quantile",0.8,19.4607898231379
"23985",2021-05-15,"31","7  day ahead inc hosp",2021-05-22,"quantile",0.85,21.7473430404438
"23986",2021-05-15,"31","7  day ahead inc hosp",2021-05-22,"quantile",0.9,24.9038577637474
"23987",2021-05-15,"31","7  day ahead inc hosp",2021-05-22,"quantile",0.95,30.1991460518496
"23988",2021-05-15,"31","7  day ahead inc hosp",2021-05-22,"quantile",0.975,35.4393155919941
"23989",2021-05-15,"31","7  day ahead inc hosp",2021-05-22,"quantile",0.99,42.3580585976216
"23990",2021-05-15,"31","8  day ahead inc hosp",2021-05-23,"quantile",0.01,1.77745445102007
"23991",2021-05-15,"31","8  day ahead inc hosp",2021-05-23,"quantile",0.025,2.58530768575646
"23992",2021-05-15,"31","8  day ahead inc hosp",2021-05-23,"quantile",0.05,3.47707127011153
"23993",2021-05-15,"31","8  day ahead inc hosp",2021-05-23,"quantile",0.1,4.77146374292046
"23994",2021-05-15,"31","8  day ahead inc hosp",2021-05-23,"quantile",0.15,5.82900841126339
"23995",2021-05-15,"31","8  day ahead inc hosp",2021-05-23,"quantile",0.2,6.78764290489996
"23996",2021-05-15,"31","8  day ahead inc hosp",2021-05-23,"quantile",0.25,7.70031487591136
"23997",2021-05-15,"31","8  day ahead inc hosp",2021-05-23,"quantile",0.3,8.59568337373446
"23998",2021-05-15,"31","8  day ahead inc hosp",2021-05-23,"quantile",0.35,9.49304072091254
"23999",2021-05-15,"31","8  day ahead inc hosp",2021-05-23,"quantile",0.4,10.4078235646195
"24000",2021-05-15,"31","8  day ahead inc hosp",2021-05-23,"quantile",0.45,11.3543167556169
"24001",2021-05-15,"31","8  day ahead inc hosp",2021-05-23,"quantile",0.5,12.34742993846
"24002",2021-05-15,"31","8  day ahead inc hosp",2021-05-23,"quantile",0.55,13.4043087244162
"24003",2021-05-15,"31","8  day ahead inc hosp",2021-05-23,"quantile",0.6,14.5462813062255
"24004",2021-05-15,"31","8  day ahead inc hosp",2021-05-23,"quantile",0.65,15.8017329222633
"24005",2021-05-15,"31","8  day ahead inc hosp",2021-05-23,"quantile",0.7,17.2109600001653
"24006",2021-05-15,"31","8  day ahead inc hosp",2021-05-23,"quantile",0.75,18.8353130616556
"24007",2021-05-15,"31","8  day ahead inc hosp",2021-05-23,"quantile",0.8,20.7765452319693
"24008",2021-05-15,"31","8  day ahead inc hosp",2021-05-23,"quantile",0.85,23.2244657809691
"24009",2021-05-15,"31","8  day ahead inc hosp",2021-05-23,"quantile",0.9,26.6045536517151
"24010",2021-05-15,"31","8  day ahead inc hosp",2021-05-23,"quantile",0.95,32.2766573265862
"24011",2021-05-15,"31","8  day ahead inc hosp",2021-05-23,"quantile",0.975,37.8914851821927
"24012",2021-05-15,"31","8  day ahead inc hosp",2021-05-23,"quantile",0.99,45.3070573136576
"24013",2021-05-15,"31","9  day ahead inc hosp",2021-05-24,"quantile",0.01,1.7233726188222
"24014",2021-05-15,"31","9  day ahead inc hosp",2021-05-24,"quantile",0.025,2.52985672346222
"24015",2021-05-15,"31","9  day ahead inc hosp",2021-05-24,"quantile",0.05,3.42533136591501
"24016",2021-05-15,"31","9  day ahead inc hosp",2021-05-24,"quantile",0.1,4.73161822919421
"24017",2021-05-15,"31","9  day ahead inc hosp",2021-05-24,"quantile",0.15,5.80298846787134
"24018",2021-05-15,"31","9  day ahead inc hosp",2021-05-24,"quantile",0.2,6.776592329381
"24019",2021-05-15,"31","9  day ahead inc hosp",2021-05-24,"quantile",0.25,7.70528640285384
"24020",2021-05-15,"31","9  day ahead inc hosp",2021-05-24,"quantile",0.3,8.6178037407561
"24021",2021-05-15,"31","9  day ahead inc hosp",2021-05-24,"quantile",0.35,9.53358601235686
"24022",2021-05-15,"31","9  day ahead inc hosp",2021-05-24,"quantile",0.4,10.4682780953348
"24023",2021-05-15,"31","9  day ahead inc hosp",2021-05-24,"quantile",0.45,11.4364377985762
"24024",2021-05-15,"31","9  day ahead inc hosp",2021-05-24,"quantile",0.5,12.4533313271866
"24025",2021-05-15,"31","9  day ahead inc hosp",2021-05-24,"quantile",0.55,13.5365775737499
"24026",2021-05-15,"31","9  day ahead inc hosp",2021-05-24,"quantile",0.6,14.7081495893252
"24027",2021-05-15,"31","9  day ahead inc hosp",2021-05-24,"quantile",0.65,15.9973421919294
"24028",2021-05-15,"31","9  day ahead inc hosp",2021-05-24,"quantile",0.7,17.4457931305207
"24029",2021-05-15,"31","9  day ahead inc hosp",2021-05-24,"quantile",0.75,19.1169493706916
"24030",2021-05-15,"31","9  day ahead inc hosp",2021-05-24,"quantile",0.8,21.1161106590597
"24031",2021-05-15,"31","9  day ahead inc hosp",2021-05-24,"quantile",0.85,23.6398155519487
"24032",2021-05-15,"31","9  day ahead inc hosp",2021-05-24,"quantile",0.9,27.1288887022095
"24033",2021-05-15,"31","9  day ahead inc hosp",2021-05-24,"quantile",0.95,32.9932883738518
"24034",2021-05-15,"31","9  day ahead inc hosp",2021-05-24,"quantile",0.975,38.8079434763233
"24035",2021-05-15,"31","9  day ahead inc hosp",2021-05-24,"quantile",0.99,46.499017907116
"24036",2021-05-15,"31","10  day ahead inc hosp",2021-05-25,"quantile",0.01,1.45629186879144
"24037",2021-05-15,"31","10  day ahead inc hosp",2021-05-25,"quantile",0.025,2.18676273143959
"24038",2021-05-15,"31","10  day ahead inc hosp",2021-05-25,"quantile",0.05,3.00953034085218
"24039",2021-05-15,"31","10  day ahead inc hosp",2021-05-25,"quantile",0.1,4.22442825352439
"24040",2021-05-15,"31","10  day ahead inc hosp",2021-05-25,"quantile",0.15,5.23015000541405
"24041",2021-05-15,"31","10  day ahead inc hosp",2021-05-25,"quantile",0.2,6.14963665381751
"24042",2021-05-15,"31","10  day ahead inc hosp",2021-05-25,"quantile",0.25,7.03074560211614
"24043",2021-05-15,"31","10  day ahead inc hosp",2021-05-25,"quantile",0.3,7.89977431720096
"24044",2021-05-15,"31","10  day ahead inc hosp",2021-05-25,"quantile",0.35,8.77474522727423
"24045",2021-05-15,"31","10  day ahead inc hosp",2021-05-25,"quantile",0.4,9.67036504907083
"24046",2021-05-15,"31","10  day ahead inc hosp",2021-05-25,"quantile",0.45,10.6005026061089
"24047",2021-05-15,"31","10  day ahead inc hosp",2021-05-25,"quantile",0.5,11.5798653404856
"24048",2021-05-15,"31","10  day ahead inc hosp",2021-05-25,"quantile",0.55,12.6255714136156
"24049",2021-05-15,"31","10  day ahead inc hosp",2021-05-25,"quantile",0.6,13.7590971323441
"24050",2021-05-15,"31","10  day ahead inc hosp",2021-05-25,"quantile",0.65,15.0091919502608
"24051",2021-05-15,"31","10  day ahead inc hosp",2021-05-25,"quantile",0.7,16.4168326608126
"24052",2021-05-15,"31","10  day ahead inc hosp",2021-05-25,"quantile",0.75,18.0445834463751
"24053",2021-05-15,"31","10  day ahead inc hosp",2021-05-25,"quantile",0.8,19.9964391147383
"24054",2021-05-15,"31","10  day ahead inc hosp",2021-05-25,"quantile",0.85,22.4667654460999
"24055",2021-05-15,"31","10  day ahead inc hosp",2021-05-25,"quantile",0.9,25.8921220896608
"24056",2021-05-15,"31","10  day ahead inc hosp",2021-05-25,"quantile",0.95,31.6713129547303
"24057",2021-05-15,"31","10  day ahead inc hosp",2021-05-25,"quantile",0.975,37.4235583671021
"24058",2021-05-15,"31","10  day ahead inc hosp",2021-05-25,"quantile",0.99,45.0591416026207
"24059",2021-05-15,"31","11  day ahead inc hosp",2021-05-26,"quantile",0.01,1.37846368806785
"24060",2021-05-15,"31","11  day ahead inc hosp",2021-05-26,"quantile",0.025,2.09739277467344
"24061",2021-05-15,"31","11  day ahead inc hosp",2021-05-26,"quantile",0.05,2.9139112859957
"24062",2021-05-15,"31","11  day ahead inc hosp",2021-05-26,"quantile",0.1,4.12805311778464
"24063",2021-05-15,"31","11  day ahead inc hosp",2021-05-26,"quantile",0.15,5.13851419328241
"24064",2021-05-15,"31","11  day ahead inc hosp",2021-05-26,"quantile",0.2,6.06552516579391
"24065",2021-05-15,"31","11  day ahead inc hosp",2021-05-26,"quantile",0.25,6.95616806922223
"24066",2021-05-15,"31","11  day ahead inc hosp",2021-05-26,"quantile",0.3,7.83648106935416
"24067",2021-05-15,"31","11  day ahead inc hosp",2021-05-26,"quantile",0.35,8.72444404909011
"24068",2021-05-15,"31","11  day ahead inc hosp",2021-05-26,"quantile",0.4,9.6348486169967
"24069",2021-05-15,"31","11  day ahead inc hosp",2021-05-26,"quantile",0.45,10.5817504440284
"24070",2021-05-15,"31","11  day ahead inc hosp",2021-05-26,"quantile",0.5,11.580149144193
"24071",2021-05-15,"31","11  day ahead inc hosp",2021-05-26,"quantile",0.55,12.6475849799801
"24072",2021-05-15,"31","11  day ahead inc hosp",2021-05-26,"quantile",0.6,13.8061360928839
"24073",2021-05-15,"31","11  day ahead inc hosp",2021-05-26,"quantile",0.65,15.085423545962
"24074",2021-05-15,"31","11  day ahead inc hosp",2021-05-26,"quantile",0.7,16.5277308838538
"24075",2021-05-15,"31","11  day ahead inc hosp",2021-05-26,"quantile",0.75,18.1976878561712
"24076",2021-05-15,"31","11  day ahead inc hosp",2021-05-26,"quantile",0.8,20.2028137991462
"24077",2021-05-15,"31","11  day ahead inc hosp",2021-05-26,"quantile",0.85,22.7442122380051
"24078",2021-05-15,"31","11  day ahead inc hosp",2021-05-26,"quantile",0.9,26.2739261718995
"24079",2021-05-15,"31","11  day ahead inc hosp",2021-05-26,"quantile",0.95,32.2418051331361
"24080",2021-05-15,"31","11  day ahead inc hosp",2021-05-26,"quantile",0.975,38.1945876261688
"24081",2021-05-15,"31","11  day ahead inc hosp",2021-05-26,"quantile",0.99,46.1119683070033
"24082",2021-05-15,"31","12  day ahead inc hosp",2021-05-27,"quantile",0.01,1.07493752988132
"24083",2021-05-15,"31","12  day ahead inc hosp",2021-05-27,"quantile",0.025,1.69397750297351
"24084",2021-05-15,"31","12  day ahead inc hosp",2021-05-27,"quantile",0.05,2.41264458858688
"24085",2021-05-15,"31","12  day ahead inc hosp",2021-05-27,"quantile",0.1,3.50106709662631
"24086",2021-05-15,"31","12  day ahead inc hosp",2021-05-27,"quantile",0.15,4.41952021861269
"24087",2021-05-15,"31","12  day ahead inc hosp",2021-05-27,"quantile",0.2,5.26967086919931
"24088",2021-05-15,"31","12  day ahead inc hosp",2021-05-27,"quantile",0.25,6.09198681948333
"24089",2021-05-15,"31","12  day ahead inc hosp",2021-05-27,"quantile",0.3,6.90924607297241
"24090",2021-05-15,"31","12  day ahead inc hosp",2021-05-27,"quantile",0.35,7.7375017610444
"24091",2021-05-15,"31","12  day ahead inc hosp",2021-05-27,"quantile",0.4,8.59024737015647
"24092",2021-05-15,"31","12  day ahead inc hosp",2021-05-27,"quantile",0.45,9.48056030432245
"24093",2021-05-15,"31","12  day ahead inc hosp",2021-05-27,"quantile",0.5,10.4226200026551
"24094",2021-05-15,"31","12  day ahead inc hosp",2021-05-27,"quantile",0.55,11.4332022566552
"24095",2021-05-15,"31","12  day ahead inc hosp",2021-05-27,"quantile",0.6,12.5335941746148
"24096",2021-05-15,"31","12  day ahead inc hosp",2021-05-27,"quantile",0.65,13.7525119300322
"24097",2021-05-15,"31","12  day ahead inc hosp",2021-05-27,"quantile",0.7,15.1311006638984
"24098",2021-05-15,"31","12  day ahead inc hosp",2021-05-27,"quantile",0.75,16.7324185617719
"24099",2021-05-15,"31","12  day ahead inc hosp",2021-05-27,"quantile",0.8,18.6615903034681
"24100",2021-05-15,"31","12  day ahead inc hosp",2021-05-27,"quantile",0.85,21.1156064536168
"24101",2021-05-15,"31","12  day ahead inc hosp",2021-05-27,"quantile",0.9,24.5381222096568
"24102",2021-05-15,"31","12  day ahead inc hosp",2021-05-27,"quantile",0.95,30.3556165593563
"24103",2021-05-15,"31","12  day ahead inc hosp",2021-05-27,"quantile",0.975,36.1896076803804
"24104",2021-05-15,"31","12  day ahead inc hosp",2021-05-27,"quantile",0.99,43.9873591284395
"24105",2021-05-15,"31","13  day ahead inc hosp",2021-05-28,"quantile",0.01,0.951828277594351
"24106",2021-05-15,"31","13  day ahead inc hosp",2021-05-28,"quantile",0.025,1.53747344866194
"24107",2021-05-15,"31","13  day ahead inc hosp",2021-05-28,"quantile",0.05,2.22786945834618
"24108",2021-05-15,"31","13  day ahead inc hosp",2021-05-28,"quantile",0.1,3.28681135207739
"24109",2021-05-15,"31","13  day ahead inc hosp",2021-05-28,"quantile",0.15,4.18888795827632
"24110",2021-05-15,"31","13  day ahead inc hosp",2021-05-28,"quantile",0.2,5.02896110461951
"24111",2021-05-15,"31","13  day ahead inc hosp",2021-05-28,"quantile",0.25,5.8452434868615
"24112",2021-05-15,"31","13  day ahead inc hosp",2021-05-28,"quantile",0.3,6.65952258088006
"24113",2021-05-15,"31","13  day ahead inc hosp",2021-05-28,"quantile",0.35,7.48738021625301
"24114",2021-05-15,"31","13  day ahead inc hosp",2021-05-28,"quantile",0.4,8.34211187665968
"24115",2021-05-15,"31","13  day ahead inc hosp",2021-05-28,"quantile",0.45,9.23677648896959
"24116",2021-05-15,"31","13  day ahead inc hosp",2021-05-28,"quantile",0.5,10.1856831256029
"24117",2021-05-15,"31","13  day ahead inc hosp",2021-05-28,"quantile",0.55,11.2058895352092
"24118",2021-05-15,"31","13  day ahead inc hosp",2021-05-28,"quantile",0.6,12.3191528748616
"24119",2021-05-15,"31","13  day ahead inc hosp",2021-05-28,"quantile",0.65,13.5549256642
"24120",2021-05-15,"31","13  day ahead inc hosp",2021-05-28,"quantile",0.7,14.9555084785587
"24121",2021-05-15,"31","13  day ahead inc hosp",2021-05-28,"quantile",0.75,16.5858412079385
"24122",2021-05-15,"31","13  day ahead inc hosp",2021-05-28,"quantile",0.8,18.5543314738556
"24123",2021-05-15,"31","13  day ahead inc hosp",2021-05-28,"quantile",0.85,21.0643668689023
"24124",2021-05-15,"31","13  day ahead inc hosp",2021-05-28,"quantile",0.9,24.5745884017111
"24125",2021-05-15,"31","13  day ahead inc hosp",2021-05-28,"quantile",0.95,30.5620531100457
"24126",2021-05-15,"31","13  day ahead inc hosp",2021-05-28,"quantile",0.975,36.5876318988645
"24127",2021-05-15,"31","13  day ahead inc hosp",2021-05-28,"quantile",0.99,44.6674521971427
"24128",2021-05-15,"31","14  day ahead inc hosp",2021-05-29,"quantile",0.01,0.78073682914702
"24129",2021-05-15,"31","14  day ahead inc hosp",2021-05-29,"quantile",0.025,1.30793611702769
"24130",2021-05-15,"31","14  day ahead inc hosp",2021-05-29,"quantile",0.05,1.94353928651832
"24131",2021-05-15,"31","14  day ahead inc hosp",2021-05-29,"quantile",0.1,2.93650855139561
"24132",2021-05-15,"31","14  day ahead inc hosp",2021-05-29,"quantile",0.15,3.79395730277495
"24133",2021-05-15,"31","14  day ahead inc hosp",2021-05-29,"quantile",0.2,4.59941202016517
"24134",2021-05-15,"31","14  day ahead inc hosp",2021-05-29,"quantile",0.25,5.38714397484541
"24135",2021-05-15,"31","14  day ahead inc hosp",2021-05-29,"quantile",0.3,6.17708355584088
"24136",2021-05-15,"31","14  day ahead inc hosp",2021-05-29,"quantile",0.35,6.98380231920893
"24137",2021-05-15,"31","14  day ahead inc hosp",2021-05-29,"quantile",0.4,7.82000956196348
"24138",2021-05-15,"31","14  day ahead inc hosp",2021-05-29,"quantile",0.45,8.69842748155624
"24139",2021-05-15,"31","14  day ahead inc hosp",2021-05-29,"quantile",0.5,9.63320053480938
"24140",2021-05-15,"31","14  day ahead inc hosp",2021-05-29,"quantile",0.55,10.6413646030324
"24141",2021-05-15,"31","14  day ahead inc hosp",2021-05-29,"quantile",0.6,11.7448006619127
"24142",2021-05-15,"31","14  day ahead inc hosp",2021-05-29,"quantile",0.65,12.9732670154745
"24143",2021-05-15,"31","14  day ahead inc hosp",2021-05-29,"quantile",0.7,14.3696395193755
"24144",2021-05-15,"31","14  day ahead inc hosp",2021-05-29,"quantile",0.75,15.999892613494
"24145",2021-05-15,"31","14  day ahead inc hosp",2021-05-29,"quantile",0.8,17.9743619358321
"24146",2021-05-15,"31","14  day ahead inc hosp",2021-05-29,"quantile",0.85,20.5003931467202
"24147",2021-05-15,"31","14  day ahead inc hosp",2021-05-29,"quantile",0.9,24.0463630548584
"24148",2021-05-15,"31","14  day ahead inc hosp",2021-05-29,"quantile",0.95,30.1240514831158
"24149",2021-05-15,"31","14  day ahead inc hosp",2021-05-29,"quantile",0.975,36.2700715727136
"24150",2021-05-15,"31","14  day ahead inc hosp",2021-05-29,"quantile",0.99,44.5479195852433
"24151",2021-05-15,"31","15  day ahead inc hosp",2021-05-30,"quantile",0.01,0.776544225922608
"24152",2021-05-15,"31","15  day ahead inc hosp",2021-05-30,"quantile",0.025,1.33893557304108
"24153",2021-05-15,"31","15  day ahead inc hosp",2021-05-30,"quantile",0.05,2.02899778578738
"24154",2021-05-15,"31","15  day ahead inc hosp",2021-05-30,"quantile",0.1,3.12249465011069
"24155",2021-05-15,"31","15  day ahead inc hosp",2021-05-30,"quantile",0.15,4.07664319903938
"24156",2021-05-15,"31","15  day ahead inc hosp",2021-05-30,"quantile",0.2,4.97886818488419
"24157",2021-05-15,"31","15  day ahead inc hosp",2021-05-30,"quantile",0.25,5.86559174524291
"24158",2021-05-15,"31","15  day ahead inc hosp",2021-05-30,"quantile",0.3,6.75834297664772
"24159",2021-05-15,"31","15  day ahead inc hosp",2021-05-30,"quantile",0.35,7.67314416666756
"24160",2021-05-15,"31","15  day ahead inc hosp",2021-05-30,"quantile",0.4,8.62421112138746
"24161",2021-05-15,"31","15  day ahead inc hosp",2021-05-30,"quantile",0.45,9.62597958675355
"24162",2021-05-15,"31","15  day ahead inc hosp",2021-05-30,"quantile",0.5,10.6946722268775
"24163",2021-05-15,"31","15  day ahead inc hosp",2021-05-30,"quantile",0.55,11.8499740889644
"24164",2021-05-15,"31","15  day ahead inc hosp",2021-05-30,"quantile",0.6,13.1172951346871
"24165",2021-05-15,"31","15  day ahead inc hosp",2021-05-30,"quantile",0.65,14.5313080503425
"24166",2021-05-15,"31","15  day ahead inc hosp",2021-05-30,"quantile",0.7,16.1420828581393
"24167",2021-05-15,"31","15  day ahead inc hosp",2021-05-30,"quantile",0.75,18.026790932936
"24168",2021-05-15,"31","15  day ahead inc hosp",2021-05-30,"quantile",0.8,20.3146638186323
"24169",2021-05-15,"31","15  day ahead inc hosp",2021-05-30,"quantile",0.85,23.2488480195854
"24170",2021-05-15,"31","15  day ahead inc hosp",2021-05-30,"quantile",0.9,27.3792885237819
"24171",2021-05-15,"31","15  day ahead inc hosp",2021-05-30,"quantile",0.95,34.4839522651194
"24172",2021-05-15,"31","15  day ahead inc hosp",2021-05-30,"quantile",0.975,41.6940586708395
"24173",2021-05-15,"31","15  day ahead inc hosp",2021-05-30,"quantile",0.99,51.4366059505885
"24174",2021-05-15,"31","16  day ahead inc hosp",2021-05-31,"quantile",0.01,0.658872923258588
"24175",2021-05-15,"31","16  day ahead inc hosp",2021-05-31,"quantile",0.025,1.18491606863295
"24176",2021-05-15,"31","16  day ahead inc hosp",2021-05-31,"quantile",0.05,1.84703622112659
"24177",2021-05-15,"31","16  day ahead inc hosp",2021-05-31,"quantile",0.1,2.91784197637795
"24178",2021-05-15,"31","16  day ahead inc hosp",2021-05-31,"quantile",0.15,3.86608264593392
"24179",2021-05-15,"31","16  day ahead inc hosp",2021-05-31,"quantile",0.2,4.77108611039785
"24180",2021-05-15,"31","16  day ahead inc hosp",2021-05-31,"quantile",0.25,5.66669016078872
"24181",2021-05-15,"31","16  day ahead inc hosp",2021-05-31,"quantile",0.3,6.57340118273182
"24182",2021-05-15,"31","16  day ahead inc hosp",2021-05-31,"quantile",0.35,7.506888757687
"24183",2021-05-15,"31","16  day ahead inc hosp",2021-05-31,"quantile",0.4,8.48140181918551
"24184",2021-05-15,"31","16  day ahead inc hosp",2021-05-31,"quantile",0.45,9.51170116952814
"24185",2021-05-15,"31","16  day ahead inc hosp",2021-05-31,"quantile",0.5,10.6146177455247
"24186",2021-05-15,"31","16  day ahead inc hosp",2021-05-31,"quantile",0.55,11.8107784505764
"24187",2021-05-15,"31","16  day ahead inc hosp",2021-05-31,"quantile",0.6,13.1269847375665
"24188",2021-05-15,"31","16  day ahead inc hosp",2021-05-31,"quantile",0.65,14.5999679508797
"24189",2021-05-15,"31","16  day ahead inc hosp",2021-05-31,"quantile",0.7,16.2829296039546
"24190",2021-05-15,"31","16  day ahead inc hosp",2021-05-31,"quantile",0.75,18.2580464328421
"24191",2021-05-15,"31","16  day ahead inc hosp",2021-05-31,"quantile",0.8,20.6631738993557
"24192",2021-05-15,"31","16  day ahead inc hosp",2021-05-31,"quantile",0.85,23.7581021444758
"24193",2021-05-15,"31","16  day ahead inc hosp",2021-05-31,"quantile",0.9,28.1314282642337
"24194",2021-05-15,"31","16  day ahead inc hosp",2021-05-31,"quantile",0.95,35.6903066785242
"24195",2021-05-15,"31","16  day ahead inc hosp",2021-05-31,"quantile",0.975,43.3983809868312
"24196",2021-05-15,"31","16  day ahead inc hosp",2021-05-31,"quantile",0.99,53.8595222563647
"24197",2021-05-15,"31","17  day ahead inc hosp",2021-06-01,"quantile",0.01,0.567040183642697
"24198",2021-05-15,"31","17  day ahead inc hosp",2021-06-01,"quantile",0.025,1.06507705891143
"24199",2021-05-15,"31","17  day ahead inc hosp",2021-06-01,"quantile",0.05,1.70846518030406
"24200",2021-05-15,"31","17  day ahead inc hosp",2021-06-01,"quantile",0.1,2.77051944800816
"24201",2021-05-15,"31","17  day ahead inc hosp",2021-06-01,"quantile",0.15,3.72490500708099
"24202",2021-05-15,"31","17  day ahead inc hosp",2021-06-01,"quantile",0.2,4.64415503648724
"24203",2021-05-15,"31","17  day ahead inc hosp",2021-06-01,"quantile",0.25,5.56002974452766
"24204",2021-05-15,"31","17  day ahead inc hosp",2021-06-01,"quantile",0.3,6.49230698269518
"24205",2021-05-15,"31","17  day ahead inc hosp",2021-06-01,"quantile",0.35,7.45652509665218
"24206",2021-05-15,"31","17  day ahead inc hosp",2021-06-01,"quantile",0.4,8.46716799713206
"24207",2021-05-15,"31","17  day ahead inc hosp",2021-06-01,"quantile",0.45,9.53953279234769
"24208",2021-05-15,"31","17  day ahead inc hosp",2021-06-01,"quantile",0.5,10.6913025044768
"24209",2021-05-15,"31","17  day ahead inc hosp",2021-06-01,"quantile",0.55,11.9443480739973
"24210",2021-05-15,"31","17  day ahead inc hosp",2021-06-01,"quantile",0.6,13.3272588985585
"24211",2021-05-15,"31","17  day ahead inc hosp",2021-06-01,"quantile",0.65,14.879372843139
"24212",2021-05-15,"31","17  day ahead inc hosp",2021-06-01,"quantile",0.7,16.6578223093706
"24213",2021-05-15,"31","17  day ahead inc hosp",2021-06-01,"quantile",0.75,18.7510328014479
"24214",2021-05-15,"31","17  day ahead inc hosp",2021-06-01,"quantile",0.8,21.3075843449649
"24215",2021-05-15,"31","17  day ahead inc hosp",2021-06-01,"quantile",0.85,24.6079000139348
"24216",2021-05-15,"31","17  day ahead inc hosp",2021-06-01,"quantile",0.9,29.2883507404109
"24217",2021-05-15,"31","17  day ahead inc hosp",2021-06-01,"quantile",0.95,37.4152103785147
"24218",2021-05-15,"31","17  day ahead inc hosp",2021-06-01,"quantile",0.975,45.7402555015359
"24219",2021-05-15,"31","17  day ahead inc hosp",2021-06-01,"quantile",0.99,57.085459182543
"24220",2021-05-15,"31","18  day ahead inc hosp",2021-06-02,"quantile",0.01,0.500406128357175
"24221",2021-05-15,"31","18  day ahead inc hosp",2021-06-02,"quantile",0.025,0.978839196565754
"24222",2021-05-15,"31","18  day ahead inc hosp",2021-06-02,"quantile",0.05,1.61192213467929
"24223",2021-05-15,"31","18  day ahead inc hosp",2021-06-02,"quantile",0.1,2.6766461030156
"24224",2021-05-15,"31","18  day ahead inc hosp",2021-06-02,"quantile",0.15,3.64613851645706
"24225",2021-05-15,"31","18  day ahead inc hosp",2021-06-02,"quantile",0.2,4.58761278896579
"24226",2021-05-15,"31","18  day ahead inc hosp",2021-06-02,"quantile",0.25,5.53128654954774
"24227",2021-05-15,"31","18  day ahead inc hosp",2021-06-02,"quantile",0.3,6.49648797678755
"24228",2021-05-15,"31","18  day ahead inc hosp",2021-06-02,"quantile",0.35,7.49880683278929
"24229",2021-05-15,"31","18  day ahead inc hosp",2021-06-02,"quantile",0.4,8.55310548664875
"24230",2021-05-15,"31","18  day ahead inc hosp",2021-06-02,"quantile",0.45,9.67534880756134
"24231",2021-05-15,"31","18  day ahead inc hosp",2021-06-02,"quantile",0.5,10.8842086905422
"24232",2021-05-15,"31","18  day ahead inc hosp",2021-06-02,"quantile",0.55,12.2029576857403
"24233",2021-05-15,"31","18  day ahead inc hosp",2021-06-02,"quantile",0.6,13.6621700353595
"24234",2021-05-15,"31","18  day ahead inc hosp",2021-06-02,"quantile",0.65,15.3040537604606
"24235",2021-05-15,"31","18  day ahead inc hosp",2021-06-02,"quantile",0.7,17.190049014322
"24236",2021-05-15,"31","18  day ahead inc hosp",2021-06-02,"quantile",0.75,19.4154082457706
"24237",2021-05-15,"31","18  day ahead inc hosp",2021-06-02,"quantile",0.8,22.1404032204407
"24238",2021-05-15,"31","18  day ahead inc hosp",2021-06-02,"quantile",0.85,25.6679121110833
"24239",2021-05-15,"31","18  day ahead inc hosp",2021-06-02,"quantile",0.9,30.6862149061674
"24240",2021-05-15,"31","18  day ahead inc hosp",2021-06-02,"quantile",0.95,39.4341548707338
"24241",2021-05-15,"31","18  day ahead inc hosp",2021-06-02,"quantile",0.975,48.4304965803464
"24242",2021-05-15,"31","18  day ahead inc hosp",2021-06-02,"quantile",0.99,60.7339513912592
"24243",2021-05-15,"31","19  day ahead inc hosp",2021-06-03,"quantile",0.01,0.438598686478306
"24244",2021-05-15,"31","19  day ahead inc hosp",2021-06-03,"quantile",0.025,0.893819680185096
"24245",2021-05-15,"31","19  day ahead inc hosp",2021-06-03,"quantile",0.05,1.51081255149569
"24246",2021-05-15,"31","19  day ahead inc hosp",2021-06-03,"quantile",0.1,2.56774204699021
"24247",2021-05-15,"31","19  day ahead inc hosp",2021-06-03,"quantile",0.15,3.54259834115874
"24248",2021-05-15,"31","19  day ahead inc hosp",2021-06-03,"quantile",0.2,4.49681689867932
"24249",2021-05-15,"31","19  day ahead inc hosp",2021-06-03,"quantile",0.25,5.45882645527326
"24250",2021-05-15,"31","19  day ahead inc hosp",2021-06-03,"quantile",0.3,6.44733695846127
"24251",2021-05-15,"31","19  day ahead inc hosp",2021-06-03,"quantile",0.35,7.47785058162444
"24252",2021-05-15,"31","19  day ahead inc hosp",2021-06-03,"quantile",0.4,8.56547568730131
"24253",2021-05-15,"31","19  day ahead inc hosp",2021-06-03,"quantile",0.45,9.72670402532884
"24254",2021-05-15,"31","19  day ahead inc hosp",2021-06-03,"quantile",0.5,10.9810336317188
"24255",2021-05-15,"31","19  day ahead inc hosp",2021-06-03,"quantile",0.55,12.3529382371923
"24256",2021-05-15,"31","19  day ahead inc hosp",2021-06-03,"quantile",0.6,13.8747163808897
"24257",2021-05-15,"31","19  day ahead inc hosp",2021-06-03,"quantile",0.65,15.5910899014715
"24258",2021-05-15,"31","19  day ahead inc hosp",2021-06-03,"quantile",0.7,17.5672924443081
"24259",2021-05-15,"31","19  day ahead inc hosp",2021-06-03,"quantile",0.75,19.9046127851552
"24260",2021-05-15,"31","19  day ahead inc hosp",2021-06-03,"quantile",0.8,22.7736956809061
"24261",2021-05-15,"31","19  day ahead inc hosp",2021-06-03,"quantile",0.85,26.4974064006216
"24262",2021-05-15,"31","19  day ahead inc hosp",2021-06-03,"quantile",0.9,31.8103915940965
"24263",2021-05-15,"31","19  day ahead inc hosp",2021-06-03,"quantile",0.95,41.1063343149038
"24264",2021-05-15,"31","19  day ahead inc hosp",2021-06-03,"quantile",0.975,50.7011950976648
"24265",2021-05-15,"31","19  day ahead inc hosp",2021-06-03,"quantile",0.99,63.8665119488756
"24266",2021-05-15,"31","20  day ahead inc hosp",2021-06-04,"quantile",0.01,0.401651070757401
"24267",2021-05-15,"31","20  day ahead inc hosp",2021-06-04,"quantile",0.025,0.846243471310862
"24268",2021-05-15,"31","20  day ahead inc hosp",2021-06-04,"quantile",0.05,1.46058045450907
"24269",2021-05-15,"31","20  day ahead inc hosp",2021-06-04,"quantile",0.1,2.5284754332797
"24270",2021-05-15,"31","20  day ahead inc hosp",2021-06-04,"quantile",0.15,3.5234778158001
"24271",2021-05-15,"31","20  day ahead inc hosp",2021-06-04,"quantile",0.2,4.5034826606546
"24272",2021-05-15,"31","20  day ahead inc hosp",2021-06-04,"quantile",0.25,5.49596839976384
"24273",2021-05-15,"31","20  day ahead inc hosp",2021-06-04,"quantile",0.3,6.51946477793015
"24274",2021-05-15,"31","20  day ahead inc hosp",2021-06-04,"quantile",0.35,7.58966667392029
"24275",2021-05-15,"31","20  day ahead inc hosp",2021-06-04,"quantile",0.4,8.722138880685
"24276",2021-05-15,"31","20  day ahead inc hosp",2021-06-04,"quantile",0.45,9.9340817777454
"24277",2021-05-15,"31","20  day ahead inc hosp",2021-06-04,"quantile",0.5,11.2459973441209
"24278",2021-05-15,"31","20  day ahead inc hosp",2021-06-04,"quantile",0.55,12.6837542269436
"24279",2021-05-15,"31","20  day ahead inc hosp",2021-06-04,"quantile",0.6,14.2816065235762
"24280",2021-05-15,"31","20  day ahead inc hosp",2021-06-04,"quantile",0.65,16.0870885274159
"24281",2021-05-15,"31","20  day ahead inc hosp",2021-06-04,"quantile",0.7,18.1696421123197
"24282",2021-05-15,"31","20  day ahead inc hosp",2021-06-04,"quantile",0.75,20.6372133703234
"24283",2021-05-15,"31","20  day ahead inc hosp",2021-06-04,"quantile",0.8,23.6718359275283
"24284",2021-05-15,"31","20  day ahead inc hosp",2021-06-04,"quantile",0.85,27.618233018175
"24285",2021-05-15,"31","20  day ahead inc hosp",2021-06-04,"quantile",0.9,33.2615537969123
"24286",2021-05-15,"31","20  day ahead inc hosp",2021-06-04,"quantile",0.95,43.1632968823752
"24287",2021-05-15,"31","20  day ahead inc hosp",2021-06-04,"quantile",0.975,53.4117969809495
"24288",2021-05-15,"31","20  day ahead inc hosp",2021-06-04,"quantile",0.99,67.5091529073604
"24289",2021-05-15,"31","21  day ahead inc hosp",2021-06-05,"quantile",0.01,0.35193115530551
"24290",2021-05-15,"31","21  day ahead inc hosp",2021-06-05,"quantile",0.025,0.771769230216643
"24291",2021-05-15,"31","21  day ahead inc hosp",2021-06-05,"quantile",0.05,1.36539063487917
"24292",2021-05-15,"31","21  day ahead inc hosp",2021-06-05,"quantile",0.1,2.41520195462516
"24293",2021-05-15,"31","21  day ahead inc hosp",2021-06-05,"quantile",0.15,3.40497789823303
"24294",2021-05-15,"31","21  day ahead inc hosp",2021-06-05,"quantile",0.2,4.38687887749956
"24295",2021-05-15,"31","21  day ahead inc hosp",2021-06-05,"quantile",0.25,5.38649428214452
"24296",2021-05-15,"31","21  day ahead inc hosp",2021-06-05,"quantile",0.3,6.42161720409204
"24297",2021-05-15,"31","21  day ahead inc hosp",2021-06-05,"quantile",0.35,7.50772557833247
"24298",2021-05-15,"31","21  day ahead inc hosp",2021-06-05,"quantile",0.4,8.66048366992849
"24299",2021-05-15,"31","21  day ahead inc hosp",2021-06-05,"quantile",0.45,9.89744501843094
"24300",2021-05-15,"31","21  day ahead inc hosp",2021-06-05,"quantile",0.5,11.2397229656779
"24301",2021-05-15,"31","21  day ahead inc hosp",2021-06-05,"quantile",0.55,12.7141113505829
"24302",2021-05-15,"31","21  day ahead inc hosp",2021-06-05,"quantile",0.6,14.3562200893332
"24303",2021-05-15,"31","21  day ahead inc hosp",2021-06-05,"quantile",0.65,16.2155845822512
"24304",2021-05-15,"31","21  day ahead inc hosp",2021-06-05,"quantile",0.7,18.3646915910731
"24305",2021-05-15,"31","21  day ahead inc hosp",2021-06-05,"quantile",0.75,20.9163628329036
"24306",2021-05-15,"31","21  day ahead inc hosp",2021-06-05,"quantile",0.8,24.0610555346583
"24307",2021-05-15,"31","21  day ahead inc hosp",2021-06-05,"quantile",0.85,28.1598085503929
"24308",2021-05-15,"31","21  day ahead inc hosp",2021-06-05,"quantile",0.9,34.0358360704308
"24309",2021-05-15,"31","21  day ahead inc hosp",2021-06-05,"quantile",0.95,44.3786807051708
"24310",2021-05-15,"31","21  day ahead inc hosp",2021-06-05,"quantile",0.975,55.1171882826393
"24311",2021-05-15,"31","21  day ahead inc hosp",2021-06-05,"quantile",0.99,69.930109641673
"24312",2021-05-15,"31","22  day ahead inc hosp",2021-06-06,"quantile",0.01,0.288396897496839
"24313",2021-05-15,"31","22  day ahead inc hosp",2021-06-06,"quantile",0.025,0.66639773082274
"24314",2021-05-15,"31","22  day ahead inc hosp",2021-06-06,"quantile",0.05,1.21696057825536
"24315",2021-05-15,"31","22  day ahead inc hosp",2021-06-06,"quantile",0.1,2.21220190834818
"24316",2021-05-15,"31","22  day ahead inc hosp",2021-06-06,"quantile",0.15,3.16457645370367
"24317",2021-05-15,"31","22  day ahead inc hosp",2021-06-06,"quantile",0.2,4.11791344849104
"24318",2021-05-15,"31","22  day ahead inc hosp",2021-06-06,"quantile",0.25,5.09477977001286
"24319",2021-05-15,"31","22  day ahead inc hosp",2021-06-06,"quantile",0.3,6.11154883914007
"24320",2021-05-15,"31","22  day ahead inc hosp",2021-06-06,"quantile",0.35,7.18297098287347
"24321",2021-05-15,"31","22  day ahead inc hosp",2021-06-06,"quantile",0.4,8.3243587560445
"24322",2021-05-15,"31","22  day ahead inc hosp",2021-06-06,"quantile",0.45,9.55316451366318
"24323",2021-05-15,"31","22  day ahead inc hosp",2021-06-06,"quantile",0.5,10.8906070747997
"24324",2021-05-15,"31","22  day ahead inc hosp",2021-06-06,"quantile",0.55,12.3637968172754
"24325",2021-05-15,"31","22  day ahead inc hosp",2021-06-06,"quantile",0.6,14.0089195667164
"24326",2021-05-15,"31","22  day ahead inc hosp",2021-06-06,"quantile",0.65,15.8764543537069
"24327",2021-05-15,"31","22  day ahead inc hosp",2021-06-06,"quantile",0.7,18.0404144253737
"24328",2021-05-15,"31","22  day ahead inc hosp",2021-06-06,"quantile",0.75,20.6161695455562
"24329",2021-05-15,"31","22  day ahead inc hosp",2021-06-06,"quantile",0.8,23.7987244370991
"24330",2021-05-15,"31","22  day ahead inc hosp",2021-06-06,"quantile",0.85,27.9581856688689
"24331",2021-05-15,"31","22  day ahead inc hosp",2021-06-06,"quantile",0.9,33.9395617137114
"24332",2021-05-15,"31","22  day ahead inc hosp",2021-06-06,"quantile",0.95,44.5083900439636
"24333",2021-05-15,"31","22  day ahead inc hosp",2021-06-06,"quantile",0.975,55.5229499599537
"24334",2021-05-15,"31","22  day ahead inc hosp",2021-06-06,"quantile",0.99,70.7681549198757
"24335",2021-05-15,"31","23  day ahead inc hosp",2021-06-07,"quantile",0.01,0.26416771594063
"24336",2021-05-15,"31","23  day ahead inc hosp",2021-06-07,"quantile",0.025,0.629986257626996
"24337",2021-05-15,"31","23  day ahead inc hosp",2021-06-07,"quantile",0.05,1.17232628463171
"24338",2021-05-15,"31","23  day ahead inc hosp",2021-06-07,"quantile",0.1,2.16545210225579
"24339",2021-05-15,"31","23  day ahead inc hosp",2021-06-07,"quantile",0.15,3.12407678778923
"24340",2021-05-15,"31","23  day ahead inc hosp",2021-06-07,"quantile",0.2,4.08869176647969
"24341",2021-05-15,"31","23  day ahead inc hosp",2021-06-07,"quantile",0.25,5.08083412017595
"24342",2021-05-15,"31","23  day ahead inc hosp",2021-06-07,"quantile",0.3,6.11655973425921
"24343",2021-05-15,"31","23  day ahead inc hosp",2021-06-07,"quantile",0.35,7.2106424201112
"24344",2021-05-15,"31","23  day ahead inc hosp",2021-06-07,"quantile",0.4,8.37864716805181
"24345",2021-05-15,"31","23  day ahead inc hosp",2021-06-07,"quantile",0.45,9.63848415236007
"24346",2021-05-15,"31","23  day ahead inc hosp",2021-06-07,"quantile",0.5,11.012059050909
"24347",2021-05-15,"31","23  day ahead inc hosp",2021-06-07,"quantile",0.55,12.5274638518296
"24348",2021-05-15,"31","23  day ahead inc hosp",2021-06-07,"quantile",0.6,14.2222828283807
"24349",2021-05-15,"31","23  day ahead inc hosp",2021-06-07,"quantile",0.65,16.1490269979119
"24350",2021-05-15,"31","23  day ahead inc hosp",2021-06-07,"quantile",0.7,18.3847722973082
"24351",2021-05-15,"31","23  day ahead inc hosp",2021-06-07,"quantile",0.75,21.0497617596927
"24352",2021-05-15,"31","23  day ahead inc hosp",2021-06-07,"quantile",0.8,24.3473801433784
"24353",2021-05-15,"31","23  day ahead inc hosp",2021-06-07,"quantile",0.85,28.6639003624128
"24354",2021-05-15,"31","23  day ahead inc hosp",2021-06-07,"quantile",0.9,34.8818982031468
"24355",2021-05-15,"31","23  day ahead inc hosp",2021-06-07,"quantile",0.95,45.892681422319
"24356",2021-05-15,"31","23  day ahead inc hosp",2021-06-07,"quantile",0.975,57.3922015374835
"24357",2021-05-15,"31","23  day ahead inc hosp",2021-06-07,"quantile",0.99,73.3389276315228
"24358",2021-05-15,"31","24  day ahead inc hosp",2021-06-08,"quantile",0.01,0.23364523642082
"24359",2021-05-15,"31","24  day ahead inc hosp",2021-06-08,"quantile",0.025,0.578963174436496
"24360",2021-05-15,"31","24  day ahead inc hosp",2021-06-08,"quantile",0.05,1.10193373920287
"24361",2021-05-15,"31","24  day ahead inc hosp",2021-06-08,"quantile",0.1,2.07443494606944
"24362",2021-05-15,"31","24  day ahead inc hosp",2021-06-08,"quantile",0.15,3.02280915163715
"24363",2021-05-15,"31","24  day ahead inc hosp",2021-06-08,"quantile",0.2,3.98298146439173
"24364",2021-05-15,"31","24  day ahead inc hosp",2021-06-08,"quantile",0.25,4.97491008695283
"24365",2021-05-15,"31","24  day ahead inc hosp",2021-06-08,"quantile",0.3,6.01399584929372
"24366",2021-05-15,"31","24  day ahead inc hosp",2021-06-08,"quantile",0.35,7.11477887911556
"24367",2021-05-15,"31","24  day ahead inc hosp",2021-06-08,"quantile",0.4,8.29284552420178
"24368",2021-05-15,"31","24  day ahead inc hosp",2021-06-08,"quantile",0.45,9.56632791700121
"24369",2021-05-15,"31","24  day ahead inc hosp",2021-06-08,"quantile",0.5,10.9575533860494
"24370",2021-05-15,"31","24  day ahead inc hosp",2021-06-08,"quantile",0.55,12.4952743113956
"24371",2021-05-15,"31","24  day ahead inc hosp",2021-06-08,"quantile",0.6,14.2180600175617
"24372",2021-05-15,"31","24  day ahead inc hosp",2021-06-08,"quantile",0.65,16.1798914117184
"24373",2021-05-15,"31","24  day ahead inc hosp",2021-06-08,"quantile",0.7,18.4600985494151
"24374",2021-05-15,"31","24  day ahead inc hosp",2021-06-08,"quantile",0.75,21.1825567442066
"24375",2021-05-15,"31","24  day ahead inc hosp",2021-06-08,"quantile",0.8,24.5569623439445
"24376",2021-05-15,"31","24  day ahead inc hosp",2021-06-08,"quantile",0.85,28.9818840410752
"24377",2021-05-15,"31","24  day ahead inc hosp",2021-06-08,"quantile",0.9,35.3687699194088
"24378",2021-05-15,"31","24  day ahead inc hosp",2021-06-08,"quantile",0.95,46.7068600506628
"24379",2021-05-15,"31","24  day ahead inc hosp",2021-06-08,"quantile",0.975,58.577084428066
"24380",2021-05-15,"31","24  day ahead inc hosp",2021-06-08,"quantile",0.99,75.0737944693493
"24381",2021-05-15,"31","25  day ahead inc hosp",2021-06-09,"quantile",0.01,0.211610321839319
"24382",2021-05-15,"31","25  day ahead inc hosp",2021-06-09,"quantile",0.025,0.542424654908718
"24383",2021-05-15,"31","25  day ahead inc hosp",2021-06-09,"quantile",0.05,1.05286067343511
"24384",2021-05-15,"31","25  day ahead inc hosp",2021-06-09,"quantile",0.1,2.01478501452382
"24385",2021-05-15,"31","25  day ahead inc hosp",2021-06-09,"quantile",0.15,2.96112878983565
"24386",2021-05-15,"31","25  day ahead inc hosp",2021-06-09,"quantile",0.2,3.92428397734751
"24387",2021-05-15,"31","25  day ahead inc hosp",2021-06-09,"quantile",0.25,4.9230335851365
"24388",2021-05-15,"31","25  day ahead inc hosp",2021-06-09,"quantile",0.3,5.97234244101813
"24389",2021-05-15,"31","25  day ahead inc hosp",2021-06-09,"quantile",0.35,7.08666327252365
"24390",2021-05-15,"31","25  day ahead inc hosp",2021-06-09,"quantile",0.4,8.28171898276276
"24391",2021-05-15,"31","25  day ahead inc hosp",2021-06-09,"quantile",0.45,9.57596813712754
"24392",2021-05-15,"31","25  day ahead inc hosp",2021-06-09,"quantile",0.5,10.9922665572978
"24393",2021-05-15,"31","25  day ahead inc hosp",2021-06-09,"quantile",0.55,12.5601476965827
"24394",2021-05-15,"31","25  day ahead inc hosp",2021-06-09,"quantile",0.6,14.3193138820619
"24395",2021-05-15,"31","25  day ahead inc hosp",2021-06-09,"quantile",0.65,16.3254105655055
"24396",2021-05-15,"31","25  day ahead inc hosp",2021-06-09,"quantile",0.7,18.6602957134087
"24397",2021-05-15,"31","25  day ahead inc hosp",2021-06-09,"quantile",0.75,21.4518904837569
"24398",2021-05-15,"31","25  day ahead inc hosp",2021-06-09,"quantile",0.8,24.9168836977595
"24399",2021-05-15,"31","25  day ahead inc hosp",2021-06-09,"quantile",0.85,29.4674002777817
"24400",2021-05-15,"31","25  day ahead inc hosp",2021-06-09,"quantile",0.9,36.0465609262637
"24401",2021-05-15,"31","25  day ahead inc hosp",2021-06-09,"quantile",0.95,47.7503772609932
"24402",2021-05-15,"31","25  day ahead inc hosp",2021-06-09,"quantile",0.975,60.0284420102844
"24403",2021-05-15,"31","25  day ahead inc hosp",2021-06-09,"quantile",0.99,77.1230054481374
"24404",2021-05-15,"31","26  day ahead inc hosp",2021-06-10,"quantile",0.01,0.181487925920077
"24405",2021-05-15,"31","26  day ahead inc hosp",2021-06-10,"quantile",0.025,0.487245461966854
"24406",2021-05-15,"31","26  day ahead inc hosp",2021-06-10,"quantile",0.05,0.971064372619193
"24407",2021-05-15,"31","26  day ahead inc hosp",2021-06-10,"quantile",0.1,1.89921113366292
"24408",2021-05-15,"31","26  day ahead inc hosp",2021-06-10,"quantile",0.15,2.82302010345986
"24409",2021-05-15,"31","26  day ahead inc hosp",2021-06-10,"quantile",0.2,3.76976236080927
"24410",2021-05-15,"31","26  day ahead inc hosp",2021-06-10,"quantile",0.25,4.75634194209722
"24411",2021-05-15,"31","26  day ahead inc hosp",2021-06-10,"quantile",0.3,5.79686196895363
"24412",2021-05-15,"31","26  day ahead inc hosp",2021-06-10,"quantile",0.35,6.9053703185383
"24413",2021-05-15,"31","26  day ahead inc hosp",2021-06-10,"quantile",0.4,8.0974477324168
"24414",2021-05-15,"31","26  day ahead inc hosp",2021-06-10,"quantile",0.45,9.39160065663594
"24415",2021-05-15,"31","26  day ahead inc hosp",2021-06-10,"quantile",0.5,10.8109054937303
"24416",2021-05-15,"31","26  day ahead inc hosp",2021-06-10,"quantile",0.55,12.3853086057599
"24417",2021-05-15,"31","26  day ahead inc hosp",2021-06-10,"quantile",0.6,14.1551759906436
"24418",2021-05-15,"31","26  day ahead inc hosp",2021-06-10,"quantile",0.65,16.1771840197752
"24419",2021-05-15,"31","26  day ahead inc hosp",2021-06-10,"quantile",0.7,18.5348122106552
"24420",2021-05-15,"31","26  day ahead inc hosp",2021-06-10,"quantile",0.75,21.358643154795
"24421",2021-05-15,"31","26  day ahead inc hosp",2021-06-10,"quantile",0.8,24.8700610944803
"24422",2021-05-15,"31","26  day ahead inc hosp",2021-06-10,"quantile",0.85,29.4904693132894
"24423",2021-05-15,"31","26  day ahead inc hosp",2021-06-10,"quantile",0.9,36.1851052955051
"24424",2021-05-15,"31","26  day ahead inc hosp",2021-06-10,"quantile",0.95,48.1264001114577
"24425",2021-05-15,"31","26  day ahead inc hosp",2021-06-10,"quantile",0.975,60.6864075191526
"24426",2021-05-15,"31","26  day ahead inc hosp",2021-06-10,"quantile",0.99,78.2143974229832
"24427",2021-05-15,"31","27  day ahead inc hosp",2021-06-11,"quantile",0.01,0.159261352038455
"24428",2021-05-15,"31","27  day ahead inc hosp",2021-06-11,"quantile",0.025,0.446276181310562
"24429",2021-05-15,"31","27  day ahead inc hosp",2021-06-11,"quantile",0.05,0.911026119601992
"24430",2021-05-15,"31","27  day ahead inc hosp",2021-06-11,"quantile",0.1,1.81704309882661
"24431",2021-05-15,"31","27  day ahead inc hosp",2021-06-11,"quantile",0.15,2.72826399002581
"24432",2021-05-15,"31","27  day ahead inc hosp",2021-06-11,"quantile",0.2,3.66786468839842
"24433",2021-05-15,"31","27  day ahead inc hosp",2021-06-11,"quantile",0.25,4.65128716585563
"24434",2021-05-15,"31","27  day ahead inc hosp",2021-06-11,"quantile",0.3,5.6920117407958
"24435",2021-05-15,"31","27  day ahead inc hosp",2021-06-11,"quantile",0.35,6.80385290125624
"24436",2021-05-15,"31","27  day ahead inc hosp",2021-06-11,"quantile",0.4,8.00239590943288
"24437",2021-05-15,"31","27  day ahead inc hosp",2021-06-11,"quantile",0.45,9.30633943066719
"24438",2021-05-15,"31","27  day ahead inc hosp",2021-06-11,"quantile",0.5,10.7391388045419
"24439",2021-05-15,"31","27  day ahead inc hosp",2021-06-11,"quantile",0.55,12.3313422381982
"24440",2021-05-15,"31","27  day ahead inc hosp",2021-06-11,"quantile",0.6,14.1242205317312
"24441",2021-05-15,"31","27  day ahead inc hosp",2021-06-11,"quantile",0.65,16.1758075395826
"24442",2021-05-15,"31","27  day ahead inc hosp",2021-06-11,"quantile",0.7,18.5716735249938
"24443",2021-05-15,"31","27  day ahead inc hosp",2021-06-11,"quantile",0.75,21.4457830726627
"24444",2021-05-15,"31","27  day ahead inc hosp",2021-06-11,"quantile",0.8,25.0254191506195
"24445",2021-05-15,"31","27  day ahead inc hosp",2021-06-11,"quantile",0.85,29.7435218986827
"24446",2021-05-15,"31","27  day ahead inc hosp",2021-06-11,"quantile",0.9,36.592541132151
"24447",2021-05-15,"31","27  day ahead inc hosp",2021-06-11,"quantile",0.95,48.8377499311829
"24448",2021-05-15,"31","27  day ahead inc hosp",2021-06-11,"quantile",0.975,61.7466430592746
"24449",2021-05-15,"31","27  day ahead inc hosp",2021-06-11,"quantile",0.99,79.7979492708897
"24450",2021-05-15,"31","28  day ahead inc hosp",2021-06-12,"quantile",0.01,0.135955293699871
"24451",2021-05-15,"31","28  day ahead inc hosp",2021-06-12,"quantile",0.025,0.400887777526135
"24452",2021-05-15,"31","28  day ahead inc hosp",2021-06-12,"quantile",0.05,0.841662333713032
"24453",2021-05-15,"31","28  day ahead inc hosp",2021-06-12,"quantile",0.1,1.71712563363062
"24454",2021-05-15,"31","28  day ahead inc hosp",2021-06-12,"quantile",0.15,2.60821428291245
"24455",2021-05-15,"31","28  day ahead inc hosp",2021-06-12,"quantile",0.2,3.53353476389573
"24456",2021-05-15,"31","28  day ahead inc hosp",2021-06-12,"quantile",0.25,4.50683898571046
"24457",2021-05-15,"31","28  day ahead inc hosp",2021-06-12,"quantile",0.3,5.54084278101035
"24458",2021-05-15,"31","28  day ahead inc hosp",2021-06-12,"quantile",0.35,6.64902153799148
"24459",2021-05-15,"31","28  day ahead inc hosp",2021-06-12,"quantile",0.4,7.84687362146408
"24460",2021-05-15,"31","28  day ahead inc hosp",2021-06-12,"quantile",0.45,9.15320059635368
"24461",2021-05-15,"31","28  day ahead inc hosp",2021-06-12,"quantile",0.5,10.5917403559673
"24462",2021-05-15,"31","28  day ahead inc hosp",2021-06-12,"quantile",0.55,12.1935302562989
"24463",2021-05-15,"31","28  day ahead inc hosp",2021-06-12,"quantile",0.6,14.0006050367514
"24464",2021-05-15,"31","28  day ahead inc hosp",2021-06-12,"quantile",0.65,16.0721691420264
"24465",2021-05-15,"31","28  day ahead inc hosp",2021-06-12,"quantile",0.7,18.4956204888703
"24466",2021-05-15,"31","28  day ahead inc hosp",2021-06-12,"quantile",0.75,21.4079100532484
"24467",2021-05-15,"31","28  day ahead inc hosp",2021-06-12,"quantile",0.8,25.0415739156848
"24468",2021-05-15,"31","28  day ahead inc hosp",2021-06-12,"quantile",0.85,29.8399093003953
"24469",2021-05-15,"31","28  day ahead inc hosp",2021-06-12,"quantile",0.9,36.8200052746779
"24470",2021-05-15,"31","28  day ahead inc hosp",2021-06-12,"quantile",0.95,49.3320899633465
"24471",2021-05-15,"31","28  day ahead inc hosp",2021-06-12,"quantile",0.975,62.5556577797772
"24472",2021-05-15,"31","28  day ahead inc hosp",2021-06-12,"quantile",0.99,81.0885827062023
"24473",2021-05-15,"31","29  day ahead inc hosp",2021-06-13,"quantile",0.01,0.130826332908052
"24474",2021-05-15,"31","29  day ahead inc hosp",2021-06-13,"quantile",0.025,0.395863103354938
"24475",2021-05-15,"31","29  day ahead inc hosp",2021-06-13,"quantile",0.05,0.842847601641488
"24476",2021-05-15,"31","29  day ahead inc hosp",2021-06-13,"quantile",0.1,1.73891233159782
"24477",2021-05-15,"31","29  day ahead inc hosp",2021-06-13,"quantile",0.15,2.65636244325608
"24478",2021-05-15,"31","29  day ahead inc hosp",2021-06-13,"quantile",0.2,3.61234724925623
"24479",2021-05-15,"31","29  day ahead inc hosp",2021-06-13,"quantile",0.25,4.62035535402706
"24480",2021-05-15,"31","29  day ahead inc hosp",2021-06-13,"quantile",0.3,5.69324901732992
"24481",2021-05-15,"31","29  day ahead inc hosp",2021-06-13,"quantile",0.35,6.84489048956774
"24482",2021-05-15,"31","29  day ahead inc hosp",2021-06-13,"quantile",0.4,8.09137285851419
"24483",2021-05-15,"31","29  day ahead inc hosp",2021-06-13,"quantile",0.45,9.45232248890021
"24484",2021-05-15,"31","29  day ahead inc hosp",2021-06-13,"quantile",0.5,10.9525945872418
"24485",2021-05-15,"31","29  day ahead inc hosp",2021-06-13,"quantile",0.55,12.6247471882293
"24486",2021-05-15,"31","29  day ahead inc hosp",2021-06-13,"quantile",0.6,14.5129254205991
"24487",2021-05-15,"31","29  day ahead inc hosp",2021-06-13,"quantile",0.65,16.6793538329269
"24488",2021-05-15,"31","29  day ahead inc hosp",2021-06-13,"quantile",0.7,19.215939168396
"24489",2021-05-15,"31","29  day ahead inc hosp",2021-06-13,"quantile",0.75,22.2667602064507
"24490",2021-05-15,"31","29  day ahead inc hosp",2021-06-13,"quantile",0.8,26.0765494121254
"24491",2021-05-15,"31","29  day ahead inc hosp",2021-06-13,"quantile",0.85,31.1120317389413
"24492",2021-05-15,"31","29  day ahead inc hosp",2021-06-13,"quantile",0.9,38.4445023362401
"24493",2021-05-15,"31","29  day ahead inc hosp",2021-06-13,"quantile",0.95,51.6047118816909
"24494",2021-05-15,"31","29  day ahead inc hosp",2021-06-13,"quantile",0.975,65.5301454439545
"24495",2021-05-15,"31","29  day ahead inc hosp",2021-06-13,"quantile",0.99,85.0678059994181
"24496",2021-05-15,"31","30  day ahead inc hosp",2021-06-14,"quantile",0.01,0.111261836611876
"24497",2021-05-15,"31","30  day ahead inc hosp",2021-06-14,"quantile",0.025,0.356160715494047
"24498",2021-05-15,"31","30  day ahead inc hosp",2021-06-14,"quantile",0.05,0.781461136117428
"24499",2021-05-15,"31","30  day ahead inc hosp",2021-06-14,"quantile",0.1,1.65106780844435
"24500",2021-05-15,"31","30  day ahead inc hosp",2021-06-14,"quantile",0.15,2.55259272738157
"24501",2021-05-15,"31","30  day ahead inc hosp",2021-06-14,"quantile",0.2,3.49882462731749
"24502",2021-05-15,"31","30  day ahead inc hosp",2021-06-14,"quantile",0.25,4.50165618854004
"24503",2021-05-15,"31","30  day ahead inc hosp",2021-06-14,"quantile",0.3,5.57326414693906
"24504",2021-05-15,"31","30  day ahead inc hosp",2021-06-14,"quantile",0.35,6.72725726083036
"24505",2021-05-15,"31","30  day ahead inc hosp",2021-06-14,"quantile",0.4,7.97974433373251
"24506",2021-05-15,"31","30  day ahead inc hosp",2021-06-14,"quantile",0.45,9.35058356055569
"24507",2021-05-15,"31","30  day ahead inc hosp",2021-06-14,"quantile",0.5,10.8650798198274
"24508",2021-05-15,"31","30  day ahead inc hosp",2021-06-14,"quantile",0.55,12.5565031009098
"24509",2021-05-15,"31","30  day ahead inc hosp",2021-06-14,"quantile",0.6,14.4700687627792
"24510",2021-05-15,"31","30  day ahead inc hosp",2021-06-14,"quantile",0.65,16.6696086083399
"24511",2021-05-15,"31","30  day ahead inc hosp",2021-06-14,"quantile",0.7,19.2495084959017
"24512",2021-05-15,"31","30  day ahead inc hosp",2021-06-14,"quantile",0.75,22.3578646297747
"24513",2021-05-15,"31","30  day ahead inc hosp",2021-06-14,"quantile",0.8,26.2464309321405
"24514",2021-05-15,"31","30  day ahead inc hosp",2021-06-14,"quantile",0.85,31.3956975696008
"24515",2021-05-15,"31","30  day ahead inc hosp",2021-06-14,"quantile",0.9,38.9095196907423
"24516",2021-05-15,"31","30  day ahead inc hosp",2021-06-14,"quantile",0.95,52.4301500306304
"24517",2021-05-15,"31","30  day ahead inc hosp",2021-06-14,"quantile",0.975,66.7727974875769
"24518",2021-05-15,"31","30  day ahead inc hosp",2021-06-14,"quantile",0.99,86.9405763790299
"24519",2021-05-15,"31","31  day ahead inc hosp",2021-06-15,"quantile",0.01,0.0943234674311623
"24520",2021-05-15,"31","31  day ahead inc hosp",2021-06-15,"quantile",0.025,0.320589590889596
"24521",2021-05-15,"31","31  day ahead inc hosp",2021-06-15,"quantile",0.05,0.725782813128347
"24522",2021-05-15,"31","31  day ahead inc hosp",2021-06-15,"quantile",0.1,1.57134954853998
"24523",2021-05-15,"31","31  day ahead inc hosp",2021-06-15,"quantile",0.15,2.45917377460726
"24524",2021-05-15,"31","31  day ahead inc hosp",2021-06-15,"quantile",0.2,3.39791208480408
"24525",2021-05-15,"31","31  day ahead inc hosp",2021-06-15,"quantile",0.25,4.39794903343503
"24526",2021-05-15,"31","31  day ahead inc hosp",2021-06-15,"quantile",0.3,5.4708323373344
"24527",2021-05-15,"31","31  day ahead inc hosp",2021-06-15,"quantile",0.35,6.62996711420409
"24528",2021-05-15,"31","31  day ahead inc hosp",2021-06-15,"quantile",0.4,7.89153075118016
"24529",2021-05-15,"31","31  day ahead inc hosp",2021-06-15,"quantile",0.45,9.2756754323422
"24530",2021-05-15,"31","31  day ahead inc hosp",2021-06-15,"quantile",0.5,10.8082334847825
"24531",2021-05-15,"31","31  day ahead inc hosp",2021-06-15,"quantile",0.55,12.5232886200124
"24532",2021-05-15,"31","31  day ahead inc hosp",2021-06-15,"quantile",0.6,14.4672649452345
"24533",2021-05-15,"31","31  day ahead inc hosp",2021-06-15,"quantile",0.65,16.7057979880657
"24534",2021-05-15,"31","31  day ahead inc hosp",2021-06-15,"quantile",0.7,19.3360451271023
"24535",2021-05-15,"31","31  day ahead inc hosp",2021-06-15,"quantile",0.75,22.5105823644059
"24536",2021-05-15,"31","31  day ahead inc hosp",2021-06-15,"quantile",0.8,26.4889781700663
"24537",2021-05-15,"31","31  day ahead inc hosp",2021-06-15,"quantile",0.85,31.7670175625432
"24538",2021-05-15,"31","31  day ahead inc hosp",2021-06-15,"quantile",0.9,39.4846752486719
"24539",2021-05-15,"31","31  day ahead inc hosp",2021-06-15,"quantile",0.95,53.4076605377573
"24540",2021-05-15,"31","31  day ahead inc hosp",2021-06-15,"quantile",0.975,68.2136327478252
"24541",2021-05-15,"31","31  day ahead inc hosp",2021-06-15,"quantile",0.99,89.0785419131524
"24542",2021-05-15,"31","32  day ahead inc hosp",2021-06-16,"quantile",0.01,0.0799547504967367
"24543",2021-05-15,"31","32  day ahead inc hosp",2021-06-16,"quantile",0.025,0.289305844599832
"24544",2021-05-15,"31","32  day ahead inc hosp",2021-06-16,"quantile",0.05,0.676218275852869
"24545",2021-05-15,"31","32  day ahead inc hosp",2021-06-16,"quantile",0.1,1.50046748228768
"24546",2021-05-15,"31","32  day ahead inc hosp",2021-06-16,"quantile",0.15,2.37698569161308
"24547",2021-05-15,"31","32  day ahead inc hosp",2021-06-16,"quantile",0.2,3.31057653866279
"24548",2021-05-15,"31","32  day ahead inc hosp",2021-06-16,"quantile",0.25,4.31022338902738
"24549",2021-05-15,"31","32  day ahead inc hosp",2021-06-16,"quantile",0.3,5.38690941377796
"24550",2021-05-15,"31","32  day ahead inc hosp",2021-06-16,"quantile",0.35,6.55388834079833
"24551",2021-05-15,"31","32  day ahead inc hosp",2021-06-16,"quantile",0.4,7.82745775750329
"24552",2021-05-15,"31","32  day ahead inc hosp",2021-06-16,"quantile",0.45,9.22812166170345
"24553",2021-05-15,"31","32  day ahead inc hosp",2021-06-16,"quantile",0.5,10.7823100330998
"24554",2021-05-15,"31","32  day ahead inc hosp",2021-06-16,"quantile",0.55,12.5250104981569
"24555",2021-05-15,"31","32  day ahead inc hosp",2021-06-16,"quantile",0.6,14.5039773124385
"24556",2021-05-15,"31","32  day ahead inc hosp",2021-06-16,"quantile",0.65,16.786820720283
"24557",2021-05-15,"31","32  day ahead inc hosp",2021-06-16,"quantile",0.7,19.4737229453574
"24558",2021-05-15,"31","32  day ahead inc hosp",2021-06-16,"quantile",0.75,22.722139080308
"24559",2021-05-15,"31","32  day ahead inc hosp",2021-06-16,"quantile",0.8,26.8001353375086
"24560",2021-05-15,"31","32  day ahead inc hosp",2021-06-16,"quantile",0.85,32.2201064137314
"24561",2021-05-15,"31","32  day ahead inc hosp",2021-06-16,"quantile",0.9,40.1611995896187
"24562",2021-05-15,"31","32  day ahead inc hosp",2021-06-16,"quantile",0.95,54.522807224949
"24563",2021-05-15,"31","32  day ahead inc hosp",2021-06-16,"quantile",0.975,69.8317163983567
"24564",2021-05-15,"31","32  day ahead inc hosp",2021-06-16,"quantile",0.99,91.4510237212608
"24565",2021-05-15,"31","33  day ahead inc hosp",2021-06-17,"quantile",0.01,0.0673322384490461
"24566",2021-05-15,"31","33  day ahead inc hosp",2021-06-17,"quantile",0.025,0.260482731194445
"24567",2021-05-15,"31","33  day ahead inc hosp",2021-06-17,"quantile",0.05,0.629468121629104
"24568",2021-05-15,"31","33  day ahead inc hosp",2021-06-17,"quantile",0.1,1.43246503308776
"24569",2021-05-15,"31","33  day ahead inc hosp",2021-06-17,"quantile",0.15,2.29754672482113
"24570",2021-05-15,"31","33  day ahead inc hosp",2021-06-17,"quantile",0.2,3.22582677005985
"24571",2021-05-15,"31","33  day ahead inc hosp",2021-06-17,"quantile",0.25,4.2249342397168
"24572",2021-05-15,"31","33  day ahead inc hosp",2021-06-17,"quantile",0.3,5.30530940211615
"24573",2021-05-15,"31","33  day ahead inc hosp",2021-06-17,"quantile",0.35,6.48006912908999
"24574",2021-05-15,"31","33  day ahead inc hosp",2021-06-17,"quantile",0.4,7.76564447465384
"24575",2021-05-15,"31","33  day ahead inc hosp",2021-06-17,"quantile",0.45,9.18290606427597
"24576",2021-05-15,"31","33  day ahead inc hosp",2021-06-17,"quantile",0.5,10.7589000491454
"24577",2021-05-15,"31","33  day ahead inc hosp",2021-06-17,"quantile",0.55,12.5295426783555
"24578",2021-05-15,"31","33  day ahead inc hosp",2021-06-17,"quantile",0.6,14.5439528858534
"24579",2021-05-15,"31","33  day ahead inc hosp",2021-06-17,"quantile",0.65,16.8717660199972
"24580",2021-05-15,"31","33  day ahead inc hosp",2021-06-17,"quantile",0.7,19.6162663493637
"24581",2021-05-15,"31","33  day ahead inc hosp",2021-06-17,"quantile",0.75,22.9399138153629
"24582",2021-05-15,"31","33  day ahead inc hosp",2021-06-17,"quantile",0.8,27.1194949083488
"24583",2021-05-15,"31","33  day ahead inc hosp",2021-06-17,"quantile",0.85,32.6844579900524
"24584",2021-05-15,"31","33  day ahead inc hosp",2021-06-17,"quantile",0.9,40.8541970558003
"24585",2021-05-15,"31","33  day ahead inc hosp",2021-06-17,"quantile",0.95,55.6655797944035
"24586",2021-05-15,"31","33  day ahead inc hosp",2021-06-17,"quantile",0.975,71.4912010926635
"24587",2021-05-15,"31","33  day ahead inc hosp",2021-06-17,"quantile",0.99,93.8868566541556
"24588",2021-05-15,"31","34  day ahead inc hosp",2021-06-18,"quantile",0.01,0.057182199310115
"24589",2021-05-15,"31","34  day ahead inc hosp",2021-06-18,"quantile",0.025,0.236513218542956
"24590",2021-05-15,"31","34  day ahead inc hosp",2021-06-18,"quantile",0.05,0.590414407269618
"24591",2021-05-15,"31","34  day ahead inc hosp",2021-06-18,"quantile",0.1,1.37661628433712
"24592",2021-05-15,"31","34  day ahead inc hosp",2021-06-18,"quantile",0.15,2.23417772403004
"24593",2021-05-15,"31","34  day ahead inc hosp",2021-06-18,"quantile",0.2,3.16090204057477
"24594",2021-05-15,"31","34  day ahead inc hosp",2021-06-18,"quantile",0.25,4.16321976628016
"24595",2021-05-15,"31","34  day ahead inc hosp",2021-06-18,"quantile",0.3,5.25112196326899
"24596",2021-05-15,"31","34  day ahead inc hosp",2021-06-18,"quantile",0.35,6.43766127004016
"24597",2021-05-15,"31","34  day ahead inc hosp",2021-06-18,"quantile",0.4,7.7394699284336
"24598",2021-05-15,"31","34  day ahead inc hosp",2021-06-18,"quantile",0.45,9.17785724989584
"24599",2021-05-15,"31","34  day ahead inc hosp",2021-06-18,"quantile",0.5,10.7805696706812
"24600",2021-05-15,"31","34  day ahead inc hosp",2021-06-18,"quantile",0.55,12.584557116271
"24601",2021-05-15,"31","34  day ahead inc hosp",2021-06-18,"quantile",0.6,14.6404417707932
"24602",2021-05-15,"31","34  day ahead inc hosp",2021-06-18,"quantile",0.65,17.0200763567788
"24603",2021-05-15,"31","34  day ahead inc hosp",2021-06-18,"quantile",0.7,19.8301286715922
"24604",2021-05-15,"31","34  day ahead inc hosp",2021-06-18,"quantile",0.75,23.2385026710394
"24605",2021-05-15,"31","34  day ahead inc hosp",2021-06-18,"quantile",0.8,27.5314493351413
"24606",2021-05-15,"31","34  day ahead inc hosp",2021-06-18,"quantile",0.85,33.2568887475372
"24607",2021-05-15,"31","34  day ahead inc hosp",2021-06-18,"quantile",0.9,41.6777171132277
"24608",2021-05-15,"31","34  day ahead inc hosp",2021-06-18,"quantile",0.95,56.9790195925334
"24609",2021-05-15,"31","34  day ahead inc hosp",2021-06-18,"quantile",0.975,73.3637937383906
"24610",2021-05-15,"31","34  day ahead inc hosp",2021-06-18,"quantile",0.99,96.5954226652716
"24611",2021-05-15,"31","35  day ahead inc hosp",2021-06-19,"quantile",0.01,0.0479786018800912
"24612",2021-05-15,"31","35  day ahead inc hosp",2021-06-19,"quantile",0.025,0.213417564137794
"24613",2021-05-15,"31","35  day ahead inc hosp",2021-06-19,"quantile",0.05,0.551424204565999
"24614",2021-05-15,"31","35  day ahead inc hosp",2021-06-19,"quantile",0.1,1.31874017940767
"24615",2021-05-15,"31","35  day ahead inc hosp",2021-06-19,"quantile",0.15,2.16655008048873
"24616",2021-05-15,"31","35  day ahead inc hosp",2021-06-19,"quantile",0.2,3.08943017485019
"24617",2021-05-15,"31","35  day ahead inc hosp",2021-06-19,"quantile",0.25,4.09261576220579
"24618",2021-05-15,"31","35  day ahead inc hosp",2021-06-19,"quantile",0.3,5.18563685030404
"24619",2021-05-15,"31","35  day ahead inc hosp",2021-06-19,"quantile",0.35,6.38146483753504
"24620",2021-05-15,"31","35  day ahead inc hosp",2021-06-19,"quantile",0.4,7.69691267881752
"24621",2021-05-15,"31","35  day ahead inc hosp",2021-06-19,"quantile",0.45,9.15370400220168
"24622",2021-05-15,"31","35  day ahead inc hosp",2021-06-19,"quantile",0.5,10.7802558719363
"24623",2021-05-15,"31","35  day ahead inc hosp",2021-06-19,"quantile",0.55,12.6145146410648
"24624",2021-05-15,"31","35  day ahead inc hosp",2021-06-19,"quantile",0.6,14.7085572650645
"24625",2021-05-15,"31","35  day ahead inc hosp",2021-06-19,"quantile",0.65,17.1363881860457
"24626",2021-05-15,"31","35  day ahead inc hosp",2021-06-19,"quantile",0.7,20.0079655953045
"24627",2021-05-15,"31","35  day ahead inc hosp",2021-06-19,"quantile",0.75,23.496497567763
"24628",2021-05-15,"31","35  day ahead inc hosp",2021-06-19,"quantile",0.8,27.8974730177643
"24629",2021-05-15,"31","35  day ahead inc hosp",2021-06-19,"quantile",0.85,33.7768754836604
"24630",2021-05-15,"31","35  day ahead inc hosp",2021-06-19,"quantile",0.9,42.4402323381868
"24631",2021-05-15,"31","35  day ahead inc hosp",2021-06-19,"quantile",0.95,58.2182762933171
"24632",2021-05-15,"31","35  day ahead inc hosp",2021-06-19,"quantile",0.975,75.1506361610185
"24633",2021-05-15,"31","35  day ahead inc hosp",2021-06-19,"quantile",0.99,99.2051476273655
"24634",2021-05-15,"31","36  day ahead inc hosp",2021-06-20,"quantile",0.01,0.0351320848408627
"24635",2021-05-15,"31","36  day ahead inc hosp",2021-06-20,"quantile",0.025,0.176136617738575
"24636",2021-05-15,"31","36  day ahead inc hosp",2021-06-20,"quantile",0.05,0.480679028921866
"24637",2021-05-15,"31","36  day ahead inc hosp",2021-06-20,"quantile",0.1,1.19589402818005
"24638",2021-05-15,"31","36  day ahead inc hosp",2021-06-20,"quantile",0.15,2.00201759208097
"24639",2021-05-15,"31","36  day ahead inc hosp",2021-06-20,"quantile",0.2,2.88936941892029
"24640",2021-05-15,"31","36  day ahead inc hosp",2021-06-20,"quantile",0.25,3.86135468528268
"24641",2021-05-15,"31","36  day ahead inc hosp",2021-06-20,"quantile",0.3,4.92656347752663
"24642",2021-05-15,"31","36  day ahead inc hosp",2021-06-20,"quantile",0.35,6.09745894293663
"24643",2021-05-15,"31","36  day ahead inc hosp",2021-06-20,"quantile",0.4,7.39060283570727
"24644",2021-05-15,"31","36  day ahead inc hosp",2021-06-20,"quantile",0.45,8.82765398955468
"24645",2021-05-15,"31","36  day ahead inc hosp",2021-06-20,"quantile",0.5,10.4371309659212
"24646",2021-05-15,"31","36  day ahead inc hosp",2021-06-20,"quantile",0.55,12.2572629379002
"24647",2021-05-15,"31","36  day ahead inc hosp",2021-06-20,"quantile",0.6,14.3406435885044
"24648",2021-05-15,"31","36  day ahead inc hosp",2021-06-20,"quantile",0.65,16.7621373414798
"24649",2021-05-15,"31","36  day ahead inc hosp",2021-06-20,"quantile",0.7,19.6331207608639
"24650",2021-05-15,"31","36  day ahead inc hosp",2021-06-20,"quantile",0.75,23.1292206818734
"24651",2021-05-15,"31","36  day ahead inc hosp",2021-06-20,"quantile",0.8,27.5503437278749
"24652",2021-05-15,"31","36  day ahead inc hosp",2021-06-20,"quantile",0.85,33.4715074413198
"24653",2021-05-15,"31","36  day ahead inc hosp",2021-06-20,"quantile",0.9,42.2205812200055
"24654",2021-05-15,"31","36  day ahead inc hosp",2021-06-20,"quantile",0.95,58.2090221063767
"24655",2021-05-15,"31","36  day ahead inc hosp",2021-06-20,"quantile",0.975,75.4230914095657
"24656",2021-05-15,"31","36  day ahead inc hosp",2021-06-20,"quantile",0.99,99.9479698426831
"24657",2021-05-15,"31","37  day ahead inc hosp",2021-06-21,"quantile",0.01,0.0296870005268898
"24658",2021-05-15,"31","37  day ahead inc hosp",2021-06-21,"quantile",0.025,0.160667865661995
"24659",2021-05-15,"31","37  day ahead inc hosp",2021-06-21,"quantile",0.05,0.453508730811832
"24660",2021-05-15,"31","37  day ahead inc hosp",2021-06-21,"quantile",0.1,1.15561309198086
"24661",2021-05-15,"31","37  day ahead inc hosp",2021-06-21,"quantile",0.15,1.95646837048431
"24662",2021-05-15,"31","37  day ahead inc hosp",2021-06-21,"quantile",0.2,2.84390471384128
"24663",2021-05-15,"31","37  day ahead inc hosp",2021-06-21,"quantile",0.25,3.82041070685223
"24664",2021-05-15,"31","37  day ahead inc hosp",2021-06-21,"quantile",0.3,4.89426188905398
"24665",2021-05-15,"31","37  day ahead inc hosp",2021-06-21,"quantile",0.35,6.07793522604326
"24666",2021-05-15,"31","37  day ahead inc hosp",2021-06-21,"quantile",0.4,7.3882462657389
"24667",2021-05-15,"31","37  day ahead inc hosp",2021-06-21,"quantile",0.45,8.84733334232508
"24668",2021-05-15,"31","37  day ahead inc hosp",2021-06-21,"quantile",0.5,10.4844517760172
"24669",2021-05-15,"31","37  day ahead inc hosp",2021-06-21,"quantile",0.55,12.3389018600886
"24670",2021-05-15,"31","37  day ahead inc hosp",2021-06-21,"quantile",0.6,14.4648241737525
"24671",2021-05-15,"31","37  day ahead inc hosp",2021-06-21,"quantile",0.65,16.9393573203807
"24672",2021-05-15,"31","37  day ahead inc hosp",2021-06-21,"quantile",0.7,19.8773428207363
"24673",2021-05-15,"31","37  day ahead inc hosp",2021-06-21,"quantile",0.75,23.4599795429628
"24674",2021-05-15,"31","37  day ahead inc hosp",2021-06-21,"quantile",0.8,27.9968614608174
"24675",2021-05-15,"31","37  day ahead inc hosp",2021-06-21,"quantile",0.85,34.0819203805481
"24676",2021-05-15,"31","37  day ahead inc hosp",2021-06-21,"quantile",0.9,43.0876015189581
"24677",2021-05-15,"31","37  day ahead inc hosp",2021-06-21,"quantile",0.95,59.5774049240874
"24678",2021-05-15,"31","37  day ahead inc hosp",2021-06-21,"quantile",0.975,77.3646709595127
"24679",2021-05-15,"31","37  day ahead inc hosp",2021-06-21,"quantile",0.99,102.748093810657
"24680",2021-05-15,"32","1  day ahead inc hosp",2021-05-16,"quantile",0.01,12.2639689173884
"24681",2021-05-15,"32","1  day ahead inc hosp",2021-05-16,"quantile",0.025,14.6257946850084
"24682",2021-05-15,"32","1  day ahead inc hosp",2021-05-16,"quantile",0.05,16.9165988552017
"24683",2021-05-15,"32","1  day ahead inc hosp",2021-05-16,"quantile",0.1,19.8805204038248
"24684",2021-05-15,"32","1  day ahead inc hosp",2021-05-16,"quantile",0.15,22.0894005827993
"24685",2021-05-15,"32","1  day ahead inc hosp",2021-05-16,"quantile",0.2,23.9722621225039
"24686",2021-05-15,"32","1  day ahead inc hosp",2021-05-16,"quantile",0.25,25.6813535312504
"24687",2021-05-15,"32","1  day ahead inc hosp",2021-05-16,"quantile",0.3,27.2926110582366
"24688",2021-05-15,"32","1  day ahead inc hosp",2021-05-16,"quantile",0.35,28.8522734841331
"24689",2021-05-15,"32","1  day ahead inc hosp",2021-05-16,"quantile",0.4,30.3931563201294
"24690",2021-05-15,"32","1  day ahead inc hosp",2021-05-16,"quantile",0.45,31.9419362814998
"24691",2021-05-15,"32","1  day ahead inc hosp",2021-05-16,"quantile",0.5,33.5232222211253
"24692",2021-05-15,"32","1  day ahead inc hosp",2021-05-16,"quantile",0.55,35.1625052150672
"24693",2021-05-15,"32","1  day ahead inc hosp",2021-05-16,"quantile",0.6,36.8890460903843
"24694",2021-05-15,"32","1  day ahead inc hosp",2021-05-16,"quantile",0.65,38.739595079532
"24695",2021-05-15,"32","1  day ahead inc hosp",2021-05-16,"quantile",0.7,40.7642488541764
"24696",2021-05-15,"32","1  day ahead inc hosp",2021-05-16,"quantile",0.75,43.0371180673663
"24697",2021-05-15,"32","1  day ahead inc hosp",2021-05-16,"quantile",0.8,45.6784959788306
"24698",2021-05-15,"32","1  day ahead inc hosp",2021-05-16,"quantile",0.85,48.9087456696232
"24699",2021-05-15,"32","1  day ahead inc hosp",2021-05-16,"quantile",0.9,53.2130393326707
"24700",2021-05-15,"32","1  day ahead inc hosp",2021-05-16,"quantile",0.95,60.1075552573191
"24701",2021-05-15,"32","1  day ahead inc hosp",2021-05-16,"quantile",0.975,66.6118612443679
"24702",2021-05-15,"32","1  day ahead inc hosp",2021-05-16,"quantile",0.99,74.8227268035732
"24703",2021-05-15,"32","2  day ahead inc hosp",2021-05-17,"quantile",0.01,11.5890025982472
"24704",2021-05-15,"32","2  day ahead inc hosp",2021-05-17,"quantile",0.025,14.0963038588461
"24705",2021-05-15,"32","2  day ahead inc hosp",2021-05-17,"quantile",0.05,16.5603947343023
"24706",2021-05-15,"32","2  day ahead inc hosp",2021-05-17,"quantile",0.1,19.7873277119151
"24707",2021-05-15,"32","2  day ahead inc hosp",2021-05-17,"quantile",0.15,22.2163893821292
"24708",2021-05-15,"32","2  day ahead inc hosp",2021-05-17,"quantile",0.2,24.3011341890488
"24709",2021-05-15,"32","2  day ahead inc hosp",2021-05-17,"quantile",0.25,26.2036944698025
"24710",2021-05-15,"32","2  day ahead inc hosp",2021-05-17,"quantile",0.3,28.0055286008428
"24711",2021-05-15,"32","2  day ahead inc hosp",2021-05-17,"quantile",0.35,29.7566882557409
"24712",2021-05-15,"32","2  day ahead inc hosp",2021-05-17,"quantile",0.4,31.4931041300209
"24713",2021-05-15,"32","2  day ahead inc hosp",2021-05-17,"quantile",0.45,33.244382405323
"24714",2021-05-15,"32","2  day ahead inc hosp",2021-05-17,"quantile",0.5,35.0382239120871
"24715",2021-05-15,"32","2  day ahead inc hosp",2021-05-17,"quantile",0.55,36.9037001775819
"24716",2021-05-15,"32","2  day ahead inc hosp",2021-05-17,"quantile",0.6,38.8745428137925
"24717",2021-05-15,"32","2  day ahead inc hosp",2021-05-17,"quantile",0.65,40.9934620349099
"24718",2021-05-15,"32","2  day ahead inc hosp",2021-05-17,"quantile",0.7,43.3190180304154
"24719",2021-05-15,"32","2  day ahead inc hosp",2021-05-17,"quantile",0.75,45.9381995784462
"24720",2021-05-15,"32","2  day ahead inc hosp",2021-05-17,"quantile",0.8,48.9926333996658
"24721",2021-05-15,"32","2  day ahead inc hosp",2021-05-17,"quantile",0.85,52.7424084959393
"24722",2021-05-15,"32","2  day ahead inc hosp",2021-05-17,"quantile",0.9,57.7615341484964
"24723",2021-05-15,"32","2  day ahead inc hosp",2021-05-17,"quantile",0.95,65.8490978819957
"24724",2021-05-15,"32","2  day ahead inc hosp",2021-05-17,"quantile",0.975,73.5267800286032
"24725",2021-05-15,"32","2  day ahead inc hosp",2021-05-17,"quantile",0.99,83.2766902776341
"24726",2021-05-15,"32","3  day ahead inc hosp",2021-05-18,"quantile",0.01,11.1761086503189
"24727",2021-05-15,"32","3  day ahead inc hosp",2021-05-18,"quantile",0.025,13.6430481742239
"24728",2021-05-15,"32","3  day ahead inc hosp",2021-05-18,"quantile",0.05,16.0732708439476
"24729",2021-05-15,"32","3  day ahead inc hosp",2021-05-18,"quantile",0.1,19.2628206808174
"24730",2021-05-15,"32","3  day ahead inc hosp",2021-05-18,"quantile",0.15,21.668067329024
"24731",2021-05-15,"32","3  day ahead inc hosp",2021-05-18,"quantile",0.2,23.7349055315148
"24732",2021-05-15,"32","3  day ahead inc hosp",2021-05-18,"quantile",0.25,25.62294290304
"24733",2021-05-15,"32","3  day ahead inc hosp",2021-05-18,"quantile",0.3,27.4124774799987
"24734",2021-05-15,"32","3  day ahead inc hosp",2021-05-18,"quantile",0.35,29.1529304353229
"24735",2021-05-15,"32","3  day ahead inc hosp",2021-05-18,"quantile",0.4,30.8798545618347
"24736",2021-05-15,"32","3  day ahead inc hosp",2021-05-18,"quantile",0.45,32.6226166048595
"24737",2021-05-15,"32","3  day ahead inc hosp",2021-05-18,"quantile",0.5,34.4087632018687
"24738",2021-05-15,"32","3  day ahead inc hosp",2021-05-18,"quantile",0.55,36.2672709359049
"24739",2021-05-15,"32","3  day ahead inc hosp",2021-05-18,"quantile",0.6,38.2318244605552
"24740",2021-05-15,"32","3  day ahead inc hosp",2021-05-18,"quantile",0.65,40.3451344404647
"24741",2021-05-15,"32","3  day ahead inc hosp",2021-05-18,"quantile",0.7,42.6658202931455
"24742",2021-05-15,"32","3  day ahead inc hosp",2021-05-18,"quantile",0.75,45.2810205126705
"24743",2021-05-15,"32","3  day ahead inc hosp",2021-05-18,"quantile",0.8,48.332680014336
"24744",2021-05-15,"32","3  day ahead inc hosp",2021-05-18,"quantile",0.85,52.0815843785096
"24745",2021-05-15,"32","3  day ahead inc hosp",2021-05-18,"quantile",0.9,57.1035201750657
"24746",2021-05-15,"32","3  day ahead inc hosp",2021-05-18,"quantile",0.95,65.2040737587252
"24747",2021-05-15,"32","3  day ahead inc hosp",2021-05-18,"quantile",0.975,72.9025030689768
"24748",2021-05-15,"32","3  day ahead inc hosp",2021-05-18,"quantile",0.99,82.6889126554372
"24749",2021-05-15,"32","4  day ahead inc hosp",2021-05-19,"quantile",0.01,10.8271736230054
"24750",2021-05-15,"32","4  day ahead inc hosp",2021-05-19,"quantile",0.025,13.2859484704837
"24751",2021-05-15,"32","4  day ahead inc hosp",2021-05-19,"quantile",0.05,15.7164940450532
"24752",2021-05-15,"32","4  day ahead inc hosp",2021-05-19,"quantile",0.1,18.9165395106325
"24753",2021-05-15,"32","4  day ahead inc hosp",2021-05-19,"quantile",0.15,21.3359563501219
"24754",2021-05-15,"32","4  day ahead inc hosp",2021-05-19,"quantile",0.2,23.4186368116164
"24755",2021-05-15,"32","4  day ahead inc hosp",2021-05-19,"quantile",0.25,25.3237800349433
"24756",2021-05-15,"32","4  day ahead inc hosp",2021-05-19,"quantile",0.3,27.1316354506198
"24757",2021-05-15,"32","4  day ahead inc hosp",2021-05-19,"quantile",0.35,28.8917142751468
"24758",2021-05-15,"32","4  day ahead inc hosp",2021-05-19,"quantile",0.4,30.6397428348682
"24759",2021-05-15,"32","4  day ahead inc hosp",2021-05-19,"quantile",0.45,32.4053358697729
"24760",2021-05-15,"32","4  day ahead inc hosp",2021-05-19,"quantile",0.5,34.2163740703103
"24761",2021-05-15,"32","4  day ahead inc hosp",2021-05-19,"quantile",0.55,36.1022823780421
"24762",2021-05-15,"32","4  day ahead inc hosp",2021-05-19,"quantile",0.6,38.0973581504011
"24763",2021-05-15,"32","4  day ahead inc hosp",2021-05-19,"quantile",0.65,40.2451755716514
"24764",2021-05-15,"32","4  day ahead inc hosp",2021-05-19,"quantile",0.7,42.6056239629266
"24765",2021-05-15,"32","4  day ahead inc hosp",2021-05-19,"quantile",0.75,45.2678188668902
"24766",2021-05-15,"32","4  day ahead inc hosp",2021-05-19,"quantile",0.8,48.377033607128
"24767",2021-05-15,"32","4  day ahead inc hosp",2021-05-19,"quantile",0.85,52.2003318453305
"24768",2021-05-15,"32","4  day ahead inc hosp",2021-05-19,"quantile",0.9,57.3277108805354
"24769",2021-05-15,"32","4  day ahead inc hosp",2021-05-19,"quantile",0.95,65.6106741657972
"24770",2021-05-15,"32","4  day ahead inc hosp",2021-05-19,"quantile",0.975,73.4947245523929
"24771",2021-05-15,"32","4  day ahead inc hosp",2021-05-19,"quantile",0.99,83.5319076093004
"24772",2021-05-15,"32","5  day ahead inc hosp",2021-05-20,"quantile",0.01,10.4360363870997
"24773",2021-05-15,"32","5  day ahead inc hosp",2021-05-20,"quantile",0.025,12.8753277701235
"24774",2021-05-15,"32","5  day ahead inc hosp",2021-05-20,"quantile",0.05,15.2952580408804
"24775",2021-05-15,"32","5  day ahead inc hosp",2021-05-20,"quantile",0.1,18.4917464069976
"24776",2021-05-15,"32","5  day ahead inc hosp",2021-05-20,"quantile",0.15,20.9149486672148
"24777",2021-05-15,"32","5  day ahead inc hosp",2021-05-20,"quantile",0.2,23.0046836793311
"24778",2021-05-15,"32","5  day ahead inc hosp",2021-05-20,"quantile",0.25,24.919008842897
"24779",2021-05-15,"32","5  day ahead inc hosp",2021-05-20,"quantile",0.3,26.7377612525958
"24780",2021-05-15,"32","5  day ahead inc hosp",2021-05-20,"quantile",0.35,28.5103228339031
"24781",2021-05-15,"32","5  day ahead inc hosp",2021-05-20,"quantile",0.4,30.2724400797028
"24782",2021-05-15,"32","5  day ahead inc hosp",2021-05-20,"quantile",0.45,32.0538534768182
"24783",2021-05-15,"32","5  day ahead inc hosp",2021-05-20,"quantile",0.5,33.8826675150209
"24784",2021-05-15,"32","5  day ahead inc hosp",2021-05-20,"quantile",0.55,35.7886438334564
"24785",2021-05-15,"32","5  day ahead inc hosp",2021-05-20,"quantile",0.6,37.8065668484682
"24786",2021-05-15,"32","5  day ahead inc hosp",2021-05-20,"quantile",0.65,39.9807189845419
"24787",2021-05-15,"32","5  day ahead inc hosp",2021-05-20,"quantile",0.7,42.3720504179267
"24788",2021-05-15,"32","5  day ahead inc hosp",2021-05-20,"quantile",0.75,45.0713474613375
"24789",2021-05-15,"32","5  day ahead inc hosp",2021-05-20,"quantile",0.8,48.226718647098
"24790",2021-05-15,"32","5  day ahead inc hosp",2021-05-20,"quantile",0.85,52.1106088091523
"24791",2021-05-15,"32","5  day ahead inc hosp",2021-05-20,"quantile",0.9,57.3252666641904
"24792",2021-05-15,"32","5  day ahead inc hosp",2021-05-20,"quantile",0.95,65.7620536274156
"24793",2021-05-15,"32","5  day ahead inc hosp",2021-05-20,"quantile",0.975,73.8052935060614
"24794",2021-05-15,"32","5  day ahead inc hosp",2021-05-20,"quantile",0.99,84.0605696475444
"24795",2021-05-15,"32","6  day ahead inc hosp",2021-05-21,"quantile",0.01,10.0308405921702
"24796",2021-05-15,"32","6  day ahead inc hosp",2021-05-21,"quantile",0.025,12.4543472199426
"24797",2021-05-15,"32","6  day ahead inc hosp",2021-05-21,"quantile",0.05,14.8687533672255
"24798",2021-05-15,"32","6  day ahead inc hosp",2021-05-21,"quantile",0.1,18.0701792320979
"24799",2021-05-15,"32","6  day ahead inc hosp",2021-05-21,"quantile",0.15,20.5047340090859
"24800",2021-05-15,"32","6  day ahead inc hosp",2021-05-21,"quantile",0.2,22.608723462438
"24801",2021-05-15,"32","6  day ahead inc hosp",2021-05-21,"quantile",0.25,24.539317439746
"24802",2021-05-15,"32","6  day ahead inc hosp",2021-05-21,"quantile",0.3,26.3760974866842
"24803",2021-05-15,"32","6  day ahead inc hosp",2021-05-21,"quantile",0.35,28.1684356838083
"24804",2021-05-15,"32","6  day ahead inc hosp",2021-05-21,"quantile",0.4,29.9522058820181
"24805",2021-05-15,"32","6  day ahead inc hosp",2021-05-21,"quantile",0.45,31.7573835856681
"24806",2021-05-15,"32","6  day ahead inc hosp",2021-05-21,"quantile",0.5,33.6124198507951
"24807",2021-05-15,"32","6  day ahead inc hosp",2021-05-21,"quantile",0.55,35.547561668177
"24808",2021-05-15,"32","6  day ahead inc hosp",2021-05-21,"quantile",0.6,37.5982718613947
"24809",2021-05-15,"32","6  day ahead inc hosp",2021-05-21,"quantile",0.65,39.8098014144853
"24810",2021-05-15,"32","6  day ahead inc hosp",2021-05-21,"quantile",0.7,42.2445361369274
"24811",2021-05-15,"32","6  day ahead inc hosp",2021-05-21,"quantile",0.75,44.9955089416245
"24812",2021-05-15,"32","6  day ahead inc hosp",2021-05-21,"quantile",0.8,48.2146246426114
"24813",2021-05-15,"32","6  day ahead inc hosp",2021-05-21,"quantile",0.85,52.1815106804663
"24814",2021-05-15,"32","6  day ahead inc hosp",2021-05-21,"quantile",0.9,57.5147229469157
"24815",2021-05-15,"32","6  day ahead inc hosp",2021-05-21,"quantile",0.95,66.158508477418
"24816",2021-05-15,"32","6  day ahead inc hosp",2021-05-21,"quantile",0.975,74.4142236109773
"24817",2021-05-15,"32","6  day ahead inc hosp",2021-05-21,"quantile",0.99,84.9586996428488
"24818",2021-05-15,"32","7  day ahead inc hosp",2021-05-22,"quantile",0.01,9.6078208225326
"24819",2021-05-15,"32","7  day ahead inc hosp",2021-05-22,"quantile",0.025,12.0141503155863
"24820",2021-05-15,"32","7  day ahead inc hosp",2021-05-22,"quantile",0.05,14.422717971178
"24821",2021-05-15,"32","7  day ahead inc hosp",2021-05-22,"quantile",0.1,17.6300329468975
"24822",2021-05-15,"32","7  day ahead inc hosp",2021-05-22,"quantile",0.15,20.0775515874034
"24823",2021-05-15,"32","7  day ahead inc hosp",2021-05-22,"quantile",0.2,22.1977260608227
"24824",2021-05-15,"32","7  day ahead inc hosp",2021-05-22,"quantile",0.25,24.1467561199816
"24825",2021-05-15,"32","7  day ahead inc hosp",2021-05-22,"quantile",0.3,26.0039483685339
"24826",2021-05-15,"32","7  day ahead inc hosp",2021-05-22,"quantile",0.35,27.8186711419789
"24827",2021-05-15,"32","7  day ahead inc hosp",2021-05-22,"quantile",0.4,29.6269469913468
"24828",2021-05-15,"32","7  day ahead inc hosp",2021-05-22,"quantile",0.45,31.4590207345911
"24829",2021-05-15,"32","7  day ahead inc hosp",2021-05-22,"quantile",0.5,33.3437385520507
"24830",2021-05-15,"32","7  day ahead inc hosp",2021-05-22,"quantile",0.55,35.3118997127831
"24831",2021-05-15,"32","7  day ahead inc hosp",2021-05-22,"quantile",0.6,37.3997383710855
"24832",2021-05-15,"32","7  day ahead inc hosp",2021-05-22,"quantile",0.65,39.6536064004476
"24833",2021-05-15,"32","7  day ahead inc hosp",2021-05-22,"quantile",0.7,42.1375212983118
"24834",2021-05-15,"32","7  day ahead inc hosp",2021-05-22,"quantile",0.75,44.947069598081
"24835",2021-05-15,"32","7  day ahead inc hosp",2021-05-22,"quantile",0.8,48.2384719544243
"24836",2021-05-15,"32","7  day ahead inc hosp",2021-05-22,"quantile",0.85,52.2995234770238
"24837",2021-05-15,"32","7  day ahead inc hosp",2021-05-22,"quantile",0.9,57.7673299696472
"24838",2021-05-15,"32","7  day ahead inc hosp",2021-05-22,"quantile",0.95,66.6463272935522
"24839",2021-05-15,"32","7  day ahead inc hosp",2021-05-22,"quantile",0.975,75.1437095169922
"24840",2021-05-15,"32","7  day ahead inc hosp",2021-05-22,"quantile",0.99,86.0174314852826
"24841",2021-05-15,"32","8  day ahead inc hosp",2021-05-23,"quantile",0.01,9.80021948020358
"24842",2021-05-15,"32","8  day ahead inc hosp",2021-05-23,"quantile",0.025,12.3067691051728
"24843",2021-05-15,"32","8  day ahead inc hosp",2021-05-23,"quantile",0.05,14.8226721487848
"24844",2021-05-15,"32","8  day ahead inc hosp",2021-05-23,"quantile",0.1,18.1814093487721
"24845",2021-05-15,"32","8  day ahead inc hosp",2021-05-23,"quantile",0.15,20.7497635148283
"24846",2021-05-15,"32","8  day ahead inc hosp",2021-05-23,"quantile",0.2,22.977713667463
"24847",2021-05-15,"32","8  day ahead inc hosp",2021-05-23,"quantile",0.25,25.0280512413377
"24848",2021-05-15,"32","8  day ahead inc hosp",2021-05-23,"quantile",0.3,26.9835652415201
"24849",2021-05-15,"32","8  day ahead inc hosp",2021-05-23,"quantile",0.35,28.8958966413173
"24850",2021-05-15,"32","8  day ahead inc hosp",2021-05-23,"quantile",0.4,30.8028213697895
"24851",2021-05-15,"32","8  day ahead inc hosp",2021-05-23,"quantile",0.45,32.7361472761875
"24852",2021-05-15,"32","8  day ahead inc hosp",2021-05-23,"quantile",0.5,34.7262983745849
"24853",2021-05-15,"32","8  day ahead inc hosp",2021-05-23,"quantile",0.55,36.8058408072403
"24854",2021-05-15,"32","8  day ahead inc hosp",2021-05-23,"quantile",0.6,39.0131641179803
"24855",2021-05-15,"32","8  day ahead inc hosp",2021-05-23,"quantile",0.65,41.3974495540997
"24856",2021-05-15,"32","8  day ahead inc hosp",2021-05-23,"quantile",0.7,44.0266926907361
"24857",2021-05-15,"32","8  day ahead inc hosp",2021-05-23,"quantile",0.75,47.0024942247694
"24858",2021-05-15,"32","8  day ahead inc hosp",2021-05-23,"quantile",0.8,50.4909945117535
"24859",2021-05-15,"32","8  day ahead inc hosp",2021-05-23,"quantile",0.85,54.7984014749848
"24860",2021-05-15,"32","8  day ahead inc hosp",2021-05-23,"quantile",0.9,60.6028823912637
"24861",2021-05-15,"32","8  day ahead inc hosp",2021-05-23,"quantile",0.95,70.0392325098919
"24862",2021-05-15,"32","8  day ahead inc hosp",2021-05-23,"quantile",0.975,79.0806180695417
"24863",2021-05-15,"32","8  day ahead inc hosp",2021-05-23,"quantile",0.99,90.6633057500041
"24864",2021-05-15,"32","9  day ahead inc hosp",2021-05-24,"quantile",0.01,9.33396355470212
"24865",2021-05-15,"32","9  day ahead inc hosp",2021-05-24,"quantile",0.025,11.8218132200951
"24866",2021-05-15,"32","9  day ahead inc hosp",2021-05-24,"quantile",0.05,14.3330345813261
"24867",2021-05-15,"32","9  day ahead inc hosp",2021-05-24,"quantile",0.1,17.7026037013809
"24868",2021-05-15,"32","9  day ahead inc hosp",2021-05-24,"quantile",0.15,20.2898913702947
"24869",2021-05-15,"32","9  day ahead inc hosp",2021-05-24,"quantile",0.2,22.5405255751958
"24870",2021-05-15,"32","9  day ahead inc hosp",2021-05-24,"quantile",0.25,24.6162484563768
"24871",2021-05-15,"32","9  day ahead inc hosp",2021-05-24,"quantile",0.3,26.599589795431
"24872",2021-05-15,"32","9  day ahead inc hosp",2021-05-24,"quantile",0.35,28.5422417489256
"24873",2021-05-15,"32","9  day ahead inc hosp",2021-05-24,"quantile",0.4,30.482210991477
"24874",2021-05-15,"32","9  day ahead inc hosp",2021-05-24,"quantile",0.45,32.4516842639979
"24875",2021-05-15,"32","9  day ahead inc hosp",2021-05-24,"quantile",0.5,34.4816245963889
"24876",2021-05-15,"32","9  day ahead inc hosp",2021-05-24,"quantile",0.55,36.6053415214666
"24877",2021-05-15,"32","9  day ahead inc hosp",2021-05-24,"quantile",0.6,38.8622560108495
"24878",2021-05-15,"32","9  day ahead inc hosp",2021-05-24,"quantile",0.65,41.3030163839911
"24879",2021-05-15,"32","9  day ahead inc hosp",2021-05-24,"quantile",0.7,43.9977886957442
"24880",2021-05-15,"32","9  day ahead inc hosp",2021-05-24,"quantile",0.75,47.0515672845877
"24881",2021-05-15,"32","9  day ahead inc hosp",2021-05-24,"quantile",0.8,50.6362254881514
"24882",2021-05-15,"32","9  day ahead inc hosp",2021-05-24,"quantile",0.85,55.0688191258159
"24883",2021-05-15,"32","9  day ahead inc hosp",2021-05-24,"quantile",0.9,61.052153391927
"24884",2021-05-15,"32","9  day ahead inc hosp",2021-05-24,"quantile",0.95,70.8009825856257
"24885",2021-05-15,"32","9  day ahead inc hosp",2021-05-24,"quantile",0.975,80.1634415280788
"24886",2021-05-15,"32","9  day ahead inc hosp",2021-05-24,"quantile",0.99,92.1836955556366
"24887",2021-05-15,"32","10  day ahead inc hosp",2021-05-25,"quantile",0.01,8.86291066458128
"24888",2021-05-15,"32","10  day ahead inc hosp",2021-05-25,"quantile",0.025,11.3303219335627
"24889",2021-05-15,"32","10  day ahead inc hosp",2021-05-25,"quantile",0.05,13.8362143445261
"24890",2021-05-15,"32","10  day ahead inc hosp",2021-05-25,"quantile",0.1,17.2172237504989
"24891",2021-05-15,"32","10  day ahead inc hosp",2021-05-25,"quantile",0.15,19.8248992138693
"24892",2021-05-15,"32","10  day ahead inc hosp",2021-05-25,"quantile",0.2,22.1000939183427
"24893",2021-05-15,"32","10  day ahead inc hosp",2021-05-25,"quantile",0.25,24.2033890234638
"24894",2021-05-15,"32","10  day ahead inc hosp",2021-05-25,"quantile",0.3,26.2170233662552
"24895",2021-05-15,"32","10  day ahead inc hosp",2021-05-25,"quantile",0.35,28.1927416444592
"24896",2021-05-15,"32","10  day ahead inc hosp",2021-05-25,"quantile",0.4,30.1688023673638
"24897",2021-05-15,"32","10  day ahead inc hosp",2021-05-25,"quantile",0.45,32.1778086349403
"24898",2021-05-15,"32","10  day ahead inc hosp",2021-05-25,"quantile",0.5,34.251317529973
"24899",2021-05-15,"32","10  day ahead inc hosp",2021-05-25,"quantile",0.55,36.4234592467195
"24900",2021-05-15,"32","10  day ahead inc hosp",2021-05-25,"quantile",0.6,38.734794630777
"24901",2021-05-15,"32","10  day ahead inc hosp",2021-05-25,"quantile",0.65,41.2375945865596
"24902",2021-05-15,"32","10  day ahead inc hosp",2021-05-25,"quantile",0.7,44.0044271948661
"24903",2021-05-15,"32","10  day ahead inc hosp",2021-05-25,"quantile",0.75,47.144044462469
"24904",2021-05-15,"32","10  day ahead inc hosp",2021-05-25,"quantile",0.8,50.8346708915264
"24905",2021-05-15,"32","10  day ahead inc hosp",2021-05-25,"quantile",0.85,55.4053863386649
"24906",2021-05-15,"32","10  day ahead inc hosp",2021-05-25,"quantile",0.9,61.5863222319836
"24907",2021-05-15,"32","10  day ahead inc hosp",2021-05-25,"quantile",0.95,71.6809919739219
"24908",2021-05-15,"32","10  day ahead inc hosp",2021-05-25,"quantile",0.975,81.3994371145627
"24909",2021-05-15,"32","10  day ahead inc hosp",2021-05-25,"quantile",0.99,93.9056446917309
"24910",2021-05-15,"32","11  day ahead inc hosp",2021-05-26,"quantile",0.01,8.39106421867151
"24911",2021-05-15,"32","11  day ahead inc hosp",2021-05-26,"quantile",0.025,10.8358672977153
"24912",2021-05-15,"32","11  day ahead inc hosp",2021-05-26,"quantile",0.05,13.3352716128061
"24913",2021-05-15,"32","11  day ahead inc hosp",2021-05-26,"quantile",0.1,16.7275838324788
"24914",2021-05-15,"32","11  day ahead inc hosp",2021-05-26,"quantile",0.15,19.3565091935619
"24915",2021-05-15,"32","11  day ahead inc hosp",2021-05-26,"quantile",0.2,21.6576225381359
"24916",2021-05-15,"32","11  day ahead inc hosp",2021-05-26,"quantile",0.25,23.7902007432453
"24917",2021-05-15,"32","11  day ahead inc hosp",2021-05-26,"quantile",0.3,25.8361432633652
"24918",2021-05-15,"32","11  day ahead inc hosp",2021-05-26,"quantile",0.35,27.8472381869335
"24919",2021-05-15,"32","11  day ahead inc hosp",2021-05-26,"quantile",0.4,29.8620094080575
"24920",2021-05-15,"32","11  day ahead inc hosp",2021-05-26,"quantile",0.45,31.9135077761748
"24921",2021-05-15,"32","11  day ahead inc hosp",2021-05-26,"quantile",0.5,34.0339339971307
"24922",2021-05-15,"32","11  day ahead inc hosp",2021-05-26,"quantile",0.55,36.258310739555
"24923",2021-05-15,"32","11  day ahead inc hosp",2021-05-26,"quantile",0.6,38.6284411665806
"24924",2021-05-15,"32","11  day ahead inc hosp",2021-05-26,"quantile",0.65,41.1983670680685
"24925",2021-05-15,"32","11  day ahead inc hosp",2021-05-26,"quantile",0.7,44.0432806877752
"24926",2021-05-15,"32","11  day ahead inc hosp",2021-05-26,"quantile",0.75,47.2760424072565
"24927",2021-05-15,"32","11  day ahead inc hosp",2021-05-26,"quantile",0.8,51.0818254372541
"24928",2021-05-15,"32","11  day ahead inc hosp",2021-05-26,"quantile",0.85,55.8028739713698
"24929",2021-05-15,"32","11  day ahead inc hosp",2021-05-26,"quantile",0.9,62.1992603207685
"24930",2021-05-15,"32","11  day ahead inc hosp",2021-05-26,"quantile",0.95,72.6718503699975
"24931",2021-05-15,"32","11  day ahead inc hosp",2021-05-26,"quantile",0.975,82.7801663654292
"24932",2021-05-15,"32","11  day ahead inc hosp",2021-05-26,"quantile",0.99,95.8196652906473
"24933",2021-05-15,"32","12  day ahead inc hosp",2021-05-27,"quantile",0.01,7.92215866852755
"24934",2021-05-15,"32","12  day ahead inc hosp",2021-05-27,"quantile",0.025,10.3418870654276
"24935",2021-05-15,"32","12  day ahead inc hosp",2021-05-27,"quantile",0.05,12.83325854291
"24936",2021-05-15,"32","12  day ahead inc hosp",2021-05-27,"quantile",0.1,16.2361484653294
"24937",2021-05-15,"32","12  day ahead inc hosp",2021-05-27,"quantile",0.15,18.8867085186848
"24938",2021-05-15,"32","12  day ahead inc hosp",2021-05-27,"quantile",0.2,21.2146766646089
"24939",2021-05-15,"32","12  day ahead inc hosp",2021-05-27,"quantile",0.25,23.3778592165636
"24940",2021-05-15,"32","12  day ahead inc hosp",2021-05-27,"quantile",0.3,25.4577553342247
"24941",2021-05-15,"32","12  day ahead inc hosp",2021-05-27,"quantile",0.35,27.5061793809672
"24942",2021-05-15,"32","12  day ahead inc hosp",2021-05-27,"quantile",0.4,29.5619284209208
"24943",2021-05-15,"32","12  day ahead inc hosp",2021-05-27,"quantile",0.45,31.6585277825899
"24944",2021-05-15,"32","12  day ahead inc hosp",2021-05-27,"quantile",0.5,33.8288671821393
"24945",2021-05-15,"32","12  day ahead inc hosp",2021-05-27,"quantile",0.55,36.1089294285739
"24946",2021-05-15,"32","12  day ahead inc hosp",2021-05-27,"quantile",0.6,38.5418579332965
"24947",2021-05-15,"32","12  day ahead inc hosp",2021-05-27,"quantile",0.65,41.1836083203177
"24948",2021-05-15,"32","12  day ahead inc hosp",2021-05-27,"quantile",0.7,44.1122122554548
"24949",2021-05-15,"32","12  day ahead inc hosp",2021-05-27,"quantile",0.75,47.444979629665
"24950",2021-05-15,"32","12  day ahead inc hosp",2021-05-27,"quantile",0.8,51.3746153718737
"24951",2021-05-15,"32","12  day ahead inc hosp",2021-05-27,"quantile",0.85,56.2576437121778
"24952",2021-05-15,"32","12  day ahead inc hosp",2021-05-27,"quantile",0.9,62.8866437698687
"24953",2021-05-15,"32","12  day ahead inc hosp",2021-05-27,"quantile",0.95,73.7682995223498
"24954",2021-05-15,"32","12  day ahead inc hosp",2021-05-27,"quantile",0.975,84.2996768908518
"24955",2021-05-15,"32","12  day ahead inc hosp",2021-05-27,"quantile",0.99,97.9191870254778
"24956",2021-05-15,"32","13  day ahead inc hosp",2021-05-28,"quantile",0.01,7.45952719121206
"24957",2021-05-15,"32","13  day ahead inc hosp",2021-05-28,"quantile",0.025,9.8514826274933
"24958",2021-05-15,"32","13  day ahead inc hosp",2021-05-28,"quantile",0.05,12.3329411914161
"24959",2021-05-15,"32","13  day ahead inc hosp",2021-05-28,"quantile",0.1,15.7451446830096
"24960",2021-05-15,"32","13  day ahead inc hosp",2021-05-28,"quantile",0.15,18.417272564703
"24961",2021-05-15,"32","13  day ahead inc hosp",2021-05-28,"quantile",0.2,20.7726252495884
"24962",2021-05-15,"32","13  day ahead inc hosp",2021-05-28,"quantile",0.25,22.9673533316614
"24963",2021-05-15,"32","13  day ahead inc hosp",2021-05-28,"quantile",0.3,25.0824840904845
"24964",2021-05-15,"32","13  day ahead inc hosp",2021-05-28,"quantile",0.35,27.1698339885824
"24965",2021-05-15,"32","13  day ahead inc hosp",2021-05-28,"quantile",0.4,29.2684757472388
"24966",2021-05-15,"32","13  day ahead inc hosp",2021-05-28,"quantile",0.45,31.4124314516138
"24967",2021-05-15,"32","13  day ahead inc hosp",2021-05-28,"quantile",0.5,33.6353210578137
"24968",2021-05-15,"32","13  day ahead inc hosp",2021-05-28,"quantile",0.55,35.974150898906
"24969",2021-05-15,"32","13  day ahead inc hosp",2021-05-28,"quantile",0.6,38.4734977437094
"24970",2021-05-15,"32","13  day ahead inc hosp",2021-05-28,"quantile",0.65,41.1913681145853
"24971",2021-05-15,"32","13  day ahead inc hosp",2021-05-28,"quantile",0.7,44.2088406146133
"24972",2021-05-15,"32","13  day ahead inc hosp",2021-05-28,"quantile",0.75,47.6480047829195
"24973",2021-05-15,"32","13  day ahead inc hosp",2021-05-28,"quantile",0.8,51.7096632668828
"24974",2021-05-15,"32","13  day ahead inc hosp",2021-05-28,"quantile",0.85,56.7657066699911
"24975",2021-05-15,"32","13  day ahead inc hosp",2021-05-28,"quantile",0.9,63.643727186839
"24976",2021-05-15,"32","13  day ahead inc hosp",2021-05-28,"quantile",0.95,74.9645289655448
"24977",2021-05-15,"32","13  day ahead inc hosp",2021-05-28,"quantile",0.975,85.9513247449885
"24978",2021-05-15,"32","13  day ahead inc hosp",2021-05-28,"quantile",0.99,100.196754182388
"24979",2021-05-15,"32","14  day ahead inc hosp",2021-05-29,"quantile",0.01,7.00607514584167
"24980",2021-05-15,"32","14  day ahead inc hosp",2021-05-29,"quantile",0.025,9.36741247450347
"24981",2021-05-15,"32","14  day ahead inc hosp",2021-05-29,"quantile",0.05,11.8368186450544
"24982",2021-05-15,"32","14  day ahead inc hosp",2021-05-29,"quantile",0.1,15.2566215667656
"24983",2021-05-15,"32","14  day ahead inc hosp",2021-05-29,"quantile",0.15,17.9498588133362
"24984",2021-05-15,"32","14  day ahead inc hosp",2021-05-29,"quantile",0.2,20.3327666797332
"24985",2021-05-15,"32","14  day ahead inc hosp",2021-05-29,"quantile",0.25,22.5596415337581
"24986",2021-05-15,"32","14  day ahead inc hosp",2021-05-29,"quantile",0.3,24.7109591325407
"24987",2021-05-15,"32","14  day ahead inc hosp",2021-05-29,"quantile",0.35,26.8385082804687
"24988",2021-05-15,"32","14  day ahead inc hosp",2021-05-29,"quantile",0.4,28.9816354865755
"24989",2021-05-15,"32","14  day ahead inc hosp",2021-05-29,"quantile",0.45,31.1748780774107
"24990",2021-05-15,"32","14  day ahead inc hosp",2021-05-29,"quantile",0.5,33.4526238241761
"24991",2021-05-15,"32","14  day ahead inc hosp",2021-05-29,"quantile",0.55,35.852962104876
"24992",2021-05-15,"32","14  day ahead inc hosp",2021-05-29,"quantile",0.6,38.4219917181212
"24993",2021-05-15,"32","14  day ahead inc hosp",2021-05-29,"quantile",0.65,41.2199016562086
"24994",2021-05-15,"32","14  day ahead inc hosp",2021-05-29,"quantile",0.7,44.3310176769778
"24995",2021-05-15,"32","14  day ahead inc hosp",2021-05-29,"quantile",0.75,47.8825286812943
"24996",2021-05-15,"32","14  day ahead inc hosp",2021-05-29,"quantile",0.8,52.0838848509872
"24997",2021-05-15,"32","14  day ahead inc hosp",2021-05-29,"quantile",0.85,57.3234015097434
"24998",2021-05-15,"32","14  day ahead inc hosp",2021-05-29,"quantile",0.9,64.4661332937975
"24999",2021-05-15,"32","14  day ahead inc hosp",2021-05-29,"quantile",0.95,76.2551507692848
"25000",2021-05-15,"32","14  day ahead inc hosp",2021-05-29,"quantile",0.975,87.728930209098
"25001",2021-05-15,"32","14  day ahead inc hosp",2021-05-29,"quantile",0.99,102.645417493946
"25002",2021-05-15,"32","15  day ahead inc hosp",2021-05-30,"quantile",0.01,7.04076650637259
"25003",2021-05-15,"32","15  day ahead inc hosp",2021-05-30,"quantile",0.025,9.48922216846443
"25004",2021-05-15,"32","15  day ahead inc hosp",2021-05-30,"quantile",0.05,12.0630164045325
"25005",2021-05-15,"32","15  day ahead inc hosp",2021-05-30,"quantile",0.1,15.6436798265137
"25006",2021-05-15,"32","15  day ahead inc hosp",2021-05-30,"quantile",0.15,18.4738168496837
"25007",2021-05-15,"32","15  day ahead inc hosp",2021-05-30,"quantile",0.2,20.9838785220276
"25008",2021-05-15,"32","15  day ahead inc hosp",2021-05-30,"quantile",0.25,23.3339400966916
"25009",2021-05-15,"32","15  day ahead inc hosp",2021-05-30,"quantile",0.3,25.6077717507664
"25010",2021-05-15,"32","15  day ahead inc hosp",2021-05-30,"quantile",0.35,27.8595047398143
"25011",2021-05-15,"32","15  day ahead inc hosp",2021-05-30,"quantile",0.4,30.130466400481
"25012",2021-05-15,"32","15  day ahead inc hosp",2021-05-30,"quantile",0.45,32.4571208365541
"25013",2021-05-15,"32","15  day ahead inc hosp",2021-05-30,"quantile",0.5,34.875948866661
"25014",2021-05-15,"32","15  day ahead inc hosp",2021-05-30,"quantile",0.55,37.4275178459417
"25015",2021-05-15,"32","15  day ahead inc hosp",2021-05-30,"quantile",0.6,40.1610708307633
"25016",2021-05-15,"32","15  day ahead inc hosp",2021-05-30,"quantile",0.65,43.1410365820251
"25017",2021-05-15,"32","15  day ahead inc hosp",2021-05-30,"quantile",0.7,46.4578116825886
"25018",2021-05-15,"32","15  day ahead inc hosp",2021-05-30,"quantile",0.75,50.2478814420673
"25019",2021-05-15,"32","15  day ahead inc hosp",2021-05-30,"quantile",0.8,54.7361791784843
"25020",2021-05-15,"32","15  day ahead inc hosp",2021-05-30,"quantile",0.85,60.3400002788821
"25021",2021-05-15,"32","15  day ahead inc hosp",2021-05-30,"quantile",0.9,67.9895727409845
"25022",2021-05-15,"32","15  day ahead inc hosp",2021-05-30,"quantile",0.95,80.6370834881854
"25023",2021-05-15,"32","15  day ahead inc hosp",2021-05-30,"quantile",0.975,92.9684042802064
"25024",2021-05-15,"32","15  day ahead inc hosp",2021-05-30,"quantile",0.99,109.026512765194
"25025",2021-05-15,"32","16  day ahead inc hosp",2021-05-31,"quantile",0.01,6.58931559234944
"25026",2021-05-15,"32","16  day ahead inc hosp",2021-05-31,"quantile",0.025,9.00124408539918
"25027",2021-05-15,"32","16  day ahead inc hosp",2021-05-31,"quantile",0.05,11.5588265530284
"25028",2021-05-15,"32","16  day ahead inc hosp",2021-05-31,"quantile",0.1,15.1442581545682
"25029",2021-05-15,"32","16  day ahead inc hosp",2021-05-31,"quantile",0.15,17.9953322962118
"25030",2021-05-15,"32","16  day ahead inc hosp",2021-05-31,"quantile",0.2,20.5341139481207
"25031",2021-05-15,"32","16  day ahead inc hosp",2021-05-31,"quantile",0.25,22.9184150507508
"25032",2021-05-15,"32","16  day ahead inc hosp",2021-05-31,"quantile",0.3,25.2312962878591
"25033",2021-05-15,"32","16  day ahead inc hosp",2021-05-31,"quantile",0.35,27.5268087525801
"25034",2021-05-15,"32","16  day ahead inc hosp",2021-05-31,"quantile",0.4,29.8465608066387
"25035",2021-05-15,"32","16  day ahead inc hosp",2021-05-31,"quantile",0.45,32.2275837286705
"25036",2021-05-15,"32","16  day ahead inc hosp",2021-05-31,"quantile",0.5,34.7072211854229
"25037",2021-05-15,"32","16  day ahead inc hosp",2021-05-31,"quantile",0.55,37.327269228838
"25038",2021-05-15,"32","16  day ahead inc hosp",2021-05-31,"quantile",0.6,40.138706701863
"25039",2021-05-15,"32","16  day ahead inc hosp",2021-05-31,"quantile",0.65,43.2084594565338
"25040",2021-05-15,"32","16  day ahead inc hosp",2021-05-31,"quantile",0.7,46.630647676311
"25041",2021-05-15,"32","16  day ahead inc hosp",2021-05-31,"quantile",0.75,50.5476143529967
"25042",2021-05-15,"32","16  day ahead inc hosp",2021-05-31,"quantile",0.8,55.1942412053565
"25043",2021-05-15,"32","16  day ahead inc hosp",2021-05-31,"quantile",0.85,61.0067469915677
"25044",2021-05-15,"32","16  day ahead inc hosp",2021-05-31,"quantile",0.9,68.9585922088631
"25045",2021-05-15,"32","16  day ahead inc hosp",2021-05-31,"quantile",0.95,82.1433691255787
"25046",2021-05-15,"32","16  day ahead inc hosp",2021-05-31,"quantile",0.975,95.0361507044786
"25047",2021-05-15,"32","16  day ahead inc hosp",2021-05-31,"quantile",0.99,111.871249617163
"25048",2021-05-15,"32","17  day ahead inc hosp",2021-06-01,"quantile",0.01,6.15357341378105
"25049",2021-05-15,"32","17  day ahead inc hosp",2021-06-01,"quantile",0.025,8.5259754466475
"25050",2021-05-15,"32","17  day ahead inc hosp",2021-06-01,"quantile",0.05,11.0647207582747
"25051",2021-05-15,"32","17  day ahead inc hosp",2021-06-01,"quantile",0.1,14.6522423444305
"25052",2021-05-15,"32","17  day ahead inc hosp",2021-06-01,"quantile",0.15,17.5229087142883
"25053",2021-05-15,"32","17  day ahead inc hosp",2021-06-01,"quantile",0.2,20.0897482912808
"25054",2021-05-15,"32","17  day ahead inc hosp",2021-06-01,"quantile",0.25,22.5080907569689
"25055",2021-05-15,"32","17  day ahead inc hosp",2021-06-01,"quantile",0.3,24.8601933594781
"25056",2021-05-15,"32","17  day ahead inc hosp",2021-06-01,"quantile",0.35,27.1999865236897
"25057",2021-05-15,"32","17  day ahead inc hosp",2021-06-01,"quantile",0.4,29.5693488981078
"25058",2021-05-15,"32","17  day ahead inc hosp",2021-06-01,"quantile",0.45,32.0058893821917
"25059",2021-05-15,"32","17  day ahead inc hosp",2021-06-01,"quantile",0.5,34.5478440969831
"25060",2021-05-15,"32","17  day ahead inc hosp",2021-06-01,"quantile",0.55,37.2382887334718
"25061",2021-05-15,"32","17  day ahead inc hosp",2021-06-01,"quantile",0.6,40.1300166446824
"25062",2021-05-15,"32","17  day ahead inc hosp",2021-06-01,"quantile",0.65,43.2925699957638
"25063",2021-05-15,"32","17  day ahead inc hosp",2021-06-01,"quantile",0.7,46.8239764272287
"25064",2021-05-15,"32","17  day ahead inc hosp",2021-06-01,"quantile",0.75,50.8727331314392
"25065",2021-05-15,"32","17  day ahead inc hosp",2021-06-01,"quantile",0.8,55.68418448018
"25066",2021-05-15,"32","17  day ahead inc hosp",2021-06-01,"quantile",0.85,61.714470583963
"25067",2021-05-15,"32","17  day ahead inc hosp",2021-06-01,"quantile",0.9,69.9826146801009
"25068",2021-05-15,"32","17  day ahead inc hosp",2021-06-01,"quantile",0.95,83.7314528857157
"25069",2021-05-15,"32","17  day ahead inc hosp",2021-06-01,"quantile",0.975,97.2155843695716
"25070",2021-05-15,"32","17  day ahead inc hosp",2021-06-01,"quantile",0.99,114.871369794117
"25071",2021-05-15,"32","18  day ahead inc hosp",2021-06-02,"quantile",0.01,5.73484746066209
"25072",2021-05-15,"32","18  day ahead inc hosp",2021-06-02,"quantile",0.025,8.06482202979649
"25073",2021-05-15,"32","18  day ahead inc hosp",2021-06-02,"quantile",0.05,10.5820749379267
"25074",2021-05-15,"32","18  day ahead inc hosp",2021-06-02,"quantile",0.1,14.1688361934817
"25075",2021-05-15,"32","18  day ahead inc hosp",2021-06-02,"quantile",0.15,17.0575495914484
"25076",2021-05-15,"32","18  day ahead inc hosp",2021-06-02,"quantile",0.2,19.6515781397505
"25077",2021-05-15,"32","18  day ahead inc hosp",2021-06-02,"quantile",0.25,22.1035535095715
"25078",2021-05-15,"32","18  day ahead inc hosp",2021-06-02,"quantile",0.3,24.494835445822
"25079",2021-05-15,"32","18  day ahead inc hosp",2021-06-02,"quantile",0.35,26.8791921254719
"25080",2021-05-15,"32","18  day ahead inc hosp",2021-06-02,"quantile",0.4,29.2987602560034
"25081",2021-05-15,"32","18  day ahead inc hosp",2021-06-02,"quantile",0.45,31.7917349981967
"25082",2021-05-15,"32","18  day ahead inc hosp",2021-06-02,"quantile",0.5,34.3972723632302
"25083",2021-05-15,"32","18  day ahead inc hosp",2021-06-02,"quantile",0.55,37.159775951623
"25084",2021-05-15,"32","18  day ahead inc hosp",2021-06-02,"quantile",0.6,40.1339289440397
"25085",2021-05-15,"32","18  day ahead inc hosp",2021-06-02,"quantile",0.65,43.3920045171376
"25086",2021-05-15,"32","18  day ahead inc hosp",2021-06-02,"quantile",0.7,47.0361153245464
"25087",2021-05-15,"32","18  day ahead inc hosp",2021-06-02,"quantile",0.75,51.2211999833172
"25088",2021-05-15,"32","18  day ahead inc hosp",2021-06-02,"quantile",0.8,56.2035650048933
"25089",2021-05-15,"32","18  day ahead inc hosp",2021-06-02,"quantile",0.85,62.4602438150746
"25090",2021-05-15,"32","18  day ahead inc hosp",2021-06-02,"quantile",0.9,71.0580987460659
"25091",2021-05-15,"32","18  day ahead inc hosp",2021-06-02,"quantile",0.95,85.3968968195973
"25092",2021-05-15,"32","18  day ahead inc hosp",2021-06-02,"quantile",0.975,99.5015354674808
"25093",2021-05-15,"32","18  day ahead inc hosp",2021-06-02,"quantile",0.99,118.020953726274
"25094",2021-05-15,"32","19  day ahead inc hosp",2021-06-03,"quantile",0.01,5.33408753040152
"25095",2021-05-15,"32","19  day ahead inc hosp",2021-06-03,"quantile",0.025,7.6188756046339
"25096",2021-05-15,"32","19  day ahead inc hosp",2021-06-03,"quantile",0.05,10.1119966060978
"25097",2021-05-15,"32","19  day ahead inc hosp",2021-06-03,"quantile",0.1,13.6950349520017
"25098",2021-05-15,"32","19  day ahead inc hosp",2021-06-03,"quantile",0.15,16.6000936290339
"25099",2021-05-15,"32","19  day ahead inc hosp",2021-06-03,"quantile",0.2,19.2202715067044
"25100",2021-05-15,"32","19  day ahead inc hosp",2021-06-03,"quantile",0.25,21.7052928347366
"25101",2021-05-15,"32","19  day ahead inc hosp",2021-06-03,"quantile",0.3,24.1355272284751
"25102",2021-05-15,"32","19  day ahead inc hosp",2021-06-03,"quantile",0.35,26.5645388859692
"25103",2021-05-15,"32","19  day ahead inc hosp",2021-06-03,"quantile",0.4,29.0347094671493
"25104",2021-05-15,"32","19  day ahead inc hosp",2021-06-03,"quantile",0.45,31.5848276744563
"25105",2021-05-15,"32","19  day ahead inc hosp",2021-06-03,"quantile",0.5,34.2549950299799
"25106",2021-05-15,"32","19  day ahead inc hosp",2021-06-03,"quantile",0.55,37.0909889529302
"25107",2021-05-15,"32","19  day ahead inc hosp",2021-06-03,"quantile",0.6,40.1494546615655
"25108",2021-05-15,"32","19  day ahead inc hosp",2021-06-03,"quantile",0.65,43.5055068351522
"25109",2021-05-15,"32","19  day ahead inc hosp",2021-06-03,"quantile",0.7,47.2655147664614
"25110",2021-05-15,"32","19  day ahead inc hosp",2021-06-03,"quantile",0.75,51.5911369062738
"25111",2021-05-15,"32","19  day ahead inc hosp",2021-06-03,"quantile",0.8,56.7501273145969
"25112",2021-05-15,"32","19  day ahead inc hosp",2021-06-03,"quantile",0.85,63.2413597901213
"25113",2021-05-15,"32","19  day ahead inc hosp",2021-06-03,"quantile",0.9,72.1817603414567
"25114",2021-05-15,"32","19  day ahead inc hosp",2021-06-03,"quantile",0.95,87.1355677382881
"25115",2021-05-15,"32","19  day ahead inc hosp",2021-06-03,"quantile",0.975,101.88917157557
"25116",2021-05-15,"32","19  day ahead inc hosp",2021-06-03,"quantile",0.99,121.314445500961
"25117",2021-05-15,"32","20  day ahead inc hosp",2021-06-04,"quantile",0.01,4.95192698199426
"25118",2021-05-15,"32","20  day ahead inc hosp",2021-06-04,"quantile",0.025,7.18894642242962
"25119",2021-05-15,"32","20  day ahead inc hosp",2021-06-04,"quantile",0.05,9.65535027217194
"25120",2021-05-15,"32","20  day ahead inc hosp",2021-06-04,"quantile",0.1,13.2316431803067
"25121",2021-05-15,"32","20  day ahead inc hosp",2021-06-04,"quantile",0.15,16.1512279444538
"25122",2021-05-15,"32","20  day ahead inc hosp",2021-06-04,"quantile",0.2,18.7963776013855
"25123",2021-05-15,"32","20  day ahead inc hosp",2021-06-04,"quantile",0.25,21.313708515209
"25124",2021-05-15,"32","20  day ahead inc hosp",2021-06-04,"quantile",0.3,23.7825103073355
"25125",2021-05-15,"32","20  day ahead inc hosp",2021-06-04,"quantile",0.35,26.2561021034199
"25126",2021-05-15,"32","20  day ahead inc hosp",2021-06-04,"quantile",0.4,28.7770970602226
"25127",2021-05-15,"32","20  day ahead inc hosp",2021-06-04,"quantile",0.45,31.3848837340912
"25128",2021-05-15,"32","20  day ahead inc hosp",2021-06-04,"quantile",0.5,34.1205332819049
"25129",2021-05-15,"32","20  day ahead inc hosp",2021-06-04,"quantile",0.55,37.0312407727419
"25130",2021-05-15,"32","20  day ahead inc hosp",2021-06-04,"quantile",0.6,40.1756828424448
"25131",2021-05-15,"32","20  day ahead inc hosp",2021-06-04,"quantile",0.65,43.631922256539
"25132",2021-05-15,"32","20  day ahead inc hosp",2021-06-04,"quantile",0.7,47.510750999605
"25133",2021-05-15,"32","20  day ahead inc hosp",2021-06-04,"quantile",0.75,51.9808174172886
"25134",2021-05-15,"32","20  day ahead inc hosp",2021-06-04,"quantile",0.8,57.321795126035
"25135",2021-05-15,"32","20  day ahead inc hosp",2021-06-04,"quantile",0.85,64.0553215511475
"25136",2021-05-15,"32","20  day ahead inc hosp",2021-06-04,"quantile",0.9,73.3505612853491
"25137",2021-05-15,"32","20  day ahead inc hosp",2021-06-04,"quantile",0.95,88.9436246961303
"25138",2021-05-15,"32","20  day ahead inc hosp",2021-06-04,"quantile",0.975,104.373984598954
"25139",2021-05-15,"32","20  day ahead inc hosp",2021-06-04,"quantile",0.99,124.746639452271
"25140",2021-05-15,"32","21  day ahead inc hosp",2021-06-05,"quantile",0.01,4.5887240229117
"25141",2021-05-15,"32","21  day ahead inc hosp",2021-06-05,"quantile",0.025,6.77559636099191
"25142",2021-05-15,"32","21  day ahead inc hosp",2021-06-05,"quantile",0.05,9.21278381476516
"25143",2021-05-15,"32","21  day ahead inc hosp",2021-06-05,"quantile",0.1,12.7792937133143
"25144",2021-05-15,"32","21  day ahead inc hosp",2021-06-05,"quantile",0.15,15.7115023349574
"25145",2021-05-15,"32","21  day ahead inc hosp",2021-06-05,"quantile",0.2,18.380337551779
"25146",2021-05-15,"32","21  day ahead inc hosp",2021-06-05,"quantile",0.25,20.9291184226569
"25147",2021-05-15,"32","21  day ahead inc hosp",2021-06-05,"quantile",0.3,23.4359685589292
"25148",2021-05-15,"32","21  day ahead inc hosp",2021-06-05,"quantile",0.35,25.9539222178707
"25149",2021-05-15,"32","21  day ahead inc hosp",2021-06-05,"quantile",0.4,28.5258106985583
"25150",2021-05-15,"32","21  day ahead inc hosp",2021-06-05,"quantile",0.45,31.1916280942188
"25151",2021-05-15,"32","21  day ahead inc hosp",2021-06-05,"quantile",0.5,33.9934381034087
"25152",2021-05-15,"32","21  day ahead inc hosp",2021-06-05,"quantile",0.55,36.979895452227
"25153",2021-05-15,"32","21  day ahead inc hosp",2021-06-05,"quantile",0.6,40.2117749975922
"25154",2021-05-15,"32","21  day ahead inc hosp",2021-06-05,"quantile",0.65,43.7701905457289
"25155",2021-05-15,"32","21  day ahead inc hosp",2021-06-05,"quantile",0.7,47.7705175876997
"25156",2021-05-15,"32","21  day ahead inc hosp",2021-06-05,"quantile",0.75,52.3886565206691
"25157",2021-05-15,"32","21  day ahead inc hosp",2021-06-05,"quantile",0.8,57.9166597704723
"25158",2021-05-15,"32","21  day ahead inc hosp",2021-06-05,"quantile",0.85,64.8998288936028
"25159",2021-05-15,"32","21  day ahead inc hosp",2021-06-05,"quantile",0.9,74.5616943112524
"25160",2021-05-15,"32","21  day ahead inc hosp",2021-06-05,"quantile",0.95,90.8175018198196
"25161",2021-05-15,"32","21  day ahead inc hosp",2021-06-05,"quantile",0.975,106.951772040826
"25162",2021-05-15,"32","21  day ahead inc hosp",2021-06-05,"quantile",0.99,128.312659896104
"25163",2021-05-15,"32","22  day ahead inc hosp",2021-06-06,"quantile",0.01,4.6167201365928
"25164",2021-05-15,"32","22  day ahead inc hosp",2021-06-06,"quantile",0.025,6.88272104018084
"25165",2021-05-15,"32","22  day ahead inc hosp",2021-06-06,"quantile",0.05,9.42347250739072
"25166",2021-05-15,"32","22  day ahead inc hosp",2021-06-06,"quantile",0.1,13.1607503458522
"25167",2021-05-15,"32","22  day ahead inc hosp",2021-06-06,"quantile",0.15,16.245498704971
"25168",2021-05-15,"32","22  day ahead inc hosp",2021-06-06,"quantile",0.2,19.0603828208639
"25169",2021-05-15,"32","22  day ahead inc hosp",2021-06-06,"quantile",0.25,21.7538855588513
"25170",2021-05-15,"32","22  day ahead inc hosp",2021-06-06,"quantile",0.3,24.4073158680817
"25171",2021-05-15,"32","22  day ahead inc hosp",2021-06-06,"quantile",0.35,27.0761700088905
"25172",2021-05-15,"32","22  day ahead inc hosp",2021-06-06,"quantile",0.4,29.8055338072357
"25173",2021-05-15,"32","22  day ahead inc hosp",2021-06-06,"quantile",0.45,32.6377458112514
"25174",2021-05-15,"32","22  day ahead inc hosp",2021-06-06,"quantile",0.5,35.6175476873264
"25175",2021-05-15,"32","22  day ahead inc hosp",2021-06-06,"quantile",0.55,38.7968779689004
"25176",2021-05-15,"32","22  day ahead inc hosp",2021-06-06,"quantile",0.6,42.2407779745534
"25177",2021-05-15,"32","22  day ahead inc hosp",2021-06-06,"quantile",0.65,46.0362062185158
"25178",2021-05-15,"32","22  day ahead inc hosp",2021-06-06,"quantile",0.7,50.3069984088564
"25179",2021-05-15,"32","22  day ahead inc hosp",2021-06-06,"quantile",0.75,55.2421130101355
"25180",2021-05-15,"32","22  day ahead inc hosp",2021-06-06,"quantile",0.8,61.1554886467472
"25181",2021-05-15,"32","22  day ahead inc hosp",2021-06-06,"quantile",0.85,68.6336284331873
"25182",2021-05-15,"32","22  day ahead inc hosp",2021-06-06,"quantile",0.9,78.9932892802349
"25183",2021-05-15,"32","22  day ahead inc hosp",2021-06-06,"quantile",0.95,96.4512236506389
"25184",2021-05-15,"32","22  day ahead inc hosp",2021-06-06,"quantile",0.975,113.806953063774
"25185",2021-05-15,"32","22  day ahead inc hosp",2021-06-06,"quantile",0.99,136.819657703507
"25186",2021-05-15,"32","23  day ahead inc hosp",2021-06-07,"quantile",0.01,4.27023764387524
"25187",2021-05-15,"32","23  day ahead inc hosp",2021-06-07,"quantile",0.025,6.48096540625963
"25188",2021-05-15,"32","23  day ahead inc hosp",2021-06-07,"quantile",0.05,8.98780279521385
"25189",2021-05-15,"32","23  day ahead inc hosp",2021-06-07,"quantile",0.1,12.7104300785436
"25190",2021-05-15,"32","23  day ahead inc hosp",2021-06-07,"quantile",0.15,15.8054218661709
"25191",2021-05-15,"32","23  day ahead inc hosp",2021-06-07,"quantile",0.2,18.6429484710486
"25192",2021-05-15,"32","23  day ahead inc hosp",2021-06-07,"quantile",0.25,21.3678014355861
"25193",2021-05-15,"32","23  day ahead inc hosp",2021-06-07,"quantile",0.3,24.0599569588811
"25194",2021-05-15,"32","23  day ahead inc hosp",2021-06-07,"quantile",0.35,26.7745602256131
"25195",2021-05-15,"32","23  day ahead inc hosp",2021-06-07,"quantile",0.4,29.5569074455461
"25196",2021-05-15,"32","23  day ahead inc hosp",2021-06-07,"quantile",0.45,32.4499787802429
"25197",2021-05-15,"32","23  day ahead inc hosp",2021-06-07,"quantile",0.5,35.4995862709395
"25198",2021-05-15,"32","23  day ahead inc hosp",2021-06-07,"quantile",0.55,38.7592543076284
"25199",2021-05-15,"32","23  day ahead inc hosp",2021-06-07,"quantile",0.6,42.2963131535821
"25200",2021-05-15,"32","23  day ahead inc hosp",2021-06-07,"quantile",0.65,46.2010584059326
"25201",2021-05-15,"32","23  day ahead inc hosp",2021-06-07,"quantile",0.7,50.6023485210835
"25202",2021-05-15,"32","23  day ahead inc hosp",2021-06-07,"quantile",0.75,55.6971013417366
"25203",2021-05-15,"32","23  day ahead inc hosp",2021-06-07,"quantile",0.8,61.8128610450642
"25204",2021-05-15,"32","23  day ahead inc hosp",2021-06-07,"quantile",0.85,69.5621779240956
"25205",2021-05-15,"32","23  day ahead inc hosp",2021-06-07,"quantile",0.9,80.3217489808551
"25206",2021-05-15,"32","23  day ahead inc hosp",2021-06-07,"quantile",0.95,98.5062659674023
"25207",2021-05-15,"32","23  day ahead inc hosp",2021-06-07,"quantile",0.975,116.637453124884
"25208",2021-05-15,"32","23  day ahead inc hosp",2021-06-07,"quantile",0.99,140.743504289099
"25209",2021-05-15,"32","24  day ahead inc hosp",2021-06-08,"quantile",0.01,3.94333465762529
"25210",2021-05-15,"32","24  day ahead inc hosp",2021-06-08,"quantile",0.025,6.09696875428306
"25211",2021-05-15,"32","24  day ahead inc hosp",2021-06-08,"quantile",0.05,8.56765764515495
"25212",2021-05-15,"32","24  day ahead inc hosp",2021-06-08,"quantile",0.1,12.2726224718407
"25213",2021-05-15,"32","24  day ahead inc hosp",2021-06-08,"quantile",0.15,15.3757934553514
"25214",2021-05-15,"32","24  day ahead inc hosp",2021-06-08,"quantile",0.2,18.2344427057521
"25215",2021-05-15,"32","24  day ahead inc hosp",2021-06-08,"quantile",0.25,20.9895123472843
"25216",2021-05-15,"32","24  day ahead inc hosp",2021-06-08,"quantile",0.3,23.7195713234411
"25217",2021-05-15,"32","24  day ahead inc hosp",2021-06-08,"quantile",0.35,26.4793783768658
"25218",2021-05-15,"32","24  day ahead inc hosp",2021-06-08,"quantile",0.4,29.3144278820105
"25219",2021-05-15,"32","24  day ahead inc hosp",2021-06-08,"quantile",0.45,32.2683464899136
"25220",2021-05-15,"32","24  day ahead inc hosp",2021-06-08,"quantile",0.5,35.3880372446359
"25221",2021-05-15,"32","24  day ahead inc hosp",2021-06-08,"quantile",0.55,38.7286486954762
"25222",2021-05-15,"32","24  day ahead inc hosp",2021-06-08,"quantile",0.6,42.3598614687488
"25223",2021-05-15,"32","24  day ahead inc hosp",2021-06-08,"quantile",0.65,46.3754035395371
"25224",2021-05-15,"32","24  day ahead inc hosp",2021-06-08,"quantile",0.7,50.9093058700392
"25225",2021-05-15,"32","24  day ahead inc hosp",2021-06-08,"quantile",0.75,56.1666912490707
"25226",2021-05-15,"32","24  day ahead inc hosp",2021-06-08,"quantile",0.8,62.4891421851927
"25227",2021-05-15,"32","24  day ahead inc hosp",2021-06-08,"quantile",0.85,70.5161102365573
"25228",2021-05-15,"32","24  day ahead inc hosp",2021-06-08,"quantile",0.9,81.6862650712554
"25229",2021-05-15,"32","24  day ahead inc hosp",2021-06-08,"quantile",0.95,100.619244792613
"25230",2021-05-15,"32","24  day ahead inc hosp",2021-06-08,"quantile",0.975,119.551773239832
"25231",2021-05-15,"32","24  day ahead inc hosp",2021-06-08,"quantile",0.99,144.790815134369
"25232",2021-05-15,"32","25  day ahead inc hosp",2021-06-09,"quantile",0.01,3.63564578813523
"25233",2021-05-15,"32","25  day ahead inc hosp",2021-06-09,"quantile",0.025,5.73061693930923
"25234",2021-05-15,"32","25  day ahead inc hosp",2021-06-09,"quantile",0.05,8.16308133154277
"25235",2021-05-15,"32","25  day ahead inc hosp",2021-06-09,"quantile",0.1,11.8474712130476
"25236",2021-05-15,"32","25  day ahead inc hosp",2021-06-09,"quantile",0.15,14.9567671409627
"25237",2021-05-15,"32","25  day ahead inc hosp",2021-06-09,"quantile",0.2,17.8349919900286
"25238",2021-05-15,"32","25  day ahead inc hosp",2021-06-09,"quantile",0.25,20.6190958593335
"25239",2021-05-15,"32","25  day ahead inc hosp",2021-06-09,"quantile",0.3,23.3861722379731
"25240",2021-05-15,"32","25  day ahead inc hosp",2021-06-09,"quantile",0.35,26.1905609211243
"25241",2021-05-15,"32","25  day ahead inc hosp",2021-06-09,"quantile",0.4,29.0779434370633
"25242",2021-05-15,"32","25  day ahead inc hosp",2021-06-09,"quantile",0.45,32.0925980347549
"25243",2021-05-15,"32","25  day ahead inc hosp",2021-06-09,"quantile",0.5,35.2825389062358
"25244",2021-05-15,"32","25  day ahead inc hosp",2021-06-09,"quantile",0.55,38.7045759234025
"25245",2021-05-15,"32","25  day ahead inc hosp",2021-06-09,"quantile",0.6,42.4307996157724
"25246",2021-05-15,"32","25  day ahead inc hosp",2021-06-09,"quantile",0.65,46.558462779967
"25247",2021-05-15,"32","25  day ahead inc hosp",2021-06-09,"quantile",0.7,51.2269143464458
"25248",2021-05-15,"32","25  day ahead inc hosp",2021-06-09,"quantile",0.75,56.6497209566956
"25249",2021-05-15,"32","25  day ahead inc hosp",2021-06-09,"quantile",0.8,63.1829252627351
"25250",2021-05-15,"32","25  day ahead inc hosp",2021-06-09,"quantile",0.85,71.4937142723771
"25251",2021-05-15,"32","25  day ahead inc hosp",2021-06-09,"quantile",0.9,83.0847204094722
"25252",2021-05-15,"32","25  day ahead inc hosp",2021-06-09,"quantile",0.95,102.787410629751
"25253",2021-05-15,"32","25  day ahead inc hosp",2021-06-09,"quantile",0.975,122.546607740288
"25254",2021-05-15,"32","25  day ahead inc hosp",2021-06-09,"quantile",0.99,148.95766228964
"25255",2021-05-15,"32","26  day ahead inc hosp",2021-06-10,"quantile",0.01,3.34669199320645
"25256",2021-05-15,"32","26  day ahead inc hosp",2021-06-10,"quantile",0.025,5.38168163317878
"25257",2021-05-15,"32","26  day ahead inc hosp",2021-06-10,"quantile",0.05,7.77401151373598
"25258",2021-05-15,"32","26  day ahead inc hosp",2021-06-10,"quantile",0.1,11.4350303364733
"25259",2021-05-15,"32","26  day ahead inc hosp",2021-06-10,"quantile",0.15,14.5484227846823
"25260",2021-05-15,"32","26  day ahead inc hosp",2021-06-10,"quantile",0.2,17.4446637889739
"25261",2021-05-15,"32","26  day ahead inc hosp",2021-06-10,"quantile",0.25,20.2565846206214
"25262",2021-05-15,"32","26  day ahead inc hosp",2021-06-10,"quantile",0.3,23.0597416694815
"25263",2021-05-15,"32","26  day ahead inc hosp",2021-06-10,"quantile",0.35,25.9080263282596
"25264",2021-05-15,"32","26  day ahead inc hosp",2021-06-10,"quantile",0.4,28.8472976306075
"25265",2021-05-15,"32","26  day ahead inc hosp",2021-06-10,"quantile",0.45,31.9224908995984
"25266",2021-05-15,"32","26  day ahead inc hosp",2021-06-10,"quantile",0.5,35.182751266311
"25267",2021-05-15,"32","26  day ahead inc hosp",2021-06-10,"quantile",0.55,38.6865860817433
"25268",2021-05-15,"32","26  day ahead inc hosp",2021-06-10,"quantile",0.6,42.5085535882343
"25269",2021-05-15,"32","26  day ahead inc hosp",2021-06-10,"quantile",0.65,46.7495211727607
"25270",2021-05-15,"32","26  day ahead inc hosp",2021-06-10,"quantile",0.7,51.5542971282928
"25271",2021-05-15,"32","26  day ahead inc hosp",2021-06-10,"quantile",0.75,57.1451245066855
"25272",2021-05-15,"32","26  day ahead inc hosp",2021-06-10,"quantile",0.8,63.8929174152772
"25273",2021-05-15,"32","26  day ahead inc hosp",2021-06-10,"quantile",0.85,72.4934133620651
"25274",2021-05-15,"32","26  day ahead inc hosp",2021-06-10,"quantile",0.9,84.5151565863868
"25275",2021-05-15,"32","26  day ahead inc hosp",2021-06-10,"quantile",0.95,105.008204317808
"25276",2021-05-15,"32","26  day ahead inc hosp",2021-06-10,"quantile",0.975,125.61886279657
"25277",2021-05-15,"32","26  day ahead inc hosp",2021-06-10,"quantile",0.99,153.240345473201
"25278",2021-05-15,"32","27  day ahead inc hosp",2021-06-11,"quantile",0.01,3.07590504800905
"25279",2021-05-15,"32","27  day ahead inc hosp",2021-06-11,"quantile",0.025,5.04984140804452
"25280",2021-05-15,"32","27  day ahead inc hosp",2021-06-11,"quantile",0.05,7.40029701824347
"25281",2021-05-15,"32","27  day ahead inc hosp",2021-06-11,"quantile",0.1,11.0352778961923
"25282",2021-05-15,"32","27  day ahead inc hosp",2021-06-11,"quantile",0.15,14.1507772290792
"25283",2021-05-15,"32","27  day ahead inc hosp",2021-06-11,"quantile",0.2,17.0634750306029
"25284",2021-05-15,"32","27  day ahead inc hosp",2021-06-11,"quantile",0.25,19.901972825862
"25285",2021-05-15,"32","27  day ahead inc hosp",2021-06-11,"quantile",0.3,22.7402349469906
"25286",2021-05-15,"32","27  day ahead inc hosp",2021-06-11,"quantile",0.35,25.6316781029766
"25287",2021-05-15,"32","27  day ahead inc hosp",2021-06-11,"quantile",0.4,28.6223306581928
"25288",2021-05-15,"32","27  day ahead inc hosp",2021-06-11,"quantile",0.45,31.7577909587179
"25289",2021-05-15,"32","27  day ahead inc hosp",2021-06-11,"quantile",0.5,35.088354616974
"25290",2021-05-15,"32","27  day ahead inc hosp",2021-06-11,"quantile",0.55,38.6742617257644
"25291",2021-05-15,"32","27  day ahead inc hosp",2021-06-11,"quantile",0.6,42.5925944488329
"25292",2021-05-15,"32","27  day ahead inc hosp",2021-06-11,"quantile",0.65,46.9479220157859
"25293",2021-05-15,"32","27  day ahead inc hosp",2021-06-11,"quantile",0.7,51.8906496140291
"25294",2021-05-15,"32","27  day ahead inc hosp",2021-06-11,"quantile",0.75,57.6519232007974
"25295",2021-05-15,"32","27  day ahead inc hosp",2021-06-11,"quantile",0.8,64.6179295793223
"25296",2021-05-15,"32","27  day ahead inc hosp",2021-06-11,"quantile",0.85,73.5137533817146
"25297",2021-05-15,"32","27  day ahead inc hosp",2021-06-11,"quantile",0.9,85.9757600305684
"25298",2021-05-15,"32","27  day ahead inc hosp",2021-06-11,"quantile",0.95,107.279240546045
"25299",2021-05-15,"32","27  day ahead inc hosp",2021-06-11,"quantile",0.975,128.76563808946
"25300",2021-05-15,"32","27  day ahead inc hosp",2021-06-11,"quantile",0.99,157.63537209284
"25301",2021-05-15,"32","28  day ahead inc hosp",2021-06-12,"quantile",0.01,2.82264872333306
"25302",2021-05-15,"32","28  day ahead inc hosp",2021-06-12,"quantile",0.025,4.73470019508216
"25303",2021-05-15,"32","28  day ahead inc hosp",2021-06-12,"quantile",0.05,7.04171353610555
"25304",2021-05-15,"32","28  day ahead inc hosp",2021-06-12,"quantile",0.1,10.6481281321952
"25305",2021-05-15,"32","28  day ahead inc hosp",2021-06-12,"quantile",0.15,13.7637939394499
"25306",2021-05-15,"32","28  day ahead inc hosp",2021-06-12,"quantile",0.2,16.6913996920903
"25307",2021-05-15,"32","28  day ahead inc hosp",2021-06-12,"quantile",0.25,19.5552220196586
"25308",2021-05-15,"32","28  day ahead inc hosp",2021-06-12,"quantile",0.3,22.4275849607033
"25309",2021-05-15,"32","28  day ahead inc hosp",2021-06-12,"quantile",0.35,25.3614075004027
"25310",2021-05-15,"32","28  day ahead inc hosp",2021-06-12,"quantile",0.4,28.4028807078706
"25311",2021-05-15,"32","28  day ahead inc hosp",2021-06-12,"quantile",0.45,31.5982724526634
"25312",2021-05-15,"32","28  day ahead inc hosp",2021-06-12,"quantile",0.5,34.9990482070536
"25313",2021-05-15,"32","28  day ahead inc hosp",2021-06-12,"quantile",0.55,38.667215270261
"25314",2021-05-15,"32","28  day ahead inc hosp",2021-06-12,"quantile",0.6,42.6824344484006
"25315",2021-05-15,"32","28  day ahead inc hosp",2021-06-12,"quantile",0.65,47.1530616911446
"25316",2021-05-15,"32","28  day ahead inc hosp",2021-06-12,"quantile",0.7,52.2352329369966
"25317",2021-05-15,"32","28  day ahead inc hosp",2021-06-12,"quantile",0.75,58.1692177432093
"25318",2021-05-15,"32","28  day ahead inc hosp",2021-06-12,"quantile",0.8,65.3568671732557
"25319",2021-05-15,"32","28  day ahead inc hosp",2021-06-12,"quantile",0.85,74.5533918335135
"25320",2021-05-15,"32","28  day ahead inc hosp",2021-06-12,"quantile",0.9,87.4648492392
"25321",2021-05-15,"32","28  day ahead inc hosp",2021-06-12,"quantile",0.95,109.598292721481
"25322",2021-05-15,"32","28  day ahead inc hosp",2021-06-12,"quantile",0.975,131.984210027618
"25323",2021-05-15,"32","28  day ahead inc hosp",2021-06-12,"quantile",0.99,162.1394390479
"25324",2021-05-15,"32","29  day ahead inc hosp",2021-06-13,"quantile",0.01,2.96758799518236
"25325",2021-05-15,"32","29  day ahead inc hosp",2021-06-13,"quantile",0.025,5.00360122103006
"25326",2021-05-15,"32","29  day ahead inc hosp",2021-06-13,"quantile",0.05,7.46796302382441
"25327",2021-05-15,"32","29  day ahead inc hosp",2021-06-13,"quantile",0.1,11.3302550857003
"25328",2021-05-15,"32","29  day ahead inc hosp",2021-06-13,"quantile",0.15,14.6732805314328
"25329",2021-05-15,"32","29  day ahead inc hosp",2021-06-13,"quantile",0.2,17.8182846078296
"25330",2021-05-15,"32","29  day ahead inc hosp",2021-06-13,"quantile",0.25,20.897518287943
"25331",2021-05-15,"32","29  day ahead inc hosp",2021-06-13,"quantile",0.3,23.9881684583999
"25332",2021-05-15,"32","29  day ahead inc hosp",2021-06-13,"quantile",0.35,27.1468912389539
"25333",2021-05-15,"32","29  day ahead inc hosp",2021-06-13,"quantile",0.4,30.4232923850036
"25334",2021-05-15,"32","29  day ahead inc hosp",2021-06-13,"quantile",0.45,33.8671899157846
"25335",2021-05-15,"32","29  day ahead inc hosp",2021-06-13,"quantile",0.5,37.53410737231
"25336",2021-05-15,"32","29  day ahead inc hosp",2021-06-13,"quantile",0.55,41.4910333008194
"25337",2021-05-15,"32","29  day ahead inc hosp",2021-06-13,"quantile",0.6,45.8241073096835
"25338",2021-05-15,"32","29  day ahead inc hosp",2021-06-13,"quantile",0.65,50.6505699816851
"25339",2021-05-15,"32","29  day ahead inc hosp",2021-06-13,"quantile",0.7,56.139430596821
"25340",2021-05-15,"32","29  day ahead inc hosp",2021-06-13,"quantile",0.75,62.550848051259
"25341",2021-05-15,"32","29  day ahead inc hosp",2021-06-13,"quantile",0.8,70.3200440758714
"25342",2021-05-15,"32","29  day ahead inc hosp",2021-06-13,"quantile",0.85,80.2651240665718
"25343",2021-05-15,"32","29  day ahead inc hosp",2021-06-13,"quantile",0.9,94.2346584177746
"25344",2021-05-15,"32","29  day ahead inc hosp",2021-06-13,"quantile",0.95,118.197517308272
"25345",2021-05-15,"32","29  day ahead inc hosp",2021-06-13,"quantile",0.975,142.449517973309
"25346",2021-05-15,"32","29  day ahead inc hosp",2021-06-13,"quantile",0.99,175.137922927128
"25347",2021-05-15,"32","30  day ahead inc hosp",2021-06-14,"quantile",0.01,2.72308836298994
"25348",2021-05-15,"32","30  day ahead inc hosp",2021-06-14,"quantile",0.025,4.69345288049572
"25349",2021-05-15,"32","30  day ahead inc hosp",2021-06-14,"quantile",0.05,7.11056721822863
"25350",2021-05-15,"32","30  day ahead inc hosp",2021-06-14,"quantile",0.1,10.9401088004994
"25351",2021-05-15,"32","30  day ahead inc hosp",2021-06-14,"quantile",0.15,14.2811906829243
"25352",2021-05-15,"32","30  day ahead inc hosp",2021-06-14,"quantile",0.2,17.4401880778275
"25353",2021-05-15,"32","30  day ahead inc hosp",2021-06-14,"quantile",0.25,20.5447144695517
"25354",2021-05-15,"32","30  day ahead inc hosp",2021-06-14,"quantile",0.3,23.670185810164
"25355",2021-05-15,"32","30  day ahead inc hosp",2021-06-14,"quantile",0.35,26.8727147673277
"25356",2021-05-15,"32","30  day ahead inc hosp",2021-06-14,"quantile",0.4,30.2020764067715
"25357",2021-05-15,"32","30  day ahead inc hosp",2021-06-14,"quantile",0.45,33.7088066477324
"25358",2021-05-15,"32","30  day ahead inc hosp",2021-06-14,"quantile",0.5,37.4496892745809
"25359",2021-05-15,"32","30  day ahead inc hosp",2021-06-14,"quantile",0.55,41.4936209340019
"25360",2021-05-15,"32","30  day ahead inc hosp",2021-06-14,"quantile",0.6,45.9295296465229
"25361",2021-05-15,"32","30  day ahead inc hosp",2021-06-14,"quantile",0.65,50.8787554571117
"25362",2021-05-15,"32","30  day ahead inc hosp",2021-06-14,"quantile",0.7,56.5165177572888
"25363",2021-05-15,"32","30  day ahead inc hosp",2021-06-14,"quantile",0.75,63.1128712156097
"25364",2021-05-15,"32","30  day ahead inc hosp",2021-06-14,"quantile",0.8,71.1200431766769
"25365",2021-05-15,"32","30  day ahead inc hosp",2021-06-14,"quantile",0.85,81.3888773228228
"25366",2021-05-15,"32","30  day ahead inc hosp",2021-06-14,"quantile",0.9,95.8437679456361
"25367",2021-05-15,"32","30  day ahead inc hosp",2021-06-14,"quantile",0.95,120.70613509851
"25368",2021-05-15,"32","30  day ahead inc hosp",2021-06-14,"quantile",0.975,145.936362796317
"25369",2021-05-15,"32","30  day ahead inc hosp",2021-06-14,"quantile",0.99,180.026934953401
"25370",2021-05-15,"32","31  day ahead inc hosp",2021-06-15,"quantile",0.01,2.49513188658815
"25371",2021-05-15,"32","31  day ahead inc hosp",2021-06-15,"quantile",0.025,4.39952678042145
"25372",2021-05-15,"32","31  day ahead inc hosp",2021-06-15,"quantile",0.05,6.76817748395641
"25373",2021-05-15,"32","31  day ahead inc hosp",2021-06-15,"quantile",0.1,10.5627011569231
"25374",2021-05-15,"32","31  day ahead inc hosp",2021-06-15,"quantile",0.15,13.8999698781122
"25375",2021-05-15,"32","31  day ahead inc hosp",2021-06-15,"quantile",0.2,17.0714013869897
"25376",2021-05-15,"32","31  day ahead inc hosp",2021-06-15,"quantile",0.25,20.1999100723365
"25377",2021-05-15,"32","31  day ahead inc hosp",2021-06-15,"quantile",0.3,23.3591068761212
"25378",2021-05-15,"32","31  day ahead inc hosp",2021-06-15,"quantile",0.35,26.6045447422509
"25379",2021-05-15,"32","31  day ahead inc hosp",2021-06-15,"quantile",0.4,29.9861646309476
"25380",2021-05-15,"32","31  day ahead inc hosp",2021-06-15,"quantile",0.45,33.5552280011087
"25381",2021-05-15,"32","31  day ahead inc hosp",2021-06-15,"quantile",0.5,37.3697979355068
"25382",2021-05-15,"32","31  day ahead inc hosp",2021-06-15,"quantile",0.55,41.5007120497447
"25383",2021-05-15,"32","31  day ahead inc hosp",2021-06-15,"quantile",0.6,46.0397385448927
"25384",2021-05-15,"32","31  day ahead inc hosp",2021-06-15,"quantile",0.65,51.1123971401559
"25385",2021-05-15,"32","31  day ahead inc hosp",2021-06-15,"quantile",0.7,56.9002440642135
"25386",2021-05-15,"32","31  day ahead inc hosp",2021-06-15,"quantile",0.75,63.6834393667327
"25387",2021-05-15,"32","31  day ahead inc hosp",2021-06-15,"quantile",0.8,71.9315894228411
"25388",2021-05-15,"32","31  day ahead inc hosp",2021-06-15,"quantile",0.85,82.5290225370864
"25389",2021-05-15,"32","31  day ahead inc hosp",2021-06-15,"quantile",0.9,97.4777599324863
"25390",2021-05-15,"32","31  day ahead inc hosp",2021-06-15,"quantile",0.95,123.258109420709
"25391",2021-05-15,"32","31  day ahead inc hosp",2021-06-15,"quantile",0.975,149.489461490014
"25392",2021-05-15,"32","31  day ahead inc hosp",2021-06-15,"quantile",0.99,185.018540101067
"25393",2021-05-15,"32","32  day ahead inc hosp",2021-06-16,"quantile",0.01,2.28293795368543
"25394",2021-05-15,"32","32  day ahead inc hosp",2021-06-16,"quantile",0.025,4.12125041189021
"25395",2021-05-15,"32","32  day ahead inc hosp",2021-06-16,"quantile",0.05,6.44038729623329
"25396",2021-05-15,"32","32  day ahead inc hosp",2021-06-16,"quantile",0.1,10.1977809514526
"25397",2021-05-15,"32","32  day ahead inc hosp",2021-06-16,"quantile",0.15,13.5294404696671
"25398",2021-05-15,"32","32  day ahead inc hosp",2021-06-16,"quantile",0.2,16.7117834979082
"25399",2021-05-15,"32","32  day ahead inc hosp",2021-06-16,"quantile",0.25,19.8629783411771
"25400",2021-05-15,"32","32  day ahead inc hosp",2021-06-16,"quantile",0.3,23.0548033121555
"25401",2021-05-15,"32","32  day ahead inc hosp",2021-06-16,"quantile",0.35,26.3422385925268
"25402",2021-05-15,"32","32  day ahead inc hosp",2021-06-16,"quantile",0.4,29.7753892604339
"25403",2021-05-15,"32","32  day ahead inc hosp",2021-06-16,"quantile",0.45,33.4062506467143
"25404",2021-05-15,"32","32  day ahead inc hosp",2021-06-16,"quantile",0.5,37.2941842026527
"25405",2021-05-15,"32","32  day ahead inc hosp",2021-06-16,"quantile",0.55,41.512000802078
"25406",2021-05-15,"32","32  day ahead inc hosp",2021-06-16,"quantile",0.6,46.1543593781263
"25407",2021-05-15,"32","32  day ahead inc hosp",2021-06-16,"quantile",0.65,51.3510375058475
"25408",2021-05-15,"32","32  day ahead inc hosp",2021-06-16,"quantile",0.7,57.2900517564037
"25409",2021-05-15,"32","32  day ahead inc hosp",2021-06-16,"quantile",0.75,64.2618719983013
"25410",2021-05-15,"32","32  day ahead inc hosp",2021-06-16,"quantile",0.8,72.7538482989669
"25411",2021-05-15,"32","32  day ahead inc hosp",2021-06-16,"quantile",0.85,83.684523594493
"25412",2021-05-15,"32","32  day ahead inc hosp",2021-06-16,"quantile",0.9,99.1353130977277
"25413",2021-05-15,"32","32  day ahead inc hosp",2021-06-16,"quantile",0.95,125.851639713611
"25414",2021-05-15,"32","32  day ahead inc hosp",2021-06-16,"quantile",0.975,153.106554213125
"25415",2021-05-15,"32","32  day ahead inc hosp",2021-06-16,"quantile",0.99,190.109911954144
"25416",2021-05-15,"32","33  day ahead inc hosp",2021-06-17,"quantile",0.01,2.08572176718852
"25417",2021-05-15,"32","33  day ahead inc hosp",2021-06-17,"quantile",0.025,3.85803415152181
"25418",2021-05-15,"32","33  day ahead inc hosp",2021-06-17,"quantile",0.05,6.12676704916911
"25419",2021-05-15,"32","33  day ahead inc hosp",2021-06-17,"quantile",0.1,9.84507278762027
"25420",2021-05-15,"32","33  day ahead inc hosp",2021-06-17,"quantile",0.15,13.1694031950443
"25421",2021-05-15,"32","33  day ahead inc hosp",2021-06-17,"quantile",0.2,16.3611756022626
"25422",2021-05-15,"32","33  day ahead inc hosp",2021-06-17,"quantile",0.25,19.533779236531
"25423",2021-05-15,"32","33  day ahead inc hosp",2021-06-17,"quantile",0.3,22.7571383930627
"25424",2021-05-15,"32","33  day ahead inc hosp",2021-06-17,"quantile",0.35,26.0856505965613
"25425",2021-05-15,"32","33  day ahead inc hosp",2021-06-17,"quantile",0.4,29.5695848757873
"25426",2021-05-15,"32","33  day ahead inc hosp",2021-06-17,"quantile",0.45,33.2616794606485
"25427",2021-05-15,"32","33  day ahead inc hosp",2021-06-17,"quantile",0.5,37.2226132802987
"25428",2021-05-15,"32","33  day ahead inc hosp",2021-06-17,"quantile",0.55,41.5272022202577
"25429",2021-05-15,"32","33  day ahead inc hosp",2021-06-17,"quantile",0.6,46.2730453445568
"25430",2021-05-15,"32","33  day ahead inc hosp",2021-06-17,"quantile",0.65,51.5942543262229
"25431",2021-05-15,"32","33  day ahead inc hosp",2021-06-17,"quantile",0.7,57.6854264935464
"25432",2021-05-15,"32","33  day ahead inc hosp",2021-06-17,"quantile",0.75,64.8475409913434
"25433",2021-05-15,"32","33  day ahead inc hosp",2021-06-17,"quantile",0.8,73.586047782636
"25434",2021-05-15,"32","33  day ahead inc hosp",2021-06-17,"quantile",0.85,84.8544186193208
"25435",2021-05-15,"32","33  day ahead inc hosp",2021-06-17,"quantile",0.9,100.81519475341
"25436",2021-05-15,"32","33  day ahead inc hosp",2021-06-17,"quantile",0.95,128.485033311841
"25437",2021-05-15,"32","33  day ahead inc hosp",2021-06-17,"quantile",0.975,156.785502533021
"25438",2021-05-15,"32","33  day ahead inc hosp",2021-06-17,"quantile",0.99,195.298355537797
"25439",2021-05-15,"32","34  day ahead inc hosp",2021-06-18,"quantile",0.01,1.90270222534995
"25440",2021-05-15,"32","34  day ahead inc hosp",2021-06-18,"quantile",0.025,3.60927880453727
"25441",2021-05-15,"32","34  day ahead inc hosp",2021-06-18,"quantile",0.05,5.82687087591317
"25442",2021-05-15,"32","34  day ahead inc hosp",2021-06-18,"quantile",0.1,9.50428265420084
"25443",2021-05-15,"32","34  day ahead inc hosp",2021-06-18,"quantile",0.15,12.8196417166192
"25444",2021-05-15,"32","34  day ahead inc hosp",2021-06-18,"quantile",0.2,16.0194047443614
"25445",2021-05-15,"32","34  day ahead inc hosp",2021-06-18,"quantile",0.25,19.2121622194214
"25446",2021-05-15,"32","34  day ahead inc hosp",2021-06-18,"quantile",0.3,22.4659690116417
"25447",2021-05-15,"32","34  day ahead inc hosp",2021-06-18,"quantile",0.35,25.8346331316378
"25448",2021-05-15,"32","34  day ahead inc hosp",2021-06-18,"quantile",0.4,29.3685889588692
"25449",2021-05-15,"32","34  day ahead inc hosp",2021-06-18,"quantile",0.45,33.1213273372535
"25450",2021-05-15,"32","34  day ahead inc hosp",2021-06-18,"quantile",0.5,37.1548638387397
"25451",2021-05-15,"32","34  day ahead inc hosp",2021-06-18,"quantile",0.55,41.5460506142397
"25452",2021-05-15,"32","34  day ahead inc hosp",2021-06-18,"quantile",0.6,46.3954751617262
"25453",2021-05-15,"32","34  day ahead inc hosp",2021-06-18,"quantile",0.65,51.8416576379058
"25454",2021-05-15,"32","34  day ahead inc hosp",2021-06-18,"quantile",0.7,58.085893572387
"25455",2021-05-15,"32","34  day ahead inc hosp",2021-06-18,"quantile",0.75,65.4398660421197
"25456",2021-05-15,"32","34  day ahead inc hosp",2021-06-18,"quantile",0.8,74.4274729300382
"25457",2021-05-15,"32","34  day ahead inc hosp",2021-06-18,"quantile",0.85,86.0378136380589
"25458",2021-05-15,"32","34  day ahead inc hosp",2021-06-18,"quantile",0.9,102.516253418475
"25459",2021-05-15,"32","34  day ahead inc hosp",2021-06-18,"quantile",0.95,131.156696793183
"25460",2021-05-15,"32","34  day ahead inc hosp",2021-06-18,"quantile",0.975,160.524280016347
"25461",2021-05-15,"32","34  day ahead inc hosp",2021-06-18,"quantile",0.99,200.581297513323
"25462",2021-05-15,"32","35  day ahead inc hosp",2021-06-19,"quantile",0.01,1.73310831089577
"25463",2021-05-15,"32","35  day ahead inc hosp",2021-06-19,"quantile",0.025,3.37438188012233
"25464",2021-05-15,"32","35  day ahead inc hosp",2021-06-19,"quantile",0.05,5.54024240992959
"25465",2021-05-15,"32","35  day ahead inc hosp",2021-06-19,"quantile",0.1,9.1751026959364
"25466",2021-05-15,"32","35  day ahead inc hosp",2021-06-19,"quantile",0.15,12.4799265263714
"25467",2021-05-15,"32","35  day ahead inc hosp",2021-06-19,"quantile",0.2,15.686286945513
"25468",2021-05-15,"32","35  day ahead inc hosp",2021-06-19,"quantile",0.25,18.897968653009
"25469",2021-05-15,"32","35  day ahead inc hosp",2021-06-19,"quantile",0.3,22.1811473968913
"25470",2021-05-15,"32","35  day ahead inc hosp",2021-06-19,"quantile",0.35,25.5890377357391
"25471",2021-05-15,"32","35  day ahead inc hosp",2021-06-19,"quantile",0.4,29.172242316062
"25472",2021-05-15,"32","35  day ahead inc hosp",2021-06-19,"quantile",0.45,32.9850149840762
"25473",2021-05-15,"32","35  day ahead inc hosp",2021-06-19,"quantile",0.5,37.0907271848995
"25474",2021-05-15,"32","35  day ahead inc hosp",2021-06-19,"quantile",0.55,41.5682981187836
"25475",2021-05-15,"32","35  day ahead inc hosp",2021-06-19,"quantile",0.6,46.5213509756166
"25476",2021-05-15,"32","35  day ahead inc hosp",2021-06-19,"quantile",0.65,52.0928870012369
"25477",2021-05-15,"32","35  day ahead inc hosp",2021-06-19,"quantile",0.7,58.4910145123119
"25478",2021-05-15,"32","35  day ahead inc hosp",2021-06-19,"quantile",0.75,66.0383105400785
"25479",2021-05-15,"32","35  day ahead inc hosp",2021-06-19,"quantile",0.8,75.2774609973123
"25480",2021-05-15,"32","35  day ahead inc hosp",2021-06-19,"quantile",0.85,87.2338768723105
"25481",2021-05-15,"32","35  day ahead inc hosp",2021-06-19,"quantile",0.9,104.237412172516
"25482",2021-05-15,"32","35  day ahead inc hosp",2021-06-19,"quantile",0.95,133.865128210353
"25483",2021-05-15,"32","35  day ahead inc hosp",2021-06-19,"quantile",0.975,164.320963813983
"25484",2021-05-15,"32","35  day ahead inc hosp",2021-06-19,"quantile",0.99,205.956277478956
"25485",2021-05-15,"32","36  day ahead inc hosp",2021-06-20,"quantile",0.01,1.73424027927504
"25486",2021-05-15,"32","36  day ahead inc hosp",2021-06-20,"quantile",0.025,3.41706006404395
"25487",2021-05-15,"32","36  day ahead inc hosp",2021-06-20,"quantile",0.05,5.65337117000637
"25488",2021-05-15,"32","36  day ahead inc hosp",2021-06-20,"quantile",0.1,9.42682459264699
"25489",2021-05-15,"32","36  day ahead inc hosp",2021-06-20,"quantile",0.15,12.8707299935065
"25490",2021-05-15,"32","36  day ahead inc hosp",2021-06-20,"quantile",0.2,16.2198917371213
"25491",2021-05-15,"32","36  day ahead inc hosp",2021-06-20,"quantile",0.25,19.5803957710653
"25492",2021-05-15,"32","36  day ahead inc hosp",2021-06-20,"quantile",0.3,23.0204345629661
"25493",2021-05-15,"32","36  day ahead inc hosp",2021-06-20,"quantile",0.35,26.5952724489692
"25494",2021-05-15,"32","36  day ahead inc hosp",2021-06-20,"quantile",0.4,30.3578042053391
"25495",2021-05-15,"32","36  day ahead inc hosp",2021-06-20,"quantile",0.45,34.365014607964
"25496",2021-05-15,"32","36  day ahead inc hosp",2021-06-20,"quantile",0.5,38.683683484042
"25497",2021-05-15,"32","36  day ahead inc hosp",2021-06-20,"quantile",0.55,43.397153009997
"25498",2021-05-15,"32","36  day ahead inc hosp",2021-06-20,"quantile",0.6,48.61500577379
"25499",2021-05-15,"32","36  day ahead inc hosp",2021-06-20,"quantile",0.65,54.4886053013804
"25500",2021-05-15,"32","36  day ahead inc hosp",2021-06-20,"quantile",0.7,61.2383680902256
"25501",2021-05-15,"32","36  day ahead inc hosp",2021-06-20,"quantile",0.75,69.2061089257892
"25502",2021-05-15,"32","36  day ahead inc hosp",2021-06-20,"quantile",0.8,78.9670995482012
"25503",2021-05-15,"32","36  day ahead inc hosp",2021-06-20,"quantile",0.85,91.6087138661488
"25504",2021-05-15,"32","36  day ahead inc hosp",2021-06-20,"quantile",0.9,109.602554233392
"25505",2021-05-15,"32","36  day ahead inc hosp",2021-06-20,"quantile",0.95,140.990742077393
"25506",2021-05-15,"32","36  day ahead inc hosp",2021-06-20,"quantile",0.975,173.291770721723
"25507",2021-05-15,"32","36  day ahead inc hosp",2021-06-20,"quantile",0.99,217.493533394212
"25508",2021-05-15,"32","37  day ahead inc hosp",2021-06-21,"quantile",0.01,1.57834409996807
"25509",2021-05-15,"32","37  day ahead inc hosp",2021-06-21,"quantile",0.025,3.19496428206076
"25510",2021-05-15,"32","37  day ahead inc hosp",2021-06-21,"quantile",0.05,5.37751743944616
"25511",2021-05-15,"32","37  day ahead inc hosp",2021-06-21,"quantile",0.1,9.10515257566417
"25512",2021-05-15,"32","37  day ahead inc hosp",2021-06-21,"quantile",0.15,12.536185995879
"25513",2021-05-15,"32","37  day ahead inc hosp",2021-06-21,"quantile",0.2,15.8902950535662
"25514",2021-05-15,"32","37  day ahead inc hosp",2021-06-21,"quantile",0.25,19.2686365983604
"25515",2021-05-15,"32","37  day ahead inc hosp",2021-06-21,"quantile",0.3,22.7374679586138
"25516",2021-05-15,"32","37  day ahead inc hosp",2021-06-21,"quantile",0.35,26.351444343276
"25517",2021-05-15,"32","37  day ahead inc hosp",2021-06-21,"quantile",0.4,30.1636427440881
"25518",2021-05-15,"32","37  day ahead inc hosp",2021-06-21,"quantile",0.45,34.231851820752
"25519",2021-05-15,"32","37  day ahead inc hosp",2021-06-21,"quantile",0.5,38.6242776936967
"25520",2021-05-15,"32","37  day ahead inc hosp",2021-06-21,"quantile",0.55,43.4264373707545
"25521",2021-05-15,"32","37  day ahead inc hosp",2021-06-21,"quantile",0.6,48.7511093071301
"25522",2021-05-15,"32","37  day ahead inc hosp",2021-06-21,"quantile",0.65,54.7543779245483
"25523",2021-05-15,"32","37  day ahead inc hosp",2021-06-21,"quantile",0.7,61.6638426389178
"25524",2021-05-15,"32","37  day ahead inc hosp",2021-06-21,"quantile",0.75,69.8328135377431
"25525",2021-05-15,"32","37  day ahead inc hosp",2021-06-21,"quantile",0.8,79.8564053489968
"25526",2021-05-15,"32","37  day ahead inc hosp",2021-06-21,"quantile",0.85,92.8603814777705
"25527",2021-05-15,"32","37  day ahead inc hosp",2021-06-21,"quantile",0.9,111.40577641473
"25528",2021-05-15,"32","37  day ahead inc hosp",2021-06-21,"quantile",0.95,143.834926574219
"25529",2021-05-15,"32","37  day ahead inc hosp",2021-06-21,"quantile",0.975,177.28746251995
"25530",2021-05-15,"32","37  day ahead inc hosp",2021-06-21,"quantile",0.99,223.164411523958
"25531",2021-05-15,"33","1  day ahead inc hosp",2021-05-16,"quantile",0.01,0.97667678846595
"25532",2021-05-15,"33","1  day ahead inc hosp",2021-05-16,"quantile",0.025,1.48194055653032
"25533",2021-05-15,"33","1  day ahead inc hosp",2021-05-16,"quantile",0.05,2.05479111303313
"25534",2021-05-15,"33","1  day ahead inc hosp",2021-05-16,"quantile",0.1,2.90535650386515
"25535",2021-05-15,"33","1  day ahead inc hosp",2021-05-16,"quantile",0.15,3.61244594249465
"25536",2021-05-15,"33","1  day ahead inc hosp",2021-05-16,"quantile",0.2,4.26067241837953
"25537",2021-05-15,"33","1  day ahead inc hosp",2021-05-16,"quantile",0.25,4.88312844615329
"25538",2021-05-15,"33","1  day ahead inc hosp",2021-05-16,"quantile",0.3,5.4980905925487
"25539",2021-05-15,"33","1  day ahead inc hosp",2021-05-16,"quantile",0.35,6.11815912210877
"25540",2021-05-15,"33","1  day ahead inc hosp",2021-05-16,"quantile",0.4,6.75368230311669
"25541",2021-05-15,"33","1  day ahead inc hosp",2021-05-16,"quantile",0.45,7.41447788340923
"25542",2021-05-15,"33","1  day ahead inc hosp",2021-05-16,"quantile",0.5,8.11100925627713
"25543",2021-05-15,"33","1  day ahead inc hosp",2021-05-16,"quantile",0.55,8.8555002368849
"25544",2021-05-15,"33","1  day ahead inc hosp",2021-05-16,"quantile",0.6,9.6633266681058
"25545",2021-05-15,"33","1  day ahead inc hosp",2021-05-16,"quantile",0.65,10.5551080078237
"25546",2021-05-15,"33","1  day ahead inc hosp",2021-05-16,"quantile",0.7,11.5602689065878
"25547",2021-05-15,"33","1  day ahead inc hosp",2021-05-16,"quantile",0.75,12.723774372957
"25548",2021-05-15,"33","1  day ahead inc hosp",2021-05-16,"quantile",0.8,14.1204159783994
"25549",2021-05-15,"33","1  day ahead inc hosp",2021-05-16,"quantile",0.85,15.8900617623646
"25550",2021-05-15,"33","1  day ahead inc hosp",2021-05-16,"quantile",0.9,18.3470583820698
"25551",2021-05-15,"33","1  day ahead inc hosp",2021-05-16,"quantile",0.95,22.4994112487364
"25552",2021-05-15,"33","1  day ahead inc hosp",2021-05-16,"quantile",0.975,26.6394215358242
"25553",2021-05-15,"33","1  day ahead inc hosp",2021-05-16,"quantile",0.99,32.143508837586
"25554",2021-05-15,"33","2  day ahead inc hosp",2021-05-17,"quantile",0.01,0.771158658791708
"25555",2021-05-15,"33","2  day ahead inc hosp",2021-05-17,"quantile",0.025,1.22729225002035
"25556",2021-05-15,"33","2  day ahead inc hosp",2021-05-17,"quantile",0.05,1.76008930967991
"25557",2021-05-15,"33","2  day ahead inc hosp",2021-05-17,"quantile",0.1,2.57112143321119
"25558",2021-05-15,"33","2  day ahead inc hosp",2021-05-17,"quantile",0.15,3.25811043323213
"25559",2021-05-15,"33","2  day ahead inc hosp",2021-05-17,"quantile",0.2,3.89556456305988
"25560",2021-05-15,"33","2  day ahead inc hosp",2021-05-17,"quantile",0.25,4.51328155575798
"25561",2021-05-15,"33","2  day ahead inc hosp",2021-05-17,"quantile",0.3,5.12811919298034
"25562",2021-05-15,"33","2  day ahead inc hosp",2021-05-17,"quantile",0.35,5.75202762529787
"25563",2021-05-15,"33","2  day ahead inc hosp",2021-05-17,"quantile",0.4,6.39511207335475
"25564",2021-05-15,"33","2  day ahead inc hosp",2021-05-17,"quantile",0.45,7.06721903912924
"25565",2021-05-15,"33","2  day ahead inc hosp",2021-05-17,"quantile",0.5,7.77907038761157
"25566",2021-05-15,"33","2  day ahead inc hosp",2021-05-17,"quantile",0.55,8.54339036999719
"25567",2021-05-15,"33","2  day ahead inc hosp",2021-05-17,"quantile",0.6,9.37635915950349
"25568",2021-05-15,"33","2  day ahead inc hosp",2021-05-17,"quantile",0.65,10.2998347613015
"25569",2021-05-15,"33","2  day ahead inc hosp",2021-05-17,"quantile",0.7,11.3451662233187
"25570",2021-05-15,"33","2  day ahead inc hosp",2021-05-17,"quantile",0.75,12.5604319970534
"25571",2021-05-15,"33","2  day ahead inc hosp",2021-05-17,"quantile",0.8,14.0258279941406
"25572",2021-05-15,"33","2  day ahead inc hosp",2021-05-17,"quantile",0.85,15.8917051635555
"25573",2021-05-15,"33","2  day ahead inc hosp",2021-05-17,"quantile",0.9,18.4968523734884
"25574",2021-05-15,"33","2  day ahead inc hosp",2021-05-17,"quantile",0.95,22.931291169854
"25575",2021-05-15,"33","2  day ahead inc hosp",2021-05-17,"quantile",0.975,27.3846540866019
"25576",2021-05-15,"33","2  day ahead inc hosp",2021-05-17,"quantile",0.99,33.3448461553094
"25577",2021-05-15,"33","3  day ahead inc hosp",2021-05-18,"quantile",0.01,0.561445832798924
"25578",2021-05-15,"33","3  day ahead inc hosp",2021-05-18,"quantile",0.025,0.961248762770283
"25579",2021-05-15,"33","3  day ahead inc hosp",2021-05-18,"quantile",0.05,1.44970909895105
"25580",2021-05-15,"33","3  day ahead inc hosp",2021-05-18,"quantile",0.1,2.22106429991525
"25581",2021-05-15,"33","3  day ahead inc hosp",2021-05-18,"quantile",0.15,2.892423292748
"25582",2021-05-15,"33","3  day ahead inc hosp",2021-05-18,"quantile",0.2,3.52623428377063
"25583",2021-05-15,"33","3  day ahead inc hosp",2021-05-18,"quantile",0.25,4.14841522181467
"25584",2021-05-15,"33","3  day ahead inc hosp",2021-05-18,"quantile",0.3,4.7742243059185
"25585",2021-05-15,"33","3  day ahead inc hosp",2021-05-18,"quantile",0.35,5.41496736741706
"25586",2021-05-15,"33","3  day ahead inc hosp",2021-05-18,"quantile",0.4,6.08063376544893
"25587",2021-05-15,"33","3  day ahead inc hosp",2021-05-18,"quantile",0.45,6.78133236953972
"25588",2021-05-15,"33","3  day ahead inc hosp",2021-05-18,"quantile",0.5,7.52839423631601
"25589",2021-05-15,"33","3  day ahead inc hosp",2021-05-18,"quantile",0.55,8.33554443350236
"25590",2021-05-15,"33","3  day ahead inc hosp",2021-05-18,"quantile",0.6,9.22047868496124
"25591",2021-05-15,"33","3  day ahead inc hosp",2021-05-18,"quantile",0.65,10.2073243721158
"25592",2021-05-15,"33","3  day ahead inc hosp",2021-05-18,"quantile",0.7,11.3309045523159
"25593",2021-05-15,"33","3  day ahead inc hosp",2021-05-18,"quantile",0.75,12.644869939212
"25594",2021-05-15,"33","3  day ahead inc hosp",2021-05-18,"quantile",0.8,14.2390361043095
"25595",2021-05-15,"33","3  day ahead inc hosp",2021-05-18,"quantile",0.85,16.2823409100743
"25596",2021-05-15,"33","3  day ahead inc hosp",2021-05-18,"quantile",0.9,19.1567695899752
"25597",2021-05-15,"33","3  day ahead inc hosp",2021-05-18,"quantile",0.95,24.0967931154618
"25598",2021-05-15,"33","3  day ahead inc hosp",2021-05-18,"quantile",0.975,29.1058749594991
"25599",2021-05-15,"33","3  day ahead inc hosp",2021-05-18,"quantile",0.99,35.8690801782923
"25600",2021-05-15,"33","4  day ahead inc hosp",2021-05-19,"quantile",0.01,0.488127793236612
"25601",2021-05-15,"33","4  day ahead inc hosp",2021-05-19,"quantile",0.025,0.879727769200814
"25602",2021-05-15,"33","4  day ahead inc hosp",2021-05-19,"quantile",0.05,1.37326142705487
"25603",2021-05-15,"33","4  day ahead inc hosp",2021-05-19,"quantile",0.1,2.17223766726854
"25604",2021-05-15,"33","4  day ahead inc hosp",2021-05-19,"quantile",0.15,2.88028259720112
"25605",2021-05-15,"33","4  day ahead inc hosp",2021-05-19,"quantile",0.2,3.5563538374337
"25606",2021-05-15,"33","4  day ahead inc hosp",2021-05-19,"quantile",0.25,4.22563137941318
"25607",2021-05-15,"33","4  day ahead inc hosp",2021-05-19,"quantile",0.3,4.90339469204261
"25608",2021-05-15,"33","4  day ahead inc hosp",2021-05-19,"quantile",0.35,5.60133512801029
"25609",2021-05-15,"33","4  day ahead inc hosp",2021-05-19,"quantile",0.4,6.3300971916552
"25610",2021-05-15,"33","4  day ahead inc hosp",2021-05-19,"quantile",0.45,7.10071858948755
"25611",2021-05-15,"33","4  day ahead inc hosp",2021-05-19,"quantile",0.5,7.92579387913009
"25612",2021-05-15,"33","4  day ahead inc hosp",2021-05-19,"quantile",0.55,8.82076547696343
"25613",2021-05-15,"33","4  day ahead inc hosp",2021-05-19,"quantile",0.6,9.8057046904212
"25614",2021-05-15,"33","4  day ahead inc hosp",2021-05-19,"quantile",0.65,10.9081249184154
"25615",2021-05-15,"33","4  day ahead inc hosp",2021-05-19,"quantile",0.7,12.1678821073499
"25616",2021-05-15,"33","4  day ahead inc hosp",2021-05-19,"quantile",0.75,13.6465454165531
"25617",2021-05-15,"33","4  day ahead inc hosp",2021-05-19,"quantile",0.8,15.4474088040559
"25618",2021-05-15,"33","4  day ahead inc hosp",2021-05-19,"quantile",0.85,17.7651459876491
"25619",2021-05-15,"33","4  day ahead inc hosp",2021-05-19,"quantile",0.9,21.0408587174051
"25620",2021-05-15,"33","4  day ahead inc hosp",2021-05-19,"quantile",0.95,26.7039450800336
"25621",2021-05-15,"33","4  day ahead inc hosp",2021-05-19,"quantile",0.975,32.4801557722955
"25622",2021-05-15,"33","4  day ahead inc hosp",2021-05-19,"quantile",0.99,40.3210980034511
"25623",2021-05-15,"33","5  day ahead inc hosp",2021-05-20,"quantile",0.01,0.379304803746601
"25624",2021-05-15,"33","5  day ahead inc hosp",2021-05-20,"quantile",0.025,0.732232034837547
"25625",2021-05-15,"33","5  day ahead inc hosp",2021-05-20,"quantile",0.05,1.19562219933516
"25626",2021-05-15,"33","5  day ahead inc hosp",2021-05-20,"quantile",0.1,1.9702807803792
"25627",2021-05-15,"33","5  day ahead inc hosp",2021-05-20,"quantile",0.15,2.67266858445631
"25628",2021-05-15,"33","5  day ahead inc hosp",2021-05-20,"quantile",0.2,3.35297064949374
"25629",2021-05-15,"33","5  day ahead inc hosp",2021-05-20,"quantile",0.25,4.03355134325883
"25630",2021-05-15,"33","5  day ahead inc hosp",2021-05-20,"quantile",0.3,4.72858941362365
"25631",2021-05-15,"33","5  day ahead inc hosp",2021-05-20,"quantile",0.35,5.4494233954603
"25632",2021-05-15,"33","5  day ahead inc hosp",2021-05-20,"quantile",0.4,6.20678478850644
"25633",2021-05-15,"33","5  day ahead inc hosp",2021-05-20,"quantile",0.45,7.01213920246268
"25634",2021-05-15,"33","5  day ahead inc hosp",2021-05-20,"quantile",0.5,7.87884699010042
"25635",2021-05-15,"33","5  day ahead inc hosp",2021-05-20,"quantile",0.55,8.823520198437
"25636",2021-05-15,"33","5  day ahead inc hosp",2021-05-20,"quantile",0.6,9.86794865967053
"25637",2021-05-15,"33","5  day ahead inc hosp",2021-05-20,"quantile",0.65,11.0421823732431
"25638",2021-05-15,"33","5  day ahead inc hosp",2021-05-20,"quantile",0.7,12.3899325631779
"25639",2021-05-15,"33","5  day ahead inc hosp",2021-05-20,"quantile",0.75,13.9789303073304
"25640",2021-05-15,"33","5  day ahead inc hosp",2021-05-20,"quantile",0.8,15.9230905126815
"25641",2021-05-15,"33","5  day ahead inc hosp",2021-05-20,"quantile",0.85,18.4375998967962
"25642",2021-05-15,"33","5  day ahead inc hosp",2021-05-20,"quantile",0.9,22.011248880211
"25643",2021-05-15,"33","5  day ahead inc hosp",2021-05-20,"quantile",0.95,28.2330746708619
"25644",2021-05-15,"33","5  day ahead inc hosp",2021-05-20,"quantile",0.975,34.6236667726757
"25645",2021-05-15,"33","5  day ahead inc hosp",2021-05-20,"quantile",0.99,43.3537150603856
"25646",2021-05-15,"33","6  day ahead inc hosp",2021-05-21,"quantile",0.01,0.298596337619496
"25647",2021-05-15,"33","6  day ahead inc hosp",2021-05-21,"quantile",0.025,0.618253423478297
"25648",2021-05-15,"33","6  day ahead inc hosp",2021-05-21,"quantile",0.05,1.05552570504749
"25649",2021-05-15,"33","6  day ahead inc hosp",2021-05-21,"quantile",0.1,1.80986194011408
"25650",2021-05-15,"33","6  day ahead inc hosp",2021-05-21,"quantile",0.15,2.50901821397344
"25651",2021-05-15,"33","6  day ahead inc hosp",2021-05-21,"quantile",0.2,3.19542101800804
"25652",2021-05-15,"33","6  day ahead inc hosp",2021-05-21,"quantile",0.25,3.88893722377337
"25653",2021-05-15,"33","6  day ahead inc hosp",2021-05-21,"quantile",0.3,4.60279275735193
"25654",2021-05-15,"33","6  day ahead inc hosp",2021-05-21,"quantile",0.35,5.34806156587237
"25655",2021-05-15,"33","6  day ahead inc hosp",2021-05-21,"quantile",0.4,6.13562691641688
"25656",2021-05-15,"33","6  day ahead inc hosp",2021-05-21,"quantile",0.45,6.97743951692845
"25657",2021-05-15,"33","6  day ahead inc hosp",2021-05-21,"quantile",0.5,7.88768452409237
"25658",2021-05-15,"33","6  day ahead inc hosp",2021-05-21,"quantile",0.55,8.88421234750093
"25659",2021-05-15,"33","6  day ahead inc hosp",2021-05-21,"quantile",0.6,9.99061911797887
"25660",2021-05-15,"33","6  day ahead inc hosp",2021-05-21,"quantile",0.65,11.239612125583
"25661",2021-05-15,"33","6  day ahead inc hosp",2021-05-21,"quantile",0.7,12.6789354265997
"25662",2021-05-15,"33","6  day ahead inc hosp",2021-05-21,"quantile",0.75,14.3827627743138
"25663",2021-05-15,"33","6  day ahead inc hosp",2021-05-21,"quantile",0.8,16.476115051764
"25664",2021-05-15,"33","6  day ahead inc hosp",2021-05-21,"quantile",0.85,19.1956389384522
"25665",2021-05-15,"33","6  day ahead inc hosp",2021-05-21,"quantile",0.9,23.0800546970093
"25666",2021-05-15,"33","6  day ahead inc hosp",2021-05-21,"quantile",0.95,29.8857476355044
"25667",2021-05-15,"33","6  day ahead inc hosp",2021-05-21,"quantile",0.975,36.9197201091972
"25668",2021-05-15,"33","6  day ahead inc hosp",2021-05-21,"quantile",0.99,46.5828783423563
"25669",2021-05-15,"33","7  day ahead inc hosp",2021-05-22,"quantile",0.01,0.243057416707204
"25670",2021-05-15,"33","7  day ahead inc hosp",2021-05-22,"quantile",0.025,0.538336495456514
"25671",2021-05-15,"33","7  day ahead inc hosp",2021-05-22,"quantile",0.05,0.958213748654992
"25672",2021-05-15,"33","7  day ahead inc hosp",2021-05-22,"quantile",0.1,1.70389716012184
"25673",2021-05-15,"33","7  day ahead inc hosp",2021-05-22,"quantile",0.15,2.40895954735805
"25674",2021-05-15,"33","7  day ahead inc hosp",2021-05-22,"quantile",0.2,3.10963338102621
"25675",2021-05-15,"33","7  day ahead inc hosp",2021-05-22,"quantile",0.25,3.82384938658364
"25676",2021-05-15,"33","7  day ahead inc hosp",2021-05-22,"quantile",0.3,4.56417374333083
"25677",2021-05-15,"33","7  day ahead inc hosp",2021-05-22,"quantile",0.35,5.3416103672888
"25678",2021-05-15,"33","7  day ahead inc hosp",2021-05-22,"quantile",0.4,6.16735065350985
"25679",2021-05-15,"33","7  day ahead inc hosp",2021-05-22,"quantile",0.45,7.05397759185911
"25680",2021-05-15,"33","7  day ahead inc hosp",2021-05-22,"quantile",0.5,8.01665830953174
"25681",2021-05-15,"33","7  day ahead inc hosp",2021-05-22,"quantile",0.55,9.07466657227052
"25682",2021-05-15,"33","7  day ahead inc hosp",2021-05-22,"quantile",0.6,10.253639866774
"25683",2021-05-15,"33","7  day ahead inc hosp",2021-05-22,"quantile",0.65,11.5892615204668
"25684",2021-05-15,"33","7  day ahead inc hosp",2021-05-22,"quantile",0.7,13.1337686085777
"25685",2021-05-15,"33","7  day ahead inc hosp",2021-05-22,"quantile",0.75,14.9684894327845
"25686",2021-05-15,"33","7  day ahead inc hosp",2021-05-22,"quantile",0.8,17.2307507009794
"25687",2021-05-15,"33","7  day ahead inc hosp",2021-05-22,"quantile",0.85,20.1809369202781
"25688",2021-05-15,"33","7  day ahead inc hosp",2021-05-22,"quantile",0.9,24.4129126142496
"25689",2021-05-15,"33","7  day ahead inc hosp",2021-05-22,"quantile",0.95,31.8675689039773
"25690",2021-05-15,"33","7  day ahead inc hosp",2021-05-22,"quantile",0.975,39.6131439242163
"25691",2021-05-15,"33","7  day ahead inc hosp",2021-05-22,"quantile",0.99,50.3046760853833
"25692",2021-05-15,"33","8  day ahead inc hosp",2021-05-23,"quantile",0.01,0.183020487262811
"25693",2021-05-15,"33","8  day ahead inc hosp",2021-05-23,"quantile",0.025,0.441434840882366
"25694",2021-05-15,"33","8  day ahead inc hosp",2021-05-23,"quantile",0.05,0.826970969099491
"25695",2021-05-15,"33","8  day ahead inc hosp",2021-05-23,"quantile",0.1,1.53619862864182
"25696",2021-05-15,"33","8  day ahead inc hosp",2021-05-23,"quantile",0.15,2.22288281112028
"25697",2021-05-15,"33","8  day ahead inc hosp",2021-05-23,"quantile",0.2,2.91512668662623
"25698",2021-05-15,"33","8  day ahead inc hosp",2021-05-23,"quantile",0.25,3.62806400487901
"25699",2021-05-15,"33","8  day ahead inc hosp",2021-05-23,"quantile",0.3,4.37309039784134
"25700",2021-05-15,"33","8  day ahead inc hosp",2021-05-23,"quantile",0.35,5.16077149277642
"25701",2021-05-15,"33","8  day ahead inc hosp",2021-05-23,"quantile",0.4,6.00229658169825
"25702",2021-05-15,"33","8  day ahead inc hosp",2021-05-23,"quantile",0.45,6.91058346627384
"25703",2021-05-15,"33","8  day ahead inc hosp",2021-05-23,"quantile",0.5,7.90146410691807
"25704",2021-05-15,"33","8  day ahead inc hosp",2021-05-23,"quantile",0.55,8.99526728525578
"25705",2021-05-15,"33","8  day ahead inc hosp",2021-05-23,"quantile",0.6,10.2192127075478
"25706",2021-05-15,"33","8  day ahead inc hosp",2021-05-23,"quantile",0.65,11.6113505878148
"25707",2021-05-15,"33","8  day ahead inc hosp",2021-05-23,"quantile",0.7,13.2275519073849
"25708",2021-05-15,"33","8  day ahead inc hosp",2021-05-23,"quantile",0.75,15.1550034211053
"25709",2021-05-15,"33","8  day ahead inc hosp",2021-05-23,"quantile",0.8,17.54121266187
"25710",2021-05-15,"33","8  day ahead inc hosp",2021-05-23,"quantile",0.85,20.6663948393751
"25711",2021-05-15,"33","8  day ahead inc hosp",2021-05-23,"quantile",0.9,25.1709648545437
"25712",2021-05-15,"33","8  day ahead inc hosp",2021-05-23,"quantile",0.95,33.1536235375528
"25713",2021-05-15,"33","8  day ahead inc hosp",2021-05-23,"quantile",0.975,41.4967364972402
"25714",2021-05-15,"33","8  day ahead inc hosp",2021-05-23,"quantile",0.99,53.0739936188292
"25715",2021-05-15,"33","9  day ahead inc hosp",2021-05-24,"quantile",0.01,0.138186563457203
"25716",2021-05-15,"33","9  day ahead inc hosp",2021-05-24,"quantile",0.025,0.364663686640096
"25717",2021-05-15,"33","9  day ahead inc hosp",2021-05-24,"quantile",0.05,0.71970138101427
"25718",2021-05-15,"33","9  day ahead inc hosp",2021-05-24,"quantile",0.1,1.39633751143089
"25719",2021-05-15,"33","9  day ahead inc hosp",2021-05-24,"quantile",0.15,2.06693374711537
"25720",2021-05-15,"33","9  day ahead inc hosp",2021-05-24,"quantile",0.2,2.75243579337718
"25721",2021-05-15,"33","9  day ahead inc hosp",2021-05-24,"quantile",0.25,3.46549335827628
"25722",2021-05-15,"33","9  day ahead inc hosp",2021-05-24,"quantile",0.3,4.216477314565
"25723",2021-05-15,"33","9  day ahead inc hosp",2021-05-24,"quantile",0.35,5.01560010245815
"25724",2021-05-15,"33","9  day ahead inc hosp",2021-05-24,"quantile",0.4,5.87410864145051
"25725",2021-05-15,"33","9  day ahead inc hosp",2021-05-24,"quantile",0.45,6.80530526566328
"25726",2021-05-15,"33","9  day ahead inc hosp",2021-05-24,"quantile",0.5,7.82573517643111
"25727",2021-05-15,"33","9  day ahead inc hosp",2021-05-24,"quantile",0.55,8.95683605546079
"25728",2021-05-15,"33","9  day ahead inc hosp",2021-05-24,"quantile",0.6,10.2274766421861
"25729",2021-05-15,"33","9  day ahead inc hosp",2021-05-24,"quantile",0.65,11.6781644457883
"25730",2021-05-15,"33","9  day ahead inc hosp",2021-05-24,"quantile",0.7,13.3685364964517
"25731",2021-05-15,"33","9  day ahead inc hosp",2021-05-24,"quantile",0.75,15.3918468923277
"25732",2021-05-15,"33","9  day ahead inc hosp",2021-05-24,"quantile",0.8,17.9061462230072
"25733",2021-05-15,"33","9  day ahead inc hosp",2021-05-24,"quantile",0.85,21.2121923218411
"25734",2021-05-15,"33","9  day ahead inc hosp",2021-05-24,"quantile",0.9,25.9986509710256
"25735",2021-05-15,"33","9  day ahead inc hosp",2021-05-24,"quantile",0.95,34.5279583909219
"25736",2021-05-15,"33","9  day ahead inc hosp",2021-05-24,"quantile",0.975,43.4906597841557
"25737",2021-05-15,"33","9  day ahead inc hosp",2021-05-24,"quantile",0.99,55.9878498356706
"25738",2021-05-15,"33","10  day ahead inc hosp",2021-05-25,"quantile",0.01,0.112272815378654
"25739",2021-05-15,"33","10  day ahead inc hosp",2021-05-25,"quantile",0.025,0.320419532963956
"25740",2021-05-15,"33","10  day ahead inc hosp",2021-05-25,"quantile",0.05,0.660772831358039
"25741",2021-05-15,"33","10  day ahead inc hosp",2021-05-25,"quantile",0.1,1.32878445142858
"25742",2021-05-15,"33","10  day ahead inc hosp",2021-05-25,"quantile",0.15,2.00356210346501
"25743",2021-05-15,"33","10  day ahead inc hosp",2021-05-25,"quantile",0.2,2.70113894488862
"25744",2021-05-15,"33","10  day ahead inc hosp",2021-05-25,"quantile",0.25,3.43257534457242
"25745",2021-05-15,"33","10  day ahead inc hosp",2021-05-25,"quantile",0.3,4.20772363615567
"25746",2021-05-15,"33","10  day ahead inc hosp",2021-05-25,"quantile",0.35,5.03680315122863
"25747",2021-05-15,"33","10  day ahead inc hosp",2021-05-25,"quantile",0.4,5.93142468677132
"25748",2021-05-15,"33","10  day ahead inc hosp",2021-05-25,"quantile",0.45,6.90557551283831
"25749",2021-05-15,"33","10  day ahead inc hosp",2021-05-25,"quantile",0.5,7.97684325648737
"25750",2021-05-15,"33","10  day ahead inc hosp",2021-05-25,"quantile",0.55,9.16816728087377
"25751",2021-05-15,"33","10  day ahead inc hosp",2021-05-25,"quantile",0.6,10.5105670476741
"25752",2021-05-15,"33","10  day ahead inc hosp",2021-05-25,"quantile",0.65,12.0476876139387
"25753",2021-05-15,"33","10  day ahead inc hosp",2021-05-25,"quantile",0.7,13.8439108440591
"25754",2021-05-15,"33","10  day ahead inc hosp",2021-05-25,"quantile",0.75,16.000063837465
"25755",2021-05-15,"33","10  day ahead inc hosp",2021-05-25,"quantile",0.8,18.6872594081378
"25756",2021-05-15,"33","10  day ahead inc hosp",2021-05-25,"quantile",0.85,22.2315368564326
"25757",2021-05-15,"33","10  day ahead inc hosp",2021-05-25,"quantile",0.9,27.3805344795726
"25758",2021-05-15,"33","10  day ahead inc hosp",2021-05-25,"quantile",0.95,36.5951177026852
"25759",2021-05-15,"33","10  day ahead inc hosp",2021-05-25,"quantile",0.975,46.3181412830603
"25760",2021-05-15,"33","10  day ahead inc hosp",2021-05-25,"quantile",0.99,59.9256837355615
"25761",2021-05-15,"33","11  day ahead inc hosp",2021-05-26,"quantile",0.01,0.0926343390191965
"25762",2021-05-15,"33","11  day ahead inc hosp",2021-05-26,"quantile",0.025,0.285718011556527
"25763",2021-05-15,"33","11  day ahead inc hosp",2021-05-26,"quantile",0.05,0.614630791298721
"25764",2021-05-15,"33","11  day ahead inc hosp",2021-05-26,"quantile",0.1,1.27848807160473
"25765",2021-05-15,"33","11  day ahead inc hosp",2021-05-26,"quantile",0.15,1.96111509053785
"25766",2021-05-15,"33","11  day ahead inc hosp",2021-05-26,"quantile",0.2,2.67419877859843
"25767",2021-05-15,"33","11  day ahead inc hosp",2021-05-26,"quantile",0.25,3.42741632503997
"25768",2021-05-15,"33","11  day ahead inc hosp",2021-05-26,"quantile",0.3,4.23021546218571
"25769",2021-05-15,"33","11  day ahead inc hosp",2021-05-26,"quantile",0.35,5.09290566061771
"25770",2021-05-15,"33","11  day ahead inc hosp",2021-05-26,"quantile",0.4,6.02753656681758
"25771",2021-05-15,"33","11  day ahead inc hosp",2021-05-26,"quantile",0.45,7.04885888632041
"25772",2021-05-15,"33","11  day ahead inc hosp",2021-05-26,"quantile",0.5,8.17559388721963
"25773",2021-05-15,"33","11  day ahead inc hosp",2021-05-26,"quantile",0.55,9.43229670351517
"25774",2021-05-15,"33","11  day ahead inc hosp",2021-05-26,"quantile",0.6,10.8522886568904
"25775",2021-05-15,"33","11  day ahead inc hosp",2021-05-26,"quantile",0.65,12.4825632357343
"25776",2021-05-15,"33","11  day ahead inc hosp",2021-05-26,"quantile",0.7,14.3925578225427
"25777",2021-05-15,"33","11  day ahead inc hosp",2021-05-26,"quantile",0.75,16.6911605726966
"25778",2021-05-15,"33","11  day ahead inc hosp",2021-05-26,"quantile",0.8,19.5633798305418
"25779",2021-05-15,"33","11  day ahead inc hosp",2021-05-26,"quantile",0.85,23.3621378071834
"25780",2021-05-15,"33","11  day ahead inc hosp",2021-05-26,"quantile",0.9,28.8977598175568
"25781",2021-05-15,"33","11  day ahead inc hosp",2021-05-26,"quantile",0.95,38.8419700326872
"25782",2021-05-15,"33","11  day ahead inc hosp",2021-05-26,"quantile",0.975,49.3735836895007
"25783",2021-05-15,"33","11  day ahead inc hosp",2021-05-26,"quantile",0.99,64.1611004611166
"25784",2021-05-15,"33","12  day ahead inc hosp",2021-05-27,"quantile",0.01,0.0643947529892873
"25785",2021-05-15,"33","12  day ahead inc hosp",2021-05-27,"quantile",0.025,0.225223972871635
"25786",2021-05-15,"33","12  day ahead inc hosp",2021-05-27,"quantile",0.05,0.517437931203555
"25787",2021-05-15,"33","12  day ahead inc hosp",2021-05-27,"quantile",0.1,1.13307030879664
"25788",2021-05-15,"33","12  day ahead inc hosp",2021-05-27,"quantile",0.15,1.78328579755122
"25789",2021-05-15,"33","12  day ahead inc hosp",2021-05-27,"quantile",0.2,2.47312579132476
"25790",2021-05-15,"33","12  day ahead inc hosp",2021-05-27,"quantile",0.25,3.20975607513282
"25791",2021-05-15,"33","12  day ahead inc hosp",2021-05-27,"quantile",0.3,4.00148856721138
"25792",2021-05-15,"33","12  day ahead inc hosp",2021-05-27,"quantile",0.35,4.85814590454272
"25793",2021-05-15,"33","12  day ahead inc hosp",2021-05-27,"quantile",0.4,5.79168637097786
"25794",2021-05-15,"33","12  day ahead inc hosp",2021-05-27,"quantile",0.45,6.81707586354154
"25795",2021-05-15,"33","12  day ahead inc hosp",2021-05-27,"quantile",0.5,7.95354894429719
"25796",2021-05-15,"33","12  day ahead inc hosp",2021-05-27,"quantile",0.55,9.22652363094166
"25797",2021-05-15,"33","12  day ahead inc hosp",2021-05-27,"quantile",0.6,10.670654680945
"25798",2021-05-15,"33","12  day ahead inc hosp",2021-05-27,"quantile",0.65,12.3349699654067
"25799",2021-05-15,"33","12  day ahead inc hosp",2021-05-27,"quantile",0.7,14.2920779417409
"25800",2021-05-15,"33","12  day ahead inc hosp",2021-05-27,"quantile",0.75,16.6560467595779
"25801",2021-05-15,"33","12  day ahead inc hosp",2021-05-27,"quantile",0.8,19.6210006378451
"25802",2021-05-15,"33","12  day ahead inc hosp",2021-05-27,"quantile",0.85,23.5578519079845
"25803",2021-05-15,"33","12  day ahead inc hosp",2021-05-27,"quantile",0.9,29.3197831911361
"25804",2021-05-15,"33","12  day ahead inc hosp",2021-05-27,"quantile",0.95,39.726582676126
"25805",2021-05-15,"33","12  day ahead inc hosp",2021-05-27,"quantile",0.975,50.8057188039537
"25806",2021-05-15,"33","12  day ahead inc hosp",2021-05-27,"quantile",0.99,66.4341129212432
"25807",2021-05-15,"33","13  day ahead inc hosp",2021-05-28,"quantile",0.01,0.0470520480999316
"25808",2021-05-15,"33","13  day ahead inc hosp",2021-05-28,"quantile",0.025,0.185688233208208
"25809",2021-05-15,"33","13  day ahead inc hosp",2021-05-28,"quantile",0.05,0.453124956815938
"25810",2021-05-15,"33","13  day ahead inc hosp",2021-05-28,"quantile",0.1,1.03875418604756
"25811",2021-05-15,"33","13  day ahead inc hosp",2021-05-28,"quantile",0.15,1.67203532290851
"25812",2021-05-15,"33","13  day ahead inc hosp",2021-05-28,"quantile",0.2,2.3530357783116
"25813",2021-05-15,"33","13  day ahead inc hosp",2021-05-28,"quantile",0.25,3.08708438874185
"25814",2021-05-15,"33","13  day ahead inc hosp",2021-05-28,"quantile",0.3,3.8817423033381
"25815",2021-05-15,"33","13  day ahead inc hosp",2021-05-28,"quantile",0.35,4.74662163306992
"25816",2021-05-15,"33","13  day ahead inc hosp",2021-05-28,"quantile",0.4,5.69382633347753
"25817",2021-05-15,"33","13  day ahead inc hosp",2021-05-28,"quantile",0.45,6.73877178491786
"25818",2021-05-15,"33","13  day ahead inc hosp",2021-05-28,"quantile",0.5,7.90146416697039
"25819",2021-05-15,"33","13  day ahead inc hosp",2021-05-28,"quantile",0.55,9.20849405375425
"25820",2021-05-15,"33","13  day ahead inc hosp",2021-05-28,"quantile",0.6,10.6962465592175
"25821",2021-05-15,"33","13  day ahead inc hosp",2021-05-28,"quantile",0.65,12.4163235804436
"25822",2021-05-15,"33","13  day ahead inc hosp",2021-05-28,"quantile",0.7,14.4452828312698
"25823",2021-05-15,"33","13  day ahead inc hosp",2021-05-28,"quantile",0.75,16.9035718848397
"25824",2021-05-15,"33","13  day ahead inc hosp",2021-05-28,"quantile",0.8,19.9964415235045
"25825",2021-05-15,"33","13  day ahead inc hosp",2021-05-28,"quantile",0.85,24.1165844381449
"25826",2021-05-15,"33","13  day ahead inc hosp",2021-05-28,"quantile",0.9,30.168637403915
"25827",2021-05-15,"33","13  day ahead inc hosp",2021-05-28,"quantile",0.95,41.1483681763638
"25828",2021-05-15,"33","13  day ahead inc hosp",2021-05-28,"quantile",0.975,52.887786038283
"25829",2021-05-15,"33","13  day ahead inc hosp",2021-05-28,"quantile",0.99,69.5106374684463
"25830",2021-05-15,"33","14  day ahead inc hosp",2021-05-29,"quantile",0.01,0.0376889223528699
"25831",2021-05-15,"33","14  day ahead inc hosp",2021-05-29,"quantile",0.025,0.164342660480481
"25832",2021-05-15,"33","14  day ahead inc hosp",2021-05-29,"quantile",0.05,0.420680700193311
"25833",2021-05-15,"33","14  day ahead inc hosp",2021-05-29,"quantile",0.1,0.999208021964808
"25834",2021-05-15,"33","14  day ahead inc hosp",2021-05-29,"quantile",0.15,1.63621462942765
"25835",2021-05-15,"33","14  day ahead inc hosp",2021-05-29,"quantile",0.2,2.32827239231455
"25836",2021-05-15,"33","14  day ahead inc hosp",2021-05-29,"quantile",0.25,3.07953862931887
"25837",2021-05-15,"33","14  day ahead inc hosp",2021-05-29,"quantile",0.3,3.8972424311647
"25838",2021-05-15,"33","14  day ahead inc hosp",2021-05-29,"quantile",0.35,4.79111513861942
"25839",2021-05-15,"33","14  day ahead inc hosp",2021-05-29,"quantile",0.4,5.77371325704126
"25840",2021-05-15,"33","14  day ahead inc hosp",2021-05-29,"quantile",0.45,6.86122474303419
"25841",2021-05-15,"33","14  day ahead inc hosp",2021-05-29,"quantile",0.5,8.07479967192669
"25842",2021-05-15,"33","14  day ahead inc hosp",2021-05-29,"quantile",0.55,9.44266032985507
"25843",2021-05-15,"33","14  day ahead inc hosp",2021-05-29,"quantile",0.6,11.0035210116075
"25844",2021-05-15,"33","14  day ahead inc hosp",2021-05-29,"quantile",0.65,12.8123800424485
"25845",2021-05-15,"33","14  day ahead inc hosp",2021-05-29,"quantile",0.7,14.9509368726878
"25846",2021-05-15,"33","14  day ahead inc hosp",2021-05-29,"quantile",0.75,17.5478613900026
"25847",2021-05-15,"33","14  day ahead inc hosp",2021-05-29,"quantile",0.8,20.8226229538997
"25848",2021-05-15,"33","14  day ahead inc hosp",2021-05-29,"quantile",0.85,25.1955210604594
"25849",2021-05-15,"33","14  day ahead inc hosp",2021-05-29,"quantile",0.9,31.6358438211122
"25850",2021-05-15,"33","14  day ahead inc hosp",2021-05-29,"quantile",0.95,43.3580780830941
"25851",2021-05-15,"33","14  day ahead inc hosp",2021-05-29,"quantile",0.975,55.9305771837102
"25852",2021-05-15,"33","14  day ahead inc hosp",2021-05-29,"quantile",0.99,73.7821933683141
"25853",2021-05-15,"33","15  day ahead inc hosp",2021-05-30,"quantile",0.01,0.0297697366164166
"25854",2021-05-15,"33","15  day ahead inc hosp",2021-05-30,"quantile",0.025,0.143242154341872
"25855",2021-05-15,"33","15  day ahead inc hosp",2021-05-30,"quantile",0.05,0.383737648280184
"25856",2021-05-15,"33","15  day ahead inc hosp",2021-05-30,"quantile",0.1,0.942117702132593
"25857",2021-05-15,"33","15  day ahead inc hosp",2021-05-30,"quantile",0.15,1.56729275680022
"25858",2021-05-15,"33","15  day ahead inc hosp",2021-05-30,"quantile",0.2,2.25290362816218
"25859",2021-05-15,"33","15  day ahead inc hosp",2021-05-30,"quantile",0.25,3.00199162817378
"25860",2021-05-15,"33","15  day ahead inc hosp",2021-05-30,"quantile",0.3,3.82133694162371
"25861",2021-05-15,"33","15  day ahead inc hosp",2021-05-30,"quantile",0.35,4.72056825564267
"25862",2021-05-15,"33","15  day ahead inc hosp",2021-05-30,"quantile",0.4,5.71237691689632
"25863",2021-05-15,"33","15  day ahead inc hosp",2021-05-30,"quantile",0.45,6.81329542412642
"25864",2021-05-15,"33","15  day ahead inc hosp",2021-05-30,"quantile",0.5,8.04504637642332
"25865",2021-05-15,"33","15  day ahead inc hosp",2021-05-30,"quantile",0.55,9.43671266325238
"25866",2021-05-15,"33","15  day ahead inc hosp",2021-05-30,"quantile",0.6,11.0282733099046
"25867",2021-05-15,"33","15  day ahead inc hosp",2021-05-30,"quantile",0.65,12.8766053883786
"25868",2021-05-15,"33","15  day ahead inc hosp",2021-05-30,"quantile",0.7,15.0662906740451
"25869",2021-05-15,"33","15  day ahead inc hosp",2021-05-30,"quantile",0.75,17.7306581244387
"25870",2021-05-15,"33","15  day ahead inc hosp",2021-05-30,"quantile",0.8,21.0973123645016
"25871",2021-05-15,"33","15  day ahead inc hosp",2021-05-30,"quantile",0.85,25.60250178245
"25872",2021-05-15,"33","15  day ahead inc hosp",2021-05-30,"quantile",0.9,32.2532647151896
"25873",2021-05-15,"33","15  day ahead inc hosp",2021-05-30,"quantile",0.95,44.3935381983728
"25874",2021-05-15,"33","15  day ahead inc hosp",2021-05-30,"quantile",0.975,57.4504460543786
"25875",2021-05-15,"33","15  day ahead inc hosp",2021-05-30,"quantile",0.99,76.03507881523
"25876",2021-05-15,"33","16  day ahead inc hosp",2021-05-31,"quantile",0.01,0.0231543875727231
"25877",2021-05-15,"33","16  day ahead inc hosp",2021-05-31,"quantile",0.025,0.124932604362211
"25878",2021-05-15,"33","16  day ahead inc hosp",2021-05-31,"quantile",0.05,0.352174392657527
"25879",2021-05-15,"33","16  day ahead inc hosp",2021-05-31,"quantile",0.1,0.896561114619038
"25880",2021-05-15,"33","16  day ahead inc hosp",2021-05-31,"quantile",0.15,1.51722781068206
"25881",2021-05-15,"33","16  day ahead inc hosp",2021-05-31,"quantile",0.2,2.20481806346239
"25882",2021-05-15,"33","16  day ahead inc hosp",2021-05-31,"quantile",0.25,2.96128698311283
"25883",2021-05-15,"33","16  day ahead inc hosp",2021-05-31,"quantile",0.3,3.79305568304472
"25884",2021-05-15,"33","16  day ahead inc hosp",2021-05-31,"quantile",0.35,4.70979080792603
"25885",2021-05-15,"33","16  day ahead inc hosp",2021-05-31,"quantile",0.4,5.72451338698259
"25886",2021-05-15,"33","16  day ahead inc hosp",2021-05-31,"quantile",0.45,6.85436179685715
"25887",2021-05-15,"33","16  day ahead inc hosp",2021-05-31,"quantile",0.5,8.12198094837373
"25888",2021-05-15,"33","16  day ahead inc hosp",2021-05-31,"quantile",0.55,9.55778856988356
"25889",2021-05-15,"33","16  day ahead inc hosp",2021-05-31,"quantile",0.6,11.2036863658801
"25890",2021-05-15,"33","16  day ahead inc hosp",2021-05-31,"quantile",0.65,13.1193730769384
"25891",2021-05-15,"33","16  day ahead inc hosp",2021-05-31,"quantile",0.7,15.3937239068914
"25892",2021-05-15,"33","16  day ahead inc hosp",2021-05-31,"quantile",0.75,18.1669644443852
"25893",2021-05-15,"33","16  day ahead inc hosp",2021-05-31,"quantile",0.8,21.6786771674835
"25894",2021-05-15,"33","16  day ahead inc hosp",2021-05-31,"quantile",0.85,26.3884722219681
"25895",2021-05-15,"33","16  day ahead inc hosp",2021-05-31,"quantile",0.9,33.3583805192504
"25896",2021-05-15,"33","16  day ahead inc hosp",2021-05-31,"quantile",0.95,46.1196302317891
"25897",2021-05-15,"33","16  day ahead inc hosp",2021-05-31,"quantile",0.975,59.8839787535944
"25898",2021-05-15,"33","16  day ahead inc hosp",2021-05-31,"quantile",0.99,79.525230772327
"25899",2021-05-15,"33","17  day ahead inc hosp",2021-06-01,"quantile",0.01,0.0185107223168451
"25900",2021-05-15,"33","17  day ahead inc hosp",2021-06-01,"quantile",0.025,0.111365062045694
"25901",2021-05-15,"33","17  day ahead inc hosp",2021-06-01,"quantile",0.05,0.328872449387886
"25902",2021-05-15,"33","17  day ahead inc hosp",2021-06-01,"quantile",0.1,0.864841923832793
"25903",2021-05-15,"33","17  day ahead inc hosp",2021-06-01,"quantile",0.15,1.4858183284809
"25904",2021-05-15,"33","17  day ahead inc hosp",2021-06-01,"quantile",0.2,2.17990231365578
"25905",2021-05-15,"33","17  day ahead inc hosp",2021-06-01,"quantile",0.25,2.94815493520502
"25906",2021-05-15,"33","17  day ahead inc hosp",2021-06-01,"quantile",0.3,3.79675098996874
"25907",2021-05-15,"33","17  day ahead inc hosp",2021-06-01,"quantile",0.35,4.73547751926341
"25908",2021-05-15,"33","17  day ahead inc hosp",2021-06-01,"quantile",0.4,5.77775683463203
"25909",2021-05-15,"33","17  day ahead inc hosp",2021-06-01,"quantile",0.45,6.94140447960078
"25910",2021-05-15,"33","17  day ahead inc hosp",2021-06-01,"quantile",0.5,8.2500665640378
"25911",2021-05-15,"33","17  day ahead inc hosp",2021-06-01,"quantile",0.55,9.73559034790311
"25912",2021-05-15,"33","17  day ahead inc hosp",2021-06-01,"quantile",0.6,11.4419215842972
"25913",2021-05-15,"33","17  day ahead inc hosp",2021-06-01,"quantile",0.65,13.4317455696785
"25914",2021-05-15,"33","17  day ahead inc hosp",2021-06-01,"quantile",0.7,15.7984684328248
"25915",2021-05-15,"33","17  day ahead inc hosp",2021-06-01,"quantile",0.75,18.6895779270818
"25916",2021-05-15,"33","17  day ahead inc hosp",2021-06-01,"quantile",0.8,22.3572461222013
"25917",2021-05-15,"33","17  day ahead inc hosp",2021-06-01,"quantile",0.85,27.2855957800332
"25918",2021-05-15,"33","17  day ahead inc hosp",2021-06-01,"quantile",0.9,34.5942542439471
"25919",2021-05-15,"33","17  day ahead inc hosp",2021-06-01,"quantile",0.95,48.0101664725803
"25920",2021-05-15,"33","17  day ahead inc hosp",2021-06-01,"quantile",0.975,62.5161444811859
"25921",2021-05-15,"33","17  day ahead inc hosp",2021-06-01,"quantile",0.99,83.2602695139155
"25922",2021-05-15,"33","18  day ahead inc hosp",2021-06-02,"quantile",0.01,0.0124958717159382
"25923",2021-05-15,"33","18  day ahead inc hosp",2021-06-02,"quantile",0.025,0.0898399377655288
"25924",2021-05-15,"33","18  day ahead inc hosp",2021-06-02,"quantile",0.05,0.285210370766747
"25925",2021-05-15,"33","18  day ahead inc hosp",2021-06-02,"quantile",0.1,0.787854317890911
"25926",2021-05-15,"33","18  day ahead inc hosp",2021-06-02,"quantile",0.15,1.38444851614601
"25927",2021-05-15,"33","18  day ahead inc hosp",2021-06-02,"quantile",0.2,2.06016725686143
"25928",2021-05-15,"33","18  day ahead inc hosp",2021-06-02,"quantile",0.25,2.81482152854226
"25929",2021-05-15,"33","18  day ahead inc hosp",2021-06-02,"quantile",0.3,3.65402735067224
"25930",2021-05-15,"33","18  day ahead inc hosp",2021-06-02,"quantile",0.35,4.58738890999528
"25931",2021-05-15,"33","18  day ahead inc hosp",2021-06-02,"quantile",0.4,5.62840716026348
"25932",2021-05-15,"33","18  day ahead inc hosp",2021-06-02,"quantile",0.45,6.79520605200584
"25933",2021-05-15,"33","18  day ahead inc hosp",2021-06-02,"quantile",0.5,8.11198722367226
"25934",2021-05-15,"33","18  day ahead inc hosp",2021-06-02,"quantile",0.55,9.61146324050029
"25935",2021-05-15,"33","18  day ahead inc hosp",2021-06-02,"quantile",0.6,11.3388784077667
"25936",2021-05-15,"33","18  day ahead inc hosp",2021-06-02,"quantile",0.65,13.3588754881774
"25937",2021-05-15,"33","18  day ahead inc hosp",2021-06-02,"quantile",0.7,15.7678989807429
"25938",2021-05-15,"33","18  day ahead inc hosp",2021-06-02,"quantile",0.75,18.7183989535668
"25939",2021-05-15,"33","18  day ahead inc hosp",2021-06-02,"quantile",0.8,22.4712989614642
"25940",2021-05-15,"33","18  day ahead inc hosp",2021-06-02,"quantile",0.85,27.5280568892877
"25941",2021-05-15,"33","18  day ahead inc hosp",2021-06-02,"quantile",0.9,35.0498087252118
"25942",2021-05-15,"33","18  day ahead inc hosp",2021-06-02,"quantile",0.95,48.9079375956335
"25943",2021-05-15,"33","18  day ahead inc hosp",2021-06-02,"quantile",0.975,63.9447692545955
"25944",2021-05-15,"33","18  day ahead inc hosp",2021-06-02,"quantile",0.99,85.5143208849473
"25945",2021-05-15,"33","19  day ahead inc hosp",2021-06-03,"quantile",0.01,0.0089627505715963
"25946",2021-05-15,"33","19  day ahead inc hosp",2021-06-03,"quantile",0.025,0.0759970161525752
"25947",2021-05-15,"33","19  day ahead inc hosp",2021-06-03,"quantile",0.05,0.256977806531272
"25948",2021-05-15,"33","19  day ahead inc hosp",2021-06-03,"quantile",0.1,0.74011107666581
"25949",2021-05-15,"33","19  day ahead inc hosp",2021-06-03,"quantile",0.15,1.32526411959338
"25950",2021-05-15,"33","19  day ahead inc hosp",2021-06-03,"quantile",0.2,1.99534389080131
"25951",2021-05-15,"33","19  day ahead inc hosp",2021-06-03,"quantile",0.25,2.74924617568793
"25952",2021-05-15,"33","19  day ahead inc hosp",2021-06-03,"quantile",0.3,3.59225894118478
"25953",2021-05-15,"33","19  day ahead inc hosp",2021-06-03,"quantile",0.35,4.53399950247309
"25954",2021-05-15,"33","19  day ahead inc hosp",2021-06-03,"quantile",0.4,5.58824087917652
"25955",2021-05-15,"33","19  day ahead inc hosp",2021-06-03,"quantile",0.45,6.77362773294616
"25956",2021-05-15,"33","19  day ahead inc hosp",2021-06-03,"quantile",0.5,8.11516869183254
"25957",2021-05-15,"33","19  day ahead inc hosp",2021-06-03,"quantile",0.55,9.64675726105198
"25958",2021-05-15,"33","19  day ahead inc hosp",2021-06-03,"quantile",0.6,11.415352504284
"25959",2021-05-15,"33","19  day ahead inc hosp",2021-06-03,"quantile",0.65,13.4881302441135
"25960",2021-05-15,"33","19  day ahead inc hosp",2021-06-03,"quantile",0.7,15.9654117398054
"25961",2021-05-15,"33","19  day ahead inc hosp",2021-06-03,"quantile",0.75,19.0059090700171
"25962",2021-05-15,"33","19  day ahead inc hosp",2021-06-03,"quantile",0.8,22.8814829968963
"25963",2021-05-15,"33","19  day ahead inc hosp",2021-06-03,"quantile",0.85,28.1150533987567
"25964",2021-05-15,"33","19  day ahead inc hosp",2021-06-03,"quantile",0.9,35.9186311304293
"25965",2021-05-15,"33","19  day ahead inc hosp",2021-06-03,"quantile",0.95,50.3384453315378
"25966",2021-05-15,"33","19  day ahead inc hosp",2021-06-03,"quantile",0.975,66.0285726045103
"25967",2021-05-15,"33","19  day ahead inc hosp",2021-06-03,"quantile",0.99,88.5904021974311
"25968",2021-05-15,"33","20  day ahead inc hosp",2021-06-04,"quantile",0.01,0.00610381729943235
"25969",2021-05-15,"33","20  day ahead inc hosp",2021-06-04,"quantile",0.025,0.0630095462195124
"25970",2021-05-15,"33","20  day ahead inc hosp",2021-06-04,"quantile",0.05,0.228677384948263
"25971",2021-05-15,"33","20  day ahead inc hosp",2021-06-04,"quantile",0.1,0.689260592235286
"25972",2021-05-15,"33","20  day ahead inc hosp",2021-06-04,"quantile",0.15,1.25939838722629
"25973",2021-05-15,"33","20  day ahead inc hosp",2021-06-04,"quantile",0.2,1.91998726866784
"25974",2021-05-15,"33","20  day ahead inc hosp",2021-06-04,"quantile",0.25,2.66905974830319
"25975",2021-05-15,"33","20  day ahead inc hosp",2021-06-04,"quantile",0.3,3.51157624642345
"25976",2021-05-15,"33","20  day ahead inc hosp",2021-06-04,"quantile",0.35,4.45714644306517
"25977",2021-05-15,"33","20  day ahead inc hosp",2021-06-04,"quantile",0.4,5.51978104463743
"25978",2021-05-15,"33","20  day ahead inc hosp",2021-06-04,"quantile",0.45,6.71859840343333
"25979",2021-05-15,"33","20  day ahead inc hosp",2021-06-04,"quantile",0.5,8.07935227167457
"25980",2021-05-15,"33","20  day ahead inc hosp",2021-06-04,"quantile",0.55,9.63703549361787
"25981",2021-05-15,"33","20  day ahead inc hosp",2021-06-04,"quantile",0.6,11.4402120993965
"25982",2021-05-15,"33","20  day ahead inc hosp",2021-06-04,"quantile",0.65,13.5584386043764
"25983",2021-05-15,"33","20  day ahead inc hosp",2021-06-04,"quantile",0.7,16.0956925881923
"25984",2021-05-15,"33","20  day ahead inc hosp",2021-06-04,"quantile",0.75,19.216611121062
"25985",2021-05-15,"33","20  day ahead inc hosp",2021-06-04,"quantile",0.8,23.2034365952999
"25986",2021-05-15,"33","20  day ahead inc hosp",2021-06-04,"quantile",0.85,28.5995293964687
"25987",2021-05-15,"33","20  day ahead inc hosp",2021-06-04,"quantile",0.9,36.6655390651681
"25988",2021-05-15,"33","20  day ahead inc hosp",2021-06-04,"quantile",0.95,51.6156726562702
"25989",2021-05-15,"33","20  day ahead inc hosp",2021-06-04,"quantile",0.975,67.9297442226693
"25990",2021-05-15,"33","20  day ahead inc hosp",2021-06-04,"quantile",0.99,91.4478556361196
"25991",2021-05-15,"33","21  day ahead inc hosp",2021-06-05,"quantile",0.01,0.00397723843939939
"25992",2021-05-15,"33","21  day ahead inc hosp",2021-06-05,"quantile",0.025,0.0516392350999892
"25993",2021-05-15,"33","21  day ahead inc hosp",2021-06-05,"quantile",0.05,0.202359275483777
"25994",2021-05-15,"33","21  day ahead inc hosp",2021-06-05,"quantile",0.1,0.639859367426318
"25995",2021-05-15,"33","21  day ahead inc hosp",2021-06-05,"quantile",0.15,1.19384288306138
"25996",2021-05-15,"33","21  day ahead inc hosp",2021-06-05,"quantile",0.2,1.8435149564259
"25997",2021-05-15,"33","21  day ahead inc hosp",2021-06-05,"quantile",0.25,2.58614109061254
"25998",2021-05-15,"33","21  day ahead inc hosp",2021-06-05,"quantile",0.3,3.42638980747974
"25999",2021-05-15,"33","21  day ahead inc hosp",2021-06-05,"quantile",0.35,4.37387454312428
"26000",2021-05-15,"33","21  day ahead inc hosp",2021-06-05,"quantile",0.4,5.44284232109625
"26001",2021-05-15,"33","21  day ahead inc hosp",2021-06-05,"quantile",0.45,6.65287510139032
"26002",2021-05-15,"33","21  day ahead inc hosp",2021-06-05,"quantile",0.5,8.03045400225513
"26003",2021-05-15,"33","21  day ahead inc hosp",2021-06-05,"quantile",0.55,9.61164508794974
"26004",2021-05-15,"33","21  day ahead inc hosp",2021-06-05,"quantile",0.6,11.4465806461535
"26005",2021-05-15,"33","21  day ahead inc hosp",2021-06-05,"quantile",0.65,13.6071463034618
"26006",2021-05-15,"33","21  day ahead inc hosp",2021-06-05,"quantile",0.7,16.2009017455918
"26007",2021-05-15,"33","21  day ahead inc hosp",2021-06-05,"quantile",0.75,19.3982976154623
"26008",2021-05-15,"33","21  day ahead inc hosp",2021-06-05,"quantile",0.8,23.4917796060245
"26009",2021-05-15,"33","21  day ahead inc hosp",2021-06-05,"quantile",0.85,29.0448345494381
"26010",2021-05-15,"33","21  day ahead inc hosp",2021-06-05,"quantile",0.9,37.366106138333
"26011",2021-05-15,"33","21  day ahead inc hosp",2021-06-05,"quantile",0.95,52.8360139146558
"26012",2021-05-15,"33","21  day ahead inc hosp",2021-06-05,"quantile",0.975,69.7655310342449
"26013",2021-05-15,"33","21  day ahead inc hosp",2021-06-05,"quantile",0.99,94.2316737856237
"26014",2021-05-15,"33","22  day ahead inc hosp",2021-06-06,"quantile",0.01,0.00262970097613908
"26015",2021-05-15,"33","22  day ahead inc hosp",2021-06-06,"quantile",0.025,0.0432447287962222
"26016",2021-05-15,"33","22  day ahead inc hosp",2021-06-06,"quantile",0.05,0.182337278948055
"26017",2021-05-15,"33","22  day ahead inc hosp",2021-06-06,"quantile",0.1,0.60268835365485
"26018",2021-05-15,"33","22  day ahead inc hosp",2021-06-06,"quantile",0.15,1.14610879922449
"26019",2021-05-15,"33","22  day ahead inc hosp",2021-06-06,"quantile",0.2,1.79040487167018
"26020",2021-05-15,"33","22  day ahead inc hosp",2021-06-06,"quantile",0.25,2.53222419710339
"26021",2021-05-15,"33","22  day ahead inc hosp",2021-06-06,"quantile",0.3,3.37604786771973
"26022",2021-05-15,"33","22  day ahead inc hosp",2021-06-06,"quantile",0.35,4.33158399124883
"26023",2021-05-15,"33","22  day ahead inc hosp",2021-06-06,"quantile",0.4,5.41340785778421
"26024",2021-05-15,"33","22  day ahead inc hosp",2021-06-06,"quantile",0.45,6.64166805835825
"26025",2021-05-15,"33","22  day ahead inc hosp",2021-06-06,"quantile",0.5,8.04369706079016
"26026",2021-05-15,"33","22  day ahead inc hosp",2021-06-06,"quantile",0.55,9.6567916621814
"26027",2021-05-15,"33","22  day ahead inc hosp",2021-06-06,"quantile",0.6,11.5328620573554
"26028",2021-05-15,"33","22  day ahead inc hosp",2021-06-06,"quantile",0.65,13.7464151351615
"26029",2021-05-15,"33","22  day ahead inc hosp",2021-06-06,"quantile",0.7,16.4090210694345
"26030",2021-05-15,"33","22  day ahead inc hosp",2021-06-06,"quantile",0.75,19.6976123675697
"26031",2021-05-15,"33","22  day ahead inc hosp",2021-06-06,"quantile",0.8,23.9159691777443
"26032",2021-05-15,"33","22  day ahead inc hosp",2021-06-06,"quantile",0.85,29.649855789139
"26033",2021-05-15,"33","22  day ahead inc hosp",2021-06-06,"quantile",0.9,38.2608339781349
"26034",2021-05-15,"33","22  day ahead inc hosp",2021-06-06,"quantile",0.95,54.3117133994
"26035",2021-05-15,"33","22  day ahead inc hosp",2021-06-06,"quantile",0.975,71.9208748814344
"26036",2021-05-15,"33","22  day ahead inc hosp",2021-06-06,"quantile",0.99,97.4245321032306
"26037",2021-05-15,"33","23  day ahead inc hosp",2021-06-07,"quantile",0.01,0.0017787875060151
"26038",2021-05-15,"33","23  day ahead inc hosp",2021-06-07,"quantile",0.025,0.0370945297810181
"26039",2021-05-15,"33","23  day ahead inc hosp",2021-06-07,"quantile",0.05,0.167436318845426
"26040",2021-05-15,"33","23  day ahead inc hosp",2021-06-07,"quantile",0.1,0.576090784423466
"26041",2021-05-15,"33","23  day ahead inc hosp",2021-06-07,"quantile",0.15,1.11428346374911
"26042",2021-05-15,"33","23  day ahead inc hosp",2021-06-07,"quantile",0.2,1.75860620001968
"26043",2021-05-15,"33","23  day ahead inc hosp",2021-06-07,"quantile",0.25,2.50519941367448
"26044",2021-05-15,"33","23  day ahead inc hosp",2021-06-07,"quantile",0.3,3.35844394474479
"26045",2021-05-15,"33","23  day ahead inc hosp",2021-06-07,"quantile",0.35,4.32822536530755
"26046",2021-05-15,"33","23  day ahead inc hosp",2021-06-07,"quantile",0.4,5.42953610419553
"26047",2021-05-15,"33","23  day ahead inc hosp",2021-06-07,"quantile",0.45,6.68319479134133
"26048",2021-05-15,"33","23  day ahead inc hosp",2021-06-07,"quantile",0.5,8.11751258490199
"26049",2021-05-15,"33","23  day ahead inc hosp",2021-06-07,"quantile",0.55,9.77118103364281
"26050",2021-05-15,"33","23  day ahead inc hosp",2021-06-07,"quantile",0.6,11.6981083455365
"26051",2021-05-15,"33","23  day ahead inc hosp",2021-06-07,"quantile",0.65,13.9757309009939
"26052",2021-05-15,"33","23  day ahead inc hosp",2021-06-07,"quantile",0.7,16.7200826579277
"26053",2021-05-15,"33","23  day ahead inc hosp",2021-06-07,"quantile",0.75,20.1152864303645
"26054",2021-05-15,"33","23  day ahead inc hosp",2021-06-07,"quantile",0.8,24.4776573134947
"26055",2021-05-15,"33","23  day ahead inc hosp",2021-06-07,"quantile",0.85,30.417521682055
"26056",2021-05-15,"33","23  day ahead inc hosp",2021-06-07,"quantile",0.9,39.3545922218042
"26057",2021-05-15,"33","23  day ahead inc hosp",2021-06-07,"quantile",0.95,56.0512699577063
"26058",2021-05-15,"33","23  day ahead inc hosp",2021-06-07,"quantile",0.975,74.40822315364
"26059",2021-05-15,"33","23  day ahead inc hosp",2021-06-07,"quantile",0.99,101.044501024283
"26060",2021-05-15,"33","24  day ahead inc hosp",2021-06-08,"quantile",0.01,0.00103168020138402
"26061",2021-05-15,"33","24  day ahead inc hosp",2021-06-08,"quantile",0.025,0.0301147162323684
"26062",2021-05-15,"33","24  day ahead inc hosp",2021-06-08,"quantile",0.05,0.148447234110198
"26063",2021-05-15,"33","24  day ahead inc hosp",2021-06-08,"quantile",0.1,0.537093045441756
"26064",2021-05-15,"33","24  day ahead inc hosp",2021-06-08,"quantile",0.15,1.06082989452573
"26065",2021-05-15,"33","24  day ahead inc hosp",2021-06-08,"quantile",0.2,1.69536140020476
"26066",2021-05-15,"33","24  day ahead inc hosp",2021-06-08,"quantile",0.25,2.43635041493397
"26067",2021-05-15,"33","24  day ahead inc hosp",2021-06-08,"quantile",0.3,3.2880296746721
"26068",2021-05-15,"33","24  day ahead inc hosp",2021-06-08,"quantile",0.35,4.26037705592017
"26069",2021-05-15,"33","24  day ahead inc hosp",2021-06-08,"quantile",0.4,5.36868690248965
"26070",2021-05-15,"33","24  day ahead inc hosp",2021-06-08,"quantile",0.45,6.63429919374555
"26071",2021-05-15,"33","24  day ahead inc hosp",2021-06-08,"quantile",0.5,8.08631174666096
"26072",2021-05-15,"33","24  day ahead inc hosp",2021-06-08,"quantile",0.55,9.76455843275335
"26073",2021-05-15,"33","24  day ahead inc hosp",2021-06-08,"quantile",0.6,11.7246046427507
"26074",2021-05-15,"33","24  day ahead inc hosp",2021-06-08,"quantile",0.65,14.0463398266256
"26075",2021-05-15,"33","24  day ahead inc hosp",2021-06-08,"quantile",0.7,16.8495657488014
"26076",2021-05-15,"33","24  day ahead inc hosp",2021-06-08,"quantile",0.75,20.3245187997544
"26077",2021-05-15,"33","24  day ahead inc hosp",2021-06-08,"quantile",0.8,24.7982484007104
"26078",2021-05-15,"33","24  day ahead inc hosp",2021-06-08,"quantile",0.85,30.9022729613922
"26079",2021-05-15,"33","24  day ahead inc hosp",2021-06-08,"quantile",0.9,40.106902985916
"26080",2021-05-15,"33","24  day ahead inc hosp",2021-06-08,"quantile",0.95,57.3500819080995
"26081",2021-05-15,"33","24  day ahead inc hosp",2021-06-08,"quantile",0.975,76.3561913990948
"26082",2021-05-15,"33","24  day ahead inc hosp",2021-06-08,"quantile",0.99,103.995415183176
"26083",2021-05-15,"33","25  day ahead inc hosp",2021-06-09,"quantile",0.01,0.000512455355292443
"26084",2021-05-15,"33","25  day ahead inc hosp",2021-06-09,"quantile",0.025,0.023519858562386
"26085",2021-05-15,"33","25  day ahead inc hosp",2021-06-09,"quantile",0.05,0.128757611522522
"26086",2021-05-15,"33","25  day ahead inc hosp",2021-06-09,"quantile",0.1,0.493502189432857
"26087",2021-05-15,"33","25  day ahead inc hosp",2021-06-09,"quantile",0.15,0.997960715628187
"26088",2021-05-15,"33","25  day ahead inc hosp",2021-06-09,"quantile",0.2,1.61733544919958
"26089",2021-05-15,"33","25  day ahead inc hosp",2021-06-09,"quantile",0.25,2.34690391225227
"26090",2021-05-15,"33","25  day ahead inc hosp",2021-06-09,"quantile",0.3,3.19075936758361
"26091",2021-05-15,"33","25  day ahead inc hosp",2021-06-09,"quantile",0.35,4.1589426099407
"26092",2021-05-15,"33","25  day ahead inc hosp",2021-06-09,"quantile",0.4,5.26699476674872
"26093",2021-05-15,"33","25  day ahead inc hosp",2021-06-09,"quantile",0.45,6.53669780440068
"26094",2021-05-15,"33","25  day ahead inc hosp",2021-06-09,"quantile",0.5,7.99782854093394
"26095",2021-05-15,"33","25  day ahead inc hosp",2021-06-09,"quantile",0.55,9.69121813593578
"26096",2021-05-15,"33","25  day ahead inc hosp",2021-06-09,"quantile",0.6,11.6738908473695
"26097",2021-05-15,"33","25  day ahead inc hosp",2021-06-09,"quantile",0.65,14.0279102412183
"26098",2021-05-15,"33","25  day ahead inc hosp",2021-06-09,"quantile",0.7,16.8764373131955
"26099",2021-05-15,"33","25  day ahead inc hosp",2021-06-09,"quantile",0.75,20.4151897023249
"26100",2021-05-15,"33","25  day ahead inc hosp",2021-06-09,"quantile",0.8,24.9808949606573
"26101",2021-05-15,"33","25  day ahead inc hosp",2021-06-09,"quantile",0.85,31.2242916182117
"26102",2021-05-15,"33","25  day ahead inc hosp",2021-06-09,"quantile",0.9,40.6618856634818
"26103",2021-05-15,"33","25  day ahead inc hosp",2021-06-09,"quantile",0.95,58.3932357320868
"26104",2021-05-15,"33","25  day ahead inc hosp",2021-06-09,"quantile",0.975,77.9910874732894
"26105",2021-05-15,"33","25  day ahead inc hosp",2021-06-09,"quantile",0.99,106.558658403162
"26106",2021-05-15,"33","26  day ahead inc hosp",2021-06-10,"quantile",0.01,0.000276275846036564
"26107",2021-05-15,"33","26  day ahead inc hosp",2021-06-10,"quantile",0.025,0.0195282477811705
"26108",2021-05-15,"33","26  day ahead inc hosp",2021-06-10,"quantile",0.05,0.116677194853349
"26109",2021-05-15,"33","26  day ahead inc hosp",2021-06-10,"quantile",0.1,0.468408815555292
"26110",2021-05-15,"33","26  day ahead inc hosp",2021-06-10,"quantile",0.15,0.964985253281166
"26111",2021-05-15,"33","26  day ahead inc hosp",2021-06-10,"quantile",0.2,1.58109302150489
"26112",2021-05-15,"33","26  day ahead inc hosp",2021-06-10,"quantile",0.25,2.31172303465512
"26113",2021-05-15,"33","26  day ahead inc hosp",2021-06-10,"quantile",0.3,3.16095416313106
"26114",2021-05-15,"33","26  day ahead inc hosp",2021-06-10,"quantile",0.35,4.1390363085661
"26115",2021-05-15,"33","26  day ahead inc hosp",2021-06-10,"quantile",0.4,5.26193142314578
"26116",2021-05-15,"33","26  day ahead inc hosp",2021-06-10,"quantile",0.45,6.55207701847208
"26117",2021-05-15,"33","26  day ahead inc hosp",2021-06-10,"quantile",0.5,8.04019916052785
"26118",2021-05-15,"33","26  day ahead inc hosp",2021-06-10,"quantile",0.55,9.76847912875684
"26119",2021-05-15,"33","26  day ahead inc hosp",2021-06-10,"quantile",0.6,11.7958764232621
"26120",2021-05-15,"33","26  day ahead inc hosp",2021-06-10,"quantile",0.65,14.2072970814789
"26121",2021-05-15,"33","26  day ahead inc hosp",2021-06-10,"quantile",0.7,17.1302436321006
"26122",2021-05-15,"33","26  day ahead inc hosp",2021-06-10,"quantile",0.75,20.7674467146695
"26123",2021-05-15,"33","26  day ahead inc hosp",2021-06-10,"quantile",0.8,25.4678985881465
"26124",2021-05-15,"33","26  day ahead inc hosp",2021-06-10,"quantile",0.85,31.9064573369383
"26125",2021-05-15,"33","26  day ahead inc hosp",2021-06-10,"quantile",0.9,41.6569767098577
"26126",2021-05-15,"33","26  day ahead inc hosp",2021-06-10,"quantile",0.95,60.0169571861474
"26127",2021-05-15,"33","26  day ahead inc hosp",2021-06-10,"quantile",0.975,80.3518276337848
"26128",2021-05-15,"33","26  day ahead inc hosp",2021-06-10,"quantile",0.99,110.04711389954
"26129",2021-05-15,"33","27  day ahead inc hosp",2021-06-11,"quantile",0.01,0.000124868711623637
"26130",2021-05-15,"33","27  day ahead inc hosp",2021-06-11,"quantile",0.025,0.0157560992866521
"26131",2021-05-15,"33","27  day ahead inc hosp",2021-06-11,"quantile",0.05,0.104150803387537
"26132",2021-05-15,"33","27  day ahead inc hosp",2021-06-11,"quantile",0.1,0.440287021776958
"26133",2021-05-15,"33","27  day ahead inc hosp",2021-06-11,"quantile",0.15,0.925714548868441
"26134",2021-05-15,"33","27  day ahead inc hosp",2021-06-11,"quantile",0.2,1.53489821451931
"26135",2021-05-15,"33","27  day ahead inc hosp",2021-06-11,"quantile",0.25,2.26261810645008
"26136",2021-05-15,"33","27  day ahead inc hosp",2021-06-11,"quantile",0.3,3.11295172147397
"26137",2021-05-15,"33","27  day ahead inc hosp",2021-06-11,"quantile",0.35,4.09634302128443
"26138",2021-05-15,"33","27  day ahead inc hosp",2021-06-11,"quantile",0.4,5.22914149458488
"26139",2021-05-15,"33","27  day ahead inc hosp",2021-06-11,"quantile",0.45,6.53439049351864
"26140",2021-05-15,"33","27  day ahead inc hosp",2021-06-11,"quantile",0.5,8.04369705674656
"26141",2021-05-15,"33","27  day ahead inc hosp",2021-06-11,"quantile",0.55,9.80050022699275
"26142",2021-05-15,"33","27  day ahead inc hosp",2021-06-11,"quantile",0.6,11.8655684262063
"26143",2021-05-15,"33","27  day ahead inc hosp",2021-06-11,"quantile",0.65,14.3264727967442
"26144",2021-05-15,"33","27  day ahead inc hosp",2021-06-11,"quantile",0.7,17.3147984289527
"26145",2021-05-15,"33","27  day ahead inc hosp",2021-06-11,"quantile",0.75,21.0398898569245
"26146",2021-05-15,"33","27  day ahead inc hosp",2021-06-11,"quantile",0.8,25.8623409642934
"26147",2021-05-15,"33","27  day ahead inc hosp",2021-06-11,"quantile",0.85,32.4798998014982
"26148",2021-05-15,"33","27  day ahead inc hosp",2021-06-11,"quantile",0.9,42.5210476407808
"26149",2021-05-15,"33","27  day ahead inc hosp",2021-06-11,"quantile",0.95,61.4727406079641
"26150",2021-05-15,"33","27  day ahead inc hosp",2021-06-11,"quantile",0.975,82.5091132223916
"26151",2021-05-15,"33","27  day ahead inc hosp",2021-06-11,"quantile",0.99,113.287186862434
"26152",2021-05-15,"33","28  day ahead inc hosp",2021-06-12,"quantile",0.01,4.21916588584894e-05
"26153",2021-05-15,"33","28  day ahead inc hosp",2021-06-12,"quantile",0.025,0.0122682274506562
"26154",2021-05-15,"33","28  day ahead inc hosp",2021-06-12,"quantile",0.05,0.0913251987994377
"26155",2021-05-15,"33","28  day ahead inc hosp",2021-06-12,"quantile",0.1,0.409233160289049
"26156",2021-05-15,"33","28  day ahead inc hosp",2021-06-12,"quantile",0.15,0.880038162112204
"26157",2021-05-15,"33","28  day ahead inc hosp",2021-06-12,"quantile",0.2,1.4783344032718
"26158",2021-05-15,"33","28  day ahead inc hosp",2021-06-12,"quantile",0.25,2.19878702126256
"26159",2021-05-15,"33","28  day ahead inc hosp",2021-06-12,"quantile",0.3,3.04549204364005
"26160",2021-05-15,"33","28  day ahead inc hosp",2021-06-12,"quantile",0.35,4.02907273389821
"26161",2021-05-15,"33","28  day ahead inc hosp",2021-06-12,"quantile",0.4,5.16622870091338
"26162",2021-05-15,"33","28  day ahead inc hosp",2021-06-12,"quantile",0.45,6.48055143719023
"26163",2021-05-15,"33","28  day ahead inc hosp",2021-06-12,"quantile",0.5,8.00444848420198
"26164",2021-05-15,"33","28  day ahead inc hosp",2021-06-12,"quantile",0.55,9.7825068050019
"26165",2021-05-15,"33","28  day ahead inc hosp",2021-06-12,"quantile",0.6,11.8771525656599
"26166",2021-05-15,"33","28  day ahead inc hosp",2021-06-12,"quantile",0.65,14.3784087162235
"26167",2021-05-15,"33","28  day ahead inc hosp",2021-06-12,"quantile",0.7,17.4216301726139
"26168",2021-05-15,"33","28  day ahead inc hosp",2021-06-12,"quantile",0.75,21.2222914711508
"26169",2021-05-15,"33","28  day ahead inc hosp",2021-06-12,"quantile",0.8,26.151780793451
"26170",2021-05-15,"33","28  day ahead inc hosp",2021-06-12,"quantile",0.85,32.9292318694647
"26171",2021-05-15,"33","28  day ahead inc hosp",2021-06-12,"quantile",0.9,43.2344052167385
"26172",2021-05-15,"33","28  day ahead inc hosp",2021-06-12,"quantile",0.95,62.733171800696
"26173",2021-05-15,"33","28  day ahead inc hosp",2021-06-12,"quantile",0.975,84.4274165918071
"26174",2021-05-15,"33","28  day ahead inc hosp",2021-06-12,"quantile",0.99,116.232100128483
"26175",2021-05-15,"33","29  day ahead inc hosp",2021-06-13,"quantile",0.01,1.36287018982594e-05
"26176",2021-05-15,"33","29  day ahead inc hosp",2021-06-13,"quantile",0.025,0.0101084700183586
"26177",2021-05-15,"33","29  day ahead inc hosp",2021-06-13,"quantile",0.05,0.0834874726927697
"26178",2021-05-15,"33","29  day ahead inc hosp",2021-06-13,"quantile",0.1,0.392863528955819
"26179",2021-05-15,"33","29  day ahead inc hosp",2021-06-13,"quantile",0.15,0.860672321258674
"26180",2021-05-15,"33","29  day ahead inc hosp",2021-06-13,"quantile",0.2,1.46130772347204
"26181",2021-05-15,"33","29  day ahead inc hosp",2021-06-13,"quantile",0.25,2.18930510274231
"26182",2021-05-15,"33","29  day ahead inc hosp",2021-06-13,"quantile",0.3,3.04888558712046
"26183",2021-05-15,"33","29  day ahead inc hosp",2021-06-13,"quantile",0.35,4.05103994893616
"26184",2021-05-15,"33","29  day ahead inc hosp",2021-06-13,"quantile",0.4,5.2130847919624
"26185",2021-05-15,"33","29  day ahead inc hosp",2021-06-13,"quantile",0.45,6.55951929058565
"26186",2021-05-15,"33","29  day ahead inc hosp",2021-06-13,"quantile",0.5,8.12403246352493
"26187",2021-05-15,"33","29  day ahead inc hosp",2021-06-13,"quantile",0.55,9.95300998475285
"26188",2021-05-15,"33","29  day ahead inc hosp",2021-06-13,"quantile",0.6,12.1114364665513
"26189",2021-05-15,"33","29  day ahead inc hosp",2021-06-13,"quantile",0.65,14.6930741684084
"26190",2021-05-15,"33","29  day ahead inc hosp",2021-06-13,"quantile",0.7,17.8389694918182
"26191",2021-05-15,"33","29  day ahead inc hosp",2021-06-13,"quantile",0.75,21.7737656308266
"26192",2021-05-15,"33","29  day ahead inc hosp",2021-06-13,"quantile",0.8,26.8848476696533
"26193",2021-05-15,"33","29  day ahead inc hosp",2021-06-13,"quantile",0.85,33.9227375014121
"26194",2021-05-15,"33","29  day ahead inc hosp",2021-06-13,"quantile",0.9,44.6416462543349
"26195",2021-05-15,"33","29  day ahead inc hosp",2021-06-13,"quantile",0.95,64.963663111548
"26196",2021-05-15,"33","29  day ahead inc hosp",2021-06-13,"quantile",0.975,87.6158208559752
"26197",2021-05-15,"33","29  day ahead inc hosp",2021-06-13,"quantile",0.99,120.877994318158
"26198",2021-05-15,"33","30  day ahead inc hosp",2021-06-14,"quantile",0.01,1.79522078978636e-06
"26199",2021-05-15,"33","30  day ahead inc hosp",2021-06-14,"quantile",0.025,0.00774145682303962
"26200",2021-05-15,"33","30  day ahead inc hosp",2021-06-14,"quantile",0.05,0.0732595162010505
"26201",2021-05-15,"33","30  day ahead inc hosp",2021-06-14,"quantile",0.1,0.366532730248206
"26202",2021-05-15,"33","30  day ahead inc hosp",2021-06-14,"quantile",0.15,0.821543369763572
"26203",2021-05-15,"33","30  day ahead inc hosp",2021-06-14,"quantile",0.2,1.41314581947135
"26204",2021-05-15,"33","30  day ahead inc hosp",2021-06-14,"quantile",0.25,2.1359008102269
"26205",2021-05-15,"33","30  day ahead inc hosp",2021-06-14,"quantile",0.3,2.9941382201269
"26206",2021-05-15,"33","30  day ahead inc hosp",2021-06-14,"quantile",0.35,3.99910648250743
"26207",2021-05-15,"33","30  day ahead inc hosp",2021-06-14,"quantile",0.4,5.1685548527764
"26208",2021-05-15,"33","30  day ahead inc hosp",2021-06-14,"quantile",0.45,6.52762792563898
"26209",2021-05-15,"33","30  day ahead inc hosp",2021-06-14,"quantile",0.5,8.11093790140388
"26210",2021-05-15,"33","30  day ahead inc hosp",2021-06-14,"quantile",0.55,9.96618055807358
"26211",2021-05-15,"33","30  day ahead inc hosp",2021-06-14,"quantile",0.6,12.160221545758
"26212",2021-05-15,"33","30  day ahead inc hosp",2021-06-14,"quantile",0.65,14.7895955061036
"26213",2021-05-15,"33","30  day ahead inc hosp",2021-06-14,"quantile",0.7,17.9996018917165
"26214",2021-05-15,"33","30  day ahead inc hosp",2021-06-14,"quantile",0.75,22.0217884403102
"26215",2021-05-15,"33","30  day ahead inc hosp",2021-06-14,"quantile",0.8,27.2556828141509
"26216",2021-05-15,"33","30  day ahead inc hosp",2021-06-14,"quantile",0.85,34.475836497976
"26217",2021-05-15,"33","30  day ahead inc hosp",2021-06-14,"quantile",0.9,45.494014577082
"26218",2021-05-15,"33","30  day ahead inc hosp",2021-06-14,"quantile",0.95,66.4328528655375
"26219",2021-05-15,"33","30  day ahead inc hosp",2021-06-14,"quantile",0.975,89.8239377146733
"26220",2021-05-15,"33","30  day ahead inc hosp",2021-06-14,"quantile",0.99,124.236259554985
"26221",2021-05-15,"33","31  day ahead inc hosp",2021-06-15,"quantile",0.01,2.37919180875962e-08
"26222",2021-05-15,"33","31  day ahead inc hosp",2021-06-15,"quantile",0.025,0.00581356311469214
"26223",2021-05-15,"33","31  day ahead inc hosp",2021-06-15,"quantile",0.05,0.0639789232246261
"26224",2021-05-15,"33","31  day ahead inc hosp",2021-06-15,"quantile",0.1,0.341454901700667
"26225",2021-05-15,"33","31  day ahead inc hosp",2021-06-15,"quantile",0.15,0.783571993540783
"26226",2021-05-15,"33","31  day ahead inc hosp",2021-06-15,"quantile",0.2,1.36587125793799
"26227",2021-05-15,"33","31  day ahead inc hosp",2021-06-15,"quantile",0.25,2.08302429940056
"26228",2021-05-15,"33","31  day ahead inc hosp",2021-06-15,"quantile",0.3,2.9395122677172
"26229",2021-05-15,"33","31  day ahead inc hosp",2021-06-15,"quantile",0.35,3.94686716348665
"26230",2021-05-15,"33","31  day ahead inc hosp",2021-06-15,"quantile",0.4,5.1232899410572
"26231",2021-05-15,"33","31  day ahead inc hosp",2021-06-15,"quantile",0.45,6.49458747759253
"26232",2021-05-15,"33","31  day ahead inc hosp",2021-06-15,"quantile",0.5,8.0963128443969
"26233",2021-05-15,"33","31  day ahead inc hosp",2021-06-15,"quantile",0.55,9.97749321086559
"26234",2021-05-15,"33","31  day ahead inc hosp",2021-06-15,"quantile",0.6,12.2069036637555
"26235",2021-05-15,"33","31  day ahead inc hosp",2021-06-15,"quantile",0.65,14.8838922574438
"26236",2021-05-15,"33","31  day ahead inc hosp",2021-06-15,"quantile",0.7,18.1580750937139
"26237",2021-05-15,"33","31  day ahead inc hosp",2021-06-15,"quantile",0.75,22.2680105745625
"26238",2021-05-15,"33","31  day ahead inc hosp",2021-06-15,"quantile",0.8,27.6255627455101
"26239",2021-05-15,"33","31  day ahead inc hosp",2021-06-15,"quantile",0.85,35.0297139151889
"26240",2021-05-15,"33","31  day ahead inc hosp",2021-06-15,"quantile",0.9,46.350796118558
"26241",2021-05-15,"33","31  day ahead inc hosp",2021-06-15,"quantile",0.95,67.9157618362051
"26242",2021-05-15,"33","31  day ahead inc hosp",2021-06-15,"quantile",0.975,92.0588083255298
"26243",2021-05-15,"33","31  day ahead inc hosp",2021-06-15,"quantile",0.99,127.643976843356
"26244",2021-05-15,"33","32  day ahead inc hosp",2021-06-16,"quantile",0.01,0
"26245",2021-05-15,"33","32  day ahead inc hosp",2021-06-16,"quantile",0.025,0.00440860724670477
"26246",2021-05-15,"33","32  day ahead inc hosp",2021-06-16,"quantile",0.05,0.0565290699069864
"26247",2021-05-15,"33","32  day ahead inc hosp",2021-06-16,"quantile",0.1,0.320982055285365
"26248",2021-05-15,"33","32  day ahead inc hosp",2021-06-16,"quantile",0.15,0.753062717646152
"26249",2021-05-15,"33","32  day ahead inc hosp",2021-06-16,"quantile",0.2,1.32903533187527
"26250",2021-05-15,"33","32  day ahead inc hosp",2021-06-16,"quantile",0.25,2.04372653438493
"26251",2021-05-15,"33","32  day ahead inc hosp",2021-06-16,"quantile",0.3,2.90181245059603
"26252",2021-05-15,"33","32  day ahead inc hosp",2021-06-16,"quantile",0.35,3.91515563000749
"26253",2021-05-15,"33","32  day ahead inc hosp",2021-06-16,"quantile",0.4,5.10246295591175
"26254",2021-05-15,"33","32  day ahead inc hosp",2021-06-16,"quantile",0.45,6.49026949446111
"26255",2021-05-15,"33","32  day ahead inc hosp",2021-06-16,"quantile",0.5,8.11515255544155
"26256",2021-05-15,"33","32  day ahead inc hosp",2021-06-16,"quantile",0.55,10.0275799532486
"26257",2021-05-15,"33","32  day ahead inc hosp",2021-06-16,"quantile",0.6,12.2983845755992
"26258",2021-05-15,"33","32  day ahead inc hosp",2021-06-16,"quantile",0.65,15.0299374959931
"26259",2021-05-15,"33","32  day ahead inc hosp",2021-06-16,"quantile",0.7,18.3764819506915
"26260",2021-05-15,"33","32  day ahead inc hosp",2021-06-16,"quantile",0.75,22.584075409596
"26261",2021-05-15,"33","32  day ahead inc hosp",2021-06-16,"quantile",0.8,28.0777512413819
"26262",2021-05-15,"33","32  day ahead inc hosp",2021-06-16,"quantile",0.85,35.6825186887826
"26263",2021-05-15,"33","32  day ahead inc hosp",2021-06-16,"quantile",0.9,47.3309623822876
"26264",2021-05-15,"33","32  day ahead inc hosp",2021-06-16,"quantile",0.95,69.5666017218937
"26265",2021-05-15,"33","32  day ahead inc hosp",2021-06-16,"quantile",0.975,94.5094978256787
"26266",2021-05-15,"33","32  day ahead inc hosp",2021-06-16,"quantile",0.99,131.335750462134
"26267",2021-05-15,"33","33  day ahead inc hosp",2021-06-17,"quantile",0.01,0
"26268",2021-05-15,"33","33  day ahead inc hosp",2021-06-17,"quantile",0.025,0.00323189739915499
"26269",2021-05-15,"33","33  day ahead inc hosp",2021-06-17,"quantile",0.05,0.0493987298581911
"26270",2021-05-15,"33","33  day ahead inc hosp",2021-06-17,"quantile",0.1,0.300010500071923
"26271",2021-05-15,"33","33  day ahead inc hosp",2021-06-17,"quantile",0.15,0.720587837855245
"26272",2021-05-15,"33","33  day ahead inc hosp",2021-06-17,"quantile",0.2,1.28839629300296
"26273",2021-05-15,"33","33  day ahead inc hosp",2021-06-17,"quantile",0.25,1.99851214102649
"26274",2021-05-15,"33","33  day ahead inc hosp",2021-06-17,"quantile",0.3,2.85584112158378
"26275",2021-05-15,"33","33  day ahead inc hosp",2021-06-17,"quantile",0.35,3.87258376974286
"26276",2021-05-15,"33","33  day ahead inc hosp",2021-06-17,"quantile",0.4,5.0679440699487
"26277",2021-05-15,"33","33  day ahead inc hosp",2021-06-17,"quantile",0.45,6.46916374654315
"26278",2021-05-15,"33","33  day ahead inc hosp",2021-06-17,"quantile",0.5,8.1138102341815
"26279",2021-05-15,"33","33  day ahead inc hosp",2021-06-17,"quantile",0.55,10.0537429849624
"26280",2021-05-15,"33","33  day ahead inc hosp",2021-06-17,"quantile",0.6,12.3617837885798
"26281",2021-05-15,"33","33  day ahead inc hosp",2021-06-17,"quantile",0.65,15.1432288844409
"26282",2021-05-15,"33","33  day ahead inc hosp",2021-06-17,"quantile",0.7,18.5568054412537
"26283",2021-05-15,"33","33  day ahead inc hosp",2021-06-17,"quantile",0.75,22.8558501168035
"26284",2021-05-15,"33","33  day ahead inc hosp",2021-06-17,"quantile",0.8,28.4782033334993
"26285",2021-05-15,"33","33  day ahead inc hosp",2021-06-17,"quantile",0.85,36.2742382175126
"26286",2021-05-15,"33","33  day ahead inc hosp",2021-06-17,"quantile",0.9,48.2373534476725
"26287",2021-05-15,"33","33  day ahead inc hosp",2021-06-17,"quantile",0.95,71.1232915798436
"26288",2021-05-15,"33","33  day ahead inc hosp",2021-06-17,"quantile",0.975,96.8473132309469
"26289",2021-05-15,"33","33  day ahead inc hosp",2021-06-17,"quantile",0.99,134.89240236887
"26290",2021-05-15,"33","34  day ahead inc hosp",2021-06-18,"quantile",0.01,0
"26291",2021-05-15,"33","34  day ahead inc hosp",2021-06-18,"quantile",0.025,0.00232738092182435
"26292",2021-05-15,"33","34  day ahead inc hosp",2021-06-18,"quantile",0.05,0.0431222232614465
"26293",2021-05-15,"33","34  day ahead inc hosp",2021-06-18,"quantile",0.1,0.280652292523947
"26294",2021-05-15,"33","34  day ahead inc hosp",2021-06-18,"quantile",0.15,0.690196500158119
"26295",2021-05-15,"33","34  day ahead inc hosp",2021-06-18,"quantile",0.2,1.25017398188264
"26296",2021-05-15,"33","34  day ahead inc hosp",2021-06-18,"quantile",0.25,1.95597777460423
"26297",2021-05-15,"33","34  day ahead inc hosp",2021-06-18,"quantile",0.3,2.81278016026379
"26298",2021-05-15,"33","34  day ahead inc hosp",2021-06-18,"quantile",0.35,3.83314425039015
"26299",2021-05-15,"33","34  day ahead inc hosp",2021-06-18,"quantile",0.4,5.0367906369962
"26300",2021-05-15,"33","34  day ahead inc hosp",2021-06-18,"quantile",0.45,6.45168589302957
"26301",2021-05-15,"33","34  day ahead inc hosp",2021-06-18,"quantile",0.5,8.116407085716
"26302",2021-05-15,"33","34  day ahead inc hosp",2021-06-18,"quantile",0.55,10.0842287040558
"26303",2021-05-15,"33","34  day ahead inc hosp",2021-06-18,"quantile",0.6,12.4299920766518
"26304",2021-05-15,"33","34  day ahead inc hosp",2021-06-18,"quantile",0.65,15.2619617358
"26305",2021-05-15,"33","34  day ahead inc hosp",2021-06-18,"quantile",0.7,18.7434137416467
"26306",2021-05-15,"33","34  day ahead inc hosp",2021-06-18,"quantile",0.75,23.1350692041369
"26307",2021-05-15,"33","34  day ahead inc hosp",2021-06-18,"quantile",0.8,28.8877622728203
"26308",2021-05-15,"33","34  day ahead inc hosp",2021-06-18,"quantile",0.85,36.8776050542072
"26309",2021-05-15,"33","34  day ahead inc hosp",2021-06-18,"quantile",0.9,49.1597279270971
"26310",2021-05-15,"33","34  day ahead inc hosp",2021-06-18,"quantile",0.95,72.705389907501
"26311",2021-05-15,"33","34  day ahead inc hosp",2021-06-18,"quantile",0.975,99.2224392490498
"26312",2021-05-15,"33","34  day ahead inc hosp",2021-06-18,"quantile",0.99,138.505789610088
"26313",2021-05-15,"33","35  day ahead inc hosp",2021-06-19,"quantile",0.01,0
"26314",2021-05-15,"33","35  day ahead inc hosp",2021-06-19,"quantile",0.025,0.00164168064121458
"26315",2021-05-15,"33","35  day ahead inc hosp",2021-06-19,"quantile",0.05,0.037599373748633
"26316",2021-05-15,"33","35  day ahead inc hosp",2021-06-19,"quantile",0.1,0.262764304101859
"26317",2021-05-15,"33","35  day ahead inc hosp",2021-06-19,"quantile",0.15,0.661724076012055
"26318",2021-05-15,"33","35  day ahead inc hosp",2021-06-19,"quantile",0.2,1.2141914271481
"26319",2021-05-15,"33","35  day ahead inc hosp",2021-06-19,"quantile",0.25,1.91593947841315
"26320",2021-05-15,"33","35  day ahead inc hosp",2021-06-19,"quantile",0.3,2.77244235099118
"26321",2021-05-15,"33","35  day ahead inc hosp",2021-06-19,"quantile",0.35,3.79664952183906
"26322",2021-05-15,"33","35  day ahead inc hosp",2021-06-19,"quantile",0.4,5.00881729670669
"26323",2021-05-15,"33","35  day ahead inc hosp",2021-06-19,"quantile",0.45,6.43765512334913
"26324",2021-05-15,"33","35  day ahead inc hosp",2021-06-19,"quantile",0.5,8.12276921426384
"26325",2021-05-15,"33","35  day ahead inc hosp",2021-06-19,"quantile",0.55,10.1188726502808
"26326",2021-05-15,"33","35  day ahead inc hosp",2021-06-19,"quantile",0.6,12.5028572575665
"26327",2021-05-15,"33","35  day ahead inc hosp",2021-06-19,"quantile",0.65,15.3859995281736
"26328",2021-05-15,"33","35  day ahead inc hosp",2021-06-19,"quantile",0.7,18.9361902412433
"26329",2021-05-15,"33","35  day ahead inc hosp",2021-06-19,"quantile",0.75,23.4216416467409
"26330",2021-05-15,"33","35  day ahead inc hosp",2021-06-19,"quantile",0.8,29.3063707705173
"26331",2021-05-15,"33","35  day ahead inc hosp",2021-06-19,"quantile",0.85,37.4926085762663
"26332",2021-05-15,"33","35  day ahead inc hosp",2021-06-19,"quantile",0.9,50.0981458330034
"26333",2021-05-15,"33","35  day ahead inc hosp",2021-06-19,"quantile",0.95,74.3130877876565
"26334",2021-05-15,"33","35  day ahead inc hosp",2021-06-19,"quantile",0.975,101.635208428104
"26335",2021-05-15,"33","35  day ahead inc hosp",2021-06-19,"quantile",0.99,142.176444822994
"26336",2021-05-15,"33","36  day ahead inc hosp",2021-06-20,"quantile",0.01,0
"26337",2021-05-15,"33","36  day ahead inc hosp",2021-06-20,"quantile",0.025,0.0011129291494367
"26338",2021-05-15,"33","36  day ahead inc hosp",2021-06-20,"quantile",0.05,0.0325249353282319
"26339",2021-05-15,"33","36  day ahead inc hosp",2021-06-20,"quantile",0.1,0.245231062728523
"26340",2021-05-15,"33","36  day ahead inc hosp",2021-06-20,"quantile",0.15,0.633012204818678
"26341",2021-05-15,"33","36  day ahead inc hosp",2021-06-20,"quantile",0.2,1.17708838768313
"26342",2021-05-15,"33","36  day ahead inc hosp",2021-06-20,"quantile",0.25,1.8736957448555
"26343",2021-05-15,"33","36  day ahead inc hosp",2021-06-20,"quantile",0.3,2.72864645579969
"26344",2021-05-15,"33","36  day ahead inc hosp",2021-06-20,"quantile",0.35,3.75529124257858
"26345",2021-05-15,"33","36  day ahead inc hosp",2021-06-20,"quantile",0.4,4.97442489344777
"26346",2021-05-15,"33","36  day ahead inc hosp",2021-06-20,"quantile",0.45,6.41549398163418
"26347",2021-05-15,"33","36  day ahead inc hosp",2021-06-20,"quantile",0.5,8.11912067583832
"26348",2021-05-15,"33","36  day ahead inc hosp",2021-06-20,"quantile",0.55,10.1414355693178
"26349",2021-05-15,"33","36  day ahead inc hosp",2021-06-20,"quantile",0.6,12.5613501758217
"26350",2021-05-15,"33","36  day ahead inc hosp",2021-06-20,"quantile",0.65,15.4931087367164
"26351",2021-05-15,"33","36  day ahead inc hosp",2021-06-20,"quantile",0.7,19.1091524095079
"26352",2021-05-15,"33","36  day ahead inc hosp",2021-06-20,"quantile",0.75,23.6850874404084
"26353",2021-05-15,"33","36  day ahead inc hosp",2021-06-20,"quantile",0.8,29.6979579957612
"26354",2021-05-15,"33","36  day ahead inc hosp",2021-06-20,"quantile",0.85,38.0758401337974
"26355",2021-05-15,"33","36  day ahead inc hosp",2021-06-20,"quantile",0.9,50.9986266584629
"26356",2021-05-15,"33","36  day ahead inc hosp",2021-06-20,"quantile",0.95,75.8737638288139
"26357",2021-05-15,"33","36  day ahead inc hosp",2021-06-20,"quantile",0.975,103.99370498045
"26358",2021-05-15,"33","36  day ahead inc hosp",2021-06-20,"quantile",0.99,145.786033783649
"26359",2021-05-15,"33","37  day ahead inc hosp",2021-06-21,"quantile",0.01,0
"26360",2021-05-15,"33","37  day ahead inc hosp",2021-06-21,"quantile",0.025,0.000724624992122842
"26361",2021-05-15,"33","37  day ahead inc hosp",2021-06-21,"quantile",0.05,0.0279894813580962
"26362",2021-05-15,"33","37  day ahead inc hosp",2021-06-21,"quantile",0.1,0.228569995021665
"26363",2021-05-15,"33","37  day ahead inc hosp",2021-06-21,"quantile",0.15,0.60512622129042
"26364",2021-05-15,"33","37  day ahead inc hosp",2021-06-21,"quantile",0.2,1.14055317299137
"26365",2021-05-15,"33","37  day ahead inc hosp",2021-06-21,"quantile",0.25,1.83162204508104
"26366",2021-05-15,"33","37  day ahead inc hosp",2021-06-21,"quantile",0.3,2.68451873781641
"26367",2021-05-15,"33","37  day ahead inc hosp",2021-06-21,"quantile",0.35,3.71301450376457
"26368",2021-05-15,"33","37  day ahead inc hosp",2021-06-21,"quantile",0.4,4.93845335384536
"26369",2021-05-15,"33","37  day ahead inc hosp",2021-06-21,"quantile",0.45,6.39102471101659
"26370",2021-05-15,"33","37  day ahead inc hosp",2021-06-21,"quantile",0.5,8.11236917105753
"26371",2021-05-15,"33","37  day ahead inc hosp",2021-06-21,"quantile",0.55,10.1600350197928
"26372",2021-05-15,"33","37  day ahead inc hosp",2021-06-21,"quantile",0.6,12.6149519568425
"26373",2021-05-15,"33","37  day ahead inc hosp",2021-06-21,"quantile",0.65,15.5943293407212
"26374",2021-05-15,"33","37  day ahead inc hosp",2021-06-21,"quantile",0.7,19.2751558174214
"26375",2021-05-15,"33","37  day ahead inc hosp",2021-06-21,"quantile",0.75,23.940430530873
"26376",2021-05-15,"33","37  day ahead inc hosp",2021-06-21,"quantile",0.8,30.0802312791694
"26377",2021-05-15,"33","37  day ahead inc hosp",2021-06-21,"quantile",0.85,38.6485123687748
"26378",2021-05-15,"33","37  day ahead inc hosp",2021-06-21,"quantile",0.9,51.8874071322251
"26379",2021-05-15,"33","37  day ahead inc hosp",2021-06-21,"quantile",0.95,77.4224573902255
"26380",2021-05-15,"33","37  day ahead inc hosp",2021-06-21,"quantile",0.975,106.342024263981
"26381",2021-05-15,"33","37  day ahead inc hosp",2021-06-21,"quantile",0.99,149.390985764171
"26382",2021-05-15,"34","1  day ahead inc hosp",2021-05-16,"quantile",0.01,43.1176467083042
"26383",2021-05-15,"34","1  day ahead inc hosp",2021-05-16,"quantile",0.025,48.243079633793
"26384",2021-05-15,"34","1  day ahead inc hosp",2021-05-16,"quantile",0.05,53.0053886140629
"26385",2021-05-15,"34","1  day ahead inc hosp",2021-05-16,"quantile",0.1,58.924200028151
"26386",2021-05-15,"34","1  day ahead inc hosp",2021-05-16,"quantile",0.15,63.1885644706714
"26387",2021-05-15,"34","1  day ahead inc hosp",2021-05-16,"quantile",0.2,66.7395285701354
"26388",2021-05-15,"34","1  day ahead inc hosp",2021-05-16,"quantile",0.25,69.9034206167754
"26389",2021-05-15,"34","1  day ahead inc hosp",2021-05-16,"quantile",0.3,72.8393723371852
"26390",2021-05-15,"34","1  day ahead inc hosp",2021-05-16,"quantile",0.35,75.6416299949599
"26391",2021-05-15,"34","1  day ahead inc hosp",2021-05-16,"quantile",0.4,78.3747293358819
"26392",2021-05-15,"34","1  day ahead inc hosp",2021-05-16,"quantile",0.45,81.0888868463012
"26393",2021-05-15,"34","1  day ahead inc hosp",2021-05-16,"quantile",0.5,83.8282444967432
"26394",2021-05-15,"34","1  day ahead inc hosp",2021-05-16,"quantile",0.55,86.6364289572552
"26395",2021-05-15,"34","1  day ahead inc hosp",2021-05-16,"quantile",0.6,89.5615297484659
"26396",2021-05-15,"34","1  day ahead inc hosp",2021-05-16,"quantile",0.65,92.6620611994062
"26397",2021-05-15,"34","1  day ahead inc hosp",2021-05-16,"quantile",0.7,96.0159580259115
"26398",2021-05-15,"34","1  day ahead inc hosp",2021-05-16,"quantile",0.75,99.7366160073885
"26399",2021-05-15,"34","1  day ahead inc hosp",2021-05-16,"quantile",0.8,104.005866682965
"26400",2021-05-15,"34","1  day ahead inc hosp",2021-05-16,"quantile",0.85,109.153563501039
"26401",2021-05-15,"34","1  day ahead inc hosp",2021-05-16,"quantile",0.9,115.899269490568
"26402",2021-05-15,"34","1  day ahead inc hosp",2021-05-16,"quantile",0.95,126.466583408869
"26403",2021-05-15,"34","1  day ahead inc hosp",2021-05-16,"quantile",0.975,136.203326796626
"26404",2021-05-15,"34","1  day ahead inc hosp",2021-05-16,"quantile",0.99,148.219435776458
"26405",2021-05-15,"34","2  day ahead inc hosp",2021-05-17,"quantile",0.01,45.8231319466003
"26406",2021-05-15,"34","2  day ahead inc hosp",2021-05-17,"quantile",0.025,51.6236020270565
"26407",2021-05-15,"34","2  day ahead inc hosp",2021-05-17,"quantile",0.05,57.0382835783415
"26408",2021-05-15,"34","2  day ahead inc hosp",2021-05-17,"quantile",0.1,63.797645924624
"26409",2021-05-15,"34","2  day ahead inc hosp",2021-05-17,"quantile",0.15,68.6859259842971
"26410",2021-05-15,"34","2  day ahead inc hosp",2021-05-17,"quantile",0.2,72.7670948367892
"26411",2021-05-15,"34","2  day ahead inc hosp",2021-05-17,"quantile",0.25,76.4110149286274
"26412",2021-05-15,"34","2  day ahead inc hosp",2021-05-17,"quantile",0.3,79.7984725671425
"26413",2021-05-15,"34","2  day ahead inc hosp",2021-05-17,"quantile",0.35,83.0368476968479
"26414",2021-05-15,"34","2  day ahead inc hosp",2021-05-17,"quantile",0.4,86.1999455929687
"26415",2021-05-15,"34","2  day ahead inc hosp",2021-05-17,"quantile",0.45,89.3454660057409
"26416",2021-05-15,"34","2  day ahead inc hosp",2021-05-17,"quantile",0.5,92.5244013403054
"26417",2021-05-15,"34","2  day ahead inc hosp",2021-05-17,"quantile",0.55,95.7874219985117
"26418",2021-05-15,"34","2  day ahead inc hosp",2021-05-17,"quantile",0.6,99.1906518979199
"26419",2021-05-15,"34","2  day ahead inc hosp",2021-05-17,"quantile",0.65,102.802646338564
"26420",2021-05-15,"34","2  day ahead inc hosp",2021-05-17,"quantile",0.7,106.714977110044
"26421",2021-05-15,"34","2  day ahead inc hosp",2021-05-17,"quantile",0.75,111.061158746358
"26422",2021-05-15,"34","2  day ahead inc hosp",2021-05-17,"quantile",0.8,116.055608693587
"26423",2021-05-15,"34","2  day ahead inc hosp",2021-05-17,"quantile",0.85,122.08776248595
"26424",2021-05-15,"34","2  day ahead inc hosp",2021-05-17,"quantile",0.9,130.008114051763
"26425",2021-05-15,"34","2  day ahead inc hosp",2021-05-17,"quantile",0.95,142.448418274522
"26426",2021-05-15,"34","2  day ahead inc hosp",2021-05-17,"quantile",0.975,153.943386897393
"26427",2021-05-15,"34","2  day ahead inc hosp",2021-05-17,"quantile",0.99,168.168118419511
"26428",2021-05-15,"34","3  day ahead inc hosp",2021-05-18,"quantile",0.01,39.7505596306365
"26429",2021-05-15,"34","3  day ahead inc hosp",2021-05-18,"quantile",0.025,45.3535514025948
"26430",2021-05-15,"34","3  day ahead inc hosp",2021-05-18,"quantile",0.05,50.628916258645
"26431",2021-05-15,"34","3  day ahead inc hosp",2021-05-18,"quantile",0.1,57.26783147598
"26432",2021-05-15,"34","3  day ahead inc hosp",2021-05-18,"quantile",0.15,62.1020226984433
"26433",2021-05-15,"34","3  day ahead inc hosp",2021-05-18,"quantile",0.2,66.1573039743452
"26434",2021-05-15,"34","3  day ahead inc hosp",2021-05-18,"quantile",0.25,69.791899342347
"26435",2021-05-15,"34","3  day ahead inc hosp",2021-05-18,"quantile",0.3,73.1816768641344
"26436",2021-05-15,"34","3  day ahead inc hosp",2021-05-18,"quantile",0.35,76.4316587671062
"26437",2021-05-15,"34","3  day ahead inc hosp",2021-05-18,"quantile",0.4,79.6145358265889
"26438",2021-05-15,"34","3  day ahead inc hosp",2021-05-18,"quantile",0.45,82.7876322622784
"26439",2021-05-15,"34","3  day ahead inc hosp",2021-05-18,"quantile",0.5,86.0021069107354
"26440",2021-05-15,"34","3  day ahead inc hosp",2021-05-18,"quantile",0.55,89.3092938202906
"26441",2021-05-15,"34","3  day ahead inc hosp",2021-05-18,"quantile",0.6,92.7665427860807
"26442",2021-05-15,"34","3  day ahead inc hosp",2021-05-18,"quantile",0.65,96.4443865191136
"26443",2021-05-15,"34","3  day ahead inc hosp",2021-05-18,"quantile",0.7,100.437515251545
"26444",2021-05-15,"34","3  day ahead inc hosp",2021-05-18,"quantile",0.75,104.884491679589
"26445",2021-05-15,"34","3  day ahead inc hosp",2021-05-18,"quantile",0.8,110.008431875436
"26446",2021-05-15,"34","3  day ahead inc hosp",2021-05-18,"quantile",0.85,116.215428990985
"26447",2021-05-15,"34","3  day ahead inc hosp",2021-05-18,"quantile",0.9,124.394115450932
"26448",2021-05-15,"34","3  day ahead inc hosp",2021-05-18,"quantile",0.95,137.300847489836
"26449",2021-05-15,"34","3  day ahead inc hosp",2021-05-18,"quantile",0.975,149.286804510425
"26450",2021-05-15,"34","3  day ahead inc hosp",2021-05-18,"quantile",0.99,164.191042766164
"26451",2021-05-15,"34","4  day ahead inc hosp",2021-05-19,"quantile",0.01,39.4033489149376
"26452",2021-05-15,"34","4  day ahead inc hosp",2021-05-19,"quantile",0.025,45.3923348370371
"26453",2021-05-15,"34","4  day ahead inc hosp",2021-05-19,"quantile",0.05,51.0678580410616
"26454",2021-05-15,"34","4  day ahead inc hosp",2021-05-19,"quantile",0.1,58.2540449206421
"26455",2021-05-15,"34","4  day ahead inc hosp",2021-05-19,"quantile",0.15,63.5137193610147
"26456",2021-05-15,"34","4  day ahead inc hosp",2021-05-19,"quantile",0.2,67.9416775292702
"26457",2021-05-15,"34","4  day ahead inc hosp",2021-05-19,"quantile",0.25,71.921562202759
"26458",2021-05-15,"34","4  day ahead inc hosp",2021-05-19,"quantile",0.3,75.6423572918113
"26459",2021-05-15,"34","4  day ahead inc hosp",2021-05-19,"quantile",0.35,79.2173862888226
"26460",2021-05-15,"34","4  day ahead inc hosp",2021-05-19,"quantile",0.4,82.7255075605252
"26461",2021-05-15,"34","4  day ahead inc hosp",2021-05-19,"quantile",0.45,86.2293214281407
"26462",2021-05-15,"34","4  day ahead inc hosp",2021-05-19,"quantile",0.5,89.7851074460582
"26463",2021-05-15,"34","4  day ahead inc hosp",2021-05-19,"quantile",0.55,93.4497468912321
"26464",2021-05-15,"34","4  day ahead inc hosp",2021-05-19,"quantile",0.6,97.2871866566133
"26465",2021-05-15,"34","4  day ahead inc hosp",2021-05-19,"quantile",0.65,101.376461610496
"26466",2021-05-15,"34","4  day ahead inc hosp",2021-05-19,"quantile",0.7,105.824061007465
"26467",2021-05-15,"34","4  day ahead inc hosp",2021-05-19,"quantile",0.75,110.786217567536
"26468",2021-05-15,"34","4  day ahead inc hosp",2021-05-19,"quantile",0.8,116.514978226362
"26469",2021-05-15,"34","4  day ahead inc hosp",2021-05-19,"quantile",0.85,123.469791595498
"26470",2021-05-15,"34","4  day ahead inc hosp",2021-05-19,"quantile",0.9,132.6574864803
"26471",2021-05-15,"34","4  day ahead inc hosp",2021-05-19,"quantile",0.95,147.206466202179
"26472",2021-05-15,"34","4  day ahead inc hosp",2021-05-19,"quantile",0.975,160.766936066962
"26473",2021-05-15,"34","4  day ahead inc hosp",2021-05-19,"quantile",0.99,177.68832853067
"26474",2021-05-15,"34","5  day ahead inc hosp",2021-05-20,"quantile",0.01,35.4848460532203
"26475",2021-05-15,"34","5  day ahead inc hosp",2021-05-20,"quantile",0.025,41.4391606106116
"26476",2021-05-15,"34","5  day ahead inc hosp",2021-05-20,"quantile",0.05,47.1337799480899
"26477",2021-05-15,"34","5  day ahead inc hosp",2021-05-20,"quantile",0.1,54.406163860892
"26478",2021-05-15,"34","5  day ahead inc hosp",2021-05-20,"quantile",0.15,59.7673318433161
"26479",2021-05-15,"34","5  day ahead inc hosp",2021-05-20,"quantile",0.2,64.3031962669113
"26480",2021-05-15,"34","5  day ahead inc hosp",2021-05-20,"quantile",0.25,68.3961711028146
"26481",2021-05-15,"34","5  day ahead inc hosp",2021-05-20,"quantile",0.3,72.2355481846918
"26482",2021-05-15,"34","5  day ahead inc hosp",2021-05-20,"quantile",0.35,75.9355139140659
"26483",2021-05-15,"34","5  day ahead inc hosp",2021-05-20,"quantile",0.4,79.5761392970445
"26484",2021-05-15,"34","5  day ahead inc hosp",2021-05-20,"quantile",0.45,83.221585025888
"26485",2021-05-15,"34","5  day ahead inc hosp",2021-05-20,"quantile",0.5,86.9301287146184
"26486",2021-05-15,"34","5  day ahead inc hosp",2021-05-20,"quantile",0.55,90.7612588649266
"26487",2021-05-15,"34","5  day ahead inc hosp",2021-05-20,"quantile",0.6,94.7824251929809
"26488",2021-05-15,"34","5  day ahead inc hosp",2021-05-20,"quantile",0.65,99.0775454742875
"26489",2021-05-15,"34","5  day ahead inc hosp",2021-05-20,"quantile",0.7,103.760235432981
"26490",2021-05-15,"34","5  day ahead inc hosp",2021-05-20,"quantile",0.75,108.997758669326
"26491",2021-05-15,"34","5  day ahead inc hosp",2021-05-20,"quantile",0.8,115.060641726994
"26492",2021-05-15,"34","5  day ahead inc hosp",2021-05-20,"quantile",0.85,122.443024332218
"26493",2021-05-15,"34","5  day ahead inc hosp",2021-05-20,"quantile",0.9,132.229847263504
"26494",2021-05-15,"34","5  day ahead inc hosp",2021-05-20,"quantile",0.95,147.80013977635
"26495",2021-05-15,"34","5  day ahead inc hosp",2021-05-20,"quantile",0.975,162.384495921475
"26496",2021-05-15,"34","5  day ahead inc hosp",2021-05-20,"quantile",0.99,180.670049412063
"26497",2021-05-15,"34","6  day ahead inc hosp",2021-05-21,"quantile",0.01,31.7150906115998
"26498",2021-05-15,"34","6  day ahead inc hosp",2021-05-21,"quantile",0.025,37.582844899046
"26499",2021-05-15,"34","6  day ahead inc hosp",2021-05-21,"quantile",0.05,43.2499867278584
"26500",2021-05-15,"34","6  day ahead inc hosp",2021-05-21,"quantile",0.1,50.5535248850862
"26501",2021-05-15,"34","6  day ahead inc hosp",2021-05-21,"quantile",0.15,55.9787561360363
"26502",2021-05-15,"34","6  day ahead inc hosp",2021-05-21,"quantile",0.2,60.5928908935042
"26503",2021-05-15,"34","6  day ahead inc hosp",2021-05-21,"quantile",0.25,64.7737695602549
"26504",2021-05-15,"34","6  day ahead inc hosp",2021-05-21,"quantile",0.3,68.7094089586053
"26505",2021-05-15,"34","6  day ahead inc hosp",2021-05-21,"quantile",0.35,72.5139673987039
"26506",2021-05-15,"34","6  day ahead inc hosp",2021-05-21,"quantile",0.4,76.2681667374423
"26507",2021-05-15,"34","6  day ahead inc hosp",2021-05-21,"quantile",0.45,80.0373423331544
"26508",2021-05-15,"34","6  day ahead inc hosp",2021-05-21,"quantile",0.5,83.8814853709677
"26509",2021-05-15,"34","6  day ahead inc hosp",2021-05-21,"quantile",0.55,87.8624672828331
"26510",2021-05-15,"34","6  day ahead inc hosp",2021-05-21,"quantile",0.6,92.05105155477
"26511",2021-05-15,"34","6  day ahead inc hosp",2021-05-21,"quantile",0.65,96.5358680631392
"26512",2021-05-15,"34","6  day ahead inc hosp",2021-05-21,"quantile",0.7,101.437493286847
"26513",2021-05-15,"34","6  day ahead inc hosp",2021-05-21,"quantile",0.75,106.934049734377
"26514",2021-05-15,"34","6  day ahead inc hosp",2021-05-21,"quantile",0.8,113.314356448255
"26515",2021-05-15,"34","6  day ahead inc hosp",2021-05-21,"quantile",0.85,121.107046979485
"26516",2021-05-15,"34","6  day ahead inc hosp",2021-05-21,"quantile",0.9,131.475064808526
"26517",2021-05-15,"34","6  day ahead inc hosp",2021-05-21,"quantile",0.95,148.049024345643
"26518",2021-05-15,"34","6  day ahead inc hosp",2021-05-21,"quantile",0.975,163.65196588649
"26519",2021-05-15,"34","6  day ahead inc hosp",2021-05-21,"quantile",0.99,183.309092861722
"26520",2021-05-15,"34","7  day ahead inc hosp",2021-05-22,"quantile",0.01,25.0016131244535
"26521",2021-05-15,"34","7  day ahead inc hosp",2021-05-22,"quantile",0.025,30.2567498491533
"26522",2021-05-15,"34","7  day ahead inc hosp",2021-05-22,"quantile",0.05,35.40391263174
"26523",2021-05-15,"34","7  day ahead inc hosp",2021-05-22,"quantile",0.1,42.1237042913347
"26524",2021-05-15,"34","7  day ahead inc hosp",2021-05-22,"quantile",0.15,47.1691055361509
"26525",2021-05-15,"34","7  day ahead inc hosp",2021-05-22,"quantile",0.2,51.4917933960073
"26526",2021-05-15,"34","7  day ahead inc hosp",2021-05-22,"quantile",0.25,55.4313239443588
"26527",2021-05-15,"34","7  day ahead inc hosp",2021-05-22,"quantile",0.3,59.1579739313685
"26528",2021-05-15,"34","7  day ahead inc hosp",2021-05-22,"quantile",0.35,62.7761238611213
"26529",2021-05-15,"34","7  day ahead inc hosp",2021-05-22,"quantile",0.4,66.3604839679426
"26530",2021-05-15,"34","7  day ahead inc hosp",2021-05-22,"quantile",0.45,69.9724009073847
"26531",2021-05-15,"34","7  day ahead inc hosp",2021-05-22,"quantile",0.5,73.6690666381105
"26532",2021-05-15,"34","7  day ahead inc hosp",2021-05-22,"quantile",0.55,77.5103053595838
"26533",2021-05-15,"34","7  day ahead inc hosp",2021-05-22,"quantile",0.6,81.5653441849788
"26534",2021-05-15,"34","7  day ahead inc hosp",2021-05-22,"quantile",0.65,85.9216600978524
"26535",2021-05-15,"34","7  day ahead inc hosp",2021-05-22,"quantile",0.7,90.6990204219569
"26536",2021-05-15,"34","7  day ahead inc hosp",2021-05-22,"quantile",0.75,96.075152924246
"26537",2021-05-15,"34","7  day ahead inc hosp",2021-05-22,"quantile",0.8,102.339198163861
"26538",2021-05-15,"34","7  day ahead inc hosp",2021-05-22,"quantile",0.85,110.021816829578
"26539",2021-05-15,"34","7  day ahead inc hosp",2021-05-22,"quantile",0.9,120.293461805963
"26540",2021-05-15,"34","7  day ahead inc hosp",2021-05-22,"quantile",0.95,136.819918158286
"26541",2021-05-15,"34","7  day ahead inc hosp",2021-05-22,"quantile",0.975,152.484231576137
"26542",2021-05-15,"34","7  day ahead inc hosp",2021-05-22,"quantile",0.99,172.346794086802
"26543",2021-05-15,"34","8  day ahead inc hosp",2021-05-23,"quantile",0.01,19.7093896953976
"26544",2021-05-15,"34","8  day ahead inc hosp",2021-05-23,"quantile",0.025,24.4004274012897
"26545",2021-05-15,"34","8  day ahead inc hosp",2021-05-23,"quantile",0.05,29.0648946620604
"26546",2021-05-15,"34","8  day ahead inc hosp",2021-05-23,"quantile",0.1,35.2390496113414
"26547",2021-05-15,"34","8  day ahead inc hosp",2021-05-23,"quantile",0.15,39.9275568110018
"26548",2021-05-15,"34","8  day ahead inc hosp",2021-05-23,"quantile",0.2,43.9755406614428
"26549",2021-05-15,"34","8  day ahead inc hosp",2021-05-23,"quantile",0.25,47.6871073373961
"26550",2021-05-15,"34","8  day ahead inc hosp",2021-05-23,"quantile",0.3,51.2160676943469
"26551",2021-05-15,"34","8  day ahead inc hosp",2021-05-23,"quantile",0.35,54.6577143474543
"26552",2021-05-15,"34","8  day ahead inc hosp",2021-05-23,"quantile",0.4,58.081168456317
"26553",2021-05-15,"34","8  day ahead inc hosp",2021-05-23,"quantile",0.45,61.5440728531826
"26554",2021-05-15,"34","8  day ahead inc hosp",2021-05-23,"quantile",0.5,65.1010298312061
"26555",2021-05-15,"34","8  day ahead inc hosp",2021-05-23,"quantile",0.55,68.809985140693
"26556",2021-05-15,"34","8  day ahead inc hosp",2021-05-23,"quantile",0.6,72.7387801746527
"26557",2021-05-15,"34","8  day ahead inc hosp",2021-05-23,"quantile",0.65,76.9738904260203
"26558",2021-05-15,"34","8  day ahead inc hosp",2021-05-23,"quantile",0.7,81.6344476801284
"26559",2021-05-15,"34","8  day ahead inc hosp",2021-05-23,"quantile",0.75,86.8980138389762
"26560",2021-05-15,"34","8  day ahead inc hosp",2021-05-23,"quantile",0.8,93.0543999115853
"26561",2021-05-15,"34","8  day ahead inc hosp",2021-05-23,"quantile",0.85,100.636919719029
"26562",2021-05-15,"34","8  day ahead inc hosp",2021-05-23,"quantile",0.9,110.824929994271
"26563",2021-05-15,"34","8  day ahead inc hosp",2021-05-23,"quantile",0.95,127.323942338902
"26564",2021-05-15,"34","8  day ahead inc hosp",2021-05-23,"quantile",0.975,143.069110862699
"26565",2021-05-15,"34","8  day ahead inc hosp",2021-05-23,"quantile",0.99,163.163545368542
"26566",2021-05-15,"34","9  day ahead inc hosp",2021-05-24,"quantile",0.01,20.9283829316099
"26567",2021-05-15,"34","9  day ahead inc hosp",2021-05-24,"quantile",0.025,26.1138546605671
"26568",2021-05-15,"34","9  day ahead inc hosp",2021-05-24,"quantile",0.05,31.2967944435787
"26569",2021-05-15,"34","9  day ahead inc hosp",2021-05-24,"quantile",0.1,38.1896699486593
"26570",2021-05-15,"34","9  day ahead inc hosp",2021-05-24,"quantile",0.15,43.444151243699
"26571",2021-05-15,"34","9  day ahead inc hosp",2021-05-24,"quantile",0.2,47.9926436858941
"26572",2021-05-15,"34","9  day ahead inc hosp",2021-05-24,"quantile",0.25,52.1716545207271
"26573",2021-05-15,"34","9  day ahead inc hosp",2021-05-24,"quantile",0.3,56.1518956319701
"26574",2021-05-15,"34","9  day ahead inc hosp",2021-05-24,"quantile",0.35,60.0395260736801
"26575",2021-05-15,"34","9  day ahead inc hosp",2021-05-24,"quantile",0.4,63.9119080762247
"26576",2021-05-15,"34","9  day ahead inc hosp",2021-05-24,"quantile",0.45,67.8339012974521
"26577",2021-05-15,"34","9  day ahead inc hosp",2021-05-24,"quantile",0.5,71.8672757516278
"26578",2021-05-15,"34","9  day ahead inc hosp",2021-05-24,"quantile",0.55,76.0778985333275
"26579",2021-05-15,"34","9  day ahead inc hosp",2021-05-24,"quantile",0.6,80.5431802789552
"26580",2021-05-15,"34","9  day ahead inc hosp",2021-05-24,"quantile",0.65,85.3620724632916
"26581",2021-05-15,"34","9  day ahead inc hosp",2021-05-24,"quantile",0.7,90.6711661703192
"26582",2021-05-15,"34","9  day ahead inc hosp",2021-05-24,"quantile",0.75,96.674333017035
"26583",2021-05-15,"34","9  day ahead inc hosp",2021-05-24,"quantile",0.8,103.704674678927
"26584",2021-05-15,"34","9  day ahead inc hosp",2021-05-24,"quantile",0.85,112.375700186969
"26585",2021-05-15,"34","9  day ahead inc hosp",2021-05-24,"quantile",0.9,124.045255525429
"26586",2021-05-15,"34","9  day ahead inc hosp",2021-05-24,"quantile",0.95,142.984135790347
"26587",2021-05-15,"34","9  day ahead inc hosp",2021-05-24,"quantile",0.975,161.098137489017
"26588",2021-05-15,"34","9  day ahead inc hosp",2021-05-24,"quantile",0.99,184.264656435899
"26589",2021-05-15,"34","10  day ahead inc hosp",2021-05-25,"quantile",0.01,18.789966167565
"26590",2021-05-15,"34","10  day ahead inc hosp",2021-05-25,"quantile",0.025,23.8439881275365
"26591",2021-05-15,"34","10  day ahead inc hosp",2021-05-25,"quantile",0.05,28.9519440907075
"26592",2021-05-15,"34","10  day ahead inc hosp",2021-05-25,"quantile",0.1,35.8136420583546
"26593",2021-05-15,"34","10  day ahead inc hosp",2021-05-25,"quantile",0.15,41.0871906666744
"26594",2021-05-15,"34","10  day ahead inc hosp",2021-05-25,"quantile",0.2,45.6774112828736
"26595",2021-05-15,"34","10  day ahead inc hosp",2021-05-25,"quantile",0.25,49.9129529712922
"26596",2021-05-15,"34","10  day ahead inc hosp",2021-05-25,"quantile",0.3,53.9616371677232
"26597",2021-05-15,"34","10  day ahead inc hosp",2021-05-25,"quantile",0.35,57.9286763095821
"26598",2021-05-15,"34","10  day ahead inc hosp",2021-05-25,"quantile",0.4,61.891516933469
"26599",2021-05-15,"34","10  day ahead inc hosp",2021-05-25,"quantile",0.45,65.9158309894342
"26600",2021-05-15,"34","10  day ahead inc hosp",2021-05-25,"quantile",0.5,70.0648743330479
"26601",2021-05-15,"34","10  day ahead inc hosp",2021-05-25,"quantile",0.55,74.4067722751862
"26602",2021-05-15,"34","10  day ahead inc hosp",2021-05-25,"quantile",0.6,79.0222195961921
"26603",2021-05-15,"34","10  day ahead inc hosp",2021-05-25,"quantile",0.65,84.014959255532
"26604",2021-05-15,"34","10  day ahead inc hosp",2021-05-25,"quantile",0.7,89.5287764902614
"26605",2021-05-15,"34","10  day ahead inc hosp",2021-05-25,"quantile",0.75,95.7788949560759
"26606",2021-05-15,"34","10  day ahead inc hosp",2021-05-25,"quantile",0.8,103.117713736802
"26607",2021-05-15,"34","10  day ahead inc hosp",2021-05-25,"quantile",0.85,112.195432997584
"26608",2021-05-15,"34","10  day ahead inc hosp",2021-05-25,"quantile",0.9,124.45360367984
"26609",2021-05-15,"34","10  day ahead inc hosp",2021-05-25,"quantile",0.95,144.436084207836
"26610",2021-05-15,"34","10  day ahead inc hosp",2021-05-25,"quantile",0.975,163.636453929461
"26611",2021-05-15,"34","10  day ahead inc hosp",2021-05-25,"quantile",0.99,188.299300904787
"26612",2021-05-15,"34","11  day ahead inc hosp",2021-05-26,"quantile",0.01,17.9633709917605
"26613",2021-05-15,"34","11  day ahead inc hosp",2021-05-26,"quantile",0.025,23.1029825230924
"26614",2021-05-15,"34","11  day ahead inc hosp",2021-05-26,"quantile",0.05,28.3433994717825
"26615",2021-05-15,"34","11  day ahead inc hosp",2021-05-26,"quantile",0.1,35.4389928032463
"26616",2021-05-15,"34","11  day ahead inc hosp",2021-05-26,"quantile",0.15,40.9272813694662
"26617",2021-05-15,"34","11  day ahead inc hosp",2021-05-26,"quantile",0.2,45.7250186415346
"26618",2021-05-15,"34","11  day ahead inc hosp",2021-05-26,"quantile",0.25,50.1669077630906
"26619",2021-05-15,"34","11  day ahead inc hosp",2021-05-26,"quantile",0.3,54.4247718403365
"26620",2021-05-15,"34","11  day ahead inc hosp",2021-05-26,"quantile",0.35,58.6070426726532
"26621",2021-05-15,"34","11  day ahead inc hosp",2021-05-26,"quantile",0.4,62.794182447328
"26622",2021-05-15,"34","11  day ahead inc hosp",2021-05-26,"quantile",0.45,67.0550355007539
"26623",2021-05-15,"34","11  day ahead inc hosp",2021-05-26,"quantile",0.5,71.4564993050817
"26624",2021-05-15,"34","11  day ahead inc hosp",2021-05-26,"quantile",0.55,76.0711705797296
"26625",2021-05-15,"34","11  day ahead inc hosp",2021-05-26,"quantile",0.6,80.9855505580768
"26626",2021-05-15,"34","11  day ahead inc hosp",2021-05-26,"quantile",0.65,86.3113251157784
"26627",2021-05-15,"34","11  day ahead inc hosp",2021-05-26,"quantile",0.7,92.2037545768798
"26628",2021-05-15,"34","11  day ahead inc hosp",2021-05-26,"quantile",0.75,98.895733660582
"26629",2021-05-15,"34","11  day ahead inc hosp",2021-05-26,"quantile",0.8,106.769201889425
"26630",2021-05-15,"34","11  day ahead inc hosp",2021-05-26,"quantile",0.85,116.529799764044
"26631",2021-05-15,"34","11  day ahead inc hosp",2021-05-26,"quantile",0.9,129.744044195461
"26632",2021-05-15,"34","11  day ahead inc hosp",2021-05-26,"quantile",0.95,151.357764564416
"26633",2021-05-15,"34","11  day ahead inc hosp",2021-05-26,"quantile",0.975,172.198204145502
"26634",2021-05-15,"34","11  day ahead inc hosp",2021-05-26,"quantile",0.99,199.055883470528
"26635",2021-05-15,"34","12  day ahead inc hosp",2021-05-27,"quantile",0.01,16.4403377762006
"26636",2021-05-15,"34","12  day ahead inc hosp",2021-05-27,"quantile",0.025,21.4892365334252
"26637",2021-05-15,"34","12  day ahead inc hosp",2021-05-27,"quantile",0.05,26.6919533742048
"26638",2021-05-15,"34","12  day ahead inc hosp",2021-05-27,"quantile",0.1,33.8034636746807
"26639",2021-05-15,"34","12  day ahead inc hosp",2021-05-27,"quantile",0.15,39.3460139022336
"26640",2021-05-15,"34","12  day ahead inc hosp",2021-05-27,"quantile",0.2,44.2159329520764
"26641",2021-05-15,"34","12  day ahead inc hosp",2021-05-27,"quantile",0.25,48.7425304483271
"26642",2021-05-15,"34","12  day ahead inc hosp",2021-05-27,"quantile",0.3,53.0959667358566
"26643",2021-05-15,"34","12  day ahead inc hosp",2021-05-27,"quantile",0.35,57.3844931770713
"26644",2021-05-15,"34","12  day ahead inc hosp",2021-05-27,"quantile",0.4,61.6892278965539
"26645",2021-05-15,"34","12  day ahead inc hosp",2021-05-27,"quantile",0.45,66.0803257790165
"26646",2021-05-15,"34","12  day ahead inc hosp",2021-05-27,"quantile",0.5,70.6266670732183
"26647",2021-05-15,"34","12  day ahead inc hosp",2021-05-27,"quantile",0.55,75.4036610542856
"26648",2021-05-15,"34","12  day ahead inc hosp",2021-05-27,"quantile",0.6,80.5017704707383
"26649",2021-05-15,"34","12  day ahead inc hosp",2021-05-27,"quantile",0.65,86.0383662962431
"26650",2021-05-15,"34","12  day ahead inc hosp",2021-05-27,"quantile",0.7,92.1771680955874
"26651",2021-05-15,"34","12  day ahead inc hosp",2021-05-27,"quantile",0.75,99.1643509068354
"26652",2021-05-15,"34","12  day ahead inc hosp",2021-05-27,"quantile",0.8,107.404362139707
"26653",2021-05-15,"34","12  day ahead inc hosp",2021-05-27,"quantile",0.85,117.64555856991
"26654",2021-05-15,"34","12  day ahead inc hosp",2021-05-27,"quantile",0.9,131.551783323877
"26655",2021-05-15,"34","12  day ahead inc hosp",2021-05-27,"quantile",0.95,154.386021024055
"26656",2021-05-15,"34","12  day ahead inc hosp",2021-05-27,"quantile",0.975,176.492076972486
"26657",2021-05-15,"34","12  day ahead inc hosp",2021-05-27,"quantile",0.99,205.088636637092
"26658",2021-05-15,"34","13  day ahead inc hosp",2021-05-28,"quantile",0.01,14.9543413251263
"26659",2021-05-15,"34","13  day ahead inc hosp",2021-05-28,"quantile",0.025,19.879326180234
"26660",2021-05-15,"34","13  day ahead inc hosp",2021-05-28,"quantile",0.05,25.0104073619118
"26661",2021-05-15,"34","13  day ahead inc hosp",2021-05-28,"quantile",0.1,32.0927362701834
"26662",2021-05-15,"34","13  day ahead inc hosp",2021-05-28,"quantile",0.15,37.6556736607492
"26663",2021-05-15,"34","13  day ahead inc hosp",2021-05-28,"quantile",0.2,42.5689803659617
"26664",2021-05-15,"34","13  day ahead inc hosp",2021-05-28,"quantile",0.25,47.154332285287
"26665",2021-05-15,"34","13  day ahead inc hosp",2021-05-28,"quantile",0.3,51.5791011467561
"26666",2021-05-15,"34","13  day ahead inc hosp",2021-05-28,"quantile",0.35,55.9506776576294
"26667",2021-05-15,"34","13  day ahead inc hosp",2021-05-28,"quantile",0.4,60.3503645242396
"26668",2021-05-15,"34","13  day ahead inc hosp",2021-05-28,"quantile",0.45,64.8492589616311
"26669",2021-05-15,"34","13  day ahead inc hosp",2021-05-28,"quantile",0.5,69.5179016348964
"26670",2021-05-15,"34","13  day ahead inc hosp",2021-05-28,"quantile",0.55,74.4341993222919
"26671",2021-05-15,"34","13  day ahead inc hosp",2021-05-28,"quantile",0.6,79.692234635872
"26672",2021-05-15,"34","13  day ahead inc hosp",2021-05-28,"quantile",0.65,85.4146558840226
"26673",2021-05-15,"34","13  day ahead inc hosp",2021-05-28,"quantile",0.7,91.773109957399
"26674",2021-05-15,"34","13  day ahead inc hosp",2021-05-28,"quantile",0.75,99.0262950541782
"26675",2021-05-15,"34","13  day ahead inc hosp",2021-05-28,"quantile",0.8,107.59998086095
"26676",2021-05-15,"34","13  day ahead inc hosp",2021-05-28,"quantile",0.85,118.283147907661
"26677",2021-05-15,"34","13  day ahead inc hosp",2021-05-28,"quantile",0.9,132.832558148854
"26678",2021-05-15,"34","13  day ahead inc hosp",2021-05-28,"quantile",0.95,156.815444035328
"26679",2021-05-15,"34","13  day ahead inc hosp",2021-05-28,"quantile",0.975,180.12623150595
"26680",2021-05-15,"34","13  day ahead inc hosp",2021-05-28,"quantile",0.99,210.394025122081
"26681",2021-05-15,"34","14  day ahead inc hosp",2021-05-29,"quantile",0.01,11.88769172364
"26682",2021-05-15,"34","14  day ahead inc hosp",2021-05-29,"quantile",0.025,16.2371225759958
"26683",2021-05-15,"34","14  day ahead inc hosp",2021-05-29,"quantile",0.05,20.8488637410345
"26684",2021-05-15,"34","14  day ahead inc hosp",2021-05-29,"quantile",0.1,27.3135590511619
"26685",2021-05-15,"34","14  day ahead inc hosp",2021-05-29,"quantile",0.15,32.453907458002
"26686",2021-05-15,"34","14  day ahead inc hosp",2021-05-29,"quantile",0.2,37.0310500855998
"26687",2021-05-15,"34","14  day ahead inc hosp",2021-05-29,"quantile",0.25,41.3295674533666
"26688",2021-05-15,"34","14  day ahead inc hosp",2021-05-29,"quantile",0.3,45.4992344678209
"26689",2021-05-15,"34","14  day ahead inc hosp",2021-05-29,"quantile",0.35,49.6375100144005
"26690",2021-05-15,"34","14  day ahead inc hosp",2021-05-29,"quantile",0.4,53.8194122615042
"26691",2021-05-15,"34","14  day ahead inc hosp",2021-05-29,"quantile",0.45,58.1117021038083
"26692",2021-05-15,"34","14  day ahead inc hosp",2021-05-29,"quantile",0.5,62.5816990421168
"26693",2021-05-15,"34","14  day ahead inc hosp",2021-05-29,"quantile",0.55,67.3047447608486
"26694",2021-05-15,"34","14  day ahead inc hosp",2021-05-29,"quantile",0.6,72.372730133125
"26695",2021-05-15,"34","14  day ahead inc hosp",2021-05-29,"quantile",0.65,77.9062875431221
"26696",2021-05-15,"34","14  day ahead inc hosp",2021-05-29,"quantile",0.7,84.0750632141141
"26697",2021-05-15,"34","14  day ahead inc hosp",2021-05-29,"quantile",0.75,91.1356186260889
"26698",2021-05-15,"34","14  day ahead inc hosp",2021-05-29,"quantile",0.8,99.5113041769621
"26699",2021-05-15,"34","14  day ahead inc hosp",2021-05-29,"quantile",0.85,109.988352658174
"26700",2021-05-15,"34","14  day ahead inc hosp",2021-05-29,"quantile",0.9,124.321295596282
"26701",2021-05-15,"34","14  day ahead inc hosp",2021-05-29,"quantile",0.95,148.085852313549
"26702",2021-05-15,"34","14  day ahead inc hosp",2021-05-29,"quantile",0.975,171.323532531791
"26703",2021-05-15,"34","14  day ahead inc hosp",2021-05-29,"quantile",0.99,201.666060695711
"26704",2021-05-15,"34","15  day ahead inc hosp",2021-05-30,"quantile",0.01,8.15997789938423
"26705",2021-05-15,"34","15  day ahead inc hosp",2021-05-30,"quantile",0.025,11.6815760519542
"26706",2021-05-15,"34","15  day ahead inc hosp",2021-05-30,"quantile",0.05,15.5298292513349
"26707",2021-05-15,"34","15  day ahead inc hosp",2021-05-30,"quantile",0.1,21.0672934185499
"26708",2021-05-15,"34","15  day ahead inc hosp",2021-05-30,"quantile",0.15,25.5612845720794
"26709",2021-05-15,"34","15  day ahead inc hosp",2021-05-30,"quantile",0.2,29.6171352180511
"26710",2021-05-15,"34","15  day ahead inc hosp",2021-05-30,"quantile",0.25,33.4656268388126
"26711",2021-05-15,"34","15  day ahead inc hosp",2021-05-30,"quantile",0.3,37.2307665150324
"26712",2021-05-15,"34","15  day ahead inc hosp",2021-05-30,"quantile",0.35,40.9953038748769
"26713",2021-05-15,"34","15  day ahead inc hosp",2021-05-30,"quantile",0.4,44.8248043916107
"26714",2021-05-15,"34","15  day ahead inc hosp",2021-05-30,"quantile",0.45,48.7793583762708
"26715",2021-05-15,"34","15  day ahead inc hosp",2021-05-30,"quantile",0.5,52.9211648128066
"26716",2021-05-15,"34","15  day ahead inc hosp",2021-05-30,"quantile",0.55,57.3212927516521
"26717",2021-05-15,"34","15  day ahead inc hosp",2021-05-30,"quantile",0.6,62.0677426967473
"26718",2021-05-15,"34","15  day ahead inc hosp",2021-05-30,"quantile",0.65,67.277262487345
"26719",2021-05-15,"34","15  day ahead inc hosp",2021-05-30,"quantile",0.7,73.1152306705815
"26720",2021-05-15,"34","15  day ahead inc hosp",2021-05-30,"quantile",0.75,79.8330441702432
"26721",2021-05-15,"34","15  day ahead inc hosp",2021-05-30,"quantile",0.8,87.8471630207524
"26722",2021-05-15,"34","15  day ahead inc hosp",2021-05-30,"quantile",0.85,97.9336443522373
"26723",2021-05-15,"34","15  day ahead inc hosp",2021-05-30,"quantile",0.9,111.830267065238
"26724",2021-05-15,"34","15  day ahead inc hosp",2021-05-30,"quantile",0.95,135.083571399778
"26725",2021-05-15,"34","15  day ahead inc hosp",2021-05-30,"quantile",0.975,158.035275153118
"26726",2021-05-15,"34","15  day ahead inc hosp",2021-05-30,"quantile",0.99,188.266410208893
"26727",2021-05-15,"34","16  day ahead inc hosp",2021-05-31,"quantile",0.01,8.46878755915021
"26728",2021-05-15,"34","16  day ahead inc hosp",2021-05-31,"quantile",0.025,12.2442832237541
"26729",2021-05-15,"34","16  day ahead inc hosp",2021-05-31,"quantile",0.05,16.3960897231759
"26730",2021-05-15,"34","16  day ahead inc hosp",2021-05-31,"quantile",0.1,22.4028035474959
"26731",2021-05-15,"34","16  day ahead inc hosp",2021-05-31,"quantile",0.15,27.2980821443038
"26732",2021-05-15,"34","16  day ahead inc hosp",2021-05-31,"quantile",0.2,31.7282275928332
"26733",2021-05-15,"34","16  day ahead inc hosp",2021-05-31,"quantile",0.25,35.9406850101376
"26734",2021-05-15,"34","16  day ahead inc hosp",2021-05-31,"quantile",0.3,40.0690191026321
"26735",2021-05-15,"34","16  day ahead inc hosp",2021-05-31,"quantile",0.35,44.202843646208
"26736",2021-05-15,"34","16  day ahead inc hosp",2021-05-31,"quantile",0.4,48.4135979993652
"26737",2021-05-15,"34","16  day ahead inc hosp",2021-05-31,"quantile",0.45,52.7671521160428
"26738",2021-05-15,"34","16  day ahead inc hosp",2021-05-31,"quantile",0.5,57.3320438389741
"26739",2021-05-15,"34","16  day ahead inc hosp",2021-05-31,"quantile",0.55,62.1869015574299
"26740",2021-05-15,"34","16  day ahead inc hosp",2021-05-31,"quantile",0.6,67.4293680721236
"26741",2021-05-15,"34","16  day ahead inc hosp",2021-05-31,"quantile",0.65,73.1892419084999
"26742",2021-05-15,"34","16  day ahead inc hosp",2021-05-31,"quantile",0.7,79.650640353345
"26743",2021-05-15,"34","16  day ahead inc hosp",2021-05-31,"quantile",0.75,87.0937180948521
"26744",2021-05-15,"34","16  day ahead inc hosp",2021-05-31,"quantile",0.8,95.9829220468151
"26745",2021-05-15,"34","16  day ahead inc hosp",2021-05-31,"quantile",0.85,107.184294196471
"26746",2021-05-15,"34","16  day ahead inc hosp",2021-05-31,"quantile",0.9,122.638401718956
"26747",2021-05-15,"34","16  day ahead inc hosp",2021-05-31,"quantile",0.95,148.544272956824
"26748",2021-05-15,"34","16  day ahead inc hosp",2021-05-31,"quantile",0.975,174.160843143719
"26749",2021-05-15,"34","16  day ahead inc hosp",2021-05-31,"quantile",0.99,207.959127708841
"26750",2021-05-15,"34","17  day ahead inc hosp",2021-06-01,"quantile",0.01,7.00569176970226
"26751",2021-05-15,"34","17  day ahead inc hosp",2021-06-01,"quantile",0.025,10.4403808821154
"26752",2021-05-15,"34","17  day ahead inc hosp",2021-06-01,"quantile",0.05,14.2906199537992
"26753",2021-05-15,"34","17  day ahead inc hosp",2021-06-01,"quantile",0.1,19.9529420555936
"26754",2021-05-15,"34","17  day ahead inc hosp",2021-06-01,"quantile",0.15,24.6259118964419
"26755",2021-05-15,"34","17  day ahead inc hosp",2021-06-01,"quantile",0.2,28.8896538511801
"26756",2021-05-15,"34","17  day ahead inc hosp",2021-06-01,"quantile",0.25,32.9692323165355
"26757",2021-05-15,"34","17  day ahead inc hosp",2021-06-01,"quantile",0.3,36.9878702558384
"26758",2021-05-15,"34","17  day ahead inc hosp",2021-06-01,"quantile",0.35,41.0296540701915
"26759",2021-05-15,"34","17  day ahead inc hosp",2021-06-01,"quantile",0.4,45.162880923448
"26760",2021-05-15,"34","17  day ahead inc hosp",2021-06-01,"quantile",0.45,49.4516723487415
"26761",2021-05-15,"34","17  day ahead inc hosp",2021-06-01,"quantile",0.5,53.9637770510096
"26762",2021-05-15,"34","17  day ahead inc hosp",2021-06-01,"quantile",0.55,58.7778305871778
"26763",2021-05-15,"34","17  day ahead inc hosp",2021-06-01,"quantile",0.6,63.9922967797946
"26764",2021-05-15,"34","17  day ahead inc hosp",2021-06-01,"quantile",0.65,69.7388104712767
"26765",2021-05-15,"34","17  day ahead inc hosp",2021-06-01,"quantile",0.7,76.2048214917951
"26766",2021-05-15,"34","17  day ahead inc hosp",2021-06-01,"quantile",0.75,83.6763466374933
"26767",2021-05-15,"34","17  day ahead inc hosp",2021-06-01,"quantile",0.8,92.62856694702
"26768",2021-05-15,"34","17  day ahead inc hosp",2021-06-01,"quantile",0.85,103.949200674668
"26769",2021-05-15,"34","17  day ahead inc hosp",2021-06-01,"quantile",0.9,119.631217125309
"26770",2021-05-15,"34","17  day ahead inc hosp",2021-06-01,"quantile",0.95,146.056671686072
"26771",2021-05-15,"34","17  day ahead inc hosp",2021-06-01,"quantile",0.975,172.325782724592
"26772",2021-05-15,"34","17  day ahead inc hosp",2021-06-01,"quantile",0.99,207.155115622867
"26773",2021-05-15,"34","18  day ahead inc hosp",2021-06-02,"quantile",0.01,7.19130503231629
"26774",2021-05-15,"34","18  day ahead inc hosp",2021-06-02,"quantile",0.025,10.8294431903045
"26775",2021-05-15,"34","18  day ahead inc hosp",2021-06-02,"quantile",0.05,14.9346769517016
"26776",2021-05-15,"34","18  day ahead inc hosp",2021-06-02,"quantile",0.1,21.0057192334653
"26777",2021-05-15,"34","18  day ahead inc hosp",2021-06-02,"quantile",0.15,26.0373194701927
"26778",2021-05-15,"34","18  day ahead inc hosp",2021-06-02,"quantile",0.2,30.6409563685738
"26779",2021-05-15,"34","18  day ahead inc hosp",2021-06-02,"quantile",0.25,35.0549673918117
"26780",2021-05-15,"34","18  day ahead inc hosp",2021-06-02,"quantile",0.3,39.4104998518772
"26781",2021-05-15,"34","18  day ahead inc hosp",2021-06-02,"quantile",0.35,43.7975797600387
"26782",2021-05-15,"34","18  day ahead inc hosp",2021-06-02,"quantile",0.4,48.2898002106151
"26783",2021-05-15,"34","18  day ahead inc hosp",2021-06-02,"quantile",0.45,52.956677214212
"26784",2021-05-15,"34","18  day ahead inc hosp",2021-06-02,"quantile",0.5,57.8720321273949
"26785",2021-05-15,"34","18  day ahead inc hosp",2021-06-02,"quantile",0.55,63.1218752923929
"26786",2021-05-15,"34","18  day ahead inc hosp",2021-06-02,"quantile",0.6,68.8141927713607
"26787",2021-05-15,"34","18  day ahead inc hosp",2021-06-02,"quantile",0.65,75.0936123792265
"26788",2021-05-15,"34","18  day ahead inc hosp",2021-06-02,"quantile",0.7,82.1663426985608
"26789",2021-05-15,"34","18  day ahead inc hosp",2021-06-02,"quantile",0.75,90.3473029597753
"26790",2021-05-15,"34","18  day ahead inc hosp",2021-06-02,"quantile",0.8,100.160053062692
"26791",2021-05-15,"34","18  day ahead inc hosp",2021-06-02,"quantile",0.85,112.58328532623
"26792",2021-05-15,"34","18  day ahead inc hosp",2021-06-02,"quantile",0.9,129.815588648739
"26793",2021-05-15,"34","18  day ahead inc hosp",2021-06-02,"quantile",0.95,158.903113597889
"26794",2021-05-15,"34","18  day ahead inc hosp",2021-06-02,"quantile",0.975,187.868661074983
"26795",2021-05-15,"34","18  day ahead inc hosp",2021-06-02,"quantile",0.99,226.334499074224
"26796",2021-05-15,"34","19  day ahead inc hosp",2021-06-03,"quantile",0.01,5.95367469050795
"26797",2021-05-15,"34","19  day ahead inc hosp",2021-06-03,"quantile",0.025,9.2567665902336
"26798",2021-05-15,"34","19  day ahead inc hosp",2021-06-03,"quantile",0.05,13.0593773778693
"26799",2021-05-15,"34","19  day ahead inc hosp",2021-06-03,"quantile",0.1,18.7782957649853
"26800",2021-05-15,"34","19  day ahead inc hosp",2021-06-03,"quantile",0.15,23.5788354232423
"26801",2021-05-15,"34","19  day ahead inc hosp",2021-06-03,"quantile",0.2,28.0073731726924
"26802",2021-05-15,"34","19  day ahead inc hosp",2021-06-03,"quantile",0.25,32.2800131772087
"26803",2021-05-15,"34","19  day ahead inc hosp",2021-06-03,"quantile",0.3,36.5175624132394
"26804",2021-05-15,"34","19  day ahead inc hosp",2021-06-03,"quantile",0.35,40.804491623997
"26805",2021-05-15,"34","19  day ahead inc hosp",2021-06-03,"quantile",0.4,45.2112206758228
"26806",2021-05-15,"34","19  day ahead inc hosp",2021-06-03,"quantile",0.45,49.805490157083
"26807",2021-05-15,"34","19  day ahead inc hosp",2021-06-03,"quantile",0.5,54.6603120022992
"26808",2021-05-15,"34","19  day ahead inc hosp",2021-06-03,"quantile",0.55,59.861692418836
"26809",2021-05-15,"34","19  day ahead inc hosp",2021-06-03,"quantile",0.6,65.518439940378
"26810",2021-05-15,"34","19  day ahead inc hosp",2021-06-03,"quantile",0.65,71.7770403433387
"26811",2021-05-15,"34","19  day ahead inc hosp",2021-06-03,"quantile",0.7,78.8470919887798
"26812",2021-05-15,"34","19  day ahead inc hosp",2021-06-03,"quantile",0.75,87.0495028644427
"26813",2021-05-15,"34","19  day ahead inc hosp",2021-06-03,"quantile",0.8,96.9188449222261
"26814",2021-05-15,"34","19  day ahead inc hosp",2021-06-03,"quantile",0.85,109.456145908196
"26815",2021-05-15,"34","19  day ahead inc hosp",2021-06-03,"quantile",0.9,126.914257816035
"26816",2021-05-15,"34","19  day ahead inc hosp",2021-06-03,"quantile",0.95,156.530040163767
"26817",2021-05-15,"34","19  day ahead inc hosp",2021-06-03,"quantile",0.975,186.17030533989
"26818",2021-05-15,"34","19  day ahead inc hosp",2021-06-03,"quantile",0.99,225.714775682927
"26819",2021-05-15,"34","20  day ahead inc hosp",2021-06-04,"quantile",0.01,5.06040788764087
"26820",2021-05-15,"34","20  day ahead inc hosp",2021-06-04,"quantile",0.025,8.11272246127919
"26821",2021-05-15,"34","20  day ahead inc hosp",2021-06-04,"quantile",0.05,11.6942615952997
"26822",2021-05-15,"34","20  day ahead inc hosp",2021-06-04,"quantile",0.1,17.16662815874
"26823",2021-05-15,"34","20  day ahead inc hosp",2021-06-04,"quantile",0.15,21.8150287816029
"26824",2021-05-15,"34","20  day ahead inc hosp",2021-06-04,"quantile",0.2,26.1360074771741
"26825",2021-05-15,"34","20  day ahead inc hosp",2021-06-04,"quantile",0.25,30.3288495144636
"26826",2021-05-15,"34","20  day ahead inc hosp",2021-06-04,"quantile",0.3,34.506730156353
"26827",2021-05-15,"34","20  day ahead inc hosp",2021-06-04,"quantile",0.35,38.7502265900978
"26828",2021-05-15,"34","20  day ahead inc hosp",2021-06-04,"quantile",0.4,43.1277797160029
"26829",2021-05-15,"34","20  day ahead inc hosp",2021-06-04,"quantile",0.45,47.7063424053978
"26830",2021-05-15,"34","20  day ahead inc hosp",2021-06-04,"quantile",0.5,52.5590465517023
"26831",2021-05-15,"34","20  day ahead inc hosp",2021-06-04,"quantile",0.55,57.7728760620825
"26832",2021-05-15,"34","20  day ahead inc hosp",2021-06-04,"quantile",0.6,63.458608754906
"26833",2021-05-15,"34","20  day ahead inc hosp",2021-06-04,"quantile",0.65,69.766049430258
"26834",2021-05-15,"34","20  day ahead inc hosp",2021-06-04,"quantile",0.7,76.9102008007271
"26835",2021-05-15,"34","20  day ahead inc hosp",2021-06-04,"quantile",0.75,85.2209680044711
"26836",2021-05-15,"34","20  day ahead inc hosp",2021-06-04,"quantile",0.8,95.2488588749354
"26837",2021-05-15,"34","20  day ahead inc hosp",2021-06-04,"quantile",0.85,108.026330762072
"26838",2021-05-15,"34","20  day ahead inc hosp",2021-06-04,"quantile",0.9,125.880708428695
"26839",2021-05-15,"34","20  day ahead inc hosp",2021-06-04,"quantile",0.95,156.303530673511
"26840",2021-05-15,"34","20  day ahead inc hosp",2021-06-04,"quantile",0.975,186.887907519877
"26841",2021-05-15,"34","20  day ahead inc hosp",2021-06-04,"quantile",0.99,227.859707789488
"26842",2021-05-15,"34","21  day ahead inc hosp",2021-06-05,"quantile",0.01,3.58649306506398
"26843",2021-05-15,"34","21  day ahead inc hosp",2021-06-05,"quantile",0.025,6.0680030385826
"26844",2021-05-15,"34","21  day ahead inc hosp",2021-06-05,"quantile",0.05,9.07792415313508
"26845",2021-05-15,"34","21  day ahead inc hosp",2021-06-05,"quantile",0.1,13.8033152936456
"26846",2021-05-15,"34","21  day ahead inc hosp",2021-06-05,"quantile",0.15,17.8985314209275
"26847",2021-05-15,"34","21  day ahead inc hosp",2021-06-05,"quantile",0.2,21.7542339078749
"26848",2021-05-15,"34","21  day ahead inc hosp",2021-06-05,"quantile",0.25,25.5315420514522
"26849",2021-05-15,"34","21  day ahead inc hosp",2021-06-05,"quantile",0.3,29.3246733857105
"26850",2021-05-15,"34","21  day ahead inc hosp",2021-06-05,"quantile",0.35,33.2029312499393
"26851",2021-05-15,"34","21  day ahead inc hosp",2021-06-05,"quantile",0.4,37.2271194683173
"26852",2021-05-15,"34","21  day ahead inc hosp",2021-06-05,"quantile",0.45,41.4584077824737
"26853",2021-05-15,"34","21  day ahead inc hosp",2021-06-05,"quantile",0.5,45.9650602412684
"26854",2021-05-15,"34","21  day ahead inc hosp",2021-06-05,"quantile",0.55,50.8295113231716
"26855",2021-05-15,"34","21  day ahead inc hosp",2021-06-05,"quantile",0.6,56.1578267387463
"26856",2021-05-15,"34","21  day ahead inc hosp",2021-06-05,"quantile",0.65,62.0944259939494
"26857",2021-05-15,"34","21  day ahead inc hosp",2021-06-05,"quantile",0.7,68.8475559999919
"26858",2021-05-15,"34","21  day ahead inc hosp",2021-06-05,"quantile",0.75,76.7378391329964
"26859",2021-05-15,"34","21  day ahead inc hosp",2021-06-05,"quantile",0.8,86.3017328657539
"26860",2021-05-15,"34","21  day ahead inc hosp",2021-06-05,"quantile",0.85,98.5477865930866
"26861",2021-05-15,"34","21  day ahead inc hosp",2021-06-05,"quantile",0.9,115.755243818922
"26862",2021-05-15,"34","21  day ahead inc hosp",2021-06-05,"quantile",0.95,145.285041770614
"26863",2021-05-15,"34","21  day ahead inc hosp",2021-06-05,"quantile",0.975,175.184027298658
"26864",2021-05-15,"34","21  day ahead inc hosp",2021-06-05,"quantile",0.99,215.499645943995
"26865",2021-05-15,"34","22  day ahead inc hosp",2021-06-06,"quantile",0.01,2.4939596303325
"26866",2021-05-15,"34","22  day ahead inc hosp",2021-06-06,"quantile",0.025,4.48680015718676
"26867",2021-05-15,"34","22  day ahead inc hosp",2021-06-06,"quantile",0.05,6.99571011763564
"26868",2021-05-15,"34","22  day ahead inc hosp",2021-06-06,"quantile",0.1,11.0539340619506
"26869",2021-05-15,"34","22  day ahead inc hosp",2021-06-06,"quantile",0.15,14.6481103120078
"26870",2021-05-15,"34","22  day ahead inc hosp",2021-06-06,"quantile",0.2,18.0786765681952
"26871",2021-05-15,"34","22  day ahead inc hosp",2021-06-06,"quantile",0.25,21.4738139829013
"26872",2021-05-15,"34","22  day ahead inc hosp",2021-06-06,"quantile",0.3,24.9112204843672
"26873",2021-05-15,"34","22  day ahead inc hosp",2021-06-06,"quantile",0.35,28.4502814986662
"26874",2021-05-15,"34","22  day ahead inc hosp",2021-06-06,"quantile",0.4,32.1450099841677
"26875",2021-05-15,"34","22  day ahead inc hosp",2021-06-06,"quantile",0.45,36.0513687675561
"26876",2021-05-15,"34","22  day ahead inc hosp",2021-06-06,"quantile",0.5,40.2331770245739
"26877",2021-05-15,"34","22  day ahead inc hosp",2021-06-06,"quantile",0.55,44.7686538728163
"26878",2021-05-15,"34","22  day ahead inc hosp",2021-06-06,"quantile",0.6,49.7594384380025
"26879",2021-05-15,"34","22  day ahead inc hosp",2021-06-06,"quantile",0.65,55.3448319981544
"26880",2021-05-15,"34","22  day ahead inc hosp",2021-06-06,"quantile",0.7,61.7266028900365
"26881",2021-05-15,"34","22  day ahead inc hosp",2021-06-06,"quantile",0.75,69.2164145006699
"26882",2021-05-15,"34","22  day ahead inc hosp",2021-06-06,"quantile",0.8,78.3371049565952
"26883",2021-05-15,"34","22  day ahead inc hosp",2021-06-06,"quantile",0.85,90.0739818009173
"26884",2021-05-15,"34","22  day ahead inc hosp",2021-06-06,"quantile",0.9,106.65945280174
"26885",2021-05-15,"34","22  day ahead inc hosp",2021-06-06,"quantile",0.95,135.32703306087
"26886",2021-05-15,"34","22  day ahead inc hosp",2021-06-06,"quantile",0.975,164.561636275033
"26887",2021-05-15,"34","22  day ahead inc hosp",2021-06-06,"quantile",0.99,204.239328262633
"26888",2021-05-15,"34","23  day ahead inc hosp",2021-06-07,"quantile",0.01,2.62114034432112
"26889",2021-05-15,"34","23  day ahead inc hosp",2021-06-07,"quantile",0.025,4.75139078558791
"26890",2021-05-15,"34","23  day ahead inc hosp",2021-06-07,"quantile",0.05,7.44550737885162
"26891",2021-05-15,"34","23  day ahead inc hosp",2021-06-07,"quantile",0.1,11.8190265257355
"26892",2021-05-15,"34","23  day ahead inc hosp",2021-06-07,"quantile",0.15,15.7024892887528
"26893",2021-05-15,"34","23  day ahead inc hosp",2021-06-07,"quantile",0.2,19.4151918875945
"26894",2021-05-15,"34","23  day ahead inc hosp",2021-06-07,"quantile",0.25,23.0939640493674
"26895",2021-05-15,"34","23  day ahead inc hosp",2021-06-07,"quantile",0.3,26.8221302894904
"26896",2021-05-15,"34","23  day ahead inc hosp",2021-06-07,"quantile",0.35,30.6636825303686
"26897",2021-05-15,"34","23  day ahead inc hosp",2021-06-07,"quantile",0.4,34.6770773638085
"26898",2021-05-15,"34","23  day ahead inc hosp",2021-06-07,"quantile",0.45,38.9230909762479
"26899",2021-05-15,"34","23  day ahead inc hosp",2021-06-07,"quantile",0.5,43.4712031809734
"26900",2021-05-15,"34","23  day ahead inc hosp",2021-06-07,"quantile",0.55,48.4067131579669
"26901",2021-05-15,"34","23  day ahead inc hosp",2021-06-07,"quantile",0.6,53.8405817631837
"26902",2021-05-15,"34","23  day ahead inc hosp",2021-06-07,"quantile",0.65,59.9249967180383
"26903",2021-05-15,"34","23  day ahead inc hosp",2021-06-07,"quantile",0.7,66.8805012786357
"26904",2021-05-15,"34","23  day ahead inc hosp",2021-06-07,"quantile",0.75,75.0478839946194
"26905",2021-05-15,"34","23  day ahead inc hosp",2021-06-07,"quantile",0.8,84.999011641086
"26906",2021-05-15,"34","23  day ahead inc hosp",2021-06-07,"quantile",0.85,97.811881755404
"26907",2021-05-15,"34","23  day ahead inc hosp",2021-06-07,"quantile",0.9,115.929620732014
"26908",2021-05-15,"34","23  day ahead inc hosp",2021-06-07,"quantile",0.95,147.271509112372
"26909",2021-05-15,"34","23  day ahead inc hosp",2021-06-07,"quantile",0.975,179.25951468527
"26910",2021-05-15,"34","23  day ahead inc hosp",2021-06-07,"quantile",0.99,222.706497976087
"26911",2021-05-15,"34","24  day ahead inc hosp",2021-06-08,"quantile",0.01,2.34300743944223
"26912",2021-05-15,"34","24  day ahead inc hosp",2021-06-08,"quantile",0.025,4.37653923146895
"26913",2021-05-15,"34","24  day ahead inc hosp",2021-06-08,"quantile",0.05,6.99488948947671
"26914",2021-05-15,"34","24  day ahead inc hosp",2021-06-08,"quantile",0.1,11.3058905455924
"26915",2021-05-15,"34","24  day ahead inc hosp",2021-06-08,"quantile",0.15,15.1727266546406
"26916",2021-05-15,"34","24  day ahead inc hosp",2021-06-08,"quantile",0.2,18.8929395405325
"26917",2021-05-15,"34","24  day ahead inc hosp",2021-06-08,"quantile",0.25,22.596364809093
"26918",2021-05-15,"34","24  day ahead inc hosp",2021-06-08,"quantile",0.3,26.3635672332127
"26919",2021-05-15,"34","24  day ahead inc hosp",2021-06-08,"quantile",0.35,30.2576164964505
"26920",2021-05-15,"34","24  day ahead inc hosp",2021-06-08,"quantile",0.4,34.3371189861602
"26921",2021-05-15,"34","24  day ahead inc hosp",2021-06-08,"quantile",0.45,38.6638232742065
"26922",2021-05-15,"34","24  day ahead inc hosp",2021-06-08,"quantile",0.5,43.3089892497765
"26923",2021-05-15,"34","24  day ahead inc hosp",2021-06-08,"quantile",0.55,48.3606552113711
"26924",2021-05-15,"34","24  day ahead inc hosp",2021-06-08,"quantile",0.6,53.9338198373353
"26925",2021-05-15,"34","24  day ahead inc hosp",2021-06-08,"quantile",0.65,60.1866406342524
"26926",2021-05-15,"34","24  day ahead inc hosp",2021-06-08,"quantile",0.7,67.3487420594809
"26927",2021-05-15,"34","24  day ahead inc hosp",2021-06-08,"quantile",0.75,75.7754342315632
"26928",2021-05-15,"34","24  day ahead inc hosp",2021-06-08,"quantile",0.8,86.0636207375449
"26929",2021-05-15,"34","24  day ahead inc hosp",2021-06-08,"quantile",0.85,99.3396620606923
"26930",2021-05-15,"34","24  day ahead inc hosp",2021-06-08,"quantile",0.9,118.159129349932
"26931",2021-05-15,"34","24  day ahead inc hosp",2021-06-08,"quantile",0.95,150.817736985771
"26932",2021-05-15,"34","24  day ahead inc hosp",2021-06-08,"quantile",0.975,184.254087529962
"26933",2021-05-15,"34","24  day ahead inc hosp",2021-06-08,"quantile",0.99,229.797404117544
"26934",2021-05-15,"34","25  day ahead inc hosp",2021-06-09,"quantile",0.01,2.02284672481695
"26935",2021-05-15,"34","25  day ahead inc hosp",2021-06-09,"quantile",0.025,3.91697348640633
"26936",2021-05-15,"34","25  day ahead inc hosp",2021-06-09,"quantile",0.05,6.40843599560474
"26937",2021-05-15,"34","25  day ahead inc hosp",2021-06-09,"quantile",0.1,10.579290992213
"26938",2021-05-15,"34","25  day ahead inc hosp",2021-06-09,"quantile",0.15,14.3647634336309
"26939",2021-05-15,"34","25  day ahead inc hosp",2021-06-09,"quantile",0.2,18.0334468937652
"26940",2021-05-15,"34","25  day ahead inc hosp",2021-06-09,"quantile",0.25,21.705278848844
"26941",2021-05-15,"34","25  day ahead inc hosp",2021-06-09,"quantile",0.3,25.4564535525597
"26942",2021-05-15,"34","25  day ahead inc hosp",2021-06-09,"quantile",0.35,29.3480235950014
"26943",2021-05-15,"34","25  day ahead inc hosp",2021-06-09,"quantile",0.4,33.4378703621965
"26944",2021-05-15,"34","25  day ahead inc hosp",2021-06-09,"quantile",0.45,37.7879126095969
"26945",2021-05-15,"34","25  day ahead inc hosp",2021-06-09,"quantile",0.5,42.4703638117461
"26946",2021-05-15,"34","25  day ahead inc hosp",2021-06-09,"quantile",0.55,47.5750640019821
"26947",2021-05-15,"34","25  day ahead inc hosp",2021-06-09,"quantile",0.6,53.219898726504
"26948",2021-05-15,"34","25  day ahead inc hosp",2021-06-09,"quantile",0.65,59.5674814627192
"26949",2021-05-15,"34","25  day ahead inc hosp",2021-06-09,"quantile",0.7,66.8543919471495
"26950",2021-05-15,"34","25  day ahead inc hosp",2021-06-09,"quantile",0.75,75.447258705635
"26951",2021-05-15,"34","25  day ahead inc hosp",2021-06-09,"quantile",0.8,85.9627661335872
"26952",2021-05-15,"34","25  day ahead inc hosp",2021-06-09,"quantile",0.85,99.5659495341169
"26953",2021-05-15,"34","25  day ahead inc hosp",2021-06-09,"quantile",0.9,118.903423851821
"26954",2021-05-15,"34","25  day ahead inc hosp",2021-06-09,"quantile",0.95,152.580369291924
"26955",2021-05-15,"34","25  day ahead inc hosp",2021-06-09,"quantile",0.975,187.180804009384
"26956",2021-05-15,"34","25  day ahead inc hosp",2021-06-09,"quantile",0.99,234.460071737497
"26957",2021-05-15,"34","26  day ahead inc hosp",2021-06-10,"quantile",0.01,1.93929042057485
"26958",2021-05-15,"34","26  day ahead inc hosp",2021-06-10,"quantile",0.025,3.83349588606325
"26959",2021-05-15,"34","26  day ahead inc hosp",2021-06-10,"quantile",0.05,6.35551900749253
"26960",2021-05-15,"34","26  day ahead inc hosp",2021-06-10,"quantile",0.1,10.6173150029644
"26961",2021-05-15,"34","26  day ahead inc hosp",2021-06-10,"quantile",0.15,14.5109174531471
"26962",2021-05-15,"34","26  day ahead inc hosp",2021-06-10,"quantile",0.2,18.2998101949122
"26963",2021-05-15,"34","26  day ahead inc hosp",2021-06-10,"quantile",0.25,22.1033026217462
"26964",2021-05-15,"34","26  day ahead inc hosp",2021-06-10,"quantile",0.3,25.9982580268836
"26965",2021-05-15,"34","26  day ahead inc hosp",2021-06-10,"quantile",0.35,30.047100017009
"26966",2021-05-15,"34","26  day ahead inc hosp",2021-06-10,"quantile",0.4,34.3096809869546
"26967",2021-05-15,"34","26  day ahead inc hosp",2021-06-10,"quantile",0.45,38.850564812126
"26968",2021-05-15,"34","26  day ahead inc hosp",2021-06-10,"quantile",0.5,43.7454796439211
"26969",2021-05-15,"34","26  day ahead inc hosp",2021-06-10,"quantile",0.55,49.0889894144949
"26970",2021-05-15,"34","26  day ahead inc hosp",2021-06-10,"quantile",0.6,55.0054776875554
"26971",2021-05-15,"34","26  day ahead inc hosp",2021-06-10,"quantile",0.65,61.666794068642
"26972",2021-05-15,"34","26  day ahead inc hosp",2021-06-10,"quantile",0.7,69.3232290404331
"26973",2021-05-15,"34","26  day ahead inc hosp",2021-06-10,"quantile",0.75,78.3629734262102
"26974",2021-05-15,"34","26  day ahead inc hosp",2021-06-10,"quantile",0.8,89.4394167694947
"26975",2021-05-15,"34","26  day ahead inc hosp",2021-06-10,"quantile",0.85,103.787709852904
"26976",2021-05-15,"34","26  day ahead inc hosp",2021-06-10,"quantile",0.9,124.215645059961
"26977",2021-05-15,"34","26  day ahead inc hosp",2021-06-10,"quantile",0.95,159.860483496577
"26978",2021-05-15,"34","26  day ahead inc hosp",2021-06-10,"quantile",0.975,196.552786571118
"26979",2021-05-15,"34","26  day ahead inc hosp",2021-06-10,"quantile",0.99,246.777106690012
"26980",2021-05-15,"34","27  day ahead inc hosp",2021-06-11,"quantile",0.01,1.70213260049913
"26981",2021-05-15,"34","27  day ahead inc hosp",2021-06-11,"quantile",0.025,3.48439968740924
"26982",2021-05-15,"34","27  day ahead inc hosp",2021-06-11,"quantile",0.05,5.90635863598604
"26983",2021-05-15,"34","27  day ahead inc hosp",2021-06-11,"quantile",0.1,10.0635267351387
"26984",2021-05-15,"34","27  day ahead inc hosp",2021-06-11,"quantile",0.15,13.9031917374933
"26985",2021-05-15,"34","27  day ahead inc hosp",2021-06-11,"quantile",0.2,17.6647671390399
"26986",2021-05-15,"34","27  day ahead inc hosp",2021-06-11,"quantile",0.25,21.4594075666689
"26987",2021-05-15,"34","27  day ahead inc hosp",2021-06-11,"quantile",0.3,25.3605038107555
"26988",2021-05-15,"34","27  day ahead inc hosp",2021-06-11,"quantile",0.35,29.4290445292459
"26989",2021-05-15,"34","27  day ahead inc hosp",2021-06-11,"quantile",0.4,33.7246104952447
"26990",2021-05-15,"34","27  day ahead inc hosp",2021-06-11,"quantile",0.45,38.312348557333
"26991",2021-05-15,"34","27  day ahead inc hosp",2021-06-11,"quantile",0.5,43.2693684061056
"26992",2021-05-15,"34","27  day ahead inc hosp",2021-06-11,"quantile",0.55,48.6925279568791
"26993",2021-05-15,"34","27  day ahead inc hosp",2021-06-11,"quantile",0.6,54.7097127938184
"26994",2021-05-15,"34","27  day ahead inc hosp",2021-06-11,"quantile",0.65,61.4980530395094
"26995",2021-05-15,"34","27  day ahead inc hosp",2021-06-11,"quantile",0.7,69.3159751853136
"26996",2021-05-15,"34","27  day ahead inc hosp",2021-06-11,"quantile",0.75,78.5648039156509
"26997",2021-05-15,"34","27  day ahead inc hosp",2021-06-11,"quantile",0.8,89.9207544951409
"26998",2021-05-15,"34","27  day ahead inc hosp",2021-06-11,"quantile",0.85,104.663407267686
"26999",2021-05-15,"34","27  day ahead inc hosp",2021-06-11,"quantile",0.9,125.704709828525
"27000",2021-05-15,"34","27  day ahead inc hosp",2021-06-11,"quantile",0.95,162.534273119467
"27001",2021-05-15,"34","27  day ahead inc hosp",2021-06-11,"quantile",0.975,200.562710896511
"27002",2021-05-15,"34","27  day ahead inc hosp",2021-06-11,"quantile",0.99,252.760422945138
"27003",2021-05-15,"34","28  day ahead inc hosp",2021-06-12,"quantile",0.01,1.22768709222511
"27004",2021-05-15,"34","28  day ahead inc hosp",2021-06-12,"quantile",0.025,2.69630563497081
"27005",2021-05-15,"34","28  day ahead inc hosp",2021-06-12,"quantile",0.05,4.77460906728755
"27006",2021-05-15,"34","28  day ahead inc hosp",2021-06-12,"quantile",0.1,8.45240604880556
"27007",2021-05-15,"34","28  day ahead inc hosp",2021-06-12,"quantile",0.15,11.9213911531469
"27008",2021-05-15,"34","28  day ahead inc hosp",2021-06-12,"quantile",0.2,15.3636863082512
"27009",2021-05-15,"34","28  day ahead inc hosp",2021-06-12,"quantile",0.25,18.8687551180427
"27010",2021-05-15,"34","28  day ahead inc hosp",2021-06-12,"quantile",0.3,22.4988778720916
"27011",2021-05-15,"34","28  day ahead inc hosp",2021-06-12,"quantile",0.35,26.3082855333825
"27012",2021-05-15,"34","28  day ahead inc hosp",2021-06-12,"quantile",0.4,30.3519029314312
"27013",2021-05-15,"34","28  day ahead inc hosp",2021-06-12,"quantile",0.45,34.6913105502156
"27014",2021-05-15,"34","28  day ahead inc hosp",2021-06-12,"quantile",0.5,39.4006012948507
"27015",2021-05-15,"34","28  day ahead inc hosp",2021-06-12,"quantile",0.55,44.5738219259439
"27016",2021-05-15,"34","28  day ahead inc hosp",2021-06-12,"quantile",0.6,50.3359801353938
"27017",2021-05-15,"34","28  day ahead inc hosp",2021-06-12,"quantile",0.65,56.8609836451465
"27018",2021-05-15,"34","28  day ahead inc hosp",2021-06-12,"quantile",0.7,64.4033325142971
"27019",2021-05-15,"34","28  day ahead inc hosp",2021-06-12,"quantile",0.75,73.3591602059858
"27020",2021-05-15,"34","28  day ahead inc hosp",2021-06-12,"quantile",0.8,84.3972152098076
"27021",2021-05-15,"34","28  day ahead inc hosp",2021-06-12,"quantile",0.85,98.7852517726404
"27022",2021-05-15,"34","28  day ahead inc hosp",2021-06-12,"quantile",0.9,119.414024475793
"27023",2021-05-15,"34","28  day ahead inc hosp",2021-06-12,"quantile",0.95,155.728476480928
"27024",2021-05-15,"34","28  day ahead inc hosp",2021-06-12,"quantile",0.975,193.436382832273
"27025",2021-05-15,"34","28  day ahead inc hosp",2021-06-12,"quantile",0.99,245.456730847205
"27026",2021-05-15,"34","29  day ahead inc hosp",2021-06-13,"quantile",0.01,0.566493102261992
"27027",2021-05-15,"34","29  day ahead inc hosp",2021-06-13,"quantile",0.025,1.48923071995475
"27028",2021-05-15,"34","29  day ahead inc hosp",2021-06-13,"quantile",0.05,2.93275918121526
"27029",2021-05-15,"34","29  day ahead inc hosp",2021-06-13,"quantile",0.1,5.67982413808632
"27030",2021-05-15,"34","29  day ahead inc hosp",2021-06-13,"quantile",0.15,8.39975966850341
"27031",2021-05-15,"34","29  day ahead inc hosp",2021-06-13,"quantile",0.2,11.1785724538894
"27032",2021-05-15,"34","29  day ahead inc hosp",2021-06-13,"quantile",0.25,14.0679157687483
"27033",2021-05-15,"34","29  day ahead inc hosp",2021-06-13,"quantile",0.3,17.1099758913618
"27034",2021-05-15,"34","29  day ahead inc hosp",2021-06-13,"quantile",0.35,20.3461888405466
"27035",2021-05-15,"34","29  day ahead inc hosp",2021-06-13,"quantile",0.4,23.8221154827707
"27036",2021-05-15,"34","29  day ahead inc hosp",2021-06-13,"quantile",0.45,27.5915915347912
"27037",2021-05-15,"34","29  day ahead inc hosp",2021-06-13,"quantile",0.5,31.7215384328753
"27038",2021-05-15,"34","29  day ahead inc hosp",2021-06-13,"quantile",0.55,36.2986361810181
"27039",2021-05-15,"34","29  day ahead inc hosp",2021-06-13,"quantile",0.6,41.4395854111611
"27040",2021-05-15,"34","29  day ahead inc hosp",2021-06-13,"quantile",0.65,47.3081121418239
"27041",2021-05-15,"34","29  day ahead inc hosp",2021-06-13,"quantile",0.7,54.1452365603554
"27042",2021-05-15,"34","29  day ahead inc hosp",2021-06-13,"quantile",0.75,62.3278104809308
"27043",2021-05-15,"34","29  day ahead inc hosp",2021-06-13,"quantile",0.8,72.4944924023205
"27044",2021-05-15,"34","29  day ahead inc hosp",2021-06-13,"quantile",0.85,85.8605168316152
"27045",2021-05-15,"34","29  day ahead inc hosp",2021-06-13,"quantile",0.9,105.208280213118
"27046",2021-05-15,"34","29  day ahead inc hosp",2021-06-13,"quantile",0.95,139.677735554742
"27047",2021-05-15,"34","29  day ahead inc hosp",2021-06-13,"quantile",0.975,175.890891180753
"27048",2021-05-15,"34","29  day ahead inc hosp",2021-06-13,"quantile",0.99,226.375224407817
"27049",2021-05-15,"34","30  day ahead inc hosp",2021-06-14,"quantile",0.01,0.578070819569348
"27050",2021-05-15,"34","30  day ahead inc hosp",2021-06-14,"quantile",0.025,1.54514161368117
"27051",2021-05-15,"34","30  day ahead inc hosp",2021-06-14,"quantile",0.05,3.07175014775932
"27052",2021-05-15,"34","30  day ahead inc hosp",2021-06-14,"quantile",0.1,5.99545683279248
"27053",2021-05-15,"34","30  day ahead inc hosp",2021-06-14,"quantile",0.15,8.90232739235155
"27054",2021-05-15,"34","30  day ahead inc hosp",2021-06-14,"quantile",0.2,11.8794370861296
"27055",2021-05-15,"34","30  day ahead inc hosp",2021-06-14,"quantile",0.25,14.9803933429593
"27056",2021-05-15,"34","30  day ahead inc hosp",2021-06-14,"quantile",0.3,18.2497197624789
"27057",2021-05-15,"34","30  day ahead inc hosp",2021-06-14,"quantile",0.35,21.7316356385263
"27058",2021-05-15,"34","30  day ahead inc hosp",2021-06-14,"quantile",0.4,25.4750972042554
"27059",2021-05-15,"34","30  day ahead inc hosp",2021-06-14,"quantile",0.45,29.5381911575396
"27060",2021-05-15,"34","30  day ahead inc hosp",2021-06-14,"quantile",0.5,33.9933016476832
"27061",2021-05-15,"34","30  day ahead inc hosp",2021-06-14,"quantile",0.55,38.9343253406405
"27062",2021-05-15,"34","30  day ahead inc hosp",2021-06-14,"quantile",0.6,44.487798595134
"27063",2021-05-15,"34","30  day ahead inc hosp",2021-06-14,"quantile",0.65,50.8313575409042
"27064",2021-05-15,"34","30  day ahead inc hosp",2021-06-14,"quantile",0.7,58.2266151633374
"27065",2021-05-15,"34","30  day ahead inc hosp",2021-06-14,"quantile",0.75,67.0827622373286
"27066",2021-05-15,"34","30  day ahead inc hosp",2021-06-14,"quantile",0.8,78.0934697348711
"27067",2021-05-15,"34","30  day ahead inc hosp",2021-06-14,"quantile",0.85,92.5790348252731
"27068",2021-05-15,"34","30  day ahead inc hosp",2021-06-14,"quantile",0.9,113.563384294229
"27069",2021-05-15,"34","30  day ahead inc hosp",2021-06-14,"quantile",0.95,150.984108042564
"27070",2021-05-15,"34","30  day ahead inc hosp",2021-06-14,"quantile",0.975,190.334210448407
"27071",2021-05-15,"34","30  day ahead inc hosp",2021-06-14,"quantile",0.99,245.23702492495
"27072",2021-05-15,"34","31  day ahead inc hosp",2021-06-15,"quantile",0.01,0.417042947688963
"27073",2021-05-15,"34","31  day ahead inc hosp",2021-06-15,"quantile",0.025,1.22609987407925
"27074",2021-05-15,"34","31  day ahead inc hosp",2021-06-15,"quantile",0.05,2.57005091116754
"27075",2021-05-15,"34","31  day ahead inc hosp",2021-06-15,"quantile",0.1,5.23655116811574
"27076",2021-05-15,"34","31  day ahead inc hosp",2021-06-15,"quantile",0.15,7.94879739297754
"27077",2021-05-15,"34","31  day ahead inc hosp",2021-06-15,"quantile",0.2,10.7641143364911
"27078",2021-05-15,"34","31  day ahead inc hosp",2021-06-15,"quantile",0.25,13.7245897337202
"27079",2021-05-15,"34","31  day ahead inc hosp",2021-06-15,"quantile",0.3,16.8690066038641
"27080",2021-05-15,"34","31  day ahead inc hosp",2021-06-15,"quantile",0.35,20.2383852885445
"27081",2021-05-15,"34","31  day ahead inc hosp",2021-06-15,"quantile",0.4,23.8798530772867
"27082",2021-05-15,"34","31  day ahead inc hosp",2021-06-15,"quantile",0.45,27.8505463430758
"27083",2021-05-15,"34","31  day ahead inc hosp",2021-06-15,"quantile",0.5,32.2225766556755
"27084",2021-05-15,"34","31  day ahead inc hosp",2021-06-15,"quantile",0.55,37.0902097259903
"27085",2021-05-15,"34","31  day ahead inc hosp",2021-06-15,"quantile",0.6,42.5810948866462
"27086",2021-05-15,"34","31  day ahead inc hosp",2021-06-15,"quantile",0.65,48.8750055322686
"27087",2021-05-15,"34","31  day ahead inc hosp",2021-06-15,"quantile",0.7,56.2373070034025
"27088",2021-05-15,"34","31  day ahead inc hosp",2021-06-15,"quantile",0.75,65.0838009346446
"27089",2021-05-15,"34","31  day ahead inc hosp",2021-06-15,"quantile",0.8,76.1204666613359
"27090",2021-05-15,"34","31  day ahead inc hosp",2021-06-15,"quantile",0.85,90.6930946388651
"27091",2021-05-15,"34","31  day ahead inc hosp",2021-06-15,"quantile",0.9,111.889277298853
"27092",2021-05-15,"34","31  day ahead inc hosp",2021-06-15,"quantile",0.95,149.878690671146
"27093",2021-05-15,"34","31  day ahead inc hosp",2021-06-15,"quantile",0.975,190.022648532646
"27094",2021-05-15,"34","31  day ahead inc hosp",2021-06-15,"quantile",0.99,246.277621530499
"27095",2021-05-15,"34","32  day ahead inc hosp",2021-06-16,"quantile",0.01,0.407234046860142
"27096",2021-05-15,"34","32  day ahead inc hosp",2021-06-16,"quantile",0.025,1.23049440692794
"27097",2021-05-15,"34","32  day ahead inc hosp",2021-06-16,"quantile",0.05,2.6178934464123
"27098",2021-05-15,"34","32  day ahead inc hosp",2021-06-16,"quantile",0.1,5.39779498571126
"27099",2021-05-15,"34","32  day ahead inc hosp",2021-06-16,"quantile",0.15,8.24313141358845
"27100",2021-05-15,"34","32  day ahead inc hosp",2021-06-16,"quantile",0.2,11.2074238728861
"27101",2021-05-15,"34","32  day ahead inc hosp",2021-06-16,"quantile",0.25,14.3326172716333
"27102",2021-05-15,"34","32  day ahead inc hosp",2021-06-16,"quantile",0.3,17.6586402958598
"27103",2021-05-15,"34","32  day ahead inc hosp",2021-06-16,"quantile",0.35,21.2284863717764
"27104",2021-05-15,"34","32  day ahead inc hosp",2021-06-16,"quantile",0.4,25.0920426282769
"27105",2021-05-15,"34","32  day ahead inc hosp",2021-06-16,"quantile",0.45,29.3101318053475
"27106",2021-05-15,"34","32  day ahead inc hosp",2021-06-16,"quantile",0.5,33.9597683781471
"27107",2021-05-15,"34","32  day ahead inc hosp",2021-06-16,"quantile",0.55,39.1418243166637
"27108",2021-05-15,"34","32  day ahead inc hosp",2021-06-16,"quantile",0.6,44.9930625321374
"27109",2021-05-15,"34","32  day ahead inc hosp",2021-06-16,"quantile",0.65,51.7062486070155
"27110",2021-05-15,"34","32  day ahead inc hosp",2021-06-16,"quantile",0.7,59.5660922826306
"27111",2021-05-15,"34","32  day ahead inc hosp",2021-06-16,"quantile",0.75,69.0189120247427
"27112",2021-05-15,"34","32  day ahead inc hosp",2021-06-16,"quantile",0.8,80.8228095554391
"27113",2021-05-15,"34","32  day ahead inc hosp",2021-06-16,"quantile",0.85,96.4235177528031
"27114",2021-05-15,"34","32  day ahead inc hosp",2021-06-16,"quantile",0.9,119.139417742328
"27115",2021-05-15,"34","32  day ahead inc hosp",2021-06-16,"quantile",0.95,159.906827333248
"27116",2021-05-15,"34","32  day ahead inc hosp",2021-06-16,"quantile",0.975,203.041913807097
"27117",2021-05-15,"34","32  day ahead inc hosp",2021-06-16,"quantile",0.99,263.557785937013
"27118",2021-05-15,"34","33  day ahead inc hosp",2021-06-17,"quantile",0.01,0.294286243455118
"27119",2021-05-15,"34","33  day ahead inc hosp",2021-06-17,"quantile",0.025,0.986392898622893
"27120",2021-05-15,"34","33  day ahead inc hosp",2021-06-17,"quantile",0.05,2.21704711350286
"27121",2021-05-15,"34","33  day ahead inc hosp",2021-06-17,"quantile",0.1,4.77320487676996
"27122",2021-05-15,"34","33  day ahead inc hosp",2021-06-17,"quantile",0.15,7.4493146236014
"27123",2021-05-15,"34","33  day ahead inc hosp",2021-06-17,"quantile",0.2,10.2741436470545
"27124",2021-05-15,"34","33  day ahead inc hosp",2021-06-17,"quantile",0.25,13.2798969227355
"27125",2021-05-15,"34","33  day ahead inc hosp",2021-06-17,"quantile",0.3,16.5016823067391
"27126",2021-05-15,"34","33  day ahead inc hosp",2021-06-17,"quantile",0.35,19.9798994246524
"27127",2021-05-15,"34","33  day ahead inc hosp",2021-06-17,"quantile",0.4,23.7630902326135
"27128",2021-05-15,"34","33  day ahead inc hosp",2021-06-17,"quantile",0.45,27.9115821378833
"27129",2021-05-15,"34","33  day ahead inc hosp",2021-06-17,"quantile",0.5,32.5026043074481
"27130",2021-05-15,"34","33  day ahead inc hosp",2021-06-17,"quantile",0.55,37.6379743526075
"27131",2021-05-15,"34","33  day ahead inc hosp",2021-06-17,"quantile",0.6,43.4563056100353
"27132",2021-05-15,"34","33  day ahead inc hosp",2021-06-17,"quantile",0.65,50.1535081299684
"27133",2021-05-15,"34","33  day ahead inc hosp",2021-06-17,"quantile",0.7,58.0195092006234
"27134",2021-05-15,"34","33  day ahead inc hosp",2021-06-17,"quantile",0.75,67.5095230002051
"27135",2021-05-15,"34","33  day ahead inc hosp",2021-06-17,"quantile",0.8,79.3978446307414
"27136",2021-05-15,"34","33  day ahead inc hosp",2021-06-17,"quantile",0.85,95.1631496458353
"27137",2021-05-15,"34","33  day ahead inc hosp",2021-06-17,"quantile",0.9,118.204744286738
"27138",2021-05-15,"34","33  day ahead inc hosp",2021-06-17,"quantile",0.95,159.748769565033
"27139",2021-05-15,"34","33  day ahead inc hosp",2021-06-17,"quantile",0.975,203.902888637905
"27140",2021-05-15,"34","33  day ahead inc hosp",2021-06-17,"quantile",0.99,266.09515487911
"27141",2021-05-15,"34","34  day ahead inc hosp",2021-06-18,"quantile",0.01,0.215629238864369
"27142",2021-05-15,"34","34  day ahead inc hosp",2021-06-18,"quantile",0.025,0.804588218372844
"27143",2021-05-15,"34","34  day ahead inc hosp",2021-06-18,"quantile",0.05,1.90984887486311
"27144",2021-05-15,"34","34  day ahead inc hosp",2021-06-18,"quantile",0.1,4.28782207360953
"27145",2021-05-15,"34","34  day ahead inc hosp",2021-06-18,"quantile",0.15,6.8319282134867
"27146",2021-05-15,"34","34  day ahead inc hosp",2021-06-18,"quantile",0.2,9.55109066356638
"27147",2021-05-15,"34","34  day ahead inc hosp",2021-06-18,"quantile",0.25,12.4696746979431
"27148",2021-05-15,"34","34  day ahead inc hosp",2021-06-18,"quantile",0.3,15.6190042102992
"27149",2021-05-15,"34","34  day ahead inc hosp",2021-06-18,"quantile",0.35,19.0375915546692
"27150",2021-05-15,"34","34  day ahead inc hosp",2021-06-18,"quantile",0.4,22.7732081120827
"27151",2021-05-15,"34","34  day ahead inc hosp",2021-06-18,"quantile",0.45,26.8862274413827
"27152",2021-05-15,"34","34  day ahead inc hosp",2021-06-18,"quantile",0.5,31.4546685426646
"27153",2021-05-15,"34","34  day ahead inc hosp",2021-06-18,"quantile",0.55,36.5819661921004
"27154",2021-05-15,"34","34  day ahead inc hosp",2021-06-18,"quantile",0.6,42.4094300739656
"27155",2021-05-15,"34","34  day ahead inc hosp",2021-06-18,"quantile",0.65,49.1372523514349
"27156",2021-05-15,"34","34  day ahead inc hosp",2021-06-18,"quantile",0.7,57.0622075585917
"27157",2021-05-15,"34","34  day ahead inc hosp",2021-06-18,"quantile",0.75,66.6509076404431
"27158",2021-05-15,"34","34  day ahead inc hosp",2021-06-18,"quantile",0.8,78.6980259353779
"27159",2021-05-15,"34","34  day ahead inc hosp",2021-06-18,"quantile",0.85,94.7230593054131
"27160",2021-05-15,"34","34  day ahead inc hosp",2021-06-18,"quantile",0.9,118.22409739719
"27161",2021-05-15,"34","34  day ahead inc hosp",2021-06-18,"quantile",0.95,160.775081918715
"27162",2021-05-15,"34","34  day ahead inc hosp",2021-06-18,"quantile",0.975,206.183014537145
"27163",2021-05-15,"34","34  day ahead inc hosp",2021-06-18,"quantile",0.99,270.371139723178
"27164",2021-05-15,"34","35  day ahead inc hosp",2021-06-19,"quantile",0.01,0.114229131883146
"27165",2021-05-15,"34","35  day ahead inc hosp",2021-06-19,"quantile",0.025,0.528313602976004
"27166",2021-05-15,"34","35  day ahead inc hosp",2021-06-19,"quantile",0.05,1.38995418755735
"27167",2021-05-15,"34","35  day ahead inc hosp",2021-06-19,"quantile",0.1,3.36817097857428
"27168",2021-05-15,"34","35  day ahead inc hosp",2021-06-19,"quantile",0.15,5.5684999848614
"27169",2021-05-15,"34","35  day ahead inc hosp",2021-06-19,"quantile",0.2,7.97264330227559
"27170",2021-05-15,"34","35  day ahead inc hosp",2021-06-19,"quantile",0.25,10.5927248119761
"27171",2021-05-15,"34","35  day ahead inc hosp",2021-06-19,"quantile",0.3,13.4530331948166
"27172",2021-05-15,"34","35  day ahead inc hosp",2021-06-19,"quantile",0.35,16.5873400708601
"27173",2021-05-15,"34","35  day ahead inc hosp",2021-06-19,"quantile",0.4,20.0397936190452
"27174",2021-05-15,"34","35  day ahead inc hosp",2021-06-19,"quantile",0.45,23.8676748342418
"27175",2021-05-15,"34","35  day ahead inc hosp",2021-06-19,"quantile",0.5,28.1460842297558
"27176",2021-05-15,"34","35  day ahead inc hosp",2021-06-19,"quantile",0.55,32.9754404569193
"27177",2021-05-15,"34","35  day ahead inc hosp",2021-06-19,"quantile",0.6,38.4936731328676
"27178",2021-05-15,"34","35  day ahead inc hosp",2021-06-19,"quantile",0.65,44.8969019907209
"27179",2021-05-15,"34","35  day ahead inc hosp",2021-06-19,"quantile",0.7,52.4766545004587
"27180",2021-05-15,"34","35  day ahead inc hosp",2021-06-19,"quantile",0.75,61.6923150289595
"27181",2021-05-15,"34","35  day ahead inc hosp",2021-06-19,"quantile",0.8,73.3278423340261
"27182",2021-05-15,"34","35  day ahead inc hosp",2021-06-19,"quantile",0.85,88.8853506455847
"27183",2021-05-15,"34","35  day ahead inc hosp",2021-06-19,"quantile",0.9,111.831030148297
"27184",2021-05-15,"34","35  day ahead inc hosp",2021-06-19,"quantile",0.95,153.668886338822
"27185",2021-05-15,"34","35  day ahead inc hosp",2021-06-19,"quantile",0.975,198.61725692907
"27186",2021-05-15,"34","35  day ahead inc hosp",2021-06-19,"quantile",0.99,262.534215348112
"27187",2021-05-15,"34","36  day ahead inc hosp",2021-06-20,"quantile",0.01,0.0433087272680464
"27188",2021-05-15,"34","36  day ahead inc hosp",2021-06-20,"quantile",0.025,0.288450562297799
"27189",2021-05-15,"34","36  day ahead inc hosp",2021-06-20,"quantile",0.05,0.888228809105013
"27190",2021-05-15,"34","36  day ahead inc hosp",2021-06-20,"quantile",0.1,2.40367928494199
"27191",2021-05-15,"34","36  day ahead inc hosp",2021-06-20,"quantile",0.15,4.18440350722149
"27192",2021-05-15,"34","36  day ahead inc hosp",2021-06-20,"quantile",0.2,6.19025059193089
"27193",2021-05-15,"34","36  day ahead inc hosp",2021-06-20,"quantile",0.25,8.42212194743804
"27194",2021-05-15,"34","36  day ahead inc hosp",2021-06-20,"quantile",0.3,10.897154386367
"27195",2021-05-15,"34","36  day ahead inc hosp",2021-06-20,"quantile",0.35,13.6437491972247
"27196",2021-05-15,"34","36  day ahead inc hosp",2021-06-20,"quantile",0.4,16.701435890372
"27197",2021-05-15,"34","36  day ahead inc hosp",2021-06-20,"quantile",0.45,20.1230397877092
"27198",2021-05-15,"34","36  day ahead inc hosp",2021-06-20,"quantile",0.5,23.9789299895351
"27199",2021-05-15,"34","36  day ahead inc hosp",2021-06-20,"quantile",0.55,28.3640856242254
"27200",2021-05-15,"34","36  day ahead inc hosp",2021-06-20,"quantile",0.6,33.4097490569945
"27201",2021-05-15,"34","36  day ahead inc hosp",2021-06-20,"quantile",0.65,39.3033095975998
"27202",2021-05-15,"34","36  day ahead inc hosp",2021-06-20,"quantile",0.7,46.3242019868511
"27203",2021-05-15,"34","36  day ahead inc hosp",2021-06-20,"quantile",0.75,54.91393516646
"27204",2021-05-15,"34","36  day ahead inc hosp",2021-06-20,"quantile",0.8,65.8278511767752
"27205",2021-05-15,"34","36  day ahead inc hosp",2021-06-20,"quantile",0.85,80.5169772756393
"27206",2021-05-15,"34","36  day ahead inc hosp",2021-06-20,"quantile",0.9,102.339516105803
"27207",2021-05-15,"34","36  day ahead inc hosp",2021-06-20,"quantile",0.95,142.484738399052
"27208",2021-05-15,"34","36  day ahead inc hosp",2021-06-20,"quantile",0.975,185.981918699272
"27209",2021-05-15,"34","36  day ahead inc hosp",2021-06-20,"quantile",0.99,248.297810517219
"27210",2021-05-15,"34","37  day ahead inc hosp",2021-06-21,"quantile",0.01,0.044643757965712
"27211",2021-05-15,"34","37  day ahead inc hosp",2021-06-21,"quantile",0.025,0.302670799376987
"27212",2021-05-15,"34","37  day ahead inc hosp",2021-06-21,"quantile",0.05,0.93871078229168
"27213",2021-05-15,"34","37  day ahead inc hosp",2021-06-21,"quantile",0.1,2.55263797785368
"27214",2021-05-15,"34","37  day ahead inc hosp",2021-06-21,"quantile",0.15,4.45358524412688
"27215",2021-05-15,"34","37  day ahead inc hosp",2021-06-21,"quantile",0.2,6.59764064257965
"27216",2021-05-15,"34","37  day ahead inc hosp",2021-06-21,"quantile",0.25,8.98539181021123
"27217",2021-05-15,"34","37  day ahead inc hosp",2021-06-21,"quantile",0.3,11.6350355601241
"27218",2021-05-15,"34","37  day ahead inc hosp",2021-06-21,"quantile",0.35,14.5769555261099
"27219",2021-05-15,"34","37  day ahead inc hosp",2021-06-21,"quantile",0.4,17.853541645179
"27220",2021-05-15,"34","37  day ahead inc hosp",2021-06-21,"quantile",0.45,21.5215037608128
"27221",2021-05-15,"34","37  day ahead inc hosp",2021-06-21,"quantile",0.5,25.656429781874
"27222",2021-05-15,"34","37  day ahead inc hosp",2021-06-21,"quantile",0.55,30.3603781590432
"27223",2021-05-15,"34","37  day ahead inc hosp",2021-06-21,"quantile",0.6,35.7744050381734
"27224",2021-05-15,"34","37  day ahead inc hosp",2021-06-21,"quantile",0.65,42.0999437445086
"27225",2021-05-15,"34","37  day ahead inc hosp",2021-06-21,"quantile",0.7,49.6374082477126
"27226",2021-05-15,"34","37  day ahead inc hosp",2021-06-21,"quantile",0.75,58.8615047766501
"27227",2021-05-15,"34","37  day ahead inc hosp",2021-06-21,"quantile",0.8,70.5844509880648
"27228",2021-05-15,"34","37  day ahead inc hosp",2021-06-21,"quantile",0.85,86.3666955398431
"27229",2021-05-15,"34","37  day ahead inc hosp",2021-06-21,"quantile",0.9,109.82011261544
"27230",2021-05-15,"34","37  day ahead inc hosp",2021-06-21,"quantile",0.95,152.981090518438
"27231",2021-05-15,"34","37  day ahead inc hosp",2021-06-21,"quantile",0.975,199.761862840906
"27232",2021-05-15,"34","37  day ahead inc hosp",2021-06-21,"quantile",0.99,266.802101856836
"27233",2021-05-15,"35","1  day ahead inc hosp",2021-05-16,"quantile",0.01,7.50264415524544
"27234",2021-05-15,"35","1  day ahead inc hosp",2021-05-16,"quantile",0.025,9.13366609716771
"27235",2021-05-15,"35","1  day ahead inc hosp",2021-05-16,"quantile",0.05,10.737490931233
"27236",2021-05-15,"35","1  day ahead inc hosp",2021-05-16,"quantile",0.1,12.8389282503648
"27237",2021-05-15,"35","1  day ahead inc hosp",2021-05-16,"quantile",0.15,14.4214558616612
"27238",2021-05-15,"35","1  day ahead inc hosp",2021-05-16,"quantile",0.2,15.7800589437384
"27239",2021-05-15,"35","1  day ahead inc hosp",2021-05-16,"quantile",0.25,17.0202195459094
"27240",2021-05-15,"35","1  day ahead inc hosp",2021-05-16,"quantile",0.3,18.194950829387
"27241",2021-05-15,"35","1  day ahead inc hosp",2021-05-16,"quantile",0.35,19.3368393797406
"27242",2021-05-15,"35","1  day ahead inc hosp",2021-05-16,"quantile",0.4,20.4692898974743
"27243",2021-05-15,"35","1  day ahead inc hosp",2021-05-16,"quantile",0.45,21.6115986566417
"27244",2021-05-15,"35","1  day ahead inc hosp",2021-05-16,"quantile",0.5,22.7818310200271
"27245",2021-05-15,"35","1  day ahead inc hosp",2021-05-16,"quantile",0.55,23.9989567284304
"27246",2021-05-15,"35","1  day ahead inc hosp",2021-05-16,"quantile",0.6,25.2849962069411
"27247",2021-05-15,"35","1  day ahead inc hosp",2021-05-16,"quantile",0.65,26.6678405956935
"27248",2021-05-15,"35","1  day ahead inc hosp",2021-05-16,"quantile",0.7,28.1857407402566
"27249",2021-05-15,"35","1  day ahead inc hosp",2021-05-16,"quantile",0.75,29.8955263614713
"27250",2021-05-15,"35","1  day ahead inc hosp",2021-05-16,"quantile",0.8,31.8897337414793
"27251",2021-05-15,"35","1  day ahead inc hosp",2021-05-16,"quantile",0.85,34.3383177366333
"27252",2021-05-15,"35","1  day ahead inc hosp",2021-05-16,"quantile",0.9,37.6164014465175
"27253",2021-05-15,"35","1  day ahead inc hosp",2021-05-16,"quantile",0.95,42.8998583476676
"27254",2021-05-15,"35","1  day ahead inc hosp",2021-05-16,"quantile",0.975,47.9168588469884
"27255",2021-05-15,"35","1  day ahead inc hosp",2021-05-16,"quantile",0.99,54.2895435019604
"27256",2021-05-15,"35","2  day ahead inc hosp",2021-05-17,"quantile",0.01,7.69590539394466
"27257",2021-05-15,"35","2  day ahead inc hosp",2021-05-17,"quantile",0.025,9.45301823410479
"27258",2021-05-15,"35","2  day ahead inc hosp",2021-05-17,"quantile",0.05,11.1911070618353
"27259",2021-05-15,"35","2  day ahead inc hosp",2021-05-17,"quantile",0.1,13.4808498337389
"27260",2021-05-15,"35","2  day ahead inc hosp",2021-05-17,"quantile",0.15,15.2128839152714
"27261",2021-05-15,"35","2  day ahead inc hosp",2021-05-17,"quantile",0.2,16.7043544843634
"27262",2021-05-15,"35","2  day ahead inc hosp",2021-05-17,"quantile",0.25,18.0690460748969
"27263",2021-05-15,"35","2  day ahead inc hosp",2021-05-17,"quantile",0.3,19.3643370629173
"27264",2021-05-15,"35","2  day ahead inc hosp",2021-05-17,"quantile",0.35,20.6256445416358
"27265",2021-05-15,"35","2  day ahead inc hosp",2021-05-17,"quantile",0.4,21.8785397884477
"27266",2021-05-15,"35","2  day ahead inc hosp",2021-05-17,"quantile",0.45,23.1442340851332
"27267",2021-05-15,"35","2  day ahead inc hosp",2021-05-17,"quantile",0.5,24.4427106322568
"27268",2021-05-15,"35","2  day ahead inc hosp",2021-05-17,"quantile",0.55,25.7950727186336
"27269",2021-05-15,"35","2  day ahead inc hosp",2021-05-17,"quantile",0.6,27.2259305630413
"27270",2021-05-15,"35","2  day ahead inc hosp",2021-05-17,"quantile",0.65,28.7665628046016
"27271",2021-05-15,"35","2  day ahead inc hosp",2021-05-17,"quantile",0.7,30.4599710170512
"27272",2021-05-15,"35","2  day ahead inc hosp",2021-05-17,"quantile",0.75,32.3701538503318
"27273",2021-05-15,"35","2  day ahead inc hosp",2021-05-17,"quantile",0.8,34.601454541313
"27274",2021-05-15,"35","2  day ahead inc hosp",2021-05-17,"quantile",0.85,37.3457150025083
"27275",2021-05-15,"35","2  day ahead inc hosp",2021-05-17,"quantile",0.9,41.0268002204987
"27276",2021-05-15,"35","2  day ahead inc hosp",2021-05-17,"quantile",0.95,46.9750494248313
"27277",2021-05-15,"35","2  day ahead inc hosp",2021-05-17,"quantile",0.975,52.6385023747521
"27278",2021-05-15,"35","2  day ahead inc hosp",2021-05-17,"quantile",0.99,59.8506649968556
"27279",2021-05-15,"35","3  day ahead inc hosp",2021-05-18,"quantile",0.01,6.86211988341033
"27280",2021-05-15,"35","3  day ahead inc hosp",2021-05-18,"quantile",0.025,8.49541369359372
"27281",2021-05-15,"35","3  day ahead inc hosp",2021-05-18,"quantile",0.05,10.1194612701137
"27282",2021-05-15,"35","3  day ahead inc hosp",2021-05-18,"quantile",0.1,12.2691491694968
"27283",2021-05-15,"35","3  day ahead inc hosp",2021-05-18,"quantile",0.15,13.9015749554903
"27284",2021-05-15,"35","3  day ahead inc hosp",2021-05-18,"quantile",0.2,15.3109880093667
"27285",2021-05-15,"35","3  day ahead inc hosp",2021-05-18,"quantile",0.25,16.603270029197
"27286",2021-05-15,"35","3  day ahead inc hosp",2021-05-18,"quantile",0.3,17.8319739651085
"27287",2021-05-15,"35","3  day ahead inc hosp",2021-05-18,"quantile",0.35,19.030278305219
"27288",2021-05-15,"35","3  day ahead inc hosp",2021-05-18,"quantile",0.4,20.2222493607345
"27289",2021-05-15,"35","3  day ahead inc hosp",2021-05-18,"quantile",0.45,21.427957029599
"27290",2021-05-15,"35","3  day ahead inc hosp",2021-05-18,"quantile",0.5,22.6664126241042
"27291",2021-05-15,"35","3  day ahead inc hosp",2021-05-18,"quantile",0.55,23.9577916309747
"27292",2021-05-15,"35","3  day ahead inc hosp",2021-05-18,"quantile",0.6,25.325715043736
"27293",2021-05-15,"35","3  day ahead inc hosp",2021-05-18,"quantile",0.65,26.8002919204994
"27294",2021-05-15,"35","3  day ahead inc hosp",2021-05-18,"quantile",0.7,28.4230016438931
"27295",2021-05-15,"35","3  day ahead inc hosp",2021-05-18,"quantile",0.75,30.2556678840018
"27296",2021-05-15,"35","3  day ahead inc hosp",2021-05-18,"quantile",0.8,32.399197372846
"27297",2021-05-15,"35","3  day ahead inc hosp",2021-05-18,"quantile",0.85,35.0392800275133
"27298",2021-05-15,"35","3  day ahead inc hosp",2021-05-18,"quantile",0.9,38.586546051122
"27299",2021-05-15,"35","3  day ahead inc hosp",2021-05-18,"quantile",0.95,44.3311868460471
"27300",2021-05-15,"35","3  day ahead inc hosp",2021-05-18,"quantile",0.975,49.8133608131834
"27301",2021-05-15,"35","3  day ahead inc hosp",2021-05-18,"quantile",0.99,56.8098767391355
"27302",2021-05-15,"35","4  day ahead inc hosp",2021-05-19,"quantile",0.01,6.47345825160459
"27303",2021-05-15,"35","4  day ahead inc hosp",2021-05-19,"quantile",0.025,8.10941014743302
"27304",2021-05-15,"35","4  day ahead inc hosp",2021-05-19,"quantile",0.05,9.7488372599439
"27305",2021-05-15,"35","4  day ahead inc hosp",2021-05-19,"quantile",0.1,11.9343034572086
"27306",2021-05-15,"35","4  day ahead inc hosp",2021-05-19,"quantile",0.15,13.6035114205203
"27307",2021-05-15,"35","4  day ahead inc hosp",2021-05-19,"quantile",0.2,15.0503312391558
"27308",2021-05-15,"35","4  day ahead inc hosp",2021-05-19,"quantile",0.25,16.3809800681357
"27309",2021-05-15,"35","4  day ahead inc hosp",2021-05-19,"quantile",0.3,17.6494247412159
"27310",2021-05-15,"35","4  day ahead inc hosp",2021-05-19,"quantile",0.35,18.8892886851546
"27311",2021-05-15,"35","4  day ahead inc hosp",2021-05-19,"quantile",0.4,20.1251322488871
"27312",2021-05-15,"35","4  day ahead inc hosp",2021-05-19,"quantile",0.45,21.3776016869549
"27313",2021-05-15,"35","4  day ahead inc hosp",2021-05-19,"quantile",0.5,22.6664126241042
"27314",2021-05-15,"35","4  day ahead inc hosp",2021-05-19,"quantile",0.55,24.0126383488432
"27315",2021-05-15,"35","4  day ahead inc hosp",2021-05-19,"quantile",0.6,25.4410920294502
"27316",2021-05-15,"35","4  day ahead inc hosp",2021-05-19,"quantile",0.65,26.9835354304175
"27317",2021-05-15,"35","4  day ahead inc hosp",2021-05-19,"quantile",0.7,28.6838548419526
"27318",2021-05-15,"35","4  day ahead inc hosp",2021-05-19,"quantile",0.75,30.6075988414734
"27319",2021-05-15,"35","4  day ahead inc hosp",2021-05-19,"quantile",0.8,32.8619209629224
"27320",2021-05-15,"35","4  day ahead inc hosp",2021-05-19,"quantile",0.85,35.6442614109231
"27321",2021-05-15,"35","4  day ahead inc hosp",2021-05-19,"quantile",0.9,39.3917859012258
"27322",2021-05-15,"35","4  day ahead inc hosp",2021-05-19,"quantile",0.95,45.4802109700178
"27323",2021-05-15,"35","4  day ahead inc hosp",2021-05-19,"quantile",0.975,51.3098872381156
"27324",2021-05-15,"35","4  day ahead inc hosp",2021-05-19,"quantile",0.99,58.7734059011796
"27325",2021-05-15,"35","5  day ahead inc hosp",2021-05-20,"quantile",0.01,6.11552521859012
"27326",2021-05-15,"35","5  day ahead inc hosp",2021-05-20,"quantile",0.025,7.7507840973558
"27327",2021-05-15,"35","5  day ahead inc hosp",2021-05-20,"quantile",0.05,9.40214010822617
"27328",2021-05-15,"35","5  day ahead inc hosp",2021-05-20,"quantile",0.1,11.6188273506279
"27329",2021-05-15,"35","5  day ahead inc hosp",2021-05-20,"quantile",0.15,13.3214406261983
"27330",2021-05-15,"35","5  day ahead inc hosp",2021-05-20,"quantile",0.2,14.8028376625791
"27331",2021-05-15,"35","5  day ahead inc hosp",2021-05-20,"quantile",0.25,16.1693395917431
"27332",2021-05-15,"35","5  day ahead inc hosp",2021-05-20,"quantile",0.3,17.4752117257468
"27333",2021-05-15,"35","5  day ahead inc hosp",2021-05-20,"quantile",0.35,18.7544540683944
"27334",2021-05-15,"35","5  day ahead inc hosp",2021-05-20,"quantile",0.4,20.0320752568926
"27335",2021-05-15,"35","5  day ahead inc hosp",2021-05-20,"quantile",0.45,21.3292640058882
"27336",2021-05-15,"35","5  day ahead inc hosp",2021-05-20,"quantile",0.5,22.6664126241042
"27337",2021-05-15,"35","5  day ahead inc hosp",2021-05-20,"quantile",0.55,24.0654674298523
"27338",2021-05-15,"35","5  day ahead inc hosp",2021-05-20,"quantile",0.6,25.5524093036983
"27339",2021-05-15,"35","5  day ahead inc hosp",2021-05-20,"quantile",0.65,27.1606261222563
"27340",2021-05-15,"35","5  day ahead inc hosp",2021-05-20,"quantile",0.7,28.9363793281182
"27341",2021-05-15,"35","5  day ahead inc hosp",2021-05-20,"quantile",0.75,30.9489008310581
"27342",2021-05-15,"35","5  day ahead inc hosp",2021-05-20,"quantile",0.8,33.3115310957891
"27343",2021-05-15,"35","5  day ahead inc hosp",2021-05-20,"quantile",0.85,36.2333644398256
"27344",2021-05-15,"35","5  day ahead inc hosp",2021-05-20,"quantile",0.9,40.1779235399351
"27345",2021-05-15,"35","5  day ahead inc hosp",2021-05-20,"quantile",0.95,46.6060338682466
"27346",2021-05-15,"35","5  day ahead inc hosp",2021-05-20,"quantile",0.975,52.7804990182866
"27347",2021-05-15,"35","5  day ahead inc hosp",2021-05-20,"quantile",0.99,60.7091098616553
"27348",2021-05-15,"35","6  day ahead inc hosp",2021-05-21,"quantile",0.01,5.78461885218187
"27349",2021-05-15,"35","6  day ahead inc hosp",2021-05-21,"quantile",0.025,7.41634335901922
"27350",2021-05-15,"35","6  day ahead inc hosp",2021-05-21,"quantile",0.05,9.07664636606663
"27351",2021-05-15,"35","6  day ahead inc hosp",2021-05-21,"quantile",0.1,11.3205664957468
"27352",2021-05-15,"35","6  day ahead inc hosp",2021-05-21,"quantile",0.15,13.0536062546412
"27353",2021-05-15,"35","6  day ahead inc hosp",2021-05-21,"quantile",0.2,14.567073755239
"27354",2021-05-15,"35","6  day ahead inc hosp",2021-05-21,"quantile",0.25,15.9671956798698
"27355",2021-05-15,"35","6  day ahead inc hosp",2021-05-21,"quantile",0.3,17.3084363028319
"27356",2021-05-15,"35","6  day ahead inc hosp",2021-05-21,"quantile",0.35,18.625113006774
"27357",2021-05-15,"35","6  day ahead inc hosp",2021-05-21,"quantile",0.4,19.942642976082
"27358",2021-05-15,"35","6  day ahead inc hosp",2021-05-21,"quantile",0.45,21.2827278768819
"27359",2021-05-15,"35","6  day ahead inc hosp",2021-05-21,"quantile",0.5,22.6664126241042
"27360",2021-05-15,"35","6  day ahead inc hosp",2021-05-21,"quantile",0.55,24.1164949835191
"27361",2021-05-15,"35","6  day ahead inc hosp",2021-05-21,"quantile",0.6,25.6601022751491
"27362",2021-05-15,"35","6  day ahead inc hosp",2021-05-21,"quantile",0.65,27.3322254441802
"27363",2021-05-15,"35","6  day ahead inc hosp",2021-05-21,"quantile",0.7,29.1814737182591
"27364",2021-05-15,"35","6  day ahead inc hosp",2021-05-21,"quantile",0.75,31.2807267729055
"27365",2021-05-15,"35","6  day ahead inc hosp",2021-05-21,"quantile",0.8,33.7494612958435
"27366",2021-05-15,"35","6  day ahead inc hosp",2021-05-21,"quantile",0.85,36.8083454321039
"27367",2021-05-15,"35","6  day ahead inc hosp",2021-05-21,"quantile",0.9,40.9471133212579
"27368",2021-05-15,"35","6  day ahead inc hosp",2021-05-21,"quantile",0.95,47.7113789896274
"27369",2021-05-15,"35","6  day ahead inc hosp",2021-05-21,"quantile",0.975,54.228388338039
"27370",2021-05-15,"35","6  day ahead inc hosp",2021-05-21,"quantile",0.99,62.6206905527476
"27371",2021-05-15,"35","7  day ahead inc hosp",2021-05-22,"quantile",0.01,5.47767306762729
"27372",2021-05-15,"35","7  day ahead inc hosp",2021-05-22,"quantile",0.025,7.10343903690148
"27373",2021-05-15,"35","7  day ahead inc hosp",2021-05-22,"quantile",0.05,8.77009312998465
"27374",2021-05-15,"35","7  day ahead inc hosp",2021-05-22,"quantile",0.1,11.0377287190937
"27375",2021-05-15,"35","7  day ahead inc hosp",2021-05-22,"quantile",0.15,12.7985463461939
"27376",2021-05-15,"35","7  day ahead inc hosp",2021-05-22,"quantile",0.2,14.3418457808218
"27377",2021-05-15,"35","7  day ahead inc hosp",2021-05-22,"quantile",0.25,15.7735880037204
"27378",2021-05-15,"35","7  day ahead inc hosp",2021-05-22,"quantile",0.3,17.1483498244896
"27379",2021-05-15,"35","7  day ahead inc hosp",2021-05-22,"quantile",0.35,18.5007143660572
"27380",2021-05-15,"35","7  day ahead inc hosp",2021-05-22,"quantile",0.4,19.8564725814865
"27381",2021-05-15,"35","7  day ahead inc hosp",2021-05-22,"quantile",0.45,21.2378132072552
"27382",2021-05-15,"35","7  day ahead inc hosp",2021-05-22,"quantile",0.5,22.6664126241042
"27383",2021-05-15,"35","7  day ahead inc hosp",2021-05-22,"quantile",0.55,24.1659011025244
"27384",2021-05-15,"35","7  day ahead inc hosp",2021-05-22,"quantile",0.6,25.7645337687715
"27385",2021-05-15,"35","7  day ahead inc hosp",2021-05-22,"quantile",0.65,27.4988845304253
"27386",2021-05-15,"35","7  day ahead inc hosp",2021-05-22,"quantile",0.7,29.4198866603569
"27387",2021-05-15,"35","7  day ahead inc hosp",2021-05-22,"quantile",0.75,31.6040369958108
"27388",2021-05-15,"35","7  day ahead inc hosp",2021-05-22,"quantile",0.8,34.1769052993994
"27389",2021-05-15,"35","7  day ahead inc hosp",2021-05-22,"quantile",0.85,37.3706663474129
"27390",2021-05-15,"35","7  day ahead inc hosp",2021-05-22,"quantile",0.9,41.7011474186658
"27391",2021-05-15,"35","7  day ahead inc hosp",2021-05-22,"quantile",0.95,48.7985092376408
"27392",2021-05-15,"35","7  day ahead inc hosp",2021-05-22,"quantile",0.975,55.6562040928948
"27393",2021-05-15,"35","7  day ahead inc hosp",2021-05-22,"quantile",0.99,64.5112140592092
"27394",2021-05-15,"35","8  day ahead inc hosp",2021-05-23,"quantile",0.01,5.31680190186178
"27395",2021-05-15,"35","8  day ahead inc hosp",2021-05-23,"quantile",0.025,6.96256898795469
"27396",2021-05-15,"35","8  day ahead inc hosp",2021-05-23,"quantile",0.05,8.66053770035199
"27397",2021-05-15,"35","8  day ahead inc hosp",2021-05-23,"quantile",0.1,10.9839768657279
"27398",2021-05-15,"35","8  day ahead inc hosp",2021-05-23,"quantile",0.15,12.7963817443785
"27399",2021-05-15,"35","8  day ahead inc hosp",2021-05-23,"quantile",0.2,14.3897603576157
"27400",2021-05-15,"35","8  day ahead inc hosp",2021-05-23,"quantile",0.25,15.8714740851941
"27401",2021-05-15,"35","8  day ahead inc hosp",2021-05-23,"quantile",0.3,17.297040615475
"27402",2021-05-15,"35","8  day ahead inc hosp",2021-05-23,"quantile",0.35,18.7018118577433
"27403",2021-05-15,"35","8  day ahead inc hosp",2021-05-23,"quantile",0.4,20.1123086944657
"27404",2021-05-15,"35","8  day ahead inc hosp",2021-05-23,"quantile",0.45,21.5514958656264
"27405",2021-05-15,"35","8  day ahead inc hosp",2021-05-23,"quantile",0.5,23.0419473165395
"27406",2021-05-15,"35","8  day ahead inc hosp",2021-05-23,"quantile",0.55,24.6084011574705
"27407",2021-05-15,"35","8  day ahead inc hosp",2021-05-23,"quantile",0.6,26.2805561992653
"27408",2021-05-15,"35","8  day ahead inc hosp",2021-05-23,"quantile",0.65,28.09696600478
"27409",2021-05-15,"35","8  day ahead inc hosp",2021-05-23,"quantile",0.7,30.1114287909806
"27410",2021-05-15,"35","8  day ahead inc hosp",2021-05-23,"quantile",0.75,32.4048591528224
"27411",2021-05-15,"35","8  day ahead inc hosp",2021-05-23,"quantile",0.8,35.1102203758008
"27412",2021-05-15,"35","8  day ahead inc hosp",2021-05-23,"quantile",0.85,38.4735784232339
"27413",2021-05-15,"35","8  day ahead inc hosp",2021-05-23,"quantile",0.9,43.0421104978668
"27414",2021-05-15,"35","8  day ahead inc hosp",2021-05-23,"quantile",0.95,50.5469833395783
"27415",2021-05-15,"35","8  day ahead inc hosp",2021-05-23,"quantile",0.975,57.8157977838043
"27416",2021-05-15,"35","8  day ahead inc hosp",2021-05-23,"quantile",0.99,67.2227608155101
"27417",2021-05-15,"35","9  day ahead inc hosp",2021-05-24,"quantile",0.01,5.04564102538209
"27418",2021-05-15,"35","9  day ahead inc hosp",2021-05-24,"quantile",0.025,6.68173975106953
"27419",2021-05-15,"35","9  day ahead inc hosp",2021-05-24,"quantile",0.05,8.38207004747741
"27420",2021-05-15,"35","9  day ahead inc hosp",2021-05-24,"quantile",0.1,10.7238379354895
"27421",2021-05-15,"35","9  day ahead inc hosp",2021-05-24,"quantile",0.15,12.5599970302658
"27422",2021-05-15,"35","9  day ahead inc hosp",2021-05-24,"quantile",0.2,14.1798371404234
"27423",2021-05-15,"35","9  day ahead inc hosp",2021-05-24,"quantile",0.25,15.6901886333548
"27424",2021-05-15,"35","9  day ahead inc hosp",2021-05-24,"quantile",0.3,17.146548612525
"27425",2021-05-15,"35","9  day ahead inc hosp",2021-05-24,"quantile",0.35,18.5844563024712
"27426",2021-05-15,"35","9  day ahead inc hosp",2021-05-24,"quantile",0.4,20.0307548829585
"27427",2021-05-15,"35","9  day ahead inc hosp",2021-05-24,"quantile",0.45,21.5088594535043
"27428",2021-05-15,"35","9  day ahead inc hosp",2021-05-24,"quantile",0.5,23.0419473165395
"27429",2021-05-15,"35","9  day ahead inc hosp",2021-05-24,"quantile",0.55,24.6555661193699
"27430",2021-05-15,"35","9  day ahead inc hosp",2021-05-24,"quantile",0.6,26.3805225276088
"27431",2021-05-15,"35","9  day ahead inc hosp",2021-05-24,"quantile",0.65,28.256934745613
"27432",2021-05-15,"35","9  day ahead inc hosp",2021-05-24,"quantile",0.7,30.3409074922406
"27433",2021-05-15,"35","9  day ahead inc hosp",2021-05-24,"quantile",0.75,32.716955633116
"27434",2021-05-15,"35","9  day ahead inc hosp",2021-05-24,"quantile",0.8,35.524121088943
"27435",2021-05-15,"35","9  day ahead inc hosp",2021-05-24,"quantile",0.85,39.0199733710094
"27436",2021-05-15,"35","9  day ahead inc hosp",2021-05-24,"quantile",0.9,43.7778341517861
"27437",2021-05-15,"35","9  day ahead inc hosp",2021-05-24,"quantile",0.95,51.6138274696108
"27438",2021-05-15,"35","9  day ahead inc hosp",2021-05-24,"quantile",0.975,59.2234776310187
"27439",2021-05-15,"35","9  day ahead inc hosp",2021-05-24,"quantile",0.99,69.0960045027005
"27440",2021-05-15,"35","10  day ahead inc hosp",2021-05-25,"quantile",0.01,4.79207870945272
"27441",2021-05-15,"35","10  day ahead inc hosp",2021-05-25,"quantile",0.025,6.41693118643592
"27442",2021-05-15,"35","10  day ahead inc hosp",2021-05-25,"quantile",0.05,8.11781943046932
"27443",2021-05-15,"35","10  day ahead inc hosp",2021-05-25,"quantile",0.1,10.4753729743852
"27444",2021-05-15,"35","10  day ahead inc hosp",2021-05-25,"quantile",0.15,12.3333249620235
"27445",2021-05-15,"35","10  day ahead inc hosp",2021-05-25,"quantile",0.2,13.9779479743543
"27446",2021-05-15,"35","10  day ahead inc hosp",2021-05-25,"quantile",0.25,15.5154257208189
"27447",2021-05-15,"35","10  day ahead inc hosp",2021-05-25,"quantile",0.3,17.0011751776079
"27448",2021-05-15,"35","10  day ahead inc hosp",2021-05-25,"quantile",0.35,18.4708868163754
"27449",2021-05-15,"35","10  day ahead inc hosp",2021-05-25,"quantile",0.4,19.951701579551
"27450",2021-05-15,"35","10  day ahead inc hosp",2021-05-25,"quantile",0.45,21.4674665460449
"27451",2021-05-15,"35","10  day ahead inc hosp",2021-05-25,"quantile",0.5,23.0419473165395
"27452",2021-05-15,"35","10  day ahead inc hosp",2021-05-25,"quantile",0.55,24.7014876013246
"27453",2021-05-15,"35","10  day ahead inc hosp",2021-05-25,"quantile",0.6,26.4779887562394
"27454",2021-05-15,"35","10  day ahead inc hosp",2021-05-25,"quantile",0.65,28.4131196024946
"27455",2021-05-15,"35","10  day ahead inc hosp",2021-05-25,"quantile",0.7,30.5652751219973
"27456",2021-05-15,"35","10  day ahead inc hosp",2021-05-25,"quantile",0.75,33.0225500908882
"27457",2021-05-15,"35","10  day ahead inc hosp",2021-05-25,"quantile",0.8,35.9300374873863
"27458",2021-05-15,"35","10  day ahead inc hosp",2021-05-25,"quantile",0.85,39.556770059055
"27459",2021-05-15,"35","10  day ahead inc hosp",2021-05-25,"quantile",0.9,44.5021512308845
"27460",2021-05-15,"35","10  day ahead inc hosp",2021-05-25,"quantile",0.95,52.6671801964869
"27461",2021-05-15,"35","10  day ahead inc hosp",2021-05-25,"quantile",0.975,60.6165996573037
"27462",2021-05-15,"35","10  day ahead inc hosp",2021-05-25,"quantile",0.99,70.9545530265633
"27463",2021-05-15,"35","11  day ahead inc hosp",2021-05-26,"quantile",0.01,4.55448369588599
"27464",2021-05-15,"35","11  day ahead inc hosp",2021-05-26,"quantile",0.025,6.16672343733008
"27465",2021-05-15,"35","11  day ahead inc hosp",2021-05-26,"quantile",0.05,7.86656664206041
"27466",2021-05-15,"35","11  day ahead inc hosp",2021-05-26,"quantile",0.1,10.2376119181629
"27467",2021-05-15,"35","11  day ahead inc hosp",2021-05-26,"quantile",0.15,12.1155723093591
"27468",2021-05-15,"35","11  day ahead inc hosp",2021-05-26,"quantile",0.2,13.7834441749816
"27469",2021-05-15,"35","11  day ahead inc hosp",2021-05-26,"quantile",0.25,15.3466629536967
"27470",2021-05-15,"35","11  day ahead inc hosp",2021-05-26,"quantile",0.3,16.8605127661012
"27471",2021-05-15,"35","11  day ahead inc hosp",2021-05-26,"quantile",0.35,18.3608032218453
"27472",2021-05-15,"35","11  day ahead inc hosp",2021-05-26,"quantile",0.4,19.8749511025903
"27473",2021-05-15,"35","11  day ahead inc hosp",2021-05-26,"quantile",0.45,21.4272190023088
"27474",2021-05-15,"35","11  day ahead inc hosp",2021-05-26,"quantile",0.5,23.0419473165395
"27475",2021-05-15,"35","11  day ahead inc hosp",2021-05-26,"quantile",0.55,24.7462637442741
"27476",2021-05-15,"35","11  day ahead inc hosp",2021-05-26,"quantile",0.6,26.5731525668098
"27477",2021-05-15,"35","11  day ahead inc hosp",2021-05-26,"quantile",0.65,28.5658207530354
"27478",2021-05-15,"35","11  day ahead inc hosp",2021-05-26,"quantile",0.7,30.7849392248731
"27479",2021-05-15,"35","11  day ahead inc hosp",2021-05-26,"quantile",0.75,33.3221649200285
"27480",2021-05-15,"35","11  day ahead inc hosp",2021-05-26,"quantile",0.8,36.3286182555576
"27481",2021-05-15,"35","11  day ahead inc hosp",2021-05-26,"quantile",0.85,40.0847617176633
"27482",2021-05-15,"35","11  day ahead inc hosp",2021-05-26,"quantile",0.9,45.2160317994139
"27483",2021-05-15,"35","11  day ahead inc hosp",2021-05-26,"quantile",0.95,53.708260727474
"27484",2021-05-15,"35","11  day ahead inc hosp",2021-05-26,"quantile",0.975,61.9965837193832
"27485",2021-05-15,"35","11  day ahead inc hosp",2021-05-26,"quantile",0.99,72.8000376452864
"27486",2021-05-15,"35","12  day ahead inc hosp",2021-05-27,"quantile",0.01,4.33143746976457
"27487",2021-05-15,"35","12  day ahead inc hosp",2021-05-27,"quantile",0.025,5.92987938442999
"27488",2021-05-15,"35","12  day ahead inc hosp",2021-05-27,"quantile",0.05,7.62724795746867
"27489",2021-05-15,"35","12  day ahead inc hosp",2021-05-27,"quantile",0.1,10.009707392529
"27490",2021-05-15,"35","12  day ahead inc hosp",2021-05-27,"quantile",0.15,11.9060457350002
"27491",2021-05-15,"35","12  day ahead inc hosp",2021-05-27,"quantile",0.2,13.5957585247215
"27492",2021-05-15,"35","12  day ahead inc hosp",2021-05-27,"quantile",0.25,15.1834434213563
"27493",2021-05-15,"35","12  day ahead inc hosp",2021-05-27,"quantile",0.3,16.7242048524234
"27494",2021-05-15,"35","12  day ahead inc hosp",2021-05-27,"quantile",0.35,18.253942884615
"27495",2021-05-15,"35","12  day ahead inc hosp",2021-05-27,"quantile",0.4,19.8003304793448
"27496",2021-05-15,"35","12  day ahead inc hosp",2021-05-27,"quantile",0.45,21.3880309440114
"27497",2021-05-15,"35","12  day ahead inc hosp",2021-05-27,"quantile",0.5,23.0419473165395
"27498",2021-05-15,"35","12  day ahead inc hosp",2021-05-27,"quantile",0.55,24.789980426503
"27499",2021-05-15,"35","12  day ahead inc hosp",2021-05-27,"quantile",0.6,26.6661869320518
"27500",2021-05-15,"35","12  day ahead inc hosp",2021-05-27,"quantile",0.65,28.7153008315012
"27501",2021-05-15,"35","12  day ahead inc hosp",2021-05-27,"quantile",0.7,31.0002563264495
"27502",2021-05-15,"35","12  day ahead inc hosp",2021-05-27,"quantile",0.75,33.616257031169
"27503",2021-05-15,"35","12  day ahead inc hosp",2021-05-27,"quantile",0.8,36.7204306110407
"27504",2021-05-15,"35","12  day ahead inc hosp",2021-05-27,"quantile",0.85,40.6046416841068
"27505",2021-05-15,"35","12  day ahead inc hosp",2021-05-27,"quantile",0.9,45.920323231668
"27506",2021-05-15,"35","12  day ahead inc hosp",2021-05-27,"quantile",0.95,54.738132787354
"27507",2021-05-15,"35","12  day ahead inc hosp",2021-05-27,"quantile",0.975,63.3646669365791
"27508",2021-05-15,"35","12  day ahead inc hosp",2021-05-27,"quantile",0.99,74.6338768737871
"27509",2021-05-15,"35","13  day ahead inc hosp",2021-05-28,"quantile",0.01,4.12169817050868
"27510",2021-05-15,"35","13  day ahead inc hosp",2021-05-28,"quantile",0.025,5.7053138137574
"27511",2021-05-15,"35","13  day ahead inc hosp",2021-05-28,"quantile",0.05,7.39892900018953
"27512",2021-05-15,"35","13  day ahead inc hosp",2021-05-28,"quantile",0.1,9.79091416228849
"27513",2021-05-15,"35","13  day ahead inc hosp",2021-05-28,"quantile",0.15,11.7041350928596
"27514",2021-05-15,"35","13  day ahead inc hosp",2021-05-28,"quantile",0.2,13.414391667636
"27515",2021-05-15,"35","13  day ahead inc hosp",2021-05-28,"quantile",0.25,15.0253647692809
"27516",2021-05-15,"35","13  day ahead inc hosp",2021-05-28,"quantile",0.3,16.5919374213406
"27517",2021-05-15,"35","13  day ahead inc hosp",2021-05-28,"quantile",0.35,18.1500744549612
"27518",2021-05-15,"35","13  day ahead inc hosp",2021-05-28,"quantile",0.4,19.7276873278982
"27519",2021-05-15,"35","13  day ahead inc hosp",2021-05-28,"quantile",0.45,21.3498267120799
"27520",2021-05-15,"35","13  day ahead inc hosp",2021-05-28,"quantile",0.5,23.0419473165395
"27521",2021-05-15,"35","13  day ahead inc hosp",2021-05-28,"quantile",0.55,24.832713307084
"27522",2021-05-15,"35","13  day ahead inc hosp",2021-05-28,"quantile",0.6,26.7572442338816
"27523",2021-05-15,"35","13  day ahead inc hosp",2021-05-28,"quantile",0.65,28.8617911876154
"27524",2021-05-15,"35","13  day ahead inc hosp",2021-05-28,"quantile",0.7,31.2115404419604
"27525",2021-05-15,"35","13  day ahead inc hosp",2021-05-28,"quantile",0.75,33.9052287788264
"27526",2021-05-15,"35","13  day ahead inc hosp",2021-05-28,"quantile",0.8,37.1059739097737
"27527",2021-05-15,"35","13  day ahead inc hosp",2021-05-28,"quantile",0.85,41.1170201044727
"27528",2021-05-15,"35","13  day ahead inc hosp",2021-05-28,"quantile",0.9,46.6157707628417
"27529",2021-05-15,"35","13  day ahead inc hosp",2021-05-28,"quantile",0.95,55.7577307526316
"27530",2021-05-15,"35","13  day ahead inc hosp",2021-05-28,"quantile",0.975,64.7219345228696
"27531",2021-05-15,"35","13  day ahead inc hosp",2021-05-28,"quantile",0.99,76.4573125726451
"27532",2021-05-15,"35","14  day ahead inc hosp",2021-05-29,"quantile",0.01,3.92417195792097
"27533",2021-05-15,"35","14  day ahead inc hosp",2021-05-29,"quantile",0.025,5.4920689350274
"27534",2021-05-15,"35","14  day ahead inc hosp",2021-05-29,"quantile",0.05,7.18078397942898
"27535",2021-05-15,"35","14  day ahead inc hosp",2021-05-29,"quantile",0.1,9.58057279646461
"27536",2021-05-15,"35","14  day ahead inc hosp",2021-05-29,"quantile",0.15,11.5093001491058
"27537",2021-05-15,"35","14  day ahead inc hosp",2021-05-29,"quantile",0.2,13.2389012907152
"27538",2021-05-15,"35","14  day ahead inc hosp",2021-05-29,"quantile",0.25,14.8720705089199
"27539",2021-05-15,"35","14  day ahead inc hosp",2021-05-29,"quantile",0.3,16.4634322006178
"27540",2021-05-15,"35","14  day ahead inc hosp",2021-05-29,"quantile",0.35,18.0489928895115
"27541",2021-05-15,"35","14  day ahead inc hosp",2021-05-29,"quantile",0.4,19.6568865815238
"27542",2021-05-15,"35","14  day ahead inc hosp",2021-05-29,"quantile",0.45,21.3125392412216
"27543",2021-05-15,"35","14  day ahead inc hosp",2021-05-29,"quantile",0.5,23.0419473165395
"27544",2021-05-15,"35","14  day ahead inc hosp",2021-05-29,"quantile",0.55,24.8745294513099
"27545",2021-05-15,"35","14  day ahead inc hosp",2021-05-29,"quantile",0.6,26.8464595390258
"27546",2021-05-15,"35","14  day ahead inc hosp",2021-05-29,"quantile",0.65,29.0054968647503
"27547",2021-05-15,"35","14  day ahead inc hosp",2021-05-29,"quantile",0.7,31.4190698436408
"27548",2021-05-15,"35","14  day ahead inc hosp",2021-05-29,"quantile",0.75,34.1894366515512
"27549",2021-05-15,"35","14  day ahead inc hosp",2021-05-29,"quantile",0.8,37.4856904647662
"27550",2021-05-15,"35","14  day ahead inc hosp",2021-05-29,"quantile",0.85,41.6224372125923
"27551",2021-05-15,"35","14  day ahead inc hosp",2021-05-29,"quantile",0.9,47.303033823912
"27552",2021-05-15,"35","14  day ahead inc hosp",2021-05-29,"quantile",0.95,56.7678804141007
"27553",2021-05-15,"35","14  day ahead inc hosp",2021-05-29,"quantile",0.975,66.0693442685398
"27554",2021-05-15,"35","14  day ahead inc hosp",2021-05-29,"quantile",0.99,78.2714385820577
"27555",2021-05-15,"35","15  day ahead inc hosp",2021-05-30,"quantile",0.01,4.42455495075641
"27556",2021-05-15,"35","15  day ahead inc hosp",2021-05-30,"quantile",0.025,6.17544661268126
"27557",2021-05-15,"35","15  day ahead inc hosp",2021-05-30,"quantile",0.05,8.05794639206492
"27558",2021-05-15,"35","15  day ahead inc hosp",2021-05-30,"quantile",0.1,10.7290392880092
"27559",2021-05-15,"35","15  day ahead inc hosp",2021-05-30,"quantile",0.15,12.8732585248226
"27560",2021-05-15,"35","15  day ahead inc hosp",2021-05-30,"quantile",0.2,14.7945944337579
"27561",2021-05-15,"35","15  day ahead inc hosp",2021-05-30,"quantile",0.25,16.6077163815094
"27562",2021-05-15,"35","15  day ahead inc hosp",2021-05-30,"quantile",0.3,18.3735447919321
"27563",2021-05-15,"35","15  day ahead inc hosp",2021-05-30,"quantile",0.35,20.1321774281546
"27564",2021-05-15,"35","15  day ahead inc hosp",2021-05-30,"quantile",0.4,21.9148922178309
"27565",2021-05-15,"35","15  day ahead inc hosp",2021-05-30,"quantile",0.45,23.7499079737707
"27566",2021-05-15,"35","15  day ahead inc hosp",2021-05-30,"quantile",0.5,25.6660326611167
"27567",2021-05-15,"35","15  day ahead inc hosp",2021-05-30,"quantile",0.55,27.6958271559519
"27568",2021-05-15,"35","15  day ahead inc hosp",2021-05-30,"quantile",0.6,29.8792938251554
"27569",2021-05-15,"35","15  day ahead inc hosp",2021-05-30,"quantile",0.65,32.2692141624236
"27570",2021-05-15,"35","15  day ahead inc hosp",2021-05-30,"quantile",0.7,34.9400756302008
"27571",2021-05-15,"35","15  day ahead inc hosp",2021-05-30,"quantile",0.75,38.0048079015746
"27572",2021-05-15,"35","15  day ahead inc hosp",2021-05-30,"quantile",0.8,41.6501077139557
"27573",2021-05-15,"35","15  day ahead inc hosp",2021-05-30,"quantile",0.85,46.2232647627674
"27574",2021-05-15,"35","15  day ahead inc hosp",2021-05-30,"quantile",0.9,52.5005509079548
"27575",2021-05-15,"35","15  day ahead inc hosp",2021-05-30,"quantile",0.95,62.9539952477881
"27576",2021-05-15,"35","15  day ahead inc hosp",2021-05-30,"quantile",0.975,73.2213832997332
"27577",2021-05-15,"35","15  day ahead inc hosp",2021-05-30,"quantile",0.99,86.6837871883131
"27578",2021-05-15,"35","16  day ahead inc hosp",2021-05-31,"quantile",0.01,4.22478926399868
"27579",2021-05-15,"35","16  day ahead inc hosp",2021-05-31,"quantile",0.025,5.95848721462564
"27580",2021-05-15,"35","16  day ahead inc hosp",2021-05-31,"quantile",0.05,7.83501474974727
"27581",2021-05-15,"35","16  day ahead inc hosp",2021-05-31,"quantile",0.1,10.5131232749491
"27582",2021-05-15,"35","16  day ahead inc hosp",2021-05-31,"quantile",0.15,12.6727249719593
"27583",2021-05-15,"35","16  day ahead inc hosp",2021-05-31,"quantile",0.2,14.6136171427419
"27584",2021-05-15,"35","16  day ahead inc hosp",2021-05-31,"quantile",0.25,16.4493798098116
"27585",2021-05-15,"35","16  day ahead inc hosp",2021-05-31,"quantile",0.3,18.240634573802
"27586",2021-05-15,"35","16  day ahead inc hosp",2021-05-31,"quantile",0.35,20.0275070754466
"27587",2021-05-15,"35","16  day ahead inc hosp",2021-05-31,"quantile",0.4,21.8414989316096
"27588",2021-05-15,"35","16  day ahead inc hosp",2021-05-31,"quantile",0.45,23.7112165508638
"27589",2021-05-15,"35","16  day ahead inc hosp",2021-05-31,"quantile",0.5,25.6660326611167
"27590",2021-05-15,"35","16  day ahead inc hosp",2021-05-31,"quantile",0.55,27.7392981892728
"27591",2021-05-15,"35","16  day ahead inc hosp",2021-05-31,"quantile",0.6,29.9721222697133
"27592",2021-05-15,"35","16  day ahead inc hosp",2021-05-31,"quantile",0.65,32.4188719538564
"27593",2021-05-15,"35","16  day ahead inc hosp",2021-05-31,"quantile",0.7,35.1563942231987
"27594",2021-05-15,"35","16  day ahead inc hosp",2021-05-31,"quantile",0.75,38.3013272583235
"27595",2021-05-15,"35","16  day ahead inc hosp",2021-05-31,"quantile",0.8,42.0466647142328
"27596",2021-05-15,"35","16  day ahead inc hosp",2021-05-31,"quantile",0.85,46.7516763071847
"27597",2021-05-15,"35","16  day ahead inc hosp",2021-05-31,"quantile",0.9,53.2200178439391
"27598",2021-05-15,"35","16  day ahead inc hosp",2021-05-31,"quantile",0.95,64.0133691202503
"27599",2021-05-15,"35","16  day ahead inc hosp",2021-05-31,"quantile",0.975,74.6364672874734
"27600",2021-05-15,"35","16  day ahead inc hosp",2021-05-31,"quantile",0.99,88.59194494449
"27601",2021-05-15,"35","17  day ahead inc hosp",2021-06-01,"quantile",0.01,4.03565411385575
"27602",2021-05-15,"35","17  day ahead inc hosp",2021-06-01,"quantile",0.025,5.75145903883553
"27603",2021-05-15,"35","17  day ahead inc hosp",2021-06-01,"quantile",0.05,7.62105687356867
"27604",2021-05-15,"35","17  day ahead inc hosp",2021-06-01,"quantile",0.1,10.3046991799477
"27605",2021-05-15,"35","17  day ahead inc hosp",2021-06-01,"quantile",0.15,12.4784800323359
"27606",2021-05-15,"35","17  day ahead inc hosp",2021-06-01,"quantile",0.2,14.4378715721308
"27607",2021-05-15,"35","17  day ahead inc hosp",2021-06-01,"quantile",0.25,16.2953077898888
"27608",2021-05-15,"35","17  day ahead inc hosp",2021-06-01,"quantile",0.3,18.1110806805586
"27609",2021-05-15,"35","17  day ahead inc hosp",2021-06-01,"quantile",0.35,19.9253244597629
"27610",2021-05-15,"35","17  day ahead inc hosp",2021-06-01,"quantile",0.4,21.7697509855782
"27611",2021-05-15,"35","17  day ahead inc hosp",2021-06-01,"quantile",0.45,23.6733440329705
"27612",2021-05-15,"35","17  day ahead inc hosp",2021-06-01,"quantile",0.5,25.6660326611167
"27613",2021-05-15,"35","17  day ahead inc hosp",2021-06-01,"quantile",0.55,27.7819503422982
"27614",2021-05-15,"35","17  day ahead inc hosp",2021-06-01,"quantile",0.6,30.063305782468
"27615",2021-05-15,"35","17  day ahead inc hosp",2021-06-01,"quantile",0.65,32.5660441934897
"27616",2021-05-15,"35","17  day ahead inc hosp",2021-06-01,"quantile",0.7,35.3693639878395
"27617",2021-05-15,"35","17  day ahead inc hosp",2021-06-01,"quantile",0.75,38.5936025800794
"27618",2021-05-15,"35","17  day ahead inc hosp",2021-06-01,"quantile",0.8,42.4380397305294
"27619",2021-05-15,"35","17  day ahead inc hosp",2021-06-01,"quantile",0.85,47.2739136245028
"27620",2021-05-15,"35","17  day ahead inc hosp",2021-06-01,"quantile",0.9,53.9322602561778
"27621",2021-05-15,"35","17  day ahead inc hosp",2021-06-01,"quantile",0.95,65.0644948592836
"27622",2021-05-15,"35","17  day ahead inc hosp",2021-06-01,"quantile",0.975,76.0430829042704
"27623",2021-05-15,"35","17  day ahead inc hosp",2021-06-01,"quantile",0.99,90.4923755612749
"27624",2021-05-15,"35","18  day ahead inc hosp",2021-06-02,"quantile",0.01,3.85639211613268
"27625",2021-05-15,"35","18  day ahead inc hosp",2021-06-02,"quantile",0.025,5.55369525191448
"27626",2021-05-15,"35","18  day ahead inc hosp",2021-06-02,"quantile",0.05,7.41549569830096
"27627",2021-05-15,"35","18  day ahead inc hosp",2021-06-02,"quantile",0.1,10.1033046767907
"27628",2021-05-15,"35","18  day ahead inc hosp",2021-06-02,"quantile",0.15,12.2901443103615
"27629",2021-05-15,"35","18  day ahead inc hosp",2021-06-02,"quantile",0.2,14.2670467646966
"27630",2021-05-15,"35","18  day ahead inc hosp",2021-06-02,"quantile",0.25,16.1452495198881
"27631",2021-05-15,"35","18  day ahead inc hosp",2021-06-02,"quantile",0.3,17.9846872386124
"27632",2021-05-15,"35","18  day ahead inc hosp",2021-06-02,"quantile",0.35,19.8254852014771
"27633",2021-05-15,"35","18  day ahead inc hosp",2021-06-02,"quantile",0.4,21.6995532512146
"27634",2021-05-15,"35","18  day ahead inc hosp",2021-06-02,"quantile",0.45,23.636243179133
"27635",2021-05-15,"35","18  day ahead inc hosp",2021-06-02,"quantile",0.5,25.6660326611167
"27636",2021-05-15,"35","18  day ahead inc hosp",2021-06-02,"quantile",0.55,27.8238308559859
"27637",2021-05-15,"35","18  day ahead inc hosp",2021-06-02,"quantile",0.6,30.1529394919415
"27638",2021-05-15,"35","18  day ahead inc hosp",2021-06-02,"quantile",0.65,32.7108752609499
"27639",2021-05-15,"35","18  day ahead inc hosp",2021-06-02,"quantile",0.7,35.5791807977126
"27640",2021-05-15,"35","18  day ahead inc hosp",2021-06-02,"quantile",0.75,38.881884668695
"27641",2021-05-15,"35","18  day ahead inc hosp",2021-06-02,"quantile",0.8,42.8245437200735
"27642",2021-05-15,"35","18  day ahead inc hosp",2021-06-02,"quantile",0.85,47.7903561103124
"27643",2021-05-15,"35","18  day ahead inc hosp",2021-06-02,"quantile",0.9,54.6377404708851
"27644",2021-05-15,"35","18  day ahead inc hosp",2021-06-02,"quantile",0.95,66.1079495301162
"27645",2021-05-15,"35","18  day ahead inc hosp",2021-06-02,"quantile",0.975,77.4418969835205
"27646",2021-05-15,"35","18  day ahead inc hosp",2021-06-02,"quantile",0.99,92.3858364228629
"27647",2021-05-15,"35","19  day ahead inc hosp",2021-06-03,"quantile",0.01,3.68632019744395
"27648",2021-05-15,"35","19  day ahead inc hosp",2021-06-03,"quantile",0.025,5.36459325334265
"27649",2021-05-15,"35","19  day ahead inc hosp",2021-06-03,"quantile",0.05,7.217809051368
"27650",2021-05-15,"35","19  day ahead inc hosp",2021-06-03,"quantile",0.1,9.90852092721663
"27651",2021-05-15,"35","19  day ahead inc hosp",2021-06-03,"quantile",0.15,12.1073738915916
"27652",2021-05-15,"35","19  day ahead inc hosp",2021-06-03,"quantile",0.2,14.1008607377954
"27653",2021-05-15,"35","19  day ahead inc hosp",2021-06-03,"quantile",0.25,15.9989775089461
"27654",2021-05-15,"35","19  day ahead inc hosp",2021-06-03,"quantile",0.3,17.861276547973
"27655",2021-05-15,"35","19  day ahead inc hosp",2021-06-03,"quantile",0.35,19.727858300357
"27656",2021-05-15,"35","19  day ahead inc hosp",2021-06-03,"quantile",0.4,21.6308194081873
"27657",2021-05-15,"35","19  day ahead inc hosp",2021-06-03,"quantile",0.45,23.5998711205087
"27658",2021-05-15,"35","19  day ahead inc hosp",2021-06-03,"quantile",0.5,25.6660326611167
"27659",2021-05-15,"35","19  day ahead inc hosp",2021-06-03,"quantile",0.55,27.8649825991785
"27660",2021-05-15,"35","19  day ahead inc hosp",2021-06-03,"quantile",0.6,30.2411097184655
"27661",2021-05-15,"35","19  day ahead inc hosp",2021-06-03,"quantile",0.65,32.8534961564694
"27662",2021-05-15,"35","19  day ahead inc hosp",2021-06-03,"quantile",0.7,35.7860223528085
"27663",2021-05-15,"35","19  day ahead inc hosp",2021-06-03,"quantile",0.75,39.1664010150338
"27664",2021-05-15,"35","19  day ahead inc hosp",2021-06-03,"quantile",0.8,43.2064586655089
"27665",2021-05-15,"35","19  day ahead inc hosp",2021-06-03,"quantile",0.85,48.3013476790581
"27666",2021-05-15,"35","19  day ahead inc hosp",2021-06-03,"quantile",0.9,55.3368773263226
"27667",2021-05-15,"35","19  day ahead inc hosp",2021-06-03,"quantile",0.95,67.1442553053241
"27668",2021-05-15,"35","19  day ahead inc hosp",2021-06-03,"quantile",0.975,78.8335121257435
"27669",2021-05-15,"35","19  day ahead inc hosp",2021-06-03,"quantile",0.99,94.2730106026393
"27670",2021-05-15,"35","20  day ahead inc hosp",2021-06-04,"quantile",0.01,3.52482008401111
"27671",2021-05-15,"35","20  day ahead inc hosp",2021-06-04,"quantile",0.025,5.183606514482
"27672",2021-05-15,"35","20  day ahead inc hosp",2021-06-04,"quantile",0.05,7.02752271424027
"27673",2021-05-15,"35","20  day ahead inc hosp",2021-06-04,"quantile",0.1,9.7199671094554
"27674",2021-05-15,"35","20  day ahead inc hosp",2021-06-04,"quantile",0.15,11.9298558895094
"27675",2021-05-15,"35","20  day ahead inc hosp",2021-06-04,"quantile",0.2,13.9390568524139
"27676",2021-05-15,"35","20  day ahead inc hosp",2021-06-04,"quantile",0.25,15.8562846590756
"27677",2021-05-15,"35","20  day ahead inc hosp",2021-06-04,"quantile",0.3,17.740686808953
"27678",2021-05-15,"35","20  day ahead inc hosp",2021-06-04,"quantile",0.35,19.6323244628455
"27679",2021-05-15,"35","20  day ahead inc hosp",2021-06-04,"quantile",0.4,21.5634708435223
"27680",2021-05-15,"35","20  day ahead inc hosp",2021-06-04,"quantile",0.45,23.5641888140599
"27681",2021-05-15,"35","20  day ahead inc hosp",2021-06-04,"quantile",0.5,25.6660326611167
"27682",2021-05-15,"35","20  day ahead inc hosp",2021-06-04,"quantile",0.55,27.9054446149135
"27683",2021-05-15,"35","20  day ahead inc hosp",2021-06-04,"quantile",0.6,30.327895075014
"27684",2021-05-15,"35","20  day ahead inc hosp",2021-06-04,"quantile",0.65,32.9940261736052
"27685",2021-05-15,"35","20  day ahead inc hosp",2021-06-04,"quantile",0.7,35.9900504528144
"27686",2021-05-15,"35","20  day ahead inc hosp",2021-06-04,"quantile",0.75,39.4473587170831
"27687",2021-05-15,"35","20  day ahead inc hosp",2021-06-04,"quantile",0.8,43.5840412058491
"27688",2021-05-15,"35","20  day ahead inc hosp",2021-06-04,"quantile",0.85,48.8072012172569
"27689",2021-05-15,"35","20  day ahead inc hosp",2021-06-04,"quantile",0.9,56.0300516442603
"27690",2021-05-15,"35","20  day ahead inc hosp",2021-06-04,"quantile",0.95,68.173886403437
"27691",2021-05-15,"35","20  day ahead inc hosp",2021-06-04,"quantile",0.975,80.2184748595774
"27692",2021-05-15,"35","20  day ahead inc hosp",2021-06-04,"quantile",0.99,96.1545163743828
"27693",2021-05-15,"35","21  day ahead inc hosp",2021-06-05,"quantile",0.01,3.37133028545901
"27694",2021-05-15,"35","21  day ahead inc hosp",2021-06-05,"quantile",0.025,5.0102376952726
"27695",2021-05-15,"35","21  day ahead inc hosp",2021-06-05,"quantile",0.05,6.84420456711592
"27696",2021-05-15,"35","21  day ahead inc hosp",2021-06-05,"quantile",0.1,9.53729579881763
"27697",2021-05-15,"35","21  day ahead inc hosp",2021-06-05,"quantile",0.15,11.7573046848601
"27698",2021-05-15,"35","21  day ahead inc hosp",2021-06-05,"quantile",0.2,13.7814007464082
"27699",2021-05-15,"35","21  day ahead inc hosp",2021-06-05,"quantile",0.25,15.716981800215
"27700",2021-05-15,"35","21  day ahead inc hosp",2021-06-05,"quantile",0.3,17.622770201752
"27701",2021-05-15,"35","21  day ahead inc hosp",2021-06-05,"quantile",0.35,19.5387746889193
"27702",2021-05-15,"35","21  day ahead inc hosp",2021-06-05,"quantile",0.4,21.4974357215675
"27703",2021-05-15,"35","21  day ahead inc hosp",2021-06-05,"quantile",0.45,23.5291605809962
"27704",2021-05-15,"35","21  day ahead inc hosp",2021-06-05,"quantile",0.5,25.6660326611167
"27705",2021-05-15,"35","21  day ahead inc hosp",2021-06-05,"quantile",0.55,27.9452525819816
"27706",2021-05-15,"35","21  day ahead inc hosp",2021-06-05,"quantile",0.6,30.4133673972389
"27707",2021-05-15,"35","21  day ahead inc hosp",2021-06-05,"quantile",0.65,33.1325743123804
"27708",2021-05-15,"35","21  day ahead inc hosp",2021-06-05,"quantile",0.7,36.191412917531
"27709",2021-05-15,"35","21  day ahead inc hosp",2021-06-05,"quantile",0.75,39.7249469449044
"27710",2021-05-15,"35","21  day ahead inc hosp",2021-06-05,"quantile",0.8,43.9575257032378
"27711",2021-05-15,"35","21  day ahead inc hosp",2021-06-05,"quantile",0.85,49.3082023441633
"27712",2021-05-15,"35","21  day ahead inc hosp",2021-06-05,"quantile",0.9,56.7176108493876
"27713",2021-05-15,"35","21  day ahead inc hosp",2021-06-05,"quantile",0.95,69.1972749442566
"27714",2021-05-15,"35","21  day ahead inc hosp",2021-06-05,"quantile",0.975,81.5972825250824
"27715",2021-05-15,"35","21  day ahead inc hosp",2021-06-05,"quantile",0.99,98.0309152284683
"27716",2021-05-15,"35","22  day ahead inc hosp",2021-06-06,"quantile",0.01,3.27523175892061
"27717",2021-05-15,"35","22  day ahead inc hosp",2021-06-06,"quantile",0.025,4.91168262696141
"27718",2021-05-15,"35","22  day ahead inc hosp",2021-06-06,"quantile",0.05,6.75339223946765
"27719",2021-05-15,"35","22  day ahead inc hosp",2021-06-06,"quantile",0.1,9.47097417300747
"27720",2021-05-15,"35","22  day ahead inc hosp",2021-06-06,"quantile",0.15,11.7194653936149
"27721",2021-05-15,"35","22  day ahead inc hosp",2021-06-06,"quantile",0.2,13.7744562331567
"27722",2021-05-15,"35","22  day ahead inc hosp",2021-06-06,"quantile",0.25,15.7431635916527
"27723",2021-05-15,"35","22  day ahead inc hosp",2021-06-06,"quantile",0.3,17.6844657971533
"27724",2021-05-15,"35","22  day ahead inc hosp",2021-06-06,"quantile",0.35,19.6386840605228
"27725",2021-05-15,"35","22  day ahead inc hosp",2021-06-06,"quantile",0.4,21.6386950693752
"27726",2021-05-15,"35","22  day ahead inc hosp",2021-06-06,"quantile",0.45,23.7154789173687
"27727",2021-05-15,"35","22  day ahead inc hosp",2021-06-06,"quantile",0.5,25.9018683351404
"27728",2021-05-15,"35","22  day ahead inc hosp",2021-06-06,"quantile",0.55,28.236059703549
"27729",2021-05-15,"35","22  day ahead inc hosp",2021-06-06,"quantile",0.6,30.7659580411309
"27730",2021-05-15,"35","22  day ahead inc hosp",2021-06-06,"quantile",0.65,33.5556773876974
"27731",2021-05-15,"35","22  day ahead inc hosp",2021-06-06,"quantile",0.7,36.6965858313486
"27732",2021-05-15,"35","22  day ahead inc hosp",2021-06-06,"quantile",0.75,40.3281706247399
"27733",2021-05-15,"35","22  day ahead inc hosp",2021-06-06,"quantile",0.8,44.6822690434364
"27734",2021-05-15,"35","22  day ahead inc hosp",2021-06-06,"quantile",0.85,50.1921511731125
"27735",2021-05-15,"35","22  day ahead inc hosp",2021-06-06,"quantile",0.9,57.8308973523653
"27736",2021-05-15,"35","22  day ahead inc hosp",2021-06-06,"quantile",0.95,70.7160959353732
"27737",2021-05-15,"35","22  day ahead inc hosp",2021-06-06,"quantile",0.975,83.5384616370833
"27738",2021-05-15,"35","22  day ahead inc hosp",2021-06-06,"quantile",0.99,100.555614619421
"27739",2021-05-15,"35","23  day ahead inc hosp",2021-06-07,"quantile",0.01,3.13465434058505
"27740",2021-05-15,"35","23  day ahead inc hosp",2021-06-07,"quantile",0.025,4.75055176928645
"27741",2021-05-15,"35","23  day ahead inc hosp",2021-06-07,"quantile",0.05,6.5812072565586
"27742",2021-05-15,"35","23  day ahead inc hosp",2021-06-07,"quantile",0.1,9.29761351392082
"27743",2021-05-15,"35","23  day ahead inc hosp",2021-06-07,"quantile",0.15,11.5547093980204
"27744",2021-05-15,"35","23  day ahead inc hosp",2021-06-07,"quantile",0.2,13.6232574115501
"27745",2021-05-15,"35","23  day ahead inc hosp",2021-06-07,"quantile",0.25,15.6090959020656
"27746",2021-05-15,"35","23  day ahead inc hosp",2021-06-07,"quantile",0.3,17.5706434491707
"27747",2021-05-15,"35","23  day ahead inc hosp",2021-06-07,"quantile",0.35,19.5481471742317
"27748",2021-05-15,"35","23  day ahead inc hosp",2021-06-07,"quantile",0.4,21.5746363990189
"27749",2021-05-15,"35","23  day ahead inc hosp",2021-06-07,"quantile",0.45,23.6814253183678
"27750",2021-05-15,"35","23  day ahead inc hosp",2021-06-07,"quantile",0.5,25.9018683351404
"27751",2021-05-15,"35","23  day ahead inc hosp",2021-06-07,"quantile",0.55,28.2749149920615
"27752",2021-05-15,"35","23  day ahead inc hosp",2021-06-07,"quantile",0.6,30.8495437701313
"27753",2021-05-15,"35","23  day ahead inc hosp",2021-06-07,"quantile",0.65,33.6914229798842
"27754",2021-05-15,"35","23  day ahead inc hosp",2021-06-07,"quantile",0.7,36.8942505235335
"27755",2021-05-15,"35","23  day ahead inc hosp",2021-06-07,"quantile",0.75,40.6011958366169
"27756",2021-05-15,"35","23  day ahead inc hosp",2021-06-07,"quantile",0.8,45.0503783692792
"27757",2021-05-15,"35","23  day ahead inc hosp",2021-06-07,"quantile",0.85,50.6870760608613
"27758",2021-05-15,"35","23  day ahead inc hosp",2021-06-07,"quantile",0.9,58.5119591117331
"27759",2021-05-15,"35","23  day ahead inc hosp",2021-06-07,"quantile",0.95,71.7335558973418
"27760",2021-05-15,"35","23  day ahead inc hosp",2021-06-07,"quantile",0.975,84.9132861852367
"27761",2021-05-15,"35","23  day ahead inc hosp",2021-06-07,"quantile",0.99,102.432415647876
"27762",2021-05-15,"35","24  day ahead inc hosp",2021-06-08,"quantile",0.01,3.00074011829667
"27763",2021-05-15,"35","24  day ahead inc hosp",2021-06-08,"quantile",0.025,4.5958410077663
"27764",2021-05-15,"35","24  day ahead inc hosp",2021-06-08,"quantile",0.05,6.41494705698291
"27765",2021-05-15,"35","24  day ahead inc hosp",2021-06-08,"quantile",0.1,9.12929458602012
"27766",2021-05-15,"35","24  day ahead inc hosp",2021-06-08,"quantile",0.15,11.3942282087629
"27767",2021-05-15,"35","24  day ahead inc hosp",2021-06-08,"quantile",0.2,13.4756381584633
"27768",2021-05-15,"35","24  day ahead inc hosp",2021-06-08,"quantile",0.25,15.4779593387883
"27769",2021-05-15,"35","24  day ahead inc hosp",2021-06-08,"quantile",0.3,17.4591355488119
"27770",2021-05-15,"35","24  day ahead inc hosp",2021-06-08,"quantile",0.35,19.4593298008128
"27771",2021-05-15,"35","24  day ahead inc hosp",2021-06-08,"quantile",0.4,21.5117167938932
"27772",2021-05-15,"35","24  day ahead inc hosp",2021-06-08,"quantile",0.45,23.6479391765005
"27773",2021-05-15,"35","24  day ahead inc hosp",2021-06-08,"quantile",0.5,25.9018683351404
"27774",2021-05-15,"35","24  day ahead inc hosp",2021-06-08,"quantile",0.55,28.3132028481586
"27775",2021-05-15,"35","24  day ahead inc hosp",2021-06-08,"quantile",0.6,30.9319908422879
"27776",2021-05-15,"35","24  day ahead inc hosp",2021-06-08,"quantile",0.65,33.8254512444237
"27777",2021-05-15,"35","24  day ahead inc hosp",2021-06-08,"quantile",0.7,37.0896082646241
"27778",2021-05-15,"35","24  day ahead inc hosp",2021-06-08,"quantile",0.75,40.871310438966
"27779",2021-05-15,"35","24  day ahead inc hosp",2021-06-08,"quantile",0.8,45.4149578630268
"27780",2021-05-15,"35","24  day ahead inc hosp",2021-06-08,"quantile",0.85,51.1778405284138
"27781",2021-05-15,"35","24  day ahead inc hosp",2021-06-08,"quantile",0.9,59.1882465342281
"27782",2021-05-15,"35","24  day ahead inc hosp",2021-06-08,"quantile",0.95,72.7458167086873
"27783",2021-05-15,"35","24  day ahead inc hosp",2021-06-08,"quantile",0.975,86.2831534885575
"27784",2021-05-15,"35","24  day ahead inc hosp",2021-06-08,"quantile",0.99,104.305456877507
"27785",2021-05-15,"35","25  day ahead inc hosp",2021-06-09,"quantile",0.01,2.87309285251183
"27786",2021-05-15,"35","25  day ahead inc hosp",2021-06-09,"quantile",0.025,4.44719655422167
"27787",2021-05-15,"35","25  day ahead inc hosp",2021-06-09,"quantile",0.05,6.25430262001716
"27788",2021-05-15,"35","25  day ahead inc hosp",2021-06-09,"quantile",0.1,8.96576778991486
"27789",2021-05-15,"35","25  day ahead inc hosp",2021-06-09,"quantile",0.15,11.2378161489868
"27790",2021-05-15,"35","25  day ahead inc hosp",2021-06-09,"quantile",0.2,13.3314294607239
"27791",2021-05-15,"35","25  day ahead inc hosp",2021-06-09,"quantile",0.25,15.3496173438074
"27792",2021-05-15,"35","25  day ahead inc hosp",2021-06-09,"quantile",0.3,17.3498353136016
"27793",2021-05-15,"35","25  day ahead inc hosp",2021-06-09,"quantile",0.35,19.3721531622967
"27794",2021-05-15,"35","25  day ahead inc hosp",2021-06-09,"quantile",0.4,21.4498843192786
"27795",2021-05-15,"35","25  day ahead inc hosp",2021-06-09,"quantile",0.45,23.6149946924805
"27796",2021-05-15,"35","25  day ahead inc hosp",2021-06-09,"quantile",0.5,25.9018683351404
"27797",2021-05-15,"35","25  day ahead inc hosp",2021-06-09,"quantile",0.55,28.3509490711264
"27798",2021-05-15,"35","25  day ahead inc hosp",2021-06-09,"quantile",0.6,31.0133511923201
"27799",2021-05-15,"35","25  day ahead inc hosp",2021-06-09,"quantile",0.65,33.9578409592852
"27800",2021-05-15,"35","25  day ahead inc hosp",2021-06-09,"quantile",0.7,37.2827658370957
"27801",2021-05-15,"35","25  day ahead inc hosp",2021-06-09,"quantile",0.75,41.1386509898007
"27802",2021-05-15,"35","25  day ahead inc hosp",2021-06-09,"quantile",0.8,45.7761765378512
"27803",2021-05-15,"35","25  day ahead inc hosp",2021-06-09,"quantile",0.85,51.6646502526253
"27804",2021-05-15,"35","25  day ahead inc hosp",2021-06-09,"quantile",0.9,59.8600092192408
"27805",2021-05-15,"35","25  day ahead inc hosp",2021-06-09,"quantile",0.95,73.7531873901329
"27806",2021-05-15,"35","25  day ahead inc hosp",2021-06-09,"quantile",0.975,87.648417335225
"27807",2021-05-15,"35","25  day ahead inc hosp",2021-06-09,"quantile",0.99,106.175134547857
"27808",2021-05-15,"35","26  day ahead inc hosp",2021-06-10,"quantile",0.01,2.75134776657121
"27809",2021-05-15,"35","26  day ahead inc hosp",2021-06-10,"quantile",0.025,4.30429202113964
"27810",2021-05-15,"35","26  day ahead inc hosp",2021-06-10,"quantile",0.05,6.09898846235589
"27811",2021-05-15,"35","26  day ahead inc hosp",2021-06-10,"quantile",0.1,8.80680226015921
"27812",2021-05-15,"35","26  day ahead inc hosp",2021-06-10,"quantile",0.15,11.0852828634441
"27813",2021-05-15,"35","26  day ahead inc hosp",2021-06-10,"quantile",0.2,13.1904748361892
"27814",2021-05-15,"35","26  day ahead inc hosp",2021-06-10,"quantile",0.25,15.2239434512752
"27815",2021-05-15,"35","26  day ahead inc hosp",2021-06-10,"quantile",0.3,17.2426438348702
"27816",2021-05-15,"35","26  day ahead inc hosp",2021-06-10,"quantile",0.35,19.2865442803948
"27817",2021-05-15,"35","26  day ahead inc hosp",2021-06-10,"quantile",0.4,21.3890908599239
"27818",2021-05-15,"35","26  day ahead inc hosp",2021-06-10,"quantile",0.45,23.5825679632598
"27819",2021-05-15,"35","26  day ahead inc hosp",2021-06-10,"quantile",0.5,25.9018683351404
"27820",2021-05-15,"35","26  day ahead inc hosp",2021-06-10,"quantile",0.55,28.388177564013
"27821",2021-05-15,"35","26  day ahead inc hosp",2021-06-10,"quantile",0.6,31.093672935479
"27822",2021-05-15,"35","26  day ahead inc hosp",2021-06-10,"quantile",0.65,34.0886651027574
"27823",2021-05-15,"35","26  day ahead inc hosp",2021-06-10,"quantile",0.7,37.4738221496179
"27824",2021-05-15,"35","26  day ahead inc hosp",2021-06-10,"quantile",0.75,41.4033439549686
"27825",2021-05-15,"35","26  day ahead inc hosp",2021-06-10,"quantile",0.8,46.1341908758953
"27826",2021-05-15,"35","26  day ahead inc hosp",2021-06-10,"quantile",0.85,52.1476955887443
"27827",2021-05-15,"35","26  day ahead inc hosp",2021-06-10,"quantile",0.9,60.5274780322169
"27828",2021-05-15,"35","26  day ahead inc hosp",2021-06-10,"quantile",0.95,74.7559534249841
"27829",2021-05-15,"35","26  day ahead inc hosp",2021-06-10,"quantile",0.975,89.009404112752
"27830",2021-05-15,"35","26  day ahead inc hosp",2021-06-10,"quantile",0.99,108.041813435586
"27831",2021-05-15,"35","27  day ahead inc hosp",2021-06-11,"quantile",0.01,2.63516830143176
"27832",2021-05-15,"35","27  day ahead inc hosp",2021-06-11,"quantile",0.025,4.16682562282722
"27833",2021-05-15,"35","27  day ahead inc hosp",2021-06-11,"quantile",0.05,5.94874024997995
"27834",2021-05-15,"35","27  day ahead inc hosp",2021-06-11,"quantile",0.1,8.65218397595781
"27835",2021-05-15,"35","27  day ahead inc hosp",2021-06-11,"quantile",0.15,10.9364517781827
"27836",2021-05-15,"35","27  day ahead inc hosp",2021-06-11,"quantile",0.2,13.0526290764868
"27837",2021-05-15,"35","27  day ahead inc hosp",2021-06-11,"quantile",0.25,15.1008202763292
"27838",2021-05-15,"35","27  day ahead inc hosp",2021-06-11,"quantile",0.3,17.1374692896014
"27839",2021-05-15,"35","27  day ahead inc hosp",2021-06-11,"quantile",0.35,19.2024353963533
"27840",2021-05-15,"35","27  day ahead inc hosp",2021-06-11,"quantile",0.4,21.3292917381537
"27841",2021-05-15,"35","27  day ahead inc hosp",2021-06-11,"quantile",0.45,23.5506367924807
"27842",2021-05-15,"35","27  day ahead inc hosp",2021-06-11,"quantile",0.5,25.9018683351404
"27843",2021-05-15,"35","27  day ahead inc hosp",2021-06-11,"quantile",0.55,28.4249105231761
"27844",2021-05-15,"35","27  day ahead inc hosp",2021-06-11,"quantile",0.6,31.1730007494402
"27845",2021-05-15,"35","27  day ahead inc hosp",2021-06-11,"quantile",0.65,34.217991433594
"27846",2021-05-15,"35","27  day ahead inc hosp",2021-06-11,"quantile",0.7,37.662869025207
"27847",2021-05-15,"35","27  day ahead inc hosp",2021-06-11,"quantile",0.75,41.6655067193321
"27848",2021-05-15,"35","27  day ahead inc hosp",2021-06-11,"quantile",0.8,46.4891460855316
"27849",2021-05-15,"35","27  day ahead inc hosp",2021-06-11,"quantile",0.85,52.6271531107224
"27850",2021-05-15,"35","27  day ahead inc hosp",2021-06-11,"quantile",0.9,61.1908669939519
"27851",2021-05-15,"35","27  day ahead inc hosp",2021-06-11,"quantile",0.95,75.7543791472602
"27852",2021-05-15,"35","27  day ahead inc hosp",2021-06-11,"quantile",0.975,90.3664156068316
"27853",2021-05-15,"35","27  day ahead inc hosp",2021-06-11,"quantile",0.99,109.905830099736
"27854",2021-05-15,"35","28  day ahead inc hosp",2021-06-12,"quantile",0.01,2.524243282886
"27855",2021-05-15,"35","28  day ahead inc hosp",2021-06-12,"quantile",0.025,4.03451773046481
"27856",2021-05-15,"35","28  day ahead inc hosp",2021-06-12,"quantile",0.05,5.80331271089738
"27857",2021-05-15,"35","28  day ahead inc hosp",2021-06-12,"quantile",0.1,8.50171410911246
"27858",2021-05-15,"35","28  day ahead inc hosp",2021-06-12,"quantile",0.15,10.7911587533212
"27859",2021-05-15,"35","28  day ahead inc hosp",2021-06-12,"quantile",0.2,12.9177571471854
"27860",2021-05-15,"35","28  day ahead inc hosp",2021-06-12,"quantile",0.25,14.9801386304324
"27861",2021-05-15,"35","28  day ahead inc hosp",2021-06-12,"quantile",0.3,17.0342262508406
"27862",2021-05-15,"35","28  day ahead inc hosp",2021-06-12,"quantile",0.35,19.1197634633306
"27863",2021-05-15,"35","28  day ahead inc hosp",2021-06-12,"quantile",0.4,21.270445379703
"27864",2021-05-15,"35","28  day ahead inc hosp",2021-06-12,"quantile",0.45,23.5191805246126
"27865",2021-05-15,"35","28  day ahead inc hosp",2021-06-12,"quantile",0.5,25.9018683351404
"27866",2021-05-15,"35","28  day ahead inc hosp",2021-06-12,"quantile",0.55,28.4611686041462
"27867",2021-05-15,"35","28  day ahead inc hosp",2021-06-12,"quantile",0.6,31.2513762084687
"27868",2021-05-15,"35","28  day ahead inc hosp",2021-06-12,"quantile",0.65,34.3458829986368
"27869",2021-05-15,"35","28  day ahead inc hosp",2021-06-12,"quantile",0.7,37.8499918908177
"27870",2021-05-15,"35","28  day ahead inc hosp",2021-06-12,"quantile",0.75,41.9252484714284
"27871",2021-05-15,"35","28  day ahead inc hosp",2021-06-12,"quantile",0.8,46.8411772011912
"27872",2021-05-15,"35","28  day ahead inc hosp",2021-06-12,"quantile",0.85,53.1031869584413
"27873",2021-05-15,"35","28  day ahead inc hosp",2021-06-12,"quantile",0.9,61.8503749326438
"27874",2021-05-15,"35","28  day ahead inc hosp",2021-06-12,"quantile",0.95,76.7487098289531
"27875",2021-05-15,"35","28  day ahead inc hosp",2021-06-12,"quantile",0.975,91.7197314462834
"27876",2021-05-15,"35","28  day ahead inc hosp",2021-06-12,"quantile",0.99,111.767495714516
"27877",2021-05-15,"35","29  day ahead inc hosp",2021-06-13,"quantile",0.01,2.8233637403737
"27878",2021-05-15,"35","29  day ahead inc hosp",2021-06-13,"quantile",0.025,4.48376042630081
"27879",2021-05-15,"35","29  day ahead inc hosp",2021-06-13,"quantile",0.05,6.42064992140821
"27880",2021-05-15,"35","29  day ahead inc hosp",2021-06-13,"quantile",0.1,9.36577284280462
"27881",2021-05-15,"35","29  day ahead inc hosp",2021-06-13,"quantile",0.15,11.8584034414468
"27882",2021-05-15,"35","29  day ahead inc hosp",2021-06-13,"quantile",0.2,14.1700850293043
"27883",2021-05-15,"35","29  day ahead inc hosp",2021-06-13,"quantile",0.25,16.4093029374328
"27884",2021-05-15,"35","29  day ahead inc hosp",2021-06-13,"quantile",0.3,18.637363609834
"27885",2021-05-15,"35","29  day ahead inc hosp",2021-06-13,"quantile",0.35,20.8976709660727
"27886",2021-05-15,"35","29  day ahead inc hosp",2021-06-13,"quantile",0.4,23.2268802453303
"27887",2021-05-15,"35","29  day ahead inc hosp",2021-06-13,"quantile",0.45,25.6606667109284
"27888",2021-05-15,"35","29  day ahead inc hosp",2021-06-13,"quantile",0.5,28.2378415727787
"27889",2021-05-15,"35","29  day ahead inc hosp",2021-06-13,"quantile",0.55,31.0044338588773
"27890",2021-05-15,"35","29  day ahead inc hosp",2021-06-13,"quantile",0.6,34.0189476388333
"27891",2021-05-15,"35","29  day ahead inc hosp",2021-06-13,"quantile",0.65,37.3603927470931
"27892",2021-05-15,"35","29  day ahead inc hosp",2021-06-13,"quantile",0.7,41.1420625842216
"27893",2021-05-15,"35","29  day ahead inc hosp",2021-06-13,"quantile",0.75,45.5376835184753
"27894",2021-05-15,"35","29  day ahead inc hosp",2021-06-13,"quantile",0.8,50.837000798146
"27895",2021-05-15,"35","29  day ahead inc hosp",2021-06-13,"quantile",0.85,57.5831702975771
"27896",2021-05-15,"35","29  day ahead inc hosp",2021-06-13,"quantile",0.9,66.9999613155819
"27897",2021-05-15,"35","29  day ahead inc hosp",2021-06-13,"quantile",0.95,83.0241795964736
"27898",2021-05-15,"35","29  day ahead inc hosp",2021-06-13,"quantile",0.975,99.1118458179114
"27899",2021-05-15,"35","29  day ahead inc hosp",2021-06-13,"quantile",0.99,120.636838451813
"27900",2021-05-15,"35","30  day ahead inc hosp",2021-06-14,"quantile",0.01,2.70956248232026
"27901",2021-05-15,"35","30  day ahead inc hosp",2021-06-14,"quantile",0.025,4.34760255574845
"27902",2021-05-15,"35","30  day ahead inc hosp",2021-06-14,"quantile",0.05,6.27066746595328
"27903",2021-05-15,"35","30  day ahead inc hosp",2021-06-14,"quantile",0.1,9.21026913168642
"27904",2021-05-15,"35","30  day ahead inc hosp",2021-06-14,"quantile",0.15,11.7080702338487
"27905",2021-05-15,"35","30  day ahead inc hosp",2021-06-14,"quantile",0.2,14.0304149428681
"27906",2021-05-15,"35","30  day ahead inc hosp",2021-06-14,"quantile",0.25,16.2842433676769
"27907",2021-05-15,"35","30  day ahead inc hosp",2021-06-14,"quantile",0.3,18.5303145553259
"27908",2021-05-15,"35","30  day ahead inc hosp",2021-06-14,"quantile",0.35,20.8119089503796
"27909",2021-05-15,"35","30  day ahead inc hosp",2021-06-14,"quantile",0.4,23.1658072291173
"27910",2021-05-15,"35","30  day ahead inc hosp",2021-06-14,"quantile",0.45,25.6280068587584
"27911",2021-05-15,"35","30  day ahead inc hosp",2021-06-14,"quantile",0.5,28.2378415727787
"27912",2021-05-15,"35","30  day ahead inc hosp",2021-06-14,"quantile",0.55,31.0421073875656
"27913",2021-05-15,"35","30  day ahead inc hosp",2021-06-14,"quantile",0.6,34.1004115326182
"27914",2021-05-15,"35","30  day ahead inc hosp",2021-06-14,"quantile",0.65,37.4933703342449
"27915",2021-05-15,"35","30  day ahead inc hosp",2021-06-14,"quantile",0.7,41.3366951932931
"27916",2021-05-15,"35","30  day ahead inc hosp",2021-06-14,"quantile",0.75,45.8079466453884
"27917",2021-05-15,"35","30  day ahead inc hosp",2021-06-14,"quantile",0.8,51.2034308774238
"27918",2021-05-15,"35","30  day ahead inc hosp",2021-06-14,"quantile",0.85,58.0788821053078
"27919",2021-05-15,"35","30  day ahead inc hosp",2021-06-14,"quantile",0.9,67.6870683373392
"27920",2021-05-15,"35","30  day ahead inc hosp",2021-06-14,"quantile",0.95,84.0608080264184
"27921",2021-05-15,"35","30  day ahead inc hosp",2021-06-14,"quantile",0.975,100.523465824233
"27922",2021-05-15,"35","30  day ahead inc hosp",2021-06-14,"quantile",0.99,122.579781065399
"27923",2021-05-15,"35","31  day ahead inc hosp",2021-06-15,"quantile",0.01,2.60062834164489
"27924",2021-05-15,"35","31  day ahead inc hosp",2021-06-15,"quantile",0.025,4.21625423280736
"27925",2021-05-15,"35","31  day ahead inc hosp",2021-06-15,"quantile",0.05,6.12519909129397
"27926",2021-05-15,"35","31  day ahead inc hosp",2021-06-15,"quantile",0.1,9.0586649453559
"27927",2021-05-15,"35","31  day ahead inc hosp",2021-06-15,"quantile",0.15,11.5610694692305
"27928",2021-05-15,"35","31  day ahead inc hosp",2021-06-15,"quantile",0.2,13.8935494541006
"27929",2021-05-15,"35","31  day ahead inc hosp",2021-06-15,"quantile",0.25,16.1614884443447
"27930",2021-05-15,"35","31  day ahead inc hosp",2021-06-15,"quantile",0.3,18.4250898903992
"27931",2021-05-15,"35","31  day ahead inc hosp",2021-06-15,"quantile",0.35,20.727504819583
"27932",2021-05-15,"35","31  day ahead inc hosp",2021-06-15,"quantile",0.4,23.1056348334714
"27933",2021-05-15,"35","31  day ahead inc hosp",2021-06-15,"quantile",0.45,25.5957960017386
"27934",2021-05-15,"35","31  day ahead inc hosp",2021-06-15,"quantile",0.5,28.2378415727787
"27935",2021-05-15,"35","31  day ahead inc hosp",2021-06-15,"quantile",0.55,31.0793319458218
"27936",2021-05-15,"35","31  day ahead inc hosp",2021-06-15,"quantile",0.6,34.1809752142228
"27937",2021-05-15,"35","31  day ahead inc hosp",2021-06-15,"quantile",0.65,37.6249922217249
"27938",2021-05-15,"35","31  day ahead inc hosp",2021-06-15,"quantile",0.7,41.5295109093127
"27939",2021-05-15,"35","31  day ahead inc hosp",2021-06-15,"quantile",0.75,46.0759256426597
"27940",2021-05-15,"35","31  day ahead inc hosp",2021-06-15,"quantile",0.8,51.5671060954573
"27941",2021-05-15,"35","31  day ahead inc hosp",2021-06-15,"quantile",0.85,58.5713758561995
"27942",2021-05-15,"35","31  day ahead inc hosp",2021-06-15,"quantile",0.9,68.3705432286219
"27943",2021-05-15,"35","31  day ahead inc hosp",2021-06-15,"quantile",0.95,85.0936480082777
"27944",2021-05-15,"35","31  day ahead inc hosp",2021-06-15,"quantile",0.975,101.931739134265
"27945",2021-05-15,"35","31  day ahead inc hosp",2021-06-15,"quantile",0.99,124.52075995883
"27946",2021-05-15,"35","32  day ahead inc hosp",2021-06-16,"quantile",0.01,2.4963114064871
"27947",2021-05-15,"35","32  day ahead inc hosp",2021-06-16,"quantile",0.025,4.08948971737347
"27948",2021-05-15,"35","32  day ahead inc hosp",2021-06-16,"quantile",0.05,5.98404613111097
"27949",2021-05-15,"35","32  day ahead inc hosp",2021-06-16,"quantile",0.1,8.91079877434995
"27950",2021-05-15,"35","32  day ahead inc hosp",2021-06-16,"quantile",0.15,11.4172676238209
"27951",2021-05-15,"35","32  day ahead inc hosp",2021-06-16,"quantile",0.2,13.7593786175222
"27952",2021-05-15,"35","32  day ahead inc hosp",2021-06-16,"quantile",0.25,16.0409492119258
"27953",2021-05-15,"35","32  day ahead inc hosp",2021-06-16,"quantile",0.3,18.3216199885565
"27954",2021-05-15,"35","32  day ahead inc hosp",2021-06-16,"quantile",0.35,20.6444071727749
"27955",2021-05-15,"35","32  day ahead inc hosp",2021-06-16,"quantile",0.4,23.0463291570769
"27956",2021-05-15,"35","32  day ahead inc hosp",2021-06-16,"quantile",0.45,25.5640172946514
"27957",2021-05-15,"35","32  day ahead inc hosp",2021-06-16,"quantile",0.5,28.2378415727787
"27958",2021-05-15,"35","32  day ahead inc hosp",2021-06-16,"quantile",0.55,31.1161243788635
"27959",2021-05-15,"35","32  day ahead inc hosp",2021-06-16,"quantile",0.6,34.2606725849626
"27960",2021-05-15,"35","32  day ahead inc hosp",2021-06-16,"quantile",0.65,37.7553098104412
"27961",2021-05-15,"35","32  day ahead inc hosp",2021-06-16,"quantile",0.7,41.7205793587778
"27962",2021-05-15,"35","32  day ahead inc hosp",2021-06-16,"quantile",0.75,46.3417094657997
"27963",2021-05-15,"35","32  day ahead inc hosp",2021-06-16,"quantile",0.8,51.9281363977263
"27964",2021-05-15,"35","32  day ahead inc hosp",2021-06-16,"quantile",0.85,59.060785074023
"27965",2021-05-15,"35","32  day ahead inc hosp",2021-06-16,"quantile",0.9,69.0505474988932
"27966",2021-05-15,"35","32  day ahead inc hosp",2021-06-16,"quantile",0.95,86.1228982083708
"27967",2021-05-15,"35","32  day ahead inc hosp",2021-06-16,"quantile",0.975,103.336891488112
"27968",2021-05-15,"35","32  day ahead inc hosp",2021-06-16,"quantile",0.99,126.460025043967
"27969",2021-05-15,"35","33  day ahead inc hosp",2021-06-17,"quantile",0.01,2.39637848125028
"27970",2021-05-15,"35","33  day ahead inc hosp",2021-06-17,"quantile",0.025,3.96709791512814
"27971",2021-05-15,"35","33  day ahead inc hosp",2021-06-17,"quantile",0.05,5.84702255149527
"27972",2021-05-15,"35","33  day ahead inc hosp",2021-06-17,"quantile",0.1,8.76651920034221
"27973",2021-05-15,"35","33  day ahead inc hosp",2021-06-17,"quantile",0.15,11.2765394424505
"27974",2021-05-15,"35","33  day ahead inc hosp",2021-06-17,"quantile",0.2,13.6277992582993
"27975",2021-05-15,"35","33  day ahead inc hosp",2021-06-17,"quantile",0.25,15.9225421722401
"27976",2021-05-15,"35","33  day ahead inc hosp",2021-06-17,"quantile",0.3,18.2198394834868
"27977",2021-05-15,"35","33  day ahead inc hosp",2021-06-17,"quantile",0.35,20.5625677482639
"27978",2021-05-15,"35","33  day ahead inc hosp",2021-06-17,"quantile",0.4,22.9878583665445
"27979",2021-05-15,"35","33  day ahead inc hosp",2021-06-17,"quantile",0.45,25.5326549190914
"27980",2021-05-15,"35","33  day ahead inc hosp",2021-06-17,"quantile",0.5,28.2378415727787
"27981",2021-05-15,"35","33  day ahead inc hosp",2021-06-17,"quantile",0.55,31.1525005050962
"27982",2021-05-15,"35","33  day ahead inc hosp",2021-06-17,"quantile",0.6,34.339535478227
"27983",2021-05-15,"35","33  day ahead inc hosp",2021-06-17,"quantile",0.65,37.8843713620854
"27984",2021-05-15,"35","33  day ahead inc hosp",2021-06-17,"quantile",0.7,41.9099659079994
"27985",2021-05-15,"35","33  day ahead inc hosp",2021-06-17,"quantile",0.75,46.6053816129883
"27986",2021-05-15,"35","33  day ahead inc hosp",2021-06-17,"quantile",0.8,52.2866249590641
"27987",2021-05-15,"35","33  day ahead inc hosp",2021-06-17,"quantile",0.85,59.547235013948
"27988",2021-05-15,"35","33  day ahead inc hosp",2021-06-17,"quantile",0.9,69.7272325664792
"27989",2021-05-15,"35","33  day ahead inc hosp",2021-06-17,"quantile",0.95,87.1487446606068
"27990",2021-05-15,"35","33  day ahead inc hosp",2021-06-17,"quantile",0.975,104.739133980092
"27991",2021-05-15,"35","33  day ahead inc hosp",2021-06-17,"quantile",0.99,128.397809516405
"27992",2021-05-15,"35","34  day ahead inc hosp",2021-06-18,"quantile",0.01,2.30061164116908
"27993",2021-05-15,"35","34  day ahead inc hosp",2021-06-18,"quantile",0.025,3.84888112589555
"27994",2021-05-15,"35","34  day ahead inc hosp",2021-06-18,"quantile",0.05,5.71395387998526
"27995",2021-05-15,"35","34  day ahead inc hosp",2021-06-18,"quantile",0.1,8.62568404673916
"27996",2021-05-15,"35","34  day ahead inc hosp",2021-06-18,"quantile",0.15,11.1387672451325
"27997",2021-05-15,"35","34  day ahead inc hosp",2021-06-18,"quantile",0.2,13.4987144057774
"27998",2021-05-15,"35","34  day ahead inc hosp",2021-06-18,"quantile",0.25,15.806188828581
"27999",2021-05-15,"35","34  day ahead inc hosp",2021-06-18,"quantile",0.3,18.1196869136096
"28000",2021-05-15,"35","34  day ahead inc hosp",2021-06-18,"quantile",0.35,20.4819411618559
"28001",2021-05-15,"35","34  day ahead inc hosp",2021-06-18,"quantile",0.4,22.9301925240971
"28002",2021-05-15,"35","34  day ahead inc hosp",2021-06-18,"quantile",0.45,25.5016939979291
"28003",2021-05-15,"35","34  day ahead inc hosp",2021-06-18,"quantile",0.5,28.2378415727787
"28004",2021-05-15,"35","34  day ahead inc hosp",2021-06-18,"quantile",0.55,31.1884752016491
"28005",2021-05-15,"35","34  day ahead inc hosp",2021-06-18,"quantile",0.6,34.4175938317932
"28006",2021-05-15,"35","34  day ahead inc hosp",2021-06-18,"quantile",0.65,38.0122222608515
"28007",2021-05-15,"35","34  day ahead inc hosp",2021-06-18,"quantile",0.7,42.0977320185581
"28008",2021-05-15,"35","34  day ahead inc hosp",2021-06-18,"quantile",0.75,46.8670205809323
"28009",2021-05-15,"35","34  day ahead inc hosp",2021-06-18,"quantile",0.8,52.6426687501252
"28010",2021-05-15,"35","34  day ahead inc hosp",2021-06-18,"quantile",0.85,60.0308433559612
"28011",2021-05-15,"35","34  day ahead inc hosp",2021-06-18,"quantile",0.9,70.4007406079737
"28012",2021-05-15,"35","34  day ahead inc hosp",2021-06-18,"quantile",0.95,88.1713618374472
"28013",2021-05-15,"35","34  day ahead inc hosp",2021-06-18,"quantile",0.975,106.138664310383
"28014",2021-05-15,"35","34  day ahead inc hosp",2021-06-18,"quantile",0.99,130.33433130091
"28015",2021-05-15,"35","35  day ahead inc hosp",2021-06-19,"quantile",0.01,2.20880694116879
"28016",2021-05-15,"35","35  day ahead inc hosp",2021-06-19,"quantile",0.025,3.7346539247794
"28017",2021-05-15,"35","35  day ahead inc hosp",2021-06-19,"quantile",0.05,5.58467624772785
"28018",2021-05-15,"35","35  day ahead inc hosp",2021-06-19,"quantile",0.1,8.48815961864831
"28019",2021-05-15,"35","35  day ahead inc hosp",2021-06-19,"quantile",0.15,11.0038403064565
"28020",2021-05-15,"35","35  day ahead inc hosp",2021-06-19,"quantile",0.2,13.3720327864173
"28021",2021-05-15,"35","35  day ahead inc hosp",2021-06-19,"quantile",0.25,15.6918152776211
"28022",2021-05-15,"35","35  day ahead inc hosp",2021-06-19,"quantile",0.3,18.0211044038378
"28023",2021-05-15,"35","35  day ahead inc hosp",2021-06-19,"quantile",0.35,20.4024846725271
"28024",2021-05-15,"35","35  day ahead inc hosp",2021-06-19,"quantile",0.4,22.873303433284
"28025",2021-05-15,"35","35  day ahead inc hosp",2021-06-19,"quantile",0.45,25.4711205187242
"28026",2021-05-15,"35","35  day ahead inc hosp",2021-06-19,"quantile",0.5,28.2378415727787
"28027",2021-05-15,"35","35  day ahead inc hosp",2021-06-19,"quantile",0.55,31.2240624809627
"28028",2021-05-15,"35","35  day ahead inc hosp",2021-06-19,"quantile",0.6,34.4948758421118
"28029",2021-05-15,"35","35  day ahead inc hosp",2021-06-19,"quantile",0.65,38.1389052477631
"28030",2021-05-15,"35","35  day ahead inc hosp",2021-06-19,"quantile",0.7,42.2839355655408
"28031",2021-05-15,"35","35  day ahead inc hosp",2021-06-19,"quantile",0.75,47.126700272959
"28032",2021-05-15,"35","35  day ahead inc hosp",2021-06-19,"quantile",0.8,52.996359044449
"28033",2021-05-15,"35","35  day ahead inc hosp",2021-06-19,"quantile",0.85,60.511720825473
"28034",2021-05-15,"35","35  day ahead inc hosp",2021-06-19,"quantile",0.9,71.071205318269
"28035",2021-05-15,"35","35  day ahead inc hosp",2021-06-19,"quantile",0.95,89.1909136077452
"28036",2021-05-15,"35","35  day ahead inc hosp",2021-06-19,"quantile",0.975,107.535667903878
"28037",2021-05-15,"35","35  day ahead inc hosp",2021-06-19,"quantile",0.99,132.269794342557
"28038",2021-05-15,"35","36  day ahead inc hosp",2021-06-20,"quantile",0.01,2.15304500828155
"28039",2021-05-15,"35","36  day ahead inc hosp",2021-06-20,"quantile",0.025,3.67244314791193
"28040",2021-05-15,"35","36  day ahead inc hosp",2021-06-20,"quantile",0.05,5.52453990485989
"28041",2021-05-15,"35","36  day ahead inc hosp",2021-06-20,"quantile",0.1,8.44390471168482
"28042",2021-05-15,"35","36  day ahead inc hosp",2021-06-20,"quantile",0.15,10.9813898730179
"28043",2021-05-15,"35","36  day ahead inc hosp",2021-06-20,"quantile",0.2,13.3749164883626
"28044",2021-05-15,"35","36  day ahead inc hosp",2021-06-20,"quantile",0.25,15.7230320475554
"28045",2021-05-15,"35","36  day ahead inc hosp",2021-06-20,"quantile",0.3,18.0836290594605
"28046",2021-05-15,"35","36  day ahead inc hosp",2021-06-20,"quantile",0.35,20.4995048762607
"28047",2021-05-15,"35","36  day ahead inc hosp",2021-06-20,"quantile",0.4,23.0083896542009
"28048",2021-05-15,"35","36  day ahead inc hosp",2021-06-20,"quantile",0.45,25.6483944032581
"28049",2021-05-15,"35","36  day ahead inc hosp",2021-06-20,"quantile",0.5,28.4621790358165
"28050",2021-05-15,"35","36  day ahead inc hosp",2021-06-20,"quantile",0.55,31.501367316897
"28051",2021-05-15,"35","36  day ahead inc hosp",2021-06-20,"quantile",0.6,34.8324753341868
"28052",2021-05-15,"35","36  day ahead inc hosp",2021-06-20,"quantile",0.65,38.5461565415059
"28053",2021-05-15,"35","36  day ahead inc hosp",2021-06-20,"quantile",0.7,42.7732131653128
"28054",2021-05-15,"35","36  day ahead inc hosp",2021-06-20,"quantile",0.75,47.7151253480635
"28055",2021-05-15,"35","36  day ahead inc hosp",2021-06-20,"quantile",0.8,53.7091300192666
"28056",2021-05-15,"35","36  day ahead inc hosp",2021-06-20,"quantile",0.85,61.3894527900523
"28057",2021-05-15,"35","36  day ahead inc hosp",2021-06-20,"quantile",0.9,72.1899072098195
"28058",2021-05-15,"35","36  day ahead inc hosp",2021-06-20,"quantile",0.95,90.7432093400136
"28059",2021-05-15,"35","36  day ahead inc hosp",2021-06-20,"quantile",0.975,109.547297843789
"28060",2021-05-15,"35","36  day ahead inc hosp",2021-06-20,"quantile",0.99,134.925807837606
"28061",2021-05-15,"35","37  day ahead inc hosp",2021-06-21,"quantile",0.01,2.06763622888341
"28062",2021-05-15,"35","37  day ahead inc hosp",2021-06-21,"quantile",0.025,3.56461592055262
"28063",2021-05-15,"35","37  day ahead inc hosp",2021-06-21,"quantile",0.05,5.40129021078598
"28064",2021-05-15,"35","37  day ahead inc hosp",2021-06-21,"quantile",0.1,8.31156885299955
"28065",2021-05-15,"35","37  day ahead inc hosp",2021-06-21,"quantile",0.15,10.8508654441654
"28066",2021-05-15,"35","37  day ahead inc hosp",2021-06-21,"quantile",0.2,13.2519082944164
"28067",2021-05-15,"35","37  day ahead inc hosp",2021-06-21,"quantile",0.25,15.6116480109594
"28068",2021-05-15,"35","37  day ahead inc hosp",2021-06-21,"quantile",0.3,17.987387850201
"28069",2021-05-15,"35","37  day ahead inc hosp",2021-06-21,"quantile",0.35,20.4217704397244
"28070",2021-05-15,"35","37  day ahead inc hosp",2021-06-21,"quantile",0.4,22.9526277137435
"28071",2021-05-15,"35","37  day ahead inc hosp",2021-06-21,"quantile",0.45,25.6183745552909
"28072",2021-05-15,"35","37  day ahead inc hosp",2021-06-21,"quantile",0.5,28.4621790358165
"28073",2021-05-15,"35","37  day ahead inc hosp",2021-06-21,"quantile",0.55,31.5364208870064
"28074",2021-05-15,"35","37  day ahead inc hosp",2021-06-21,"quantile",0.6,34.9087117870631
"28075",2021-05-15,"35","37  day ahead inc hosp",2021-06-21,"quantile",0.65,38.6713086970484
"28076",2021-05-15,"35","37  day ahead inc hosp",2021-06-21,"quantile",0.7,42.9574364855784
"28077",2021-05-15,"35","37  day ahead inc hosp",2021-06-21,"quantile",0.75,47.9724290941297
"28078",2021-05-15,"35","37  day ahead inc hosp",2021-06-21,"quantile",0.8,54.0601377855505
"28079",2021-05-15,"35","37  day ahead inc hosp",2021-06-21,"quantile",0.85,61.8675083891311
"28080",2021-05-15,"35","37  day ahead inc hosp",2021-06-21,"quantile",0.9,72.8577850579738
"28081",2021-05-15,"35","37  day ahead inc hosp",2021-06-21,"quantile",0.95,91.7615893482317
"28082",2021-05-15,"35","37  day ahead inc hosp",2021-06-21,"quantile",0.975,110.945661619731
"28083",2021-05-15,"35","37  day ahead inc hosp",2021-06-21,"quantile",0.99,136.867492590726
"28084",2021-05-15,"36","1  day ahead inc hosp",2021-05-16,"quantile",0.01,103.618885763267
"28085",2021-05-15,"36","1  day ahead inc hosp",2021-05-16,"quantile",0.025,112.206819611879
"28086",2021-05-15,"36","1  day ahead inc hosp",2021-05-16,"quantile",0.05,120.010542129193
"28087",2021-05-15,"36","1  day ahead inc hosp",2021-05-16,"quantile",0.1,129.505196047884
"28088",2021-05-15,"36","1  day ahead inc hosp",2021-05-16,"quantile",0.15,136.222072392748
"28089",2021-05-15,"36","1  day ahead inc hosp",2021-05-16,"quantile",0.2,141.744092277743
"28090",2021-05-15,"36","1  day ahead inc hosp",2021-05-16,"quantile",0.25,146.613829724038
"28091",2021-05-15,"36","1  day ahead inc hosp",2021-05-16,"quantile",0.3,151.092974245116
"28092",2021-05-15,"36","1  day ahead inc hosp",2021-05-16,"quantile",0.35,155.334458079062
"28093",2021-05-15,"36","1  day ahead inc hosp",2021-05-16,"quantile",0.4,159.441190622765
"28094",2021-05-15,"36","1  day ahead inc hosp",2021-05-16,"quantile",0.45,163.491488509968
"28095",2021-05-15,"36","1  day ahead inc hosp",2021-05-16,"quantile",0.5,167.552433328467
"28096",2021-05-15,"36","1  day ahead inc hosp",2021-05-16,"quantile",0.55,171.688564440493
"28097",2021-05-15,"36","1  day ahead inc hosp",2021-05-16,"quantile",0.6,175.969291575861
"28098",2021-05-15,"36","1  day ahead inc hosp",2021-05-16,"quantile",0.65,180.47738047745
"28099",2021-05-15,"36","1  day ahead inc hosp",2021-05-16,"quantile",0.7,185.321393604116
"28100",2021-05-15,"36","1  day ahead inc hosp",2021-05-16,"quantile",0.75,190.657549590116
"28101",2021-05-15,"36","1  day ahead inc hosp",2021-05-16,"quantile",0.8,196.734325636026
"28102",2021-05-15,"36","1  day ahead inc hosp",2021-05-16,"quantile",0.85,203.999605875363
"28103",2021-05-15,"36","1  day ahead inc hosp",2021-05-16,"quantile",0.9,213.424703041754
"28104",2021-05-15,"36","1  day ahead inc hosp",2021-05-16,"quantile",0.95,227.990192238326
"28105",2021-05-15,"36","1  day ahead inc hosp",2021-05-16,"quantile",0.975,241.216411389918
"28106",2021-05-15,"36","1  day ahead inc hosp",2021-05-16,"quantile",0.99,257.309089578633
"28107",2021-05-15,"36","2  day ahead inc hosp",2021-05-17,"quantile",0.01,108.017415026501
"28108",2021-05-15,"36","2  day ahead inc hosp",2021-05-17,"quantile",0.025,117.512359227619
"28109",2021-05-15,"36","2  day ahead inc hosp",2021-05-17,"quantile",0.05,126.167602307347
"28110",2021-05-15,"36","2  day ahead inc hosp",2021-05-17,"quantile",0.1,136.730338494843
"28111",2021-05-15,"36","2  day ahead inc hosp",2021-05-17,"quantile",0.15,144.222456334011
"28112",2021-05-15,"36","2  day ahead inc hosp",2021-05-17,"quantile",0.2,150.393205364055
"28113",2021-05-15,"36","2  day ahead inc hosp",2021-05-17,"quantile",0.25,155.843153665686
"28114",2021-05-15,"36","2  day ahead inc hosp",2021-05-17,"quantile",0.3,160.862406771696
"28115",2021-05-15,"36","2  day ahead inc hosp",2021-05-17,"quantile",0.35,165.620817657463
"28116",2021-05-15,"36","2  day ahead inc hosp",2021-05-17,"quantile",0.4,170.232959851948
"28117",2021-05-15,"36","2  day ahead inc hosp",2021-05-17,"quantile",0.45,174.78629955699
"28118",2021-05-15,"36","2  day ahead inc hosp",2021-05-17,"quantile",0.5,179.356033514297
"28119",2021-05-15,"36","2  day ahead inc hosp",2021-05-17,"quantile",0.55,184.014792875472
"28120",2021-05-15,"36","2  day ahead inc hosp",2021-05-17,"quantile",0.6,188.840976353961
"28121",2021-05-15,"36","2  day ahead inc hosp",2021-05-17,"quantile",0.65,193.928354190822
"28122",2021-05-15,"36","2  day ahead inc hosp",2021-05-17,"quantile",0.7,199.400210666623
"28123",2021-05-15,"36","2  day ahead inc hosp",2021-05-17,"quantile",0.75,205.434250777384
"28124",2021-05-15,"36","2  day ahead inc hosp",2021-05-17,"quantile",0.8,212.313479028134
"28125",2021-05-15,"36","2  day ahead inc hosp",2021-05-17,"quantile",0.85,220.548513019153
"28126",2021-05-15,"36","2  day ahead inc hosp",2021-05-17,"quantile",0.9,231.247700785959
"28127",2021-05-15,"36","2  day ahead inc hosp",2021-05-17,"quantile",0.95,247.815719612329
"28128",2021-05-15,"36","2  day ahead inc hosp",2021-05-17,"quantile",0.975,262.893299360544
"28129",2021-05-15,"36","2  day ahead inc hosp",2021-05-17,"quantile",0.99,281.277769356363
"28130",2021-05-15,"36","3  day ahead inc hosp",2021-05-18,"quantile",0.01,99.3577931848411
"28131",2021-05-15,"36","3  day ahead inc hosp",2021-05-18,"quantile",0.025,108.847183250788
"28132",2021-05-15,"36","3  day ahead inc hosp",2021-05-18,"quantile",0.05,117.538599329772
"28133",2021-05-15,"36","3  day ahead inc hosp",2021-05-18,"quantile",0.1,128.193936847844
"28134",2021-05-15,"36","3  day ahead inc hosp",2021-05-18,"quantile",0.15,135.781472026916
"28135",2021-05-15,"36","3  day ahead inc hosp",2021-05-18,"quantile",0.2,142.048081833045
"28136",2021-05-15,"36","3  day ahead inc hosp",2021-05-18,"quantile",0.25,147.595001865394
"28137",2021-05-15,"36","3  day ahead inc hosp",2021-05-18,"quantile",0.3,152.713335677417
"28138",2021-05-15,"36","3  day ahead inc hosp",2021-05-18,"quantile",0.35,157.574000365739
"28139",2021-05-15,"36","3  day ahead inc hosp",2021-05-18,"quantile",0.4,162.292712746235
"28140",2021-05-15,"36","3  day ahead inc hosp",2021-05-18,"quantile",0.45,166.958229559481
"28141",2021-05-15,"36","3  day ahead inc hosp",2021-05-18,"quantile",0.5,171.647282333855
"28142",2021-05-15,"36","3  day ahead inc hosp",2021-05-18,"quantile",0.55,176.434418125136
"28143",2021-05-15,"36","3  day ahead inc hosp",2021-05-18,"quantile",0.6,181.400539627326
"28144",2021-05-15,"36","3  day ahead inc hosp",2021-05-18,"quantile",0.65,186.642845827986
"28145",2021-05-15,"36","3  day ahead inc hosp",2021-05-18,"quantile",0.7,192.28956456218
"28146",2021-05-15,"36","3  day ahead inc hosp",2021-05-18,"quantile",0.75,198.525984423596
"28147",2021-05-15,"36","3  day ahead inc hosp",2021-05-18,"quantile",0.8,205.647721281246
"28148",2021-05-15,"36","3  day ahead inc hosp",2021-05-18,"quantile",0.85,214.188905368343
"28149",2021-05-15,"36","3  day ahead inc hosp",2021-05-18,"quantile",0.9,225.310433095097
"28150",2021-05-15,"36","3  day ahead inc hosp",2021-05-18,"quantile",0.95,242.583930743865
"28151",2021-05-15,"36","3  day ahead inc hosp",2021-05-18,"quantile",0.975,258.354146413024
"28152",2021-05-15,"36","3  day ahead inc hosp",2021-05-18,"quantile",0.99,277.64344826863
"28153",2021-05-15,"36","4  day ahead inc hosp",2021-05-19,"quantile",0.01,92.6463040178677
"28154",2021-05-15,"36","4  day ahead inc hosp",2021-05-19,"quantile",0.025,102.165880614775
"28155",2021-05-15,"36","4  day ahead inc hosp",2021-05-19,"quantile",0.05,110.924199385772
"28156",2021-05-15,"36","4  day ahead inc hosp",2021-05-19,"quantile",0.1,121.707750840806
"28157",2021-05-15,"36","4  day ahead inc hosp",2021-05-19,"quantile",0.15,129.414952542548
"28158",2021-05-15,"36","4  day ahead inc hosp",2021-05-19,"quantile",0.2,135.796881235231
"28159",2021-05-15,"36","4  day ahead inc hosp",2021-05-19,"quantile",0.25,141.457629856109
"28160",2021-05-15,"36","4  day ahead inc hosp",2021-05-19,"quantile",0.3,146.690333369293
"28161",2021-05-15,"36","4  day ahead inc hosp",2021-05-19,"quantile",0.35,151.667564216004
"28162",2021-05-15,"36","4  day ahead inc hosp",2021-05-19,"quantile",0.4,156.506571138407
"28163",2021-05-15,"36","4  day ahead inc hosp",2021-05-19,"quantile",0.45,161.297689399568
"28164",2021-05-15,"36","4  day ahead inc hosp",2021-05-19,"quantile",0.5,166.119424893218
"28165",2021-05-15,"36","4  day ahead inc hosp",2021-05-19,"quantile",0.55,171.048464476195
"28166",2021-05-15,"36","4  day ahead inc hosp",2021-05-19,"quantile",0.6,176.168449539268
"28167",2021-05-15,"36","4  day ahead inc hosp",2021-05-19,"quantile",0.65,181.580282265022
"28168",2021-05-15,"36","4  day ahead inc hosp",2021-05-19,"quantile",0.7,187.417489380986
"28169",2021-05-15,"36","4  day ahead inc hosp",2021-05-19,"quantile",0.75,193.87345073207
"28170",2021-05-15,"36","4  day ahead inc hosp",2021-05-19,"quantile",0.8,201.257198837305
"28171",2021-05-15,"36","4  day ahead inc hosp",2021-05-19,"quantile",0.85,210.127829123596
"28172",2021-05-15,"36","4  day ahead inc hosp",2021-05-19,"quantile",0.9,221.701947877159
"28173",2021-05-15,"36","4  day ahead inc hosp",2021-05-19,"quantile",0.95,239.727903572168
"28174",2021-05-15,"36","4  day ahead inc hosp",2021-05-19,"quantile",0.975,256.233825090746
"28175",2021-05-15,"36","4  day ahead inc hosp",2021-05-19,"quantile",0.99,276.48109346044
"28176",2021-05-15,"36","5  day ahead inc hosp",2021-05-20,"quantile",0.01,91.9726401693162
"28177",2021-05-15,"36","5  day ahead inc hosp",2021-05-20,"quantile",0.025,101.924621551245
"28178",2021-05-15,"36","5  day ahead inc hosp",2021-05-20,"quantile",0.05,111.111561320132
"28179",2021-05-15,"36","5  day ahead inc hosp",2021-05-20,"quantile",0.1,122.459111568601
"28180",2021-05-15,"36","5  day ahead inc hosp",2021-05-20,"quantile",0.15,130.591687051036
"28181",2021-05-15,"36","5  day ahead inc hosp",2021-05-20,"quantile",0.2,137.338790159699
"28182",2021-05-15,"36","5  day ahead inc hosp",2021-05-20,"quantile",0.25,143.332677833757
"28183",2021-05-15,"36","5  day ahead inc hosp",2021-05-20,"quantile",0.3,148.880663080841
"28184",2021-05-15,"36","5  day ahead inc hosp",2021-05-20,"quantile",0.35,154.164031892259
"28185",2021-05-15,"36","5  day ahead inc hosp",2021-05-20,"quantile",0.4,159.306279626647
"28186",2021-05-15,"36","5  day ahead inc hosp",2021-05-20,"quantile",0.45,164.402874392539
"28187",2021-05-15,"36","5  day ahead inc hosp",2021-05-20,"quantile",0.5,169.53710690188
"28188",2021-05-15,"36","5  day ahead inc hosp",2021-05-20,"quantile",0.55,174.790665729429
"28189",2021-05-15,"36","5  day ahead inc hosp",2021-05-20,"quantile",0.6,180.25297435712
"28190",2021-05-15,"36","5  day ahead inc hosp",2021-05-20,"quantile",0.65,186.032233034795
"28191",2021-05-15,"36","5  day ahead inc hosp",2021-05-20,"quantile",0.7,192.27194873084
"28192",2021-05-15,"36","5  day ahead inc hosp",2021-05-20,"quantile",0.75,199.180293683947
"28193",2021-05-15,"36","5  day ahead inc hosp",2021-05-20,"quantile",0.8,207.090335628586
"28194",2021-05-15,"36","5  day ahead inc hosp",2021-05-20,"quantile",0.85,216.605220348276
"28195",2021-05-15,"36","5  day ahead inc hosp",2021-05-20,"quantile",0.9,229.038548321037
"28196",2021-05-15,"36","5  day ahead inc hosp",2021-05-20,"quantile",0.95,248.441705708379
"28197",2021-05-15,"36","5  day ahead inc hosp",2021-05-20,"quantile",0.975,266.24713536516
"28198",2021-05-15,"36","5  day ahead inc hosp",2021-05-20,"quantile",0.99,288.134308669856
"28199",2021-05-15,"36","6  day ahead inc hosp",2021-05-21,"quantile",0.01,85.0092014024109
"28200",2021-05-15,"36","6  day ahead inc hosp",2021-05-21,"quantile",0.025,94.835543451579
"28201",2021-05-15,"36","6  day ahead inc hosp",2021-05-21,"quantile",0.05,103.947541278523
"28202",2021-05-15,"36","6  day ahead inc hosp",2021-05-21,"quantile",0.1,115.250945983798
"28203",2021-05-15,"36","6  day ahead inc hosp",2021-05-21,"quantile",0.15,123.381659553421
"28204",2021-05-15,"36","6  day ahead inc hosp",2021-05-21,"quantile",0.2,130.144540092553
"28205",2021-05-15,"36","6  day ahead inc hosp",2021-05-21,"quantile",0.25,136.16480583786
"28206",2021-05-15,"36","6  day ahead inc hosp",2021-05-21,"quantile",0.3,141.747034884098
"28207",2021-05-15,"36","6  day ahead inc hosp",2021-05-21,"quantile",0.35,147.071394255661
"28208",2021-05-15,"36","6  day ahead inc hosp",2021-05-21,"quantile",0.4,152.261058082492
"28209",2021-05-15,"36","6  day ahead inc hosp",2021-05-21,"quantile",0.45,157.411678519365
"28210",2021-05-15,"36","6  day ahead inc hosp",2021-05-21,"quantile",0.5,162.607143940247
"28211",2021-05-15,"36","6  day ahead inc hosp",2021-05-21,"quantile",0.55,167.930169950602
"28212",2021-05-15,"36","6  day ahead inc hosp",2021-05-21,"quantile",0.6,173.47174260016
"28213",2021-05-15,"36","6  day ahead inc hosp",2021-05-21,"quantile",0.65,179.342384663866
"28214",2021-05-15,"36","6  day ahead inc hosp",2021-05-21,"quantile",0.7,185.689114459556
"28215",2021-05-15,"36","6  day ahead inc hosp",2021-05-21,"quantile",0.75,192.725650262367
"28216",2021-05-15,"36","6  day ahead inc hosp",2021-05-21,"quantile",0.8,200.79446362844
"28217",2021-05-15,"36","6  day ahead inc hosp",2021-05-21,"quantile",0.85,210.516490549278
"28218",2021-05-15,"36","6  day ahead inc hosp",2021-05-21,"quantile",0.9,223.2456148935
"28219",2021-05-15,"36","6  day ahead inc hosp",2021-05-21,"quantile",0.95,243.163153298343
"28220",2021-05-15,"36","6  day ahead inc hosp",2021-05-21,"quantile",0.975,261.492621698006
"28221",2021-05-15,"36","6  day ahead inc hosp",2021-05-21,"quantile",0.99,284.086070595804
"28222",2021-05-15,"36","7  day ahead inc hosp",2021-05-22,"quantile",0.01,77.9231438055805
"28223",2021-05-15,"36","7  day ahead inc hosp",2021-05-22,"quantile",0.025,87.5321973914999
"28224",2021-05-15,"36","7  day ahead inc hosp",2021-05-22,"quantile",0.05,96.4845065593461
"28225",2021-05-15,"36","7  day ahead inc hosp",2021-05-22,"quantile",0.1,107.639220954787
"28226",2021-05-15,"36","7  day ahead inc hosp",2021-05-22,"quantile",0.15,115.693385850287
"28227",2021-05-15,"36","7  day ahead inc hosp",2021-05-22,"quantile",0.2,122.410295864257
"28228",2021-05-15,"36","7  day ahead inc hosp",2021-05-22,"quantile",0.25,128.402278337997
"28229",2021-05-15,"36","7  day ahead inc hosp",2021-05-22,"quantile",0.3,133.968336030291
"28230",2021-05-15,"36","7  day ahead inc hosp",2021-05-22,"quantile",0.35,139.285848074365
"28231",2021-05-15,"36","7  day ahead inc hosp",2021-05-22,"quantile",0.4,144.47653857736
"28232",2021-05-15,"36","7  day ahead inc hosp",2021-05-22,"quantile",0.45,149.635380390188
"28233",2021-05-15,"36","7  day ahead inc hosp",2021-05-22,"quantile",0.5,154.846116567615
"28234",2021-05-15,"36","7  day ahead inc hosp",2021-05-22,"quantile",0.55,160.191772062596
"28235",2021-05-15,"36","7  day ahead inc hosp",2021-05-22,"quantile",0.6,165.764121405619
"28236",2021-05-15,"36","7  day ahead inc hosp",2021-05-22,"quantile",0.65,171.675085314927
"28237",2021-05-15,"36","7  day ahead inc hosp",2021-05-22,"quantile",0.7,178.073980051943
"28238",2021-05-15,"36","7  day ahead inc hosp",2021-05-22,"quantile",0.75,185.178324554722
"28239",2021-05-15,"36","7  day ahead inc hosp",2021-05-22,"quantile",0.8,193.337221215667
"28240",2021-05-15,"36","7  day ahead inc hosp",2021-05-22,"quantile",0.85,203.184406972467
"28241",2021-05-15,"36","7  day ahead inc hosp",2021-05-22,"quantile",0.9,216.103257643604
"28242",2021-05-15,"36","7  day ahead inc hosp",2021-05-22,"quantile",0.95,236.372044438725
"28243",2021-05-15,"36","7  day ahead inc hosp",2021-05-22,"quantile",0.975,255.078404053343
"28244",2021-05-15,"36","7  day ahead inc hosp",2021-05-22,"quantile",0.99,278.200541759079
"28245",2021-05-15,"36","8  day ahead inc hosp",2021-05-23,"quantile",0.01,66.7304297986721
"28246",2021-05-15,"36","8  day ahead inc hosp",2021-05-23,"quantile",0.025,75.6402283072985
"28247",2021-05-15,"36","8  day ahead inc hosp",2021-05-23,"quantile",0.05,83.9920594222517
"28248",2021-05-15,"36","8  day ahead inc hosp",2021-05-23,"quantile",0.1,94.4589739447817
"28249",2021-05-15,"36","8  day ahead inc hosp",2021-05-23,"quantile",0.15,102.053756747812
"28250",2021-05-15,"36","8  day ahead inc hosp",2021-05-23,"quantile",0.2,108.409261439479
"28251",2021-05-15,"36","8  day ahead inc hosp",2021-05-23,"quantile",0.25,114.094358074151
"28252",2021-05-15,"36","8  day ahead inc hosp",2021-05-23,"quantile",0.3,119.387696374337
"28253",2021-05-15,"36","8  day ahead inc hosp",2021-05-23,"quantile",0.35,124.455213186064
"28254",2021-05-15,"36","8  day ahead inc hosp",2021-05-23,"quantile",0.4,129.411346780245
"28255",2021-05-15,"36","8  day ahead inc hosp",2021-05-23,"quantile",0.45,134.345939978696
"28256",2021-05-15,"36","8  day ahead inc hosp",2021-05-23,"quantile",0.5,139.338770223665
"28257",2021-05-15,"36","8  day ahead inc hosp",2021-05-23,"quantile",0.55,144.469489351489
"28258",2021-05-15,"36","8  day ahead inc hosp",2021-05-23,"quantile",0.6,149.82669417536
"28259",2021-05-15,"36","8  day ahead inc hosp",2021-05-23,"quantile",0.65,155.518969419785
"28260",2021-05-15,"36","8  day ahead inc hosp",2021-05-23,"quantile",0.7,161.691716943566
"28261",2021-05-15,"36","8  day ahead inc hosp",2021-05-23,"quantile",0.75,168.557316380522
"28262",2021-05-15,"36","8  day ahead inc hosp",2021-05-23,"quantile",0.8,176.457284971506
"28263",2021-05-15,"36","8  day ahead inc hosp",2021-05-23,"quantile",0.85,186.012549762962
"28264",2021-05-15,"36","8  day ahead inc hosp",2021-05-23,"quantile",0.9,198.580483753276
"28265",2021-05-15,"36","8  day ahead inc hosp",2021-05-23,"quantile",0.95,218.366254799149
"28266",2021-05-15,"36","8  day ahead inc hosp",2021-05-23,"quantile",0.975,236.69356185634
"28267",2021-05-15,"36","8  day ahead inc hosp",2021-05-23,"quantile",0.99,259.427045036366
"28268",2021-05-15,"36","9  day ahead inc hosp",2021-05-24,"quantile",0.01,71.1359838873953
"28269",2021-05-15,"36","9  day ahead inc hosp",2021-05-24,"quantile",0.025,80.8219362302959
"28270",2021-05-15,"36","9  day ahead inc hosp",2021-05-24,"quantile",0.05,89.9156177292252
"28271",2021-05-15,"36","9  day ahead inc hosp",2021-05-24,"quantile",0.1,101.329182357712
"28272",2021-05-15,"36","9  day ahead inc hosp",2021-05-24,"quantile",0.15,109.62127339024
"28273",2021-05-15,"36","9  day ahead inc hosp",2021-05-24,"quantile",0.2,116.566368252931
"28274",2021-05-15,"36","9  day ahead inc hosp",2021-05-24,"quantile",0.25,122.783194275067
"28275",2021-05-15,"36","9  day ahead inc hosp",2021-05-24,"quantile",0.3,128.575067534094
"28276",2021-05-15,"36","9  day ahead inc hosp",2021-05-24,"quantile",0.35,134.122792576494
"28277",2021-05-15,"36","9  day ahead inc hosp",2021-05-24,"quantile",0.4,139.551221421954
"28278",2021-05-15,"36","9  day ahead inc hosp",2021-05-24,"quantile",0.45,144.958529015526
"28279",2021-05-15,"36","9  day ahead inc hosp",2021-05-24,"quantile",0.5,150.432048164385
"28280",2021-05-15,"36","9  day ahead inc hosp",2021-05-24,"quantile",0.55,156.059130166635
"28281",2021-05-15,"36","9  day ahead inc hosp",2021-05-24,"quantile",0.6,161.937088911273
"28282",2021-05-15,"36","9  day ahead inc hosp",2021-05-24,"quantile",0.65,168.185341812792
"28283",2021-05-15,"36","9  day ahead inc hosp",2021-05-24,"quantile",0.7,174.963944046662
"28284",2021-05-15,"36","9  day ahead inc hosp",2021-05-24,"quantile",0.75,182.506833287251
"28285",2021-05-15,"36","9  day ahead inc hosp",2021-05-24,"quantile",0.8,191.190375663552
"28286",2021-05-15,"36","9  day ahead inc hosp",2021-05-24,"quantile",0.85,201.699123223832
"28287",2021-05-15,"36","9  day ahead inc hosp",2021-05-24,"quantile",0.9,215.530078361413
"28288",2021-05-15,"36","9  day ahead inc hosp",2021-05-24,"quantile",0.95,237.323013252052
"28289",2021-05-15,"36","9  day ahead inc hosp",2021-05-24,"quantile",0.975,257.528074155025
"28290",2021-05-15,"36","9  day ahead inc hosp",2021-05-24,"quantile",0.99,282.612937025142
"28291",2021-05-15,"36","10  day ahead inc hosp",2021-05-25,"quantile",0.01,66.85510536534
"28292",2021-05-15,"36","10  day ahead inc hosp",2021-05-25,"quantile",0.025,76.4279678042623
"28293",2021-05-15,"36","10  day ahead inc hosp",2021-05-25,"quantile",0.05,85.4529831032668
"28294",2021-05-15,"36","10  day ahead inc hosp",2021-05-25,"quantile",0.1,96.8248567896094
"28295",2021-05-15,"36","10  day ahead inc hosp",2021-05-25,"quantile",0.15,105.114093010308
"28296",2021-05-15,"36","10  day ahead inc hosp",2021-05-25,"quantile",0.2,112.072787828867
"28297",2021-05-15,"36","10  day ahead inc hosp",2021-05-25,"quantile",0.25,118.313220955976
"28298",2021-05-15,"36","10  day ahead inc hosp",2021-05-25,"quantile",0.3,124.136193013195
"28299",2021-05-15,"36","10  day ahead inc hosp",2021-05-25,"quantile",0.35,129.721482236927
"28300",2021-05-15,"36","10  day ahead inc hosp",2021-05-25,"quantile",0.4,135.193656741837
"28301",2021-05-15,"36","10  day ahead inc hosp",2021-05-25,"quantile",0.45,140.651083364346
"28302",2021-05-15,"36","10  day ahead inc hosp",2021-05-25,"quantile",0.5,146.181681048531
"28303",2021-05-15,"36","10  day ahead inc hosp",2021-05-25,"quantile",0.55,151.873800495245
"28304",2021-05-15,"36","10  day ahead inc hosp",2021-05-25,"quantile",0.6,157.826273691707
"28305",2021-05-15,"36","10  day ahead inc hosp",2021-05-25,"quantile",0.65,164.160774938137
"28306",2021-05-15,"36","10  day ahead inc hosp",2021-05-25,"quantile",0.7,171.040774723831
"28307",2021-05-15,"36","10  day ahead inc hosp",2021-05-25,"quantile",0.75,178.705612284697
"28308",2021-05-15,"36","10  day ahead inc hosp",2021-05-25,"quantile",0.8,187.540827655911
"28309",2021-05-15,"36","10  day ahead inc hosp",2021-05-25,"quantile",0.85,198.248362614299
"28310",2021-05-15,"36","10  day ahead inc hosp",2021-05-25,"quantile",0.9,212.364694498294
"28311",2021-05-15,"36","10  day ahead inc hosp",2021-05-25,"quantile",0.95,234.657369864173
"28312",2021-05-15,"36","10  day ahead inc hosp",2021-05-25,"quantile",0.975,255.375263863055
"28313",2021-05-15,"36","10  day ahead inc hosp",2021-05-25,"quantile",0.99,281.156116264663
"28314",2021-05-15,"36","11  day ahead inc hosp",2021-05-26,"quantile",0.01,66.6374751637839
"28315",2021-05-15,"36","11  day ahead inc hosp",2021-05-26,"quantile",0.025,76.4981222050208
"28316",2021-05-15,"36","11  day ahead inc hosp",2021-05-26,"quantile",0.05,85.8206903435223
"28317",2021-05-15,"36","11  day ahead inc hosp",2021-05-26,"quantile",0.1,97.5986301857779
"28318",2021-05-15,"36","11  day ahead inc hosp",2021-05-26,"quantile",0.15,106.203056616525
"28319",2021-05-15,"36","11  day ahead inc hosp",2021-05-26,"quantile",0.2,113.437538616039
"28320",2021-05-15,"36","11  day ahead inc hosp",2021-05-26,"quantile",0.25,119.933293278428
"28321",2021-05-15,"36","11  day ahead inc hosp",2021-05-26,"quantile",0.3,126.000878856433
"28322",2021-05-15,"36","11  day ahead inc hosp",2021-05-26,"quantile",0.35,131.826239354916
"28323",2021-05-15,"36","11  day ahead inc hosp",2021-05-26,"quantile",0.4,137.538515206671
"28324",2021-05-15,"36","11  day ahead inc hosp",2021-05-26,"quantile",0.45,143.239976681228
"28325",2021-05-15,"36","11  day ahead inc hosp",2021-05-26,"quantile",0.5,149.022323779726
"28326",2021-05-15,"36","11  day ahead inc hosp",2021-05-26,"quantile",0.55,154.977996370401
"28327",2021-05-15,"36","11  day ahead inc hosp",2021-05-26,"quantile",0.6,161.210683305595
"28328",2021-05-15,"36","11  day ahead inc hosp",2021-05-26,"quantile",0.65,167.848312552405
"28329",2021-05-15,"36","11  day ahead inc hosp",2021-05-26,"quantile",0.7,175.063027763793
"28330",2021-05-15,"36","11  day ahead inc hosp",2021-05-26,"quantile",0.75,183.107151306567
"28331",2021-05-15,"36","11  day ahead inc hosp",2021-05-26,"quantile",0.8,192.38747359815
"28332",2021-05-15,"36","11  day ahead inc hosp",2021-05-26,"quantile",0.85,203.645117291878
"28333",2021-05-15,"36","11  day ahead inc hosp",2021-05-26,"quantile",0.9,218.503334774171
"28334",2021-05-15,"36","11  day ahead inc hosp",2021-05-26,"quantile",0.95,242.002734831316
"28335",2021-05-15,"36","11  day ahead inc hosp",2021-05-26,"quantile",0.975,263.876841320144
"28336",2021-05-15,"36","11  day ahead inc hosp",2021-05-26,"quantile",0.99,291.138073165979
"28337",2021-05-15,"36","12  day ahead inc hosp",2021-05-27,"quantile",0.01,58.8296027650073
"28338",2021-05-15,"36","12  day ahead inc hosp",2021-05-27,"quantile",0.025,68.1017756774772
"28339",2021-05-15,"36","12  day ahead inc hosp",2021-05-27,"quantile",0.05,76.9174750484113
"28340",2021-05-15,"36","12  day ahead inc hosp",2021-05-27,"quantile",0.1,88.1139468535874
"28341",2021-05-15,"36","12  day ahead inc hosp",2021-05-27,"quantile",0.15,96.3299681397934
"28342",2021-05-15,"36","12  day ahead inc hosp",2021-05-27,"quantile",0.2,103.259127502852
"28343",2021-05-15,"36","12  day ahead inc hosp",2021-05-27,"quantile",0.25,109.495944355101
"28344",2021-05-15,"36","12  day ahead inc hosp",2021-05-27,"quantile",0.3,115.333784984013
"28345",2021-05-15,"36","12  day ahead inc hosp",2021-05-27,"quantile",0.35,120.948937877864
"28346",2021-05-15,"36","12  day ahead inc hosp",2021-05-27,"quantile",0.4,126.464412107094
"28347",2021-05-15,"36","12  day ahead inc hosp",2021-05-27,"quantile",0.45,131.97818308273
"28348",2021-05-15,"36","12  day ahead inc hosp",2021-05-27,"quantile",0.5,137.578658724772
"28349",2021-05-15,"36","12  day ahead inc hosp",2021-05-27,"quantile",0.55,143.355512947822
"28350",2021-05-15,"36","12  day ahead inc hosp",2021-05-27,"quantile",0.6,149.409870428085
"28351",2021-05-15,"36","12  day ahead inc hosp",2021-05-27,"quantile",0.65,155.867017327877
"28352",2021-05-15,"36","12  day ahead inc hosp",2021-05-27,"quantile",0.7,162.896058366484
"28353",2021-05-15,"36","12  day ahead inc hosp",2021-05-27,"quantile",0.75,170.74540336583
"28354",2021-05-15,"36","12  day ahead inc hosp",2021-05-27,"quantile",0.8,179.816177088033
"28355",2021-05-15,"36","12  day ahead inc hosp",2021-05-27,"quantile",0.85,190.840120455272
"28356",2021-05-15,"36","12  day ahead inc hosp",2021-05-27,"quantile",0.9,205.421884825315
"28357",2021-05-15,"36","12  day ahead inc hosp",2021-05-27,"quantile",0.95,228.551669056522
"28358",2021-05-15,"36","12  day ahead inc hosp",2021-05-27,"quantile",0.975,250.14866746107
"28359",2021-05-15,"36","12  day ahead inc hosp",2021-05-27,"quantile",0.99,277.144882398055
"28360",2021-05-15,"36","13  day ahead inc hosp",2021-05-28,"quantile",0.01,55.921240035964
"28361",2021-05-15,"36","13  day ahead inc hosp",2021-05-28,"quantile",0.025,65.1137954408422
"28362",2021-05-15,"36","13  day ahead inc hosp",2021-05-28,"quantile",0.05,73.8881467777354
"28363",2021-05-15,"36","13  day ahead inc hosp",2021-05-28,"quantile",0.1,85.0730102471913
"28364",2021-05-15,"36","13  day ahead inc hosp",2021-05-28,"quantile",0.15,93.3057852599206
"28365",2021-05-15,"36","13  day ahead inc hosp",2021-05-28,"quantile",0.2,100.263826057064
"28366",2021-05-15,"36","13  day ahead inc hosp",2021-05-28,"quantile",0.25,106.537200069924
"28367",2021-05-15,"36","13  day ahead inc hosp",2021-05-28,"quantile",0.3,112.417680804115
"28368",2021-05-15,"36","13  day ahead inc hosp",2021-05-28,"quantile",0.35,118.081047910586
"28369",2021-05-15,"36","13  day ahead inc hosp",2021-05-28,"quantile",0.4,123.650359400506
"28370",2021-05-15,"36","13  day ahead inc hosp",2021-05-28,"quantile",0.45,129.224023207792
"28371",2021-05-15,"36","13  day ahead inc hosp",2021-05-28,"quantile",0.5,134.891228226493
"28372",2021-05-15,"36","13  day ahead inc hosp",2021-05-28,"quantile",0.55,140.742824993202
"28373",2021-05-15,"36","13  day ahead inc hosp",2021-05-28,"quantile",0.6,146.881637742725
"28374",2021-05-15,"36","13  day ahead inc hosp",2021-05-28,"quantile",0.65,153.435418106514
"28375",2021-05-15,"36","13  day ahead inc hosp",2021-05-28,"quantile",0.7,160.57695360445
"28376",2021-05-15,"36","13  day ahead inc hosp",2021-05-28,"quantile",0.75,168.560436743595
"28377",2021-05-15,"36","13  day ahead inc hosp",2021-05-28,"quantile",0.8,177.796772571917
"28378",2021-05-15,"36","13  day ahead inc hosp",2021-05-28,"quantile",0.85,189.036194007075
"28379",2021-05-15,"36","13  day ahead inc hosp",2021-05-28,"quantile",0.9,203.925256927819
"28380",2021-05-15,"36","13  day ahead inc hosp",2021-05-28,"quantile",0.95,227.589600771323
"28381",2021-05-15,"36","13  day ahead inc hosp",2021-05-28,"quantile",0.975,249.732398665787
"28382",2021-05-15,"36","13  day ahead inc hosp",2021-05-28,"quantile",0.99,277.466884142088
"28383",2021-05-15,"36","14  day ahead inc hosp",2021-05-29,"quantile",0.01,52.6667154929531
"28384",2021-05-15,"36","14  day ahead inc hosp",2021-05-29,"quantile",0.025,61.705938756742
"28385",2021-05-15,"36","14  day ahead inc hosp",2021-05-29,"quantile",0.05,70.3699460024937
"28386",2021-05-15,"36","14  day ahead inc hosp",2021-05-29,"quantile",0.1,81.457098305457
"28387",2021-05-15,"36","14  day ahead inc hosp",2021-05-29,"quantile",0.15,89.6445048056464
"28388",2021-05-15,"36","14  day ahead inc hosp",2021-05-29,"quantile",0.2,96.5797104593483
"28389",2021-05-15,"36","14  day ahead inc hosp",2021-05-29,"quantile",0.25,102.843605349323
"28390",2021-05-15,"36","14  day ahead inc hosp",2021-05-29,"quantile",0.3,108.724062899604
"28391",2021-05-15,"36","14  day ahead inc hosp",2021-05-29,"quantile",0.35,114.394988367922
"28392",2021-05-15,"36","14  day ahead inc hosp",2021-05-29,"quantile",0.4,119.978556301173
"28393",2021-05-15,"36","14  day ahead inc hosp",2021-05-29,"quantile",0.45,125.572885354466
"28394",2021-05-15,"36","14  day ahead inc hosp",2021-05-29,"quantile",0.5,131.267315399639
"28395",2021-05-15,"36","14  day ahead inc hosp",2021-05-29,"quantile",0.55,137.153256036516
"28396",2021-05-15,"36","14  day ahead inc hosp",2021-05-29,"quantile",0.6,143.33455588084
"28397",2021-05-15,"36","14  day ahead inc hosp",2021-05-29,"quantile",0.65,149.940616523624
"28398",2021-05-15,"36","14  day ahead inc hosp",2021-05-29,"quantile",0.7,157.146828883147
"28399",2021-05-15,"36","14  day ahead inc hosp",2021-05-29,"quantile",0.75,165.211605871216
"28400",2021-05-15,"36","14  day ahead inc hosp",2021-05-29,"quantile",0.8,174.553139379328
"28401",2021-05-15,"36","14  day ahead inc hosp",2021-05-29,"quantile",0.85,185.935651765049
"28402",2021-05-15,"36","14  day ahead inc hosp",2021-05-29,"quantile",0.9,201.037831971813
"28403",2021-05-15,"36","14  day ahead inc hosp",2021-05-29,"quantile",0.95,225.090780298812
"28404",2021-05-15,"36","14  day ahead inc hosp",2021-05-29,"quantile",0.975,247.646629859941
"28405",2021-05-15,"36","14  day ahead inc hosp",2021-05-29,"quantile",0.99,275.957865852785
"28406",2021-05-15,"36","15  day ahead inc hosp",2021-05-30,"quantile",0.01,42.1479283426118
"28407",2021-05-15,"36","15  day ahead inc hosp",2021-05-30,"quantile",0.025,50.3096892661448
"28408",2021-05-15,"36","15  day ahead inc hosp",2021-05-30,"quantile",0.05,58.2307327006862
"28409",2021-05-15,"36","15  day ahead inc hosp",2021-05-30,"quantile",0.1,68.4848868119602
"28410",2021-05-15,"36","15  day ahead inc hosp",2021-05-30,"quantile",0.15,76.1303420601692
"28411",2021-05-15,"36","15  day ahead inc hosp",2021-05-30,"quantile",0.2,82.6494064870191
"28412",2021-05-15,"36","15  day ahead inc hosp",2021-05-30,"quantile",0.25,88.568283270778
"28413",2021-05-15,"36","15  day ahead inc hosp",2021-05-30,"quantile",0.3,94.1495098150692
"28414",2021-05-15,"36","15  day ahead inc hosp",2021-05-30,"quantile",0.35,99.553013804301
"28415",2021-05-15,"36","15  day ahead inc hosp",2021-05-30,"quantile",0.4,104.892353700624
"28416",2021-05-15,"36","15  day ahead inc hosp",2021-05-30,"quantile",0.45,110.25990098847
"28417",2021-05-15,"36","15  day ahead inc hosp",2021-05-30,"quantile",0.5,115.740922139284
"28418",2021-05-15,"36","15  day ahead inc hosp",2021-05-30,"quantile",0.55,121.423793846539
"28419",2021-05-15,"36","15  day ahead inc hosp",2021-05-30,"quantile",0.6,127.410013376072
"28420",2021-05-15,"36","15  day ahead inc hosp",2021-05-30,"quantile",0.65,133.827105181857
"28421",2021-05-15,"36","15  day ahead inc hosp",2021-05-30,"quantile",0.7,140.848953965927
"28422",2021-05-15,"36","15  day ahead inc hosp",2021-05-30,"quantile",0.75,148.732846666475
"28423",2021-05-15,"36","15  day ahead inc hosp",2021-05-30,"quantile",0.8,157.896460486669
"28424",2021-05-15,"36","15  day ahead inc hosp",2021-05-30,"quantile",0.85,169.105020303959
"28425",2021-05-15,"36","15  day ahead inc hosp",2021-05-30,"quantile",0.9,184.043506553193
"28426",2021-05-15,"36","15  day ahead inc hosp",2021-05-30,"quantile",0.95,207.978260538864
"28427",2021-05-15,"36","15  day ahead inc hosp",2021-05-30,"quantile",0.975,230.564963782409
"28428",2021-05-15,"36","15  day ahead inc hosp",2021-05-30,"quantile",0.99,259.085753459647
"28429",2021-05-15,"36","16  day ahead inc hosp",2021-05-31,"quantile",0.01,41.4440701299961
"28430",2021-05-15,"36","16  day ahead inc hosp",2021-05-31,"quantile",0.025,49.7851578110912
"28431",2021-05-15,"36","16  day ahead inc hosp",2021-05-31,"quantile",0.05,57.9146619144783
"28432",2021-05-15,"36","16  day ahead inc hosp",2021-05-31,"quantile",0.1,68.479948386593
"28433",2021-05-15,"36","16  day ahead inc hosp",2021-05-31,"quantile",0.15,76.3829674862937
"28434",2021-05-15,"36","16  day ahead inc hosp",2021-05-31,"quantile",0.2,83.1366221601647
"28435",2021-05-15,"36","16  day ahead inc hosp",2021-05-31,"quantile",0.25,89.2792360981219
"28436",2021-05-15,"36","16  day ahead inc hosp",2021-05-31,"quantile",0.3,95.0800223882537
"28437",2021-05-15,"36","16  day ahead inc hosp",2021-05-31,"quantile",0.35,100.703450358509
"28438",2021-05-15,"36","16  day ahead inc hosp",2021-05-31,"quantile",0.4,106.26673338302
"28439",2021-05-15,"36","16  day ahead inc hosp",2021-05-31,"quantile",0.45,111.865632225331
"28440",2021-05-15,"36","16  day ahead inc hosp",2021-05-31,"quantile",0.5,117.588949622438
"28441",2021-05-15,"36","16  day ahead inc hosp",2021-05-31,"quantile",0.55,123.529122019213
"28442",2021-05-15,"36","16  day ahead inc hosp",2021-05-31,"quantile",0.6,129.792685501738
"28443",2021-05-15,"36","16  day ahead inc hosp",2021-05-31,"quantile",0.65,136.513854573967
"28444",2021-05-15,"36","16  day ahead inc hosp",2021-05-31,"quantile",0.7,143.875988472327
"28445",2021-05-15,"36","16  day ahead inc hosp",2021-05-31,"quantile",0.75,152.150763764114
"28446",2021-05-15,"36","16  day ahead inc hosp",2021-05-31,"quantile",0.8,161.779662217079
"28447",2021-05-15,"36","16  day ahead inc hosp",2021-05-31,"quantile",0.85,173.572185378514
"28448",2021-05-15,"36","16  day ahead inc hosp",2021-05-31,"quantile",0.9,189.312215612339
"28449",2021-05-15,"36","16  day ahead inc hosp",2021-05-31,"quantile",0.95,214.580614818834
"28450",2021-05-15,"36","16  day ahead inc hosp",2021-05-31,"quantile",0.975,238.474919602526
"28451",2021-05-15,"36","16  day ahead inc hosp",2021-05-31,"quantile",0.99,268.705967465439
"28452",2021-05-15,"36","17  day ahead inc hosp",2021-06-01,"quantile",0.01,40.73021084333
"28453",2021-05-15,"36","17  day ahead inc hosp",2021-06-01,"quantile",0.025,49.2345443627089
"28454",2021-05-15,"36","17  day ahead inc hosp",2021-06-01,"quantile",0.05,57.5577524232026
"28455",2021-05-15,"36","17  day ahead inc hosp",2021-06-01,"quantile",0.1,68.4163157392104
"28456",2021-05-15,"36","17  day ahead inc hosp",2021-06-01,"quantile",0.15,76.564475548524
"28457",2021-05-15,"36","17  day ahead inc hosp",2021-06-01,"quantile",0.2,83.542704011369
"28458",2021-05-15,"36","17  day ahead inc hosp",2021-06-01,"quantile",0.25,89.9004030634226
"28459",2021-05-15,"36","17  day ahead inc hosp",2021-06-01,"quantile",0.3,95.9129625162158
"28460",2021-05-15,"36","17  day ahead inc hosp",2021-06-01,"quantile",0.35,101.749108086408
"28461",2021-05-15,"36","17  day ahead inc hosp",2021-06-01,"quantile",0.4,107.529523956969
"28462",2021-05-15,"36","17  day ahead inc hosp",2021-06-01,"quantile",0.45,113.353229167009
"28463",2021-05-15,"36","17  day ahead inc hosp",2021-06-01,"quantile",0.5,119.31246075009
"28464",2021-05-15,"36","17  day ahead inc hosp",2021-06-01,"quantile",0.55,125.503628017279
"28465",2021-05-15,"36","17  day ahead inc hosp",2021-06-01,"quantile",0.6,132.038224450767
"28466",2021-05-15,"36","17  day ahead inc hosp",2021-06-01,"quantile",0.65,139.057070285517
"28467",2021-05-15,"36","17  day ahead inc hosp",2021-06-01,"quantile",0.7,146.752902574841
"28468",2021-05-15,"36","17  day ahead inc hosp",2021-06-01,"quantile",0.75,155.411664521451
"28469",2021-05-15,"36","17  day ahead inc hosp",2021-06-01,"quantile",0.8,165.498468439097
"28470",2021-05-15,"36","17  day ahead inc hosp",2021-06-01,"quantile",0.85,177.866814911895
"28471",2021-05-15,"36","17  day ahead inc hosp",2021-06-01,"quantile",0.9,194.398970274866
"28472",2021-05-15,"36","17  day ahead inc hosp",2021-06-01,"quantile",0.95,220.989075739603
"28473",2021-05-15,"36","17  day ahead inc hosp",2021-06-01,"quantile",0.975,246.182971594345
"28474",2021-05-15,"36","17  day ahead inc hosp",2021-06-01,"quantile",0.99,278.118246460444
"28475",2021-05-15,"36","18  day ahead inc hosp",2021-06-02,"quantile",0.01,38.0897015861374
"28476",2021-05-15,"36","18  day ahead inc hosp",2021-06-02,"quantile",0.025,46.4367867691396
"28477",2021-05-15,"36","18  day ahead inc hosp",2021-06-02,"quantile",0.05,54.6525211638333
"28478",2021-05-15,"36","18  day ahead inc hosp",2021-06-02,"quantile",0.1,65.4267323845393
"28479",2021-05-15,"36","18  day ahead inc hosp",2021-06-02,"quantile",0.15,73.5462952566907
"28480",2021-05-15,"36","18  day ahead inc hosp",2021-06-02,"quantile",0.2,80.520372088922
"28481",2021-05-15,"36","18  day ahead inc hosp",2021-06-02,"quantile",0.25,86.8889039813303
"28482",2021-05-15,"36","18  day ahead inc hosp",2021-06-02,"quantile",0.3,92.9234005670737
"28483",2021-05-15,"36","18  day ahead inc hosp",2021-06-02,"quantile",0.35,98.7908670647254
"28484",2021-05-15,"36","18  day ahead inc hosp",2021-06-02,"quantile",0.4,104.611352652931
"28485",2021-05-15,"36","18  day ahead inc hosp",2021-06-02,"quantile",0.45,110.483930294492
"28486",2021-05-15,"36","18  day ahead inc hosp",2021-06-02,"quantile",0.5,116.501447206258
"28487",2021-05-15,"36","18  day ahead inc hosp",2021-06-02,"quantile",0.55,122.761488756724
"28488",2021-05-15,"36","18  day ahead inc hosp",2021-06-02,"quantile",0.6,129.377418930167
"28489",2021-05-15,"36","18  day ahead inc hosp",2021-06-02,"quantile",0.65,136.492905517886
"28490",2021-05-15,"36","18  day ahead inc hosp",2021-06-02,"quantile",0.7,144.305058182748
"28491",2021-05-15,"36","18  day ahead inc hosp",2021-06-02,"quantile",0.75,153.106808024576
"28492",2021-05-15,"36","18  day ahead inc hosp",2021-06-02,"quantile",0.8,163.375237125813
"28493",2021-05-15,"36","18  day ahead inc hosp",2021-06-02,"quantile",0.85,175.986719289217
"28494",2021-05-15,"36","18  day ahead inc hosp",2021-06-02,"quantile",0.9,192.875902666909
"28495",2021-05-15,"36","18  day ahead inc hosp",2021-06-02,"quantile",0.95,220.10844739325
"28496",2021-05-15,"36","18  day ahead inc hosp",2021-06-02,"quantile",0.975,245.978904195944
"28497",2021-05-15,"36","18  day ahead inc hosp",2021-06-02,"quantile",0.99,278.853664430187
"28498",2021-05-15,"36","19  day ahead inc hosp",2021-06-03,"quantile",0.01,35.8956298368188
"28499",2021-05-15,"36","19  day ahead inc hosp",2021-06-03,"quantile",0.025,44.1223595798864
"28500",2021-05-15,"36","19  day ahead inc hosp",2021-06-03,"quantile",0.05,52.2638261887076
"28501",2021-05-15,"36","19  day ahead inc hosp",2021-06-03,"quantile",0.1,62.9939014282842
"28502",2021-05-15,"36","19  day ahead inc hosp",2021-06-03,"quantile",0.15,71.1133122658244
"28503",2021-05-15,"36","19  day ahead inc hosp",2021-06-03,"quantile",0.2,78.1066758219938
"28504",2021-05-15,"36","19  day ahead inc hosp",2021-06-03,"quantile",0.25,84.5067797680785
"28505",2021-05-15,"36","19  day ahead inc hosp",2021-06-03,"quantile",0.3,90.5823658259944
"28506",2021-05-15,"36","19  day ahead inc hosp",2021-06-03,"quantile",0.35,96.4993710779347
"28507",2021-05-15,"36","19  day ahead inc hosp",2021-06-03,"quantile",0.4,102.377652460425
"28508",2021-05-15,"36","19  day ahead inc hosp",2021-06-03,"quantile",0.45,108.316678603008
"28509",2021-05-15,"36","19  day ahead inc hosp",2021-06-03,"quantile",0.5,114.410205253967
"28510",2021-05-15,"36","19  day ahead inc hosp",2021-06-03,"quantile",0.55,120.757287230137
"28511",2021-05-15,"36","19  day ahead inc hosp",2021-06-03,"quantile",0.6,127.473481517004
"28512",2021-05-15,"36","19  day ahead inc hosp",2021-06-03,"quantile",0.65,134.705695608328
"28513",2021-05-15,"36","19  day ahead inc hosp",2021-06-03,"quantile",0.7,142.655934638229
"28514",2021-05-15,"36","19  day ahead inc hosp",2021-06-03,"quantile",0.75,151.62488023562
"28515",2021-05-15,"36","19  day ahead inc hosp",2021-06-03,"quantile",0.8,162.102811526991
"28516",2021-05-15,"36","19  day ahead inc hosp",2021-06-03,"quantile",0.85,174.991212479487
"28517",2021-05-15,"36","19  day ahead inc hosp",2021-06-03,"quantile",0.9,192.282024069113
"28518",2021-05-15,"36","19  day ahead inc hosp",2021-06-03,"quantile",0.95,220.227748664571
"28519",2021-05-15,"36","19  day ahead inc hosp",2021-06-03,"quantile",0.975,246.841010251522
"28520",2021-05-15,"36","19  day ahead inc hosp",2021-06-03,"quantile",0.99,280.738547536302
"28521",2021-05-15,"36","20  day ahead inc hosp",2021-06-04,"quantile",0.01,32.4906002964334
"28522",2021-05-15,"36","20  day ahead inc hosp",2021-06-04,"quantile",0.025,40.353103085687
"28523",2021-05-15,"36","20  day ahead inc hosp",2021-06-04,"quantile",0.05,48.1876981847004
"28524",2021-05-15,"36","20  day ahead inc hosp",2021-06-04,"quantile",0.1,58.5780713691897
"28525",2021-05-15,"36","20  day ahead inc hosp",2021-06-04,"quantile",0.15,66.4807399565445
"28526",2021-05-15,"36","20  day ahead inc hosp",2021-06-04,"quantile",0.2,73.3110886151391
"28527",2021-05-15,"36","20  day ahead inc hosp",2021-06-04,"quantile",0.25,79.5790394150383
"28528",2021-05-15,"36","20  day ahead inc hosp",2021-06-04,"quantile",0.3,85.5428176975588
"28529",2021-05-15,"36","20  day ahead inc hosp",2021-06-04,"quantile",0.35,91.3626491994815
"28530",2021-05-15,"36","20  day ahead inc hosp",2021-06-04,"quantile",0.4,97.1549757697154
"28531",2021-05-15,"36","20  day ahead inc hosp",2021-06-04,"quantile",0.45,103.017114581012
"28532",2021-05-15,"36","20  day ahead inc hosp",2021-06-04,"quantile",0.5,109.041453384585
"28533",2021-05-15,"36","20  day ahead inc hosp",2021-06-04,"quantile",0.55,115.32623052537
"28534",2021-05-15,"36","20  day ahead inc hosp",2021-06-04,"quantile",0.6,121.98664224483
"28535",2021-05-15,"36","20  day ahead inc hosp",2021-06-04,"quantile",0.65,129.169696831311
"28536",2021-05-15,"36","20  day ahead inc hosp",2021-06-04,"quantile",0.7,137.078085132354
"28537",2021-05-15,"36","20  day ahead inc hosp",2021-06-04,"quantile",0.75,146.014087119794
"28538",2021-05-15,"36","20  day ahead inc hosp",2021-06-04,"quantile",0.8,156.471288348192
"28539",2021-05-15,"36","20  day ahead inc hosp",2021-06-04,"quantile",0.85,169.358315934073
"28540",2021-05-15,"36","20  day ahead inc hosp",2021-06-04,"quantile",0.9,186.6851857776
"28541",2021-05-15,"36","20  day ahead inc hosp",2021-06-04,"quantile",0.95,214.770050838285
"28542",2021-05-15,"36","20  day ahead inc hosp",2021-06-04,"quantile",0.975,241.596410737264
"28543",2021-05-15,"36","20  day ahead inc hosp",2021-06-04,"quantile",0.99,275.862823340972
"28544",2021-05-15,"36","21  day ahead inc hosp",2021-06-05,"quantile",0.01,31.7423082717741
"28545",2021-05-15,"36","21  day ahead inc hosp",2021-06-05,"quantile",0.025,39.6776382913387
"28546",2021-05-15,"36","21  day ahead inc hosp",2021-06-05,"quantile",0.05,47.6184075449144
"28547",2021-05-15,"36","21  day ahead inc hosp",2021-06-05,"quantile",0.1,58.1902112470693
"28548",2021-05-15,"36","21  day ahead inc hosp",2021-06-05,"quantile",0.15,66.2561534266865
"28549",2021-05-15,"36","21  day ahead inc hosp",2021-06-05,"quantile",0.2,73.2424602457544
"28550",2021-05-15,"36","21  day ahead inc hosp",2021-06-05,"quantile",0.25,79.664205937438
"28551",2021-05-15,"36","21  day ahead inc hosp",2021-06-05,"quantile",0.3,85.7828694619703
"28552",2021-05-15,"36","21  day ahead inc hosp",2021-06-05,"quantile",0.35,91.7611925482989
"28553",2021-05-15,"36","21  day ahead inc hosp",2021-06-05,"quantile",0.4,97.7178966823541
"28554",2021-05-15,"36","21  day ahead inc hosp",2021-06-05,"quantile",0.45,103.752636405625
"28555",2021-05-15,"36","21  day ahead inc hosp",2021-06-05,"quantile",0.5,109.960433947059
"28556",2021-05-15,"36","21  day ahead inc hosp",2021-06-05,"quantile",0.55,116.442722653064
"28557",2021-05-15,"36","21  day ahead inc hosp",2021-06-05,"quantile",0.6,123.318813907624
"28558",2021-05-15,"36","21  day ahead inc hosp",2021-06-05,"quantile",0.65,130.741314825281
"28559",2021-05-15,"36","21  day ahead inc hosp",2021-06-05,"quantile",0.7,138.920974858469
"28560",2021-05-15,"36","21  day ahead inc hosp",2021-06-05,"quantile",0.75,148.172450268503
"28561",2021-05-15,"36","21  day ahead inc hosp",2021-06-05,"quantile",0.8,159.009970828517
"28562",2021-05-15,"36","21  day ahead inc hosp",2021-06-05,"quantile",0.85,172.380830682949
"28563",2021-05-15,"36","21  day ahead inc hosp",2021-06-05,"quantile",0.9,190.382018371793
"28564",2021-05-15,"36","21  day ahead inc hosp",2021-06-05,"quantile",0.95,219.610672689381
"28565",2021-05-15,"36","21  day ahead inc hosp",2021-06-05,"quantile",0.975,247.580201773568
"28566",2021-05-15,"36","21  day ahead inc hosp",2021-06-05,"quantile",0.99,283.36806893971
"28567",2021-05-15,"36","22  day ahead inc hosp",2021-06-06,"quantile",0.01,26.3191207165367
"28568",2021-05-15,"36","22  day ahead inc hosp",2021-06-06,"quantile",0.025,33.4186944502835
"28569",2021-05-15,"36","22  day ahead inc hosp",2021-06-06,"quantile",0.05,40.5969129835731
"28570",2021-05-15,"36","22  day ahead inc hosp",2021-06-06,"quantile",0.1,50.243157380997
"28571",2021-05-15,"36","22  day ahead inc hosp",2021-06-06,"quantile",0.15,57.6589372296931
"28572",2021-05-15,"36","22  day ahead inc hosp",2021-06-06,"quantile",0.2,64.1150809423841
"28573",2021-05-15,"36","22  day ahead inc hosp",2021-06-06,"quantile",0.25,70.0732863490829
"28574",2021-05-15,"36","22  day ahead inc hosp",2021-06-06,"quantile",0.3,75.7693715066663
"28575",2021-05-15,"36","22  day ahead inc hosp",2021-06-06,"quantile",0.35,81.3512219692974
"28576",2021-05-15,"36","22  day ahead inc hosp",2021-06-06,"quantile",0.4,86.9277356349791
"28577",2021-05-15,"36","22  day ahead inc hosp",2021-06-06,"quantile",0.45,92.5912919650373
"28578",2021-05-15,"36","22  day ahead inc hosp",2021-06-06,"quantile",0.5,98.4309077593872
"28579",2021-05-15,"36","22  day ahead inc hosp",2021-06-06,"quantile",0.55,104.542486093397
"28580",2021-05-15,"36","22  day ahead inc hosp",2021-06-06,"quantile",0.6,111.039655934423
"28581",2021-05-15,"36","22  day ahead inc hosp",2021-06-06,"quantile",0.65,118.068530428501
"28582",2021-05-15,"36","22  day ahead inc hosp",2021-06-06,"quantile",0.7,125.831647390843
"28583",2021-05-15,"36","22  day ahead inc hosp",2021-06-06,"quantile",0.75,134.632203933941
"28584",2021-05-15,"36","22  day ahead inc hosp",2021-06-06,"quantile",0.8,144.966680444364
"28585",2021-05-15,"36","22  day ahead inc hosp",2021-06-06,"quantile",0.85,157.751173573213
"28586",2021-05-15,"36","22  day ahead inc hosp",2021-06-06,"quantile",0.9,175.016873919056
"28587",2021-05-15,"36","22  day ahead inc hosp",2021-06-06,"quantile",0.95,203.166706809895
"28588",2021-05-15,"36","22  day ahead inc hosp",2021-06-06,"quantile",0.975,230.219148903297
"28589",2021-05-15,"36","22  day ahead inc hosp",2021-06-06,"quantile",0.99,264.973283741572
"28590",2021-05-15,"36","23  day ahead inc hosp",2021-06-07,"quantile",0.01,25.3842855554793
"28591",2021-05-15,"36","23  day ahead inc hosp",2021-06-07,"quantile",0.025,32.4682719818822
"28592",2021-05-15,"36","23  day ahead inc hosp",2021-06-07,"quantile",0.05,39.6652217421775
"28593",2021-05-15,"36","23  day ahead inc hosp",2021-06-07,"quantile",0.1,49.3785280857671
"28594",2021-05-15,"36","23  day ahead inc hosp",2021-06-07,"quantile",0.15,56.8719977896588
"28595",2021-05-15,"36","23  day ahead inc hosp",2021-06-07,"quantile",0.2,63.4111452295277
"28596",2021-05-15,"36","23  day ahead inc hosp",2021-06-07,"quantile",0.25,69.4570282727167
"28597",2021-05-15,"36","23  day ahead inc hosp",2021-06-07,"quantile",0.3,75.2458188614851
"28598",2021-05-15,"36","23  day ahead inc hosp",2021-06-07,"quantile",0.35,80.9261547748658
"28599",2021-05-15,"36","23  day ahead inc hosp",2021-06-07,"quantile",0.4,86.6079691504886
"28600",2021-05-15,"36","23  day ahead inc hosp",2021-06-07,"quantile",0.45,92.3849776488327
"28601",2021-05-15,"36","23  day ahead inc hosp",2021-06-07,"quantile",0.5,98.3479204437167
"28602",2021-05-15,"36","23  day ahead inc hosp",2021-06-07,"quantile",0.55,104.594965655258
"28603",2021-05-15,"36","23  day ahead inc hosp",2021-06-07,"quantile",0.6,111.24280472589
"28604",2021-05-15,"36","23  day ahead inc hosp",2021-06-07,"quantile",0.65,118.441843502591
"28605",2021-05-15,"36","23  day ahead inc hosp",2021-06-07,"quantile",0.7,126.400916038811
"28606",2021-05-15,"36","23  day ahead inc hosp",2021-06-07,"quantile",0.75,135.433011271843
"28607",2021-05-15,"36","23  day ahead inc hosp",2021-06-07,"quantile",0.8,146.051092214158
"28608",2021-05-15,"36","23  day ahead inc hosp",2021-06-07,"quantile",0.85,159.202360522287
"28609",2021-05-15,"36","23  day ahead inc hosp",2021-06-07,"quantile",0.9,176.988485590219
"28610",2021-05-15,"36","23  day ahead inc hosp",2021-06-07,"quantile",0.95,206.040509796562
"28611",2021-05-15,"36","23  day ahead inc hosp",2021-06-07,"quantile",0.975,234.013592936783
"28612",2021-05-15,"36","23  day ahead inc hosp",2021-06-07,"quantile",0.99,270.015454342354
"28613",2021-05-15,"36","24  day ahead inc hosp",2021-06-08,"quantile",0.01,26.1745323580954
"28614",2021-05-15,"36","24  day ahead inc hosp",2021-06-08,"quantile",0.025,33.5874011353175
"28615",2021-05-15,"36","24  day ahead inc hosp",2021-06-08,"quantile",0.05,41.1344577987365
"28616",2021-05-15,"36","24  day ahead inc hosp",2021-06-08,"quantile",0.1,51.3396854833528
"28617",2021-05-15,"36","24  day ahead inc hosp",2021-06-08,"quantile",0.15,59.2247508608084
"28618",2021-05-15,"36","24  day ahead inc hosp",2021-06-08,"quantile",0.2,66.1127309462188
"28619",2021-05-15,"36","24  day ahead inc hosp",2021-06-08,"quantile",0.25,72.4862547588572
"28620",2021-05-15,"36","24  day ahead inc hosp",2021-06-08,"quantile",0.3,78.5928612917626
"28621",2021-05-15,"36","24  day ahead inc hosp",2021-06-08,"quantile",0.35,84.5885899362495
"28622",2021-05-15,"36","24  day ahead inc hosp",2021-06-08,"quantile",0.4,90.5890725857175
"28623",2021-05-15,"36","24  day ahead inc hosp",2021-06-08,"quantile",0.45,96.6930959559186
"28624",2021-05-15,"36","24  day ahead inc hosp",2021-06-08,"quantile",0.5,102.996512158953
"28625",2021-05-15,"36","24  day ahead inc hosp",2021-06-08,"quantile",0.55,109.603208134899
"28626",2021-05-15,"36","24  day ahead inc hosp",2021-06-08,"quantile",0.6,116.636847427542
"28627",2021-05-15,"36","24  day ahead inc hosp",2021-06-08,"quantile",0.65,124.256985134499
"28628",2021-05-15,"36","24  day ahead inc hosp",2021-06-08,"quantile",0.7,132.685317304676
"28629",2021-05-15,"36","24  day ahead inc hosp",2021-06-08,"quantile",0.75,142.254277746839
"28630",2021-05-15,"36","24  day ahead inc hosp",2021-06-08,"quantile",0.8,153.50890405237
"28631",2021-05-15,"36","24  day ahead inc hosp",2021-06-08,"quantile",0.85,167.455942844369
"28632",2021-05-15,"36","24  day ahead inc hosp",2021-06-08,"quantile",0.9,186.329880512512
"28633",2021-05-15,"36","24  day ahead inc hosp",2021-06-08,"quantile",0.95,217.183561657702
"28634",2021-05-15,"36","24  day ahead inc hosp",2021-06-08,"quantile",0.975,246.91616708163
"28635",2021-05-15,"36","24  day ahead inc hosp",2021-06-08,"quantile",0.99,285.212588585279
"28636",2021-05-15,"36","25  day ahead inc hosp",2021-06-09,"quantile",0.01,24.1022938144203
"28637",2021-05-15,"36","25  day ahead inc hosp",2021-06-09,"quantile",0.025,31.2414463241906
"28638",2021-05-15,"36","25  day ahead inc hosp",2021-06-09,"quantile",0.05,38.5579471756089
"28639",2021-05-15,"36","25  day ahead inc hosp",2021-06-09,"quantile",0.1,48.510040580968
"28640",2021-05-15,"36","25  day ahead inc hosp",2021-06-09,"quantile",0.15,56.2361664406026
"28641",2021-05-15,"36","25  day ahead inc hosp",2021-06-09,"quantile",0.2,63.0068842587412
"28642",2021-05-15,"36","25  day ahead inc hosp",2021-06-09,"quantile",0.25,69.287475032616
"28643",2021-05-15,"36","25  day ahead inc hosp",2021-06-09,"quantile",0.3,75.3175443861481
"28644",2021-05-15,"36","25  day ahead inc hosp",2021-06-09,"quantile",0.35,81.248885970655
"28645",2021-05-15,"36","25  day ahead inc hosp",2021-06-09,"quantile",0.4,87.1946710121025
"28646",2021-05-15,"36","25  day ahead inc hosp",2021-06-09,"quantile",0.45,93.2522344247412
"28647",2021-05-15,"36","25  day ahead inc hosp",2021-06-09,"quantile",0.5,99.5166356109713
"28648",2021-05-15,"36","25  day ahead inc hosp",2021-06-09,"quantile",0.55,106.091476621124
"28649",2021-05-15,"36","25  day ahead inc hosp",2021-06-09,"quantile",0.6,113.100612402918
"28650",2021-05-15,"36","25  day ahead inc hosp",2021-06-09,"quantile",0.65,120.704340683382
"28651",2021-05-15,"36","25  day ahead inc hosp",2021-06-09,"quantile",0.7,129.125872462103
"28652",2021-05-15,"36","25  day ahead inc hosp",2021-06-09,"quantile",0.75,138.700426110038
"28653",2021-05-15,"36","25  day ahead inc hosp",2021-06-09,"quantile",0.8,149.978235282434
"28654",2021-05-15,"36","25  day ahead inc hosp",2021-06-09,"quantile",0.85,163.97662194294
"28655",2021-05-15,"36","25  day ahead inc hosp",2021-06-09,"quantile",0.9,182.955693913468
"28656",2021-05-15,"36","25  day ahead inc hosp",2021-06-09,"quantile",0.95,214.057652661649
"28657",2021-05-15,"36","25  day ahead inc hosp",2021-06-09,"quantile",0.975,244.105910012855
"28658",2021-05-15,"36","25  day ahead inc hosp",2021-06-09,"quantile",0.99,282.901606509175
"28659",2021-05-15,"36","26  day ahead inc hosp",2021-06-10,"quantile",0.01,22.067208484528
"28660",2021-05-15,"36","26  day ahead inc hosp",2021-06-10,"quantile",0.025,28.9094217293153
"28661",2021-05-15,"36","26  day ahead inc hosp",2021-06-10,"quantile",0.05,35.970495701821
"28662",2021-05-15,"36","26  day ahead inc hosp",2021-06-10,"quantile",0.1,45.6348495607253
"28663",2021-05-15,"36","26  day ahead inc hosp",2021-06-10,"quantile",0.15,53.1749492700329
"28664",2021-05-15,"36","26  day ahead inc hosp",2021-06-10,"quantile",0.2,59.8046602402788
"28665",2021-05-15,"36","26  day ahead inc hosp",2021-06-10,"quantile",0.25,65.970348919158
"28666",2021-05-15,"36","26  day ahead inc hosp",2021-06-10,"quantile",0.3,71.9028735400353
"28667",2021-05-15,"36","26  day ahead inc hosp",2021-06-10,"quantile",0.35,77.7492667935101
"28668",2021-05-15,"36","26  day ahead inc hosp",2021-06-10,"quantile",0.4,83.6198587667746
"28669",2021-05-15,"36","26  day ahead inc hosp",2021-06-10,"quantile",0.45,89.6102106499432
"28670",2021-05-15,"36","26  day ahead inc hosp",2021-06-10,"quantile",0.5,95.8142809617562
"28671",2021-05-15,"36","26  day ahead inc hosp",2021-06-10,"quantile",0.55,102.335057714821
"28672",2021-05-15,"36","26  day ahead inc hosp",2021-06-10,"quantile",0.6,109.296200836222
"28673",2021-05-15,"36","26  day ahead inc hosp",2021-06-10,"quantile",0.65,116.858258132075
"28674",2021-05-15,"36","26  day ahead inc hosp",2021-06-10,"quantile",0.7,125.245278357834
"28675",2021-05-15,"36","26  day ahead inc hosp",2021-06-10,"quantile",0.75,134.794258573821
"28676",2021-05-15,"36","26  day ahead inc hosp",2021-06-10,"quantile",0.8,146.05899434293
"28677",2021-05-15,"36","26  day ahead inc hosp",2021-06-10,"quantile",0.85,160.064393617467
"28678",2021-05-15,"36","26  day ahead inc hosp",2021-06-10,"quantile",0.9,179.089626910525
"28679",2021-05-15,"36","26  day ahead inc hosp",2021-06-10,"quantile",0.95,210.345887798825
"28680",2021-05-15,"36","26  day ahead inc hosp",2021-06-10,"quantile",0.975,240.621918319386
"28681",2021-05-15,"36","26  day ahead inc hosp",2021-06-10,"quantile",0.99,279.807279731481
"28682",2021-05-15,"36","27  day ahead inc hosp",2021-06-11,"quantile",0.01,21.5394757217163
"28683",2021-05-15,"36","27  day ahead inc hosp",2021-06-11,"quantile",0.025,28.4034933344047
"28684",2021-05-15,"36","27  day ahead inc hosp",2021-06-11,"quantile",0.05,35.5173760111102
"28685",2021-05-15,"36","27  day ahead inc hosp",2021-06-11,"quantile",0.1,45.2910276100128
"28686",2021-05-15,"36","27  day ahead inc hosp",2021-06-11,"quantile",0.15,52.9395551560437
"28687",2021-05-15,"36","27  day ahead inc hosp",2021-06-11,"quantile",0.2,59.6782431284953
"28688",2021-05-15,"36","27  day ahead inc hosp",2021-06-11,"quantile",0.25,65.9551301865302
"28689",2021-05-15,"36","27  day ahead inc hosp",2021-06-11,"quantile",0.3,72.0025617636523
"28690",2021-05-15,"36","27  day ahead inc hosp",2021-06-11,"quantile",0.35,77.9690080218003
"28691",2021-05-15,"36","27  day ahead inc hosp",2021-06-11,"quantile",0.4,83.9663219061795
"28692",2021-05-15,"36","27  day ahead inc hosp",2021-06-11,"quantile",0.45,90.0918018694969
"28693",2021-05-15,"36","27  day ahead inc hosp",2021-06-11,"quantile",0.5,96.441506647803
"28694",2021-05-15,"36","27  day ahead inc hosp",2021-06-11,"quantile",0.55,103.121088118322
"28695",2021-05-15,"36","27  day ahead inc hosp",2021-06-11,"quantile",0.6,110.257736281136
"28696",2021-05-15,"36","27  day ahead inc hosp",2021-06-11,"quantile",0.65,118.016890221741
"28697",2021-05-15,"36","27  day ahead inc hosp",2021-06-11,"quantile",0.7,126.629724568004
"28698",2021-05-15,"36","27  day ahead inc hosp",2021-06-11,"quantile",0.75,136.444273836835
"28699",2021-05-15,"36","27  day ahead inc hosp",2021-06-11,"quantile",0.8,148.032866694038
"28700",2021-05-15,"36","27  day ahead inc hosp",2021-06-11,"quantile",0.85,162.455327652793
"28701",2021-05-15,"36","27  day ahead inc hosp",2021-06-11,"quantile",0.9,182.069842310617
"28702",2021-05-15,"36","27  day ahead inc hosp",2021-06-11,"quantile",0.95,214.343037229576
"28703",2021-05-15,"36","27  day ahead inc hosp",2021-06-11,"quantile",0.975,245.652953827175
"28704",2021-05-15,"36","27  day ahead inc hosp",2021-06-11,"quantile",0.99,286.235776347545
"28705",2021-05-15,"36","28  day ahead inc hosp",2021-06-12,"quantile",0.01,21.6191864755041
"28706",2021-05-15,"36","28  day ahead inc hosp",2021-06-12,"quantile",0.025,28.6405552594994
"28707",2021-05-15,"36","28  day ahead inc hosp",2021-06-12,"quantile",0.05,35.9394220035056
"28708",2021-05-15,"36","28  day ahead inc hosp",2021-06-12,"quantile",0.1,45.9939885066779
"28709",2021-05-15,"36","28  day ahead inc hosp",2021-06-12,"quantile",0.15,53.8790915975949
"28710",2021-05-15,"36","28  day ahead inc hosp",2021-06-12,"quantile",0.2,60.836074853534
"28711",2021-05-15,"36","28  day ahead inc hosp",2021-06-12,"quantile",0.25,67.3234181687293
"28712",2021-05-15,"36","28  day ahead inc hosp",2021-06-12,"quantile",0.3,73.5793346686415
"28713",2021-05-15,"36","28  day ahead inc hosp",2021-06-12,"quantile",0.35,79.756401424393
"28714",2021-05-15,"36","28  day ahead inc hosp",2021-06-12,"quantile",0.4,85.9698889272968
"28715",2021-05-15,"36","28  day ahead inc hosp",2021-06-12,"quantile",0.45,92.3203723263965
"28716",2021-05-15,"36","28  day ahead inc hosp",2021-06-12,"quantile",0.5,98.9074292065494
"28717",2021-05-15,"36","28  day ahead inc hosp",2021-06-12,"quantile",0.55,105.84084284717
"28718",2021-05-15,"36","28  day ahead inc hosp",2021-06-12,"quantile",0.6,113.253015531378
"28719",2021-05-15,"36","28  day ahead inc hosp",2021-06-12,"quantile",0.65,121.316387603185
"28720",2021-05-15,"36","28  day ahead inc hosp",2021-06-12,"quantile",0.7,130.272132342894
"28721",2021-05-15,"36","28  day ahead inc hosp",2021-06-12,"quantile",0.75,140.483566830497
"28722",2021-05-15,"36","28  day ahead inc hosp",2021-06-12,"quantile",0.8,152.548435764058
"28723",2021-05-15,"36","28  day ahead inc hosp",2021-06-12,"quantile",0.85,167.574074177439
"28724",2021-05-15,"36","28  day ahead inc hosp",2021-06-12,"quantile",0.9,188.025372035242
"28725",2021-05-15,"36","28  day ahead inc hosp",2021-06-12,"quantile",0.95,221.710746511452
"28726",2021-05-15,"36","28  day ahead inc hosp",2021-06-12,"quantile",0.975,254.426079322637
"28727",2021-05-15,"36","28  day ahead inc hosp",2021-06-12,"quantile",0.99,296.873547464307
"28728",2021-05-15,"36","29  day ahead inc hosp",2021-06-13,"quantile",0.01,14.0758927297144
"28729",2021-05-15,"36","29  day ahead inc hosp",2021-06-13,"quantile",0.025,19.4841709525691
"28730",2021-05-15,"36","29  day ahead inc hosp",2021-06-13,"quantile",0.05,25.2681361911422
"28731",2021-05-15,"36","29  day ahead inc hosp",2021-06-13,"quantile",0.1,33.4371737199851
"28732",2021-05-15,"36","29  day ahead inc hosp",2021-06-13,"quantile",0.15,39.9711670912978
"28733",2021-05-15,"36","29  day ahead inc hosp",2021-06-13,"quantile",0.2,45.8120109727889
"28734",2021-05-15,"36","29  day ahead inc hosp",2021-06-13,"quantile",0.25,51.3137907799613
"28735",2021-05-15,"36","29  day ahead inc hosp",2021-06-13,"quantile",0.3,56.6639405801845
"28736",2021-05-15,"36","29  day ahead inc hosp",2021-06-13,"quantile",0.35,61.9852862646599
"28737",2021-05-15,"36","29  day ahead inc hosp",2021-06-13,"quantile",0.4,67.3731504678272
"28738",2021-05-15,"36","29  day ahead inc hosp",2021-06-13,"quantile",0.45,72.913086054971
"28739",2021-05-15,"36","29  day ahead inc hosp",2021-06-13,"quantile",0.5,78.6920260548375
"28740",2021-05-15,"36","29  day ahead inc hosp",2021-06-13,"quantile",0.55,84.8078647154087
"28741",2021-05-15,"36","29  day ahead inc hosp",2021-06-13,"quantile",0.6,91.3805430427863
"28742",2021-05-15,"36","29  day ahead inc hosp",2021-06-13,"quantile",0.65,98.5680189304276
"28743",2021-05-15,"36","29  day ahead inc hosp",2021-06-13,"quantile",0.7,106.592918403454
"28744",2021-05-15,"36","29  day ahead inc hosp",2021-06-13,"quantile",0.75,115.792450373841
"28745",2021-05-15,"36","29  day ahead inc hosp",2021-06-13,"quantile",0.8,126.723699788166
"28746",2021-05-15,"36","29  day ahead inc hosp",2021-06-13,"quantile",0.85,140.422316866386
"28747",2021-05-15,"36","29  day ahead inc hosp",2021-06-13,"quantile",0.9,159.2017939646
"28748",2021-05-15,"36","29  day ahead inc hosp",2021-06-13,"quantile",0.95,190.423692761538
"28749",2021-05-15,"36","29  day ahead inc hosp",2021-06-13,"quantile",0.975,221.038551131802
"28750",2021-05-15,"36","29  day ahead inc hosp",2021-06-13,"quantile",0.99,261.117665923155
"28751",2021-05-15,"36","30  day ahead inc hosp",2021-06-14,"quantile",0.01,13.3576184624523
"28752",2021-05-15,"36","30  day ahead inc hosp",2021-06-14,"quantile",0.025,18.7085243784388
"28753",2021-05-15,"36","30  day ahead inc hosp",2021-06-14,"quantile",0.05,24.474503699671
"28754",2021-05-15,"36","30  day ahead inc hosp",2021-06-14,"quantile",0.1,32.6717740342026
"28755",2021-05-15,"36","30  day ahead inc hosp",2021-06-14,"quantile",0.15,39.2621050657842
"28756",2021-05-15,"36","30  day ahead inc hosp",2021-06-14,"quantile",0.2,45.1732914653524
"28757",2021-05-15,"36","30  day ahead inc hosp",2021-06-14,"quantile",0.25,50.7558159706033
"28758",2021-05-15,"36","30  day ahead inc hosp",2021-06-14,"quantile",0.3,56.1961660579845
"28759",2021-05-15,"36","30  day ahead inc hosp",2021-06-14,"quantile",0.35,61.617316873387
"28760",2021-05-15,"36","30  day ahead inc hosp",2021-06-14,"quantile",0.4,67.1154000816755
"28761",2021-05-15,"36","30  day ahead inc hosp",2021-06-14,"quantile",0.45,72.7773345597993
"28762",2021-05-15,"36","30  day ahead inc hosp",2021-06-14,"quantile",0.5,78.6920260548375
"28763",2021-05-15,"36","30  day ahead inc hosp",2021-06-14,"quantile",0.55,84.9601167898507
"28764",2021-05-15,"36","30  day ahead inc hosp",2021-06-14,"quantile",0.6,91.7053883670631
"28765",2021-05-15,"36","30  day ahead inc hosp",2021-06-14,"quantile",0.65,99.0912928826031
"28766",2021-05-15,"36","30  day ahead inc hosp",2021-06-14,"quantile",0.7,107.348624648472
"28767",2021-05-15,"36","30  day ahead inc hosp",2021-06-14,"quantile",0.75,116.827421727108
"28768",2021-05-15,"36","30  day ahead inc hosp",2021-06-14,"quantile",0.8,128.106539535075
"28769",2021-05-15,"36","30  day ahead inc hosp",2021-06-14,"quantile",0.85,142.263023506556
"28770",2021-05-15,"36","30  day ahead inc hosp",2021-06-14,"quantile",0.9,161.704928327341
"28771",2021-05-15,"36","30  day ahead inc hosp",2021-06-14,"quantile",0.95,194.103146078778
"28772",2021-05-15,"36","30  day ahead inc hosp",2021-06-14,"quantile",0.975,225.94679742564
"28773",2021-05-15,"36","30  day ahead inc hosp",2021-06-14,"quantile",0.99,267.726507782593
"28774",2021-05-15,"36","31  day ahead inc hosp",2021-06-15,"quantile",0.01,12.6828201677516
"28775",2021-05-15,"36","31  day ahead inc hosp",2021-06-15,"quantile",0.025,17.9733748280976
"28776",2021-05-15,"36","31  day ahead inc hosp",2021-06-15,"quantile",0.05,23.7173898196291
"28777",2021-05-15,"36","31  day ahead inc hosp",2021-06-15,"quantile",0.1,31.9368061743606
"28778",2021-05-15,"36","31  day ahead inc hosp",2021-06-15,"quantile",0.15,38.5785619870497
"28779",2021-05-15,"36","31  day ahead inc hosp",2021-06-15,"quantile",0.2,44.5557885609954
"28780",2021-05-15,"36","31  day ahead inc hosp",2021-06-15,"quantile",0.25,50.2151278215514
"28781",2021-05-15,"36","31  day ahead inc hosp",2021-06-15,"quantile",0.3,55.7419922652397
"28782",2021-05-15,"36","31  day ahead inc hosp",2021-06-15,"quantile",0.35,61.2594261440979
"28783",2021-05-15,"36","31  day ahead inc hosp",2021-06-15,"quantile",0.4,66.8643144829348
"28784",2021-05-15,"36","31  day ahead inc hosp",2021-06-15,"quantile",0.45,72.6448999030389
"28785",2021-05-15,"36","31  day ahead inc hosp",2021-06-15,"quantile",0.5,78.6920260548375
"28786",2021-05-15,"36","31  day ahead inc hosp",2021-06-15,"quantile",0.55,85.1090521219672
"28787",2021-05-15,"36","31  day ahead inc hosp",2021-06-15,"quantile",0.6,92.0235704914381
"28788",2021-05-15,"36","31  day ahead inc hosp",2021-06-15,"quantile",0.65,99.6044966673533
"28789",2021-05-15,"36","31  day ahead inc hosp",2021-06-15,"quantile",0.7,108.090759305068
"28790",2021-05-15,"36","31  day ahead inc hosp",2021-06-15,"quantile",0.75,117.845186174335
"28791",2021-05-15,"36","31  day ahead inc hosp",2021-06-15,"quantile",0.8,129.468356017801
"28792",2021-05-15,"36","31  day ahead inc hosp",2021-06-15,"quantile",0.85,144.078655849729
"28793",2021-05-15,"36","31  day ahead inc hosp",2021-06-15,"quantile",0.9,164.178670297961
"28794",2021-05-15,"36","31  day ahead inc hosp",2021-06-15,"quantile",0.95,197.748901514656
"28795",2021-05-15,"36","31  day ahead inc hosp",2021-06-15,"quantile",0.975,230.820233193353
"28796",2021-05-15,"36","31  day ahead inc hosp",2021-06-15,"quantile",0.99,274.303159957609
"28797",2021-05-15,"36","32  day ahead inc hosp",2021-06-16,"quantile",0.01,12.0479611421885
"28798",2021-05-15,"36","32  day ahead inc hosp",2021-06-16,"quantile",0.025,17.2756121710065
"28799",2021-05-15,"36","32  day ahead inc hosp",2021-06-16,"quantile",0.05,22.9941052709401
"28800",2021-05-15,"36","32  day ahead inc hosp",2021-06-16,"quantile",0.1,31.2301171091899
"28801",2021-05-15,"36","32  day ahead inc hosp",2021-06-16,"quantile",0.15,37.9187716725537
"28802",2021-05-15,"36","32  day ahead inc hosp",2021-06-16,"quantile",0.2,43.9580550073338
"28803",2021-05-15,"36","32  day ahead inc hosp",2021-06-16,"quantile",0.25,49.6905592373584
"28804",2021-05-15,"36","32  day ahead inc hosp",2021-06-16,"quantile",0.3,55.3005078130056
"28805",2021-05-15,"36","32  day ahead inc hosp",2021-06-16,"quantile",0.35,60.9109423379546
"28806",2021-05-15,"36","32  day ahead inc hosp",2021-06-16,"quantile",0.4,66.6194511003469
"28807",2021-05-15,"36","32  day ahead inc hosp",2021-06-16,"quantile",0.45,72.5155623095778
"28808",2021-05-15,"36","32  day ahead inc hosp",2021-06-16,"quantile",0.5,78.6920260548375
"28809",2021-05-15,"36","32  day ahead inc hosp",2021-06-16,"quantile",0.55,85.2548904868702
"28810",2021-05-15,"36","32  day ahead inc hosp",2021-06-16,"quantile",0.6,92.3355319871696
"28811",2021-05-15,"36","32  day ahead inc hosp",2021-06-16,"quantile",0.65,100.108302023516
"28812",2021-05-15,"36","32  day ahead inc hosp",2021-06-16,"quantile",0.7,108.820233762185
"28813",2021-05-15,"36","32  day ahead inc hosp",2021-06-16,"quantile",0.75,118.846910810967
"28814",2021-05-15,"36","32  day ahead inc hosp",2021-06-16,"quantile",0.8,130.810596488728
"28815",2021-05-15,"36","32  day ahead inc hosp",2021-06-16,"quantile",0.85,145.870980078445
"28816",2021-05-15,"36","32  day ahead inc hosp",2021-06-16,"quantile",0.9,166.625172907729
"28817",2021-05-15,"36","32  day ahead inc hosp",2021-06-16,"quantile",0.95,201.363648349251
"28818",2021-05-15,"36","32  day ahead inc hosp",2021-06-16,"quantile",0.975,235.66196856548
"28819",2021-05-15,"36","32  day ahead inc hosp",2021-06-16,"quantile",0.99,280.851159151624
"28820",2021-05-15,"36","33  day ahead inc hosp",2021-06-17,"quantile",0.01,11.4499003784132
"28821",2021-05-15,"36","33  day ahead inc hosp",2021-06-17,"quantile",0.025,16.6124681063892
"28822",2021-05-15,"36","33  day ahead inc hosp",2021-06-17,"quantile",0.05,22.3022527773418
"28823",2021-05-15,"36","33  day ahead inc hosp",2021-06-17,"quantile",0.1,30.5497850576325
"28824",2021-05-15,"36","33  day ahead inc hosp",2021-06-17,"quantile",0.15,37.2811565767414
"28825",2021-05-15,"36","33  day ahead inc hosp",2021-06-17,"quantile",0.2,43.378797577657
"28826",2021-05-15,"36","33  day ahead inc hosp",2021-06-17,"quantile",0.25,49.1810670307719
"28827",2021-05-15,"36","33  day ahead inc hosp",2021-06-17,"quantile",0.3,54.8708979072973
"28828",2021-05-15,"36","33  day ahead inc hosp",2021-06-17,"quantile",0.35,60.5712648263211
"28829",2021-05-15,"36","33  day ahead inc hosp",2021-06-17,"quantile",0.4,66.3804141760517
"28830",2021-05-15,"36","33  day ahead inc hosp",2021-06-17,"quantile",0.45,72.389125240669
"28831",2021-05-15,"36","33  day ahead inc hosp",2021-06-17,"quantile",0.5,78.6920260548375
"28832",2021-05-15,"36","33  day ahead inc hosp",2021-06-17,"quantile",0.55,85.3978284233067
"28833",2021-05-15,"36","33  day ahead inc hosp",2021-06-17,"quantile",0.6,92.6416686121176
"28834",2021-05-15,"36","33  day ahead inc hosp",2021-06-17,"quantile",0.65,100.603309579728
"28835",2021-05-15,"36","33  day ahead inc hosp",2021-06-17,"quantile",0.7,109.537862813809
"28836",2021-05-15,"36","33  day ahead inc hosp",2021-06-17,"quantile",0.75,119.833638824258
"28837",2021-05-15,"36","33  day ahead inc hosp",2021-06-17,"quantile",0.8,132.134554174568
"28838",2021-05-15,"36","33  day ahead inc hosp",2021-06-17,"quantile",0.85,147.641573738259
"28839",2021-05-15,"36","33  day ahead inc hosp",2021-06-17,"quantile",0.9,169.046357937703
"28840",2021-05-15,"36","33  day ahead inc hosp",2021-06-17,"quantile",0.95,204.949783858825
"28841",2021-05-15,"36","33  day ahead inc hosp",2021-06-17,"quantile",0.975,240.474771842797
"28842",2021-05-15,"36","33  day ahead inc hosp",2021-06-17,"quantile",0.99,287.37364637199
"28843",2021-05-15,"36","34  day ahead inc hosp",2021-06-18,"quantile",0.01,10.8858350382302
"28844",2021-05-15,"36","34  day ahead inc hosp",2021-06-18,"quantile",0.025,15.9814668208643
"28845",2021-05-15,"36","34  day ahead inc hosp",2021-06-18,"quantile",0.05,21.6396851254901
"28846",2021-05-15,"36","34  day ahead inc hosp",2021-06-18,"quantile",0.1,29.8940864239464
"28847",2021-05-15,"36","34  day ahead inc hosp",2021-06-18,"quantile",0.15,36.6643008828545
"28848",2021-05-15,"36","34  day ahead inc hosp",2021-06-18,"quantile",0.2,42.8168551329188
"28849",2021-05-15,"36","34  day ahead inc hosp",2021-06-18,"quantile",0.25,48.6857142926209
"28850",2021-05-15,"36","34  day ahead inc hosp",2021-06-18,"quantile",0.3,54.4524306152356
"28851",2021-05-15,"36","34  day ahead inc hosp",2021-06-18,"quantile",0.35,60.2398539854956
"28852",2021-05-15,"36","34  day ahead inc hosp",2021-06-18,"quantile",0.4,66.1468481153289
"28853",2021-05-15,"36","34  day ahead inc hosp",2021-06-18,"quantile",0.45,72.2654120936417
"28854",2021-05-15,"36","34  day ahead inc hosp",2021-06-18,"quantile",0.5,78.6920260548375
"28855",2021-05-15,"36","34  day ahead inc hosp",2021-06-18,"quantile",0.55,85.5380425339476
"28856",2021-05-15,"36","34  day ahead inc hosp",2021-06-18,"quantile",0.6,92.9423359610026
"28857",2021-05-15,"36","34  day ahead inc hosp",2021-06-18,"quantile",0.65,101.09005895969
"28858",2021-05-15,"36","34  day ahead inc hosp",2021-06-18,"quantile",0.7,110.244378392818
"28859",2021-05-15,"36","34  day ahead inc hosp",2021-06-18,"quantile",0.75,120.806307123379
"28860",2021-05-15,"36","34  day ahead inc hosp",2021-06-18,"quantile",0.8,133.441390214366
"28861",2021-05-15,"36","34  day ahead inc hosp",2021-06-18,"quantile",0.85,149.39185264593
"28862",2021-05-15,"36","34  day ahead inc hosp",2021-06-18,"quantile",0.9,171.443948983624
"28863",2021-05-15,"36","34  day ahead inc hosp",2021-06-18,"quantile",0.95,208.509455256721
"28864",2021-05-15,"36","34  day ahead inc hosp",2021-06-18,"quantile",0.975,245.261118838685
"28865",2021-05-15,"36","34  day ahead inc hosp",2021-06-18,"quantile",0.99,293.873424456901
"28866",2021-05-15,"36","35  day ahead inc hosp",2021-06-19,"quantile",0.01,10.3532531521259
"28867",2021-05-15,"36","35  day ahead inc hosp",2021-06-19,"quantile",0.025,15.3803843838805
"28868",2021-05-15,"36","35  day ahead inc hosp",2021-06-19,"quantile",0.05,21.0044706310851
"28869",2021-05-15,"36","35  day ahead inc hosp",2021-06-19,"quantile",0.1,29.2614685578102
"28870",2021-05-15,"36","35  day ahead inc hosp",2021-06-19,"quantile",0.15,36.0669283289434
"28871",2021-05-15,"36","35  day ahead inc hosp",2021-06-19,"quantile",0.2,42.2711805402729
"28872",2021-05-15,"36","35  day ahead inc hosp",2021-06-19,"quantile",0.25,48.2036558591743
"28873",2021-05-15,"36","35  day ahead inc hosp",2021-06-19,"quantile",0.3,54.0444455431432
"28874",2021-05-15,"36","35  day ahead inc hosp",2021-06-19,"quantile",0.35,59.9162228656349
"28875",2021-05-15,"36","35  day ahead inc hosp",2021-06-19,"quantile",0.4,65.9184320037112
"28876",2021-05-15,"36","35  day ahead inc hosp",2021-06-19,"quantile",0.45,72.144263480875
"28877",2021-05-15,"36","35  day ahead inc hosp",2021-06-19,"quantile",0.5,78.6920260548375
"28878",2021-05-15,"36","35  day ahead inc hosp",2021-06-19,"quantile",0.55,85.6756922064137
"28879",2021-05-15,"36","35  day ahead inc hosp",2021-06-19,"quantile",0.6,93.2378549482916
"28880",2021-05-15,"36","35  day ahead inc hosp",2021-06-19,"quantile",0.65,101.569037113245
"28881",2021-05-15,"36","35  day ahead inc hosp",2021-06-19,"quantile",0.7,110.94044089289
"28882",2021-05-15,"36","35  day ahead inc hosp",2021-06-19,"quantile",0.75,121.765760872061
"28883",2021-05-15,"36","35  day ahead inc hosp",2021-06-19,"quantile",0.8,134.732151740969
"28884",2021-05-15,"36","35  day ahead inc hosp",2021-06-19,"quantile",0.85,151.123093063407
"28885",2021-05-15,"36","35  day ahead inc hosp",2021-06-19,"quantile",0.9,173.819498695815
"28886",2021-05-15,"36","35  day ahead inc hosp",2021-06-19,"quantile",0.95,212.044594227239
"28887",2021-05-15,"36","35  day ahead inc hosp",2021-06-19,"quantile",0.975,250.023233483696
"28888",2021-05-15,"36","35  day ahead inc hosp",2021-06-19,"quantile",0.99,300.353005375872
"28889",2021-05-15,"36","36  day ahead inc hosp",2021-06-20,"quantile",0.01,7.77627131527686
"28890",2021-05-15,"36","36  day ahead inc hosp",2021-06-20,"quantile",0.025,11.9682287315571
"28891",2021-05-15,"36","36  day ahead inc hosp",2021-06-20,"quantile",0.05,16.7635350274398
"28892",2021-05-15,"36","36  day ahead inc hosp",2021-06-20,"quantile",0.1,23.9371616118163
"28893",2021-05-15,"36","36  day ahead inc hosp",2021-06-20,"quantile",0.15,29.9346883921497
"28894",2021-05-15,"36","36  day ahead inc hosp",2021-06-20,"quantile",0.2,35.4531614018987
"28895",2021-05-15,"36","36  day ahead inc hosp",2021-06-20,"quantile",0.25,40.7669787775997
"28896",2021-05-15,"36","36  day ahead inc hosp",2021-06-20,"quantile",0.3,46.0287551445749
"28897",2021-05-15,"36","36  day ahead inc hosp",2021-06-20,"quantile",0.35,51.3445727554803
"28898",2021-05-15,"36","36  day ahead inc hosp",2021-06-20,"quantile",0.4,56.8023188152887
"28899",2021-05-15,"36","36  day ahead inc hosp",2021-06-20,"quantile",0.45,62.4860545511081
"28900",2021-05-15,"36","36  day ahead inc hosp",2021-06-20,"quantile",0.5,68.4859650782325
"28901",2021-05-15,"36","36  day ahead inc hosp",2021-06-20,"quantile",0.55,74.9079267286375
"28902",2021-05-15,"36","36  day ahead inc hosp",2021-06-20,"quantile",0.6,81.8855723368445
"28903",2021-05-15,"36","36  day ahead inc hosp",2021-06-20,"quantile",0.65,89.5985226931344
"28904",2021-05-15,"36","36  day ahead inc hosp",2021-06-20,"quantile",0.7,98.3035086195848
"28905",2021-05-15,"36","36  day ahead inc hosp",2021-06-20,"quantile",0.75,108.393295447714
"28906",2021-05-15,"36","36  day ahead inc hosp",2021-06-20,"quantile",0.8,120.521758180117
"28907",2021-05-15,"36","36  day ahead inc hosp",2021-06-20,"quantile",0.85,135.91266778691
"28908",2021-05-15,"36","36  day ahead inc hosp",2021-06-20,"quantile",0.9,157.318622110487
"28909",2021-05-15,"36","36  day ahead inc hosp",2021-06-20,"quantile",0.95,193.575457368863
"28910",2021-05-15,"36","36  day ahead inc hosp",2021-06-20,"quantile",0.975,229.805791634341
"28911",2021-05-15,"36","36  day ahead inc hosp",2021-06-20,"quantile",0.99,278.073206900206
"28912",2021-05-15,"36","37  day ahead inc hosp",2021-06-21,"quantile",0.01,7.37790373167239
"28913",2021-05-15,"36","37  day ahead inc hosp",2021-06-21,"quantile",0.025,11.5022375469232
"28914",2021-05-15,"36","37  day ahead inc hosp",2021-06-21,"quantile",0.05,16.2583135205713
"28915",2021-05-15,"36","37  day ahead inc hosp",2021-06-21,"quantile",0.1,23.4212816573746
"28916",2021-05-15,"36","37  day ahead inc hosp",2021-06-21,"quantile",0.15,29.4403622454963
"28917",2021-05-15,"36","37  day ahead inc hosp",2021-06-21,"quantile",0.2,34.9968103120972
"28918",2021-05-15,"36","37  day ahead inc hosp",2021-06-21,"quantile",0.25,40.3604190047918
"28919",2021-05-15,"36","37  day ahead inc hosp",2021-06-21,"quantile",0.3,45.682215046354
"28920",2021-05-15,"36","37  day ahead inc hosp",2021-06-21,"quantile",0.35,51.0679664906888
"28921",2021-05-15,"36","37  day ahead inc hosp",2021-06-21,"quantile",0.4,56.6059940429961
"28922",2021-05-15,"36","37  day ahead inc hosp",2021-06-21,"quantile",0.45,62.3813864538605
"28923",2021-05-15,"36","37  day ahead inc hosp",2021-06-21,"quantile",0.5,68.4859650782325
"28924",2021-05-15,"36","37  day ahead inc hosp",2021-06-21,"quantile",0.55,75.0279890355735
"28925",2021-05-15,"36","37  day ahead inc hosp",2021-06-21,"quantile",0.6,82.1445033658029
"28926",2021-05-15,"36","37  day ahead inc hosp",2021-06-21,"quantile",0.65,90.0200840791211
"28927",2021-05-15,"36","37  day ahead inc hosp",2021-06-21,"quantile",0.7,98.9189053186024
"28928",2021-05-15,"36","37  day ahead inc hosp",2021-06-21,"quantile",0.75,109.245515863049
"28929",2021-05-15,"36","37  day ahead inc hosp",2021-06-21,"quantile",0.8,121.673924322219
"28930",2021-05-15,"36","37  day ahead inc hosp",2021-06-21,"quantile",0.85,137.466442675935
"28931",2021-05-15,"36","37  day ahead inc hosp",2021-06-21,"quantile",0.9,159.464371003648
"28932",2021-05-15,"36","37  day ahead inc hosp",2021-06-21,"quantile",0.95,196.796567554045
"28933",2021-05-15,"36","37  day ahead inc hosp",2021-06-21,"quantile",0.975,234.174875262082
"28934",2021-05-15,"36","37  day ahead inc hosp",2021-06-21,"quantile",0.99,284.061734964153
"28935",2021-05-15,"37","1  day ahead inc hosp",2021-05-16,"quantile",0.01,57.0945861528462
"28936",2021-05-15,"37","1  day ahead inc hosp",2021-05-16,"quantile",0.025,63.5223639921305
"28937",2021-05-15,"37","1  day ahead inc hosp",2021-05-16,"quantile",0.05,69.4719329718481
"28938",2021-05-15,"37","1  day ahead inc hosp",2021-05-16,"quantile",0.1,76.8394940803662
"28939",2021-05-15,"37","1  day ahead inc hosp",2021-05-16,"quantile",0.15,82.1312080635569
"28940",2021-05-15,"37","1  day ahead inc hosp",2021-05-16,"quantile",0.2,86.5281181018171
"28941",2021-05-15,"37","1  day ahead inc hosp",2021-05-16,"quantile",0.25,90.4389536257886
"28942",2021-05-15,"37","1  day ahead inc hosp",2021-05-16,"quantile",0.3,94.0626461660512
"28943",2021-05-15,"37","1  day ahead inc hosp",2021-05-16,"quantile",0.35,97.5167378499882
"28944",2021-05-15,"37","1  day ahead inc hosp",2021-05-16,"quantile",0.4,100.88147084972
"28945",2021-05-15,"37","1  day ahead inc hosp",2021-05-16,"quantile",0.45,104.219043255159
"28946",2021-05-15,"37","1  day ahead inc hosp",2021-05-16,"quantile",0.5,107.583888123337
"28947",2021-05-15,"37","1  day ahead inc hosp",2021-05-16,"quantile",0.55,111.029561489584
"28948",2021-05-15,"37","1  day ahead inc hosp",2021-05-16,"quantile",0.6,114.614859475
"28949",2021-05-15,"37","1  day ahead inc hosp",2021-05-16,"quantile",0.65,118.411090418599
"28950",2021-05-15,"37","1  day ahead inc hosp",2021-05-16,"quantile",0.7,122.512997260848
"28951",2021-05-15,"37","1  day ahead inc hosp",2021-05-16,"quantile",0.75,127.058189019156
"28952",2021-05-15,"37","1  day ahead inc hosp",2021-05-16,"quantile",0.8,132.267039003919
"28953",2021-05-15,"37","1  day ahead inc hosp",2021-05-16,"quantile",0.85,138.538909386377
"28954",2021-05-15,"37","1  day ahead inc hosp",2021-05-16,"quantile",0.9,146.74416752916
"28955",2021-05-15,"37","1  day ahead inc hosp",2021-05-16,"quantile",0.95,159.569368589328
"28956",2021-05-15,"37","1  day ahead inc hosp",2021-05-16,"quantile",0.975,171.358460640191
"28957",2021-05-15,"37","1  day ahead inc hosp",2021-05-16,"quantile",0.99,185.873922783885
"28958",2021-05-15,"37","2  day ahead inc hosp",2021-05-17,"quantile",0.01,59.6840394025855
"28959",2021-05-15,"37","2  day ahead inc hosp",2021-05-17,"quantile",0.025,67.4559477162088
"28960",2021-05-15,"37","2  day ahead inc hosp",2021-05-17,"quantile",0.05,74.726783485037
"28961",2021-05-15,"37","2  day ahead inc hosp",2021-05-17,"quantile",0.1,83.8219818375678
"28962",2021-05-15,"37","2  day ahead inc hosp",2021-05-17,"quantile",0.15,90.411028968061
"28963",2021-05-15,"37","2  day ahead inc hosp",2021-05-17,"quantile",0.2,95.9188536754084
"28964",2021-05-15,"37","2  day ahead inc hosp",2021-05-17,"quantile",0.25,100.841367929922
"28965",2021-05-15,"37","2  day ahead inc hosp",2021-05-17,"quantile",0.3,105.421239450387
"28966",2021-05-15,"37","2  day ahead inc hosp",2021-05-17,"quantile",0.35,109.802799236927
"28967",2021-05-15,"37","2  day ahead inc hosp",2021-05-17,"quantile",0.4,114.085425456225
"28968",2021-05-15,"37","2  day ahead inc hosp",2021-05-17,"quantile",0.45,118.346981818917
"28969",2021-05-15,"37","2  day ahead inc hosp",2021-05-17,"quantile",0.5,122.656452868356
"28970",2021-05-15,"37","2  day ahead inc hosp",2021-05-17,"quantile",0.55,127.082559494329
"28971",2021-05-15,"37","2  day ahead inc hosp",2021-05-17,"quantile",0.6,131.70158806168
"28972",2021-05-15,"37","2  day ahead inc hosp",2021-05-17,"quantile",0.65,136.606887618026
"28973",2021-05-15,"37","2  day ahead inc hosp",2021-05-17,"quantile",0.7,141.923311995167
"28974",2021-05-15,"37","2  day ahead inc hosp",2021-05-17,"quantile",0.75,147.833074132696
"28975",2021-05-15,"37","2  day ahead inc hosp",2021-05-17,"quantile",0.8,154.629001148532
"28976",2021-05-15,"37","2  day ahead inc hosp",2021-05-17,"quantile",0.85,162.843233064438
"28977",2021-05-15,"37","2  day ahead inc hosp",2021-05-17,"quantile",0.9,173.638516204162
"28978",2021-05-15,"37","2  day ahead inc hosp",2021-05-17,"quantile",0.95,190.615065031376
"28979",2021-05-15,"37","2  day ahead inc hosp",2021-05-17,"quantile",0.975,206.321956686843
"28980",2021-05-15,"37","2  day ahead inc hosp",2021-05-17,"quantile",0.99,225.783210283956
"28981",2021-05-15,"37","3  day ahead inc hosp",2021-05-18,"quantile",0.01,51.6046445591162
"28982",2021-05-15,"37","3  day ahead inc hosp",2021-05-18,"quantile",0.025,59.4985729145764
"28983",2021-05-15,"37","3  day ahead inc hosp",2021-05-18,"quantile",0.05,66.9836093032659
"28984",2021-05-15,"37","3  day ahead inc hosp",2021-05-18,"quantile",0.1,76.4660251189169
"28985",2021-05-15,"37","3  day ahead inc hosp",2021-05-18,"quantile",0.15,83.4094704532178
"28986",2021-05-15,"37","3  day ahead inc hosp",2021-05-18,"quantile",0.2,89.2567657161362
"28987",2021-05-15,"37","3  day ahead inc hosp",2021-05-18,"quantile",0.25,94.5136647164767
"28988",2021-05-15,"37","3  day ahead inc hosp",2021-05-18,"quantile",0.3,99.4293782185582
"28989",2021-05-15,"37","3  day ahead inc hosp",2021-05-18,"quantile",0.35,104.153399493292
"28990",2021-05-15,"37","3  day ahead inc hosp",2021-05-18,"quantile",0.4,108.789805771766
"28991",2021-05-15,"37","3  day ahead inc hosp",2021-05-18,"quantile",0.45,113.421265059968
"28992",2021-05-15,"37","3  day ahead inc hosp",2021-05-18,"quantile",0.5,118.122146214537
"28993",2021-05-15,"37","3  day ahead inc hosp",2021-05-18,"quantile",0.55,122.967660417378
"28994",2021-05-15,"37","3  day ahead inc hosp",2021-05-18,"quantile",0.6,128.042407203624
"28995",2021-05-15,"37","3  day ahead inc hosp",2021-05-18,"quantile",0.65,133.450991319301
"28996",2021-05-15,"37","3  day ahead inc hosp",2021-05-18,"quantile",0.7,139.334397882978
"28997",2021-05-15,"37","3  day ahead inc hosp",2021-05-18,"quantile",0.75,145.899515146803
"28998",2021-05-15,"37","3  day ahead inc hosp",2021-05-18,"quantile",0.8,153.480165872337
"28999",2021-05-15,"37","3  day ahead inc hosp",2021-05-18,"quantile",0.85,162.684944813993
"29000",2021-05-15,"37","3  day ahead inc hosp",2021-05-18,"quantile",0.9,174.847681919775
"29001",2021-05-15,"37","3  day ahead inc hosp",2021-05-18,"quantile",0.95,194.113454148987
"29002",2021-05-15,"37","3  day ahead inc hosp",2021-05-18,"quantile",0.975,212.075903603531
"29003",2021-05-15,"37","3  day ahead inc hosp",2021-05-18,"quantile",0.99,234.497079513844
"29004",2021-05-15,"37","4  day ahead inc hosp",2021-05-19,"quantile",0.01,40.6463624124287
"29005",2021-05-15,"37","4  day ahead inc hosp",2021-05-19,"quantile",0.025,47.9847505522832
"29006",2021-05-15,"37","4  day ahead inc hosp",2021-05-19,"quantile",0.05,55.0543344095004
"29007",2021-05-15,"37","4  day ahead inc hosp",2021-05-19,"quantile",0.1,64.1439245487363
"29008",2021-05-15,"37","4  day ahead inc hosp",2021-05-19,"quantile",0.15,70.8826996252089
"29009",2021-05-15,"37","4  day ahead inc hosp",2021-05-19,"quantile",0.2,76.6063144073831
"29010",2021-05-15,"37","4  day ahead inc hosp",2021-05-19,"quantile",0.25,81.7869968045848
"29011",2021-05-15,"37","4  day ahead inc hosp",2021-05-19,"quantile",0.3,86.659409873479
"29012",2021-05-15,"37","4  day ahead inc hosp",2021-05-19,"quantile",0.35,91.365792991638
"29013",2021-05-15,"37","4  day ahead inc hosp",2021-05-19,"quantile",0.4,96.0065067684221
"29014",2021-05-15,"37","4  day ahead inc hosp",2021-05-19,"quantile",0.45,100.662571445902
"29015",2021-05-15,"37","4  day ahead inc hosp",2021-05-19,"quantile",0.5,105.408173546569
"29016",2021-05-15,"37","4  day ahead inc hosp",2021-05-19,"quantile",0.55,110.319624247283
"29017",2021-05-15,"37","4  day ahead inc hosp",2021-05-19,"quantile",0.6,115.484010224491
"29018",2021-05-15,"37","4  day ahead inc hosp",2021-05-19,"quantile",0.65,121.01022251433
"29019",2021-05-15,"37","4  day ahead inc hosp",2021-05-19,"quantile",0.7,127.046222043099
"29020",2021-05-15,"37","4  day ahead inc hosp",2021-05-19,"quantile",0.75,133.810396484058
"29021",2021-05-15,"37","4  day ahead inc hosp",2021-05-19,"quantile",0.8,141.656628204219
"29022",2021-05-15,"37","4  day ahead inc hosp",2021-05-19,"quantile",0.85,151.232303950799
"29023",2021-05-15,"37","4  day ahead inc hosp",2021-05-19,"quantile",0.9,163.960910897905
"29024",2021-05-15,"37","4  day ahead inc hosp",2021-05-19,"quantile",0.95,184.283778870639
"29025",2021-05-15,"37","4  day ahead inc hosp",2021-05-19,"quantile",0.975,203.391572925543
"29026",2021-05-15,"37","4  day ahead inc hosp",2021-05-19,"quantile",0.99,227.434904834698
"29027",2021-05-15,"37","5  day ahead inc hosp",2021-05-20,"quantile",0.01,38.7557560216711
"29028",2021-05-15,"37","5  day ahead inc hosp",2021-05-20,"quantile",0.025,45.9993657646141
"29029",2021-05-15,"37","5  day ahead inc hosp",2021-05-20,"quantile",0.05,53.0027825050937
"29030",2021-05-15,"37","5  day ahead inc hosp",2021-05-20,"quantile",0.1,62.0373570412615
"29031",2021-05-15,"37","5  day ahead inc hosp",2021-05-20,"quantile",0.15,68.7539506613542
"29032",2021-05-15,"37","5  day ahead inc hosp",2021-05-20,"quantile",0.2,74.4696014608553
"29033",2021-05-15,"37","5  day ahead inc hosp",2021-05-20,"quantile",0.25,79.6508723741486
"29034",2021-05-15,"37","5  day ahead inc hosp",2021-05-20,"quantile",0.3,84.5300638781034
"29035",2021-05-15,"37","5  day ahead inc hosp",2021-05-20,"quantile",0.35,89.2483230701212
"29036",2021-05-15,"37","5  day ahead inc hosp",2021-05-20,"quantile",0.4,93.9055469757487
"29037",2021-05-15,"37","5  day ahead inc hosp",2021-05-20,"quantile",0.45,98.5826795408546
"29038",2021-05-15,"37","5  day ahead inc hosp",2021-05-20,"quantile",0.5,103.354130651213
"29039",2021-05-15,"37","5  day ahead inc hosp",2021-05-20,"quantile",0.55,108.296726671238
"29040",2021-05-15,"37","5  day ahead inc hosp",2021-05-20,"quantile",0.6,113.498416019322
"29041",2021-05-15,"37","5  day ahead inc hosp",2021-05-20,"quantile",0.65,119.069429534693
"29042",2021-05-15,"37","5  day ahead inc hosp",2021-05-20,"quantile",0.7,125.159806482504
"29043",2021-05-15,"37","5  day ahead inc hosp",2021-05-20,"quantile",0.75,131.991273082298
"29044",2021-05-15,"37","5  day ahead inc hosp",2021-05-20,"quantile",0.8,139.923445272458
"29045",2021-05-15,"37","5  day ahead inc hosp",2021-05-20,"quantile",0.85,149.614679484235
"29046",2021-05-15,"37","5  day ahead inc hosp",2021-05-20,"quantile",0.9,162.513594835424
"29047",2021-05-15,"37","5  day ahead inc hosp",2021-05-20,"quantile",0.95,183.143800057459
"29048",2021-05-15,"37","5  day ahead inc hosp",2021-05-20,"quantile",0.975,202.575697630051
"29049",2021-05-15,"37","5  day ahead inc hosp",2021-05-20,"quantile",0.99,227.069127023215
"29050",2021-05-15,"37","6  day ahead inc hosp",2021-05-21,"quantile",0.01,36.7359434212302
"29051",2021-05-15,"37","6  day ahead inc hosp",2021-05-21,"quantile",0.025,43.9417793975176
"29052",2021-05-15,"37","6  day ahead inc hosp",2021-05-21,"quantile",0.05,50.9448911938576
"29053",2021-05-15,"37","6  day ahead inc hosp",2021-05-21,"quantile",0.1,60.0224681253766
"29054",2021-05-15,"37","6  day ahead inc hosp",2021-05-21,"quantile",0.15,66.7979313269785
"29055",2021-05-15,"37","6  day ahead inc hosp",2021-05-21,"quantile",0.2,72.5794208848904
"29056",2021-05-15,"37","6  day ahead inc hosp",2021-05-21,"quantile",0.25,77.8316707986523
"29057",2021-05-15,"37","6  day ahead inc hosp",2021-05-21,"quantile",0.3,82.786728166639
"29058",2021-05-15,"37","6  day ahead inc hosp",2021-05-21,"quantile",0.35,87.5860817368678
"29059",2021-05-15,"37","6  day ahead inc hosp",2021-05-21,"quantile",0.4,92.33031888501
"29060",2021-05-15,"37","6  day ahead inc hosp",2021-05-21,"quantile",0.45,97.1013777688923
"29061",2021-05-15,"37","6  day ahead inc hosp",2021-05-21,"quantile",0.5,101.975009256975
"29062",2021-05-15,"37","6  day ahead inc hosp",2021-05-21,"quantile",0.55,107.029838788392
"29063",2021-05-15,"37","6  day ahead inc hosp",2021-05-21,"quantile",0.6,112.35627096334
"29064",2021-05-15,"37","6  day ahead inc hosp",2021-05-21,"quantile",0.65,118.067994417799
"29065",2021-05-15,"37","6  day ahead inc hosp",2021-05-21,"quantile",0.7,124.32012757113
"29066",2021-05-15,"37","6  day ahead inc hosp",2021-05-21,"quantile",0.75,131.342294495984
"29067",2021-05-15,"37","6  day ahead inc hosp",2021-05-21,"quantile",0.8,139.507389928643
"29068",2021-05-15,"37","6  day ahead inc hosp",2021-05-21,"quantile",0.85,149.498779747408
"29069",2021-05-15,"37","6  day ahead inc hosp",2021-05-21,"quantile",0.9,162.821590725835
"29070",2021-05-15,"37","6  day ahead inc hosp",2021-05-21,"quantile",0.95,184.181554457223
"29071",2021-05-15,"37","6  day ahead inc hosp",2021-05-21,"quantile",0.975,204.35225977316
"29072",2021-05-15,"37","6  day ahead inc hosp",2021-05-21,"quantile",0.99,229.838889734247
"29073",2021-05-15,"37","7  day ahead inc hosp",2021-05-22,"quantile",0.01,34.404333029251
"29074",2021-05-15,"37","7  day ahead inc hosp",2021-05-22,"quantile",0.025,41.5087483264601
"29075",2021-05-15,"37","7  day ahead inc hosp",2021-05-22,"quantile",0.05,48.4530464703485
"29076",2021-05-15,"37","7  day ahead inc hosp",2021-05-22,"quantile",0.1,57.5021175658373
"29077",2021-05-15,"37","7  day ahead inc hosp",2021-05-22,"quantile",0.15,64.2859234428495
"29078",2021-05-15,"37","7  day ahead inc hosp",2021-05-22,"quantile",0.2,70.09187981973
"29079",2021-05-15,"37","7  day ahead inc hosp",2021-05-22,"quantile",0.25,75.3788138766853
"29080",2021-05-15,"37","7  day ahead inc hosp",2021-05-22,"quantile",0.3,80.3765521208855
"29081",2021-05-15,"37","7  day ahead inc hosp",2021-05-22,"quantile",0.35,85.2257814403993
"29082",2021-05-15,"37","7  day ahead inc hosp",2021-05-22,"quantile",0.4,90.0270193912531
"29083",2021-05-15,"37","7  day ahead inc hosp",2021-05-22,"quantile",0.45,94.8626313972136
"29084",2021-05-15,"37","7  day ahead inc hosp",2021-05-22,"quantile",0.5,99.8092371437109
"29085",2021-05-15,"37","7  day ahead inc hosp",2021-05-22,"quantile",0.55,104.946821917336
"29086",2021-05-15,"37","7  day ahead inc hosp",2021-05-22,"quantile",0.6,110.367790510807
"29087",2021-05-15,"37","7  day ahead inc hosp",2021-05-22,"quantile",0.65,116.18876331757
"29088",2021-05-15,"37","7  day ahead inc hosp",2021-05-22,"quantile",0.7,122.569267487288
"29089",2021-05-15,"37","7  day ahead inc hosp",2021-05-22,"quantile",0.75,129.745883520356
"29090",2021-05-15,"37","7  day ahead inc hosp",2021-05-22,"quantile",0.8,138.103319420388
"29091",2021-05-15,"37","7  day ahead inc hosp",2021-05-22,"quantile",0.85,148.347363319655
"29092",2021-05-15,"37","7  day ahead inc hosp",2021-05-22,"quantile",0.9,162.034168524146
"29093",2021-05-15,"37","7  day ahead inc hosp",2021-05-22,"quantile",0.95,184.03531352068
"29094",2021-05-15,"37","7  day ahead inc hosp",2021-05-22,"quantile",0.975,204.868761274469
"29095",2021-05-15,"37","7  day ahead inc hosp",2021-05-22,"quantile",0.99,231.261829959514
"29096",2021-05-15,"37","8  day ahead inc hosp",2021-05-23,"quantile",0.01,32.6762162606072
"29097",2021-05-15,"37","8  day ahead inc hosp",2021-05-23,"quantile",0.025,39.7365265264992
"29098",2021-05-15,"37","8  day ahead inc hosp",2021-05-23,"quantile",0.05,46.6740877291077
"29099",2021-05-15,"37","8  day ahead inc hosp",2021-05-23,"quantile",0.1,55.7581163483956
"29100",2021-05-15,"37","8  day ahead inc hosp",2021-05-23,"quantile",0.15,62.5952868099328
"29101",2021-05-15,"37","8  day ahead inc hosp",2021-05-23,"quantile",0.2,68.4628290094806
"29102",2021-05-15,"37","8  day ahead inc hosp",2021-05-23,"quantile",0.25,73.8172754844105
"29103",2021-05-15,"37","8  day ahead inc hosp",2021-05-23,"quantile",0.3,78.8879769267951
"29104",2021-05-15,"37","8  day ahead inc hosp",2021-05-23,"quantile",0.35,83.8158414765284
"29105",2021-05-15,"37","8  day ahead inc hosp",2021-05-23,"quantile",0.4,88.7020093909516
"29106",2021-05-15,"37","8  day ahead inc hosp",2021-05-23,"quantile",0.45,93.6298050047654
"29107",2021-05-15,"37","8  day ahead inc hosp",2021-05-23,"quantile",0.5,98.677177347008
"29108",2021-05-15,"37","8  day ahead inc hosp",2021-05-23,"quantile",0.55,103.925920239995
"29109",2021-05-15,"37","8  day ahead inc hosp",2021-05-23,"quantile",0.6,109.470927213838
"29110",2021-05-15,"37","8  day ahead inc hosp",2021-05-23,"quantile",0.65,115.432339334632
"29111",2021-05-15,"37","8  day ahead inc hosp",2021-05-23,"quantile",0.7,121.974871862572
"29112",2021-05-15,"37","8  day ahead inc hosp",2021-05-23,"quantile",0.75,129.343191287846
"29113",2021-05-15,"37","8  day ahead inc hosp",2021-05-23,"quantile",0.8,137.935626299343
"29114",2021-05-15,"37","8  day ahead inc hosp",2021-05-23,"quantile",0.85,148.483663168208
"29115",2021-05-15,"37","8  day ahead inc hosp",2021-05-23,"quantile",0.9,162.601628132277
"29116",2021-05-15,"37","8  day ahead inc hosp",2021-05-23,"quantile",0.95,185.34905066624
"29117",2021-05-15,"37","8  day ahead inc hosp",2021-05-23,"quantile",0.975,206.94208455371
"29118",2021-05-15,"37","8  day ahead inc hosp",2021-05-23,"quantile",0.99,234.361284808613
"29119",2021-05-15,"37","9  day ahead inc hosp",2021-05-24,"quantile",0.01,41.2706958038278
"29120",2021-05-15,"37","9  day ahead inc hosp",2021-05-24,"quantile",0.025,50.0366628207289
"29121",2021-05-15,"37","9  day ahead inc hosp",2021-05-24,"quantile",0.05,58.6329481089247
"29122",2021-05-15,"37","9  day ahead inc hosp",2021-05-24,"quantile",0.1,69.86819579174
"29123",2021-05-15,"37","9  day ahead inc hosp",2021-05-24,"quantile",0.15,78.3116785638347
"29124",2021-05-15,"37","9  day ahead inc hosp",2021-05-24,"quantile",0.2,85.5502371521167
"29125",2021-05-15,"37","9  day ahead inc hosp",2021-05-24,"quantile",0.25,92.1504356040257
"29126",2021-05-15,"37","9  day ahead inc hosp",2021-05-24,"quantile",0.3,98.3965810682572
"29127",2021-05-15,"37","9  day ahead inc hosp",2021-05-24,"quantile",0.35,104.463101945737
"29128",2021-05-15,"37","9  day ahead inc hosp",2021-05-24,"quantile",0.4,110.474977973253
"29129",2021-05-15,"37","9  day ahead inc hosp",2021-05-24,"quantile",0.45,116.534961502311
"29130",2021-05-15,"37","9  day ahead inc hosp",2021-05-24,"quantile",0.5,122.738970502993
"29131",2021-05-15,"37","9  day ahead inc hosp",2021-05-24,"quantile",0.55,129.187457084617
"29132",2021-05-15,"37","9  day ahead inc hosp",2021-05-24,"quantile",0.6,135.996775229023
"29133",2021-05-15,"37","9  day ahead inc hosp",2021-05-24,"quantile",0.65,143.314060011625
"29134",2021-05-15,"37","9  day ahead inc hosp",2021-05-24,"quantile",0.7,151.340863616707
"29135",2021-05-15,"37","9  day ahead inc hosp",2021-05-24,"quantile",0.75,160.376388522633
"29136",2021-05-15,"37","9  day ahead inc hosp",2021-05-24,"quantile",0.8,170.907532472151
"29137",2021-05-15,"37","9  day ahead inc hosp",2021-05-24,"quantile",0.85,183.828100824441
"29138",2021-05-15,"37","9  day ahead inc hosp",2021-05-24,"quantile",0.9,201.109943935676
"29139",2021-05-15,"37","9  day ahead inc hosp",2021-05-24,"quantile",0.95,228.930420047306
"29140",2021-05-15,"37","9  day ahead inc hosp",2021-05-24,"quantile",0.975,255.314513890528
"29141",2021-05-15,"37","9  day ahead inc hosp",2021-05-24,"quantile",0.99,288.787912344704
"29142",2021-05-15,"37","10  day ahead inc hosp",2021-05-25,"quantile",0.01,35.0301476976664
"29143",2021-05-15,"37","10  day ahead inc hosp",2021-05-25,"quantile",0.025,43.1247307010911
"29144",2021-05-15,"37","10  day ahead inc hosp",2021-05-25,"quantile",0.05,51.1435811946807
"29145",2021-05-15,"37","10  day ahead inc hosp",2021-05-25,"quantile",0.1,61.7218773385689
"29146",2021-05-15,"37","10  day ahead inc hosp",2021-05-25,"quantile",0.15,69.7325347927767
"29147",2021-05-15,"37","10  day ahead inc hosp",2021-05-25,"quantile",0.2,76.6357987362541
"29148",2021-05-15,"37","10  day ahead inc hosp",2021-05-25,"quantile",0.25,82.9560118485459
"29149",2021-05-15,"37","10  day ahead inc hosp",2021-05-25,"quantile",0.3,88.9578101227016
"29150",2021-05-15,"37","10  day ahead inc hosp",2021-05-25,"quantile",0.35,94.8047134649568
"29151",2021-05-15,"37","10  day ahead inc hosp",2021-05-25,"quantile",0.4,100.614939744625
"29152",2021-05-15,"37","10  day ahead inc hosp",2021-05-25,"quantile",0.45,106.486699922711
"29153",2021-05-15,"37","10  day ahead inc hosp",2021-05-25,"quantile",0.5,112.51266337581
"29154",2021-05-15,"37","10  day ahead inc hosp",2021-05-25,"quantile",0.55,118.790831478601
"29155",2021-05-15,"37","10  day ahead inc hosp",2021-05-25,"quantile",0.6,125.43562097522
"29156",2021-05-15,"37","10  day ahead inc hosp",2021-05-25,"quantile",0.65,132.592573550803
"29157",2021-05-15,"37","10  day ahead inc hosp",2021-05-25,"quantile",0.7,140.461898126851
"29158",2021-05-15,"37","10  day ahead inc hosp",2021-05-25,"quantile",0.75,149.341688966193
"29159",2021-05-15,"37","10  day ahead inc hosp",2021-05-25,"quantile",0.8,159.718110677525
"29160",2021-05-15,"37","10  day ahead inc hosp",2021-05-25,"quantile",0.85,172.485239830731
"29161",2021-05-15,"37","10  day ahead inc hosp",2021-05-25,"quantile",0.9,189.618989353136
"29162",2021-05-15,"37","10  day ahead inc hosp",2021-05-25,"quantile",0.95,217.32286941932
"29163",2021-05-15,"37","10  day ahead inc hosp",2021-05-25,"quantile",0.975,243.71776057204
"29164",2021-05-15,"37","10  day ahead inc hosp",2021-05-25,"quantile",0.99,277.351574088644
"29165",2021-05-15,"37","11  day ahead inc hosp",2021-05-26,"quantile",0.01,33.0270591276375
"29166",2021-05-15,"37","11  day ahead inc hosp",2021-05-26,"quantile",0.025,41.0715057238203
"29167",2021-05-15,"37","11  day ahead inc hosp",2021-05-26,"quantile",0.05,49.0941306488709
"29168",2021-05-15,"37","11  day ahead inc hosp",2021-05-26,"quantile",0.1,59.7419912413452
"29169",2021-05-15,"37","11  day ahead inc hosp",2021-05-26,"quantile",0.15,67.8455427575714
"29170",2021-05-15,"37","11  day ahead inc hosp",2021-05-26,"quantile",0.2,74.8524727898515
"29171",2021-05-15,"37","11  day ahead inc hosp",2021-05-26,"quantile",0.25,81.2845907863098
"29172",2021-05-15,"37","11  day ahead inc hosp",2021-05-26,"quantile",0.3,87.4062705307523
"29173",2021-05-15,"37","11  day ahead inc hosp",2021-05-26,"quantile",0.35,93.3816518148615
"29174",2021-05-15,"37","11  day ahead inc hosp",2021-05-26,"quantile",0.4,99.3301107190425
"29175",2021-05-15,"37","11  day ahead inc hosp",2021-05-26,"quantile",0.45,105.351502616568
"29176",2021-05-15,"37","11  day ahead inc hosp",2021-05-26,"quantile",0.5,111.540707433727
"29177",2021-05-15,"37","11  day ahead inc hosp",2021-05-26,"quantile",0.55,117.998691686395
"29178",2021-05-15,"37","11  day ahead inc hosp",2021-05-26,"quantile",0.6,124.843923888815
"29179",2021-05-15,"37","11  day ahead inc hosp",2021-05-26,"quantile",0.65,132.227657148969
"29180",2021-05-15,"37","11  day ahead inc hosp",2021-05-26,"quantile",0.7,140.358502177382
"29181",2021-05-15,"37","11  day ahead inc hosp",2021-05-26,"quantile",0.75,149.547638391149
"29182",2021-05-15,"37","11  day ahead inc hosp",2021-05-26,"quantile",0.8,160.303269127162
"29183",2021-05-15,"37","11  day ahead inc hosp",2021-05-26,"quantile",0.85,173.561062013914
"29184",2021-05-15,"37","11  day ahead inc hosp",2021-05-26,"quantile",0.9,191.391133562522
"29185",2021-05-15,"37","11  day ahead inc hosp",2021-05-26,"quantile",0.95,220.301656258416
"29186",2021-05-15,"37","11  day ahead inc hosp",2021-05-26,"quantile",0.975,247.926659596351
"29187",2021-05-15,"37","11  day ahead inc hosp",2021-05-26,"quantile",0.99,283.225275687842
"29188",2021-05-15,"37","12  day ahead inc hosp",2021-05-27,"quantile",0.01,31.7005950774663
"29189",2021-05-15,"37","12  day ahead inc hosp",2021-05-27,"quantile",0.025,39.7835175520447
"29190",2021-05-15,"37","12  day ahead inc hosp",2021-05-27,"quantile",0.05,47.8932464973888
"29191",2021-05-15,"37","12  day ahead inc hosp",2021-05-27,"quantile",0.1,58.7157031709507
"29192",2021-05-15,"37","12  day ahead inc hosp",2021-05-27,"quantile",0.15,66.9888842746405
"29193",2021-05-15,"37","12  day ahead inc hosp",2021-05-27,"quantile",0.2,74.1640793658181
"29194",2021-05-15,"37","12  day ahead inc hosp",2021-05-27,"quantile",0.25,80.7662046865211
"29195",2021-05-15,"37","12  day ahead inc hosp",2021-05-27,"quantile",0.3,87.0621460271347
"29196",2021-05-15,"37","12  day ahead inc hosp",2021-05-27,"quantile",0.35,93.2183274965284
"29197",2021-05-15,"37","12  day ahead inc hosp",2021-05-27,"quantile",0.4,99.3564446463444
"29198",2021-05-15,"37","12  day ahead inc hosp",2021-05-27,"quantile",0.45,105.578923422998
"29199",2021-05-15,"37","12  day ahead inc hosp",2021-05-27,"quantile",0.5,111.983692163056
"29200",2021-05-15,"37","12  day ahead inc hosp",2021-05-27,"quantile",0.55,118.675535214717
"29201",2021-05-15,"37","12  day ahead inc hosp",2021-05-27,"quantile",0.6,125.777937864189
"29202",2021-05-15,"37","12  day ahead inc hosp",2021-05-27,"quantile",0.65,133.449064287759
"29203",2021-05-15,"37","12  day ahead inc hosp",2021-05-27,"quantile",0.7,141.907551246866
"29204",2021-05-15,"37","12  day ahead inc hosp",2021-05-27,"quantile",0.75,151.480056152954
"29205",2021-05-15,"37","12  day ahead inc hosp",2021-05-27,"quantile",0.8,162.700695744563
"29206",2021-05-15,"37","12  day ahead inc hosp",2021-05-27,"quantile",0.85,176.553817906633
"29207",2021-05-15,"37","12  day ahead inc hosp",2021-05-27,"quantile",0.9,195.219343532723
"29208",2021-05-15,"37","12  day ahead inc hosp",2021-05-27,"quantile",0.95,225.558866121402
"29209",2021-05-15,"37","12  day ahead inc hosp",2021-05-27,"quantile",0.975,254.623486179497
"29210",2021-05-15,"37","12  day ahead inc hosp",2021-05-27,"quantile",0.99,291.8513552154
"29211",2021-05-15,"37","13  day ahead inc hosp",2021-05-28,"quantile",0.01,29.8582774571264
"29212",2021-05-15,"37","13  day ahead inc hosp",2021-05-28,"quantile",0.025,37.8226285892533
"29213",2021-05-15,"37","13  day ahead inc hosp",2021-05-28,"quantile",0.05,45.8626394357376
"29214",2021-05-15,"37","13  day ahead inc hosp",2021-05-28,"quantile",0.1,56.6517818526992
"29215",2021-05-15,"37","13  day ahead inc hosp",2021-05-28,"quantile",0.15,64.9367421138703
"29216",2021-05-15,"37","13  day ahead inc hosp",2021-05-28,"quantile",0.2,72.1440485580371
"29217",2021-05-15,"37","13  day ahead inc hosp",2021-05-28,"quantile",0.25,78.7914957059713
"29218",2021-05-15,"37","13  day ahead inc hosp",2021-05-28,"quantile",0.3,85.143307389811
"29219",2021-05-15,"37","13  day ahead inc hosp",2021-05-28,"quantile",0.35,91.3649917737021
"29220",2021-05-15,"37","13  day ahead inc hosp",2021-05-28,"quantile",0.4,97.5782503495111
"29221",2021-05-15,"37","13  day ahead inc hosp",2021-05-28,"quantile",0.45,103.886159548988
"29222",2021-05-15,"37","13  day ahead inc hosp",2021-05-28,"quantile",0.5,110.387887401468
"29223",2021-05-15,"37","13  day ahead inc hosp",2021-05-28,"quantile",0.55,117.190127106298
"29224",2021-05-15,"37","13  day ahead inc hosp",2021-05-28,"quantile",0.6,124.419156419921
"29225",2021-05-15,"37","13  day ahead inc hosp",2021-05-28,"quantile",0.65,132.237226353296
"29226",2021-05-15,"37","13  day ahead inc hosp",2021-05-28,"quantile",0.7,140.869120955135
"29227",2021-05-15,"37","13  day ahead inc hosp",2021-05-28,"quantile",0.75,150.65120899309
"29228",2021-05-15,"37","13  day ahead inc hosp",2021-05-28,"quantile",0.8,162.134129206095
"29229",2021-05-15,"37","13  day ahead inc hosp",2021-05-28,"quantile",0.85,176.333664810474
"29230",2021-05-15,"37","13  day ahead inc hosp",2021-05-28,"quantile",0.9,195.501498556478
"29231",2021-05-15,"37","13  day ahead inc hosp",2021-05-28,"quantile",0.95,226.733513092918
"29232",2021-05-15,"37","13  day ahead inc hosp",2021-05-28,"quantile",0.975,256.72899980222
"29233",2021-05-15,"37","13  day ahead inc hosp",2021-05-28,"quantile",0.99,295.241084028414
"29234",2021-05-15,"37","14  day ahead inc hosp",2021-05-29,"quantile",0.01,24.1221440775237
"29235",2021-05-15,"37","14  day ahead inc hosp",2021-05-29,"quantile",0.025,31.1326419787588
"29236",2021-05-15,"37","14  day ahead inc hosp",2021-05-29,"quantile",0.05,38.2970457979217
"29237",2021-05-15,"37","14  day ahead inc hosp",2021-05-29,"quantile",0.1,48.0176856593535
"29238",2021-05-15,"37","14  day ahead inc hosp",2021-05-29,"quantile",0.15,55.5488315104724
"29239",2021-05-15,"37","14  day ahead inc hosp",2021-05-29,"quantile",0.2,62.1397021616781
"29240",2021-05-15,"37","14  day ahead inc hosp",2021-05-29,"quantile",0.25,68.24699974306
"29241",2021-05-15,"37","14  day ahead inc hosp",2021-05-29,"quantile",0.3,74.105505008845
"29242",2021-05-15,"37","14  day ahead inc hosp",2021-05-29,"quantile",0.35,79.8636368469971
"29243",2021-05-15,"37","14  day ahead inc hosp",2021-05-29,"quantile",0.4,85.6317626265086
"29244",2021-05-15,"37","14  day ahead inc hosp",2021-05-29,"quantile",0.45,91.504534205159
"29245",2021-05-15,"37","14  day ahead inc hosp",2021-05-29,"quantile",0.5,97.574135058566
"29246",2021-05-15,"37","14  day ahead inc hosp",2021-05-29,"quantile",0.55,103.940796002037
"29247",2021-05-15,"37","14  day ahead inc hosp",2021-05-29,"quantile",0.6,110.724124007781
"29248",2021-05-15,"37","14  day ahead inc hosp",2021-05-29,"quantile",0.65,118.078716266967
"29249",2021-05-15,"37","14  day ahead inc hosp",2021-05-29,"quantile",0.7,126.219648868738
"29250",2021-05-15,"37","14  day ahead inc hosp",2021-05-29,"quantile",0.75,135.469714208468
"29251",2021-05-15,"37","14  day ahead inc hosp",2021-05-29,"quantile",0.8,146.358492790899
"29252",2021-05-15,"37","14  day ahead inc hosp",2021-05-29,"quantile",0.85,159.864722687998
"29253",2021-05-15,"37","14  day ahead inc hosp",2021-05-29,"quantile",0.9,178.161916196771
"29254",2021-05-15,"37","14  day ahead inc hosp",2021-05-29,"quantile",0.95,208.115161010334
"29255",2021-05-15,"37","14  day ahead inc hosp",2021-05-29,"quantile",0.975,237.022391127797
"29256",2021-05-15,"37","14  day ahead inc hosp",2021-05-29,"quantile",0.99,274.307053655663
"29257",2021-05-15,"37","15  day ahead inc hosp",2021-05-30,"quantile",0.01,26.1584165399925
"29258",2021-05-15,"37","15  day ahead inc hosp",2021-05-30,"quantile",0.025,33.7841700249728
"29259",2021-05-15,"37","15  day ahead inc hosp",2021-05-30,"quantile",0.05,41.5808823985133
"29260",2021-05-15,"37","15  day ahead inc hosp",2021-05-30,"quantile",0.1,52.1637446012753
"29261",2021-05-15,"37","15  day ahead inc hosp",2021-05-30,"quantile",0.15,60.365590014507
"29262",2021-05-15,"37","15  day ahead inc hosp",2021-05-30,"quantile",0.2,67.5450005059349
"29263",2021-05-15,"37","15  day ahead inc hosp",2021-05-30,"quantile",0.25,74.1987938384979
"29264",2021-05-15,"37","15  day ahead inc hosp",2021-05-30,"quantile",0.3,80.582444485849
"29265",2021-05-15,"37","15  day ahead inc hosp",2021-05-30,"quantile",0.35,86.8575086878039
"29266",2021-05-15,"37","15  day ahead inc hosp",2021-05-30,"quantile",0.4,93.1441733992879
"29267",2021-05-15,"37","15  day ahead inc hosp",2021-05-30,"quantile",0.45,99.5455594655844
"29268",2021-05-15,"37","15  day ahead inc hosp",2021-05-30,"quantile",0.5,106.162143444531
"29269",2021-05-15,"37","15  day ahead inc hosp",2021-05-30,"quantile",0.55,113.103214956541
"29270",2021-05-15,"37","15  day ahead inc hosp",2021-05-30,"quantile",0.6,120.499229449634
"29271",2021-05-15,"37","15  day ahead inc hosp",2021-05-30,"quantile",0.65,128.5188420961
"29272",2021-05-15,"37","15  day ahead inc hosp",2021-05-30,"quantile",0.7,137.396721385822
"29273",2021-05-15,"37","15  day ahead inc hosp",2021-05-30,"quantile",0.75,147.485101568981
"29274",2021-05-15,"37","15  day ahead inc hosp",2021-05-30,"quantile",0.8,159.361911622932
"29275",2021-05-15,"37","15  day ahead inc hosp",2021-05-30,"quantile",0.85,174.095314817529
"29276",2021-05-15,"37","15  day ahead inc hosp",2021-05-30,"quantile",0.9,194.05756767309
"29277",2021-05-15,"37","15  day ahead inc hosp",2021-05-30,"quantile",0.95,226.742108211599
"29278",2021-05-15,"37","15  day ahead inc hosp",2021-05-30,"quantile",0.975,258.290772135822
"29279",2021-05-15,"37","15  day ahead inc hosp",2021-05-30,"quantile",0.99,298.989057017326
"29280",2021-05-15,"37","16  day ahead inc hosp",2021-05-31,"quantile",0.01,30.6811334946378
"29281",2021-05-15,"37","16  day ahead inc hosp",2021-05-31,"quantile",0.025,39.4556127895898
"29282",2021-05-15,"37","16  day ahead inc hosp",2021-05-31,"quantile",0.05,48.4016116625918
"29283",2021-05-15,"37","16  day ahead inc hosp",2021-05-31,"quantile",0.1,60.5139099334792
"29284",2021-05-15,"37","16  day ahead inc hosp",2021-05-31,"quantile",0.15,69.8820745499344
"29285",2021-05-15,"37","16  day ahead inc hosp",2021-05-31,"quantile",0.2,78.0712546366781
"29286",2021-05-15,"37","16  day ahead inc hosp",2021-05-31,"quantile",0.25,85.6528583407803
"29287",2021-05-15,"37","16  day ahead inc hosp",2021-05-31,"quantile",0.3,92.9202120402024
"29288",2021-05-15,"37","16  day ahead inc hosp",2021-05-31,"quantile",0.35,100.058415166726
"29289",2021-05-15,"37","16  day ahead inc hosp",2021-05-31,"quantile",0.4,107.20481322813
"29290",2021-05-15,"37","16  day ahead inc hosp",2021-05-31,"quantile",0.45,114.476912835589
"29291",2021-05-15,"37","16  day ahead inc hosp",2021-05-31,"quantile",0.5,121.988890305906
"29292",2021-05-15,"37","16  day ahead inc hosp",2021-05-31,"quantile",0.55,129.864642273964
"29293",2021-05-15,"37","16  day ahead inc hosp",2021-05-31,"quantile",0.6,138.251789143122
"29294",2021-05-15,"37","16  day ahead inc hosp",2021-05-31,"quantile",0.65,147.340924826474
"29295",2021-05-15,"37","16  day ahead inc hosp",2021-05-31,"quantile",0.7,157.396998113528
"29296",2021-05-15,"37","16  day ahead inc hosp",2021-05-31,"quantile",0.75,168.81743338377
"29297",2021-05-15,"37","16  day ahead inc hosp",2021-05-31,"quantile",0.8,182.253985880043
"29298",2021-05-15,"37","16  day ahead inc hosp",2021-05-31,"quantile",0.85,198.910774305767
"29299",2021-05-15,"37","16  day ahead inc hosp",2021-05-31,"quantile",0.9,221.460908520071
"29300",2021-05-15,"37","16  day ahead inc hosp",2021-05-31,"quantile",0.95,258.343869747329
"29301",2021-05-15,"37","16  day ahead inc hosp",2021-05-31,"quantile",0.975,293.906364038554
"29302",2021-05-15,"37","16  day ahead inc hosp",2021-05-31,"quantile",0.99,339.735699576205
"29303",2021-05-15,"37","17  day ahead inc hosp",2021-06-01,"quantile",0.01,28.0808547597047
"29304",2021-05-15,"37","17  day ahead inc hosp",2021-06-01,"quantile",0.025,36.5135357887197
"29305",2021-05-15,"37","17  day ahead inc hosp",2021-06-01,"quantile",0.05,45.1735523920041
"29306",2021-05-15,"37","17  day ahead inc hosp",2021-06-01,"quantile",0.1,56.9748633561984
"29307",2021-05-15,"37","17  day ahead inc hosp",2021-06-01,"quantile",0.15,66.1501601897242
"29308",2021-05-15,"37","17  day ahead inc hosp",2021-06-01,"quantile",0.2,74.1988238406637
"29309",2021-05-15,"37","17  day ahead inc hosp",2021-06-01,"quantile",0.25,81.6706041385474
"29310",2021-05-15,"37","17  day ahead inc hosp",2021-06-01,"quantile",0.3,88.8489663744326
"29311",2021-05-15,"37","17  day ahead inc hosp",2021-06-01,"quantile",0.35,95.9137727443436
"29312",2021-05-15,"37","17  day ahead inc hosp",2021-06-01,"quantile",0.4,102.999377482652
"29313",2021-05-15,"37","17  day ahead inc hosp",2021-06-01,"quantile",0.45,110.221576358569
"29314",2021-05-15,"37","17  day ahead inc hosp",2021-06-01,"quantile",0.5,117.693686022547
"29315",2021-05-15,"37","17  day ahead inc hosp",2021-06-01,"quantile",0.55,125.539417873722
"29316",2021-05-15,"37","17  day ahead inc hosp",2021-06-01,"quantile",0.6,133.906861744135
"29317",2021-05-15,"37","17  day ahead inc hosp",2021-06-01,"quantile",0.65,142.987862151123
"29318",2021-05-15,"37","17  day ahead inc hosp",2021-06-01,"quantile",0.7,153.04973454873
"29319",2021-05-15,"37","17  day ahead inc hosp",2021-06-01,"quantile",0.75,164.494120568528
"29320",2021-05-15,"37","17  day ahead inc hosp",2021-06-01,"quantile",0.8,177.980512788873
"29321",2021-05-15,"37","17  day ahead inc hosp",2021-06-01,"quantile",0.85,194.728599322515
"29322",2021-05-15,"37","17  day ahead inc hosp",2021-06-01,"quantile",0.9,217.448859520188
"29323",2021-05-15,"37","17  day ahead inc hosp",2021-06-01,"quantile",0.95,254.709844891728
"29324",2021-05-15,"37","17  day ahead inc hosp",2021-06-01,"quantile",0.975,290.736604454235
"29325",2021-05-15,"37","17  day ahead inc hosp",2021-06-01,"quantile",0.99,337.285355705984
"29326",2021-05-15,"37","18  day ahead inc hosp",2021-06-02,"quantile",0.01,24.8512936439504
"29327",2021-05-15,"37","18  day ahead inc hosp",2021-06-02,"quantile",0.025,32.7550654108232
"29328",2021-05-15,"37","18  day ahead inc hosp",2021-06-02,"quantile",0.05,40.9440070320426
"29329",2021-05-15,"37","18  day ahead inc hosp",2021-06-02,"quantile",0.1,52.1915624451771
"29330",2021-05-15,"37","18  day ahead inc hosp",2021-06-02,"quantile",0.15,60.9915797989124
"29331",2021-05-15,"37","18  day ahead inc hosp",2021-06-02,"quantile",0.2,68.7436411078536
"29332",2021-05-15,"37","18  day ahead inc hosp",2021-06-02,"quantile",0.25,75.9636331275862
"29333",2021-05-15,"37","18  day ahead inc hosp",2021-06-02,"quantile",0.3,82.9190337505026
"29334",2021-05-15,"37","18  day ahead inc hosp",2021-06-02,"quantile",0.35,89.7807217010263
"29335",2021-05-15,"37","18  day ahead inc hosp",2021-06-02,"quantile",0.4,96.6773945208315
"29336",2021-05-15,"37","18  day ahead inc hosp",2021-06-02,"quantile",0.45,103.720968366754
"29337",2021-05-15,"37","18  day ahead inc hosp",2021-06-02,"quantile",0.5,111.021900699458
"29338",2021-05-15,"37","18  day ahead inc hosp",2021-06-02,"quantile",0.55,118.70164999139
"29339",2021-05-15,"37","18  day ahead inc hosp",2021-06-02,"quantile",0.6,126.906407668206
"29340",2021-05-15,"37","18  day ahead inc hosp",2021-06-02,"quantile",0.65,135.826302920433
"29341",2021-05-15,"37","18  day ahead inc hosp",2021-06-02,"quantile",0.7,145.726986045717
"29342",2021-05-15,"37","18  day ahead inc hosp",2021-06-02,"quantile",0.75,157.008368459764
"29343",2021-05-15,"37","18  day ahead inc hosp",2021-06-02,"quantile",0.8,170.328055623163
"29344",2021-05-15,"37","18  day ahead inc hosp",2021-06-02,"quantile",0.85,186.903734467123
"29345",2021-05-15,"37","18  day ahead inc hosp",2021-06-02,"quantile",0.9,209.444732420582
"29346",2021-05-15,"37","18  day ahead inc hosp",2021-06-02,"quantile",0.95,246.529031640771
"29347",2021-05-15,"37","18  day ahead inc hosp",2021-06-02,"quantile",0.975,282.502399721989
"29348",2021-05-15,"37","18  day ahead inc hosp",2021-06-02,"quantile",0.99,329.124905388739
"29349",2021-05-15,"37","19  day ahead inc hosp",2021-06-03,"quantile",0.01,23.3404643097033
"29350",2021-05-15,"37","19  day ahead inc hosp",2021-06-03,"quantile",0.025,31.0701767983707
"29351",2021-05-15,"37","19  day ahead inc hosp",2021-06-03,"quantile",0.05,39.1305869654877
"29352",2021-05-15,"37","19  day ahead inc hosp",2021-06-03,"quantile",0.1,50.2650487996523
"29353",2021-05-15,"37","19  day ahead inc hosp",2021-06-03,"quantile",0.15,59.0163295540636
"29354",2021-05-15,"37","19  day ahead inc hosp",2021-06-03,"quantile",0.2,66.7489041539467
"29355",2021-05-15,"37","19  day ahead inc hosp",2021-06-03,"quantile",0.25,73.9676919759985
"29356",2021-05-15,"37","19  day ahead inc hosp",2021-06-03,"quantile",0.3,80.9355592723791
"29357",2021-05-15,"37","19  day ahead inc hosp",2021-06-03,"quantile",0.35,87.8212880279489
"29358",2021-05-15,"37","19  day ahead inc hosp",2021-06-03,"quantile",0.4,94.7527663685829
"29359",2021-05-15,"37","19  day ahead inc hosp",2021-06-03,"quantile",0.45,101.841930114385
"29360",2021-05-15,"37","19  day ahead inc hosp",2021-06-03,"quantile",0.5,109.199932649067
"29361",2021-05-15,"37","19  day ahead inc hosp",2021-06-03,"quantile",0.55,116.949620331075
"29362",2021-05-15,"37","19  day ahead inc hosp",2021-06-03,"quantile",0.6,125.239424477295
"29363",2021-05-15,"37","19  day ahead inc hosp",2021-06-03,"quantile",0.65,134.262916177569
"29364",2021-05-15,"37","19  day ahead inc hosp",2021-06-03,"quantile",0.7,144.291069616235
"29365",2021-05-15,"37","19  day ahead inc hosp",2021-06-03,"quantile",0.75,155.732359632376
"29366",2021-05-15,"37","19  day ahead inc hosp",2021-06-03,"quantile",0.8,169.259154075832
"29367",2021-05-15,"37","19  day ahead inc hosp",2021-06-03,"quantile",0.85,186.117543478071
"29368",2021-05-15,"37","19  day ahead inc hosp",2021-06-03,"quantile",0.9,209.082427820762
"29369",2021-05-15,"37","19  day ahead inc hosp",2021-06-03,"quantile",0.95,246.948850758065
"29370",2021-05-15,"37","19  day ahead inc hosp",2021-06-03,"quantile",0.975,283.765790619857
"29371",2021-05-15,"37","19  day ahead inc hosp",2021-06-03,"quantile",0.99,331.58479376924
"29372",2021-05-15,"37","20  day ahead inc hosp",2021-06-04,"quantile",0.01,21.6011488054944
"29373",2021-05-15,"37","20  day ahead inc hosp",2021-06-04,"quantile",0.025,29.0744138849736
"29374",2021-05-15,"37","20  day ahead inc hosp",2021-06-04,"quantile",0.05,36.9234887102819
"29375",2021-05-15,"37","20  day ahead inc hosp",2021-06-04,"quantile",0.1,47.8348585047991
"29376",2021-05-15,"37","20  day ahead inc hosp",2021-06-04,"quantile",0.15,56.4539772223193
"29377",2021-05-15,"37","20  day ahead inc hosp",2021-06-04,"quantile",0.2,64.0952690556799
"29378",2021-05-15,"37","20  day ahead inc hosp",2021-06-04,"quantile",0.25,71.2472794383309
"29379",2021-05-15,"37","20  day ahead inc hosp",2021-06-04,"quantile",0.3,78.1655296207606
"29380",2021-05-15,"37","20  day ahead inc hosp",2021-06-04,"quantile",0.35,85.0150208774448
"29381",2021-05-15,"37","20  day ahead inc hosp",2021-06-04,"quantile",0.4,91.9216236658712
"29382",2021-05-15,"37","20  day ahead inc hosp",2021-06-04,"quantile",0.45,98.9963012721672
"29383",2021-05-15,"37","20  day ahead inc hosp",2021-06-04,"quantile",0.5,106.349979814006
"29384",2021-05-15,"37","20  day ahead inc hosp",2021-06-04,"quantile",0.55,114.105931084137
"29385",2021-05-15,"37","20  day ahead inc hosp",2021-06-04,"quantile",0.6,122.413717032827
"29386",2021-05-15,"37","20  day ahead inc hosp",2021-06-04,"quantile",0.65,131.468954809639
"29387",2021-05-15,"37","20  day ahead inc hosp",2021-06-04,"quantile",0.7,141.54603925549
"29388",2021-05-15,"37","20  day ahead inc hosp",2021-06-04,"quantile",0.75,153.059195859008
"29389",2021-05-15,"37","20  day ahead inc hosp",2021-06-04,"quantile",0.8,166.690998172252
"29390",2021-05-15,"37","20  day ahead inc hosp",2021-06-04,"quantile",0.85,183.707616788231
"29391",2021-05-15,"37","20  day ahead inc hosp",2021-06-04,"quantile",0.9,206.931271515818
"29392",2021-05-15,"37","20  day ahead inc hosp",2021-06-04,"quantile",0.95,245.317379644151
"29393",2021-05-15,"37","20  day ahead inc hosp",2021-06-04,"quantile",0.975,282.732818662034
"29394",2021-05-15,"37","20  day ahead inc hosp",2021-06-04,"quantile",0.99,331.442614062349
"29395",2021-05-15,"37","21  day ahead inc hosp",2021-06-05,"quantile",0.01,20.4490622439786
"29396",2021-05-15,"37","21  day ahead inc hosp",2021-06-05,"quantile",0.025,27.7862023197573
"29397",2021-05-15,"37","21  day ahead inc hosp",2021-06-05,"quantile",0.05,35.5397813251237
"29398",2021-05-15,"37","21  day ahead inc hosp",2021-06-05,"quantile",0.1,46.376753758687
"29399",2021-05-15,"37","21  day ahead inc hosp",2021-06-05,"quantile",0.15,54.9737223425933
"29400",2021-05-15,"37","21  day ahead inc hosp",2021-06-05,"quantile",0.2,62.617003423645
"29401",2021-05-15,"37","21  day ahead inc hosp",2021-06-05,"quantile",0.25,69.7865234286256
"29402",2021-05-15,"37","21  day ahead inc hosp",2021-06-05,"quantile",0.3,76.7343074575026
"29403",2021-05-15,"37","21  day ahead inc hosp",2021-06-05,"quantile",0.35,83.6239036982402
"29404",2021-05-15,"37","21  day ahead inc hosp",2021-06-05,"quantile",0.4,90.5808014915996
"29405",2021-05-15,"37","21  day ahead inc hosp",2021-06-05,"quantile",0.45,97.7163066226123
"29406",2021-05-15,"37","21  day ahead inc hosp",2021-06-05,"quantile",0.5,105.14231565708
"29407",2021-05-15,"37","21  day ahead inc hosp",2021-06-05,"quantile",0.55,112.983751338596
"29408",2021-05-15,"37","21  day ahead inc hosp",2021-06-05,"quantile",0.6,121.392698342404
"29409",2021-05-15,"37","21  day ahead inc hosp",2021-06-05,"quantile",0.65,130.56855405809
"29410",2021-05-15,"37","21  day ahead inc hosp",2021-06-05,"quantile",0.7,140.791483714037
"29411",2021-05-15,"37","21  day ahead inc hosp",2021-06-05,"quantile",0.75,152.484924123495
"29412",2021-05-15,"37","21  day ahead inc hosp",2021-06-05,"quantile",0.8,166.347252596338
"29413",2021-05-15,"37","21  day ahead inc hosp",2021-06-05,"quantile",0.85,183.674944856068
"29414",2021-05-15,"37","21  day ahead inc hosp",2021-06-05,"quantile",0.9,207.359986988195
"29415",2021-05-15,"37","21  day ahead inc hosp",2021-06-05,"quantile",0.95,246.58805412487
"29416",2021-05-15,"37","21  day ahead inc hosp",2021-06-05,"quantile",0.975,284.903717210265
"29417",2021-05-15,"37","21  day ahead inc hosp",2021-06-05,"quantile",0.99,334.882349521801
"29418",2021-05-15,"37","22  day ahead inc hosp",2021-06-06,"quantile",0.01,18.3425287202095
"29419",2021-05-15,"37","22  day ahead inc hosp",2021-06-06,"quantile",0.025,25.2669915017388
"29420",2021-05-15,"37","22  day ahead inc hosp",2021-06-06,"quantile",0.05,32.649319944831
"29421",2021-05-15,"37","22  day ahead inc hosp",2021-06-06,"quantile",0.1,43.0473957309896
"29422",2021-05-15,"37","22  day ahead inc hosp",2021-06-06,"quantile",0.15,51.3464876161699
"29423",2021-05-15,"37","22  day ahead inc hosp",2021-06-06,"quantile",0.2,58.7546922854767
"29424",2021-05-15,"37","22  day ahead inc hosp",2021-06-06,"quantile",0.25,65.7252639382159
"29425",2021-05-15,"37","22  day ahead inc hosp",2021-06-06,"quantile",0.3,72.4976245925094
"29426",2021-05-15,"37","22  day ahead inc hosp",2021-06-06,"quantile",0.35,79.2282641292971
"29427",2021-05-15,"37","22  day ahead inc hosp",2021-06-06,"quantile",0.4,86.038268476807
"29428",2021-05-15,"37","22  day ahead inc hosp",2021-06-06,"quantile",0.45,93.0359791496922
"29429",2021-05-15,"37","22  day ahead inc hosp",2021-06-06,"quantile",0.5,100.331180587945
"29430",2021-05-15,"37","22  day ahead inc hosp",2021-06-06,"quantile",0.55,108.04722551588
"29431",2021-05-15,"37","22  day ahead inc hosp",2021-06-06,"quantile",0.6,116.335000482528
"29432",2021-05-15,"37","22  day ahead inc hosp",2021-06-06,"quantile",0.65,125.392990924228
"29433",2021-05-15,"37","22  day ahead inc hosp",2021-06-06,"quantile",0.7,135.500722269271
"29434",2021-05-15,"37","22  day ahead inc hosp",2021-06-06,"quantile",0.75,147.081352183724
"29435",2021-05-15,"37","22  day ahead inc hosp",2021-06-06,"quantile",0.8,160.833660302613
"29436",2021-05-15,"37","22  day ahead inc hosp",2021-06-06,"quantile",0.85,178.056241427554
"29437",2021-05-15,"37","22  day ahead inc hosp",2021-06-06,"quantile",0.9,201.648899079264
"29438",2021-05-15,"37","22  day ahead inc hosp",2021-06-06,"quantile",0.95,240.834546231327
"29439",2021-05-15,"37","22  day ahead inc hosp",2021-06-06,"quantile",0.975,279.21979395392
"29440",2021-05-15,"37","22  day ahead inc hosp",2021-06-06,"quantile",0.99,329.42453208453
"29441",2021-05-15,"37","23  day ahead inc hosp",2021-06-07,"quantile",0.01,24.4191852208122
"29442",2021-05-15,"37","23  day ahead inc hosp",2021-06-07,"quantile",0.025,33.0961028692876
"29443",2021-05-15,"37","23  day ahead inc hosp",2021-06-07,"quantile",0.05,42.2503600397206
"29444",2021-05-15,"37","23  day ahead inc hosp",2021-06-07,"quantile",0.1,55.0264710980131
"29445",2021-05-15,"37","23  day ahead inc hosp",2021-06-07,"quantile",0.15,65.1501530959596
"29446",2021-05-15,"37","23  day ahead inc hosp",2021-06-07,"quantile",0.2,74.1439478155121
"29447",2021-05-15,"37","23  day ahead inc hosp",2021-06-07,"quantile",0.25,82.5753323097518
"29448",2021-05-15,"37","23  day ahead inc hosp",2021-06-07,"quantile",0.3,90.7419833171593
"29449",2021-05-15,"37","23  day ahead inc hosp",2021-06-07,"quantile",0.35,98.8368167596895
"29450",2021-05-15,"37","23  day ahead inc hosp",2021-06-07,"quantile",0.4,107.007623870509
"29451",2021-05-15,"37","23  day ahead inc hosp",2021-06-07,"quantile",0.45,115.385276526336
"29452",2021-05-15,"37","23  day ahead inc hosp",2021-06-07,"quantile",0.5,124.101143208128
"29453",2021-05-15,"37","23  day ahead inc hosp",2021-06-07,"quantile",0.55,133.301705765801
"29454",2021-05-15,"37","23  day ahead inc hosp",2021-06-07,"quantile",0.6,143.165133216612
"29455",2021-05-15,"37","23  day ahead inc hosp",2021-06-07,"quantile",0.65,153.924872229556
"29456",2021-05-15,"37","23  day ahead inc hosp",2021-06-07,"quantile",0.7,165.908783781468
"29457",2021-05-15,"37","23  day ahead inc hosp",2021-06-07,"quantile",0.75,179.612235619534
"29458",2021-05-15,"37","23  day ahead inc hosp",2021-06-07,"quantile",0.8,195.852046814431
"29459",2021-05-15,"37","23  day ahead inc hosp",2021-06-07,"quantile",0.85,216.144261748709
"29460",2021-05-15,"37","23  day ahead inc hosp",2021-06-07,"quantile",0.9,243.869956621969
"29461",2021-05-15,"37","23  day ahead inc hosp",2021-06-07,"quantile",0.95,289.765512451739
"29462",2021-05-15,"37","23  day ahead inc hosp",2021-06-07,"quantile",0.975,334.568749598271
"29463",2021-05-15,"37","23  day ahead inc hosp",2021-06-07,"quantile",0.99,392.979511575668
"29464",2021-05-15,"37","24  day ahead inc hosp",2021-06-08,"quantile",0.01,20.5922560616026
"29465",2021-05-15,"37","24  day ahead inc hosp",2021-06-08,"quantile",0.025,28.4137139557344
"29466",2021-05-15,"37","24  day ahead inc hosp",2021-06-08,"quantile",0.05,36.7613777789333
"29467",2021-05-15,"37","24  day ahead inc hosp",2021-06-08,"quantile",0.1,48.5302459885622
"29468",2021-05-15,"37","24  day ahead inc hosp",2021-06-08,"quantile",0.15,57.9303846994112
"29469",2021-05-15,"37","24  day ahead inc hosp",2021-06-08,"quantile",0.2,66.3255535746758
"29470",2021-05-15,"37","24  day ahead inc hosp",2021-06-08,"quantile",0.25,74.2277605057089
"29471",2021-05-15,"37","24  day ahead inc hosp",2021-06-08,"quantile",0.3,81.9076602154338
"29472",2021-05-15,"37","24  day ahead inc hosp",2021-06-08,"quantile",0.35,89.5423141437166
"29473",2021-05-15,"37","24  day ahead inc hosp",2021-06-08,"quantile",0.4,97.2688673284241
"29474",2021-05-15,"37","24  day ahead inc hosp",2021-06-08,"quantile",0.45,105.210160984564
"29475",2021-05-15,"37","24  day ahead inc hosp",2021-06-08,"quantile",0.5,113.490792074729
"29476",2021-05-15,"37","24  day ahead inc hosp",2021-06-08,"quantile",0.55,122.250864480884
"29477",2021-05-15,"37","24  day ahead inc hosp",2021-06-08,"quantile",0.6,131.661852175852
"29478",2021-05-15,"37","24  day ahead inc hosp",2021-06-08,"quantile",0.65,141.949412058012
"29479",2021-05-15,"37","24  day ahead inc hosp",2021-06-08,"quantile",0.7,153.431421926515
"29480",2021-05-15,"37","24  day ahead inc hosp",2021-06-08,"quantile",0.75,166.589192257818
"29481",2021-05-15,"37","24  day ahead inc hosp",2021-06-08,"quantile",0.8,182.217650367772
"29482",2021-05-15,"37","24  day ahead inc hosp",2021-06-08,"quantile",0.85,201.794256561866
"29483",2021-05-15,"37","24  day ahead inc hosp",2021-06-08,"quantile",0.9,228.618648969742
"29484",2021-05-15,"37","24  day ahead inc hosp",2021-06-08,"quantile",0.95,273.187124346594
"29485",2021-05-15,"37","24  day ahead inc hosp",2021-06-08,"quantile",0.975,316.860455686916
"29486",2021-05-15,"37","24  day ahead inc hosp",2021-06-08,"quantile",0.99,374.00009218151
"29487",2021-05-15,"37","25  day ahead inc hosp",2021-06-09,"quantile",0.01,19.729271822311
"29488",2021-05-15,"37","25  day ahead inc hosp",2021-06-09,"quantile",0.025,27.4550734342326
"29489",2021-05-15,"37","25  day ahead inc hosp",2021-06-09,"quantile",0.05,35.7457981586461
"29490",2021-05-15,"37","25  day ahead inc hosp",2021-06-09,"quantile",0.1,47.4901224139567
"29491",2021-05-15,"37","25  day ahead inc hosp",2021-06-09,"quantile",0.15,56.9056866362877
"29492",2021-05-15,"37","25  day ahead inc hosp",2021-06-09,"quantile",0.2,65.335346514338
"29493",2021-05-15,"37","25  day ahead inc hosp",2021-06-09,"quantile",0.25,73.2850253427163
"29494",2021-05-15,"37","25  day ahead inc hosp",2021-06-09,"quantile",0.3,81.0231549648915
"29495",2021-05-15,"37","25  day ahead inc hosp",2021-06-09,"quantile",0.35,88.7261372528238
"29496",2021-05-15,"37","25  day ahead inc hosp",2021-06-09,"quantile",0.4,96.5313220993453
"29497",2021-05-15,"37","25  day ahead inc hosp",2021-06-09,"quantile",0.45,104.562395487797
"29498",2021-05-15,"37","25  day ahead inc hosp",2021-06-09,"quantile",0.5,112.945416170877
"29499",2021-05-15,"37","25  day ahead inc hosp",2021-06-09,"quantile",0.55,121.822677147228
"29500",2021-05-15,"37","25  day ahead inc hosp",2021-06-09,"quantile",0.6,131.368822756545
"29501",2021-05-15,"37","25  day ahead inc hosp",2021-06-09,"quantile",0.65,141.814134382118
"29502",2021-05-15,"37","25  day ahead inc hosp",2021-06-09,"quantile",0.7,153.483444419005
"29503",2021-05-15,"37","25  day ahead inc hosp",2021-06-09,"quantile",0.75,166.869066367843
"29504",2021-05-15,"37","25  day ahead inc hosp",2021-06-09,"quantile",0.8,182.784695363941
"29505",2021-05-15,"37","25  day ahead inc hosp",2021-06-09,"quantile",0.85,202.743625395714
"29506",2021-05-15,"37","25  day ahead inc hosp",2021-06-09,"quantile",0.9,230.127675470829
"29507",2021-05-15,"37","25  day ahead inc hosp",2021-06-09,"quantile",0.95,275.703232151891
"29508",2021-05-15,"37","25  day ahead inc hosp",2021-06-09,"quantile",0.975,320.440946129156
"29509",2021-05-15,"37","25  day ahead inc hosp",2021-06-09,"quantile",0.99,379.067697789485
"29510",2021-05-15,"37","26  day ahead inc hosp",2021-06-10,"quantile",0.01,19.5152024887031
"29511",2021-05-15,"37","26  day ahead inc hosp",2021-06-10,"quantile",0.025,27.3195576081214
"29512",2021-05-15,"37","26  day ahead inc hosp",2021-06-10,"quantile",0.05,35.7266949520062
"29513",2021-05-15,"37","26  day ahead inc hosp",2021-06-10,"quantile",0.1,47.6755833187935
"29514",2021-05-15,"37","26  day ahead inc hosp",2021-06-10,"quantile",0.15,57.2800726817102
"29515",2021-05-15,"37","26  day ahead inc hosp",2021-06-10,"quantile",0.2,65.8936121727439
"29516",2021-05-15,"37","26  day ahead inc hosp",2021-06-10,"quantile",0.25,74.0273766617164
"29517",2021-05-15,"37","26  day ahead inc hosp",2021-06-10,"quantile",0.3,81.9532977477114
"29518",2021-05-15,"37","26  day ahead inc hosp",2021-06-10,"quantile",0.35,89.8506483414728
"29519",2021-05-15,"37","26  day ahead inc hosp",2021-06-10,"quantile",0.4,97.8595272566398
"29520",2021-05-15,"37","26  day ahead inc hosp",2021-06-10,"quantile",0.45,106.106568633933
"29521",2021-05-15,"37","26  day ahead inc hosp",2021-06-10,"quantile",0.5,114.721266573246
"29522",2021-05-15,"37","26  day ahead inc hosp",2021-06-10,"quantile",0.55,123.850178611397
"29523",2021-05-15,"37","26  day ahead inc hosp",2021-06-10,"quantile",0.6,133.673530506758
"29524",2021-05-15,"37","26  day ahead inc hosp",2021-06-10,"quantile",0.65,144.429282573497
"29525",2021-05-15,"37","26  day ahead inc hosp",2021-06-10,"quantile",0.7,156.453409811952
"29526",2021-05-15,"37","26  day ahead inc hosp",2021-06-10,"quantile",0.75,170.255447567496
"29527",2021-05-15,"37","26  day ahead inc hosp",2021-06-10,"quantile",0.8,186.677976954487
"29528",2021-05-15,"37","26  day ahead inc hosp",2021-06-10,"quantile",0.85,207.288689518941
"29529",2021-05-15,"37","26  day ahead inc hosp",2021-06-10,"quantile",0.9,235.592501797555
"29530",2021-05-15,"37","26  day ahead inc hosp",2021-06-10,"quantile",0.95,282.753877863739
"29531",2021-05-15,"37","26  day ahead inc hosp",2021-06-10,"quantile",0.975,329.103539152707
"29532",2021-05-15,"37","26  day ahead inc hosp",2021-06-10,"quantile",0.99,389.910098605004
"29533",2021-05-15,"37","27  day ahead inc hosp",2021-06-11,"quantile",0.01,18.1392349781952
"29534",2021-05-15,"37","27  day ahead inc hosp",2021-06-11,"quantile",0.025,25.6754702264796
"29535",2021-05-15,"37","27  day ahead inc hosp",2021-06-11,"quantile",0.05,33.8514499819735
"29536",2021-05-15,"37","27  day ahead inc hosp",2021-06-11,"quantile",0.1,45.5432401715454
"29537",2021-05-15,"37","27  day ahead inc hosp",2021-06-11,"quantile",0.15,54.9860654608117
"29538",2021-05-15,"37","27  day ahead inc hosp",2021-06-11,"quantile",0.2,63.4812655928491
"29539",2021-05-15,"37","27  day ahead inc hosp",2021-06-11,"quantile",0.25,71.5226079682309
"29540",2021-05-15,"37","27  day ahead inc hosp",2021-06-11,"quantile",0.3,79.3740595266282
"29541",2021-05-15,"37","27  day ahead inc hosp",2021-06-11,"quantile",0.35,87.210682686913
"29542",2021-05-15,"37","27  day ahead inc hosp",2021-06-11,"quantile",0.4,95.1702209158157
"29543",2021-05-15,"37","27  day ahead inc hosp",2021-06-11,"quantile",0.45,103.378038670359
"29544",2021-05-15,"37","27  day ahead inc hosp",2021-06-11,"quantile",0.5,111.963112645175
"29545",2021-05-15,"37","27  day ahead inc hosp",2021-06-11,"quantile",0.55,121.072114714427
"29546",2021-05-15,"37","27  day ahead inc hosp",2021-06-11,"quantile",0.6,130.886038867989
"29547",2021-05-15,"37","27  day ahead inc hosp",2021-06-11,"quantile",0.65,141.644436765288
"29548",2021-05-15,"37","27  day ahead inc hosp",2021-06-11,"quantile",0.7,153.686092061697
"29549",2021-05-15,"37","27  day ahead inc hosp",2021-06-11,"quantile",0.75,167.525405007381
"29550",2021-05-15,"37","27  day ahead inc hosp",2021-06-11,"quantile",0.8,184.013767657675
"29551",2021-05-15,"37","27  day ahead inc hosp",2021-06-11,"quantile",0.85,204.736497513962
"29552",2021-05-15,"37","27  day ahead inc hosp",2021-06-11,"quantile",0.9,233.240721723227
"29553",2021-05-15,"37","27  day ahead inc hosp",2021-06-11,"quantile",0.95,280.836693576977
"29554",2021-05-15,"37","27  day ahead inc hosp",2021-06-11,"quantile",0.975,327.714647723566
"29555",2021-05-15,"37","27  day ahead inc hosp",2021-06-11,"quantile",0.99,389.337806316482
"29556",2021-05-15,"37","28  day ahead inc hosp",2021-06-12,"quantile",0.01,15.0027214531324
"29557",2021-05-15,"37","28  day ahead inc hosp",2021-06-12,"quantile",0.025,21.6948674058737
"29558",2021-05-15,"37","28  day ahead inc hosp",2021-06-12,"quantile",0.05,29.0548390791702
"29559",2021-05-15,"37","28  day ahead inc hosp",2021-06-12,"quantile",0.1,39.7040343766178
"29560",2021-05-15,"37","28  day ahead inc hosp",2021-06-12,"quantile",0.15,48.3834156586613
"29561",2021-05-15,"37","28  day ahead inc hosp",2021-06-12,"quantile",0.2,56.2384834723278
"29562",2021-05-15,"37","28  day ahead inc hosp",2021-06-12,"quantile",0.25,63.7078399766695
"29563",2021-05-15,"37","28  day ahead inc hosp",2021-06-12,"quantile",0.3,71.0282504663688
"29564",2021-05-15,"37","28  day ahead inc hosp",2021-06-12,"quantile",0.35,78.3585851305794
"29565",2021-05-15,"37","28  day ahead inc hosp",2021-06-12,"quantile",0.4,85.8255074343592
"29566",2021-05-15,"37","28  day ahead inc hosp",2021-06-12,"quantile",0.45,93.5458183753207
"29567",2021-05-15,"37","28  day ahead inc hosp",2021-06-12,"quantile",0.5,101.641060584604
"29568",2021-05-15,"37","28  day ahead inc hosp",2021-06-12,"quantile",0.55,110.250680569739
"29569",2021-05-15,"37","28  day ahead inc hosp",2021-06-12,"quantile",0.6,119.547855241012
"29570",2021-05-15,"37","28  day ahead inc hosp",2021-06-12,"quantile",0.65,129.762799966106
"29571",2021-05-15,"37","28  day ahead inc hosp",2021-06-12,"quantile",0.7,141.222079469642
"29572",2021-05-15,"37","28  day ahead inc hosp",2021-06-12,"quantile",0.75,154.422606132974
"29573",2021-05-15,"37","28  day ahead inc hosp",2021-06-12,"quantile",0.8,170.188183320637
"29574",2021-05-15,"37","28  day ahead inc hosp",2021-06-12,"quantile",0.85,190.054952695009
"29575",2021-05-15,"37","28  day ahead inc hosp",2021-06-12,"quantile",0.9,217.465033864637
"29576",2021-05-15,"37","28  day ahead inc hosp",2021-06-12,"quantile",0.95,263.414236231352
"29577",2021-05-15,"37","28  day ahead inc hosp",2021-06-12,"quantile",0.975,308.851729464253
"29578",2021-05-15,"37","28  day ahead inc hosp",2021-06-12,"quantile",0.99,368.803310217213
"29579",2021-05-15,"37","29  day ahead inc hosp",2021-06-13,"quantile",0.01,16.0347702242421
"29580",2021-05-15,"37","29  day ahead inc hosp",2021-06-13,"quantile",0.025,23.194020080086
"29581",2021-05-15,"37","29  day ahead inc hosp",2021-06-13,"quantile",0.05,31.0691664923556
"29582",2021-05-15,"37","29  day ahead inc hosp",2021-06-13,"quantile",0.1,42.4655795311725
"29583",2021-05-15,"37","29  day ahead inc hosp",2021-06-13,"quantile",0.15,51.7551008234784
"29584",2021-05-15,"37","29  day ahead inc hosp",2021-06-13,"quantile",0.2,60.1630344792567
"29585",2021-05-15,"37","29  day ahead inc hosp",2021-06-13,"quantile",0.25,68.158597364024
"29586",2021-05-15,"37","29  day ahead inc hosp",2021-06-13,"quantile",0.3,75.9951150762187
"29587",2021-05-15,"37","29  day ahead inc hosp",2021-06-13,"quantile",0.35,83.8425971198501
"29588",2021-05-15,"37","29  day ahead inc hosp",2021-06-13,"quantile",0.4,91.8366124115703
"29589",2021-05-15,"37","29  day ahead inc hosp",2021-06-13,"quantile",0.45,100.102196039016
"29590",2021-05-15,"37","29  day ahead inc hosp",2021-06-13,"quantile",0.5,108.769478717827
"29591",2021-05-15,"37","29  day ahead inc hosp",2021-06-13,"quantile",0.55,117.987777547533
"29592",2021-05-15,"37","29  day ahead inc hosp",2021-06-13,"quantile",0.6,127.942543091224
"29593",2021-05-15,"37","29  day ahead inc hosp",2021-06-13,"quantile",0.65,138.880321050659
"29594",2021-05-15,"37","29  day ahead inc hosp",2021-06-13,"quantile",0.7,151.15085482038
"29595",2021-05-15,"37","29  day ahead inc hosp",2021-06-13,"quantile",0.75,165.286341185565
"29596",2021-05-15,"37","29  day ahead inc hosp",2021-06-13,"quantile",0.8,182.169098602948
"29597",2021-05-15,"37","29  day ahead inc hosp",2021-06-13,"quantile",0.85,203.444412446105
"29598",2021-05-15,"37","29  day ahead inc hosp",2021-06-13,"quantile",0.9,232.799037806652
"29599",2021-05-15,"37","29  day ahead inc hosp",2021-06-13,"quantile",0.95,282.010557672425
"29600",2021-05-15,"37","29  day ahead inc hosp",2021-06-13,"quantile",0.975,330.67661077531
"29601",2021-05-15,"37","29  day ahead inc hosp",2021-06-13,"quantile",0.99,394.891192495911
"29602",2021-05-15,"37","30  day ahead inc hosp",2021-06-14,"quantile",0.01,18.8089203944217
"29603",2021-05-15,"37","30  day ahead inc hosp",2021-06-14,"quantile",0.025,26.9779647990043
"29604",2021-05-15,"37","30  day ahead inc hosp",2021-06-14,"quantile",0.05,35.9156744682047
"29605",2021-05-15,"37","30  day ahead inc hosp",2021-06-14,"quantile",0.1,48.7901743515976
"29606",2021-05-15,"37","30  day ahead inc hosp",2021-06-14,"quantile",0.15,59.2471333574294
"29607",2021-05-15,"37","30  day ahead inc hosp",2021-06-14,"quantile",0.2,68.6896316126003
"29608",2021-05-15,"37","30  day ahead inc hosp",2021-06-14,"quantile",0.25,77.6530263187919
"29609",2021-05-15,"37","30  day ahead inc hosp",2021-06-14,"quantile",0.3,86.425235165402
"29610",2021-05-15,"37","30  day ahead inc hosp",2021-06-14,"quantile",0.35,95.1985868896453
"29611",2021-05-15,"37","30  day ahead inc hosp",2021-06-14,"quantile",0.4,104.125650843925
"29612",2021-05-15,"37","30  day ahead inc hosp",2021-06-14,"quantile",0.45,113.346419986326
"29613",2021-05-15,"37","30  day ahead inc hosp",2021-06-14,"quantile",0.5,123.005947443816
"29614",2021-05-15,"37","30  day ahead inc hosp",2021-06-14,"quantile",0.55,133.27010305112
"29615",2021-05-15,"37","30  day ahead inc hosp",2021-06-14,"quantile",0.6,144.344390033528
"29616",2021-05-15,"37","30  day ahead inc hosp",2021-06-14,"quantile",0.65,156.501550695373
"29617",2021-05-15,"37","30  day ahead inc hosp",2021-06-14,"quantile",0.7,170.128040731319
"29618",2021-05-15,"37","30  day ahead inc hosp",2021-06-14,"quantile",0.75,185.811435460648
"29619",2021-05-15,"37","30  day ahead inc hosp",2021-06-14,"quantile",0.8,204.525245506462
"29620",2021-05-15,"37","30  day ahead inc hosp",2021-06-14,"quantile",0.85,228.083801614054
"29621",2021-05-15,"37","30  day ahead inc hosp",2021-06-14,"quantile",0.9,260.550356991759
"29622",2021-05-15,"37","30  day ahead inc hosp",2021-06-14,"quantile",0.95,314.895911552722
"29623",2021-05-15,"37","30  day ahead inc hosp",2021-06-14,"quantile",0.975,368.555759322715
"29624",2021-05-15,"37","30  day ahead inc hosp",2021-06-14,"quantile",0.99,439.257931039863
"29625",2021-05-15,"37","31  day ahead inc hosp",2021-06-15,"quantile",0.01,17.153845158289
"29626",2021-05-15,"37","31  day ahead inc hosp",2021-06-15,"quantile",0.025,24.9364261886324
"29627",2021-05-15,"37","31  day ahead inc hosp",2021-06-15,"quantile",0.05,33.5243418972297
"29628",2021-05-15,"37","31  day ahead inc hosp",2021-06-15,"quantile",0.1,45.9859192148823
"29629",2021-05-15,"37","31  day ahead inc hosp",2021-06-15,"quantile",0.15,56.1649125491921
"29630",2021-05-15,"37","31  day ahead inc hosp",2021-06-15,"quantile",0.2,65.3904833824284
"29631",2021-05-15,"37","31  day ahead inc hosp",2021-06-15,"quantile",0.25,74.1727108613145
"29632",2021-05-15,"37","31  day ahead inc hosp",2021-06-15,"quantile",0.3,82.7876151951715
"29633",2021-05-15,"37","31  day ahead inc hosp",2021-06-15,"quantile",0.35,91.4209468588825
"29634",2021-05-15,"37","31  day ahead inc hosp",2021-06-15,"quantile",0.4,100.22128218714
"29635",2021-05-15,"37","31  day ahead inc hosp",2021-06-15,"quantile",0.45,109.326065580945
"29636",2021-05-15,"37","31  day ahead inc hosp",2021-06-15,"quantile",0.5,118.878711974889
"29637",2021-05-15,"37","31  day ahead inc hosp",2021-06-15,"quantile",0.55,129.044107731348
"29638",2021-05-15,"37","31  day ahead inc hosp",2021-06-15,"quantile",0.6,140.027330276194
"29639",2021-05-15,"37","31  day ahead inc hosp",2021-06-15,"quantile",0.65,152.10128345517
"29640",2021-05-15,"37","31  day ahead inc hosp",2021-06-15,"quantile",0.7,165.65336014442
"29641",2021-05-15,"37","31  day ahead inc hosp",2021-06-15,"quantile",0.75,181.273327463943
"29642",2021-05-15,"37","31  day ahead inc hosp",2021-06-15,"quantile",0.8,199.939306205367
"29643",2021-05-15,"37","31  day ahead inc hosp",2021-06-15,"quantile",0.85,223.47580880303
"29644",2021-05-15,"37","31  day ahead inc hosp",2021-06-15,"quantile",0.9,255.972538220029
"29645",2021-05-15,"37","31  day ahead inc hosp",2021-06-15,"quantile",0.95,310.499753976119
"29646",2021-05-15,"37","31  day ahead inc hosp",2021-06-15,"quantile",0.975,364.470997132208
"29647",2021-05-15,"37","31  day ahead inc hosp",2021-06-15,"quantile",0.99,435.744923023201
"29648",2021-05-15,"37","32  day ahead inc hosp",2021-06-16,"quantile",0.01,14.8627784583052
"29649",2021-05-15,"37","32  day ahead inc hosp",2021-06-16,"quantile",0.025,22.0093103254394
"29650",2021-05-15,"37","32  day ahead inc hosp",2021-06-16,"quantile",0.05,29.9883789421023
"29651",2021-05-15,"37","32  day ahead inc hosp",2021-06-16,"quantile",0.1,41.6828198484256
"29652",2021-05-15,"37","32  day ahead inc hosp",2021-06-16,"quantile",0.15,51.3088284003603
"29653",2021-05-15,"37","32  day ahead inc hosp",2021-06-16,"quantile",0.2,60.0769889861331
"29654",2021-05-15,"37","32  day ahead inc hosp",2021-06-16,"quantile",0.25,68.4556403413095
"29655",2021-05-15,"37","32  day ahead inc hosp",2021-06-16,"quantile",0.3,76.7004236361602
"29656",2021-05-15,"37","32  day ahead inc hosp",2021-06-16,"quantile",0.35,84.9851622568684
"29657",2021-05-15,"37","32  day ahead inc hosp",2021-06-16,"quantile",0.4,93.4504882668962
"29658",2021-05-15,"37","32  day ahead inc hosp",2021-06-16,"quantile",0.45,102.227942257696
"29659",2021-05-15,"37","32  day ahead inc hosp",2021-06-16,"quantile",0.5,111.456070479085
"29660",2021-05-15,"37","32  day ahead inc hosp",2021-06-16,"quantile",0.55,121.295302540941
"29661",2021-05-15,"37","32  day ahead inc hosp",2021-06-16,"quantile",0.6,131.946185907159
"29662",2021-05-15,"37","32  day ahead inc hosp",2021-06-16,"quantile",0.65,143.676524044356
"29663",2021-05-15,"37","32  day ahead inc hosp",2021-06-16,"quantile",0.7,156.867375136216
"29664",2021-05-15,"37","32  day ahead inc hosp",2021-06-16,"quantile",0.75,172.099845994222
"29665",2021-05-15,"37","32  day ahead inc hosp",2021-06-16,"quantile",0.8,190.338956334385
"29666",2021-05-15,"37","32  day ahead inc hosp",2021-06-16,"quantile",0.85,213.386842807607
"29667",2021-05-15,"37","32  day ahead inc hosp",2021-06-16,"quantile",0.9,245.287807679628
"29668",2021-05-15,"37","32  day ahead inc hosp",2021-06-16,"quantile",0.95,298.986407206931
"29669",2021-05-15,"37","32  day ahead inc hosp",2021-06-16,"quantile",0.975,352.309860706639
"29670",2021-05-15,"37","32  day ahead inc hosp",2021-06-16,"quantile",0.99,422.939401421504
"29671",2021-05-15,"37","33  day ahead inc hosp",2021-06-17,"quantile",0.01,14.1074740203238
"29672",2021-05-15,"37","33  day ahead inc hosp",2021-06-17,"quantile",0.025,21.102174301497
"29673",2021-05-15,"37","33  day ahead inc hosp",2021-06-17,"quantile",0.05,28.9615332153376
"29674",2021-05-15,"37","33  day ahead inc hosp",2021-06-17,"quantile",0.1,40.5428024841132
"29675",2021-05-15,"37","33  day ahead inc hosp",2021-06-17,"quantile",0.15,50.115026192304
"29676",2021-05-15,"37","33  day ahead inc hosp",2021-06-17,"quantile",0.2,58.8575791589722
"29677",2021-05-15,"37","33  day ahead inc hosp",2021-06-17,"quantile",0.25,67.2287670184357
"29678",2021-05-15,"37","33  day ahead inc hosp",2021-06-17,"quantile",0.3,75.4799595551491
"29679",2021-05-15,"37","33  day ahead inc hosp",2021-06-17,"quantile",0.35,83.7830507587968
"29680",2021-05-15,"37","33  day ahead inc hosp",2021-06-17,"quantile",0.4,92.2779772108681
"29681",2021-05-15,"37","33  day ahead inc hosp",2021-06-17,"quantile",0.45,101.096406090398
"29682",2021-05-15,"37","33  day ahead inc hosp",2021-06-17,"quantile",0.5,110.377705275553
"29683",2021-05-15,"37","33  day ahead inc hosp",2021-06-17,"quantile",0.55,120.283859225183
"29684",2021-05-15,"37","33  day ahead inc hosp",2021-06-17,"quantile",0.6,131.017892228703
"29685",2021-05-15,"37","33  day ahead inc hosp",2021-06-17,"quantile",0.65,142.851402244508
"29686",2021-05-15,"37","33  day ahead inc hosp",2021-06-17,"quantile",0.7,156.171321904646
"29687",2021-05-15,"37","33  day ahead inc hosp",2021-06-17,"quantile",0.75,171.568233933638
"29688",2021-05-15,"37","33  day ahead inc hosp",2021-06-17,"quantile",0.8,190.02356090924
"29689",2021-05-15,"37","33  day ahead inc hosp",2021-06-17,"quantile",0.85,213.371165640372
"29690",2021-05-15,"37","33  day ahead inc hosp",2021-06-17,"quantile",0.9,245.729083567675
"29691",2021-05-15,"37","33  day ahead inc hosp",2021-06-17,"quantile",0.95,300.288228619619
"29692",2021-05-15,"37","33  day ahead inc hosp",2021-06-17,"quantile",0.975,354.558287671385
"29693",2021-05-15,"37","33  day ahead inc hosp",2021-06-17,"quantile",0.99,426.554398753105
"29694",2021-05-15,"37","34  day ahead inc hosp",2021-06-18,"quantile",0.01,12.9576098539991
"29695",2021-05-15,"37","34  day ahead inc hosp",2021-06-18,"quantile",0.025,19.6453659575313
"29696",2021-05-15,"37","34  day ahead inc hosp",2021-06-18,"quantile",0.05,27.2239302717376
"29697",2021-05-15,"37","34  day ahead inc hosp",2021-06-18,"quantile",0.1,38.4718138868388
"29698",2021-05-15,"37","34  day ahead inc hosp",2021-06-18,"quantile",0.15,47.8193866372322
"29699",2021-05-15,"37","34  day ahead inc hosp",2021-06-18,"quantile",0.2,56.3870333546785
"29700",2021-05-15,"37","34  day ahead inc hosp",2021-06-18,"quantile",0.25,64.6127838565392
"29701",2021-05-15,"37","34  day ahead inc hosp",2021-06-18,"quantile",0.3,72.7384624606358
"29702",2021-05-15,"37","34  day ahead inc hosp",2021-06-18,"quantile",0.35,80.9307122979508
"29703",2021-05-15,"37","34  day ahead inc hosp",2021-06-18,"quantile",0.4,89.3263262381894
"29704",2021-05-15,"37","34  day ahead inc hosp",2021-06-18,"quantile",0.45,98.0550249634636
"29705",2021-05-15,"37","34  day ahead inc hosp",2021-06-18,"quantile",0.5,107.255008081029
"29706",2021-05-15,"37","34  day ahead inc hosp",2021-06-18,"quantile",0.55,117.087681614925
"29707",2021-05-15,"37","34  day ahead inc hosp",2021-06-18,"quantile",0.6,127.756032088229
"29708",2021-05-15,"37","34  day ahead inc hosp",2021-06-18,"quantile",0.65,139.532234344165
"29709",2021-05-15,"37","34  day ahead inc hosp",2021-06-18,"quantile",0.7,152.804655718748
"29710",2021-05-15,"37","34  day ahead inc hosp",2021-06-18,"quantile",0.75,168.166737734
"29711",2021-05-15,"37","34  day ahead inc hosp",2021-06-18,"quantile",0.8,186.605518683092
"29712",2021-05-15,"37","34  day ahead inc hosp",2021-06-18,"quantile",0.85,209.966780876096
"29713",2021-05-15,"37","34  day ahead inc hosp",2021-06-18,"quantile",0.9,242.398639402731
"29714",2021-05-15,"37","34  day ahead inc hosp",2021-06-18,"quantile",0.95,297.201937727215
"29715",2021-05-15,"37","34  day ahead inc hosp",2021-06-18,"quantile",0.975,351.835363589734
"29716",2021-05-15,"37","34  day ahead inc hosp",2021-06-18,"quantile",0.99,424.461219530907
"29717",2021-05-15,"37","35  day ahead inc hosp",2021-06-19,"quantile",0.01,12.4060472091672
"29718",2021-05-15,"37","35  day ahead inc hosp",2021-06-19,"quantile",0.025,18.9900297031967
"29719",2021-05-15,"37","35  day ahead inc hosp",2021-06-19,"quantile",0.05,26.4959729226793
"29720",2021-05-15,"37","35  day ahead inc hosp",2021-06-19,"quantile",0.1,37.6925189155573
"29721",2021-05-15,"37","35  day ahead inc hosp",2021-06-19,"quantile",0.15,47.0331603681889
"29722",2021-05-15,"37","35  day ahead inc hosp",2021-06-19,"quantile",0.2,55.6157021707493
"29723",2021-05-15,"37","35  day ahead inc hosp",2021-06-19,"quantile",0.25,63.8712228210312
"29724",2021-05-15,"37","35  day ahead inc hosp",2021-06-19,"quantile",0.3,72.0388317521333
"29725",2021-05-15,"37","35  day ahead inc hosp",2021-06-19,"quantile",0.35,80.2842108166667
"29726",2021-05-15,"37","35  day ahead inc hosp",2021-06-19,"quantile",0.4,88.7441661560606
"29727",2021-05-15,"37","35  day ahead inc hosp",2021-06-19,"quantile",0.45,97.5491442238722
"29728",2021-05-15,"37","35  day ahead inc hosp",2021-06-19,"quantile",0.5,106.83874296548
"29729",2021-05-15,"37","35  day ahead inc hosp",2021-06-19,"quantile",0.55,116.776545022261
"29730",2021-05-15,"37","35  day ahead inc hosp",2021-06-19,"quantile",0.6,127.568751899658
"29731",2021-05-15,"37","35  day ahead inc hosp",2021-06-19,"quantile",0.65,139.492284725109
"29732",2021-05-15,"37","35  day ahead inc hosp",2021-06-19,"quantile",0.7,152.942708862644
"29733",2021-05-15,"37","35  day ahead inc hosp",2021-06-19,"quantile",0.75,168.524930200697
"29734",2021-05-15,"37","35  day ahead inc hosp",2021-06-19,"quantile",0.8,187.245658967832
"29735",2021-05-15,"37","35  day ahead inc hosp",2021-06-19,"quantile",0.85,210.988463793378
"29736",2021-05-15,"37","35  day ahead inc hosp",2021-06-19,"quantile",0.9,243.988708275602
"29737",2021-05-15,"37","35  day ahead inc hosp",2021-06-19,"quantile",0.95,299.836560004522
"29738",2021-05-15,"37","35  day ahead inc hosp",2021-06-19,"quantile",0.975,355.596134954467
"29739",2021-05-15,"37","35  day ahead inc hosp",2021-06-19,"quantile",0.99,429.823011179514
"29740",2021-05-15,"37","36  day ahead inc hosp",2021-06-20,"quantile",0.01,10.9383762106876
"29741",2021-05-15,"37","36  day ahead inc hosp",2021-06-20,"quantile",0.025,17.0512759967492
"29742",2021-05-15,"37","36  day ahead inc hosp",2021-06-20,"quantile",0.05,24.100056091539
"29743",2021-05-15,"37","36  day ahead inc hosp",2021-06-20,"quantile",0.1,34.7154131289792
"29744",2021-05-15,"37","36  day ahead inc hosp",2021-06-20,"quantile",0.15,43.6351899519723
"29745",2021-05-15,"37","36  day ahead inc hosp",2021-06-20,"quantile",0.2,51.8691671473615
"29746",2021-05-15,"37","36  day ahead inc hosp",2021-06-20,"quantile",0.25,59.8172222008335
"29747",2021-05-15,"37","36  day ahead inc hosp",2021-06-20,"quantile",0.3,67.7031895422615
"29748",2021-05-15,"37","36  day ahead inc hosp",2021-06-20,"quantile",0.35,75.6838168469993
"29749",2021-05-15,"37","36  day ahead inc hosp",2021-06-20,"quantile",0.4,83.8899865593578
"29750",2021-05-15,"37","36  day ahead inc hosp",2021-06-20,"quantile",0.45,92.4477843585018
"29751",2021-05-15,"37","36  day ahead inc hosp",2021-06-20,"quantile",0.5,101.493266043215
"29752",2021-05-15,"37","36  day ahead inc hosp",2021-06-20,"quantile",0.55,111.186838518826
"29753",2021-05-15,"37","36  day ahead inc hosp",2021-06-20,"quantile",0.6,121.731555850066
"29754",2021-05-15,"37","36  day ahead inc hosp",2021-06-20,"quantile",0.65,133.400892469626
"29755",2021-05-15,"37","36  day ahead inc hosp",2021-06-20,"quantile",0.7,146.586254013447
"29756",2021-05-15,"37","36  day ahead inc hosp",2021-06-20,"quantile",0.75,161.887023293405
"29757",2021-05-15,"37","36  day ahead inc hosp",2021-06-20,"quantile",0.8,180.301810945623
"29758",2021-05-15,"37","36  day ahead inc hosp",2021-06-20,"quantile",0.85,203.700847278855
"29759",2021-05-15,"37","36  day ahead inc hosp",2021-06-20,"quantile",0.9,236.293753668517
"29760",2021-05-15,"37","36  day ahead inc hosp",2021-06-20,"quantile",0.95,291.605591606004
"29761",2021-05-15,"37","36  day ahead inc hosp",2021-06-20,"quantile",0.975,346.984879616245
"29762",2021-05-15,"37","36  day ahead inc hosp",2021-06-20,"quantile",0.99,420.895634756575
"29763",2021-05-15,"37","37  day ahead inc hosp",2021-06-21,"quantile",0.01,14.9305800937562
"29764",2021-05-15,"37","37  day ahead inc hosp",2021-06-21,"quantile",0.025,22.6638853096378
"29765",2021-05-15,"37","37  day ahead inc hosp",2021-06-21,"quantile",0.05,31.4338946724705
"29766",2021-05-15,"37","37  day ahead inc hosp",2021-06-21,"quantile",0.1,44.4583780629967
"29767",2021-05-15,"37","37  day ahead inc hosp",2021-06-21,"quantile",0.15,55.287633271776
"29768",2021-05-15,"37","37  day ahead inc hosp",2021-06-21,"quantile",0.2,65.2164442006765
"29769",2021-05-15,"37","37  day ahead inc hosp",2021-06-21,"quantile",0.25,74.7513006155509
"29770",2021-05-15,"37","37  day ahead inc hosp",2021-06-21,"quantile",0.3,84.171986282745
"29771",2021-05-15,"37","37  day ahead inc hosp",2021-06-21,"quantile",0.35,93.6714355322753
"29772",2021-05-15,"37","37  day ahead inc hosp",2021-06-21,"quantile",0.4,103.408140178101
"29773",2021-05-15,"37","37  day ahead inc hosp",2021-06-21,"quantile",0.45,113.5325021101
"29774",2021-05-15,"37","37  day ahead inc hosp",2021-06-21,"quantile",0.5,124.204845119702
"29775",2021-05-15,"37","37  day ahead inc hosp",2021-06-21,"quantile",0.55,135.612493736018
"29776",2021-05-15,"37","37  day ahead inc hosp",2021-06-21,"quantile",0.6,147.991099563385
"29777",2021-05-15,"37","37  day ahead inc hosp",2021-06-21,"quantile",0.65,161.656699886038
"29778",2021-05-15,"37","37  day ahead inc hosp",2021-06-21,"quantile",0.7,177.060311428187
"29779",2021-05-15,"37","37  day ahead inc hosp",2021-06-21,"quantile",0.75,194.89117421893
"29780",2021-05-15,"37","37  day ahead inc hosp",2021-06-21,"quantile",0.8,216.295750473911
"29781",2021-05-15,"37","37  day ahead inc hosp",2021-06-21,"quantile",0.85,243.418093297435
"29782",2021-05-15,"37","37  day ahead inc hosp",2021-06-21,"quantile",0.9,281.076972890974
"29783",2021-05-15,"37","37  day ahead inc hosp",2021-06-21,"quantile",0.95,344.725055767242
"29784",2021-05-15,"37","37  day ahead inc hosp",2021-06-21,"quantile",0.975,408.188120068422
"29785",2021-05-15,"37","37  day ahead inc hosp",2021-06-21,"quantile",0.99,492.566508272312
"29786",2021-05-15,"38","1  day ahead inc hosp",2021-05-16,"quantile",0.01,2.95884174791999
"29787",2021-05-15,"38","1  day ahead inc hosp",2021-05-16,"quantile",0.025,3.64342051148023
"29788",2021-05-15,"38","1  day ahead inc hosp",2021-05-16,"quantile",0.05,4.32170110622793
"29789",2021-05-15,"38","1  day ahead inc hosp",2021-05-16,"quantile",0.1,5.21660278555583
"29790",2021-05-15,"38","1  day ahead inc hosp",2021-05-16,"quantile",0.15,5.89436729999616
"29791",2021-05-15,"38","1  day ahead inc hosp",2021-05-16,"quantile",0.2,6.47848428921256
"29792",2021-05-15,"38","1  day ahead inc hosp",2021-05-16,"quantile",0.25,7.01330017366324
"29793",2021-05-15,"38","1  day ahead inc hosp",2021-05-16,"quantile",0.3,7.52119862783909
"29794",2021-05-15,"38","1  day ahead inc hosp",2021-05-16,"quantile",0.35,8.01601218050393
"29795",2021-05-15,"38","1  day ahead inc hosp",2021-05-16,"quantile",0.4,8.50774255460494
"29796",2021-05-15,"38","1  day ahead inc hosp",2021-05-16,"quantile",0.45,9.0047001473516
"29797",2021-05-15,"38","1  day ahead inc hosp",2021-05-16,"quantile",0.5,9.51472773384915
"29798",2021-05-15,"38","1  day ahead inc hosp",2021-05-16,"quantile",0.55,10.0461205774344
"29799",2021-05-15,"38","1  day ahead inc hosp",2021-05-16,"quantile",0.6,10.6085645670695
"29800",2021-05-15,"38","1  day ahead inc hosp",2021-05-16,"quantile",0.65,11.2143815495123
"29801",2021-05-15,"38","1  day ahead inc hosp",2021-05-16,"quantile",0.7,11.8805226745759
"29802",2021-05-15,"38","1  day ahead inc hosp",2021-05-16,"quantile",0.75,12.632227904507
"29803",2021-05-15,"38","1  day ahead inc hosp",2021-05-16,"quantile",0.8,13.510662680351
"29804",2021-05-15,"38","1  day ahead inc hosp",2021-05-16,"quantile",0.85,14.5915339901304
"29805",2021-05-15,"38","1  day ahead inc hosp",2021-05-16,"quantile",0.9,16.0421590204552
"29806",2021-05-15,"38","1  day ahead inc hosp",2021-05-16,"quantile",0.95,18.3878584186471
"29807",2021-05-15,"38","1  day ahead inc hosp",2021-05-16,"quantile",0.975,20.6228810299052
"29808",2021-05-15,"38","1  day ahead inc hosp",2021-05-16,"quantile",0.99,23.4710571759611
"29809",2021-05-15,"38","2  day ahead inc hosp",2021-05-17,"quantile",0.01,2.72011184585533
"29810",2021-05-15,"38","2  day ahead inc hosp",2021-05-17,"quantile",0.025,3.38065709258598
"29811",2021-05-15,"38","2  day ahead inc hosp",2021-05-17,"quantile",0.05,4.03915354417073
"29812",2021-05-15,"38","2  day ahead inc hosp",2021-05-17,"quantile",0.1,4.91281938132496
"29813",2021-05-15,"38","2  day ahead inc hosp",2021-05-17,"quantile",0.15,5.57753019172333
"29814",2021-05-15,"38","2  day ahead inc hosp",2021-05-17,"quantile",0.2,6.15217563813686
"29815",2021-05-15,"38","2  day ahead inc hosp",2021-05-17,"quantile",0.25,6.67959918537389
"29816",2021-05-15,"38","2  day ahead inc hosp",2021-05-17,"quantile",0.3,7.18150248229574
"29817",2021-05-15,"38","2  day ahead inc hosp",2021-05-17,"quantile",0.35,7.6713554904822
"29818",2021-05-15,"38","2  day ahead inc hosp",2021-05-17,"quantile",0.4,8.15895125926085
"29819",2021-05-15,"38","2  day ahead inc hosp",2021-05-17,"quantile",0.45,8.65247817578257
"29820",2021-05-15,"38","2  day ahead inc hosp",2021-05-17,"quantile",0.5,9.15971348291843
"29821",2021-05-15,"38","2  day ahead inc hosp",2021-05-17,"quantile",0.55,9.68893036063373
"29822",2021-05-15,"38","2  day ahead inc hosp",2021-05-17,"quantile",0.6,10.2498333160527
"29823",2021-05-15,"38","2  day ahead inc hosp",2021-05-17,"quantile",0.65,10.8548098305242
"29824",2021-05-15,"38","2  day ahead inc hosp",2021-05-17,"quantile",0.7,11.5209423613889
"29825",2021-05-15,"38","2  day ahead inc hosp",2021-05-17,"quantile",0.75,12.2737096897806
"29826",2021-05-15,"38","2  day ahead inc hosp",2021-05-17,"quantile",0.8,13.1547192701663
"29827",2021-05-15,"38","2  day ahead inc hosp",2021-05-17,"quantile",0.85,14.2405707900367
"29828",2021-05-15,"38","2  day ahead inc hosp",2021-05-17,"quantile",0.9,15.700726360805
"29829",2021-05-15,"38","2  day ahead inc hosp",2021-05-17,"quantile",0.95,18.067910514734
"29830",2021-05-15,"38","2  day ahead inc hosp",2021-05-17,"quantile",0.975,20.3294571580932
"29831",2021-05-15,"38","2  day ahead inc hosp",2021-05-17,"quantile",0.99,23.2187527094423
"29832",2021-05-15,"38","3  day ahead inc hosp",2021-05-18,"quantile",0.01,2.60039078441481
"29833",2021-05-15,"38","3  day ahead inc hosp",2021-05-18,"quantile",0.025,3.25730383737375
"29834",2021-05-15,"38","3  day ahead inc hosp",2021-05-18,"quantile",0.05,3.91557909469062
"29835",2021-05-15,"38","3  day ahead inc hosp",2021-05-18,"quantile",0.1,4.79306396108573
"29836",2021-05-15,"38","3  day ahead inc hosp",2021-05-18,"quantile",0.15,5.46324141690047
"29837",2021-05-15,"38","3  day ahead inc hosp",2021-05-18,"quantile",0.2,6.04411667057261
"29838",2021-05-15,"38","3  day ahead inc hosp",2021-05-18,"quantile",0.25,6.57834058869478
"29839",2021-05-15,"38","3  day ahead inc hosp",2021-05-18,"quantile",0.3,7.08758259023615
"29840",2021-05-15,"38","3  day ahead inc hosp",2021-05-18,"quantile",0.35,7.58534306637182
"29841",2021-05-15,"38","3  day ahead inc hosp",2021-05-18,"quantile",0.4,8.08148297550333
"29842",2021-05-15,"38","3  day ahead inc hosp",2021-05-18,"quantile",0.45,8.58429134179107
"29843",2021-05-15,"38","3  day ahead inc hosp",2021-05-18,"quantile",0.5,9.10168315133457
"29844",2021-05-15,"38","3  day ahead inc hosp",2021-05-18,"quantile",0.55,9.64211804769491
"29845",2021-05-15,"38","3  day ahead inc hosp",2021-05-18,"quantile",0.6,10.2155566479898
"29846",2021-05-15,"38","3  day ahead inc hosp",2021-05-18,"quantile",0.65,10.8347485683042
"29847",2021-05-15,"38","3  day ahead inc hosp",2021-05-18,"quantile",0.7,11.517310048503
"29848",2021-05-15,"38","3  day ahead inc hosp",2021-05-18,"quantile",0.75,12.2895523613888
"29849",2021-05-15,"38","3  day ahead inc hosp",2021-05-18,"quantile",0.8,13.1944866317727
"29850",2021-05-15,"38","3  day ahead inc hosp",2021-05-18,"quantile",0.85,14.3113641496485
"29851",2021-05-15,"38","3  day ahead inc hosp",2021-05-18,"quantile",0.9,15.8156591523687
"29852",2021-05-15,"38","3  day ahead inc hosp",2021-05-18,"quantile",0.95,18.2595659203896
"29853",2021-05-15,"38","3  day ahead inc hosp",2021-05-18,"quantile",0.975,20.5995606687143
"29854",2021-05-15,"38","3  day ahead inc hosp",2021-05-18,"quantile",0.99,23.5953092153365
"29855",2021-05-15,"38","4  day ahead inc hosp",2021-05-19,"quantile",0.01,2.36997126435417
"29856",2021-05-15,"38","4  day ahead inc hosp",2021-05-19,"quantile",0.025,3.0098928608135
"29857",2021-05-15,"38","4  day ahead inc hosp",2021-05-19,"quantile",0.05,3.65699113984402
"29858",2021-05-15,"38","4  day ahead inc hosp",2021-05-19,"quantile",0.1,4.52668229494986
"29859",2021-05-15,"38","4  day ahead inc hosp",2021-05-19,"quantile",0.15,5.19534438693348
"29860",2021-05-15,"38","4  day ahead inc hosp",2021-05-19,"quantile",0.2,5.77751744402196
"29861",2021-05-15,"38","4  day ahead inc hosp",2021-05-19,"quantile",0.25,6.3148176790798
"29862",2021-05-15,"38","4  day ahead inc hosp",2021-05-19,"quantile",0.3,6.82850283239773
"29863",2021-05-15,"38","4  day ahead inc hosp",2021-05-19,"quantile",0.35,7.33190534082138
"29864",2021-05-15,"38","4  day ahead inc hosp",2021-05-19,"quantile",0.4,7.83484397465405
"29865",2021-05-15,"38","4  day ahead inc hosp",2021-05-19,"quantile",0.45,8.34564927727163
"29866",2021-05-15,"38","4  day ahead inc hosp",2021-05-19,"quantile",0.5,8.87234965567388
"29867",2021-05-15,"38","4  day ahead inc hosp",2021-05-19,"quantile",0.55,9.42359561856378
"29868",2021-05-15,"38","4  day ahead inc hosp",2021-05-19,"quantile",0.6,10.009637514371
"29869",2021-05-15,"38","4  day ahead inc hosp",2021-05-19,"quantile",0.65,10.6436569483167
"29870",2021-05-15,"38","4  day ahead inc hosp",2021-05-19,"quantile",0.7,11.3439267504462
"29871",2021-05-15,"38","4  day ahead inc hosp",2021-05-19,"quantile",0.75,12.1378020881153
"29872",2021-05-15,"38","4  day ahead inc hosp",2021-05-19,"quantile",0.8,13.0700777327958
"29873",2021-05-15,"38","4  day ahead inc hosp",2021-05-19,"quantile",0.85,14.2234099200033
"29874",2021-05-15,"38","4  day ahead inc hosp",2021-05-19,"quantile",0.9,15.781069737402
"29875",2021-05-15,"38","4  day ahead inc hosp",2021-05-19,"quantile",0.95,18.3207977598829
"29876",2021-05-15,"38","4  day ahead inc hosp",2021-05-19,"quantile",0.975,20.7616512249712
"29877",2021-05-15,"38","4  day ahead inc hosp",2021-05-19,"quantile",0.99,23.8975654516095
"29878",2021-05-15,"38","5  day ahead inc hosp",2021-05-20,"quantile",0.01,2.09579715597814
"29879",2021-05-15,"38","5  day ahead inc hosp",2021-05-20,"quantile",0.025,2.69696622091709
"29880",2021-05-15,"38","5  day ahead inc hosp",2021-05-20,"quantile",0.05,3.31015389532441
"29881",2021-05-15,"38","5  day ahead inc hosp",2021-05-20,"quantile",0.1,4.14069440574368
"29882",2021-05-15,"38","5  day ahead inc hosp",2021-05-20,"quantile",0.15,4.78327181106103
"29883",2021-05-15,"38","5  day ahead inc hosp",2021-05-20,"quantile",0.2,5.34509955914035
"29884",2021-05-15,"38","5  day ahead inc hosp",2021-05-20,"quantile",0.25,5.86532942558343
"29885",2021-05-15,"38","5  day ahead inc hosp",2021-05-20,"quantile",0.3,6.36406489972218
"29886",2021-05-15,"38","5  day ahead inc hosp",2021-05-20,"quantile",0.35,6.85399616865007
"29887",2021-05-15,"38","5  day ahead inc hosp",2021-05-20,"quantile",0.4,7.34454324423112
"29888",2021-05-15,"38","5  day ahead inc hosp",2021-05-20,"quantile",0.45,7.84376903651411
"29889",2021-05-15,"38","5  day ahead inc hosp",2021-05-20,"quantile",0.5,8.35951131969999
"29890",2021-05-15,"38","5  day ahead inc hosp",2021-05-20,"quantile",0.55,8.9002782746889
"29891",2021-05-15,"38","5  day ahead inc hosp",2021-05-20,"quantile",0.6,9.47621013101553
"29892",2021-05-15,"38","5  day ahead inc hosp",2021-05-20,"quantile",0.65,10.1004017272018
"29893",2021-05-15,"38","5  day ahead inc hosp",2021-05-20,"quantile",0.7,10.7910591191034
"29894",2021-05-15,"38","5  day ahead inc hosp",2021-05-20,"quantile",0.75,11.575494264036
"29895",2021-05-15,"38","5  day ahead inc hosp",2021-05-20,"quantile",0.8,12.4985007737984
"29896",2021-05-15,"38","5  day ahead inc hosp",2021-05-20,"quantile",0.85,13.642840210939
"29897",2021-05-15,"38","5  day ahead inc hosp",2021-05-20,"quantile",0.9,15.1922525721978
"29898",2021-05-15,"38","5  day ahead inc hosp",2021-05-20,"quantile",0.95,17.7268834757106
"29899",2021-05-15,"38","5  day ahead inc hosp",2021-05-20,"quantile",0.975,20.1711847172294
"29900",2021-05-15,"38","5  day ahead inc hosp",2021-05-20,"quantile",0.99,23.3216539675561
"29901",2021-05-15,"38","6  day ahead inc hosp",2021-05-21,"quantile",0.01,2.10789179519877
"29902",2021-05-15,"38","6  day ahead inc hosp",2021-05-21,"quantile",0.025,2.73284522329805
"29903",2021-05-15,"38","6  day ahead inc hosp",2021-05-21,"quantile",0.05,3.37341417447537
"29904",2021-05-15,"38","6  day ahead inc hosp",2021-05-21,"quantile",0.1,4.24484280860332
"29905",2021-05-15,"38","6  day ahead inc hosp",2021-05-21,"quantile",0.15,4.92142922196229
"29906",2021-05-15,"38","6  day ahead inc hosp",2021-05-21,"quantile",0.2,5.51438975536477
"29907",2021-05-15,"38","6  day ahead inc hosp",2021-05-21,"quantile",0.25,6.06445543858731
"29908",2021-05-15,"38","6  day ahead inc hosp",2021-05-21,"quantile",0.3,6.59260334655597
"29909",2021-05-15,"38","6  day ahead inc hosp",2021-05-21,"quantile",0.35,7.11212419299116
"29910",2021-05-15,"38","6  day ahead inc hosp",2021-05-21,"quantile",0.4,7.63292829415282
"29911",2021-05-15,"38","6  day ahead inc hosp",2021-05-21,"quantile",0.45,8.16354041650077
"29912",2021-05-15,"38","6  day ahead inc hosp",2021-05-21,"quantile",0.5,8.71228718538281
"29913",2021-05-15,"38","6  day ahead inc hosp",2021-05-21,"quantile",0.55,9.28824457834956
"29914",2021-05-15,"38","6  day ahead inc hosp",2021-05-21,"quantile",0.6,9.90226379457037
"29915",2021-05-15,"38","6  day ahead inc hosp",2021-05-21,"quantile",0.65,10.5683897783805
"29916",2021-05-15,"38","6  day ahead inc hosp",2021-05-21,"quantile",0.7,11.3061806905085
"29917",2021-05-15,"38","6  day ahead inc hosp",2021-05-21,"quantile",0.75,12.1450099292777
"29918",2021-05-15,"38","6  day ahead inc hosp",2021-05-21,"quantile",0.8,13.1330926983832
"29919",2021-05-15,"38","6  day ahead inc hosp",2021-05-21,"quantile",0.85,14.3595754515452
"29920",2021-05-15,"38","6  day ahead inc hosp",2021-05-21,"quantile",0.9,16.0225121479643
"29921",2021-05-15,"38","6  day ahead inc hosp",2021-05-21,"quantile",0.95,18.7477918669874
"29922",2021-05-15,"38","6  day ahead inc hosp",2021-05-21,"quantile",0.975,21.3808836578162
"29923",2021-05-15,"38","6  day ahead inc hosp",2021-05-21,"quantile",0.99,24.7806745336843
"29924",2021-05-15,"38","7  day ahead inc hosp",2021-05-22,"quantile",0.01,1.90412366912303
"29925",2021-05-15,"38","7  day ahead inc hosp",2021-05-22,"quantile",0.025,2.49985706778798
"29926",2021-05-15,"38","7  day ahead inc hosp",2021-05-22,"quantile",0.05,3.11550345205577
"29927",2021-05-15,"38","7  day ahead inc hosp",2021-05-22,"quantile",0.1,3.9591719309634
"29928",2021-05-15,"38","7  day ahead inc hosp",2021-05-22,"quantile",0.15,4.61805236731209
"29929",2021-05-15,"38","7  day ahead inc hosp",2021-05-22,"quantile",0.2,5.19776398760974
"29930",2021-05-15,"38","7  day ahead inc hosp",2021-05-22,"quantile",0.25,5.73717795996038
"29931",2021-05-15,"38","7  day ahead inc hosp",2021-05-22,"quantile",0.3,6.25641578743696
"29932",2021-05-15,"38","7  day ahead inc hosp",2021-05-22,"quantile",0.35,6.76830658009185
"29933",2021-05-15,"38","7  day ahead inc hosp",2021-05-22,"quantile",0.4,7.28248951497567
"29934",2021-05-15,"38","7  day ahead inc hosp",2021-05-22,"quantile",0.45,7.80732521818889
"29935",2021-05-15,"38","7  day ahead inc hosp",2021-05-22,"quantile",0.5,8.35104511747408
"29936",2021-05-15,"38","7  day ahead inc hosp",2021-05-22,"quantile",0.55,8.92268185248847
"29937",2021-05-15,"38","7  day ahead inc hosp",2021-05-22,"quantile",0.6,9.5330904185833
"29938",2021-05-15,"38","7  day ahead inc hosp",2021-05-22,"quantile",0.65,10.1963725183298
"29939",2021-05-15,"38","7  day ahead inc hosp",2021-05-22,"quantile",0.7,10.9322158704665
"29940",2021-05-15,"38","7  day ahead inc hosp",2021-05-22,"quantile",0.75,11.7702421911504
"29941",2021-05-15,"38","7  day ahead inc hosp",2021-05-22,"quantile",0.8,12.7591406369041
"29942",2021-05-15,"38","7  day ahead inc hosp",2021-05-22,"quantile",0.85,13.9890373675063
"29943",2021-05-15,"38","7  day ahead inc hosp",2021-05-22,"quantile",0.9,15.6603914271165
"29944",2021-05-15,"38","7  day ahead inc hosp",2021-05-22,"quantile",0.95,18.4075979310373
"29945",2021-05-15,"38","7  day ahead inc hosp",2021-05-22,"quantile",0.975,21.0700138530598
"29946",2021-05-15,"38","7  day ahead inc hosp",2021-05-22,"quantile",0.99,24.517555946448
"29947",2021-05-15,"38","8  day ahead inc hosp",2021-05-23,"quantile",0.01,1.95484399368003
"29948",2021-05-15,"38","8  day ahead inc hosp",2021-05-23,"quantile",0.025,2.58050942375106
"29949",2021-05-15,"38","8  day ahead inc hosp",2021-05-23,"quantile",0.05,3.22939463530187
"29950",2021-05-15,"38","8  day ahead inc hosp",2021-05-23,"quantile",0.1,4.12142984557567
"29951",2021-05-15,"38","8  day ahead inc hosp",2021-05-23,"quantile",0.15,4.81984486313008
"29952",2021-05-15,"38","8  day ahead inc hosp",2021-05-23,"quantile",0.2,5.43537836698753
"29953",2021-05-15,"38","8  day ahead inc hosp",2021-05-23,"quantile",0.25,6.00887326885673
"29954",2021-05-15,"38","8  day ahead inc hosp",2021-05-23,"quantile",0.3,6.5615191913765
"29955",2021-05-15,"38","8  day ahead inc hosp",2021-05-23,"quantile",0.35,7.10686365458914
"29956",2021-05-15,"38","8  day ahead inc hosp",2021-05-23,"quantile",0.4,7.65511948293646
"29957",2021-05-15,"38","8  day ahead inc hosp",2021-05-23,"quantile",0.45,8.21517672217002
"29958",2021-05-15,"38","8  day ahead inc hosp",2021-05-23,"quantile",0.5,8.7958178734101
"29959",2021-05-15,"38","8  day ahead inc hosp",2021-05-23,"quantile",0.55,9.40670778992083
"29960",2021-05-15,"38","8  day ahead inc hosp",2021-05-23,"quantile",0.6,10.0594864071311
"29961",2021-05-15,"38","8  day ahead inc hosp",2021-05-23,"quantile",0.65,10.7692985328306
"29962",2021-05-15,"38","8  day ahead inc hosp",2021-05-23,"quantile",0.7,11.557310952049
"29963",2021-05-15,"38","8  day ahead inc hosp",2021-05-23,"quantile",0.75,12.4553949828792
"29964",2021-05-15,"38","8  day ahead inc hosp",2021-05-23,"quantile",0.8,13.5159674392304
"29965",2021-05-15,"38","8  day ahead inc hosp",2021-05-23,"quantile",0.85,14.8361014785211
"29966",2021-05-15,"38","8  day ahead inc hosp",2021-05-23,"quantile",0.9,16.6318117202212
"29967",2021-05-15,"38","8  day ahead inc hosp",2021-05-23,"quantile",0.95,19.5871354073531
"29968",2021-05-15,"38","8  day ahead inc hosp",2021-05-23,"quantile",0.975,22.4549602278567
"29969",2021-05-15,"38","8  day ahead inc hosp",2021-05-23,"quantile",0.99,26.1729976020426
"29970",2021-05-15,"38","9  day ahead inc hosp",2021-05-24,"quantile",0.01,2.02367939042944
"29971",2021-05-15,"38","9  day ahead inc hosp",2021-05-24,"quantile",0.025,2.68104793283682
"29972",2021-05-15,"38","9  day ahead inc hosp",2021-05-24,"quantile",0.05,3.36441821462974
"29973",2021-05-15,"38","9  day ahead inc hosp",2021-05-24,"quantile",0.1,4.3058220977354
"29974",2021-05-15,"38","9  day ahead inc hosp",2021-05-24,"quantile",0.15,5.04411646261663
"29975",2021-05-15,"38","9  day ahead inc hosp",2021-05-24,"quantile",0.2,5.69551908426786
"29976",2021-05-15,"38","9  day ahead inc hosp",2021-05-24,"quantile",0.25,6.30295483987369
"29977",2021-05-15,"38","9  day ahead inc hosp",2021-05-24,"quantile",0.3,6.88872671716283
"29978",2021-05-15,"38","9  day ahead inc hosp",2021-05-24,"quantile",0.35,7.46712027427322
"29979",2021-05-15,"38","9  day ahead inc hosp",2021-05-24,"quantile",0.4,8.0489284258586
"29980",2021-05-15,"38","9  day ahead inc hosp",2021-05-24,"quantile",0.45,8.64356843882843
"29981",2021-05-15,"38","9  day ahead inc hosp",2021-05-24,"quantile",0.5,9.26036444878112
"29982",2021-05-15,"38","9  day ahead inc hosp",2021-05-24,"quantile",0.55,9.90959647292153
"29983",2021-05-15,"38","9  day ahead inc hosp",2021-05-24,"quantile",0.6,10.6036627835281
"29984",2021-05-15,"38","9  day ahead inc hosp",2021-05-24,"quantile",0.65,11.3587110670588
"29985",2021-05-15,"38","9  day ahead inc hosp",2021-05-24,"quantile",0.7,12.1973255178597
"29986",2021-05-15,"38","9  day ahead inc hosp",2021-05-24,"quantile",0.75,13.1535284652475
"29987",2021-05-15,"38","9  day ahead inc hosp",2021-05-24,"quantile",0.8,14.2832951647058
"29988",2021-05-15,"38","9  day ahead inc hosp",2021-05-24,"quantile",0.85,15.6903214216275
"29989",2021-05-15,"38","9  day ahead inc hosp",2021-05-24,"quantile",0.9,17.6054315108452
"29990",2021-05-15,"38","9  day ahead inc hosp",2021-05-24,"quantile",0.95,20.7598473571603
"29991",2021-05-15,"38","9  day ahead inc hosp",2021-05-24,"quantile",0.975,23.8234592427086
"29992",2021-05-15,"38","9  day ahead inc hosp",2021-05-24,"quantile",0.99,27.7984737847726
"29993",2021-05-15,"38","10  day ahead inc hosp",2021-05-25,"quantile",0.01,1.79359622791295
"29994",2021-05-15,"38","10  day ahead inc hosp",2021-05-25,"quantile",0.025,2.41232830848864
"29995",2021-05-15,"38","10  day ahead inc hosp",2021-05-25,"quantile",0.05,3.06186219723321
"29996",2021-05-15,"38","10  day ahead inc hosp",2021-05-25,"quantile",0.1,3.96442744203969
"29997",2021-05-15,"38","10  day ahead inc hosp",2021-05-25,"quantile",0.15,4.67714334621482
"29998",2021-05-15,"38","10  day ahead inc hosp",2021-05-25,"quantile",0.2,5.30886172331286
"29999",2021-05-15,"38","10  day ahead inc hosp",2021-05-25,"quantile",0.25,5.9000286150677
"30000",2021-05-15,"38","10  day ahead inc hosp",2021-05-25,"quantile",0.3,6.47179168006907
"30001",2021-05-15,"38","10  day ahead inc hosp",2021-05-25,"quantile",0.35,7.03780164853641
"30002",2021-05-15,"38","10  day ahead inc hosp",2021-05-25,"quantile",0.4,7.60846718880292
"30003",2021-05-15,"38","10  day ahead inc hosp",2021-05-25,"quantile",0.45,8.19295983832516
"30004",2021-05-15,"38","10  day ahead inc hosp",2021-05-25,"quantile",0.5,8.80044398859132
"30005",2021-05-15,"38","10  day ahead inc hosp",2021-05-25,"quantile",0.55,9.44110028405304
"30006",2021-05-15,"38","10  day ahead inc hosp",2021-05-25,"quantile",0.6,10.1272772281102
"30007",2021-05-15,"38","10  day ahead inc hosp",2021-05-25,"quantile",0.65,10.8751227372277
"30008",2021-05-15,"38","10  day ahead inc hosp",2021-05-25,"quantile",0.7,11.7072846909923
"30009",2021-05-15,"38","10  day ahead inc hosp",2021-05-25,"quantile",0.75,12.6579490213364
"30010",2021-05-15,"38","10  day ahead inc hosp",2021-05-25,"quantile",0.8,13.7834443401478
"30011",2021-05-15,"38","10  day ahead inc hosp",2021-05-25,"quantile",0.85,15.1882535969437
"30012",2021-05-15,"38","10  day ahead inc hosp",2021-05-25,"quantile",0.9,17.1052489415205
"30013",2021-05-15,"38","10  day ahead inc hosp",2021-05-25,"quantile",0.95,20.2733193644142
"30014",2021-05-15,"38","10  day ahead inc hosp",2021-05-25,"quantile",0.975,23.3607693104682
"30015",2021-05-15,"38","10  day ahead inc hosp",2021-05-25,"quantile",0.99,27.3795883148084
"30016",2021-05-15,"38","11  day ahead inc hosp",2021-05-26,"quantile",0.01,1.7261975755178
"30017",2021-05-15,"38","11  day ahead inc hosp",2021-05-26,"quantile",0.025,2.34210004501418
"30018",2021-05-15,"38","11  day ahead inc hosp",2021-05-26,"quantile",0.05,2.99233908899029
"30019",2021-05-15,"38","11  day ahead inc hosp",2021-05-26,"quantile",0.1,3.90040029215781
"30020",2021-05-15,"38","11  day ahead inc hosp",2021-05-26,"quantile",0.15,4.62028908539111
"30021",2021-05-15,"38","11  day ahead inc hosp",2021-05-26,"quantile",0.2,5.26003793822997
"30022",2021-05-15,"38","11  day ahead inc hosp",2021-05-26,"quantile",0.25,5.85992991949694
"30023",2021-05-15,"38","11  day ahead inc hosp",2021-05-26,"quantile",0.3,6.44110569725608
"30024",2021-05-15,"38","11  day ahead inc hosp",2021-05-26,"quantile",0.35,7.01727365850843
"30025",2021-05-15,"38","11  day ahead inc hosp",2021-05-26,"quantile",0.4,7.59894263800524
"30026",2021-05-15,"38","11  day ahead inc hosp",2021-05-26,"quantile",0.45,8.19542486995997
"30027",2021-05-15,"38","11  day ahead inc hosp",2021-05-26,"quantile",0.5,8.81607388648119
"30028",2021-05-15,"38","11  day ahead inc hosp",2021-05-26,"quantile",0.55,9.47132471682863
"30029",2021-05-15,"38","11  day ahead inc hosp",2021-05-26,"quantile",0.6,10.1738746112331
"30030",2021-05-15,"38","11  day ahead inc hosp",2021-05-26,"quantile",0.65,10.9403647162013
"30031",2021-05-15,"38","11  day ahead inc hosp",2021-05-26,"quantile",0.7,11.7941708594853
"30032",2021-05-15,"38","11  day ahead inc hosp",2021-05-26,"quantile",0.75,12.7706164668697
"30033",2021-05-15,"38","11  day ahead inc hosp",2021-05-26,"quantile",0.8,13.9279527245466
"30034",2021-05-15,"38","11  day ahead inc hosp",2021-05-26,"quantile",0.85,15.374305151849
"30035",2021-05-15,"38","11  day ahead inc hosp",2021-05-26,"quantile",0.9,17.3508357385606
"30036",2021-05-15,"38","11  day ahead inc hosp",2021-05-26,"quantile",0.95,20.6234218434151
"30037",2021-05-15,"38","11  day ahead inc hosp",2021-05-26,"quantile",0.975,23.8188701415102
"30038",2021-05-15,"38","11  day ahead inc hosp",2021-05-26,"quantile",0.99,27.9857444591002
"30039",2021-05-15,"38","12  day ahead inc hosp",2021-05-27,"quantile",0.01,1.73495650876068
"30040",2021-05-15,"38","12  day ahead inc hosp",2021-05-27,"quantile",0.025,2.3681780058164
"30041",2021-05-15,"38","12  day ahead inc hosp",2021-05-27,"quantile",0.05,3.03930336295571
"30042",2021-05-15,"38","12  day ahead inc hosp",2021-05-27,"quantile",0.1,3.9797305652498
"30043",2021-05-15,"38","12  day ahead inc hosp",2021-05-27,"quantile",0.15,4.72728422499228
"30044",2021-05-15,"38","12  day ahead inc hosp",2021-05-27,"quantile",0.2,5.39280243508029
"30045",2021-05-15,"38","12  day ahead inc hosp",2021-05-27,"quantile",0.25,6.01771502089678
"30046",2021-05-15,"38","12  day ahead inc hosp",2021-05-27,"quantile",0.3,6.62382037279169
"30047",2021-05-15,"38","12  day ahead inc hosp",2021-05-27,"quantile",0.35,7.22529786063752
"30048",2021-05-15,"38","12  day ahead inc hosp",2021-05-27,"quantile",0.4,7.83305752927106
"30049",2021-05-15,"38","12  day ahead inc hosp",2021-05-27,"quantile",0.45,8.45680446766478
"30050",2021-05-15,"38","12  day ahead inc hosp",2021-05-27,"quantile",0.5,9.1063212189253
"30051",2021-05-15,"38","12  day ahead inc hosp",2021-05-27,"quantile",0.55,9.79255267660157
"30052",2021-05-15,"38","12  day ahead inc hosp",2021-05-27,"quantile",0.6,10.5288447724184
"30053",2021-05-15,"38","12  day ahead inc hosp",2021-05-27,"quantile",0.65,11.3327149374047
"30054",2021-05-15,"38","12  day ahead inc hosp",2021-05-27,"quantile",0.7,12.2287953206031
"30055",2021-05-15,"38","12  day ahead inc hosp",2021-05-27,"quantile",0.75,13.254334980476
"30056",2021-05-15,"38","12  day ahead inc hosp",2021-05-27,"quantile",0.8,14.4707946612239
"30057",2021-05-15,"38","12  day ahead inc hosp",2021-05-27,"quantile",0.85,15.9923114419583
"30058",2021-05-15,"38","12  day ahead inc hosp",2021-05-27,"quantile",0.9,18.073576767939
"30059",2021-05-15,"38","12  day ahead inc hosp",2021-05-27,"quantile",0.95,21.5239209186845
"30060",2021-05-15,"38","12  day ahead inc hosp",2021-05-27,"quantile",0.975,24.8972957248147
"30061",2021-05-15,"38","12  day ahead inc hosp",2021-05-27,"quantile",0.99,29.3014938156944
"30062",2021-05-15,"38","13  day ahead inc hosp",2021-05-28,"quantile",0.01,1.6693712659205
"30063",2021-05-15,"38","13  day ahead inc hosp",2021-05-28,"quantile",0.025,2.29876253730548
"30064",2021-05-15,"38","13  day ahead inc hosp",2021-05-28,"quantile",0.05,2.9696185848141
"30065",2021-05-15,"38","13  day ahead inc hosp",2021-05-28,"quantile",0.1,3.91433796715452
"30066",2021-05-15,"38","13  day ahead inc hosp",2021-05-28,"quantile",0.15,4.6682362977314
"30067",2021-05-15,"38","13  day ahead inc hosp",2021-05-28,"quantile",0.2,5.34113620888415
"30068",2021-05-15,"38","13  day ahead inc hosp",2021-05-28,"quantile",0.25,5.97423505922538
"30069",2021-05-15,"38","13  day ahead inc hosp",2021-05-28,"quantile",0.3,6.58929116276653
"30070",2021-05-15,"38","13  day ahead inc hosp",2021-05-28,"quantile",0.35,7.20052343384096
"30071",2021-05-15,"38","13  day ahead inc hosp",2021-05-28,"quantile",0.4,7.81893154364062
"30072",2021-05-15,"38","13  day ahead inc hosp",2021-05-28,"quantile",0.45,8.45435523447184
"30073",2021-05-15,"38","13  day ahead inc hosp",2021-05-28,"quantile",0.5,9.11676328221146
"30074",2021-05-15,"38","13  day ahead inc hosp",2021-05-28,"quantile",0.55,9.81735468913809
"30075",2021-05-15,"38","13  day ahead inc hosp",2021-05-28,"quantile",0.6,10.5698265749416
"30076",2021-05-15,"38","13  day ahead inc hosp",2021-05-28,"quantile",0.65,11.392195466507
"30077",2021-05-15,"38","13  day ahead inc hosp",2021-05-28,"quantile",0.7,12.3098324285827
"30078",2021-05-15,"38","13  day ahead inc hosp",2021-05-28,"quantile",0.75,13.3611437053454
"30079",2021-05-15,"38","13  day ahead inc hosp",2021-05-28,"quantile",0.8,14.6095493156614
"30080",2021-05-15,"38","13  day ahead inc hosp",2021-05-28,"quantile",0.85,16.1729043131052
"30081",2021-05-15,"38","13  day ahead inc hosp",2021-05-28,"quantile",0.9,18.3143756930419
"30082",2021-05-15,"38","13  day ahead inc hosp",2021-05-28,"quantile",0.95,21.8709455620331
"30083",2021-05-15,"38","13  day ahead inc hosp",2021-05-28,"quantile",0.975,25.3546142243543
"30084",2021-05-15,"38","13  day ahead inc hosp",2021-05-28,"quantile",0.99,29.9106545905727
"30085",2021-05-15,"38","14  day ahead inc hosp",2021-05-29,"quantile",0.01,1.59818982160504
"30086",2021-05-15,"38","14  day ahead inc hosp",2021-05-29,"quantile",0.025,2.22179210299396
"30087",2021-05-15,"38","14  day ahead inc hosp",2021-05-29,"quantile",0.05,2.89056114499427
"30088",2021-05-15,"38","14  day ahead inc hosp",2021-05-29,"quantile",0.1,3.83738184637148
"30089",2021-05-15,"38","14  day ahead inc hosp",2021-05-29,"quantile",0.15,4.59612564662695
"30090",2021-05-15,"38","14  day ahead inc hosp",2021-05-29,"quantile",0.2,5.27522442503051
"30091",2021-05-15,"38","14  day ahead inc hosp",2021-05-29,"quantile",0.25,5.91551314393662
"30092",2021-05-15,"38","14  day ahead inc hosp",2021-05-29,"quantile",0.3,6.53864839007094
"30093",2021-05-15,"38","14  day ahead inc hosp",2021-05-29,"quantile",0.35,7.15885431144366
"30094",2021-05-15,"38","14  day ahead inc hosp",2021-05-29,"quantile",0.4,7.7871992525261
"30095",2021-05-15,"38","14  day ahead inc hosp",2021-05-29,"quantile",0.45,8.43364414921808
"30096",2021-05-15,"38","14  day ahead inc hosp",2021-05-29,"quantile",0.5,9.10833528825952
"30097",2021-05-15,"38","14  day ahead inc hosp",2021-05-29,"quantile",0.55,9.82272047634017
"30098",2021-05-15,"38","14  day ahead inc hosp",2021-05-29,"quantile",0.6,10.5908456386985
"30099",2021-05-15,"38","14  day ahead inc hosp",2021-05-29,"quantile",0.65,11.4312271098421
"30100",2021-05-15,"38","14  day ahead inc hosp",2021-05-29,"quantile",0.7,12.3699796975354
"30101",2021-05-15,"38","14  day ahead inc hosp",2021-05-29,"quantile",0.75,13.4466783686728
"30102",2021-05-15,"38","14  day ahead inc hosp",2021-05-29,"quantile",0.8,14.726726988617
"30103",2021-05-15,"38","14  day ahead inc hosp",2021-05-29,"quantile",0.85,16.3317534166653
"30104",2021-05-15,"38","14  day ahead inc hosp",2021-05-29,"quantile",0.9,18.5335440694344
"30105",2021-05-15,"38","14  day ahead inc hosp",2021-05-29,"quantile",0.95,22.1972787844351
"30106",2021-05-15,"38","14  day ahead inc hosp",2021-05-29,"quantile",0.975,25.7929303039178
"30107",2021-05-15,"38","14  day ahead inc hosp",2021-05-29,"quantile",0.99,30.5039788448077
"30108",2021-05-15,"38","15  day ahead inc hosp",2021-05-30,"quantile",0.01,1.47738938731052
"30109",2021-05-15,"38","15  day ahead inc hosp",2021-05-30,"quantile",0.025,2.09661426358886
"30110",2021-05-15,"38","15  day ahead inc hosp",2021-05-30,"quantile",0.05,2.76951754989619
"30111",2021-05-15,"38","15  day ahead inc hosp",2021-05-30,"quantile",0.1,3.73315732493315
"30112",2021-05-15,"38","15  day ahead inc hosp",2021-05-30,"quantile",0.15,4.51230231444056
"30113",2021-05-15,"38","15  day ahead inc hosp",2021-05-30,"quantile",0.2,5.21376876851331
"30114",2021-05-15,"38","15  day ahead inc hosp",2021-05-30,"quantile",0.25,5.87813011955315
"30115",2021-05-15,"38","15  day ahead inc hosp",2021-05-30,"quantile",0.3,6.52710206096306
"30116",2021-05-15,"38","15  day ahead inc hosp",2021-05-30,"quantile",0.35,7.17510664575899
"30117",2021-05-15,"38","15  day ahead inc hosp",2021-05-30,"quantile",0.4,7.83350963516473
"30118",2021-05-15,"38","15  day ahead inc hosp",2021-05-30,"quantile",0.45,8.51267192210024
"30119",2021-05-15,"38","15  day ahead inc hosp",2021-05-30,"quantile",0.5,9.22326791213552
"30120",2021-05-15,"38","15  day ahead inc hosp",2021-05-30,"quantile",0.55,9.97744985694652
"30121",2021-05-15,"38","15  day ahead inc hosp",2021-05-30,"quantile",0.6,10.7902256378503
"30122",2021-05-15,"38","15  day ahead inc hosp",2021-05-30,"quantile",0.65,11.6814696348037
"30123",2021-05-15,"38","15  day ahead inc hosp",2021-05-30,"quantile",0.7,12.6792996472126
"30124",2021-05-15,"38","15  day ahead inc hosp",2021-05-30,"quantile",0.75,13.8264204852186
"30125",2021-05-15,"38","15  day ahead inc hosp",2021-05-30,"quantile",0.8,15.1935281152579
"30126",2021-05-15,"38","15  day ahead inc hosp",2021-05-30,"quantile",0.85,16.9122840091011
"30127",2021-05-15,"38","15  day ahead inc hosp",2021-05-30,"quantile",0.9,19.277332479146
"30128",2021-05-15,"38","15  day ahead inc hosp",2021-05-30,"quantile",0.95,23.2283831902244
"30129",2021-05-15,"38","15  day ahead inc hosp",2021-05-30,"quantile",0.975,27.1217631190631
"30130",2021-05-15,"38","15  day ahead inc hosp",2021-05-30,"quantile",0.99,32.2421440939746
"30131",2021-05-15,"38","16  day ahead inc hosp",2021-05-31,"quantile",0.01,1.38947691042131
"30132",2021-05-15,"38","16  day ahead inc hosp",2021-05-31,"quantile",0.025,1.99686255051119
"30133",2021-05-15,"38","16  day ahead inc hosp",2021-05-31,"quantile",0.05,2.66223112839331
"30134",2021-05-15,"38","16  day ahead inc hosp",2021-05-31,"quantile",0.1,3.62170448130096
"30135",2021-05-15,"38","16  day ahead inc hosp",2021-05-31,"quantile",0.15,4.40165841658221
"30136",2021-05-15,"38","16  day ahead inc hosp",2021-05-31,"quantile",0.2,5.10633018793557
"30137",2021-05-15,"38","16  day ahead inc hosp",2021-05-31,"quantile",0.25,5.77552565674424
"30138",2021-05-15,"38","16  day ahead inc hosp",2021-05-31,"quantile",0.3,6.43067177205403
"30139",2021-05-15,"38","16  day ahead inc hosp",2021-05-31,"quantile",0.35,7.08609712305305
"30140",2021-05-15,"38","16  day ahead inc hosp",2021-05-31,"quantile",0.4,7.75318196681521
"30141",2021-05-15,"38","16  day ahead inc hosp",2021-05-31,"quantile",0.45,8.44238098987178
"30142",2021-05-15,"38","16  day ahead inc hosp",2021-05-31,"quantile",0.5,9.16453800879975
"30143",2021-05-15,"38","16  day ahead inc hosp",2021-05-31,"quantile",0.55,9.93206301195299
"30144",2021-05-15,"38","16  day ahead inc hosp",2021-05-31,"quantile",0.6,10.7603401344295
"30145",2021-05-15,"38","16  day ahead inc hosp",2021-05-31,"quantile",0.65,11.6697952056794
"30146",2021-05-15,"38","16  day ahead inc hosp",2021-05-31,"quantile",0.7,12.6893780240504
"30147",2021-05-15,"38","16  day ahead inc hosp",2021-05-31,"quantile",0.75,13.8631130135976
"30148",2021-05-15,"38","16  day ahead inc hosp",2021-05-31,"quantile",0.8,15.2639519065314
"30149",2021-05-15,"38","16  day ahead inc hosp",2021-05-31,"quantile",0.85,17.0278723982609
"30150",2021-05-15,"38","16  day ahead inc hosp",2021-05-31,"quantile",0.9,19.4594413531865
"30151",2021-05-15,"38","16  day ahead inc hosp",2021-05-31,"quantile",0.95,23.5310820934253
"30152",2021-05-15,"38","16  day ahead inc hosp",2021-05-31,"quantile",0.975,27.5528099057191
"30153",2021-05-15,"38","16  day ahead inc hosp",2021-05-31,"quantile",0.99,32.853619614994
"30154",2021-05-15,"38","17  day ahead inc hosp",2021-06-01,"quantile",0.01,1.32048143708002
"30155",2021-05-15,"38","17  day ahead inc hosp",2021-06-01,"quantile",0.025,1.92001553361025
"30156",2021-05-15,"38","17  day ahead inc hosp",2021-06-01,"quantile",0.05,2.58168541747855
"30157",2021-05-15,"38","17  day ahead inc hosp",2021-06-01,"quantile",0.1,3.54192767229857
"30158",2021-05-15,"38","17  day ahead inc hosp",2021-06-01,"quantile",0.15,4.32635802044805
"30159",2021-05-15,"38","17  day ahead inc hosp",2021-06-01,"quantile",0.2,5.03735880389271
"30160",2021-05-15,"38","17  day ahead inc hosp",2021-06-01,"quantile",0.25,5.7142241773641
"30161",2021-05-15,"38","17  day ahead inc hosp",2021-06-01,"quantile",0.3,6.37821973351125
"30162",2021-05-15,"38","17  day ahead inc hosp",2021-06-01,"quantile",0.35,7.04365818126335
"30163",2021-05-15,"38","17  day ahead inc hosp",2021-06-01,"quantile",0.4,7.72198945738678
"30164",2021-05-15,"38","17  day ahead inc hosp",2021-06-01,"quantile",0.45,8.4238070901389
"30165",2021-05-15,"38","17  day ahead inc hosp",2021-06-01,"quantile",0.5,9.16016609557934
"30166",2021-05-15,"38","17  day ahead inc hosp",2021-06-01,"quantile",0.55,9.9437777509166
"30167",2021-05-15,"38","17  day ahead inc hosp",2021-06-01,"quantile",0.6,10.7904527322744
"30168",2021-05-15,"38","17  day ahead inc hosp",2021-06-01,"quantile",0.65,11.7212318067025
"30169",2021-05-15,"38","17  day ahead inc hosp",2021-06-01,"quantile",0.7,12.7659837071577
"30170",2021-05-15,"38","17  day ahead inc hosp",2021-06-01,"quantile",0.75,13.9701815961698
"30171",2021-05-15,"38","17  day ahead inc hosp",2021-06-01,"quantile",0.8,15.4092433611645
"30172",2021-05-15,"38","17  day ahead inc hosp",2021-06-01,"quantile",0.85,17.2238498713164
"30173",2021-05-15,"38","17  day ahead inc hosp",2021-06-01,"quantile",0.9,19.7293465160334
"30174",2021-05-15,"38","17  day ahead inc hosp",2021-06-01,"quantile",0.95,23.9335631285308
"30175",2021-05-15,"38","17  day ahead inc hosp",2021-06-01,"quantile",0.975,28.0950838085033
"30176",2021-05-15,"38","17  day ahead inc hosp",2021-06-01,"quantile",0.99,33.590958917127
"30177",2021-05-15,"38","18  day ahead inc hosp",2021-06-02,"quantile",0.01,1.24234738175108
"30178",2021-05-15,"38","18  day ahead inc hosp",2021-06-02,"quantile",0.025,1.83055767103604
"30179",2021-05-15,"38","18  day ahead inc hosp",2021-06-02,"quantile",0.05,2.48522207149817
"30180",2021-05-15,"38","18  day ahead inc hosp",2021-06-02,"quantile",0.1,3.44215216038408
"30181",2021-05-15,"38","18  day ahead inc hosp",2021-06-02,"quantile",0.15,4.22820848369165
"30182",2021-05-15,"38","18  day ahead inc hosp",2021-06-02,"quantile",0.2,4.9432552759085
"30183",2021-05-15,"38","18  day ahead inc hosp",2021-06-02,"quantile",0.25,5.62584239448515
"30184",2021-05-15,"38","18  day ahead inc hosp",2021-06-02,"quantile",0.3,6.29696257721563
"30185",2021-05-15,"38","18  day ahead inc hosp",2021-06-02,"quantile",0.35,6.97084991516814
"30186",2021-05-15,"38","18  day ahead inc hosp",2021-06-02,"quantile",0.4,7.65898515115753
"30187",2021-05-15,"38","18  day ahead inc hosp",2021-06-02,"quantile",0.45,8.37207511938257
"30188",2021-05-15,"38","18  day ahead inc hosp",2021-06-02,"quantile",0.5,9.12136882845988
"30189",2021-05-15,"38","18  day ahead inc hosp",2021-06-02,"quantile",0.55,9.91986749349564
"30190",2021-05-15,"38","18  day ahead inc hosp",2021-06-02,"quantile",0.6,10.7838017926366
"30191",2021-05-15,"38","18  day ahead inc hosp",2021-06-02,"quantile",0.65,11.7348257720436
"30192",2021-05-15,"38","18  day ahead inc hosp",2021-06-02,"quantile",0.7,12.8037317528987
"30193",2021-05-15,"38","18  day ahead inc hosp",2021-06-02,"quantile",0.75,14.0374565319817
"30194",2021-05-15,"38","18  day ahead inc hosp",2021-06-02,"quantile",0.8,15.5139191938707
"30195",2021-05-15,"38","18  day ahead inc hosp",2021-06-02,"quantile",0.85,17.3785865850652
"30196",2021-05-15,"38","18  day ahead inc hosp",2021-06-02,"quantile",0.9,19.9578095230546
"30197",2021-05-15,"38","18  day ahead inc hosp",2021-06-02,"quantile",0.95,24.2957210313574
"30198",2021-05-15,"38","18  day ahead inc hosp",2021-06-02,"quantile",0.975,28.5996340356596
"30199",2021-05-15,"38","18  day ahead inc hosp",2021-06-02,"quantile",0.99,34.295863922532
"30200",2021-05-15,"38","19  day ahead inc hosp",2021-06-03,"quantile",0.01,1.16459119116421
"30201",2021-05-15,"38","19  day ahead inc hosp",2021-06-03,"quantile",0.025,1.73888823897393
"30202",2021-05-15,"38","19  day ahead inc hosp",2021-06-03,"quantile",0.05,2.38344710986457
"30203",2021-05-15,"38","19  day ahead inc hosp",2021-06-03,"quantile",0.1,3.33233516846131
"30204",2021-05-15,"38","19  day ahead inc hosp",2021-06-03,"quantile",0.15,4.11604203218497
"30205",2021-05-15,"38","19  day ahead inc hosp",2021-06-03,"quantile",0.2,4.83148101513286
"30206",2021-05-15,"38","19  day ahead inc hosp",2021-06-03,"quantile",0.25,5.51628256493333
"30207",2021-05-15,"38","19  day ahead inc hosp",2021-06-03,"quantile",0.3,6.19106831282369
"30208",2021-05-15,"38","19  day ahead inc hosp",2021-06-03,"quantile",0.35,6.86992558558798
"30209",2021-05-15,"38","19  day ahead inc hosp",2021-06-03,"quantile",0.4,7.56431000652663
"30210",2021-05-15,"38","19  day ahead inc hosp",2021-06-03,"quantile",0.45,8.28498891775215
"30211",2021-05-15,"38","19  day ahead inc hosp",2021-06-03,"quantile",0.5,9.04334942504581
"30212",2021-05-15,"38","19  day ahead inc hosp",2021-06-03,"quantile",0.55,9.85261782277075
"30213",2021-05-15,"38","19  day ahead inc hosp",2021-06-03,"quantile",0.6,10.7293637046908
"30214",2021-05-15,"38","19  day ahead inc hosp",2021-06-03,"quantile",0.65,11.695746233021
"30215",2021-05-15,"38","19  day ahead inc hosp",2021-06-03,"quantile",0.7,12.7833276891439
"30216",2021-05-15,"38","19  day ahead inc hosp",2021-06-03,"quantile",0.75,14.0402747660195
"30217",2021-05-15,"38","19  day ahead inc hosp",2021-06-03,"quantile",0.8,15.5466206666954
"30218",2021-05-15,"38","19  day ahead inc hosp",2021-06-03,"quantile",0.85,17.4518977930228
"30219",2021-05-15,"38","19  day ahead inc hosp",2021-06-03,"quantile",0.9,20.0918525634129
"30220",2021-05-15,"38","19  day ahead inc hosp",2021-06-03,"quantile",0.95,24.5418006500622
"30221",2021-05-15,"38","19  day ahead inc hosp",2021-06-03,"quantile",0.975,28.966843974171
"30222",2021-05-15,"38","19  day ahead inc hosp",2021-06-03,"quantile",0.99,34.8356018415509
"30223",2021-05-15,"38","20  day ahead inc hosp",2021-06-04,"quantile",0.01,1.11568846703252
"30224",2021-05-15,"38","20  day ahead inc hosp",2021-06-04,"quantile",0.025,1.68541423350572
"30225",2021-05-15,"38","20  day ahead inc hosp",2021-06-04,"quantile",0.05,2.32955975736348
"30226",2021-05-15,"38","20  day ahead inc hosp",2021-06-04,"quantile",0.1,3.28374942103515
"30227",2021-05-15,"38","20  day ahead inc hosp",2021-06-04,"quantile",0.15,4.07557495932009
"30228",2021-05-15,"38","20  day ahead inc hosp",2021-06-04,"quantile",0.2,4.80064859494743
"30229",2021-05-15,"38","20  day ahead inc hosp",2021-06-04,"quantile",0.25,5.49629012413049
"30230",2021-05-15,"38","20  day ahead inc hosp",2021-06-04,"quantile",0.3,6.18306646668271
"30231",2021-05-15,"38","20  day ahead inc hosp",2021-06-04,"quantile",0.35,6.87512113530207
"30232",2021-05-15,"38","20  day ahead inc hosp",2021-06-04,"quantile",0.4,7.58403834481715
"30233",2021-05-15,"38","20  day ahead inc hosp",2021-06-04,"quantile",0.45,8.32078048884509
"30234",2021-05-15,"38","20  day ahead inc hosp",2021-06-04,"quantile",0.5,9.09700642588919
"30235",2021-05-15,"38","20  day ahead inc hosp",2021-06-04,"quantile",0.55,9.92631533168229
"30236",2021-05-15,"38","20  day ahead inc hosp",2021-06-04,"quantile",0.6,10.8257944167332
"30237",2021-05-15,"38","20  day ahead inc hosp",2021-06-04,"quantile",0.65,11.8183411579875
"30238",2021-05-15,"38","20  day ahead inc hosp",2021-06-04,"quantile",0.7,12.9366144529057
"30239",2021-05-15,"38","20  day ahead inc hosp",2021-06-04,"quantile",0.75,14.2305036150664
"30240",2021-05-15,"38","20  day ahead inc hosp",2021-06-04,"quantile",0.8,15.7829675535251
"30241",2021-05-15,"38","20  day ahead inc hosp",2021-06-04,"quantile",0.85,17.7491094562144
"30242",2021-05-15,"38","20  day ahead inc hosp",2021-06-04,"quantile",0.9,20.4774263986667
"30243",2021-05-15,"38","20  day ahead inc hosp",2021-06-04,"quantile",0.95,25.0850645627863
"30244",2021-05-15,"38","20  day ahead inc hosp",2021-06-04,"quantile",0.975,29.675733662396
"30245",2021-05-15,"38","20  day ahead inc hosp",2021-06-04,"quantile",0.99,35.7749588858179
"30246",2021-05-15,"38","21  day ahead inc hosp",2021-06-05,"quantile",0.01,1.04994193424778
"30247",2021-05-15,"38","21  day ahead inc hosp",2021-06-05,"quantile",0.025,1.60713769637632
"30248",2021-05-15,"38","21  day ahead inc hosp",2021-06-05,"quantile",0.05,2.24235401628472
"30249",2021-05-15,"38","21  day ahead inc hosp",2021-06-05,"quantile",0.1,3.18989525493288
"30250",2021-05-15,"38","21  day ahead inc hosp",2021-06-05,"quantile",0.15,3.98037181495129
"30251",2021-05-15,"38","21  day ahead inc hosp",2021-06-05,"quantile",0.2,4.70669028239823
"30252",2021-05-15,"38","21  day ahead inc hosp",2021-06-05,"quantile",0.25,5.40533240875244
"30253",2021-05-15,"38","21  day ahead inc hosp",2021-06-05,"quantile",0.3,6.09653368976786
"30254",2021-05-15,"38","21  day ahead inc hosp",2021-06-05,"quantile",0.35,6.79431546597015
"30255",2021-05-15,"38","21  day ahead inc hosp",2021-06-05,"quantile",0.4,7.51025530912618
"30256",2021-05-15,"38","21  day ahead inc hosp",2021-06-05,"quantile",0.45,8.25539252222897
"30257",2021-05-15,"38","21  day ahead inc hosp",2021-06-05,"quantile",0.5,9.04154081666607
"30258",2021-05-15,"38","21  day ahead inc hosp",2021-06-05,"quantile",0.55,9.8825436009308
"30259",2021-05-15,"38","21  day ahead inc hosp",2021-06-05,"quantile",0.6,10.7958509218901
"30260",2021-05-15,"38","21  day ahead inc hosp",2021-06-05,"quantile",0.65,11.8048975197933
"30261",2021-05-15,"38","21  day ahead inc hosp",2021-06-05,"quantile",0.7,12.9431584900122
"30262",2021-05-15,"38","21  day ahead inc hosp",2021-06-05,"quantile",0.75,14.2618245278921
"30263",2021-05-15,"38","21  day ahead inc hosp",2021-06-05,"quantile",0.8,15.8460893227151
"30264",2021-05-15,"38","21  day ahead inc hosp",2021-06-05,"quantile",0.85,17.8553513457583
"30265",2021-05-15,"38","21  day ahead inc hosp",2021-06-05,"quantile",0.9,20.6480313539706
"30266",2021-05-15,"38","21  day ahead inc hosp",2021-06-05,"quantile",0.95,25.3742064183849
"30267",2021-05-15,"38","21  day ahead inc hosp",2021-06-05,"quantile",0.975,30.0929034513372
"30268",2021-05-15,"38","21  day ahead inc hosp",2021-06-05,"quantile",0.99,36.3744008720817
"30269",2021-05-15,"38","22  day ahead inc hosp",2021-06-06,"quantile",0.01,1.00943536650421
"30270",2021-05-15,"38","22  day ahead inc hosp",2021-06-06,"quantile",0.025,1.56277113837867
"30271",2021-05-15,"38","22  day ahead inc hosp",2021-06-06,"quantile",0.05,2.19808627480277
"30272",2021-05-15,"38","22  day ahead inc hosp",2021-06-06,"quantile",0.1,3.15143440610517
"30273",2021-05-15,"38","22  day ahead inc hosp",2021-06-06,"quantile",0.15,3.95034226238173
"30274",2021-05-15,"38","22  day ahead inc hosp",2021-06-06,"quantile",0.2,4.6865425493586
"30275",2021-05-15,"38","22  day ahead inc hosp",2021-06-06,"quantile",0.25,5.39624531580372
"30276",2021-05-15,"38","22  day ahead inc hosp",2021-06-06,"quantile",0.3,6.09964925625705
"30277",2021-05-15,"38","22  day ahead inc hosp",2021-06-06,"quantile",0.35,6.81084256487105
"30278",2021-05-15,"38","22  day ahead inc hosp",2021-06-06,"quantile",0.4,7.54153928216753
"30279",2021-05-15,"38","22  day ahead inc hosp",2021-06-06,"quantile",0.45,8.30298078471597
"30280",2021-05-15,"38","22  day ahead inc hosp",2021-06-06,"quantile",0.5,9.10725984544916
"30281",2021-05-15,"38","22  day ahead inc hosp",2021-06-06,"quantile",0.55,9.9686013151362
"30282",2021-05-15,"38","22  day ahead inc hosp",2021-06-06,"quantile",0.6,10.904983812402
"30283",2021-05-15,"38","22  day ahead inc hosp",2021-06-06,"quantile",0.65,11.94059544332
"30284",2021-05-15,"38","22  day ahead inc hosp",2021-06-06,"quantile",0.7,13.110029999102
"30285",2021-05-15,"38","22  day ahead inc hosp",2021-06-06,"quantile",0.75,14.4662355594755
"30286",2021-05-15,"38","22  day ahead inc hosp",2021-06-06,"quantile",0.8,16.0973912494177
"30287",2021-05-15,"38","22  day ahead inc hosp",2021-06-06,"quantile",0.85,18.1685821727665
"30288",2021-05-15,"38","22  day ahead inc hosp",2021-06-06,"quantile",0.9,21.0512516956016
"30289",2021-05-15,"38","22  day ahead inc hosp",2021-06-06,"quantile",0.95,25.9382325876072
"30290",2021-05-15,"38","22  day ahead inc hosp",2021-06-06,"quantile",0.975,30.8260732251599
"30291",2021-05-15,"38","22  day ahead inc hosp",2021-06-06,"quantile",0.99,37.3432732174352
"30292",2021-05-15,"38","23  day ahead inc hosp",2021-06-07,"quantile",0.01,0.973535035886584
"30293",2021-05-15,"38","23  day ahead inc hosp",2021-06-07,"quantile",0.025,1.52362176150861
"30294",2021-05-15,"38","23  day ahead inc hosp",2021-06-07,"quantile",0.05,2.15949698229601
"30295",2021-05-15,"38","23  day ahead inc hosp",2021-06-07,"quantile",0.1,3.11909125472176
"30296",2021-05-15,"38","23  day ahead inc hosp",2021-06-07,"quantile",0.15,3.92666148589144
"30297",2021-05-15,"38","23  day ahead inc hosp",2021-06-07,"quantile",0.2,4.67288546205099
"30298",2021-05-15,"38","23  day ahead inc hosp",2021-06-07,"quantile",0.25,5.39373897860036
"30299",2021-05-15,"38","23  day ahead inc hosp",2021-06-07,"quantile",0.3,6.10940031484737
"30300",2021-05-15,"38","23  day ahead inc hosp",2021-06-07,"quantile",0.35,6.83403282682359
"30301",2021-05-15,"38","23  day ahead inc hosp",2021-06-07,"quantile",0.4,7.57949145010476
"30302",2021-05-15,"38","23  day ahead inc hosp",2021-06-07,"quantile",0.45,8.35722183812782
"30303",2021-05-15,"38","23  day ahead inc hosp",2021-06-07,"quantile",0.5,9.17959651317519
"30304",2021-05-15,"38","23  day ahead inc hosp",2021-06-07,"quantile",0.55,10.0612211992283
"30305",2021-05-15,"38","23  day ahead inc hosp",2021-06-07,"quantile",0.6,11.0206012324953
"30306",2021-05-15,"38","23  day ahead inc hosp",2021-06-07,"quantile",0.65,12.0826746379758
"30307",2021-05-15,"38","23  day ahead inc hosp",2021-06-07,"quantile",0.7,13.2831481472959
"30308",2021-05-15,"38","23  day ahead inc hosp",2021-06-07,"quantile",0.75,14.6767176636466
"30309",2021-05-15,"38","23  day ahead inc hosp",2021-06-07,"quantile",0.8,16.3545310884341
"30310",2021-05-15,"38","23  day ahead inc hosp",2021-06-07,"quantile",0.85,18.4873281583083
"30311",2021-05-15,"38","23  day ahead inc hosp",2021-06-07,"quantile",0.9,21.4595017528823
"30312",2021-05-15,"38","23  day ahead inc hosp",2021-06-07,"quantile",0.95,26.5064033929969
"30313",2021-05-15,"38","23  day ahead inc hosp",2021-06-07,"quantile",0.975,31.5624576004976
"30314",2021-05-15,"38","23  day ahead inc hosp",2021-06-07,"quantile",0.99,38.3140878169287
"30315",2021-05-15,"38","24  day ahead inc hosp",2021-06-08,"quantile",0.01,0.912536931156408
"30316",2021-05-15,"38","24  day ahead inc hosp",2021-06-08,"quantile",0.025,1.44845848888683
"30317",2021-05-15,"38","24  day ahead inc hosp",2021-06-08,"quantile",0.05,2.07342616323108
"30318",2021-05-15,"38","24  day ahead inc hosp",2021-06-08,"quantile",0.1,3.02346839356082
"30319",2021-05-15,"38","24  day ahead inc hosp",2021-06-08,"quantile",0.15,3.82738812960838
"30320",2021-05-15,"38","24  day ahead inc hosp",2021-06-08,"quantile",0.2,4.57285517035959
"30321",2021-05-15,"38","24  day ahead inc hosp",2021-06-08,"quantile",0.25,5.2948862989621
"30322",2021-05-15,"38","24  day ahead inc hosp",2021-06-08,"quantile",0.3,6.01326475275612
"30323",2021-05-15,"38","24  day ahead inc hosp",2021-06-08,"quantile",0.35,6.7419925292854
"30324",2021-05-15,"38","24  day ahead inc hosp",2021-06-08,"quantile",0.4,7.49289087190384
"30325",2021-05-15,"38","24  day ahead inc hosp",2021-06-08,"quantile",0.45,8.2774618098292
"30326",2021-05-15,"38","24  day ahead inc hosp",2021-06-08,"quantile",0.5,9.10821570409772
"30327",2021-05-15,"38","24  day ahead inc hosp",2021-06-08,"quantile",0.55,9.99998716621399
"30328",2021-05-15,"38","24  day ahead inc hosp",2021-06-08,"quantile",0.6,10.9716293356053
"30329",2021-05-15,"38","24  day ahead inc hosp",2021-06-08,"quantile",0.65,12.0486015607534
"30330",2021-05-15,"38","24  day ahead inc hosp",2021-06-08,"quantile",0.7,13.2674085806962
"30331",2021-05-15,"38","24  day ahead inc hosp",2021-06-08,"quantile",0.75,14.6840255007358
"30332",2021-05-15,"38","24  day ahead inc hosp",2021-06-08,"quantile",0.8,16.3918064071745
"30333",2021-05-15,"38","24  day ahead inc hosp",2021-06-08,"quantile",0.85,18.565748301809
"30334",2021-05-15,"38","24  day ahead inc hosp",2021-06-08,"quantile",0.9,21.600121701098
"30335",2021-05-15,"38","24  day ahead inc hosp",2021-06-08,"quantile",0.95,26.7632328089915
"30336",2021-05-15,"38","24  day ahead inc hosp",2021-06-08,"quantile",0.975,31.9464094719522
"30337",2021-05-15,"38","24  day ahead inc hosp",2021-06-08,"quantile",0.99,38.8809379800707
"30338",2021-05-15,"38","25  day ahead inc hosp",2021-06-09,"quantile",0.01,0.868658112531997
"30339",2021-05-15,"38","25  day ahead inc hosp",2021-06-09,"quantile",0.025,1.39606441234395
"30340",2021-05-15,"38","25  day ahead inc hosp",2021-06-09,"quantile",0.05,2.01586505991813
"30341",2021-05-15,"38","25  day ahead inc hosp",2021-06-09,"quantile",0.1,2.96408136326942
"30342",2021-05-15,"38","25  day ahead inc hosp",2021-06-09,"quantile",0.15,3.77028693469779
"30343",2021-05-15,"38","25  day ahead inc hosp",2021-06-09,"quantile",0.2,4.52015832167057
"30344",2021-05-15,"38","25  day ahead inc hosp",2021-06-09,"quantile",0.25,5.24812288567385
"30345",2021-05-15,"38","25  day ahead inc hosp",2021-06-09,"quantile",0.3,5.97375758640557
"30346",2021-05-15,"38","25  day ahead inc hosp",2021-06-09,"quantile",0.35,6.71102118502823
"30347",2021-05-15,"38","25  day ahead inc hosp",2021-06-09,"quantile",0.4,7.47178785281178
"30348",2021-05-15,"38","25  day ahead inc hosp",2021-06-09,"quantile",0.45,8.26768905841826
"30349",2021-05-15,"38","25  day ahead inc hosp",2021-06-09,"quantile",0.5,9.11144296065026
"30350",2021-05-15,"38","25  day ahead inc hosp",2021-06-09,"quantile",0.55,10.0181879758985
"30351",2021-05-15,"38","25  day ahead inc hosp",2021-06-09,"quantile",0.6,11.0072133571407
"30352",2021-05-15,"38","25  day ahead inc hosp",2021-06-09,"quantile",0.65,12.1046128710695
"30353",2021-05-15,"38","25  day ahead inc hosp",2021-06-09,"quantile",0.7,13.347845535746
"30354",2021-05-15,"38","25  day ahead inc hosp",2021-06-09,"quantile",0.75,14.794398999886
"30355",2021-05-15,"38","25  day ahead inc hosp",2021-06-09,"quantile",0.8,16.5402147843322
"30356",2021-05-15,"38","25  day ahead inc hosp",2021-06-09,"quantile",0.85,18.7652491263534
"30357",2021-05-15,"38","25  day ahead inc hosp",2021-06-09,"quantile",0.9,21.8752028899573
"30358",2021-05-15,"38","25  day ahead inc hosp",2021-06-09,"quantile",0.95,27.1762157149869
"30359",2021-05-15,"38","25  day ahead inc hosp",2021-06-09,"quantile",0.975,32.5072298510829
"30360",2021-05-15,"38","25  day ahead inc hosp",2021-06-09,"quantile",0.99,39.6510989756048
"30361",2021-05-15,"38","26  day ahead inc hosp",2021-06-10,"quantile",0.01,0.833168807805059
"30362",2021-05-15,"38","26  day ahead inc hosp",2021-06-10,"quantile",0.025,1.35487308672585
"30363",2021-05-15,"38","26  day ahead inc hosp",2021-06-10,"quantile",0.05,1.9724493274409
"30364",2021-05-15,"38","26  day ahead inc hosp",2021-06-10,"quantile",0.1,2.92293811223357
"30365",2021-05-15,"38","26  day ahead inc hosp",2021-06-10,"quantile",0.15,3.73468434454356
"30366",2021-05-15,"38","26  day ahead inc hosp",2021-06-10,"quantile",0.2,4.49186228816868
"30367",2021-05-15,"38","26  day ahead inc hosp",2021-06-10,"quantile",0.25,5.22849211013837
"30368",2021-05-15,"38","26  day ahead inc hosp",2021-06-10,"quantile",0.3,5.96404029065374
"30369",2021-05-15,"38","26  day ahead inc hosp",2021-06-10,"quantile",0.35,6.71248492147168
"30370",2021-05-15,"38","26  day ahead inc hosp",2021-06-10,"quantile",0.4,7.48580163631591
"30371",2021-05-15,"38","26  day ahead inc hosp",2021-06-10,"quantile",0.45,8.29579498007273
"30372",2021-05-15,"38","26  day ahead inc hosp",2021-06-10,"quantile",0.5,9.15543538659
"30373",2021-05-15,"38","26  day ahead inc hosp",2021-06-10,"quantile",0.55,10.0802153398933
"30374",2021-05-15,"38","26  day ahead inc hosp",2021-06-10,"quantile",0.6,11.0899220023072
"30375",2021-05-15,"38","26  day ahead inc hosp",2021-06-10,"quantile",0.65,12.2113652010115
"30376",2021-05-15,"38","26  day ahead inc hosp",2021-06-10,"quantile",0.7,13.4830736374551
"30377",2021-05-15,"38","26  day ahead inc hosp",2021-06-10,"quantile",0.75,14.9642227965364
"30378",2021-05-15,"38","26  day ahead inc hosp",2021-06-10,"quantile",0.8,16.753632055563
"30379",2021-05-15,"38","26  day ahead inc hosp",2021-06-10,"quantile",0.85,19.0367585017962
"30380",2021-05-15,"38","26  day ahead inc hosp",2021-06-10,"quantile",0.9,22.2319478628831
"30381",2021-05-15,"38","26  day ahead inc hosp",2021-06-10,"quantile",0.95,27.6870587643693
"30382",2021-05-15,"38","26  day ahead inc hosp",2021-06-10,"quantile",0.975,33.1819538970059
"30383",2021-05-15,"38","26  day ahead inc hosp",2021-06-10,"quantile",0.99,40.5563872773947
"30384",2021-05-15,"38","27  day ahead inc hosp",2021-06-11,"quantile",0.01,0.793149964875484
"30385",2021-05-15,"38","27  day ahead inc hosp",2021-06-11,"quantile",0.025,1.30617055142645
"30386",2021-05-15,"38","27  day ahead inc hosp",2021-06-11,"quantile",0.05,1.91820887995553
"30387",2021-05-15,"38","27  day ahead inc hosp",2021-06-11,"quantile",0.1,2.8661989170746
"30388",2021-05-15,"38","27  day ahead inc hosp",2021-06-11,"quantile",0.15,3.67964508632061
"30389",2021-05-15,"38","27  day ahead inc hosp",2021-06-11,"quantile",0.2,4.44069793213869
"30390",2021-05-15,"38","27  day ahead inc hosp",2021-06-11,"quantile",0.25,5.18277014129753
"30391",2021-05-15,"38","27  day ahead inc hosp",2021-06-11,"quantile",0.3,5.92511095923653
"30392",2021-05-15,"38","27  day ahead inc hosp",2021-06-11,"quantile",0.35,6.68164806955073
"30393",2021-05-15,"38","27  day ahead inc hosp",2021-06-11,"quantile",0.4,7.46440505662703
"30394",2021-05-15,"38","27  day ahead inc hosp",2021-06-11,"quantile",0.45,8.28531231879751
"30395",2021-05-15,"38","27  day ahead inc hosp",2021-06-11,"quantile",0.5,9.15754547848021
"30396",2021-05-15,"38","27  day ahead inc hosp",2021-06-11,"quantile",0.55,10.0968990048219
"30397",2021-05-15,"38","27  day ahead inc hosp",2021-06-11,"quantile",0.6,11.1235951334452
"30398",2021-05-15,"38","27  day ahead inc hosp",2021-06-11,"quantile",0.65,12.2650780483557
"30399",2021-05-15,"38","27  day ahead inc hosp",2021-06-11,"quantile",0.7,13.5608322043558
"30400",2021-05-15,"38","27  day ahead inc hosp",2021-06-11,"quantile",0.75,15.0715499723467
"30401",2021-05-15,"38","27  day ahead inc hosp",2021-06-11,"quantile",0.8,16.8986487059461
"30402",2021-05-15,"38","27  day ahead inc hosp",2021-06-11,"quantile",0.85,19.2325709782887
"30403",2021-05-15,"38","27  day ahead inc hosp",2021-06-11,"quantile",0.9,22.5031691387118
"30404",2021-05-15,"38","27  day ahead inc hosp",2021-06-11,"quantile",0.95,28.0964566798801
"30405",2021-05-15,"38","27  day ahead inc hosp",2021-06-11,"quantile",0.975,33.7400793628929
"30406",2021-05-15,"38","27  day ahead inc hosp",2021-06-11,"quantile",0.99,41.3258508303939
"30407",2021-05-15,"38","28  day ahead inc hosp",2021-06-12,"quantile",0.01,0.754202454052746
"30408",2021-05-15,"38","28  day ahead inc hosp",2021-06-12,"quantile",0.025,1.25817767678627
"30409",2021-05-15,"38","28  day ahead inc hosp",2021-06-12,"quantile",0.05,1.86421556328403
"30410",2021-05-15,"38","28  day ahead inc hosp",2021-06-12,"quantile",0.1,2.80901086386445
"30411",2021-05-15,"38","28  day ahead inc hosp",2021-06-12,"quantile",0.15,3.62360050085157
"30412",2021-05-15,"38","28  day ahead inc hosp",2021-06-12,"quantile",0.2,4.3880442715486
"30413",2021-05-15,"38","28  day ahead inc hosp",2021-06-12,"quantile",0.25,5.13511972803291
"30414",2021-05-15,"38","28  day ahead inc hosp",2021-06-12,"quantile",0.3,5.88384423051747
"30415",2021-05-15,"38","28  day ahead inc hosp",2021-06-12,"quantile",0.35,6.64808611094106
"30416",2021-05-15,"38","28  day ahead inc hosp",2021-06-12,"quantile",0.4,7.43991089882585
"30417",2021-05-15,"38","28  day ahead inc hosp",2021-06-12,"quantile",0.45,8.27137051933115
"30418",2021-05-15,"38","28  day ahead inc hosp",2021-06-12,"quantile",0.5,9.15584249476351
"30419",2021-05-15,"38","28  day ahead inc hosp",2021-06-12,"quantile",0.55,10.1094206844828
"30420",2021-05-15,"38","28  day ahead inc hosp",2021-06-12,"quantile",0.6,11.1527603243349
"30421",2021-05-15,"38","28  day ahead inc hosp",2021-06-12,"quantile",0.65,12.3139383708153
"30422",2021-05-15,"38","28  day ahead inc hosp",2021-06-12,"quantile",0.7,13.6333940857417
"30423",2021-05-15,"38","28  day ahead inc hosp",2021-06-12,"quantile",0.75,15.1733369333909
"30424",2021-05-15,"38","28  day ahead inc hosp",2021-06-12,"quantile",0.8,17.0377850779502
"30425",2021-05-15,"38","28  day ahead inc hosp",2021-06-12,"quantile",0.85,19.4221765903192
"30426",2021-05-15,"38","28  day ahead inc hosp",2021-06-12,"quantile",0.9,22.7679050839602
"30427",2021-05-15,"38","28  day ahead inc hosp",2021-06-12,"quantile",0.95,28.4993032125882
"30428",2021-05-15,"38","28  day ahead inc hosp",2021-06-12,"quantile",0.975,34.2920220119033
"30429",2021-05-15,"38","28  day ahead inc hosp",2021-06-12,"quantile",0.99,42.0901878320134
"30430",2021-05-15,"38","29  day ahead inc hosp",2021-06-13,"quantile",0.01,0.731430980653348
"30431",2021-05-15,"38","29  day ahead inc hosp",2021-06-13,"quantile",0.025,1.23444100077501
"30432",2021-05-15,"38","29  day ahead inc hosp",2021-06-13,"quantile",0.05,1.8436357237856
"30433",2021-05-15,"38","29  day ahead inc hosp",2021-06-13,"quantile",0.1,2.79885726873014
"30434",2021-05-15,"38","29  day ahead inc hosp",2021-06-13,"quantile",0.15,3.62594367347858
"30435",2021-05-15,"38","29  day ahead inc hosp",2021-06-13,"quantile",0.2,4.40421121218372
"30436",2021-05-15,"38","29  day ahead inc hosp",2021-06-13,"quantile",0.25,5.16632944008245
"30437",2021-05-15,"38","29  day ahead inc hosp",2021-06-13,"quantile",0.3,5.93137587658162
"30438",2021-05-15,"38","29  day ahead inc hosp",2021-06-13,"quantile",0.35,6.71336192607906
"30439",2021-05-15,"38","29  day ahead inc hosp",2021-06-13,"quantile",0.4,7.52456243194464
"30440",2021-05-15,"38","29  day ahead inc hosp",2021-06-13,"quantile",0.45,8.37731072830149
"30441",2021-05-15,"38","29  day ahead inc hosp",2021-06-13,"quantile",0.5,9.28535765695891
"30442",2021-05-15,"38","29  day ahead inc hosp",2021-06-13,"quantile",0.55,10.2652976694832
"30443",2021-05-15,"38","29  day ahead inc hosp",2021-06-13,"quantile",0.6,11.3384729648113
"30444",2021-05-15,"38","29  day ahead inc hosp",2021-06-13,"quantile",0.65,12.5339347048324
"30445",2021-05-15,"38","29  day ahead inc hosp",2021-06-13,"quantile",0.7,13.8935651159009
"30446",2021-05-15,"38","29  day ahead inc hosp",2021-06-13,"quantile",0.75,15.4818378551891
"30447",2021-05-15,"38","29  day ahead inc hosp",2021-06-13,"quantile",0.8,17.4066162192284
"30448",2021-05-15,"38","29  day ahead inc hosp",2021-06-13,"quantile",0.85,19.8706638445066
"30449",2021-05-15,"38","29  day ahead inc hosp",2021-06-13,"quantile",0.9,23.3321600865427
"30450",2021-05-15,"38","29  day ahead inc hosp",2021-06-13,"quantile",0.95,29.2706077923508
"30451",2021-05-15,"38","29  day ahead inc hosp",2021-06-13,"quantile",0.975,35.2814350034085
"30452",2021-05-15,"38","29  day ahead inc hosp",2021-06-13,"quantile",0.99,43.3841059731735
"30453",2021-05-15,"38","30  day ahead inc hosp",2021-06-14,"quantile",0.01,0.693700213406426
"30454",2021-05-15,"38","30  day ahead inc hosp",2021-06-14,"quantile",0.025,1.18681661793995
"30455",2021-05-15,"38","30  day ahead inc hosp",2021-06-14,"quantile",0.05,1.78901574938409
"30456",2021-05-15,"38","30  day ahead inc hosp",2021-06-14,"quantile",0.1,2.73964187917774
"30457",2021-05-15,"38","30  day ahead inc hosp",2021-06-14,"quantile",0.15,3.56681518044649
"30458",2021-05-15,"38","30  day ahead inc hosp",2021-06-14,"quantile",0.2,4.34759683643525
"30459",2021-05-15,"38","30  day ahead inc hosp",2021-06-14,"quantile",0.25,5.11395718030357
"30460",2021-05-15,"38","30  day ahead inc hosp",2021-06-14,"quantile",0.3,5.88470970548369
"30461",2021-05-15,"38","30  day ahead inc hosp",2021-06-14,"quantile",0.35,6.67378832751081
"30462",2021-05-15,"38","30  day ahead inc hosp",2021-06-14,"quantile",0.4,7.49349916530437
"30463",2021-05-15,"38","30  day ahead inc hosp",2021-06-14,"quantile",0.45,8.35629109794582
"30464",2021-05-15,"38","30  day ahead inc hosp",2021-06-14,"quantile",0.5,9.27611437922909
"30465",2021-05-15,"38","30  day ahead inc hosp",2021-06-14,"quantile",0.55,10.2698635326901
"30466",2021-05-15,"38","30  day ahead inc hosp",2021-06-14,"quantile",0.6,11.3593179728488
"30467",2021-05-15,"38","30  day ahead inc hosp",2021-06-14,"quantile",0.65,12.574170585529
"30468",2021-05-15,"38","30  day ahead inc hosp",2021-06-14,"quantile",0.7,13.9572747173558
"30469",2021-05-15,"38","30  day ahead inc hosp",2021-06-14,"quantile",0.75,15.5746503860926
"30470",2021-05-15,"38","30  day ahead inc hosp",2021-06-14,"quantile",0.8,17.5368167540769
"30471",2021-05-15,"38","30  day ahead inc hosp",2021-06-14,"quantile",0.85,20.0516477475223
"30472",2021-05-15,"38","30  day ahead inc hosp",2021-06-14,"quantile",0.9,23.5891520738317
"30473",2021-05-15,"38","30  day ahead inc hosp",2021-06-14,"quantile",0.95,29.6682064233914
"30474",2021-05-15,"38","30  day ahead inc hosp",2021-06-14,"quantile",0.975,35.8316972974
"30475",2021-05-15,"38","30  day ahead inc hosp",2021-06-14,"quantile",0.99,44.1529018636641
"30476",2021-05-15,"38","31  day ahead inc hosp",2021-06-15,"quantile",0.01,0.659239369070361
"30477",2021-05-15,"38","31  day ahead inc hosp",2021-06-15,"quantile",0.025,1.14315209824255
"30478",2021-05-15,"38","31  day ahead inc hosp",2021-06-15,"quantile",0.05,1.73897381279732
"30479",2021-05-15,"38","31  day ahead inc hosp",2021-06-15,"quantile",0.1,2.68575950321617
"30480",2021-05-15,"38","31  day ahead inc hosp",2021-06-15,"quantile",0.15,3.51356607418757
"30481",2021-05-15,"38","31  day ahead inc hosp",2021-06-15,"quantile",0.2,4.29732480655424
"30482",2021-05-15,"38","31  day ahead inc hosp",2021-06-15,"quantile",0.25,5.06834950361719
"30483",2021-05-15,"38","31  day ahead inc hosp",2021-06-15,"quantile",0.3,5.84521062168082
"30484",2021-05-15,"38","31  day ahead inc hosp",2021-06-15,"quantile",0.35,6.64177747712698
"30485",2021-05-15,"38","31  day ahead inc hosp",2021-06-15,"quantile",0.4,7.4703969119402
"30486",2021-05-15,"38","31  day ahead inc hosp",2021-06-15,"quantile",0.45,8.34364144758363
"30487",2021-05-15,"38","31  day ahead inc hosp",2021-06-15,"quantile",0.5,9.27566871987481
"30488",2021-05-15,"38","31  day ahead inc hosp",2021-06-15,"quantile",0.55,10.2836821422116
"30489",2021-05-15,"38","31  day ahead inc hosp",2021-06-15,"quantile",0.6,11.3899090823258
"30490",2021-05-15,"38","31  day ahead inc hosp",2021-06-15,"quantile",0.65,12.6246983191081
"30491",2021-05-15,"38","31  day ahead inc hosp",2021-06-15,"quantile",0.7,14.031894437729
"30492",2021-05-15,"38","31  day ahead inc hosp",2021-06-15,"quantile",0.75,15.6790946319813
"30493",2021-05-15,"38","31  day ahead inc hosp",2021-06-15,"quantile",0.8,17.6795255724014
"30494",2021-05-15,"38","31  day ahead inc hosp",2021-06-15,"quantile",0.85,20.2462691959299
"30495",2021-05-15,"38","31  day ahead inc hosp",2021-06-15,"quantile",0.9,23.8613868449286
"30496",2021-05-15,"38","31  day ahead inc hosp",2021-06-15,"quantile",0.95,30.0838629700429
"30497",2021-05-15,"38","31  day ahead inc hosp",2021-06-15,"quantile",0.975,36.4029503308597
"30498",2021-05-15,"38","31  day ahead inc hosp",2021-06-15,"quantile",0.99,44.9467716653703
"30499",2021-05-15,"38","32  day ahead inc hosp",2021-06-16,"quantile",0.01,0.625344780537654
"30500",2021-05-15,"38","32  day ahead inc hosp",2021-06-16,"quantile",0.025,1.09957872572265
"30501",2021-05-15,"38","32  day ahead inc hosp",2021-06-16,"quantile",0.05,1.68843226288134
"30502",2021-05-15,"38","32  day ahead inc hosp",2021-06-16,"quantile",0.1,2.63049663697472
"30503",2021-05-15,"38","32  day ahead inc hosp",2021-06-16,"quantile",0.15,3.45823303818182
"30504",2021-05-15,"38","32  day ahead inc hosp",2021-06-16,"quantile",0.2,4.24435589360079
"30505",2021-05-15,"38","32  day ahead inc hosp",2021-06-16,"quantile",0.25,5.01948712371755
"30506",2021-05-15,"38","32  day ahead inc hosp",2021-06-16,"quantile",0.3,5.80193547599995
"30507",2021-05-15,"38","32  day ahead inc hosp",2021-06-16,"quantile",0.35,6.6054942228993
"30508",2021-05-15,"38","32  day ahead inc hosp",2021-06-16,"quantile",0.4,7.44254315258537
"30509",2021-05-15,"38","32  day ahead inc hosp",2021-06-16,"quantile",0.45,8.32577269940862
"30510",2021-05-15,"38","32  day ahead inc hosp",2021-06-16,"quantile",0.5,9.26954335948312
"30511",2021-05-15,"38","32  day ahead inc hosp",2021-06-16,"quantile",0.55,10.2913636446733
"30512",2021-05-15,"38","32  day ahead inc hosp",2021-06-16,"quantile",0.6,11.4139055290884
"30513",2021-05-15,"38","32  day ahead inc hosp",2021-06-16,"quantile",0.65,12.6681706234953
"30514",2021-05-15,"38","32  day ahead inc hosp",2021-06-16,"quantile",0.7,14.0989919519268
"30515",2021-05-15,"38","32  day ahead inc hosp",2021-06-16,"quantile",0.75,15.7755415799732
"30516",2021-05-15,"38","32  day ahead inc hosp",2021-06-16,"quantile",0.8,17.8137528279131
"30517",2021-05-15,"38","32  day ahead inc hosp",2021-06-16,"quantile",0.85,20.4319196724102
"30518",2021-05-15,"38","32  day ahead inc hosp",2021-06-16,"quantile",0.9,24.1241796777401
"30519",2021-05-15,"38","32  day ahead inc hosp",2021-06-16,"quantile",0.95,30.4897644286412
"30520",2021-05-15,"38","32  day ahead inc hosp",2021-06-16,"quantile",0.975,36.9646552502653
"30521",2021-05-15,"38","32  day ahead inc hosp",2021-06-16,"quantile",0.99,45.7320463842585
"30522",2021-05-15,"38","33  day ahead inc hosp",2021-06-17,"quantile",0.01,0.592778984883395
"30523",2021-05-15,"38","33  day ahead inc hosp",2021-06-17,"quantile",0.025,1.05709167294457
"30524",2021-05-15,"38","33  day ahead inc hosp",2021-06-17,"quantile",0.05,1.63854905269518
"30525",2021-05-15,"38","33  day ahead inc hosp",2021-06-17,"quantile",0.1,2.57511200241232
"30526",2021-05-15,"38","33  day ahead inc hosp",2021-06-17,"quantile",0.15,3.4020625905189
"30527",2021-05-15,"38","33  day ahead inc hosp",2021-06-17,"quantile",0.2,4.18986529205308
"30528",2021-05-15,"38","33  day ahead inc hosp",2021-06-17,"quantile",0.25,4.96843145339127
"30529",2021-05-15,"38","33  day ahead inc hosp",2021-06-17,"quantile",0.3,5.75579565175649
"30530",2021-05-15,"38","33  day ahead inc hosp",2021-06-17,"quantile",0.35,6.56566537385595
"30531",2021-05-15,"38","33  day ahead inc hosp",2021-06-17,"quantile",0.4,7.41044462674699
"30532",2021-05-15,"38","33  day ahead inc hosp",2021-06-17,"quantile",0.45,8.3029329973118
"30533",2021-05-15,"38","33  day ahead inc hosp",2021-06-17,"quantile",0.5,9.25768419670375
"30534",2021-05-15,"38","33  day ahead inc hosp",2021-06-17,"quantile",0.55,10.2925003907368
"30535",2021-05-15,"38","33  day ahead inc hosp",2021-06-17,"quantile",0.6,11.4304837000957
"30536",2021-05-15,"38","33  day ahead inc hosp",2021-06-17,"quantile",0.65,12.7032692242566
"30537",2021-05-15,"38","33  day ahead inc hosp",2021-06-17,"quantile",0.7,14.1566510121123
"30538",2021-05-15,"38","33  day ahead inc hosp",2021-06-17,"quantile",0.75,15.861334527255
"30539",2021-05-15,"38","33  day ahead inc hosp",2021-06-17,"quantile",0.8,17.9358916374679
"30540",2021-05-15,"38","33  day ahead inc hosp",2021-06-17,"quantile",0.85,20.6037030464878
"30541",2021-05-15,"38","33  day ahead inc hosp",2021-06-17,"quantile",0.9,24.3707068262775
"30542",2021-05-15,"38","33  day ahead inc hosp",2021-06-17,"quantile",0.95,30.8755252443065
"30543",2021-05-15,"38","33  day ahead inc hosp",2021-06-17,"quantile",0.975,37.5025630457881
"30544",2021-05-15,"38","33  day ahead inc hosp",2021-06-17,"quantile",0.99,46.4889509134627
"30545",2021-05-15,"38","34  day ahead inc hosp",2021-06-18,"quantile",0.01,0.564079159366851
"30546",2021-05-15,"38","34  day ahead inc hosp",2021-06-18,"quantile",0.025,1.01983546899482
"30547",2021-05-15,"38","34  day ahead inc hosp",2021-06-18,"quantile",0.05,1.59531973758961
"30548",2021-05-15,"38","34  day ahead inc hosp",2021-06-18,"quantile",0.1,2.52837150114752
"30549",2021-05-15,"38","34  day ahead inc hosp",2021-06-18,"quantile",0.15,3.35613070551183
"30550",2021-05-15,"38","34  day ahead inc hosp",2021-06-18,"quantile",0.2,4.14704775411369
"30551",2021-05-15,"38","34  day ahead inc hosp",2021-06-18,"quantile",0.25,4.93041093838253
"30552",2021-05-15,"38","34  day ahead inc hosp",2021-06-18,"quantile",0.3,5.72402710401061
"30553",2021-05-15,"38","34  day ahead inc hosp",2021-06-18,"quantile",0.35,6.54154885343638
"30554",2021-05-15,"38","34  day ahead inc hosp",2021-06-18,"quantile",0.4,7.39542901877916
"30555",2021-05-15,"38","34  day ahead inc hosp",2021-06-18,"quantile",0.45,8.29859911906448
"30556",2021-05-15,"38","34  day ahead inc hosp",2021-06-18,"quantile",0.5,9.26582994589112
"30557",2021-05-15,"38","34  day ahead inc hosp",2021-06-18,"quantile",0.55,10.3152449097077
"30558",2021-05-15,"38","34  day ahead inc hosp",2021-06-18,"quantile",0.6,11.4704107961938
"30559",2021-05-15,"38","34  day ahead inc hosp",2021-06-18,"quantile",0.65,12.7636423935068
"30560",2021-05-15,"38","34  day ahead inc hosp",2021-06-18,"quantile",0.7,14.2417607237771
"30561",2021-05-15,"38","34  day ahead inc hosp",2021-06-18,"quantile",0.75,15.9771056084572
"30562",2021-05-15,"38","34  day ahead inc hosp",2021-06-18,"quantile",0.8,18.0910558848151
"30563",2021-05-15,"38","34  day ahead inc hosp",2021-06-18,"quantile",0.85,20.8123952102029
"30564",2021-05-15,"38","34  day ahead inc hosp",2021-06-18,"quantile",0.9,24.6595766810297
"30565",2021-05-15,"38","34  day ahead inc hosp",2021-06-18,"quantile",0.95,31.3129226907635
"30566",2021-05-15,"38","34  day ahead inc hosp",2021-06-18,"quantile",0.975,38.1015057808314
"30567",2021-05-15,"38","34  day ahead inc hosp",2021-06-18,"quantile",0.99,47.31957364569
"30568",2021-05-15,"38","35  day ahead inc hosp",2021-06-19,"quantile",0.01,0.535019547006488
"30569",2021-05-15,"38","35  day ahead inc hosp",2021-06-19,"quantile",0.025,0.981208834484573
"30570",2021-05-15,"38","35  day ahead inc hosp",2021-06-19,"quantile",0.05,1.54945847062113
"30571",2021-05-15,"38","35  day ahead inc hosp",2021-06-19,"quantile",0.1,2.47703706282868
"30572",2021-05-15,"38","35  day ahead inc hosp",2021-06-19,"quantile",0.15,3.30394676116763
"30573",2021-05-15,"38","35  day ahead inc hosp",2021-06-19,"quantile",0.2,4.09645599153292
"30574",2021-05-15,"38","35  day ahead inc hosp",2021-06-19,"quantile",0.25,4.88316025876408
"30575",2021-05-15,"38","35  day ahead inc hosp",2021-06-19,"quantile",0.3,5.68159928678726
"30576",2021-05-15,"38","35  day ahead inc hosp",2021-06-19,"quantile",0.35,6.50534362216803
"30577",2021-05-15,"38","35  day ahead inc hosp",2021-06-19,"quantile",0.4,7.36687293900395
"30578",2021-05-15,"38","35  day ahead inc hosp",2021-06-19,"quantile",0.45,8.27923032596417
"30579",2021-05-15,"38","35  day ahead inc hosp",2021-06-19,"quantile",0.5,9.25738252102615
"30580",2021-05-15,"38","35  day ahead inc hosp",2021-06-19,"quantile",0.55,10.3197500935823
"30581",2021-05-15,"38","35  day ahead inc hosp",2021-06-19,"quantile",0.6,11.4903348385361
"30582",2021-05-15,"38","35  day ahead inc hosp",2021-06-19,"quantile",0.65,12.8020921762959
"30583",2021-05-15,"38","35  day ahead inc hosp",2021-06-19,"quantile",0.7,14.3028152368052
"30584",2021-05-15,"38","35  day ahead inc hosp",2021-06-19,"quantile",0.75,16.0663955649738
"30585",2021-05-15,"38","35  day ahead inc hosp",2021-06-19,"quantile",0.8,18.2168834980101
"30586",2021-05-15,"38","35  day ahead inc hosp",2021-06-19,"quantile",0.85,20.9882162903933
"30587",2021-05-15,"38","35  day ahead inc hosp",2021-06-19,"quantile",0.9,24.9108123365282
"30588",2021-05-15,"38","35  day ahead inc hosp",2021-06-19,"quantile",0.95,31.7049793524197
"30589",2021-05-15,"38","35  day ahead inc hosp",2021-06-19,"quantile",0.975,38.647802747001
"30590",2021-05-15,"38","35  day ahead inc hosp",2021-06-19,"quantile",0.99,48.088344990936
"30591",2021-05-15,"38","36  day ahead inc hosp",2021-06-20,"quantile",0.01,0.509372835407452
"30592",2021-05-15,"38","36  day ahead inc hosp",2021-06-20,"quantile",0.025,0.947269736321708
"30593",2021-05-15,"38","36  day ahead inc hosp",2021-06-20,"quantile",0.05,1.50961697339183
"30594",2021-05-15,"38","36  day ahead inc hosp",2021-06-20,"quantile",0.1,2.43358676386125
"30595",2021-05-15,"38","36  day ahead inc hosp",2021-06-20,"quantile",0.15,3.26113996027713
"30596",2021-05-15,"38","36  day ahead inc hosp",2021-06-20,"quantile",0.2,4.05658372793573
"30597",2021-05-15,"38","36  day ahead inc hosp",2021-06-20,"quantile",0.25,4.84790278477043
"30598",2021-05-15,"38","36  day ahead inc hosp",2021-06-20,"quantile",0.3,5.65241323905853
"30599",2021-05-15,"38","36  day ahead inc hosp",2021-06-20,"quantile",0.35,6.48363249998609
"30600",2021-05-15,"38","36  day ahead inc hosp",2021-06-20,"quantile",0.4,7.35409006935987
"30601",2021-05-15,"38","36  day ahead inc hosp",2021-06-20,"quantile",0.45,8.27696184062702
"30602",2021-05-15,"38","36  day ahead inc hosp",2021-06-20,"quantile",0.5,9.26743270202551
"30603",2021-05-15,"38","36  day ahead inc hosp",2021-06-20,"quantile",0.55,10.3442460109245
"30604",2021-05-15,"38","36  day ahead inc hosp",2021-06-20,"quantile",0.6,11.5318705976703
"30605",2021-05-15,"38","36  day ahead inc hosp",2021-06-20,"quantile",0.65,12.8639453428876
"30606",2021-05-15,"38","36  day ahead inc hosp",2021-06-20,"quantile",0.7,14.3892965820514
"30607",2021-05-15,"38","36  day ahead inc hosp",2021-06-20,"quantile",0.75,16.1834610748868
"30608",2021-05-15,"38","36  day ahead inc hosp",2021-06-20,"quantile",0.8,18.3733165637872
"30609",2021-05-15,"38","36  day ahead inc hosp",2021-06-20,"quantile",0.85,21.1982465269832
"30610",2021-05-15,"38","36  day ahead inc hosp",2021-06-20,"quantile",0.9,25.201295615468
"30611",2021-05-15,"38","36  day ahead inc hosp",2021-06-20,"quantile",0.95,32.1448922416853
"30612",2021-05-15,"38","36  day ahead inc hosp",2021-06-20,"quantile",0.975,39.2506523412755
"30613",2021-05-15,"38","36  day ahead inc hosp",2021-06-20,"quantile",0.99,48.9253943904131
"30614",2021-05-15,"38","37  day ahead inc hosp",2021-06-21,"quantile",0.01,0.485193440035063
"30615",2021-05-15,"38","37  day ahead inc hosp",2021-06-21,"quantile",0.025,0.914972978730298
"30616",2021-05-15,"38","37  day ahead inc hosp",2021-06-21,"quantile",0.05,1.47149663783896
"30617",2021-05-15,"38","37  day ahead inc hosp",2021-06-21,"quantile",0.1,2.39186055211545
"30618",2021-05-15,"38","37  day ahead inc hosp",2021-06-21,"quantile",0.15,3.22000672725695
"30619",2021-05-15,"38","37  day ahead inc hosp",2021-06-21,"quantile",0.2,4.01831669938796
"30620",2021-05-15,"38","37  day ahead inc hosp",2021-06-21,"quantile",0.25,4.81417384084558
"30621",2021-05-15,"38","37  day ahead inc hosp",2021-06-21,"quantile",0.3,5.62467419719765
"30622",2021-05-15,"38","37  day ahead inc hosp",2021-06-21,"quantile",0.35,6.46328361083648
"30623",2021-05-15,"38","37  day ahead inc hosp",2021-06-21,"quantile",0.4,7.34258215977004
"30624",2021-05-15,"38","37  day ahead inc hosp",2021-06-21,"quantile",0.45,8.27587890656729
"30625",2021-05-15,"38","37  day ahead inc hosp",2021-06-21,"quantile",0.5,9.27857706800939
"30626",2021-05-15,"38","37  day ahead inc hosp",2021-06-21,"quantile",0.55,10.3697428922545
"30627",2021-05-15,"38","37  day ahead inc hosp",2021-06-21,"quantile",0.6,11.5743123588537
"30628",2021-05-15,"38","37  day ahead inc hosp",2021-06-21,"quantile",0.65,12.9266080381505
"30629",2021-05-15,"38","37  day ahead inc hosp",2021-06-21,"quantile",0.7,14.4764899968005
"30630",2021-05-15,"38","37  day ahead inc hosp",2021-06-21,"quantile",0.75,16.3011414126001
"30631",2021-05-15,"38","37  day ahead inc hosp",2021-06-21,"quantile",0.8,18.5302702481888
"30632",2021-05-15,"38","37  day ahead inc hosp",2021-06-21,"quantile",0.85,21.4087133267215
"30633",2021-05-15,"38","37  day ahead inc hosp",2021-06-21,"quantile",0.9,25.4921628948918
"30634",2021-05-15,"38","37  day ahead inc hosp",2021-06-21,"quantile",0.95,32.585261351936
"30635",2021-05-15,"38","37  day ahead inc hosp",2021-06-21,"quantile",0.975,39.854216322939
"30636",2021-05-15,"38","37  day ahead inc hosp",2021-06-21,"quantile",0.99,49.7637603283202
"30637",2021-05-15,"39","1  day ahead inc hosp",2021-05-16,"quantile",0.01,95.2247023626418
"30638",2021-05-15,"39","1  day ahead inc hosp",2021-05-16,"quantile",0.025,100.679139415186
"30639",2021-05-15,"39","1  day ahead inc hosp",2021-05-16,"quantile",0.05,105.554814009833
"30640",2021-05-15,"39","1  day ahead inc hosp",2021-05-16,"quantile",0.1,111.393584247733
"30641",2021-05-15,"39","1  day ahead inc hosp",2021-05-16,"quantile",0.15,115.467574674114
"30642",2021-05-15,"39","1  day ahead inc hosp",2021-05-16,"quantile",0.2,118.784337238468
"30643",2021-05-15,"39","1  day ahead inc hosp",2021-05-16,"quantile",0.25,121.686328025661
"30644",2021-05-15,"39","1  day ahead inc hosp",2021-05-16,"quantile",0.3,124.337429333183
"30645",2021-05-15,"39","1  day ahead inc hosp",2021-05-16,"quantile",0.35,126.832519406671
"30646",2021-05-15,"39","1  day ahead inc hosp",2021-05-16,"quantile",0.4,129.234659773799
"30647",2021-05-15,"39","1  day ahead inc hosp",2021-05-16,"quantile",0.45,131.591078973977
"30648",2021-05-15,"39","1  day ahead inc hosp",2021-05-16,"quantile",0.5,133.941456320301
"30649",2021-05-15,"39","1  day ahead inc hosp",2021-05-16,"quantile",0.55,136.323179414503
"30650",2021-05-15,"39","1  day ahead inc hosp",2021-05-16,"quantile",0.6,138.775665187876
"30651",2021-05-15,"39","1  day ahead inc hosp",2021-05-16,"quantile",0.65,141.345127907719
"30652",2021-05-15,"39","1  day ahead inc hosp",2021-05-16,"quantile",0.7,144.091397772236
"30653",2021-05-15,"39","1  day ahead inc hosp",2021-05-16,"quantile",0.75,147.099745623057
"30654",2021-05-15,"39","1  day ahead inc hosp",2021-05-16,"quantile",0.8,150.504851151961
"30655",2021-05-15,"39","1  day ahead inc hosp",2021-05-16,"quantile",0.85,154.54815014433
"30656",2021-05-15,"39","1  day ahead inc hosp",2021-05-16,"quantile",0.9,159.75064355409
"30657",2021-05-15,"39","1  day ahead inc hosp",2021-05-16,"quantile",0.95,167.701757720828
"30658",2021-05-15,"39","1  day ahead inc hosp",2021-05-16,"quantile",0.975,174.83533203947
"30659",2021-05-15,"39","1  day ahead inc hosp",2021-05-16,"quantile",0.99,183.413116910702
"30660",2021-05-15,"39","2  day ahead inc hosp",2021-05-17,"quantile",0.01,89.2063081653585
"30661",2021-05-15,"39","2  day ahead inc hosp",2021-05-17,"quantile",0.025,95.1542835606911
"30662",2021-05-15,"39","2  day ahead inc hosp",2021-05-17,"quantile",0.05,100.503562551698
"30663",2021-05-15,"39","2  day ahead inc hosp",2021-05-17,"quantile",0.1,106.947382240395
"30664",2021-05-15,"39","2  day ahead inc hosp",2021-05-17,"quantile",0.15,111.466732617118
"30665",2021-05-15,"39","2  day ahead inc hosp",2021-05-17,"quantile",0.2,115.159518602533
"30666",2021-05-15,"39","2  day ahead inc hosp",2021-05-17,"quantile",0.25,118.400069942881
"30667",2021-05-15,"39","2  day ahead inc hosp",2021-05-17,"quantile",0.3,121.36803789907
"30668",2021-05-15,"39","2  day ahead inc hosp",2021-05-17,"quantile",0.35,124.167788055817
"30669",2021-05-15,"39","2  day ahead inc hosp",2021-05-17,"quantile",0.4,126.869001897492
"30670",2021-05-15,"39","2  day ahead inc hosp",2021-05-17,"quantile",0.45,129.524174534244
"30671",2021-05-15,"39","2  day ahead inc hosp",2021-05-17,"quantile",0.5,132.177727459565
"30672",2021-05-15,"39","2  day ahead inc hosp",2021-05-17,"quantile",0.55,134.87184543095
"30673",2021-05-15,"39","2  day ahead inc hosp",2021-05-17,"quantile",0.6,137.651339905969
"30674",2021-05-15,"39","2  day ahead inc hosp",2021-05-17,"quantile",0.65,140.569091078696
"30675",2021-05-15,"39","2  day ahead inc hosp",2021-05-17,"quantile",0.7,143.693905612568
"30676",2021-05-15,"39","2  day ahead inc hosp",2021-05-17,"quantile",0.75,147.124213333718
"30677",2021-05-15,"39","2  day ahead inc hosp",2021-05-17,"quantile",0.8,151.01590158083
"30678",2021-05-15,"39","2  day ahead inc hosp",2021-05-17,"quantile",0.85,155.649016694444
"30679",2021-05-15,"39","2  day ahead inc hosp",2021-05-17,"quantile",0.9,161.6290339404
"30680",2021-05-15,"39","2  day ahead inc hosp",2021-05-17,"quantile",0.95,170.807230878327
"30681",2021-05-15,"39","2  day ahead inc hosp",2021-05-17,"quantile",0.975,179.079716444293
"30682",2021-05-15,"39","2  day ahead inc hosp",2021-05-17,"quantile",0.99,189.0720560463
"30683",2021-05-15,"39","3  day ahead inc hosp",2021-05-18,"quantile",0.01,88.1389600990538
"30684",2021-05-15,"39","3  day ahead inc hosp",2021-05-18,"quantile",0.025,94.7006992113412
"30685",2021-05-15,"39","3  day ahead inc hosp",2021-05-18,"quantile",0.05,100.631420613712
"30686",2021-05-15,"39","3  day ahead inc hosp",2021-05-18,"quantile",0.1,107.810116155834
"30687",2021-05-15,"39","3  day ahead inc hosp",2021-05-18,"quantile",0.15,112.8659675378
"30688",2021-05-15,"39","3  day ahead inc hosp",2021-05-18,"quantile",0.2,117.009365728102
"30689",2021-05-15,"39","3  day ahead inc hosp",2021-05-18,"quantile",0.25,120.654049752869
"30690",2021-05-15,"39","3  day ahead inc hosp",2021-05-18,"quantile",0.3,123.999056907634
"30691",2021-05-15,"39","3  day ahead inc hosp",2021-05-18,"quantile",0.35,127.160344916744
"30692",2021-05-15,"39","3  day ahead inc hosp",2021-05-18,"quantile",0.4,130.215625523972
"30693",2021-05-15,"39","3  day ahead inc hosp",2021-05-18,"quantile",0.45,133.223728956
"30694",2021-05-15,"39","3  day ahead inc hosp",2021-05-18,"quantile",0.5,136.234730116885
"30695",2021-05-15,"39","3  day ahead inc hosp",2021-05-18,"quantile",0.55,139.296484107432
"30696",2021-05-15,"39","3  day ahead inc hosp",2021-05-18,"quantile",0.6,142.460132992363
"30697",2021-05-15,"39","3  day ahead inc hosp",2021-05-18,"quantile",0.65,145.786336678668
"30698",2021-05-15,"39","3  day ahead inc hosp",2021-05-18,"quantile",0.7,149.354337531296
"30699",2021-05-15,"39","3  day ahead inc hosp",2021-05-18,"quantile",0.75,153.277823472811
"30700",2021-05-15,"39","3  day ahead inc hosp",2021-05-18,"quantile",0.8,157.737229342485
"30701",2021-05-15,"39","3  day ahead inc hosp",2021-05-18,"quantile",0.85,163.057237307439
"30702",2021-05-15,"39","3  day ahead inc hosp",2021-05-18,"quantile",0.9,169.940882196972
"30703",2021-05-15,"39","3  day ahead inc hosp",2021-05-18,"quantile",0.95,180.541539892264
"30704",2021-05-15,"39","3  day ahead inc hosp",2021-05-18,"quantile",0.975,190.130998677687
"30705",2021-05-15,"39","3  day ahead inc hosp",2021-05-18,"quantile",0.99,201.755523308197
"30706",2021-05-15,"39","4  day ahead inc hosp",2021-05-19,"quantile",0.01,81.1221279770037
"30707",2021-05-15,"39","4  day ahead inc hosp",2021-05-19,"quantile",0.025,87.8648867394777
"30708",2021-05-15,"39","4  day ahead inc hosp",2021-05-19,"quantile",0.05,93.9928506503171
"30709",2021-05-15,"39","4  day ahead inc hosp",2021-05-19,"quantile",0.1,101.449718737294
"30710",2021-05-15,"39","4  day ahead inc hosp",2021-05-19,"quantile",0.15,106.725649522333
"30711",2021-05-15,"39","4  day ahead inc hosp",2021-05-19,"quantile",0.2,111.06343473016
"30712",2021-05-15,"39","4  day ahead inc hosp",2021-05-19,"quantile",0.25,114.889096236906
"30713",2021-05-15,"39","4  day ahead inc hosp",2021-05-19,"quantile",0.3,118.408124137213
"30714",2021-05-15,"39","4  day ahead inc hosp",2021-05-19,"quantile",0.35,121.740618098599
"30715",2021-05-15,"39","4  day ahead inc hosp",2021-05-19,"quantile",0.4,124.967403528271
"30716",2021-05-15,"39","4  day ahead inc hosp",2021-05-19,"quantile",0.45,128.14999973175
"30717",2021-05-15,"39","4  day ahead inc hosp",2021-05-19,"quantile",0.5,131.341109970477
"30718",2021-05-15,"39","4  day ahead inc hosp",2021-05-19,"quantile",0.55,134.591449692512
"30719",2021-05-15,"39","4  day ahead inc hosp",2021-05-19,"quantile",0.6,137.955571096704
"30720",2021-05-15,"39","4  day ahead inc hosp",2021-05-19,"quantile",0.65,141.498533022757
"30721",2021-05-15,"39","4  day ahead inc hosp",2021-05-19,"quantile",0.7,145.305681678448
"30722",2021-05-15,"39","4  day ahead inc hosp",2021-05-19,"quantile",0.75,149.499838180485
"30723",2021-05-15,"39","4  day ahead inc hosp",2021-05-19,"quantile",0.8,154.276370248816
"30724",2021-05-15,"39","4  day ahead inc hosp",2021-05-19,"quantile",0.85,159.987447876871
"30725",2021-05-15,"39","4  day ahead inc hosp",2021-05-19,"quantile",0.9,167.396844215384
"30726",2021-05-15,"39","4  day ahead inc hosp",2021-05-19,"quantile",0.95,178.848396476049
"30727",2021-05-15,"39","4  day ahead inc hosp",2021-05-19,"quantile",0.975,189.248093380326
"30728",2021-05-15,"39","4  day ahead inc hosp",2021-05-19,"quantile",0.99,201.902968829797
"30729",2021-05-15,"39","5  day ahead inc hosp",2021-05-20,"quantile",0.01,80.3530395611768
"30730",2021-05-15,"39","5  day ahead inc hosp",2021-05-20,"quantile",0.025,87.5764708753851
"30731",2021-05-15,"39","5  day ahead inc hosp",2021-05-20,"quantile",0.05,94.1693286909203
"30732",2021-05-15,"39","5  day ahead inc hosp",2021-05-20,"quantile",0.1,102.224822298916
"30733",2021-05-15,"39","5  day ahead inc hosp",2021-05-20,"quantile",0.15,107.944478386589
"30734",2021-05-15,"39","5  day ahead inc hosp",2021-05-20,"quantile",0.2,112.658802718222
"30735",2021-05-15,"39","5  day ahead inc hosp",2021-05-20,"quantile",0.25,116.824892764047
"30736",2021-05-15,"39","5  day ahead inc hosp",2021-05-20,"quantile",0.3,120.663684882345
"30737",2021-05-15,"39","5  day ahead inc hosp",2021-05-20,"quantile",0.35,124.304629700101
"30738",2021-05-15,"39","5  day ahead inc hosp",2021-05-20,"quantile",0.4,127.835131874825
"30739",2021-05-15,"39","5  day ahead inc hosp",2021-05-20,"quantile",0.45,131.321999416891
"30740",2021-05-15,"39","5  day ahead inc hosp",2021-05-20,"quantile",0.5,134.822752868763
"30741",2021-05-15,"39","5  day ahead inc hosp",2021-05-20,"quantile",0.55,138.393035968396
"30742",2021-05-15,"39","5  day ahead inc hosp",2021-05-20,"quantile",0.6,142.09299720462
"30743",2021-05-15,"39","5  day ahead inc hosp",2021-05-20,"quantile",0.65,145.994663969258
"30744",2021-05-15,"39","5  day ahead inc hosp",2021-05-20,"quantile",0.7,150.192820128207
"30745",2021-05-15,"39","5  day ahead inc hosp",2021-05-20,"quantile",0.75,154.824179729755
"30746",2021-05-15,"39","5  day ahead inc hosp",2021-05-20,"quantile",0.8,160.106572166357
"30747",2021-05-15,"39","5  day ahead inc hosp",2021-05-20,"quantile",0.85,166.433170212084
"30748",2021-05-15,"39","5  day ahead inc hosp",2021-05-20,"quantile",0.9,174.657691991883
"30749",2021-05-15,"39","5  day ahead inc hosp",2021-05-20,"quantile",0.95,187.403710949843
"30750",2021-05-15,"39","5  day ahead inc hosp",2021-05-20,"quantile",0.975,199.013027904772
"30751",2021-05-15,"39","5  day ahead inc hosp",2021-05-20,"quantile",0.99,213.180346609072
"30752",2021-05-15,"39","6  day ahead inc hosp",2021-05-21,"quantile",0.01,62.8122986116379
"30753",2021-05-15,"39","6  day ahead inc hosp",2021-05-21,"quantile",0.025,69.243349086872
"30754",2021-05-15,"39","6  day ahead inc hosp",2021-05-21,"quantile",0.05,75.1587841859249
"30755",2021-05-15,"39","6  day ahead inc hosp",2021-05-21,"quantile",0.1,82.4405030012257
"30756",2021-05-15,"39","6  day ahead inc hosp",2021-05-21,"quantile",0.15,87.6439161239706
"30757",2021-05-15,"39","6  day ahead inc hosp",2021-05-21,"quantile",0.2,91.9520293931472
"30758",2021-05-15,"39","6  day ahead inc hosp",2021-05-21,"quantile",0.25,95.7729123234543
"30759",2021-05-15,"39","6  day ahead inc hosp",2021-05-21,"quantile",0.3,99.3045577090136
"30760",2021-05-15,"39","6  day ahead inc hosp",2021-05-21,"quantile",0.35,102.663510682975
"30761",2021-05-15,"39","6  day ahead inc hosp",2021-05-21,"quantile",0.4,105.928939968888
"30762",2021-05-15,"39","6  day ahead inc hosp",2021-05-21,"quantile",0.45,109.161827973415
"30763",2021-05-15,"39","6  day ahead inc hosp",2021-05-21,"quantile",0.5,112.415157525865
"30764",2021-05-15,"39","6  day ahead inc hosp",2021-05-21,"quantile",0.55,115.740669703571
"30765",2021-05-15,"39","6  day ahead inc hosp",2021-05-21,"quantile",0.6,119.194783796758
"30766",2021-05-15,"39","6  day ahead inc hosp",2021-05-21,"quantile",0.65,122.845548283654
"30767",2021-05-15,"39","6  day ahead inc hosp",2021-05-21,"quantile",0.7,126.782999800954
"30768",2021-05-15,"39","6  day ahead inc hosp",2021-05-21,"quantile",0.75,131.137519225101
"30769",2021-05-15,"39","6  day ahead inc hosp",2021-05-21,"quantile",0.8,136.117446004205
"30770",2021-05-15,"39","6  day ahead inc hosp",2021-05-21,"quantile",0.85,142.099679480704
"30771",2021-05-15,"39","6  day ahead inc hosp",2021-05-21,"quantile",0.9,149.904313912532
"30772",2021-05-15,"39","6  day ahead inc hosp",2021-05-21,"quantile",0.95,162.057870591858
"30773",2021-05-15,"39","6  day ahead inc hosp",2021-05-21,"quantile",0.975,173.18494324997
"30774",2021-05-15,"39","6  day ahead inc hosp",2021-05-21,"quantile",0.99,186.832204593851
"30775",2021-05-15,"39","7  day ahead inc hosp",2021-05-22,"quantile",0.01,57.3179832869218
"30776",2021-05-15,"39","7  day ahead inc hosp",2021-05-22,"quantile",0.025,63.6930908378712
"30777",2021-05-15,"39","7  day ahead inc hosp",2021-05-22,"quantile",0.05,69.5890135495645
"30778",2021-05-15,"39","7  day ahead inc hosp",2021-05-22,"quantile",0.1,76.8843830248045
"30779",2021-05-15,"39","7  day ahead inc hosp",2021-05-22,"quantile",0.15,82.1207129103894
"30780",2021-05-15,"39","7  day ahead inc hosp",2021-05-22,"quantile",0.2,86.4695533095938
"30781",2021-05-15,"39","7  day ahead inc hosp",2021-05-22,"quantile",0.25,90.3361719620981
"30782",2021-05-15,"39","7  day ahead inc hosp",2021-05-22,"quantile",0.3,93.9177337902452
"30783",2021-05-15,"39","7  day ahead inc hosp",2021-05-22,"quantile",0.35,97.3306782592992
"30784",2021-05-15,"39","7  day ahead inc hosp",2021-05-22,"quantile",0.4,100.654442391748
"30785",2021-05-15,"39","7  day ahead inc hosp",2021-05-22,"quantile",0.45,103.950548921538
"30786",2021-05-15,"39","7  day ahead inc hosp",2021-05-22,"quantile",0.5,107.272788182264
"30787",2021-05-15,"39","7  day ahead inc hosp",2021-05-22,"quantile",0.55,110.674031875109
"30788",2021-05-15,"39","7  day ahead inc hosp",2021-05-22,"quantile",0.6,114.212273330772
"30789",2021-05-15,"39","7  day ahead inc hosp",2021-05-22,"quantile",0.65,117.957796661195
"30790",2021-05-15,"39","7  day ahead inc hosp",2021-05-22,"quantile",0.7,122.003933604887
"30791",2021-05-15,"39","7  day ahead inc hosp",2021-05-22,"quantile",0.75,126.486190689804
"30792",2021-05-15,"39","7  day ahead inc hosp",2021-05-22,"quantile",0.8,131.621512394329
"30793",2021-05-15,"39","7  day ahead inc hosp",2021-05-22,"quantile",0.85,137.802958524982
"30794",2021-05-15,"39","7  day ahead inc hosp",2021-05-22,"quantile",0.9,145.88698217838
"30795",2021-05-15,"39","7  day ahead inc hosp",2021-05-22,"quantile",0.95,158.516527954037
"30796",2021-05-15,"39","7  day ahead inc hosp",2021-05-22,"quantile",0.975,170.119708566517
"30797",2021-05-15,"39","7  day ahead inc hosp",2021-05-22,"quantile",0.99,184.399038335103
"30798",2021-05-15,"39","8  day ahead inc hosp",2021-05-23,"quantile",0.01,60.284060070436
"30799",2021-05-15,"39","8  day ahead inc hosp",2021-05-23,"quantile",0.025,67.2626776283348
"30800",2021-05-15,"39","8  day ahead inc hosp",2021-05-23,"quantile",0.05,73.734644024535
"30801",2021-05-15,"39","8  day ahead inc hosp",2021-05-23,"quantile",0.1,81.7638902770995
"30802",2021-05-15,"39","8  day ahead inc hosp",2021-05-23,"quantile",0.15,87.5399374717179
"30803",2021-05-15,"39","8  day ahead inc hosp",2021-05-23,"quantile",0.2,92.3445605712129
"30804",2021-05-15,"39","8  day ahead inc hosp",2021-05-23,"quantile",0.25,96.6218015922654
"30805",2021-05-15,"39","8  day ahead inc hosp",2021-05-23,"quantile",0.3,100.587989036224
"30806",2021-05-15,"39","8  day ahead inc hosp",2021-05-23,"quantile",0.35,104.371095799247
"30807",2021-05-15,"39","8  day ahead inc hosp",2021-05-23,"quantile",0.4,108.058619899698
"30808",2021-05-15,"39","8  day ahead inc hosp",2021-05-23,"quantile",0.45,111.718515935548
"30809",2021-05-15,"39","8  day ahead inc hosp",2021-05-23,"quantile",0.5,115.410388259853
"30810",2021-05-15,"39","8  day ahead inc hosp",2021-05-23,"quantile",0.55,119.193015131665
"30811",2021-05-15,"39","8  day ahead inc hosp",2021-05-23,"quantile",0.6,123.131058948865
"30812",2021-05-15,"39","8  day ahead inc hosp",2021-05-23,"quantile",0.65,127.303073535412
"30813",2021-05-15,"39","8  day ahead inc hosp",2021-05-23,"quantile",0.7,131.813558782346
"30814",2021-05-15,"39","8  day ahead inc hosp",2021-05-23,"quantile",0.75,136.814431852999
"30815",2021-05-15,"39","8  day ahead inc hosp",2021-05-23,"quantile",0.8,142.54914001177
"30816",2021-05-15,"39","8  day ahead inc hosp",2021-05-23,"quantile",0.85,149.459090319901
"30817",2021-05-15,"39","8  day ahead inc hosp",2021-05-23,"quantile",0.9,158.506747998971
"30818",2021-05-15,"39","8  day ahead inc hosp",2021-05-23,"quantile",0.95,172.664669498749
"30819",2021-05-15,"39","8  day ahead inc hosp",2021-05-23,"quantile",0.975,185.694589483033
"30820",2021-05-15,"39","8  day ahead inc hosp",2021-05-23,"quantile",0.99,201.756660754699
"30821",2021-05-15,"39","9  day ahead inc hosp",2021-05-24,"quantile",0.01,60.5693697620181
"30822",2021-05-15,"39","9  day ahead inc hosp",2021-05-24,"quantile",0.025,67.9187804147013
"30823",2021-05-15,"39","9  day ahead inc hosp",2021-05-24,"quantile",0.05,74.7577174195237
"30824",2021-05-15,"39","9  day ahead inc hosp",2021-05-24,"quantile",0.1,83.2695079387409
"30825",2021-05-15,"39","9  day ahead inc hosp",2021-05-24,"quantile",0.15,89.4094602919853
"30826",2021-05-15,"39","9  day ahead inc hosp",2021-05-24,"quantile",0.2,94.5265453978689
"30827",2021-05-15,"39","9  day ahead inc hosp",2021-05-24,"quantile",0.25,99.0889164784266
"30828",2021-05-15,"39","9  day ahead inc hosp",2021-05-24,"quantile",0.3,103.325037360798
"30829",2021-05-15,"39","9  day ahead inc hosp",2021-05-24,"quantile",0.35,107.370341059647
"30830",2021-05-15,"39","9  day ahead inc hosp",2021-05-24,"quantile",0.4,111.317677504747
"30831",2021-05-15,"39","9  day ahead inc hosp",2021-05-24,"quantile",0.45,115.239403871395
"30832",2021-05-15,"39","9  day ahead inc hosp",2021-05-24,"quantile",0.5,119.19923412591
"30833",2021-05-15,"39","9  day ahead inc hosp",2021-05-24,"quantile",0.55,123.260248341669
"30834",2021-05-15,"39","9  day ahead inc hosp",2021-05-24,"quantile",0.6,127.492088023807
"30835",2021-05-15,"39","9  day ahead inc hosp",2021-05-24,"quantile",0.65,131.979597918655
"30836",2021-05-15,"39","9  day ahead inc hosp",2021-05-24,"quantile",0.7,136.835887813162
"30837",2021-05-15,"39","9  day ahead inc hosp",2021-05-24,"quantile",0.75,142.225644530896
"30838",2021-05-15,"39","9  day ahead inc hosp",2021-05-24,"quantile",0.8,148.413075700749
"30839",2021-05-15,"39","9  day ahead inc hosp",2021-05-24,"quantile",0.85,155.877657607323
"30840",2021-05-15,"39","9  day ahead inc hosp",2021-05-24,"quantile",0.9,165.665730876488
"30841",2021-05-15,"39","9  day ahead inc hosp",2021-05-24,"quantile",0.95,181.012119655681
"30842",2021-05-15,"39","9  day ahead inc hosp",2021-05-24,"quantile",0.975,195.165256347008
"30843",2021-05-15,"39","9  day ahead inc hosp",2021-05-24,"quantile",0.99,212.64709122746
"30844",2021-05-15,"39","10  day ahead inc hosp",2021-05-25,"quantile",0.01,61.5983459079063
"30845",2021-05-15,"39","10  day ahead inc hosp",2021-05-25,"quantile",0.025,69.3765627203472
"30846",2021-05-15,"39","10  day ahead inc hosp",2021-05-25,"quantile",0.05,76.63609460127
"30847",2021-05-15,"39","10  day ahead inc hosp",2021-05-25,"quantile",0.1,85.6968553064735
"30848",2021-05-15,"39","10  day ahead inc hosp",2021-05-25,"quantile",0.15,92.2484914956266
"30849",2021-05-15,"39","10  day ahead inc hosp",2021-05-25,"quantile",0.2,97.7178051269054
"30850",2021-05-15,"39","10  day ahead inc hosp",2021-05-25,"quantile",0.25,102.600738577907
"30851",2021-05-15,"39","10  day ahead inc hosp",2021-05-25,"quantile",0.3,107.139682177592
"30852",2021-05-15,"39","10  day ahead inc hosp",2021-05-25,"quantile",0.35,111.478589517353
"30853",2021-05-15,"39","10  day ahead inc hosp",2021-05-25,"quantile",0.4,115.716389030885
"30854",2021-05-15,"39","10  day ahead inc hosp",2021-05-25,"quantile",0.45,119.930406738453
"30855",2021-05-15,"39","10  day ahead inc hosp",2021-05-25,"quantile",0.5,124.188965195891
"30856",2021-05-15,"39","10  day ahead inc hosp",2021-05-25,"quantile",0.55,128.559940890956
"30857",2021-05-15,"39","10  day ahead inc hosp",2021-05-25,"quantile",0.6,133.118501278375
"30858",2021-05-15,"39","10  day ahead inc hosp",2021-05-25,"quantile",0.65,137.956449260835
"30859",2021-05-15,"39","10  day ahead inc hosp",2021-05-25,"quantile",0.7,143.1963953436
"30860",2021-05-15,"39","10  day ahead inc hosp",2021-05-25,"quantile",0.75,149.01709486249
"30861",2021-05-15,"39","10  day ahead inc hosp",2021-05-25,"quantile",0.8,155.705602474644
"30862",2021-05-15,"39","10  day ahead inc hosp",2021-05-25,"quantile",0.85,163.783256180946
"30863",2021-05-15,"39","10  day ahead inc hosp",2021-05-25,"quantile",0.9,174.388563048906
"30864",2021-05-15,"39","10  day ahead inc hosp",2021-05-25,"quantile",0.95,191.044312807432
"30865",2021-05-15,"39","10  day ahead inc hosp",2021-05-25,"quantile",0.975,206.432672228797
"30866",2021-05-15,"39","10  day ahead inc hosp",2021-05-25,"quantile",0.99,225.473316522809
"30867",2021-05-15,"39","11  day ahead inc hosp",2021-05-26,"quantile",0.01,51.1198458416056
"30868",2021-05-15,"39","11  day ahead inc hosp",2021-05-26,"quantile",0.025,58.1807964836627
"30869",2021-05-15,"39","11  day ahead inc hosp",2021-05-26,"quantile",0.05,64.8177319580821
"30870",2021-05-15,"39","11  day ahead inc hosp",2021-05-26,"quantile",0.1,73.1569789573779
"30871",2021-05-15,"39","11  day ahead inc hosp",2021-05-26,"quantile",0.15,79.2211846534707
"30872",2021-05-15,"39","11  day ahead inc hosp",2021-05-26,"quantile",0.2,84.303584418522
"30873",2021-05-15,"39","11  day ahead inc hosp",2021-05-26,"quantile",0.25,88.8553854102729
"30874",2021-05-15,"39","11  day ahead inc hosp",2021-05-26,"quantile",0.3,93.0979138245146
"30875",2021-05-15,"39","11  day ahead inc hosp",2021-05-26,"quantile",0.35,97.1631977825319
"30876",2021-05-15,"39","11  day ahead inc hosp",2021-05-26,"quantile",0.4,101.142494538726
"30877",2021-05-15,"39","11  day ahead inc hosp",2021-05-26,"quantile",0.45,105.107647497808
"30878",2021-05-15,"39","11  day ahead inc hosp",2021-05-26,"quantile",0.5,109.122650958604
"30879",2021-05-15,"39","11  day ahead inc hosp",2021-05-26,"quantile",0.55,113.251597318473
"30880",2021-05-15,"39","11  day ahead inc hosp",2021-05-26,"quantile",0.6,117.565971629832
"30881",2021-05-15,"39","11  day ahead inc hosp",2021-05-26,"quantile",0.65,122.153576354933
"30882",2021-05-15,"39","11  day ahead inc hosp",2021-05-26,"quantile",0.7,127.132172919575
"30883",2021-05-15,"39","11  day ahead inc hosp",2021-05-26,"quantile",0.75,132.673965826549
"30884",2021-05-15,"39","11  day ahead inc hosp",2021-05-26,"quantile",0.8,139.056101602307
"30885",2021-05-15,"39","11  day ahead inc hosp",2021-05-26,"quantile",0.85,146.782810369518
"30886",2021-05-15,"39","11  day ahead inc hosp",2021-05-26,"quantile",0.9,156.957054108401
"30887",2021-05-15,"39","11  day ahead inc hosp",2021-05-26,"quantile",0.95,172.998426779506
"30888",2021-05-15,"39","11  day ahead inc hosp",2021-05-26,"quantile",0.975,187.881052248456
"30889",2021-05-15,"39","11  day ahead inc hosp",2021-05-26,"quantile",0.99,206.370071211813
"30890",2021-05-15,"39","12  day ahead inc hosp",2021-05-27,"quantile",0.01,47.3256753598988
"30891",2021-05-15,"39","12  day ahead inc hosp",2021-05-27,"quantile",0.025,54.2551029578995
"30892",2021-05-15,"39","12  day ahead inc hosp",2021-05-27,"quantile",0.05,60.8004199624069
"30893",2021-05-15,"39","12  day ahead inc hosp",2021-05-27,"quantile",0.1,69.0625483737115
"30894",2021-05-15,"39","12  day ahead inc hosp",2021-05-27,"quantile",0.15,75.094118719381
"30895",2021-05-15,"39","12  day ahead inc hosp",2021-05-27,"quantile",0.2,80.1628389018332
"30896",2021-05-15,"39","12  day ahead inc hosp",2021-05-27,"quantile",0.25,84.7121673864498
"30897",2021-05-15,"39","12  day ahead inc hosp",2021-05-27,"quantile",0.3,88.960181681811
"30898",2021-05-15,"39","12  day ahead inc hosp",2021-05-27,"quantile",0.35,93.0373775243818
"30899",2021-05-15,"39","12  day ahead inc hosp",2021-05-27,"quantile",0.4,97.0343173912132
"30900",2021-05-15,"39","12  day ahead inc hosp",2021-05-27,"quantile",0.45,101.022653809769
"30901",2021-05-15,"39","12  day ahead inc hosp",2021-05-27,"quantile",0.5,105.066567204672
"30902",2021-05-15,"39","12  day ahead inc hosp",2021-05-27,"quantile",0.55,109.230690260877
"30903",2021-05-15,"39","12  day ahead inc hosp",2021-05-27,"quantile",0.6,113.587456986881
"30904",2021-05-15,"39","12  day ahead inc hosp",2021-05-27,"quantile",0.65,118.226172346745
"30905",2021-05-15,"39","12  day ahead inc hosp",2021-05-27,"quantile",0.7,123.26694673005
"30906",2021-05-15,"39","12  day ahead inc hosp",2021-05-27,"quantile",0.75,128.885769955985
"30907",2021-05-15,"39","12  day ahead inc hosp",2021-05-27,"quantile",0.8,135.366294662682
"30908",2021-05-15,"39","12  day ahead inc hosp",2021-05-27,"quantile",0.85,143.225191175816
"30909",2021-05-15,"39","12  day ahead inc hosp",2021-05-27,"quantile",0.9,153.593875117293
"30910",2021-05-15,"39","12  day ahead inc hosp",2021-05-27,"quantile",0.95,169.984821913817
"30911",2021-05-15,"39","12  day ahead inc hosp",2021-05-27,"quantile",0.975,185.234299851917
"30912",2021-05-15,"39","12  day ahead inc hosp",2021-05-27,"quantile",0.99,204.230038436637
"30913",2021-05-15,"39","13  day ahead inc hosp",2021-05-28,"quantile",0.01,43.0236512088705
"30914",2021-05-15,"39","13  day ahead inc hosp",2021-05-28,"quantile",0.025,49.7173124652791
"30915",2021-05-15,"39","13  day ahead inc hosp",2021-05-28,"quantile",0.05,56.0739299426007
"30916",2021-05-15,"39","13  day ahead inc hosp",2021-05-28,"quantile",0.1,64.1383036834575
"30917",2021-05-15,"39","13  day ahead inc hosp",2021-05-28,"quantile",0.15,70.0504849132989
"30918",2021-05-15,"39","13  day ahead inc hosp",2021-05-28,"quantile",0.2,75.033452260784
"30919",2021-05-15,"39","13  day ahead inc hosp",2021-05-28,"quantile",0.25,79.5162490148682
"30920",2021-05-15,"39","13  day ahead inc hosp",2021-05-28,"quantile",0.3,83.7104556774575
"30921",2021-05-15,"39","13  day ahead inc hosp",2021-05-28,"quantile",0.35,87.7431172001065
"30922",2021-05-15,"39","13  day ahead inc hosp",2021-05-28,"quantile",0.4,91.7027945742789
"30923",2021-05-15,"39","13  day ahead inc hosp",2021-05-28,"quantile",0.45,95.6599407199676
"30924",2021-05-15,"39","13  day ahead inc hosp",2021-05-28,"quantile",0.5,99.6780444248415
"30925",2021-05-15,"39","13  day ahead inc hosp",2021-05-28,"quantile",0.55,103.821420769271
"30926",2021-05-15,"39","13  day ahead inc hosp",2021-05-28,"quantile",0.6,108.162517173811
"30927",2021-05-15,"39","13  day ahead inc hosp",2021-05-28,"quantile",0.65,112.791013317283
"30928",2021-05-15,"39","13  day ahead inc hosp",2021-05-28,"quantile",0.7,117.827877823533
"30929",2021-05-15,"39","13  day ahead inc hosp",2021-05-28,"quantile",0.75,123.450730004676
"30930",2021-05-15,"39","13  day ahead inc hosp",2021-05-28,"quantile",0.8,129.946289428148
"30931",2021-05-15,"39","13  day ahead inc hosp",2021-05-28,"quantile",0.85,137.83745749996
"30932",2021-05-15,"39","13  day ahead inc hosp",2021-05-28,"quantile",0.9,148.270628500221
"30933",2021-05-15,"39","13  day ahead inc hosp",2021-05-28,"quantile",0.95,164.809809296796
"30934",2021-05-15,"39","13  day ahead inc hosp",2021-05-28,"quantile",0.975,180.243019575665
"30935",2021-05-15,"39","13  day ahead inc hosp",2021-05-28,"quantile",0.99,199.522601284393
"30936",2021-05-15,"39","14  day ahead inc hosp",2021-05-29,"quantile",0.01,42.328048014149
"30937",2021-05-15,"39","14  day ahead inc hosp",2021-05-29,"quantile",0.025,49.1666300595319
"30938",2021-05-15,"39","14  day ahead inc hosp",2021-05-29,"quantile",0.05,55.6834611504654
"30939",2021-05-15,"39","14  day ahead inc hosp",2021-05-29,"quantile",0.1,63.9779746416633
"30940",2021-05-15,"39","14  day ahead inc hosp",2021-05-29,"quantile",0.15,70.075478112727
"30941",2021-05-15,"39","14  day ahead inc hosp",2021-05-29,"quantile",0.2,75.2243279711838
"30942",2021-05-15,"39","14  day ahead inc hosp",2021-05-29,"quantile",0.25,79.8632902024878
"30943",2021-05-15,"39","14  day ahead inc hosp",2021-05-29,"quantile",0.3,84.2091362444873
"30944",2021-05-15,"39","14  day ahead inc hosp",2021-05-29,"quantile",0.35,88.3923216180658
"30945",2021-05-15,"39","14  day ahead inc hosp",2021-05-29,"quantile",0.4,92.5040492486716
"30946",2021-05-15,"39","14  day ahead inc hosp",2021-05-29,"quantile",0.45,96.6171314831098
"30947",2021-05-15,"39","14  day ahead inc hosp",2021-05-29,"quantile",0.5,100.797439304238
"30948",2021-05-15,"39","14  day ahead inc hosp",2021-05-29,"quantile",0.55,105.111953136526
"30949",2021-05-15,"39","14  day ahead inc hosp",2021-05-29,"quantile",0.6,109.636367407155
"30950",2021-05-15,"39","14  day ahead inc hosp",2021-05-29,"quantile",0.65,114.46461749423
"30951",2021-05-15,"39","14  day ahead inc hosp",2021-05-29,"quantile",0.7,119.723645796166
"30952",2021-05-15,"39","14  day ahead inc hosp",2021-05-29,"quantile",0.75,125.600087841146
"30953",2021-05-15,"39","14  day ahead inc hosp",2021-05-29,"quantile",0.8,132.3955080199
"30954",2021-05-15,"39","14  day ahead inc hosp",2021-05-29,"quantile",0.85,140.660307347188
"30955",2021-05-15,"39","14  day ahead inc hosp",2021-05-29,"quantile",0.9,151.602055344296
"30956",2021-05-15,"39","14  day ahead inc hosp",2021-05-29,"quantile",0.95,168.978297236361
"30957",2021-05-15,"39","14  day ahead inc hosp",2021-05-29,"quantile",0.975,185.223126809871
"30958",2021-05-15,"39","14  day ahead inc hosp",2021-05-29,"quantile",0.99,205.553246366503
"30959",2021-05-15,"39","15  day ahead inc hosp",2021-05-30,"quantile",0.01,45.2891872233991
"30960",2021-05-15,"39","15  day ahead inc hosp",2021-05-30,"quantile",0.025,52.979235405935
"30961",2021-05-15,"39","15  day ahead inc hosp",2021-05-30,"quantile",0.05,60.3423370576949
"30962",2021-05-15,"39","15  day ahead inc hosp",2021-05-30,"quantile",0.1,69.7555427940902
"30963",2021-05-15,"39","15  day ahead inc hosp",2021-05-30,"quantile",0.15,76.701130029496
"30964",2021-05-15,"39","15  day ahead inc hosp",2021-05-30,"quantile",0.2,82.5811326430457
"30965",2021-05-15,"39","15  day ahead inc hosp",2021-05-30,"quantile",0.25,87.8895971038785
"30966",2021-05-15,"39","15  day ahead inc hosp",2021-05-30,"quantile",0.3,92.871222203973
"30967",2021-05-15,"39","15  day ahead inc hosp",2021-05-30,"quantile",0.35,97.673728987813
"30968",2021-05-15,"39","15  day ahead inc hosp",2021-05-30,"quantile",0.4,102.400804520652
"30969",2021-05-15,"39","15  day ahead inc hosp",2021-05-30,"quantile",0.45,107.135630681805
"30970",2021-05-15,"39","15  day ahead inc hosp",2021-05-30,"quantile",0.5,111.9538587357
"30971",2021-05-15,"39","15  day ahead inc hosp",2021-05-30,"quantile",0.55,116.932806355962
"30972",2021-05-15,"39","15  day ahead inc hosp",2021-05-30,"quantile",0.6,122.160229641056
"30973",2021-05-15,"39","15  day ahead inc hosp",2021-05-30,"quantile",0.65,127.7453982917
"30974",2021-05-15,"39","15  day ahead inc hosp",2021-05-30,"quantile",0.7,133.836338141455
"30975",2021-05-15,"39","15  day ahead inc hosp",2021-05-30,"quantile",0.75,140.651061485681
"30976",2021-05-15,"39","15  day ahead inc hosp",2021-05-30,"quantile",0.8,148.542281823697
"30977",2021-05-15,"39","15  day ahead inc hosp",2021-05-30,"quantile",0.85,158.154419201755
"30978",2021-05-15,"39","15  day ahead inc hosp",2021-05-30,"quantile",0.9,170.902703826864
"30979",2021-05-15,"39","15  day ahead inc hosp",2021-05-30,"quantile",0.95,191.196105509014
"30980",2021-05-15,"39","15  day ahead inc hosp",2021-05-30,"quantile",0.975,210.215971958758
"30981",2021-05-15,"39","15  day ahead inc hosp",2021-05-30,"quantile",0.99,234.076451468259
"30982",2021-05-15,"39","16  day ahead inc hosp",2021-05-31,"quantile",0.01,43.3157889728814
"30983",2021-05-15,"39","16  day ahead inc hosp",2021-05-31,"quantile",0.025,51.0952666510743
"30984",2021-05-15,"39","16  day ahead inc hosp",2021-05-31,"quantile",0.05,58.5857729483195
"30985",2021-05-15,"39","16  day ahead inc hosp",2021-05-31,"quantile",0.1,68.2117750406604
"30986",2021-05-15,"39","16  day ahead inc hosp",2021-05-31,"quantile",0.15,75.3452782495048
"30987",2021-05-15,"39","16  day ahead inc hosp",2021-05-31,"quantile",0.2,81.4024344155587
"30988",2021-05-15,"39","16  day ahead inc hosp",2021-05-31,"quantile",0.25,86.8837853749905
"30989",2021-05-15,"39","16  day ahead inc hosp",2021-05-31,"quantile",0.3,92.0379922841982
"30990",2021-05-15,"39","16  day ahead inc hosp",2021-05-31,"quantile",0.35,97.0157255622283
"30991",2021-05-15,"39","16  day ahead inc hosp",2021-05-31,"quantile",0.4,101.923246007368
"30992",2021-05-15,"39","16  day ahead inc hosp",2021-05-31,"quantile",0.45,106.846289984054
"30993",2021-05-15,"39","16  day ahead inc hosp",2021-05-31,"quantile",0.5,111.863316083876
"30994",2021-05-15,"39","16  day ahead inc hosp",2021-05-31,"quantile",0.55,117.054984890661
"30995",2021-05-15,"39","16  day ahead inc hosp",2021-05-31,"quantile",0.6,122.513303489744
"30996",2021-05-15,"39","16  day ahead inc hosp",2021-05-31,"quantile",0.65,128.353273960281
"30997",2021-05-15,"39","16  day ahead inc hosp",2021-05-31,"quantile",0.7,134.731120327597
"30998",2021-05-15,"39","16  day ahead inc hosp",2021-05-31,"quantile",0.75,141.877383860524
"30999",2021-05-15,"39","16  day ahead inc hosp",2021-05-31,"quantile",0.8,150.165590209025
"31000",2021-05-15,"39","16  day ahead inc hosp",2021-05-31,"quantile",0.85,160.278985948131
"31001",2021-05-15,"39","16  day ahead inc hosp",2021-05-31,"quantile",0.9,173.719749532307
"31002",2021-05-15,"39","16  day ahead inc hosp",2021-05-31,"quantile",0.95,195.174127377551
"31003",2021-05-15,"39","16  day ahead inc hosp",2021-05-31,"quantile",0.975,215.34029000657
"31004",2021-05-15,"39","16  day ahead inc hosp",2021-05-31,"quantile",0.99,240.708771034061
"31005",2021-05-15,"39","17  day ahead inc hosp",2021-06-01,"quantile",0.01,42.2905553638205
"31006",2021-05-15,"39","17  day ahead inc hosp",2021-06-01,"quantile",0.025,50.2543430221642
"31007",2021-05-15,"39","17  day ahead inc hosp",2021-06-01,"quantile",0.05,57.9601589063202
"31008",2021-05-15,"39","17  day ahead inc hosp",2021-06-01,"quantile",0.1,67.9081354384433
"31009",2021-05-15,"39","17  day ahead inc hosp",2021-06-01,"quantile",0.15,75.3082899494305
"31010",2021-05-15,"39","17  day ahead inc hosp",2021-06-01,"quantile",0.2,81.6082669822377
"31011",2021-05-15,"39","17  day ahead inc hosp",2021-06-01,"quantile",0.25,87.3211198977854
"31012",2021-05-15,"39","17  day ahead inc hosp",2021-06-01,"quantile",0.3,92.7024068655205
"31013",2021-05-15,"39","17  day ahead inc hosp",2021-06-01,"quantile",0.35,97.907489354918
"31014",2021-05-15,"39","17  day ahead inc hosp",2021-06-01,"quantile",0.4,103.046399486787
"31015",2021-05-15,"39","17  day ahead inc hosp",2021-06-01,"quantile",0.45,108.208365895747
"31016",2021-05-15,"39","17  day ahead inc hosp",2021-06-01,"quantile",0.5,113.475485518279
"31017",2021-05-15,"39","17  day ahead inc hosp",2021-06-01,"quantile",0.55,118.932590415891
"31018",2021-05-15,"39","17  day ahead inc hosp",2021-06-01,"quantile",0.6,124.676859670012
"31019",2021-05-15,"39","17  day ahead inc hosp",2021-06-01,"quantile",0.65,130.830156508471
"31020",2021-05-15,"39","17  day ahead inc hosp",2021-06-01,"quantile",0.7,137.55841536498
"31021",2021-05-15,"39","17  day ahead inc hosp",2021-06-01,"quantile",0.75,145.106917169053
"31022",2021-05-15,"39","17  day ahead inc hosp",2021-06-01,"quantile",0.8,153.873558771212
"31023",2021-05-15,"39","17  day ahead inc hosp",2021-06-01,"quantile",0.85,164.586893873955
"31024",2021-05-15,"39","17  day ahead inc hosp",2021-06-01,"quantile",0.9,178.850244275934
"31025",2021-05-15,"39","17  day ahead inc hosp",2021-06-01,"quantile",0.95,201.671241694524
"31026",2021-05-15,"39","17  day ahead inc hosp",2021-06-01,"quantile",0.975,223.175158033747
"31027",2021-05-15,"39","17  day ahead inc hosp",2021-06-01,"quantile",0.99,250.290513608136
"31028",2021-05-15,"39","18  day ahead inc hosp",2021-06-02,"quantile",0.01,39.3782602872251
"31029",2021-05-15,"39","18  day ahead inc hosp",2021-06-02,"quantile",0.025,47.2302810728419
"31030",2021-05-15,"39","18  day ahead inc hosp",2021-06-02,"quantile",0.05,54.875214977348
"31031",2021-05-15,"39","18  day ahead inc hosp",2021-06-02,"quantile",0.1,64.8012808047178
"31032",2021-05-15,"39","18  day ahead inc hosp",2021-06-02,"quantile",0.15,72.2202984883787
"31033",2021-05-15,"39","18  day ahead inc hosp",2021-06-02,"quantile",0.2,78.5569226469715
"31034",2021-05-15,"39","18  day ahead inc hosp",2021-06-02,"quantile",0.25,84.3177864317981
"31035",2021-05-15,"39","18  day ahead inc hosp",2021-06-02,"quantile",0.3,89.7561099212545
"31036",2021-05-15,"39","18  day ahead inc hosp",2021-06-02,"quantile",0.35,95.0264825011099
"31037",2021-05-15,"39","18  day ahead inc hosp",2021-06-02,"quantile",0.4,100.23897746965
"31038",2021-05-15,"39","18  day ahead inc hosp",2021-06-02,"quantile",0.45,105.483426872115
"31039",2021-05-15,"39","18  day ahead inc hosp",2021-06-02,"quantile",0.5,110.843042403325
"31040",2021-05-15,"39","18  day ahead inc hosp",2021-06-02,"quantile",0.55,116.404350964815
"31041",2021-05-15,"39","18  day ahead inc hosp",2021-06-02,"quantile",0.6,122.266992430376
"31042",2021-05-15,"39","18  day ahead inc hosp",2021-06-02,"quantile",0.65,128.55641231953
"31043",2021-05-15,"39","18  day ahead inc hosp",2021-06-02,"quantile",0.7,135.443910550525
"31044",2021-05-15,"39","18  day ahead inc hosp",2021-06-02,"quantile",0.75,143.183212362359
"31045",2021-05-15,"39","18  day ahead inc hosp",2021-06-02,"quantile",0.8,152.18652801679
"31046",2021-05-15,"39","18  day ahead inc hosp",2021-06-02,"quantile",0.85,163.20953707695
"31047",2021-05-15,"39","18  day ahead inc hosp",2021-06-02,"quantile",0.9,177.917198102645
"31048",2021-05-15,"39","18  day ahead inc hosp",2021-06-02,"quantile",0.95,201.517100879433
"31049",2021-05-15,"39","18  day ahead inc hosp",2021-06-02,"quantile",0.975,223.822553235163
"31050",2021-05-15,"39","18  day ahead inc hosp",2021-06-02,"quantile",0.99,252.030041032637
"31051",2021-05-15,"39","19  day ahead inc hosp",2021-06-03,"quantile",0.01,37.7411337077191
"31052",2021-05-15,"39","19  day ahead inc hosp",2021-06-03,"quantile",0.025,45.6296865536036
"31053",2021-05-15,"39","19  day ahead inc hosp",2021-06-03,"quantile",0.05,53.3511669868592
"31054",2021-05-15,"39","19  day ahead inc hosp",2021-06-03,"quantile",0.1,63.4258334467202
"31055",2021-05-15,"39","19  day ahead inc hosp",2021-06-03,"quantile",0.15,70.9864612974869
"31056",2021-05-15,"39","19  day ahead inc hosp",2021-06-03,"quantile",0.2,77.4619242935298
"31057",2021-05-15,"39","19  day ahead inc hosp",2021-06-03,"quantile",0.25,83.3618577917738
"31058",2021-05-15,"39","19  day ahead inc hosp",2021-06-03,"quantile",0.3,88.9417357748026
"31059",2021-05-15,"39","19  day ahead inc hosp",2021-06-03,"quantile",0.35,94.3580950837024
"31060",2021-05-15,"39","19  day ahead inc hosp",2021-06-03,"quantile",0.4,99.7229134779824
"31061",2021-05-15,"39","19  day ahead inc hosp",2021-06-03,"quantile",0.45,105.128078010695
"31062",2021-05-15,"39","19  day ahead inc hosp",2021-06-03,"quantile",0.5,110.659193369862
"31063",2021-05-15,"39","19  day ahead inc hosp",2021-06-03,"quantile",0.55,116.405747228543
"31064",2021-05-15,"39","19  day ahead inc hosp",2021-06-03,"quantile",0.6,122.471238629079
"31065",2021-05-15,"39","19  day ahead inc hosp",2021-06-03,"quantile",0.65,128.98640018662
"31066",2021-05-15,"39","19  day ahead inc hosp",2021-06-03,"quantile",0.7,136.130171723771
"31067",2021-05-15,"39","19  day ahead inc hosp",2021-06-03,"quantile",0.75,144.168036905305
"31068",2021-05-15,"39","19  day ahead inc hosp",2021-06-03,"quantile",0.8,153.531840702445
"31069",2021-05-15,"39","19  day ahead inc hosp",2021-06-03,"quantile",0.85,165.014054647572
"31070",2021-05-15,"39","19  day ahead inc hosp",2021-06-03,"quantile",0.9,180.362392874025
"31071",2021-05-15,"39","19  day ahead inc hosp",2021-06-03,"quantile",0.95,205.049805972397
"31072",2021-05-15,"39","19  day ahead inc hosp",2021-06-03,"quantile",0.975,228.442252118975
"31073",2021-05-15,"39","19  day ahead inc hosp",2021-06-03,"quantile",0.99,258.095653899195
"31074",2021-05-15,"39","20  day ahead inc hosp",2021-06-04,"quantile",0.01,29.7703445110153
"31075",2021-05-15,"39","20  day ahead inc hosp",2021-06-04,"quantile",0.025,36.6297643608672
"31076",2021-05-15,"39","20  day ahead inc hosp",2021-06-04,"quantile",0.05,43.4225804285445
"31077",2021-05-15,"39","20  day ahead inc hosp",2021-06-04,"quantile",0.1,52.3805980769566
"31078",2021-05-15,"39","20  day ahead inc hosp",2021-06-04,"quantile",0.15,59.1624510013407
"31079",2021-05-15,"39","20  day ahead inc hosp",2021-06-04,"quantile",0.2,65.0057199160248
"31080",2021-05-15,"39","20  day ahead inc hosp",2021-06-04,"quantile",0.25,70.3547037831509
"31081",2021-05-15,"39","20  day ahead inc hosp",2021-06-04,"quantile",0.3,75.4335946725346
"31082",2021-05-15,"39","20  day ahead inc hosp",2021-06-04,"quantile",0.35,80.3808868949491
"31083",2021-05-15,"39","20  day ahead inc hosp",2021-06-04,"quantile",0.4,85.2966741069986
"31084",2021-05-15,"39","20  day ahead inc hosp",2021-06-04,"quantile",0.45,90.2640798697652
"31085",2021-05-15,"39","20  day ahead inc hosp",2021-06-04,"quantile",0.5,95.3615080596193
"31086",2021-05-15,"39","20  day ahead inc hosp",2021-06-04,"quantile",0.55,100.671845765634
"31087",2021-05-15,"39","20  day ahead inc hosp",2021-06-04,"quantile",0.6,106.291837496265
"31088",2021-05-15,"39","20  day ahead inc hosp",2021-06-04,"quantile",0.65,112.34452048826
"31089",2021-05-15,"39","20  day ahead inc hosp",2021-06-04,"quantile",0.7,118.999122042413
"31090",2021-05-15,"39","20  day ahead inc hosp",2021-06-04,"quantile",0.75,126.507581860082
"31091",2021-05-15,"39","20  day ahead inc hosp",2021-06-04,"quantile",0.8,135.280759784523
"31092",2021-05-15,"39","20  day ahead inc hosp",2021-06-04,"quantile",0.85,146.074197073929
"31093",2021-05-15,"39","20  day ahead inc hosp",2021-06-04,"quantile",0.9,160.557542541303
"31094",2021-05-15,"39","20  day ahead inc hosp",2021-06-04,"quantile",0.95,183.972379543015
"31095",2021-05-15,"39","20  day ahead inc hosp",2021-06-04,"quantile",0.975,206.277345150998
"31096",2021-05-15,"39","20  day ahead inc hosp",2021-06-04,"quantile",0.99,234.695283701116
"31097",2021-05-15,"39","21  day ahead inc hosp",2021-06-05,"quantile",0.01,26.7779742964629
"31098",2021-05-15,"39","21  day ahead inc hosp",2021-06-05,"quantile",0.025,33.3325563839197
"31099",2021-05-15,"39","21  day ahead inc hosp",2021-06-05,"quantile",0.05,39.8735390385513
"31100",2021-05-15,"39","21  day ahead inc hosp",2021-06-05,"quantile",0.1,48.5599639627829
"31101",2021-05-15,"39","21  day ahead inc hosp",2021-06-05,"quantile",0.15,55.1738984992984
"31102",2021-05-15,"39","21  day ahead inc hosp",2021-06-05,"quantile",0.2,60.8946318632342
"31103",2021-05-15,"39","21  day ahead inc hosp",2021-06-05,"quantile",0.25,66.1473861435599
"31104",2021-05-15,"39","21  day ahead inc hosp",2021-06-05,"quantile",0.3,71.1476793308072
"31105",2021-05-15,"39","21  day ahead inc hosp",2021-06-05,"quantile",0.35,76.0293800920103
"31106",2021-05-15,"39","21  day ahead inc hosp",2021-06-05,"quantile",0.4,80.8899046700304
"31107",2021-05-15,"39","21  day ahead inc hosp",2021-06-05,"quantile",0.45,85.8107929521811
"31108",2021-05-15,"39","21  day ahead inc hosp",2021-06-05,"quantile",0.5,90.8695732775504
"31109",2021-05-15,"39","21  day ahead inc hosp",2021-06-05,"quantile",0.55,96.1487960169891
"31110",2021-05-15,"39","21  day ahead inc hosp",2021-06-05,"quantile",0.6,101.745366616713
"31111",2021-05-15,"39","21  day ahead inc hosp",2021-06-05,"quantile",0.65,107.783050569194
"31112",2021-05-15,"39","21  day ahead inc hosp",2021-06-05,"quantile",0.7,114.432588931608
"31113",2021-05-15,"39","21  day ahead inc hosp",2021-06-05,"quantile",0.75,121.948715917845
"31114",2021-05-15,"39","21  day ahead inc hosp",2021-06-05,"quantile",0.8,130.747504696515
"31115",2021-05-15,"39","21  day ahead inc hosp",2021-06-05,"quantile",0.85,141.595080812955
"31116",2021-05-15,"39","21  day ahead inc hosp",2021-06-05,"quantile",0.9,156.186633505412
"31117",2021-05-15,"39","21  day ahead inc hosp",2021-06-05,"quantile",0.95,179.852299219104
"31118",2021-05-15,"39","21  day ahead inc hosp",2021-06-05,"quantile",0.975,202.471866041898
"31119",2021-05-15,"39","21  day ahead inc hosp",2021-06-05,"quantile",0.99,231.382144768283
"31120",2021-05-15,"39","22  day ahead inc hosp",2021-06-06,"quantile",0.01,28.4514730323244
"31121",2021-05-15,"39","22  day ahead inc hosp",2021-06-06,"quantile",0.025,35.5118670546255
"31122",2021-05-15,"39","22  day ahead inc hosp",2021-06-06,"quantile",0.05,42.5702456183434
"31123",2021-05-15,"39","22  day ahead inc hosp",2021-06-06,"quantile",0.1,51.9590254662338
"31124",2021-05-15,"39","22  day ahead inc hosp",2021-06-06,"quantile",0.15,59.1172236184233
"31125",2021-05-15,"39","22  day ahead inc hosp",2021-06-06,"quantile",0.2,65.3142800213354
"31126",2021-05-15,"39","22  day ahead inc hosp",2021-06-06,"quantile",0.25,71.008391659933
"31127",2021-05-15,"39","22  day ahead inc hosp",2021-06-06,"quantile",0.3,76.4320317679759
"31128",2021-05-15,"39","22  day ahead inc hosp",2021-06-06,"quantile",0.35,81.7297875802383
"31129",2021-05-15,"39","22  day ahead inc hosp",2021-06-06,"quantile",0.4,87.0070446563258
"31130",2021-05-15,"39","22  day ahead inc hosp",2021-06-06,"quantile",0.45,92.3521754777574
"31131",2021-05-15,"39","22  day ahead inc hosp",2021-06-06,"quantile",0.5,97.8493604400215
"31132",2021-05-15,"39","22  day ahead inc hosp",2021-06-06,"quantile",0.55,103.588380091794
"31133",2021-05-15,"39","22  day ahead inc hosp",2021-06-06,"quantile",0.6,109.674765015835
"31134",2021-05-15,"39","22  day ahead inc hosp",2021-06-06,"quantile",0.65,116.243426101049
"31135",2021-05-15,"39","22  day ahead inc hosp",2021-06-06,"quantile",0.7,123.480606499086
"31136",2021-05-15,"39","22  day ahead inc hosp",2021-06-06,"quantile",0.75,131.664302007098
"31137",2021-05-15,"39","22  day ahead inc hosp",2021-06-06,"quantile",0.8,141.248742566207
"31138",2021-05-15,"39","22  day ahead inc hosp",2021-06-06,"quantile",0.85,153.070559990184
"31139",2021-05-15,"39","22  day ahead inc hosp",2021-06-06,"quantile",0.9,168.981486052586
"31140",2021-05-15,"39","22  day ahead inc hosp",2021-06-06,"quantile",0.95,194.805956552209
"31141",2021-05-15,"39","22  day ahead inc hosp",2021-06-06,"quantile",0.975,219.507779057545
"31142",2021-05-15,"39","22  day ahead inc hosp",2021-06-06,"quantile",0.99,251.102227205517
"31143",2021-05-15,"39","23  day ahead inc hosp",2021-06-07,"quantile",0.01,26.7071848273018
"31144",2021-05-15,"39","23  day ahead inc hosp",2021-06-07,"quantile",0.025,33.645329855152
"31145",2021-05-15,"39","23  day ahead inc hosp",2021-06-07,"quantile",0.05,40.6240536576084
"31146",2021-05-15,"39","23  day ahead inc hosp",2021-06-07,"quantile",0.1,49.9584375764829
"31147",2021-05-15,"39","23  day ahead inc hosp",2021-06-07,"quantile",0.15,57.1072990778761
"31148",2021-05-15,"39","23  day ahead inc hosp",2021-06-07,"quantile",0.2,63.3151564191741
"31149",2021-05-15,"39","23  day ahead inc hosp",2021-06-07,"quantile",0.25,69.0327929114591
"31150",2021-05-15,"39","23  day ahead inc hosp",2021-06-07,"quantile",0.3,74.4897433809019
"31151",2021-05-15,"39","23  day ahead inc hosp",2021-06-07,"quantile",0.35,79.8294045107487
"31152",2021-05-15,"39","23  day ahead inc hosp",2021-06-07,"quantile",0.4,85.1568726219021
"31153",2021-05-15,"39","23  day ahead inc hosp",2021-06-07,"quantile",0.45,90.5608311969824
"31154",2021-05-15,"39","23  day ahead inc hosp",2021-06-07,"quantile",0.5,96.1262880241255
"31155",2021-05-15,"39","23  day ahead inc hosp",2021-06-07,"quantile",0.55,101.944408187251
"31156",2021-05-15,"39","23  day ahead inc hosp",2021-06-07,"quantile",0.6,108.122818904708
"31157",2021-05-15,"39","23  day ahead inc hosp",2021-06-07,"quantile",0.65,114.799552947301
"31158",2021-05-15,"39","23  day ahead inc hosp",2021-06-07,"quantile",0.7,122.16559431393
"31159",2021-05-15,"39","23  day ahead inc hosp",2021-06-07,"quantile",0.75,130.506471156495
"31160",2021-05-15,"39","23  day ahead inc hosp",2021-06-07,"quantile",0.8,140.289276216775
"31161",2021-05-15,"39","23  day ahead inc hosp",2021-06-07,"quantile",0.85,152.375182430236
"31162",2021-05-15,"39","23  day ahead inc hosp",2021-06-07,"quantile",0.9,168.672082359583
"31163",2021-05-15,"39","23  day ahead inc hosp",2021-06-07,"quantile",0.95,195.188270972089
"31164",2021-05-15,"39","23  day ahead inc hosp",2021-06-07,"quantile",0.975,220.61684533323
"31165",2021-05-15,"39","23  day ahead inc hosp",2021-06-07,"quantile",0.99,253.219646823064
"31166",2021-05-15,"39","24  day ahead inc hosp",2021-06-08,"quantile",0.01,27.4961953636588
"31167",2021-05-15,"39","24  day ahead inc hosp",2021-06-08,"quantile",0.025,34.7786875995846
"31168",2021-05-15,"39","24  day ahead inc hosp",2021-06-08,"quantile",0.05,42.1231658849451
"31169",2021-05-15,"39","24  day ahead inc hosp",2021-06-08,"quantile",0.1,51.9702483257139
"31170",2021-05-15,"39","24  day ahead inc hosp",2021-06-08,"quantile",0.15,59.5263906120472
"31171",2021-05-15,"39","24  day ahead inc hosp",2021-06-08,"quantile",0.2,66.0965048580584
"31172",2021-05-15,"39","24  day ahead inc hosp",2021-06-08,"quantile",0.25,72.1539730744151
"31173",2021-05-15,"39","24  day ahead inc hosp",2021-06-08,"quantile",0.3,77.9402152261056
"31174",2021-05-15,"39","24  day ahead inc hosp",2021-06-08,"quantile",0.35,83.6063461370763
"31175",2021-05-15,"39","24  day ahead inc hosp",2021-06-08,"quantile",0.4,89.263384723878
"31176",2021-05-15,"39","24  day ahead inc hosp",2021-06-08,"quantile",0.45,95.0052656706099
"31177",2021-05-15,"39","24  day ahead inc hosp",2021-06-08,"quantile",0.5,100.92227239967
"31178",2021-05-15,"39","24  day ahead inc hosp",2021-06-08,"quantile",0.55,107.111455420583
"31179",2021-05-15,"39","24  day ahead inc hosp",2021-06-08,"quantile",0.6,113.687601955043
"31180",2021-05-15,"39","24  day ahead inc hosp",2021-06-08,"quantile",0.65,120.798126247682
"31181",2021-05-15,"39","24  day ahead inc hosp",2021-06-08,"quantile",0.7,128.647186377851
"31182",2021-05-15,"39","24  day ahead inc hosp",2021-06-08,"quantile",0.75,137.540211179256
"31183",2021-05-15,"39","24  day ahead inc hosp",2021-06-08,"quantile",0.8,147.977098805731
"31184",2021-05-15,"39","24  day ahead inc hosp",2021-06-08,"quantile",0.85,160.879888767853
"31185",2021-05-15,"39","24  day ahead inc hosp",2021-06-08,"quantile",0.9,178.292155950288
"31186",2021-05-15,"39","24  day ahead inc hosp",2021-06-08,"quantile",0.95,206.652756008787
"31187",2021-05-15,"39","24  day ahead inc hosp",2021-06-08,"quantile",0.975,233.879646112303
"31188",2021-05-15,"39","24  day ahead inc hosp",2021-06-08,"quantile",0.99,268.823902034779
"31189",2021-05-15,"39","25  day ahead inc hosp",2021-06-09,"quantile",0.01,22.9213372839182
"31190",2021-05-15,"39","25  day ahead inc hosp",2021-06-09,"quantile",0.025,29.4699921686606
"31191",2021-05-15,"39","25  day ahead inc hosp",2021-06-09,"quantile",0.05,36.145676648316
"31192",2021-05-15,"39","25  day ahead inc hosp",2021-06-09,"quantile",0.1,45.1829274232101
"31193",2021-05-15,"39","25  day ahead inc hosp",2021-06-09,"quantile",0.15,52.1719786203917
"31194",2021-05-15,"39","25  day ahead inc hosp",2021-06-09,"quantile",0.2,58.2810215210495
"31195",2021-05-15,"39","25  day ahead inc hosp",2021-06-09,"quantile",0.25,63.9365051389705
"31196",2021-05-15,"39","25  day ahead inc hosp",2021-06-09,"quantile",0.3,69.3573230335924
"31197",2021-05-15,"39","25  day ahead inc hosp",2021-06-09,"quantile",0.35,74.6815895928524
"31198",2021-05-15,"39","25  day ahead inc hosp",2021-06-09,"quantile",0.4,80.0117731489833
"31199",2021-05-15,"39","25  day ahead inc hosp",2021-06-09,"quantile",0.45,85.4355278817123
"31200",2021-05-15,"39","25  day ahead inc hosp",2021-06-09,"quantile",0.5,91.0380113566155
"31201",2021-05-15,"39","25  day ahead inc hosp",2021-06-09,"quantile",0.55,96.9116194488937
"31202",2021-05-15,"39","25  day ahead inc hosp",2021-06-09,"quantile",0.6,103.166429403534
"31203",2021-05-15,"39","25  day ahead inc hosp",2021-06-09,"quantile",0.65,109.944552944015
"31204",2021-05-15,"39","25  day ahead inc hosp",2021-06-09,"quantile",0.7,117.443533057392
"31205",2021-05-15,"39","25  day ahead inc hosp",2021-06-09,"quantile",0.75,125.959674891785
"31206",2021-05-15,"39","25  day ahead inc hosp",2021-06-09,"quantile",0.8,135.978890878468
"31207",2021-05-15,"39","25  day ahead inc hosp",2021-06-09,"quantile",0.85,148.398885484691
"31208",2021-05-15,"39","25  day ahead inc hosp",2021-06-09,"quantile",0.9,165.212494924366
"31209",2021-05-15,"39","25  day ahead inc hosp",2021-06-09,"quantile",0.95,192.711288059101
"31210",2021-05-15,"39","25  day ahead inc hosp",2021-06-09,"quantile",0.975,219.224066605145
"31211",2021-05-15,"39","25  day ahead inc hosp",2021-06-09,"quantile",0.99,253.389210349051
"31212",2021-05-15,"39","26  day ahead inc hosp",2021-06-10,"quantile",0.01,20.5459419887927
"31213",2021-05-15,"39","26  day ahead inc hosp",2021-06-10,"quantile",0.025,26.7480466745509
"31214",2021-05-15,"39","26  day ahead inc hosp",2021-06-10,"quantile",0.05,33.1223621168782
"31215",2021-05-15,"39","26  day ahead inc hosp",2021-06-10,"quantile",0.1,41.8149631774879
"31216",2021-05-15,"39","26  day ahead inc hosp",2021-06-10,"quantile",0.15,48.5771000644813
"31217",2021-05-15,"39","26  day ahead inc hosp",2021-06-10,"quantile",0.2,54.5111516690842
"31218",2021-05-15,"39","26  day ahead inc hosp",2021-06-10,"quantile",0.25,60.0214958933006
"31219",2021-05-15,"39","26  day ahead inc hosp",2021-06-10,"quantile",0.3,65.3167419799353
"31220",2021-05-15,"39","26  day ahead inc hosp",2021-06-10,"quantile",0.35,70.529334636311
"31221",2021-05-15,"39","26  day ahead inc hosp",2021-06-10,"quantile",0.4,75.7582800445042
"31222",2021-05-15,"39","26  day ahead inc hosp",2021-06-10,"quantile",0.45,81.0889765609327
"31223",2021-05-15,"39","26  day ahead inc hosp",2021-06-10,"quantile",0.5,86.6050581397469
"31224",2021-05-15,"39","26  day ahead inc hosp",2021-06-10,"quantile",0.55,92.3978898103065
"31225",2021-05-15,"39","26  day ahead inc hosp",2021-06-10,"quantile",0.6,98.5768952440929
"31226",2021-05-15,"39","26  day ahead inc hosp",2021-06-10,"quantile",0.65,105.283879058381
"31227",2021-05-15,"39","26  day ahead inc hosp",2021-06-10,"quantile",0.7,112.716480503034
"31228",2021-05-15,"39","26  day ahead inc hosp",2021-06-10,"quantile",0.75,121.171704936852
"31229",2021-05-15,"39","26  day ahead inc hosp",2021-06-10,"quantile",0.8,131.13729737194
"31230",2021-05-15,"39","26  day ahead inc hosp",2021-06-10,"quantile",0.85,143.515410309444
"31231",2021-05-15,"39","26  day ahead inc hosp",2021-06-10,"quantile",0.9,160.311093515691
"31232",2021-05-15,"39","26  day ahead inc hosp",2021-06-10,"quantile",0.95,187.863721463541
"31233",2021-05-15,"39","26  day ahead inc hosp",2021-06-10,"quantile",0.975,214.511582002145
"31234",2021-05-15,"39","26  day ahead inc hosp",2021-06-10,"quantile",0.99,248.951788009631
"31235",2021-05-15,"39","27  day ahead inc hosp",2021-06-11,"quantile",0.01,19.4190446493251
"31236",2021-05-15,"39","27  day ahead inc hosp",2021-06-11,"quantile",0.025,25.5174319552554
"31237",2021-05-15,"39","27  day ahead inc hosp",2021-06-11,"quantile",0.05,31.8233458536476
"31238",2021-05-15,"39","27  day ahead inc hosp",2021-06-11,"quantile",0.1,40.4693222812195
"31239",2021-05-15,"39","27  day ahead inc hosp",2021-06-11,"quantile",0.15,47.2243799088507
"31240",2021-05-15,"39","27  day ahead inc hosp",2021-06-11,"quantile",0.2,53.1694218129171
"31241",2021-05-15,"39","27  day ahead inc hosp",2021-06-11,"quantile",0.25,58.7023938538087
"31242",2021-05-15,"39","27  day ahead inc hosp",2021-06-11,"quantile",0.3,64.0293666182717
"31243",2021-05-15,"39","27  day ahead inc hosp",2021-06-11,"quantile",0.35,69.2817864348213
"31244",2021-05-15,"39","27  day ahead inc hosp",2021-06-11,"quantile",0.4,74.5584695169173
"31245",2021-05-15,"39","27  day ahead inc hosp",2021-06-11,"quantile",0.45,79.9451755283901
"31246",2021-05-15,"39","27  day ahead inc hosp",2021-06-11,"quantile",0.5,85.52638617892
"31247",2021-05-15,"39","27  day ahead inc hosp",2021-06-11,"quantile",0.55,91.3948498564227
"31248",2021-05-15,"39","27  day ahead inc hosp",2021-06-11,"quantile",0.6,97.6620670387247
"31249",2021-05-15,"39","27  day ahead inc hosp",2021-06-11,"quantile",0.65,104.472924818408
"31250",2021-05-15,"39","27  day ahead inc hosp",2021-06-11,"quantile",0.7,112.029739504361
"31251",2021-05-15,"39","27  day ahead inc hosp",2021-06-11,"quantile",0.75,120.636950165634
"31252",2021-05-15,"39","27  day ahead inc hosp",2021-06-11,"quantile",0.8,130.795010082514
"31253",2021-05-15,"39","27  day ahead inc hosp",2021-06-11,"quantile",0.85,143.430358311522
"31254",2021-05-15,"39","27  day ahead inc hosp",2021-06-11,"quantile",0.9,160.60374907853
"31255",2021-05-15,"39","27  day ahead inc hosp",2021-06-11,"quantile",0.95,188.837526423948
"31256",2021-05-15,"39","27  day ahead inc hosp",2021-06-11,"quantile",0.975,216.205743987076
"31257",2021-05-15,"39","27  day ahead inc hosp",2021-06-11,"quantile",0.99,251.651748481411
"31258",2021-05-15,"39","28  day ahead inc hosp",2021-06-12,"quantile",0.01,19.2185921270087
"31259",2021-05-15,"39","28  day ahead inc hosp",2021-06-12,"quantile",0.025,25.4125397934522
"31260",2021-05-15,"39","28  day ahead inc hosp",2021-06-12,"quantile",0.05,31.8434212770476
"31261",2021-05-15,"39","28  day ahead inc hosp",2021-06-12,"quantile",0.1,40.6927024300835
"31262",2021-05-15,"39","28  day ahead inc hosp",2021-06-12,"quantile",0.15,47.6265957106526
"31263",2021-05-15,"39","28  day ahead inc hosp",2021-06-12,"quantile",0.2,53.7408095043999
"31264",2021-05-15,"39","28  day ahead inc hosp",2021-06-12,"quantile",0.25,59.4397346687252
"31265",2021-05-15,"39","28  day ahead inc hosp",2021-06-12,"quantile",0.3,64.933318334728
"31266",2021-05-15,"39","28  day ahead inc hosp",2021-06-12,"quantile",0.35,70.3559046426584
"31267",2021-05-15,"39","28  day ahead inc hosp",2021-06-12,"quantile",0.4,75.8088732858362
"31268",2021-05-15,"39","28  day ahead inc hosp",2021-06-12,"quantile",0.45,81.3805708204344
"31269",2021-05-15,"39","28  day ahead inc hosp",2021-06-12,"quantile",0.5,87.1583662707606
"31270",2021-05-15,"39","28  day ahead inc hosp",2021-06-12,"quantile",0.55,93.2384902099608
"31271",2021-05-15,"39","28  day ahead inc hosp",2021-06-12,"quantile",0.6,99.7369151951845
"31272",2021-05-15,"39","28  day ahead inc hosp",2021-06-12,"quantile",0.65,106.804605036627
"31273",2021-05-15,"39","28  day ahead inc hosp",2021-06-12,"quantile",0.7,114.652619848053
"31274",2021-05-15,"39","28  day ahead inc hosp",2021-06-12,"quantile",0.75,123.598831287804
"31275",2021-05-15,"39","28  day ahead inc hosp",2021-06-12,"quantile",0.8,134.166114627658
"31276",2021-05-15,"39","28  day ahead inc hosp",2021-06-12,"quantile",0.85,147.322949862363
"31277",2021-05-15,"39","28  day ahead inc hosp",2021-06-12,"quantile",0.9,165.22478976945
"31278",2021-05-15,"39","28  day ahead inc hosp",2021-06-12,"quantile",0.95,194.698404614791
"31279",2021-05-15,"39","28  day ahead inc hosp",2021-06-12,"quantile",0.975,223.310720313171
"31280",2021-05-15,"39","28  day ahead inc hosp",2021-06-12,"quantile",0.99,260.419377901432
"31281",2021-05-15,"39","29  day ahead inc hosp",2021-06-13,"quantile",0.01,19.8689061294171
"31282",2021-05-15,"39","29  day ahead inc hosp",2021-06-13,"quantile",0.025,26.5130795454445
"31283",2021-05-15,"39","29  day ahead inc hosp",2021-06-13,"quantile",0.05,33.4524177655393
"31284",2021-05-15,"39","29  day ahead inc hosp",2021-06-13,"quantile",0.1,43.0515999497253
"31285",2021-05-15,"39","29  day ahead inc hosp",2021-06-13,"quantile",0.15,50.6045523907111
"31286",2021-05-15,"39","29  day ahead inc hosp",2021-06-13,"quantile",0.2,57.2832082819735
"31287",2021-05-15,"39","29  day ahead inc hosp",2021-06-13,"quantile",0.25,63.5216548817877
"31288",2021-05-15,"39","29  day ahead inc hosp",2021-06-13,"quantile",0.3,69.5461105764239
"31289",2021-05-15,"39","29  day ahead inc hosp",2021-06-13,"quantile",0.35,75.5020066925175
"31290",2021-05-15,"39","29  day ahead inc hosp",2021-06-13,"quantile",0.4,81.4997012805158
"31291",2021-05-15,"39","29  day ahead inc hosp",2021-06-13,"quantile",0.45,87.6359392505499
"31292",2021-05-15,"39","29  day ahead inc hosp",2021-06-13,"quantile",0.5,94.0069311105572
"31293",2021-05-15,"39","29  day ahead inc hosp",2021-06-13,"quantile",0.55,100.719138283759
"31294",2021-05-15,"39","29  day ahead inc hosp",2021-06-13,"quantile",0.6,107.901312978737
"31295",2021-05-15,"39","29  day ahead inc hosp",2021-06-13,"quantile",0.65,115.721472081676
"31296",2021-05-15,"39","29  day ahead inc hosp",2021-06-13,"quantile",0.7,124.41492377968
"31297",2021-05-15,"39","29  day ahead inc hosp",2021-06-13,"quantile",0.75,134.336492497463
"31298",2021-05-15,"39","29  day ahead inc hosp",2021-06-13,"quantile",0.8,146.070376274074
"31299",2021-05-15,"39","29  day ahead inc hosp",2021-06-13,"quantile",0.85,160.699483652332
"31300",2021-05-15,"39","29  day ahead inc hosp",2021-06-13,"quantile",0.9,180.635821808467
"31301",2021-05-15,"39","29  day ahead inc hosp",2021-06-13,"quantile",0.95,213.526217400837
"31302",2021-05-15,"39","29  day ahead inc hosp",2021-06-13,"quantile",0.975,245.522754692356
"31303",2021-05-15,"39","29  day ahead inc hosp",2021-06-13,"quantile",0.99,287.102394462892
"31304",2021-05-15,"39","30  day ahead inc hosp",2021-06-14,"quantile",0.01,18.6899357852759
"31305",2021-05-15,"39","30  day ahead inc hosp",2021-06-14,"quantile",0.025,25.2527972702938
"31306",2021-05-15,"39","30  day ahead inc hosp",2021-06-14,"quantile",0.05,32.1628481530375
"31307",2021-05-15,"39","30  day ahead inc hosp",2021-06-14,"quantile",0.1,41.7898816420846
"31308",2021-05-15,"39","30  day ahead inc hosp",2021-06-14,"quantile",0.15,49.4076577570753
"31309",2021-05-15,"39","30  day ahead inc hosp",2021-06-14,"quantile",0.2,56.1689815679444
"31310",2021-05-15,"39","30  day ahead inc hosp",2021-06-14,"quantile",0.25,62.5029883268137
"31311",2021-05-15,"39","30  day ahead inc hosp",2021-06-14,"quantile",0.3,68.6344906379229
"31312",2021-05-15,"39","30  day ahead inc hosp",2021-06-14,"quantile",0.35,74.7089489868562
"31313",2021-05-15,"39","30  day ahead inc hosp",2021-06-14,"quantile",0.4,80.8375883383506
"31314",2021-05-15,"39","30  day ahead inc hosp",2021-06-14,"quantile",0.45,87.1187043836937
"31315",2021-05-15,"39","30  day ahead inc hosp",2021-06-14,"quantile",0.5,93.6507850876454
"31316",2021-05-15,"39","30  day ahead inc hosp",2021-06-14,"quantile",0.55,100.543484957493
"31317",2021-05-15,"39","30  day ahead inc hosp",2021-06-14,"quantile",0.6,107.930030679164
"31318",2021-05-15,"39","30  day ahead inc hosp",2021-06-14,"quantile",0.65,115.984846073447
"31319",2021-05-15,"39","30  day ahead inc hosp",2021-06-14,"quantile",0.7,124.952765194503
"31320",2021-05-15,"39","30  day ahead inc hosp",2021-06-14,"quantile",0.75,135.20356753575
"31321",2021-05-15,"39","30  day ahead inc hosp",2021-06-14,"quantile",0.8,147.346810314936
"31322",2021-05-15,"39","30  day ahead inc hosp",2021-06-14,"quantile",0.85,162.513571839267
"31323",2021-05-15,"39","30  day ahead inc hosp",2021-06-14,"quantile",0.9,183.225748794575
"31324",2021-05-15,"39","30  day ahead inc hosp",2021-06-14,"quantile",0.95,217.48893583152
"31325",2021-05-15,"39","30  day ahead inc hosp",2021-06-14,"quantile",0.975,250.914037190616
"31326",2021-05-15,"39","30  day ahead inc hosp",2021-06-14,"quantile",0.99,294.463421042337
"31327",2021-05-15,"39","31  day ahead inc hosp",2021-06-15,"quantile",0.01,18.0231305094487
"31328",2021-05-15,"39","31  day ahead inc hosp",2021-06-15,"quantile",0.025,24.6126680833991
"31329",2021-05-15,"39","31  day ahead inc hosp",2021-06-15,"quantile",0.05,31.5987521764893
"31330",2021-05-15,"39","31  day ahead inc hosp",2021-06-15,"quantile",0.1,41.3907200606332
"31331",2021-05-15,"39","31  day ahead inc hosp",2021-06-15,"quantile",0.15,49.1760582143179
"31332",2021-05-15,"39","31  day ahead inc hosp",2021-06-15,"quantile",0.2,56.1079993961237
"31333",2021-05-15,"39","31  day ahead inc hosp",2021-06-15,"quantile",0.25,62.6176885019671
"31334",2021-05-15,"39","31  day ahead inc hosp",2021-06-15,"quantile",0.3,68.932018743445
"31335",2021-05-15,"39","31  day ahead inc hosp",2021-06-15,"quantile",0.35,75.1986152569506
"31336",2021-05-15,"39","31  day ahead inc hosp",2021-06-15,"quantile",0.4,81.5310979259326
"31337",2021-05-15,"39","31  day ahead inc hosp",2021-06-15,"quantile",0.45,88.0305680958069
"31338",2021-05-15,"39","31  day ahead inc hosp",2021-06-15,"quantile",0.5,94.7989616995615
"31339",2021-05-15,"39","31  day ahead inc hosp",2021-06-15,"quantile",0.55,101.950351674185
"31340",2021-05-15,"39","31  day ahead inc hosp",2021-06-15,"quantile",0.6,109.62385838874
"31341",2021-05-15,"39","31  day ahead inc hosp",2021-06-15,"quantile",0.65,118.002107554967
"31342",2021-05-15,"39","31  day ahead inc hosp",2021-06-15,"quantile",0.7,127.341918764919
"31343",2021-05-15,"39","31  day ahead inc hosp",2021-06-15,"quantile",0.75,138.031679711031
"31344",2021-05-15,"39","31  day ahead inc hosp",2021-06-15,"quantile",0.8,150.712255206269
"31345",2021-05-15,"39","31  day ahead inc hosp",2021-06-15,"quantile",0.85,166.573821140312
"31346",2021-05-15,"39","31  day ahead inc hosp",2021-06-15,"quantile",0.9,188.272295496289
"31347",2021-05-15,"39","31  day ahead inc hosp",2021-06-15,"quantile",0.95,224.247750590014
"31348",2021-05-15,"39","31  day ahead inc hosp",2021-06-15,"quantile",0.975,259.424173041563
"31349",2021-05-15,"39","31  day ahead inc hosp",2021-06-15,"quantile",0.99,305.353933317642
"31350",2021-05-15,"39","32  day ahead inc hosp",2021-06-16,"quantile",0.01,16.6512175080091
"31351",2021-05-15,"39","32  day ahead inc hosp",2021-06-16,"quantile",0.025,23.0578472050677
"31352",2021-05-15,"39","32  day ahead inc hosp",2021-06-16,"quantile",0.05,29.9112075032047
"31353",2021-05-15,"39","32  day ahead inc hosp",2021-06-16,"quantile",0.1,39.5926989440403
"31354",2021-05-15,"39","32  day ahead inc hosp",2021-06-16,"quantile",0.15,47.3377331716907
"31355",2021-05-15,"39","32  day ahead inc hosp",2021-06-16,"quantile",0.2,54.2619176374262
"31356",2021-05-15,"39","32  day ahead inc hosp",2021-06-16,"quantile",0.25,60.7847075960756
"31357",2021-05-15,"39","32  day ahead inc hosp",2021-06-16,"quantile",0.3,67.1281776474177
"31358",2021-05-15,"39","32  day ahead inc hosp",2021-06-16,"quantile",0.35,73.437883383417
"31359",2021-05-15,"39","32  day ahead inc hosp",2021-06-16,"quantile",0.4,79.8268141828237
"31360",2021-05-15,"39","32  day ahead inc hosp",2021-06-16,"quantile",0.45,86.3964035720588
"31361",2021-05-15,"39","32  day ahead inc hosp",2021-06-16,"quantile",0.5,93.2497438972519
"31362",2021-05-15,"39","32  day ahead inc hosp",2021-06-16,"quantile",0.55,100.502946435474
"31363",2021-05-15,"39","32  day ahead inc hosp",2021-06-16,"quantile",0.6,108.298290050969
"31364",2021-05-15,"39","32  day ahead inc hosp",2021-06-16,"quantile",0.65,116.823167492997
"31365",2021-05-15,"39","32  day ahead inc hosp",2021-06-16,"quantile",0.7,126.341706557922
"31366",2021-05-15,"39","32  day ahead inc hosp",2021-06-16,"quantile",0.75,137.253995826502
"31367",2021-05-15,"39","32  day ahead inc hosp",2021-06-16,"quantile",0.8,150.221022357767
"31368",2021-05-15,"39","32  day ahead inc hosp",2021-06-16,"quantile",0.85,166.471630924101
"31369",2021-05-15,"39","32  day ahead inc hosp",2021-06-16,"quantile",0.9,188.750961755721
"31370",2021-05-15,"39","32  day ahead inc hosp",2021-06-16,"quantile",0.95,225.794404501076
"31371",2021-05-15,"39","32  day ahead inc hosp",2021-06-16,"quantile",0.975,262.120476296155
"31372",2021-05-15,"39","32  day ahead inc hosp",2021-06-16,"quantile",0.99,309.679845265957
"31373",2021-05-15,"39","33  day ahead inc hosp",2021-06-17,"quantile",0.01,15.9453225167813
"31374",2021-05-15,"39","33  day ahead inc hosp",2021-06-17,"quantile",0.025,22.3290036969278
"31375",2021-05-15,"39","33  day ahead inc hosp",2021-06-17,"quantile",0.05,29.207114860352
"31376",2021-05-15,"39","33  day ahead inc hosp",2021-06-17,"quantile",0.1,38.9845272077541
"31377",2021-05-15,"39","33  day ahead inc hosp",2021-06-17,"quantile",0.15,46.8446540840108
"31378",2021-05-15,"39","33  day ahead inc hosp",2021-06-17,"quantile",0.2,53.8944359666899
"31379",2021-05-15,"39","33  day ahead inc hosp",2021-06-17,"quantile",0.25,60.5519997357824
"31380",2021-05-15,"39","33  day ahead inc hosp",2021-06-17,"quantile",0.3,67.0398085910175
"31381",2021-05-15,"39","33  day ahead inc hosp",2021-06-17,"quantile",0.35,73.5045475895669
"31382",2021-05-15,"39","33  day ahead inc hosp",2021-06-17,"quantile",0.4,80.0608707051181
"31383",2021-05-15,"39","33  day ahead inc hosp",2021-06-17,"quantile",0.45,86.8124329205294
"31384",2021-05-15,"39","33  day ahead inc hosp",2021-06-17,"quantile",0.5,93.8652485669287
"31385",2021-05-15,"39","33  day ahead inc hosp",2021-06-17,"quantile",0.55,101.33931792611
"31386",2021-05-15,"39","33  day ahead inc hosp",2021-06-17,"quantile",0.6,109.382223315977
"31387",2021-05-15,"39","33  day ahead inc hosp",2021-06-17,"quantile",0.65,118.188837954306
"31388",2021-05-15,"39","33  day ahead inc hosp",2021-06-17,"quantile",0.7,128.034315539832
"31389",2021-05-15,"39","33  day ahead inc hosp",2021-06-17,"quantile",0.75,139.335964769124
"31390",2021-05-15,"39","33  day ahead inc hosp",2021-06-17,"quantile",0.8,152.783876203613
"31391",2021-05-15,"39","33  day ahead inc hosp",2021-06-17,"quantile",0.85,169.662048832698
"31392",2021-05-15,"39","33  day ahead inc hosp",2021-06-17,"quantile",0.9,192.841207668325
"31393",2021-05-15,"39","33  day ahead inc hosp",2021-06-17,"quantile",0.95,231.465943316708
"31394",2021-05-15,"39","33  day ahead inc hosp",2021-06-17,"quantile",0.975,269.428241269047
"31395",2021-05-15,"39","33  day ahead inc hosp",2021-06-17,"quantile",0.99,319.234203619585
"31396",2021-05-15,"39","34  day ahead inc hosp",2021-06-18,"quantile",0.01,13.1073744907426
"31397",2021-05-15,"39","34  day ahead inc hosp",2021-06-18,"quantile",0.025,18.8031919137625
"31398",2021-05-15,"39","34  day ahead inc hosp",2021-06-18,"quantile",0.05,25.035602119326
"31399",2021-05-15,"39","34  day ahead inc hosp",2021-06-18,"quantile",0.1,34.013999645516
"31400",2021-05-15,"39","34  day ahead inc hosp",2021-06-18,"quantile",0.15,41.3069592147498
"31401",2021-05-15,"39","34  day ahead inc hosp",2021-06-18,"quantile",0.2,47.8927044064906
"31402",2021-05-15,"39","34  day ahead inc hosp",2021-06-18,"quantile",0.25,54.1445105977709
"31403",2021-05-15,"39","34  day ahead inc hosp",2021-06-18,"quantile",0.3,60.2631419575376
"31404",2021-05-15,"39","34  day ahead inc hosp",2021-06-18,"quantile",0.35,66.3827207029318
"31405",2021-05-15,"39","34  day ahead inc hosp",2021-06-18,"quantile",0.4,72.6096531455347
"31406",2021-05-15,"39","34  day ahead inc hosp",2021-06-18,"quantile",0.45,79.041584149645
"31407",2021-05-15,"39","34  day ahead inc hosp",2021-06-18,"quantile",0.5,85.7796967460712
"31408",2021-05-15,"39","34  day ahead inc hosp",2021-06-18,"quantile",0.55,92.9397025568658
"31409",2021-05-15,"39","34  day ahead inc hosp",2021-06-18,"quantile",0.6,100.66496852631
"31410",2021-05-15,"39","34  day ahead inc hosp",2021-06-18,"quantile",0.65,109.145776455276
"31411",2021-05-15,"39","34  day ahead inc hosp",2021-06-18,"quantile",0.7,118.651747720584
"31412",2021-05-15,"39","34  day ahead inc hosp",2021-06-18,"quantile",0.75,129.592826917052
"31413",2021-05-15,"39","34  day ahead inc hosp",2021-06-18,"quantile",0.8,142.648229716491
"31414",2021-05-15,"39","34  day ahead inc hosp",2021-06-18,"quantile",0.85,159.083823302487
"31415",2021-05-15,"39","34  day ahead inc hosp",2021-06-18,"quantile",0.9,181.734589955975
"31416",2021-05-15,"39","34  day ahead inc hosp",2021-06-18,"quantile",0.95,219.65068418679
"31417",2021-05-15,"39","34  day ahead inc hosp",2021-06-18,"quantile",0.975,257.089500803451
"31418",2021-05-15,"39","34  day ahead inc hosp",2021-06-18,"quantile",0.99,306.420234719555
"31419",2021-05-15,"39","35  day ahead inc hosp",2021-06-19,"quantile",0.01,11.9077984476014
"31420",2021-05-15,"39","35  day ahead inc hosp",2021-06-19,"quantile",0.025,17.36297349177
"31421",2021-05-15,"39","35  day ahead inc hosp",2021-06-19,"quantile",0.05,23.3942768437959
"31422",2021-05-15,"39","35  day ahead inc hosp",2021-06-19,"quantile",0.1,32.1605143757294
"31423",2021-05-15,"39","35  day ahead inc hosp",2021-06-19,"quantile",0.15,39.3301497674549
"31424",2021-05-15,"39","35  day ahead inc hosp",2021-06-19,"quantile",0.2,45.8336312347739
"31425",2021-05-15,"39","35  day ahead inc hosp",2021-06-19,"quantile",0.25,52.0284974329287
"31426",2021-05-15,"39","35  day ahead inc hosp",2021-06-19,"quantile",0.3,58.1084972823501
"31427",2021-05-15,"39","35  day ahead inc hosp",2021-06-19,"quantile",0.35,64.2042361843609
"31428",2021-05-15,"39","35  day ahead inc hosp",2021-06-19,"quantile",0.4,70.4203776796749
"31429",2021-05-15,"39","35  day ahead inc hosp",2021-06-19,"quantile",0.45,76.8539208396791
"31430",2021-05-15,"39","35  day ahead inc hosp",2021-06-19,"quantile",0.5,83.6062366449578
"31431",2021-05-15,"39","35  day ahead inc hosp",2021-06-19,"quantile",0.55,90.7940125632234
"31432",2021-05-15,"39","35  day ahead inc hosp",2021-06-19,"quantile",0.6,98.5625025543642
"31433",2021-05-15,"39","35  day ahead inc hosp",2021-06-19,"quantile",0.65,107.105114567349
"31434",2021-05-15,"39","35  day ahead inc hosp",2021-06-19,"quantile",0.7,116.696505728971
"31435",2021-05-15,"39","35  day ahead inc hosp",2021-06-19,"quantile",0.75,127.754933819406
"31436",2021-05-15,"39","35  day ahead inc hosp",2021-06-19,"quantile",0.8,140.974226703826
"31437",2021-05-15,"39","35  day ahead inc hosp",2021-06-19,"quantile",0.85,157.648847490646
"31438",2021-05-15,"39","35  day ahead inc hosp",2021-06-19,"quantile",0.9,180.680949630461
"31439",2021-05-15,"39","35  day ahead inc hosp",2021-06-19,"quantile",0.95,219.347841635627
"31440",2021-05-15,"39","35  day ahead inc hosp",2021-06-19,"quantile",0.975,257.641255510445
"31441",2021-05-15,"39","35  day ahead inc hosp",2021-06-19,"quantile",0.99,308.236583630873
"31442",2021-05-15,"39","36  day ahead inc hosp",2021-06-20,"quantile",0.01,11.0659307896113
"31443",2021-05-15,"39","36  day ahead inc hosp",2021-06-20,"quantile",0.025,16.3714381430384
"31444",2021-05-15,"39","36  day ahead inc hosp",2021-06-20,"quantile",0.05,22.2914967902719
"31445",2021-05-15,"39","36  day ahead inc hosp",2021-06-20,"quantile",0.1,30.9637950616034
"31446",2021-05-15,"39","36  day ahead inc hosp",2021-06-20,"quantile",0.15,38.099440021705
"31447",2021-05-15,"39","36  day ahead inc hosp",2021-06-20,"quantile",0.2,44.5975393218683
"31448",2021-05-15,"39","36  day ahead inc hosp",2021-06-20,"quantile",0.25,50.805786911439
"31449",2021-05-15,"39","36  day ahead inc hosp",2021-06-20,"quantile",0.3,56.9138859720908
"31450",2021-05-15,"39","36  day ahead inc hosp",2021-06-20,"quantile",0.35,63.0507572239274
"31451",2021-05-15,"39","36  day ahead inc hosp",2021-06-20,"quantile",0.4,69.3206438229038
"31452",2021-05-15,"39","36  day ahead inc hosp",2021-06-20,"quantile",0.45,75.8209957748088
"31453",2021-05-15,"39","36  day ahead inc hosp",2021-06-20,"quantile",0.5,82.6544052326529
"31454",2021-05-15,"39","36  day ahead inc hosp",2021-06-20,"quantile",0.55,89.9396268033875
"31455",2021-05-15,"39","36  day ahead inc hosp",2021-06-20,"quantile",0.6,97.8250744364618
"31456",2021-05-15,"39","36  day ahead inc hosp",2021-06-20,"quantile",0.65,106.508900675481
"31457",2021-05-15,"39","36  day ahead inc hosp",2021-06-20,"quantile",0.7,116.273024294247
"31458",2021-05-15,"39","36  day ahead inc hosp",2021-06-20,"quantile",0.75,127.547330492255
"31459",2021-05-15,"39","36  day ahead inc hosp",2021-06-20,"quantile",0.8,141.045665563903
"31460",2021-05-15,"39","36  day ahead inc hosp",2021-06-20,"quantile",0.85,158.101034197822
"31461",2021-05-15,"39","36  day ahead inc hosp",2021-06-20,"quantile",0.9,181.704752200075
"31462",2021-05-15,"39","36  day ahead inc hosp",2021-06-20,"quantile",0.95,221.430381579826
"31463",2021-05-15,"39","36  day ahead inc hosp",2021-06-20,"quantile",0.975,260.872149432126
"31464",2021-05-15,"39","36  day ahead inc hosp",2021-06-20,"quantile",0.99,313.106968693513
"31465",2021-05-15,"39","37  day ahead inc hosp",2021-06-21,"quantile",0.01,10.5465195064465
"31466",2021-05-15,"39","37  day ahead inc hosp",2021-06-21,"quantile",0.025,15.7958394326744
"31467",2021-05-15,"39","37  day ahead inc hosp",2021-06-21,"quantile",0.05,21.6988217058594
"31468",2021-05-15,"39","37  day ahead inc hosp",2021-06-21,"quantile",0.1,30.4031868126734
"31469",2021-05-15,"39","37  day ahead inc hosp",2021-06-21,"quantile",0.15,37.6013225893066
"31470",2021-05-15,"39","37  day ahead inc hosp",2021-06-21,"quantile",0.2,44.1777847388478
"31471",2021-05-15,"39","37  day ahead inc hosp",2021-06-21,"quantile",0.25,50.4765083681212
"31472",2021-05-15,"39","37  day ahead inc hosp",2021-06-21,"quantile",0.3,56.686249821244
"31473",2021-05-15,"39","37  day ahead inc hosp",2021-06-21,"quantile",0.35,62.9361799472385
"31474",2021-05-15,"39","37  day ahead inc hosp",2021-06-21,"quantile",0.4,69.3315378987609
"31475",2021-05-15,"39","37  day ahead inc hosp",2021-06-21,"quantile",0.45,75.9714178919206
"31476",2021-05-15,"39","37  day ahead inc hosp",2021-06-21,"quantile",0.5,82.9607750379242
"31477",2021-05-15,"39","37  day ahead inc hosp",2021-06-21,"quantile",0.55,90.42165351003
"31478",2021-05-15,"39","37  day ahead inc hosp",2021-06-21,"quantile",0.6,98.5070683701636
"31479",2021-05-15,"39","37  day ahead inc hosp",2021-06-21,"quantile",0.65,107.421762962594
"31480",2021-05-15,"39","37  day ahead inc hosp",2021-06-21,"quantile",0.7,117.457469994648
"31481",2021-05-15,"39","37  day ahead inc hosp",2021-06-21,"quantile",0.75,129.059515358637
"31482",2021-05-15,"39","37  day ahead inc hosp",2021-06-21,"quantile",0.8,142.967998495786
"31483",2021-05-15,"39","37  day ahead inc hosp",2021-06-21,"quantile",0.85,160.56595475974
"31484",2021-05-15,"39","37  day ahead inc hosp",2021-06-21,"quantile",0.9,184.959302114826
"31485",2021-05-15,"39","37  day ahead inc hosp",2021-06-21,"quantile",0.95,226.097913272721
"31486",2021-05-15,"39","37  day ahead inc hosp",2021-06-21,"quantile",0.975,267.027253100734
"31487",2021-05-15,"39","37  day ahead inc hosp",2021-06-21,"quantile",0.99,321.335864118324
"31488",2021-05-15,"40","1  day ahead inc hosp",2021-05-16,"quantile",0.01,17.9135613427226
"31489",2021-05-15,"40","1  day ahead inc hosp",2021-05-16,"quantile",0.025,19.4150832844495
"31490",2021-05-15,"40","1  day ahead inc hosp",2021-05-16,"quantile",0.05,20.7803033213696
"31491",2021-05-15,"40","1  day ahead inc hosp",2021-05-16,"quantile",0.1,22.4422913899799
"31492",2021-05-15,"40","1  day ahead inc hosp",2021-05-16,"quantile",0.15,23.6186247924107
"31493",2021-05-15,"40","1  day ahead inc hosp",2021-05-16,"quantile",0.2,24.586038046324
"31494",2021-05-15,"40","1  day ahead inc hosp",2021-05-16,"quantile",0.25,25.4394158831744
"31495",2021-05-15,"40","1  day ahead inc hosp",2021-05-16,"quantile",0.3,26.2245354225677
"31496",2021-05-15,"40","1  day ahead inc hosp",2021-05-16,"quantile",0.35,26.9681582422319
"31497",2021-05-15,"40","1  day ahead inc hosp",2021-05-16,"quantile",0.4,27.6883006253979
"31498",2021-05-15,"40","1  day ahead inc hosp",2021-05-16,"quantile",0.45,28.398681447736
"31499",2021-05-15,"40","1  day ahead inc hosp",2021-05-16,"quantile",0.5,29.111059702796
"31500",2021-05-15,"40","1  day ahead inc hosp",2021-05-16,"quantile",0.55,29.8367571035515
"31501",2021-05-15,"40","1  day ahead inc hosp",2021-05-16,"quantile",0.6,30.5879581619834
"31502",2021-05-15,"40","1  day ahead inc hosp",2021-05-16,"quantile",0.65,31.3792003652984
"31503",2021-05-15,"40","1  day ahead inc hosp",2021-05-16,"quantile",0.7,32.2295607346609
"31504",2021-05-15,"40","1  day ahead inc hosp",2021-05-16,"quantile",0.75,33.1664994830351
"31505",2021-05-15,"40","1  day ahead inc hosp",2021-05-16,"quantile",0.8,34.2337044001168
"31506",2021-05-15,"40","1  day ahead inc hosp",2021-05-16,"quantile",0.85,35.5099379812902
"31507",2021-05-15,"40","1  day ahead inc hosp",2021-05-16,"quantile",0.9,37.1660388900897
"31508",2021-05-15,"40","1  day ahead inc hosp",2021-05-16,"quantile",0.95,39.726348319633
"31509",2021-05-15,"40","1  day ahead inc hosp",2021-05-16,"quantile",0.975,42.0522043865098
"31510",2021-05-15,"40","1  day ahead inc hosp",2021-05-16,"quantile",0.99,44.8832758500289
"31511",2021-05-15,"40","2  day ahead inc hosp",2021-05-17,"quantile",0.01,18.6111159511151
"31512",2021-05-15,"40","2  day ahead inc hosp",2021-05-17,"quantile",0.025,20.3557778243644
"31513",2021-05-15,"40","2  day ahead inc hosp",2021-05-17,"quantile",0.05,21.9519729656394
"31514",2021-05-15,"40","2  day ahead inc hosp",2021-05-17,"quantile",0.1,23.9067872413219
"31515",2021-05-15,"40","2  day ahead inc hosp",2021-05-17,"quantile",0.15,25.2975262522907
"31516",2021-05-15,"40","2  day ahead inc hosp",2021-05-17,"quantile",0.2,26.445418981711
"31517",2021-05-15,"40","2  day ahead inc hosp",2021-05-17,"quantile",0.25,27.4609620280098
"31518",2021-05-15,"40","2  day ahead inc hosp",2021-05-17,"quantile",0.3,28.3976263126402
"31519",2021-05-15,"40","2  day ahead inc hosp",2021-05-17,"quantile",0.35,29.2867860008408
"31520",2021-05-15,"40","2  day ahead inc hosp",2021-05-17,"quantile",0.4,30.1496643397987
"31521",2021-05-15,"40","2  day ahead inc hosp",2021-05-17,"quantile",0.45,31.0025221365581
"31522",2021-05-15,"40","2  day ahead inc hosp",2021-05-17,"quantile",0.5,31.8593990713803
"31523",2021-05-15,"40","2  day ahead inc hosp",2021-05-17,"quantile",0.55,32.733916840638
"31524",2021-05-15,"40","2  day ahead inc hosp",2021-05-17,"quantile",0.6,33.6408401873062
"31525",2021-05-15,"40","2  day ahead inc hosp",2021-05-17,"quantile",0.65,34.5978898095143
"31526",2021-05-15,"40","2  day ahead inc hosp",2021-05-17,"quantile",0.7,35.6284252594493
"31527",2021-05-15,"40","2  day ahead inc hosp",2021-05-17,"quantile",0.75,36.7661819670147
"31528",2021-05-15,"40","2  day ahead inc hosp",2021-05-17,"quantile",0.8,38.0649604542086
"31529",2021-05-15,"40","2  day ahead inc hosp",2021-05-17,"quantile",0.85,39.621938121427
"31530",2021-05-15,"40","2  day ahead inc hosp",2021-05-17,"quantile",0.9,41.6482607415698
"31531",2021-05-15,"40","2  day ahead inc hosp",2021-05-17,"quantile",0.95,44.7933117006898
"31532",2021-05-15,"40","2  day ahead inc hosp",2021-05-17,"quantile",0.975,47.662543407644
"31533",2021-05-15,"40","2  day ahead inc hosp",2021-05-17,"quantile",0.99,51.1695272646015
"31534",2021-05-15,"40","3  day ahead inc hosp",2021-05-18,"quantile",0.01,17.3556363799593
"31535",2021-05-15,"40","3  day ahead inc hosp",2021-05-18,"quantile",0.025,19.115110199723
"31536",2021-05-15,"40","3  day ahead inc hosp",2021-05-18,"quantile",0.05,20.7325089743755
"31537",2021-05-15,"40","3  day ahead inc hosp",2021-05-18,"quantile",0.1,22.7222937710755
"31538",2021-05-15,"40","3  day ahead inc hosp",2021-05-18,"quantile",0.15,24.1434406520785
"31539",2021-05-15,"40","3  day ahead inc hosp",2021-05-18,"quantile",0.2,25.3196442100103
"31540",2021-05-15,"40","3  day ahead inc hosp",2021-05-18,"quantile",0.25,26.3625243427255
"31541",2021-05-15,"40","3  day ahead inc hosp",2021-05-18,"quantile",0.3,27.3262216671328
"31542",2021-05-15,"40","3  day ahead inc hosp",2021-05-18,"quantile",0.35,28.242593241816
"31543",2021-05-15,"40","3  day ahead inc hosp",2021-05-18,"quantile",0.4,29.1332688860691
"31544",2021-05-15,"40","3  day ahead inc hosp",2021-05-18,"quantile",0.45,30.0148993503307
"31545",2021-05-15,"40","3  day ahead inc hosp",2021-05-18,"quantile",0.5,30.9019406881716
"31546",2021-05-15,"40","3  day ahead inc hosp",2021-05-18,"quantile",0.55,31.8084995581624
"31547",2021-05-15,"40","3  day ahead inc hosp",2021-05-18,"quantile",0.6,32.7499475300351
"31548",2021-05-15,"40","3  day ahead inc hosp",2021-05-18,"quantile",0.65,33.7448141545935
"31549",2021-05-15,"40","3  day ahead inc hosp",2021-05-18,"quantile",0.7,34.8176059388602
"31550",2021-05-15,"40","3  day ahead inc hosp",2021-05-18,"quantile",0.75,36.0037995281025
"31551",2021-05-15,"40","3  day ahead inc hosp",2021-05-18,"quantile",0.8,37.360071362284
"31552",2021-05-15,"40","3  day ahead inc hosp",2021-05-18,"quantile",0.85,38.9889345688122
"31553",2021-05-15,"40","3  day ahead inc hosp",2021-05-18,"quantile",0.9,41.1134107422258
"31554",2021-05-15,"40","3  day ahead inc hosp",2021-05-18,"quantile",0.95,44.4204440130579
"31555",2021-05-15,"40","3  day ahead inc hosp",2021-05-18,"quantile",0.975,47.4469378938592
"31556",2021-05-15,"40","3  day ahead inc hosp",2021-05-18,"quantile",0.99,51.1574444001399
"31557",2021-05-15,"40","4  day ahead inc hosp",2021-05-19,"quantile",0.01,16.0861656247804
"31558",2021-05-15,"40","4  day ahead inc hosp",2021-05-19,"quantile",0.025,17.8700951439237
"31559",2021-05-15,"40","4  day ahead inc hosp",2021-05-19,"quantile",0.05,19.5196074932702
"31560",2021-05-15,"40","4  day ahead inc hosp",2021-05-19,"quantile",0.1,21.5602592566489
"31561",2021-05-15,"40","4  day ahead inc hosp",2021-05-19,"quantile",0.15,23.0247220686224
"31562",2021-05-15,"40","4  day ahead inc hosp",2021-05-19,"quantile",0.2,24.2408400104149
"31563",2021-05-15,"40","4  day ahead inc hosp",2021-05-19,"quantile",0.25,25.322010518857
"31564",2021-05-15,"40","4  day ahead inc hosp",2021-05-19,"quantile",0.3,26.323396574795
"31565",2021-05-15,"40","4  day ahead inc hosp",2021-05-19,"quantile",0.35,27.2775717778564
"31566",2021-05-15,"40","4  day ahead inc hosp",2021-05-19,"quantile",0.4,28.2067548938938
"31567",2021-05-15,"40","4  day ahead inc hosp",2021-05-19,"quantile",0.45,29.1281505765968
"31568",2021-05-15,"40","4  day ahead inc hosp",2021-05-19,"quantile",0.5,30.0567976724344
"31569",2021-05-15,"40","4  day ahead inc hosp",2021-05-19,"quantile",0.55,31.0074747083524
"31570",2021-05-15,"40","4  day ahead inc hosp",2021-05-19,"quantile",0.6,31.996388335303
"31571",2021-05-15,"40","4  day ahead inc hosp",2021-05-19,"quantile",0.65,33.0431765517089
"31572",2021-05-15,"40","4  day ahead inc hosp",2021-05-19,"quantile",0.7,34.1739136793502
"31573",2021-05-15,"40","4  day ahead inc hosp",2021-05-19,"quantile",0.75,35.4264529672415
"31574",2021-05-15,"40","4  day ahead inc hosp",2021-05-19,"quantile",0.8,36.8613929003388
"31575",2021-05-15,"40","4  day ahead inc hosp",2021-05-19,"quantile",0.85,38.5885198030508
"31576",2021-05-15,"40","4  day ahead inc hosp",2021-05-19,"quantile",0.9,40.8470392913166
"31577",2021-05-15,"40","4  day ahead inc hosp",2021-05-19,"quantile",0.95,44.3750760215332
"31578",2021-05-15,"40","4  day ahead inc hosp",2021-05-19,"quantile",0.975,47.6159928246535
"31579",2021-05-15,"40","4  day ahead inc hosp",2021-05-19,"quantile",0.99,51.6039071298512
"31580",2021-05-15,"40","5  day ahead inc hosp",2021-05-20,"quantile",0.01,15.1804548859285
"31581",2021-05-15,"40","5  day ahead inc hosp",2021-05-20,"quantile",0.025,16.9809559440153
"31582",2021-05-15,"40","5  day ahead inc hosp",2021-05-20,"quantile",0.05,18.6536278406002
"31583",2021-05-15,"40","5  day ahead inc hosp",2021-05-20,"quantile",0.1,20.7321834030102
"31584",2021-05-15,"40","5  day ahead inc hosp",2021-05-20,"quantile",0.15,22.2295396730665
"31585",2021-05-15,"40","5  day ahead inc hosp",2021-05-20,"quantile",0.2,23.476285227016
"31586",2021-05-15,"40","5  day ahead inc hosp",2021-05-20,"quantile",0.25,24.5870491369656
"31587",2021-05-15,"40","5  day ahead inc hosp",2021-05-20,"quantile",0.3,25.617724961084
"31588",2021-05-15,"40","5  day ahead inc hosp",2021-05-20,"quantile",0.35,26.6014125719379
"31589",2021-05-15,"40","5  day ahead inc hosp",2021-05-20,"quantile",0.4,27.5607744125134
"31590",2021-05-15,"40","5  day ahead inc hosp",2021-05-20,"quantile",0.45,28.5134417119369
"31591",2021-05-15,"40","5  day ahead inc hosp",2021-05-20,"quantile",0.5,29.4749100456377
"31592",2021-05-15,"40","5  day ahead inc hosp",2021-05-20,"quantile",0.55,30.4604912267774
"31593",2021-05-15,"40","5  day ahead inc hosp",2021-05-20,"quantile",0.6,31.4870605752924
"31594",2021-05-15,"40","5  day ahead inc hosp",2021-05-20,"quantile",0.65,32.5751488504643
"31595",2021-05-15,"40","5  day ahead inc hosp",2021-05-20,"quantile",0.7,33.7520980256062
"31596",2021-05-15,"40","5  day ahead inc hosp",2021-05-20,"quantile",0.75,35.0576880454692
"31597",2021-05-15,"40","5  day ahead inc hosp",2021-05-20,"quantile",0.8,36.5557031481432
"31598",2021-05-15,"40","5  day ahead inc hosp",2021-05-20,"quantile",0.85,38.3618469254961
"31599",2021-05-15,"40","5  day ahead inc hosp",2021-05-20,"quantile",0.9,40.7285125461866
"31600",2021-05-15,"40","5  day ahead inc hosp",2021-05-20,"quantile",0.95,44.4356103756478
"31601",2021-05-15,"40","5  day ahead inc hosp",2021-05-20,"quantile",0.975,47.8510006169471
"31602",2021-05-15,"40","5  day ahead inc hosp",2021-05-20,"quantile",0.99,52.0655296397369
"31603",2021-05-15,"40","6  day ahead inc hosp",2021-05-21,"quantile",0.01,15.6774330937493
"31604",2021-05-15,"40","6  day ahead inc hosp",2021-05-21,"quantile",0.025,17.6090485619226
"31605",2021-05-15,"40","6  day ahead inc hosp",2021-05-21,"quantile",0.05,19.4085314656901
"31606",2021-05-15,"40","6  day ahead inc hosp",2021-05-21,"quantile",0.1,21.6505807468918
"31607",2021-05-15,"40","6  day ahead inc hosp",2021-05-21,"quantile",0.15,23.2693506917041
"31608",2021-05-15,"40","6  day ahead inc hosp",2021-05-21,"quantile",0.2,24.6193040238663
"31609",2021-05-15,"40","6  day ahead inc hosp",2021-05-21,"quantile",0.25,25.8235285069618
"31610",2021-05-15,"40","6  day ahead inc hosp",2021-05-21,"quantile",0.3,26.942126643033
"31611",2021-05-15,"40","6  day ahead inc hosp",2021-05-21,"quantile",0.35,28.0107519946261
"31612",2021-05-15,"40","6  day ahead inc hosp",2021-05-21,"quantile",0.4,29.0538701086232
"31613",2021-05-15,"40","6  day ahead inc hosp",2021-05-21,"quantile",0.45,30.0905685333855
"31614",2021-05-15,"40","6  day ahead inc hosp",2021-05-21,"quantile",0.5,31.1376766430901
"31615",2021-05-15,"40","6  day ahead inc hosp",2021-05-21,"quantile",0.55,32.2118782777365
"31616",2021-05-15,"40","6  day ahead inc hosp",2021-05-21,"quantile",0.6,33.3316142988356
"31617",2021-05-15,"40","6  day ahead inc hosp",2021-05-21,"quantile",0.65,34.5193724971862
"31618",2021-05-15,"40","6  day ahead inc hosp",2021-05-21,"quantile",0.7,35.805153234504
"31619",2021-05-15,"40","6  day ahead inc hosp",2021-05-21,"quantile",0.75,37.2326588097617
"31620",2021-05-15,"40","6  day ahead inc hosp",2021-05-21,"quantile",0.8,38.8720268592586
"31621",2021-05-15,"40","6  day ahead inc hosp",2021-05-21,"quantile",0.85,40.850578442475
"31622",2021-05-15,"40","6  day ahead inc hosp",2021-05-21,"quantile",0.9,43.4462367631562
"31623",2021-05-15,"40","6  day ahead inc hosp",2021-05-21,"quantile",0.95,47.5185000910461
"31624",2021-05-15,"40","6  day ahead inc hosp",2021-05-21,"quantile",0.975,51.2767077604401
"31625",2021-05-15,"40","6  day ahead inc hosp",2021-05-21,"quantile",0.99,55.9218972945223
"31626",2021-05-15,"40","7  day ahead inc hosp",2021-05-22,"quantile",0.01,14.8175751609565
"31627",2021-05-15,"40","7  day ahead inc hosp",2021-05-22,"quantile",0.025,16.7660780667461
"31628",2021-05-15,"40","7  day ahead inc hosp",2021-05-22,"quantile",0.05,18.5903555094925
"31629",2021-05-15,"40","7  day ahead inc hosp",2021-05-22,"quantile",0.1,20.8740254931528
"31630",2021-05-15,"40","7  day ahead inc hosp",2021-05-22,"quantile",0.15,22.5294550904234
"31631",2021-05-15,"40","7  day ahead inc hosp",2021-05-22,"quantile",0.2,23.9138304979935
"31632",2021-05-15,"40","7  day ahead inc hosp",2021-05-22,"quantile",0.25,25.1515122592591
"31633",2021-05-15,"40","7  day ahead inc hosp",2021-05-22,"quantile",0.3,26.3033783391032
"31634",2021-05-15,"40","7  day ahead inc hosp",2021-05-22,"quantile",0.35,27.4056543735208
"31635",2021-05-15,"40","7  day ahead inc hosp",2021-05-22,"quantile",0.4,28.4832988363893
"31636",2021-05-15,"40","7  day ahead inc hosp",2021-05-22,"quantile",0.45,29.5558821133122
"31637",2021-05-15,"40","7  day ahead inc hosp",2021-05-22,"quantile",0.5,30.6407581109419
"31638",2021-05-15,"40","7  day ahead inc hosp",2021-05-22,"quantile",0.55,31.7552295880312
"31639",2021-05-15,"40","7  day ahead inc hosp",2021-05-22,"quantile",0.6,32.9185190675273
"31640",2021-05-15,"40","7  day ahead inc hosp",2021-05-22,"quantile",0.65,34.1541630385463
"31641",2021-05-15,"40","7  day ahead inc hosp",2021-05-22,"quantile",0.7,35.4936558390836
"31642",2021-05-15,"40","7  day ahead inc hosp",2021-05-22,"quantile",0.75,36.9829757348664
"31643",2021-05-15,"40","7  day ahead inc hosp",2021-05-22,"quantile",0.8,38.6960303418723
"31644",2021-05-15,"40","7  day ahead inc hosp",2021-05-22,"quantile",0.85,40.7671540140745
"31645",2021-05-15,"40","7  day ahead inc hosp",2021-05-22,"quantile",0.9,43.4899250925628
"31646",2021-05-15,"40","7  day ahead inc hosp",2021-05-22,"quantile",0.95,47.7735475107016
"31647",2021-05-15,"40","7  day ahead inc hosp",2021-05-22,"quantile",0.975,51.7385995241607
"31648",2021-05-15,"40","7  day ahead inc hosp",2021-05-22,"quantile",0.99,56.653551872924
"31649",2021-05-15,"40","8  day ahead inc hosp",2021-05-23,"quantile",0.01,12.3884591113086
"31650",2021-05-15,"40","8  day ahead inc hosp",2021-05-23,"quantile",0.025,14.1757366877473
"31651",2021-05-15,"40","8  day ahead inc hosp",2021-05-23,"quantile",0.05,15.8618052673838
"31652",2021-05-15,"40","8  day ahead inc hosp",2021-05-23,"quantile",0.1,17.987592335298
"31653",2021-05-15,"40","8  day ahead inc hosp",2021-05-23,"quantile",0.15,19.5379152391642
"31654",2021-05-15,"40","8  day ahead inc hosp",2021-05-23,"quantile",0.2,20.839846030817
"31655",2021-05-15,"40","8  day ahead inc hosp",2021-05-23,"quantile",0.25,22.0077207888766
"31656",2021-05-15,"40","8  day ahead inc hosp",2021-05-23,"quantile",0.3,23.0977290835854
"31657",2021-05-15,"40","8  day ahead inc hosp",2021-05-23,"quantile",0.35,24.1434671336349
"31658",2021-05-15,"40","8  day ahead inc hosp",2021-05-23,"quantile",0.4,25.1682259555785
"31659",2021-05-15,"40","8  day ahead inc hosp",2021-05-23,"quantile",0.45,26.1904095409161
"31660",2021-05-15,"40","8  day ahead inc hosp",2021-05-23,"quantile",0.5,27.2264790337171
"31661",2021-05-15,"40","8  day ahead inc hosp",2021-05-23,"quantile",0.55,28.2929882093123
"31662",2021-05-15,"40","8  day ahead inc hosp",2021-05-23,"quantile",0.6,29.4084661691583
"31663",2021-05-15,"40","8  day ahead inc hosp",2021-05-23,"quantile",0.65,30.5957356738553
"31664",2021-05-15,"40","8  day ahead inc hosp",2021-05-23,"quantile",0.7,31.8854703404877
"31665",2021-05-15,"40","8  day ahead inc hosp",2021-05-23,"quantile",0.75,33.3225913775068
"31666",2021-05-15,"40","8  day ahead inc hosp",2021-05-23,"quantile",0.8,34.9794738617604
"31667",2021-05-15,"40","8  day ahead inc hosp",2021-05-23,"quantile",0.85,36.9879089538975
"31668",2021-05-15,"40","8  day ahead inc hosp",2021-05-23,"quantile",0.9,39.6364147712002
"31669",2021-05-15,"40","8  day ahead inc hosp",2021-05-23,"quantile",0.95,43.8203903464443
"31670",2021-05-15,"40","8  day ahead inc hosp",2021-05-23,"quantile",0.975,47.7102120610867
"31671",2021-05-15,"40","8  day ahead inc hosp",2021-05-23,"quantile",0.99,52.5522980086202
"31672",2021-05-15,"40","9  day ahead inc hosp",2021-05-24,"quantile",0.01,14.1759452143321
"31673",2021-05-15,"40","9  day ahead inc hosp",2021-05-24,"quantile",0.025,16.2326619052725
"31674",2021-05-15,"40","9  day ahead inc hosp",2021-05-24,"quantile",0.05,18.1738447140389
"31675",2021-05-15,"40","9  day ahead inc hosp",2021-05-24,"quantile",0.1,20.6223840426906
"31676",2021-05-15,"40","9  day ahead inc hosp",2021-05-24,"quantile",0.15,22.4087689026467
"31677",2021-05-15,"40","9  day ahead inc hosp",2021-05-24,"quantile",0.2,23.9093362931114
"31678",2021-05-15,"40","9  day ahead inc hosp",2021-05-24,"quantile",0.25,25.2556778393257
"31679",2021-05-15,"40","9  day ahead inc hosp",2021-05-24,"quantile",0.3,26.5124793368093
"31680",2021-05-15,"40","9  day ahead inc hosp",2021-05-24,"quantile",0.35,27.7184288131527
"31681",2021-05-15,"40","9  day ahead inc hosp",2021-05-24,"quantile",0.4,28.9003578798225
"31682",2021-05-15,"40","9  day ahead inc hosp",2021-05-24,"quantile",0.45,30.0794785872354
"31683",2021-05-15,"40","9  day ahead inc hosp",2021-05-24,"quantile",0.5,31.2747740376468
"31684",2021-05-15,"40","9  day ahead inc hosp",2021-05-24,"quantile",0.55,32.5053443890774
"31685",2021-05-15,"40","9  day ahead inc hosp",2021-05-24,"quantile",0.6,33.7925789584175
"31686",2021-05-15,"40","9  day ahead inc hosp",2021-05-24,"quantile",0.65,35.1628331826461
"31687",2021-05-15,"40","9  day ahead inc hosp",2021-05-24,"quantile",0.7,36.6515381348176
"31688",2021-05-15,"40","9  day ahead inc hosp",2021-05-24,"quantile",0.75,38.3105922996017
"31689",2021-05-15,"40","9  day ahead inc hosp",2021-05-24,"quantile",0.8,40.2236240819001
"31690",2021-05-15,"40","9  day ahead inc hosp",2021-05-24,"quantile",0.85,42.5429336244969
"31691",2021-05-15,"40","9  day ahead inc hosp",2021-05-24,"quantile",0.9,45.601973032641
"31692",2021-05-15,"40","9  day ahead inc hosp",2021-05-24,"quantile",0.95,50.4357250853555
"31693",2021-05-15,"40","9  day ahead inc hosp",2021-05-24,"quantile",0.975,54.9308622218804
"31694",2021-05-15,"40","9  day ahead inc hosp",2021-05-24,"quantile",0.99,60.5279127554339
"31695",2021-05-15,"40","10  day ahead inc hosp",2021-05-25,"quantile",0.01,12.7411308654905
"31696",2021-05-15,"40","10  day ahead inc hosp",2021-05-25,"quantile",0.025,14.7167353740692
"31697",2021-05-15,"40","10  day ahead inc hosp",2021-05-25,"quantile",0.05,16.5922904710601
"31698",2021-05-15,"40","10  day ahead inc hosp",2021-05-25,"quantile",0.1,18.9710489570937
"31699",2021-05-15,"40","10  day ahead inc hosp",2021-05-25,"quantile",0.15,20.7145537451653
"31700",2021-05-15,"40","10  day ahead inc hosp",2021-05-25,"quantile",0.2,22.1837890231535
"31701",2021-05-15,"40","10  day ahead inc hosp",2021-05-25,"quantile",0.25,23.5053738834656
"31702",2021-05-15,"40","10  day ahead inc hosp",2021-05-25,"quantile",0.3,24.7417398816554
"31703",2021-05-15,"40","10  day ahead inc hosp",2021-05-25,"quantile",0.35,25.9303670787092
"31704",2021-05-15,"40","10  day ahead inc hosp",2021-05-25,"quantile",0.4,27.0973755763649
"31705",2021-05-15,"40","10  day ahead inc hosp",2021-05-25,"quantile",0.45,28.2635382294262
"31706",2021-05-15,"40","10  day ahead inc hosp",2021-05-25,"quantile",0.5,29.4475681160098
"31707",2021-05-15,"40","10  day ahead inc hosp",2021-05-25,"quantile",0.55,30.6684155399843
"31708",2021-05-15,"40","10  day ahead inc hosp",2021-05-25,"quantile",0.6,31.9474208526746
"31709",2021-05-15,"40","10  day ahead inc hosp",2021-05-25,"quantile",0.65,33.3109944776714
"31710",2021-05-15,"40","10  day ahead inc hosp",2021-05-25,"quantile",0.7,34.794755511784
"31711",2021-05-15,"40","10  day ahead inc hosp",2021-05-25,"quantile",0.75,36.4509976734278
"31712",2021-05-15,"40","10  day ahead inc hosp",2021-05-25,"quantile",0.8,38.3641281396149
"31713",2021-05-15,"40","10  day ahead inc hosp",2021-05-25,"quantile",0.85,40.6880728756609
"31714",2021-05-15,"40","10  day ahead inc hosp",2021-05-25,"quantile",0.9,43.7602728110289
"31715",2021-05-15,"40","10  day ahead inc hosp",2021-05-25,"quantile",0.95,48.6297095341
"31716",2021-05-15,"40","10  day ahead inc hosp",2021-05-25,"quantile",0.975,53.172769773225
"31717",2021-05-15,"40","10  day ahead inc hosp",2021-05-25,"quantile",0.99,58.8471738073133
"31718",2021-05-15,"40","11  day ahead inc hosp",2021-05-26,"quantile",0.01,11.7673469636287
"31719",2021-05-15,"40","11  day ahead inc hosp",2021-05-26,"quantile",0.025,13.6982300442363
"31720",2021-05-15,"40","11  day ahead inc hosp",2021-05-26,"quantile",0.05,15.5409554297819
"31721",2021-05-15,"40","11  day ahead inc hosp",2021-05-26,"quantile",0.1,17.8895449993707
"31722",2021-05-15,"40","11  day ahead inc hosp",2021-05-26,"quantile",0.15,19.618026459479
"31723",2021-05-15,"40","11  day ahead inc hosp",2021-05-26,"quantile",0.2,21.0787413873757
"31724",2021-05-15,"40","11  day ahead inc hosp",2021-05-26,"quantile",0.25,22.3956267010667
"31725",2021-05-15,"40","11  day ahead inc hosp",2021-05-26,"quantile",0.3,23.6299605433111
"31726",2021-05-15,"40","11  day ahead inc hosp",2021-05-26,"quantile",0.35,24.8186559597703
"31727",2021-05-15,"40","11  day ahead inc hosp",2021-05-26,"quantile",0.4,25.987550947172
"31728",2021-05-15,"40","11  day ahead inc hosp",2021-05-26,"quantile",0.45,27.1573042196325
"31729",2021-05-15,"40","11  day ahead inc hosp",2021-05-26,"quantile",0.5,28.3466355772993
"31730",2021-05-15,"40","11  day ahead inc hosp",2021-05-26,"quantile",0.55,29.5746100848072
"31731",2021-05-15,"40","11  day ahead inc hosp",2021-05-26,"quantile",0.6,30.8628021209033
"31732",2021-05-15,"40","11  day ahead inc hosp",2021-05-26,"quantile",0.65,32.2380130310732
"31733",2021-05-15,"40","11  day ahead inc hosp",2021-05-26,"quantile",0.7,33.7364891557032
"31734",2021-05-15,"40","11  day ahead inc hosp",2021-05-26,"quantile",0.75,35.4115501329048
"31735",2021-05-15,"40","11  day ahead inc hosp",2021-05-26,"quantile",0.8,37.3493837709947
"31736",2021-05-15,"40","11  day ahead inc hosp",2021-05-26,"quantile",0.85,39.7073464248226
"31737",2021-05-15,"40","11  day ahead inc hosp",2021-05-26,"quantile",0.9,42.8307800019208
"31738",2021-05-15,"40","11  day ahead inc hosp",2021-05-26,"quantile",0.95,47.7946688821673
"31739",2021-05-15,"40","11  day ahead inc hosp",2021-05-26,"quantile",0.975,52.4389724610067
"31740",2021-05-15,"40","11  day ahead inc hosp",2021-05-26,"quantile",0.99,58.255588569972
"31741",2021-05-15,"40","12  day ahead inc hosp",2021-05-27,"quantile",0.01,12.1992075606738
"31742",2021-05-15,"40","12  day ahead inc hosp",2021-05-27,"quantile",0.025,14.2490107983668
"31743",2021-05-15,"40","12  day ahead inc hosp",2021-05-27,"quantile",0.05,16.2096704498814
"31744",2021-05-15,"40","12  day ahead inc hosp",2021-05-27,"quantile",0.1,18.7138619013211
"31745",2021-05-15,"40","12  day ahead inc hosp",2021-05-27,"quantile",0.15,20.5601296821924
"31746",2021-05-15,"40","12  day ahead inc hosp",2021-05-27,"quantile",0.2,22.1222915768201
"31747",2021-05-15,"40","12  day ahead inc hosp",2021-05-27,"quantile",0.25,23.5320003131331
"31748",2021-05-15,"40","12  day ahead inc hosp",2021-05-27,"quantile",0.3,24.8544274942329
"31749",2021-05-15,"40","12  day ahead inc hosp",2021-05-27,"quantile",0.35,26.1288899441496
"31750",2021-05-15,"40","12  day ahead inc hosp",2021-05-27,"quantile",0.4,27.3829608854476
"31751",2021-05-15,"40","12  day ahead inc hosp",2021-05-27,"quantile",0.45,28.6387376434933
"31752",2021-05-15,"40","12  day ahead inc hosp",2021-05-27,"quantile",0.5,29.916294314197
"31753",2021-05-15,"40","12  day ahead inc hosp",2021-05-27,"quantile",0.55,31.2361249668481
"31754",2021-05-15,"40","12  day ahead inc hosp",2021-05-27,"quantile",0.6,32.6214691194221
"31755",2021-05-15,"40","12  day ahead inc hosp",2021-05-27,"quantile",0.65,34.1012429569829
"31756",2021-05-15,"40","12  day ahead inc hosp",2021-05-27,"quantile",0.7,35.7145985360143
"31757",2021-05-15,"40","12  day ahead inc hosp",2021-05-27,"quantile",0.75,37.519177760748
"31758",2021-05-15,"40","12  day ahead inc hosp",2021-05-27,"quantile",0.8,39.6082119883961
"31759",2021-05-15,"40","12  day ahead inc hosp",2021-05-27,"quantile",0.85,42.1520010407849
"31760",2021-05-15,"40","12  day ahead inc hosp",2021-05-27,"quantile",0.9,45.5244678884039
"31761",2021-05-15,"40","12  day ahead inc hosp",2021-05-27,"quantile",0.95,50.8902273565151
"31762",2021-05-15,"40","12  day ahead inc hosp",2021-05-27,"quantile",0.975,55.916566407532
"31763",2021-05-15,"40","12  day ahead inc hosp",2021-05-27,"quantile",0.99,62.218900645218
"31764",2021-05-15,"40","13  day ahead inc hosp",2021-05-28,"quantile",0.01,11.9674439549968
"31765",2021-05-15,"40","13  day ahead inc hosp",2021-05-28,"quantile",0.025,14.0531912744994
"31766",2021-05-15,"40","13  day ahead inc hosp",2021-05-28,"quantile",0.05,16.055396095285
"31767",2021-05-15,"40","13  day ahead inc hosp",2021-05-28,"quantile",0.1,18.6211960858817
"31768",2021-05-15,"40","13  day ahead inc hosp",2021-05-28,"quantile",0.15,20.5181701380694
"31769",2021-05-15,"40","13  day ahead inc hosp",2021-05-28,"quantile",0.2,22.1263217575652
"31770",2021-05-15,"40","13  day ahead inc hosp",2021-05-28,"quantile",0.25,23.5797428073707
"31771",2021-05-15,"40","13  day ahead inc hosp",2021-05-28,"quantile",0.3,24.944939628588
"31772",2021-05-15,"40","13  day ahead inc hosp",2021-05-28,"quantile",0.35,26.2621292491509
"31773",2021-05-15,"40","13  day ahead inc hosp",2021-05-28,"quantile",0.4,27.5596019249304
"31774",2021-05-15,"40","13  day ahead inc hosp",2021-05-28,"quantile",0.45,28.8601129593887
"31775",2021-05-15,"40","13  day ahead inc hosp",2021-05-28,"quantile",0.5,30.1844165928769
"31776",2021-05-15,"40","13  day ahead inc hosp",2021-05-28,"quantile",0.55,31.553781960184
"31777",2021-05-15,"40","13  day ahead inc hosp",2021-05-28,"quantile",0.6,32.9924053151578
"31778",2021-05-15,"40","13  day ahead inc hosp",2021-05-28,"quantile",0.65,34.5304681568708
"31779",2021-05-15,"40","13  day ahead inc hosp",2021-05-28,"quantile",0.7,36.208909498188
"31780",2021-05-15,"40","13  day ahead inc hosp",2021-05-28,"quantile",0.75,38.0880795508339
"31781",2021-05-15,"40","13  day ahead inc hosp",2021-05-28,"quantile",0.8,40.2656823538427
"31782",2021-05-15,"40","13  day ahead inc hosp",2021-05-28,"quantile",0.85,42.9203238648355
"31783",2021-05-15,"40","13  day ahead inc hosp",2021-05-28,"quantile",0.9,46.444449324138
"31784",2021-05-15,"40","13  day ahead inc hosp",2021-05-28,"quantile",0.95,52.0614455414999
"31785",2021-05-15,"40","13  day ahead inc hosp",2021-05-28,"quantile",0.975,57.3329815158987
"31786",2021-05-15,"40","13  day ahead inc hosp",2021-05-28,"quantile",0.99,63.9545980464152
"31787",2021-05-15,"40","14  day ahead inc hosp",2021-05-29,"quantile",0.01,11.5559885304353
"31788",2021-05-15,"40","14  day ahead inc hosp",2021-05-29,"quantile",0.025,13.6503542459104
"31789",2021-05-15,"40","14  day ahead inc hosp",2021-05-29,"quantile",0.05,15.6687977262204
"31790",2021-05-15,"40","14  day ahead inc hosp",2021-05-29,"quantile",0.1,18.2649225701395
"31791",2021-05-15,"40","14  day ahead inc hosp",2021-05-29,"quantile",0.15,20.190204442135
"31792",2021-05-15,"40","14  day ahead inc hosp",2021-05-29,"quantile",0.2,21.8257946873704
"31793",2021-05-15,"40","14  day ahead inc hosp",2021-05-29,"quantile",0.25,23.3064803721023
"31794",2021-05-15,"40","14  day ahead inc hosp",2021-05-29,"quantile",0.3,24.6992551491861
"31795",2021-05-15,"40","14  day ahead inc hosp",2021-05-29,"quantile",0.35,26.0447374281996
"31796",2021-05-15,"40","14  day ahead inc hosp",2021-05-29,"quantile",0.4,27.3715961942764
"31797",2021-05-15,"40","14  day ahead inc hosp",2021-05-29,"quantile",0.45,28.7029850068646
"31798",2021-05-15,"40","14  day ahead inc hosp",2021-05-29,"quantile",0.5,30.0601137043427
"31799",2021-05-15,"40","14  day ahead inc hosp",2021-05-29,"quantile",0.55,31.4648084980915
"31800",2021-05-15,"40","14  day ahead inc hosp",2021-05-29,"quantile",0.6,32.9419861332367
"31801",2021-05-15,"40","14  day ahead inc hosp",2021-05-29,"quantile",0.65,34.5228100996037
"31802",2021-05-15,"40","14  day ahead inc hosp",2021-05-29,"quantile",0.7,36.2496333456185
"31803",2021-05-15,"40","14  day ahead inc hosp",2021-05-29,"quantile",0.75,38.1849765258527
"31804",2021-05-15,"40","14  day ahead inc hosp",2021-05-29,"quantile",0.8,40.4301602034242
"31805",2021-05-15,"40","14  day ahead inc hosp",2021-05-29,"quantile",0.85,43.1705535680767
"31806",2021-05-15,"40","14  day ahead inc hosp",2021-05-29,"quantile",0.9,46.8137816168579
"31807",2021-05-15,"40","14  day ahead inc hosp",2021-05-29,"quantile",0.95,52.6317686307945
"31808",2021-05-15,"40","14  day ahead inc hosp",2021-05-29,"quantile",0.975,58.1029992294022
"31809",2021-05-15,"40","14  day ahead inc hosp",2021-05-29,"quantile",0.99,64.9887599193175
"31810",2021-05-15,"40","15  day ahead inc hosp",2021-05-30,"quantile",0.01,10.3270419382512
"31811",2021-05-15,"40","15  day ahead inc hosp",2021-05-30,"quantile",0.025,12.370993989962
"31812",2021-05-15,"40","15  day ahead inc hosp",2021-05-30,"quantile",0.05,14.3594038457566
"31813",2021-05-15,"40","15  day ahead inc hosp",2021-05-30,"quantile",0.1,16.9391685101652
"31814",2021-05-15,"40","15  day ahead inc hosp",2021-05-30,"quantile",0.15,18.8661462239413
"31815",2021-05-15,"40","15  day ahead inc hosp",2021-05-30,"quantile",0.2,20.5112816851848
"31816",2021-05-15,"40","15  day ahead inc hosp",2021-05-30,"quantile",0.25,22.0064296728573
"31817",2021-05-15,"40","15  day ahead inc hosp",2021-05-30,"quantile",0.3,23.4174625841162
"31818",2021-05-15,"40","15  day ahead inc hosp",2021-05-30,"quantile",0.35,24.7845725660738
"31819",2021-05-15,"40","15  day ahead inc hosp",2021-05-30,"quantile",0.4,26.1363575006048
"31820",2021-05-15,"40","15  day ahead inc hosp",2021-05-30,"quantile",0.45,27.4961367424951
"31821",2021-05-15,"40","15  day ahead inc hosp",2021-05-30,"quantile",0.5,28.8854918507735
"31822",2021-05-15,"40","15  day ahead inc hosp",2021-05-30,"quantile",0.55,30.3268456609639
"31823",2021-05-15,"40","15  day ahead inc hosp",2021-05-30,"quantile",0.6,31.8460015033244
"31824",2021-05-15,"40","15  day ahead inc hosp",2021-05-30,"quantile",0.65,33.4754287006072
"31825",2021-05-15,"40","15  day ahead inc hosp",2021-05-30,"quantile",0.7,35.2594487177598
"31826",2021-05-15,"40","15  day ahead inc hosp",2021-05-30,"quantile",0.75,37.2636921380548
"31827",2021-05-15,"40","15  day ahead inc hosp",2021-05-30,"quantile",0.8,39.594763820624
"31828",2021-05-15,"40","15  day ahead inc hosp",2021-05-30,"quantile",0.85,42.4480648962775
"31829",2021-05-15,"40","15  day ahead inc hosp",2021-05-30,"quantile",0.9,46.2540492794769
"31830",2021-05-15,"40","15  day ahead inc hosp",2021-05-30,"quantile",0.95,52.3588213044353
"31831",2021-05-15,"40","15  day ahead inc hosp",2021-05-30,"quantile",0.975,58.1264574182243
"31832",2021-05-15,"40","15  day ahead inc hosp",2021-05-30,"quantile",0.99,65.4174571983903
"31833",2021-05-15,"40","16  day ahead inc hosp",2021-05-31,"quantile",0.01,10.7472045482448
"31834",2021-05-15,"40","16  day ahead inc hosp",2021-05-31,"quantile",0.025,12.9341868499128
"31835",2021-05-15,"40","16  day ahead inc hosp",2021-05-31,"quantile",0.05,15.0683318744276
"31836",2021-05-15,"40","16  day ahead inc hosp",2021-05-31,"quantile",0.1,17.845076282279
"31837",2021-05-15,"40","16  day ahead inc hosp",2021-05-31,"quantile",0.15,19.9240877099378
"31838",2021-05-15,"40","16  day ahead inc hosp",2021-05-31,"quantile",0.2,21.7018859815233
"31839",2021-05-15,"40","16  day ahead inc hosp",2021-05-31,"quantile",0.25,23.3196581740595
"31840",2021-05-15,"40","16  day ahead inc hosp",2021-05-31,"quantile",0.3,24.848059662701
"31841",2021-05-15,"40","16  day ahead inc hosp",2021-05-31,"quantile",0.35,26.3302923063354
"31842",2021-05-15,"40","16  day ahead inc hosp",2021-05-31,"quantile",0.4,27.7971781891072
"31843",2021-05-15,"40","16  day ahead inc hosp",2021-05-31,"quantile",0.45,29.2739302915194
"31844",2021-05-15,"40","16  day ahead inc hosp",2021-05-31,"quantile",0.5,30.7839608499375
"31845",2021-05-15,"40","16  day ahead inc hosp",2021-05-31,"quantile",0.55,32.351670220362
"31846",2021-05-15,"40","16  day ahead inc hosp",2021-05-31,"quantile",0.6,34.0052092573242
"31847",2021-05-15,"40","16  day ahead inc hosp",2021-05-31,"quantile",0.65,35.7800697434587
"31848",2021-05-15,"40","16  day ahead inc hosp",2021-05-31,"quantile",0.7,37.7247660242225
"31849",2021-05-15,"40","16  day ahead inc hosp",2021-05-31,"quantile",0.75,39.911208075949
"31850",2021-05-15,"40","16  day ahead inc hosp",2021-05-31,"quantile",0.8,42.4562852503992
"31851",2021-05-15,"40","16  day ahead inc hosp",2021-05-31,"quantile",0.85,45.5743764644463
"31852",2021-05-15,"40","16  day ahead inc hosp",2021-05-31,"quantile",0.9,49.738011318202
"31853",2021-05-15,"40","16  day ahead inc hosp",2021-05-31,"quantile",0.95,56.4259068786051
"31854",2021-05-15,"40","16  day ahead inc hosp",2021-05-31,"quantile",0.975,62.7538559035846
"31855",2021-05-15,"40","16  day ahead inc hosp",2021-05-31,"quantile",0.99,70.764475593014
"31856",2021-05-15,"40","17  day ahead inc hosp",2021-06-01,"quantile",0.01,9.88568319527995
"31857",2021-05-15,"40","17  day ahead inc hosp",2021-06-01,"quantile",0.025,12.0117651978821
"31858",2021-05-15,"40","17  day ahead inc hosp",2021-06-01,"quantile",0.05,14.0997392337475
"31859",2021-05-15,"40","17  day ahead inc hosp",2021-06-01,"quantile",0.1,16.8323552199893
"31860",2021-05-15,"40","17  day ahead inc hosp",2021-06-01,"quantile",0.15,18.888231001943
"31861",2021-05-15,"40","17  day ahead inc hosp",2021-06-01,"quantile",0.2,20.6520508130083
"31862",2021-05-15,"40","17  day ahead inc hosp",2021-06-01,"quantile",0.25,22.2612739251635
"31863",2021-05-15,"40","17  day ahead inc hosp",2021-06-01,"quantile",0.3,23.7849352180174
"31864",2021-05-15,"40","17  day ahead inc hosp",2021-06-01,"quantile",0.35,25.2654320512899
"31865",2021-05-15,"40","17  day ahead inc hosp",2021-06-01,"quantile",0.4,26.733181515573
"31866",2021-05-15,"40","17  day ahead inc hosp",2021-06-01,"quantile",0.45,28.2132286135611
"31867",2021-05-15,"40","17  day ahead inc hosp",2021-06-01,"quantile",0.5,29.7289890008894
"31868",2021-05-15,"40","17  day ahead inc hosp",2021-06-01,"quantile",0.55,31.3050202019621
"31869",2021-05-15,"40","17  day ahead inc hosp",2021-06-01,"quantile",0.6,32.9698003839859
"31870",2021-05-15,"40","17  day ahead inc hosp",2021-06-01,"quantile",0.65,34.7593729411539
"31871",2021-05-15,"40","17  day ahead inc hosp",2021-06-01,"quantile",0.7,36.7231424617333
"31872",2021-05-15,"40","17  day ahead inc hosp",2021-06-01,"quantile",0.75,38.934481990659
"31873",2021-05-15,"40","17  day ahead inc hosp",2021-06-01,"quantile",0.8,41.5128318085701
"31874",2021-05-15,"40","17  day ahead inc hosp",2021-06-01,"quantile",0.85,44.6775088183014
"31875",2021-05-15,"40","17  day ahead inc hosp",2021-06-01,"quantile",0.9,48.912479562775
"31876",2021-05-15,"40","17  day ahead inc hosp",2021-06-01,"quantile",0.95,55.7343840617604
"31877",2021-05-15,"40","17  day ahead inc hosp",2021-06-01,"quantile",0.975,62.2084526346396
"31878",2021-05-15,"40","17  day ahead inc hosp",2021-06-01,"quantile",0.99,70.4273613452033
"31879",2021-05-15,"40","18  day ahead inc hosp",2021-06-02,"quantile",0.01,9.28216836563727
"31880",2021-05-15,"40","18  day ahead inc hosp",2021-06-02,"quantile",0.025,11.3795712803162
"31881",2021-05-15,"40","18  day ahead inc hosp",2021-06-02,"quantile",0.05,13.4516245888954
"31882",2021-05-15,"40","18  day ahead inc hosp",2021-06-02,"quantile",0.1,16.1781551197118
"31883",2021-05-15,"40","18  day ahead inc hosp",2021-06-02,"quantile",0.15,18.2386216931473
"31884",2021-05-15,"40","18  day ahead inc hosp",2021-06-02,"quantile",0.2,20.0117572753856
"31885",2021-05-15,"40","18  day ahead inc hosp",2021-06-02,"quantile",0.25,21.6333451994923
"31886",2021-05-15,"40","18  day ahead inc hosp",2021-06-02,"quantile",0.3,23.1718075513568
"31887",2021-05-15,"40","18  day ahead inc hosp",2021-06-02,"quantile",0.35,24.6693402327195
"31888",2021-05-15,"40","18  day ahead inc hosp",2021-06-02,"quantile",0.4,26.1563744680736
"31889",2021-05-15,"40","18  day ahead inc hosp",2021-06-02,"quantile",0.45,27.6581198582686
"31890",2021-05-15,"40","18  day ahead inc hosp",2021-06-02,"quantile",0.5,29.1982945741996
"31891",2021-05-15,"40","18  day ahead inc hosp",2021-06-02,"quantile",0.55,30.8019158896559
"31892",2021-05-15,"40","18  day ahead inc hosp",2021-06-02,"quantile",0.6,32.4981299057352
"31893",2021-05-15,"40","18  day ahead inc hosp",2021-06-02,"quantile",0.65,34.323953253309
"31894",2021-05-15,"40","18  day ahead inc hosp",2021-06-02,"quantile",0.7,36.3302497354746
"31895",2021-05-15,"40","18  day ahead inc hosp",2021-06-02,"quantile",0.75,38.5926915404625
"31896",2021-05-15,"40","18  day ahead inc hosp",2021-06-02,"quantile",0.8,41.2346209388576
"31897",2021-05-15,"40","18  day ahead inc hosp",2021-06-02,"quantile",0.85,44.4827601912029
"31898",2021-05-15,"40","18  day ahead inc hosp",2021-06-02,"quantile",0.9,48.8379320379438
"31899",2021-05-15,"40","18  day ahead inc hosp",2021-06-02,"quantile",0.95,55.8715934795496
"31900",2021-05-15,"40","18  day ahead inc hosp",2021-06-02,"quantile",0.975,62.5646704788479
"31901",2021-05-15,"40","18  day ahead inc hosp",2021-06-02,"quantile",0.99,71.0834074060945
"31902",2021-05-15,"40","19  day ahead inc hosp",2021-06-03,"quantile",0.01,9.04549704362155
"31903",2021-05-15,"40","19  day ahead inc hosp",2021-06-03,"quantile",0.025,11.1660362001516
"31904",2021-05-15,"40","19  day ahead inc hosp",2021-06-03,"quantile",0.05,13.2705266859275
"31905",2021-05-15,"40","19  day ahead inc hosp",2021-06-03,"quantile",0.1,16.0512924410768
"31906",2021-05-15,"40","19  day ahead inc hosp",2021-06-03,"quantile",0.15,18.1599274098852
"31907",2021-05-15,"40","19  day ahead inc hosp",2021-06-03,"quantile",0.2,19.9787265967198
"31908",2021-05-15,"40","19  day ahead inc hosp",2021-06-03,"quantile",0.25,21.6451040288445
"31909",2021-05-15,"40","19  day ahead inc hosp",2021-06-03,"quantile",0.3,23.2284843545516
"31910",2021-05-15,"40","19  day ahead inc hosp",2021-06-03,"quantile",0.35,24.7718204196927
"31911",2021-05-15,"40","19  day ahead inc hosp",2021-06-03,"quantile",0.4,26.306215147037
"31912",2021-05-15,"40","19  day ahead inc hosp",2021-06-03,"quantile",0.45,27.8575555256051
"31913",2021-05-15,"40","19  day ahead inc hosp",2021-06-03,"quantile",0.5,29.4503140436299
"31914",2021-05-15,"40","19  day ahead inc hosp",2021-06-03,"quantile",0.55,31.1104152277421
"31915",2021-05-15,"40","19  day ahead inc hosp",2021-06-03,"quantile",0.6,32.8681672954231
"31916",2021-05-15,"40","19  day ahead inc hosp",2021-06-03,"quantile",0.65,34.7621622404349
"31917",2021-05-15,"40","19  day ahead inc hosp",2021-06-03,"quantile",0.7,36.8455257706758
"31918",2021-05-15,"40","19  day ahead inc hosp",2021-06-03,"quantile",0.75,39.1973977675446
"31919",2021-05-15,"40","19  day ahead inc hosp",2021-06-03,"quantile",0.8,41.9468967909633
"31920",2021-05-15,"40","19  day ahead inc hosp",2021-06-03,"quantile",0.85,45.3315508679168
"31921",2021-05-15,"40","19  day ahead inc hosp",2021-06-03,"quantile",0.9,49.8764564930074
"31922",2021-05-15,"40","19  day ahead inc hosp",2021-06-03,"quantile",0.95,57.2308052829336
"31923",2021-05-15,"40","19  day ahead inc hosp",2021-06-03,"quantile",0.975,64.243246407576
"31924",2021-05-15,"40","19  day ahead inc hosp",2021-06-03,"quantile",0.99,73.1856208047471
"31925",2021-05-15,"40","20  day ahead inc hosp",2021-06-04,"quantile",0.01,9.03419673366277
"31926",2021-05-15,"40","20  day ahead inc hosp",2021-06-04,"quantile",0.025,11.2134794875839
"31927",2021-05-15,"40","20  day ahead inc hosp",2021-06-04,"quantile",0.05,13.384139945621
"31928",2021-05-15,"40","20  day ahead inc hosp",2021-06-04,"quantile",0.1,16.2618378198835
"31929",2021-05-15,"40","20  day ahead inc hosp",2021-06-04,"quantile",0.15,18.4498821316235
"31930",2021-05-15,"40","20  day ahead inc hosp",2021-06-04,"quantile",0.2,20.3406400538249
"31931",2021-05-15,"40","20  day ahead inc hosp",2021-06-04,"quantile",0.25,22.0754372257526
"31932",2021-05-15,"40","20  day ahead inc hosp",2021-06-04,"quantile",0.3,23.7258242444761
"31933",2021-05-15,"40","20  day ahead inc hosp",2021-06-04,"quantile",0.35,25.3361843803545
"31934",2021-05-15,"40","20  day ahead inc hosp",2021-06-04,"quantile",0.4,26.9387607695624
"31935",2021-05-15,"40","20  day ahead inc hosp",2021-06-04,"quantile",0.45,28.560489576483
"31936",2021-05-15,"40","20  day ahead inc hosp",2021-06-04,"quantile",0.5,30.2269317211463
"31937",2021-05-15,"40","20  day ahead inc hosp",2021-06-04,"quantile",0.55,31.9652565400144
"31938",2021-05-15,"40","20  day ahead inc hosp",2021-06-04,"quantile",0.6,33.8073137307321
"31939",2021-05-15,"40","20  day ahead inc hosp",2021-06-04,"quantile",0.65,35.793739407204
"31940",2021-05-15,"40","20  day ahead inc hosp",2021-06-04,"quantile",0.7,37.9805526636034
"31941",2021-05-15,"40","20  day ahead inc hosp",2021-06-04,"quantile",0.75,40.4512874313262
"31942",2021-05-15,"40","20  day ahead inc hosp",2021-06-04,"quantile",0.8,43.3423329273634
"31943",2021-05-15,"40","20  day ahead inc hosp",2021-06-04,"quantile",0.85,46.9047468669072
"31944",2021-05-15,"40","20  day ahead inc hosp",2021-06-04,"quantile",0.9,51.693868508355
"31945",2021-05-15,"40","20  day ahead inc hosp",2021-06-04,"quantile",0.95,59.4551706292302
"31946",2021-05-15,"40","20  day ahead inc hosp",2021-06-04,"quantile",0.975,66.8673747135971
"31947",2021-05-15,"40","20  day ahead inc hosp",2021-06-04,"quantile",0.99,76.3337080650367
"31948",2021-05-15,"40","21  day ahead inc hosp",2021-06-05,"quantile",0.01,8.58503428585586
"31949",2021-05-15,"40","21  day ahead inc hosp",2021-06-05,"quantile",0.025,10.7436324300405
"31950",2021-05-15,"40","21  day ahead inc hosp",2021-06-05,"quantile",0.05,12.9053579981591
"31951",2021-05-15,"40","21  day ahead inc hosp",2021-06-05,"quantile",0.1,15.7853232331042
"31952",2021-05-15,"40","21  day ahead inc hosp",2021-06-05,"quantile",0.15,17.9838799551188
"31953",2021-05-15,"40","21  day ahead inc hosp",2021-06-05,"quantile",0.2,19.8888827188396
"31954",2021-05-15,"40","21  day ahead inc hosp",2021-06-05,"quantile",0.25,21.6404644393388
"31955",2021-05-15,"40","21  day ahead inc hosp",2021-06-05,"quantile",0.3,23.3097957520695
"31956",2021-05-15,"40","21  day ahead inc hosp",2021-06-05,"quantile",0.35,24.941197008564
"31957",2021-05-15,"40","21  day ahead inc hosp",2021-06-05,"quantile",0.4,26.5670224955862
"31958",2021-05-15,"40","21  day ahead inc hosp",2021-06-05,"quantile",0.45,28.2144515437371
"31959",2021-05-15,"40","21  day ahead inc hosp",2021-06-05,"quantile",0.5,29.9094204149114
"31960",2021-05-15,"40","21  day ahead inc hosp",2021-06-05,"quantile",0.55,31.6796344700788
"31961",2021-05-15,"40","21  day ahead inc hosp",2021-06-05,"quantile",0.6,33.5577001601579
"31962",2021-05-15,"40","21  day ahead inc hosp",2021-06-05,"quantile",0.65,35.5853401135342
"31963",2021-05-15,"40","21  day ahead inc hosp",2021-06-05,"quantile",0.7,37.8201894287237
"31964",2021-05-15,"40","21  day ahead inc hosp",2021-06-05,"quantile",0.75,40.3483166484626
"31965",2021-05-15,"40","21  day ahead inc hosp",2021-06-05,"quantile",0.8,43.3104011321651
"31966",2021-05-15,"40","21  day ahead inc hosp",2021-06-05,"quantile",0.85,46.9656291354543
"31967",2021-05-15,"40","21  day ahead inc hosp",2021-06-05,"quantile",0.9,51.8878210316585
"31968",2021-05-15,"40","21  day ahead inc hosp",2021-06-05,"quantile",0.95,59.8824916968658
"31969",2021-05-15,"40","21  day ahead inc hosp",2021-06-05,"quantile",0.975,67.5352286160186
"31970",2021-05-15,"40","21  day ahead inc hosp",2021-06-05,"quantile",0.99,77.3301185518801
"31971",2021-05-15,"40","22  day ahead inc hosp",2021-06-06,"quantile",0.01,7.41162911712248
"31972",2021-05-15,"40","22  day ahead inc hosp",2021-06-06,"quantile",0.025,9.40303107638689
"31973",2021-05-15,"40","22  day ahead inc hosp",2021-06-06,"quantile",0.05,11.4153834953687
"31974",2021-05-15,"40","22  day ahead inc hosp",2021-06-06,"quantile",0.1,14.1182835986719
"31975",2021-05-15,"40","22  day ahead inc hosp",2021-06-06,"quantile",0.15,16.1953672303707
"31976",2021-05-15,"40","22  day ahead inc hosp",2021-06-06,"quantile",0.2,18.0031766914947
"31977",2021-05-15,"40","22  day ahead inc hosp",2021-06-06,"quantile",0.25,19.6712039704634
"31978",2021-05-15,"40","22  day ahead inc hosp",2021-06-06,"quantile",0.3,21.2655669857032
"31979",2021-05-15,"40","22  day ahead inc hosp",2021-06-06,"quantile",0.35,22.8277125189544
"31980",2021-05-15,"40","22  day ahead inc hosp",2021-06-06,"quantile",0.4,24.3881452613782
"31981",2021-05-15,"40","22  day ahead inc hosp",2021-06-06,"quantile",0.45,25.9727281757029
"31982",2021-05-15,"40","22  day ahead inc hosp",2021-06-06,"quantile",0.5,27.6063689630674
"31983",2021-05-15,"40","22  day ahead inc hosp",2021-06-06,"quantile",0.55,29.3158892108056
"31984",2021-05-15,"40","22  day ahead inc hosp",2021-06-06,"quantile",0.6,31.1330559662618
"31985",2021-05-15,"40","22  day ahead inc hosp",2021-06-06,"quantile",0.65,33.0987065826637
"31986",2021-05-15,"40","22  day ahead inc hosp",2021-06-06,"quantile",0.7,35.2694376733371
"31987",2021-05-15,"40","22  day ahead inc hosp",2021-06-06,"quantile",0.75,37.7299622318425
"31988",2021-05-15,"40","22  day ahead inc hosp",2021-06-06,"quantile",0.8,40.6189822712404
"31989",2021-05-15,"40","22  day ahead inc hosp",2021-06-06,"quantile",0.85,44.1924064870304
"31990",2021-05-15,"40","22  day ahead inc hosp",2021-06-06,"quantile",0.9,49.0175940740427
"31991",2021-05-15,"40","22  day ahead inc hosp",2021-06-06,"quantile",0.95,56.8828459924861
"31992",2021-05-15,"40","22  day ahead inc hosp",2021-06-06,"quantile",0.975,64.4397963636473
"31993",2021-05-15,"40","22  day ahead inc hosp",2021-06-06,"quantile",0.99,74.1461350841745
"31994",2021-05-15,"40","23  day ahead inc hosp",2021-06-07,"quantile",0.01,8.11506444524345
"31995",2021-05-15,"40","23  day ahead inc hosp",2021-06-07,"quantile",0.025,10.2962708648358
"31996",2021-05-15,"40","23  day ahead inc hosp",2021-06-07,"quantile",0.05,12.500537364819
"31997",2021-05-15,"40","23  day ahead inc hosp",2021-06-07,"quantile",0.1,15.4613442624496
"31998",2021-05-15,"40","23  day ahead inc hosp",2021-06-07,"quantile",0.15,17.7367051596976
"31999",2021-05-15,"40","23  day ahead inc hosp",2021-06-07,"quantile",0.2,19.7171369818008
"32000",2021-05-15,"40","23  day ahead inc hosp",2021-06-07,"quantile",0.25,21.5444751195855
"32001",2021-05-15,"40","23  day ahead inc hosp",2021-06-07,"quantile",0.3,23.2911421795358
"32002",2021-05-15,"40","23  day ahead inc hosp",2021-06-07,"quantile",0.35,25.0025388280421
"32003",2021-05-15,"40","23  day ahead inc hosp",2021-06-07,"quantile",0.4,26.7120813587765
"32004",2021-05-15,"40","23  day ahead inc hosp",2021-06-07,"quantile",0.45,28.4481027748767
"32005",2021-05-15,"40","23  day ahead inc hosp",2021-06-07,"quantile",0.5,30.2378909937658
"32006",2021-05-15,"40","23  day ahead inc hosp",2021-06-07,"quantile",0.55,32.1108320319373
"32007",2021-05-15,"40","23  day ahead inc hosp",2021-06-07,"quantile",0.6,34.1017314277846
"32008",2021-05-15,"40","23  day ahead inc hosp",2021-06-07,"quantile",0.65,36.2553337376765
"32009",2021-05-15,"40","23  day ahead inc hosp",2021-06-07,"quantile",0.7,38.6336516950877
"32010",2021-05-15,"40","23  day ahead inc hosp",2021-06-07,"quantile",0.75,41.3295062440426
"32011",2021-05-15,"40","23  day ahead inc hosp",2021-06-07,"quantile",0.8,44.4948761235584
"32012",2021-05-15,"40","23  day ahead inc hosp",2021-06-07,"quantile",0.85,48.4101681386775
"32013",2021-05-15,"40","23  day ahead inc hosp",2021-06-07,"quantile",0.9,53.6970595491223
"32014",2021-05-15,"40","23  day ahead inc hosp",2021-06-07,"quantile",0.95,62.315079380216
"32015",2021-05-15,"40","23  day ahead inc hosp",2021-06-07,"quantile",0.975,70.5954621807013
"32016",2021-05-15,"40","23  day ahead inc hosp",2021-06-07,"quantile",0.99,81.2312033752154
"32017",2021-05-15,"40","24  day ahead inc hosp",2021-06-08,"quantile",0.01,7.48620967026221
"32018",2021-05-15,"40","24  day ahead inc hosp",2021-06-08,"quantile",0.025,9.59331827725073
"32019",2021-05-15,"40","24  day ahead inc hosp",2021-06-08,"quantile",0.05,11.736657271278
"32020",2021-05-15,"40","24  day ahead inc hosp",2021-06-08,"quantile",0.1,14.6325889531998
"32021",2021-05-15,"40","24  day ahead inc hosp",2021-06-08,"quantile",0.15,16.8686855710272
"32022",2021-05-15,"40","24  day ahead inc hosp",2021-06-08,"quantile",0.2,18.8211747917058
"32023",2021-05-15,"40","24  day ahead inc hosp",2021-06-08,"quantile",0.25,20.6272242406714
"32024",2021-05-15,"40","24  day ahead inc hosp",2021-06-08,"quantile",0.3,22.3571487557824
"32025",2021-05-15,"40","24  day ahead inc hosp",2021-06-08,"quantile",0.35,24.0552425530943
"32026",2021-05-15,"40","24  day ahead inc hosp",2021-06-08,"quantile",0.4,25.7543027024887
"32027",2021-05-15,"40","24  day ahead inc hosp",2021-06-08,"quantile",0.45,27.4823229897357
"32028",2021-05-15,"40","24  day ahead inc hosp",2021-06-08,"quantile",0.5,29.2664415481724
"32029",2021-05-15,"40","24  day ahead inc hosp",2021-06-08,"quantile",0.55,31.1360489647934
"32030",2021-05-15,"40","24  day ahead inc hosp",2021-06-08,"quantile",0.6,33.1261101311787
"32031",2021-05-15,"40","24  day ahead inc hosp",2021-06-08,"quantile",0.65,35.2817186910301
"32032",2021-05-15,"40","24  day ahead inc hosp",2021-06-08,"quantile",0.7,37.6655118506036
"32033",2021-05-15,"40","24  day ahead inc hosp",2021-06-08,"quantile",0.75,40.3713943643611
"32034",2021-05-15,"40","24  day ahead inc hosp",2021-06-08,"quantile",0.8,43.5533021661604
"32035",2021-05-15,"40","24  day ahead inc hosp",2021-06-08,"quantile",0.85,47.4955347868211
"32036",2021-05-15,"40","24  day ahead inc hosp",2021-06-08,"quantile",0.9,52.8290158596571
"32037",2021-05-15,"40","24  day ahead inc hosp",2021-06-08,"quantile",0.95,61.5448423070134
"32038",2021-05-15,"40","24  day ahead inc hosp",2021-06-08,"quantile",0.975,69.9410394236167
"32039",2021-05-15,"40","24  day ahead inc hosp",2021-06-08,"quantile",0.99,80.7520163531744
"32040",2021-05-15,"40","25  day ahead inc hosp",2021-06-09,"quantile",0.01,7.07692465351751
"32041",2021-05-15,"40","25  day ahead inc hosp",2021-06-09,"quantile",0.025,9.14702762752568
"32042",2021-05-15,"40","25  day ahead inc hosp",2021-06-09,"quantile",0.05,11.2646040552884
"32043",2021-05-15,"40","25  day ahead inc hosp",2021-06-09,"quantile",0.1,14.1401886423541
"32044",2021-05-15,"40","25  day ahead inc hosp",2021-06-09,"quantile",0.15,16.3696078077519
"32045",2021-05-15,"40","25  day ahead inc hosp",2021-06-09,"quantile",0.2,18.3215834877593
"32046",2021-05-15,"40","25  day ahead inc hosp",2021-06-09,"quantile",0.25,20.1309931698795
"32047",2021-05-15,"40","25  day ahead inc hosp",2021-06-09,"quantile",0.3,21.8672151619787
"32048",2021-05-15,"40","25  day ahead inc hosp",2021-06-09,"quantile",0.35,23.5741394458876
"32049",2021-05-15,"40","25  day ahead inc hosp",2021-06-09,"quantile",0.4,25.2844323539364
"32050",2021-05-15,"40","25  day ahead inc hosp",2021-06-09,"quantile",0.45,27.026136035486
"32051",2021-05-15,"40","25  day ahead inc hosp",2021-06-09,"quantile",0.5,28.8265870717209
"32052",2021-05-15,"40","25  day ahead inc hosp",2021-06-09,"quantile",0.55,30.7155323497066
"32053",2021-05-15,"40","25  day ahead inc hosp",2021-06-09,"quantile",0.6,32.7284913055681
"32054",2021-05-15,"40","25  day ahead inc hosp",2021-06-09,"quantile",0.65,34.9113948758431
"32055",2021-05-15,"40","25  day ahead inc hosp",2021-06-09,"quantile",0.7,37.3281622993613
"32056",2021-05-15,"40","25  day ahead inc hosp",2021-06-09,"quantile",0.75,40.0747466081025
"32057",2021-05-15,"40","25  day ahead inc hosp",2021-06-09,"quantile",0.8,43.3085965755519
"32058",2021-05-15,"40","25  day ahead inc hosp",2021-06-09,"quantile",0.85,47.3207397301581
"32059",2021-05-15,"40","25  day ahead inc hosp",2021-06-09,"quantile",0.9,52.7575582760392
"32060",2021-05-15,"40","25  day ahead inc hosp",2021-06-09,"quantile",0.95,61.6610158414877
"32061",2021-05-15,"40","25  day ahead inc hosp",2021-06-09,"quantile",0.975,70.2567129222492
"32062",2021-05-15,"40","25  day ahead inc hosp",2021-06-09,"quantile",0.99,81.3473116604742
"32063",2021-05-15,"40","26  day ahead inc hosp",2021-06-10,"quantile",0.01,7.05520730095087
"32064",2021-05-15,"40","26  day ahead inc hosp",2021-06-10,"quantile",0.025,9.1670566917725
"32065",2021-05-15,"40","26  day ahead inc hosp",2021-06-10,"quantile",0.05,11.3347837048991
"32066",2021-05-15,"40","26  day ahead inc hosp",2021-06-10,"quantile",0.1,14.287538562234
"32067",2021-05-15,"40","26  day ahead inc hosp",2021-06-10,"quantile",0.15,16.5824495698912
"32068",2021-05-15,"40","26  day ahead inc hosp",2021-06-10,"quantile",0.2,18.5950985429149
"32069",2021-05-15,"40","26  day ahead inc hosp",2021-06-10,"quantile",0.25,20.4631531135847
"32070",2021-05-15,"40","26  day ahead inc hosp",2021-06-10,"quantile",0.3,22.2575769317747
"32071",2021-05-15,"40","26  day ahead inc hosp",2021-06-10,"quantile",0.35,24.0233805661947
"32072",2021-05-15,"40","26  day ahead inc hosp",2021-06-10,"quantile",0.4,25.7941710572842
"32073",2021-05-15,"40","26  day ahead inc hosp",2021-06-10,"quantile",0.45,27.5988989911817
"32074",2021-05-15,"40","26  day ahead inc hosp",2021-06-10,"quantile",0.5,29.4658817089627
"32075",2021-05-15,"40","26  day ahead inc hosp",2021-06-10,"quantile",0.55,31.4260217241159
"32076",2021-05-15,"40","26  day ahead inc hosp",2021-06-10,"quantile",0.6,33.5162997508738
"32077",2021-05-15,"40","26  day ahead inc hosp",2021-06-10,"quantile",0.65,35.7846122198932
"32078",2021-05-15,"40","26  day ahead inc hosp",2021-06-10,"quantile",0.7,38.2976875127914
"32079",2021-05-15,"40","26  day ahead inc hosp",2021-06-10,"quantile",0.75,41.1557740948283
"32080",2021-05-15,"40","26  day ahead inc hosp",2021-06-10,"quantile",0.8,44.5234656898562
"32081",2021-05-15,"40","26  day ahead inc hosp",2021-06-10,"quantile",0.85,48.7051465479099
"32082",2021-05-15,"40","26  day ahead inc hosp",2021-06-10,"quantile",0.9,54.3771950940005
"32083",2021-05-15,"40","26  day ahead inc hosp",2021-06-10,"quantile",0.95,63.677641513431
"32084",2021-05-15,"40","26  day ahead inc hosp",2021-06-10,"quantile",0.975,72.6683703737676
"32085",2021-05-15,"40","26  day ahead inc hosp",2021-06-10,"quantile",0.99,84.2829331166354
"32086",2021-05-15,"40","27  day ahead inc hosp",2021-06-11,"quantile",0.01,6.83794945662836
"32087",2021-05-15,"40","27  day ahead inc hosp",2021-06-11,"quantile",0.025,8.94712057534191
"32088",2021-05-15,"40","27  day ahead inc hosp",2021-06-11,"quantile",0.05,11.1220099482207
"32089",2021-05-15,"40","27  day ahead inc hosp",2021-06-11,"quantile",0.1,14.096610999463
"32090",2021-05-15,"40","27  day ahead inc hosp",2021-06-11,"quantile",0.15,16.4160585549962
"32091",2021-05-15,"40","27  day ahead inc hosp",2021-06-11,"quantile",0.2,18.4546766230564
"32092",2021-05-15,"40","27  day ahead inc hosp",2021-06-11,"quantile",0.25,20.3500465361583
"32093",2021-05-15,"40","27  day ahead inc hosp",2021-06-11,"quantile",0.3,22.1732889000237
"32094",2021-05-15,"40","27  day ahead inc hosp",2021-06-11,"quantile",0.35,23.9696721098055
"32095",2021-05-15,"40","27  day ahead inc hosp",2021-06-11,"quantile",0.4,25.7731392112057
"32096",2021-05-15,"40","27  day ahead inc hosp",2021-06-11,"quantile",0.45,27.613065746062
"32097",2021-05-15,"40","27  day ahead inc hosp",2021-06-11,"quantile",0.5,29.518312249192
"32098",2021-05-15,"40","27  day ahead inc hosp",2021-06-11,"quantile",0.55,31.5204921699606
"32099",2021-05-15,"40","27  day ahead inc hosp",2021-06-11,"quantile",0.6,33.6575455885121
"32100",2021-05-15,"40","27  day ahead inc hosp",2021-06-11,"quantile",0.65,35.9787126195009
"32101",2021-05-15,"40","27  day ahead inc hosp",2021-06-11,"quantile",0.7,38.552692114802
"32102",2021-05-15,"40","27  day ahead inc hosp",2021-06-11,"quantile",0.75,41.4827975349984
"32103",2021-05-15,"40","27  day ahead inc hosp",2021-06-11,"quantile",0.8,44.9387840615581
"32104",2021-05-15,"40","27  day ahead inc hosp",2021-06-11,"quantile",0.85,49.2347822566361
"32105",2021-05-15,"40","27  day ahead inc hosp",2021-06-11,"quantile",0.9,55.0692724185576
"32106",2021-05-15,"40","27  day ahead inc hosp",2021-06-11,"quantile",0.95,64.651908991819
"32107",2021-05-15,"40","27  day ahead inc hosp",2021-06-11,"quantile",0.975,73.9312682115124
"32108",2021-05-15,"40","27  day ahead inc hosp",2021-06-11,"quantile",0.99,85.9379224662648
"32109",2021-05-15,"40","28  day ahead inc hosp",2021-06-12,"quantile",0.01,6.73834733970186
"32110",2021-05-15,"40","28  day ahead inc hosp",2021-06-12,"quantile",0.025,8.86876721179564
"32111",2021-05-15,"40","28  day ahead inc hosp",2021-06-12,"quantile",0.05,11.0740025013639
"32112",2021-05-15,"40","28  day ahead inc hosp",2021-06-12,"quantile",0.1,14.100405759623
"32113",2021-05-15,"40","28  day ahead inc hosp",2021-06-12,"quantile",0.15,16.4666849588574
"32114",2021-05-15,"40","28  day ahead inc hosp",2021-06-12,"quantile",0.2,18.5502567921763
"32115",2021-05-15,"40","28  day ahead inc hosp",2021-06-12,"quantile",0.25,20.4901592618926
"32116",2021-05-15,"40","28  day ahead inc hosp",2021-06-12,"quantile",0.3,22.3584388332022
"32117",2021-05-15,"40","28  day ahead inc hosp",2021-06-12,"quantile",0.35,24.2010892975458
"32118",2021-05-15,"40","28  day ahead inc hosp",2021-06-12,"quantile",0.4,26.0527209078458
"32119",2021-05-15,"40","28  day ahead inc hosp",2021-06-12,"quantile",0.45,27.9434027590125
"32120",2021-05-15,"40","28  day ahead inc hosp",2021-06-12,"quantile",0.5,29.9027856999409
"32121",2021-05-15,"40","28  day ahead inc hosp",2021-06-12,"quantile",0.55,31.9634494428963
"32122",2021-05-15,"40","28  day ahead inc hosp",2021-06-12,"quantile",0.6,34.1645858825182
"32123",2021-05-15,"40","28  day ahead inc hosp",2021-06-12,"quantile",0.65,36.5571454953835
"32124",2021-05-15,"40","28  day ahead inc hosp",2021-06-12,"quantile",0.7,39.2122968152825
"32125",2021-05-15,"40","28  day ahead inc hosp",2021-06-12,"quantile",0.75,42.237156116761
"32126",2021-05-15,"40","28  day ahead inc hosp",2021-06-12,"quantile",0.8,45.8078367607113
"32127",2021-05-15,"40","28  day ahead inc hosp",2021-06-12,"quantile",0.85,50.2504064870259
"32128",2021-05-15,"40","28  day ahead inc hosp",2021-06-12,"quantile",0.9,56.2902679741399
"32129",2021-05-15,"40","28  day ahead inc hosp",2021-06-12,"quantile",0.95,66.2237517127375
"32130",2021-05-15,"40","28  day ahead inc hosp",2021-06-12,"quantile",0.975,75.85640335675
"32131",2021-05-15,"40","28  day ahead inc hosp",2021-06-12,"quantile",0.99,88.3366415956813
"32132",2021-05-15,"40","29  day ahead inc hosp",2021-06-13,"quantile",0.01,6.55133722022123
"32133",2021-05-15,"40","29  day ahead inc hosp",2021-06-13,"quantile",0.025,8.70851660982063
"32134",2021-05-15,"40","29  day ahead inc hosp",2021-06-13,"quantile",0.05,10.955899955226
"32135",2021-05-15,"40","29  day ahead inc hosp",2021-06-13,"quantile",0.1,14.0578355692157
"32136",2021-05-15,"40","29  day ahead inc hosp",2021-06-13,"quantile",0.15,16.4942526900051
"32137",2021-05-15,"40","29  day ahead inc hosp",2021-06-13,"quantile",0.2,18.6461185855936
"32138",2021-05-15,"40","29  day ahead inc hosp",2021-06-13,"quantile",0.25,20.6543291579562
"32139",2021-05-15,"40","29  day ahead inc hosp",2021-06-13,"quantile",0.3,22.5921927794546
"32140",2021-05-15,"40","29  day ahead inc hosp",2021-06-13,"quantile",0.35,24.5067451803295
"32141",2021-05-15,"40","29  day ahead inc hosp",2021-06-13,"quantile",0.4,26.4335948794826
"32142",2021-05-15,"40","29  day ahead inc hosp",2021-06-13,"quantile",0.45,28.4038797076126
"32143",2021-05-15,"40","29  day ahead inc hosp",2021-06-13,"quantile",0.5,30.4484928712408
"32144",2021-05-15,"40","29  day ahead inc hosp",2021-06-13,"quantile",0.55,32.6015527548174
"32145",2021-05-15,"40","29  day ahead inc hosp",2021-06-13,"quantile",0.6,34.9042610329059
"32146",2021-05-15,"40","29  day ahead inc hosp",2021-06-13,"quantile",0.65,37.4103285008557
"32147",2021-05-15,"40","29  day ahead inc hosp",2021-06-13,"quantile",0.7,40.1949230132025
"32148",2021-05-15,"40","29  day ahead inc hosp",2021-06-13,"quantile",0.75,43.3713333568037
"32149",2021-05-15,"40","29  day ahead inc hosp",2021-06-13,"quantile",0.8,47.1260111812785
"32150",2021-05-15,"40","29  day ahead inc hosp",2021-06-13,"quantile",0.85,51.8044628559704
"32151",2021-05-15,"40","29  day ahead inc hosp",2021-06-13,"quantile",0.9,58.1759976577608
"32152",2021-05-15,"40","29  day ahead inc hosp",2021-06-13,"quantile",0.95,68.6785681199519
"32153",2021-05-15,"40","29  day ahead inc hosp",2021-06-13,"quantile",0.975,78.8867045963811
"32154",2021-05-15,"40","29  day ahead inc hosp",2021-06-13,"quantile",0.99,92.1412838276788
"32155",2021-05-15,"40","30  day ahead inc hosp",2021-06-14,"quantile",0.01,6.49295715690211
"32156",2021-05-15,"40","30  day ahead inc hosp",2021-06-14,"quantile",0.025,8.69011069381434
"32157",2021-05-15,"40","30  day ahead inc hosp",2021-06-14,"quantile",0.05,10.989323021312
"32158",2021-05-15,"40","30  day ahead inc hosp",2021-06-14,"quantile",0.1,14.1752697351253
"32159",2021-05-15,"40","30  day ahead inc hosp",2021-06-14,"quantile",0.15,16.6854861568583
"32160",2021-05-15,"40","30  day ahead inc hosp",2021-06-14,"quantile",0.2,18.9071396669443
"32161",2021-05-15,"40","30  day ahead inc hosp",2021-06-14,"quantile",0.25,20.9838086114569
"32162",2021-05-15,"40","30  day ahead inc hosp",2021-06-14,"quantile",0.3,22.9904101823117
"32163",2021-05-15,"40","30  day ahead inc hosp",2021-06-14,"quantile",0.35,24.9751810615575
"32164",2021-05-15,"40","30  day ahead inc hosp",2021-06-14,"quantile",0.4,26.9747916151706
"32165",2021-05-15,"40","30  day ahead inc hosp",2021-06-14,"quantile",0.45,29.0214512137273
"32166",2021-05-15,"40","30  day ahead inc hosp",2021-06-14,"quantile",0.5,31.147249324943
"32167",2021-05-15,"40","30  day ahead inc hosp",2021-06-14,"quantile",0.55,33.3877475096079
"32168",2021-05-15,"40","30  day ahead inc hosp",2021-06-14,"quantile",0.6,35.7860014598247
"32169",2021-05-15,"40","30  day ahead inc hosp",2021-06-14,"quantile",0.65,38.3982419752181
"32170",2021-05-15,"40","30  day ahead inc hosp",2021-06-14,"quantile",0.7,41.3032639488334
"32171",2021-05-15,"40","30  day ahead inc hosp",2021-06-14,"quantile",0.75,44.6199296599509
"32172",2021-05-15,"40","30  day ahead inc hosp",2021-06-14,"quantile",0.8,48.5439967179178
"32173",2021-05-15,"40","30  day ahead inc hosp",2021-06-14,"quantile",0.85,53.4384253351651
"32174",2021-05-15,"40","30  day ahead inc hosp",2021-06-14,"quantile",0.9,60.1118544935315
"32175",2021-05-15,"40","30  day ahead inc hosp",2021-06-14,"quantile",0.95,71.1287340482707
"32176",2021-05-15,"40","30  day ahead inc hosp",2021-06-14,"quantile",0.975,81.8534673906571
"32177",2021-05-15,"40","30  day ahead inc hosp",2021-06-14,"quantile",0.99,95.799129122038
"32178",2021-05-15,"40","31  day ahead inc hosp",2021-06-15,"quantile",0.01,6.1472924616012
"32179",2021-05-15,"40","31  day ahead inc hosp",2021-06-15,"quantile",0.025,8.30731856292697
"32180",2021-05-15,"40","31  day ahead inc hosp",2021-06-15,"quantile",0.05,10.5818699371266
"32181",2021-05-15,"40","31  day ahead inc hosp",2021-06-15,"quantile",0.1,13.7510714456557
"32182",2021-05-15,"40","31  day ahead inc hosp",2021-06-15,"quantile",0.15,16.2590249099659
"32183",2021-05-15,"40","31  day ahead inc hosp",2021-06-15,"quantile",0.2,18.4851292208051
"32184",2021-05-15,"40","31  day ahead inc hosp",2021-06-15,"quantile",0.25,20.570626629602
"32185",2021-05-15,"40","31  day ahead inc hosp",2021-06-15,"quantile",0.3,22.5895156479539
"32186",2021-05-15,"40","31  day ahead inc hosp",2021-06-15,"quantile",0.35,24.5896798389966
"32187",2021-05-15,"40","31  day ahead inc hosp",2021-06-15,"quantile",0.4,26.6077367981232
"32188",2021-05-15,"40","31  day ahead inc hosp",2021-06-15,"quantile",0.45,28.6760511499467
"32189",2021-05-15,"40","31  day ahead inc hosp",2021-06-15,"quantile",0.5,30.8270541667572
"32190",2021-05-15,"40","31  day ahead inc hosp",2021-06-15,"quantile",0.55,33.0968572082438
"32191",2021-05-15,"40","31  day ahead inc hosp",2021-06-15,"quantile",0.6,35.5293371620714
"32192",2021-05-15,"40","31  day ahead inc hosp",2021-06-15,"quantile",0.65,38.1819413248578
"32193",2021-05-15,"40","31  day ahead inc hosp",2021-06-15,"quantile",0.7,41.1353094011684
"32194",2021-05-15,"40","31  day ahead inc hosp",2021-06-15,"quantile",0.75,44.5112363572544
"32195",2021-05-15,"40","31  day ahead inc hosp",2021-06-15,"quantile",0.8,48.5104964933243
"32196",2021-05-15,"40","31  day ahead inc hosp",2021-06-15,"quantile",0.85,53.5056465191544
"32197",2021-05-15,"40","31  day ahead inc hosp",2021-06-15,"quantile",0.9,60.3273652031647
"32198",2021-05-15,"40","31  day ahead inc hosp",2021-06-15,"quantile",0.95,71.612634185924
"32199",2021-05-15,"40","31  day ahead inc hosp",2021-06-15,"quantile",0.975,82.6222818808471
"32200",2021-05-15,"40","31  day ahead inc hosp",2021-06-15,"quantile",0.99,96.9672020531452
"32201",2021-05-15,"40","32  day ahead inc hosp",2021-06-16,"quantile",0.01,5.84590602685676
"32202",2021-05-15,"40","32  day ahead inc hosp",2021-06-16,"quantile",0.025,7.97602079183395
"32203",2021-05-15,"40","32  day ahead inc hosp",2021-06-16,"quantile",0.05,10.2329996062951
"32204",2021-05-15,"40","32  day ahead inc hosp",2021-06-16,"quantile",0.1,13.3948462639913
"32205",2021-05-15,"40","32  day ahead inc hosp",2021-06-16,"quantile",0.15,15.9077319239253
"32206",2021-05-15,"40","32  day ahead inc hosp",2021-06-16,"quantile",0.2,18.1445662497011
"32207",2021-05-15,"40","32  day ahead inc hosp",2021-06-16,"quantile",0.25,20.2447130918295
"32208",2021-05-15,"40","32  day ahead inc hosp",2021-06-16,"quantile",0.3,22.2814851932685
"32209",2021-05-15,"40","32  day ahead inc hosp",2021-06-16,"quantile",0.35,24.302559859158
"32210",2021-05-15,"40","32  day ahead inc hosp",2021-06-16,"quantile",0.4,26.3446115637199
"32211",2021-05-15,"40","32  day ahead inc hosp",2021-06-16,"quantile",0.45,28.4402550922765
"32212",2021-05-15,"40","32  day ahead inc hosp",2021-06-16,"quantile",0.5,30.6223570774899
"32213",2021-05-15,"40","32  day ahead inc hosp",2021-06-16,"quantile",0.55,32.9276816837154
"32214",2021-05-15,"40","32  day ahead inc hosp",2021-06-16,"quantile",0.6,35.4010513198445
"32215",2021-05-15,"40","32  day ahead inc hosp",2021-06-16,"quantile",0.65,38.101292043335
"32216",2021-05-15,"40","32  day ahead inc hosp",2021-06-16,"quantile",0.7,41.111115975989
"32217",2021-05-15,"40","32  day ahead inc hosp",2021-06-16,"quantile",0.75,44.5555948526368
"32218",2021-05-15,"40","32  day ahead inc hosp",2021-06-16,"quantile",0.8,48.6410880680189
"32219",2021-05-15,"40","32  day ahead inc hosp",2021-06-16,"quantile",0.85,53.7508068888952
"32220",2021-05-15,"40","32  day ahead inc hosp",2021-06-16,"quantile",0.9,60.7398393700015
"32221",2021-05-15,"40","32  day ahead inc hosp",2021-06-16,"quantile",0.95,72.3252709732698
"32222",2021-05-15,"40","32  day ahead inc hosp",2021-06-16,"quantile",0.975,83.6511935302028
"32223",2021-05-15,"40","32  day ahead inc hosp",2021-06-16,"quantile",0.99,98.4367538356413
"32224",2021-05-15,"40","33  day ahead inc hosp",2021-06-17,"quantile",0.01,5.61728763132088
"32225",2021-05-15,"40","33  day ahead inc hosp",2021-06-17,"quantile",0.025,7.73119198791805
"32226",2021-05-15,"40","33  day ahead inc hosp",2021-06-17,"quantile",0.05,9.98362215098045
"32227",2021-05-15,"40","33  day ahead inc hosp",2021-06-17,"quantile",0.1,13.1546516791375
"32228",2021-05-15,"40","33  day ahead inc hosp",2021-06-17,"quantile",0.15,15.684604527495
"32229",2021-05-15,"40","33  day ahead inc hosp",2021-06-17,"quantile",0.2,17.9424044470763
"32230",2021-05-15,"40","33  day ahead inc hosp",2021-06-17,"quantile",0.25,20.0664156120013
"32231",2021-05-15,"40","33  day ahead inc hosp",2021-06-17,"quantile",0.3,22.1296986865746
"32232",2021-05-15,"40","33  day ahead inc hosp",2021-06-17,"quantile",0.35,24.1799854705344
"32233",2021-05-15,"40","33  day ahead inc hosp",2021-06-17,"quantile",0.4,26.2541894438527
"32234",2021-05-15,"40","33  day ahead inc hosp",2021-06-17,"quantile",0.45,28.3853208286334
"32235",2021-05-15,"40","33  day ahead inc hosp",2021-06-17,"quantile",0.5,30.6068129491781
"32236",2021-05-15,"40","33  day ahead inc hosp",2021-06-17,"quantile",0.55,32.9562162512703
"32237",2021-05-15,"40","33  day ahead inc hosp",2021-06-17,"quantile",0.6,35.4794494720515
"32238",2021-05-15,"40","33  day ahead inc hosp",2021-06-17,"quantile",0.65,38.2369045825172
"32239",2021-05-15,"40","33  day ahead inc hosp",2021-06-17,"quantile",0.7,41.3136190941699
"32240",2021-05-15,"40","33  day ahead inc hosp",2021-06-17,"quantile",0.75,44.8383135880688
"32241",2021-05-15,"40","33  day ahead inc hosp",2021-06-17,"quantile",0.8,49.0235340840504
"32242",2021-05-15,"40","33  day ahead inc hosp",2021-06-17,"quantile",0.85,54.2642450795402
"32243",2021-05-15,"40","33  day ahead inc hosp",2021-06-17,"quantile",0.9,61.4423567156469
"32244",2021-05-15,"40","33  day ahead inc hosp",2021-06-17,"quantile",0.95,73.3625772114728
"32245",2021-05-15,"40","33  day ahead inc hosp",2021-06-17,"quantile",0.975,85.0372232632902
"32246",2021-05-15,"40","33  day ahead inc hosp",2021-06-17,"quantile",0.99,100.304147430276
"32247",2021-05-15,"40","34  day ahead inc hosp",2021-06-18,"quantile",0.01,5.49902946778276
"32248",2021-05-15,"40","34  day ahead inc hosp",2021-06-18,"quantile",0.025,7.62357736841434
"32249",2021-05-15,"40","34  day ahead inc hosp",2021-06-18,"quantile",0.05,9.8979523410077
"32250",2021-05-15,"40","34  day ahead inc hosp",2021-06-18,"quantile",0.1,13.1129517456525
"32251",2021-05-15,"40","34  day ahead inc hosp",2021-06-18,"quantile",0.15,15.6861988231542
"32252",2021-05-15,"40","34  day ahead inc hosp",2021-06-18,"quantile",0.2,17.9874905703053
"32253",2021-05-15,"40","34  day ahead inc hosp",2021-06-18,"quantile",0.25,20.1559321413651
"32254",2021-05-15,"40","34  day ahead inc hosp",2021-06-18,"quantile",0.3,22.2652078093983
"32255",2021-05-15,"40","34  day ahead inc hosp",2021-06-18,"quantile",0.35,24.3636424401092
"32256",2021-05-15,"40","34  day ahead inc hosp",2021-06-18,"quantile",0.4,26.4887754094008
"32257",2021-05-15,"40","34  day ahead inc hosp",2021-06-18,"quantile",0.45,28.6743313064874
"32258",2021-05-15,"40","34  day ahead inc hosp",2021-06-18,"quantile",0.5,30.9546086135849
"32259",2021-05-15,"40","34  day ahead inc hosp",2021-06-18,"quantile",0.55,33.3682572941003
"32260",2021-05-15,"40","34  day ahead inc hosp",2021-06-18,"quantile",0.6,35.9626558092478
"32261",2021-05-15,"40","34  day ahead inc hosp",2021-06-18,"quantile",0.65,38.8002220613715
"32262",2021-05-15,"40","34  day ahead inc hosp",2021-06-18,"quantile",0.7,41.96894950681
"32263",2021-05-15,"40","34  day ahead inc hosp",2021-06-18,"quantile",0.75,45.602143939835
"32264",2021-05-15,"40","34  day ahead inc hosp",2021-06-18,"quantile",0.8,49.9200619663893
"32265",2021-05-15,"40","34  day ahead inc hosp",2021-06-18,"quantile",0.85,55.3322188236587
"32266",2021-05-15,"40","34  day ahead inc hosp",2021-06-18,"quantile",0.9,62.7535175802391
"32267",2021-05-15,"40","34  day ahead inc hosp",2021-06-18,"quantile",0.95,75.0956156718551
"32268",2021-05-15,"40","34  day ahead inc hosp",2021-06-18,"quantile",0.975,87.2015483100705
"32269",2021-05-15,"40","34  day ahead inc hosp",2021-06-18,"quantile",0.99,103.054530144921
"32270",2021-05-15,"40","35  day ahead inc hosp",2021-06-19,"quantile",0.01,5.25703284564918
"32271",2021-05-15,"40","35  day ahead inc hosp",2021-06-19,"quantile",0.025,7.3556421859068
"32272",2021-05-15,"40","35  day ahead inc hosp",2021-06-19,"quantile",0.05,9.6156041570142
"32273",2021-05-15,"40","35  day ahead inc hosp",2021-06-19,"quantile",0.1,12.8267322455354
"32274",2021-05-15,"40","35  day ahead inc hosp",2021-06-19,"quantile",0.15,15.4072596287503
"32275",2021-05-15,"40","35  day ahead inc hosp",2021-06-19,"quantile",0.2,17.7212026402229
"32276",2021-05-15,"40","35  day ahead inc hosp",2021-06-19,"quantile",0.25,19.9060150910166
"32277",2021-05-15,"40","35  day ahead inc hosp",2021-06-19,"quantile",0.3,22.0348023701447
"32278",2021-05-15,"40","35  day ahead inc hosp",2021-06-19,"quantile",0.35,24.1557466038995
"32279",2021-05-15,"40","35  day ahead inc hosp",2021-06-19,"quantile",0.4,26.3064895395648
"32280",2021-05-15,"40","35  day ahead inc hosp",2021-06-19,"quantile",0.45,28.5210444181472
"32281",2021-05-15,"40","35  day ahead inc hosp",2021-06-19,"quantile",0.5,30.8341828273037
"32282",2021-05-15,"40","35  day ahead inc hosp",2021-06-19,"quantile",0.55,33.2852494101371
"32283",2021-05-15,"40","35  day ahead inc hosp",2021-06-19,"quantile",0.6,35.9226194549121
"32284",2021-05-15,"40","35  day ahead inc hosp",2021-06-19,"quantile",0.65,38.8101578298505
"32285",2021-05-15,"40","35  day ahead inc hosp",2021-06-19,"quantile",0.7,42.0380279913405
"32286",2021-05-15,"40","35  day ahead inc hosp",2021-06-19,"quantile",0.75,45.7429631047177
"32287",2021-05-15,"40","35  day ahead inc hosp",2021-06-19,"quantile",0.8,50.1510591907685
"32288",2021-05-15,"40","35  day ahead inc hosp",2021-06-19,"quantile",0.85,55.6829711857254
"32289",2021-05-15,"40","35  day ahead inc hosp",2021-06-19,"quantile",0.9,63.2791302010045
"32290",2021-05-15,"40","35  day ahead inc hosp",2021-06-19,"quantile",0.95,75.9350190892472
"32291",2021-05-15,"40","35  day ahead inc hosp",2021-06-19,"quantile",0.975,88.371826341413
"32292",2021-05-15,"40","35  day ahead inc hosp",2021-06-19,"quantile",0.99,104.686260752335
"32293",2021-05-15,"40","36  day ahead inc hosp",2021-06-20,"quantile",0.01,4.73855086118794
"32294",2021-05-15,"40","36  day ahead inc hosp",2021-06-20,"quantile",0.025,6.72477306089282
"32295",2021-05-15,"40","36  day ahead inc hosp",2021-06-20,"quantile",0.05,8.88320091166727
"32296",2021-05-15,"40","36  day ahead inc hosp",2021-06-20,"quantile",0.1,11.9742386630961
"32297",2021-05-15,"40","36  day ahead inc hosp",2021-06-20,"quantile",0.15,14.4734991861681
"32298",2021-05-15,"40","36  day ahead inc hosp",2021-06-20,"quantile",0.2,16.723602991243
"32299",2021-05-15,"40","36  day ahead inc hosp",2021-06-20,"quantile",0.25,18.8546932448179
"32300",2021-05-15,"40","36  day ahead inc hosp",2021-06-20,"quantile",0.3,20.9364257263023
"32301",2021-05-15,"40","36  day ahead inc hosp",2021-06-20,"quantile",0.35,23.0150614524765
"32302",2021-05-15,"40","36  day ahead inc hosp",2021-06-20,"quantile",0.4,25.1270583421233
"32303",2021-05-15,"40","36  day ahead inc hosp",2021-06-20,"quantile",0.45,27.3056514039272
"32304",2021-05-15,"40","36  day ahead inc hosp",2021-06-20,"quantile",0.5,29.5850816760038
"32305",2021-05-15,"40","36  day ahead inc hosp",2021-06-20,"quantile",0.55,32.0043311107356
"32306",2021-05-15,"40","36  day ahead inc hosp",2021-06-20,"quantile",0.6,34.6115422287777
"32307",2021-05-15,"40","36  day ahead inc hosp",2021-06-20,"quantile",0.65,37.4704686475983
"32308",2021-05-15,"40","36  day ahead inc hosp",2021-06-20,"quantile",0.7,40.6713077245175
"32309",2021-05-15,"40","36  day ahead inc hosp",2021-06-20,"quantile",0.75,44.3510498683039
"32310",2021-05-15,"40","36  day ahead inc hosp",2021-06-20,"quantile",0.8,48.7364771290845
"32311",2021-05-15,"40","36  day ahead inc hosp",2021-06-20,"quantile",0.85,54.2499403168308
"32312",2021-05-15,"40","36  day ahead inc hosp",2021-06-20,"quantile",0.9,61.8366167338597
"32313",2021-05-15,"40","36  day ahead inc hosp",2021-06-20,"quantile",0.95,74.5109673926339
"32314",2021-05-15,"40","36  day ahead inc hosp",2021-06-20,"quantile",0.975,87.0003661160709
"32315",2021-05-15,"40","36  day ahead inc hosp",2021-06-20,"quantile",0.99,103.425863630139
"32316",2021-05-15,"40","37  day ahead inc hosp",2021-06-21,"quantile",0.01,4.80689851544899
"32317",2021-05-15,"40","37  day ahead inc hosp",2021-06-21,"quantile",0.025,6.85161216715797
"32318",2021-05-15,"40","37  day ahead inc hosp",2021-06-21,"quantile",0.05,9.07980861612598
"32319",2021-05-15,"40","37  day ahead inc hosp",2021-06-21,"quantile",0.1,12.2784458093332
"32320",2021-05-15,"40","37  day ahead inc hosp",2021-06-21,"quantile",0.15,14.8695407199277
"32321",2021-05-15,"40","37  day ahead inc hosp",2021-06-21,"quantile",0.2,17.2051846676923
"32322",2021-05-15,"40","37  day ahead inc hosp",2021-06-21,"quantile",0.25,19.4193648659584
"32323",2021-05-15,"40","37  day ahead inc hosp",2021-06-21,"quantile",0.3,21.5839358527976
"32324",2021-05-15,"40","37  day ahead inc hosp",2021-06-21,"quantile",0.35,23.7467324407563
"32325",2021-05-15,"40","37  day ahead inc hosp",2021-06-21,"quantile",0.4,25.9455544995979
"32326",2021-05-15,"40","37  day ahead inc hosp",2021-06-21,"quantile",0.45,28.2149531997086
"32327",2021-05-15,"40","37  day ahead inc hosp",2021-06-21,"quantile",0.5,30.5906093805408
"32328",2021-05-15,"40","37  day ahead inc hosp",2021-06-21,"quantile",0.55,33.1132187975505
"32329",2021-05-15,"40","37  day ahead inc hosp",2021-06-21,"quantile",0.6,35.8331071586188
"32330",2021-05-15,"40","37  day ahead inc hosp",2021-06-21,"quantile",0.65,38.8169803344855
"32331",2021-05-15,"40","37  day ahead inc hosp",2021-06-21,"quantile",0.7,42.1592719667943
"32332",2021-05-15,"40","37  day ahead inc hosp",2021-06-21,"quantile",0.75,46.0034706624951
"32333",2021-05-15,"40","37  day ahead inc hosp",2021-06-21,"quantile",0.8,50.5871974690903
"32334",2021-05-15,"40","37  day ahead inc hosp",2021-06-21,"quantile",0.85,56.3531209344582
"32335",2021-05-15,"40","37  day ahead inc hosp",2021-06-21,"quantile",0.9,64.2921876712061
"32336",2021-05-15,"40","37  day ahead inc hosp",2021-06-21,"quantile",0.95,77.5660474146586
"32337",2021-05-15,"40","37  day ahead inc hosp",2021-06-21,"quantile",0.975,90.6570650531476
"32338",2021-05-15,"40","37  day ahead inc hosp",2021-06-21,"quantile",0.99,107.887041177281
"32339",2021-05-15,"41","1  day ahead inc hosp",2021-05-16,"quantile",0.01,18.4290202794488
"32340",2021-05-15,"41","1  day ahead inc hosp",2021-05-16,"quantile",0.025,20.8063295882397
"32341",2021-05-15,"41","1  day ahead inc hosp",2021-05-16,"quantile",0.05,23.0287437934304
"32342",2021-05-15,"41","1  day ahead inc hosp",2021-05-16,"quantile",0.1,25.8068767115019
"32343",2021-05-15,"41","1  day ahead inc hosp",2021-05-16,"quantile",0.15,27.8183253935096
"32344",2021-05-15,"41","1  day ahead inc hosp",2021-05-16,"quantile",0.2,29.4990222093202
"32345",2021-05-15,"41","1  day ahead inc hosp",2021-05-16,"quantile",0.25,31.0006241812916
"32346",2021-05-15,"41","1  day ahead inc hosp",2021-05-16,"quantile",0.3,32.3973149502192
"32347",2021-05-15,"41","1  day ahead inc hosp",2021-05-16,"quantile",0.35,33.7331964571864
"32348",2021-05-15,"41","1  day ahead inc hosp",2021-05-16,"quantile",0.4,35.0386168101967
"32349",2021-05-15,"41","1  day ahead inc hosp",2021-05-16,"quantile",0.45,36.3373364590666
"32350",2021-05-15,"41","1  day ahead inc hosp",2021-05-16,"quantile",0.5,37.6503887306651
"32351",2021-05-15,"41","1  day ahead inc hosp",2021-05-16,"quantile",0.55,38.9987090165096
"32352",2021-05-15,"41","1  day ahead inc hosp",2021-05-16,"quantile",0.6,40.4055202535841
"32353",2021-05-15,"41","1  day ahead inc hosp",2021-05-16,"quantile",0.65,41.8992227657059
"32354",2021-05-15,"41","1  day ahead inc hosp",2021-05-16,"quantile",0.7,43.5177851749873
"32355",2021-05-15,"41","1  day ahead inc hosp",2021-05-16,"quantile",0.75,45.3166018207343
"32356",2021-05-15,"41","1  day ahead inc hosp",2021-05-16,"quantile",0.8,47.3846742016822
"32357",2021-05-15,"41","1  day ahead inc hosp",2021-05-16,"quantile",0.85,49.8837105798933
"32358",2021-05-15,"41","1  day ahead inc hosp",2021-05-16,"quantile",0.9,53.1669890702504
"32359",2021-05-15,"41","1  day ahead inc hosp",2021-05-16,"quantile",0.95,58.3281393857435
"32360",2021-05-15,"41","1  day ahead inc hosp",2021-05-16,"quantile",0.975,63.1012232080253
"32361",2021-05-15,"41","1  day ahead inc hosp",2021-05-16,"quantile",0.99,69.0127272106456
"32362",2021-05-15,"41","2  day ahead inc hosp",2021-05-17,"quantile",0.01,16.2148660244643
"32363",2021-05-15,"41","2  day ahead inc hosp",2021-05-17,"quantile",0.025,18.4673541650815
"32364",2021-05-15,"41","2  day ahead inc hosp",2021-05-17,"quantile",0.05,20.5855710119386
"32365",2021-05-15,"41","2  day ahead inc hosp",2021-05-17,"quantile",0.1,23.24826511906
"32366",2021-05-15,"41","2  day ahead inc hosp",2021-05-17,"quantile",0.15,25.1852689230384
"32367",2021-05-15,"41","2  day ahead inc hosp",2021-05-17,"quantile",0.2,26.8090889988541
"32368",2021-05-15,"41","2  day ahead inc hosp",2021-05-17,"quantile",0.25,28.2636839295401
"32369",2021-05-15,"41","2  day ahead inc hosp",2021-05-17,"quantile",0.3,29.6196853402829
"32370",2021-05-15,"41","2  day ahead inc hosp",2021-05-17,"quantile",0.35,30.9192397177588
"32371",2021-05-15,"41","2  day ahead inc hosp",2021-05-17,"quantile",0.4,32.1914897112874
"32372",2021-05-15,"41","2  day ahead inc hosp",2021-05-17,"quantile",0.45,33.4593891473337
"32373",2021-05-15,"41","2  day ahead inc hosp",2021-05-17,"quantile",0.5,34.7433949851172
"32374",2021-05-15,"41","2  day ahead inc hosp",2021-05-17,"quantile",0.55,36.0640063725755
"32375",2021-05-15,"41","2  day ahead inc hosp",2021-05-17,"quantile",0.6,37.4440974981703
"32376",2021-05-15,"41","2  day ahead inc hosp",2021-05-17,"quantile",0.65,38.911774184232
"32377",2021-05-15,"41","2  day ahead inc hosp",2021-05-17,"quantile",0.7,40.5047423961462
"32378",2021-05-15,"41","2  day ahead inc hosp",2021-05-17,"quantile",0.75,42.2781508824187
"32379",2021-05-15,"41","2  day ahead inc hosp",2021-05-17,"quantile",0.8,44.320768831652
"32380",2021-05-15,"41","2  day ahead inc hosp",2021-05-17,"quantile",0.85,46.7941179308136
"32381",2021-05-15,"41","2  day ahead inc hosp",2021-05-17,"quantile",0.9,50.0515512018823
"32382",2021-05-15,"41","2  day ahead inc hosp",2021-05-17,"quantile",0.95,55.1887358675952
"32383",2021-05-15,"41","2  day ahead inc hosp",2021-05-17,"quantile",0.975,59.9561240134859
"32384",2021-05-15,"41","2  day ahead inc hosp",2021-05-17,"quantile",0.99,65.8802976057311
"32385",2021-05-15,"41","3  day ahead inc hosp",2021-05-18,"quantile",0.01,16.890996713934
"32386",2021-05-15,"41","3  day ahead inc hosp",2021-05-18,"quantile",0.025,19.3015977847349
"32387",2021-05-15,"41","3  day ahead inc hosp",2021-05-18,"quantile",0.05,21.57360731737
"32388",2021-05-15,"41","3  day ahead inc hosp",2021-05-18,"quantile",0.1,24.4356767473983
"32389",2021-05-15,"41","3  day ahead inc hosp",2021-05-18,"quantile",0.15,26.5214462492479
"32390",2021-05-15,"41","3  day ahead inc hosp",2021-05-18,"quantile",0.2,28.2721504883706
"32391",2021-05-15,"41","3  day ahead inc hosp",2021-05-18,"quantile",0.25,29.8419583924646
"32392",2021-05-15,"41","3  day ahead inc hosp",2021-05-18,"quantile",0.3,31.3065990821965
"32393",2021-05-15,"41","3  day ahead inc hosp",2021-05-18,"quantile",0.35,32.7113252255961
"32394",2021-05-15,"41","3  day ahead inc hosp",2021-05-18,"quantile",0.4,34.0874851305066
"32395",2021-05-15,"41","3  day ahead inc hosp",2021-05-18,"quantile",0.45,35.4598263678899
"32396",2021-05-15,"41","3  day ahead inc hosp",2021-05-18,"quantile",0.5,36.8504609709545
"32397",2021-05-15,"41","3  day ahead inc hosp",2021-05-18,"quantile",0.55,38.2816026193128
"32398",2021-05-15,"41","3  day ahead inc hosp",2021-05-18,"quantile",0.6,39.7780934896326
"32399",2021-05-15,"41","3  day ahead inc hosp",2021-05-18,"quantile",0.65,41.3705107786706
"32400",2021-05-15,"41","3  day ahead inc hosp",2021-05-18,"quantile",0.7,43.099928723402
"32401",2021-05-15,"41","3  day ahead inc hosp",2021-05-18,"quantile",0.75,45.0264778320613
"32402",2021-05-15,"41","3  day ahead inc hosp",2021-05-18,"quantile",0.8,47.247011403983
"32403",2021-05-15,"41","3  day ahead inc hosp",2021-05-18,"quantile",0.85,49.9378557812392
"32404",2021-05-15,"41","3  day ahead inc hosp",2021-05-18,"quantile",0.9,53.4849468458767
"32405",2021-05-15,"41","3  day ahead inc hosp",2021-05-18,"quantile",0.95,59.0857173414223
"32406",2021-05-15,"41","3  day ahead inc hosp",2021-05-18,"quantile",0.975,64.2900161219797
"32407",2021-05-15,"41","3  day ahead inc hosp",2021-05-18,"quantile",0.99,70.7651319840451
"32408",2021-05-15,"41","4  day ahead inc hosp",2021-05-19,"quantile",0.01,16.7915847442174
"32409",2021-05-15,"41","4  day ahead inc hosp",2021-05-19,"quantile",0.025,19.2777939573947
"32410",2021-05-15,"41","4  day ahead inc hosp",2021-05-19,"quantile",0.05,21.6284568315302
"32411",2021-05-15,"41","4  day ahead inc hosp",2021-05-19,"quantile",0.1,24.5983802519851
"32412",2021-05-15,"41","4  day ahead inc hosp",2021-05-19,"quantile",0.15,26.7681600677454
"32413",2021-05-15,"41","4  day ahead inc hosp",2021-05-19,"quantile",0.2,28.5925325814573
"32414",2021-05-15,"41","4  day ahead inc hosp",2021-05-19,"quantile",0.25,30.2306518353572
"32415",2021-05-15,"41","4  day ahead inc hosp",2021-05-19,"quantile",0.3,31.7608235918824
"32416",2021-05-15,"41","4  day ahead inc hosp",2021-05-19,"quantile",0.35,33.2299342892273
"32417",2021-05-15,"41","4  day ahead inc hosp",2021-05-19,"quantile",0.4,34.6705485415812
"32418",2021-05-15,"41","4  day ahead inc hosp",2021-05-19,"quantile",0.45,36.1084566275395
"32419",2021-05-15,"41","4  day ahead inc hosp",2021-05-19,"quantile",0.5,37.5667845958373
"32420",2021-05-15,"41","4  day ahead inc hosp",2021-05-19,"quantile",0.55,39.068846423807
"32421",2021-05-15,"41","4  day ahead inc hosp",2021-05-19,"quantile",0.6,40.6407944647245
"32422",2021-05-15,"41","4  day ahead inc hosp",2021-05-19,"quantile",0.65,42.3148959126232
"32423",2021-05-15,"41","4  day ahead inc hosp",2021-05-19,"quantile",0.7,44.1345717044689
"32424",2021-05-15,"41","4  day ahead inc hosp",2021-05-19,"quantile",0.75,46.1634680942599
"32425",2021-05-15,"41","4  day ahead inc hosp",2021-05-19,"quantile",0.8,48.5041961846021
"32426",2021-05-15,"41","4  day ahead inc hosp",2021-05-19,"quantile",0.85,51.3437031785127
"32427",2021-05-15,"41","4  day ahead inc hosp",2021-05-19,"quantile",0.9,55.0914569888425
"32428",2021-05-15,"41","4  day ahead inc hosp",2021-05-19,"quantile",0.95,61.018976477277
"32429",2021-05-15,"41","4  day ahead inc hosp",2021-05-19,"quantile",0.975,66.5366899065717
"32430",2021-05-15,"41","4  day ahead inc hosp",2021-05-19,"quantile",0.99,73.4134900968343
"32431",2021-05-15,"41","5  day ahead inc hosp",2021-05-20,"quantile",0.01,15.9008397145532
"32432",2021-05-15,"41","5  day ahead inc hosp",2021-05-20,"quantile",0.025,18.3695488433957
"32433",2021-05-15,"41","5  day ahead inc hosp",2021-05-20,"quantile",0.05,20.7135087570179
"32434",2021-05-15,"41","5  day ahead inc hosp",2021-05-20,"quantile",0.1,23.6866662626777
"32435",2021-05-15,"41","5  day ahead inc hosp",2021-05-20,"quantile",0.15,25.8660334600524
"32436",2021-05-15,"41","5  day ahead inc hosp",2021-05-20,"quantile",0.2,27.7026819994106
"32437",2021-05-15,"41","5  day ahead inc hosp",2021-05-20,"quantile",0.25,29.3548399963022
"32438",2021-05-15,"41","5  day ahead inc hosp",2021-05-20,"quantile",0.3,30.9005290931323
"32439",2021-05-15,"41","5  day ahead inc hosp",2021-05-20,"quantile",0.35,32.386592193377
"32440",2021-05-15,"41","5  day ahead inc hosp",2021-05-20,"quantile",0.4,33.8456775858098
"32441",2021-05-15,"41","5  day ahead inc hosp",2021-05-20,"quantile",0.45,35.3037529533951
"32442",2021-05-15,"41","5  day ahead inc hosp",2021-05-20,"quantile",0.5,36.7842141530607
"32443",2021-05-15,"41","5  day ahead inc hosp",2021-05-20,"quantile",0.55,38.3107566393435
"32444",2021-05-15,"41","5  day ahead inc hosp",2021-05-20,"quantile",0.6,39.910067299538
"32445",2021-05-15,"41","5  day ahead inc hosp",2021-05-20,"quantile",0.65,41.6151761495353
"32446",2021-05-15,"41","5  day ahead inc hosp",2021-05-20,"quantile",0.7,43.4706327494114
"32447",2021-05-15,"41","5  day ahead inc hosp",2021-05-20,"quantile",0.75,45.5418448773786
"32448",2021-05-15,"41","5  day ahead inc hosp",2021-05-20,"quantile",0.8,47.9343905389787
"32449",2021-05-15,"41","5  day ahead inc hosp",2021-05-20,"quantile",0.85,50.8408081419849
"32450",2021-05-15,"41","5  day ahead inc hosp",2021-05-20,"quantile",0.9,54.6831964074984
"32451",2021-05-15,"41","5  day ahead inc hosp",2021-05-20,"quantile",0.95,60.7737469194563
"32452",2021-05-15,"41","5  day ahead inc hosp",2021-05-20,"quantile",0.975,66.4564364356396
"32453",2021-05-15,"41","5  day ahead inc hosp",2021-05-20,"quantile",0.99,73.5547009836107
"32454",2021-05-15,"41","6  day ahead inc hosp",2021-05-21,"quantile",0.01,16.4127239728033
"32455",2021-05-15,"41","6  day ahead inc hosp",2021-05-21,"quantile",0.025,19.01973415027
"32456",2021-05-15,"41","6  day ahead inc hosp",2021-05-21,"quantile",0.05,21.5001716178682
"32457",2021-05-15,"41","6  day ahead inc hosp",2021-05-21,"quantile",0.1,24.652582683366
"32458",2021-05-15,"41","6  day ahead inc hosp",2021-05-21,"quantile",0.15,26.9671344793434
"32459",2021-05-15,"41","6  day ahead inc hosp",2021-05-21,"quantile",0.2,28.919918633343
"32460",2021-05-15,"41","6  day ahead inc hosp",2021-05-21,"quantile",0.25,30.678127237795
"32461",2021-05-15,"41","6  day ahead inc hosp",2021-05-21,"quantile",0.3,32.3242924753865
"32462",2021-05-15,"41","6  day ahead inc hosp",2021-05-21,"quantile",0.35,33.9080322437887
"32463",2021-05-15,"41","6  day ahead inc hosp",2021-05-21,"quantile",0.4,35.4639891827505
"32464",2021-05-15,"41","6  day ahead inc hosp",2021-05-21,"quantile",0.45,37.0197759198956
"32465",2021-05-15,"41","6  day ahead inc hosp",2021-05-21,"quantile",0.5,38.6003286325073
"32466",2021-05-15,"41","6  day ahead inc hosp",2021-05-21,"quantile",0.55,40.2309602314154
"32467",2021-05-15,"41","6  day ahead inc hosp",2021-05-21,"quantile",0.6,41.9402349567252
"32468",2021-05-15,"41","6  day ahead inc hosp",2021-05-21,"quantile",0.65,43.7635602100795
"32469",2021-05-15,"41","6  day ahead inc hosp",2021-05-21,"quantile",0.7,45.7487451694915
"32470",2021-05-15,"41","6  day ahead inc hosp",2021-05-21,"quantile",0.75,47.9660391033636
"32471",2021-05-15,"41","6  day ahead inc hosp",2021-05-21,"quantile",0.8,50.5289009636808
"32472",2021-05-15,"41","6  day ahead inc hosp",2021-05-21,"quantile",0.85,53.6443382158946
"32473",2021-05-15,"41","6  day ahead inc hosp",2021-05-21,"quantile",0.9,57.7663708864031
"32474",2021-05-15,"41","6  day ahead inc hosp",2021-05-21,"quantile",0.95,64.3071853089603
"32475",2021-05-15,"41","6  day ahead inc hosp",2021-05-21,"quantile",0.975,70.4169140436498
"32476",2021-05-15,"41","6  day ahead inc hosp",2021-05-21,"quantile",0.99,78.0569040057503
"32477",2021-05-15,"41","7  day ahead inc hosp",2021-05-22,"quantile",0.01,15.1026212087151
"32478",2021-05-15,"41","7  day ahead inc hosp",2021-05-22,"quantile",0.025,17.6282814967614
"32479",2021-05-15,"41","7  day ahead inc hosp",2021-05-22,"quantile",0.05,20.043000562662
"32480",2021-05-15,"41","7  day ahead inc hosp",2021-05-22,"quantile",0.1,23.1258127946556
"32481",2021-05-15,"41","7  day ahead inc hosp",2021-05-22,"quantile",0.15,25.3978712150636
"32482",2021-05-15,"41","7  day ahead inc hosp",2021-05-22,"quantile",0.2,27.3198305317489
"32483",2021-05-15,"41","7  day ahead inc hosp",2021-05-22,"quantile",0.25,29.0538859446139
"32484",2021-05-15,"41","7  day ahead inc hosp",2021-05-22,"quantile",0.3,30.6803088726814
"32485",2021-05-15,"41","7  day ahead inc hosp",2021-05-22,"quantile",0.35,32.2475110581725
"32486",2021-05-15,"41","7  day ahead inc hosp",2021-05-22,"quantile",0.4,33.7894309860472
"32487",2021-05-15,"41","7  day ahead inc hosp",2021-05-22,"quantile",0.45,35.3332544310176
"32488",2021-05-15,"41","7  day ahead inc hosp",2021-05-22,"quantile",0.5,36.9036654865102
"32489",2021-05-15,"41","7  day ahead inc hosp",2021-05-22,"quantile",0.55,38.5258523810912
"32490",2021-05-15,"41","7  day ahead inc hosp",2021-05-22,"quantile",0.6,40.2283657919919
"32491",2021-05-15,"41","7  day ahead inc hosp",2021-05-22,"quantile",0.65,42.0467190227926
"32492",2021-05-15,"41","7  day ahead inc hosp",2021-05-22,"quantile",0.7,44.0289853199935
"32493",2021-05-15,"41","7  day ahead inc hosp",2021-05-22,"quantile",0.75,46.2459291225999
"32494",2021-05-15,"41","7  day ahead inc hosp",2021-05-22,"quantile",0.8,48.811992512385
"32495",2021-05-15,"41","7  day ahead inc hosp",2021-05-22,"quantile",0.85,51.9361990146235
"32496",2021-05-15,"41","7  day ahead inc hosp",2021-05-22,"quantile",0.9,56.0774533051122
"32497",2021-05-15,"41","7  day ahead inc hosp",2021-05-22,"quantile",0.95,62.6648899221521
"32498",2021-05-15,"41","7  day ahead inc hosp",2021-05-22,"quantile",0.975,68.8341408180877
"32499",2021-05-15,"41","7  day ahead inc hosp",2021-05-22,"quantile",0.99,76.5677453781452
"32500",2021-05-15,"41","8  day ahead inc hosp",2021-05-23,"quantile",0.01,15.0934682364422
"32501",2021-05-15,"41","8  day ahead inc hosp",2021-05-23,"quantile",0.025,17.689679074126
"32502",2021-05-15,"41","8  day ahead inc hosp",2021-05-23,"quantile",0.05,20.1786606616083
"32503",2021-05-15,"41","8  day ahead inc hosp",2021-05-23,"quantile",0.1,23.3644011199604
"32504",2021-05-15,"41","8  day ahead inc hosp",2021-05-23,"quantile",0.15,25.7173357903335
"32505",2021-05-15,"41","8  day ahead inc hosp",2021-05-23,"quantile",0.2,27.7106383217887
"32506",2021-05-15,"41","8  day ahead inc hosp",2021-05-23,"quantile",0.25,29.5111595149354
"32507",2021-05-15,"41","8  day ahead inc hosp",2021-05-23,"quantile",0.3,31.2015956936396
"32508",2021-05-15,"41","8  day ahead inc hosp",2021-05-23,"quantile",0.35,32.831911113617
"32509",2021-05-15,"41","8  day ahead inc hosp",2021-05-23,"quantile",0.4,34.4372138561224
"32510",2021-05-15,"41","8  day ahead inc hosp",2021-05-23,"quantile",0.45,36.0457055511979
"32511",2021-05-15,"41","8  day ahead inc hosp",2021-05-23,"quantile",0.5,37.6830707666008
"32512",2021-05-15,"41","8  day ahead inc hosp",2021-05-23,"quantile",0.55,39.3755951284419
"32513",2021-05-15,"41","8  day ahead inc hosp",2021-05-23,"quantile",0.6,41.1531470115421
"32514",2021-05-15,"41","8  day ahead inc hosp",2021-05-23,"quantile",0.65,43.0529497696201
"32515",2021-05-15,"41","8  day ahead inc hosp",2021-05-23,"quantile",0.7,45.1254614161663
"32516",2021-05-15,"41","8  day ahead inc hosp",2021-05-23,"quantile",0.75,47.445030217483
"32517",2021-05-15,"41","8  day ahead inc hosp",2021-05-23,"quantile",0.8,50.1319814705059
"32518",2021-05-15,"41","8  day ahead inc hosp",2021-05-23,"quantile",0.85,53.4062130488161
"32519",2021-05-15,"41","8  day ahead inc hosp",2021-05-23,"quantile",0.9,57.7507732042479
"32520",2021-05-15,"41","8  day ahead inc hosp",2021-05-23,"quantile",0.95,64.6710085557588
"32521",2021-05-15,"41","8  day ahead inc hosp",2021-05-23,"quantile",0.975,71.1612479066387
"32522",2021-05-15,"41","8  day ahead inc hosp",2021-05-23,"quantile",0.99,79.3084258083317
"32523",2021-05-15,"41","9  day ahead inc hosp",2021-05-24,"quantile",0.01,14.4259423279303
"32524",2021-05-15,"41","9  day ahead inc hosp",2021-05-24,"quantile",0.025,17.0050919395685
"32525",2021-05-15,"41","9  day ahead inc hosp",2021-05-24,"quantile",0.05,19.4872908521139
"32526",2021-05-15,"41","9  day ahead inc hosp",2021-05-24,"quantile",0.1,22.6757810692896
"32527",2021-05-15,"41","9  day ahead inc hosp",2021-05-24,"quantile",0.15,25.0378181127312
"32528",2021-05-15,"41","9  day ahead inc hosp",2021-05-24,"quantile",0.2,27.0429635279534
"32529",2021-05-15,"41","9  day ahead inc hosp",2021-05-24,"quantile",0.25,28.8571429944906
"32530",2021-05-15,"41","9  day ahead inc hosp",2021-05-24,"quantile",0.3,30.5627651845567
"32531",2021-05-15,"41","9  day ahead inc hosp",2021-05-24,"quantile",0.35,32.2097483331103
"32532",2021-05-15,"41","9  day ahead inc hosp",2021-05-24,"quantile",0.4,33.8332835659414
"32533",2021-05-15,"41","9  day ahead inc hosp",2021-05-24,"quantile",0.45,35.4617513449884
"32534",2021-05-15,"41","9  day ahead inc hosp",2021-05-24,"quantile",0.5,37.1211098163924
"32535",2021-05-15,"41","9  day ahead inc hosp",2021-05-24,"quantile",0.55,38.8380327857379
"32536",2021-05-15,"41","9  day ahead inc hosp",2021-05-24,"quantile",0.6,40.6429339079457
"32537",2021-05-15,"41","9  day ahead inc hosp",2021-05-24,"quantile",0.65,42.5738161866589
"32538",2021-05-15,"41","9  day ahead inc hosp",2021-05-24,"quantile",0.7,44.68229300633
"32539",2021-05-15,"41","9  day ahead inc hosp",2021-05-24,"quantile",0.75,47.0445185344934
"32540",2021-05-15,"41","9  day ahead inc hosp",2021-05-24,"quantile",0.8,49.7838641053669
"32541",2021-05-15,"41","9  day ahead inc hosp",2021-05-24,"quantile",0.85,53.1259768672504
"32542",2021-05-15,"41","9  day ahead inc hosp",2021-05-24,"quantile",0.9,57.5669169850325
"32543",2021-05-15,"41","9  day ahead inc hosp",2021-05-24,"quantile",0.95,64.6540380765265
"32544",2021-05-15,"41","9  day ahead inc hosp",2021-05-24,"quantile",0.975,71.3140478695486
"32545",2021-05-15,"41","9  day ahead inc hosp",2021-05-24,"quantile",0.99,79.6902726955321
"32546",2021-05-15,"41","10  day ahead inc hosp",2021-05-25,"quantile",0.01,14.3329926192686
"32547",2021-05-15,"41","10  day ahead inc hosp",2021-05-25,"quantile",0.025,16.9659936498595
"32548",2021-05-15,"41","10  day ahead inc hosp",2021-05-25,"quantile",0.05,19.5070904548577
"32549",2021-05-15,"41","10  day ahead inc hosp",2021-05-25,"quantile",0.1,22.7796843470449
"32550",2021-05-15,"41","10  day ahead inc hosp",2021-05-25,"quantile",0.15,25.2092509418451
"32551",2021-05-15,"41","10  day ahead inc hosp",2021-05-25,"quantile",0.2,27.2747756359487
"32552",2021-05-15,"41","10  day ahead inc hosp",2021-05-25,"quantile",0.25,29.1457719640632
"32553",2021-05-15,"41","10  day ahead inc hosp",2021-05-25,"quantile",0.3,30.9065574774529
"32554",2021-05-15,"41","10  day ahead inc hosp",2021-05-25,"quantile",0.35,32.6083018718793
"32555",2021-05-15,"41","10  day ahead inc hosp",2021-05-25,"quantile",0.4,34.2871644972247
"32556",2021-05-15,"41","10  day ahead inc hosp",2021-05-25,"quantile",0.45,35.972390077795
"32557",2021-05-15,"41","10  day ahead inc hosp",2021-05-25,"quantile",0.5,37.6908093975402
"32558",2021-05-15,"41","10  day ahead inc hosp",2021-05-25,"quantile",0.55,39.4700729718601
"32559",2021-05-15,"41","10  day ahead inc hosp",2021-05-25,"quantile",0.6,41.3417849138915
"32560",2021-05-15,"41","10  day ahead inc hosp",2021-05-25,"quantile",0.65,43.3455093614849
"32561",2021-05-15,"41","10  day ahead inc hosp",2021-05-25,"quantile",0.7,45.5350522973727
"32562",2021-05-15,"41","10  day ahead inc hosp",2021-05-25,"quantile",0.75,47.9898790310961
"32563",2021-05-15,"41","10  day ahead inc hosp",2021-05-25,"quantile",0.8,50.8388157577859
"32564",2021-05-15,"41","10  day ahead inc hosp",2021-05-25,"quantile",0.85,54.3176212285611
"32565",2021-05-15,"41","10  day ahead inc hosp",2021-05-25,"quantile",0.9,58.9448677163727
"32566",2021-05-15,"41","10  day ahead inc hosp",2021-05-25,"quantile",0.95,66.3392106119871
"32567",2021-05-15,"41","10  day ahead inc hosp",2021-05-25,"quantile",0.975,73.2977488927107
"32568",2021-05-15,"41","10  day ahead inc hosp",2021-05-25,"quantile",0.99,82.0612410044769
"32569",2021-05-15,"41","11  day ahead inc hosp",2021-05-26,"quantile",0.01,15.5937495866464
"32570",2021-05-15,"41","11  day ahead inc hosp",2021-05-26,"quantile",0.025,18.4636354067541
"32571",2021-05-15,"41","11  day ahead inc hosp",2021-05-26,"quantile",0.05,21.2338787832722
"32572",2021-05-15,"41","11  day ahead inc hosp",2021-05-26,"quantile",0.1,24.8022157523061
"32573",2021-05-15,"41","11  day ahead inc hosp",2021-05-26,"quantile",0.15,27.4517324827746
"32574",2021-05-15,"41","11  day ahead inc hosp",2021-05-26,"quantile",0.2,29.7044787101541
"32575",2021-05-15,"41","11  day ahead inc hosp",2021-05-26,"quantile",0.25,31.7452278432726
"32576",2021-05-15,"41","11  day ahead inc hosp",2021-05-26,"quantile",0.3,33.6658973719305
"32577",2021-05-15,"41","11  day ahead inc hosp",2021-05-26,"quantile",0.35,35.5222763156457
"32578",2021-05-15,"41","11  day ahead inc hosp",2021-05-26,"quantile",0.4,37.3537947572078
"32579",2021-05-15,"41","11  day ahead inc hosp",2021-05-26,"quantile",0.45,39.1923489633043
"32580",2021-05-15,"41","11  day ahead inc hosp",2021-05-26,"quantile",0.5,41.0672085444726
"32581",2021-05-15,"41","11  day ahead inc hosp",2021-05-26,"quantile",0.55,43.0085433281911
"32582",2021-05-15,"41","11  day ahead inc hosp",2021-05-26,"quantile",0.6,45.05084268347
"32583",2021-05-15,"41","11  day ahead inc hosp",2021-05-26,"quantile",0.65,47.2372881762115
"32584",2021-05-15,"41","11  day ahead inc hosp",2021-05-26,"quantile",0.7,49.6266107499304
"32585",2021-05-15,"41","11  day ahead inc hosp",2021-05-26,"quantile",0.75,52.3055549621063
"32586",2021-05-15,"41","11  day ahead inc hosp",2021-05-26,"quantile",0.8,55.4147545890254
"32587",2021-05-15,"41","11  day ahead inc hosp",2021-05-26,"quantile",0.85,59.2115868815407
"32588",2021-05-15,"41","11  day ahead inc hosp",2021-05-26,"quantile",0.9,64.2621969576107
"32589",2021-05-15,"41","11  day ahead inc hosp",2021-05-26,"quantile",0.95,72.3338129987747
"32590",2021-05-15,"41","11  day ahead inc hosp",2021-05-26,"quantile",0.975,79.9304391047579
"32591",2021-05-15,"41","11  day ahead inc hosp",2021-05-26,"quantile",0.99,89.4984100114794
"32592",2021-05-15,"41","12  day ahead inc hosp",2021-05-27,"quantile",0.01,12.6890167710205
"32593",2021-05-15,"41","12  day ahead inc hosp",2021-05-27,"quantile",0.025,15.2143415313372
"32594",2021-05-15,"41","12  day ahead inc hosp",2021-05-27,"quantile",0.05,17.6725400287659
"32595",2021-05-15,"41","12  day ahead inc hosp",2021-05-27,"quantile",0.1,20.8636004015113
"32596",2021-05-15,"41","12  day ahead inc hosp",2021-05-27,"quantile",0.15,23.2482996334844
"32597",2021-05-15,"41","12  day ahead inc hosp",2021-05-27,"quantile",0.2,25.2848577425754
"32598",2021-05-15,"41","12  day ahead inc hosp",2021-05-27,"quantile",0.25,27.1362069197384
"32599",2021-05-15,"41","12  day ahead inc hosp",2021-05-27,"quantile",0.3,28.8837726472584
"32600",2021-05-15,"41","12  day ahead inc hosp",2021-05-27,"quantile",0.35,30.5772574695563
"32601",2021-05-15,"41","12  day ahead inc hosp",2021-05-27,"quantile",0.4,32.2520448722221
"32602",2021-05-15,"41","12  day ahead inc hosp",2021-05-27,"quantile",0.45,33.9370053919804
"32603",2021-05-15,"41","12  day ahead inc hosp",2021-05-27,"quantile",0.5,35.6588757228032
"32604",2021-05-15,"41","12  day ahead inc hosp",2021-05-27,"quantile",0.55,37.4454518128906
"32605",2021-05-15,"41","12  day ahead inc hosp",2021-05-27,"quantile",0.6,39.3287363667267
"32606",2021-05-15,"41","12  day ahead inc hosp",2021-05-27,"quantile",0.65,41.3490150520851
"32607",2021-05-15,"41","12  day ahead inc hosp",2021-05-27,"quantile",0.7,43.5612939723874
"32608",2021-05-15,"41","12  day ahead inc hosp",2021-05-27,"quantile",0.75,46.0470412693478
"32609",2021-05-15,"41","12  day ahead inc hosp",2021-05-27,"quantile",0.8,48.9386060770315
"32610",2021-05-15,"41","12  day ahead inc hosp",2021-05-27,"quantile",0.85,52.4786059252815
"32611",2021-05-15,"41","12  day ahead inc hosp",2021-05-27,"quantile",0.9,57.2015692370865
"32612",2021-05-15,"41","12  day ahead inc hosp",2021-05-27,"quantile",0.95,64.7792913193621
"32613",2021-05-15,"41","12  day ahead inc hosp",2021-05-27,"quantile",0.975,71.940640638731
"32614",2021-05-15,"41","12  day ahead inc hosp",2021-05-27,"quantile",0.99,80.9960011068826
"32615",2021-05-15,"41","13  day ahead inc hosp",2021-05-28,"quantile",0.01,11.9749553154339
"32616",2021-05-15,"41","13  day ahead inc hosp",2021-05-28,"quantile",0.025,14.4501449923339
"32617",2021-05-15,"41","13  day ahead inc hosp",2021-05-28,"quantile",0.05,16.8698160067857
"32618",2021-05-15,"41","13  day ahead inc hosp",2021-05-28,"quantile",0.1,20.0231932928975
"32619",2021-05-15,"41","13  day ahead inc hosp",2021-05-28,"quantile",0.15,22.3873794168267
"32620",2021-05-15,"41","13  day ahead inc hosp",2021-05-28,"quantile",0.2,24.4108962789506
"32621",2021-05-15,"41","13  day ahead inc hosp",2021-05-28,"quantile",0.25,26.2536041512548
"32622",2021-05-15,"41","13  day ahead inc hosp",2021-05-28,"quantile",0.3,27.9955819413229
"32623",2021-05-15,"41","13  day ahead inc hosp",2021-05-28,"quantile",0.35,29.6858531823902
"32624",2021-05-15,"41","13  day ahead inc hosp",2021-05-28,"quantile",0.4,31.3594474308811
"32625",2021-05-15,"41","13  day ahead inc hosp",2021-05-28,"quantile",0.45,33.0450716178515
"32626",2021-05-15,"41","13  day ahead inc hosp",2021-05-28,"quantile",0.5,34.7694332658702
"32627",2021-05-15,"41","13  day ahead inc hosp",2021-05-28,"quantile",0.55,36.5604160936223
"32628",2021-05-15,"41","13  day ahead inc hosp",2021-05-28,"quantile",0.6,38.4502362744234
"32629",2021-05-15,"41","13  day ahead inc hosp",2021-05-28,"quantile",0.65,40.4795552913897
"32630",2021-05-15,"41","13  day ahead inc hosp",2021-05-28,"quantile",0.7,42.7039974055843
"32631",2021-05-15,"41","13  day ahead inc hosp",2021-05-28,"quantile",0.75,45.206056822221
"32632",2021-05-15,"41","13  day ahead inc hosp",2021-05-28,"quantile",0.8,48.1198823091717
"32633",2021-05-15,"41","13  day ahead inc hosp",2021-05-28,"quantile",0.85,51.6915892639979
"32634",2021-05-15,"41","13  day ahead inc hosp",2021-05-28,"quantile",0.9,56.4638347503974
"32635",2021-05-15,"41","13  day ahead inc hosp",2021-05-28,"quantile",0.95,64.1354624780405
"32636",2021-05-15,"41","13  day ahead inc hosp",2021-05-28,"quantile",0.975,71.4003012998342
"32637",2021-05-15,"41","13  day ahead inc hosp",2021-05-28,"quantile",0.99,80.6042928082228
"32638",2021-05-15,"41","14  day ahead inc hosp",2021-05-29,"quantile",0.01,11.4483454163765
"32639",2021-05-15,"41","14  day ahead inc hosp",2021-05-29,"quantile",0.025,13.895494033621
"32640",2021-05-15,"41","14  day ahead inc hosp",2021-05-29,"quantile",0.05,16.2970554172177
"32641",2021-05-15,"41","14  day ahead inc hosp",2021-05-29,"quantile",0.1,19.4380074124044
"32642",2021-05-15,"41","14  day ahead inc hosp",2021-05-29,"quantile",0.15,21.7998124113049
"32643",2021-05-15,"41","14  day ahead inc hosp",2021-05-29,"quantile",0.2,23.8253522077425
"32644",2021-05-15,"41","14  day ahead inc hosp",2021-05-29,"quantile",0.25,25.6728183854555
"32645",2021-05-15,"41","14  day ahead inc hosp",2021-05-29,"quantile",0.3,27.4216260046141
"32646",2021-05-15,"41","14  day ahead inc hosp",2021-05-29,"quantile",0.35,29.1205229995607
"32647",2021-05-15,"41","14  day ahead inc hosp",2021-05-29,"quantile",0.4,30.8044605122158
"32648",2021-05-15,"41","14  day ahead inc hosp",2021-05-29,"quantile",0.45,32.5021956112435
"32649",2021-05-15,"41","14  day ahead inc hosp",2021-05-29,"quantile",0.5,34.2405939390501
"32650",2021-05-15,"41","14  day ahead inc hosp",2021-05-29,"quantile",0.55,36.0478115301821
"32651",2021-05-15,"41","14  day ahead inc hosp",2021-05-29,"quantile",0.6,37.9564809344088
"32652",2021-05-15,"41","14  day ahead inc hosp",2021-05-29,"quantile",0.65,40.0078858801255
"32653",2021-05-15,"41","14  day ahead inc hosp",2021-05-29,"quantile",0.7,42.2585965991066
"32654",2021-05-15,"41","14  day ahead inc hosp",2021-05-29,"quantile",0.75,44.7926099941195
"32655",2021-05-15,"41","14  day ahead inc hosp",2021-05-29,"quantile",0.8,47.7466385115593
"32656",2021-05-15,"41","14  day ahead inc hosp",2021-05-29,"quantile",0.85,51.3716813857467
"32657",2021-05-15,"41","14  day ahead inc hosp",2021-05-29,"quantile",0.9,56.2215483252576
"32658",2021-05-15,"41","14  day ahead inc hosp",2021-05-29,"quantile",0.95,64.0314805437609
"32659",2021-05-15,"41","14  day ahead inc hosp",2021-05-29,"quantile",0.975,71.4407370109559
"32660",2021-05-15,"41","14  day ahead inc hosp",2021-05-29,"quantile",0.99,80.8439109411236
"32661",2021-05-15,"41","15  day ahead inc hosp",2021-05-30,"quantile",0.01,11.4866100356338
"32662",2021-05-15,"41","15  day ahead inc hosp",2021-05-30,"quantile",0.025,14.0172643381789
"32663",2021-05-15,"41","15  day ahead inc hosp",2021-05-30,"quantile",0.05,16.5096840363471
"32664",2021-05-15,"41","15  day ahead inc hosp",2021-05-30,"quantile",0.1,19.7801805627617
"32665",2021-05-15,"41","15  day ahead inc hosp",2021-05-30,"quantile",0.15,22.246045361102
"32666",2021-05-15,"41","15  day ahead inc hosp",2021-05-30,"quantile",0.2,24.3647249523214
"32667",2021-05-15,"41","15  day ahead inc hosp",2021-05-30,"quantile",0.25,26.2999409201648
"32668",2021-05-15,"41","15  day ahead inc hosp",2021-05-30,"quantile",0.3,28.134050386262
"32669",2021-05-15,"41","15  day ahead inc hosp",2021-05-30,"quantile",0.35,29.9177337183423
"32670",2021-05-15,"41","15  day ahead inc hosp",2021-05-30,"quantile",0.4,31.6874422079535
"32671",2021-05-15,"41","15  day ahead inc hosp",2021-05-30,"quantile",0.45,33.473277701526
"32672",2021-05-15,"41","15  day ahead inc hosp",2021-05-30,"quantile",0.5,35.3034695366656
"32673",2021-05-15,"41","15  day ahead inc hosp",2021-05-30,"quantile",0.55,37.2077058992488
"32674",2021-05-15,"41","15  day ahead inc hosp",2021-05-30,"quantile",0.6,39.2204925011079
"32675",2021-05-15,"41","15  day ahead inc hosp",2021-05-30,"quantile",0.65,41.3855752386566
"32676",2021-05-15,"41","15  day ahead inc hosp",2021-05-30,"quantile",0.7,43.7629886592739
"32677",2021-05-15,"41","15  day ahead inc hosp",2021-05-30,"quantile",0.75,46.4419688612227
"32678",2021-05-15,"41","15  day ahead inc hosp",2021-05-30,"quantile",0.8,49.5678704272793
"32679",2021-05-15,"41","15  day ahead inc hosp",2021-05-30,"quantile",0.85,53.4077323614214
"32680",2021-05-15,"41","15  day ahead inc hosp",2021-05-30,"quantile",0.9,58.5511247536225
"32681",2021-05-15,"41","15  day ahead inc hosp",2021-05-30,"quantile",0.95,66.8467667093825
"32682",2021-05-15,"41","15  day ahead inc hosp",2021-05-30,"quantile",0.975,74.7297794868893
"32683",2021-05-15,"41","15  day ahead inc hosp",2021-05-30,"quantile",0.99,84.7498462681373
"32684",2021-05-15,"41","16  day ahead inc hosp",2021-05-31,"quantile",0.01,11.6452839183812
"32685",2021-05-15,"41","16  day ahead inc hosp",2021-05-31,"quantile",0.025,14.2588699998394
"32686",2021-05-15,"41","16  day ahead inc hosp",2021-05-31,"quantile",0.05,16.838733250771
"32687",2021-05-15,"41","16  day ahead inc hosp",2021-05-31,"quantile",0.1,20.2309053767487
"32688",2021-05-15,"41","16  day ahead inc hosp",2021-05-31,"quantile",0.15,22.7928139887234
"32689",2021-05-15,"41","16  day ahead inc hosp",2021-05-31,"quantile",0.2,24.9965354269687
"32690",2021-05-15,"41","16  day ahead inc hosp",2021-05-31,"quantile",0.25,27.0112397375616
"32691",2021-05-15,"41","16  day ahead inc hosp",2021-05-31,"quantile",0.3,28.9221327188465
"32692",2021-05-15,"41","16  day ahead inc hosp",2021-05-31,"quantile",0.35,30.7817301769466
"32693",2021-05-15,"41","16  day ahead inc hosp",2021-05-31,"quantile",0.4,32.6278782259982
"32694",2021-05-15,"41","16  day ahead inc hosp",2021-05-31,"quantile",0.45,34.4919024429348
"32695",2021-05-15,"41","16  day ahead inc hosp",2021-05-31,"quantile",0.5,36.4032494260788
"32696",2021-05-15,"41","16  day ahead inc hosp",2021-05-31,"quantile",0.55,38.3929541175556
"32697",2021-05-15,"41","16  day ahead inc hosp",2021-05-31,"quantile",0.6,40.4971503591764
"32698",2021-05-15,"41","16  day ahead inc hosp",2021-05-31,"quantile",0.65,42.7617076629765
"32699",2021-05-15,"41","16  day ahead inc hosp",2021-05-31,"quantile",0.7,45.2496330937753
"32700",2021-05-15,"41","16  day ahead inc hosp",2021-05-31,"quantile",0.75,48.0546424366802
"32701",2021-05-15,"41","16  day ahead inc hosp",2021-05-31,"quantile",0.8,51.3294611237366
"32702",2021-05-15,"41","16  day ahead inc hosp",2021-05-31,"quantile",0.85,55.3547812886777
"32703",2021-05-15,"41","16  day ahead inc hosp",2021-05-31,"quantile",0.9,60.7505557527933
"32704",2021-05-15,"41","16  day ahead inc hosp",2021-05-31,"quantile",0.95,69.4617018454426
"32705",2021-05-15,"41","16  day ahead inc hosp",2021-05-31,"quantile",0.975,77.7479511522205
"32706",2021-05-15,"41","16  day ahead inc hosp",2021-05-31,"quantile",0.99,88.2907063986034
"32707",2021-05-15,"41","17  day ahead inc hosp",2021-06-01,"quantile",0.01,11.1800309004578
"32708",2021-05-15,"41","17  day ahead inc hosp",2021-06-01,"quantile",0.025,13.7717355863694
"32709",2021-05-15,"41","17  day ahead inc hosp",2021-06-01,"quantile",0.05,16.3402158699078
"32710",2021-05-15,"41","17  day ahead inc hosp",2021-06-01,"quantile",0.1,19.7297319485244
"32711",2021-05-15,"41","17  day ahead inc hosp",2021-06-01,"quantile",0.15,22.2972852117298
"32712",2021-05-15,"41","17  day ahead inc hosp",2021-06-01,"quantile",0.2,24.5103475093418
"32713",2021-05-15,"41","17  day ahead inc hosp",2021-06-01,"quantile",0.25,26.5368157605834
"32714",2021-05-15,"41","17  day ahead inc hosp",2021-06-01,"quantile",0.3,28.4614469534372
"32715",2021-05-15,"41","17  day ahead inc hosp",2021-06-01,"quantile",0.35,30.3366276705552
"32716",2021-05-15,"41","17  day ahead inc hosp",2021-06-01,"quantile",0.4,32.2002445826083
"32717",2021-05-15,"41","17  day ahead inc hosp",2021-06-01,"quantile",0.45,34.0837853871989
"32718",2021-05-15,"41","17  day ahead inc hosp",2021-06-01,"quantile",0.5,36.0169735027172
"32719",2021-05-15,"41","17  day ahead inc hosp",2021-06-01,"quantile",0.55,38.03125438963
"32720",2021-05-15,"41","17  day ahead inc hosp",2021-06-01,"quantile",0.6,40.1633517735077
"32721",2021-05-15,"41","17  day ahead inc hosp",2021-06-01,"quantile",0.65,42.4599898682108
"32722",2021-05-15,"41","17  day ahead inc hosp",2021-06-01,"quantile",0.7,44.9854533120293
"32723",2021-05-15,"41","17  day ahead inc hosp",2021-06-01,"quantile",0.75,47.8354673225258
"32724",2021-05-15,"41","17  day ahead inc hosp",2021-06-01,"quantile",0.8,51.1661640719647
"32725",2021-05-15,"41","17  day ahead inc hosp",2021-06-01,"quantile",0.85,55.2646967857016
"32726",2021-05-15,"41","17  day ahead inc hosp",2021-06-01,"quantile",0.9,60.7657178086072
"32727",2021-05-15,"41","17  day ahead inc hosp",2021-06-01,"quantile",0.95,69.6619256007641
"32728",2021-05-15,"41","17  day ahead inc hosp",2021-06-01,"quantile",0.975,78.1392903432877
"32729",2021-05-15,"41","17  day ahead inc hosp",2021-06-01,"quantile",0.99,88.94341845948
"32730",2021-05-15,"41","18  day ahead inc hosp",2021-06-02,"quantile",0.01,10.9276484958466
"32731",2021-05-15,"41","18  day ahead inc hosp",2021-06-02,"quantile",0.025,13.5295684859222
"32732",2021-05-15,"41","18  day ahead inc hosp",2021-06-02,"quantile",0.05,16.1168809404003
"32733",2021-05-15,"41","18  day ahead inc hosp",2021-06-02,"quantile",0.1,19.5417518624017
"32734",2021-05-15,"41","18  day ahead inc hosp",2021-06-02,"quantile",0.15,22.1426150137293
"32735",2021-05-15,"41","18  day ahead inc hosp",2021-06-02,"quantile",0.2,24.3882165520224
"32736",2021-05-15,"41","18  day ahead inc hosp",2021-06-02,"quantile",0.25,26.4472330267717
"32737",2021-05-15,"41","18  day ahead inc hosp",2021-06-02,"quantile",0.3,28.4049801540416
"32738",2021-05-15,"41","18  day ahead inc hosp",2021-06-02,"quantile",0.35,30.3143166848967
"32739",2021-05-15,"41","18  day ahead inc hosp",2021-06-02,"quantile",0.4,32.2135858012892
"32740",2021-05-15,"41","18  day ahead inc hosp",2021-06-02,"quantile",0.45,34.1347650263744
"32741",2021-05-15,"41","18  day ahead inc hosp",2021-06-02,"quantile",0.5,36.1081467210967
"32742",2021-05-15,"41","18  day ahead inc hosp",2021-06-02,"quantile",0.55,38.1658796395804
"32743",2021-05-15,"41","18  day ahead inc hosp",2021-06-02,"quantile",0.6,40.3456041250319
"32744",2021-05-15,"41","18  day ahead inc hosp",2021-06-02,"quantile",0.65,42.6953005798192
"32745",2021-05-15,"41","18  day ahead inc hosp",2021-06-02,"quantile",0.7,45.2810698481294
"32746",2021-05-15,"41","18  day ahead inc hosp",2021-06-02,"quantile",0.75,48.2014343725428
"32747",2021-05-15,"41","18  day ahead inc hosp",2021-06-02,"quantile",0.8,51.6172010735873
"32748",2021-05-15,"41","18  day ahead inc hosp",2021-06-02,"quantile",0.85,55.8242913623204
"32749",2021-05-15,"41","18  day ahead inc hosp",2021-06-02,"quantile",0.9,61.4771038087273
"32750",2021-05-15,"41","18  day ahead inc hosp",2021-06-02,"quantile",0.95,70.6317647108847
"32751",2021-05-15,"41","18  day ahead inc hosp",2021-06-02,"quantile",0.975,79.3683381722045
"32752",2021-05-15,"41","18  day ahead inc hosp",2021-06-02,"quantile",0.99,90.5184340603347
"32753",2021-05-15,"41","19  day ahead inc hosp",2021-06-03,"quantile",0.01,10.4454882217333
"32754",2021-05-15,"41","19  day ahead inc hosp",2021-06-03,"quantile",0.025,13.0137277291399
"32755",2021-05-15,"41","19  day ahead inc hosp",2021-06-03,"quantile",0.05,15.5781287708595
"32756",2021-05-15,"41","19  day ahead inc hosp",2021-06-03,"quantile",0.1,18.9854510273889
"32757",2021-05-15,"41","19  day ahead inc hosp",2021-06-03,"quantile",0.15,21.5809386852959
"32758",2021-05-15,"41","19  day ahead inc hosp",2021-06-03,"quantile",0.2,23.826564616434
"32759",2021-05-15,"41","19  day ahead inc hosp",2021-06-03,"quantile",0.25,25.8889599308952
"32760",2021-05-15,"41","19  day ahead inc hosp",2021-06-03,"quantile",0.3,27.8526078750749
"32761",2021-05-15,"41","19  day ahead inc hosp",2021-06-03,"quantile",0.35,29.770007080314
"32762",2021-05-15,"41","19  day ahead inc hosp",2021-06-03,"quantile",0.4,31.6793807385811
"32763",2021-05-15,"41","19  day ahead inc hosp",2021-06-03,"quantile",0.45,33.612741702821
"32764",2021-05-15,"41","19  day ahead inc hosp",2021-06-03,"quantile",0.5,35.6005461773626
"32765",2021-05-15,"41","19  day ahead inc hosp",2021-06-03,"quantile",0.55,37.6752405305411
"32766",2021-05-15,"41","19  day ahead inc hosp",2021-06-03,"quantile",0.6,39.8749295685062
"32767",2021-05-15,"41","19  day ahead inc hosp",2021-06-03,"quantile",0.65,42.2482951360913
"32768",2021-05-15,"41","19  day ahead inc hosp",2021-06-03,"quantile",0.7,44.8625112759939
"32769",2021-05-15,"41","19  day ahead inc hosp",2021-06-03,"quantile",0.75,47.8178128403042
"32770",2021-05-15,"41","19  day ahead inc hosp",2021-06-03,"quantile",0.8,51.2779386649982
"32771",2021-05-15,"41","19  day ahead inc hosp",2021-06-03,"quantile",0.85,55.5444140314155
"32772",2021-05-15,"41","19  day ahead inc hosp",2021-06-03,"quantile",0.9,61.2844800671247
"32773",2021-05-15,"41","19  day ahead inc hosp",2021-06-03,"quantile",0.95,70.5963691954178
"32774",2021-05-15,"41","19  day ahead inc hosp",2021-06-03,"quantile",0.975,79.4988568194671
"32775",2021-05-15,"41","19  day ahead inc hosp",2021-06-03,"quantile",0.99,90.8798845729309
"32776",2021-05-15,"41","20  day ahead inc hosp",2021-06-04,"quantile",0.01,9.88786944592037
"32777",2021-05-15,"41","20  day ahead inc hosp",2021-06-04,"quantile",0.025,12.4033565703207
"32778",2021-05-15,"41","20  day ahead inc hosp",2021-06-04,"quantile",0.05,14.926422629436
"32779",2021-05-15,"41","20  day ahead inc hosp",2021-06-04,"quantile",0.1,18.2925394785564
"32780",2021-05-15,"41","20  day ahead inc hosp",2021-06-04,"quantile",0.15,20.8651801262372
"32781",2021-05-15,"41","20  day ahead inc hosp",2021-06-04,"quantile",0.2,23.0960534279778
"32782",2021-05-15,"41","20  day ahead inc hosp",2021-06-04,"quantile",0.25,25.1485093321486
"32783",2021-05-15,"41","20  day ahead inc hosp",2021-06-04,"quantile",0.3,27.1055859029915
"32784",2021-05-15,"41","20  day ahead inc hosp",2021-06-04,"quantile",0.35,29.0190524403908
"32785",2021-05-15,"41","20  day ahead inc hosp",2021-06-04,"quantile",0.4,30.9267542594701
"32786",2021-05-15,"41","20  day ahead inc hosp",2021-06-04,"quantile",0.45,32.8605342826265
"32787",2021-05-15,"41","20  day ahead inc hosp",2021-06-04,"quantile",0.5,34.8508277529776
"32788",2021-05-15,"41","20  day ahead inc hosp",2021-06-04,"quantile",0.55,36.930191818136
"32789",2021-05-15,"41","20  day ahead inc hosp",2021-06-04,"quantile",0.6,39.1369858491667
"32790",2021-05-15,"41","20  day ahead inc hosp",2021-06-04,"quantile",0.65,41.5203340731707
"32791",2021-05-15,"41","20  day ahead inc hosp",2021-06-04,"quantile",0.7,44.1481353329222
"32792",2021-05-15,"41","20  day ahead inc hosp",2021-06-04,"quantile",0.75,47.1218268778957
"32793",2021-05-15,"41","20  day ahead inc hosp",2021-06-04,"quantile",0.8,50.607258772898
"32794",2021-05-15,"41","20  day ahead inc hosp",2021-06-04,"quantile",0.85,54.9100687133024
"32795",2021-05-15,"41","20  day ahead inc hosp",2021-06-04,"quantile",0.9,60.7070846940143
"32796",2021-05-15,"41","20  day ahead inc hosp",2021-06-04,"quantile",0.95,70.1285873385831
"32797",2021-05-15,"41","20  day ahead inc hosp",2021-06-04,"quantile",0.975,79.1530450331292
"32798",2021-05-15,"41","20  day ahead inc hosp",2021-06-04,"quantile",0.99,90.7107804763419
"32799",2021-05-15,"41","21  day ahead inc hosp",2021-06-05,"quantile",0.01,8.93672654450302
"32800",2021-05-15,"41","21  day ahead inc hosp",2021-06-05,"quantile",0.025,11.3175969963785
"32801",2021-05-15,"41","21  day ahead inc hosp",2021-06-05,"quantile",0.05,13.7206803816255
"32802",2021-05-15,"41","21  day ahead inc hosp",2021-06-05,"quantile",0.1,16.944963368528
"32803",2021-05-15,"41","21  day ahead inc hosp",2021-06-05,"quantile",0.15,19.4205788702976
"32804",2021-05-15,"41","21  day ahead inc hosp",2021-06-05,"quantile",0.2,21.574003581826
"32805",2021-05-15,"41","21  day ahead inc hosp",2021-06-05,"quantile",0.25,23.5600228746467
"32806",2021-05-15,"41","21  day ahead inc hosp",2021-06-05,"quantile",0.3,25.4576137927981
"32807",2021-05-15,"41","21  day ahead inc hosp",2021-06-05,"quantile",0.35,27.3162409167107
"32808",2021-05-15,"41","21  day ahead inc hosp",2021-06-05,"quantile",0.4,29.1722709791365
"32809",2021-05-15,"41","21  day ahead inc hosp",2021-06-05,"quantile",0.45,31.0564998894841
"32810",2021-05-15,"41","21  day ahead inc hosp",2021-06-05,"quantile",0.5,32.9985508081683
"32811",2021-05-15,"41","21  day ahead inc hosp",2021-06-05,"quantile",0.55,35.0302900612228
"32812",2021-05-15,"41","21  day ahead inc hosp",2021-06-05,"quantile",0.6,37.1894289550917
"32813",2021-05-15,"41","21  day ahead inc hosp",2021-06-05,"quantile",0.65,39.5244176590933
"32814",2021-05-15,"41","21  day ahead inc hosp",2021-06-05,"quantile",0.7,42.1023754823512
"32815",2021-05-15,"41","21  day ahead inc hosp",2021-06-05,"quantile",0.75,45.0237360975491
"32816",2021-05-15,"41","21  day ahead inc hosp",2021-06-05,"quantile",0.8,48.4529051719499
"32817",2021-05-15,"41","21  day ahead inc hosp",2021-06-05,"quantile",0.85,52.6931598490432
"32818",2021-05-15,"41","21  day ahead inc hosp",2021-06-05,"quantile",0.9,58.4167560964275
"32819",2021-05-15,"41","21  day ahead inc hosp",2021-06-05,"quantile",0.95,67.7421524473819
"32820",2021-05-15,"41","21  day ahead inc hosp",2021-06-05,"quantile",0.975,76.6977271369687
"32821",2021-05-15,"41","21  day ahead inc hosp",2021-06-05,"quantile",0.99,88.1953093946977
"32822",2021-05-15,"41","22  day ahead inc hosp",2021-06-06,"quantile",0.01,10.2568044476958
"32823",2021-05-15,"41","22  day ahead inc hosp",2021-06-06,"quantile",0.025,12.9365876564648
"32824",2021-05-15,"41","22  day ahead inc hosp",2021-06-06,"quantile",0.05,15.6341337640756
"32825",2021-05-15,"41","22  day ahead inc hosp",2021-06-06,"quantile",0.1,19.2447609492415
"32826",2021-05-15,"41","22  day ahead inc hosp",2021-06-06,"quantile",0.15,22.0115799636079
"32827",2021-05-15,"41","22  day ahead inc hosp",2021-06-06,"quantile",0.2,24.4151252847771
"32828",2021-05-15,"41","22  day ahead inc hosp",2021-06-06,"quantile",0.25,26.6295316661749
"32829",2021-05-15,"41","22  day ahead inc hosp",2021-06-06,"quantile",0.3,28.7435076265135
"32830",2021-05-15,"41","22  day ahead inc hosp",2021-06-06,"quantile",0.35,30.8125032960674
"32831",2021-05-15,"41","22  day ahead inc hosp",2021-06-06,"quantile",0.4,32.8771869665236
"32832",2021-05-15,"41","22  day ahead inc hosp",2021-06-06,"quantile",0.45,34.9719029887847
"32833",2021-05-15,"41","22  day ahead inc hosp",2021-06-06,"quantile",0.5,37.1295982007369
"32834",2021-05-15,"41","22  day ahead inc hosp",2021-06-06,"quantile",0.55,39.3856302670322
"32835",2021-05-15,"41","22  day ahead inc hosp",2021-06-06,"quantile",0.6,41.7817642741792
"32836",2021-05-15,"41","22  day ahead inc hosp",2021-06-06,"quantile",0.65,44.371585581338
"32837",2021-05-15,"41","22  day ahead inc hosp",2021-06-06,"quantile",0.7,47.22925637318
"32838",2021-05-15,"41","22  day ahead inc hosp",2021-06-06,"quantile",0.75,50.4656738115271
"32839",2021-05-15,"41","22  day ahead inc hosp",2021-06-06,"quantile",0.8,54.2622802544262
"32840",2021-05-15,"41","22  day ahead inc hosp",2021-06-06,"quantile",0.85,58.9536396892682
"32841",2021-05-15,"41","22  day ahead inc hosp",2021-06-06,"quantile",0.9,65.281053825087
"32842",2021-05-15,"41","22  day ahead inc hosp",2021-06-06,"quantile",0.95,75.5793637996693
"32843",2021-05-15,"41","22  day ahead inc hosp",2021-06-06,"quantile",0.975,85.4584260722378
"32844",2021-05-15,"41","22  day ahead inc hosp",2021-06-06,"quantile",0.99,98.1285133253934
"32845",2021-05-15,"41","23  day ahead inc hosp",2021-06-07,"quantile",0.01,9.37577312526077
"32846",2021-05-15,"41","23  day ahead inc hosp",2021-06-07,"quantile",0.025,11.9302933320438
"32847",2021-05-15,"41","23  day ahead inc hosp",2021-06-07,"quantile",0.05,14.5167330907616
"32848",2021-05-15,"41","23  day ahead inc hosp",2021-06-07,"quantile",0.1,17.9968358954944
"32849",2021-05-15,"41","23  day ahead inc hosp",2021-06-07,"quantile",0.15,20.674981329334
"32850",2021-05-15,"41","23  day ahead inc hosp",2021-06-07,"quantile",0.2,23.0081675014759
"32851",2021-05-15,"41","23  day ahead inc hosp",2021-06-07,"quantile",0.25,25.1625594193844
"32852",2021-05-15,"41","23  day ahead inc hosp",2021-06-07,"quantile",0.3,27.2230992138126
"32853",2021-05-15,"41","23  day ahead inc hosp",2021-06-07,"quantile",0.35,29.2431109288085
"32854",2021-05-15,"41","23  day ahead inc hosp",2021-06-07,"quantile",0.4,31.261910779584
"32855",2021-05-15,"41","23  day ahead inc hosp",2021-06-07,"quantile",0.45,33.3128989398625
"32856",2021-05-15,"41","23  day ahead inc hosp",2021-06-07,"quantile",0.5,35.4283051969023
"32857",2021-05-15,"41","23  day ahead inc hosp",2021-06-07,"quantile",0.55,37.6428951302094
"32858",2021-05-15,"41","23  day ahead inc hosp",2021-06-07,"quantile",0.6,39.9978995105289
"32859",2021-05-15,"41","23  day ahead inc hosp",2021-06-07,"quantile",0.65,42.5463730372294
"32860",2021-05-15,"41","23  day ahead inc hosp",2021-06-07,"quantile",0.7,45.3618945500787
"32861",2021-05-15,"41","23  day ahead inc hosp",2021-06-07,"quantile",0.75,48.5546489026052
"32862",2021-05-15,"41","23  day ahead inc hosp",2021-06-07,"quantile",0.8,52.3051085558352
"32863",2021-05-15,"41","23  day ahead inc hosp",2021-06-07,"quantile",0.85,56.9463496623114
"32864",2021-05-15,"41","23  day ahead inc hosp",2021-06-07,"quantile",0.9,63.2170327149097
"32865",2021-05-15,"41","23  day ahead inc hosp",2021-06-07,"quantile",0.95,73.4462526601815
"32866",2021-05-15,"41","23  day ahead inc hosp",2021-06-07,"quantile",0.975,83.2822432501918
"32867",2021-05-15,"41","23  day ahead inc hosp",2021-06-07,"quantile",0.99,95.9252052680737
"32868",2021-05-15,"41","24  day ahead inc hosp",2021-06-08,"quantile",0.01,9.06393309234864
"32869",2021-05-15,"41","24  day ahead inc hosp",2021-06-08,"quantile",0.025,11.5990607282192
"32870",2021-05-15,"41","24  day ahead inc hosp",2021-06-08,"quantile",0.05,14.1754390621447
"32871",2021-05-15,"41","24  day ahead inc hosp",2021-06-08,"quantile",0.1,17.6536279852661
"32872",2021-05-15,"41","24  day ahead inc hosp",2021-06-08,"quantile",0.15,20.3375498051345
"32873",2021-05-15,"41","24  day ahead inc hosp",2021-06-08,"quantile",0.2,22.6800296735213
"32874",2021-05-15,"41","24  day ahead inc hosp",2021-06-08,"quantile",0.25,24.8460738235762
"32875",2021-05-15,"41","24  day ahead inc hosp",2021-06-08,"quantile",0.3,26.9202212809974
"32876",2021-05-15,"41","24  day ahead inc hosp",2021-06-08,"quantile",0.35,28.9556904862288
"32877",2021-05-15,"41","24  day ahead inc hosp",2021-06-08,"quantile",0.4,30.9918535708971
"32878",2021-05-15,"41","24  day ahead inc hosp",2021-06-08,"quantile",0.45,33.0622853888249
"32879",2021-05-15,"41","24  day ahead inc hosp",2021-06-08,"quantile",0.5,35.199505163232
"32880",2021-05-15,"41","24  day ahead inc hosp",2021-06-08,"quantile",0.55,37.4387038068686
"32881",2021-05-15,"41","24  day ahead inc hosp",2021-06-08,"quantile",0.6,39.8217213475529
"32882",2021-05-15,"41","24  day ahead inc hosp",2021-06-08,"quantile",0.65,42.4024945626797
"32883",2021-05-15,"41","24  day ahead inc hosp",2021-06-08,"quantile",0.7,45.2559212055892
"32884",2021-05-15,"41","24  day ahead inc hosp",2021-06-08,"quantile",0.75,48.4942625115589
"32885",2021-05-15,"41","24  day ahead inc hosp",2021-06-08,"quantile",0.8,52.3015159371787
"32886",2021-05-15,"41","24  day ahead inc hosp",2021-06-08,"quantile",0.85,57.0174546382289
"32887",2021-05-15,"41","24  day ahead inc hosp",2021-06-08,"quantile",0.9,63.3960095888491
"32888",2021-05-15,"41","24  day ahead inc hosp",2021-06-08,"quantile",0.95,73.8160723974351
"32889",2021-05-15,"41","24  day ahead inc hosp",2021-06-08,"quantile",0.975,83.850420979003
"32890",2021-05-15,"41","24  day ahead inc hosp",2021-06-08,"quantile",0.99,96.7663447202441
"32891",2021-05-15,"41","25  day ahead inc hosp",2021-06-09,"quantile",0.01,7.9682272124172
"32892",2021-05-15,"41","25  day ahead inc hosp",2021-06-09,"quantile",0.025,10.3154270570806
"32893",2021-05-15,"41","25  day ahead inc hosp",2021-06-09,"quantile",0.05,12.7189530594455
"32894",2021-05-15,"41","25  day ahead inc hosp",2021-06-09,"quantile",0.1,15.98588290348
"32895",2021-05-15,"41","25  day ahead inc hosp",2021-06-09,"quantile",0.15,18.5206032654565
"32896",2021-05-15,"41","25  day ahead inc hosp",2021-06-09,"quantile",0.2,20.7409998800643
"32897",2021-05-15,"41","25  day ahead inc hosp",2021-06-09,"quantile",0.25,22.800028392078
"32898",2021-05-15,"41","25  day ahead inc hosp",2021-06-09,"quantile",0.3,24.7764163950521
"32899",2021-05-15,"41","25  day ahead inc hosp",2021-06-09,"quantile",0.35,26.7200077168148
"32900",2021-05-15,"41","25  day ahead inc hosp",2021-06-09,"quantile",0.4,28.6679356205331
"32901",2021-05-15,"41","25  day ahead inc hosp",2021-06-09,"quantile",0.45,30.652110524011
"32902",2021-05-15,"41","25  day ahead inc hosp",2021-06-09,"quantile",0.5,32.7036716976891
"32903",2021-05-15,"41","25  day ahead inc hosp",2021-06-09,"quantile",0.55,34.8565334836362
"32904",2021-05-15,"41","25  day ahead inc hosp",2021-06-09,"quantile",0.6,37.1512186270932
"32905",2021-05-15,"41","25  day ahead inc hosp",2021-06-09,"quantile",0.65,39.6401532396738
"32906",2021-05-15,"41","25  day ahead inc hosp",2021-06-09,"quantile",0.7,42.3963201053336
"32907",2021-05-15,"41","25  day ahead inc hosp",2021-06-09,"quantile",0.75,45.5293042096471
"32908",2021-05-15,"41","25  day ahead inc hosp",2021-06-09,"quantile",0.8,49.2189550478398
"32909",2021-05-15,"41","25  day ahead inc hosp",2021-06-09,"quantile",0.85,53.7977553784251
"32910",2021-05-15,"41","25  day ahead inc hosp",2021-06-09,"quantile",0.9,60.0042705997012
"32911",2021-05-15,"41","25  day ahead inc hosp",2021-06-09,"quantile",0.95,70.1721104278636
"32912",2021-05-15,"41","25  day ahead inc hosp",2021-06-09,"quantile",0.975,79.9923900822592
"32913",2021-05-15,"41","25  day ahead inc hosp",2021-06-09,"quantile",0.99,92.6677419518534
"32914",2021-05-15,"41","26  day ahead inc hosp",2021-06-10,"quantile",0.01,8.47187279483178
"32915",2021-05-15,"41","26  day ahead inc hosp",2021-06-10,"quantile",0.025,10.9654747179896
"32916",2021-05-15,"41","26  day ahead inc hosp",2021-06-10,"quantile",0.05,13.5186179386375
"32917",2021-05-15,"41","26  day ahead inc hosp",2021-06-10,"quantile",0.1,16.9885488134603
"32918",2021-05-15,"41","26  day ahead inc hosp",2021-06-10,"quantile",0.15,19.680546223328
"32919",2021-05-15,"41","26  day ahead inc hosp",2021-06-10,"quantile",0.2,22.03858369216
"32920",2021-05-15,"41","26  day ahead inc hosp",2021-06-10,"quantile",0.25,24.2251543423079
"32921",2021-05-15,"41","26  day ahead inc hosp",2021-06-10,"quantile",0.3,26.3238887894914
"32922",2021-05-15,"41","26  day ahead inc hosp",2021-06-10,"quantile",0.35,28.387730356153
"32923",2021-05-15,"41","26  day ahead inc hosp",2021-06-10,"quantile",0.4,30.456117153608
"32924",2021-05-15,"41","26  day ahead inc hosp",2021-06-10,"quantile",0.45,32.562936252198
"32925",2021-05-15,"41","26  day ahead inc hosp",2021-06-10,"quantile",0.5,34.741252023788
"32926",2021-05-15,"41","26  day ahead inc hosp",2021-06-10,"quantile",0.55,37.0270719639281
"32927",2021-05-15,"41","26  day ahead inc hosp",2021-06-10,"quantile",0.6,39.4634166061064
"32928",2021-05-15,"41","26  day ahead inc hosp",2021-06-10,"quantile",0.65,42.1059405568784
"32929",2021-05-15,"41","26  day ahead inc hosp",2021-06-10,"quantile",0.7,45.0321180868131
"32930",2021-05-15,"41","26  day ahead inc hosp",2021-06-10,"quantile",0.75,48.3582751266161
"32931",2021-05-15,"41","26  day ahead inc hosp",2021-06-10,"quantile",0.8,52.2753205066888
"32932",2021-05-15,"41","26  day ahead inc hosp",2021-06-10,"quantile",0.85,57.1361761443923
"32933",2021-05-15,"41","26  day ahead inc hosp",2021-06-10,"quantile",0.9,63.7247972153229
"32934",2021-05-15,"41","26  day ahead inc hosp",2021-06-10,"quantile",0.95,74.5181578006113
"32935",2021-05-15,"41","26  day ahead inc hosp",2021-06-10,"quantile",0.975,84.9421118772439
"32936",2021-05-15,"41","26  day ahead inc hosp",2021-06-10,"quantile",0.99,98.3960825735409
"32937",2021-05-15,"41","27  day ahead inc hosp",2021-06-11,"quantile",0.01,8.46013266747061
"32938",2021-05-15,"41","27  day ahead inc hosp",2021-06-11,"quantile",0.025,10.9904071882018
"32939",2021-05-15,"41","27  day ahead inc hosp",2021-06-11,"quantile",0.05,13.5873039537039
"32940",2021-05-15,"41","27  day ahead inc hosp",2021-06-11,"quantile",0.1,17.1242524298111
"32941",2021-05-15,"41","27  day ahead inc hosp",2021-06-11,"quantile",0.15,19.8729570179462
"32942",2021-05-15,"41","27  day ahead inc hosp",2021-06-11,"quantile",0.2,22.2834397987852
"32943",2021-05-15,"41","27  day ahead inc hosp",2021-06-11,"quantile",0.25,24.5206417731664
"32944",2021-05-15,"41","27  day ahead inc hosp",2021-06-11,"quantile",0.3,26.669578613701
"32945",2021-05-15,"41","27  day ahead inc hosp",2021-06-11,"quantile",0.35,28.7841685813566
"32946",2021-05-15,"41","27  day ahead inc hosp",2021-06-11,"quantile",0.4,30.9046649411718
"32947",2021-05-15,"41","27  day ahead inc hosp",2021-06-11,"quantile",0.45,33.0657392113779
"32948",2021-05-15,"41","27  day ahead inc hosp",2021-06-11,"quantile",0.5,35.3013003734386
"32949",2021-05-15,"41","27  day ahead inc hosp",2021-06-11,"quantile",0.55,37.648349210202
"32950",2021-05-15,"41","27  day ahead inc hosp",2021-06-11,"quantile",0.6,40.1511606360834
"32951",2021-05-15,"41","27  day ahead inc hosp",2021-06-11,"quantile",0.65,42.8670750445753
"32952",2021-05-15,"41","27  day ahead inc hosp",2021-06-11,"quantile",0.7,45.8759747635205
"32953",2021-05-15,"41","27  day ahead inc hosp",2021-06-11,"quantile",0.75,49.2978665104166
"32954",2021-05-15,"41","27  day ahead inc hosp",2021-06-11,"quantile",0.8,53.3297800643275
"32955",2021-05-15,"41","27  day ahead inc hosp",2021-06-11,"quantile",0.85,58.3360773786313
"32956",2021-05-15,"41","27  day ahead inc hosp",2021-06-11,"quantile",0.9,65.1264002085448
"32957",2021-05-15,"41","27  day ahead inc hosp",2021-06-11,"quantile",0.95,76.2599669957594
"32958",2021-05-15,"41","27  day ahead inc hosp",2021-06-11,"quantile",0.975,87.0222596022761
"32959",2021-05-15,"41","27  day ahead inc hosp",2021-06-11,"quantile",0.99,100.92477530243
"32960",2021-05-15,"41","28  day ahead inc hosp",2021-06-12,"quantile",0.01,8.93023673620227
"32961",2021-05-15,"41","28  day ahead inc hosp",2021-06-12,"quantile",0.025,11.601940996087
"32962",2021-05-15,"41","28  day ahead inc hosp",2021-06-12,"quantile",0.05,14.3441195996722
"32963",2021-05-15,"41","28  day ahead inc hosp",2021-06-12,"quantile",0.1,18.0790965184038
"32964",2021-05-15,"41","28  day ahead inc hosp",2021-06-12,"quantile",0.15,20.9817942261959
"32965",2021-05-15,"41","28  day ahead inc hosp",2021-06-12,"quantile",0.2,23.5273787995568
"32966",2021-05-15,"41","28  day ahead inc hosp",2021-06-12,"quantile",0.25,25.8900118011354
"32967",2021-05-15,"41","28  day ahead inc hosp",2021-06-12,"quantile",0.3,28.1594640585288
"32968",2021-05-15,"41","28  day ahead inc hosp",2021-06-12,"quantile",0.35,30.3926716580635
"32969",2021-05-15,"41","28  day ahead inc hosp",2021-06-12,"quantile",0.4,32.6321426948925
"32970",2021-05-15,"41","28  day ahead inc hosp",2021-06-12,"quantile",0.45,34.9144925855404
"32971",2021-05-15,"41","28  day ahead inc hosp",2021-06-12,"quantile",0.5,37.2755330899966
"32972",2021-05-15,"41","28  day ahead inc hosp",2021-06-12,"quantile",0.55,39.7543427758366
"32973",2021-05-15,"41","28  day ahead inc hosp",2021-06-12,"quantile",0.6,42.3976842112001
"32974",2021-05-15,"41","28  day ahead inc hosp",2021-06-12,"quantile",0.65,45.2661208400351
"32975",2021-05-15,"41","28  day ahead inc hosp",2021-06-12,"quantile",0.7,48.4440263595779
"32976",2021-05-15,"41","28  day ahead inc hosp",2021-06-12,"quantile",0.75,52.0581561785364
"32977",2021-05-15,"41","28  day ahead inc hosp",2021-06-12,"quantile",0.8,56.3166218766113
"32978",2021-05-15,"41","28  day ahead inc hosp",2021-06-12,"quantile",0.85,61.604281244326
"32979",2021-05-15,"41","28  day ahead inc hosp",2021-06-12,"quantile",0.9,68.7763250825797
"32980",2021-05-15,"41","28  day ahead inc hosp",2021-06-12,"quantile",0.95,80.5359713339082
"32981",2021-05-15,"41","28  day ahead inc hosp",2021-06-12,"quantile",0.975,91.9036662445007
"32982",2021-05-15,"41","28  day ahead inc hosp",2021-06-12,"quantile",0.99,106.588472225351
"32983",2021-05-15,"41","29  day ahead inc hosp",2021-06-13,"quantile",0.01,7.6730911293388
"32984",2021-05-15,"41","29  day ahead inc hosp",2021-06-13,"quantile",0.025,10.1266265212085
"32985",2021-05-15,"41","29  day ahead inc hosp",2021-06-13,"quantile",0.05,12.6708405494296
"32986",2021-05-15,"41","29  day ahead inc hosp",2021-06-13,"quantile",0.1,16.1679611804156
"32987",2021-05-15,"41","29  day ahead inc hosp",2021-06-13,"quantile",0.15,18.9057288971964
"32988",2021-05-15,"41","29  day ahead inc hosp",2021-06-13,"quantile",0.2,21.3184342585256
"32989",2021-05-15,"41","29  day ahead inc hosp",2021-06-13,"quantile",0.25,23.5662390085288
"32990",2021-05-15,"41","29  day ahead inc hosp",2021-06-13,"quantile",0.3,25.732228527017
"32991",2021-05-15,"41","29  day ahead inc hosp",2021-06-13,"quantile",0.35,27.8695170605372
"32992",2021-05-15,"41","29  day ahead inc hosp",2021-06-13,"quantile",0.4,30.01813934012
"32993",2021-05-15,"41","29  day ahead inc hosp",2021-06-13,"quantile",0.45,32.2129395399523
"32994",2021-05-15,"41","29  day ahead inc hosp",2021-06-13,"quantile",0.5,34.488335458707
"32995",2021-05-15,"41","29  day ahead inc hosp",2021-06-13,"quantile",0.55,36.8821982851979
"32996",2021-05-15,"41","29  day ahead inc hosp",2021-06-13,"quantile",0.6,39.4401343798814
"32997",2021-05-15,"41","29  day ahead inc hosp",2021-06-13,"quantile",0.65,42.221478740021
"32998",2021-05-15,"41","29  day ahead inc hosp",2021-06-13,"quantile",0.7,45.3091558539479
"32999",2021-05-15,"41","29  day ahead inc hosp",2021-06-13,"quantile",0.75,48.8280231287349
"33000",2021-05-15,"41","29  day ahead inc hosp",2021-06-13,"quantile",0.8,52.9834210831141
"33001",2021-05-15,"41","29  day ahead inc hosp",2021-06-13,"quantile",0.85,58.1556218716769
"33002",2021-05-15,"41","29  day ahead inc hosp",2021-06-13,"quantile",0.9,65.1908193557312
"33003",2021-05-15,"41","29  day ahead inc hosp",2021-06-13,"quantile",0.95,76.7685250397958
"33004",2021-05-15,"41","29  day ahead inc hosp",2021-06-13,"quantile",0.975,88.0028451165489
"33005",2021-05-15,"41","29  day ahead inc hosp",2021-06-13,"quantile",0.99,102.567028047908
"33006",2021-05-15,"41","30  day ahead inc hosp",2021-06-14,"quantile",0.01,7.13724650133768
"33007",2021-05-15,"41","30  day ahead inc hosp",2021-06-14,"quantile",0.025,9.50488158693898
"33008",2021-05-15,"41","30  day ahead inc hosp",2021-06-14,"quantile",0.05,11.9744818958303
"33009",2021-05-15,"41","30  day ahead inc hosp",2021-06-14,"quantile",0.1,15.3867505145574
"33010",2021-05-15,"41","30  day ahead inc hosp",2021-06-14,"quantile",0.15,18.0691820587122
"33011",2021-05-15,"41","30  day ahead inc hosp",2021-06-14,"quantile",0.2,20.4396630763117
"33012",2021-05-15,"41","30  day ahead inc hosp",2021-06-14,"quantile",0.25,22.652856765696
"33013",2021-05-15,"41","30  day ahead inc hosp",2021-06-14,"quantile",0.3,24.7892964069205
"33014",2021-05-15,"41","30  day ahead inc hosp",2021-06-14,"quantile",0.35,26.900702135771
"33015",2021-05-15,"41","30  day ahead inc hosp",2021-06-14,"quantile",0.4,29.0262729244853
"33016",2021-05-15,"41","30  day ahead inc hosp",2021-06-14,"quantile",0.45,31.2003275686102
"33017",2021-05-15,"41","30  day ahead inc hosp",2021-06-14,"quantile",0.5,33.4569536792135
"33018",2021-05-15,"41","30  day ahead inc hosp",2021-06-14,"quantile",0.55,35.8338327431007
"33019",2021-05-15,"41","30  day ahead inc hosp",2021-06-14,"quantile",0.6,38.3765013498197
"33020",2021-05-15,"41","30  day ahead inc hosp",2021-06-14,"quantile",0.65,41.1443510415006
"33021",2021-05-15,"41","30  day ahead inc hosp",2021-06-14,"quantile",0.7,44.2205287355851
"33022",2021-05-15,"41","30  day ahead inc hosp",2021-06-14,"quantile",0.75,47.7303796233239
"33023",2021-05-15,"41","30  day ahead inc hosp",2021-06-14,"quantile",0.8,51.88023614442
"33024",2021-05-15,"41","30  day ahead inc hosp",2021-06-14,"quantile",0.85,57.052505101193
"33025",2021-05-15,"41","30  day ahead inc hosp",2021-06-14,"quantile",0.9,64.0987926439816
"33026",2021-05-15,"41","30  day ahead inc hosp",2021-06-14,"quantile",0.95,75.7183845390994
"33027",2021-05-15,"41","30  day ahead inc hosp",2021-06-14,"quantile",0.975,87.0170190351595
"33028",2021-05-15,"41","30  day ahead inc hosp",2021-06-14,"quantile",0.99,101.693359417851
"33029",2021-05-15,"41","31  day ahead inc hosp",2021-06-15,"quantile",0.01,7.09369514210794
"33030",2021-05-15,"41","31  day ahead inc hosp",2021-06-15,"quantile",0.025,9.48950348134546
"33031",2021-05-15,"41","31  day ahead inc hosp",2021-06-15,"quantile",0.05,11.9958049601451
"33032",2021-05-15,"41","31  day ahead inc hosp",2021-06-15,"quantile",0.1,15.4677386333678
"33033",2021-05-15,"41","31  day ahead inc hosp",2021-06-15,"quantile",0.15,18.2026785849378
"33034",2021-05-15,"41","31  day ahead inc hosp",2021-06-15,"quantile",0.2,20.6228653513441
"33035",2021-05-15,"41","31  day ahead inc hosp",2021-06-15,"quantile",0.25,22.8848534945963
"33036",2021-05-15,"41","31  day ahead inc hosp",2021-06-15,"quantile",0.3,25.0703143487675
"33037",2021-05-15,"41","31  day ahead inc hosp",2021-06-15,"quantile",0.35,27.2318201773562
"33038",2021-05-15,"41","31  day ahead inc hosp",2021-06-15,"quantile",0.4,29.4093254258586
"33039",2021-05-15,"41","31  day ahead inc hosp",2021-06-15,"quantile",0.45,31.6379129175581
"33040",2021-05-15,"41","31  day ahead inc hosp",2021-06-15,"quantile",0.5,33.9525245688604
"33041",2021-05-15,"41","31  day ahead inc hosp",2021-06-15,"quantile",0.55,36.3918736129255
"33042",2021-05-15,"41","31  day ahead inc hosp",2021-06-15,"quantile",0.6,39.0028230338715
"33043",2021-05-15,"41","31  day ahead inc hosp",2021-06-15,"quantile",0.65,41.8465680476739
"33044",2021-05-15,"41","31  day ahead inc hosp",2021-06-15,"quantile",0.7,45.0088523755081
"33045",2021-05-15,"41","31  day ahead inc hosp",2021-06-15,"quantile",0.75,48.6190124152424
"33046",2021-05-15,"41","31  day ahead inc hosp",2021-06-15,"quantile",0.8,52.8900456880587
"33047",2021-05-15,"41","31  day ahead inc hosp",2021-06-15,"quantile",0.85,58.2168613843583
"33048",2021-05-15,"41","31  day ahead inc hosp",2021-06-15,"quantile",0.9,65.4792417336281
"33049",2021-05-15,"41","31  day ahead inc hosp",2021-06-15,"quantile",0.95,77.4671112087424
"33050",2021-05-15,"41","31  day ahead inc hosp",2021-06-15,"quantile",0.975,89.1357999231979
"33051",2021-05-15,"41","31  day ahead inc hosp",2021-06-15,"quantile",0.99,104.307349744529
"33052",2021-05-15,"41","32  day ahead inc hosp",2021-06-16,"quantile",0.01,6.91094582371135
"33053",2021-05-15,"41","32  day ahead inc hosp",2021-06-16,"quantile",0.025,9.29952466429777
"33054",2021-05-15,"41","32  day ahead inc hosp",2021-06-16,"quantile",0.05,11.8078036151691
"33055",2021-05-15,"41","32  day ahead inc hosp",2021-06-16,"quantile",0.1,15.2941727897198
"33056",2021-05-15,"41","32  day ahead inc hosp",2021-06-16,"quantile",0.15,18.0478108593598
"33057",2021-05-15,"41","32  day ahead inc hosp",2021-06-16,"quantile",0.2,20.4888654025239
"33058",2021-05-15,"41","32  day ahead inc hosp",2021-06-16,"quantile",0.25,22.7734809911016
"33059",2021-05-15,"41","32  day ahead inc hosp",2021-06-16,"quantile",0.3,24.9833162846021
"33060",2021-05-15,"41","32  day ahead inc hosp",2021-06-16,"quantile",0.35,27.1710948994219
"33061",2021-05-15,"41","32  day ahead inc hosp",2021-06-16,"quantile",0.4,29.3770305213896
"33062",2021-05-15,"41","32  day ahead inc hosp",2021-06-16,"quantile",0.45,31.6365683715259
"33063",2021-05-15,"41","32  day ahead inc hosp",2021-06-16,"quantile",0.5,33.9851363858246
"33064",2021-05-15,"41","32  day ahead inc hosp",2021-06-16,"quantile",0.55,36.4621005713858
"33065",2021-05-15,"41","32  day ahead inc hosp",2021-06-16,"quantile",0.6,39.1152180463165
"33066",2021-05-15,"41","32  day ahead inc hosp",2021-06-16,"quantile",0.65,42.0069478334485
"33067",2021-05-15,"41","32  day ahead inc hosp",2021-06-16,"quantile",0.7,45.2248980384241
"33068",2021-05-15,"41","32  day ahead inc hosp",2021-06-16,"quantile",0.75,48.9013172608935
"33069",2021-05-15,"41","32  day ahead inc hosp",2021-06-16,"quantile",0.8,53.254123481409
"33070",2021-05-15,"41","32  day ahead inc hosp",2021-06-16,"quantile",0.85,58.6875450459946
"33071",2021-05-15,"41","32  day ahead inc hosp",2021-06-16,"quantile",0.9,66.1025642926855
"33072",2021-05-15,"41","32  day ahead inc hosp",2021-06-16,"quantile",0.95,78.3580867869013
"33073",2021-05-15,"41","32  day ahead inc hosp",2021-06-16,"quantile",0.975,90.3030266955717
"33074",2021-05-15,"41","32  day ahead inc hosp",2021-06-16,"quantile",0.99,105.85288474513
"33075",2021-05-15,"41","33  day ahead inc hosp",2021-06-17,"quantile",0.01,6.78789624088026
"33076",2021-05-15,"41","33  day ahead inc hosp",2021-06-17,"quantile",0.025,9.18233954821197
"33077",2021-05-15,"41","33  day ahead inc hosp",2021-06-17,"quantile",0.05,11.7053951616582
"33078",2021-05-15,"41","33  day ahead inc hosp",2021-06-17,"quantile",0.1,15.2228777277827
"33079",2021-05-15,"41","33  day ahead inc hosp",2021-06-17,"quantile",0.15,18.0077163705005
"33080",2021-05-15,"41","33  day ahead inc hosp",2021-06-17,"quantile",0.2,20.480338903986
"33081",2021-05-15,"41","33  day ahead inc hosp",2021-06-17,"quantile",0.25,22.7973257229566
"33082",2021-05-15,"41","33  day ahead inc hosp",2021-06-17,"quantile",0.3,25.0407464962234
"33083",2021-05-15,"41","33  day ahead inc hosp",2021-06-17,"quantile",0.35,27.263735569918
"33084",2021-05-15,"41","33  day ahead inc hosp",2021-06-17,"quantile",0.4,29.5069512155126
"33085",2021-05-15,"41","33  day ahead inc hosp",2021-06-17,"quantile",0.45,31.8063529573188
"33086",2021-05-15,"41","33  day ahead inc hosp",2021-06-17,"quantile",0.5,34.1979960948157
"33087",2021-05-15,"41","33  day ahead inc hosp",2021-06-17,"quantile",0.55,36.7220470002353
"33088",2021-05-15,"41","33  day ahead inc hosp",2021-06-17,"quantile",0.6,39.4273274759413
"33089",2021-05-15,"41","33  day ahead inc hosp",2021-06-17,"quantile",0.65,42.3777756438654
"33090",2021-05-15,"41","33  day ahead inc hosp",2021-06-17,"quantile",0.7,45.6631585538475
"33091",2021-05-15,"41","33  day ahead inc hosp",2021-06-17,"quantile",0.75,49.41907392102
"33092",2021-05-15,"41","33  day ahead inc hosp",2021-06-17,"quantile",0.8,53.8690707847386
"33093",2021-05-15,"41","33  day ahead inc hosp",2021-06-17,"quantile",0.85,59.4280005678341
"33094",2021-05-15,"41","33  day ahead inc hosp",2021-06-17,"quantile",0.9,67.0209213307096
"33095",2021-05-15,"41","33  day ahead inc hosp",2021-06-17,"quantile",0.95,79.5847249522424
"33096",2021-05-15,"41","33  day ahead inc hosp",2021-06-17,"quantile",0.975,91.8444102663892
"33097",2021-05-15,"41","33  day ahead inc hosp",2021-06-17,"quantile",0.99,107.821375020476
"33098",2021-05-15,"41","34  day ahead inc hosp",2021-06-18,"quantile",0.01,6.80847124970278
"33099",2021-05-15,"41","34  day ahead inc hosp",2021-06-18,"quantile",0.025,9.24445721817084
"33100",2021-05-15,"41","34  day ahead inc hosp",2021-06-18,"quantile",0.05,11.8174629435602
"33101",2021-05-15,"41","34  day ahead inc hosp",2021-06-18,"quantile",0.1,15.4121632617582
"33102",2021-05-15,"41","34  day ahead inc hosp",2021-06-18,"quantile",0.15,18.2628860016586
"33103",2021-05-15,"41","34  day ahead inc hosp",2021-06-18,"quantile",0.2,20.7968081237806
"33104",2021-05-15,"41","34  day ahead inc hosp",2021-06-18,"quantile",0.25,23.1732619562873
"33105",2021-05-15,"41","34  day ahead inc hosp",2021-06-18,"quantile",0.3,25.4758915330872
"33106",2021-05-15,"41","34  day ahead inc hosp",2021-06-18,"quantile",0.35,27.7589553623075
"33107",2021-05-15,"41","34  day ahead inc hosp",2021-06-18,"quantile",0.4,30.0640665663745
"33108",2021-05-15,"41","34  day ahead inc hosp",2021-06-18,"quantile",0.45,32.4281172295802
"33109",2021-05-15,"41","34  day ahead inc hosp",2021-06-18,"quantile",0.5,34.888178975968
"33110",2021-05-15,"41","34  day ahead inc hosp",2021-06-18,"quantile",0.55,37.4856242763851
"33111",2021-05-15,"41","34  day ahead inc hosp",2021-06-18,"quantile",0.6,40.2708078655466
"33112",2021-05-15,"41","34  day ahead inc hosp",2021-06-18,"quantile",0.65,43.3097372497234
"33113",2021-05-15,"41","34  day ahead inc hosp",2021-06-18,"quantile",0.7,46.6951449467607
"33114",2021-05-15,"41","34  day ahead inc hosp",2021-06-18,"quantile",0.75,50.5671724599445
"33115",2021-05-15,"41","34  day ahead inc hosp",2021-06-18,"quantile",0.8,55.1569401544946
"33116",2021-05-15,"41","34  day ahead inc hosp",2021-06-18,"quantile",0.85,60.8934771947353
"33117",2021-05-15,"41","34  day ahead inc hosp",2021-06-18,"quantile",0.9,68.7337413920347
"33118",2021-05-15,"41","34  day ahead inc hosp",2021-06-18,"quantile",0.95,81.7170434272896
"33119",2021-05-15,"41","34  day ahead inc hosp",2021-06-18,"quantile",0.975,94.3963218440128
"33120",2021-05-15,"41","34  day ahead inc hosp",2021-06-18,"quantile",0.99,110.932578552011
"33121",2021-05-15,"41","35  day ahead inc hosp",2021-06-19,"quantile",0.01,6.91760243972178
"33122",2021-05-15,"41","35  day ahead inc hosp",2021-06-19,"quantile",0.025,9.41800337122373
"33123",2021-05-15,"41","35  day ahead inc hosp",2021-06-19,"quantile",0.05,12.0636551841525
"33124",2021-05-15,"41","35  day ahead inc hosp",2021-06-19,"quantile",0.1,15.7655052662899
"33125",2021-05-15,"41","35  day ahead inc hosp",2021-06-19,"quantile",0.15,18.7047460915052
"33126",2021-05-15,"41","35  day ahead inc hosp",2021-06-19,"quantile",0.2,21.3194402352206
"33127",2021-05-15,"41","35  day ahead inc hosp",2021-06-19,"quantile",0.25,23.7731584161832
"33128",2021-05-15,"41","35  day ahead inc hosp",2021-06-19,"quantile",0.3,26.1518685542937
"33129",2021-05-15,"41","35  day ahead inc hosp",2021-06-19,"quantile",0.35,28.5114152444257
"33130",2021-05-15,"41","35  day ahead inc hosp",2021-06-19,"quantile",0.4,30.8946989503229
"33131",2021-05-15,"41","35  day ahead inc hosp",2021-06-19,"quantile",0.45,33.3398189184232
"33132",2021-05-15,"41","35  day ahead inc hosp",2021-06-19,"quantile",0.5,35.8851204987102
"33133",2021-05-15,"41","35  day ahead inc hosp",2021-06-19,"quantile",0.55,38.5734527353054
"33134",2021-05-15,"41","35  day ahead inc hosp",2021-06-19,"quantile",0.6,41.4570173357356
"33135",2021-05-15,"41","35  day ahead inc hosp",2021-06-19,"quantile",0.65,44.604288897625
"33136",2021-05-15,"41","35  day ahead inc hosp",2021-06-19,"quantile",0.7,48.1115106168927
"33137",2021-05-15,"41","35  day ahead inc hosp",2021-06-19,"quantile",0.75,52.1241773341239
"33138",2021-05-15,"41","35  day ahead inc hosp",2021-06-19,"quantile",0.8,56.8822979481808
"33139",2021-05-15,"41","35  day ahead inc hosp",2021-06-19,"quantile",0.85,62.8314963260637
"33140",2021-05-15,"41","35  day ahead inc hosp",2021-06-19,"quantile",0.9,70.9659582367802
"33141",2021-05-15,"41","35  day ahead inc hosp",2021-06-19,"quantile",0.95,84.4440849070773
"33142",2021-05-15,"41","35  day ahead inc hosp",2021-06-19,"quantile",0.975,97.6142586988845
"33143",2021-05-15,"41","35  day ahead inc hosp",2021-06-19,"quantile",0.99,114.800059670741
"33144",2021-05-15,"41","36  day ahead inc hosp",2021-06-20,"quantile",0.01,6.03721402518932
"33145",2021-05-15,"41","36  day ahead inc hosp",2021-06-20,"quantile",0.025,8.33694890673789
"33146",2021-05-15,"41","36  day ahead inc hosp",2021-06-20,"quantile",0.05,10.7926645991369
"33147",2021-05-15,"41","36  day ahead inc hosp",2021-06-20,"quantile",0.1,14.2563817350892
"33148",2021-05-15,"41","36  day ahead inc hosp",2021-06-20,"quantile",0.15,17.0239265841084
"33149",2021-05-15,"41","36  day ahead inc hosp",2021-06-20,"quantile",0.2,19.4961670893035
"33150",2021-05-15,"41","36  day ahead inc hosp",2021-06-20,"quantile",0.25,21.8236537220203
"33151",2021-05-15,"41","36  day ahead inc hosp",2021-06-20,"quantile",0.3,24.0859972257311
"33152",2021-05-15,"41","36  day ahead inc hosp",2021-06-20,"quantile",0.35,26.3353007108436
"33153",2021-05-15,"41","36  day ahead inc hosp",2021-06-20,"quantile",0.4,28.6119410654812
"33154",2021-05-15,"41","36  day ahead inc hosp",2021-06-20,"quantile",0.45,30.952102270747
"33155",2021-05-15,"41","36  day ahead inc hosp",2021-06-20,"quantile",0.5,33.3925021942186
"33156",2021-05-15,"41","36  day ahead inc hosp",2021-06-20,"quantile",0.55,35.9744435475038
"33157",2021-05-15,"41","36  day ahead inc hosp",2021-06-20,"quantile",0.6,38.7484905186929
"33158",2021-05-15,"41","36  day ahead inc hosp",2021-06-20,"quantile",0.65,41.7811972145813
"33159",2021-05-15,"41","36  day ahead inc hosp",2021-06-20,"quantile",0.7,45.1663290381166
"33160",2021-05-15,"41","36  day ahead inc hosp",2021-06-20,"quantile",0.75,49.0458726483467
"33161",2021-05-15,"41","36  day ahead inc hosp",2021-06-20,"quantile",0.8,53.6543480716371
"33162",2021-05-15,"41","36  day ahead inc hosp",2021-06-20,"quantile",0.85,59.4276627997698
"33163",2021-05-15,"41","36  day ahead inc hosp",2021-06-20,"quantile",0.9,67.3393956485338
"33164",2021-05-15,"41","36  day ahead inc hosp",2021-06-20,"quantile",0.95,80.4867814772155
"33165",2021-05-15,"41","36  day ahead inc hosp",2021-06-20,"quantile",0.975,93.3722288111643
"33166",2021-05-15,"41","36  day ahead inc hosp",2021-06-20,"quantile",0.99,110.233381428287
"33167",2021-05-15,"41","37  day ahead inc hosp",2021-06-21,"quantile",0.01,6.13800386672021
"33168",2021-05-15,"41","37  day ahead inc hosp",2021-06-21,"quantile",0.025,8.49807443295888
"33169",2021-05-15,"41","37  day ahead inc hosp",2021-06-21,"quantile",0.05,11.0224144879915
"33170",2021-05-15,"41","37  day ahead inc hosp",2021-06-21,"quantile",0.1,14.5880920055112
"33171",2021-05-15,"41","37  day ahead inc hosp",2021-06-21,"quantile",0.15,17.4403464173048
"33172",2021-05-15,"41","37  day ahead inc hosp",2021-06-21,"quantile",0.2,19.9901722810199
"33173",2021-05-15,"41","37  day ahead inc hosp",2021-06-21,"quantile",0.25,22.3920870986318
"33174",2021-05-15,"41","37  day ahead inc hosp",2021-06-21,"quantile",0.3,24.7278914323981
"33175",2021-05-15,"41","37  day ahead inc hosp",2021-06-21,"quantile",0.35,27.0511950728968
"33176",2021-05-15,"41","37  day ahead inc hosp",2021-06-21,"quantile",0.4,29.4036086212875
"33177",2021-05-15,"41","37  day ahead inc hosp",2021-06-21,"quantile",0.45,31.8224826906846
"33178",2021-05-15,"41","37  day ahead inc hosp",2021-06-21,"quantile",0.5,34.3457747800643
"33179",2021-05-15,"41","37  day ahead inc hosp",2021-06-21,"quantile",0.55,37.0162322774892
"33180",2021-05-15,"41","37  day ahead inc hosp",2021-06-21,"quantile",0.6,39.886233214618
"33181",2021-05-15,"41","37  day ahead inc hosp",2021-06-21,"quantile",0.65,43.0247607585749
"33182",2021-05-15,"41","37  day ahead inc hosp",2021-06-21,"quantile",0.7,46.5290429956465
"33183",2021-05-15,"41","37  day ahead inc hosp",2021-06-21,"quantile",0.75,50.5463534825166
"33184",2021-05-15,"41","37  day ahead inc hosp",2021-06-21,"quantile",0.8,55.3199992807114
"33185",2021-05-15,"41","37  day ahead inc hosp",2021-06-21,"quantile",0.85,61.3023077804754
"33186",2021-05-15,"41","37  day ahead inc hosp",2021-06-21,"quantile",0.9,69.5037280484585
"33187",2021-05-15,"41","37  day ahead inc hosp",2021-06-21,"quantile",0.95,83.1395832276425
"33188",2021-05-15,"41","37  day ahead inc hosp",2021-06-21,"quantile",0.975,96.5108705977832
"33189",2021-05-15,"41","37  day ahead inc hosp",2021-06-21,"quantile",0.99,114.016420013236
"33190",2021-05-15,"42","1  day ahead inc hosp",2021-05-16,"quantile",0.01,135.375594137673
"33191",2021-05-15,"42","1  day ahead inc hosp",2021-05-16,"quantile",0.025,141.943008210287
"33192",2021-05-15,"42","1  day ahead inc hosp",2021-05-16,"quantile",0.05,147.779990979803
"33193",2021-05-15,"42","1  day ahead inc hosp",2021-05-16,"quantile",0.1,154.731045260224
"33194",2021-05-15,"42","1  day ahead inc hosp",2021-05-16,"quantile",0.15,159.557481529061
"33195",2021-05-15,"42","1  day ahead inc hosp",2021-05-16,"quantile",0.2,163.473204851848
"33196",2021-05-15,"42","1  day ahead inc hosp",2021-05-16,"quantile",0.25,166.889603488436
"33197",2021-05-15,"42","1  day ahead inc hosp",2021-05-16,"quantile",0.3,170.003019347971
"33198",2021-05-15,"42","1  day ahead inc hosp",2021-05-16,"quantile",0.35,172.926760304783
"33199",2021-05-15,"42","1  day ahead inc hosp",2021-05-16,"quantile",0.4,175.735821462228
"33200",2021-05-15,"42","1  day ahead inc hosp",2021-05-16,"quantile",0.45,178.486059823348
"33201",2021-05-15,"42","1  day ahead inc hosp",2021-05-16,"quantile",0.5,181.2240872427
"33202",2021-05-15,"42","1  day ahead inc hosp",2021-05-16,"quantile",0.55,183.993496098802
"33203",2021-05-15,"42","1  day ahead inc hosp",2021-05-16,"quantile",0.6,186.839910079791
"33204",2021-05-15,"42","1  day ahead inc hosp",2021-05-16,"quantile",0.65,189.816482330474
"33205",2021-05-15,"42","1  day ahead inc hosp",2021-05-16,"quantile",0.7,192.99168357306
"33206",2021-05-15,"42","1  day ahead inc hosp",2021-05-16,"quantile",0.75,196.462739050266
"33207",2021-05-15,"42","1  day ahead inc hosp",2021-05-16,"quantile",0.8,200.382794320711
"33208",2021-05-15,"42","1  day ahead inc hosp",2021-05-16,"quantile",0.85,205.025812508214
"33209",2021-05-15,"42","1  day ahead inc hosp",2021-05-16,"quantile",0.9,210.981873374864
"33210",2021-05-15,"42","1  day ahead inc hosp",2021-05-16,"quantile",0.95,220.047186624685
"33211",2021-05-15,"42","1  day ahead inc hosp",2021-05-16,"quantile",0.975,228.143850612091
"33212",2021-05-15,"42","1  day ahead inc hosp",2021-05-16,"quantile",0.99,237.836625300594
"33213",2021-05-15,"42","2  day ahead inc hosp",2021-05-17,"quantile",0.01,127.451674847233
"33214",2021-05-15,"42","2  day ahead inc hosp",2021-05-17,"quantile",0.025,134.604476518297
"33215",2021-05-15,"42","2  day ahead inc hosp",2021-05-17,"quantile",0.05,140.993484881395
"33216",2021-05-15,"42","2  day ahead inc hosp",2021-05-17,"quantile",0.1,148.638913644953
"33217",2021-05-15,"42","2  day ahead inc hosp",2021-05-17,"quantile",0.15,153.970080129103
"33218",2021-05-15,"42","2  day ahead inc hosp",2021-05-17,"quantile",0.2,158.308375099659
"33219",2021-05-15,"42","2  day ahead inc hosp",2021-05-17,"quantile",0.25,162.102752117842
"33220",2021-05-15,"42","2  day ahead inc hosp",2021-05-17,"quantile",0.3,165.567981681446
"33221",2021-05-15,"42","2  day ahead inc hosp",2021-05-17,"quantile",0.35,168.828350785428
"33222",2021-05-15,"42","2  day ahead inc hosp",2021-05-17,"quantile",0.4,171.966421799067
"33223",2021-05-15,"42","2  day ahead inc hosp",2021-05-17,"quantile",0.45,175.043982998172
"33224",2021-05-15,"42","2  day ahead inc hosp",2021-05-17,"quantile",0.5,178.112899955173
"33225",2021-05-15,"42","2  day ahead inc hosp",2021-05-17,"quantile",0.55,181.221994921454
"33226",2021-05-15,"42","2  day ahead inc hosp",2021-05-17,"quantile",0.6,184.422691221473
"33227",2021-05-15,"42","2  day ahead inc hosp",2021-05-17,"quantile",0.65,187.77523053336
"33228",2021-05-15,"42","2  day ahead inc hosp",2021-05-17,"quantile",0.7,191.357553142497
"33229",2021-05-15,"42","2  day ahead inc hosp",2021-05-17,"quantile",0.75,195.280687836307
"33230",2021-05-15,"42","2  day ahead inc hosp",2021-05-17,"quantile",0.8,199.7199362577
"33231",2021-05-15,"42","2  day ahead inc hosp",2021-05-17,"quantile",0.85,204.989470907786
"33232",2021-05-15,"42","2  day ahead inc hosp",2021-05-17,"quantile",0.9,211.767088564347
"33233",2021-05-15,"42","2  day ahead inc hosp",2021-05-17,"quantile",0.95,222.119967291828
"33234",2021-05-15,"42","2  day ahead inc hosp",2021-05-17,"quantile",0.975,231.402941336186
"33235",2021-05-15,"42","2  day ahead inc hosp",2021-05-17,"quantile",0.99,242.558879232045
"33236",2021-05-15,"42","3  day ahead inc hosp",2021-05-18,"quantile",0.01,125.075367317734
"33237",2021-05-15,"42","3  day ahead inc hosp",2021-05-18,"quantile",0.025,132.936086184288
"33238",2021-05-15,"42","3  day ahead inc hosp",2021-05-18,"quantile",0.05,139.988140877866
"33239",2021-05-15,"42","3  day ahead inc hosp",2021-05-18,"quantile",0.1,148.462848522217
"33240",2021-05-15,"42","3  day ahead inc hosp",2021-05-18,"quantile",0.15,154.39417987135
"33241",2021-05-15,"42","3  day ahead inc hosp",2021-05-18,"quantile",0.2,159.233553426668
"33242",2021-05-15,"42","3  day ahead inc hosp",2021-05-18,"quantile",0.25,163.475203016522
"33243",2021-05-15,"42","3  day ahead inc hosp",2021-05-18,"quantile",0.3,167.356047539648
"33244",2021-05-15,"42","3  day ahead inc hosp",2021-05-18,"quantile",0.35,171.013528536317
"33245",2021-05-15,"42","3  day ahead inc hosp",2021-05-18,"quantile",0.4,174.539242295765
"33246",2021-05-15,"42","3  day ahead inc hosp",2021-05-18,"quantile",0.45,178.002028133175
"33247",2021-05-15,"42","3  day ahead inc hosp",2021-05-18,"quantile",0.5,181.459968718432
"33248",2021-05-15,"42","3  day ahead inc hosp",2021-05-18,"quantile",0.55,184.968047822852
"33249",2021-05-15,"42","3  day ahead inc hosp",2021-05-18,"quantile",0.6,188.584495561591
"33250",2021-05-15,"42","3  day ahead inc hosp",2021-05-18,"quantile",0.65,192.377848697068
"33251",2021-05-15,"42","3  day ahead inc hosp",2021-05-18,"quantile",0.7,196.437105836614
"33252",2021-05-15,"42","3  day ahead inc hosp",2021-05-18,"quantile",0.75,200.889392723923
"33253",2021-05-15,"42","3  day ahead inc hosp",2021-05-18,"quantile",0.8,205.935824652178
"33254",2021-05-15,"42","3  day ahead inc hosp",2021-05-18,"quantile",0.85,211.937392620243
"33255",2021-05-15,"42","3  day ahead inc hosp",2021-05-18,"quantile",0.9,219.673981521441
"33256",2021-05-15,"42","3  day ahead inc hosp",2021-05-18,"quantile",0.95,231.527994198626
"33257",2021-05-15,"42","3  day ahead inc hosp",2021-05-18,"quantile",0.975,242.192507207064
"33258",2021-05-15,"42","3  day ahead inc hosp",2021-05-18,"quantile",0.99,255.050833041752
"33259",2021-05-15,"42","4  day ahead inc hosp",2021-05-19,"quantile",0.01,115.512771008674
"33260",2021-05-15,"42","4  day ahead inc hosp",2021-05-19,"quantile",0.025,123.733769768302
"33261",2021-05-15,"42","4  day ahead inc hosp",2021-05-19,"quantile",0.05,131.148636242816
"33262",2021-05-15,"42","4  day ahead inc hosp",2021-05-19,"quantile",0.1,140.10564230191
"33263",2021-05-15,"42","4  day ahead inc hosp",2021-05-19,"quantile",0.15,146.402863431742
"33264",2021-05-15,"42","4  day ahead inc hosp",2021-05-19,"quantile",0.2,151.557194960112
"33265",2021-05-15,"42","4  day ahead inc hosp",2021-05-19,"quantile",0.25,156.086587609006
"33266",2021-05-15,"42","4  day ahead inc hosp",2021-05-19,"quantile",0.3,160.239962147424
"33267",2021-05-15,"42","4  day ahead inc hosp",2021-05-19,"quantile",0.35,164.162163613696
"33268",2021-05-15,"42","4  day ahead inc hosp",2021-05-19,"quantile",0.4,167.950109886379
"33269",2021-05-15,"42","4  day ahead inc hosp",2021-05-19,"quantile",0.45,171.677020573445
"33270",2021-05-15,"42","4  day ahead inc hosp",2021-05-19,"quantile",0.5,175.405065084749
"33271",2021-05-15,"42","4  day ahead inc hosp",2021-05-19,"quantile",0.55,179.193499619872
"33272",2021-05-15,"42","4  day ahead inc hosp",2021-05-19,"quantile",0.6,183.105491191842
"33273",2021-05-15,"42","4  day ahead inc hosp",2021-05-19,"quantile",0.65,187.215803158821
"33274",2021-05-15,"42","4  day ahead inc hosp",2021-05-19,"quantile",0.7,191.62194118002
"33275",2021-05-15,"42","4  day ahead inc hosp",2021-05-19,"quantile",0.75,196.463626659714
"33276",2021-05-15,"42","4  day ahead inc hosp",2021-05-19,"quantile",0.8,201.962416870477
"33277",2021-05-15,"42","4  day ahead inc hosp",2021-05-19,"quantile",0.85,208.516717136262
"33278",2021-05-15,"42","4  day ahead inc hosp",2021-05-19,"quantile",0.9,216.988656274079
"33279",2021-05-15,"42","4  day ahead inc hosp",2021-05-19,"quantile",0.95,230.016965632047
"33280",2021-05-15,"42","4  day ahead inc hosp",2021-05-19,"quantile",0.975,241.78460334616
"33281",2021-05-15,"42","4  day ahead inc hosp",2021-05-19,"quantile",0.99,256.02835541171
"33282",2021-05-15,"42","5  day ahead inc hosp",2021-05-20,"quantile",0.01,105.84908111182
"33283",2021-05-15,"42","5  day ahead inc hosp",2021-05-20,"quantile",0.025,114.237358864696
"33284",2021-05-15,"42","5  day ahead inc hosp",2021-05-20,"quantile",0.05,121.84215072763
"33285",2021-05-15,"42","5  day ahead inc hosp",2021-05-20,"quantile",0.1,131.074316470496
"33286",2021-05-15,"42","5  day ahead inc hosp",2021-05-20,"quantile",0.15,137.593005525665
"33287",2021-05-15,"42","5  day ahead inc hosp",2021-05-20,"quantile",0.2,142.944864352638
"33288",2021-05-15,"42","5  day ahead inc hosp",2021-05-20,"quantile",0.25,147.659404170159
"33289",2021-05-15,"42","5  day ahead inc hosp",2021-05-20,"quantile",0.3,151.991730791211
"33290",2021-05-15,"42","5  day ahead inc hosp",2021-05-20,"quantile",0.35,156.090729613864
"33291",2021-05-15,"42","5  day ahead inc hosp",2021-05-20,"quantile",0.4,160.056411139638
"33292",2021-05-15,"42","5  day ahead inc hosp",2021-05-20,"quantile",0.45,163.964713721539
"33293",2021-05-15,"42","5  day ahead inc hosp",2021-05-20,"quantile",0.5,167.880506591273
"33294",2021-05-15,"42","5  day ahead inc hosp",2021-05-20,"quantile",0.55,171.866021716471
"33295",2021-05-15,"42","5  day ahead inc hosp",2021-05-20,"quantile",0.6,175.988007083356
"33296",2021-05-15,"42","5  day ahead inc hosp",2021-05-20,"quantile",0.65,180.32587491152
"33297",2021-05-15,"42","5  day ahead inc hosp",2021-05-20,"quantile",0.7,184.983608523542
"33298",2021-05-15,"42","5  day ahead inc hosp",2021-05-20,"quantile",0.75,190.110648055525
"33299",2021-05-15,"42","5  day ahead inc hosp",2021-05-20,"quantile",0.8,195.944469221416
"33300",2021-05-15,"42","5  day ahead inc hosp",2021-05-20,"quantile",0.85,202.912815971073
"33301",2021-05-15,"42","5  day ahead inc hosp",2021-05-20,"quantile",0.9,211.942711246754
"33302",2021-05-15,"42","5  day ahead inc hosp",2021-05-20,"quantile",0.95,225.876599959546
"33303",2021-05-15,"42","5  day ahead inc hosp",2021-05-20,"quantile",0.975,238.508854599564
"33304",2021-05-15,"42","5  day ahead inc hosp",2021-05-20,"quantile",0.99,253.854598919068
"33305",2021-05-15,"42","6  day ahead inc hosp",2021-05-21,"quantile",0.01,97.6897750976847
"33306",2021-05-15,"42","6  day ahead inc hosp",2021-05-21,"quantile",0.025,106.184457135313
"33307",2021-05-15,"42","6  day ahead inc hosp",2021-05-21,"quantile",0.05,113.923294788989
"33308",2021-05-15,"42","6  day ahead inc hosp",2021-05-21,"quantile",0.1,123.362272983536
"33309",2021-05-15,"42","6  day ahead inc hosp",2021-05-21,"quantile",0.15,130.054015170405
"33310",2021-05-15,"42","6  day ahead inc hosp",2021-05-21,"quantile",0.2,135.563638696597
"33311",2021-05-15,"42","6  day ahead inc hosp",2021-05-21,"quantile",0.25,140.428328267598
"33312",2021-05-15,"42","6  day ahead inc hosp",2021-05-21,"quantile",0.3,144.907496943755
"33313",2021-05-15,"42","6  day ahead inc hosp",2021-05-21,"quantile",0.35,149.152974623396
"33314",2021-05-15,"42","6  day ahead inc hosp",2021-05-21,"quantile",0.4,153.267130558629
"33315",2021-05-15,"42","6  day ahead inc hosp",2021-05-21,"quantile",0.45,157.328068168993
"33316",2021-05-15,"42","6  day ahead inc hosp",2021-05-21,"quantile",0.5,161.402888066347
"33317",2021-05-15,"42","6  day ahead inc hosp",2021-05-21,"quantile",0.55,165.556353915272
"33318",2021-05-15,"42","6  day ahead inc hosp",2021-05-21,"quantile",0.6,169.85832437965
"33319",2021-05-15,"42","6  day ahead inc hosp",2021-05-21,"quantile",0.65,174.392307676823
"33320",2021-05-15,"42","6  day ahead inc hosp",2021-05-21,"quantile",0.7,179.268048426382
"33321",2021-05-15,"42","6  day ahead inc hosp",2021-05-21,"quantile",0.75,184.643685192622
"33322",2021-05-15,"42","6  day ahead inc hosp",2021-05-21,"quantile",0.8,190.771003691231
"33323",2021-05-15,"42","6  day ahead inc hosp",2021-05-21,"quantile",0.85,198.104211890909
"33324",2021-05-15,"42","6  day ahead inc hosp",2021-05-21,"quantile",0.9,207.629051279422
"33325",2021-05-15,"42","6  day ahead inc hosp",2021-05-21,"quantile",0.95,222.372973999367
"33326",2021-05-15,"42","6  day ahead inc hosp",2021-05-21,"quantile",0.975,235.785073874632
"33327",2021-05-15,"42","6  day ahead inc hosp",2021-05-21,"quantile",0.99,252.132275778942
"33328",2021-05-15,"42","7  day ahead inc hosp",2021-05-22,"quantile",0.01,83.0254407165973
"33329",2021-05-15,"42","7  day ahead inc hosp",2021-05-22,"quantile",0.025,91.0498114356553
"33330",2021-05-15,"42","7  day ahead inc hosp",2021-05-22,"quantile",0.05,98.404628868567
"33331",2021-05-15,"42","7  day ahead inc hosp",2021-05-22,"quantile",0.1,107.427482246709
"33332",2021-05-15,"42","7  day ahead inc hosp",2021-05-22,"quantile",0.15,113.85630405293
"33333",2021-05-15,"42","7  day ahead inc hosp",2021-05-22,"quantile",0.2,119.168102968659
"33334",2021-05-15,"42","7  day ahead inc hosp",2021-05-22,"quantile",0.25,123.871419974812
"33335",2021-05-15,"42","7  day ahead inc hosp",2021-05-22,"quantile",0.3,128.212564091327
"33336",2021-05-15,"42","7  day ahead inc hosp",2021-05-22,"quantile",0.35,132.336213137096
"33337",2021-05-15,"42","7  day ahead inc hosp",2021-05-22,"quantile",0.4,136.340373275795
"33338",2021-05-15,"42","7  day ahead inc hosp",2021-05-22,"quantile",0.45,140.300270048307
"33339",2021-05-15,"42","7  day ahead inc hosp",2021-05-22,"quantile",0.5,144.280990997795
"33340",2021-05-15,"42","7  day ahead inc hosp",2021-05-22,"quantile",0.55,148.345825413678
"33341",2021-05-15,"42","7  day ahead inc hosp",2021-05-22,"quantile",0.6,152.5635131851
"33342",2021-05-15,"42","7  day ahead inc hosp",2021-05-22,"quantile",0.65,157.01669478281
"33343",2021-05-15,"42","7  day ahead inc hosp",2021-05-22,"quantile",0.7,161.814446305256
"33344",2021-05-15,"42","7  day ahead inc hosp",2021-05-22,"quantile",0.75,167.114439150455
"33345",2021-05-15,"42","7  day ahead inc hosp",2021-05-22,"quantile",0.8,173.168294211597
"33346",2021-05-15,"42","7  day ahead inc hosp",2021-05-22,"quantile",0.85,180.43074439788
"33347",2021-05-15,"42","7  day ahead inc hosp",2021-05-22,"quantile",0.9,189.890310216377
"33348",2021-05-15,"42","7  day ahead inc hosp",2021-05-22,"quantile",0.95,204.588976567745
"33349",2021-05-15,"42","7  day ahead inc hosp",2021-05-22,"quantile",0.975,218.01479187682
"33350",2021-05-15,"42","7  day ahead inc hosp",2021-05-22,"quantile",0.99,234.444100078395
"33351",2021-05-15,"42","8  day ahead inc hosp",2021-05-23,"quantile",0.01,81.5967271984084
"33352",2021-05-15,"42","8  day ahead inc hosp",2021-05-23,"quantile",0.025,89.9823909546654
"33353",2021-05-15,"42","8  day ahead inc hosp",2021-05-23,"quantile",0.05,97.6975579269038
"33354",2021-05-15,"42","8  day ahead inc hosp",2021-05-23,"quantile",0.1,107.196843607715
"33355",2021-05-15,"42","8  day ahead inc hosp",2021-05-23,"quantile",0.15,113.986218080004
"33356",2021-05-15,"42","8  day ahead inc hosp",2021-05-23,"quantile",0.2,119.608177695785
"33357",2021-05-15,"42","8  day ahead inc hosp",2021-05-23,"quantile",0.25,124.594861606583
"33358",2021-05-15,"42","8  day ahead inc hosp",2021-05-23,"quantile",0.3,129.204490739852
"33359",2021-05-15,"42","8  day ahead inc hosp",2021-05-23,"quantile",0.35,133.589084183441
"33360",2021-05-15,"42","8  day ahead inc hosp",2021-05-23,"quantile",0.4,137.851927262222
"33361",2021-05-15,"42","8  day ahead inc hosp",2021-05-23,"quantile",0.45,142.072597881844
"33362",2021-05-15,"42","8  day ahead inc hosp",2021-05-23,"quantile",0.5,146.32025413386
"33363",2021-05-15,"42","8  day ahead inc hosp",2021-05-23,"quantile",0.55,150.6624525608
"33364",2021-05-15,"42","8  day ahead inc hosp",2021-05-23,"quantile",0.6,155.17287712396
"33365",2021-05-15,"42","8  day ahead inc hosp",2021-05-23,"quantile",0.65,159.940418573403
"33366",2021-05-15,"42","8  day ahead inc hosp",2021-05-23,"quantile",0.7,165.082709443252
"33367",2021-05-15,"42","8  day ahead inc hosp",2021-05-23,"quantile",0.75,170.770111760618
"33368",2021-05-15,"42","8  day ahead inc hosp",2021-05-23,"quantile",0.8,177.274875273838
"33369",2021-05-15,"42","8  day ahead inc hosp",2021-05-23,"quantile",0.85,185.089550292579
"33370",2021-05-15,"42","8  day ahead inc hosp",2021-05-23,"quantile",0.9,195.285942262751
"33371",2021-05-15,"42","8  day ahead inc hosp",2021-05-23,"quantile",0.95,211.166281432358
"33372",2021-05-15,"42","8  day ahead inc hosp",2021-05-23,"quantile",0.975,225.70761877782
"33373",2021-05-15,"42","8  day ahead inc hosp",2021-05-23,"quantile",0.99,243.54512026188
"33374",2021-05-15,"42","9  day ahead inc hosp",2021-05-24,"quantile",0.01,84.3688515561729
"33375",2021-05-15,"42","9  day ahead inc hosp",2021-05-24,"quantile",0.025,93.4173420122951
"33376",2021-05-15,"42","9  day ahead inc hosp",2021-05-24,"quantile",0.05,101.765339505708
"33377",2021-05-15,"42","9  day ahead inc hosp",2021-05-24,"quantile",0.1,112.070874168427
"33378",2021-05-15,"42","9  day ahead inc hosp",2021-05-24,"quantile",0.15,119.453119607152
"33379",2021-05-15,"42","9  day ahead inc hosp",2021-05-24,"quantile",0.2,125.575666794261
"33380",2021-05-15,"42","9  day ahead inc hosp",2021-05-24,"quantile",0.25,131.01325872805
"33381",2021-05-15,"42","9  day ahead inc hosp",2021-05-24,"quantile",0.3,136.045171735035
"33382",2021-05-15,"42","9  day ahead inc hosp",2021-05-24,"quantile",0.35,140.836094228377
"33383",2021-05-15,"42","9  day ahead inc hosp",2021-05-24,"quantile",0.4,145.498162895582
"33384",2021-05-15,"42","9  day ahead inc hosp",2021-05-24,"quantile",0.45,150.118014035451
"33385",2021-05-15,"42","9  day ahead inc hosp",2021-05-24,"quantile",0.5,154.771181601321
"33386",2021-05-15,"42","9  day ahead inc hosp",2021-05-24,"quantile",0.55,159.531694726396
"33387",2021-05-15,"42","9  day ahead inc hosp",2021-05-24,"quantile",0.6,164.480540650117
"33388",2021-05-15,"42","9  day ahead inc hosp",2021-05-24,"quantile",0.65,169.715661226487
"33389",2021-05-15,"42","9  day ahead inc hosp",2021-05-24,"quantile",0.7,175.366907033992
"33390",2021-05-15,"42","9  day ahead inc hosp",2021-05-24,"quantile",0.75,181.622587227488
"33391",2021-05-15,"42","9  day ahead inc hosp",2021-05-24,"quantile",0.8,188.783927337
"33392",2021-05-15,"42","9  day ahead inc hosp",2021-05-24,"quantile",0.85,197.396322008117
"33393",2021-05-15,"42","9  day ahead inc hosp",2021-05-24,"quantile",0.9,208.647415955115
"33394",2021-05-15,"42","9  day ahead inc hosp",2021-05-24,"quantile",0.95,226.199465479919
"33395",2021-05-15,"42","9  day ahead inc hosp",2021-05-24,"quantile",0.975,242.300172714208
"33396",2021-05-15,"42","9  day ahead inc hosp",2021-05-24,"quantile",0.99,262.084632216849
"33397",2021-05-15,"42","10  day ahead inc hosp",2021-05-25,"quantile",0.01,78.2034260174332
"33398",2021-05-15,"42","10  day ahead inc hosp",2021-05-25,"quantile",0.025,87.1675935879713
"33399",2021-05-15,"42","10  day ahead inc hosp",2021-05-25,"quantile",0.05,95.4752094803514
"33400",2021-05-15,"42","10  day ahead inc hosp",2021-05-25,"quantile",0.1,105.775028294256
"33401",2021-05-15,"42","10  day ahead inc hosp",2021-05-25,"quantile",0.15,113.180316856114
"33402",2021-05-15,"42","10  day ahead inc hosp",2021-05-25,"quantile",0.2,119.337760987068
"33403",2021-05-15,"42","10  day ahead inc hosp",2021-05-25,"quantile",0.25,124.817610602336
"33404",2021-05-15,"42","10  day ahead inc hosp",2021-05-25,"quantile",0.3,129.897583823364
"33405",2021-05-15,"42","10  day ahead inc hosp",2021-05-25,"quantile",0.35,134.74190015847
"33406",2021-05-15,"42","10  day ahead inc hosp",2021-05-25,"quantile",0.4,139.462778324256
"33407",2021-05-15,"42","10  day ahead inc hosp",2021-05-25,"quantile",0.45,144.147311454594
"33408",2021-05-15,"42","10  day ahead inc hosp",2021-05-25,"quantile",0.5,148.871829683034
"33409",2021-05-15,"42","10  day ahead inc hosp",2021-05-25,"quantile",0.55,153.711543980408
"33410",2021-05-15,"42","10  day ahead inc hosp",2021-05-25,"quantile",0.6,158.749133890146
"33411",2021-05-15,"42","10  day ahead inc hosp",2021-05-25,"quantile",0.65,164.084981547945
"33412",2021-05-15,"42","10  day ahead inc hosp",2021-05-25,"quantile",0.7,169.852565826343
"33413",2021-05-15,"42","10  day ahead inc hosp",2021-05-25,"quantile",0.75,176.245870218743
"33414",2021-05-15,"42","10  day ahead inc hosp",2021-05-25,"quantile",0.8,183.575680648546
"33415",2021-05-15,"42","10  day ahead inc hosp",2021-05-25,"quantile",0.85,192.405395134959
"33416",2021-05-15,"42","10  day ahead inc hosp",2021-05-25,"quantile",0.9,203.963262769399
"33417",2021-05-15,"42","10  day ahead inc hosp",2021-05-25,"quantile",0.95,222.041926864746
"33418",2021-05-15,"42","10  day ahead inc hosp",2021-05-25,"quantile",0.975,238.673050402234
"33419",2021-05-15,"42","10  day ahead inc hosp",2021-05-25,"quantile",0.99,259.165808033766
"33420",2021-05-15,"42","11  day ahead inc hosp",2021-05-26,"quantile",0.01,74.4351925393872
"33421",2021-05-15,"42","11  day ahead inc hosp",2021-05-26,"quantile",0.025,83.457936209968
"33422",2021-05-15,"42","11  day ahead inc hosp",2021-05-26,"quantile",0.05,91.8533575314409
"33423",2021-05-15,"42","11  day ahead inc hosp",2021-05-26,"quantile",0.1,102.301625247926
"33424",2021-05-15,"42","11  day ahead inc hosp",2021-05-26,"quantile",0.15,109.83799800522
"33425",2021-05-15,"42","11  day ahead inc hosp",2021-05-26,"quantile",0.2,116.118608841823
"33426",2021-05-15,"42","11  day ahead inc hosp",2021-05-26,"quantile",0.25,121.718187502701
"33427",2021-05-15,"42","11  day ahead inc hosp",2021-05-26,"quantile",0.3,126.917197802382
"33428",2021-05-15,"42","11  day ahead inc hosp",2021-05-26,"quantile",0.35,131.881890663362
"33429",2021-05-15,"42","11  day ahead inc hosp",2021-05-26,"quantile",0.4,136.726237309983
"33430",2021-05-15,"42","11  day ahead inc hosp",2021-05-26,"quantile",0.45,141.539047924753
"33431",2021-05-15,"42","11  day ahead inc hosp",2021-05-26,"quantile",0.5,146.398517460437
"33432",2021-05-15,"42","11  day ahead inc hosp",2021-05-26,"quantile",0.55,151.382056220686
"33433",2021-05-15,"42","11  day ahead inc hosp",2021-05-26,"quantile",0.6,156.575119941704
"33434",2021-05-15,"42","11  day ahead inc hosp",2021-05-26,"quantile",0.65,162.081813506858
"33435",2021-05-15,"42","11  day ahead inc hosp",2021-05-26,"quantile",0.7,168.04091671829
"33436",2021-05-15,"42","11  day ahead inc hosp",2021-05-26,"quantile",0.75,174.654484987739
"33437",2021-05-15,"42","11  day ahead inc hosp",2021-05-26,"quantile",0.8,182.246668607357
"33438",2021-05-15,"42","11  day ahead inc hosp",2021-05-26,"quantile",0.85,191.405714689186
"33439",2021-05-15,"42","11  day ahead inc hosp",2021-05-26,"quantile",0.9,203.415306700417
"33440",2021-05-15,"42","11  day ahead inc hosp",2021-05-26,"quantile",0.95,222.243942463085
"33441",2021-05-15,"42","11  day ahead inc hosp",2021-05-26,"quantile",0.975,239.607780032438
"33442",2021-05-15,"42","11  day ahead inc hosp",2021-05-26,"quantile",0.99,261.054507897806
"33443",2021-05-15,"42","12  day ahead inc hosp",2021-05-27,"quantile",0.01,78.5808137107916
"33444",2021-05-15,"42","12  day ahead inc hosp",2021-05-27,"quantile",0.025,88.3537235813821
"33445",2021-05-15,"42","12  day ahead inc hosp",2021-05-27,"quantile",0.05,97.4644748261055
"33446",2021-05-15,"42","12  day ahead inc hosp",2021-05-27,"quantile",0.1,108.823439049902
"33447",2021-05-15,"42","12  day ahead inc hosp",2021-05-27,"quantile",0.15,117.029277498431
"33448",2021-05-15,"42","12  day ahead inc hosp",2021-05-27,"quantile",0.2,123.875118152331
"33449",2021-05-15,"42","12  day ahead inc hosp",2021-05-27,"quantile",0.25,129.983857138682
"33450",2021-05-15,"42","12  day ahead inc hosp",2021-05-27,"quantile",0.3,135.659755879768
"33451",2021-05-15,"42","12  day ahead inc hosp",2021-05-27,"quantile",0.35,141.083384123711
"33452",2021-05-15,"42","12  day ahead inc hosp",2021-05-27,"quantile",0.4,146.378718939999
"33453",2021-05-15,"42","12  day ahead inc hosp",2021-05-27,"quantile",0.45,151.642553039505
"33454",2021-05-15,"42","12  day ahead inc hosp",2021-05-27,"quantile",0.5,156.960296473736
"33455",2021-05-15,"42","12  day ahead inc hosp",2021-05-27,"quantile",0.55,162.416689238596
"33456",2021-05-15,"42","12  day ahead inc hosp",2021-05-27,"quantile",0.6,168.105463089037
"33457",2021-05-15,"42","12  day ahead inc hosp",2021-05-27,"quantile",0.65,174.140985710987
"33458",2021-05-15,"42","12  day ahead inc hosp",2021-05-27,"quantile",0.7,180.67589761439
"33459",2021-05-15,"42","12  day ahead inc hosp",2021-05-27,"quantile",0.75,187.932622962498
"33460",2021-05-15,"42","12  day ahead inc hosp",2021-05-27,"quantile",0.8,196.268210192784
"33461",2021-05-15,"42","12  day ahead inc hosp",2021-05-27,"quantile",0.85,206.330927012845
"33462",2021-05-15,"42","12  day ahead inc hosp",2021-05-27,"quantile",0.9,219.536084087369
"33463",2021-05-15,"42","12  day ahead inc hosp",2021-05-27,"quantile",0.95,240.261518437153
"33464",2021-05-15,"42","12  day ahead inc hosp",2021-05-27,"quantile",0.975,259.396672145014
"33465",2021-05-15,"42","12  day ahead inc hosp",2021-05-27,"quantile",0.99,283.057599713109
"33466",2021-05-15,"42","13  day ahead inc hosp",2021-05-28,"quantile",0.01,71.1352327345802
"33467",2021-05-15,"42","13  day ahead inc hosp",2021-05-28,"quantile",0.025,80.558189566027
"33468",2021-05-15,"42","13  day ahead inc hosp",2021-05-28,"quantile",0.05,89.3854871525223
"33469",2021-05-15,"42","13  day ahead inc hosp",2021-05-28,"quantile",0.1,100.441713017297
"33470",2021-05-15,"42","13  day ahead inc hosp",2021-05-28,"quantile",0.15,108.460062796024
"33471",2021-05-15,"42","13  day ahead inc hosp",2021-05-28,"quantile",0.2,115.167671648708
"33472",2021-05-15,"42","13  day ahead inc hosp",2021-05-28,"quantile",0.25,121.16605559473
"33473",2021-05-15,"42","13  day ahead inc hosp",2021-05-28,"quantile",0.3,126.749760472032
"33474",2021-05-15,"42","13  day ahead inc hosp",2021-05-28,"quantile",0.35,132.094120133419
"33475",2021-05-15,"42","13  day ahead inc hosp",2021-05-28,"quantile",0.4,137.319991555446
"33476",2021-05-15,"42","13  day ahead inc hosp",2021-05-28,"quantile",0.45,142.522196276438
"33477",2021-05-15,"42","13  day ahead inc hosp",2021-05-28,"quantile",0.5,147.784872169315
"33478",2021-05-15,"42","13  day ahead inc hosp",2021-05-28,"quantile",0.55,153.19196443158
"33479",2021-05-15,"42","13  day ahead inc hosp",2021-05-28,"quantile",0.6,158.836786372049
"33480",2021-05-15,"42","13  day ahead inc hosp",2021-05-28,"quantile",0.65,164.833645812075
"33481",2021-05-15,"42","13  day ahead inc hosp",2021-05-28,"quantile",0.7,171.335551279613
"33482",2021-05-15,"42","13  day ahead inc hosp",2021-05-28,"quantile",0.75,178.565933356756
"33483",2021-05-15,"42","13  day ahead inc hosp",2021-05-28,"quantile",0.8,186.884009543683
"33484",2021-05-15,"42","13  day ahead inc hosp",2021-05-28,"quantile",0.85,196.942786712195
"33485",2021-05-15,"42","13  day ahead inc hosp",2021-05-28,"quantile",0.9,210.169557504026
"33486",2021-05-15,"42","13  day ahead inc hosp",2021-05-28,"quantile",0.95,230.985323920945
"33487",2021-05-15,"42","13  day ahead inc hosp",2021-05-28,"quantile",0.975,250.259584708842
"33488",2021-05-15,"42","13  day ahead inc hosp",2021-05-28,"quantile",0.99,274.159176558701
"33489",2021-05-15,"42","14  day ahead inc hosp",2021-05-29,"quantile",0.01,59.5909712108751
"33490",2021-05-15,"42","14  day ahead inc hosp",2021-05-29,"quantile",0.025,68.1519758986316
"33491",2021-05-15,"42","14  day ahead inc hosp",2021-05-29,"quantile",0.05,76.2253023733121
"33492",2021-05-15,"42","14  day ahead inc hosp",2021-05-29,"quantile",0.1,86.4006896594025
"33493",2021-05-15,"42","14  day ahead inc hosp",2021-05-29,"quantile",0.15,93.819427151837
"33494",2021-05-15,"42","14  day ahead inc hosp",2021-05-29,"quantile",0.2,100.048310984243
"33495",2021-05-15,"42","14  day ahead inc hosp",2021-05-29,"quantile",0.25,105.634948629616
"33496",2021-05-15,"42","14  day ahead inc hosp",2021-05-29,"quantile",0.3,110.848407579011
"33497",2021-05-15,"42","14  day ahead inc hosp",2021-05-29,"quantile",0.35,115.849528913613
"33498",2021-05-15,"42","14  day ahead inc hosp",2021-05-29,"quantile",0.4,120.74978492813
"33499",2021-05-15,"42","14  day ahead inc hosp",2021-05-29,"quantile",0.45,125.637226247545
"33500",2021-05-15,"42","14  day ahead inc hosp",2021-05-29,"quantile",0.5,130.590576334076
"33501",2021-05-15,"42","14  day ahead inc hosp",2021-05-29,"quantile",0.55,135.688970018239
"33502",2021-05-15,"42","14  day ahead inc hosp",2021-05-29,"quantile",0.6,141.02095427852
"33503",2021-05-15,"42","14  day ahead inc hosp",2021-05-29,"quantile",0.65,146.695564752497
"33504",2021-05-15,"42","14  day ahead inc hosp",2021-05-29,"quantile",0.7,152.859314954639
"33505",2021-05-15,"42","14  day ahead inc hosp",2021-05-29,"quantile",0.75,159.726741496961
"33506",2021-05-15,"42","14  day ahead inc hosp",2021-05-29,"quantile",0.8,167.643459758244
"33507",2021-05-15,"42","14  day ahead inc hosp",2021-05-29,"quantile",0.85,177.238763633278
"33508",2021-05-15,"42","14  day ahead inc hosp",2021-05-29,"quantile",0.9,189.890197888198
"33509",2021-05-15,"42","14  day ahead inc hosp",2021-05-29,"quantile",0.95,209.872479376057
"33510",2021-05-15,"42","14  day ahead inc hosp",2021-05-29,"quantile",0.975,228.446141491032
"33511",2021-05-15,"42","14  day ahead inc hosp",2021-05-29,"quantile",0.99,251.562297848534
"33512",2021-05-15,"42","15  day ahead inc hosp",2021-05-30,"quantile",0.01,63.9143569966118
"33513",2021-05-15,"42","15  day ahead inc hosp",2021-05-30,"quantile",0.025,73.611769891175
"33514",2021-05-15,"42","15  day ahead inc hosp",2021-05-30,"quantile",0.05,82.8001882441196
"33515",2021-05-15,"42","15  day ahead inc hosp",2021-05-30,"quantile",0.1,94.4326031340136
"33516",2021-05-15,"42","15  day ahead inc hosp",2021-05-30,"quantile",0.15,102.945488755305
"33517",2021-05-15,"42","15  day ahead inc hosp",2021-05-30,"quantile",0.2,110.111615238697
"33518",2021-05-15,"42","15  day ahead inc hosp",2021-05-30,"quantile",0.25,116.552151698491
"33519",2021-05-15,"42","15  day ahead inc hosp",2021-05-30,"quantile",0.3,122.573063479877
"33520",2021-05-15,"42","15  day ahead inc hosp",2021-05-30,"quantile",0.35,128.357803148049
"33521",2021-05-15,"42","15  day ahead inc hosp",2021-05-30,"quantile",0.4,134.034013215394
"33522",2021-05-15,"42","15  day ahead inc hosp",2021-05-30,"quantile",0.45,139.703004327742
"33523",2021-05-15,"42","15  day ahead inc hosp",2021-05-30,"quantile",0.5,145.455841763099
"33524",2021-05-15,"42","15  day ahead inc hosp",2021-05-30,"quantile",0.55,151.384548649549
"33525",2021-05-15,"42","15  day ahead inc hosp",2021-05-30,"quantile",0.6,157.592563604396
"33526",2021-05-15,"42","15  day ahead inc hosp",2021-05-30,"quantile",0.65,164.207716280446
"33527",2021-05-15,"42","15  day ahead inc hosp",2021-05-30,"quantile",0.7,171.402225952598
"33528",2021-05-15,"42","15  day ahead inc hosp",2021-05-30,"quantile",0.75,179.428743949903
"33529",2021-05-15,"42","15  day ahead inc hosp",2021-05-30,"quantile",0.8,188.69484914654
"33530",2021-05-15,"42","15  day ahead inc hosp",2021-05-30,"quantile",0.85,199.943477980672
"33531",2021-05-15,"42","15  day ahead inc hosp",2021-05-30,"quantile",0.9,214.802635289582
"33532",2021-05-15,"42","15  day ahead inc hosp",2021-05-30,"quantile",0.95,238.33062602657
"33533",2021-05-15,"42","15  day ahead inc hosp",2021-05-30,"quantile",0.975,260.258149479517
"33534",2021-05-15,"42","15  day ahead inc hosp",2021-05-30,"quantile",0.99,287.618079424456
"33535",2021-05-15,"42","16  day ahead inc hosp",2021-05-31,"quantile",0.01,57.334954089277
"33536",2021-05-15,"42","16  day ahead inc hosp",2021-05-31,"quantile",0.025,66.7117909969226
"33537",2021-05-15,"42","16  day ahead inc hosp",2021-05-31,"quantile",0.05,75.6577058127755
"33538",2021-05-15,"42","16  day ahead inc hosp",2021-05-31,"quantile",0.1,87.0561119717816
"33539",2021-05-15,"42","16  day ahead inc hosp",2021-05-31,"quantile",0.15,95.4428900819967
"33540",2021-05-15,"42","16  day ahead inc hosp",2021-05-31,"quantile",0.2,102.529236423478
"33541",2021-05-15,"42","16  day ahead inc hosp",2021-05-31,"quantile",0.25,108.916966010096
"33542",2021-05-15,"42","16  day ahead inc hosp",2021-05-31,"quantile",0.3,114.903584824594
"33543",2021-05-15,"42","16  day ahead inc hosp",2021-05-31,"quantile",0.35,120.668269332623
"33544",2021-05-15,"42","16  day ahead inc hosp",2021-05-31,"quantile",0.4,126.33640447855
"33545",2021-05-15,"42","16  day ahead inc hosp",2021-05-31,"quantile",0.45,132.008209378223
"33546",2021-05-15,"42","16  day ahead inc hosp",2021-05-31,"quantile",0.5,137.774465320991
"33547",2021-05-15,"42","16  day ahead inc hosp",2021-05-31,"quantile",0.55,143.727596764008
"33548",2021-05-15,"42","16  day ahead inc hosp",2021-05-31,"quantile",0.6,149.972162806027
"33549",2021-05-15,"42","16  day ahead inc hosp",2021-05-31,"quantile",0.65,156.638025769857
"33550",2021-05-15,"42","16  day ahead inc hosp",2021-05-31,"quantile",0.7,163.900783881025
"33551",2021-05-15,"42","16  day ahead inc hosp",2021-05-31,"quantile",0.75,172.018718340738
"33552",2021-05-15,"42","16  day ahead inc hosp",2021-05-31,"quantile",0.8,181.409288748826
"33553",2021-05-15,"42","16  day ahead inc hosp",2021-05-31,"quantile",0.85,192.834614643962
"33554",2021-05-15,"42","16  day ahead inc hosp",2021-05-31,"quantile",0.9,207.967171725587
"33555",2021-05-15,"42","16  day ahead inc hosp",2021-05-31,"quantile",0.95,232.012649400247
"33556",2021-05-15,"42","16  day ahead inc hosp",2021-05-31,"quantile",0.975,254.5062665122
"33557",2021-05-15,"42","16  day ahead inc hosp",2021-05-31,"quantile",0.99,282.673195446682
"33558",2021-05-15,"42","17  day ahead inc hosp",2021-06-01,"quantile",0.01,58.6584217046187
"33559",2021-05-15,"42","17  day ahead inc hosp",2021-06-01,"quantile",0.025,68.6144309435748
"33560",2021-05-15,"42","17  day ahead inc hosp",2021-06-01,"quantile",0.05,78.1467711308941
"33561",2021-05-15,"42","17  day ahead inc hosp",2021-06-01,"quantile",0.1,90.3327381264278
"33562",2021-05-15,"42","17  day ahead inc hosp",2021-06-01,"quantile",0.15,99.3239408774948
"33563",2021-05-15,"42","17  day ahead inc hosp",2021-06-01,"quantile",0.2,106.935558329162
"33564",2021-05-15,"42","17  day ahead inc hosp",2021-06-01,"quantile",0.25,113.807206381239
"33565",2021-05-15,"42","17  day ahead inc hosp",2021-06-01,"quantile",0.3,120.255676840818
"33566",2021-05-15,"42","17  day ahead inc hosp",2021-06-01,"quantile",0.35,126.472207168047
"33567",2021-05-15,"42","17  day ahead inc hosp",2021-06-01,"quantile",0.4,132.59102451968
"33568",2021-05-15,"42","17  day ahead inc hosp",2021-06-01,"quantile",0.45,138.719806809825
"33569",2021-05-15,"42","17  day ahead inc hosp",2021-06-01,"quantile",0.5,144.956479281473
"33570",2021-05-15,"42","17  day ahead inc hosp",2021-06-01,"quantile",0.55,151.401119941148
"33571",2021-05-15,"42","17  day ahead inc hosp",2021-06-01,"quantile",0.6,158.167313894621
"33572",2021-05-15,"42","17  day ahead inc hosp",2021-06-01,"quantile",0.65,165.396487920933
"33573",2021-05-15,"42","17  day ahead inc hosp",2021-06-01,"quantile",0.7,173.280226605967
"33574",2021-05-15,"42","17  day ahead inc hosp",2021-06-01,"quantile",0.75,182.100691435389
"33575",2021-05-15,"42","17  day ahead inc hosp",2021-06-01,"quantile",0.8,192.31437548448
"33576",2021-05-15,"42","17  day ahead inc hosp",2021-06-01,"quantile",0.85,204.755300572604
"33577",2021-05-15,"42","17  day ahead inc hosp",2021-06-01,"quantile",0.9,221.255072046223
"33578",2021-05-15,"42","17  day ahead inc hosp",2021-06-01,"quantile",0.95,247.519766515059
"33579",2021-05-15,"42","17  day ahead inc hosp",2021-06-01,"quantile",0.975,272.135670992358
"33580",2021-05-15,"42","17  day ahead inc hosp",2021-06-01,"quantile",0.99,303.015773335298
"33581",2021-05-15,"42","18  day ahead inc hosp",2021-06-02,"quantile",0.01,52.7616700280321
"33582",2021-05-15,"42","18  day ahead inc hosp",2021-06-02,"quantile",0.025,62.3624349013845
"33583",2021-05-15,"42","18  day ahead inc hosp",2021-06-02,"quantile",0.05,71.6189841138255
"33584",2021-05-15,"42","18  day ahead inc hosp",2021-06-02,"quantile",0.1,83.5293276576254
"33585",2021-05-15,"42","18  day ahead inc hosp",2021-06-02,"quantile",0.15,92.3648346866898
"33586",2021-05-15,"42","18  day ahead inc hosp",2021-06-02,"quantile",0.2,99.8725322508015
"33587",2021-05-15,"42","18  day ahead inc hosp",2021-06-02,"quantile",0.25,106.670363192385
"33588",2021-05-15,"42","18  day ahead inc hosp",2021-06-02,"quantile",0.3,113.065534207191
"33589",2021-05-15,"42","18  day ahead inc hosp",2021-06-02,"quantile",0.35,119.244356821619
"33590",2021-05-15,"42","18  day ahead inc hosp",2021-06-02,"quantile",0.4,125.338378438536
"33591",2021-05-15,"42","18  day ahead inc hosp",2021-06-02,"quantile",0.45,131.453883930276
"33592",2021-05-15,"42","18  day ahead inc hosp",2021-06-02,"quantile",0.5,137.68827985212
"33593",2021-05-15,"42","18  day ahead inc hosp",2021-06-02,"quantile",0.55,144.141846459661
"33594",2021-05-15,"42","18  day ahead inc hosp",2021-06-02,"quantile",0.6,150.929104643059
"33595",2021-05-15,"42","18  day ahead inc hosp",2021-06-02,"quantile",0.65,158.193325671802
"33596",2021-05-15,"42","18  day ahead inc hosp",2021-06-02,"quantile",0.7,166.129262070931
"33597",2021-05-15,"42","18  day ahead inc hosp",2021-06-02,"quantile",0.75,175.024444677408
"33598",2021-05-15,"42","18  day ahead inc hosp",2021-06-02,"quantile",0.8,185.34489263603
"33599",2021-05-15,"42","18  day ahead inc hosp",2021-06-02,"quantile",0.85,197.943274802955
"33600",2021-05-15,"42","18  day ahead inc hosp",2021-06-02,"quantile",0.9,214.694752809331
"33601",2021-05-15,"42","18  day ahead inc hosp",2021-06-02,"quantile",0.95,241.451026469211
"33602",2021-05-15,"42","18  day ahead inc hosp",2021-06-02,"quantile",0.975,266.617864131717
"33603",2021-05-15,"42","18  day ahead inc hosp",2021-06-02,"quantile",0.99,298.297647003074
"33604",2021-05-15,"42","19  day ahead inc hosp",2021-06-03,"quantile",0.01,49.3368187637467
"33605",2021-05-15,"42","19  day ahead inc hosp",2021-06-03,"quantile",0.025,58.8344951892202
"33606",2021-05-15,"42","19  day ahead inc hosp",2021-06-03,"quantile",0.05,68.0461802859556
"33607",2021-05-15,"42","19  day ahead inc hosp",2021-06-03,"quantile",0.1,79.9641101962787
"33608",2021-05-15,"42","19  day ahead inc hosp",2021-06-03,"quantile",0.15,88.84572997379
"33609",2021-05-15,"42","19  day ahead inc hosp",2021-06-03,"quantile",0.2,96.4163027547394
"33610",2021-05-15,"42","19  day ahead inc hosp",2021-06-03,"quantile",0.25,103.288063271826
"33611",2021-05-15,"42","19  day ahead inc hosp",2021-06-03,"quantile",0.3,109.766365786092
"33612",2021-05-15,"42","19  day ahead inc hosp",2021-06-03,"quantile",0.35,116.037139990087
"33613",2021-05-15,"42","19  day ahead inc hosp",2021-06-03,"quantile",0.4,122.232334755823
"33614",2021-05-15,"42","19  day ahead inc hosp",2021-06-03,"quantile",0.45,128.459210623889
"33615",2021-05-15,"42","19  day ahead inc hosp",2021-06-03,"quantile",0.5,134.816709201278
"33616",2021-05-15,"42","19  day ahead inc hosp",2021-06-03,"quantile",0.55,141.407314717666
"33617",2021-05-15,"42","19  day ahead inc hosp",2021-06-03,"quantile",0.6,148.348663082577
"33618",2021-05-15,"42","19  day ahead inc hosp",2021-06-03,"quantile",0.65,155.788495486351
"33619",2021-05-15,"42","19  day ahead inc hosp",2021-06-03,"quantile",0.7,163.928203772895
"33620",2021-05-15,"42","19  day ahead inc hosp",2021-06-03,"quantile",0.75,173.065713396204
"33621",2021-05-15,"42","19  day ahead inc hosp",2021-06-03,"quantile",0.8,183.68459932576
"33622",2021-05-15,"42","19  day ahead inc hosp",2021-06-03,"quantile",0.85,196.670706553798
"33623",2021-05-15,"42","19  day ahead inc hosp",2021-06-03,"quantile",0.9,213.974379564
"33624",2021-05-15,"42","19  day ahead inc hosp",2021-06-03,"quantile",0.95,241.690446109925
"33625",2021-05-15,"42","19  day ahead inc hosp",2021-06-03,"quantile",0.975,267.837318514404
"33626",2021-05-15,"42","19  day ahead inc hosp",2021-06-03,"quantile",0.99,300.843791360432
"33627",2021-05-15,"42","20  day ahead inc hosp",2021-06-04,"quantile",0.01,45.6118860216478
"33628",2021-05-15,"42","20  day ahead inc hosp",2021-06-04,"quantile",0.025,54.9059290297881
"33629",2021-05-15,"42","20  day ahead inc hosp",2021-06-04,"quantile",0.05,63.9767870833755
"33630",2021-05-15,"42","20  day ahead inc hosp",2021-06-04,"quantile",0.1,75.7805426602187
"33631",2021-05-15,"42","20  day ahead inc hosp",2021-06-04,"quantile",0.15,84.6192889493946
"33632",2021-05-15,"42","20  day ahead inc hosp",2021-06-04,"quantile",0.2,92.1780409718936
"33633",2021-05-15,"42","20  day ahead inc hosp",2021-06-04,"quantile",0.25,99.0568244564053
"33634",2021-05-15,"42","20  day ahead inc hosp",2021-06-04,"quantile",0.3,105.55594000498
"33635",2021-05-15,"42","20  day ahead inc hosp",2021-06-04,"quantile",0.35,111.85902373339
"33636",2021-05-15,"42","20  day ahead inc hosp",2021-06-04,"quantile",0.4,118.097106711324
"33637",2021-05-15,"42","20  day ahead inc hosp",2021-06-04,"quantile",0.45,124.377391030439
"33638",2021-05-15,"42","20  day ahead inc hosp",2021-06-04,"quantile",0.5,130.799438340879
"33639",2021-05-15,"42","20  day ahead inc hosp",2021-06-04,"quantile",0.55,137.467027793715
"33640",2021-05-15,"42","20  day ahead inc hosp",2021-06-04,"quantile",0.6,144.499904787877
"33641",2021-05-15,"42","20  day ahead inc hosp",2021-06-04,"quantile",0.65,152.049054830166
"33642",2021-05-15,"42","20  day ahead inc hosp",2021-06-04,"quantile",0.7,160.320876364221
"33643",2021-05-15,"42","20  day ahead inc hosp",2021-06-04,"quantile",0.75,169.621316118455
"33644",2021-05-15,"42","20  day ahead inc hosp",2021-06-04,"quantile",0.8,180.447706434567
"33645",2021-05-15,"42","20  day ahead inc hosp",2021-06-04,"quantile",0.85,193.712197062515
"33646",2021-05-15,"42","20  day ahead inc hosp",2021-06-04,"quantile",0.9,211.425384661218
"33647",2021-05-15,"42","20  day ahead inc hosp",2021-06-04,"quantile",0.95,239.879369247453
"33648",2021-05-15,"42","20  day ahead inc hosp",2021-06-04,"quantile",0.975,266.803863955404
"33649",2021-05-15,"42","20  day ahead inc hosp",2021-06-04,"quantile",0.99,300.890188286294
"33650",2021-05-15,"42","21  day ahead inc hosp",2021-06-05,"quantile",0.01,39.3442180121603
"33651",2021-05-15,"42","21  day ahead inc hosp",2021-06-05,"quantile",0.025,47.9718358955612
"33652",2021-05-15,"42","21  day ahead inc hosp",2021-06-05,"quantile",0.05,56.4643486729866
"33653",2021-05-15,"42","21  day ahead inc hosp",2021-06-05,"quantile",0.1,67.6023231592759
"33654",2021-05-15,"42","21  day ahead inc hosp",2021-06-05,"quantile",0.15,75.9965134471591
"33655",2021-05-15,"42","21  day ahead inc hosp",2021-06-05,"quantile",0.2,83.2067615534015
"33656",2021-05-15,"42","21  day ahead inc hosp",2021-06-05,"quantile",0.25,89.7911648413784
"33657",2021-05-15,"42","21  day ahead inc hosp",2021-06-05,"quantile",0.3,96.0303751469662
"33658",2021-05-15,"42","21  day ahead inc hosp",2021-06-05,"quantile",0.35,102.097030435921
"33659",2021-05-15,"42","21  day ahead inc hosp",2021-06-05,"quantile",0.4,108.115237403566
"33660",2021-05-15,"42","21  day ahead inc hosp",2021-06-05,"quantile",0.45,114.187425735705
"33661",2021-05-15,"42","21  day ahead inc hosp",2021-06-05,"quantile",0.5,120.409596360978
"33662",2021-05-15,"42","21  day ahead inc hosp",2021-06-05,"quantile",0.55,126.882656877297
"33663",2021-05-15,"42","21  day ahead inc hosp",2021-06-05,"quantile",0.6,133.72383782313
"33664",2021-05-15,"42","21  day ahead inc hosp",2021-06-05,"quantile",0.65,141.081713900724
"33665",2021-05-15,"42","21  day ahead inc hosp",2021-06-05,"quantile",0.7,149.160133587915
"33666",2021-05-15,"42","21  day ahead inc hosp",2021-06-05,"quantile",0.75,158.262049727386
"33667",2021-05-15,"42","21  day ahead inc hosp",2021-06-05,"quantile",0.8,168.880874711245
"33668",2021-05-15,"42","21  day ahead inc hosp",2021-06-05,"quantile",0.85,181.922992901638
"33669",2021-05-15,"42","21  day ahead inc hosp",2021-06-05,"quantile",0.9,199.389329666065
"33670",2021-05-15,"42","21  day ahead inc hosp",2021-06-05,"quantile",0.95,227.55344746001
"33671",2021-05-15,"42","21  day ahead inc hosp",2021-06-05,"quantile",0.975,254.309833683304
"33672",2021-05-15,"42","21  day ahead inc hosp",2021-06-05,"quantile",0.99,288.311530966545
"33673",2021-05-15,"42","22  day ahead inc hosp",2021-06-06,"quantile",0.01,38.9675399738318
"33674",2021-05-15,"42","22  day ahead inc hosp",2021-06-06,"quantile",0.025,47.8122357925631
"33675",2021-05-15,"42","22  day ahead inc hosp",2021-06-06,"quantile",0.05,56.5548326973355
"33676",2021-05-15,"42","22  day ahead inc hosp",2021-06-06,"quantile",0.1,68.0646322544742
"33677",2021-05-15,"42","22  day ahead inc hosp",2021-06-06,"quantile",0.15,76.7662848332615
"33678",2021-05-15,"42","22  day ahead inc hosp",2021-06-06,"quantile",0.2,84.2565931502042
"33679",2021-05-15,"42","22  day ahead inc hosp",2021-06-06,"quantile",0.25,91.1082199751485
"33680",2021-05-15,"42","22  day ahead inc hosp",2021-06-06,"quantile",0.3,97.6098239434641
"33681",2021-05-15,"42","22  day ahead inc hosp",2021-06-06,"quantile",0.35,103.939489836434
"33682",2021-05-15,"42","22  day ahead inc hosp",2021-06-06,"quantile",0.4,110.22571295343
"33683",2021-05-15,"42","22  day ahead inc hosp",2021-06-06,"quantile",0.45,116.575000409377
"33684",2021-05-15,"42","22  day ahead inc hosp",2021-06-06,"quantile",0.5,123.087616265784
"33685",2021-05-15,"42","22  day ahead inc hosp",2021-06-06,"quantile",0.55,129.869371629104
"33686",2021-05-15,"42","22  day ahead inc hosp",2021-06-06,"quantile",0.6,137.043592662027
"33687",2021-05-15,"42","22  day ahead inc hosp",2021-06-06,"quantile",0.65,144.766957408556
"33688",2021-05-15,"42","22  day ahead inc hosp",2021-06-06,"quantile",0.7,153.254802105212
"33689",2021-05-15,"42","22  day ahead inc hosp",2021-06-06,"quantile",0.75,162.827542085783
"33690",2021-05-15,"42","22  day ahead inc hosp",2021-06-06,"quantile",0.8,174.007501201862
"33691",2021-05-15,"42","22  day ahead inc hosp",2021-06-06,"quantile",0.85,187.754884472276
"33692",2021-05-15,"42","22  day ahead inc hosp",2021-06-06,"quantile",0.9,206.190954919655
"33693",2021-05-15,"42","22  day ahead inc hosp",2021-06-06,"quantile",0.95,235.972477874459
"33694",2021-05-15,"42","22  day ahead inc hosp",2021-06-06,"quantile",0.975,264.318900573779
"33695",2021-05-15,"42","22  day ahead inc hosp",2021-06-06,"quantile",0.99,300.405757416952
"33696",2021-05-15,"42","23  day ahead inc hosp",2021-06-07,"quantile",0.01,40.6100907042838
"33697",2021-05-15,"42","23  day ahead inc hosp",2021-06-07,"quantile",0.025,50.0045397714243
"33698",2021-05-15,"42","23  day ahead inc hosp",2021-06-07,"quantile",0.05,59.3123876744467
"33699",2021-05-15,"42","23  day ahead inc hosp",2021-06-07,"quantile",0.1,71.5926573844421
"33700",2021-05-15,"42","23  day ahead inc hosp",2021-06-07,"quantile",0.15,80.8931387203869
"33701",2021-05-15,"42","23  day ahead inc hosp",2021-06-07,"quantile",0.2,88.908486514045
"33702",2021-05-15,"42","23  day ahead inc hosp",2021-06-07,"quantile",0.25,96.2472626877582
"33703",2021-05-15,"42","23  day ahead inc hosp",2021-06-07,"quantile",0.3,103.216633142841
"33704",2021-05-15,"42","23  day ahead inc hosp",2021-06-07,"quantile",0.35,110.006415935035
"33705",2021-05-15,"42","23  day ahead inc hosp",2021-06-07,"quantile",0.4,116.75385831088
"33706",2021-05-15,"42","23  day ahead inc hosp",2021-06-07,"quantile",0.45,123.572996377741
"33707",2021-05-15,"42","23  day ahead inc hosp",2021-06-07,"quantile",0.5,130.571447403604
"33708",2021-05-15,"42","23  day ahead inc hosp",2021-06-07,"quantile",0.55,137.863035645207
"33709",2021-05-15,"42","23  day ahead inc hosp",2021-06-07,"quantile",0.6,145.580665102801
"33710",2021-05-15,"42","23  day ahead inc hosp",2021-06-07,"quantile",0.65,153.893407063929
"33711",2021-05-15,"42","23  day ahead inc hosp",2021-06-07,"quantile",0.7,163.033850981621
"33712",2021-05-15,"42","23  day ahead inc hosp",2021-06-07,"quantile",0.75,173.348316630361
"33713",2021-05-15,"42","23  day ahead inc hosp",2021-06-07,"quantile",0.8,185.401636514504
"33714",2021-05-15,"42","23  day ahead inc hosp",2021-06-07,"quantile",0.85,200.232585640585
"33715",2021-05-15,"42","23  day ahead inc hosp",2021-06-07,"quantile",0.9,220.136914733689
"33716",2021-05-15,"42","23  day ahead inc hosp",2021-06-07,"quantile",0.95,252.322494397033
"33717",2021-05-15,"42","23  day ahead inc hosp",2021-06-07,"quantile",0.975,282.989216080452
"33718",2021-05-15,"42","23  day ahead inc hosp",2021-06-07,"quantile",0.99,322.06870854963
"33719",2021-05-15,"42","24  day ahead inc hosp",2021-06-08,"quantile",0.01,36.2167085893156
"33720",2021-05-15,"42","24  day ahead inc hosp",2021-06-08,"quantile",0.025,45.1092042702451
"33721",2021-05-15,"42","24  day ahead inc hosp",2021-06-08,"quantile",0.05,53.9868320468886
"33722",2021-05-15,"42","24  day ahead inc hosp",2021-06-08,"quantile",0.1,65.7806428190839
"33723",2021-05-15,"42","24  day ahead inc hosp",2021-06-08,"quantile",0.15,74.7632579415568
"33724",2021-05-15,"42","24  day ahead inc hosp",2021-06-08,"quantile",0.2,82.5343588248001
"33725",2021-05-15,"42","24  day ahead inc hosp",2021-06-08,"quantile",0.25,89.6708833425685
"33726",2021-05-15,"42","24  day ahead inc hosp",2021-06-08,"quantile",0.3,96.4653131761718
"33727",2021-05-15,"42","24  day ahead inc hosp",2021-06-08,"quantile",0.35,103.099375726297
"33728",2021-05-15,"42","24  day ahead inc hosp",2021-06-08,"quantile",0.4,109.705361941371
"33729",2021-05-15,"42","24  day ahead inc hosp",2021-06-08,"quantile",0.45,116.394048539282
"33730",2021-05-15,"42","24  day ahead inc hosp",2021-06-08,"quantile",0.5,123.270806287599
"33731",2021-05-15,"42","24  day ahead inc hosp",2021-06-08,"quantile",0.55,130.447873123228
"33732",2021-05-15,"42","24  day ahead inc hosp",2021-06-08,"quantile",0.6,138.057043460049
"33733",2021-05-15,"42","24  day ahead inc hosp",2021-06-08,"quantile",0.65,146.266678800861
"33734",2021-05-15,"42","24  day ahead inc hosp",2021-06-08,"quantile",0.7,155.309078460521
"33735",2021-05-15,"42","24  day ahead inc hosp",2021-06-08,"quantile",0.75,165.530855126018
"33736",2021-05-15,"42","24  day ahead inc hosp",2021-06-08,"quantile",0.8,177.498198517949
"33737",2021-05-15,"42","24  day ahead inc hosp",2021-06-08,"quantile",0.85,192.253717114644
"33738",2021-05-15,"42","24  day ahead inc hosp",2021-06-08,"quantile",0.9,212.104518576555
"33739",2021-05-15,"42","24  day ahead inc hosp",2021-06-08,"quantile",0.95,244.305365126481
"33740",2021-05-15,"42","24  day ahead inc hosp",2021-06-08,"quantile",0.975,275.088148474773
"33741",2021-05-15,"42","24  day ahead inc hosp",2021-06-08,"quantile",0.99,314.438336489442
"33742",2021-05-15,"42","25  day ahead inc hosp",2021-06-09,"quantile",0.01,34.7198256303842
"33743",2021-05-15,"42","25  day ahead inc hosp",2021-06-09,"quantile",0.025,43.581466418761
"33744",2021-05-15,"42","25  day ahead inc hosp",2021-06-09,"quantile",0.05,52.4736915555297
"33745",2021-05-15,"42","25  day ahead inc hosp",2021-06-09,"quantile",0.1,64.3418356335656
"33746",2021-05-15,"42","25  day ahead inc hosp",2021-06-09,"quantile",0.15,73.415285717008
"33747",2021-05-15,"42","25  day ahead inc hosp",2021-06-09,"quantile",0.2,81.2850674225225
"33748",2021-05-15,"42","25  day ahead inc hosp",2021-06-09,"quantile",0.25,88.5266825517212
"33749",2021-05-15,"42","25  day ahead inc hosp",2021-06-09,"quantile",0.3,95.4327594931876
"33750",2021-05-15,"42","25  day ahead inc hosp",2021-06-09,"quantile",0.35,102.185792750789
"33751",2021-05-15,"42","25  day ahead inc hosp",2021-06-09,"quantile",0.4,108.919245352585
"33752",2021-05-15,"42","25  day ahead inc hosp",2021-06-09,"quantile",0.45,115.745462882538
"33753",2021-05-15,"42","25  day ahead inc hosp",2021-06-09,"quantile",0.5,122.77187251332
"33754",2021-05-15,"42","25  day ahead inc hosp",2021-06-09,"quantile",0.55,130.113436368258
"33755",2021-05-15,"42","25  day ahead inc hosp",2021-06-09,"quantile",0.6,137.905646912209
"33756",2021-05-15,"42","25  day ahead inc hosp",2021-06-09,"quantile",0.65,146.32205970069
"33757",2021-05-15,"42","25  day ahead inc hosp",2021-06-09,"quantile",0.7,155.602599491142
"33758",2021-05-15,"42","25  day ahead inc hosp",2021-06-09,"quantile",0.75,166.105741871223
"33759",2021-05-15,"42","25  day ahead inc hosp",2021-06-09,"quantile",0.8,178.417644667179
"33760",2021-05-15,"42","25  day ahead inc hosp",2021-06-09,"quantile",0.85,193.618587986259
"33761",2021-05-15,"42","25  day ahead inc hosp",2021-06-09,"quantile",0.9,214.100993335292
"33762",2021-05-15,"42","25  day ahead inc hosp",2021-06-09,"quantile",0.95,247.395526565905
"33763",2021-05-15,"42","25  day ahead inc hosp",2021-06-09,"quantile",0.975,279.292776143177
"33764",2021-05-15,"42","25  day ahead inc hosp",2021-06-09,"quantile",0.99,320.151029310696
"33765",2021-05-15,"42","26  day ahead inc hosp",2021-06-10,"quantile",0.01,36.0149928729303
"33766",2021-05-15,"42","26  day ahead inc hosp",2021-06-10,"quantile",0.025,45.3561178436142
"33767",2021-05-15,"42","26  day ahead inc hosp",2021-06-10,"quantile",0.05,54.749821601817
"33768",2021-05-15,"42","26  day ahead inc hosp",2021-06-10,"quantile",0.1,67.3118763162969
"33769",2021-05-15,"42","26  day ahead inc hosp",2021-06-10,"quantile",0.15,76.9311484436572
"33770",2021-05-15,"42","26  day ahead inc hosp",2021-06-10,"quantile",0.2,85.2833310763743
"33771",2021-05-15,"42","26  day ahead inc hosp",2021-06-10,"quantile",0.25,92.9753089925379
"33772",2021-05-15,"42","26  day ahead inc hosp",2021-06-10,"quantile",0.3,100.31606256131
"33773",2021-05-15,"42","26  day ahead inc hosp",2021-06-10,"quantile",0.35,107.498589364928
"33774",2021-05-15,"42","26  day ahead inc hosp",2021-06-10,"quantile",0.4,114.664310528558
"33775",2021-05-15,"42","26  day ahead inc hosp",2021-06-10,"quantile",0.45,121.932534831385
"33776",2021-05-15,"42","26  day ahead inc hosp",2021-06-10,"quantile",0.5,129.417600555752
"33777",2021-05-15,"42","26  day ahead inc hosp",2021-06-10,"quantile",0.55,137.242103809891
"33778",2021-05-15,"42","26  day ahead inc hosp",2021-06-10,"quantile",0.6,145.550756227774
"33779",2021-05-15,"42","26  day ahead inc hosp",2021-06-10,"quantile",0.65,154.52913076146
"33780",2021-05-15,"42","26  day ahead inc hosp",2021-06-10,"quantile",0.7,164.433968298366
"33781",2021-05-15,"42","26  day ahead inc hosp",2021-06-10,"quantile",0.75,175.649084469838
"33782",2021-05-15,"42","26  day ahead inc hosp",2021-06-10,"quantile",0.8,188.802333342987
"33783",2021-05-15,"42","26  day ahead inc hosp",2021-06-10,"quantile",0.85,205.051241300646
"33784",2021-05-15,"42","26  day ahead inc hosp",2021-06-10,"quantile",0.9,226.960172261863
"33785",2021-05-15,"42","26  day ahead inc hosp",2021-06-10,"quantile",0.95,262.604425106638
"33786",2021-05-15,"42","26  day ahead inc hosp",2021-06-10,"quantile",0.975,296.783567868862
"33787",2021-05-15,"42","26  day ahead inc hosp",2021-06-10,"quantile",0.99,340.602020087533
"33788",2021-05-15,"42","27  day ahead inc hosp",2021-06-11,"quantile",0.01,33.8473674399723
"33789",2021-05-15,"42","27  day ahead inc hosp",2021-06-11,"quantile",0.025,43.0010379045422
"33790",2021-05-15,"42","27  day ahead inc hosp",2021-06-11,"quantile",0.05,52.2594134177237
"33791",2021-05-15,"42","27  day ahead inc hosp",2021-06-11,"quantile",0.1,64.7050213797454
"33792",2021-05-15,"42","27  day ahead inc hosp",2021-06-11,"quantile",0.15,74.2753707074286
"33793",2021-05-15,"42","27  day ahead inc hosp",2021-06-11,"quantile",0.2,82.6087353575304
"33794",2021-05-15,"42","27  day ahead inc hosp",2021-06-11,"quantile",0.25,90.300431475316
"33795",2021-05-15,"42","27  day ahead inc hosp",2021-06-11,"quantile",0.3,97.6545893256376
"33796",2021-05-15,"42","27  day ahead inc hosp",2021-06-11,"quantile",0.35,104.861984678879
"33797",2021-05-15,"42","27  day ahead inc hosp",2021-06-11,"quantile",0.4,112.063144056826
"33798",2021-05-15,"42","27  day ahead inc hosp",2021-06-11,"quantile",0.45,119.377321348865
"33799",2021-05-15,"42","27  day ahead inc hosp",2021-06-11,"quantile",0.5,126.9194708744
"33800",2021-05-15,"42","27  day ahead inc hosp",2021-06-11,"quantile",0.55,134.813478445111
"33801",2021-05-15,"42","27  day ahead inc hosp",2021-06-11,"quantile",0.6,143.206163736664
"33802",2021-05-15,"42","27  day ahead inc hosp",2021-06-11,"quantile",0.65,152.286352727662
"33803",2021-05-15,"42","27  day ahead inc hosp",2021-06-11,"quantile",0.7,162.315823238917
"33804",2021-05-15,"42","27  day ahead inc hosp",2021-06-11,"quantile",0.75,173.686488705672
"33805",2021-05-15,"42","27  day ahead inc hosp",2021-06-11,"quantile",0.8,187.040143381868
"33806",2021-05-15,"42","27  day ahead inc hosp",2021-06-11,"quantile",0.85,203.561079542609
"33807",2021-05-15,"42","27  day ahead inc hosp",2021-06-11,"quantile",0.9,225.875279365036
"33808",2021-05-15,"42","27  day ahead inc hosp",2021-06-11,"quantile",0.95,262.26118850333
"33809",2021-05-15,"42","27  day ahead inc hosp",2021-06-11,"quantile",0.975,297.233670584208
"33810",2021-05-15,"42","27  day ahead inc hosp",2021-06-11,"quantile",0.99,342.168739299814
"33811",2021-05-15,"42","28  day ahead inc hosp",2021-06-12,"quantile",0.01,27.6187319611348
"33812",2021-05-15,"42","28  day ahead inc hosp",2021-06-12,"quantile",0.025,35.706601140338
"33813",2021-05-15,"42","28  day ahead inc hosp",2021-06-12,"quantile",0.05,43.9813122773427
"33814",2021-05-15,"42","28  day ahead inc hosp",2021-06-12,"quantile",0.1,55.2196979968175
"33815",2021-05-15,"42","28  day ahead inc hosp",2021-06-12,"quantile",0.15,63.9337671361547
"33816",2021-05-15,"42","28  day ahead inc hosp",2021-06-12,"quantile",0.2,71.5640075620851
"33817",2021-05-15,"42","28  day ahead inc hosp",2021-06-12,"quantile",0.25,78.637397245382
"33818",2021-05-15,"42","28  day ahead inc hosp",2021-06-12,"quantile",0.3,85.4250306162404
"33819",2021-05-15,"42","28  day ahead inc hosp",2021-06-12,"quantile",0.35,92.098428383953
"33820",2021-05-15,"42","28  day ahead inc hosp",2021-06-12,"quantile",0.4,98.7852689874605
"33821",2021-05-15,"42","28  day ahead inc hosp",2021-06-12,"quantile",0.45,105.595175296331
"33822",2021-05-15,"42","28  day ahead inc hosp",2021-06-12,"quantile",0.5,112.6350292576
"33823",2021-05-15,"42","28  day ahead inc hosp",2021-06-12,"quantile",0.55,120.021152811155
"33824",2021-05-15,"42","28  day ahead inc hosp",2021-06-12,"quantile",0.6,127.892455597318
"33825",2021-05-15,"42","28  day ahead inc hosp",2021-06-12,"quantile",0.65,136.428578392408
"33826",2021-05-15,"42","28  day ahead inc hosp",2021-06-12,"quantile",0.7,145.879529537183
"33827",2021-05-15,"42","28  day ahead inc hosp",2021-06-12,"quantile",0.75,156.620625877836
"33828",2021-05-15,"42","28  day ahead inc hosp",2021-06-12,"quantile",0.8,169.267740133872
"33829",2021-05-15,"42","28  day ahead inc hosp",2021-06-12,"quantile",0.85,184.959275488143
"33830",2021-05-15,"42","28  day ahead inc hosp",2021-06-12,"quantile",0.9,206.223724426058
"33831",2021-05-15,"42","28  day ahead inc hosp",2021-06-12,"quantile",0.95,241.048995554673
"33832",2021-05-15,"42","28  day ahead inc hosp",2021-06-12,"quantile",0.975,274.672606207839
"33833",2021-05-15,"42","28  day ahead inc hosp",2021-06-12,"quantile",0.99,318.058046682362
"33834",2021-05-15,"42","29  day ahead inc hosp",2021-06-13,"quantile",0.01,29.7237801614365
"33835",2021-05-15,"42","29  day ahead inc hosp",2021-06-13,"quantile",0.025,38.6535018197719
"33836",2021-05-15,"42","29  day ahead inc hosp",2021-06-13,"quantile",0.05,47.8245278298379
"33837",2021-05-15,"42","29  day ahead inc hosp",2021-06-13,"quantile",0.1,60.3229016821691
"33838",2021-05-15,"42","29  day ahead inc hosp",2021-06-13,"quantile",0.15,70.040583551439
"33839",2021-05-15,"42","29  day ahead inc hosp",2021-06-13,"quantile",0.2,78.5652866781901
"33840",2021-05-15,"42","29  day ahead inc hosp",2021-06-13,"quantile",0.25,86.4791695456252
"33841",2021-05-15,"42","29  day ahead inc hosp",2021-06-13,"quantile",0.3,94.0824197112268
"33842",2021-05-15,"42","29  day ahead inc hosp",2021-06-13,"quantile",0.35,101.565518885959
"33843",2021-05-15,"42","29  day ahead inc hosp",2021-06-13,"quantile",0.4,109.070762091501
"33844",2021-05-15,"42","29  day ahead inc hosp",2021-06-13,"quantile",0.45,116.720796728661
"33845",2021-05-15,"42","29  day ahead inc hosp",2021-06-13,"quantile",0.5,124.635651641167
"33846",2021-05-15,"42","29  day ahead inc hosp",2021-06-13,"quantile",0.55,132.946372855174
"33847",2021-05-15,"42","29  day ahead inc hosp",2021-06-13,"quantile",0.6,141.809836347036
"33848",2021-05-15,"42","29  day ahead inc hosp",2021-06-13,"quantile",0.65,151.429274472092
"33849",2021-05-15,"42","29  day ahead inc hosp",2021-06-13,"quantile",0.7,162.087876036093
"33850",2021-05-15,"42","29  day ahead inc hosp",2021-06-13,"quantile",0.75,174.211138315964
"33851",2021-05-15,"42","29  day ahead inc hosp",2021-06-13,"quantile",0.8,188.497731982933
"33852",2021-05-15,"42","29  day ahead inc hosp",2021-06-13,"quantile",0.85,206.239813806323
"33853",2021-05-15,"42","29  day ahead inc hosp",2021-06-13,"quantile",0.9,230.308933278023
"33854",2021-05-15,"42","29  day ahead inc hosp",2021-06-13,"quantile",0.95,269.782926852517
"33855",2021-05-15,"42","29  day ahead inc hosp",2021-06-13,"quantile",0.975,307.950283924028
"33856",2021-05-15,"42","29  day ahead inc hosp",2021-06-13,"quantile",0.99,357.265899063216
"33857",2021-05-15,"42","30  day ahead inc hosp",2021-06-14,"quantile",0.01,27.3698153032272
"33858",2021-05-15,"42","30  day ahead inc hosp",2021-06-14,"quantile",0.025,36.0538062226926
"33859",2021-05-15,"42","30  day ahead inc hosp",2021-06-14,"quantile",0.05,45.0477414221716
"33860",2021-05-15,"42","30  day ahead inc hosp",2021-06-14,"quantile",0.1,57.3968436302325
"33861",2021-05-15,"42","30  day ahead inc hosp",2021-06-14,"quantile",0.15,67.056134564899
"33862",2021-05-15,"42","30  day ahead inc hosp",2021-06-14,"quantile",0.2,75.5636305892557
"33863",2021-05-15,"42","30  day ahead inc hosp",2021-06-14,"quantile",0.25,83.486116992419
"33864",2021-05-15,"42","30  day ahead inc hosp",2021-06-14,"quantile",0.3,91.1173920989231
"33865",2021-05-15,"42","30  day ahead inc hosp",2021-06-14,"quantile",0.35,98.6450947457635
"33866",2021-05-15,"42","30  day ahead inc hosp",2021-06-14,"quantile",0.4,106.21049587697
"33867",2021-05-15,"42","30  day ahead inc hosp",2021-06-14,"quantile",0.45,113.936399090434
"33868",2021-05-15,"42","30  day ahead inc hosp",2021-06-14,"quantile",0.5,121.943963978071
"33869",2021-05-15,"42","30  day ahead inc hosp",2021-06-14,"quantile",0.55,130.366377105439
"33870",2021-05-15,"42","30  day ahead inc hosp",2021-06-14,"quantile",0.6,139.363909745784
"33871",2021-05-15,"42","30  day ahead inc hosp",2021-06-14,"quantile",0.65,149.144968789151
"33872",2021-05-15,"42","30  day ahead inc hosp",2021-06-14,"quantile",0.7,160.000709405887
"33873",2021-05-15,"42","30  day ahead inc hosp",2021-06-14,"quantile",0.75,172.369403179048
"33874",2021-05-15,"42","30  day ahead inc hosp",2021-06-14,"quantile",0.8,186.971690851783
"33875",2021-05-15,"42","30  day ahead inc hosp",2021-06-14,"quantile",0.85,205.141913909162
"33876",2021-05-15,"42","30  day ahead inc hosp",2021-06-14,"quantile",0.9,229.848803357639
"33877",2021-05-15,"42","30  day ahead inc hosp",2021-06-14,"quantile",0.95,270.491040096487
"33878",2021-05-15,"42","30  day ahead inc hosp",2021-06-14,"quantile",0.975,309.910388220374
"33879",2021-05-15,"42","30  day ahead inc hosp",2021-06-14,"quantile",0.99,360.992459661211
"33880",2021-05-15,"42","31  day ahead inc hosp",2021-06-15,"quantile",0.01,26.8295719095827
"33881",2021-05-15,"42","31  day ahead inc hosp",2021-06-15,"quantile",0.025,35.6542131363355
"33882",2021-05-15,"42","31  day ahead inc hosp",2021-06-15,"quantile",0.05,44.8462515325238
"33883",2021-05-15,"42","31  day ahead inc hosp",2021-06-15,"quantile",0.1,57.5315321393912
"33884",2021-05-15,"42","31  day ahead inc hosp",2021-06-15,"quantile",0.15,67.4939634445094
"33885",2021-05-15,"42","31  day ahead inc hosp",2021-06-15,"quantile",0.2,76.2921501002431
"33886",2021-05-15,"42","31  day ahead inc hosp",2021-06-15,"quantile",0.25,84.5024606530136
"33887",2021-05-15,"42","31  day ahead inc hosp",2021-06-15,"quantile",0.3,92.4247470558084
"33888",2021-05-15,"42","31  day ahead inc hosp",2021-06-15,"quantile",0.35,100.251372235873
"33889",2021-05-15,"42","31  day ahead inc hosp",2021-06-15,"quantile",0.4,108.12794109299
"33890",2021-05-15,"42","31  day ahead inc hosp",2021-06-15,"quantile",0.45,116.181755265466
"33891",2021-05-15,"42","31  day ahead inc hosp",2021-06-15,"quantile",0.5,124.539095439248
"33892",2021-05-15,"42","31  day ahead inc hosp",2021-06-15,"quantile",0.55,133.339406607657
"33893",2021-05-15,"42","31  day ahead inc hosp",2021-06-15,"quantile",0.6,142.751066427887
"33894",2021-05-15,"42","31  day ahead inc hosp",2021-06-15,"quantile",0.65,152.993557093291
"33895",2021-05-15,"42","31  day ahead inc hosp",2021-06-15,"quantile",0.7,164.374026617967
"33896",2021-05-15,"42","31  day ahead inc hosp",2021-06-15,"quantile",0.75,177.355374618961
"33897",2021-05-15,"42","31  day ahead inc hosp",2021-06-15,"quantile",0.8,192.699424505335
"33898",2021-05-15,"42","31  day ahead inc hosp",2021-06-15,"quantile",0.85,211.817849353146
"33899",2021-05-15,"42","31  day ahead inc hosp",2021-06-15,"quantile",0.9,237.853827604717
"33900",2021-05-15,"42","31  day ahead inc hosp",2021-06-15,"quantile",0.95,280.767850091443
"33901",2021-05-15,"42","31  day ahead inc hosp",2021-06-15,"quantile",0.975,322.47620822816
"33902",2021-05-15,"42","31  day ahead inc hosp",2021-06-15,"quantile",0.99,376.628559124043
"33903",2021-05-15,"42","32  day ahead inc hosp",2021-06-16,"quantile",0.01,24.548034080489
"33904",2021-05-15,"42","32  day ahead inc hosp",2021-06-16,"quantile",0.025,33.0756006983838
"33905",2021-05-15,"42","32  day ahead inc hosp",2021-06-16,"quantile",0.05,42.0381013527603
"33906",2021-05-15,"42","32  day ahead inc hosp",2021-06-16,"quantile",0.1,54.5047766955424
"33907",2021-05-15,"42","32  day ahead inc hosp",2021-06-16,"quantile",0.15,64.3571442762273
"33908",2021-05-15,"42","32  day ahead inc hosp",2021-06-16,"quantile",0.2,73.0945329675621
"33909",2021-05-15,"42","32  day ahead inc hosp",2021-06-16,"quantile",0.25,81.2744485421243
"33910",2021-05-15,"42","32  day ahead inc hosp",2021-06-16,"quantile",0.3,89.1886095915523
"33911",2021-05-15,"42","32  day ahead inc hosp",2021-06-16,"quantile",0.35,97.0254941827953
"33912",2021-05-15,"42","32  day ahead inc hosp",2021-06-16,"quantile",0.4,104.928974524369
"33913",2021-05-15,"42","32  day ahead inc hosp",2021-06-16,"quantile",0.45,113.025969936563
"33914",2021-05-15,"42","32  day ahead inc hosp",2021-06-16,"quantile",0.5,121.443437035826
"33915",2021-05-15,"42","32  day ahead inc hosp",2021-06-16,"quantile",0.55,130.322534952964
"33916",2021-05-15,"42","32  day ahead inc hosp",2021-06-16,"quantile",0.6,139.834593758976
"33917",2021-05-15,"42","32  day ahead inc hosp",2021-06-16,"quantile",0.65,150.203762823276
"33918",2021-05-15,"42","32  day ahead inc hosp",2021-06-16,"quantile",0.7,161.744518779273
"33919",2021-05-15,"42","32  day ahead inc hosp",2021-06-16,"quantile",0.75,174.931657741354
"33920",2021-05-15,"42","32  day ahead inc hosp",2021-06-16,"quantile",0.8,190.547642321713
"33921",2021-05-15,"42","32  day ahead inc hosp",2021-06-16,"quantile",0.85,210.044061450682
"33922",2021-05-15,"42","32  day ahead inc hosp",2021-06-16,"quantile",0.9,236.65670036686
"33923",2021-05-15,"42","32  day ahead inc hosp",2021-06-16,"quantile",0.95,280.654409215276
"33924",2021-05-15,"42","32  day ahead inc hosp",2021-06-16,"quantile",0.975,323.549552628018
"33925",2021-05-15,"42","32  day ahead inc hosp",2021-06-16,"quantile",0.99,379.405341678984
"33926",2021-05-15,"42","33  day ahead inc hosp",2021-06-17,"quantile",0.01,22.7054421698208
"33927",2021-05-15,"42","33  day ahead inc hosp",2021-06-17,"quantile",0.025,30.9990858994308
"33928",2021-05-15,"42","33  day ahead inc hosp",2021-06-17,"quantile",0.05,39.7903945338633
"33929",2021-05-15,"42","33  day ahead inc hosp",2021-06-17,"quantile",0.1,52.110878145648
"33930",2021-05-15,"42","33  day ahead inc hosp",2021-06-17,"quantile",0.15,61.9054725998746
"33931",2021-05-15,"42","33  day ahead inc hosp",2021-06-17,"quantile",0.2,70.6257746363357
"33932",2021-05-15,"42","33  day ahead inc hosp",2021-06-17,"quantile",0.25,78.8144192874185
"33933",2021-05-15,"42","33  day ahead inc hosp",2021-06-17,"quantile",0.3,86.7569413884605
"33934",2021-05-15,"42","33  day ahead inc hosp",2021-06-17,"quantile",0.35,94.6390959166832
"33935",2021-05-15,"42","33  day ahead inc hosp",2021-06-17,"quantile",0.4,102.603827306175
"33936",2021-05-15,"42","33  day ahead inc hosp",2021-06-17,"quantile",0.45,110.77830999081
"33937",2021-05-15,"42","33  day ahead inc hosp",2021-06-17,"quantile",0.5,119.290749384326
"33938",2021-05-15,"42","33  day ahead inc hosp",2021-06-17,"quantile",0.55,128.284598629801
"33939",2021-05-15,"42","33  day ahead inc hosp",2021-06-17,"quantile",0.6,137.934794033866
"33940",2021-05-15,"42","33  day ahead inc hosp",2021-06-17,"quantile",0.65,148.470963318326
"33941",2021-05-15,"42","33  day ahead inc hosp",2021-06-17,"quantile",0.7,160.216009421709
"33942",2021-05-15,"42","33  day ahead inc hosp",2021-06-17,"quantile",0.75,173.658242967632
"33943",2021-05-15,"42","33  day ahead inc hosp",2021-06-17,"quantile",0.8,189.60338957583
"33944",2021-05-15,"42","33  day ahead inc hosp",2021-06-17,"quantile",0.85,209.547765417138
"33945",2021-05-15,"42","33  day ahead inc hosp",2021-06-17,"quantile",0.9,236.830384856019
"33946",2021-05-15,"42","33  day ahead inc hosp",2021-06-17,"quantile",0.95,282.061823632996
"33947",2021-05-15,"42","33  day ahead inc hosp",2021-06-17,"quantile",0.975,326.286273835709
"33948",2021-05-15,"42","33  day ahead inc hosp",2021-06-17,"quantile",0.99,384.027127782907
"33949",2021-05-15,"42","34  day ahead inc hosp",2021-06-18,"quantile",0.01,20.946097159896
"33950",2021-05-15,"42","34  day ahead inc hosp",2021-06-18,"quantile",0.025,28.9871543230692
"33951",2021-05-15,"42","34  day ahead inc hosp",2021-06-18,"quantile",0.05,37.5854663356834
"33952",2021-05-15,"42","34  day ahead inc hosp",2021-06-18,"quantile",0.1,49.7277502667342
"33953",2021-05-15,"42","34  day ahead inc hosp",2021-06-18,"quantile",0.15,59.4387219565928
"33954",2021-05-15,"42","34  day ahead inc hosp",2021-06-18,"quantile",0.2,68.1189184865242
"33955",2021-05-15,"42","34  day ahead inc hosp",2021-06-18,"quantile",0.25,76.2947906561054
"33956",2021-05-15,"42","34  day ahead inc hosp",2021-06-18,"quantile",0.3,84.2449846748814
"33957",2021-05-15,"42","34  day ahead inc hosp",2021-06-18,"quantile",0.35,92.1520748039422
"33958",2021-05-15,"42","34  day ahead inc hosp",2021-06-18,"quantile",0.4,100.157732375862
"33959",2021-05-15,"42","34  day ahead inc hosp",2021-06-18,"quantile",0.45,108.389089448887
"33960",2021-05-15,"42","34  day ahead inc hosp",2021-06-18,"quantile",0.5,116.97531152938
"33961",2021-05-15,"42","34  day ahead inc hosp",2021-06-18,"quantile",0.55,126.061834624513
"33962",2021-05-15,"42","34  day ahead inc hosp",2021-06-18,"quantile",0.6,135.826834235027
"33963",2021-05-15,"42","34  day ahead inc hosp",2021-06-18,"quantile",0.65,146.504947933141
"33964",2021-05-15,"42","34  day ahead inc hosp",2021-06-18,"quantile",0.7,158.426861519443
"33965",2021-05-15,"42","34  day ahead inc hosp",2021-06-18,"quantile",0.75,172.093447152191
"33966",2021-05-15,"42","34  day ahead inc hosp",2021-06-18,"quantile",0.8,188.332152067623
"33967",2021-05-15,"42","34  day ahead inc hosp",2021-06-18,"quantile",0.85,208.68121693631
"33968",2021-05-15,"42","34  day ahead inc hosp",2021-06-18,"quantile",0.9,236.57678663001
"33969",2021-05-15,"42","34  day ahead inc hosp",2021-06-18,"quantile",0.95,282.952469144065
"33970",2021-05-15,"42","34  day ahead inc hosp",2021-06-18,"quantile",0.975,328.424258253165
"33971",2021-05-15,"42","34  day ahead inc hosp",2021-06-18,"quantile",0.99,387.950459101283
"33972",2021-05-15,"42","35  day ahead inc hosp",2021-06-19,"quantile",0.01,18.2941591682797
"33973",2021-05-15,"42","35  day ahead inc hosp",2021-06-19,"quantile",0.025,25.7828181802584
"33974",2021-05-15,"42","35  day ahead inc hosp",2021-06-19,"quantile",0.05,33.8846851444802
"33975",2021-05-15,"42","35  day ahead inc hosp",2021-06-19,"quantile",0.1,45.442743323987
"33976",2021-05-15,"42","35  day ahead inc hosp",2021-06-19,"quantile",0.15,54.7601547723204
"33977",2021-05-15,"42","35  day ahead inc hosp",2021-06-19,"quantile",0.2,63.1322507215411
"33978",2021-05-15,"42","35  day ahead inc hosp",2021-06-19,"quantile",0.25,71.0496273208294
"33979",2021-05-15,"42","35  day ahead inc hosp",2021-06-19,"quantile",0.3,78.774048573222
"33980",2021-05-15,"42","35  day ahead inc hosp",2021-06-19,"quantile",0.35,86.4787095102814
"33981",2021-05-15,"42","35  day ahead inc hosp",2021-06-19,"quantile",0.4,94.2995207211264
"33982",2021-05-15,"42","35  day ahead inc hosp",2021-06-19,"quantile",0.45,102.359846426708
"33983",2021-05-15,"42","35  day ahead inc hosp",2021-06-19,"quantile",0.5,110.786305555058
"33984",2021-05-15,"42","35  day ahead inc hosp",2021-06-19,"quantile",0.55,119.722621458617
"33985",2021-05-15,"42","35  day ahead inc hosp",2021-06-19,"quantile",0.6,129.345910986867
"33986",2021-05-15,"42","35  day ahead inc hosp",2021-06-19,"quantile",0.65,139.89037549732
"33987",2021-05-15,"42","35  day ahead inc hosp",2021-06-19,"quantile",0.7,151.687019344219
"33988",2021-05-15,"42","35  day ahead inc hosp",2021-06-19,"quantile",0.75,165.238201856549
"33989",2021-05-15,"42","35  day ahead inc hosp",2021-06-19,"quantile",0.8,181.375095986234
"33990",2021-05-15,"42","35  day ahead inc hosp",2021-06-19,"quantile",0.85,201.64490388523
"33991",2021-05-15,"42","35  day ahead inc hosp",2021-06-19,"quantile",0.9,229.508407510764
"33992",2021-05-15,"42","35  day ahead inc hosp",2021-06-19,"quantile",0.95,275.996247076198
"33993",2021-05-15,"42","35  day ahead inc hosp",2021-06-19,"quantile",0.975,321.744372380563
"33994",2021-05-15,"42","35  day ahead inc hosp",2021-06-19,"quantile",0.99,381.835482195098
"33995",2021-05-15,"42","36  day ahead inc hosp",2021-06-20,"quantile",0.01,17.8839226843495
"33996",2021-05-15,"42","36  day ahead inc hosp",2021-06-20,"quantile",0.025,25.4383022334231
"33997",2021-05-15,"42","36  day ahead inc hosp",2021-06-20,"quantile",0.05,33.6596555160102
"33998",2021-05-15,"42","36  day ahead inc hosp",2021-06-20,"quantile",0.1,45.4481357486179
"33999",2021-05-15,"42","36  day ahead inc hosp",2021-06-20,"quantile",0.15,54.9890600622108
"34000",2021-05-15,"42","36  day ahead inc hosp",2021-06-20,"quantile",0.2,63.5843536085532
"34001",2021-05-15,"42","36  day ahead inc hosp",2021-06-20,"quantile",0.25,71.7290249916967
"34002",2021-05-15,"42","36  day ahead inc hosp",2021-06-20,"quantile",0.3,79.688287913007
"34003",2021-05-15,"42","36  day ahead inc hosp",2021-06-20,"quantile",0.35,87.6384999473923
"34004",2021-05-15,"42","36  day ahead inc hosp",2021-06-20,"quantile",0.4,95.7188432468407
"34005",2021-05-15,"42","36  day ahead inc hosp",2021-06-20,"quantile",0.45,104.056375318259
"34006",2021-05-15,"42","36  day ahead inc hosp",2021-06-20,"quantile",0.5,112.782161418552
"34007",2021-05-15,"42","36  day ahead inc hosp",2021-06-20,"quantile",0.55,122.04555774251
"34008",2021-05-15,"42","36  day ahead inc hosp",2021-06-20,"quantile",0.6,132.031147027079
"34009",2021-05-15,"42","36  day ahead inc hosp",2021-06-20,"quantile",0.65,142.983484246471
"34010",2021-05-15,"42","36  day ahead inc hosp",2021-06-20,"quantile",0.7,155.248675657986
"34011",2021-05-15,"42","36  day ahead inc hosp",2021-06-20,"quantile",0.75,169.352506043425
"34012",2021-05-15,"42","36  day ahead inc hosp",2021-06-20,"quantile",0.8,186.165547736171
"34013",2021-05-15,"42","36  day ahead inc hosp",2021-06-20,"quantile",0.85,207.309377010516
"34014",2021-05-15,"42","36  day ahead inc hosp",2021-06-20,"quantile",0.9,236.413491458238
"34015",2021-05-15,"42","36  day ahead inc hosp",2021-06-20,"quantile",0.95,285.05581542294
"34016",2021-05-15,"42","36  day ahead inc hosp",2021-06-20,"quantile",0.975,333.009222998732
"34017",2021-05-15,"42","36  day ahead inc hosp",2021-06-20,"quantile",0.99,396.10090794117
"34018",2021-05-15,"42","37  day ahead inc hosp",2021-06-21,"quantile",0.01,17.9235971776129
"34019",2021-05-15,"42","37  day ahead inc hosp",2021-06-21,"quantile",0.025,25.6737460197604
"34020",2021-05-15,"42","37  day ahead inc hosp",2021-06-21,"quantile",0.05,34.145910367429
"34021",2021-05-15,"42","37  day ahead inc hosp",2021-06-21,"quantile",0.1,46.3408521156349
"34022",2021-05-15,"42","37  day ahead inc hosp",2021-06-21,"quantile",0.15,56.2402311638835
"34023",2021-05-15,"42","37  day ahead inc hosp",2021-06-21,"quantile",0.2,65.1759144586258
"34024",2021-05-15,"42","37  day ahead inc hosp",2021-06-21,"quantile",0.25,73.6557979349747
"34025",2021-05-15,"42","37  day ahead inc hosp",2021-06-21,"quantile",0.3,81.9528640355992
"34026",2021-05-15,"42","37  day ahead inc hosp",2021-06-21,"quantile",0.35,90.2493310821691
"34027",2021-05-15,"42","37  day ahead inc hosp",2021-06-21,"quantile",0.4,98.6896287585847
"34028",2021-05-15,"42","37  day ahead inc hosp",2021-06-21,"quantile",0.45,107.406172854929
"34029",2021-05-15,"42","37  day ahead inc hosp",2021-06-21,"quantile",0.5,116.536068070447
"34030",2021-05-15,"42","37  day ahead inc hosp",2021-06-21,"quantile",0.55,126.236008779721
"34031",2021-05-15,"42","37  day ahead inc hosp",2021-06-21,"quantile",0.6,136.700053501485
"34032",2021-05-15,"42","37  day ahead inc hosp",2021-06-21,"quantile",0.65,148.185684867489
"34033",2021-05-15,"42","37  day ahead inc hosp",2021-06-21,"quantile",0.7,161.05766829799
"34034",2021-05-15,"42","37  day ahead inc hosp",2021-06-21,"quantile",0.75,175.870526835962
"34035",2021-05-15,"42","37  day ahead inc hosp",2021-06-21,"quantile",0.8,193.542915138662
"34036",2021-05-15,"42","37  day ahead inc hosp",2021-06-21,"quantile",0.85,215.786776661133
"34037",2021-05-15,"42","37  day ahead inc hosp",2021-06-21,"quantile",0.9,246.435716504716
"34038",2021-05-15,"42","37  day ahead inc hosp",2021-06-21,"quantile",0.95,297.726222703786
"34039",2021-05-15,"42","37  day ahead inc hosp",2021-06-21,"quantile",0.975,348.356953607431
"34040",2021-05-15,"42","37  day ahead inc hosp",2021-06-21,"quantile",0.99,415.052562610061
"34041",2021-05-15,"44","1  day ahead inc hosp",2021-05-16,"quantile",0.01,1.07217106640028
"34042",2021-05-15,"44","1  day ahead inc hosp",2021-05-16,"quantile",0.025,1.44855762103412
"34043",2021-05-15,"44","1  day ahead inc hosp",2021-05-16,"quantile",0.05,1.84483811457402
"34044",2021-05-15,"44","1  day ahead inc hosp",2021-05-16,"quantile",0.1,2.39691156174028
"34045",2021-05-15,"44","1  day ahead inc hosp",2021-05-16,"quantile",0.15,2.83374822410644
"34046",2021-05-15,"44","1  day ahead inc hosp",2021-05-16,"quantile",0.2,3.22146415547334
"34047",2021-05-15,"44","1  day ahead inc hosp",2021-05-16,"quantile",0.25,3.58467057843947
"34048",2021-05-15,"44","1  day ahead inc hosp",2021-05-16,"quantile",0.3,3.93626028438757
"34049",2021-05-15,"44","1  day ahead inc hosp",2021-05-16,"quantile",0.35,4.28457499628392
"34050",2021-05-15,"44","1  day ahead inc hosp",2021-05-16,"quantile",0.4,4.63599286282975
"34051",2021-05-15,"44","1  day ahead inc hosp",2021-05-16,"quantile",0.45,4.99615035803393
"34052",2021-05-15,"44","1  day ahead inc hosp",2021-05-16,"quantile",0.5,5.3706947495569
"34053",2021-05-15,"44","1  day ahead inc hosp",2021-05-16,"quantile",0.55,5.7659133802649
"34054",2021-05-15,"44","1  day ahead inc hosp",2021-05-16,"quantile",0.6,6.18944497787572
"34055",2021-05-15,"44","1  day ahead inc hosp",2021-05-16,"quantile",0.65,6.6512901858929
"34056",2021-05-15,"44","1  day ahead inc hosp",2021-05-16,"quantile",0.7,7.1654864689117
"34057",2021-05-15,"44","1  day ahead inc hosp",2021-05-16,"quantile",0.75,7.75323480626809
"34058",2021-05-15,"44","1  day ahead inc hosp",2021-05-16,"quantile",0.8,8.44948339199435
"34059",2021-05-15,"44","1  day ahead inc hosp",2021-05-16,"quantile",0.85,9.31908081248558
"34060",2021-05-15,"44","1  day ahead inc hosp",2021-05-16,"quantile",0.9,10.506615217338
"34061",2021-05-15,"44","1  day ahead inc hosp",2021-05-16,"quantile",0.95,12.4710689105691
"34062",2021-05-15,"44","1  day ahead inc hosp",2021-05-16,"quantile",0.975,14.3874425396403
"34063",2021-05-15,"44","1  day ahead inc hosp",2021-05-16,"quantile",0.99,16.8842400343929
"34064",2021-05-15,"44","2  day ahead inc hosp",2021-05-17,"quantile",0.01,1.61281785418814
"34065",2021-05-15,"44","2  day ahead inc hosp",2021-05-17,"quantile",0.025,2.14250591103875
"34066",2021-05-15,"44","2  day ahead inc hosp",2021-05-17,"quantile",0.05,2.69411407158828
"34067",2021-05-15,"44","2  day ahead inc hosp",2021-05-17,"quantile",0.1,3.45518763640182
"34068",2021-05-15,"44","2  day ahead inc hosp",2021-05-17,"quantile",0.15,4.05279846658907
"34069",2021-05-15,"44","2  day ahead inc hosp",2021-05-17,"quantile",0.2,4.58051091226655
"34070",2021-05-15,"44","2  day ahead inc hosp",2021-05-17,"quantile",0.25,5.07291980210018
"34071",2021-05-15,"44","2  day ahead inc hosp",2021-05-17,"quantile",0.3,5.5480201110441
"34072",2021-05-15,"44","2  day ahead inc hosp",2021-05-17,"quantile",0.35,6.0173539126926
"34073",2021-05-15,"44","2  day ahead inc hosp",2021-05-17,"quantile",0.4,6.48965575955884
"34074",2021-05-15,"44","2  day ahead inc hosp",2021-05-17,"quantile",0.45,6.97256038624732
"34075",2021-05-15,"44","2  day ahead inc hosp",2021-05-17,"quantile",0.5,7.47363958399977
"34076",2021-05-15,"44","2  day ahead inc hosp",2021-05-17,"quantile",0.55,8.00125290650003
"34077",2021-05-15,"44","2  day ahead inc hosp",2021-05-17,"quantile",0.6,8.56549295465847
"34078",2021-05-15,"44","2  day ahead inc hosp",2021-05-17,"quantile",0.65,9.17951422409788
"34079",2021-05-15,"44","2  day ahead inc hosp",2021-05-17,"quantile",0.7,9.86172410598952
"34080",2021-05-15,"44","2  day ahead inc hosp",2021-05-17,"quantile",0.75,10.6398628184817
"34081",2021-05-15,"44","2  day ahead inc hosp",2021-05-17,"quantile",0.8,11.5595825042219
"34082",2021-05-15,"44","2  day ahead inc hosp",2021-05-17,"quantile",0.85,12.7054747670452
"34083",2021-05-15,"44","2  day ahead inc hosp",2021-05-17,"quantile",0.9,14.2658821567244
"34084",2021-05-15,"44","2  day ahead inc hosp",2021-05-17,"quantile",0.95,16.8376240444124
"34085",2021-05-15,"44","2  day ahead inc hosp",2021-05-17,"quantile",0.975,19.3369001713241
"34086",2021-05-15,"44","2  day ahead inc hosp",2021-05-17,"quantile",0.99,22.5815948390374
"34087",2021-05-15,"44","3  day ahead inc hosp",2021-05-18,"quantile",0.01,1.22193352562172
"34088",2021-05-15,"44","3  day ahead inc hosp",2021-05-18,"quantile",0.025,1.66571693157876
"34089",2021-05-15,"44","3  day ahead inc hosp",2021-05-18,"quantile",0.05,2.13566471977366
"34090",2021-05-15,"44","3  day ahead inc hosp",2021-05-18,"quantile",0.1,2.79369733578467
"34091",2021-05-15,"44","3  day ahead inc hosp",2021-05-18,"quantile",0.15,3.31646593786391
"34092",2021-05-15,"44","3  day ahead inc hosp",2021-05-18,"quantile",0.2,3.78168559728309
"34093",2021-05-15,"44","3  day ahead inc hosp",2021-05-18,"quantile",0.25,4.21838968375998
"34094",2021-05-15,"44","3  day ahead inc hosp",2021-05-18,"quantile",0.3,4.64184554823117
"34095",2021-05-15,"44","3  day ahead inc hosp",2021-05-18,"quantile",0.35,5.06197741171056
"34096",2021-05-15,"44","3  day ahead inc hosp",2021-05-18,"quantile",0.4,5.48641510542462
"34097",2021-05-15,"44","3  day ahead inc hosp",2021-05-18,"quantile",0.45,5.92194006822119
"34098",2021-05-15,"44","3  day ahead inc hosp",2021-05-18,"quantile",0.5,6.3753826063211
"34099",2021-05-15,"44","3  day ahead inc hosp",2021-05-18,"quantile",0.55,6.85437983956087
"34100",2021-05-15,"44","3  day ahead inc hosp",2021-05-18,"quantile",0.6,7.36823998908513
"34101",2021-05-15,"44","3  day ahead inc hosp",2021-05-18,"quantile",0.65,7.9291767621173
"34102",2021-05-15,"44","3  day ahead inc hosp",2021-05-18,"quantile",0.7,8.55436062606921
"34103",2021-05-15,"44","3  day ahead inc hosp",2021-05-18,"quantile",0.75,9.26975287016799
"34104",2021-05-15,"44","3  day ahead inc hosp",2021-05-18,"quantile",0.8,10.1181843270253
"34105",2021-05-15,"44","3  day ahead inc hosp",2021-05-18,"quantile",0.85,11.1791867910794
"34106",2021-05-15,"44","3  day ahead inc hosp",2021-05-18,"quantile",0.9,12.6302132696456
"34107",2021-05-15,"44","3  day ahead inc hosp",2021-05-18,"quantile",0.95,15.0350805235368
"34108",2021-05-15,"44","3  day ahead inc hosp",2021-05-18,"quantile",0.975,17.3856391157908
"34109",2021-05-15,"44","3  day ahead inc hosp",2021-05-18,"quantile",0.99,20.4536676058026
"34110",2021-05-15,"44","4  day ahead inc hosp",2021-05-19,"quantile",0.01,1.33602870307363
"34111",2021-05-15,"44","4  day ahead inc hosp",2021-05-19,"quantile",0.025,1.81913658477557
"34112",2021-05-15,"44","4  day ahead inc hosp",2021-05-19,"quantile",0.05,2.33034389451232
"34113",2021-05-15,"44","4  day ahead inc hosp",2021-05-19,"quantile",0.1,3.04567878824497
"34114",2021-05-15,"44","4  day ahead inc hosp",2021-05-19,"quantile",0.15,3.61367629377845
"34115",2021-05-15,"44","4  day ahead inc hosp",2021-05-19,"quantile",0.2,4.11897228548391
"34116",2021-05-15,"44","4  day ahead inc hosp",2021-05-19,"quantile",0.25,4.59317080443907
"34117",2021-05-15,"44","4  day ahead inc hosp",2021-05-19,"quantile",0.3,5.05288275402205
"34118",2021-05-15,"44","4  day ahead inc hosp",2021-05-19,"quantile",0.35,5.50889914638297
"34119",2021-05-15,"44","4  day ahead inc hosp",2021-05-19,"quantile",0.4,5.96951030376266
"34120",2021-05-15,"44","4  day ahead inc hosp",2021-05-19,"quantile",0.45,6.44207923743428
"34121",2021-05-15,"44","4  day ahead inc hosp",2021-05-19,"quantile",0.5,6.93401698283311
"34122",2021-05-15,"44","4  day ahead inc hosp",2021-05-19,"quantile",0.55,7.4536054270006
"34123",2021-05-15,"44","4  day ahead inc hosp",2021-05-19,"quantile",0.6,8.01093452373751
"34124",2021-05-15,"44","4  day ahead inc hosp",2021-05-19,"quantile",0.65,8.61923992752159
"34125",2021-05-15,"44","4  day ahead inc hosp",2021-05-19,"quantile",0.7,9.29712510569116
"34126",2021-05-15,"44","4  day ahead inc hosp",2021-05-19,"quantile",0.75,10.0727140566307
"34127",2021-05-15,"44","4  day ahead inc hosp",2021-05-19,"quantile",0.8,10.9924007006285
"34128",2021-05-15,"44","4  day ahead inc hosp",2021-05-19,"quantile",0.85,12.1423252240833
"34129",2021-05-15,"44","4  day ahead inc hosp",2021-05-19,"quantile",0.9,13.7146677952254
"34130",2021-05-15,"44","4  day ahead inc hosp",2021-05-19,"quantile",0.95,16.3199667622518
"34131",2021-05-15,"44","4  day ahead inc hosp",2021-05-19,"quantile",0.975,18.8657972193273
"34132",2021-05-15,"44","4  day ahead inc hosp",2021-05-19,"quantile",0.99,22.1879302411895
"34133",2021-05-15,"44","5  day ahead inc hosp",2021-05-20,"quantile",0.01,1.30451781727136
"34134",2021-05-15,"44","5  day ahead inc hosp",2021-05-20,"quantile",0.025,1.78883680914838
"34135",2021-05-15,"44","5  day ahead inc hosp",2021-05-20,"quantile",0.05,2.30367025924871
"34136",2021-05-15,"44","5  day ahead inc hosp",2021-05-20,"quantile",0.1,3.02696443513899
"34137",2021-05-15,"44","5  day ahead inc hosp",2021-05-20,"quantile",0.15,3.60309258324431
"34138",2021-05-15,"44","5  day ahead inc hosp",2021-05-20,"quantile",0.2,4.116691196058
"34139",2021-05-15,"44","5  day ahead inc hosp",2021-05-20,"quantile",0.25,4.59945539296179
"34140",2021-05-15,"44","5  day ahead inc hosp",2021-05-20,"quantile",0.3,5.068094594089
"34141",2021-05-15,"44","5  day ahead inc hosp",2021-05-20,"quantile",0.35,5.53350417192527
"34142",2021-05-15,"44","5  day ahead inc hosp",2021-05-20,"quantile",0.4,6.0040910411244
"34143",2021-05-15,"44","5  day ahead inc hosp",2021-05-20,"quantile",0.45,6.48735557635017
"34144",2021-05-15,"44","5  day ahead inc hosp",2021-05-20,"quantile",0.5,6.99087819517577
"34145",2021-05-15,"44","5  day ahead inc hosp",2021-05-20,"quantile",0.55,7.52315828915196
"34146",2021-05-15,"44","5  day ahead inc hosp",2021-05-20,"quantile",0.6,8.09457631438486
"34147",2021-05-15,"44","5  day ahead inc hosp",2021-05-20,"quantile",0.65,8.71877254265688
"34148",2021-05-15,"44","5  day ahead inc hosp",2021-05-20,"quantile",0.7,9.41494206160469
"34149",2021-05-15,"44","5  day ahead inc hosp",2021-05-20,"quantile",0.75,10.2121277996874
"34150",2021-05-15,"44","5  day ahead inc hosp",2021-05-20,"quantile",0.8,11.1582703201957
"34151",2021-05-15,"44","5  day ahead inc hosp",2021-05-20,"quantile",0.85,12.3424303634722
"34152",2021-05-15,"44","5  day ahead inc hosp",2021-05-20,"quantile",0.9,13.9634139183936
"34153",2021-05-15,"44","5  day ahead inc hosp",2021-05-20,"quantile",0.95,16.6532503907255
"34154",2021-05-15,"44","5  day ahead inc hosp",2021-05-20,"quantile",0.975,19.2856426013647
"34155",2021-05-15,"44","5  day ahead inc hosp",2021-05-20,"quantile",0.99,22.7255491250918
"34156",2021-05-15,"44","6  day ahead inc hosp",2021-05-21,"quantile",0.01,0.894783412683412
"34157",2021-05-15,"44","6  day ahead inc hosp",2021-05-21,"quantile",0.025,1.27139315806767
"34158",2021-05-15,"44","6  day ahead inc hosp",2021-05-21,"quantile",0.05,1.68097429423096
"34159",2021-05-15,"44","6  day ahead inc hosp",2021-05-21,"quantile",0.1,2.26792146223887
"34160",2021-05-15,"44","6  day ahead inc hosp",2021-05-21,"quantile",0.15,2.74274614774474
"34161",2021-05-15,"44","6  day ahead inc hosp",2021-05-21,"quantile",0.2,3.170381273927
"34162",2021-05-15,"44","6  day ahead inc hosp",2021-05-21,"quantile",0.25,3.57550405966975
"34163",2021-05-15,"44","6  day ahead inc hosp",2021-05-21,"quantile",0.3,3.97132960706632
"34164",2021-05-15,"44","6  day ahead inc hosp",2021-05-21,"quantile",0.35,4.36664038359959
"34165",2021-05-15,"44","6  day ahead inc hosp",2021-05-21,"quantile",0.4,4.76836298921812
"34166",2021-05-15,"44","6  day ahead inc hosp",2021-05-21,"quantile",0.45,5.18281646431092
"34167",2021-05-15,"44","6  day ahead inc hosp",2021-05-21,"quantile",0.5,5.61651542093287
"34168",2021-05-15,"44","6  day ahead inc hosp",2021-05-21,"quantile",0.55,6.07688028903952
"34169",2021-05-15,"44","6  day ahead inc hosp",2021-05-21,"quantile",0.6,6.57307867640327
"34170",2021-05-15,"44","6  day ahead inc hosp",2021-05-21,"quantile",0.65,7.11725408546173
"34171",2021-05-15,"44","6  day ahead inc hosp",2021-05-21,"quantile",0.7,7.72658994799773
"34172",2021-05-15,"44","6  day ahead inc hosp",2021-05-21,"quantile",0.75,8.42718748873299
"34173",2021-05-15,"44","6  day ahead inc hosp",2021-05-21,"quantile",0.8,9.26226038916908
"34174",2021-05-15,"44","6  day ahead inc hosp",2021-05-21,"quantile",0.85,10.312294990584
"34175",2021-05-15,"44","6  day ahead inc hosp",2021-05-21,"quantile",0.9,11.7574267058604
"34176",2021-05-15,"44","6  day ahead inc hosp",2021-05-21,"quantile",0.95,14.1722248087168
"34177",2021-05-15,"44","6  day ahead inc hosp",2021-05-21,"quantile",0.975,16.5523389927085
"34178",2021-05-15,"44","6  day ahead inc hosp",2021-05-21,"quantile",0.99,19.6832349673866
"34179",2021-05-15,"44","7  day ahead inc hosp",2021-05-22,"quantile",0.01,0.579973923332766
"34180",2021-05-15,"44","7  day ahead inc hosp",2021-05-22,"quantile",0.025,0.861543622646761
"34181",2021-05-15,"44","7  day ahead inc hosp",2021-05-22,"quantile",0.05,1.17653890379875
"34182",2021-05-15,"44","7  day ahead inc hosp",2021-05-22,"quantile",0.1,1.63898667743094
"34183",2021-05-15,"44","7  day ahead inc hosp",2021-05-22,"quantile",0.15,2.02013073102583
"34184",2021-05-15,"44","7  day ahead inc hosp",2021-05-22,"quantile",0.2,2.36759917916546
"34185",2021-05-15,"44","7  day ahead inc hosp",2021-05-22,"quantile",0.25,2.69984345375745
"34186",2021-05-15,"44","7  day ahead inc hosp",2021-05-22,"quantile",0.3,3.02695023877285
"34187",2021-05-15,"44","7  day ahead inc hosp",2021-05-22,"quantile",0.35,3.35579011700506
"34188",2021-05-15,"44","7  day ahead inc hosp",2021-05-22,"quantile",0.4,3.69193250493258
"34189",2021-05-15,"44","7  day ahead inc hosp",2021-05-22,"quantile",0.45,4.0405964276899
"34190",2021-05-15,"44","7  day ahead inc hosp",2021-05-22,"quantile",0.5,4.40728741617709
"34191",2021-05-15,"44","7  day ahead inc hosp",2021-05-22,"quantile",0.55,4.7983880900547
"34192",2021-05-15,"44","7  day ahead inc hosp",2021-05-22,"quantile",0.6,5.22188375498412
"34193",2021-05-15,"44","7  day ahead inc hosp",2021-05-22,"quantile",0.65,5.68844372411422
"34194",2021-05-15,"44","7  day ahead inc hosp",2021-05-22,"quantile",0.7,6.2132552766701
"34195",2021-05-15,"44","7  day ahead inc hosp",2021-05-22,"quantile",0.75,6.81948514227324
"34196",2021-05-15,"44","7  day ahead inc hosp",2021-05-22,"quantile",0.8,7.54561357629803
"34197",2021-05-15,"44","7  day ahead inc hosp",2021-05-22,"quantile",0.85,8.46351446090821
"34198",2021-05-15,"44","7  day ahead inc hosp",2021-05-22,"quantile",0.9,9.7345162950627
"34199",2021-05-15,"44","7  day ahead inc hosp",2021-05-22,"quantile",0.95,11.8751091309378
"34200",2021-05-15,"44","7  day ahead inc hosp",2021-05-22,"quantile",0.975,14.0018826079656
"34201",2021-05-15,"44","7  day ahead inc hosp",2021-05-22,"quantile",0.99,16.8202877680046
"34202",2021-05-15,"44","8  day ahead inc hosp",2021-05-23,"quantile",0.01,0.830450333025774
"34203",2021-05-15,"44","8  day ahead inc hosp",2021-05-23,"quantile",0.025,1.20085846448856
"34204",2021-05-15,"44","8  day ahead inc hosp",2021-05-23,"quantile",0.05,1.60822528685128
"34205",2021-05-15,"44","8  day ahead inc hosp",2021-05-23,"quantile",0.1,2.19764072653693
"34206",2021-05-15,"44","8  day ahead inc hosp",2021-05-23,"quantile",0.15,2.67802610598656
"34207",2021-05-15,"44","8  day ahead inc hosp",2021-05-23,"quantile",0.2,3.11278505666841
"34208",2021-05-15,"44","8  day ahead inc hosp",2021-05-23,"quantile",0.25,3.52619406445292
"34209",2021-05-15,"44","8  day ahead inc hosp",2021-05-23,"quantile",0.3,3.93135788867236
"34210",2021-05-15,"44","8  day ahead inc hosp",2021-05-23,"quantile",0.35,4.33706976197906
"34211",2021-05-15,"44","8  day ahead inc hosp",2021-05-23,"quantile",0.4,4.75034023432605
"34212",2021-05-15,"44","8  day ahead inc hosp",2021-05-23,"quantile",0.45,5.17763390996481
"34213",2021-05-15,"44","8  day ahead inc hosp",2021-05-23,"quantile",0.5,5.62567775812117
"34214",2021-05-15,"44","8  day ahead inc hosp",2021-05-23,"quantile",0.55,6.10218960361883
"34215",2021-05-15,"44","8  day ahead inc hosp",2021-05-23,"quantile",0.6,6.61675406286511
"34216",2021-05-15,"44","8  day ahead inc hosp",2021-05-23,"quantile",0.65,7.18211254091121
"34217",2021-05-15,"44","8  day ahead inc hosp",2021-05-23,"quantile",0.7,7.81633890504798
"34218",2021-05-15,"44","8  day ahead inc hosp",2021-05-23,"quantile",0.75,8.54693493430268
"34219",2021-05-15,"44","8  day ahead inc hosp",2021-05-23,"quantile",0.8,9.41949422804049
"34220",2021-05-15,"44","8  day ahead inc hosp",2021-05-23,"quantile",0.85,10.5190348121909
"34221",2021-05-15,"44","8  day ahead inc hosp",2021-05-23,"quantile",0.9,12.0360611362323
"34222",2021-05-15,"44","8  day ahead inc hosp",2021-05-23,"quantile",0.95,14.5791363186861
"34223",2021-05-15,"44","8  day ahead inc hosp",2021-05-23,"quantile",0.975,17.0938815158363
"34224",2021-05-15,"44","8  day ahead inc hosp",2021-05-23,"quantile",0.99,20.4118998557694
"34225",2021-05-15,"44","9  day ahead inc hosp",2021-05-24,"quantile",0.01,1.33030598700888
"34226",2021-05-15,"44","9  day ahead inc hosp",2021-05-24,"quantile",0.025,1.85853855618404
"34227",2021-05-15,"44","9  day ahead inc hosp",2021-05-24,"quantile",0.05,2.42683016937157
"34228",2021-05-15,"44","9  day ahead inc hosp",2021-05-24,"quantile",0.1,3.23361951248261
"34229",2021-05-15,"44","9  day ahead inc hosp",2021-05-24,"quantile",0.15,3.88154321770758
"34230",2021-05-15,"44","9  day ahead inc hosp",2021-05-24,"quantile",0.2,4.46227943384195
"34231",2021-05-15,"44","9  day ahead inc hosp",2021-05-24,"quantile",0.25,5.01042433018508
"34232",2021-05-15,"44","9  day ahead inc hosp",2021-05-24,"quantile",0.3,5.54436568427503
"34233",2021-05-15,"44","9  day ahead inc hosp",2021-05-24,"quantile",0.35,6.07621260124077
"34234",2021-05-15,"44","9  day ahead inc hosp",2021-05-24,"quantile",0.4,6.61541633319589
"34235",2021-05-15,"44","9  day ahead inc hosp",2021-05-24,"quantile",0.45,7.17050894737818
"34236",2021-05-15,"44","9  day ahead inc hosp",2021-05-24,"quantile",0.5,7.75020536125915
"34237",2021-05-15,"44","9  day ahead inc hosp",2021-05-24,"quantile",0.55,8.36436004458227
"34238",2021-05-15,"44","9  day ahead inc hosp",2021-05-24,"quantile",0.6,9.0250834102163
"34239",2021-05-15,"44","9  day ahead inc hosp",2021-05-24,"quantile",0.65,9.74835814104123
"34240",2021-05-15,"44","9  day ahead inc hosp",2021-05-24,"quantile",0.7,10.556743061238
"34241",2021-05-15,"44","9  day ahead inc hosp",2021-05-24,"quantile",0.75,11.4844430158991
"34242",2021-05-15,"44","9  day ahead inc hosp",2021-05-24,"quantile",0.8,12.5880104782014
"34243",2021-05-15,"44","9  day ahead inc hosp",2021-05-24,"quantile",0.85,13.972650646632
"34244",2021-05-15,"44","9  day ahead inc hosp",2021-05-24,"quantile",0.9,15.8735379066027
"34245",2021-05-15,"44","9  day ahead inc hosp",2021-05-24,"quantile",0.95,19.0396498868349
"34246",2021-05-15,"44","9  day ahead inc hosp",2021-05-24,"quantile",0.975,22.1500127182562
"34247",2021-05-15,"44","9  day ahead inc hosp",2021-05-24,"quantile",0.99,26.2289965141638
"34248",2021-05-15,"44","10  day ahead inc hosp",2021-05-25,"quantile",0.01,1.03913718343855
"34249",2021-05-15,"44","10  day ahead inc hosp",2021-05-25,"quantile",0.025,1.48923034512724
"34250",2021-05-15,"44","10  day ahead inc hosp",2021-05-25,"quantile",0.05,1.98141740496506
"34251",2021-05-15,"44","10  day ahead inc hosp",2021-05-25,"quantile",0.1,2.69007906014826
"34252",2021-05-15,"44","10  day ahead inc hosp",2021-05-25,"quantile",0.15,3.26546958460456
"34253",2021-05-15,"44","10  day ahead inc hosp",2021-05-25,"quantile",0.2,3.78492122356987
"34254",2021-05-15,"44","10  day ahead inc hosp",2021-05-25,"quantile",0.25,4.27793045515309
"34255",2021-05-15,"44","10  day ahead inc hosp",2021-05-25,"quantile",0.3,4.76035469935164
"34256",2021-05-15,"44","10  day ahead inc hosp",2021-05-25,"quantile",0.35,5.24278193499324
"34257",2021-05-15,"44","10  day ahead inc hosp",2021-05-25,"quantile",0.4,5.73360707679642
"34258",2021-05-15,"44","10  day ahead inc hosp",2021-05-25,"quantile",0.45,6.24052917680719
"34259",2021-05-15,"44","10  day ahead inc hosp",2021-05-25,"quantile",0.5,6.77152210656985
"34260",2021-05-15,"44","10  day ahead inc hosp",2021-05-25,"quantile",0.55,7.3357009986411
"34261",2021-05-15,"44","10  day ahead inc hosp",2021-05-25,"quantile",0.6,7.94435624229699
"34262",2021-05-15,"44","10  day ahead inc hosp",2021-05-25,"quantile",0.65,8.61246984885613
"34263",2021-05-15,"44","10  day ahead inc hosp",2021-05-25,"quantile",0.7,9.36126778229132
"34264",2021-05-15,"44","10  day ahead inc hosp",2021-05-25,"quantile",0.75,10.2230198072556
"34265",2021-05-15,"44","10  day ahead inc hosp",2021-05-25,"quantile",0.8,11.2511879866731
"34266",2021-05-15,"44","10  day ahead inc hosp",2021-05-25,"quantile",0.85,12.5454040835834
"34267",2021-05-15,"44","10  day ahead inc hosp",2021-05-25,"quantile",0.9,14.3287842775357
"34268",2021-05-15,"44","10  day ahead inc hosp",2021-05-25,"quantile",0.95,17.3135251917671
"34269",2021-05-15,"44","10  day ahead inc hosp",2021-05-25,"quantile",0.975,20.2601562806276
"34270",2021-05-15,"44","10  day ahead inc hosp",2021-05-25,"quantile",0.99,24.1420859158494
"34271",2021-05-15,"44","11  day ahead inc hosp",2021-05-26,"quantile",0.01,1.26435514705037
"34272",2021-05-15,"44","11  day ahead inc hosp",2021-05-26,"quantile",0.025,1.7909192591031
"34273",2021-05-15,"44","11  day ahead inc hosp",2021-05-26,"quantile",0.05,2.36244172475877
"34274",2021-05-15,"44","11  day ahead inc hosp",2021-05-26,"quantile",0.1,3.18004842216345
"34275",2021-05-15,"44","11  day ahead inc hosp",2021-05-26,"quantile",0.15,3.84058598183926
"34276",2021-05-15,"44","11  day ahead inc hosp",2021-05-26,"quantile",0.2,4.4349547443168
"34277",2021-05-15,"44","11  day ahead inc hosp",2021-05-26,"quantile",0.25,4.99765529047522
"34278",2021-05-15,"44","11  day ahead inc hosp",2021-05-26,"quantile",0.3,5.54713741161215
"34279",2021-05-15,"44","11  day ahead inc hosp",2021-05-26,"quantile",0.35,6.09564167552328
"34280",2021-05-15,"44","11  day ahead inc hosp",2021-05-26,"quantile",0.4,6.65280347210391
"34281",2021-05-15,"44","11  day ahead inc hosp",2021-05-26,"quantile",0.45,7.22739610279457
"34282",2021-05-15,"44","11  day ahead inc hosp",2021-05-26,"quantile",0.5,7.82844913512461
"34283",2021-05-15,"44","11  day ahead inc hosp",2021-05-26,"quantile",0.55,8.46623406015094
"34284",2021-05-15,"44","11  day ahead inc hosp",2021-05-26,"quantile",0.6,9.15342872647572
"34285",2021-05-15,"44","11  day ahead inc hosp",2021-05-26,"quantile",0.65,9.90681523164968
"34286",2021-05-15,"44","11  day ahead inc hosp",2021-05-26,"quantile",0.7,10.7501299650946
"34287",2021-05-15,"44","11  day ahead inc hosp",2021-05-26,"quantile",0.75,11.719416299817
"34288",2021-05-15,"44","11  day ahead inc hosp",2021-05-26,"quantile",0.8,12.8743335680398
"34289",2021-05-15,"44","11  day ahead inc hosp",2021-05-26,"quantile",0.85,14.3259746652274
"34290",2021-05-15,"44","11  day ahead inc hosp",2021-05-26,"quantile",0.9,16.3229208695116
"34291",2021-05-15,"44","11  day ahead inc hosp",2021-05-26,"quantile",0.95,19.6578403744485
"34292",2021-05-15,"44","11  day ahead inc hosp",2021-05-26,"quantile",0.975,22.9428978162222
"34293",2021-05-15,"44","11  day ahead inc hosp",2021-05-26,"quantile",0.99,27.2617980992108
"34294",2021-05-15,"44","12  day ahead inc hosp",2021-05-27,"quantile",0.01,0.988469264318618
"34295",2021-05-15,"44","12  day ahead inc hosp",2021-05-27,"quantile",0.025,1.43717737893954
"34296",2021-05-15,"44","12  day ahead inc hosp",2021-05-27,"quantile",0.05,1.93237137224037
"34297",2021-05-15,"44","12  day ahead inc hosp",2021-05-27,"quantile",0.1,2.65099434209136
"34298",2021-05-15,"44","12  day ahead inc hosp",2021-05-27,"quantile",0.15,3.23802948357649
"34299",2021-05-15,"44","12  day ahead inc hosp",2021-05-27,"quantile",0.2,3.77010452720995
"34300",2021-05-15,"44","12  day ahead inc hosp",2021-05-27,"quantile",0.25,4.27662831689169
"34301",2021-05-15,"44","12  day ahead inc hosp",2021-05-27,"quantile",0.3,4.77351618781962
"34302",2021-05-15,"44","12  day ahead inc hosp",2021-05-27,"quantile",0.35,5.27147953762297
"34303",2021-05-15,"44","12  day ahead inc hosp",2021-05-27,"quantile",0.4,5.7790870046621
"34304",2021-05-15,"44","12  day ahead inc hosp",2021-05-27,"quantile",0.45,6.30426605035825
"34305",2021-05-15,"44","12  day ahead inc hosp",2021-05-27,"quantile",0.5,6.85528923369731
"34306",2021-05-15,"44","12  day ahead inc hosp",2021-05-27,"quantile",0.55,7.44166828877203
"34307",2021-05-15,"44","12  day ahead inc hosp",2021-05-27,"quantile",0.6,8.07523400801324
"34308",2021-05-15,"44","12  day ahead inc hosp",2021-05-27,"quantile",0.65,8.77173057228372
"34309",2021-05-15,"44","12  day ahead inc hosp",2021-05-27,"quantile",0.7,9.55350769442351
"34310",2021-05-15,"44","12  day ahead inc hosp",2021-05-27,"quantile",0.75,10.4545911411301
"34311",2021-05-15,"44","12  day ahead inc hosp",2021-05-27,"quantile",0.8,11.5314128918493
"34312",2021-05-15,"44","12  day ahead inc hosp",2021-05-27,"quantile",0.85,12.8892380348512
"34313",2021-05-15,"44","12  day ahead inc hosp",2021-05-27,"quantile",0.9,14.7640242710466
"34314",2021-05-15,"44","12  day ahead inc hosp",2021-05-27,"quantile",0.95,17.9098782755723
"34315",2021-05-15,"44","12  day ahead inc hosp",2021-05-27,"quantile",0.975,21.0237521213228
"34316",2021-05-15,"44","12  day ahead inc hosp",2021-05-27,"quantile",0.99,25.1360221701767
"34317",2021-05-15,"44","13  day ahead inc hosp",2021-05-28,"quantile",0.01,0.989322172664443
"34318",2021-05-15,"44","13  day ahead inc hosp",2021-05-28,"quantile",0.025,1.44541050404256
"34319",2021-05-15,"44","13  day ahead inc hosp",2021-05-28,"quantile",0.05,1.95030178511627
"34320",2021-05-15,"44","13  day ahead inc hosp",2021-05-28,"quantile",0.1,2.68492848390318
"34321",2021-05-15,"44","13  day ahead inc hosp",2021-05-28,"quantile",0.15,3.28625408993265
"34322",2021-05-15,"44","13  day ahead inc hosp",2021-05-28,"quantile",0.2,3.83200303020626
"34323",2021-05-15,"44","13  day ahead inc hosp",2021-05-28,"quantile",0.25,4.35206777016624
"34324",2021-05-15,"44","13  day ahead inc hosp",2021-05-28,"quantile",0.3,4.86266189536967
"34325",2021-05-15,"44","13  day ahead inc hosp",2021-05-28,"quantile",0.35,5.37472698047572
"34326",2021-05-15,"44","13  day ahead inc hosp",2021-05-28,"quantile",0.4,5.8970420314246
"34327",2021-05-15,"44","13  day ahead inc hosp",2021-05-28,"quantile",0.45,6.43775286186717
"34328",2021-05-15,"44","13  day ahead inc hosp",2021-05-28,"quantile",0.5,7.00538106880726
"34329",2021-05-15,"44","13  day ahead inc hosp",2021-05-28,"quantile",0.55,7.6097434191724
"34330",2021-05-15,"44","13  day ahead inc hosp",2021-05-28,"quantile",0.6,8.26306668964599
"34331",2021-05-15,"44","13  day ahead inc hosp",2021-05-28,"quantile",0.65,8.9816371953908
"34332",2021-05-15,"44","13  day ahead inc hosp",2021-05-28,"quantile",0.7,9.78858901460875
"34333",2021-05-15,"44","13  day ahead inc hosp",2021-05-28,"quantile",0.75,10.719158070221
"34334",2021-05-15,"44","13  day ahead inc hosp",2021-05-28,"quantile",0.8,11.8318038901462
"34335",2021-05-15,"44","13  day ahead inc hosp",2021-05-28,"quantile",0.85,13.2356070335256
"34336",2021-05-15,"44","13  day ahead inc hosp",2021-05-28,"quantile",0.9,15.1751546233725
"34337",2021-05-15,"44","13  day ahead inc hosp",2021-05-28,"quantile",0.95,18.4324452106951
"34338",2021-05-15,"44","13  day ahead inc hosp",2021-05-28,"quantile",0.975,21.659408694197
"34339",2021-05-15,"44","13  day ahead inc hosp",2021-05-28,"quantile",0.99,25.9244342195295
"34340",2021-05-15,"44","14  day ahead inc hosp",2021-05-29,"quantile",0.01,0.850610495444723
"34341",2021-05-15,"44","14  day ahead inc hosp",2021-05-29,"quantile",0.025,1.2664902085901
"34342",2021-05-15,"44","14  day ahead inc hosp",2021-05-29,"quantile",0.05,1.73241847399435
"34343",2021-05-15,"44","14  day ahead inc hosp",2021-05-29,"quantile",0.1,2.41729907864378
"34344",2021-05-15,"44","14  day ahead inc hosp",2021-05-29,"quantile",0.15,2.9823036987053
"34345",2021-05-15,"44","14  day ahead inc hosp",2021-05-29,"quantile",0.2,3.49770456826796
"34346",2021-05-15,"44","14  day ahead inc hosp",2021-05-29,"quantile",0.25,3.99075344247611
"34347",2021-05-15,"44","14  day ahead inc hosp",2021-05-29,"quantile",0.3,4.47636421034783
"34348",2021-05-15,"44","14  day ahead inc hosp",2021-05-29,"quantile",0.35,4.96470877257577
"34349",2021-05-15,"44","14  day ahead inc hosp",2021-05-29,"quantile",0.4,5.46404439092829
"34350",2021-05-15,"44","14  day ahead inc hosp",2021-05-29,"quantile",0.45,5.98211935183917
"34351",2021-05-15,"44","14  day ahead inc hosp",2021-05-29,"quantile",0.5,6.52711659238483
"34352",2021-05-15,"44","14  day ahead inc hosp",2021-05-29,"quantile",0.55,7.10853081513238
"34353",2021-05-15,"44","14  day ahead inc hosp",2021-05-29,"quantile",0.6,7.73824803855343
"34354",2021-05-15,"44","14  day ahead inc hosp",2021-05-29,"quantile",0.65,8.43215594297619
"34355",2021-05-15,"44","14  day ahead inc hosp",2021-05-29,"quantile",0.7,9.21287630479987
"34356",2021-05-15,"44","14  day ahead inc hosp",2021-05-29,"quantile",0.75,10.1149234157302
"34357",2021-05-15,"44","14  day ahead inc hosp",2021-05-29,"quantile",0.8,11.1956349398379
"34358",2021-05-15,"44","14  day ahead inc hosp",2021-05-29,"quantile",0.85,12.5621215442566
"34359",2021-05-15,"44","14  day ahead inc hosp",2021-05-29,"quantile",0.9,14.4548384060897
"34360",2021-05-15,"44","14  day ahead inc hosp",2021-05-29,"quantile",0.95,17.6437370589733
"34361",2021-05-15,"44","14  day ahead inc hosp",2021-05-29,"quantile",0.975,20.8132846422616
"34362",2021-05-15,"44","14  day ahead inc hosp",2021-05-29,"quantile",0.99,25.0150889455005
"34363",2021-05-15,"44","15  day ahead inc hosp",2021-05-30,"quantile",0.01,0.590962568883518
"34364",2021-05-15,"44","15  day ahead inc hosp",2021-05-30,"quantile",0.025,0.922270473135952
"34365",2021-05-15,"44","15  day ahead inc hosp",2021-05-30,"quantile",0.05,1.30457283630098
"34366",2021-05-15,"44","15  day ahead inc hosp",2021-05-30,"quantile",0.1,1.88065556748862
"34367",2021-05-15,"44","15  day ahead inc hosp",2021-05-30,"quantile",0.15,2.36493699091753
"34368",2021-05-15,"44","15  day ahead inc hosp",2021-05-30,"quantile",0.2,2.81211256444521
"34369",2021-05-15,"44","15  day ahead inc hosp",2021-05-30,"quantile",0.25,3.24385350114831
"34370",2021-05-15,"44","15  day ahead inc hosp",2021-05-30,"quantile",0.3,3.67229742268228
"34371",2021-05-15,"44","15  day ahead inc hosp",2021-05-30,"quantile",0.35,4.10594977143197
"34372",2021-05-15,"44","15  day ahead inc hosp",2021-05-30,"quantile",0.4,4.55191743690275
"34373",2021-05-15,"44","15  day ahead inc hosp",2021-05-30,"quantile",0.45,5.01705118600526
"34374",2021-05-15,"44","15  day ahead inc hosp",2021-05-30,"quantile",0.5,5.50874726184444
"34375",2021-05-15,"44","15  day ahead inc hosp",2021-05-30,"quantile",0.55,6.03572891322533
"34376",2021-05-15,"44","15  day ahead inc hosp",2021-05-30,"quantile",0.6,6.60904145241493
"34377",2021-05-15,"44","15  day ahead inc hosp",2021-05-30,"quantile",0.65,7.24356334199831
"34378",2021-05-15,"44","15  day ahead inc hosp",2021-05-30,"quantile",0.7,7.96059164260842
"34379",2021-05-15,"44","15  day ahead inc hosp",2021-05-30,"quantile",0.75,8.79274257595645
"34380",2021-05-15,"44","15  day ahead inc hosp",2021-05-30,"quantile",0.8,9.79436048972144
"34381",2021-05-15,"44","15  day ahead inc hosp",2021-05-30,"quantile",0.85,11.0672292505834
"34382",2021-05-15,"44","15  day ahead inc hosp",2021-05-30,"quantile",0.9,12.8404639128281
"34383",2021-05-15,"44","15  day ahead inc hosp",2021-05-30,"quantile",0.95,15.8502446657694
"34384",2021-05-15,"44","15  day ahead inc hosp",2021-05-30,"quantile",0.975,18.8642107106423
"34385",2021-05-15,"44","15  day ahead inc hosp",2021-05-30,"quantile",0.99,22.88736619285
"34386",2021-05-15,"44","16  day ahead inc hosp",2021-05-31,"quantile",0.01,1.03615094410177
"34387",2021-05-15,"44","16  day ahead inc hosp",2021-05-31,"quantile",0.025,1.53867449161962
"34388",2021-05-15,"44","16  day ahead inc hosp",2021-05-31,"quantile",0.05,2.10073473267465
"34389",2021-05-15,"44","16  day ahead inc hosp",2021-05-31,"quantile",0.1,2.92575324644274
"34390",2021-05-15,"44","16  day ahead inc hosp",2021-05-31,"quantile",0.15,3.60563068730915
"34391",2021-05-15,"44","16  day ahead inc hosp",2021-05-31,"quantile",0.2,4.2253830078555
"34392",2021-05-15,"44","16  day ahead inc hosp",2021-05-31,"quantile",0.25,4.81794105773393
"34393",2021-05-15,"44","16  day ahead inc hosp",2021-05-31,"quantile",0.3,5.401303994936
"34394",2021-05-15,"44","16  day ahead inc hosp",2021-05-31,"quantile",0.35,5.9877297034051
"34395",2021-05-15,"44","16  day ahead inc hosp",2021-05-31,"quantile",0.4,6.58715259556589
"34396",2021-05-15,"44","16  day ahead inc hosp",2021-05-31,"quantile",0.45,7.20888024259572
"34397",2021-05-15,"44","16  day ahead inc hosp",2021-05-31,"quantile",0.5,7.86272954805923
"34398",2021-05-15,"44","16  day ahead inc hosp",2021-05-31,"quantile",0.55,8.56007993351366
"34399",2021-05-15,"44","16  day ahead inc hosp",2021-05-31,"quantile",0.6,9.31516696078889
"34400",2021-05-15,"44","16  day ahead inc hosp",2021-05-31,"quantile",0.65,10.1470098836696
"34401",2021-05-15,"44","16  day ahead inc hosp",2021-05-31,"quantile",0.7,11.0826806275796
"34402",2021-05-15,"44","16  day ahead inc hosp",2021-05-31,"quantile",0.75,12.1634735936958
"34403",2021-05-15,"44","16  day ahead inc hosp",2021-05-31,"quantile",0.8,13.4579777913599
"34404",2021-05-15,"44","16  day ahead inc hosp",2021-05-31,"quantile",0.85,15.0943020407988
"34405",2021-05-15,"44","16  day ahead inc hosp",2021-05-31,"quantile",0.9,17.3599941753965
"34406",2021-05-15,"44","16  day ahead inc hosp",2021-05-31,"quantile",0.95,21.1756088586441
"34407",2021-05-15,"44","16  day ahead inc hosp",2021-05-31,"quantile",0.975,24.9663757404617
"34408",2021-05-15,"44","16  day ahead inc hosp",2021-05-31,"quantile",0.99,29.9896461321831
"34409",2021-05-15,"44","17  day ahead inc hosp",2021-06-01,"quantile",0.01,0.722286936312432
"34410",2021-05-15,"44","17  day ahead inc hosp",2021-06-01,"quantile",0.025,1.11777439853046
"34411",2021-05-15,"44","17  day ahead inc hosp",2021-06-01,"quantile",0.05,1.57174248788934
"34412",2021-05-15,"44","17  day ahead inc hosp",2021-06-01,"quantile",0.1,2.25282145694635
"34413",2021-05-15,"44","17  day ahead inc hosp",2021-06-01,"quantile",0.15,2.82347775554941
"34414",2021-05-15,"44","17  day ahead inc hosp",2021-06-01,"quantile",0.2,3.34928922266788
"34415",2021-05-15,"44","17  day ahead inc hosp",2021-06-01,"quantile",0.25,3.85613690485216
"34416",2021-05-15,"44","17  day ahead inc hosp",2021-06-01,"quantile",0.3,4.35845489483114
"34417",2021-05-15,"44","17  day ahead inc hosp",2021-06-01,"quantile",0.35,4.8663083642515
"34418",2021-05-15,"44","17  day ahead inc hosp",2021-06-01,"quantile",0.4,5.38806425791227
"34419",2021-05-15,"44","17  day ahead inc hosp",2021-06-01,"quantile",0.45,5.93175012068637
"34420",2021-05-15,"44","17  day ahead inc hosp",2021-06-01,"quantile",0.5,6.505999929917
"34421",2021-05-15,"44","17  day ahead inc hosp",2021-06-01,"quantile",0.55,7.12096857819276
"34422",2021-05-15,"44","17  day ahead inc hosp",2021-06-01,"quantile",0.6,7.78948953905502
"34423",2021-05-15,"44","17  day ahead inc hosp",2021-06-01,"quantile",0.65,8.52882766640409
"34424",2021-05-15,"44","17  day ahead inc hosp",2021-06-01,"quantile",0.7,9.36367408340267
"34425",2021-05-15,"44","17  day ahead inc hosp",2021-06-01,"quantile",0.75,10.3318190383071
"34426",2021-05-15,"44","17  day ahead inc hosp",2021-06-01,"quantile",0.8,11.4961964856748
"34427",2021-05-15,"44","17  day ahead inc hosp",2021-06-01,"quantile",0.85,12.974626143834
"34428",2021-05-15,"44","17  day ahead inc hosp",2021-06-01,"quantile",0.9,15.0321979164591
"34429",2021-05-15,"44","17  day ahead inc hosp",2021-06-01,"quantile",0.95,18.5201830266761
"34430",2021-05-15,"44","17  day ahead inc hosp",2021-06-01,"quantile",0.975,22.0085698697702
"34431",2021-05-15,"44","17  day ahead inc hosp",2021-06-01,"quantile",0.99,26.659549055608
"34432",2021-05-15,"44","18  day ahead inc hosp",2021-06-02,"quantile",0.01,0.890230339957811
"34433",2021-05-15,"44","18  day ahead inc hosp",2021-06-02,"quantile",0.025,1.35629486723093
"34434",2021-05-15,"44","18  day ahead inc hosp",2021-06-02,"quantile",0.05,1.88605865819456
"34435",2021-05-15,"44","18  day ahead inc hosp",2021-06-02,"quantile",0.1,2.67434734822138
"34436",2021-05-15,"44","18  day ahead inc hosp",2021-06-02,"quantile",0.15,3.33073853867015
"34437",2021-05-15,"44","18  day ahead inc hosp",2021-06-02,"quantile",0.2,3.93312476749178
"34438",2021-05-15,"44","18  day ahead inc hosp",2021-06-02,"quantile",0.25,4.5120267178701
"34439",2021-05-15,"44","18  day ahead inc hosp",2021-06-02,"quantile",0.3,5.08433433209476
"34440",2021-05-15,"44","18  day ahead inc hosp",2021-06-02,"quantile",0.35,5.66171922010029
"34441",2021-05-15,"44","18  day ahead inc hosp",2021-06-02,"quantile",0.4,6.25379104062906
"34442",2021-05-15,"44","18  day ahead inc hosp",2021-06-02,"quantile",0.45,6.86968817492236
"34443",2021-05-15,"44","18  day ahead inc hosp",2021-06-02,"quantile",0.5,7.51916869630339
"34444",2021-05-15,"44","18  day ahead inc hosp",2021-06-02,"quantile",0.55,8.21364870079028
"34445",2021-05-15,"44","18  day ahead inc hosp",2021-06-02,"quantile",0.6,8.96750232346862
"34446",2021-05-15,"44","18  day ahead inc hosp",2021-06-02,"quantile",0.65,9.80001872360138
"34447",2021-05-15,"44","18  day ahead inc hosp",2021-06-02,"quantile",0.7,10.7387368880358
"34448",2021-05-15,"44","18  day ahead inc hosp",2021-06-02,"quantile",0.75,11.8257541662184
"34449",2021-05-15,"44","18  day ahead inc hosp",2021-06-02,"quantile",0.8,13.1311102904135
"34450",2021-05-15,"44","18  day ahead inc hosp",2021-06-02,"quantile",0.85,14.7858166611967
"34451",2021-05-15,"44","18  day ahead inc hosp",2021-06-02,"quantile",0.9,17.0843844729206
"34452",2021-05-15,"44","18  day ahead inc hosp",2021-06-02,"quantile",0.95,20.9714981863052
"34453",2021-05-15,"44","18  day ahead inc hosp",2021-06-02,"quantile",0.975,24.8495857883473
"34454",2021-05-15,"44","18  day ahead inc hosp",2021-06-02,"quantile",0.99,30.0085479262146
"34455",2021-05-15,"44","19  day ahead inc hosp",2021-06-03,"quantile",0.01,0.86571730613684
"34456",2021-05-15,"44","19  day ahead inc hosp",2021-06-03,"quantile",0.025,1.32984386628854
"34457",2021-05-15,"44","19  day ahead inc hosp",2021-06-03,"quantile",0.05,1.86013400178515
"34458",2021-05-15,"44","19  day ahead inc hosp",2021-06-03,"quantile",0.1,2.65263197624936
"34459",2021-05-15,"44","19  day ahead inc hosp",2021-06-03,"quantile",0.15,3.31469691262104
"34460",2021-05-15,"44","19  day ahead inc hosp",2021-06-03,"quantile",0.2,3.92357963787109
"34461",2021-05-15,"44","19  day ahead inc hosp",2021-06-03,"quantile",0.25,4.50966369307948
"34462",2021-05-15,"44","19  day ahead inc hosp",2021-06-03,"quantile",0.3,5.08983164545253
"34463",2021-05-15,"44","19  day ahead inc hosp",2021-06-03,"quantile",0.35,5.6758055085634
"34464",2021-05-15,"44","19  day ahead inc hosp",2021-06-03,"quantile",0.4,6.27728532176898
"34465",2021-05-15,"44","19  day ahead inc hosp",2021-06-03,"quantile",0.45,6.90353876694684
"34466",2021-05-15,"44","19  day ahead inc hosp",2021-06-03,"quantile",0.5,7.5644999019244
"34467",2021-05-15,"44","19  day ahead inc hosp",2021-06-03,"quantile",0.55,8.27182361430979
"34468",2021-05-15,"44","19  day ahead inc hosp",2021-06-03,"quantile",0.6,9.04021359108645
"34469",2021-05-15,"44","19  day ahead inc hosp",2021-06-03,"quantile",0.65,9.88942755328442
"34470",2021-05-15,"44","19  day ahead inc hosp",2021-06-03,"quantile",0.7,10.8476991784334
"34471",2021-05-15,"44","19  day ahead inc hosp",2021-06-03,"quantile",0.75,11.9582159169125
"34472",2021-05-15,"44","19  day ahead inc hosp",2021-06-03,"quantile",0.8,13.2928677480471
"34473",2021-05-15,"44","19  day ahead inc hosp",2021-06-03,"quantile",0.85,14.9861876412511
"34474",2021-05-15,"44","19  day ahead inc hosp",2021-06-03,"quantile",0.9,17.3407446868797
"34475",2021-05-15,"44","19  day ahead inc hosp",2021-06-03,"quantile",0.95,21.3276513525753
"34476",2021-05-15,"44","19  day ahead inc hosp",2021-06-03,"quantile",0.975,25.3104547948776
"34477",2021-05-15,"44","19  day ahead inc hosp",2021-06-03,"quantile",0.99,30.6150384385751
"34478",2021-05-15,"44","20  day ahead inc hosp",2021-06-04,"quantile",0.01,0.556877518735416
"34479",2021-05-15,"44","20  day ahead inc hosp",2021-06-04,"quantile",0.025,0.902070874150424
"34480",2021-05-15,"44","20  day ahead inc hosp",2021-06-04,"quantile",0.05,1.30972127012491
"34481",2021-05-15,"44","20  day ahead inc hosp",2021-06-04,"quantile",0.1,1.93588613029529
"34482",2021-05-15,"44","20  day ahead inc hosp",2021-06-04,"quantile",0.15,2.46986773317542
"34483",2021-05-15,"44","20  day ahead inc hosp",2021-06-04,"quantile",0.2,2.96748791264351
"34484",2021-05-15,"44","20  day ahead inc hosp",2021-06-04,"quantile",0.25,3.45126453784038
"34485",2021-05-15,"44","20  day ahead inc hosp",2021-06-04,"quantile",0.3,3.93405581418242
"34486",2021-05-15,"44","20  day ahead inc hosp",2021-06-04,"quantile",0.35,4.42507322869587
"34487",2021-05-15,"44","20  day ahead inc hosp",2021-06-04,"quantile",0.4,4.93219016498294
"34488",2021-05-15,"44","20  day ahead inc hosp",2021-06-04,"quantile",0.45,5.46315159807636
"34489",2021-05-15,"44","20  day ahead inc hosp",2021-06-04,"quantile",0.5,6.02645389968608
"34490",2021-05-15,"44","20  day ahead inc hosp",2021-06-04,"quantile",0.55,6.63223402055038
"34491",2021-05-15,"44","20  day ahead inc hosp",2021-06-04,"quantile",0.6,7.29342900528172
"34492",2021-05-15,"44","20  day ahead inc hosp",2021-06-04,"quantile",0.65,8.02755833457449
"34493",2021-05-15,"44","20  day ahead inc hosp",2021-06-04,"quantile",0.7,8.85979056662283
"34494",2021-05-15,"44","20  day ahead inc hosp",2021-06-04,"quantile",0.75,9.82877176579755
"34495",2021-05-15,"44","20  day ahead inc hosp",2021-06-04,"quantile",0.8,10.9990254604734
"34496",2021-05-15,"44","20  day ahead inc hosp",2021-06-04,"quantile",0.85,12.4916228300091
"34497",2021-05-15,"44","20  day ahead inc hosp",2021-06-04,"quantile",0.9,14.5796188458713
"34498",2021-05-15,"44","20  day ahead inc hosp",2021-06-04,"quantile",0.95,18.1425478604852
"34499",2021-05-15,"44","20  day ahead inc hosp",2021-06-04,"quantile",0.975,21.729558761972
"34500",2021-05-15,"44","20  day ahead inc hosp",2021-06-04,"quantile",0.99,26.5411760511066
"34501",2021-05-15,"44","21  day ahead inc hosp",2021-06-05,"quantile",0.01,0.336968395097136
"34502",2021-05-15,"44","21  day ahead inc hosp",2021-06-05,"quantile",0.025,0.583580841140074
"34503",2021-05-15,"44","21  day ahead inc hosp",2021-06-05,"quantile",0.05,0.886991454044297
"34504",2021-05-15,"44","21  day ahead inc hosp",2021-06-05,"quantile",0.1,1.36882620379323
"34505",2021-05-15,"44","21  day ahead inc hosp",2021-06-05,"quantile",0.15,1.78992127889836
"34506",2021-05-15,"44","21  day ahead inc hosp",2021-06-05,"quantile",0.2,2.18849674195709
"34507",2021-05-15,"44","21  day ahead inc hosp",2021-06-05,"quantile",0.25,2.58051375420792
"34508",2021-05-15,"44","21  day ahead inc hosp",2021-06-05,"quantile",0.3,2.97543104832702
"34509",2021-05-15,"44","21  day ahead inc hosp",2021-06-05,"quantile",0.35,3.38030730890527
"34510",2021-05-15,"44","21  day ahead inc hosp",2021-06-05,"quantile",0.4,3.80142169459655
"34511",2021-05-15,"44","21  day ahead inc hosp",2021-06-05,"quantile",0.45,4.24516422287259
"34512",2021-05-15,"44","21  day ahead inc hosp",2021-06-05,"quantile",0.5,4.71872730167412
"34513",2021-05-15,"44","21  day ahead inc hosp",2021-06-05,"quantile",0.55,5.23084795125159
"34514",2021-05-15,"44","21  day ahead inc hosp",2021-06-05,"quantile",0.6,5.79281235289004
"34515",2021-05-15,"44","21  day ahead inc hosp",2021-06-05,"quantile",0.65,6.42002830526778
"34516",2021-05-15,"44","21  day ahead inc hosp",2021-06-05,"quantile",0.7,7.13475321535363
"34517",2021-05-15,"44","21  day ahead inc hosp",2021-06-05,"quantile",0.75,7.9712999956959
"34518",2021-05-15,"44","21  day ahead inc hosp",2021-06-05,"quantile",0.8,8.98714031539893
"34519",2021-05-15,"44","21  day ahead inc hosp",2021-06-05,"quantile",0.85,10.2904250224413
"34520",2021-05-15,"44","21  day ahead inc hosp",2021-06-05,"quantile",0.9,12.1258138351119
"34521",2021-05-15,"44","21  day ahead inc hosp",2021-06-05,"quantile",0.95,15.2844808194731
"34522",2021-05-15,"44","21  day ahead inc hosp",2021-06-05,"quantile",0.975,18.4917106307932
"34523",2021-05-15,"44","21  day ahead inc hosp",2021-06-05,"quantile",0.99,22.827505924294
"34524",2021-05-15,"44","22  day ahead inc hosp",2021-06-06,"quantile",0.01,0.423946144816852
"34525",2021-05-15,"44","22  day ahead inc hosp",2021-06-06,"quantile",0.025,0.71777905130492
"34526",2021-05-15,"44","22  day ahead inc hosp",2021-06-06,"quantile",0.05,1.07433319793732
"34527",2021-05-15,"44","22  day ahead inc hosp",2021-06-06,"quantile",0.1,1.63429552363742
"34528",2021-05-15,"44","22  day ahead inc hosp",2021-06-06,"quantile",0.15,2.11970512732847
"34529",2021-05-15,"44","22  day ahead inc hosp",2021-06-06,"quantile",0.2,2.57679865105032
"34530",2021-05-15,"44","22  day ahead inc hosp",2021-06-06,"quantile",0.25,3.02465236446564
"34531",2021-05-15,"44","22  day ahead inc hosp",2021-06-06,"quantile",0.3,3.47442587112
"34532",2021-05-15,"44","22  day ahead inc hosp",2021-06-06,"quantile",0.35,3.93433134739411
"34533",2021-05-15,"44","22  day ahead inc hosp",2021-06-06,"quantile",0.4,4.41157681501766
"34534",2021-05-15,"44","22  day ahead inc hosp",2021-06-06,"quantile",0.45,4.91341621738021
"34535",2021-05-15,"44","22  day ahead inc hosp",2021-06-06,"quantile",0.5,5.44794692217677
"34536",2021-05-15,"44","22  day ahead inc hosp",2021-06-06,"quantile",0.55,6.02494896116779
"34537",2021-05-15,"44","22  day ahead inc hosp",2021-06-06,"quantile",0.6,6.65700752140312
"34538",2021-05-15,"44","22  day ahead inc hosp",2021-06-06,"quantile",0.65,7.36126004622358
"34539",2021-05-15,"44","22  day ahead inc hosp",2021-06-06,"quantile",0.7,8.16241939593303
"34540",2021-05-15,"44","22  day ahead inc hosp",2021-06-06,"quantile",0.75,9.09853567744588
"34541",2021-05-15,"44","22  day ahead inc hosp",2021-06-06,"quantile",0.8,10.2332754558954
"34542",2021-05-15,"44","22  day ahead inc hosp",2021-06-06,"quantile",0.85,11.6863365055946
"34543",2021-05-15,"44","22  day ahead inc hosp",2021-06-06,"quantile",0.9,13.7282349452284
"34544",2021-05-15,"44","22  day ahead inc hosp",2021-06-06,"quantile",0.95,17.2326519748592
"34545",2021-05-15,"44","22  day ahead inc hosp",2021-06-06,"quantile",0.975,20.7811912183314
"34546",2021-05-15,"44","22  day ahead inc hosp",2021-06-06,"quantile",0.99,25.5664015609801
"34547",2021-05-15,"44","23  day ahead inc hosp",2021-06-07,"quantile",0.01,0.729518511784601
"34548",2021-05-15,"44","23  day ahead inc hosp",2021-06-07,"quantile",0.025,1.1658100858064
"34549",2021-05-15,"44","23  day ahead inc hosp",2021-06-07,"quantile",0.05,1.67673337230725
"34550",2021-05-15,"44","23  day ahead inc hosp",2021-06-07,"quantile",0.1,2.4561136564447
"34551",2021-05-15,"44","23  day ahead inc hosp",2021-06-07,"quantile",0.15,3.1173346370122
"34552",2021-05-15,"44","23  day ahead inc hosp",2021-06-07,"quantile",0.2,3.73149963076104
"34553",2021-05-15,"44","23  day ahead inc hosp",2021-06-07,"quantile",0.25,4.32710126054141
"34554",2021-05-15,"44","23  day ahead inc hosp",2021-06-07,"quantile",0.3,4.92029356485771
"34555",2021-05-15,"44","23  day ahead inc hosp",2021-06-07,"quantile",0.35,5.5225558311101
"34556",2021-05-15,"44","23  day ahead inc hosp",2021-06-07,"quantile",0.4,6.14361943676669
"34557",2021-05-15,"44","23  day ahead inc hosp",2021-06-07,"quantile",0.45,6.79298777275039
"34558",2021-05-15,"44","23  day ahead inc hosp",2021-06-07,"quantile",0.5,7.48102725378243
"34559",2021-05-15,"44","23  day ahead inc hosp",2021-06-07,"quantile",0.55,8.22005583629928
"34560",2021-05-15,"44","23  day ahead inc hosp",2021-06-07,"quantile",0.6,9.02575057283965
"34561",2021-05-15,"44","23  day ahead inc hosp",2021-06-07,"quantile",0.65,9.91930208760555
"34562",2021-05-15,"44","23  day ahead inc hosp",2021-06-07,"quantile",0.7,10.9311143101439
"34563",2021-05-15,"44","23  day ahead inc hosp",2021-06-07,"quantile",0.75,12.1078295097793
"34564",2021-05-15,"44","23  day ahead inc hosp",2021-06-07,"quantile",0.8,13.5272654994011
"34565",2021-05-15,"44","23  day ahead inc hosp",2021-06-07,"quantile",0.85,15.3353441369007
"34566",2021-05-15,"44","23  day ahead inc hosp",2021-06-07,"quantile",0.9,17.8609433715975
"34567",2021-05-15,"44","23  day ahead inc hosp",2021-06-07,"quantile",0.95,22.1624836467559
"34568",2021-05-15,"44","23  day ahead inc hosp",2021-06-07,"quantile",0.975,26.484913280269
"34569",2021-05-15,"44","23  day ahead inc hosp",2021-06-07,"quantile",0.99,32.2729794489082
"34570",2021-05-15,"44","24  day ahead inc hosp",2021-06-08,"quantile",0.01,0.523907020634932
"34571",2021-05-15,"44","24  day ahead inc hosp",2021-06-08,"quantile",0.025,0.87458594397168
"34572",2021-05-15,"44","24  day ahead inc hosp",2021-06-08,"quantile",0.05,1.29645797711199
"34573",2021-05-15,"44","24  day ahead inc hosp",2021-06-08,"quantile",0.1,1.95436666649213
"34574",2021-05-15,"44","24  day ahead inc hosp",2021-06-08,"quantile",0.15,2.52174794720649
"34575",2021-05-15,"44","24  day ahead inc hosp",2021-06-08,"quantile",0.2,3.05428572959754
"34576",2021-05-15,"44","24  day ahead inc hosp",2021-06-08,"quantile",0.25,3.57478570932759
"34577",2021-05-15,"44","24  day ahead inc hosp",2021-06-08,"quantile",0.3,4.09648458125437
"34578",2021-05-15,"44","24  day ahead inc hosp",2021-06-08,"quantile",0.35,4.62903914128045
"34579",2021-05-15,"44","24  day ahead inc hosp",2021-06-08,"quantile",0.4,5.18085426631965
"34580",2021-05-15,"44","24  day ahead inc hosp",2021-06-08,"quantile",0.45,5.76032825970852
"34581",2021-05-15,"44","24  day ahead inc hosp",2021-06-08,"quantile",0.5,6.37678560339437
"34582",2021-05-15,"44","24  day ahead inc hosp",2021-06-08,"quantile",0.55,7.04144620027921
"34583",2021-05-15,"44","24  day ahead inc hosp",2021-06-08,"quantile",0.6,7.76871171858608
"34584",2021-05-15,"44","24  day ahead inc hosp",2021-06-08,"quantile",0.65,8.57816016831407
"34585",2021-05-15,"44","24  day ahead inc hosp",2021-06-08,"quantile",0.7,9.49799136371398
"34586",2021-05-15,"44","24  day ahead inc hosp",2021-06-08,"quantile",0.75,10.5715880706128
"34587",2021-05-15,"44","24  day ahead inc hosp",2021-06-08,"quantile",0.8,11.8714913817526
"34588",2021-05-15,"44","24  day ahead inc hosp",2021-06-08,"quantile",0.85,13.5340016169067
"34589",2021-05-15,"44","24  day ahead inc hosp",2021-06-08,"quantile",0.9,15.8669603411667
"34590",2021-05-15,"44","24  day ahead inc hosp",2021-06-08,"quantile",0.95,19.8637810662754
"34591",2021-05-15,"44","24  day ahead inc hosp",2021-06-08,"quantile",0.975,23.9037153674124
"34592",2021-05-15,"44","24  day ahead inc hosp",2021-06-08,"quantile",0.99,29.3427124153016
"34593",2021-05-15,"44","25  day ahead inc hosp",2021-06-09,"quantile",0.01,0.696648618466111
"34594",2021-05-15,"44","25  day ahead inc hosp",2021-06-09,"quantile",0.025,1.13088123666409
"34595",2021-05-15,"44","25  day ahead inc hosp",2021-06-09,"quantile",0.05,1.64435440941943
"34596",2021-05-15,"44","25  day ahead inc hosp",2021-06-09,"quantile",0.1,2.43391819478501
"34597",2021-05-15,"44","25  day ahead inc hosp",2021-06-09,"quantile",0.15,3.10778351342569
"34598",2021-05-15,"44","25  day ahead inc hosp",2021-06-09,"quantile",0.2,3.73608381070688
"34599",2021-05-15,"44","25  day ahead inc hosp",2021-06-09,"quantile",0.25,4.3471398094293
"34600",2021-05-15,"44","25  day ahead inc hosp",2021-06-09,"quantile",0.3,4.95714156784
"34601",2021-05-15,"44","25  day ahead inc hosp",2021-06-09,"quantile",0.35,5.57770226176704
"34602",2021-05-15,"44","25  day ahead inc hosp",2021-06-09,"quantile",0.4,6.21876084450895
"34603",2021-05-15,"44","25  day ahead inc hosp",2021-06-09,"quantile",0.45,6.8901051864944
"34604",2021-05-15,"44","25  day ahead inc hosp",2021-06-09,"quantile",0.5,7.60248213564669
"34605",2021-05-15,"44","25  day ahead inc hosp",2021-06-09,"quantile",0.55,8.36872165222688
"34606",2021-05-15,"44","25  day ahead inc hosp",2021-06-09,"quantile",0.6,9.20520459939326
"34607",2021-05-15,"44","25  day ahead inc hosp",2021-06-09,"quantile",0.65,10.1341204046968
"34608",2021-05-15,"44","25  day ahead inc hosp",2021-06-09,"quantile",0.7,11.1873526671664
"34609",2021-05-15,"44","25  day ahead inc hosp",2021-06-09,"quantile",0.75,12.4138651670263
"34610",2021-05-15,"44","25  day ahead inc hosp",2021-06-09,"quantile",0.8,13.8954169417192
"34611",2021-05-15,"44","25  day ahead inc hosp",2021-06-09,"quantile",0.85,15.7854349204286
"34612",2021-05-15,"44","25  day ahead inc hosp",2021-06-09,"quantile",0.9,18.429982937913
"34613",2021-05-15,"44","25  day ahead inc hosp",2021-06-09,"quantile",0.95,22.9439130487705
"34614",2021-05-15,"44","25  day ahead inc hosp",2021-06-09,"quantile",0.975,27.4896749775623
"34615",2021-05-15,"44","25  day ahead inc hosp",2021-06-09,"quantile",0.99,33.5889855396849
"34616",2021-05-15,"44","26  day ahead inc hosp",2021-06-10,"quantile",0.01,0.548897895026834
"34617",2021-05-15,"44","26  day ahead inc hosp",2021-06-10,"quantile",0.025,0.921278360434146
"34618",2021-05-15,"44","26  day ahead inc hosp",2021-06-10,"quantile",0.05,1.37074649914232
"34619",2021-05-15,"44","26  day ahead inc hosp",2021-06-10,"quantile",0.1,2.07358523244001
"34620",2021-05-15,"44","26  day ahead inc hosp",2021-06-10,"quantile",0.15,2.68091895542709
"34621",2021-05-15,"44","26  day ahead inc hosp",2021-06-10,"quantile",0.2,3.25167479309888
"34622",2021-05-15,"44","26  day ahead inc hosp",2021-06-10,"quantile",0.25,3.81005441765472
"34623",2021-05-15,"44","26  day ahead inc hosp",2021-06-10,"quantile",0.3,4.37014699296999
"34624",2021-05-15,"44","26  day ahead inc hosp",2021-06-10,"quantile",0.35,4.94226529037268
"34625",2021-05-15,"44","26  day ahead inc hosp",2021-06-10,"quantile",0.4,5.53541421988958
"34626",2021-05-15,"44","26  day ahead inc hosp",2021-06-10,"quantile",0.45,6.15861643800648
"34627",2021-05-15,"44","26  day ahead inc hosp",2021-06-10,"quantile",0.5,6.82191051269291
"34628",2021-05-15,"44","26  day ahead inc hosp",2021-06-10,"quantile",0.55,7.53739320635532
"34629",2021-05-15,"44","26  day ahead inc hosp",2021-06-10,"quantile",0.6,8.32060693090741
"34630",2021-05-15,"44","26  day ahead inc hosp",2021-06-10,"quantile",0.65,9.1926942712407
"34631",2021-05-15,"44","26  day ahead inc hosp",2021-06-10,"quantile",0.7,10.1841222344426
"34632",2021-05-15,"44","26  day ahead inc hosp",2021-06-10,"quantile",0.75,11.3417766184491
"34633",2021-05-15,"44","26  day ahead inc hosp",2021-06-10,"quantile",0.8,12.7440762179568
"34634",2021-05-15,"44","26  day ahead inc hosp",2021-06-10,"quantile",0.85,14.538399635869
"34635",2021-05-15,"44","26  day ahead inc hosp",2021-06-10,"quantile",0.9,17.0576914699834
"34636",2021-05-15,"44","26  day ahead inc hosp",2021-06-10,"quantile",0.95,21.3767154573517
"34637",2021-05-15,"44","26  day ahead inc hosp",2021-06-10,"quantile",0.975,25.7453423632922
"34638",2021-05-15,"44","26  day ahead inc hosp",2021-06-10,"quantile",0.99,31.6305694027187
"34639",2021-05-15,"44","27  day ahead inc hosp",2021-06-11,"quantile",0.01,0.544272632819797
"34640",2021-05-15,"44","27  day ahead inc hosp",2021-06-11,"quantile",0.025,0.919407539428318
"34641",2021-05-15,"44","27  day ahead inc hosp",2021-06-11,"quantile",0.05,1.37398538946447
"34642",2021-05-15,"44","27  day ahead inc hosp",2021-06-11,"quantile",0.1,2.08708778886359
"34643",2021-05-15,"44","27  day ahead inc hosp",2021-06-11,"quantile",0.15,2.70473751747577
"34644",2021-05-15,"44","27  day ahead inc hosp",2021-06-11,"quantile",0.2,3.28605222858846
"34645",2021-05-15,"44","27  day ahead inc hosp",2021-06-11,"quantile",0.25,3.85539347322906
"34646",2021-05-15,"44","27  day ahead inc hosp",2021-06-11,"quantile",0.3,4.42699452683932
"34647",2021-05-15,"44","27  day ahead inc hosp",2021-06-11,"quantile",0.35,5.01131479216121
"34648",2021-05-15,"44","27  day ahead inc hosp",2021-06-11,"quantile",0.4,5.61752230355809
"34649",2021-05-15,"44","27  day ahead inc hosp",2021-06-11,"quantile",0.45,6.25483298610631
"34650",2021-05-15,"44","27  day ahead inc hosp",2021-06-11,"quantile",0.5,6.93352550433974
"34651",2021-05-15,"44","27  day ahead inc hosp",2021-06-11,"quantile",0.55,7.66600706789143
"34652",2021-05-15,"44","27  day ahead inc hosp",2021-06-11,"quantile",0.6,8.46823720247227
"34653",2021-05-15,"44","27  day ahead inc hosp",2021-06-11,"quantile",0.65,9.36194245492424
"34654",2021-05-15,"44","27  day ahead inc hosp",2021-06-11,"quantile",0.7,10.3784476506426
"34655",2021-05-15,"44","27  day ahead inc hosp",2021-06-11,"quantile",0.75,11.5659768967587
"34656",2021-05-15,"44","27  day ahead inc hosp",2021-06-11,"quantile",0.8,13.0052116883689
"34657",2021-05-15,"44","27  day ahead inc hosp",2021-06-11,"quantile",0.85,14.8478245762758
"34658",2021-05-15,"44","27  day ahead inc hosp",2021-06-11,"quantile",0.9,17.4365597202183
"34659",2021-05-15,"44","27  day ahead inc hosp",2021-06-11,"quantile",0.95,21.8782271972689
"34660",2021-05-15,"44","27  day ahead inc hosp",2021-06-11,"quantile",0.975,26.3745418028493
"34661",2021-05-15,"44","27  day ahead inc hosp",2021-06-11,"quantile",0.99,32.4362592421006
"34662",2021-05-15,"44","28  day ahead inc hosp",2021-06-12,"quantile",0.01,0.472992357469659
"34663",2021-05-15,"44","28  day ahead inc hosp",2021-06-12,"quantile",0.025,0.817598320632759
"34664",2021-05-15,"44","28  day ahead inc hosp",2021-06-12,"quantile",0.05,1.24108194076047
"34665",2021-05-15,"44","28  day ahead inc hosp",2021-06-12,"quantile",0.1,1.9129753420446
"34666",2021-05-15,"44","28  day ahead inc hosp",2021-06-12,"quantile",0.15,2.49977306645383
"34667",2021-05-15,"44","28  day ahead inc hosp",2021-06-12,"quantile",0.2,3.05495236378619
"34668",2021-05-15,"44","28  day ahead inc hosp",2021-06-12,"quantile",0.25,3.6008228752296
"34669",2021-05-15,"44","28  day ahead inc hosp",2021-06-12,"quantile",0.3,4.15059096200296
"34670",2021-05-15,"44","28  day ahead inc hosp",2021-06-12,"quantile",0.35,4.714100369947
"34671",2021-05-15,"44","28  day ahead inc hosp",2021-06-12,"quantile",0.4,5.30009794588591
"34672",2021-05-15,"44","28  day ahead inc hosp",2021-06-12,"quantile",0.45,5.9174767487061
"34673",2021-05-15,"44","28  day ahead inc hosp",2021-06-12,"quantile",0.5,6.57623971308252
"34674",2021-05-15,"44","28  day ahead inc hosp",2021-06-12,"quantile",0.55,7.28853226434447
"34675",2021-05-15,"44","28  day ahead inc hosp",2021-06-12,"quantile",0.6,8.07003854539354
"34676",2021-05-15,"44","28  day ahead inc hosp",2021-06-12,"quantile",0.65,8.94216597221543
"34677",2021-05-15,"44","28  day ahead inc hosp",2021-06-12,"quantile",0.7,9.93583433862645
"34678",2021-05-15,"44","28  day ahead inc hosp",2021-06-12,"quantile",0.75,11.0987059170919
"34679",2021-05-15,"44","28  day ahead inc hosp",2021-06-12,"quantile",0.8,12.5106049770342
"34680",2021-05-15,"44","28  day ahead inc hosp",2021-06-12,"quantile",0.85,14.32173437071
"34681",2021-05-15,"44","28  day ahead inc hosp",2021-06-12,"quantile",0.9,16.8718568807067
"34682",2021-05-15,"44","28  day ahead inc hosp",2021-06-12,"quantile",0.95,21.2595741135799
"34683",2021-05-15,"44","28  day ahead inc hosp",2021-06-12,"quantile",0.975,25.7137455312462
"34684",2021-05-15,"44","28  day ahead inc hosp",2021-06-12,"quantile",0.99,31.7340211776821
"34685",2021-05-15,"44","29  day ahead inc hosp",2021-06-13,"quantile",0.01,0.356424717533786
"34686",2021-05-15,"44","29  day ahead inc hosp",2021-06-13,"quantile",0.025,0.649825398246206
"34687",2021-05-15,"44","29  day ahead inc hosp",2021-06-13,"quantile",0.05,1.02217062577341
"34688",2021-05-15,"44","29  day ahead inc hosp",2021-06-13,"quantile",0.1,1.62827257143483
"34689",2021-05-15,"44","29  day ahead inc hosp",2021-06-13,"quantile",0.15,2.16751575872478
"34690",2021-05-15,"44","29  day ahead inc hosp",2021-06-13,"quantile",0.2,2.68368020835976
"34691",2021-05-15,"44","29  day ahead inc hosp",2021-06-13,"quantile",0.25,3.19559105612988
"34692",2021-05-15,"44","29  day ahead inc hosp",2021-06-13,"quantile",0.3,3.71475288615687
"34693",2021-05-15,"44","29  day ahead inc hosp",2021-06-13,"quantile",0.35,4.25003341806075
"34694",2021-05-15,"44","29  day ahead inc hosp",2021-06-13,"quantile",0.4,4.8095600796139
"34695",2021-05-15,"44","29  day ahead inc hosp",2021-06-13,"quantile",0.45,5.40180479554538
"34696",2021-05-15,"44","29  day ahead inc hosp",2021-06-13,"quantile",0.5,6.03647071598727
"34697",2021-05-15,"44","29  day ahead inc hosp",2021-06-13,"quantile",0.55,6.7254851074748
"34698",2021-05-15,"44","29  day ahead inc hosp",2021-06-13,"quantile",0.6,7.48437620441956
"34699",2021-05-15,"44","29  day ahead inc hosp",2021-06-13,"quantile",0.65,8.33445322488803
"34700",2021-05-15,"44","29  day ahead inc hosp",2021-06-13,"quantile",0.7,9.30660796552745
"34701",2021-05-15,"44","29  day ahead inc hosp",2021-06-13,"quantile",0.75,10.4485881657073
"34702",2021-05-15,"44","29  day ahead inc hosp",2021-06-13,"quantile",0.8,11.8405355728879
"34703",2021-05-15,"44","29  day ahead inc hosp",2021-06-13,"quantile",0.85,13.6335522606369
"34704",2021-05-15,"44","29  day ahead inc hosp",2021-06-13,"quantile",0.9,16.1701641703014
"34705",2021-05-15,"44","29  day ahead inc hosp",2021-06-13,"quantile",0.95,20.5609678105508
"34706",2021-05-15,"44","29  day ahead inc hosp",2021-06-13,"quantile",0.975,25.045045537114
"34707",2021-05-15,"44","29  day ahead inc hosp",2021-06-13,"quantile",0.99,31.1388449459666
"34708",2021-05-15,"44","30  day ahead inc hosp",2021-06-14,"quantile",0.01,0.595924736673156
"34709",2021-05-15,"44","30  day ahead inc hosp",2021-06-14,"quantile",0.025,1.02254899942193
"34710",2021-05-15,"44","30  day ahead inc hosp",2021-06-14,"quantile",0.05,1.54448421650964
"34711",2021-05-15,"44","30  day ahead inc hosp",2021-06-14,"quantile",0.1,2.36960170538142
"34712",2021-05-15,"44","30  day ahead inc hosp",2021-06-14,"quantile",0.15,3.08832632783258
"34713",2021-05-15,"44","30  day ahead inc hosp",2021-06-14,"quantile",0.2,3.76719604232882
"34714",2021-05-15,"44","30  day ahead inc hosp",2021-06-14,"quantile",0.25,4.43385909437524
"34715",2021-05-15,"44","30  day ahead inc hosp",2021-06-14,"quantile",0.3,5.10461301041875
"34716",2021-05-15,"44","30  day ahead inc hosp",2021-06-14,"quantile",0.35,5.79155034314023
"34717",2021-05-15,"44","30  day ahead inc hosp",2021-06-14,"quantile",0.4,6.50536961942774
"34718",2021-05-15,"44","30  day ahead inc hosp",2021-06-14,"quantile",0.45,7.25690919750426
"34719",2021-05-15,"44","30  day ahead inc hosp",2021-06-14,"quantile",0.5,8.05832769174908
"34720",2021-05-15,"44","30  day ahead inc hosp",2021-06-14,"quantile",0.55,8.92436084769149
"34721",2021-05-15,"44","30  day ahead inc hosp",2021-06-14,"quantile",0.6,9.87401457976072
"34722",2021-05-15,"44","30  day ahead inc hosp",2021-06-14,"quantile",0.65,10.9332091228805
"34723",2021-05-15,"44","30  day ahead inc hosp",2021-06-14,"quantile",0.7,12.1393615396867
"34724",2021-05-15,"44","30  day ahead inc hosp",2021-06-14,"quantile",0.75,13.5501261855521
"34725",2021-05-15,"44","30  day ahead inc hosp",2021-06-14,"quantile",0.8,15.262030632183
"34726",2021-05-15,"44","30  day ahead inc hosp",2021-06-14,"quantile",0.85,17.4566540532157
"34727",2021-05-15,"44","30  day ahead inc hosp",2021-06-14,"quantile",0.9,20.5446043190117
"34728",2021-05-15,"44","30  day ahead inc hosp",2021-06-14,"quantile",0.95,25.8530173397889
"34729",2021-05-15,"44","30  day ahead inc hosp",2021-06-14,"quantile",0.975,31.2370857206189
"34730",2021-05-15,"44","30  day ahead inc hosp",2021-06-14,"quantile",0.99,38.508375499339
"34731",2021-05-15,"44","31  day ahead inc hosp",2021-06-15,"quantile",0.01,0.420129327520296
"34732",2021-05-15,"44","31  day ahead inc hosp",2021-06-15,"quantile",0.025,0.75999517171723
"34733",2021-05-15,"44","31  day ahead inc hosp",2021-06-15,"quantile",0.05,1.18928553439399
"34734",2021-05-15,"44","31  day ahead inc hosp",2021-06-15,"quantile",0.1,1.8854896287199
"34735",2021-05-15,"44","31  day ahead inc hosp",2021-06-15,"quantile",0.15,2.50324454192232
"34736",2021-05-15,"44","31  day ahead inc hosp",2021-06-15,"quantile",0.2,3.09357348523534
"34737",2021-05-15,"44","31  day ahead inc hosp",2021-06-15,"quantile",0.25,3.67831506804924
"34738",2021-05-15,"44","31  day ahead inc hosp",2021-06-15,"quantile",0.3,4.2707512930317
"34739",2021-05-15,"44","31  day ahead inc hosp",2021-06-15,"quantile",0.35,4.88106907985034
"34740",2021-05-15,"44","31  day ahead inc hosp",2021-06-15,"quantile",0.4,5.51856306383431
"34741",2021-05-15,"44","31  day ahead inc hosp",2021-06-15,"quantile",0.45,6.19288757291652
"34742",2021-05-15,"44","31  day ahead inc hosp",2021-06-15,"quantile",0.5,6.91507205549257
"34743",2021-05-15,"44","31  day ahead inc hosp",2021-06-15,"quantile",0.55,7.69865101182665
"34744",2021-05-15,"44","31  day ahead inc hosp",2021-06-15,"quantile",0.6,8.56122543015405
"34745",2021-05-15,"44","31  day ahead inc hosp",2021-06-15,"quantile",0.65,9.52693105932562
"34746",2021-05-15,"44","31  day ahead inc hosp",2021-06-15,"quantile",0.7,10.6307395356412
"34747",2021-05-15,"44","31  day ahead inc hosp",2021-06-15,"quantile",0.75,11.9266844618689
"34748",2021-05-15,"44","31  day ahead inc hosp",2021-06-15,"quantile",0.8,13.5054306432024
"34749",2021-05-15,"44","31  day ahead inc hosp",2021-06-15,"quantile",0.85,15.5378730579474
"34750",2021-05-15,"44","31  day ahead inc hosp",2021-06-15,"quantile",0.9,18.4112897762552
"34751",2021-05-15,"44","31  day ahead inc hosp",2021-06-15,"quantile",0.95,23.3808951172368
"34752",2021-05-15,"44","31  day ahead inc hosp",2021-06-15,"quantile",0.975,28.4518135400676
"34753",2021-05-15,"44","31  day ahead inc hosp",2021-06-15,"quantile",0.99,35.3378723572446
"34754",2021-05-15,"44","32  day ahead inc hosp",2021-06-16,"quantile",0.01,0.502221232069706
"34755",2021-05-15,"44","32  day ahead inc hosp",2021-06-16,"quantile",0.025,0.892652187678236
"34756",2021-05-15,"44","32  day ahead inc hosp",2021-06-16,"quantile",0.05,1.38061572587041
"34757",2021-05-15,"44","32  day ahead inc hosp",2021-06-16,"quantile",0.1,2.16534219883101
"34758",2021-05-15,"44","32  day ahead inc hosp",2021-06-16,"quantile",0.15,2.85743422351508
"34759",2021-05-15,"44","32  day ahead inc hosp",2021-06-16,"quantile",0.2,3.5162888808139
"34760",2021-05-15,"44","32  day ahead inc hosp",2021-06-16,"quantile",0.25,4.16707217021745
"34761",2021-05-15,"44","32  day ahead inc hosp",2021-06-16,"quantile",0.3,4.82492752330592
"34762",2021-05-15,"44","32  day ahead inc hosp",2021-06-16,"quantile",0.35,5.5013410583326
"34763",2021-05-15,"44","32  day ahead inc hosp",2021-06-16,"quantile",0.4,6.20668676875218
"34764",2021-05-15,"44","32  day ahead inc hosp",2021-06-16,"quantile",0.45,6.9516530468293
"34765",2021-05-15,"44","32  day ahead inc hosp",2021-06-16,"quantile",0.5,7.74837957141464
"34766",2021-05-15,"44","32  day ahead inc hosp",2021-06-16,"quantile",0.55,8.61170444285412
"34767",2021-05-15,"44","32  day ahead inc hosp",2021-06-16,"quantile",0.6,9.5608736682471
"34768",2021-05-15,"44","32  day ahead inc hosp",2021-06-16,"quantile",0.65,10.6222332321201
"34769",2021-05-15,"44","32  day ahead inc hosp",2021-06-16,"quantile",0.7,11.8339121836801
"34770",2021-05-15,"44","32  day ahead inc hosp",2021-06-16,"quantile",0.75,13.2547715785703
"34771",2021-05-15,"44","32  day ahead inc hosp",2021-06-16,"quantile",0.8,14.9835072171955
"34772",2021-05-15,"44","32  day ahead inc hosp",2021-06-16,"quantile",0.85,17.2060319102275
"34773",2021-05-15,"44","32  day ahead inc hosp",2021-06-16,"quantile",0.9,20.343367025547
"34774",2021-05-15,"44","32  day ahead inc hosp",2021-06-16,"quantile",0.95,25.7588769521019
"34775",2021-05-15,"44","32  day ahead inc hosp",2021-06-16,"quantile",0.975,31.2741079815235
"34776",2021-05-15,"44","32  day ahead inc hosp",2021-06-16,"quantile",0.99,38.7503612386741
"34777",2021-05-15,"44","33  day ahead inc hosp",2021-06-17,"quantile",0.01,0.483901956662061
"34778",2021-05-15,"44","33  day ahead inc hosp",2021-06-17,"quantile",0.025,0.870015563408756
"34779",2021-05-15,"44","33  day ahead inc hosp",2021-06-17,"quantile",0.05,1.35593087216108
"34780",2021-05-15,"44","33  day ahead inc hosp",2021-06-17,"quantile",0.1,2.14167102372453
"34781",2021-05-15,"44","33  day ahead inc hosp",2021-06-17,"quantile",0.15,2.83741080924056
"34782",2021-05-15,"44","33  day ahead inc hosp",2021-06-17,"quantile",0.2,3.501388418465
"34783",2021-05-15,"44","33  day ahead inc hosp",2021-06-17,"quantile",0.25,4.15844185109653
"34784",2021-05-15,"44","33  day ahead inc hosp",2021-06-17,"quantile",0.3,4.8236209871572
"34785",2021-05-15,"44","33  day ahead inc hosp",2021-06-17,"quantile",0.35,5.50842396974321
"34786",2021-05-15,"44","33  day ahead inc hosp",2021-06-17,"quantile",0.4,6.22330487257417
"34787",2021-05-15,"44","33  day ahead inc hosp",2021-06-17,"quantile",0.45,6.97909198269647
"34788",2021-05-15,"44","33  day ahead inc hosp",2021-06-17,"quantile",0.5,7.78813111352499
"34789",2021-05-15,"44","33  day ahead inc hosp",2021-06-17,"quantile",0.55,8.66555158856582
"34790",2021-05-15,"44","33  day ahead inc hosp",2021-06-17,"quantile",0.6,9.63101083678062
"34791",2021-05-15,"44","33  day ahead inc hosp",2021-06-17,"quantile",0.65,10.7114486281095
"34792",2021-05-15,"44","33  day ahead inc hosp",2021-06-17,"quantile",0.7,11.9458837071547
"34793",2021-05-15,"44","33  day ahead inc hosp",2021-06-17,"quantile",0.75,13.3945848699872
"34794",2021-05-15,"44","33  day ahead inc hosp",2021-06-17,"quantile",0.8,15.1586548760939
"34795",2021-05-15,"44","33  day ahead inc hosp",2021-06-17,"quantile",0.85,17.4286211359594
"34796",2021-05-15,"44","33  day ahead inc hosp",2021-06-17,"quantile",0.9,20.6361501979893
"34797",2021-05-15,"44","33  day ahead inc hosp",2021-06-17,"quantile",0.95,26.1798960267673
"34798",2021-05-15,"44","33  day ahead inc hosp",2021-06-17,"quantile",0.975,31.8328978910775
"34799",2021-05-15,"44","33  day ahead inc hosp",2021-06-17,"quantile",0.99,39.5047592990325
"34800",2021-05-15,"44","34  day ahead inc hosp",2021-06-18,"quantile",0.01,0.314027902638418
"34801",2021-05-15,"44","34  day ahead inc hosp",2021-06-18,"quantile",0.025,0.604818754470842
"34802",2021-05-15,"44","34  day ahead inc hosp",2021-06-18,"quantile",0.05,0.986103595042528
"34803",2021-05-15,"44","34  day ahead inc hosp",2021-06-18,"quantile",0.1,1.62283066108213
"34804",2021-05-15,"44","34  day ahead inc hosp",2021-06-18,"quantile",0.15,2.19972377258142
"34805",2021-05-15,"44","34  day ahead inc hosp",2021-06-18,"quantile",0.2,2.75821846735192
"34806",2021-05-15,"44","34  day ahead inc hosp",2021-06-18,"quantile",0.25,3.3167519820929
"34807",2021-05-15,"44","34  day ahead inc hosp",2021-06-18,"quantile",0.3,3.88699535727154
"34808",2021-05-15,"44","34  day ahead inc hosp",2021-06-18,"quantile",0.35,4.47826775616838
"34809",2021-05-15,"44","34  day ahead inc hosp",2021-06-18,"quantile",0.4,5.09937817620156
"34810",2021-05-15,"44","34  day ahead inc hosp",2021-06-18,"quantile",0.45,5.75972922533904
"34811",2021-05-15,"44","34  day ahead inc hosp",2021-06-18,"quantile",0.5,6.47027013921771
"34812",2021-05-15,"44","34  day ahead inc hosp",2021-06-18,"quantile",0.55,7.24460914290546
"34813",2021-05-15,"44","34  day ahead inc hosp",2021-06-18,"quantile",0.6,8.10059098579509
"34814",2021-05-15,"44","34  day ahead inc hosp",2021-06-18,"quantile",0.65,9.0628205211065
"34815",2021-05-15,"44","34  day ahead inc hosp",2021-06-18,"quantile",0.7,10.1670838244381
"34816",2021-05-15,"44","34  day ahead inc hosp",2021-06-18,"quantile",0.75,11.4688266421988
"34817",2021-05-15,"44","34  day ahead inc hosp",2021-06-18,"quantile",0.8,13.0612943361693
"34818",2021-05-15,"44","34  day ahead inc hosp",2021-06-18,"quantile",0.85,15.1206158774737
"34819",2021-05-15,"44","34  day ahead inc hosp",2021-06-18,"quantile",0.9,18.0468320242304
"34820",2021-05-15,"44","34  day ahead inc hosp",2021-06-18,"quantile",0.95,23.1403269608063
"34821",2021-05-15,"44","34  day ahead inc hosp",2021-06-18,"quantile",0.975,28.3708326839108
"34822",2021-05-15,"44","34  day ahead inc hosp",2021-06-18,"quantile",0.99,35.5146915235838
"34823",2021-05-15,"44","35  day ahead inc hosp",2021-06-19,"quantile",0.01,0.191964521754465
"34824",2021-05-15,"44","35  day ahead inc hosp",2021-06-19,"quantile",0.025,0.402949224580114
"34825",2021-05-15,"44","35  day ahead inc hosp",2021-06-19,"quantile",0.05,0.693861193259386
"34826",2021-05-15,"44","35  day ahead inc hosp",2021-06-19,"quantile",0.1,1.19873043701809
"34827",2021-05-15,"44","35  day ahead inc hosp",2021-06-19,"quantile",0.15,1.66861214983615
"34828",2021-05-15,"44","35  day ahead inc hosp",2021-06-19,"quantile",0.2,2.13109488654603
"34829",2021-05-15,"44","35  day ahead inc hosp",2021-06-19,"quantile",0.25,2.59923458755898
"34830",2021-05-15,"44","35  day ahead inc hosp",2021-06-19,"quantile",0.3,3.08181099964083
"34831",2021-05-15,"44","35  day ahead inc hosp",2021-06-19,"quantile",0.35,3.58624230821309
"34832",2021-05-15,"44","35  day ahead inc hosp",2021-06-19,"quantile",0.4,4.1198710816435
"34833",2021-05-15,"44","35  day ahead inc hosp",2021-06-19,"quantile",0.45,4.69080056553761
"34834",2021-05-15,"44","35  day ahead inc hosp",2021-06-19,"quantile",0.5,5.30868090451496
"34835",2021-05-15,"44","35  day ahead inc hosp",2021-06-19,"quantile",0.55,5.9856814375139
"34836",2021-05-15,"44","35  day ahead inc hosp",2021-06-19,"quantile",0.6,6.73791043873461
"34837",2021-05-15,"44","35  day ahead inc hosp",2021-06-19,"quantile",0.65,7.58771599889123
"34838",2021-05-15,"44","35  day ahead inc hosp",2021-06-19,"quantile",0.7,8.56774061831611
"34839",2021-05-15,"44","35  day ahead inc hosp",2021-06-19,"quantile",0.75,9.72872019383875
"34840",2021-05-15,"44","35  day ahead inc hosp",2021-06-19,"quantile",0.8,11.156203793852
"34841",2021-05-15,"44","35  day ahead inc hosp",2021-06-19,"quantile",0.85,13.012182759748
"34842",2021-05-15,"44","35  day ahead inc hosp",2021-06-19,"quantile",0.9,15.6655728800596
"34843",2021-05-15,"44","35  day ahead inc hosp",2021-06-19,"quantile",0.95,20.3197711458097
"34844",2021-05-15,"44","35  day ahead inc hosp",2021-06-19,"quantile",0.975,25.1355057354626
"34845",2021-05-15,"44","35  day ahead inc hosp",2021-06-19,"quantile",0.99,31.7580049363153
"34846",2021-05-15,"44","36  day ahead inc hosp",2021-06-20,"quantile",0.01,0.236381785417232
"34847",2021-05-15,"44","36  day ahead inc hosp",2021-06-20,"quantile",0.025,0.482861428290198
"34848",2021-05-15,"44","36  day ahead inc hosp",2021-06-20,"quantile",0.05,0.817392304432276
"34849",2021-05-15,"44","36  day ahead inc hosp",2021-06-20,"quantile",0.1,1.39105545038894
"34850",2021-05-15,"44","36  day ahead inc hosp",2021-06-20,"quantile",0.15,1.92055765935645
"34851",2021-05-15,"44","36  day ahead inc hosp",2021-06-20,"quantile",0.2,2.43908214817672
"34852",2021-05-15,"44","36  day ahead inc hosp",2021-06-20,"quantile",0.25,2.96201089821553
"34853",2021-05-15,"44","36  day ahead inc hosp",2021-06-20,"quantile",0.3,3.49948446080445
"34854",2021-05-15,"44","36  day ahead inc hosp",2021-06-20,"quantile",0.35,4.05991791311428
"34855",2021-05-15,"44","36  day ahead inc hosp",2021-06-20,"quantile",0.4,4.65152281938703
"34856",2021-05-15,"44","36  day ahead inc hosp",2021-06-20,"quantile",0.45,5.28327065211287
"34857",2021-05-15,"44","36  day ahead inc hosp",2021-06-20,"quantile",0.5,5.96577462029112
"34858",2021-05-15,"44","36  day ahead inc hosp",2021-06-20,"quantile",0.55,6.71236143498116
"34859",2021-05-15,"44","36  day ahead inc hosp",2021-06-20,"quantile",0.6,7.54062300939879
"34860",2021-05-15,"44","36  day ahead inc hosp",2021-06-20,"quantile",0.65,8.47492176756001
"34861",2021-05-15,"44","36  day ahead inc hosp",2021-06-20,"quantile",0.7,9.55079802660038
"34862",2021-05-15,"44","36  day ahead inc hosp",2021-06-20,"quantile",0.75,10.8234401373307
"34863",2021-05-15,"44","36  day ahead inc hosp",2021-06-20,"quantile",0.8,12.3858323337202
"34864",2021-05-15,"44","36  day ahead inc hosp",2021-06-20,"quantile",0.85,14.4139152891206
"34865",2021-05-15,"44","36  day ahead inc hosp",2021-06-20,"quantile",0.9,17.3080524319208
"34866",2021-05-15,"44","36  day ahead inc hosp",2021-06-20,"quantile",0.95,22.3728604752436
"34867",2021-05-15,"44","36  day ahead inc hosp",2021-06-20,"quantile",0.975,27.6015878817911
"34868",2021-05-15,"44","36  day ahead inc hosp",2021-06-20,"quantile",0.99,34.7773463933294
"34869",2021-05-15,"44","37  day ahead inc hosp",2021-06-21,"quantile",0.01,0.394774919957891
"34870",2021-05-15,"44","37  day ahead inc hosp",2021-06-21,"quantile",0.025,0.74958221151318
"34871",2021-05-15,"44","37  day ahead inc hosp",2021-06-21,"quantile",0.05,1.2108973095301
"34872",2021-05-15,"44","37  day ahead inc hosp",2021-06-21,"quantile",0.1,1.97623406802445
"34873",2021-05-15,"44","37  day ahead inc hosp",2021-06-21,"quantile",0.15,2.66643996697968
"34874",2021-05-15,"44","37  day ahead inc hosp",2021-06-21,"quantile",0.2,3.33271188820963
"34875",2021-05-15,"44","37  day ahead inc hosp",2021-06-21,"quantile",0.25,3.99762144817817
"34876",2021-05-15,"44","37  day ahead inc hosp",2021-06-21,"quantile",0.3,4.67532345286508
"34877",2021-05-15,"44","37  day ahead inc hosp",2021-06-21,"quantile",0.35,5.37701648638919
"34878",2021-05-15,"44","37  day ahead inc hosp",2021-06-21,"quantile",0.4,6.11320267731604
"34879",2021-05-15,"44","37  day ahead inc hosp",2021-06-21,"quantile",0.45,6.8950251783627
"34880",2021-05-15,"44","37  day ahead inc hosp",2021-06-21,"quantile",0.5,7.7354066801467
"34881",2021-05-15,"44","37  day ahead inc hosp",2021-06-21,"quantile",0.55,8.65036450540691
"34882",2021-05-15,"44","37  day ahead inc hosp",2021-06-21,"quantile",0.6,9.66086540401598
"34883",2021-05-15,"44","37  day ahead inc hosp",2021-06-21,"quantile",0.65,10.795785252832
"34884",2021-05-15,"44","37  day ahead inc hosp",2021-06-21,"quantile",0.7,12.0970883972679
"34885",2021-05-15,"44","37  day ahead inc hosp",2021-06-21,"quantile",0.75,13.6297544848394
"34886",2021-05-15,"44","37  day ahead inc hosp",2021-06-21,"quantile",0.8,15.5030093455214
"34887",2021-05-15,"44","37  day ahead inc hosp",2021-06-21,"quantile",0.85,17.9230736629288
"34888",2021-05-15,"44","37  day ahead inc hosp",2021-06-21,"quantile",0.9,21.3581069805233
"34889",2021-05-15,"44","37  day ahead inc hosp",2021-06-21,"quantile",0.95,27.3289577338055
"34890",2021-05-15,"44","37  day ahead inc hosp",2021-06-21,"quantile",0.975,33.4519809112137
"34891",2021-05-15,"44","37  day ahead inc hosp",2021-06-21,"quantile",0.99,41.8044260857641
"34892",2021-05-15,"45","1  day ahead inc hosp",2021-05-16,"quantile",0.01,22.2711764096884
"34893",2021-05-15,"45","1  day ahead inc hosp",2021-05-16,"quantile",0.025,24.1162946056985
"34894",2021-05-15,"45","1  day ahead inc hosp",2021-05-16,"quantile",0.05,25.7928908434444
"34895",2021-05-15,"45","1  day ahead inc hosp",2021-05-16,"quantile",0.1,27.832736526081
"34896",2021-05-15,"45","1  day ahead inc hosp",2021-05-16,"quantile",0.15,29.2757759071676
"34897",2021-05-15,"45","1  day ahead inc hosp",2021-05-16,"quantile",0.2,30.4621007399778
"34898",2021-05-15,"45","1  day ahead inc hosp",2021-05-16,"quantile",0.25,31.5082822226563
"34899",2021-05-15,"45","1  day ahead inc hosp",2021-05-16,"quantile",0.3,32.4705433935407
"34900",2021-05-15,"45","1  day ahead inc hosp",2021-05-16,"quantile",0.35,33.3817407968555
"34901",2021-05-15,"45","1  day ahead inc hosp",2021-05-16,"quantile",0.4,34.2639835350073
"34902",2021-05-15,"45","1  day ahead inc hosp",2021-05-16,"quantile",0.45,35.1340968523754
"34903",2021-05-15,"45","1  day ahead inc hosp",2021-05-16,"quantile",0.5,36.006491955582
"34904",2021-05-15,"45","1  day ahead inc hosp",2021-05-16,"quantile",0.55,36.8950335513619
"34905",2021-05-15,"45","1  day ahead inc hosp",2021-05-16,"quantile",0.6,37.8146322723415
"34906",2021-05-15,"45","1  day ahead inc hosp",2021-05-16,"quantile",0.65,38.7830675438829
"34907",2021-05-15,"45","1  day ahead inc hosp",2021-05-16,"quantile",0.7,39.8236599904593
"34908",2021-05-15,"45","1  day ahead inc hosp",2021-05-16,"quantile",0.75,40.9699670292414
"34909",2021-05-15,"45","1  day ahead inc hosp",2021-05-16,"quantile",0.8,42.2753637620702
"34910",2021-05-15,"45","1  day ahead inc hosp",2021-05-16,"quantile",0.85,43.8360590542788
"34911",2021-05-15,"45","1  day ahead inc hosp",2021-05-16,"quantile",0.9,45.8606969447635
"34912",2021-05-15,"45","1  day ahead inc hosp",2021-05-16,"quantile",0.95,48.9895191795167
"34913",2021-05-15,"45","1  day ahead inc hosp",2021-05-16,"quantile",0.975,51.8306115903963
"34914",2021-05-15,"45","1  day ahead inc hosp",2021-05-16,"quantile",0.99,55.2873932782469
"34915",2021-05-15,"45","2  day ahead inc hosp",2021-05-17,"quantile",0.01,23.1703250972351
"34916",2021-05-15,"45","2  day ahead inc hosp",2021-05-17,"quantile",0.025,25.1626723380477
"34917",2021-05-15,"45","2  day ahead inc hosp",2021-05-17,"quantile",0.05,26.9766377303231
"34918",2021-05-15,"45","2  day ahead inc hosp",2021-05-17,"quantile",0.1,29.187817680303
"34919",2021-05-15,"45","2  day ahead inc hosp",2021-05-17,"quantile",0.15,30.7546368882046
"34920",2021-05-15,"45","2  day ahead inc hosp",2021-05-17,"quantile",0.2,32.0442135352699
"34921",2021-05-15,"45","2  day ahead inc hosp",2021-05-17,"quantile",0.25,33.1825113861174
"34922",2021-05-15,"45","2  day ahead inc hosp",2021-05-17,"quantile",0.3,34.2303418807531
"34923",2021-05-15,"45","2  day ahead inc hosp",2021-05-17,"quantile",0.35,35.2232841661043
"34924",2021-05-15,"45","2  day ahead inc hosp",2021-05-17,"quantile",0.4,36.18531575828
"34925",2021-05-15,"45","2  day ahead inc hosp",2021-05-17,"quantile",0.45,37.1347194733485
"34926",2021-05-15,"45","2  day ahead inc hosp",2021-05-17,"quantile",0.5,38.0871913330847
"34927",2021-05-15,"45","2  day ahead inc hosp",2021-05-17,"quantile",0.55,39.0578692894943
"34928",2021-05-15,"45","2  day ahead inc hosp",2021-05-17,"quantile",0.6,40.0630707291954
"34929",2021-05-15,"45","2  day ahead inc hosp",2021-05-17,"quantile",0.65,41.1222898451896
"34930",2021-05-15,"45","2  day ahead inc hosp",2021-05-17,"quantile",0.7,42.2611340121239
"34931",2021-05-15,"45","2  day ahead inc hosp",2021-05-17,"quantile",0.75,43.5164906355647
"34932",2021-05-15,"45","2  day ahead inc hosp",2021-05-17,"quantile",0.8,44.9470772727566
"34933",2021-05-15,"45","2  day ahead inc hosp",2021-05-17,"quantile",0.85,46.6587974777618
"34934",2021-05-15,"45","2  day ahead inc hosp",2021-05-17,"quantile",0.9,48.8814483973584
"34935",2021-05-15,"45","2  day ahead inc hosp",2021-05-17,"quantile",0.95,52.3206500295873
"34936",2021-05-15,"45","2  day ahead inc hosp",2021-05-17,"quantile",0.975,55.4478741866559
"34937",2021-05-15,"45","2  day ahead inc hosp",2021-05-17,"quantile",0.99,59.2578995993526
"34938",2021-05-15,"45","3  day ahead inc hosp",2021-05-18,"quantile",0.01,22.2927251351097
"34939",2021-05-15,"45","3  day ahead inc hosp",2021-05-18,"quantile",0.025,24.2943575761148
"34940",2021-05-15,"45","3  day ahead inc hosp",2021-05-18,"quantile",0.05,26.1211332242618
"34941",2021-05-15,"45","3  day ahead inc hosp",2021-05-18,"quantile",0.1,28.3530375760593
"34942",2021-05-15,"45","3  day ahead inc hosp",2021-05-18,"quantile",0.15,29.9376721488272
"34943",2021-05-15,"45","3  day ahead inc hosp",2021-05-18,"quantile",0.2,31.2437276772234
"34944",2021-05-15,"45","3  day ahead inc hosp",2021-05-18,"quantile",0.25,32.3978640491839
"34945",2021-05-15,"45","3  day ahead inc hosp",2021-05-18,"quantile",0.3,33.4612998371245
"34946",2021-05-15,"45","3  day ahead inc hosp",2021-05-18,"quantile",0.35,34.4699026895598
"34947",2021-05-15,"45","3  day ahead inc hosp",2021-05-18,"quantile",0.4,35.4478890687469
"34948",2021-05-15,"45","3  day ahead inc hosp",2021-05-18,"quantile",0.45,36.4137676633357
"34949",2021-05-15,"45","3  day ahead inc hosp",2021-05-18,"quantile",0.5,37.3834728779172
"34950",2021-05-15,"45","3  day ahead inc hosp",2021-05-18,"quantile",0.55,38.372417924263
"34951",2021-05-15,"45","3  day ahead inc hosp",2021-05-18,"quantile",0.6,39.3972625385933
"34952",2021-05-15,"45","3  day ahead inc hosp",2021-05-18,"quantile",0.65,40.4779553631351
"34953",2021-05-15,"45","3  day ahead inc hosp",2021-05-18,"quantile",0.7,41.6407463751659
"34954",2021-05-15,"45","3  day ahead inc hosp",2021-05-18,"quantile",0.75,42.9234965919258
"34955",2021-05-15,"45","3  day ahead inc hosp",2021-05-18,"quantile",0.8,44.3865292137292
"34956",2021-05-15,"45","3  day ahead inc hosp",2021-05-18,"quantile",0.85,46.138722834862
"34957",2021-05-15,"45","3  day ahead inc hosp",2021-05-18,"quantile",0.9,48.4164872593231
"34958",2021-05-15,"45","3  day ahead inc hosp",2021-05-18,"quantile",0.95,51.9463207845246
"34959",2021-05-15,"45","3  day ahead inc hosp",2021-05-18,"quantile",0.975,55.1612129055778
"34960",2021-05-15,"45","3  day ahead inc hosp",2021-05-18,"quantile",0.99,59.0843003574865
"34961",2021-05-15,"45","4  day ahead inc hosp",2021-05-19,"quantile",0.01,23.6049898011545
"34962",2021-05-15,"45","4  day ahead inc hosp",2021-05-19,"quantile",0.025,25.7747808976511
"34963",2021-05-15,"45","4  day ahead inc hosp",2021-05-19,"quantile",0.05,27.7576700302208
"34964",2021-05-15,"45","4  day ahead inc hosp",2021-05-19,"quantile",0.1,30.1834114534716
"34965",2021-05-15,"45","4  day ahead inc hosp",2021-05-19,"quantile",0.15,31.9075690278521
"34966",2021-05-15,"45","4  day ahead inc hosp",2021-05-19,"quantile",0.2,33.3297214955199
"34967",2021-05-15,"45","4  day ahead inc hosp",2021-05-19,"quantile",0.25,34.5872350736503
"34968",2021-05-15,"45","4  day ahead inc hosp",2021-05-19,"quantile",0.3,35.7465462934112
"34969",2021-05-15,"45","4  day ahead inc hosp",2021-05-19,"quantile",0.35,36.84661066045
"34970",2021-05-15,"45","4  day ahead inc hosp",2021-05-19,"quantile",0.4,37.9137566141391
"34971",2021-05-15,"45","4  day ahead inc hosp",2021-05-19,"quantile",0.45,38.9681336769664
"34972",2021-05-15,"45","4  day ahead inc hosp",2021-05-19,"quantile",0.5,40.0271159597032
"34973",2021-05-15,"45","4  day ahead inc hosp",2021-05-19,"quantile",0.55,41.1075368567006
"34974",2021-05-15,"45","4  day ahead inc hosp",2021-05-19,"quantile",0.6,42.2276188207769
"34975",2021-05-15,"45","4  day ahead inc hosp",2021-05-19,"quantile",0.65,43.4092092183742
"34976",2021-05-15,"45","4  day ahead inc hosp",2021-05-19,"quantile",0.7,44.681084094647
"34977",2021-05-15,"45","4  day ahead inc hosp",2021-05-19,"quantile",0.75,46.0847768309584
"34978",2021-05-15,"45","4  day ahead inc hosp",2021-05-19,"quantile",0.8,47.6864954683211
"34979",2021-05-15,"45","4  day ahead inc hosp",2021-05-19,"quantile",0.85,49.6057881176593
"34980",2021-05-15,"45","4  day ahead inc hosp",2021-05-19,"quantile",0.9,52.1023267593368
"34981",2021-05-15,"45","4  day ahead inc hosp",2021-05-19,"quantile",0.95,55.974443550811
"34982",2021-05-15,"45","4  day ahead inc hosp",2021-05-19,"quantile",0.975,59.5042725552654
"34983",2021-05-15,"45","4  day ahead inc hosp",2021-05-19,"quantile",0.99,63.8154707437957
"34984",2021-05-15,"45","5  day ahead inc hosp",2021-05-20,"quantile",0.01,20.9360373064681
"34985",2021-05-15,"45","5  day ahead inc hosp",2021-05-20,"quantile",0.025,23.010638680123
"34986",2021-05-15,"45","5  day ahead inc hosp",2021-05-20,"quantile",0.05,24.9150218397652
"34987",2021-05-15,"45","5  day ahead inc hosp",2021-05-20,"quantile",0.1,27.2547004085573
"34988",2021-05-15,"45","5  day ahead inc hosp",2021-05-20,"quantile",0.15,28.9238104373458
"34989",2021-05-15,"45","5  day ahead inc hosp",2021-05-20,"quantile",0.2,30.304115275781
"34990",2021-05-15,"45","5  day ahead inc hosp",2021-05-20,"quantile",0.25,31.527161657855
"34991",2021-05-15,"45","5  day ahead inc hosp",2021-05-20,"quantile",0.3,32.6567110788675
"34992",2021-05-15,"45","5  day ahead inc hosp",2021-05-20,"quantile",0.35,33.7302498819314
"34993",2021-05-15,"45","5  day ahead inc hosp",2021-05-20,"quantile",0.4,34.7732017758352
"34994",2021-05-15,"45","5  day ahead inc hosp",2021-05-20,"quantile",0.45,35.8051104643976
"34995",2021-05-15,"45","5  day ahead inc hosp",2021-05-20,"quantile",0.5,36.8429157068506
"34996",2021-05-15,"45","5  day ahead inc hosp",2021-05-20,"quantile",0.55,37.9031195913632
"34997",2021-05-15,"45","5  day ahead inc hosp",2021-05-20,"quantile",0.6,39.0036757474001
"34998",2021-05-15,"45","5  day ahead inc hosp",2021-05-20,"quantile",0.65,40.1661984406178
"34999",2021-05-15,"45","5  day ahead inc hosp",2021-05-20,"quantile",0.7,41.4192461364921
"35000",2021-05-15,"45","5  day ahead inc hosp",2021-05-20,"quantile",0.75,42.8041321527911
"35001",2021-05-15,"45","5  day ahead inc hosp",2021-05-20,"quantile",0.8,44.3868234470553
"35002",2021-05-15,"45","5  day ahead inc hosp",2021-05-20,"quantile",0.85,46.2865889014465
"35003",2021-05-15,"45","5  day ahead inc hosp",2021-05-20,"quantile",0.9,48.7628059669024
"35004",2021-05-15,"45","5  day ahead inc hosp",2021-05-20,"quantile",0.95,52.6140447565946
"35005",2021-05-15,"45","5  day ahead inc hosp",2021-05-20,"quantile",0.975,56.1353098607869
"35006",2021-05-15,"45","5  day ahead inc hosp",2021-05-20,"quantile",0.99,60.44852059223
"35007",2021-05-15,"45","6  day ahead inc hosp",2021-05-21,"quantile",0.01,20.4051364818474
"35008",2021-05-15,"45","6  day ahead inc hosp",2021-05-21,"quantile",0.025,22.5426579453198
"35009",2021-05-15,"45","6  day ahead inc hosp",2021-05-21,"quantile",0.05,24.5116772213031
"35010",2021-05-15,"45","6  day ahead inc hosp",2021-05-21,"quantile",0.1,26.9388613242364
"35011",2021-05-15,"45","6  day ahead inc hosp",2021-05-21,"quantile",0.15,28.6753674819319
"35012",2021-05-15,"45","6  day ahead inc hosp",2021-05-21,"quantile",0.2,30.1142948768678
"35013",2021-05-15,"45","6  day ahead inc hosp",2021-05-21,"quantile",0.25,31.3913437976161
"35014",2021-05-15,"45","6  day ahead inc hosp",2021-05-21,"quantile",0.3,32.5724028375103
"35015",2021-05-15,"45","6  day ahead inc hosp",2021-05-21,"quantile",0.35,33.6962903177827
"35016",2021-05-15,"45","6  day ahead inc hosp",2021-05-21,"quantile",0.4,34.7894057239194
"35017",2021-05-15,"45","6  day ahead inc hosp",2021-05-21,"quantile",0.45,35.8721138758339
"35018",2021-05-15,"45","6  day ahead inc hosp",2021-05-21,"quantile",0.5,36.9621382501055
"35019",2021-05-15,"45","6  day ahead inc hosp",2021-05-21,"quantile",0.55,38.0768173574508
"35020",2021-05-15,"45","6  day ahead inc hosp",2021-05-21,"quantile",0.6,39.2350877075797
"35021",2021-05-15,"45","6  day ahead inc hosp",2021-05-21,"quantile",0.65,40.459818962779
"35022",2021-05-15,"45","6  day ahead inc hosp",2021-05-21,"quantile",0.7,41.7813004558446
"35023",2021-05-15,"45","6  day ahead inc hosp",2021-05-21,"quantile",0.75,43.2434251554427
"35024",2021-05-15,"45","6  day ahead inc hosp",2021-05-21,"quantile",0.8,44.916367614355
"35025",2021-05-15,"45","6  day ahead inc hosp",2021-05-21,"quantile",0.85,46.9271304521007
"35026",2021-05-15,"45","6  day ahead inc hosp",2021-05-21,"quantile",0.9,49.552163554008
"35027",2021-05-15,"45","6  day ahead inc hosp",2021-05-21,"quantile",0.95,53.6435326090319
"35028",2021-05-15,"45","6  day ahead inc hosp",2021-05-21,"quantile",0.975,57.3928952529641
"35029",2021-05-15,"45","6  day ahead inc hosp",2021-05-21,"quantile",0.99,61.9956856857228
"35030",2021-05-15,"45","7  day ahead inc hosp",2021-05-22,"quantile",0.01,19.8508029244758
"35031",2021-05-15,"45","7  day ahead inc hosp",2021-05-22,"quantile",0.025,22.0578428179803
"35032",2021-05-15,"45","7  day ahead inc hosp",2021-05-22,"quantile",0.05,24.0989380095048
"35033",2021-05-15,"45","7  day ahead inc hosp",2021-05-22,"quantile",0.1,26.6244423829981
"35034",2021-05-15,"45","7  day ahead inc hosp",2021-05-22,"quantile",0.15,28.43711232249
"35035",2021-05-15,"45","7  day ahead inc hosp",2021-05-22,"quantile",0.2,29.9425363425895
"35036",2021-05-15,"45","7  day ahead inc hosp",2021-05-22,"quantile",0.25,31.2810155027734
"35037",2021-05-15,"45","7  day ahead inc hosp",2021-05-22,"quantile",0.3,32.5208061405018
"35038",2021-05-15,"45","7  day ahead inc hosp",2021-05-22,"quantile",0.35,33.7022176922327
"35039",2021-05-15,"45","7  day ahead inc hosp",2021-05-22,"quantile",0.4,34.8527493920079
"35040",2021-05-15,"45","7  day ahead inc hosp",2021-05-22,"quantile",0.45,35.9936984167955
"35041",2021-05-15,"45","7  day ahead inc hosp",2021-05-22,"quantile",0.5,37.1436846816858
"35042",2021-05-15,"45","7  day ahead inc hosp",2021-05-22,"quantile",0.55,38.3210095515317
"35043",2021-05-15,"45","7  day ahead inc hosp",2021-05-22,"quantile",0.6,39.5457466719435
"35044",2021-05-15,"45","7  day ahead inc hosp",2021-05-22,"quantile",0.65,40.8422234392957
"35045",2021-05-15,"45","7  day ahead inc hosp",2021-05-22,"quantile",0.7,42.2427441677542
"35046",2021-05-15,"45","7  day ahead inc hosp",2021-05-22,"quantile",0.75,43.7942102907737
"35047",2021-05-15,"45","7  day ahead inc hosp",2021-05-22,"quantile",0.8,45.5717098270785
"35048",2021-05-15,"45","7  day ahead inc hosp",2021-05-22,"quantile",0.85,47.7112862247861
"35049",2021-05-15,"45","7  day ahead inc hosp",2021-05-22,"quantile",0.9,50.5093678456679
"35050",2021-05-15,"45","7  day ahead inc hosp",2021-05-22,"quantile",0.95,54.8807013786574
"35051",2021-05-15,"45","7  day ahead inc hosp",2021-05-22,"quantile",0.975,58.8967245031434
"35052",2021-05-15,"45","7  day ahead inc hosp",2021-05-22,"quantile",0.99,63.8389224444158
"35053",2021-05-15,"45","8  day ahead inc hosp",2021-05-23,"quantile",0.01,18.8806102069452
"35054",2021-05-15,"45","8  day ahead inc hosp",2021-05-23,"quantile",0.025,21.1268228416337
"35055",2021-05-15,"45","8  day ahead inc hosp",2021-05-23,"quantile",0.05,23.2140215319373
"35056",2021-05-15,"45","8  day ahead inc hosp",2021-05-23,"quantile",0.1,25.8082325902335
"35057",2021-05-15,"45","8  day ahead inc hosp",2021-05-23,"quantile",0.15,27.6773908150197
"35058",2021-05-15,"45","8  day ahead inc hosp",2021-05-23,"quantile",0.2,29.2339034508176
"35059",2021-05-15,"45","8  day ahead inc hosp",2021-05-23,"quantile",0.25,30.6207861287389
"35060",2021-05-15,"45","8  day ahead inc hosp",2021-05-23,"quantile",0.3,31.9077815250924
"35061",2021-05-15,"45","8  day ahead inc hosp",2021-05-23,"quantile",0.35,33.1361964737061
"35062",2021-05-15,"45","8  day ahead inc hosp",2021-05-23,"quantile",0.4,34.3343174517969
"35063",2021-05-15,"45","8  day ahead inc hosp",2021-05-23,"quantile",0.45,35.5241560257915
"35064",2021-05-15,"45","8  day ahead inc hosp",2021-05-23,"quantile",0.5,36.7250624293497
"35065",2021-05-15,"45","8  day ahead inc hosp",2021-05-23,"quantile",0.55,37.9561623412307
"35066",2021-05-15,"45","8  day ahead inc hosp",2021-05-23,"quantile",0.6,39.2385392457798
"35067",2021-05-15,"45","8  day ahead inc hosp",2021-05-23,"quantile",0.65,40.5978483797896
"35068",2021-05-15,"45","8  day ahead inc hosp",2021-05-23,"quantile",0.7,42.0682610093765
"35069",2021-05-15,"45","8  day ahead inc hosp",2021-05-23,"quantile",0.75,43.6994980090622
"35070",2021-05-15,"45","8  day ahead inc hosp",2021-05-23,"quantile",0.8,45.5712889966298
"35071",2021-05-15,"45","8  day ahead inc hosp",2021-05-23,"quantile",0.85,47.8282706096498
"35072",2021-05-15,"45","8  day ahead inc hosp",2021-05-23,"quantile",0.9,50.7859669016597
"35073",2021-05-15,"45","8  day ahead inc hosp",2021-05-23,"quantile",0.95,55.4194296360693
"35074",2021-05-15,"45","8  day ahead inc hosp",2021-05-23,"quantile",0.975,59.6888677018906
"35075",2021-05-15,"45","8  day ahead inc hosp",2021-05-23,"quantile",0.99,64.9579654446194
"35076",2021-05-15,"45","9  day ahead inc hosp",2021-05-24,"quantile",0.01,18.7361692841909
"35077",2021-05-15,"45","9  day ahead inc hosp",2021-05-24,"quantile",0.025,21.0979827147676
"35078",2021-05-15,"45","9  day ahead inc hosp",2021-05-24,"quantile",0.05,23.3020128463597
"35079",2021-05-15,"45","9  day ahead inc hosp",2021-05-24,"quantile",0.1,26.0525657273722
"35080",2021-05-15,"45","9  day ahead inc hosp",2021-05-24,"quantile",0.15,28.041221326117
"35081",2021-05-15,"45","9  day ahead inc hosp",2021-05-24,"quantile",0.2,29.7012321614305
"35082",2021-05-15,"45","9  day ahead inc hosp",2021-05-24,"quantile",0.25,31.1831821861127
"35083",2021-05-15,"45","9  day ahead inc hosp",2021-05-24,"quantile",0.3,32.5606639754155
"35084",2021-05-15,"45","9  day ahead inc hosp",2021-05-24,"quantile",0.35,33.8773800052728
"35085",2021-05-15,"45","9  day ahead inc hosp",2021-05-24,"quantile",0.4,35.1633605229424
"35086",2021-05-15,"45","9  day ahead inc hosp",2021-05-24,"quantile",0.45,36.4420751570164
"35087",2021-05-15,"45","9  day ahead inc hosp",2021-05-24,"quantile",0.5,37.734257744109
"35088",2021-05-15,"45","9  day ahead inc hosp",2021-05-24,"quantile",0.55,39.0605036536421
"35089",2021-05-15,"45","9  day ahead inc hosp",2021-05-24,"quantile",0.6,40.4436174616606
"35090",2021-05-15,"45","9  day ahead inc hosp",2021-05-24,"quantile",0.65,41.9114476885979
"35091",2021-05-15,"45","9  day ahead inc hosp",2021-05-24,"quantile",0.7,43.5011854225393
"35092",2021-05-15,"45","9  day ahead inc hosp",2021-05-24,"quantile",0.75,45.2670489022676
"35093",2021-05-15,"45","9  day ahead inc hosp",2021-05-24,"quantile",0.8,47.2961009676317
"35094",2021-05-15,"45","9  day ahead inc hosp",2021-05-24,"quantile",0.85,49.7464566549114
"35095",2021-05-15,"45","9  day ahead inc hosp",2021-05-24,"quantile",0.9,52.9633996382942
"35096",2021-05-15,"45","9  day ahead inc hosp",2021-05-24,"quantile",0.95,58.0152731666229
"35097",2021-05-15,"45","9  day ahead inc hosp",2021-05-24,"quantile",0.975,62.6823679617127
"35098",2021-05-15,"45","9  day ahead inc hosp",2021-05-24,"quantile",0.99,68.4567183563233
"35099",2021-05-15,"45","10  day ahead inc hosp",2021-05-25,"quantile",0.01,18.6092958065443
"35100",2021-05-15,"45","10  day ahead inc hosp",2021-05-25,"quantile",0.025,21.095118337329
"35101",2021-05-15,"45","10  day ahead inc hosp",2021-05-25,"quantile",0.05,23.4253525618741
"35102",2021-05-15,"45","10  day ahead inc hosp",2021-05-25,"quantile",0.1,26.345812820503
"35103",2021-05-15,"45","10  day ahead inc hosp",2021-05-25,"quantile",0.15,28.4649568932697
"35104",2021-05-15,"45","10  day ahead inc hosp",2021-05-25,"quantile",0.2,30.2383452753704
"35105",2021-05-15,"45","10  day ahead inc hosp",2021-05-25,"quantile",0.25,31.8246937715972
"35106",2021-05-15,"45","10  day ahead inc hosp",2021-05-25,"quantile",0.3,33.3017476069596
"35107",2021-05-15,"45","10  day ahead inc hosp",2021-05-25,"quantile",0.35,34.7158053700784
"35108",2021-05-15,"45","10  day ahead inc hosp",2021-05-25,"quantile",0.4,36.098797798327
"35109",2021-05-15,"45","10  day ahead inc hosp",2021-05-25,"quantile",0.45,37.4757938846201
"35110",2021-05-15,"45","10  day ahead inc hosp",2021-05-25,"quantile",0.5,38.8690549774681
"35111",2021-05-15,"45","10  day ahead inc hosp",2021-05-25,"quantile",0.55,40.30080828677
"35112",2021-05-15,"45","10  day ahead inc hosp",2021-05-25,"quantile",0.6,41.7957780521371
"35113",2021-05-15,"45","10  day ahead inc hosp",2021-05-25,"quantile",0.65,43.3842673024633
"35114",2021-05-15,"45","10  day ahead inc hosp",2021-05-25,"quantile",0.7,45.1068545840714
"35115",2021-05-15,"45","10  day ahead inc hosp",2021-05-25,"quantile",0.75,47.0228114095255
"35116",2021-05-15,"45","10  day ahead inc hosp",2021-05-25,"quantile",0.8,49.2274504456208
"35117",2021-05-15,"45","10  day ahead inc hosp",2021-05-25,"quantile",0.85,51.8940652543972
"35118",2021-05-15,"45","10  day ahead inc hosp",2021-05-25,"quantile",0.9,55.4014861067317
"35119",2021-05-15,"45","10  day ahead inc hosp",2021-05-25,"quantile",0.95,60.9233483220891
"35120",2021-05-15,"45","10  day ahead inc hosp",2021-05-25,"quantile",0.975,66.0382866454025
"35121",2021-05-15,"45","10  day ahead inc hosp",2021-05-25,"quantile",0.99,72.3830664626279
"35122",2021-05-15,"45","11  day ahead inc hosp",2021-05-26,"quantile",0.01,17.5978481756285
"35123",2021-05-15,"45","11  day ahead inc hosp",2021-05-26,"quantile",0.025,20.1203542585267
"35124",2021-05-15,"45","11  day ahead inc hosp",2021-05-26,"quantile",0.05,22.4987149218347
"35125",2021-05-15,"45","11  day ahead inc hosp",2021-05-26,"quantile",0.1,25.4957981024368
"35126",2021-05-15,"45","11  day ahead inc hosp",2021-05-26,"quantile",0.15,27.6806023680677
"35127",2021-05-15,"45","11  day ahead inc hosp",2021-05-26,"quantile",0.2,29.5148056941749
"35128",2021-05-15,"45","11  day ahead inc hosp",2021-05-26,"quantile",0.25,31.1597518191422
"35129",2021-05-15,"45","11  day ahead inc hosp",2021-05-26,"quantile",0.3,32.6947093740241
"35130",2021-05-15,"45","11  day ahead inc hosp",2021-05-26,"quantile",0.35,34.1670572369465
"35131",2021-05-15,"45","11  day ahead inc hosp",2021-05-26,"quantile",0.4,35.6096266231784
"35132",2021-05-15,"45","11  day ahead inc hosp",2021-05-26,"quantile",0.45,37.0483455191731
"35133",2021-05-15,"45","11  day ahead inc hosp",2021-05-26,"quantile",0.5,38.5063903902921
"35134",2021-05-15,"45","11  day ahead inc hosp",2021-05-26,"quantile",0.55,40.0070538780009
"35135",2021-05-15,"45","11  day ahead inc hosp",2021-05-26,"quantile",0.6,41.5763941961994
"35136",2021-05-15,"45","11  day ahead inc hosp",2021-05-26,"quantile",0.65,43.2464944364616
"35137",2021-05-15,"45","11  day ahead inc hosp",2021-05-26,"quantile",0.7,45.0604607219067
"35138",2021-05-15,"45","11  day ahead inc hosp",2021-05-26,"quantile",0.75,47.0814075940762
"35139",2021-05-15,"45","11  day ahead inc hosp",2021-05-26,"quantile",0.8,49.4110059581288
"35140",2021-05-15,"45","11  day ahead inc hosp",2021-05-26,"quantile",0.85,52.2343691211113
"35141",2021-05-15,"45","11  day ahead inc hosp",2021-05-26,"quantile",0.9,55.9566990015163
"35142",2021-05-15,"45","11  day ahead inc hosp",2021-05-26,"quantile",0.95,61.8353303270032
"35143",2021-05-15,"45","11  day ahead inc hosp",2021-05-26,"quantile",0.975,67.2989692990283
"35144",2021-05-15,"45","11  day ahead inc hosp",2021-05-26,"quantile",0.99,74.098127742458
"35145",2021-05-15,"45","12  day ahead inc hosp",2021-05-27,"quantile",0.01,17.8770503754114
"35146",2021-05-15,"45","12  day ahead inc hosp",2021-05-27,"quantile",0.025,20.5734548471688
"35147",2021-05-15,"45","12  day ahead inc hosp",2021-05-27,"quantile",0.05,23.1269941184263
"35148",2021-05-15,"45","12  day ahead inc hosp",2021-05-27,"quantile",0.1,26.3581546907669
"35149",2021-05-15,"45","12  day ahead inc hosp",2021-05-27,"quantile",0.15,28.7218200850464
"35150",2021-05-15,"45","12  day ahead inc hosp",2021-05-27,"quantile",0.2,30.7109790294622
"35151",2021-05-15,"45","12  day ahead inc hosp",2021-05-27,"quantile",0.25,32.4983236410606
"35152",2021-05-15,"45","12  day ahead inc hosp",2021-05-27,"quantile",0.3,34.1688925176876
"35153",2021-05-15,"45","12  day ahead inc hosp",2021-05-27,"quantile",0.35,35.7736564659138
"35154",2021-05-15,"45","12  day ahead inc hosp",2021-05-27,"quantile",0.4,37.3480645100554
"35155",2021-05-15,"45","12  day ahead inc hosp",2021-05-27,"quantile",0.45,38.9202377504636
"35156",2021-05-15,"45","12  day ahead inc hosp",2021-05-27,"quantile",0.5,40.515438530783
"35157",2021-05-15,"45","12  day ahead inc hosp",2021-05-27,"quantile",0.55,42.1591801974609
"35158",2021-05-15,"45","12  day ahead inc hosp",2021-05-27,"quantile",0.6,43.8801267391029
"35159",2021-05-15,"45","12  day ahead inc hosp",2021-05-27,"quantile",0.65,45.7136873497238
"35160",2021-05-15,"45","12  day ahead inc hosp",2021-05-27,"quantile",0.7,47.7075536414873
"35161",2021-05-15,"45","12  day ahead inc hosp",2021-05-27,"quantile",0.75,49.9316764765155
"35162",2021-05-15,"45","12  day ahead inc hosp",2021-05-27,"quantile",0.8,52.4988841527773
"35163",2021-05-15,"45","12  day ahead inc hosp",2021-05-27,"quantile",0.85,55.6148158152158
"35164",2021-05-15,"45","12  day ahead inc hosp",2021-05-27,"quantile",0.9,59.7300396471015
"35165",2021-05-15,"45","12  day ahead inc hosp",2021-05-27,"quantile",0.95,66.2443041629913
"35166",2021-05-15,"45","12  day ahead inc hosp",2021-05-27,"quantile",0.975,72.3136821326074
"35167",2021-05-15,"45","12  day ahead inc hosp",2021-05-27,"quantile",0.99,79.8846017471972
"35168",2021-05-15,"45","13  day ahead inc hosp",2021-05-28,"quantile",0.01,16.1156915188536
"35169",2021-05-15,"45","13  day ahead inc hosp",2021-05-28,"quantile",0.025,18.7522814519029
"35170",2021-05-15,"45","13  day ahead inc hosp",2021-05-28,"quantile",0.05,21.2677899749422
"35171",2021-05-15,"45","13  day ahead inc hosp",2021-05-28,"quantile",0.1,24.4730183722442
"35172",2021-05-15,"45","13  day ahead inc hosp",2021-05-28,"quantile",0.15,26.8314407733547
"35173",2021-05-15,"45","13  day ahead inc hosp",2021-05-28,"quantile",0.2,28.8242090683362
"35174",2021-05-15,"45","13  day ahead inc hosp",2021-05-28,"quantile",0.25,30.6205439175359
"35175",2021-05-15,"45","13  day ahead inc hosp",2021-05-28,"quantile",0.3,32.3041007088767
"35176",2021-05-15,"45","13  day ahead inc hosp",2021-05-28,"quantile",0.35,33.9252630024865
"35177",2021-05-15,"45","13  day ahead inc hosp",2021-05-28,"quantile",0.4,35.5192894518289
"35178",2021-05-15,"45","13  day ahead inc hosp",2021-05-28,"quantile",0.45,37.1143629798626
"35179",2021-05-15,"45","13  day ahead inc hosp",2021-05-28,"quantile",0.5,38.7360134417867
"35180",2021-05-15,"45","13  day ahead inc hosp",2021-05-28,"quantile",0.55,40.4102337440681
"35181",2021-05-15,"45","13  day ahead inc hosp",2021-05-28,"quantile",0.6,42.1664303890445
"35182",2021-05-15,"45","13  day ahead inc hosp",2021-05-28,"quantile",0.65,44.0411271177494
"35183",2021-05-15,"45","13  day ahead inc hosp",2021-05-28,"quantile",0.7,46.0837117543065
"35184",2021-05-15,"45","13  day ahead inc hosp",2021-05-28,"quantile",0.75,48.3668280137005
"35185",2021-05-15,"45","13  day ahead inc hosp",2021-05-28,"quantile",0.8,51.0078909344368
"35186",2021-05-15,"45","13  day ahead inc hosp",2021-05-28,"quantile",0.85,54.2212564999457
"35187",2021-05-15,"45","13  day ahead inc hosp",2021-05-28,"quantile",0.9,58.4773334769568
"35188",2021-05-15,"45","13  day ahead inc hosp",2021-05-28,"quantile",0.95,65.2403123779263
"35189",2021-05-15,"45","13  day ahead inc hosp",2021-05-28,"quantile",0.975,71.5669334624388
"35190",2021-05-15,"45","13  day ahead inc hosp",2021-05-28,"quantile",0.99,79.4893850585965
"35191",2021-05-15,"45","14  day ahead inc hosp",2021-05-29,"quantile",0.01,13.7249571254472
"35192",2021-05-15,"45","14  day ahead inc hosp",2021-05-29,"quantile",0.025,16.1946251286227
"35193",2021-05-15,"45","14  day ahead inc hosp",2021-05-29,"quantile",0.05,18.5730165379554
"35194",2021-05-15,"45","14  day ahead inc hosp",2021-05-29,"quantile",0.1,21.6300209953193
"35195",2021-05-15,"45","14  day ahead inc hosp",2021-05-29,"quantile",0.15,23.895802192704
"35196",2021-05-15,"45","14  day ahead inc hosp",2021-05-29,"quantile",0.2,25.8199061868992
"35197",2021-05-15,"45","14  day ahead inc hosp",2021-05-29,"quantile",0.25,27.5612427498158
"35198",2021-05-15,"45","14  day ahead inc hosp",2021-05-29,"quantile",0.3,29.1987639515099
"35199",2021-05-15,"45","14  day ahead inc hosp",2021-05-29,"quantile",0.35,30.7803151270705
"35200",2021-05-15,"45","14  day ahead inc hosp",2021-05-29,"quantile",0.4,32.3396449231965
"35201",2021-05-15,"45","14  day ahead inc hosp",2021-05-29,"quantile",0.45,33.9039887845624
"35202",2021-05-15,"45","14  day ahead inc hosp",2021-05-29,"quantile",0.5,35.4982755750351
"35203",2021-05-15,"45","14  day ahead inc hosp",2021-05-29,"quantile",0.55,37.1481389751382
"35204",2021-05-15,"45","14  day ahead inc hosp",2021-05-29,"quantile",0.6,38.8828235088302
"35205",2021-05-15,"45","14  day ahead inc hosp",2021-05-29,"quantile",0.65,40.7388874281471
"35206",2021-05-15,"45","14  day ahead inc hosp",2021-05-29,"quantile",0.7,42.7659977834824
"35207",2021-05-15,"45","14  day ahead inc hosp",2021-05-29,"quantile",0.75,45.0374536101075
"35208",2021-05-15,"45","14  day ahead inc hosp",2021-05-29,"quantile",0.8,47.6720207030647
"35209",2021-05-15,"45","14  day ahead inc hosp",2021-05-29,"quantile",0.85,50.886952035203
"35210",2021-05-15,"45","14  day ahead inc hosp",2021-05-29,"quantile",0.9,55.1599158005161
"35211",2021-05-15,"45","14  day ahead inc hosp",2021-05-29,"quantile",0.95,61.9811311223551
"35212",2021-05-15,"45","14  day ahead inc hosp",2021-05-29,"quantile",0.975,68.3934020973358
"35213",2021-05-15,"45","14  day ahead inc hosp",2021-05-29,"quantile",0.99,76.4606223230794
"35214",2021-05-15,"45","15  day ahead inc hosp",2021-05-30,"quantile",0.01,14.3829108367578
"35215",2021-05-15,"45","15  day ahead inc hosp",2021-05-30,"quantile",0.025,17.1201084201771
"35216",2021-05-15,"45","15  day ahead inc hosp",2021-05-30,"quantile",0.05,19.7716146743039
"35217",2021-05-15,"45","15  day ahead inc hosp",2021-05-30,"quantile",0.1,23.1981856262471
"35218",2021-05-15,"45","15  day ahead inc hosp",2021-05-30,"quantile",0.15,25.7493615498089
"35219",2021-05-15,"45","15  day ahead inc hosp",2021-05-30,"quantile",0.2,27.9225405144727
"35220",2021-05-15,"45","15  day ahead inc hosp",2021-05-30,"quantile",0.25,29.8941118940353
"35221",2021-05-15,"45","15  day ahead inc hosp",2021-05-30,"quantile",0.3,31.7519912376957
"35222",2021-05-15,"45","15  day ahead inc hosp",2021-05-30,"quantile",0.35,33.5496655530818
"35223",2021-05-15,"45","15  day ahead inc hosp",2021-05-30,"quantile",0.4,35.325052710467
"35224",2021-05-15,"45","15  day ahead inc hosp",2021-05-30,"quantile",0.45,37.1089369877048
"35225",2021-05-15,"45","15  day ahead inc hosp",2021-05-30,"quantile",0.5,38.9296769552976
"35226",2021-05-15,"45","15  day ahead inc hosp",2021-05-30,"quantile",0.55,40.8166096755963
"35227",2021-05-15,"45","15  day ahead inc hosp",2021-05-30,"quantile",0.6,42.8033743336541
"35228",2021-05-15,"45","15  day ahead inc hosp",2021-05-30,"quantile",0.65,44.9321854679085
"35229",2021-05-15,"45","15  day ahead inc hosp",2021-05-30,"quantile",0.7,47.2605544836744
"35230",2021-05-15,"45","15  day ahead inc hosp",2021-05-30,"quantile",0.75,49.8735253077355
"35231",2021-05-15,"45","15  day ahead inc hosp",2021-05-30,"quantile",0.8,52.9090948811995
"35232",2021-05-15,"45","15  day ahead inc hosp",2021-05-30,"quantile",0.85,56.619993674031
"35233",2021-05-15,"45","15  day ahead inc hosp",2021-05-30,"quantile",0.9,61.5625225789719
"35234",2021-05-15,"45","15  day ahead inc hosp",2021-05-30,"quantile",0.95,69.4746243420862
"35235",2021-05-15,"45","15  day ahead inc hosp",2021-05-30,"quantile",0.975,76.9342387230314
"35236",2021-05-15,"45","15  day ahead inc hosp",2021-05-30,"quantile",0.99,86.3454269327383
"35237",2021-05-15,"45","16  day ahead inc hosp",2021-05-31,"quantile",0.01,14.3674883232801
"35238",2021-05-15,"45","16  day ahead inc hosp",2021-05-31,"quantile",0.025,17.2505491535302
"35239",2021-05-15,"45","16  day ahead inc hosp",2021-05-31,"quantile",0.05,20.0595479614422
"35240",2021-05-15,"45","16  day ahead inc hosp",2021-05-31,"quantile",0.1,23.7090739921327
"35241",2021-05-15,"45","16  day ahead inc hosp",2021-05-31,"quantile",0.15,26.43829516371
"35242",2021-05-15,"45","16  day ahead inc hosp",2021-05-31,"quantile",0.2,28.7701938031165
"35243",2021-05-15,"45","16  day ahead inc hosp",2021-05-31,"quantile",0.25,30.8908243160375
"35244",2021-05-15,"45","16  day ahead inc hosp",2021-05-31,"quantile",0.3,32.8932146029919
"35245",2021-05-15,"45","16  day ahead inc hosp",2021-05-31,"quantile",0.35,34.834184979531
"35246",2021-05-15,"45","16  day ahead inc hosp",2021-05-31,"quantile",0.4,36.75421829937
"35247",2021-05-15,"45","16  day ahead inc hosp",2021-05-31,"quantile",0.45,38.6863769395718
"35248",2021-05-15,"45","16  day ahead inc hosp",2021-05-31,"quantile",0.5,40.6613099908609
"35249",2021-05-15,"45","16  day ahead inc hosp",2021-05-31,"quantile",0.55,42.7109101106544
"35250",2021-05-15,"45","16  day ahead inc hosp",2021-05-31,"quantile",0.6,44.8719246143555
"35251",2021-05-15,"45","16  day ahead inc hosp",2021-05-31,"quantile",0.65,47.1906383397414
"35252",2021-05-15,"45","16  day ahead inc hosp",2021-05-31,"quantile",0.7,49.7302746874369
"35253",2021-05-15,"45","16  day ahead inc hosp",2021-05-31,"quantile",0.75,52.5844995900018
"35254",2021-05-15,"45","16  day ahead inc hosp",2021-05-31,"quantile",0.8,55.90551092824
"35255",2021-05-15,"45","16  day ahead inc hosp",2021-05-31,"quantile",0.85,59.9723612946253
"35256",2021-05-15,"45","16  day ahead inc hosp",2021-05-31,"quantile",0.9,65.3999558935168
"35257",2021-05-15,"45","16  day ahead inc hosp",2021-05-31,"quantile",0.95,74.1118769635578
"35258",2021-05-15,"45","16  day ahead inc hosp",2021-05-31,"quantile",0.975,82.3487370625594
"35259",2021-05-15,"45","16  day ahead inc hosp",2021-05-31,"quantile",0.99,92.7684298190841
"35260",2021-05-15,"45","17  day ahead inc hosp",2021-06-01,"quantile",0.01,13.3064882325889
"35261",2021-05-15,"45","17  day ahead inc hosp",2021-06-01,"quantile",0.025,16.1717954805653
"35262",2021-05-15,"45","17  day ahead inc hosp",2021-06-01,"quantile",0.05,18.9861525228527
"35263",2021-05-15,"45","17  day ahead inc hosp",2021-06-01,"quantile",0.1,22.6699045487218
"35264",2021-05-15,"45","17  day ahead inc hosp",2021-06-01,"quantile",0.15,25.4416679824614
"35265",2021-05-15,"45","17  day ahead inc hosp",2021-06-01,"quantile",0.2,27.8198544075646
"35266",2021-05-15,"45","17  day ahead inc hosp",2021-06-01,"quantile",0.25,29.9897229051047
"35267",2021-05-15,"45","17  day ahead inc hosp",2021-06-01,"quantile",0.3,32.0443219788793
"35268",2021-05-15,"45","17  day ahead inc hosp",2021-06-01,"quantile",0.35,34.0408025779018
"35269",2021-05-15,"45","17  day ahead inc hosp",2021-06-01,"quantile",0.4,36.0201716623322
"35270",2021-05-15,"45","17  day ahead inc hosp",2021-06-01,"quantile",0.45,38.0161988076041
"35271",2021-05-15,"45","17  day ahead inc hosp",2021-06-01,"quantile",0.5,40.0604615262444
"35272",2021-05-15,"45","17  day ahead inc hosp",2021-06-01,"quantile",0.55,42.1860818855374
"35273",2021-05-15,"45","17  day ahead inc hosp",2021-06-01,"quantile",0.6,44.431474352565
"35274",2021-05-15,"45","17  day ahead inc hosp",2021-06-01,"quantile",0.65,46.8452623856263
"35275",2021-05-15,"45","17  day ahead inc hosp",2021-06-01,"quantile",0.7,49.4940981282205
"35276",2021-05-15,"45","17  day ahead inc hosp",2021-06-01,"quantile",0.75,52.4769740778439
"35277",2021-05-15,"45","17  day ahead inc hosp",2021-06-01,"quantile",0.8,55.9550403191347
"35278",2021-05-15,"45","17  day ahead inc hosp",2021-06-01,"quantile",0.85,60.2242093375029
"35279",2021-05-15,"45","17  day ahead inc hosp",2021-06-01,"quantile",0.9,65.9374877953217
"35280",2021-05-15,"45","17  day ahead inc hosp",2021-06-01,"quantile",0.95,75.1413130456233
"35281",2021-05-15,"45","17  day ahead inc hosp",2021-06-01,"quantile",0.975,83.8764372489135
"35282",2021-05-15,"45","17  day ahead inc hosp",2021-06-01,"quantile",0.99,94.9664881053899
"35283",2021-05-15,"45","18  day ahead inc hosp",2021-06-02,"quantile",0.01,13.4992190566051
"35284",2021-05-15,"45","18  day ahead inc hosp",2021-06-02,"quantile",0.025,16.5384020745053
"35285",2021-05-15,"45","18  day ahead inc hosp",2021-06-02,"quantile",0.05,19.5395161837377
"35286",2021-05-15,"45","18  day ahead inc hosp",2021-06-02,"quantile",0.1,23.4869533314362
"35287",2021-05-15,"45","18  day ahead inc hosp",2021-06-02,"quantile",0.15,26.4690751158108
"35288",2021-05-15,"45","18  day ahead inc hosp",2021-06-02,"quantile",0.2,29.0347585695618
"35289",2021-05-15,"45","18  day ahead inc hosp",2021-06-02,"quantile",0.25,31.3807377518887
"35290",2021-05-15,"45","18  day ahead inc hosp",2021-06-02,"quantile",0.3,33.6061231066475
"35291",2021-05-15,"45","18  day ahead inc hosp",2021-06-02,"quantile",0.35,35.7720168634054
"35292",2021-05-15,"45","18  day ahead inc hosp",2021-06-02,"quantile",0.4,37.9224679148876
"35293",2021-05-15,"45","18  day ahead inc hosp",2021-06-02,"quantile",0.45,40.0939502264405
"35294",2021-05-15,"45","18  day ahead inc hosp",2021-06-02,"quantile",0.5,42.3207637973701
"35295",2021-05-15,"45","18  day ahead inc hosp",2021-06-02,"quantile",0.55,44.6390719519893
"35296",2021-05-15,"45","18  day ahead inc hosp",2021-06-02,"quantile",0.6,47.0909919076084
"35297",2021-05-15,"45","18  day ahead inc hosp",2021-06-02,"quantile",0.65,49.7300004211266
"35298",2021-05-15,"45","18  day ahead inc hosp",2021-06-02,"quantile",0.7,52.6295654644888
"35299",2021-05-15,"45","18  day ahead inc hosp",2021-06-02,"quantile",0.75,55.8989743152983
"35300",2021-05-15,"45","18  day ahead inc hosp",2021-06-02,"quantile",0.8,59.7163433401365
"35301",2021-05-15,"45","18  day ahead inc hosp",2021-06-02,"quantile",0.85,64.4090524164583
"35302",2021-05-15,"45","18  day ahead inc hosp",2021-06-02,"quantile",0.9,70.7002189065918
"35303",2021-05-15,"45","18  day ahead inc hosp",2021-06-02,"quantile",0.95,80.8585914937576
"35304",2021-05-15,"45","18  day ahead inc hosp",2021-06-02,"quantile",0.975,90.523139093248
"35305",2021-05-15,"45","18  day ahead inc hosp",2021-06-02,"quantile",0.99,102.821535060712
"35306",2021-05-15,"45","19  day ahead inc hosp",2021-06-03,"quantile",0.01,11.4734615234462
"35307",2021-05-15,"45","19  day ahead inc hosp",2021-06-03,"quantile",0.025,14.3022685302896
"35308",2021-05-15,"45","19  day ahead inc hosp",2021-06-03,"quantile",0.05,17.1278681434161
"35309",2021-05-15,"45","19  day ahead inc hosp",2021-06-03,"quantile",0.1,20.8834764071357
"35310",2021-05-15,"45","19  day ahead inc hosp",2021-06-03,"quantile",0.15,23.7450317906149
"35311",2021-05-15,"45","19  day ahead inc hosp",2021-06-03,"quantile",0.2,26.2213088995961
"35312",2021-05-15,"45","19  day ahead inc hosp",2021-06-03,"quantile",0.25,28.4958578525759
"35313",2021-05-15,"45","19  day ahead inc hosp",2021-06-03,"quantile",0.3,30.661759533038
"35314",2021-05-15,"45","19  day ahead inc hosp",2021-06-03,"quantile",0.35,32.7768702989574
"35315",2021-05-15,"45","19  day ahead inc hosp",2021-06-03,"quantile",0.4,34.8833278603121
"35316",2021-05-15,"45","19  day ahead inc hosp",2021-06-03,"quantile",0.45,37.0164366398503
"35317",2021-05-15,"45","19  day ahead inc hosp",2021-06-03,"quantile",0.5,39.2097968933241
"35318",2021-05-15,"45","19  day ahead inc hosp",2021-06-03,"quantile",0.55,41.4992163424473
"35319",2021-05-15,"45","19  day ahead inc hosp",2021-06-03,"quantile",0.6,43.9267584231765
"35320",2021-05-15,"45","19  day ahead inc hosp",2021-06-03,"quantile",0.65,46.5461728578222
"35321",2021-05-15,"45","19  day ahead inc hosp",2021-06-03,"quantile",0.7,49.4316368065242
"35322",2021-05-15,"45","19  day ahead inc hosp",2021-06-03,"quantile",0.75,52.6938456684464
"35323",2021-05-15,"45","19  day ahead inc hosp",2021-06-03,"quantile",0.8,56.5136391593822
"35324",2021-05-15,"45","19  day ahead inc hosp",2021-06-03,"quantile",0.85,61.2240537196089
"35325",2021-05-15,"45","19  day ahead inc hosp",2021-06-03,"quantile",0.9,67.5621040447791
"35326",2021-05-15,"45","19  day ahead inc hosp",2021-06-03,"quantile",0.95,77.8456028344856
"35327",2021-05-15,"45","19  day ahead inc hosp",2021-06-03,"quantile",0.975,87.6784994375353
"35328",2021-05-15,"45","19  day ahead inc hosp",2021-06-03,"quantile",0.99,100.250803876872
"35329",2021-05-15,"45","20  day ahead inc hosp",2021-06-04,"quantile",0.01,11.2489865923267
"35330",2021-05-15,"45","20  day ahead inc hosp",2021-06-04,"quantile",0.025,14.1670941606374
"35331",2021-05-15,"45","20  day ahead inc hosp",2021-06-04,"quantile",0.05,17.1016930678354
"35332",2021-05-15,"45","20  day ahead inc hosp",2021-06-04,"quantile",0.1,21.0261666439074
"35333",2021-05-15,"45","20  day ahead inc hosp",2021-06-04,"quantile",0.15,24.0313440567683
"35334",2021-05-15,"45","20  day ahead inc hosp",2021-06-04,"quantile",0.2,26.6406964500166
"35335",2021-05-15,"45","20  day ahead inc hosp",2021-06-04,"quantile",0.25,29.0438115209866
"35336",2021-05-15,"45","20  day ahead inc hosp",2021-06-04,"quantile",0.3,31.3372144388079
"35337",2021-05-15,"45","20  day ahead inc hosp",2021-06-04,"quantile",0.35,33.5811984556436
"35338",2021-05-15,"45","20  day ahead inc hosp",2021-06-04,"quantile",0.4,35.8199450232001
"35339",2021-05-15,"45","20  day ahead inc hosp",2021-06-04,"quantile",0.45,38.0907283211445
"35340",2021-05-15,"45","20  day ahead inc hosp",2021-06-04,"quantile",0.5,40.4292704769275
"35341",2021-05-15,"45","20  day ahead inc hosp",2021-06-04,"quantile",0.55,42.8738743387925
"35342",2021-05-15,"45","20  day ahead inc hosp",2021-06-04,"quantile",0.6,45.4697530515864
"35343",2021-05-15,"45","20  day ahead inc hosp",2021-06-04,"quantile",0.65,48.2748869847988
"35344",2021-05-15,"45","20  day ahead inc hosp",2021-06-04,"quantile",0.7,51.3694928557832
"35345",2021-05-15,"45","20  day ahead inc hosp",2021-06-04,"quantile",0.75,54.8734916013151
"35346",2021-05-15,"45","20  day ahead inc hosp",2021-06-04,"quantile",0.8,58.9830533759087
"35347",2021-05-15,"45","20  day ahead inc hosp",2021-06-04,"quantile",0.85,64.0598433384178
"35348",2021-05-15,"45","20  day ahead inc hosp",2021-06-04,"quantile",0.9,70.9050910330431
"35349",2021-05-15,"45","20  day ahead inc hosp",2021-06-04,"quantile",0.95,82.0419158201074
"35350",2021-05-15,"45","20  day ahead inc hosp",2021-06-04,"quantile",0.975,92.7210755320452
"35351",2021-05-15,"45","20  day ahead inc hosp",2021-06-04,"quantile",0.99,106.412125768548
"35352",2021-05-15,"45","21  day ahead inc hosp",2021-06-05,"quantile",0.01,10.0770158881997
"35353",2021-05-15,"45","21  day ahead inc hosp",2021-06-05,"quantile",0.025,12.8919192914485
"35354",2021-05-15,"45","21  day ahead inc hosp",2021-06-05,"quantile",0.05,15.7521049980893
"35355",2021-05-15,"45","21  day ahead inc hosp",2021-06-05,"quantile",0.1,19.6128110288796
"35356",2021-05-15,"45","21  day ahead inc hosp",2021-06-05,"quantile",0.15,22.5915064692577
"35357",2021-05-15,"45","21  day ahead inc hosp",2021-06-05,"quantile",0.2,25.1910287209464
"35358",2021-05-15,"45","21  day ahead inc hosp",2021-06-05,"quantile",0.25,27.5945885792277
"35359",2021-05-15,"45","21  day ahead inc hosp",2021-06-05,"quantile",0.3,29.8960416380002
"35360",2021-05-15,"45","21  day ahead inc hosp",2021-06-05,"quantile",0.35,32.154463195378
"35361",2021-05-15,"45","21  day ahead inc hosp",2021-06-05,"quantile",0.4,34.4135511220806
"35362",2021-05-15,"45","21  day ahead inc hosp",2021-06-05,"quantile",0.45,36.7105621649154
"35363",2021-05-15,"45","21  day ahead inc hosp",2021-06-05,"quantile",0.5,39.0815751305623
"35364",2021-05-15,"45","21  day ahead inc hosp",2021-06-05,"quantile",0.55,41.5656268539972
"35365",2021-05-15,"45","21  day ahead inc hosp",2021-06-05,"quantile",0.6,44.2091243064372
"35366",2021-05-15,"45","21  day ahead inc hosp",2021-06-05,"quantile",0.65,47.0718863284365
"35367",2021-05-15,"45","21  day ahead inc hosp",2021-06-05,"quantile",0.7,50.2369735002496
"35368",2021-05-15,"45","21  day ahead inc hosp",2021-06-05,"quantile",0.75,53.8288765558391
"35369",2021-05-15,"45","21  day ahead inc hosp",2021-06-05,"quantile",0.8,58.0516305810335
"35370",2021-05-15,"45","21  day ahead inc hosp",2021-06-05,"quantile",0.85,63.2820003138168
"35371",2021-05-15,"45","21  day ahead inc hosp",2021-06-05,"quantile",0.9,70.3559757461677
"35372",2021-05-15,"45","21  day ahead inc hosp",2021-06-05,"quantile",0.95,81.9112821332786
"35373",2021-05-15,"45","21  day ahead inc hosp",2021-06-05,"quantile",0.975,93.0380518353277
"35374",2021-05-15,"45","21  day ahead inc hosp",2021-06-05,"quantile",0.99,107.359139941025
"35375",2021-05-15,"45","22  day ahead inc hosp",2021-06-06,"quantile",0.01,9.56174329121793
"35376",2021-05-15,"45","22  day ahead inc hosp",2021-06-06,"quantile",0.025,12.3892691929971
"35377",2021-05-15,"45","22  day ahead inc hosp",2021-06-06,"quantile",0.05,15.2863191763612
"35378",2021-05-15,"45","22  day ahead inc hosp",2021-06-06,"quantile",0.1,19.226090722104
"35379",2021-05-15,"45","22  day ahead inc hosp",2021-06-06,"quantile",0.15,22.2841175869495
"35380",2021-05-15,"45","22  day ahead inc hosp",2021-06-06,"quantile",0.2,24.963671753177
"35381",2021-05-15,"45","22  day ahead inc hosp",2021-06-06,"quantile",0.25,27.4490252196905
"35382",2021-05-15,"45","22  day ahead inc hosp",2021-06-06,"quantile",0.3,29.8350580460893
"35383",2021-05-15,"45","22  day ahead inc hosp",2021-06-06,"quantile",0.35,32.1818668277897
"35384",2021-05-15,"45","22  day ahead inc hosp",2021-06-06,"quantile",0.4,34.5342469295446
"35385",2021-05-15,"45","22  day ahead inc hosp",2021-06-06,"quantile",0.45,36.9307157350243
"35386",2021-05-15,"45","22  day ahead inc hosp",2021-06-06,"quantile",0.5,39.40888106441
"35387",2021-05-15,"45","22  day ahead inc hosp",2021-06-06,"quantile",0.55,42.0097219845441
"35388",2021-05-15,"45","22  day ahead inc hosp",2021-06-06,"quantile",0.6,44.7822207003368
"35389",2021-05-15,"45","22  day ahead inc hosp",2021-06-06,"quantile",0.65,47.7897646015405
"35390",2021-05-15,"45","22  day ahead inc hosp",2021-06-06,"quantile",0.7,51.1206121864445
"35391",2021-05-15,"45","22  day ahead inc hosp",2021-06-06,"quantile",0.75,54.9073026495352
"35392",2021-05-15,"45","22  day ahead inc hosp",2021-06-06,"quantile",0.8,59.3673791101035
"35393",2021-05-15,"45","22  day ahead inc hosp",2021-06-06,"quantile",0.85,64.9030408035063
"35394",2021-05-15,"45","22  day ahead inc hosp",2021-06-06,"quantile",0.9,72.4077922024888
"35395",2021-05-15,"45","22  day ahead inc hosp",2021-06-06,"quantile",0.95,84.7050865379713
"35396",2021-05-15,"45","22  day ahead inc hosp",2021-06-06,"quantile",0.975,96.5846440285618
"35397",2021-05-15,"45","22  day ahead inc hosp",2021-06-06,"quantile",0.99,111.921140553315
"35398",2021-05-15,"45","23  day ahead inc hosp",2021-06-07,"quantile",0.01,9.38135912310916
"35399",2021-05-15,"45","23  day ahead inc hosp",2021-06-07,"quantile",0.025,12.2872387921499
"35400",2021-05-15,"45","23  day ahead inc hosp",2021-06-07,"quantile",0.05,15.2856022920466
"35401",2021-05-15,"45","23  day ahead inc hosp",2021-06-07,"quantile",0.1,19.3888361231978
"35402",2021-05-15,"45","23  day ahead inc hosp",2021-06-07,"quantile",0.15,22.5898125331703
"35403",2021-05-15,"45","23  day ahead inc hosp",2021-06-07,"quantile",0.2,25.4040959652992
"35404",2021-05-15,"45","23  day ahead inc hosp",2021-06-07,"quantile",0.25,28.0212537363259
"35405",2021-05-15,"45","23  day ahead inc hosp",2021-06-07,"quantile",0.3,30.5393194780384
"35406",2021-05-15,"45","23  day ahead inc hosp",2021-06-07,"quantile",0.35,33.0207229353821
"35407",2021-05-15,"45","23  day ahead inc hosp",2021-06-07,"quantile",0.4,35.5123032395618
"35408",2021-05-15,"45","23  day ahead inc hosp",2021-06-07,"quantile",0.45,38.0546232175313
"35409",2021-05-15,"45","23  day ahead inc hosp",2021-06-07,"quantile",0.5,40.6875594423307
"35410",2021-05-15,"45","23  day ahead inc hosp",2021-06-07,"quantile",0.55,43.4548151549449
"35411",2021-05-15,"45","23  day ahead inc hosp",2021-06-07,"quantile",0.6,46.4088607379751
"35412",2021-05-15,"45","23  day ahead inc hosp",2021-06-07,"quantile",0.65,49.6178138579906
"35413",2021-05-15,"45","23  day ahead inc hosp",2021-06-07,"quantile",0.7,53.1767299853419
"35414",2021-05-15,"45","23  day ahead inc hosp",2021-06-07,"quantile",0.75,57.2285794715792
"35415",2021-05-15,"45","23  day ahead inc hosp",2021-06-07,"quantile",0.8,62.0083030338607
"35416",2021-05-15,"45","23  day ahead inc hosp",2021-06-07,"quantile",0.85,67.9506954925777
"35417",2021-05-15,"45","23  day ahead inc hosp",2021-06-07,"quantile",0.9,76.0226245308804
"35418",2021-05-15,"45","23  day ahead inc hosp",2021-06-07,"quantile",0.95,89.2831344055303
"35419",2021-05-15,"45","23  day ahead inc hosp",2021-06-07,"quantile",0.975,102.127043301046
"35420",2021-05-15,"45","23  day ahead inc hosp",2021-06-07,"quantile",0.99,118.749636453037
"35421",2021-05-15,"45","24  day ahead inc hosp",2021-06-08,"quantile",0.01,9.09325582512192
"35422",2021-05-15,"45","24  day ahead inc hosp",2021-06-08,"quantile",0.025,12.0494500318763
"35423",2021-05-15,"45","24  day ahead inc hosp",2021-06-08,"quantile",0.05,15.1229653997627
"35424",2021-05-15,"45","24  day ahead inc hosp",2021-06-08,"quantile",0.1,19.3574859873409
"35425",2021-05-15,"45","24  day ahead inc hosp",2021-06-08,"quantile",0.15,22.6786996632342
"35426",2021-05-15,"45","24  day ahead inc hosp",2021-06-08,"quantile",0.2,25.6092067840131
"35427",2021-05-15,"45","24  day ahead inc hosp",2021-06-08,"quantile",0.25,28.3420439982265
"35428",2021-05-15,"45","24  day ahead inc hosp",2021-06-08,"quantile",0.3,30.9775177593353
"35429",2021-05-15,"45","24  day ahead inc hosp",2021-06-08,"quantile",0.35,33.579882973477
"35430",2021-05-15,"45","24  day ahead inc hosp",2021-06-08,"quantile",0.4,36.197690795675
"35431",2021-05-15,"45","24  day ahead inc hosp",2021-06-08,"quantile",0.45,38.8733095482361
"35432",2021-05-15,"45","24  day ahead inc hosp",2021-06-08,"quantile",0.5,41.648693606615
"35433",2021-05-15,"45","24  day ahead inc hosp",2021-06-08,"quantile",0.55,44.5701030139355
"35434",2021-05-15,"45","24  day ahead inc hosp",2021-06-08,"quantile",0.6,47.6933341811545
"35435",2021-05-15,"45","24  day ahead inc hosp",2021-06-08,"quantile",0.65,51.091061067042
"35436",2021-05-15,"45","24  day ahead inc hosp",2021-06-08,"quantile",0.7,54.8649294601272
"35437",2021-05-15,"45","24  day ahead inc hosp",2021-06-08,"quantile",0.75,59.1680693800133
"35438",2021-05-15,"45","24  day ahead inc hosp",2021-06-08,"quantile",0.8,64.2524231042166
"35439",2021-05-15,"45","24  day ahead inc hosp",2021-06-08,"quantile",0.85,70.5847289934365
"35440",2021-05-15,"45","24  day ahead inc hosp",2021-06-08,"quantile",0.9,79.203952528368
"35441",2021-05-15,"45","24  day ahead inc hosp",2021-06-08,"quantile",0.95,93.4014738956888
"35442",2021-05-15,"45","24  day ahead inc hosp",2021-06-08,"quantile",0.975,107.190928611817
"35443",2021-05-15,"45","24  day ahead inc hosp",2021-06-08,"quantile",0.99,125.083409716821
"35444",2021-05-15,"45","25  day ahead inc hosp",2021-06-09,"quantile",0.01,8.26677121631342
"35445",2021-05-15,"45","25  day ahead inc hosp",2021-06-09,"quantile",0.025,11.1344586266227
"35446",2021-05-15,"45","25  day ahead inc hosp",2021-06-09,"quantile",0.05,14.1476980915871
"35447",2021-05-15,"45","25  day ahead inc hosp",2021-06-09,"quantile",0.1,18.3381906844915
"35448",2021-05-15,"45","25  day ahead inc hosp",2021-06-09,"quantile",0.15,21.6493781499723
"35449",2021-05-15,"45","25  day ahead inc hosp",2021-06-09,"quantile",0.2,24.5855229498204
"35450",2021-05-15,"45","25  day ahead inc hosp",2021-06-09,"quantile",0.25,27.3341011582871
"35451",2021-05-15,"45","25  day ahead inc hosp",2021-06-09,"quantile",0.3,29.9931958348268
"35452",2021-05-15,"45","25  day ahead inc hosp",2021-06-09,"quantile",0.35,32.6261660811355
"35453",2021-05-15,"45","25  day ahead inc hosp",2021-06-09,"quantile",0.4,35.2813654639261
"35454",2021-05-15,"45","25  day ahead inc hosp",2021-06-09,"quantile",0.45,38.0014398895238
"35455",2021-05-15,"45","25  day ahead inc hosp",2021-06-09,"quantile",0.5,40.8290385363282
"35456",2021-05-15,"45","25  day ahead inc hosp",2021-06-09,"quantile",0.55,43.8115732748832
"35457",2021-05-15,"45","25  day ahead inc hosp",2021-06-09,"quantile",0.6,47.0065820063284
"35458",2021-05-15,"45","25  day ahead inc hosp",2021-06-09,"quantile",0.65,50.4893339121147
"35459",2021-05-15,"45","25  day ahead inc hosp",2021-06-09,"quantile",0.7,54.3654231328936
"35460",2021-05-15,"45","25  day ahead inc hosp",2021-06-09,"quantile",0.75,58.7942681333415
"35461",2021-05-15,"45","25  day ahead inc hosp",2021-06-09,"quantile",0.8,64.0385809372794
"35462",2021-05-15,"45","25  day ahead inc hosp",2021-06-09,"quantile",0.85,70.5857184653234
"35463",2021-05-15,"45","25  day ahead inc hosp",2021-06-09,"quantile",0.9,79.5220319559663
"35464",2021-05-15,"45","25  day ahead inc hosp",2021-06-09,"quantile",0.95,94.2949567118751
"35465",2021-05-15,"45","25  day ahead inc hosp",2021-06-09,"quantile",0.975,108.696518437707
"35466",2021-05-15,"45","25  day ahead inc hosp",2021-06-09,"quantile",0.99,127.448061432898
"35467",2021-05-15,"45","26  day ahead inc hosp",2021-06-10,"quantile",0.01,8.6052221160306
"35468",2021-05-15,"45","26  day ahead inc hosp",2021-06-10,"quantile",0.025,11.6687629751763
"35469",2021-05-15,"45","26  day ahead inc hosp",2021-06-10,"quantile",0.05,14.9018819268801
"35470",2021-05-15,"45","26  day ahead inc hosp",2021-06-10,"quantile",0.1,19.4154556921823
"35471",2021-05-15,"45","26  day ahead inc hosp",2021-06-10,"quantile",0.15,22.9927752864832
"35472",2021-05-15,"45","26  day ahead inc hosp",2021-06-10,"quantile",0.2,26.1713090036684
"35473",2021-05-15,"45","26  day ahead inc hosp",2021-06-10,"quantile",0.25,29.1514207106338
"35474",2021-05-15,"45","26  day ahead inc hosp",2021-06-10,"quantile",0.3,32.0382359550857
"35475",2021-05-15,"45","26  day ahead inc hosp",2021-06-10,"quantile",0.35,34.8999013839785
"35476",2021-05-15,"45","26  day ahead inc hosp",2021-06-10,"quantile",0.4,37.7886395517335
"35477",2021-05-15,"45","26  day ahead inc hosp",2021-06-10,"quantile",0.45,40.7507093617639
"35478",2021-05-15,"45","26  day ahead inc hosp",2021-06-10,"quantile",0.5,43.8325589540581
"35479",2021-05-15,"45","26  day ahead inc hosp",2021-06-10,"quantile",0.55,47.0859925679153
"35480",2021-05-15,"45","26  day ahead inc hosp",2021-06-10,"quantile",0.6,50.5740320734089
"35481",2021-05-15,"45","26  day ahead inc hosp",2021-06-10,"quantile",0.65,54.3792625242053
"35482",2021-05-15,"45","26  day ahead inc hosp",2021-06-10,"quantile",0.7,58.6176794732118
"35483",2021-05-15,"45","26  day ahead inc hosp",2021-06-10,"quantile",0.75,63.4645523254076
"35484",2021-05-15,"45","26  day ahead inc hosp",2021-06-10,"quantile",0.8,69.2088988486432
"35485",2021-05-15,"45","26  day ahead inc hosp",2021-06-10,"quantile",0.85,76.3871673744348
"35486",2021-05-15,"45","26  day ahead inc hosp",2021-06-10,"quantile",0.9,86.1957908199859
"35487",2021-05-15,"45","26  day ahead inc hosp",2021-06-10,"quantile",0.95,102.434153804555
"35488",2021-05-15,"45","26  day ahead inc hosp",2021-06-10,"quantile",0.975,118.287764950516
"35489",2021-05-15,"45","26  day ahead inc hosp",2021-06-10,"quantile",0.99,138.958490383168
"35490",2021-05-15,"45","27  day ahead inc hosp",2021-06-11,"quantile",0.01,7.6651792155084
"35491",2021-05-15,"45","27  day ahead inc hosp",2021-06-11,"quantile",0.025,10.586977033377
"35492",2021-05-15,"45","27  day ahead inc hosp",2021-06-11,"quantile",0.05,13.7073132043571
"35493",2021-05-15,"45","27  day ahead inc hosp",2021-06-11,"quantile",0.1,18.1089086112988
"35494",2021-05-15,"45","27  day ahead inc hosp",2021-06-11,"quantile",0.15,21.6261097429481
"35495",2021-05-15,"45","27  day ahead inc hosp",2021-06-11,"quantile",0.2,24.7681827100372
"35496",2021-05-15,"45","27  day ahead inc hosp",2021-06-11,"quantile",0.25,27.7264024160326
"35497",2021-05-15,"45","27  day ahead inc hosp",2021-06-11,"quantile",0.3,30.6019226019707
"35498",2021-05-15,"45","27  day ahead inc hosp",2021-06-11,"quantile",0.35,33.4609520873433
"35499",2021-05-15,"45","27  day ahead inc hosp",2021-06-11,"quantile",0.4,36.3548046135723
"35500",2021-05-15,"45","27  day ahead inc hosp",2021-06-11,"quantile",0.45,39.3294705890461
"35501",2021-05-15,"45","27  day ahead inc hosp",2021-06-11,"quantile",0.5,42.4316238465227
"35502",2021-05-15,"45","27  day ahead inc hosp",2021-06-11,"quantile",0.55,45.7137705978208
"35503",2021-05-15,"45","27  day ahead inc hosp",2021-06-11,"quantile",0.6,49.2401946651755
"35504",2021-05-15,"45","27  day ahead inc hosp",2021-06-11,"quantile",0.65,53.0955119649087
"35505",2021-05-15,"45","27  day ahead inc hosp",2021-06-11,"quantile",0.7,57.3989379699728
"35506",2021-05-15,"45","27  day ahead inc hosp",2021-06-11,"quantile",0.75,62.3310015276726
"35507",2021-05-15,"45","27  day ahead inc hosp",2021-06-11,"quantile",0.8,68.1898877145742
"35508",2021-05-15,"45","27  day ahead inc hosp",2021-06-11,"quantile",0.85,75.5298472018185
"35509",2021-05-15,"45","27  day ahead inc hosp",2021-06-11,"quantile",0.9,85.588789792267
"35510",2021-05-15,"45","27  day ahead inc hosp",2021-06-11,"quantile",0.95,102.304932107732
"35511",2021-05-15,"45","27  day ahead inc hosp",2021-06-11,"quantile",0.975,118.688649992754
"35512",2021-05-15,"45","27  day ahead inc hosp",2021-06-11,"quantile",0.99,140.128186971601
"35513",2021-05-15,"45","28  day ahead inc hosp",2021-06-12,"quantile",0.01,6.2898103394104
"35514",2021-05-15,"45","28  day ahead inc hosp",2021-06-12,"quantile",0.025,8.91489635767248
"35515",2021-05-15,"45","28  day ahead inc hosp",2021-06-12,"quantile",0.05,11.7652545261263
"35516",2021-05-15,"45","28  day ahead inc hosp",2021-06-12,"quantile",0.1,15.8443204602123
"35517",2021-05-15,"45","28  day ahead inc hosp",2021-06-12,"quantile",0.15,19.1406493480171
"35518",2021-05-15,"45","28  day ahead inc hosp",2021-06-12,"quantile",0.2,22.1072949311774
"35519",2021-05-15,"45","28  day ahead inc hosp",2021-06-12,"quantile",0.25,24.916255801049
"35520",2021-05-15,"45","28  day ahead inc hosp",2021-06-12,"quantile",0.3,27.6595370723254
"35521",2021-05-15,"45","28  day ahead inc hosp",2021-06-12,"quantile",0.35,30.3982005368815
"35522",2021-05-15,"45","28  day ahead inc hosp",2021-06-12,"quantile",0.4,33.1803306754859
"35523",2021-05-15,"45","28  day ahead inc hosp",2021-06-12,"quantile",0.45,36.049726755783
"35524",2021-05-15,"45","28  day ahead inc hosp",2021-06-12,"quantile",0.5,39.0514827254125
"35525",2021-05-15,"45","28  day ahead inc hosp",2021-06-12,"quantile",0.55,42.2369083864372
"35526",2021-05-15,"45","28  day ahead inc hosp",2021-06-12,"quantile",0.6,45.6693463534663
"35527",2021-05-15,"45","28  day ahead inc hosp",2021-06-12,"quantile",0.65,49.4326565686003
"35528",2021-05-15,"45","28  day ahead inc hosp",2021-06-12,"quantile",0.7,53.6454603615596
"35529",2021-05-15,"45","28  day ahead inc hosp",2021-06-12,"quantile",0.75,58.4878942715288
"35530",2021-05-15,"45","28  day ahead inc hosp",2021-06-12,"quantile",0.8,64.2581368626079
"35531",2021-05-15,"45","28  day ahead inc hosp",2021-06-12,"quantile",0.85,71.5114566535243
"35532",2021-05-15,"45","28  day ahead inc hosp",2021-06-12,"quantile",0.9,81.4903761535156
"35533",2021-05-15,"45","28  day ahead inc hosp",2021-06-12,"quantile",0.95,98.1572331238148
"35534",2021-05-15,"45","28  day ahead inc hosp",2021-06-12,"quantile",0.975,114.576869114961
"35535",2021-05-15,"45","28  day ahead inc hosp",2021-06-12,"quantile",0.99,136.166348900036
"35536",2021-05-15,"45","29  day ahead inc hosp",2021-06-13,"quantile",0.01,7.06215437664897
"35537",2021-05-15,"45","29  day ahead inc hosp",2021-06-13,"quantile",0.025,10.0518666992986
"35538",2021-05-15,"45","29  day ahead inc hosp",2021-06-13,"quantile",0.05,13.3069002140204
"35539",2021-05-15,"45","29  day ahead inc hosp",2021-06-13,"quantile",0.1,17.9759288600504
"35540",2021-05-15,"45","29  day ahead inc hosp",2021-06-13,"quantile",0.15,21.755832307628
"35541",2021-05-15,"45","29  day ahead inc hosp",2021-06-13,"quantile",0.2,25.1617231080346
"35542",2021-05-15,"45","29  day ahead inc hosp",2021-06-13,"quantile",0.25,28.3895077591336
"35543",2021-05-15,"45","29  day ahead inc hosp",2021-06-13,"quantile",0.3,31.5441792485813
"35544",2021-05-15,"45","29  day ahead inc hosp",2021-06-13,"quantile",0.35,34.6955790174083
"35545",2021-05-15,"45","29  day ahead inc hosp",2021-06-13,"quantile",0.4,37.8988484848528
"35546",2021-05-15,"45","29  day ahead inc hosp",2021-06-13,"quantile",0.45,41.2043458065473
"35547",2021-05-15,"45","29  day ahead inc hosp",2021-06-13,"quantile",0.5,44.6640358728833
"35548",2021-05-15,"45","29  day ahead inc hosp",2021-06-13,"quantile",0.55,48.3371518652098
"35549",2021-05-15,"45","29  day ahead inc hosp",2021-06-13,"quantile",0.6,52.2969119835634
"35550",2021-05-15,"45","29  day ahead inc hosp",2021-06-13,"quantile",0.65,56.6403368503771
"35551",2021-05-15,"45","29  day ahead inc hosp",2021-06-13,"quantile",0.7,61.5047477848718
"35552",2021-05-15,"45","29  day ahead inc hosp",2021-06-13,"quantile",0.75,67.0987694325015
"35553",2021-05-15,"45","29  day ahead inc hosp",2021-06-13,"quantile",0.8,73.7678514443916
"35554",2021-05-15,"45","29  day ahead inc hosp",2021-06-13,"quantile",0.85,82.155476120225
"35555",2021-05-15,"45","29  day ahead inc hosp",2021-06-13,"quantile",0.9,93.7019848620881
"35556",2021-05-15,"45","29  day ahead inc hosp",2021-06-13,"quantile",0.95,113.002262806404
"35557",2021-05-15,"45","29  day ahead inc hosp",2021-06-13,"quantile",0.975,132.031556893442
"35558",2021-05-15,"45","29  day ahead inc hosp",2021-06-13,"quantile",0.99,157.071040944694
"35559",2021-05-15,"45","30  day ahead inc hosp",2021-06-14,"quantile",0.01,6.91029043104331
"35560",2021-05-15,"45","30  day ahead inc hosp",2021-06-14,"quantile",0.025,9.96047107675887
"35561",2021-05-15,"45","30  day ahead inc hosp",2021-06-14,"quantile",0.05,13.3081439668312
"35562",2021-05-15,"45","30  day ahead inc hosp",2021-06-14,"quantile",0.1,18.143377987633
"35563",2021-05-15,"45","30  day ahead inc hosp",2021-06-14,"quantile",0.15,22.0788582003483
"35564",2021-05-15,"45","30  day ahead inc hosp",2021-06-14,"quantile",0.2,25.637398191966
"35565",2021-05-15,"45","30  day ahead inc hosp",2021-06-14,"quantile",0.25,29.0189016123237
"35566",2021-05-15,"45","30  day ahead inc hosp",2021-06-14,"quantile",0.3,32.3311198995357
"35567",2021-05-15,"45","30  day ahead inc hosp",2021-06-14,"quantile",0.35,35.6462258827331
"35568",2021-05-15,"45","30  day ahead inc hosp",2021-06-14,"quantile",0.4,39.0216466137222
"35569",2021-05-15,"45","30  day ahead inc hosp",2021-06-14,"quantile",0.45,42.5102338447242
"35570",2021-05-15,"45","30  day ahead inc hosp",2021-06-14,"quantile",0.5,46.1668920309087
"35571",2021-05-15,"45","30  day ahead inc hosp",2021-06-14,"quantile",0.55,50.0545312779148
"35572",2021-05-15,"45","30  day ahead inc hosp",2021-06-14,"quantile",0.6,54.251206011069
"35573",2021-05-15,"45","30  day ahead inc hosp",2021-06-14,"quantile",0.65,58.8606124343084
"35574",2021-05-15,"45","30  day ahead inc hosp",2021-06-14,"quantile",0.7,64.0297806716026
"35575",2021-05-15,"45","30  day ahead inc hosp",2021-06-14,"quantile",0.75,69.9823668073584
"35576",2021-05-15,"45","30  day ahead inc hosp",2021-06-14,"quantile",0.8,77.0890683839471
"35577",2021-05-15,"45","30  day ahead inc hosp",2021-06-14,"quantile",0.85,86.0409779432063
"35578",2021-05-15,"45","30  day ahead inc hosp",2021-06-14,"quantile",0.9,98.3863328230705
"35579",2021-05-15,"45","30  day ahead inc hosp",2021-06-14,"quantile",0.95,119.069606388602
"35580",2021-05-15,"45","30  day ahead inc hosp",2021-06-14,"quantile",0.975,139.510477770507
"35581",2021-05-15,"45","30  day ahead inc hosp",2021-06-14,"quantile",0.99,166.466039805476
"35582",2021-05-15,"45","31  day ahead inc hosp",2021-06-15,"quantile",0.01,6.28708878309713
"35583",2021-05-15,"45","31  day ahead inc hosp",2021-06-15,"quantile",0.025,9.23638041706237
"35584",2021-05-15,"45","31  day ahead inc hosp",2021-06-15,"quantile",0.05,12.5127117765524
"35585",2021-05-15,"45","31  day ahead inc hosp",2021-06-15,"quantile",0.1,17.2941032313696
"35586",2021-05-15,"45","31  day ahead inc hosp",2021-06-15,"quantile",0.15,21.2168878193444
"35587",2021-05-15,"45","31  day ahead inc hosp",2021-06-15,"quantile",0.2,24.7824486297981
"35588",2021-05-15,"45","31  day ahead inc hosp",2021-06-15,"quantile",0.25,28.1840798235699
"35589",2021-05-15,"45","31  day ahead inc hosp",2021-06-15,"quantile",0.3,31.5268949898543
"35590",2021-05-15,"45","31  day ahead inc hosp",2021-06-15,"quantile",0.35,34.882047948876
"35591",2021-05-15,"45","31  day ahead inc hosp",2021-06-15,"quantile",0.4,38.3068240835195
"35592",2021-05-15,"45","31  day ahead inc hosp",2021-06-15,"quantile",0.45,41.8545529335039
"35593",2021-05-15,"45","31  day ahead inc hosp",2021-06-15,"quantile",0.5,45.5811809391702
"35594",2021-05-15,"45","31  day ahead inc hosp",2021-06-15,"quantile",0.55,49.5512956877564
"35595",2021-05-15,"45","31  day ahead inc hosp",2021-06-15,"quantile",0.6,53.8454632859444
"35596",2021-05-15,"45","31  day ahead inc hosp",2021-06-15,"quantile",0.65,58.5711112507709
"35597",2021-05-15,"45","31  day ahead inc hosp",2021-06-15,"quantile",0.7,63.8809451824734
"35598",2021-05-15,"45","31  day ahead inc hosp",2021-06-15,"quantile",0.75,70.0076719463215
"35599",2021-05-15,"45","31  day ahead inc hosp",2021-06-15,"quantile",0.8,77.3375244914998
"35600",2021-05-15,"45","31  day ahead inc hosp",2021-06-15,"quantile",0.85,86.5914284346669
"35601",2021-05-15,"45","31  day ahead inc hosp",2021-06-15,"quantile",0.9,99.386457610217
"35602",2021-05-15,"45","31  day ahead inc hosp",2021-06-15,"quantile",0.95,120.895074554005
"35603",2021-05-15,"45","31  day ahead inc hosp",2021-06-15,"quantile",0.975,142.224121931115
"35604",2021-05-15,"45","31  day ahead inc hosp",2021-06-15,"quantile",0.99,170.439680521893
"35605",2021-05-15,"45","32  day ahead inc hosp",2021-06-16,"quantile",0.01,6.2549124851996
"35606",2021-05-15,"45","32  day ahead inc hosp",2021-06-16,"quantile",0.025,9.29202182151906
"35607",2021-05-15,"45","32  day ahead inc hosp",2021-06-16,"quantile",0.05,12.6897709438546
"35608",2021-05-15,"45","32  day ahead inc hosp",2021-06-16,"quantile",0.1,17.6781652651511
"35609",2021-05-15,"45","32  day ahead inc hosp",2021-06-16,"quantile",0.15,21.7896199562835
"35610",2021-05-15,"45","32  day ahead inc hosp",2021-06-16,"quantile",0.2,25.5378575796112
"35611",2021-05-15,"45","32  day ahead inc hosp",2021-06-16,"quantile",0.25,29.1219015863778
"35612",2021-05-15,"45","32  day ahead inc hosp",2021-06-16,"quantile",0.3,32.6505528053709
"35613",2021-05-15,"45","32  day ahead inc hosp",2021-06-16,"quantile",0.35,36.1979232740201
"35614",2021-05-15,"45","32  day ahead inc hosp",2021-06-16,"quantile",0.4,39.8240912473793
"35615",2021-05-15,"45","32  day ahead inc hosp",2021-06-16,"quantile",0.45,43.5853567902297
"35616",2021-05-15,"45","32  day ahead inc hosp",2021-06-16,"quantile",0.5,47.5411120014889
"35617",2021-05-15,"45","32  day ahead inc hosp",2021-06-16,"quantile",0.55,51.7602119561052
"35618",2021-05-15,"45","32  day ahead inc hosp",2021-06-16,"quantile",0.6,56.3288024003966
"35619",2021-05-15,"45","32  day ahead inc hosp",2021-06-16,"quantile",0.65,61.3619852036621
"35620",2021-05-15,"45","32  day ahead inc hosp",2021-06-16,"quantile",0.7,67.0236035474834
"35621",2021-05-15,"45","32  day ahead inc hosp",2021-06-16,"quantile",0.75,73.563585420277
"35622",2021-05-15,"45","32  day ahead inc hosp",2021-06-16,"quantile",0.8,81.3970659456064
"35623",2021-05-15,"45","32  day ahead inc hosp",2021-06-16,"quantile",0.85,91.2994416309387
"35624",2021-05-15,"45","32  day ahead inc hosp",2021-06-16,"quantile",0.9,105.011176579969
"35625",2021-05-15,"45","32  day ahead inc hosp",2021-06-16,"quantile",0.95,128.104353082563
"35626",2021-05-15,"45","32  day ahead inc hosp",2021-06-16,"quantile",0.975,151.048624054871
"35627",2021-05-15,"45","32  day ahead inc hosp",2021-06-16,"quantile",0.99,181.454646381286
"35628",2021-05-15,"45","33  day ahead inc hosp",2021-06-17,"quantile",0.01,5.23864293975837
"35629",2021-05-15,"45","33  day ahead inc hosp",2021-06-17,"quantile",0.025,8.00422077425598
"35630",2021-05-15,"45","33  day ahead inc hosp",2021-06-17,"quantile",0.05,11.1534605799309
"35631",2021-05-15,"45","33  day ahead inc hosp",2021-06-17,"quantile",0.1,15.8466422842678
"35632",2021-05-15,"45","33  day ahead inc hosp",2021-06-17,"quantile",0.15,19.7590494372249
"35633",2021-05-15,"45","33  day ahead inc hosp",2021-06-17,"quantile",0.2,23.3522304425698
"35634",2021-05-15,"45","33  day ahead inc hosp",2021-06-17,"quantile",0.25,26.8072716761278
"35635",2021-05-15,"45","33  day ahead inc hosp",2021-06-17,"quantile",0.3,30.2245271632068
"35636",2021-05-15,"45","33  day ahead inc hosp",2021-06-17,"quantile",0.35,33.6734603402765
"35637",2021-05-15,"45","33  day ahead inc hosp",2021-06-17,"quantile",0.4,37.2113640730673
"35638",2021-05-15,"45","33  day ahead inc hosp",2021-06-17,"quantile",0.45,40.8928110920617
"35639",2021-05-15,"45","33  day ahead inc hosp",2021-06-17,"quantile",0.5,44.7761531711334
"35640",2021-05-15,"45","33  day ahead inc hosp",2021-06-17,"quantile",0.55,48.9297247824761
"35641",2021-05-15,"45","33  day ahead inc hosp",2021-06-17,"quantile",0.6,53.4396262844861
"35642",2021-05-15,"45","33  day ahead inc hosp",2021-06-17,"quantile",0.65,58.4214531255223
"35643",2021-05-15,"45","33  day ahead inc hosp",2021-06-17,"quantile",0.7,64.0402931284689
"35644",2021-05-15,"45","33  day ahead inc hosp",2021-06-17,"quantile",0.75,70.5485651108194
"35645",2021-05-15,"45","33  day ahead inc hosp",2021-06-17,"quantile",0.8,78.3663078126795
"35646",2021-05-15,"45","33  day ahead inc hosp",2021-06-17,"quantile",0.85,88.2793408839938
"35647",2021-05-15,"45","33  day ahead inc hosp",2021-06-17,"quantile",0.9,102.054463044965
"35648",2021-05-15,"45","33  day ahead inc hosp",2021-06-17,"quantile",0.95,125.360113722073
"35649",2021-05-15,"45","33  day ahead inc hosp",2021-06-17,"quantile",0.975,148.62224208713
"35650",2021-05-15,"45","33  day ahead inc hosp",2021-06-17,"quantile",0.99,179.580486888564
"35651",2021-05-15,"45","34  day ahead inc hosp",2021-06-18,"quantile",0.01,5.01613137735285
"35652",2021-05-15,"45","34  day ahead inc hosp",2021-06-18,"quantile",0.025,7.78417821689544
"35653",2021-05-15,"45","34  day ahead inc hosp",2021-06-18,"quantile",0.05,10.9670260804922
"35654",2021-05-15,"45","34  day ahead inc hosp",2021-06-18,"quantile",0.1,15.7490825770689
"35655",2021-05-15,"45","34  day ahead inc hosp",2021-06-18,"quantile",0.15,19.7601912986114
"35656",2021-05-15,"45","34  day ahead inc hosp",2021-06-18,"quantile",0.2,23.4586812516038
"35657",2021-05-15,"45","34  day ahead inc hosp",2021-06-18,"quantile",0.25,27.0256699698693
"35658",2021-05-15,"45","34  day ahead inc hosp",2021-06-18,"quantile",0.3,30.5623086179306
"35659",2021-05-15,"45","34  day ahead inc hosp",2021-06-18,"quantile",0.35,34.1392453707473
"35660",2021-05-15,"45","34  day ahead inc hosp",2021-06-18,"quantile",0.4,37.8153078693005
"35661",2021-05-15,"45","34  day ahead inc hosp",2021-06-18,"quantile",0.45,41.6470250065345
"35662",2021-05-15,"45","34  day ahead inc hosp",2021-06-18,"quantile",0.5,45.6952721281775
"35663",2021-05-15,"45","34  day ahead inc hosp",2021-06-18,"quantile",0.55,50.0317136761446
"35664",2021-05-15,"45","34  day ahead inc hosp",2021-06-18,"quantile",0.6,54.7469746025291
"35665",2021-05-15,"45","34  day ahead inc hosp",2021-06-18,"quantile",0.65,59.9630247644326
"35666",2021-05-15,"45","34  day ahead inc hosp",2021-06-18,"quantile",0.7,65.8543489662633
"35667",2021-05-15,"45","34  day ahead inc hosp",2021-06-18,"quantile",0.75,72.6880556699818
"35668",2021-05-15,"45","34  day ahead inc hosp",2021-06-18,"quantile",0.8,80.9090467712196
"35669",2021-05-15,"45","34  day ahead inc hosp",2021-06-18,"quantile",0.85,91.3503521964531
"35670",2021-05-15,"45","34  day ahead inc hosp",2021-06-18,"quantile",0.9,105.886542384594
"35671",2021-05-15,"45","34  day ahead inc hosp",2021-06-18,"quantile",0.95,130.538512457994
"35672",2021-05-15,"45","34  day ahead inc hosp",2021-06-18,"quantile",0.975,155.203709254162
"35673",2021-05-15,"45","34  day ahead inc hosp",2021-06-18,"quantile",0.99,188.101938474017
"35674",2021-05-15,"45","35  day ahead inc hosp",2021-06-19,"quantile",0.01,4.44238406060684
"35675",2021-05-15,"45","35  day ahead inc hosp",2021-06-19,"quantile",0.025,7.0627124446189
"35676",2021-05-15,"45","35  day ahead inc hosp",2021-06-19,"quantile",0.05,10.1214820756046
"35677",2021-05-15,"45","35  day ahead inc hosp",2021-06-19,"quantile",0.1,14.7751162041134
"35678",2021-05-15,"45","35  day ahead inc hosp",2021-06-19,"quantile",0.15,18.715435392725
"35679",2021-05-15,"45","35  day ahead inc hosp",2021-06-19,"quantile",0.2,22.3707092709411
"35680",2021-05-15,"45","35  day ahead inc hosp",2021-06-19,"quantile",0.25,25.9121284566799
"35681",2021-05-15,"45","35  day ahead inc hosp",2021-06-19,"quantile",0.3,29.4364904188912
"35682",2021-05-15,"45","35  day ahead inc hosp",2021-06-19,"quantile",0.35,33.0123709734916
"35683",2021-05-15,"45","35  day ahead inc hosp",2021-06-19,"quantile",0.4,36.6977223614613
"35684",2021-05-15,"45","35  day ahead inc hosp",2021-06-19,"quantile",0.45,40.5489813971961
"35685",2021-05-15,"45","35  day ahead inc hosp",2021-06-19,"quantile",0.5,44.6275749735425
"35686",2021-05-15,"45","35  day ahead inc hosp",2021-06-19,"quantile",0.55,49.0063786355951
"35687",2021-05-15,"45","35  day ahead inc hosp",2021-06-19,"quantile",0.6,53.7780407712941
"35688",2021-05-15,"45","35  day ahead inc hosp",2021-06-19,"quantile",0.65,59.0677028958411
"35689",2021-05-15,"45","35  day ahead inc hosp",2021-06-19,"quantile",0.7,65.0548266542506
"35690",2021-05-15,"45","35  day ahead inc hosp",2021-06-19,"quantile",0.75,72.0146234384165
"35691",2021-05-15,"45","35  day ahead inc hosp",2021-06-19,"quantile",0.8,80.406125786225
"35692",2021-05-15,"45","35  day ahead inc hosp",2021-06-19,"quantile",0.85,91.0898821346849
"35693",2021-05-15,"45","35  day ahead inc hosp",2021-06-19,"quantile",0.9,106.004880688769
"35694",2021-05-15,"45","35  day ahead inc hosp",2021-06-19,"quantile",0.95,131.389208418646
"35695",2021-05-15,"45","35  day ahead inc hosp",2021-06-19,"quantile",0.975,156.878090293982
"35696",2021-05-15,"45","35  day ahead inc hosp",2021-06-19,"quantile",0.99,190.986696363882
"35697",2021-05-15,"45","36  day ahead inc hosp",2021-06-20,"quantile",0.01,4.24992534627201
"35698",2021-05-15,"45","36  day ahead inc hosp",2021-06-20,"quantile",0.025,6.86782932595614
"35699",2021-05-15,"45","36  day ahead inc hosp",2021-06-20,"quantile",0.05,9.95481363892283
"35700",2021-05-15,"45","36  day ahead inc hosp",2021-06-20,"quantile",0.1,14.6907365382034
"35701",2021-05-15,"45","36  day ahead inc hosp",2021-06-20,"quantile",0.15,18.7257742436222
"35702",2021-05-15,"45","36  day ahead inc hosp",2021-06-20,"quantile",0.2,22.4838635895032
"35703",2021-05-15,"45","36  day ahead inc hosp",2021-06-20,"quantile",0.25,26.1358134358194
"35704",2021-05-15,"45","36  day ahead inc hosp",2021-06-20,"quantile",0.3,29.7790352039196
"35705",2021-05-15,"45","36  day ahead inc hosp",2021-06-20,"quantile",0.35,33.4832131433063
"35706",2021-05-15,"45","36  day ahead inc hosp",2021-06-20,"quantile",0.4,37.3078223169368
"35707",2021-05-15,"45","36  day ahead inc hosp",2021-06-20,"quantile",0.45,41.3112931482682
"35708",2021-05-15,"45","36  day ahead inc hosp",2021-06-20,"quantile",0.5,45.5576612336682
"35709",2021-05-15,"45","36  day ahead inc hosp",2021-06-20,"quantile",0.55,50.1232728215994
"35710",2021-05-15,"45","36  day ahead inc hosp",2021-06-20,"quantile",0.6,55.1055160925568
"35711",2021-05-15,"45","36  day ahead inc hosp",2021-06-20,"quantile",0.65,60.6362325431493
"35712",2021-05-15,"45","36  day ahead inc hosp",2021-06-20,"quantile",0.7,66.9047844244792
"35713",2021-05-15,"45","36  day ahead inc hosp",2021-06-20,"quantile",0.75,74.2018892986845
"35714",2021-05-15,"45","36  day ahead inc hosp",2021-06-20,"quantile",0.8,83.0128686132178
"35715",2021-05-15,"45","36  day ahead inc hosp",2021-06-20,"quantile",0.85,94.2482708231596
"35716",2021-05-15,"45","36  day ahead inc hosp",2021-06-20,"quantile",0.9,109.961435923957
"35717",2021-05-15,"45","36  day ahead inc hosp",2021-06-20,"quantile",0.95,136.765345473024
"35718",2021-05-15,"45","36  day ahead inc hosp",2021-06-20,"quantile",0.975,163.741502492512
"35719",2021-05-15,"45","36  day ahead inc hosp",2021-06-20,"quantile",0.99,199.916370192312
"35720",2021-05-15,"45","37  day ahead inc hosp",2021-06-21,"quantile",0.01,4.08530520346184
"35721",2021-05-15,"45","37  day ahead inc hosp",2021-06-21,"quantile",0.025,6.70791592782088
"35722",2021-05-15,"45","37  day ahead inc hosp",2021-06-21,"quantile",0.05,9.83103572411222
"35723",2021-05-15,"45","37  day ahead inc hosp",2021-06-21,"quantile",0.1,14.6612691279351
"35724",2021-05-15,"45","37  day ahead inc hosp",2021-06-21,"quantile",0.15,18.801412786409
"35725",2021-05-15,"45","37  day ahead inc hosp",2021-06-21,"quantile",0.2,22.6721799153433
"35726",2021-05-15,"45","37  day ahead inc hosp",2021-06-21,"quantile",0.25,26.4444307284837
"35727",2021-05-15,"45","37  day ahead inc hosp",2021-06-21,"quantile",0.3,30.2164415030989
"35728",2021-05-15,"45","37  day ahead inc hosp",2021-06-21,"quantile",0.35,34.0591926831946
"35729",2021-05-15,"45","37  day ahead inc hosp",2021-06-21,"quantile",0.4,38.0338519814313
"35730",2021-05-15,"45","37  day ahead inc hosp",2021-06-21,"quantile",0.45,42.2010198956118
"35731",2021-05-15,"45","37  day ahead inc hosp",2021-06-21,"quantile",0.5,46.6275432160733
"35732",2021-05-15,"45","37  day ahead inc hosp",2021-06-21,"quantile",0.55,51.3934887697519
"35733",2021-05-15,"45","37  day ahead inc hosp",2021-06-21,"quantile",0.6,56.6013112987246
"35734",2021-05-15,"45","37  day ahead inc hosp",2021-06-21,"quantile",0.65,62.3900027237965
"35735",2021-05-15,"45","37  day ahead inc hosp",2021-06-21,"quantile",0.7,68.959481816253
"35736",2021-05-15,"45","37  day ahead inc hosp",2021-06-21,"quantile",0.75,76.6169906955073
"35737",2021-05-15,"45","37  day ahead inc hosp",2021-06-21,"quantile",0.8,85.8758571893255
"35738",2021-05-15,"45","37  day ahead inc hosp",2021-06-21,"quantile",0.85,97.6998852916346
"35739",2021-05-15,"45","37  day ahead inc hosp",2021-06-21,"quantile",0.9,114.264194367672
"35740",2021-05-15,"45","37  day ahead inc hosp",2021-06-21,"quantile",0.95,142.580960367042
"35741",2021-05-15,"45","37  day ahead inc hosp",2021-06-21,"quantile",0.975,171.141371581838
"35742",2021-05-15,"45","37  day ahead inc hosp",2021-06-21,"quantile",0.99,209.51657857037
"35743",2021-05-15,"46","1  day ahead inc hosp",2021-05-16,"quantile",0.01,2.61903158542174
"35744",2021-05-15,"46","1  day ahead inc hosp",2021-05-16,"quantile",0.025,3.10614748736938
"35745",2021-05-15,"46","1  day ahead inc hosp",2021-05-16,"quantile",0.05,3.57686860486094
"35746",2021-05-15,"46","1  day ahead inc hosp",2021-05-16,"quantile",0.1,4.18382074353603
"35747",2021-05-15,"46","1  day ahead inc hosp",2021-05-16,"quantile",0.15,4.63486971295139
"35748",2021-05-15,"46","1  day ahead inc hosp",2021-05-16,"quantile",0.2,5.01859657658612
"35749",2021-05-15,"46","1  day ahead inc hosp",2021-05-16,"quantile",0.25,5.36637247152847
"35750",2021-05-15,"46","1  day ahead inc hosp",2021-05-16,"quantile",0.3,5.69381263333058
"35751",2021-05-15,"46","1  day ahead inc hosp",2021-05-16,"quantile",0.35,6.01040168444636
"35752",2021-05-15,"46","1  day ahead inc hosp",2021-05-16,"quantile",0.4,6.32284941279147
"35753",2021-05-15,"46","1  day ahead inc hosp",2021-05-16,"quantile",0.45,6.63658971393597
"35754",2021-05-15,"46","1  day ahead inc hosp",2021-05-16,"quantile",0.5,6.95661502600031
"35755",2021-05-15,"46","1  day ahead inc hosp",2021-05-16,"quantile",0.55,7.28807718657091
"35756",2021-05-15,"46","1  day ahead inc hosp",2021-05-16,"quantile",0.6,7.63687124682389
"35757",2021-05-15,"46","1  day ahead inc hosp",2021-05-16,"quantile",0.65,8.01038332033894
"35758",2021-05-15,"46","1  day ahead inc hosp",2021-05-16,"quantile",0.7,8.41866447095785
"35759",2021-05-15,"46","1  day ahead inc hosp",2021-05-16,"quantile",0.75,8.87656546908448
"35760",2021-05-15,"46","1  day ahead inc hosp",2021-05-16,"quantile",0.8,9.408169586355
"35761",2021-05-15,"46","1  day ahead inc hosp",2021-05-16,"quantile",0.85,10.057562007615
"35762",2021-05-15,"46","1  day ahead inc hosp",2021-05-16,"quantile",0.9,10.9217362597354
"35763",2021-05-15,"46","1  day ahead inc hosp",2021-05-16,"quantile",0.95,12.3035376492711
"35764",2021-05-15,"46","1  day ahead inc hosp",2021-05-16,"quantile",0.975,13.6047423732363
"35765",2021-05-15,"46","1  day ahead inc hosp",2021-05-16,"quantile",0.99,15.2444767302847
"35766",2021-05-15,"46","2  day ahead inc hosp",2021-05-17,"quantile",0.01,2.12355246313478
"35767",2021-05-15,"46","2  day ahead inc hosp",2021-05-17,"quantile",0.025,2.56933077802579
"35768",2021-05-15,"46","2  day ahead inc hosp",2021-05-17,"quantile",0.05,3.00588493377766
"35769",2021-05-15,"46","2  day ahead inc hosp",2021-05-17,"quantile",0.1,3.57574288441672
"35770",2021-05-15,"46","2  day ahead inc hosp",2021-05-17,"quantile",0.15,4.00355934730995
"35771",2021-05-15,"46","2  day ahead inc hosp",2021-05-17,"quantile",0.2,4.37006628546222
"35772",2021-05-15,"46","2  day ahead inc hosp",2021-05-17,"quantile",0.25,4.70406627971088
"35773",2021-05-15,"46","2  day ahead inc hosp",2021-05-17,"quantile",0.3,5.02000172136919
"35774",2021-05-15,"46","2  day ahead inc hosp",2021-05-17,"quantile",0.35,5.32672495613277
"35775",2021-05-15,"46","2  day ahead inc hosp",2021-05-17,"quantile",0.4,5.63057121509169
"35776",2021-05-15,"46","2  day ahead inc hosp",2021-05-17,"quantile",0.45,5.93674173721627
"35777",2021-05-15,"46","2  day ahead inc hosp",2021-05-17,"quantile",0.5,6.25008473408264
"35778",2021-05-15,"46","2  day ahead inc hosp",2021-05-17,"quantile",0.55,6.57567081165015
"35779",2021-05-15,"46","2  day ahead inc hosp",2021-05-17,"quantile",0.6,6.91936684860341
"35780",2021-05-15,"46","2  day ahead inc hosp",2021-05-17,"quantile",0.65,7.2885857009852
"35781",2021-05-15,"46","2  day ahead inc hosp",2021-05-17,"quantile",0.7,7.69347587574083
"35782",2021-05-15,"46","2  day ahead inc hosp",2021-05-17,"quantile",0.75,8.14909648164411
"35783",2021-05-15,"46","2  day ahead inc hosp",2021-05-17,"quantile",0.8,8.67994595414382
"35784",2021-05-15,"46","2  day ahead inc hosp",2021-05-17,"quantile",0.85,9.33098511688673
"35785",2021-05-15,"46","2  day ahead inc hosp",2021-05-17,"quantile",0.9,10.2013792632153
"35786",2021-05-15,"46","2  day ahead inc hosp",2021-05-17,"quantile",0.95,11.6016976790525
"35787",2021-05-15,"46","2  day ahead inc hosp",2021-05-17,"quantile",0.975,12.9288724904826
"35788",2021-05-15,"46","2  day ahead inc hosp",2021-05-17,"quantile",0.99,14.6116366687494
"35789",2021-05-15,"46","3  day ahead inc hosp",2021-05-18,"quantile",0.01,2.12244087870316
"35790",2021-05-15,"46","3  day ahead inc hosp",2021-05-18,"quantile",0.025,2.59478540269013
"35791",2021-05-15,"46","3  day ahead inc hosp",2021-05-18,"quantile",0.05,3.06055879771296
"35792",2021-05-15,"46","3  day ahead inc hosp",2021-05-18,"quantile",0.1,3.67241562117081
"35793",2021-05-15,"46","3  day ahead inc hosp",2021-05-18,"quantile",0.15,4.13416044685718
"35794",2021-05-15,"46","3  day ahead inc hosp",2021-05-18,"quantile",0.2,4.53113998700235
"35795",2021-05-15,"46","3  day ahead inc hosp",2021-05-18,"quantile",0.25,4.89392093264503
"35796",2021-05-15,"46","3  day ahead inc hosp",2021-05-18,"quantile",0.3,5.23788986646439
"35797",2021-05-15,"46","3  day ahead inc hosp",2021-05-18,"quantile",0.35,5.57252334985858
"35798",2021-05-15,"46","3  day ahead inc hosp",2021-05-18,"quantile",0.4,5.90464460452674
"35799",2021-05-15,"46","3  day ahead inc hosp",2021-05-18,"quantile",0.45,6.23989534750028
"35800",2021-05-15,"46","3  day ahead inc hosp",2021-05-18,"quantile",0.5,6.58357316153803
"35801",2021-05-15,"46","3  day ahead inc hosp",2021-05-18,"quantile",0.55,6.94125591279145
"35802",2021-05-15,"46","3  day ahead inc hosp",2021-05-18,"quantile",0.6,7.31943273677325
"35803",2021-05-15,"46","3  day ahead inc hosp",2021-05-18,"quantile",0.65,7.72633629267642
"35804",2021-05-15,"46","3  day ahead inc hosp",2021-05-18,"quantile",0.7,8.17327033250226
"35805",2021-05-15,"46","3  day ahead inc hosp",2021-05-18,"quantile",0.75,8.67704288440169
"35806",2021-05-15,"46","3  day ahead inc hosp",2021-05-18,"quantile",0.8,9.26503937829666
"35807",2021-05-15,"46","3  day ahead inc hosp",2021-05-18,"quantile",0.85,9.98758202264771
"35808",2021-05-15,"46","3  day ahead inc hosp",2021-05-18,"quantile",0.9,10.9557957997342
"35809",2021-05-15,"46","3  day ahead inc hosp",2021-05-18,"quantile",0.95,12.5182265202563
"35810",2021-05-15,"46","3  day ahead inc hosp",2021-05-18,"quantile",0.975,14.0037609152977
"35811",2021-05-15,"46","3  day ahead inc hosp",2021-05-18,"quantile",0.99,15.8930067511005
"35812",2021-05-15,"46","4  day ahead inc hosp",2021-05-19,"quantile",0.01,1.91372506487858
"35813",2021-05-15,"46","4  day ahead inc hosp",2021-05-19,"quantile",0.025,2.37543365849736
"35814",2021-05-15,"46","4  day ahead inc hosp",2021-05-19,"quantile",0.05,2.83532427042371
"35815",2021-05-15,"46","4  day ahead inc hosp",2021-05-19,"quantile",0.1,3.44502310722278
"35816",2021-05-15,"46","4  day ahead inc hosp",2021-05-19,"quantile",0.15,3.90861136374009
"35817",2021-05-15,"46","4  day ahead inc hosp",2021-05-19,"quantile",0.2,4.30921640142799
"35818",2021-05-15,"46","4  day ahead inc hosp",2021-05-19,"quantile",0.25,4.67677995777686
"35819",2021-05-15,"46","4  day ahead inc hosp",2021-05-19,"quantile",0.3,5.02646115627757
"35820",2021-05-15,"46","4  day ahead inc hosp",2021-05-19,"quantile",0.35,5.36766342193925
"35821",2021-05-15,"46","4  day ahead inc hosp",2021-05-19,"quantile",0.4,5.70721818200736
"35822",2021-05-15,"46","4  day ahead inc hosp",2021-05-19,"quantile",0.45,6.05083257490614
"35823",2021-05-15,"46","4  day ahead inc hosp",2021-05-19,"quantile",0.5,6.40392246432903
"35824",2021-05-15,"46","4  day ahead inc hosp",2021-05-19,"quantile",0.55,6.7722446077374
"35825",2021-05-15,"46","4  day ahead inc hosp",2021-05-19,"quantile",0.6,7.16254755292724
"35826",2021-05-15,"46","4  day ahead inc hosp",2021-05-19,"quantile",0.65,7.58344166754453
"35827",2021-05-15,"46","4  day ahead inc hosp",2021-05-19,"quantile",0.7,8.04679689919632
"35828",2021-05-15,"46","4  day ahead inc hosp",2021-05-19,"quantile",0.75,8.57031343676197
"35829",2021-05-15,"46","4  day ahead inc hosp",2021-05-19,"quantile",0.8,9.18289120380169
"35830",2021-05-15,"46","4  day ahead inc hosp",2021-05-19,"quantile",0.85,9.93772774857507
"35831",2021-05-15,"46","4  day ahead inc hosp",2021-05-19,"quantile",0.9,10.9524963281567
"35832",2021-05-15,"46","4  day ahead inc hosp",2021-05-19,"quantile",0.95,12.5970542091317
"35833",2021-05-15,"46","4  day ahead inc hosp",2021-05-19,"quantile",0.975,14.1676539393261
"35834",2021-05-15,"46","4  day ahead inc hosp",2021-05-19,"quantile",0.99,16.1735264473179
"35835",2021-05-15,"46","5  day ahead inc hosp",2021-05-20,"quantile",0.01,1.42648401363926
"35836",2021-05-15,"46","5  day ahead inc hosp",2021-05-20,"quantile",0.025,1.81776678214103
"35837",2021-05-15,"46","5  day ahead inc hosp",2021-05-20,"quantile",0.05,2.21431485448001
"35838",2021-05-15,"46","5  day ahead inc hosp",2021-05-20,"quantile",0.1,2.74833349445817
"35839",2021-05-15,"46","5  day ahead inc hosp",2021-05-20,"quantile",0.15,3.15957636677245
"35840",2021-05-15,"46","5  day ahead inc hosp",2021-05-20,"quantile",0.2,3.51801566197016
"35841",2021-05-15,"46","5  day ahead inc hosp",2021-05-20,"quantile",0.25,3.84910742425425
"35842",2021-05-15,"46","5  day ahead inc hosp",2021-05-20,"quantile",0.3,4.16587197878133
"35843",2021-05-15,"46","5  day ahead inc hosp",2021-05-20,"quantile",0.35,4.47648884933881
"35844",2021-05-15,"46","5  day ahead inc hosp",2021-05-20,"quantile",0.4,4.78699408606992
"35845",2021-05-15,"46","5  day ahead inc hosp",2021-05-20,"quantile",0.45,5.10252044004784
"35846",2021-05-15,"46","5  day ahead inc hosp",2021-05-20,"quantile",0.5,5.42802552142451
"35847",2021-05-15,"46","5  day ahead inc hosp",2021-05-20,"quantile",0.55,5.76886141127229
"35848",2021-05-15,"46","5  day ahead inc hosp",2021-05-20,"quantile",0.6,6.13137958029089
"35849",2021-05-15,"46","5  day ahead inc hosp",2021-05-20,"quantile",0.65,6.52375676268701
"35850",2021-05-15,"46","5  day ahead inc hosp",2021-05-20,"quantile",0.7,6.95733657656171
"35851",2021-05-15,"46","5  day ahead inc hosp",2021-05-20,"quantile",0.75,7.44911011729407
"35852",2021-05-15,"46","5  day ahead inc hosp",2021-05-20,"quantile",0.8,8.02691203194875
"35853",2021-05-15,"46","5  day ahead inc hosp",2021-05-20,"quantile",0.85,8.74212078842172
"35854",2021-05-15,"46","5  day ahead inc hosp",2021-05-20,"quantile",0.9,9.70869427128541
"35855",2021-05-15,"46","5  day ahead inc hosp",2021-05-20,"quantile",0.95,11.2860207091087
"35856",2021-05-15,"46","5  day ahead inc hosp",2021-05-20,"quantile",0.975,12.8032881665006
"35857",2021-05-15,"46","5  day ahead inc hosp",2021-05-20,"quantile",0.99,14.7542475515969
"35858",2021-05-15,"46","6  day ahead inc hosp",2021-05-21,"quantile",0.01,1.15155234029868
"35859",2021-05-15,"46","6  day ahead inc hosp",2021-05-21,"quantile",0.025,1.50190206505075
"35860",2021-05-15,"46","6  day ahead inc hosp",2021-05-21,"quantile",0.05,1.86240893227844
"35861",2021-05-15,"46","6  day ahead inc hosp",2021-05-21,"quantile",0.1,2.35455169233682
"35862",2021-05-15,"46","6  day ahead inc hosp",2021-05-21,"quantile",0.15,2.73772487480325
"35863",2021-05-15,"46","6  day ahead inc hosp",2021-05-21,"quantile",0.2,3.0741668188919
"35864",2021-05-15,"46","6  day ahead inc hosp",2021-05-21,"quantile",0.25,3.38672421068222
"35865",2021-05-15,"46","6  day ahead inc hosp",2021-05-21,"quantile",0.3,3.68719184202104
"35866",2021-05-15,"46","6  day ahead inc hosp",2021-05-21,"quantile",0.35,3.98306498976297
"35867",2021-05-15,"46","6  day ahead inc hosp",2021-05-21,"quantile",0.4,4.27995277748512
"35868",2021-05-15,"46","6  day ahead inc hosp",2021-05-21,"quantile",0.45,4.58269922565861
"35869",2021-05-15,"46","6  day ahead inc hosp",2021-05-21,"quantile",0.5,4.8960537603653
"35870",2021-05-15,"46","6  day ahead inc hosp",2021-05-21,"quantile",0.55,5.22520991870172
"35871",2021-05-15,"46","6  day ahead inc hosp",2021-05-21,"quantile",0.6,5.57639242073386
"35872",2021-05-15,"46","6  day ahead inc hosp",2021-05-21,"quantile",0.65,5.95767235908385
"35873",2021-05-15,"46","6  day ahead inc hosp",2021-05-21,"quantile",0.7,6.38030298526427
"35874",2021-05-15,"46","6  day ahead inc hosp",2021-05-21,"quantile",0.75,6.86119977515324
"35875",2021-05-15,"46","6  day ahead inc hosp",2021-05-21,"quantile",0.8,7.42814701131435
"35876",2021-05-15,"46","6  day ahead inc hosp",2021-05-21,"quantile",0.85,8.13254420910742
"35877",2021-05-15,"46","6  day ahead inc hosp",2021-05-21,"quantile",0.9,9.08864669131412
"35878",2021-05-15,"46","6  day ahead inc hosp",2021-05-21,"quantile",0.95,10.657771224625
"35879",2021-05-15,"46","6  day ahead inc hosp",2021-05-21,"quantile",0.975,12.1760465520534
"35880",2021-05-15,"46","6  day ahead inc hosp",2021-05-21,"quantile",0.99,14.1391165278787
"35881",2021-05-15,"46","7  day ahead inc hosp",2021-05-22,"quantile",0.01,1.11691208823436
"35882",2021-05-15,"46","7  day ahead inc hosp",2021-05-22,"quantile",0.025,1.47420799588073
"35883",2021-05-15,"46","7  day ahead inc hosp",2021-05-22,"quantile",0.05,1.8447341564426
"35884",2021-05-15,"46","7  day ahead inc hosp",2021-05-22,"quantile",0.1,2.35406742260963
"35885",2021-05-15,"46","7  day ahead inc hosp",2021-05-22,"quantile",0.15,2.75282497634039
"35886",2021-05-15,"46","7  day ahead inc hosp",2021-05-22,"quantile",0.2,3.10424828697085
"35887",2021-05-15,"46","7  day ahead inc hosp",2021-05-22,"quantile",0.25,3.43166109534754
"35888",2021-05-15,"46","7  day ahead inc hosp",2021-05-22,"quantile",0.3,3.74716332661906
"35889",2021-05-15,"46","7  day ahead inc hosp",2021-05-22,"quantile",0.35,4.05849054668755
"35890",2021-05-15,"46","7  day ahead inc hosp",2021-05-22,"quantile",0.4,4.37147378937408
"35891",2021-05-15,"46","7  day ahead inc hosp",2021-05-22,"quantile",0.45,4.6911884345728
"35892",2021-05-15,"46","7  day ahead inc hosp",2021-05-22,"quantile",0.5,5.02264808099654
"35893",2021-05-15,"46","7  day ahead inc hosp",2021-05-22,"quantile",0.55,5.3713696766519
"35894",2021-05-15,"46","7  day ahead inc hosp",2021-05-22,"quantile",0.6,5.7439972757793
"35895",2021-05-15,"46","7  day ahead inc hosp",2021-05-22,"quantile",0.65,6.14917520906318
"35896",2021-05-15,"46","7  day ahead inc hosp",2021-05-22,"quantile",0.7,6.59898473219121
"35897",2021-05-15,"46","7  day ahead inc hosp",2021-05-22,"quantile",0.75,7.11161656263913
"35898",2021-05-15,"46","7  day ahead inc hosp",2021-05-22,"quantile",0.8,7.7169874820598
"35899",2021-05-15,"46","7  day ahead inc hosp",2021-05-22,"quantile",0.85,8.47050118358866
"35900",2021-05-15,"46","7  day ahead inc hosp",2021-05-22,"quantile",0.9,9.49544487671099
"35901",2021-05-15,"46","7  day ahead inc hosp",2021-05-22,"quantile",0.95,11.1822176107353
"35902",2021-05-15,"46","7  day ahead inc hosp",2021-05-22,"quantile",0.975,12.8190022130263
"35903",2021-05-15,"46","7  day ahead inc hosp",2021-05-22,"quantile",0.99,14.9409801139277
"35904",2021-05-15,"46","8  day ahead inc hosp",2021-05-23,"quantile",0.01,0.994626912130763
"35905",2021-05-15,"46","8  day ahead inc hosp",2021-05-23,"quantile",0.025,1.33627901837291
"35906",2021-05-15,"46","8  day ahead inc hosp",2021-05-23,"quantile",0.05,1.69468525499736
"35907",2021-05-15,"46","8  day ahead inc hosp",2021-05-23,"quantile",0.1,2.19240078226038
"35908",2021-05-15,"46","8  day ahead inc hosp",2021-05-23,"quantile",0.15,2.58523037406164
"35909",2021-05-15,"46","8  day ahead inc hosp",2021-05-23,"quantile",0.2,2.93330185581419
"35910",2021-05-15,"46","8  day ahead inc hosp",2021-05-23,"quantile",0.25,3.25894714119132
"35911",2021-05-15,"46","8  day ahead inc hosp",2021-05-23,"quantile",0.3,3.57383734742213
"35912",2021-05-15,"46","8  day ahead inc hosp",2021-05-23,"quantile",0.35,3.88550188146661
"35913",2021-05-15,"46","8  day ahead inc hosp",2021-05-23,"quantile",0.4,4.19967807117019
"35914",2021-05-15,"46","8  day ahead inc hosp",2021-05-23,"quantile",0.45,4.52141775351029
"35915",2021-05-15,"46","8  day ahead inc hosp",2021-05-23,"quantile",0.5,4.85576552089291
"35916",2021-05-15,"46","8  day ahead inc hosp",2021-05-23,"quantile",0.55,5.20832235367388
"35917",2021-05-15,"46","8  day ahead inc hosp",2021-05-23,"quantile",0.6,5.58587916610924
"35918",2021-05-15,"46","8  day ahead inc hosp",2021-05-23,"quantile",0.65,5.99731378761034
"35919",2021-05-15,"46","8  day ahead inc hosp",2021-05-23,"quantile",0.7,6.45507515217913
"35920",2021-05-15,"46","8  day ahead inc hosp",2021-05-23,"quantile",0.75,6.9779517305276
"35921",2021-05-15,"46","8  day ahead inc hosp",2021-05-23,"quantile",0.8,7.59689826722323
"35922",2021-05-15,"46","8  day ahead inc hosp",2021-05-23,"quantile",0.85,8.36932701770846
"35923",2021-05-15,"46","8  day ahead inc hosp",2021-05-23,"quantile",0.9,9.42318719487343
"35924",2021-05-15,"46","8  day ahead inc hosp",2021-05-23,"quantile",0.95,11.1644077374655
"35925",2021-05-15,"46","8  day ahead inc hosp",2021-05-23,"quantile",0.975,12.860904575225
"35926",2021-05-15,"46","8  day ahead inc hosp",2021-05-23,"quantile",0.99,15.0686689285658
"35927",2021-05-15,"46","9  day ahead inc hosp",2021-05-24,"quantile",0.01,1.23673882282469
"35928",2021-05-15,"46","9  day ahead inc hosp",2021-05-24,"quantile",0.025,1.6514619563556
"35929",2021-05-15,"46","9  day ahead inc hosp",2021-05-24,"quantile",0.05,2.08480614030451
"35930",2021-05-15,"46","9  day ahead inc hosp",2021-05-24,"quantile",0.1,2.68449192479057
"35931",2021-05-15,"46","9  day ahead inc hosp",2021-05-24,"quantile",0.15,3.15649514730412
"35932",2021-05-15,"46","9  day ahead inc hosp",2021-05-24,"quantile",0.2,3.57395011289517
"35933",2021-05-15,"46","9  day ahead inc hosp",2021-05-24,"quantile",0.25,3.96395351724693
"35934",2021-05-15,"46","9  day ahead inc hosp",2021-05-24,"quantile",0.3,4.34063054645077
"35935",2021-05-15,"46","9  day ahead inc hosp",2021-05-24,"quantile",0.35,4.71306526852364
"35936",2021-05-15,"46","9  day ahead inc hosp",2021-05-24,"quantile",0.4,5.0881539213877
"35937",2021-05-15,"46","9  day ahead inc hosp",2021-05-24,"quantile",0.45,5.47194481965771
"35938",2021-05-15,"46","9  day ahead inc hosp",2021-05-24,"quantile",0.5,5.87045542904962
"35939",2021-05-15,"46","9  day ahead inc hosp",2021-05-24,"quantile",0.55,6.29034669858949
"35940",2021-05-15,"46","9  day ahead inc hosp",2021-05-24,"quantile",0.6,6.73967637085619
"35941",2021-05-15,"46","9  day ahead inc hosp",2021-05-24,"quantile",0.65,7.22896147530589
"35942",2021-05-15,"46","9  day ahead inc hosp",2021-05-24,"quantile",0.7,7.77293306294247
"35943",2021-05-15,"46","9  day ahead inc hosp",2021-05-24,"quantile",0.75,8.39380633146509
"35944",2021-05-15,"46","9  day ahead inc hosp",2021-05-24,"quantile",0.8,9.12815987025855
"35945",2021-05-15,"46","9  day ahead inc hosp",2021-05-24,"quantile",0.85,10.0438021975434
"35946",2021-05-15,"46","9  day ahead inc hosp",2021-05-24,"quantile",0.9,11.2917749603941
"35947",2021-05-15,"46","9  day ahead inc hosp",2021-05-24,"quantile",0.95,13.3509635718668
"35948",2021-05-15,"46","9  day ahead inc hosp",2021-05-24,"quantile",0.975,15.3545093276263
"35949",2021-05-15,"46","9  day ahead inc hosp",2021-05-24,"quantile",0.99,17.9585140241537
"35950",2021-05-15,"46","10  day ahead inc hosp",2021-05-25,"quantile",0.01,1.30118464043014
"35951",2021-05-15,"46","10  day ahead inc hosp",2021-05-25,"quantile",0.025,1.74639843739903
"35952",2021-05-15,"46","10  day ahead inc hosp",2021-05-25,"quantile",0.05,2.21314341725432
"35953",2021-05-15,"46","10  day ahead inc hosp",2021-05-25,"quantile",0.1,2.86093916504131
"35954",2021-05-15,"46","10  day ahead inc hosp",2021-05-25,"quantile",0.15,3.37199126063365
"35955",2021-05-15,"46","10  day ahead inc hosp",2021-05-25,"quantile",0.2,3.82467943077207
"35956",2021-05-15,"46","10  day ahead inc hosp",2021-05-25,"quantile",0.25,4.2481028943781
"35957",2021-05-15,"46","10  day ahead inc hosp",2021-05-25,"quantile",0.3,4.65746313792921
"35958",2021-05-15,"46","10  day ahead inc hosp",2021-05-25,"quantile",0.35,5.0625620824398
"35959",2021-05-15,"46","10  day ahead inc hosp",2021-05-25,"quantile",0.4,5.47086414016012
"35960",2021-05-15,"46","10  day ahead inc hosp",2021-05-25,"quantile",0.45,5.88893764298421
"35961",2021-05-15,"46","10  day ahead inc hosp",2021-05-25,"quantile",0.5,6.32333757965773
"35962",2021-05-15,"46","10  day ahead inc hosp",2021-05-25,"quantile",0.55,6.78133833756116
"35963",2021-05-15,"46","10  day ahead inc hosp",2021-05-25,"quantile",0.6,7.27175650870745
"35964",2021-05-15,"46","10  day ahead inc hosp",2021-05-25,"quantile",0.65,7.80611511033393
"35965",2021-05-15,"46","10  day ahead inc hosp",2021-05-25,"quantile",0.7,8.40056937390478
"35966",2021-05-15,"46","10  day ahead inc hosp",2021-05-25,"quantile",0.75,9.07949836198714
"35967",2021-05-15,"46","10  day ahead inc hosp",2021-05-25,"quantile",0.8,9.88306366221794
"35968",2021-05-15,"46","10  day ahead inc hosp",2021-05-25,"quantile",0.85,10.8857474933401
"35969",2021-05-15,"46","10  day ahead inc hosp",2021-05-25,"quantile",0.9,12.2535276002841
"35970",2021-05-15,"46","10  day ahead inc hosp",2021-05-25,"quantile",0.95,14.512926861968
"35971",2021-05-15,"46","10  day ahead inc hosp",2021-05-25,"quantile",0.975,16.7138027346154
"35972",2021-05-15,"46","10  day ahead inc hosp",2021-05-25,"quantile",0.99,19.577353325365
"35973",2021-05-15,"46","11  day ahead inc hosp",2021-05-26,"quantile",0.01,0.98144356006365
"35974",2021-05-15,"46","11  day ahead inc hosp",2021-05-26,"quantile",0.025,1.35680321833266
"35975",2021-05-15,"46","11  day ahead inc hosp",2021-05-26,"quantile",0.05,1.75790767014955
"35976",2021-05-15,"46","11  day ahead inc hosp",2021-05-26,"quantile",0.1,2.32400584459798
"35977",2021-05-15,"46","11  day ahead inc hosp",2021-05-26,"quantile",0.15,2.77654456845738
"35978",2021-05-15,"46","11  day ahead inc hosp",2021-05-26,"quantile",0.2,3.1809264239313
"35979",2021-05-15,"46","11  day ahead inc hosp",2021-05-26,"quantile",0.25,3.56172524641428
"35980",2021-05-15,"46","11  day ahead inc hosp",2021-05-26,"quantile",0.3,3.93194188763031
"35981",2021-05-15,"46","11  day ahead inc hosp",2021-05-26,"quantile",0.35,4.30009005734965
"35982",2021-05-15,"46","11  day ahead inc hosp",2021-05-26,"quantile",0.4,4.67277188244362
"35983",2021-05-15,"46","11  day ahead inc hosp",2021-05-26,"quantile",0.45,5.05590804585811
"35984",2021-05-15,"46","11  day ahead inc hosp",2021-05-26,"quantile",0.5,5.45551038062486
"35985",2021-05-15,"46","11  day ahead inc hosp",2021-05-26,"quantile",0.55,5.87834481388533
"35986",2021-05-15,"46","11  day ahead inc hosp",2021-05-26,"quantile",0.6,6.33269749739218
"35987",2021-05-15,"46","11  day ahead inc hosp",2021-05-26,"quantile",0.65,6.82947774178928
"35988",2021-05-15,"46","11  day ahead inc hosp",2021-05-26,"quantile",0.7,7.38405798564993
"35989",2021-05-15,"46","11  day ahead inc hosp",2021-05-26,"quantile",0.75,8.01971928749048
"35990",2021-05-15,"46","11  day ahead inc hosp",2021-05-26,"quantile",0.8,8.77491878997503
"35991",2021-05-15,"46","11  day ahead inc hosp",2021-05-26,"quantile",0.85,9.72114354477232
"35992",2021-05-15,"46","11  day ahead inc hosp",2021-05-26,"quantile",0.9,11.0180698871672
"35993",2021-05-15,"46","11  day ahead inc hosp",2021-05-26,"quantile",0.95,13.1737280850299
"35994",2021-05-15,"46","11  day ahead inc hosp",2021-05-26,"quantile",0.975,15.286920498835
"35995",2021-05-15,"46","11  day ahead inc hosp",2021-05-26,"quantile",0.99,18.0527092069907
"35996",2021-05-15,"46","12  day ahead inc hosp",2021-05-27,"quantile",0.01,0.993755588065496
"35997",2021-05-15,"46","12  day ahead inc hosp",2021-05-27,"quantile",0.025,1.3843752525686
"35998",2021-05-15,"46","12  day ahead inc hosp",2021-05-27,"quantile",0.05,1.80384464676595
"35999",2021-05-15,"46","12  day ahead inc hosp",2021-05-27,"quantile",0.1,2.39840266714015
"36000",2021-05-15,"46","12  day ahead inc hosp",2021-05-27,"quantile",0.15,2.87528882218841
"36001",2021-05-15,"46","12  day ahead inc hosp",2021-05-27,"quantile",0.2,3.30237125956722
"36002",2021-05-15,"46","12  day ahead inc hosp",2021-05-27,"quantile",0.25,3.70523068316616
"36003",2021-05-15,"46","12  day ahead inc hosp",2021-05-27,"quantile",0.3,4.09744600920608
"36004",2021-05-15,"46","12  day ahead inc hosp",2021-05-27,"quantile",0.35,4.48794579677402
"36005",2021-05-15,"46","12  day ahead inc hosp",2021-05-27,"quantile",0.4,4.88368655579437
"36006",2021-05-15,"46","12  day ahead inc hosp",2021-05-27,"quantile",0.45,5.29093694271667
"36007",2021-05-15,"46","12  day ahead inc hosp",2021-05-27,"quantile",0.5,5.71608969310802
"36008",2021-05-15,"46","12  day ahead inc hosp",2021-05-27,"quantile",0.55,6.16636425118519
"36009",2021-05-15,"46","12  day ahead inc hosp",2021-05-27,"quantile",0.6,6.65062453451235
"36010",2021-05-15,"46","12  day ahead inc hosp",2021-05-27,"quantile",0.65,7.18056110108132
"36011",2021-05-15,"46","12  day ahead inc hosp",2021-05-27,"quantile",0.7,7.7726672776124
"36012",2021-05-15,"46","12  day ahead inc hosp",2021-05-27,"quantile",0.75,8.45194318300963
"36013",2021-05-15,"46","12  day ahead inc hosp",2021-05-27,"quantile",0.8,9.25971271211952
"36014",2021-05-15,"46","12  day ahead inc hosp",2021-05-27,"quantile",0.85,10.272835191915
"36015",2021-05-15,"46","12  day ahead inc hosp",2021-05-27,"quantile",0.9,11.6630847836723
"36016",2021-05-15,"46","12  day ahead inc hosp",2021-05-27,"quantile",0.95,13.9773776287793
"36017",2021-05-15,"46","12  day ahead inc hosp",2021-05-27,"quantile",0.975,16.2496133123055
"36018",2021-05-15,"46","12  day ahead inc hosp",2021-05-27,"quantile",0.99,19.2278700977912
"36019",2021-05-15,"46","13  day ahead inc hosp",2021-05-28,"quantile",0.01,0.971715203465902
"36020",2021-05-15,"46","13  day ahead inc hosp",2021-05-28,"quantile",0.025,1.36755741962533
"36021",2021-05-15,"46","13  day ahead inc hosp",2021-05-28,"quantile",0.05,1.79542714553295
"36022",2021-05-15,"46","13  day ahead inc hosp",2021-05-28,"quantile",0.1,2.4053463670448
"36023",2021-05-15,"46","13  day ahead inc hosp",2021-05-28,"quantile",0.15,2.89672764259402
"36024",2021-05-15,"46","13  day ahead inc hosp",2021-05-28,"quantile",0.2,3.33807834636037
"36025",2021-05-15,"46","13  day ahead inc hosp",2021-05-28,"quantile",0.25,3.75532983117162
"36026",2021-05-15,"46","13  day ahead inc hosp",2021-05-28,"quantile",0.3,4.16230943439823
"36027",2021-05-15,"46","13  day ahead inc hosp",2021-05-28,"quantile",0.35,4.56815900758249
"36028",2021-05-15,"46","13  day ahead inc hosp",2021-05-28,"quantile",0.4,4.98004617328104
"36029",2021-05-15,"46","13  day ahead inc hosp",2021-05-28,"quantile",0.45,5.40447119072477
"36030",2021-05-15,"46","13  day ahead inc hosp",2021-05-28,"quantile",0.5,5.84810065965403
"36031",2021-05-15,"46","13  day ahead inc hosp",2021-05-28,"quantile",0.55,6.31849713947868
"36032",2021-05-15,"46","13  day ahead inc hosp",2021-05-28,"quantile",0.6,6.82497620112598
"36033",2021-05-15,"46","13  day ahead inc hosp",2021-05-28,"quantile",0.65,7.37985203404845
"36034",2021-05-15,"46","13  day ahead inc hosp",2021-05-28,"quantile",0.7,8.00052500807693
"36035",2021-05-15,"46","13  day ahead inc hosp",2021-05-28,"quantile",0.75,8.71339939675578
"36036",2021-05-15,"46","13  day ahead inc hosp",2021-05-28,"quantile",0.8,9.56215709095406
"36037",2021-05-15,"46","13  day ahead inc hosp",2021-05-28,"quantile",0.85,10.6281025055786
"36038",2021-05-15,"46","13  day ahead inc hosp",2021-05-28,"quantile",0.9,12.0930790722912
"36039",2021-05-15,"46","13  day ahead inc hosp",2021-05-28,"quantile",0.95,14.5366071715194
"36040",2021-05-15,"46","13  day ahead inc hosp",2021-05-28,"quantile",0.975,16.940592977483
"36041",2021-05-15,"46","13  day ahead inc hosp",2021-05-28,"quantile",0.99,20.0974721896088
"36042",2021-05-15,"46","14  day ahead inc hosp",2021-05-29,"quantile",0.01,0.876924135802894
"36043",2021-05-15,"46","14  day ahead inc hosp",2021-05-29,"quantile",0.025,1.25517201809026
"36044",2021-05-15,"46","14  day ahead inc hosp",2021-05-29,"quantile",0.05,1.66846202746926
"36045",2021-05-15,"46","14  day ahead inc hosp",2021-05-29,"quantile",0.1,2.26311432205413
"36046",2021-05-15,"46","14  day ahead inc hosp",2021-05-29,"quantile",0.15,2.7456774073715
"36047",2021-05-15,"46","14  day ahead inc hosp",2021-05-29,"quantile",0.2,3.18117322657073
"36048",2021-05-15,"46","14  day ahead inc hosp",2021-05-29,"quantile",0.25,3.59438950322339
"36049",2021-05-15,"46","14  day ahead inc hosp",2021-05-29,"quantile",0.3,3.9986445676285
"36050",2021-05-15,"46","14  day ahead inc hosp",2021-05-29,"quantile",0.35,4.40282491190203
"36051",2021-05-15,"46","14  day ahead inc hosp",2021-05-29,"quantile",0.4,4.8139709071429
"36052",2021-05-15,"46","14  day ahead inc hosp",2021-05-29,"quantile",0.45,5.23853435741754
"36053",2021-05-15,"46","14  day ahead inc hosp",2021-05-29,"quantile",0.5,5.68319288918229
"36054",2021-05-15,"46","14  day ahead inc hosp",2021-05-29,"quantile",0.55,6.15557589416663
"36055",2021-05-15,"46","14  day ahead inc hosp",2021-05-29,"quantile",0.6,6.66512992605754
"36056",2021-05-15,"46","14  day ahead inc hosp",2021-05-29,"quantile",0.65,7.22438704525478
"36057",2021-05-15,"46","14  day ahead inc hosp",2021-05-29,"quantile",0.7,7.85109906678511
"36058",2021-05-15,"46","14  day ahead inc hosp",2021-05-29,"quantile",0.75,8.57225061773102
"36059",2021-05-15,"46","14  day ahead inc hosp",2021-05-29,"quantile",0.8,9.43254342672914
"36060",2021-05-15,"46","14  day ahead inc hosp",2021-05-29,"quantile",0.85,10.5152765204196
"36061",2021-05-15,"46","14  day ahead inc hosp",2021-05-29,"quantile",0.9,12.006974404493
"36062",2021-05-15,"46","14  day ahead inc hosp",2021-05-29,"quantile",0.95,14.5029665429443
"36063",2021-05-15,"46","14  day ahead inc hosp",2021-05-29,"quantile",0.975,16.9665096144401
"36064",2021-05-15,"46","14  day ahead inc hosp",2021-05-29,"quantile",0.99,20.2113052499458
"36065",2021-05-15,"46","15  day ahead inc hosp",2021-05-30,"quantile",0.01,0.84200842492941
"36066",2021-05-15,"46","15  day ahead inc hosp",2021-05-30,"quantile",0.025,1.22461729199441
"36067",2021-05-15,"46","15  day ahead inc hosp",2021-05-30,"quantile",0.05,1.64694867952382
"36068",2021-05-15,"46","15  day ahead inc hosp",2021-05-30,"quantile",0.1,2.2599387035695
"36069",2021-05-15,"46","15  day ahead inc hosp",2021-05-30,"quantile",0.15,2.76074948533395
"36070",2021-05-15,"46","15  day ahead inc hosp",2021-05-30,"quantile",0.2,3.21471185360832
"36071",2021-05-15,"46","15  day ahead inc hosp",2021-05-30,"quantile",0.25,3.6469024420405
"36072",2021-05-15,"46","15  day ahead inc hosp",2021-05-30,"quantile",0.3,4.070894082998
"36073",2021-05-15,"46","15  day ahead inc hosp",2021-05-30,"quantile",0.35,4.4958232096813
"36074",2021-05-15,"46","15  day ahead inc hosp",2021-05-30,"quantile",0.4,4.9289999798844
"36075",2021-05-15,"46","15  day ahead inc hosp",2021-05-30,"quantile",0.45,5.37718882841325
"36076",2021-05-15,"46","15  day ahead inc hosp",2021-05-30,"quantile",0.5,5.84744980466476
"36077",2021-05-15,"46","15  day ahead inc hosp",2021-05-30,"quantile",0.55,6.34790151794963
"36078",2021-05-15,"46","15  day ahead inc hosp",2021-05-30,"quantile",0.6,6.88864287423752
"36079",2021-05-15,"46","15  day ahead inc hosp",2021-05-30,"quantile",0.65,7.4831141142953
"36080",2021-05-15,"46","15  day ahead inc hosp",2021-05-30,"quantile",0.7,8.15039518199302
"36081",2021-05-15,"46","15  day ahead inc hosp",2021-05-30,"quantile",0.75,8.9195347298061
"36082",2021-05-15,"46","15  day ahead inc hosp",2021-05-30,"quantile",0.8,9.83871126251084
"36083",2021-05-15,"46","15  day ahead inc hosp",2021-05-30,"quantile",0.85,10.9977960928464
"36084",2021-05-15,"46","15  day ahead inc hosp",2021-05-30,"quantile",0.9,12.5982450306334
"36085",2021-05-15,"46","15  day ahead inc hosp",2021-05-30,"quantile",0.95,15.2839155975925
"36086",2021-05-15,"46","15  day ahead inc hosp",2021-05-30,"quantile",0.975,17.9424341050971
"36087",2021-05-15,"46","15  day ahead inc hosp",2021-05-30,"quantile",0.99,21.4535322376654
"36088",2021-05-15,"46","16  day ahead inc hosp",2021-05-31,"quantile",0.01,0.747638553886225
"36089",2021-05-15,"46","16  day ahead inc hosp",2021-05-31,"quantile",0.025,1.10971180693036
"36090",2021-05-15,"46","16  day ahead inc hosp",2021-05-31,"quantile",0.05,1.51456092388879
"36091",2021-05-15,"46","16  day ahead inc hosp",2021-05-31,"quantile",0.1,2.10866691079794
"36092",2021-05-15,"46","16  day ahead inc hosp",2021-05-31,"quantile",0.15,2.59816009009882
"36093",2021-05-15,"46","16  day ahead inc hosp",2021-05-31,"quantile",0.2,3.04430856774087
"36094",2021-05-15,"46","16  day ahead inc hosp",2021-05-31,"quantile",0.25,3.47083952970208
"36095",2021-05-15,"46","16  day ahead inc hosp",2021-05-31,"quantile",0.3,3.8907187311369
"36096",2021-05-15,"46","16  day ahead inc hosp",2021-05-31,"quantile",0.35,4.31277382797766
"36097",2021-05-15,"46","16  day ahead inc hosp",2021-05-31,"quantile",0.4,4.74415711765655
"36098",2021-05-15,"46","16  day ahead inc hosp",2021-05-31,"quantile",0.45,5.19156773530071
"36099",2021-05-15,"46","16  day ahead inc hosp",2021-05-31,"quantile",0.5,5.66206975841894
"36100",2021-05-15,"46","16  day ahead inc hosp",2021-05-31,"quantile",0.55,6.16385018171349
"36101",2021-05-15,"46","16  day ahead inc hosp",2021-05-31,"quantile",0.6,6.70714959324675
"36102",2021-05-15,"46","16  day ahead inc hosp",2021-05-31,"quantile",0.65,7.30564864673757
"36103",2021-05-15,"46","16  day ahead inc hosp",2021-05-31,"quantile",0.7,7.97881919351269
"36104",2021-05-15,"46","16  day ahead inc hosp",2021-05-31,"quantile",0.75,8.75636156177772
"36105",2021-05-15,"46","16  day ahead inc hosp",2021-05-31,"quantile",0.8,9.68760569798206
"36106",2021-05-15,"46","16  day ahead inc hosp",2021-05-31,"quantile",0.85,10.8646862301829
"36107",2021-05-15,"46","16  day ahead inc hosp",2021-05-31,"quantile",0.9,12.4943987713532
"36108",2021-05-15,"46","16  day ahead inc hosp",2021-05-31,"quantile",0.95,15.2387535244199
"36109",2021-05-15,"46","16  day ahead inc hosp",2021-05-31,"quantile",0.975,17.9650179859874
"36110",2021-05-15,"46","16  day ahead inc hosp",2021-05-31,"quantile",0.99,21.5774135559118
"36111",2021-05-15,"46","17  day ahead inc hosp",2021-06-01,"quantile",0.01,0.615186987760908
"36112",2021-05-15,"46","17  day ahead inc hosp",2021-06-01,"quantile",0.025,0.939488293533371
"36113",2021-05-15,"46","17  day ahead inc hosp",2021-06-01,"quantile",0.05,1.30866390057986
"36114",2021-05-15,"46","17  day ahead inc hosp",2021-06-01,"quantile",0.1,1.85868678754033
"36115",2021-05-15,"46","17  day ahead inc hosp",2021-06-01,"quantile",0.15,2.31711480776004
"36116",2021-05-15,"46","17  day ahead inc hosp",2021-06-01,"quantile",0.2,2.73808411888619
"36117",2021-05-15,"46","17  day ahead inc hosp",2021-06-01,"quantile",0.25,3.1428299603463
"36118",2021-05-15,"46","17  day ahead inc hosp",2021-06-01,"quantile",0.3,3.54311753968552
"36119",2021-05-15,"46","17  day ahead inc hosp",2021-06-01,"quantile",0.35,3.94708820960401
"36120",2021-05-15,"46","17  day ahead inc hosp",2021-06-01,"quantile",0.4,4.36145483879763
"36121",2021-05-15,"46","17  day ahead inc hosp",2021-06-01,"quantile",0.45,4.79260976850867
"36122",2021-05-15,"46","17  day ahead inc hosp",2021-06-01,"quantile",0.5,5.2473864107182
"36123",2021-05-15,"46","17  day ahead inc hosp",2021-06-01,"quantile",0.55,5.73378584963261
"36124",2021-05-15,"46","17  day ahead inc hosp",2021-06-01,"quantile",0.6,6.26188812099833
"36125",2021-05-15,"46","17  day ahead inc hosp",2021-06-01,"quantile",0.65,6.84522524569798
"36126",2021-05-15,"46","17  day ahead inc hosp",2021-06-01,"quantile",0.7,7.50312193006442
"36127",2021-05-15,"46","17  day ahead inc hosp",2021-06-01,"quantile",0.75,8.26512442456481
"36128",2021-05-15,"46","17  day ahead inc hosp",2021-06-01,"quantile",0.8,9.18039778839313
"36129",2021-05-15,"46","17  day ahead inc hosp",2021-06-01,"quantile",0.85,10.340918805062
"36130",2021-05-15,"46","17  day ahead inc hosp",2021-06-01,"quantile",0.9,11.9534777354145
"36131",2021-05-15,"46","17  day ahead inc hosp",2021-06-01,"quantile",0.95,14.6814979031646
"36132",2021-05-15,"46","17  day ahead inc hosp",2021-06-01,"quantile",0.975,17.4042096200086
"36133",2021-05-15,"46","17  day ahead inc hosp",2021-06-01,"quantile",0.99,21.0274497766144
"36134",2021-05-15,"46","18  day ahead inc hosp",2021-06-02,"quantile",0.01,0.602356640305333
"36135",2021-05-15,"46","18  day ahead inc hosp",2021-06-02,"quantile",0.025,0.930668771961286
"36136",2021-05-15,"46","18  day ahead inc hosp",2021-06-02,"quantile",0.05,1.30714697899339
"36137",2021-05-15,"46","18  day ahead inc hosp",2021-06-02,"quantile",0.1,1.87149137859818
"36138",2021-05-15,"46","18  day ahead inc hosp",2021-06-02,"quantile",0.15,2.34403709304809
"36139",2021-05-15,"46","18  day ahead inc hosp",2021-06-02,"quantile",0.2,2.77926859509728
"36140",2021-05-15,"46","18  day ahead inc hosp",2021-06-02,"quantile",0.25,3.19867265405555
"36141",2021-05-15,"46","18  day ahead inc hosp",2021-06-02,"quantile",0.3,3.6142229189143
"36142",2021-05-15,"46","18  day ahead inc hosp",2021-06-02,"quantile",0.35,4.03426099357452
"36143",2021-05-15,"46","18  day ahead inc hosp",2021-06-02,"quantile",0.4,4.46571418557146
"36144",2021-05-15,"46","18  day ahead inc hosp",2021-06-02,"quantile",0.45,4.9152227494196
"36145",2021-05-15,"46","18  day ahead inc hosp",2021-06-02,"quantile",0.5,5.38992331746216
"36146",2021-05-15,"46","18  day ahead inc hosp",2021-06-02,"quantile",0.55,5.89820514061292
"36147",2021-05-15,"46","18  day ahead inc hosp",2021-06-02,"quantile",0.6,6.45066635942238
"36148",2021-05-15,"46","18  day ahead inc hosp",2021-06-02,"quantile",0.65,7.06156103198099
"36149",2021-05-15,"46","18  day ahead inc hosp",2021-06-02,"quantile",0.7,7.75127090415875
"36150",2021-05-15,"46","18  day ahead inc hosp",2021-06-02,"quantile",0.75,8.55098677386203
"36151",2021-05-15,"46","18  day ahead inc hosp",2021-06-02,"quantile",0.8,9.5126471739452
"36152",2021-05-15,"46","18  day ahead inc hosp",2021-06-02,"quantile",0.85,10.7334787403682
"36153",2021-05-15,"46","18  day ahead inc hosp",2021-06-02,"quantile",0.9,12.4322181433792
"36154",2021-05-15,"46","18  day ahead inc hosp",2021-06-02,"quantile",0.95,15.311204006852
"36155",2021-05-15,"46","18  day ahead inc hosp",2021-06-02,"quantile",0.975,18.1898069548072
"36156",2021-05-15,"46","18  day ahead inc hosp",2021-06-02,"quantile",0.99,22.0269007102582
"36157",2021-05-15,"46","19  day ahead inc hosp",2021-06-03,"quantile",0.01,0.521843730459155
"36158",2021-05-15,"46","19  day ahead inc hosp",2021-06-03,"quantile",0.025,0.826365814817655
"36159",2021-05-15,"46","19  day ahead inc hosp",2021-06-03,"quantile",0.05,1.18096592461955
"36160",2021-05-15,"46","19  day ahead inc hosp",2021-06-03,"quantile",0.1,1.71935568762772
"36161",2021-05-15,"46","19  day ahead inc hosp",2021-06-03,"quantile",0.15,2.17452373630336
"36162",2021-05-15,"46","19  day ahead inc hosp",2021-06-03,"quantile",0.2,2.59635059666644
"36163",2021-05-15,"46","19  day ahead inc hosp",2021-06-03,"quantile",0.25,3.00473687859559
"36164",2021-05-15,"46","19  day ahead inc hosp",2021-06-03,"quantile",0.3,3.41091201780159
"36165",2021-05-15,"46","19  day ahead inc hosp",2021-06-03,"quantile",0.35,3.82281281050132
"36166",2021-05-15,"46","19  day ahead inc hosp",2021-06-03,"quantile",0.4,4.24713031387407
"36167",2021-05-15,"46","19  day ahead inc hosp",2021-06-03,"quantile",0.45,4.69036653419705
"36168",2021-05-15,"46","19  day ahead inc hosp",2021-06-03,"quantile",0.5,5.15958629100521
"36169",2021-05-15,"46","19  day ahead inc hosp",2021-06-03,"quantile",0.55,5.66316079640465
"36170",2021-05-15,"46","19  day ahead inc hosp",2021-06-03,"quantile",0.6,6.21172357396714
"36171",2021-05-15,"46","19  day ahead inc hosp",2021-06-03,"quantile",0.65,6.81962930828235
"36172",2021-05-15,"46","19  day ahead inc hosp",2021-06-03,"quantile",0.7,7.50745561666296
"36173",2021-05-15,"46","19  day ahead inc hosp",2021-06-03,"quantile",0.75,8.30675025636005
"36174",2021-05-15,"46","19  day ahead inc hosp",2021-06-03,"quantile",0.8,9.2701210143577
"36175",2021-05-15,"46","19  day ahead inc hosp",2021-06-03,"quantile",0.85,10.4961723287823
"36176",2021-05-15,"46","19  day ahead inc hosp",2021-06-03,"quantile",0.9,12.2070340932236
"36177",2021-05-15,"46","19  day ahead inc hosp",2021-06-03,"quantile",0.95,15.1171509128273
"36178",2021-05-15,"46","19  day ahead inc hosp",2021-06-03,"quantile",0.975,18.0375831988697
"36179",2021-05-15,"46","19  day ahead inc hosp",2021-06-03,"quantile",0.99,21.9435850597062
"36180",2021-05-15,"46","20  day ahead inc hosp",2021-06-04,"quantile",0.01,0.423448574449006
"36181",2021-05-15,"46","20  day ahead inc hosp",2021-06-04,"quantile",0.025,0.693064228540108
"36182",2021-05-15,"46","20  day ahead inc hosp",2021-06-04,"quantile",0.05,1.01350164307779
"36183",2021-05-15,"46","20  day ahead inc hosp",2021-06-04,"quantile",0.1,1.50829159816841
"36184",2021-05-15,"46","20  day ahead inc hosp",2021-06-04,"quantile",0.15,1.9318842107403
"36185",2021-05-15,"46","20  day ahead inc hosp",2021-06-04,"quantile",0.2,2.32761393571919
"36186",2021-05-15,"46","20  day ahead inc hosp",2021-06-04,"quantile",0.25,2.71305151749679
"36187",2021-05-15,"46","20  day ahead inc hosp",2021-06-04,"quantile",0.3,3.09828593776903
"36188",2021-05-15,"46","20  day ahead inc hosp",2021-06-04,"quantile",0.35,3.49058993356037
"36189",2021-05-15,"46","20  day ahead inc hosp",2021-06-04,"quantile",0.4,3.89621873686377
"36190",2021-05-15,"46","20  day ahead inc hosp",2021-06-04,"quantile",0.45,4.32135921400842
"36191",2021-05-15,"46","20  day ahead inc hosp",2021-06-04,"quantile",0.5,4.77282715453397
"36192",2021-05-15,"46","20  day ahead inc hosp",2021-06-04,"quantile",0.55,5.25877884377464
"36193",2021-05-15,"46","20  day ahead inc hosp",2021-06-04,"quantile",0.6,5.78964475243762
"36194",2021-05-15,"46","20  day ahead inc hosp",2021-06-04,"quantile",0.65,6.37956920113552
"36195",2021-05-15,"46","20  day ahead inc hosp",2021-06-04,"quantile",0.7,7.04889090993944
"36196",2021-05-15,"46","20  day ahead inc hosp",2021-06-04,"quantile",0.75,7.82886076506324
"36197",2021-05-15,"46","20  day ahead inc hosp",2021-06-04,"quantile",0.8,8.77168306119523
"36198",2021-05-15,"46","20  day ahead inc hosp",2021-06-04,"quantile",0.85,9.97536023742351
"36199",2021-05-15,"46","20  day ahead inc hosp",2021-06-04,"quantile",0.9,11.6610309734498
"36200",2021-05-15,"46","20  day ahead inc hosp",2021-06-04,"quantile",0.95,14.5414641237693
"36201",2021-05-15,"46","20  day ahead inc hosp",2021-06-04,"quantile",0.975,17.445438982261
"36202",2021-05-15,"46","20  day ahead inc hosp",2021-06-04,"quantile",0.99,21.3458393180776
"36203",2021-05-15,"46","21  day ahead inc hosp",2021-06-05,"quantile",0.01,0.366711131924568
"36204",2021-05-15,"46","21  day ahead inc hosp",2021-06-05,"quantile",0.025,0.616519601839553
"36205",2021-05-15,"46","21  day ahead inc hosp",2021-06-05,"quantile",0.05,0.918349463655774
"36206",2021-05-15,"46","21  day ahead inc hosp",2021-06-05,"quantile",0.1,1.39071569092563
"36207",2021-05-15,"46","21  day ahead inc hosp",2021-06-05,"quantile",0.15,1.79914326936176
"36208",2021-05-15,"46","21  day ahead inc hosp",2021-06-05,"quantile",0.2,2.18312085072465
"36209",2021-05-15,"46","21  day ahead inc hosp",2021-06-05,"quantile",0.25,2.55888068652784
"36210",2021-05-15,"46","21  day ahead inc hosp",2021-06-05,"quantile",0.3,2.93588126220636
"36211",2021-05-15,"46","21  day ahead inc hosp",2021-06-05,"quantile",0.35,3.32105292100434
"36212",2021-05-15,"46","21  day ahead inc hosp",2021-06-05,"quantile",0.4,3.720453124598
"36213",2021-05-15,"46","21  day ahead inc hosp",2021-06-05,"quantile",0.45,4.14015638847438
"36214",2021-05-15,"46","21  day ahead inc hosp",2021-06-05,"quantile",0.5,4.58692549078471
"36215",2021-05-15,"46","21  day ahead inc hosp",2021-06-05,"quantile",0.55,5.06891339493897
"36216",2021-05-15,"46","21  day ahead inc hosp",2021-06-05,"quantile",0.6,5.59659848567619
"36217",2021-05-15,"46","21  day ahead inc hosp",2021-06-05,"quantile",0.65,6.18423750934146
"36218",2021-05-15,"46","21  day ahead inc hosp",2021-06-05,"quantile",0.7,6.85237759670406
"36219",2021-05-15,"46","21  day ahead inc hosp",2021-06-05,"quantile",0.75,7.63264192474845
"36220",2021-05-15,"46","21  day ahead inc hosp",2021-06-05,"quantile",0.8,8.5779259638692
"36221",2021-05-15,"46","21  day ahead inc hosp",2021-06-05,"quantile",0.85,9.78764741468924
"36222",2021-05-15,"46","21  day ahead inc hosp",2021-06-05,"quantile",0.9,11.4864187956283
"36223",2021-05-15,"46","21  day ahead inc hosp",2021-06-05,"quantile",0.95,14.3993723060579
"36224",2021-05-15,"46","21  day ahead inc hosp",2021-06-05,"quantile",0.975,17.346401242366
"36225",2021-05-15,"46","21  day ahead inc hosp",2021-06-05,"quantile",0.99,21.3172763031544
"36226",2021-05-15,"46","22  day ahead inc hosp",2021-06-06,"quantile",0.01,0.35741877297828
"36227",2021-05-15,"46","22  day ahead inc hosp",2021-06-06,"quantile",0.025,0.608671843980628
"36228",2021-05-15,"46","22  day ahead inc hosp",2021-06-06,"quantile",0.05,0.91464180002981
"36229",2021-05-15,"46","22  day ahead inc hosp",2021-06-06,"quantile",0.1,1.39654548813446
"36230",2021-05-15,"46","22  day ahead inc hosp",2021-06-06,"quantile",0.15,1.81516958217209
"36231",2021-05-15,"46","22  day ahead inc hosp",2021-06-06,"quantile",0.2,2.20989947192219
"36232",2021-05-15,"46","22  day ahead inc hosp",2021-06-06,"quantile",0.25,2.59703478349503
"36233",2021-05-15,"46","22  day ahead inc hosp",2021-06-06,"quantile",0.3,2.98614215675185
"36234",2021-05-15,"46","22  day ahead inc hosp",2021-06-06,"quantile",0.35,3.38428679092416
"36235",2021-05-15,"46","22  day ahead inc hosp",2021-06-06,"quantile",0.4,3.79769144731646
"36236",2021-05-15,"46","22  day ahead inc hosp",2021-06-06,"quantile",0.45,4.23263670778811
"36237",2021-05-15,"46","22  day ahead inc hosp",2021-06-06,"quantile",0.5,4.69614863079485
"36238",2021-05-15,"46","22  day ahead inc hosp",2021-06-06,"quantile",0.55,5.19672611818045
"36239",2021-05-15,"46","22  day ahead inc hosp",2021-06-06,"quantile",0.6,5.74531680693825
"36240",2021-05-15,"46","22  day ahead inc hosp",2021-06-06,"quantile",0.65,6.35683828264513
"36241",2021-05-15,"46","22  day ahead inc hosp",2021-06-06,"quantile",0.7,7.05281216574971
"36242",2021-05-15,"46","22  day ahead inc hosp",2021-06-06,"quantile",0.75,7.86638609578204
"36243",2021-05-15,"46","22  day ahead inc hosp",2021-06-06,"quantile",0.8,8.85303846890324
"36244",2021-05-15,"46","22  day ahead inc hosp",2021-06-06,"quantile",0.85,10.1170979863527
"36245",2021-05-15,"46","22  day ahead inc hosp",2021-06-06,"quantile",0.9,11.8944072533986
"36246",2021-05-15,"46","22  day ahead inc hosp",2021-06-06,"quantile",0.95,14.9469153458647
"36247",2021-05-15,"46","22  day ahead inc hosp",2021-06-06,"quantile",0.975,18.0400769561467
"36248",2021-05-15,"46","22  day ahead inc hosp",2021-06-06,"quantile",0.99,22.2139444411786
"36249",2021-05-15,"46","23  day ahead inc hosp",2021-06-07,"quantile",0.01,0.477763526157721
"36250",2021-05-15,"46","23  day ahead inc hosp",2021-06-07,"quantile",0.025,0.792644581011248
"36251",2021-05-15,"46","23  day ahead inc hosp",2021-06-07,"quantile",0.05,1.1700176245285
"36252",2021-05-15,"46","23  day ahead inc hosp",2021-06-07,"quantile",0.1,1.75671455220094
"36253",2021-05-15,"46","23  day ahead inc hosp",2021-06-07,"quantile",0.15,2.26153153677955
"36254",2021-05-15,"46","23  day ahead inc hosp",2021-06-07,"quantile",0.2,2.73466163709169
"36255",2021-05-15,"46","23  day ahead inc hosp",2021-06-07,"quantile",0.25,3.19659668899279
"36256",2021-05-15,"46","23  day ahead inc hosp",2021-06-07,"quantile",0.3,3.65919002727909
"36257",2021-05-15,"46","23  day ahead inc hosp",2021-06-07,"quantile",0.35,4.13105674502992
"36258",2021-05-15,"46","23  day ahead inc hosp",2021-06-07,"quantile",0.4,4.61966735612419
"36259",2021-05-15,"46","23  day ahead inc hosp",2021-06-07,"quantile",0.45,5.13246294915954
"36260",2021-05-15,"46","23  day ahead inc hosp",2021-06-07,"quantile",0.5,5.67768538069231
"36261",2021-05-15,"46","23  day ahead inc hosp",2021-06-07,"quantile",0.55,6.26523512168769
"36262",2021-05-15,"46","23  day ahead inc hosp",2021-06-07,"quantile",0.6,6.90780579101903
"36263",2021-05-15,"46","23  day ahead inc hosp",2021-06-07,"quantile",0.65,7.62264032726887
"36264",2021-05-15,"46","23  day ahead inc hosp",2021-06-07,"quantile",0.7,8.43456226206487
"36265",2021-05-15,"46","23  day ahead inc hosp",2021-06-07,"quantile",0.75,9.38174592482132
"36266",2021-05-15,"46","23  day ahead inc hosp",2021-06-07,"quantile",0.8,10.5280042081029
"36267",2021-05-15,"46","23  day ahead inc hosp",2021-06-07,"quantile",0.85,11.9932052363199
"36268",2021-05-15,"46","23  day ahead inc hosp",2021-06-07,"quantile",0.9,14.0480003357438
"36269",2021-05-15,"46","23  day ahead inc hosp",2021-06-07,"quantile",0.95,17.5654677342398
"36270",2021-05-15,"46","23  day ahead inc hosp",2021-06-07,"quantile",0.975,21.1180427943213
"36271",2021-05-15,"46","23  day ahead inc hosp",2021-06-07,"quantile",0.99,25.8974188049661
"36272",2021-05-15,"46","24  day ahead inc hosp",2021-06-08,"quantile",0.01,0.349507850724702
"36273",2021-05-15,"46","24  day ahead inc hosp",2021-06-08,"quantile",0.025,0.608265916319299
"36274",2021-05-15,"46","24  day ahead inc hosp",2021-06-08,"quantile",0.05,0.927566492167245
"36275",2021-05-15,"46","24  day ahead inc hosp",2021-06-08,"quantile",0.1,1.43584657947616
"36276",2021-05-15,"46","24  day ahead inc hosp",2021-06-08,"quantile",0.15,1.88082513744216
"36277",2021-05-15,"46","24  day ahead inc hosp",2021-06-08,"quantile",0.2,2.30246827736123
"36278",2021-05-15,"46","24  day ahead inc hosp",2021-06-08,"quantile",0.25,2.71751107357366
"36279",2021-05-15,"46","24  day ahead inc hosp",2021-06-08,"quantile",0.3,3.13589912050068
"36280",2021-05-15,"46","24  day ahead inc hosp",2021-06-08,"quantile",0.35,3.5650770791371
"36281",2021-05-15,"46","24  day ahead inc hosp",2021-06-08,"quantile",0.4,4.01168653958032
"36282",2021-05-15,"46","24  day ahead inc hosp",2021-06-08,"quantile",0.45,4.4825023420096
"36283",2021-05-15,"46","24  day ahead inc hosp",2021-06-08,"quantile",0.5,4.98516332301232
"36284",2021-05-15,"46","24  day ahead inc hosp",2021-06-08,"quantile",0.55,5.52895990941093
"36285",2021-05-15,"46","24  day ahead inc hosp",2021-06-08,"quantile",0.6,6.12590270309554
"36286",2021-05-15,"46","24  day ahead inc hosp",2021-06-08,"quantile",0.65,6.79239714060815
"36287",2021-05-15,"46","24  day ahead inc hosp",2021-06-08,"quantile",0.7,7.5521503366356
"36288",2021-05-15,"46","24  day ahead inc hosp",2021-06-08,"quantile",0.75,8.44171975091298
"36289",2021-05-15,"46","24  day ahead inc hosp",2021-06-08,"quantile",0.8,9.52234945759641
"36290",2021-05-15,"46","24  day ahead inc hosp",2021-06-08,"quantile",0.85,10.9093115334505
"36291",2021-05-15,"46","24  day ahead inc hosp",2021-06-08,"quantile",0.9,12.8634289280663
"36292",2021-05-15,"46","24  day ahead inc hosp",2021-06-08,"quantile",0.95,16.2283678533802
"36293",2021-05-15,"46","24  day ahead inc hosp",2021-06-08,"quantile",0.975,19.647009186617
"36294",2021-05-15,"46","24  day ahead inc hosp",2021-06-08,"quantile",0.99,24.2710329838387
"36295",2021-05-15,"46","25  day ahead inc hosp",2021-06-09,"quantile",0.01,0.245958250562132
"36296",2021-05-15,"46","25  day ahead inc hosp",2021-06-09,"quantile",0.025,0.453217289264294
"36297",2021-05-15,"46","25  day ahead inc hosp",2021-06-09,"quantile",0.05,0.717922107778068
"36298",2021-05-15,"46","25  day ahead inc hosp",2021-06-09,"quantile",0.1,1.15097511684534
"36299",2021-05-15,"46","25  day ahead inc hosp",2021-06-09,"quantile",0.15,1.53764547110993
"36300",2021-05-15,"46","25  day ahead inc hosp",2021-06-09,"quantile",0.2,1.90859906045378
"36301",2021-05-15,"46","25  day ahead inc hosp",2021-06-09,"quantile",0.25,2.27710625537503
"36302",2021-05-15,"46","25  day ahead inc hosp",2021-06-09,"quantile",0.3,2.65133085598329
"36303",2021-05-15,"46","25  day ahead inc hosp",2021-06-09,"quantile",0.35,3.03760832607502
"36304",2021-05-15,"46","25  day ahead inc hosp",2021-06-09,"quantile",0.4,3.44178056400004
"36305",2021-05-15,"46","25  day ahead inc hosp",2021-06-09,"quantile",0.45,3.86996605413808
"36306",2021-05-15,"46","25  day ahead inc hosp",2021-06-09,"quantile",0.5,4.32919611788767
"36307",2021-05-15,"46","25  day ahead inc hosp",2021-06-09,"quantile",0.55,4.82813330470415
"36308",2021-05-15,"46","25  day ahead inc hosp",2021-06-09,"quantile",0.6,5.37807219739136
"36309",2021-05-15,"46","25  day ahead inc hosp",2021-06-09,"quantile",0.65,5.99452740711848
"36310",2021-05-15,"46","25  day ahead inc hosp",2021-06-09,"quantile",0.7,6.7000054431674
"36311",2021-05-15,"46","25  day ahead inc hosp",2021-06-09,"quantile",0.75,7.52931052643062
"36312",2021-05-15,"46","25  day ahead inc hosp",2021-06-09,"quantile",0.8,8.54088289772931
"36313",2021-05-15,"46","25  day ahead inc hosp",2021-06-09,"quantile",0.85,9.84494868461329
"36314",2021-05-15,"46","25  day ahead inc hosp",2021-06-09,"quantile",0.9,11.6914732949274
"36315",2021-05-15,"46","25  day ahead inc hosp",2021-06-09,"quantile",0.95,14.8913548985485
"36316",2021-05-15,"46","25  day ahead inc hosp",2021-06-09,"quantile",0.975,18.1628661889202
"36317",2021-05-15,"46","25  day ahead inc hosp",2021-06-09,"quantile",0.99,22.6133168675662
"36318",2021-05-15,"46","26  day ahead inc hosp",2021-06-10,"quantile",0.01,0.299907091563072
"36319",2021-05-15,"46","26  day ahead inc hosp",2021-06-10,"quantile",0.025,0.542653391422181
"36320",2021-05-15,"46","26  day ahead inc hosp",2021-06-10,"quantile",0.05,0.849316183461075
"36321",2021-05-15,"46","26  day ahead inc hosp",2021-06-10,"quantile",0.1,1.34670713374087
"36322",2021-05-15,"46","26  day ahead inc hosp",2021-06-10,"quantile",0.15,1.78808894954144
"36323",2021-05-15,"46","26  day ahead inc hosp",2021-06-10,"quantile",0.2,2.20989754720958
"36324",2021-05-15,"46","26  day ahead inc hosp",2021-06-10,"quantile",0.25,2.62773025148743
"36325",2021-05-15,"46","26  day ahead inc hosp",2021-06-10,"quantile",0.3,3.05107462915045
"36326",2021-05-15,"46","26  day ahead inc hosp",2021-06-10,"quantile",0.35,3.4872085230064
"36327",2021-05-15,"46","26  day ahead inc hosp",2021-06-10,"quantile",0.4,3.94277325037933
"36328",2021-05-15,"46","26  day ahead inc hosp",2021-06-10,"quantile",0.45,4.42466792103713
"36329",2021-05-15,"46","26  day ahead inc hosp",2021-06-10,"quantile",0.5,4.94077496212545
"36330",2021-05-15,"46","26  day ahead inc hosp",2021-06-10,"quantile",0.55,5.50076761684549
"36331",2021-05-15,"46","26  day ahead inc hosp",2021-06-10,"quantile",0.6,6.11722594007624
"36332",2021-05-15,"46","26  day ahead inc hosp",2021-06-10,"quantile",0.65,6.80740102354608
"36333",2021-05-15,"46","26  day ahead inc hosp",2021-06-10,"quantile",0.7,7.59628934595265
"36334",2021-05-15,"46","26  day ahead inc hosp",2021-06-10,"quantile",0.75,8.5225126609677
"36335",2021-05-15,"46","26  day ahead inc hosp",2021-06-10,"quantile",0.8,9.65087633935036
"36336",2021-05-15,"46","26  day ahead inc hosp",2021-06-10,"quantile",0.85,11.1035337483996
"36337",2021-05-15,"46","26  day ahead inc hosp",2021-06-10,"quantile",0.9,13.1573085371133
"36338",2021-05-15,"46","26  day ahead inc hosp",2021-06-10,"quantile",0.95,16.709430192568
"36339",2021-05-15,"46","26  day ahead inc hosp",2021-06-10,"quantile",0.975,20.3340646163485
"36340",2021-05-15,"46","26  day ahead inc hosp",2021-06-10,"quantile",0.99,25.256260609511
"36341",2021-05-15,"46","27  day ahead inc hosp",2021-06-11,"quantile",0.01,0.281391680921097
"36342",2021-05-15,"46","27  day ahead inc hosp",2021-06-11,"quantile",0.025,0.51844575824723
"36343",2021-05-15,"46","27  day ahead inc hosp",2021-06-11,"quantile",0.05,0.82118178621458
"36344",2021-05-15,"46","27  day ahead inc hosp",2021-06-11,"quantile",0.1,1.31642482256233
"36345",2021-05-15,"46","27  day ahead inc hosp",2021-06-11,"quantile",0.15,1.75860610518345
"36346",2021-05-15,"46","27  day ahead inc hosp",2021-06-11,"quantile",0.2,2.18280342499742
"36347",2021-05-15,"46","27  day ahead inc hosp",2021-06-11,"quantile",0.25,2.60419524049373
"36348",2021-05-15,"46","27  day ahead inc hosp",2021-06-11,"quantile",0.3,3.03211847366111
"36349",2021-05-15,"46","27  day ahead inc hosp",2021-06-11,"quantile",0.35,3.47381841657518
"36350",2021-05-15,"46","27  day ahead inc hosp",2021-06-11,"quantile",0.4,3.93597545173321
"36351",2021-05-15,"46","27  day ahead inc hosp",2021-06-11,"quantile",0.45,4.4255858676595
"36352",2021-05-15,"46","27  day ahead inc hosp",2021-06-11,"quantile",0.5,4.95068944504234
"36353",2021-05-15,"46","27  day ahead inc hosp",2021-06-11,"quantile",0.55,5.52119089630804
"36354",2021-05-15,"46","27  day ahead inc hosp",2021-06-11,"quantile",0.6,6.15000417020075
"36355",2021-05-15,"46","27  day ahead inc hosp",2021-06-11,"quantile",0.65,6.85486809584471
"36356",2021-05-15,"46","27  day ahead inc hosp",2021-06-11,"quantile",0.7,7.66151558302437
"36357",2021-05-15,"46","27  day ahead inc hosp",2021-06-11,"quantile",0.75,8.60973995841803
"36358",2021-05-15,"46","27  day ahead inc hosp",2021-06-11,"quantile",0.8,9.76635843463155
"36359",2021-05-15,"46","27  day ahead inc hosp",2021-06-11,"quantile",0.85,11.257396700885
"36360",2021-05-15,"46","27  day ahead inc hosp",2021-06-11,"quantile",0.9,13.3686483485935
"36361",2021-05-15,"46","27  day ahead inc hosp",2021-06-11,"quantile",0.95,17.0272342422193
"36362",2021-05-15,"46","27  day ahead inc hosp",2021-06-11,"quantile",0.975,20.7676704740735
"36363",2021-05-15,"46","27  day ahead inc hosp",2021-06-11,"quantile",0.99,25.8559717888687
"36364",2021-05-15,"46","28  day ahead inc hosp",2021-06-12,"quantile",0.01,0.221651559291067
"36365",2021-05-15,"46","28  day ahead inc hosp",2021-06-12,"quantile",0.025,0.426851406708216
"36366",2021-05-15,"46","28  day ahead inc hosp",2021-06-12,"quantile",0.05,0.695890654067249
"36367",2021-05-15,"46","28  day ahead inc hosp",2021-06-12,"quantile",0.1,1.14514882849688
"36368",2021-05-15,"46","28  day ahead inc hosp",2021-06-12,"quantile",0.15,1.55217420531406
"36369",2021-05-15,"46","28  day ahead inc hosp",2021-06-12,"quantile",0.2,1.9462093264224
"36370",2021-05-15,"46","28  day ahead inc hosp",2021-06-12,"quantile",0.25,2.34026500592573
"36371",2021-05-15,"46","28  day ahead inc hosp",2021-06-12,"quantile",0.3,2.74257663596626
"36372",2021-05-15,"46","28  day ahead inc hosp",2021-06-12,"quantile",0.35,3.15971956028739
"36373",2021-05-15,"46","28  day ahead inc hosp",2021-06-12,"quantile",0.4,3.59790875978029
"36374",2021-05-15,"46","28  day ahead inc hosp",2021-06-12,"quantile",0.45,4.06377770004592
"36375",2021-05-15,"46","28  day ahead inc hosp",2021-06-12,"quantile",0.5,4.56505072126075
"36376",2021-05-15,"46","28  day ahead inc hosp",2021-06-12,"quantile",0.55,5.11132778501757
"36377",2021-05-15,"46","28  day ahead inc hosp",2021-06-12,"quantile",0.6,5.71519734092247
"36378",2021-05-15,"46","28  day ahead inc hosp",2021-06-12,"quantile",0.65,6.39401654116453
"36379",2021-05-15,"46","28  day ahead inc hosp",2021-06-12,"quantile",0.7,7.1730300121651
"36380",2021-05-15,"46","28  day ahead inc hosp",2021-06-12,"quantile",0.75,8.09135074428042
"36381",2021-05-15,"46","28  day ahead inc hosp",2021-06-12,"quantile",0.8,9.21475638105771
"36382",2021-05-15,"46","28  day ahead inc hosp",2021-06-12,"quantile",0.85,10.6674923089062
"36383",2021-05-15,"46","28  day ahead inc hosp",2021-06-12,"quantile",0.9,12.7317552666316
"36384",2021-05-15,"46","28  day ahead inc hosp",2021-06-12,"quantile",0.95,16.3248574872919
"36385",2021-05-15,"46","28  day ahead inc hosp",2021-06-12,"quantile",0.975,20.014569792266
"36386",2021-05-15,"46","28  day ahead inc hosp",2021-06-12,"quantile",0.99,25.0539517840362
"36387",2021-05-15,"46","29  day ahead inc hosp",2021-06-13,"quantile",0.01,0.212729564549953
"36388",2021-05-15,"46","29  day ahead inc hosp",2021-06-13,"quantile",0.025,0.422019735339927
"36389",2021-05-15,"46","29  day ahead inc hosp",2021-06-13,"quantile",0.05,0.701262486887859
"36390",2021-05-15,"46","29  day ahead inc hosp",2021-06-13,"quantile",0.1,1.17389761901329
"36391",2021-05-15,"46","29  day ahead inc hosp",2021-06-13,"quantile",0.15,1.6061883207617
"36392",2021-05-15,"46","29  day ahead inc hosp",2021-06-13,"quantile",0.2,2.02714705982452
"36393",2021-05-15,"46","29  day ahead inc hosp",2021-06-13,"quantile",0.25,2.44994367931198
"36394",2021-05-15,"46","29  day ahead inc hosp",2021-06-13,"quantile",0.3,2.88308356757634
"36395",2021-05-15,"46","29  day ahead inc hosp",2021-06-13,"quantile",0.35,3.33349045938309
"36396",2021-05-15,"46","29  day ahead inc hosp",2021-06-13,"quantile",0.4,3.80781576858026
"36397",2021-05-15,"46","29  day ahead inc hosp",2021-06-13,"quantile",0.45,4.31324468386712
"36398",2021-05-15,"46","29  day ahead inc hosp",2021-06-13,"quantile",0.5,4.85821294558402
"36399",2021-05-15,"46","29  day ahead inc hosp",2021-06-13,"quantile",0.55,5.45326109980635
"36400",2021-05-15,"46","29  day ahead inc hosp",2021-06-13,"quantile",0.6,6.11225913789553
"36401",2021-05-15,"46","29  day ahead inc hosp",2021-06-13,"quantile",0.65,6.85437508455392
"36402",2021-05-15,"46","29  day ahead inc hosp",2021-06-13,"quantile",0.7,7.7075313459279
"36403",2021-05-15,"46","29  day ahead inc hosp",2021-06-13,"quantile",0.75,8.71504039631612
"36404",2021-05-15,"46","29  day ahead inc hosp",2021-06-13,"quantile",0.8,9.94981252576172
"36405",2021-05-15,"46","29  day ahead inc hosp",2021-06-13,"quantile",0.85,11.5496900359751
"36406",2021-05-15,"46","29  day ahead inc hosp",2021-06-13,"quantile",0.9,13.8280571688009
"36407",2021-05-15,"46","29  day ahead inc hosp",2021-06-13,"quantile",0.95,17.8048966796949
"36408",2021-05-15,"46","29  day ahead inc hosp",2021-06-13,"quantile",0.975,21.8999239183205
"36409",2021-05-15,"46","29  day ahead inc hosp",2021-06-13,"quantile",0.99,27.5068230886645
"36410",2021-05-15,"46","30  day ahead inc hosp",2021-06-14,"quantile",0.01,0.180319768854505
"36411",2021-05-15,"46","30  day ahead inc hosp",2021-06-14,"quantile",0.025,0.372386623060669
"36412",2021-05-15,"46","30  day ahead inc hosp",2021-06-14,"quantile",0.05,0.634726125345213
"36413",2021-05-15,"46","30  day ahead inc hosp",2021-06-14,"quantile",0.1,1.08676832257806
"36414",2021-05-15,"46","30  day ahead inc hosp",2021-06-14,"quantile",0.15,1.50541095170499
"36415",2021-05-15,"46","30  day ahead inc hosp",2021-06-14,"quantile",0.2,1.91621704828115
"36416",2021-05-15,"46","30  day ahead inc hosp",2021-06-14,"quantile",0.25,2.33113330322725
"36417",2021-05-15,"46","30  day ahead inc hosp",2021-06-14,"quantile",0.3,2.75809788561504
"36418",2021-05-15,"46","30  day ahead inc hosp",2021-06-14,"quantile",0.35,3.20374591171277
"36419",2021-05-15,"46","30  day ahead inc hosp",2021-06-14,"quantile",0.4,3.67458936058546
"36420",2021-05-15,"46","30  day ahead inc hosp",2021-06-14,"quantile",0.45,4.17777200955297
"36421",2021-05-15,"46","30  day ahead inc hosp",2021-06-14,"quantile",0.5,4.72176790589991
"36422",2021-05-15,"46","30  day ahead inc hosp",2021-06-14,"quantile",0.55,5.31723629997603
"36423",2021-05-15,"46","30  day ahead inc hosp",2021-06-14,"quantile",0.6,5.97826374772881
"36424",2021-05-15,"46","30  day ahead inc hosp",2021-06-14,"quantile",0.65,6.72437265395839
"36425",2021-05-15,"46","30  day ahead inc hosp",2021-06-14,"quantile",0.7,7.58405718857811
"36426",2021-05-15,"46","30  day ahead inc hosp",2021-06-14,"quantile",0.75,8.60158108057592
"36427",2021-05-15,"46","30  day ahead inc hosp",2021-06-14,"quantile",0.8,9.85154588212172
"36428",2021-05-15,"46","30  day ahead inc hosp",2021-06-14,"quantile",0.85,11.4751517089703
"36429",2021-05-15,"46","30  day ahead inc hosp",2021-06-14,"quantile",0.9,13.7938124434113
"36430",2021-05-15,"46","30  day ahead inc hosp",2021-06-14,"quantile",0.95,17.8553262774066
"36431",2021-05-15,"46","30  day ahead inc hosp",2021-06-14,"quantile",0.975,22.0521602742204
"36432",2021-05-15,"46","30  day ahead inc hosp",2021-06-14,"quantile",0.99,27.8165729951299
"36433",2021-05-15,"46","31  day ahead inc hosp",2021-06-15,"quantile",0.01,0.164802432311866
"36434",2021-05-15,"46","31  day ahead inc hosp",2021-06-15,"quantile",0.025,0.350246598510314
"36435",2021-05-15,"46","31  day ahead inc hosp",2021-06-15,"quantile",0.05,0.607776876177911
"36436",2021-05-15,"46","31  day ahead inc hosp",2021-06-15,"quantile",0.1,1.05712642811191
"36437",2021-05-15,"46","31  day ahead inc hosp",2021-06-15,"quantile",0.15,1.47689040943659
"36438",2021-05-15,"46","31  day ahead inc hosp",2021-06-15,"quantile",0.2,1.89098224402997
"36439",2021-05-15,"46","31  day ahead inc hosp",2021-06-15,"quantile",0.25,2.31083051744863
"36440",2021-05-15,"46","31  day ahead inc hosp",2021-06-15,"quantile",0.3,2.744192238888
"36441",2021-05-15,"46","31  day ahead inc hosp",2021-06-15,"quantile",0.35,3.19767560089578
"36442",2021-05-15,"46","31  day ahead inc hosp",2021-06-15,"quantile",0.4,3.67786326829784
"36443",2021-05-15,"46","31  day ahead inc hosp",2021-06-15,"quantile",0.45,4.19205219624962
"36444",2021-05-15,"46","31  day ahead inc hosp",2021-06-15,"quantile",0.5,4.74895762435338
"36445",2021-05-15,"46","31  day ahead inc hosp",2021-06-15,"quantile",0.55,5.3595903481791
"36446",2021-05-15,"46","31  day ahead inc hosp",2021-06-15,"quantile",0.6,6.03854243604458
"36447",2021-05-15,"46","31  day ahead inc hosp",2021-06-15,"quantile",0.65,6.80607427154252
"36448",2021-05-15,"46","31  day ahead inc hosp",2021-06-15,"quantile",0.7,7.69179499315513
"36449",2021-05-15,"46","31  day ahead inc hosp",2021-06-15,"quantile",0.75,8.74174448451425
"36450",2021-05-15,"46","31  day ahead inc hosp",2021-06-15,"quantile",0.8,10.0335799496948
"36451",2021-05-15,"46","31  day ahead inc hosp",2021-06-15,"quantile",0.85,11.7143965053366
"36452",2021-05-15,"46","31  day ahead inc hosp",2021-06-15,"quantile",0.9,14.1193031850445
"36453",2021-05-15,"46","31  day ahead inc hosp",2021-06-15,"quantile",0.95,18.3419210521064
"36454",2021-05-15,"46","31  day ahead inc hosp",2021-06-15,"quantile",0.975,22.7154500120657
"36455",2021-05-15,"46","31  day ahead inc hosp",2021-06-15,"quantile",0.99,28.7352339417606
"36456",2021-05-15,"46","32  day ahead inc hosp",2021-06-16,"quantile",0.01,0.147075442910661
"36457",2021-05-15,"46","32  day ahead inc hosp",2021-06-16,"quantile",0.025,0.323193241786793
"36458",2021-05-15,"46","32  day ahead inc hosp",2021-06-16,"quantile",0.05,0.57250377313614
"36459",2021-05-15,"46","32  day ahead inc hosp",2021-06-16,"quantile",0.1,1.01379134633109
"36460",2021-05-15,"46","32  day ahead inc hosp",2021-06-16,"quantile",0.15,1.43009108367781
"36461",2021-05-15,"46","32  day ahead inc hosp",2021-06-16,"quantile",0.2,1.84322817647876
"36462",2021-05-15,"46","32  day ahead inc hosp",2021-06-16,"quantile",0.25,2.2639289625699
"36463",2021-05-15,"46","32  day ahead inc hosp",2021-06-16,"quantile",0.3,2.69966386713818
"36464",2021-05-15,"46","32  day ahead inc hosp",2021-06-16,"quantile",0.35,3.15694021852781
"36465",2021-05-15,"46","32  day ahead inc hosp",2021-06-16,"quantile",0.4,3.64235042077227
"36466",2021-05-15,"46","32  day ahead inc hosp",2021-06-16,"quantile",0.45,4.16328710780376
"36467",2021-05-15,"46","32  day ahead inc hosp",2021-06-16,"quantile",0.5,4.72864607493357
"36468",2021-05-15,"46","32  day ahead inc hosp",2021-06-16,"quantile",0.55,5.34971968655064
"36469",2021-05-15,"46","32  day ahead inc hosp",2021-06-16,"quantile",0.6,6.04151856628576
"36470",2021-05-15,"46","32  day ahead inc hosp",2021-06-16,"quantile",0.65,6.82492579859887
"36471",2021-05-15,"46","32  day ahead inc hosp",2021-06-16,"quantile",0.7,7.73050278350911
"36472",2021-05-15,"46","32  day ahead inc hosp",2021-06-16,"quantile",0.75,8.80581962759944
"36473",2021-05-15,"46","32  day ahead inc hosp",2021-06-16,"quantile",0.8,10.1311848284006
"36474",2021-05-15,"46","32  day ahead inc hosp",2021-06-16,"quantile",0.85,11.8588421719345
"36475",2021-05-15,"46","32  day ahead inc hosp",2021-06-16,"quantile",0.9,14.3359455837007
"36476",2021-05-15,"46","32  day ahead inc hosp",2021-06-16,"quantile",0.95,18.696770476368
"36477",2021-05-15,"46","32  day ahead inc hosp",2021-06-16,"quantile",0.975,23.2251168295331
"36478",2021-05-15,"46","32  day ahead inc hosp",2021-06-16,"quantile",0.99,29.4724793365846
"36479",2021-05-15,"46","33  day ahead inc hosp",2021-06-17,"quantile",0.01,0.119261242421215
"36480",2021-05-15,"46","33  day ahead inc hosp",2021-06-17,"quantile",0.025,0.276112175249612
"36481",2021-05-15,"46","33  day ahead inc hosp",2021-06-17,"quantile",0.05,0.504817504253278
"36482",2021-05-15,"46","33  day ahead inc hosp",2021-06-17,"quantile",0.1,0.918574974063189
"36483",2021-05-15,"46","33  day ahead inc hosp",2021-06-17,"quantile",0.15,1.31472492099009
"36484",2021-05-15,"46","33  day ahead inc hosp",2021-06-17,"quantile",0.2,1.7114043302666
"36485",2021-05-15,"46","33  day ahead inc hosp",2021-06-17,"quantile",0.25,2.11796956476265
"36486",2021-05-15,"46","33  day ahead inc hosp",2021-06-17,"quantile",0.3,2.54122026019466
"36487",2021-05-15,"46","33  day ahead inc hosp",2021-06-17,"quantile",0.35,2.98728998637307
"36488",2021-05-15,"46","33  day ahead inc hosp",2021-06-17,"quantile",0.4,3.46255196898286
"36489",2021-05-15,"46","33  day ahead inc hosp",2021-06-17,"quantile",0.45,3.97427440732293
"36490",2021-05-15,"46","33  day ahead inc hosp",2021-06-17,"quantile",0.5,4.53129742085756
"36491",2021-05-15,"46","33  day ahead inc hosp",2021-06-17,"quantile",0.55,5.14491831687415
"36492",2021-05-15,"46","33  day ahead inc hosp",2021-06-17,"quantile",0.6,5.83021853599194
"36493",2021-05-15,"46","33  day ahead inc hosp",2021-06-17,"quantile",0.65,6.60823867687794
"36494",2021-05-15,"46","33  day ahead inc hosp",2021-06-17,"quantile",0.7,7.50983095841971
"36495",2021-05-15,"46","33  day ahead inc hosp",2021-06-17,"quantile",0.75,8.58308946736477
"36496",2021-05-15,"46","33  day ahead inc hosp",2021-06-17,"quantile",0.8,9.90930925718115
"36497",2021-05-15,"46","33  day ahead inc hosp",2021-06-17,"quantile",0.85,11.6427897691421
"36498",2021-05-15,"46","33  day ahead inc hosp",2021-06-17,"quantile",0.9,14.1358361734182
"36499",2021-05-15,"46","33  day ahead inc hosp",2021-06-17,"quantile",0.95,18.5415411313306
"36500",2021-05-15,"46","33  day ahead inc hosp",2021-06-17,"quantile",0.975,23.1336668057213
"36501",2021-05-15,"46","33  day ahead inc hosp",2021-06-17,"quantile",0.99,29.4903701637894
"36502",2021-05-15,"46","34  day ahead inc hosp",2021-06-18,"quantile",0.01,0.0989911451342585
"36503",2021-05-15,"46","34  day ahead inc hosp",2021-06-18,"quantile",0.025,0.240952503706727
"36504",2021-05-15,"46","34  day ahead inc hosp",2021-06-18,"quantile",0.05,0.453828426888847
"36505",2021-05-15,"46","34  day ahead inc hosp",2021-06-18,"quantile",0.1,0.846873913599354
"36506",2021-05-15,"46","34  day ahead inc hosp",2021-06-18,"quantile",0.15,1.22835832501973
"36507",2021-05-15,"46","34  day ahead inc hosp",2021-06-18,"quantile",0.2,1.61349595539876
"36508",2021-05-15,"46","34  day ahead inc hosp",2021-06-18,"quantile",0.25,2.010564388047
"36509",2021-05-15,"46","34  day ahead inc hosp",2021-06-18,"quantile",0.3,2.42584782644422
"36510",2021-05-15,"46","34  day ahead inc hosp",2021-06-18,"quantile",0.35,2.86520859380619
"36511",2021-05-15,"46","34  day ahead inc hosp",2021-06-18,"quantile",0.4,3.33488082125049
"36512",2021-05-15,"46","34  day ahead inc hosp",2021-06-18,"quantile",0.45,3.84208058728335
"36513",2021-05-15,"46","34  day ahead inc hosp",2021-06-18,"quantile",0.5,4.39566619597545
"36514",2021-05-15,"46","34  day ahead inc hosp",2021-06-18,"quantile",0.55,5.00702340824126
"36515",2021-05-15,"46","34  day ahead inc hosp",2021-06-18,"quantile",0.6,5.69140710981319
"36516",2021-05-15,"46","34  day ahead inc hosp",2021-06-18,"quantile",0.65,6.47015087480416
"36517",2021-05-15,"46","34  day ahead inc hosp",2021-06-18,"quantile",0.7,7.37458899115461
"36518",2021-05-15,"46","34  day ahead inc hosp",2021-06-18,"quantile",0.75,8.45362962964649
"36519",2021-05-15,"46","34  day ahead inc hosp",2021-06-18,"quantile",0.8,9.79003431087076
"36520",2021-05-15,"46","34  day ahead inc hosp",2021-06-18,"quantile",0.85,11.5410515725017
"36521",2021-05-15,"46","34  day ahead inc hosp",2021-06-18,"quantile",0.9,14.0661370083218
"36522",2021-05-15,"46","34  day ahead inc hosp",2021-06-18,"quantile",0.95,18.5435772209136
"36523",2021-05-15,"46","34  day ahead inc hosp",2021-06-18,"quantile",0.975,23.2259260397155
"36524",2021-05-15,"46","34  day ahead inc hosp",2021-06-18,"quantile",0.99,29.7267464819424
"36525",2021-05-15,"46","35  day ahead inc hosp",2021-06-19,"quantile",0.01,0.0891102579667279
"36526",2021-05-15,"46","35  day ahead inc hosp",2021-06-19,"quantile",0.025,0.224701441966958
"36527",2021-05-15,"46","35  day ahead inc hosp",2021-06-19,"quantile",0.05,0.432037427635186
"36528",2021-05-15,"46","35  day ahead inc hosp",2021-06-19,"quantile",0.1,0.82026369681388
"36529",2021-05-15,"46","35  day ahead inc hosp",2021-06-19,"quantile",0.15,1.20058971529719
"36530",2021-05-15,"46","35  day ahead inc hosp",2021-06-19,"quantile",0.2,1.5866976950965
"36531",2021-05-15,"46","35  day ahead inc hosp",2021-06-19,"quantile",0.25,1.98635419379801
"36532",2021-05-15,"46","35  day ahead inc hosp",2021-06-19,"quantile",0.3,2.405650819316
"36533",2021-05-15,"46","35  day ahead inc hosp",2021-06-19,"quantile",0.35,2.85040645486256
"36534",2021-05-15,"46","35  day ahead inc hosp",2021-06-19,"quantile",0.4,3.32690670761532
"36535",2021-05-15,"46","35  day ahead inc hosp",2021-06-19,"quantile",0.45,3.84249876867437
"36536",2021-05-15,"46","35  day ahead inc hosp",2021-06-19,"quantile",0.5,4.40625608940725
"36537",2021-05-15,"46","35  day ahead inc hosp",2021-06-19,"quantile",0.55,5.02988407006149
"36538",2021-05-15,"46","35  day ahead inc hosp",2021-06-19,"quantile",0.6,5.72910241932678
"36539",2021-05-15,"46","35  day ahead inc hosp",2021-06-19,"quantile",0.65,6.52592851816042
"36540",2021-05-15,"46","35  day ahead inc hosp",2021-06-19,"quantile",0.7,7.45273593945806
"36541",2021-05-15,"46","35  day ahead inc hosp",2021-06-19,"quantile",0.75,8.56009699172614
"36542",2021-05-15,"46","35  day ahead inc hosp",2021-06-19,"quantile",0.8,9.93365026957618
"36543",2021-05-15,"46","35  day ahead inc hosp",2021-06-19,"quantile",0.85,11.7362234348128
"36544",2021-05-15,"46","35  day ahead inc hosp",2021-06-19,"quantile",0.9,14.3403099429894
"36545",2021-05-15,"46","35  day ahead inc hosp",2021-06-19,"quantile",0.95,18.9681588847493
"36546",2021-05-15,"46","35  day ahead inc hosp",2021-06-19,"quantile",0.975,23.818356675495
"36547",2021-05-15,"46","35  day ahead inc hosp",2021-06-19,"quantile",0.99,30.5653503239788
"36548",2021-05-15,"46","36  day ahead inc hosp",2021-06-20,"quantile",0.01,0.0716374309955734
"36549",2021-05-15,"46","36  day ahead inc hosp",2021-06-20,"quantile",0.025,0.191908646243052
"36550",2021-05-15,"46","36  day ahead inc hosp",2021-06-20,"quantile",0.05,0.381996904893142
"36551",2021-05-15,"46","36  day ahead inc hosp",2021-06-20,"quantile",0.1,0.746356001650743
"36552",2021-05-15,"46","36  day ahead inc hosp",2021-06-20,"quantile",0.15,1.10881694713165
"36553",2021-05-15,"46","36  day ahead inc hosp",2021-06-20,"quantile",0.2,1.48015744638403
"36554",2021-05-15,"46","36  day ahead inc hosp",2021-06-20,"quantile",0.25,1.86703554134555
"36555",2021-05-15,"46","36  day ahead inc hosp",2021-06-20,"quantile",0.3,2.27499367555244
"36556",2021-05-15,"46","36  day ahead inc hosp",2021-06-20,"quantile",0.35,2.70954458394874
"36557",2021-05-15,"46","36  day ahead inc hosp",2021-06-20,"quantile",0.4,3.17679710763159
"36558",2021-05-15,"46","36  day ahead inc hosp",2021-06-20,"quantile",0.45,3.68400334515557
"36559",2021-05-15,"46","36  day ahead inc hosp",2021-06-20,"quantile",0.5,4.24020336062559
"36560",2021-05-15,"46","36  day ahead inc hosp",2021-06-20,"quantile",0.55,4.85712623535825
"36561",2021-05-15,"46","36  day ahead inc hosp",2021-06-20,"quantile",0.6,5.55058019469437
"36562",2021-05-15,"46","36  day ahead inc hosp",2021-06-20,"quantile",0.65,6.34275919638633
"36563",2021-05-15,"46","36  day ahead inc hosp",2021-06-20,"quantile",0.7,7.2663512168647
"36564",2021-05-15,"46","36  day ahead inc hosp",2021-06-20,"quantile",0.75,8.37248607343243
"36565",2021-05-15,"46","36  day ahead inc hosp",2021-06-20,"quantile",0.8,9.74784378918589
"36566",2021-05-15,"46","36  day ahead inc hosp",2021-06-20,"quantile",0.85,11.5574129595106
"36567",2021-05-15,"46","36  day ahead inc hosp",2021-06-20,"quantile",0.9,14.1790894024539
"36568",2021-05-15,"46","36  day ahead inc hosp",2021-06-20,"quantile",0.95,18.854829393699
"36569",2021-05-15,"46","36  day ahead inc hosp",2021-06-20,"quantile",0.975,23.7722472459317
"36570",2021-05-15,"46","36  day ahead inc hosp",2021-06-20,"quantile",0.99,30.6339705758713
"36571",2021-05-15,"46","37  day ahead inc hosp",2021-06-21,"quantile",0.01,0.0756287111942133
"36572",2021-05-15,"46","37  day ahead inc hosp",2021-06-21,"quantile",0.025,0.203057129618167
"36573",2021-05-15,"46","37  day ahead inc hosp",2021-06-21,"quantile",0.05,0.404702847932881
"36574",2021-05-15,"46","37  day ahead inc hosp",2021-06-21,"quantile",0.1,0.791545880713975
"36575",2021-05-15,"46","37  day ahead inc hosp",2021-06-21,"quantile",0.15,1.17658786028495
"36576",2021-05-15,"46","37  day ahead inc hosp",2021-06-21,"quantile",0.2,1.57119257935246
"36577",2021-05-15,"46","37  day ahead inc hosp",2021-06-21,"quantile",0.25,1.98240470486424
"36578",2021-05-15,"46","37  day ahead inc hosp",2021-06-21,"quantile",0.3,2.41610207523291
"36579",2021-05-15,"46","37  day ahead inc hosp",2021-06-21,"quantile",0.35,2.87813978685731
"36580",2021-05-15,"46","37  day ahead inc hosp",2021-06-21,"quantile",0.4,3.37501201937995
"36581",2021-05-15,"46","37  day ahead inc hosp",2021-06-21,"quantile",0.45,3.91443254560486
"36582",2021-05-15,"46","37  day ahead inc hosp",2021-06-21,"quantile",0.5,4.50602006783914
"36583",2021-05-15,"46","37  day ahead inc hosp",2021-06-21,"quantile",0.55,5.16225690347819
"36584",2021-05-15,"46","37  day ahead inc hosp",2021-06-21,"quantile",0.6,5.89996857610443
"36585",2021-05-15,"46","37  day ahead inc hosp",2021-06-21,"quantile",0.65,6.74277922989441
"36586",2021-05-15,"46","37  day ahead inc hosp",2021-06-21,"quantile",0.7,7.72548530331522
"36587",2021-05-15,"46","37  day ahead inc hosp",2021-06-21,"quantile",0.75,8.90251710337407
"36588",2021-05-15,"46","37  day ahead inc hosp",2021-06-21,"quantile",0.8,10.3661536044781
"36589",2021-05-15,"46","37  day ahead inc hosp",2021-06-21,"quantile",0.85,12.2920473776135
"36590",2021-05-15,"46","37  day ahead inc hosp",2021-06-21,"quantile",0.9,15.0825367225072
"36591",2021-05-15,"46","37  day ahead inc hosp",2021-06-21,"quantile",0.95,20.0599830973099
"36592",2021-05-15,"46","37  day ahead inc hosp",2021-06-21,"quantile",0.975,25.2953459053046
"36593",2021-05-15,"46","37  day ahead inc hosp",2021-06-21,"quantile",0.99,32.601528728781
"36594",2021-05-15,"47","1  day ahead inc hosp",2021-05-16,"quantile",0.01,38.7125110518144
"36595",2021-05-15,"47","1  day ahead inc hosp",2021-05-16,"quantile",0.025,41.553678808017
"36596",2021-05-15,"47","1  day ahead inc hosp",2021-05-16,"quantile",0.05,44.1198916596079
"36597",2021-05-15,"47","1  day ahead inc hosp",2021-05-16,"quantile",0.1,47.2240804700021
"36598",2021-05-15,"47","1  day ahead inc hosp",2021-05-16,"quantile",0.15,49.4090817340147
"36599",2021-05-15,"47","1  day ahead inc hosp",2021-05-16,"quantile",0.2,51.1990315104601
"36600",2021-05-15,"47","1  day ahead inc hosp",2021-05-16,"quantile",0.25,52.7730292216872
"36601",2021-05-15,"47","1  day ahead inc hosp",2021-05-16,"quantile",0.3,54.2172063495865
"36602",2021-05-15,"47","1  day ahead inc hosp",2021-05-16,"quantile",0.35,55.5817230234089
"36603",2021-05-15,"47","1  day ahead inc hosp",2021-05-16,"quantile",0.4,56.9001780842164
"36604",2021-05-15,"47","1  day ahead inc hosp",2021-05-16,"quantile",0.45,58.1979901189552
"36605",2021-05-15,"47","1  day ahead inc hosp",2021-05-16,"quantile",0.5,59.4967776853883
"36606",2021-05-15,"47","1  day ahead inc hosp",2021-05-16,"quantile",0.55,60.8171834164762
"36607",2021-05-15,"47","1  day ahead inc hosp",2021-05-16,"quantile",0.6,62.181249992888
"36608",2021-05-15,"47","1  day ahead inc hosp",2021-05-16,"quantile",0.65,63.6151045388632
"36609",2021-05-15,"47","1  day ahead inc hosp",2021-05-16,"quantile",0.7,65.1528599524738
"36610",2021-05-15,"47","1  day ahead inc hosp",2021-05-16,"quantile",0.75,66.8434386619002
"36611",2021-05-15,"47","1  day ahead inc hosp",2021-05-16,"quantile",0.8,68.7644638752875
"36612",2021-05-15,"47","1  day ahead inc hosp",2021-05-16,"quantile",0.85,71.0555833600566
"36613",2021-05-15,"47","1  day ahead inc hosp",2021-05-16,"quantile",0.9,74.0191161757404
"36614",2021-05-15,"47","1  day ahead inc hosp",2021-05-16,"quantile",0.95,78.5808385898368
"36615",2021-05-15,"47","1  day ahead inc hosp",2021-05-16,"quantile",0.975,82.7054083119976
"36616",2021-05-15,"47","1  day ahead inc hosp",2021-05-16,"quantile",0.99,87.7029087241346
"36617",2021-05-15,"47","2  day ahead inc hosp",2021-05-17,"quantile",0.01,48.3140220767185
"36618",2021-05-15,"47","2  day ahead inc hosp",2021-05-17,"quantile",0.025,52.0390193374523
"36619",2021-05-15,"47","2  day ahead inc hosp",2021-05-17,"quantile",0.05,55.4114890955514
"36620",2021-05-15,"47","2  day ahead inc hosp",2021-05-17,"quantile",0.1,59.5002669908271
"36621",2021-05-15,"47","2  day ahead inc hosp",2021-05-17,"quantile",0.15,62.3840045006427
"36622",2021-05-15,"47","2  day ahead inc hosp",2021-05-17,"quantile",0.2,64.7496585118352
"36623",2021-05-15,"47","2  day ahead inc hosp",2021-05-17,"quantile",0.25,66.8322508090208
"36624",2021-05-15,"47","2  day ahead inc hosp",2021-05-17,"quantile",0.3,68.7449349443985
"36625",2021-05-15,"47","2  day ahead inc hosp",2021-05-17,"quantile",0.35,70.5536976740472
"36626",2021-05-15,"47","2  day ahead inc hosp",2021-05-17,"quantile",0.4,72.3028181949404
"36627",2021-05-15,"47","2  day ahead inc hosp",2021-05-17,"quantile",0.45,74.0258728301407
"36628",2021-05-15,"47","2  day ahead inc hosp",2021-05-17,"quantile",0.5,75.7514977485421
"36629",2021-05-15,"47","2  day ahead inc hosp",2021-05-17,"quantile",0.55,77.507117951309
"36630",2021-05-15,"47","2  day ahead inc hosp",2021-05-17,"quantile",0.6,79.3221011803195
"36631",2021-05-15,"47","2  day ahead inc hosp",2021-05-17,"quantile",0.65,81.2313398230668
"36632",2021-05-15,"47","2  day ahead inc hosp",2021-05-17,"quantile",0.7,83.2804747635762
"36633",2021-05-15,"47","2  day ahead inc hosp",2021-05-17,"quantile",0.75,85.5350490186328
"36634",2021-05-15,"47","2  day ahead inc hosp",2021-05-17,"quantile",0.8,88.0991591195153
"36635",2021-05-15,"47","2  day ahead inc hosp",2021-05-17,"quantile",0.85,91.1602232035271
"36636",2021-05-15,"47","2  day ahead inc hosp",2021-05-17,"quantile",0.9,95.1242597835479
"36637",2021-05-15,"47","2  day ahead inc hosp",2021-05-17,"quantile",0.95,101.235622014335
"36638",2021-05-15,"47","2  day ahead inc hosp",2021-05-17,"quantile",0.975,106.770722077186
"36639",2021-05-15,"47","2  day ahead inc hosp",2021-05-17,"quantile",0.99,113.488429568996
"36640",2021-05-15,"47","3  day ahead inc hosp",2021-05-18,"quantile",0.01,41.9031635041044
"36641",2021-05-15,"47","3  day ahead inc hosp",2021-05-18,"quantile",0.025,45.4557938230035
"36642",2021-05-15,"47","3  day ahead inc hosp",2021-05-18,"quantile",0.05,48.6878904154251
"36643",2021-05-15,"47","3  day ahead inc hosp",2021-05-18,"quantile",0.1,52.6248658109439
"36644",2021-05-15,"47","3  day ahead inc hosp",2021-05-18,"quantile",0.15,55.4128091721268
"36645",2021-05-15,"47","3  day ahead inc hosp",2021-05-18,"quantile",0.2,57.7064193292702
"36646",2021-05-15,"47","3  day ahead inc hosp",2021-05-18,"quantile",0.25,59.7302450859506
"36647",2021-05-15,"47","3  day ahead inc hosp",2021-05-18,"quantile",0.3,61.5926518019822
"36648",2021-05-15,"47","3  day ahead inc hosp",2021-05-18,"quantile",0.35,63.3570129762662
"36649",2021-05-15,"47","3  day ahead inc hosp",2021-05-18,"quantile",0.4,65.0660124155975
"36650",2021-05-15,"47","3  day ahead inc hosp",2021-05-18,"quantile",0.45,66.7521720570759
"36651",2021-05-15,"47","3  day ahead inc hosp",2021-05-18,"quantile",0.5,68.4433875638979
"36652",2021-05-15,"47","3  day ahead inc hosp",2021-05-18,"quantile",0.55,70.1665374748149
"36653",2021-05-15,"47","3  day ahead inc hosp",2021-05-18,"quantile",0.6,71.9505690527256
"36654",2021-05-15,"47","3  day ahead inc hosp",2021-05-18,"quantile",0.65,73.8300399320663
"36655",2021-05-15,"47","3  day ahead inc hosp",2021-05-18,"quantile",0.7,75.8503192548891
"36656",2021-05-15,"47","3  day ahead inc hosp",2021-05-18,"quantile",0.75,78.0767345672129
"36657",2021-05-15,"47","3  day ahead inc hosp",2021-05-18,"quantile",0.8,80.6132435620035
"36658",2021-05-15,"47","3  day ahead inc hosp",2021-05-18,"quantile",0.85,83.6473014908812
"36659",2021-05-15,"47","3  day ahead inc hosp",2021-05-18,"quantile",0.9,87.5855752766596
"36660",2021-05-15,"47","3  day ahead inc hosp",2021-05-18,"quantile",0.95,93.6764684822005
"36661",2021-05-15,"47","3  day ahead inc hosp",2021-05-18,"quantile",0.975,99.2119357987923
"36662",2021-05-15,"47","3  day ahead inc hosp",2021-05-18,"quantile",0.99,105.952569606119
"36663",2021-05-15,"47","4  day ahead inc hosp",2021-05-19,"quantile",0.01,37.256228860479
"36664",2021-05-15,"47","4  day ahead inc hosp",2021-05-19,"quantile",0.025,40.6877615211076
"36665",2021-05-15,"47","4  day ahead inc hosp",2021-05-19,"quantile",0.05,43.8240715167588
"36666",2021-05-15,"47","4  day ahead inc hosp",2021-05-19,"quantile",0.1,47.6612613992476
"36667",2021-05-15,"47","4  day ahead inc hosp",2021-05-19,"quantile",0.15,50.3889029083943
"36668",2021-05-15,"47","4  day ahead inc hosp",2021-05-19,"quantile",0.2,52.6389193830733
"36669",2021-05-15,"47","4  day ahead inc hosp",2021-05-19,"quantile",0.25,54.6285649755836
"36670",2021-05-15,"47","4  day ahead inc hosp",2021-05-19,"quantile",0.3,56.4629195968239
"36671",2021-05-15,"47","4  day ahead inc hosp",2021-05-19,"quantile",0.35,58.2036017806239
"36672",2021-05-15,"47","4  day ahead inc hosp",2021-05-19,"quantile",0.4,59.8922607244564
"36673",2021-05-15,"47","4  day ahead inc hosp",2021-05-19,"quantile",0.45,61.560774806884
"36674",2021-05-15,"47","4  day ahead inc hosp",2021-05-19,"quantile",0.5,63.2366351755333
"36675",2021-05-15,"47","4  day ahead inc hosp",2021-05-19,"quantile",0.55,64.9464811834923
"36676",2021-05-15,"47","4  day ahead inc hosp",2021-05-19,"quantile",0.6,66.7191542044933
"36677",2021-05-15,"47","4  day ahead inc hosp",2021-05-19,"quantile",0.65,68.5892366666167
"36678",2021-05-15,"47","4  day ahead inc hosp",2021-05-19,"quantile",0.7,70.6022822487139
"36679",2021-05-15,"47","4  day ahead inc hosp",2021-05-19,"quantile",0.75,72.8240439820435
"36680",2021-05-15,"47","4  day ahead inc hosp",2021-05-19,"quantile",0.8,75.3593428749943
"36681",2021-05-15,"47","4  day ahead inc hosp",2021-05-19,"quantile",0.85,78.3974548299052
"36682",2021-05-15,"47","4  day ahead inc hosp",2021-05-19,"quantile",0.9,82.3495214923999
"36683",2021-05-15,"47","4  day ahead inc hosp",2021-05-19,"quantile",0.95,88.479599045207
"36684",2021-05-15,"47","4  day ahead inc hosp",2021-05-19,"quantile",0.975,94.0682267118053
"36685",2021-05-15,"47","4  day ahead inc hosp",2021-05-19,"quantile",0.99,100.894482916031
"36686",2021-05-15,"47","5  day ahead inc hosp",2021-05-20,"quantile",0.01,36.6160020021288
"36687",2021-05-15,"47","5  day ahead inc hosp",2021-05-20,"quantile",0.025,40.1694956560381
"36688",2021-05-15,"47","5  day ahead inc hosp",2021-05-20,"quantile",0.05,43.4272918801669
"36689",2021-05-15,"47","5  day ahead inc hosp",2021-05-20,"quantile",0.1,47.424886064219
"36690",2021-05-15,"47","5  day ahead inc hosp",2021-05-20,"quantile",0.15,50.2737687068799
"36691",2021-05-15,"47","5  day ahead inc hosp",2021-05-20,"quantile",0.2,52.627987484609
"36692",2021-05-15,"47","5  day ahead inc hosp",2021-05-20,"quantile",0.25,54.7127630573364
"36693",2021-05-15,"47","5  day ahead inc hosp",2021-05-20,"quantile",0.3,56.6371930732109
"36694",2021-05-15,"47","5  day ahead inc hosp",2021-05-20,"quantile",0.35,58.4653691196093
"36695",2021-05-15,"47","5  day ahead inc hosp",2021-05-20,"quantile",0.4,60.2407158402617
"36696",2021-05-15,"47","5  day ahead inc hosp",2021-05-20,"quantile",0.45,61.9965724327131
"36697",2021-05-15,"47","5  day ahead inc hosp",2021-05-20,"quantile",0.5,63.7617933606864
"36698",2021-05-15,"47","5  day ahead inc hosp",2021-05-20,"quantile",0.55,65.5644443299217
"36699",2021-05-15,"47","5  day ahead inc hosp",2021-05-20,"quantile",0.6,67.435016559991
"36700",2021-05-15,"47","5  day ahead inc hosp",2021-05-20,"quantile",0.65,69.4101755607744
"36701",2021-05-15,"47","5  day ahead inc hosp",2021-05-20,"quantile",0.7,71.5383240276625
"36702",2021-05-15,"47","5  day ahead inc hosp",2021-05-20,"quantile",0.75,73.8894376672391
"36703",2021-05-15,"47","5  day ahead inc hosp",2021-05-20,"quantile",0.8,76.5751978808988
"36704",2021-05-15,"47","5  day ahead inc hosp",2021-05-20,"quantile",0.85,79.7974514602834
"36705",2021-05-15,"47","5  day ahead inc hosp",2021-05-20,"quantile",0.9,83.9950118706201
"36706",2021-05-15,"47","5  day ahead inc hosp",2021-05-20,"quantile",0.95,90.5183512226405
"36707",2021-05-15,"47","5  day ahead inc hosp",2021-05-20,"quantile",0.975,96.4777715030599
"36708",2021-05-15,"47","5  day ahead inc hosp",2021-05-20,"quantile",0.99,103.771539599324
"36709",2021-05-15,"47","6  day ahead inc hosp",2021-05-21,"quantile",0.01,36.8247546610519
"36710",2021-05-15,"47","6  day ahead inc hosp",2021-05-21,"quantile",0.025,40.5530252079741
"36711",2021-05-15,"47","6  day ahead inc hosp",2021-05-21,"quantile",0.05,43.9799589499399
"36712",2021-05-15,"47","6  day ahead inc hosp",2021-05-21,"quantile",0.1,48.1955679048911
"36713",2021-05-15,"47","6  day ahead inc hosp",2021-05-21,"quantile",0.15,51.2062414411061
"36714",2021-05-15,"47","6  day ahead inc hosp",2021-05-21,"quantile",0.2,53.6978883572208
"36715",2021-05-15,"47","6  day ahead inc hosp",2021-05-21,"quantile",0.25,55.9070209743623
"36716",2021-05-15,"47","6  day ahead inc hosp",2021-05-21,"quantile",0.3,57.9483535941118
"36717",2021-05-15,"47","6  day ahead inc hosp",2021-05-21,"quantile",0.35,59.8893822807571
"36718",2021-05-15,"47","6  day ahead inc hosp",2021-05-21,"quantile",0.4,61.7759315012933
"36719",2021-05-15,"47","6  day ahead inc hosp",2021-05-21,"quantile",0.45,63.6432742562808
"36720",2021-05-15,"47","6  day ahead inc hosp",2021-05-21,"quantile",0.5,65.5220313389105
"36721",2021-05-15,"47","6  day ahead inc hosp",2021-05-21,"quantile",0.55,67.4420804658577
"36722",2021-05-15,"47","6  day ahead inc hosp",2021-05-21,"quantile",0.6,69.4359754387067
"36723",2021-05-15,"47","6  day ahead inc hosp",2021-05-21,"quantile",0.65,71.5429550653156
"36724",2021-05-15,"47","6  day ahead inc hosp",2021-05-21,"quantile",0.7,73.8149122191058
"36725",2021-05-15,"47","6  day ahead inc hosp",2021-05-21,"quantile",0.75,76.3269661120165
"36726",2021-05-15,"47","6  day ahead inc hosp",2021-05-21,"quantile",0.8,79.1991213757824
"36727",2021-05-15,"47","6  day ahead inc hosp",2021-05-21,"quantile",0.85,82.6484304418664
"36728",2021-05-15,"47","6  day ahead inc hosp",2021-05-21,"quantile",0.9,87.1470896523826
"36729",2021-05-15,"47","6  day ahead inc hosp",2021-05-21,"quantile",0.95,94.1495055453284
"36730",2021-05-15,"47","6  day ahead inc hosp",2021-05-21,"quantile",0.975,100.557551480904
"36731",2021-05-15,"47","6  day ahead inc hosp",2021-05-21,"quantile",0.99,108.413455545773
"36732",2021-05-15,"47","7  day ahead inc hosp",2021-05-22,"quantile",0.01,32.3550349823733
"36733",2021-05-15,"47","7  day ahead inc hosp",2021-05-22,"quantile",0.025,35.882498580481
"36734",2021-05-15,"47","7  day ahead inc hosp",2021-05-22,"quantile",0.05,39.1404283360597
"36735",2021-05-15,"47","7  day ahead inc hosp",2021-05-22,"quantile",0.1,43.1664899089948
"36736",2021-05-15,"47","7  day ahead inc hosp",2021-05-22,"quantile",0.15,46.053072058674
"36737",2021-05-15,"47","7  day ahead inc hosp",2021-05-22,"quantile",0.2,48.4485786197453
"36738",2021-05-15,"47","7  day ahead inc hosp",2021-05-22,"quantile",0.25,50.577150040438
"36739",2021-05-15,"47","7  day ahead inc hosp",2021-05-22,"quantile",0.3,52.5477586029439
"36740",2021-05-15,"47","7  day ahead inc hosp",2021-05-22,"quantile",0.35,54.4247073233001
"36741",2021-05-15,"47","7  day ahead inc hosp",2021-05-22,"quantile",0.4,56.251817996541
"36742",2021-05-15,"47","7  day ahead inc hosp",2021-05-22,"quantile",0.45,58.0629841004063
"36743",2021-05-15,"47","7  day ahead inc hosp",2021-05-22,"quantile",0.5,59.8877930460473
"36744",2021-05-15,"47","7  day ahead inc hosp",2021-05-22,"quantile",0.55,61.7552804560304
"36745",2021-05-15,"47","7  day ahead inc hosp",2021-05-22,"quantile",0.6,63.6972484986628
"36746",2021-05-15,"47","7  day ahead inc hosp",2021-05-22,"quantile",0.65,65.7521939922272
"36747",2021-05-15,"47","7  day ahead inc hosp",2021-05-22,"quantile",0.7,67.9711925289721
"36748",2021-05-15,"47","7  day ahead inc hosp",2021-05-22,"quantile",0.75,70.4283524659238
"36749",2021-05-15,"47","7  day ahead inc hosp",2021-05-22,"quantile",0.8,73.2422651347418
"36750",2021-05-15,"47","7  day ahead inc hosp",2021-05-22,"quantile",0.85,76.6277149444847
"36751",2021-05-15,"47","7  day ahead inc hosp",2021-05-22,"quantile",0.9,81.0525440368395
"36752",2021-05-15,"47","7  day ahead inc hosp",2021-05-22,"quantile",0.95,87.9598848595451
"36753",2021-05-15,"47","7  day ahead inc hosp",2021-05-22,"quantile",0.975,94.3004743921392
"36754",2021-05-15,"47","7  day ahead inc hosp",2021-05-22,"quantile",0.99,102.09700369682
"36755",2021-05-15,"47","8  day ahead inc hosp",2021-05-23,"quantile",0.01,29.5476236406849
"36756",2021-05-15,"47","8  day ahead inc hosp",2021-05-23,"quantile",0.025,32.9724299585903
"36757",2021-05-15,"47","8  day ahead inc hosp",2021-05-23,"quantile",0.05,36.1488753610726
"36758",2021-05-15,"47","8  day ahead inc hosp",2021-05-23,"quantile",0.1,40.0899667194245
"36759",2021-05-15,"47","8  day ahead inc hosp",2021-05-23,"quantile",0.15,42.9252971247489
"36760",2021-05-15,"47","8  day ahead inc hosp",2021-05-23,"quantile",0.2,45.2838958830552
"36761",2021-05-15,"47","8  day ahead inc hosp",2021-05-23,"quantile",0.25,47.3836861626083
"36762",2021-05-15,"47","8  day ahead inc hosp",2021-05-23,"quantile",0.3,49.3308405546812
"36763",2021-05-15,"47","8  day ahead inc hosp",2021-05-23,"quantile",0.35,51.1881707171054
"36764",2021-05-15,"47","8  day ahead inc hosp",2021-05-23,"quantile",0.4,52.9986254695441
"36765",2021-05-15,"47","8  day ahead inc hosp",2021-05-23,"quantile",0.45,54.7955636261596
"36766",2021-05-15,"47","8  day ahead inc hosp",2021-05-23,"quantile",0.5,56.608247875196
"36767",2021-05-15,"47","8  day ahead inc hosp",2021-05-23,"quantile",0.55,58.4655383443933
"36768",2021-05-15,"47","8  day ahead inc hosp",2021-05-23,"quantile",0.6,60.3991872515512
"36769",2021-05-15,"47","8  day ahead inc hosp",2021-05-23,"quantile",0.65,62.4477710667512
"36770",2021-05-15,"47","8  day ahead inc hosp",2021-05-23,"quantile",0.7,64.6626108470758
"36771",2021-05-15,"47","8  day ahead inc hosp",2021-05-23,"quantile",0.75,67.1183178460036
"36772",2021-05-15,"47","8  day ahead inc hosp",2021-05-23,"quantile",0.8,69.9344601743452
"36773",2021-05-15,"47","8  day ahead inc hosp",2021-05-23,"quantile",0.85,73.3278382054999
"36774",2021-05-15,"47","8  day ahead inc hosp",2021-05-23,"quantile",0.9,77.7711843092715
"36775",2021-05-15,"47","8  day ahead inc hosp",2021-05-23,"quantile",0.95,84.7245623719563
"36776",2021-05-15,"47","8  day ahead inc hosp",2021-05-23,"quantile",0.975,91.1242977891091
"36777",2021-05-15,"47","8  day ahead inc hosp",2021-05-23,"quantile",0.99,99.0137159320175
"36778",2021-05-15,"47","9  day ahead inc hosp",2021-05-24,"quantile",0.01,34.786370617052
"36779",2021-05-15,"47","9  day ahead inc hosp",2021-05-24,"quantile",0.025,38.7887806363104
"36780",2021-05-15,"47","9  day ahead inc hosp",2021-05-24,"quantile",0.05,42.4990200173075
"36781",2021-05-15,"47","9  day ahead inc hosp",2021-05-24,"quantile",0.1,47.1001374821602
"36782",2021-05-15,"47","9  day ahead inc hosp",2021-05-24,"quantile",0.15,50.4089190571018
"36783",2021-05-15,"47","9  day ahead inc hosp",2021-05-24,"quantile",0.2,53.1605558901428
"36784",2021-05-15,"47","9  day ahead inc hosp",2021-05-24,"quantile",0.25,55.6096809164219
"36785",2021-05-15,"47","9  day ahead inc hosp",2021-05-24,"quantile",0.3,57.8803195485558
"36786",2021-05-15,"47","9  day ahead inc hosp",2021-05-24,"quantile",0.35,60.0458219086305
"36787",2021-05-15,"47","9  day ahead inc hosp",2021-05-24,"quantile",0.4,62.1563219821687
"36788",2021-05-15,"47","9  day ahead inc hosp",2021-05-24,"quantile",0.45,64.2507390986315
"36789",2021-05-15,"47","9  day ahead inc hosp",2021-05-24,"quantile",0.5,66.3631932614942
"36790",2021-05-15,"47","9  day ahead inc hosp",2021-05-24,"quantile",0.55,68.52731458874
"36791",2021-05-15,"47","9  day ahead inc hosp",2021-05-24,"quantile",0.6,70.780083007689
"36792",2021-05-15,"47","9  day ahead inc hosp",2021-05-24,"quantile",0.65,73.1664063475985
"36793",2021-05-15,"47","9  day ahead inc hosp",2021-05-24,"quantile",0.7,75.7460089317062
"36794",2021-05-15,"47","9  day ahead inc hosp",2021-05-24,"quantile",0.75,78.6056980482378
"36795",2021-05-15,"47","9  day ahead inc hosp",2021-05-24,"quantile",0.8,81.8845622227274
"36796",2021-05-15,"47","9  day ahead inc hosp",2021-05-24,"quantile",0.85,85.8347612337129
"36797",2021-05-15,"47","9  day ahead inc hosp",2021-05-24,"quantile",0.9,91.0060578053204
"36798",2021-05-15,"47","9  day ahead inc hosp",2021-05-24,"quantile",0.95,99.0961670927517
"36799",2021-05-15,"47","9  day ahead inc hosp",2021-05-24,"quantile",0.975,106.539726051896
"36800",2021-05-15,"47","9  day ahead inc hosp",2021-05-24,"quantile",0.99,115.713080227367
"36801",2021-05-15,"47","10  day ahead inc hosp",2021-05-25,"quantile",0.01,29.9887035464176
"36802",2021-05-15,"47","10  day ahead inc hosp",2021-05-25,"quantile",0.025,33.6953148885243
"36803",2021-05-15,"47","10  day ahead inc hosp",2021-05-25,"quantile",0.05,37.1491880428226
"36804",2021-05-15,"47","10  day ahead inc hosp",2021-05-25,"quantile",0.1,41.4534695667621
"36805",2021-05-15,"47","10  day ahead inc hosp",2021-05-25,"quantile",0.15,44.5617704797466
"36806",2021-05-15,"47","10  day ahead inc hosp",2021-05-25,"quantile",0.2,47.1542426857693
"36807",2021-05-15,"47","10  day ahead inc hosp",2021-05-25,"quantile",0.25,49.4670994024621
"36808",2021-05-15,"47","10  day ahead inc hosp",2021-05-25,"quantile",0.3,51.6156948928578
"36809",2021-05-15,"47","10  day ahead inc hosp",2021-05-25,"quantile",0.35,53.668468733248
"36810",2021-05-15,"47","10  day ahead inc hosp",2021-05-25,"quantile",0.4,55.6723932099745
"36811",2021-05-15,"47","10  day ahead inc hosp",2021-05-25,"quantile",0.45,57.6641239066777
"36812",2021-05-15,"47","10  day ahead inc hosp",2021-05-25,"quantile",0.5,59.675988577528
"36813",2021-05-15,"47","10  day ahead inc hosp",2021-05-25,"quantile",0.55,61.7400441721403
"36814",2021-05-15,"47","10  day ahead inc hosp",2021-05-25,"quantile",0.6,63.8917322740926
"36815",2021-05-15,"47","10  day ahead inc hosp",2021-05-25,"quantile",0.65,66.1742807190493
"36816",2021-05-15,"47","10  day ahead inc hosp",2021-05-25,"quantile",0.7,68.6453669897459
"36817",2021-05-15,"47","10  day ahead inc hosp",2021-05-25,"quantile",0.75,71.3890201440287
"36818",2021-05-15,"47","10  day ahead inc hosp",2021-05-25,"quantile",0.8,74.5401083821446
"36819",2021-05-15,"47","10  day ahead inc hosp",2021-05-25,"quantile",0.85,78.3434732305155
"36820",2021-05-15,"47","10  day ahead inc hosp",2021-05-25,"quantile",0.9,83.3335981154485
"36821",2021-05-15,"47","10  day ahead inc hosp",2021-05-25,"quantile",0.95,91.1635255886629
"36822",2021-05-15,"47","10  day ahead inc hosp",2021-05-25,"quantile",0.975,98.3906344527293
"36823",2021-05-15,"47","10  day ahead inc hosp",2021-05-25,"quantile",0.99,107.324658002249
"36824",2021-05-15,"47","11  day ahead inc hosp",2021-05-26,"quantile",0.01,31.4940897271935
"36825",2021-05-15,"47","11  day ahead inc hosp",2021-05-26,"quantile",0.025,35.4584605277007
"36826",2021-05-15,"47","11  day ahead inc hosp",2021-05-26,"quantile",0.05,39.1575875938639
"36827",2021-05-15,"47","11  day ahead inc hosp",2021-05-26,"quantile",0.1,43.7734972126884
"36828",2021-05-15,"47","11  day ahead inc hosp",2021-05-26,"quantile",0.15,47.1105195473725
"36829",2021-05-15,"47","11  day ahead inc hosp",2021-05-26,"quantile",0.2,49.8958976744024
"36830",2021-05-15,"47","11  day ahead inc hosp",2021-05-26,"quantile",0.25,52.3823823017149
"36831",2021-05-15,"47","11  day ahead inc hosp",2021-05-26,"quantile",0.3,54.6934896075906
"36832",2021-05-15,"47","11  day ahead inc hosp",2021-05-26,"quantile",0.35,56.9025639530783
"36833",2021-05-15,"47","11  day ahead inc hosp",2021-05-26,"quantile",0.4,59.0599996661335
"36834",2021-05-15,"47","11  day ahead inc hosp",2021-05-26,"quantile",0.45,61.2051772741153
"36835",2021-05-15,"47","11  day ahead inc hosp",2021-05-26,"quantile",0.5,63.3728825042641
"36836",2021-05-15,"47","11  day ahead inc hosp",2021-05-26,"quantile",0.55,65.5976644615412
"36837",2021-05-15,"47","11  day ahead inc hosp",2021-05-26,"quantile",0.6,67.9177739916458
"36838",2021-05-15,"47","11  day ahead inc hosp",2021-05-26,"quantile",0.65,70.3799181646054
"36839",2021-05-15,"47","11  day ahead inc hosp",2021-05-26,"quantile",0.7,73.046469134271
"36840",2021-05-15,"47","11  day ahead inc hosp",2021-05-26,"quantile",0.75,76.0083505107289
"36841",2021-05-15,"47","11  day ahead inc hosp",2021-05-26,"quantile",0.8,79.4115610052575
"36842",2021-05-15,"47","11  day ahead inc hosp",2021-05-26,"quantile",0.85,83.521241917039
"36843",2021-05-15,"47","11  day ahead inc hosp",2021-05-26,"quantile",0.9,88.9163805885342
"36844",2021-05-15,"47","11  day ahead inc hosp",2021-05-26,"quantile",0.95,97.3883679548213
"36845",2021-05-15,"47","11  day ahead inc hosp",2021-05-26,"quantile",0.975,105.214573620048
"36846",2021-05-15,"47","11  day ahead inc hosp",2021-05-26,"quantile",0.99,114.896918473677
"36847",2021-05-15,"47","12  day ahead inc hosp",2021-05-27,"quantile",0.01,32.7069519875489
"36848",2021-05-15,"47","12  day ahead inc hosp",2021-05-27,"quantile",0.025,36.904835235136
"36849",2021-05-15,"47","12  day ahead inc hosp",2021-05-27,"quantile",0.05,40.8276733220744
"36850",2021-05-15,"47","12  day ahead inc hosp",2021-05-27,"quantile",0.1,45.7296180387581
"36851",2021-05-15,"47","12  day ahead inc hosp",2021-05-27,"quantile",0.15,49.2776579058125
"36852",2021-05-15,"47","12  day ahead inc hosp",2021-05-27,"quantile",0.2,52.2416317380353
"36853",2021-05-15,"47","12  day ahead inc hosp",2021-05-27,"quantile",0.25,54.88930442494
"36854",2021-05-15,"47","12  day ahead inc hosp",2021-05-27,"quantile",0.3,57.3516282370179
"36855",2021-05-15,"47","12  day ahead inc hosp",2021-05-27,"quantile",0.35,59.7064349758092
"36856",2021-05-15,"47","12  day ahead inc hosp",2021-05-27,"quantile",0.4,62.007266545824
"36857",2021-05-15,"47","12  day ahead inc hosp",2021-05-27,"quantile",0.45,64.2960259978457
"36858",2021-05-15,"47","12  day ahead inc hosp",2021-05-27,"quantile",0.5,66.6097903669937
"36859",2021-05-15,"47","12  day ahead inc hosp",2021-05-27,"quantile",0.55,68.985447532314
"36860",2021-05-15,"47","12  day ahead inc hosp",2021-05-27,"quantile",0.6,71.4638997677999
"36861",2021-05-15,"47","12  day ahead inc hosp",2021-05-27,"quantile",0.65,74.0951523818271
"36862",2021-05-15,"47","12  day ahead inc hosp",2021-05-27,"quantile",0.7,76.9460421738822
"36863",2021-05-15,"47","12  day ahead inc hosp",2021-05-27,"quantile",0.75,80.1140642702565
"36864",2021-05-15,"47","12  day ahead inc hosp",2021-05-27,"quantile",0.8,83.7558437080483
"36865",2021-05-15,"47","12  day ahead inc hosp",2021-05-27,"quantile",0.85,88.1559270672352
"36866",2021-05-15,"47","12  day ahead inc hosp",2021-05-27,"quantile",0.9,93.9358957295669
"36867",2021-05-15,"47","12  day ahead inc hosp",2021-05-27,"quantile",0.95,103.019742703983
"36868",2021-05-15,"47","12  day ahead inc hosp",2021-05-27,"quantile",0.975,111.418627371237
"36869",2021-05-15,"47","12  day ahead inc hosp",2021-05-27,"quantile",0.99,121.818387855416
"36870",2021-05-15,"47","13  day ahead inc hosp",2021-05-28,"quantile",0.01,30.3594599500273
"36871",2021-05-15,"47","13  day ahead inc hosp",2021-05-28,"quantile",0.025,34.4447516498242
"36872",2021-05-15,"47","13  day ahead inc hosp",2021-05-28,"quantile",0.05,38.2765925925069
"36873",2021-05-15,"47","13  day ahead inc hosp",2021-05-28,"quantile",0.1,43.0816620001017
"36874",2021-05-15,"47","13  day ahead inc hosp",2021-05-28,"quantile",0.15,46.5699523322334
"36875",2021-05-15,"47","13  day ahead inc hosp",2021-05-28,"quantile",0.2,49.4900516205447
"36876",2021-05-15,"47","13  day ahead inc hosp",2021-05-28,"quantile",0.25,52.1028467933906
"36877",2021-05-15,"47","13  day ahead inc hosp",2021-05-28,"quantile",0.3,54.5361689452729
"36878",2021-05-15,"47","13  day ahead inc hosp",2021-05-28,"quantile",0.35,56.8661717084678
"36879",2021-05-15,"47","13  day ahead inc hosp",2021-05-28,"quantile",0.4,59.145401083202
"36880",2021-05-15,"47","13  day ahead inc hosp",2021-05-28,"quantile",0.45,61.4151357668883
"36881",2021-05-15,"47","13  day ahead inc hosp",2021-05-28,"quantile",0.5,63.7120559539353
"36882",2021-05-15,"47","13  day ahead inc hosp",2021-05-28,"quantile",0.55,66.0728100450924
"36883",2021-05-15,"47","13  day ahead inc hosp",2021-05-28,"quantile",0.6,68.538187540381
"36884",2021-05-15,"47","13  day ahead inc hosp",2021-05-28,"quantile",0.65,71.1582050536848
"36885",2021-05-15,"47","13  day ahead inc hosp",2021-05-28,"quantile",0.7,73.9998625733969
"36886",2021-05-15,"47","13  day ahead inc hosp",2021-05-28,"quantile",0.75,77.1610486442278
"36887",2021-05-15,"47","13  day ahead inc hosp",2021-05-28,"quantile",0.8,80.7992033456909
"36888",2021-05-15,"47","13  day ahead inc hosp",2021-05-28,"quantile",0.85,85.2006191739867
"36889",2021-05-15,"47","13  day ahead inc hosp",2021-05-28,"quantile",0.9,90.9912337854348
"36890",2021-05-15,"47","13  day ahead inc hosp",2021-05-28,"quantile",0.95,100.110550978453
"36891",2021-05-15,"47","13  day ahead inc hosp",2021-05-28,"quantile",0.975,108.560736514404
"36892",2021-05-15,"47","13  day ahead inc hosp",2021-05-28,"quantile",0.99,119.046162506986
"36893",2021-05-15,"47","14  day ahead inc hosp",2021-05-29,"quantile",0.01,19.3623244730758
"36894",2021-05-15,"47","14  day ahead inc hosp",2021-05-29,"quantile",0.025,22.3735112447976
"36895",2021-05-15,"47","14  day ahead inc hosp",2021-05-29,"quantile",0.05,25.2329715335819
"36896",2021-05-15,"47","14  day ahead inc hosp",2021-05-29,"quantile",0.1,28.860523903067
"36897",2021-05-15,"47","14  day ahead inc hosp",2021-05-29,"quantile",0.15,31.5198905349736
"36898",2021-05-15,"47","14  day ahead inc hosp",2021-05-29,"quantile",0.2,33.7612413179214
"36899",2021-05-15,"47","14  day ahead inc hosp",2021-05-29,"quantile",0.25,35.7775821040521
"36900",2021-05-15,"47","14  day ahead inc hosp",2021-05-29,"quantile",0.3,37.6640909035317
"36901",2021-05-15,"47","14  day ahead inc hosp",2021-05-29,"quantile",0.35,39.4779166414933
"36902",2021-05-15,"47","14  day ahead inc hosp",2021-05-29,"quantile",0.4,41.2588956924637
"36903",2021-05-15,"47","14  day ahead inc hosp",2021-05-29,"quantile",0.45,43.038717895923
"36904",2021-05-15,"47","14  day ahead inc hosp",2021-05-29,"quantile",0.5,44.845939432718
"36905",2021-05-15,"47","14  day ahead inc hosp",2021-05-29,"quantile",0.55,46.7094869740572
"36906",2021-05-15,"47","14  day ahead inc hosp",2021-05-29,"quantile",0.6,48.6619437060513
"36907",2021-05-15,"47","14  day ahead inc hosp",2021-05-29,"quantile",0.65,50.7436419249244
"36908",2021-05-15,"47","14  day ahead inc hosp",2021-05-29,"quantile",0.7,53.0089846591867
"36909",2021-05-15,"47","14  day ahead inc hosp",2021-05-29,"quantile",0.75,55.5378512366877
"36910",2021-05-15,"47","14  day ahead inc hosp",2021-05-29,"quantile",0.8,58.4591844466449
"36911",2021-05-15,"47","14  day ahead inc hosp",2021-05-29,"quantile",0.85,62.0081402158927
"36912",2021-05-15,"47","14  day ahead inc hosp",2021-05-29,"quantile",0.9,66.7002637102035
"36913",2021-05-15,"47","14  day ahead inc hosp",2021-05-29,"quantile",0.95,74.138309766696
"36914",2021-05-15,"47","14  day ahead inc hosp",2021-05-29,"quantile",0.975,81.0788361544163
"36915",2021-05-15,"47","14  day ahead inc hosp",2021-05-29,"quantile",0.99,89.7489612789247
"36916",2021-05-15,"47","15  day ahead inc hosp",2021-05-30,"quantile",0.01,24.7361126886378
"36917",2021-05-15,"47","15  day ahead inc hosp",2021-05-30,"quantile",0.025,28.6102922421936
"36918",2021-05-15,"47","15  day ahead inc hosp",2021-05-30,"quantile",0.05,32.2916234502882
"36919",2021-05-15,"47","15  day ahead inc hosp",2021-05-30,"quantile",0.1,36.964619030249
"36920",2021-05-15,"47","15  day ahead inc hosp",2021-05-30,"quantile",0.15,40.3921324519154
"36921",2021-05-15,"47","15  day ahead inc hosp",2021-05-30,"quantile",0.2,43.281896146948
"36922",2021-05-15,"47","15  day ahead inc hosp",2021-05-30,"quantile",0.25,45.8822764066887
"36923",2021-05-15,"47","15  day ahead inc hosp",2021-05-30,"quantile",0.3,48.3157927435766
"36924",2021-05-15,"47","15  day ahead inc hosp",2021-05-30,"quantile",0.35,50.6560416332269
"36925",2021-05-15,"47","15  day ahead inc hosp",2021-05-30,"quantile",0.4,52.9543519014628
"36926",2021-05-15,"47","15  day ahead inc hosp",2021-05-30,"quantile",0.45,55.2515823870097
"36927",2021-05-15,"47","15  day ahead inc hosp",2021-05-30,"quantile",0.5,57.584578154409
"36928",2021-05-15,"47","15  day ahead inc hosp",2021-05-30,"quantile",0.55,59.9906884533351
"36929",2021-05-15,"47","15  day ahead inc hosp",2021-05-30,"quantile",0.6,62.512009082369
"36930",2021-05-15,"47","15  day ahead inc hosp",2021-05-30,"quantile",0.65,65.2006717891459
"36931",2021-05-15,"47","15  day ahead inc hosp",2021-05-30,"quantile",0.7,68.1270196933212
"36932",2021-05-15,"47","15  day ahead inc hosp",2021-05-30,"quantile",0.75,71.3943621149287
"36933",2021-05-15,"47","15  day ahead inc hosp",2021-05-30,"quantile",0.8,75.1694930311993
"36934",2021-05-15,"47","15  day ahead inc hosp",2021-05-30,"quantile",0.85,79.7566424731346
"36935",2021-05-15,"47","15  day ahead inc hosp",2021-05-30,"quantile",0.9,85.8228818119902
"36936",2021-05-15,"47","15  day ahead inc hosp",2021-05-30,"quantile",0.95,95.442383661512
"36937",2021-05-15,"47","15  day ahead inc hosp",2021-05-30,"quantile",0.975,104.421597303918
"36938",2021-05-15,"47","15  day ahead inc hosp",2021-05-30,"quantile",0.99,115.642227552921
"36939",2021-05-15,"47","16  day ahead inc hosp",2021-05-31,"quantile",0.01,29.1043868721427
"36940",2021-05-15,"47","16  day ahead inc hosp",2021-05-31,"quantile",0.025,33.6471288837494
"36941",2021-05-15,"47","16  day ahead inc hosp",2021-05-31,"quantile",0.05,37.962396688414
"36942",2021-05-15,"47","16  day ahead inc hosp",2021-05-31,"quantile",0.1,43.438498093128
"36943",2021-05-15,"47","16  day ahead inc hosp",2021-05-31,"quantile",0.15,47.454082361852
"36944",2021-05-15,"47","16  day ahead inc hosp",2021-05-31,"quantile",0.2,50.8390793415282
"36945",2021-05-15,"47","16  day ahead inc hosp",2021-05-31,"quantile",0.25,53.8846895112833
"36946",2021-05-15,"47","16  day ahead inc hosp",2021-05-31,"quantile",0.3,56.7345390135727
"36947",2021-05-15,"47","16  day ahead inc hosp",2021-05-31,"quantile",0.35,59.4748854938517
"36948",2021-05-15,"47","16  day ahead inc hosp",2021-05-31,"quantile",0.4,62.1658724748735
"36949",2021-05-15,"47","16  day ahead inc hosp",2021-05-31,"quantile",0.45,64.8553602450464
"36950",2021-05-15,"47","16  day ahead inc hosp",2021-05-31,"quantile",0.5,67.5864924102968
"36951",2021-05-15,"47","16  day ahead inc hosp",2021-05-31,"quantile",0.55,70.4029880736714
"36952",2021-05-15,"47","16  day ahead inc hosp",2021-05-31,"quantile",0.6,73.3541079838415
"36953",2021-05-15,"47","16  day ahead inc hosp",2021-05-31,"quantile",0.65,76.5008430976014
"36954",2021-05-15,"47","16  day ahead inc hosp",2021-05-31,"quantile",0.7,79.9254768406536
"36955",2021-05-15,"47","16  day ahead inc hosp",2021-05-31,"quantile",0.75,83.7488402569954
"36956",2021-05-15,"47","16  day ahead inc hosp",2021-05-31,"quantile",0.8,88.1659992813195
"36957",2021-05-15,"47","16  day ahead inc hosp",2021-05-31,"quantile",0.85,93.5327266329289
"36958",2021-05-15,"47","16  day ahead inc hosp",2021-05-31,"quantile",0.9,100.629057172898
"36959",2021-05-15,"47","16  day ahead inc hosp",2021-05-31,"quantile",0.95,111.880213156141
"36960",2021-05-15,"47","16  day ahead inc hosp",2021-05-31,"quantile",0.975,122.380689058479
"36961",2021-05-15,"47","16  day ahead inc hosp",2021-05-31,"quantile",0.99,135.500182008163
"36962",2021-05-15,"47","17  day ahead inc hosp",2021-06-01,"quantile",0.01,26.4266631257609
"36963",2021-05-15,"47","17  day ahead inc hosp",2021-06-01,"quantile",0.025,30.800966546351
"36964",2021-05-15,"47","17  day ahead inc hosp",2021-06-01,"quantile",0.05,34.9790172782556
"36965",2021-05-15,"47","17  day ahead inc hosp",2021-06-01,"quantile",0.1,40.3081457667072
"36966",2021-05-15,"47","17  day ahead inc hosp",2021-06-01,"quantile",0.15,44.2327450036731
"36967",2021-05-15,"47","17  day ahead inc hosp",2021-06-01,"quantile",0.2,47.5508507643096
"36968",2021-05-15,"47","17  day ahead inc hosp",2021-06-01,"quantile",0.25,50.5432997465708
"36969",2021-05-15,"47","17  day ahead inc hosp",2021-06-01,"quantile",0.3,53.3490071856085
"36970",2021-05-15,"47","17  day ahead inc hosp",2021-06-01,"quantile",0.35,56.0516989767769
"36971",2021-05-15,"47","17  day ahead inc hosp",2021-06-01,"quantile",0.4,58.7100215816631
"36972",2021-05-15,"47","17  day ahead inc hosp",2021-06-01,"quantile",0.45,61.3709054264811
"36973",2021-05-15,"47","17  day ahead inc hosp",2021-06-01,"quantile",0.5,64.0769156725404
"36974",2021-05-15,"47","17  day ahead inc hosp",2021-06-01,"quantile",0.55,66.8714411488798
"36975",2021-05-15,"47","17  day ahead inc hosp",2021-06-01,"quantile",0.6,69.8036187475306
"36976",2021-05-15,"47","17  day ahead inc hosp",2021-06-01,"quantile",0.65,72.9345259858897
"36977",2021-05-15,"47","17  day ahead inc hosp",2021-06-01,"quantile",0.7,76.3467999211428
"36978",2021-05-15,"47","17  day ahead inc hosp",2021-06-01,"quantile",0.75,80.1620396691027
"36979",2021-05-15,"47","17  day ahead inc hosp",2021-06-01,"quantile",0.8,84.5768465535963
"36980",2021-05-15,"47","17  day ahead inc hosp",2021-06-01,"quantile",0.85,89.9502279585436
"36981",2021-05-15,"47","17  day ahead inc hosp",2021-06-01,"quantile",0.9,97.0702141064233
"36982",2021-05-15,"47","17  day ahead inc hosp",2021-06-01,"quantile",0.95,108.390307391672
"36983",2021-05-15,"47","17  day ahead inc hosp",2021-06-01,"quantile",0.975,118.986261400831
"36984",2021-05-15,"47","17  day ahead inc hosp",2021-06-01,"quantile",0.99,132.262445989158
"36985",2021-05-15,"47","18  day ahead inc hosp",2021-06-02,"quantile",0.01,23.6459253027217
"36986",2021-05-15,"47","18  day ahead inc hosp",2021-06-02,"quantile",0.025,27.8054055864207
"36987",2021-05-15,"47","18  day ahead inc hosp",2021-06-02,"quantile",0.05,31.801977673901
"36988",2021-05-15,"47","18  day ahead inc hosp",2021-06-02,"quantile",0.1,36.92793971288
"36989",2021-05-15,"47","18  day ahead inc hosp",2021-06-02,"quantile",0.15,40.7204411923674
"36990",2021-05-15,"47","18  day ahead inc hosp",2021-06-02,"quantile",0.2,43.9371064587282
"36991",2021-05-15,"47","18  day ahead inc hosp",2021-06-02,"quantile",0.25,46.8454130672101
"36992",2021-05-15,"47","18  day ahead inc hosp",2021-06-02,"quantile",0.3,49.5780893656745
"36993",2021-05-15,"47","18  day ahead inc hosp",2021-06-02,"quantile",0.35,52.215446711546
"36994",2021-05-15,"47","18  day ahead inc hosp",2021-06-02,"quantile",0.4,54.8140237258249
"36995",2021-05-15,"47","18  day ahead inc hosp",2021-06-02,"quantile",0.45,57.4193404350822
"36996",2021-05-15,"47","18  day ahead inc hosp",2021-06-02,"quantile",0.5,60.0729564220365
"36997",2021-05-15,"47","18  day ahead inc hosp",2021-06-02,"quantile",0.55,62.8175038116634
"36998",2021-05-15,"47","18  day ahead inc hosp",2021-06-02,"quantile",0.6,65.7015217761227
"36999",2021-05-15,"47","18  day ahead inc hosp",2021-06-02,"quantile",0.65,68.7855945354127
"37000",2021-05-15,"47","18  day ahead inc hosp",2021-06-02,"quantile",0.7,72.1519378251458
"37001",2021-05-15,"47","18  day ahead inc hosp",2021-06-02,"quantile",0.75,75.9217894153887
"37002",2021-05-15,"47","18  day ahead inc hosp",2021-06-02,"quantile",0.8,80.2914743900247
"37003",2021-05-15,"47","18  day ahead inc hosp",2021-06-02,"quantile",0.85,85.6199505945047
"37004",2021-05-15,"47","18  day ahead inc hosp",2021-06-02,"quantile",0.9,92.6960905905315
"37005",2021-05-15,"47","18  day ahead inc hosp",2021-06-02,"quantile",0.95,103.979636783236
"37006",2021-05-15,"47","18  day ahead inc hosp",2021-06-02,"quantile",0.975,114.574270301273
"37007",2021-05-15,"47","18  day ahead inc hosp",2021-06-02,"quantile",0.99,127.888343292995
"37008",2021-05-15,"47","19  day ahead inc hosp",2021-06-03,"quantile",0.01,22.0438146539477
"37009",2021-05-15,"47","19  day ahead inc hosp",2021-06-03,"quantile",0.025,26.1135429325959
"37010",2021-05-15,"47","19  day ahead inc hosp",2021-06-03,"quantile",0.05,30.0432557481996
"37011",2021-05-15,"47","19  day ahead inc hosp",2021-06-03,"quantile",0.1,35.1066342977994
"37012",2021-05-15,"47","19  day ahead inc hosp",2021-06-03,"quantile",0.15,38.8671790839746
"37013",2021-05-15,"47","19  day ahead inc hosp",2021-06-03,"quantile",0.2,42.0651284739191
"37014",2021-05-15,"47","19  day ahead inc hosp",2021-06-03,"quantile",0.25,44.9625281173645
"37015",2021-05-15,"47","19  day ahead inc hosp",2021-06-03,"quantile",0.3,47.6897585424694
"37016",2021-05-15,"47","19  day ahead inc hosp",2021-06-03,"quantile",0.35,50.3259711520943
"37017",2021-05-15,"47","19  day ahead inc hosp",2021-06-03,"quantile",0.4,52.9271235747821
"37018",2021-05-15,"47","19  day ahead inc hosp",2021-06-03,"quantile",0.45,55.5384969338398
"37019",2021-05-15,"47","19  day ahead inc hosp",2021-06-03,"quantile",0.5,58.2016583759859
"37020",2021-05-15,"47","19  day ahead inc hosp",2021-06-03,"quantile",0.55,60.9594679832127
"37021",2021-05-15,"47","19  day ahead inc hosp",2021-06-03,"quantile",0.6,63.8609361739863
"37022",2021-05-15,"47","19  day ahead inc hosp",2021-06-03,"quantile",0.65,66.9674385099709
"37023",2021-05-15,"47","19  day ahead inc hosp",2021-06-03,"quantile",0.7,70.3624644909247
"37024",2021-05-15,"47","19  day ahead inc hosp",2021-06-03,"quantile",0.75,74.1693403055756
"37025",2021-05-15,"47","19  day ahead inc hosp",2021-06-03,"quantile",0.8,78.588023688147
"37026",2021-05-15,"47","19  day ahead inc hosp",2021-06-03,"quantile",0.85,83.9844863589007
"37027",2021-05-15,"47","19  day ahead inc hosp",2021-06-03,"quantile",0.9,91.1637965375422
"37028",2021-05-15,"47","19  day ahead inc hosp",2021-06-03,"quantile",0.95,102.639178634672
"37029",2021-05-15,"47","19  day ahead inc hosp",2021-06-03,"quantile",0.975,113.441045220058
"37030",2021-05-15,"47","19  day ahead inc hosp",2021-06-03,"quantile",0.99,127.048159714197
"37031",2021-05-15,"47","20  day ahead inc hosp",2021-06-04,"quantile",0.01,23.1539079387704
"37032",2021-05-15,"47","20  day ahead inc hosp",2021-06-04,"quantile",0.025,27.4936139111584
"37033",2021-05-15,"47","20  day ahead inc hosp",2021-06-04,"quantile",0.05,31.6906580733167
"37034",2021-05-15,"47","20  day ahead inc hosp",2021-06-04,"quantile",0.1,37.1064258804172
"37035",2021-05-15,"47","20  day ahead inc hosp",2021-06-04,"quantile",0.15,41.1335975457242
"37036",2021-05-15,"47","20  day ahead inc hosp",2021-06-04,"quantile",0.2,44.5611530766858
"37037",2021-05-15,"47","20  day ahead inc hosp",2021-06-04,"quantile",0.25,47.6686352354197
"37038",2021-05-15,"47","20  day ahead inc hosp",2021-06-04,"quantile",0.3,50.5952500245316
"37039",2021-05-15,"47","20  day ahead inc hosp",2021-06-04,"quantile",0.35,53.4255966290309
"37040",2021-05-15,"47","20  day ahead inc hosp",2021-06-04,"quantile",0.4,56.2195654156123
"37041",2021-05-15,"47","20  day ahead inc hosp",2021-06-04,"quantile",0.45,59.025698691495
"37042",2021-05-15,"47","20  day ahead inc hosp",2021-06-04,"quantile",0.5,61.8886347035843
"37043",2021-05-15,"47","20  day ahead inc hosp",2021-06-04,"quantile",0.55,64.8544753384509
"37044",2021-05-15,"47","20  day ahead inc hosp",2021-06-04,"quantile",0.6,67.9760099826544
"37045",2021-05-15,"47","20  day ahead inc hosp",2021-06-04,"quantile",0.65,71.3194154217856
"37046",2021-05-15,"47","20  day ahead inc hosp",2021-06-04,"quantile",0.7,74.9747798778128
"37047",2021-05-15,"47","20  day ahead inc hosp",2021-06-04,"quantile",0.75,79.0752478285114
"37048",2021-05-15,"47","20  day ahead inc hosp",2021-06-04,"quantile",0.8,83.8367809719012
"37049",2021-05-15,"47","20  day ahead inc hosp",2021-06-04,"quantile",0.85,89.654768348891
"37050",2021-05-15,"47","20  day ahead inc hosp",2021-06-04,"quantile",0.9,97.3992563436092
"37051",2021-05-15,"47","20  day ahead inc hosp",2021-06-04,"quantile",0.95,109.787331208862
"37052",2021-05-15,"47","20  day ahead inc hosp",2021-06-04,"quantile",0.975,121.457561941092
"37053",2021-05-15,"47","20  day ahead inc hosp",2021-06-04,"quantile",0.99,136.169667469419
"37054",2021-05-15,"47","21  day ahead inc hosp",2021-06-05,"quantile",0.01,19.7244323496234
"37055",2021-05-15,"47","21  day ahead inc hosp",2021-06-05,"quantile",0.025,23.687858590261
"37056",2021-05-15,"47","21  day ahead inc hosp",2021-06-05,"quantile",0.05,27.5500578801311
"37057",2021-05-15,"47","21  day ahead inc hosp",2021-06-05,"quantile",0.1,32.5686342323452
"37058",2021-05-15,"47","21  day ahead inc hosp",2021-06-05,"quantile",0.15,36.3221067210582
"37059",2021-05-15,"47","21  day ahead inc hosp",2021-06-05,"quantile",0.2,39.5293999657326
"37060",2021-05-15,"47","21  day ahead inc hosp",2021-06-05,"quantile",0.25,42.446297689609
"37061",2021-05-15,"47","21  day ahead inc hosp",2021-06-05,"quantile",0.3,45.200703483782
"37062",2021-05-15,"47","21  day ahead inc hosp",2021-06-05,"quantile",0.35,47.8707474589231
"37063",2021-05-15,"47","21  day ahead inc hosp",2021-06-05,"quantile",0.4,50.5121024554227
"37064",2021-05-15,"47","21  day ahead inc hosp",2021-06-05,"quantile",0.45,53.1702436359591
"37065",2021-05-15,"47","21  day ahead inc hosp",2021-06-05,"quantile",0.5,55.8873337856344
"37066",2021-05-15,"47","21  day ahead inc hosp",2021-06-05,"quantile",0.55,58.7072531090746
"37067",2021-05-15,"47","21  day ahead inc hosp",2021-06-05,"quantile",0.6,61.6805675598915
"37068",2021-05-15,"47","21  day ahead inc hosp",2021-06-05,"quantile",0.65,64.8709732048738
"37069",2021-05-15,"47","21  day ahead inc hosp",2021-06-05,"quantile",0.7,68.3654824797543
"37070",2021-05-15,"47","21  day ahead inc hosp",2021-06-05,"quantile",0.75,72.2930111829478
"37071",2021-05-15,"47","21  day ahead inc hosp",2021-06-05,"quantile",0.8,76.8630422224161
"37072",2021-05-15,"47","21  day ahead inc hosp",2021-06-05,"quantile",0.85,82.4596706412131
"37073",2021-05-15,"47","21  day ahead inc hosp",2021-06-05,"quantile",0.9,89.9292912368377
"37074",2021-05-15,"47","21  day ahead inc hosp",2021-06-05,"quantile",0.95,101.919736696687
"37075",2021-05-15,"47","21  day ahead inc hosp",2021-06-05,"quantile",0.975,113.25717221127
"37076",2021-05-15,"47","21  day ahead inc hosp",2021-06-05,"quantile",0.99,127.600115208541
"37077",2021-05-15,"47","22  day ahead inc hosp",2021-06-06,"quantile",0.01,19.8443176374401
"37078",2021-05-15,"47","22  day ahead inc hosp",2021-06-06,"quantile",0.025,23.9286630985277
"37079",2021-05-15,"47","22  day ahead inc hosp",2021-06-06,"quantile",0.05,27.9194618908712
"37080",2021-05-15,"47","22  day ahead inc hosp",2021-06-06,"quantile",0.1,33.1180557268406
"37081",2021-05-15,"47","22  day ahead inc hosp",2021-06-06,"quantile",0.15,37.0141704047317
"37082",2021-05-15,"47","22  day ahead inc hosp",2021-06-06,"quantile",0.2,40.3480328374829
"37083",2021-05-15,"47","22  day ahead inc hosp",2021-06-06,"quantile",0.25,43.3834005575914
"37084",2021-05-15,"47","22  day ahead inc hosp",2021-06-06,"quantile",0.3,46.2523621768165
"37085",2021-05-15,"47","22  day ahead inc hosp",2021-06-06,"quantile",0.35,49.0357540688714
"37086",2021-05-15,"47","22  day ahead inc hosp",2021-06-06,"quantile",0.4,51.7913131017315
"37087",2021-05-15,"47","22  day ahead inc hosp",2021-06-06,"quantile",0.45,54.5663314395905
"37088",2021-05-15,"47","22  day ahead inc hosp",2021-06-06,"quantile",0.5,57.4047844698533
"37089",2021-05-15,"47","22  day ahead inc hosp",2021-06-06,"quantile",0.55,60.3525622103795
"37090",2021-05-15,"47","22  day ahead inc hosp",2021-06-06,"quantile",0.6,63.4626639750984
"37091",2021-05-15,"47","22  day ahead inc hosp",2021-06-06,"quantile",0.65,66.8019627302161
"37092",2021-05-15,"47","22  day ahead inc hosp",2021-06-06,"quantile",0.7,70.4619201948378
"37093",2021-05-15,"47","22  day ahead inc hosp",2021-06-06,"quantile",0.75,74.5781592956325
"37094",2021-05-15,"47","22  day ahead inc hosp",2021-06-06,"quantile",0.8,79.3712000477485
"37095",2021-05-15,"47","22  day ahead inc hosp",2021-06-06,"quantile",0.85,85.2455816381079
"37096",2021-05-15,"47","22  day ahead inc hosp",2021-06-06,"quantile",0.9,93.0931897102424
"37097",2021-05-15,"47","22  day ahead inc hosp",2021-06-06,"quantile",0.95,105.70586253172
"37098",2021-05-15,"47","22  day ahead inc hosp",2021-06-06,"quantile",0.975,117.647009302603
"37099",2021-05-15,"47","22  day ahead inc hosp",2021-06-06,"quantile",0.99,132.772225914356
"37100",2021-05-15,"47","23  day ahead inc hosp",2021-06-07,"quantile",0.01,20.7974324533472
"37101",2021-05-15,"47","23  day ahead inc hosp",2021-06-07,"quantile",0.025,25.1292046596476
"37102",2021-05-15,"47","23  day ahead inc hosp",2021-06-07,"quantile",0.05,29.3675216369851
"37103",2021-05-15,"47","23  day ahead inc hosp",2021-06-07,"quantile",0.1,34.8954492806793
"37104",2021-05-15,"47","23  day ahead inc hosp",2021-06-07,"quantile",0.15,39.0426637594877
"37105",2021-05-15,"47","23  day ahead inc hosp",2021-06-07,"quantile",0.2,42.5938923456378
"37106",2021-05-15,"47","23  day ahead inc hosp",2021-06-07,"quantile",0.25,45.8289602608541
"37107",2021-05-15,"47","23  day ahead inc hosp",2021-06-07,"quantile",0.3,48.8881088716945
"37108",2021-05-15,"47","23  day ahead inc hosp",2021-06-07,"quantile",0.35,51.8572444380253
"37109",2021-05-15,"47","23  day ahead inc hosp",2021-06-07,"quantile",0.4,54.7977978331358
"37110",2021-05-15,"47","23  day ahead inc hosp",2021-06-07,"quantile",0.45,57.7601572843546
"37111",2021-05-15,"47","23  day ahead inc hosp",2021-06-07,"quantile",0.5,60.7912456101873
"37112",2021-05-15,"47","23  day ahead inc hosp",2021-06-07,"quantile",0.55,63.9400944898107
"37113",2021-05-15,"47","23  day ahead inc hosp",2021-06-07,"quantile",0.6,67.2633941401488
"37114",2021-05-15,"47","23  day ahead inc hosp",2021-06-07,"quantile",0.65,70.8327340335853
"37115",2021-05-15,"47","23  day ahead inc hosp",2021-06-07,"quantile",0.7,74.7460848241403
"37116",2021-05-15,"47","23  day ahead inc hosp",2021-06-07,"quantile",0.75,79.1487823679401
"37117",2021-05-15,"47","23  day ahead inc hosp",2021-06-07,"quantile",0.8,84.2772132901747
"37118",2021-05-15,"47","23  day ahead inc hosp",2021-06-07,"quantile",0.85,90.5651341326265
"37119",2021-05-15,"47","23  day ahead inc hosp",2021-06-07,"quantile",0.9,98.9690807235696
"37120",2021-05-15,"47","23  day ahead inc hosp",2021-06-07,"quantile",0.95,112.484168450594
"37121",2021-05-15,"47","23  day ahead inc hosp",2021-06-07,"quantile",0.975,125.28789763392
"37122",2021-05-15,"47","23  day ahead inc hosp",2021-06-07,"quantile",0.99,141.515598956189
"37123",2021-05-15,"47","24  day ahead inc hosp",2021-06-08,"quantile",0.01,19.1301744049795
"37124",2021-05-15,"47","24  day ahead inc hosp",2021-06-08,"quantile",0.025,23.3017202221502
"37125",2021-05-15,"47","24  day ahead inc hosp",2021-06-08,"quantile",0.05,27.4052015065044
"37126",2021-05-15,"47","24  day ahead inc hosp",2021-06-08,"quantile",0.1,32.7836497564714
"37127",2021-05-15,"47","24  day ahead inc hosp",2021-06-08,"quantile",0.15,36.835106401321
"37128",2021-05-15,"47","24  day ahead inc hosp",2021-06-08,"quantile",0.2,40.3139412871237
"37129",2021-05-15,"47","24  day ahead inc hosp",2021-06-08,"quantile",0.25,43.4899602275585
"37130",2021-05-15,"47","24  day ahead inc hosp",2021-06-08,"quantile",0.3,46.498790071515
"37131",2021-05-15,"47","24  day ahead inc hosp",2021-06-08,"quantile",0.35,49.4238203251943
"37132",2021-05-15,"47","24  day ahead inc hosp",2021-06-08,"quantile",0.4,52.324963148684
"37133",2021-05-15,"47","24  day ahead inc hosp",2021-06-08,"quantile",0.45,55.2516323049589
"37134",2021-05-15,"47","24  day ahead inc hosp",2021-06-08,"quantile",0.5,58.250107386257
"37135",2021-05-15,"47","24  day ahead inc hosp",2021-06-08,"quantile",0.55,61.3690019742883
"37136",2021-05-15,"47","24  day ahead inc hosp",2021-06-08,"quantile",0.6,64.6647638244378
"37137",2021-05-15,"47","24  day ahead inc hosp",2021-06-08,"quantile",0.65,68.2089052005838
"37138",2021-05-15,"47","24  day ahead inc hosp",2021-06-08,"quantile",0.7,72.0995154390361
"37139",2021-05-15,"47","24  day ahead inc hosp",2021-06-08,"quantile",0.75,76.4823428046058
"37140",2021-05-15,"47","24  day ahead inc hosp",2021-06-08,"quantile",0.8,81.5947293999174
"37141",2021-05-15,"47","24  day ahead inc hosp",2021-06-08,"quantile",0.85,87.8726134208038
"37142",2021-05-15,"47","24  day ahead inc hosp",2021-06-08,"quantile",0.9,96.2782557780433
"37143",2021-05-15,"47","24  day ahead inc hosp",2021-06-08,"quantile",0.95,109.828229135843
"37144",2021-05-15,"47","24  day ahead inc hosp",2021-06-08,"quantile",0.975,122.696999768923
"37145",2021-05-15,"47","24  day ahead inc hosp",2021-06-08,"quantile",0.99,139.045739859276
"37146",2021-05-15,"47","25  day ahead inc hosp",2021-06-09,"quantile",0.01,18.8146195133093
"37147",2021-05-15,"47","25  day ahead inc hosp",2021-06-09,"quantile",0.025,23.0295985162899
"37148",2021-05-15,"47","25  day ahead inc hosp",2021-06-09,"quantile",0.05,27.1892761862325
"37149",2021-05-15,"47","25  day ahead inc hosp",2021-06-09,"quantile",0.1,32.6575904622105
"37150",2021-05-15,"47","25  day ahead inc hosp",2021-06-09,"quantile",0.15,36.7868049649077
"37151",2021-05-15,"47","25  day ahead inc hosp",2021-06-09,"quantile",0.2,40.3383037379916
"37152",2021-05-15,"47","25  day ahead inc hosp",2021-06-09,"quantile",0.25,43.5848973778854
"37153",2021-05-15,"47","25  day ahead inc hosp",2021-06-09,"quantile",0.3,46.6639750953278
"37154",2021-05-15,"47","25  day ahead inc hosp",2021-06-09,"quantile",0.35,49.6602023403495
"37155",2021-05-15,"47","25  day ahead inc hosp",2021-06-09,"quantile",0.4,52.6345823546658
"37156",2021-05-15,"47","25  day ahead inc hosp",2021-06-09,"quantile",0.45,55.6375966705381
"37157",2021-05-15,"47","25  day ahead inc hosp",2021-06-09,"quantile",0.5,58.7166877860377
"37158",2021-05-15,"47","25  day ahead inc hosp",2021-06-09,"quantile",0.55,61.9218467078167
"37159",2021-05-15,"47","25  day ahead inc hosp",2021-06-09,"quantile",0.6,65.3112678192665
"37160",2021-05-15,"47","25  day ahead inc hosp",2021-06-09,"quantile",0.65,68.9588156473932
"37161",2021-05-15,"47","25  day ahead inc hosp",2021-06-09,"quantile",0.7,72.965942476619
"37162",2021-05-15,"47","25  day ahead inc hosp",2021-06-09,"quantile",0.75,77.4835372983481
"37163",2021-05-15,"47","25  day ahead inc hosp",2021-06-09,"quantile",0.8,82.7574871271078
"37164",2021-05-15,"47","25  day ahead inc hosp",2021-06-09,"quantile",0.85,89.2396869861887
"37165",2021-05-15,"47","25  day ahead inc hosp",2021-06-09,"quantile",0.9,97.9281805489242
"37166",2021-05-15,"47","25  day ahead inc hosp",2021-06-09,"quantile",0.95,111.953886431925
"37167",2021-05-15,"47","25  day ahead inc hosp",2021-06-09,"quantile",0.975,125.29414612952
"37168",2021-05-15,"47","25  day ahead inc hosp",2021-06-09,"quantile",0.99,142.265617984969
"37169",2021-05-15,"47","26  day ahead inc hosp",2021-06-10,"quantile",0.01,19.3215192902127
"37170",2021-05-15,"47","26  day ahead inc hosp",2021-06-10,"quantile",0.025,23.7131873038648
"37171",2021-05-15,"47","26  day ahead inc hosp",2021-06-10,"quantile",0.05,28.0549063938302
"37172",2021-05-15,"47","26  day ahead inc hosp",2021-06-10,"quantile",0.1,33.7717619375047
"37173",2021-05-15,"47","26  day ahead inc hosp",2021-06-10,"quantile",0.15,38.0943827559053
"37174",2021-05-15,"47","26  day ahead inc hosp",2021-06-10,"quantile",0.2,41.8155838282181
"37175",2021-05-15,"47","26  day ahead inc hosp",2021-06-10,"quantile",0.25,45.2197206384015
"37176",2021-05-15,"47","26  day ahead inc hosp",2021-06-10,"quantile",0.3,48.4501405623408
"37177",2021-05-15,"47","26  day ahead inc hosp",2021-06-10,"quantile",0.35,51.5952909300342
"37178",2021-05-15,"47","26  day ahead inc hosp",2021-06-10,"quantile",0.4,54.7189997561872
"37179",2021-05-15,"47","26  day ahead inc hosp",2021-06-10,"quantile",0.45,57.8741821095247
"37180",2021-05-15,"47","26  day ahead inc hosp",2021-06-10,"quantile",0.5,61.1106603969477
"37181",2021-05-15,"47","26  day ahead inc hosp",2021-06-10,"quantile",0.55,64.4810220180384
"37182",2021-05-15,"47","26  day ahead inc hosp",2021-06-10,"quantile",0.6,68.0465673284838
"37183",2021-05-15,"47","26  day ahead inc hosp",2021-06-10,"quantile",0.65,71.8851821770679
"37184",2021-05-15,"47","26  day ahead inc hosp",2021-06-10,"quantile",0.7,76.1039193168313
"37185",2021-05-15,"47","26  day ahead inc hosp",2021-06-10,"quantile",0.75,80.8620786361271
"37186",2021-05-15,"47","26  day ahead inc hosp",2021-06-10,"quantile",0.8,86.4193517588802
"37187",2021-05-15,"47","26  day ahead inc hosp",2021-06-10,"quantile",0.85,93.2531526758166
"37188",2021-05-15,"47","26  day ahead inc hosp",2021-06-10,"quantile",0.9,102.418204348461
"37189",2021-05-15,"47","26  day ahead inc hosp",2021-06-10,"quantile",0.95,117.224467454912
"37190",2021-05-15,"47","26  day ahead inc hosp",2021-06-10,"quantile",0.975,131.318337360464
"37191",2021-05-15,"47","26  day ahead inc hosp",2021-06-10,"quantile",0.99,149.262068271771
"37192",2021-05-15,"47","27  day ahead inc hosp",2021-06-11,"quantile",0.01,18.509864348821
"37193",2021-05-15,"47","27  day ahead inc hosp",2021-06-11,"quantile",0.025,22.8556660314404
"37194",2021-05-15,"47","27  day ahead inc hosp",2021-06-11,"quantile",0.05,27.169393565563
"37195",2021-05-15,"47","27  day ahead inc hosp",2021-06-11,"quantile",0.1,32.8703140416331
"37196",2021-05-15,"47","27  day ahead inc hosp",2021-06-11,"quantile",0.15,37.1938913081077
"37197",2021-05-15,"47","27  day ahead inc hosp",2021-06-11,"quantile",0.2,40.9235419382726
"37198",2021-05-15,"47","27  day ahead inc hosp",2021-06-11,"quantile",0.25,44.3408912739977
"37199",2021-05-15,"47","27  day ahead inc hosp",2021-06-11,"quantile",0.3,47.5882382145017
"37200",2021-05-15,"47","27  day ahead inc hosp",2021-06-11,"quantile",0.35,50.7536345717047
"37201",2021-05-15,"47","27  day ahead inc hosp",2021-06-11,"quantile",0.4,53.9008509798831
"37202",2021-05-15,"47","27  day ahead inc hosp",2021-06-11,"quantile",0.45,57.0829740920073
"37203",2021-05-15,"47","27  day ahead inc hosp",2021-06-11,"quantile",0.5,60.3501997584714
"37204",2021-05-15,"47","27  day ahead inc hosp",2021-06-11,"quantile",0.55,63.7557115543986
"37205",2021-05-15,"47","27  day ahead inc hosp",2021-06-11,"quantile",0.6,67.3616949450015
"37206",2021-05-15,"47","27  day ahead inc hosp",2021-06-11,"quantile",0.65,71.2473401375912
"37207",2021-05-15,"47","27  day ahead inc hosp",2021-06-11,"quantile",0.7,75.5216684561835
"37208",2021-05-15,"47","27  day ahead inc hosp",2021-06-11,"quantile",0.75,80.3470945089636
"37209",2021-05-15,"47","27  day ahead inc hosp",2021-06-11,"quantile",0.8,85.9886119133394
"37210",2021-05-15,"47","27  day ahead inc hosp",2021-06-11,"quantile",0.85,92.9337218370594
"37211",2021-05-15,"47","27  day ahead inc hosp",2021-06-11,"quantile",0.9,102.260163295773
"37212",2021-05-15,"47","27  day ahead inc hosp",2021-06-11,"quantile",0.95,117.35296648156
"37213",2021-05-15,"47","27  day ahead inc hosp",2021-06-11,"quantile",0.975,131.745293214684
"37214",2021-05-15,"47","27  day ahead inc hosp",2021-06-11,"quantile",0.99,150.100057100619
"37215",2021-05-15,"47","28  day ahead inc hosp",2021-06-12,"quantile",0.01,11.6007717125157
"37216",2021-05-15,"47","28  day ahead inc hosp",2021-06-12,"quantile",0.025,14.7558942585923
"37217",2021-05-15,"47","28  day ahead inc hosp",2021-06-12,"quantile",0.05,17.9496417484354
"37218",2021-05-15,"47","28  day ahead inc hosp",2021-06-12,"quantile",0.1,22.2459203718505
"37219",2021-05-15,"47","28  day ahead inc hosp",2021-06-12,"quantile",0.15,25.5515590257895
"37220",2021-05-15,"47","28  day ahead inc hosp",2021-06-12,"quantile",0.2,28.4310604201163
"37221",2021-05-15,"47","28  day ahead inc hosp",2021-06-12,"quantile",0.25,31.0896484316087
"37222",2021-05-15,"47","28  day ahead inc hosp",2021-06-12,"quantile",0.3,33.6322160158893
"37223",2021-05-15,"47","28  day ahead inc hosp",2021-06-12,"quantile",0.35,36.1245994978221
"37224",2021-05-15,"47","28  day ahead inc hosp",2021-06-12,"quantile",0.4,38.615329409962
"37225",2021-05-15,"47","28  day ahead inc hosp",2021-06-12,"quantile",0.45,41.1456232095805
"37226",2021-05-15,"47","28  day ahead inc hosp",2021-06-12,"quantile",0.5,43.7552440419683
"37227",2021-05-15,"47","28  day ahead inc hosp",2021-06-12,"quantile",0.55,46.4870742064213
"37228",2021-05-15,"47","28  day ahead inc hosp",2021-06-12,"quantile",0.6,49.3919619601614
"37229",2021-05-15,"47","28  day ahead inc hosp",2021-06-12,"quantile",0.65,52.5353294366567
"37230",2021-05-15,"47","28  day ahead inc hosp",2021-06-12,"quantile",0.7,56.007899346658
"37231",2021-05-15,"47","28  day ahead inc hosp",2021-06-12,"quantile",0.75,59.9455212673056
"37232",2021-05-15,"47","28  day ahead inc hosp",2021-06-12,"quantile",0.8,64.5706938597372
"37233",2021-05-15,"47","28  day ahead inc hosp",2021-06-12,"quantile",0.85,70.2940402220687
"37234",2021-05-15,"47","28  day ahead inc hosp",2021-06-12,"quantile",0.9,78.0261617989537
"37235",2021-05-15,"47","28  day ahead inc hosp",2021-06-12,"quantile",0.95,90.6381713812171
"37236",2021-05-15,"47","28  day ahead inc hosp",2021-06-12,"quantile",0.975,102.764134840086
"37237",2021-05-15,"47","28  day ahead inc hosp",2021-06-12,"quantile",0.99,118.349102157539
"37238",2021-05-15,"47","29  day ahead inc hosp",2021-06-13,"quantile",0.01,15.419604082704
"37239",2021-05-15,"47","29  day ahead inc hosp",2021-06-13,"quantile",0.025,19.5387797768337
"37240",2021-05-15,"47","29  day ahead inc hosp",2021-06-13,"quantile",0.05,23.6979514481122
"37241",2021-05-15,"47","29  day ahead inc hosp",2021-06-13,"quantile",0.1,29.2803207192341
"37242",2021-05-15,"47","29  day ahead inc hosp",2021-06-13,"quantile",0.15,33.5676617832423
"37243",2021-05-15,"47","29  day ahead inc hosp",2021-06-13,"quantile",0.2,37.297715476491
"37244",2021-05-15,"47","29  day ahead inc hosp",2021-06-13,"quantile",0.25,40.7382957894829
"37245",2021-05-15,"47","29  day ahead inc hosp",2021-06-13,"quantile",0.3,44.0260816616676
"37246",2021-05-15,"47","29  day ahead inc hosp",2021-06-13,"quantile",0.35,47.2467010697755
"37247",2021-05-15,"47","29  day ahead inc hosp",2021-06-13,"quantile",0.4,50.463129899782
"37248",2021-05-15,"47","29  day ahead inc hosp",2021-06-13,"quantile",0.45,53.7287176058345
"37249",2021-05-15,"47","29  day ahead inc hosp",2021-06-13,"quantile",0.5,57.0948015466759
"37250",2021-05-15,"47","29  day ahead inc hosp",2021-06-13,"quantile",0.55,60.6166248253302
"37251",2021-05-15,"47","29  day ahead inc hosp",2021-06-13,"quantile",0.6,64.3595803265951
"37252",2021-05-15,"47","29  day ahead inc hosp",2021-06-13,"quantile",0.65,68.4076984560385
"37253",2021-05-15,"47","29  day ahead inc hosp",2021-06-13,"quantile",0.7,72.8774042719252
"37254",2021-05-15,"47","29  day ahead inc hosp",2021-06-13,"quantile",0.75,77.9429262780739
"37255",2021-05-15,"47","29  day ahead inc hosp",2021-06-13,"quantile",0.8,83.8894891813274
"37256",2021-05-15,"47","29  day ahead inc hosp",2021-06-13,"quantile",0.85,91.2432743142304
"37257",2021-05-15,"47","29  day ahead inc hosp",2021-06-13,"quantile",0.9,101.170702847009
"37258",2021-05-15,"47","29  day ahead inc hosp",2021-06-13,"quantile",0.95,117.347743312714
"37259",2021-05-15,"47","29  day ahead inc hosp",2021-06-13,"quantile",0.975,132.885620293788
"37260",2021-05-15,"47","29  day ahead inc hosp",2021-06-13,"quantile",0.99,152.83674438094
"37261",2021-05-15,"47","30  day ahead inc hosp",2021-06-14,"quantile",0.01,17.3972108757434
"37262",2021-05-15,"47","30  day ahead inc hosp",2021-06-14,"quantile",0.025,22.0435877286914
"37263",2021-05-15,"47","30  day ahead inc hosp",2021-06-14,"quantile",0.05,26.7349262977669
"37264",2021-05-15,"47","30  day ahead inc hosp",2021-06-14,"quantile",0.1,33.0313754609268
"37265",2021-05-15,"47","30  day ahead inc hosp",2021-06-14,"quantile",0.15,37.8670249243868
"37266",2021-05-15,"47","30  day ahead inc hosp",2021-06-14,"quantile",0.2,42.0740477927422
"37267",2021-05-15,"47","30  day ahead inc hosp",2021-06-14,"quantile",0.25,45.9545330449137
"37268",2021-05-15,"47","30  day ahead inc hosp",2021-06-14,"quantile",0.3,49.6626488685967
"37269",2021-05-15,"47","30  day ahead inc hosp",2021-06-14,"quantile",0.35,53.2949777492671
"37270",2021-05-15,"47","30  day ahead inc hosp",2021-06-14,"quantile",0.4,56.9225500572421
"37271",2021-05-15,"47","30  day ahead inc hosp",2021-06-14,"quantile",0.45,60.605536523333
"37272",2021-05-15,"47","30  day ahead inc hosp",2021-06-14,"quantile",0.5,64.4018366054195
"37273",2021-05-15,"47","30  day ahead inc hosp",2021-06-14,"quantile",0.55,68.3737529590961
"37274",2021-05-15,"47","30  day ahead inc hosp",2021-06-14,"quantile",0.6,72.5950334074967
"37275",2021-05-15,"47","30  day ahead inc hosp",2021-06-14,"quantile",0.65,77.1604429662993
"37276",2021-05-15,"47","30  day ahead inc hosp",2021-06-14,"quantile",0.7,82.2012780996181
"37277",2021-05-15,"47","30  day ahead inc hosp",2021-06-14,"quantile",0.75,87.9140205632087
"37278",2021-05-15,"47","30  day ahead inc hosp",2021-06-14,"quantile",0.8,94.6203232945812
"37279",2021-05-15,"47","30  day ahead inc hosp",2021-06-14,"quantile",0.85,102.913567263645
"37280",2021-05-15,"47","30  day ahead inc hosp",2021-06-14,"quantile",0.9,114.109132990106
"37281",2021-05-15,"47","30  day ahead inc hosp",2021-06-14,"quantile",0.95,132.352407670285
"37282",2021-05-15,"47","30  day ahead inc hosp",2021-06-14,"quantile",0.975,149.874648383731
"37283",2021-05-15,"47","30  day ahead inc hosp",2021-06-14,"quantile",0.99,172.373476767485
"37284",2021-05-15,"47","31  day ahead inc hosp",2021-06-15,"quantile",0.01,15.6472546650319
"37285",2021-05-15,"47","31  day ahead inc hosp",2021-06-15,"quantile",0.025,20.0699802186853
"37286",2021-05-15,"47","31  day ahead inc hosp",2021-06-15,"quantile",0.05,24.571483361337
"37287",2021-05-15,"47","31  day ahead inc hosp",2021-06-15,"quantile",0.1,30.656918247843
"37288",2021-05-15,"47","31  day ahead inc hosp",2021-06-15,"quantile",0.15,35.3578581762247
"37289",2021-05-15,"47","31  day ahead inc hosp",2021-06-15,"quantile",0.2,39.4637840169124
"37290",2021-05-15,"47","31  day ahead inc hosp",2021-06-15,"quantile",0.25,43.2626326149992
"37291",2021-05-15,"47","31  day ahead inc hosp",2021-06-15,"quantile",0.3,46.9020604024572
"37292",2021-05-15,"47","31  day ahead inc hosp",2021-06-15,"quantile",0.35,50.4751246088154
"37293",2021-05-15,"47","31  day ahead inc hosp",2021-06-15,"quantile",0.4,54.0507666119486
"37294",2021-05-15,"47","31  day ahead inc hosp",2021-06-15,"quantile",0.45,57.6878673783642
"37295",2021-05-15,"47","31  day ahead inc hosp",2021-06-15,"quantile",0.5,61.4435425726906
"37296",2021-05-15,"47","31  day ahead inc hosp",2021-06-15,"quantile",0.55,65.37968054432
"37297",2021-05-15,"47","31  day ahead inc hosp",2021-06-15,"quantile",0.6,69.5699372249785
"37298",2021-05-15,"47","31  day ahead inc hosp",2021-06-15,"quantile",0.65,74.1093331479561
"37299",2021-05-15,"47","31  day ahead inc hosp",2021-06-15,"quantile",0.7,79.1298832940403
"37300",2021-05-15,"47","31  day ahead inc hosp",2021-06-15,"quantile",0.75,84.8295311010764
"37301",2021-05-15,"47","31  day ahead inc hosp",2021-06-15,"quantile",0.8,91.5327957939434
"37302",2021-05-15,"47","31  day ahead inc hosp",2021-06-15,"quantile",0.85,99.8390760613451
"37303",2021-05-15,"47","31  day ahead inc hosp",2021-06-15,"quantile",0.9,111.078689019179
"37304",2021-05-15,"47","31  day ahead inc hosp",2021-06-15,"quantile",0.95,129.450376127319
"37305",2021-05-15,"47","31  day ahead inc hosp",2021-06-15,"quantile",0.975,147.152548111798
"37306",2021-05-15,"47","31  day ahead inc hosp",2021-06-15,"quantile",0.99,169.951044086429
"37307",2021-05-15,"47","32  day ahead inc hosp",2021-06-16,"quantile",0.01,14.1445862985389
"37308",2021-05-15,"47","32  day ahead inc hosp",2021-06-16,"quantile",0.025,18.3652471650842
"37309",2021-05-15,"47","32  day ahead inc hosp",2021-06-16,"quantile",0.05,22.6955381387938
"37310",2021-05-15,"47","32  day ahead inc hosp",2021-06-16,"quantile",0.1,28.591528965792
"37311",2021-05-15,"47","32  day ahead inc hosp",2021-06-16,"quantile",0.15,33.1724027885323
"37312",2021-05-15,"47","32  day ahead inc hosp",2021-06-16,"quantile",0.2,37.1889422360402
"37313",2021-05-15,"47","32  day ahead inc hosp",2021-06-16,"quantile",0.25,40.9162656616426
"37314",2021-05-15,"47","32  day ahead inc hosp",2021-06-16,"quantile",0.3,44.4961472173313
"37315",2021-05-15,"47","32  day ahead inc hosp",2021-06-16,"quantile",0.35,48.0184785194229
"37316",2021-05-15,"47","32  day ahead inc hosp",2021-06-16,"quantile",0.4,51.5503476310731
"37317",2021-05-15,"47","32  day ahead inc hosp",2021-06-16,"quantile",0.45,55.1495195173841
"37318",2021-05-15,"47","32  day ahead inc hosp",2021-06-16,"quantile",0.5,58.8724696281895
"37319",2021-05-15,"47","32  day ahead inc hosp",2021-06-16,"quantile",0.55,62.7808051442309
"37320",2021-05-15,"47","32  day ahead inc hosp",2021-06-16,"quantile",0.6,66.9482286172102
"37321",2021-05-15,"47","32  day ahead inc hosp",2021-06-16,"quantile",0.65,71.4701770358646
"37322",2021-05-15,"47","32  day ahead inc hosp",2021-06-16,"quantile",0.7,76.4795913481696
"37323",2021-05-15,"47","32  day ahead inc hosp",2021-06-16,"quantile",0.75,82.1761723031048
"37324",2021-05-15,"47","32  day ahead inc hosp",2021-06-16,"quantile",0.8,88.8877739556487
"37325",2021-05-15,"47","32  day ahead inc hosp",2021-06-16,"quantile",0.85,97.220658270742
"37326",2021-05-15,"47","32  day ahead inc hosp",2021-06-16,"quantile",0.9,108.521922596501
"37327",2021-05-15,"47","32  day ahead inc hosp",2021-06-16,"quantile",0.95,127.049382942862
"37328",2021-05-15,"47","32  day ahead inc hosp",2021-06-16,"quantile",0.975,144.956657147673
"37329",2021-05-15,"47","32  day ahead inc hosp",2021-06-16,"quantile",0.99,168.086073717527
"37330",2021-05-15,"47","33  day ahead inc hosp",2021-06-17,"quantile",0.01,13.4675508323549
"37331",2021-05-15,"47","33  day ahead inc hosp",2021-06-17,"quantile",0.025,17.6455119687424
"37332",2021-05-15,"47","33  day ahead inc hosp",2021-06-17,"quantile",0.05,21.9574602080917
"37333",2021-05-15,"47","33  day ahead inc hosp",2021-06-17,"quantile",0.1,27.8595625881417
"37334",2021-05-15,"47","33  day ahead inc hosp",2021-06-17,"quantile",0.15,32.4646291445214
"37335",2021-05-15,"47","33  day ahead inc hosp",2021-06-17,"quantile",0.2,36.5138370566382
"37336",2021-05-15,"47","33  day ahead inc hosp",2021-06-17,"quantile",0.25,40.2797475303903
"37337",2021-05-15,"47","33  day ahead inc hosp",2021-06-17,"quantile",0.3,43.9033348003004
"37338",2021-05-15,"47","33  day ahead inc hosp",2021-06-17,"quantile",0.35,47.4743903766578
"37339",2021-05-15,"47","33  day ahead inc hosp",2021-06-17,"quantile",0.4,51.0602968775159
"37340",2021-05-15,"47","33  day ahead inc hosp",2021-06-17,"quantile",0.45,54.7194217662058
"37341",2021-05-15,"47","33  day ahead inc hosp",2021-06-17,"quantile",0.5,58.5091580672657
"37342",2021-05-15,"47","33  day ahead inc hosp",2021-06-17,"quantile",0.55,62.4924184290582
"37343",2021-05-15,"47","33  day ahead inc hosp",2021-06-17,"quantile",0.6,66.7447471842873
"37344",2021-05-15,"47","33  day ahead inc hosp",2021-06-17,"quantile",0.65,71.3642271078614
"37345",2021-05-15,"47","33  day ahead inc hosp",2021-06-17,"quantile",0.7,76.4877387310585
"37346",2021-05-15,"47","33  day ahead inc hosp",2021-06-17,"quantile",0.75,82.32117092681
"37347",2021-05-15,"47","33  day ahead inc hosp",2021-06-17,"quantile",0.8,89.2028704078558
"37348",2021-05-15,"47","33  day ahead inc hosp",2021-06-17,"quantile",0.85,97.7590214820105
"37349",2021-05-15,"47","33  day ahead inc hosp",2021-06-17,"quantile",0.9,109.382136122246
"37350",2021-05-15,"47","33  day ahead inc hosp",2021-06-17,"quantile",0.95,128.478121010607
"37351",2021-05-15,"47","33  day ahead inc hosp",2021-06-17,"quantile",0.975,146.975784852495
"37352",2021-05-15,"47","33  day ahead inc hosp",2021-06-17,"quantile",0.99,170.917425528602
"37353",2021-05-15,"47","34  day ahead inc hosp",2021-06-18,"quantile",0.01,13.4340818655617
"37354",2021-05-15,"47","34  day ahead inc hosp",2021-06-18,"quantile",0.025,17.7071876579764
"37355",2021-05-15,"47","34  day ahead inc hosp",2021-06-18,"quantile",0.05,22.1345486032818
"37356",2021-05-15,"47","34  day ahead inc hosp",2021-06-18,"quantile",0.1,28.2156509243104
"37357",2021-05-15,"47","34  day ahead inc hosp",2021-06-18,"quantile",0.15,32.9735288660136
"37358",2021-05-15,"47","34  day ahead inc hosp",2021-06-18,"quantile",0.2,37.1648477659467
"37359",2021-05-15,"47","34  day ahead inc hosp",2021-06-18,"quantile",0.25,41.068517978025
"37360",2021-05-15,"47","34  day ahead inc hosp",2021-06-18,"quantile",0.3,44.8291511033449
"37361",2021-05-15,"47","34  day ahead inc hosp",2021-06-18,"quantile",0.35,48.5391338256902
"37362",2021-05-15,"47","34  day ahead inc hosp",2021-06-18,"quantile",0.4,52.2680484822658
"37363",2021-05-15,"47","34  day ahead inc hosp",2021-06-18,"quantile",0.45,56.0764054017199
"37364",2021-05-15,"47","34  day ahead inc hosp",2021-06-18,"quantile",0.5,60.0239272677589
"37365",2021-05-15,"47","34  day ahead inc hosp",2021-06-18,"quantile",0.55,64.1762857984718
"37366",2021-05-15,"47","34  day ahead inc hosp",2021-06-18,"quantile",0.6,68.6125265119181
"37367",2021-05-15,"47","34  day ahead inc hosp",2021-06-18,"quantile",0.65,73.435452827915
"37368",2021-05-15,"47","34  day ahead inc hosp",2021-06-18,"quantile",0.7,78.7887034397021
"37369",2021-05-15,"47","34  day ahead inc hosp",2021-06-18,"quantile",0.75,84.8885136604194
"37370",2021-05-15,"47","34  day ahead inc hosp",2021-06-18,"quantile",0.8,92.0904570771671
"37371",2021-05-15,"47","34  day ahead inc hosp",2021-06-18,"quantile",0.85,101.052950325617
"37372",2021-05-15,"47","34  day ahead inc hosp",2021-06-18,"quantile",0.9,113.240959957455
"37373",2021-05-15,"47","34  day ahead inc hosp",2021-06-18,"quantile",0.95,133.292720343246
"37374",2021-05-15,"47","34  day ahead inc hosp",2021-06-18,"quantile",0.975,152.743920267188
"37375",2021-05-15,"47","34  day ahead inc hosp",2021-06-18,"quantile",0.99,177.953383106497
"37376",2021-05-15,"47","35  day ahead inc hosp",2021-06-19,"quantile",0.01,11.893973139906
"37377",2021-05-15,"47","35  day ahead inc hosp",2021-06-19,"quantile",0.025,15.89959284167
"37378",2021-05-15,"47","35  day ahead inc hosp",2021-06-19,"quantile",0.05,20.0879964262349
"37379",2021-05-15,"47","35  day ahead inc hosp",2021-06-19,"quantile",0.1,25.8877280572631
"37380",2021-05-15,"47","35  day ahead inc hosp",2021-06-19,"quantile",0.15,30.4548477325495
"37381",2021-05-15,"47","35  day ahead inc hosp",2021-06-19,"quantile",0.2,34.4954773776306
"37382",2021-05-15,"47","35  day ahead inc hosp",2021-06-19,"quantile",0.25,38.2713516860548
"37383",2021-05-15,"47","35  day ahead inc hosp",2021-06-19,"quantile",0.3,41.9189713324135
"37384",2021-05-15,"47","35  day ahead inc hosp",2021-06-19,"quantile",0.35,45.5261700876172
"37385",2021-05-15,"47","35  day ahead inc hosp",2021-06-19,"quantile",0.4,49.1596715481016
"37386",2021-05-15,"47","35  day ahead inc hosp",2021-06-19,"quantile",0.45,52.8780364048983
"37387",2021-05-15,"47","35  day ahead inc hosp",2021-06-19,"quantile",0.5,56.7395647892247
"37388",2021-05-15,"47","35  day ahead inc hosp",2021-06-19,"quantile",0.55,60.8088260654904
"37389",2021-05-15,"47","35  day ahead inc hosp",2021-06-19,"quantile",0.6,65.1639614254343
"37390",2021-05-15,"47","35  day ahead inc hosp",2021-06-19,"quantile",0.65,69.9069907165101
"37391",2021-05-15,"47","35  day ahead inc hosp",2021-06-19,"quantile",0.7,75.1808401931909
"37392",2021-05-15,"47","35  day ahead inc hosp",2021-06-19,"quantile",0.75,81.2010805762746
"37393",2021-05-15,"47","35  day ahead inc hosp",2021-06-19,"quantile",0.8,88.3226991873908
"37394",2021-05-15,"47","35  day ahead inc hosp",2021-06-19,"quantile",0.85,97.2038226308418
"37395",2021-05-15,"47","35  day ahead inc hosp",2021-06-19,"quantile",0.9,109.310543037108
"37396",2021-05-15,"47","35  day ahead inc hosp",2021-06-19,"quantile",0.95,129.291711721429
"37397",2021-05-15,"47","35  day ahead inc hosp",2021-06-19,"quantile",0.975,148.737714200269
"37398",2021-05-15,"47","35  day ahead inc hosp",2021-06-19,"quantile",0.99,174.017432638885
"37399",2021-05-15,"47","36  day ahead inc hosp",2021-06-20,"quantile",0.01,11.3137193426332
"37400",2021-05-15,"47","36  day ahead inc hosp",2021-06-20,"quantile",0.025,15.2653305242687
"37401",2021-05-15,"47","36  day ahead inc hosp",2021-06-20,"quantile",0.05,19.4222652460491
"37402",2021-05-15,"47","36  day ahead inc hosp",2021-06-20,"quantile",0.1,25.209115454476
"37403",2021-05-15,"47","36  day ahead inc hosp",2021-06-20,"quantile",0.15,29.7853395207974
"37404",2021-05-15,"47","36  day ahead inc hosp",2021-06-20,"quantile",0.2,33.845386529943
"37405",2021-05-15,"47","36  day ahead inc hosp",2021-06-20,"quantile",0.25,37.6476237177148
"37406",2021-05-15,"47","36  day ahead inc hosp",2021-06-20,"quantile",0.3,41.3273236438019
"37407",2021-05-15,"47","36  day ahead inc hosp",2021-06-20,"quantile",0.35,44.9719489013158
"37408",2021-05-15,"47","36  day ahead inc hosp",2021-06-20,"quantile",0.4,48.648320292219
"37409",2021-05-15,"47","36  day ahead inc hosp",2021-06-20,"quantile",0.45,52.4154383974119
"37410",2021-05-15,"47","36  day ahead inc hosp",2021-06-20,"quantile",0.5,56.3323705751095
"37411",2021-05-15,"47","36  day ahead inc hosp",2021-06-20,"quantile",0.55,60.4648370092077
"37412",2021-05-15,"47","36  day ahead inc hosp",2021-06-20,"quantile",0.6,64.8926455479267
"37413",2021-05-15,"47","36  day ahead inc hosp",2021-06-20,"quantile",0.65,69.7202457036808
"37414",2021-05-15,"47","36  day ahead inc hosp",2021-06-20,"quantile",0.7,75.0942145208177
"37415",2021-05-15,"47","36  day ahead inc hosp",2021-06-20,"quantile",0.75,81.2358928740391
"37416",2021-05-15,"47","36  day ahead inc hosp",2021-06-20,"quantile",0.8,88.5100987529981
"37417",2021-05-15,"47","36  day ahead inc hosp",2021-06-20,"quantile",0.85,97.593703067142
"37418",2021-05-15,"47","36  day ahead inc hosp",2021-06-20,"quantile",0.9,109.995714192825
"37419",2021-05-15,"47","36  day ahead inc hosp",2021-06-20,"quantile",0.95,130.505701342061
"37420",2021-05-15,"47","36  day ahead inc hosp",2021-06-20,"quantile",0.975,150.50791960258
"37421",2021-05-15,"47","36  day ahead inc hosp",2021-06-20,"quantile",0.99,176.561296331238
"37422",2021-05-15,"47","37  day ahead inc hosp",2021-06-21,"quantile",0.01,12.0008394165913
"37423",2021-05-15,"47","37  day ahead inc hosp",2021-06-21,"quantile",0.025,16.2145007323594
"37424",2021-05-15,"47","37  day ahead inc hosp",2021-06-21,"quantile",0.05,20.6510094185069
"37425",2021-05-15,"47","37  day ahead inc hosp",2021-06-21,"quantile",0.1,26.8318427991088
"37426",2021-05-15,"47","37  day ahead inc hosp",2021-06-21,"quantile",0.15,31.7226256376315
"37427",2021-05-15,"47","37  day ahead inc hosp",2021-06-21,"quantile",0.2,36.063517860345
"37428",2021-05-15,"47","37  day ahead inc hosp",2021-06-21,"quantile",0.25,40.1300438091449
"37429",2021-05-15,"47","37  day ahead inc hosp",2021-06-21,"quantile",0.3,44.0665420280172
"37430",2021-05-15,"47","37  day ahead inc hosp",2021-06-21,"quantile",0.35,47.9664027903763
"37431",2021-05-15,"47","37  day ahead inc hosp",2021-06-21,"quantile",0.4,51.901035093366
"37432",2021-05-15,"47","37  day ahead inc hosp",2021-06-21,"quantile",0.45,55.9335461305963
"37433",2021-05-15,"47","37  day ahead inc hosp",2021-06-21,"quantile",0.5,60.1271656965806
"37434",2021-05-15,"47","37  day ahead inc hosp",2021-06-21,"quantile",0.55,64.5522918001873
"37435",2021-05-15,"47","37  day ahead inc hosp",2021-06-21,"quantile",0.6,69.2944550561862
"37436",2021-05-15,"47","37  day ahead inc hosp",2021-06-21,"quantile",0.65,74.4656337161324
"37437",2021-05-15,"47","37  day ahead inc hosp",2021-06-21,"quantile",0.7,80.2230080359495
"37438",2021-05-15,"47","37  day ahead inc hosp",2021-06-21,"quantile",0.75,86.8039709422257
"37439",2021-05-15,"47","37  day ahead inc hosp",2021-06-21,"quantile",0.8,94.5998482591525
"37440",2021-05-15,"47","37  day ahead inc hosp",2021-06-21,"quantile",0.85,104.336772559881
"37441",2021-05-15,"47","37  day ahead inc hosp",2021-06-21,"quantile",0.9,117.633754653039
"37442",2021-05-15,"47","37  day ahead inc hosp",2021-06-21,"quantile",0.95,139.630225780784
"37443",2021-05-15,"47","37  day ahead inc hosp",2021-06-21,"quantile",0.975,161.088552479469
"37444",2021-05-15,"47","37  day ahead inc hosp",2021-06-21,"quantile",0.99,189.04636196961
"37445",2021-05-15,"48","1  day ahead inc hosp",2021-05-16,"quantile",0.01,204.637732512422
"37446",2021-05-15,"48","1  day ahead inc hosp",2021-05-16,"quantile",0.025,213.953515189203
"37447",2021-05-15,"48","1  day ahead inc hosp",2021-05-16,"quantile",0.05,222.216903589721
"37448",2021-05-15,"48","1  day ahead inc hosp",2021-05-16,"quantile",0.1,232.038588935908
"37449",2021-05-15,"48","1  day ahead inc hosp",2021-05-16,"quantile",0.15,238.846744383646
"37450",2021-05-15,"48","1  day ahead inc hosp",2021-05-16,"quantile",0.2,244.363621173175
"37451",2021-05-15,"48","1  day ahead inc hosp",2021-05-16,"quantile",0.25,249.172299865904
"37452",2021-05-15,"48","1  day ahead inc hosp",2021-05-16,"quantile",0.3,253.550810585462
"37453",2021-05-15,"48","1  day ahead inc hosp",2021-05-16,"quantile",0.35,257.659428759542
"37454",2021-05-15,"48","1  day ahead inc hosp",2021-05-16,"quantile",0.4,261.604084365704
"37455",2021-05-15,"48","1  day ahead inc hosp",2021-05-16,"quantile",0.45,265.463526563195
"37456",2021-05-15,"48","1  day ahead inc hosp",2021-05-16,"quantile",0.5,269.303317700788
"37457",2021-05-15,"48","1  day ahead inc hosp",2021-05-16,"quantile",0.55,273.184614403263
"37458",2021-05-15,"48","1  day ahead inc hosp",2021-05-16,"quantile",0.6,277.171259799619
"37459",2021-05-15,"48","1  day ahead inc hosp",2021-05-16,"quantile",0.65,281.337467391478
"37460",2021-05-15,"48","1  day ahead inc hosp",2021-05-16,"quantile",0.7,285.778668488143
"37461",2021-05-15,"48","1  day ahead inc hosp",2021-05-16,"quantile",0.75,290.630193141097
"37462",2021-05-15,"48","1  day ahead inc hosp",2021-05-16,"quantile",0.8,296.105002947845
"37463",2021-05-15,"48","1  day ahead inc hosp",2021-05-16,"quantile",0.85,302.583782516655
"37464",2021-05-15,"48","1  day ahead inc hosp",2021-05-16,"quantile",0.9,310.885929061855
"37465",2021-05-15,"48","1  day ahead inc hosp",2021-05-16,"quantile",0.95,323.503762677894
"37466",2021-05-15,"48","1  day ahead inc hosp",2021-05-16,"quantile",0.975,334.755513183837
"37467",2021-05-15,"48","1  day ahead inc hosp",2021-05-16,"quantile",0.99,348.204306654539
"37468",2021-05-15,"48","2  day ahead inc hosp",2021-05-17,"quantile",0.01,221.877230181529
"37469",2021-05-15,"48","2  day ahead inc hosp",2021-05-17,"quantile",0.025,233.414104756388
"37470",2021-05-15,"48","2  day ahead inc hosp",2021-05-17,"quantile",0.05,243.691312354373
"37471",2021-05-15,"48","2  day ahead inc hosp",2021-05-17,"quantile",0.1,255.957368021319
"37472",2021-05-15,"48","2  day ahead inc hosp",2021-05-17,"quantile",0.15,264.490902142732
"37473",2021-05-15,"48","2  day ahead inc hosp",2021-05-17,"quantile",0.2,271.423846485861
"37474",2021-05-15,"48","2  day ahead inc hosp",2021-05-17,"quantile",0.25,277.479547446199
"37475",2021-05-15,"48","2  day ahead inc hosp",2021-05-17,"quantile",0.3,283.003602813849
"37476",2021-05-15,"48","2  day ahead inc hosp",2021-05-17,"quantile",0.35,288.195708364411
"37477",2021-05-15,"48","2  day ahead inc hosp",2021-05-17,"quantile",0.4,293.188257477695
"37478",2021-05-15,"48","2  day ahead inc hosp",2021-05-17,"quantile",0.45,298.080074387261
"37479",2021-05-15,"48","2  day ahead inc hosp",2021-05-17,"quantile",0.5,302.953849452963
"37480",2021-05-15,"48","2  day ahead inc hosp",2021-05-17,"quantile",0.55,307.887148320101
"37481",2021-05-15,"48","2  day ahead inc hosp",2021-05-17,"quantile",0.6,312.961389829298
"37482",2021-05-15,"48","2  day ahead inc hosp",2021-05-17,"quantile",0.65,318.271672556338
"37483",2021-05-15,"48","2  day ahead inc hosp",2021-05-17,"quantile",0.7,323.940747895156
"37484",2021-05-15,"48","2  day ahead inc hosp",2021-05-17,"quantile",0.75,330.14317823565
"37485",2021-05-15,"48","2  day ahead inc hosp",2021-05-17,"quantile",0.8,337.154229424458
"37486",2021-05-15,"48","2  day ahead inc hosp",2021-05-17,"quantile",0.85,345.466744863418
"37487",2021-05-15,"48","2  day ahead inc hosp",2021-05-17,"quantile",0.9,356.143051260032
"37488",2021-05-15,"48","2  day ahead inc hosp",2021-05-17,"quantile",0.95,372.419755149018
"37489",2021-05-15,"48","2  day ahead inc hosp",2021-05-17,"quantile",0.975,386.983662986832
"37490",2021-05-15,"48","2  day ahead inc hosp",2021-05-17,"quantile",0.99,404.449792374897
"37491",2021-05-15,"48","3  day ahead inc hosp",2021-05-18,"quantile",0.01,210.484227647582
"37492",2021-05-15,"48","3  day ahead inc hosp",2021-05-18,"quantile",0.025,222.9671657413
"37493",2021-05-15,"48","3  day ahead inc hosp",2021-05-18,"quantile",0.05,234.140262987742
"37494",2021-05-15,"48","3  day ahead inc hosp",2021-05-18,"quantile",0.1,247.537516290257
"37495",2021-05-15,"48","3  day ahead inc hosp",2021-05-18,"quantile",0.15,256.895874140367
"37496",2021-05-15,"48","3  day ahead inc hosp",2021-05-18,"quantile",0.2,264.52084900275
"37497",2021-05-15,"48","3  day ahead inc hosp",2021-05-18,"quantile",0.25,271.196587491955
"37498",2021-05-15,"48","3  day ahead inc hosp",2021-05-18,"quantile",0.3,277.298575627234
"37499",2021-05-15,"48","3  day ahead inc hosp",2021-05-18,"quantile",0.35,283.044358715575
"37500",2021-05-15,"48","3  day ahead inc hosp",2021-05-18,"quantile",0.4,288.57867061936
"37501",2021-05-15,"48","3  day ahead inc hosp",2021-05-18,"quantile",0.45,294.01004464904
"37502",2021-05-15,"48","3  day ahead inc hosp",2021-05-18,"quantile",0.5,299.429807469991
"37503",2021-05-15,"48","3  day ahead inc hosp",2021-05-18,"quantile",0.55,304.924157889458
"37504",2021-05-15,"48","3  day ahead inc hosp",2021-05-18,"quantile",0.6,310.584123724225
"37505",2021-05-15,"48","3  day ahead inc hosp",2021-05-18,"quantile",0.65,316.516582294877
"37506",2021-05-15,"48","3  day ahead inc hosp",2021-05-18,"quantile",0.7,322.86005406272
"37507",2021-05-15,"48","3  day ahead inc hosp",2021-05-18,"quantile",0.75,329.81212285603
"37508",2021-05-15,"48","3  day ahead inc hosp",2021-05-18,"quantile",0.8,337.685047363573
"37509",2021-05-15,"48","3  day ahead inc hosp",2021-05-18,"quantile",0.85,347.038865207038
"37510",2021-05-15,"48","3  day ahead inc hosp",2021-05-18,"quantile",0.9,359.082606092844
"37511",2021-05-15,"48","3  day ahead inc hosp",2021-05-18,"quantile",0.95,377.506496572853
"37512",2021-05-15,"48","3  day ahead inc hosp",2021-05-18,"quantile",0.975,394.052758990368
"37513",2021-05-15,"48","3  day ahead inc hosp",2021-05-18,"quantile",0.99,413.968650669894
"37514",2021-05-15,"48","4  day ahead inc hosp",2021-05-19,"quantile",0.01,190.553682706786
"37515",2021-05-15,"48","4  day ahead inc hosp",2021-05-19,"quantile",0.025,203.314792889108
"37516",2021-05-15,"48","4  day ahead inc hosp",2021-05-19,"quantile",0.05,214.793583761497
"37517",2021-05-15,"48","4  day ahead inc hosp",2021-05-19,"quantile",0.1,228.623617897227
"37518",2021-05-15,"48","4  day ahead inc hosp",2021-05-19,"quantile",0.15,238.324799298084
"37519",2021-05-15,"48","4  day ahead inc hosp",2021-05-19,"quantile",0.2,246.252576076293
"37520",2021-05-15,"48","4  day ahead inc hosp",2021-05-19,"quantile",0.25,253.210113668788
"37521",2021-05-15,"48","4  day ahead inc hosp",2021-05-19,"quantile",0.3,259.582907941337
"37522",2021-05-15,"48","4  day ahead inc hosp",2021-05-19,"quantile",0.35,265.594930632009
"37523",2021-05-15,"48","4  day ahead inc hosp",2021-05-19,"quantile",0.4,271.3957413636
"37524",2021-05-15,"48","4  day ahead inc hosp",2021-05-19,"quantile",0.45,277.098032706546
"37525",2021-05-15,"48","4  day ahead inc hosp",2021-05-19,"quantile",0.5,282.797186506528
"37526",2021-05-15,"48","4  day ahead inc hosp",2021-05-19,"quantile",0.55,288.583803628325
"37527",2021-05-15,"48","4  day ahead inc hosp",2021-05-19,"quantile",0.6,294.554148467225
"37528",2021-05-15,"48","4  day ahead inc hosp",2021-05-19,"quantile",0.65,300.821841007624
"37529",2021-05-15,"48","4  day ahead inc hosp",2021-05-19,"quantile",0.7,307.534743822016
"37530",2021-05-15,"48","4  day ahead inc hosp",2021-05-19,"quantile",0.75,314.904402046531
"37531",2021-05-15,"48","4  day ahead inc hosp",2021-05-19,"quantile",0.8,323.265875766147
"37532",2021-05-15,"48","4  day ahead inc hosp",2021-05-19,"quantile",0.85,333.221127460701
"37533",2021-05-15,"48","4  day ahead inc hosp",2021-05-19,"quantile",0.9,346.071707446532
"37534",2021-05-15,"48","4  day ahead inc hosp",2021-05-19,"quantile",0.95,365.797454966703
"37535",2021-05-15,"48","4  day ahead inc hosp",2021-05-19,"quantile",0.975,383.579131547409
"37536",2021-05-15,"48","4  day ahead inc hosp",2021-05-19,"quantile",0.99,405.060566003066
"37537",2021-05-15,"48","5  day ahead inc hosp",2021-05-20,"quantile",0.01,194.554089265668
"37538",2021-05-15,"48","5  day ahead inc hosp",2021-05-20,"quantile",0.025,208.607801774394
"37539",2021-05-15,"48","5  day ahead inc hosp",2021-05-20,"quantile",0.05,221.292087983562
"37540",2021-05-15,"48","5  day ahead inc hosp",2021-05-20,"quantile",0.1,236.624543245512
"37541",2021-05-15,"48","5  day ahead inc hosp",2021-05-20,"quantile",0.15,247.410193201563
"37542",2021-05-15,"48","5  day ahead inc hosp",2021-05-20,"quantile",0.2,256.24191575714
"37543",2021-05-15,"48","5  day ahead inc hosp",2021-05-20,"quantile",0.25,264.005371229171
"37544",2021-05-15,"48","5  day ahead inc hosp",2021-05-20,"quantile",0.3,271.126335859112
"37545",2021-05-15,"48","5  day ahead inc hosp",2021-05-20,"quantile",0.35,277.85266243961
"37546",2021-05-15,"48","5  day ahead inc hosp",2021-05-20,"quantile",0.4,284.35027806696
"37547",2021-05-15,"48","5  day ahead inc hosp",2021-05-20,"quantile",0.45,290.744621123192
"37548",2021-05-15,"48","5  day ahead inc hosp",2021-05-20,"quantile",0.5,297.142284525348
"37549",2021-05-15,"48","5  day ahead inc hosp",2021-05-20,"quantile",0.55,303.644954193139
"37550",2021-05-15,"48","5  day ahead inc hosp",2021-05-20,"quantile",0.6,310.361116339962
"37551",2021-05-15,"48","5  day ahead inc hosp",2021-05-20,"quantile",0.65,317.419262811815
"37552",2021-05-15,"48","5  day ahead inc hosp",2021-05-20,"quantile",0.7,324.987061757833
"37553",2021-05-15,"48","5  day ahead inc hosp",2021-05-20,"quantile",0.75,333.304869341681
"37554",2021-05-15,"48","5  day ahead inc hosp",2021-05-20,"quantile",0.8,342.753930246918
"37555",2021-05-15,"48","5  day ahead inc hosp",2021-05-20,"quantile",0.85,354.019954977743
"37556",2021-05-15,"48","5  day ahead inc hosp",2021-05-20,"quantile",0.9,368.587089584966
"37557",2021-05-15,"48","5  day ahead inc hosp",2021-05-20,"quantile",0.95,390.998978330949
"37558",2021-05-15,"48","5  day ahead inc hosp",2021-05-20,"quantile",0.975,411.252264605863
"37559",2021-05-15,"48","5  day ahead inc hosp",2021-05-20,"quantile",0.99,435.779121731175
"37560",2021-05-15,"48","6  day ahead inc hosp",2021-05-21,"quantile",0.01,187.555445685741
"37561",2021-05-15,"48","6  day ahead inc hosp",2021-05-21,"quantile",0.025,202.224680413268
"37562",2021-05-15,"48","6  day ahead inc hosp",2021-05-21,"quantile",0.05,215.515040992308
"37563",2021-05-15,"48","6  day ahead inc hosp",2021-05-21,"quantile",0.1,231.639244453471
"37564",2021-05-15,"48","6  day ahead inc hosp",2021-05-21,"quantile",0.15,243.018058164849
"37565",2021-05-15,"48","6  day ahead inc hosp",2021-05-21,"quantile",0.2,252.356480318649
"37566",2021-05-15,"48","6  day ahead inc hosp",2021-05-21,"quantile",0.25,260.580282790703
"37567",2021-05-15,"48","6  day ahead inc hosp",2021-05-21,"quantile",0.3,268.135339241387
"37568",2021-05-15,"48","6  day ahead inc hosp",2021-05-21,"quantile",0.35,275.281772346166
"37569",2021-05-15,"48","6  day ahead inc hosp",2021-05-21,"quantile",0.4,282.194226490345
"37570",2021-05-15,"48","6  day ahead inc hosp",2021-05-21,"quantile",0.45,289.005224226427
"37571",2021-05-15,"48","6  day ahead inc hosp",2021-05-21,"quantile",0.5,295.827883741663
"37572",2021-05-15,"48","6  day ahead inc hosp",2021-05-21,"quantile",0.55,302.770635122062
"37573",2021-05-15,"48","6  day ahead inc hosp",2021-05-21,"quantile",0.6,309.949686795525
"37574",2021-05-15,"48","6  day ahead inc hosp",2021-05-21,"quantile",0.65,317.503205611713
"37575",2021-05-15,"48","6  day ahead inc hosp",2021-05-21,"quantile",0.7,325.612018338985
"37576",2021-05-15,"48","6  day ahead inc hosp",2021-05-21,"quantile",0.75,334.535905937409
"37577",2021-05-15,"48","6  day ahead inc hosp",2021-05-21,"quantile",0.8,344.687576563458
"37578",2021-05-15,"48","6  day ahead inc hosp",2021-05-21,"quantile",0.85,356.810249278098
"37579",2021-05-15,"48","6  day ahead inc hosp",2021-05-21,"quantile",0.9,372.514349661844
"37580",2021-05-15,"48","6  day ahead inc hosp",2021-05-21,"quantile",0.95,396.73666438005
"37581",2021-05-15,"48","6  day ahead inc hosp",2021-05-21,"quantile",0.975,418.686024911094
"37582",2021-05-15,"48","6  day ahead inc hosp",2021-05-21,"quantile",0.99,445.338116825513
"37583",2021-05-15,"48","7  day ahead inc hosp",2021-05-22,"quantile",0.01,171.167810609754
"37584",2021-05-15,"48","7  day ahead inc hosp",2021-05-22,"quantile",0.025,185.747939643931
"37585",2021-05-15,"48","7  day ahead inc hosp",2021-05-22,"quantile",0.05,199.015916766947
"37586",2021-05-15,"48","7  day ahead inc hosp",2021-05-22,"quantile",0.1,215.181368915435
"37587",2021-05-15,"48","7  day ahead inc hosp",2021-05-22,"quantile",0.15,226.63121398049
"37588",2021-05-15,"48","7  day ahead inc hosp",2021-05-22,"quantile",0.2,236.052257345145
"37589",2021-05-15,"48","7  day ahead inc hosp",2021-05-22,"quantile",0.25,244.366140020937
"37590",2021-05-15,"48","7  day ahead inc hosp",2021-05-22,"quantile",0.3,252.017692342221
"37591",2021-05-15,"48","7  day ahead inc hosp",2021-05-22,"quantile",0.35,259.267095209267
"37592",2021-05-15,"48","7  day ahead inc hosp",2021-05-22,"quantile",0.4,266.28962144164
"37593",2021-05-15,"48","7  day ahead inc hosp",2021-05-22,"quantile",0.45,273.218849215329
"37594",2021-05-15,"48","7  day ahead inc hosp",2021-05-22,"quantile",0.5,280.169388805632
"37595",2021-05-15,"48","7  day ahead inc hosp",2021-05-22,"quantile",0.55,287.251705987961
"37596",2021-05-15,"48","7  day ahead inc hosp",2021-05-22,"quantile",0.6,294.584803231556
"37597",2021-05-15,"48","7  day ahead inc hosp",2021-05-22,"quantile",0.65,302.310781780234
"37598",2021-05-15,"48","7  day ahead inc hosp",2021-05-22,"quantile",0.7,310.616234505965
"37599",2021-05-15,"48","7  day ahead inc hosp",2021-05-22,"quantile",0.75,319.769874972072
"37600",2021-05-15,"48","7  day ahead inc hosp",2021-05-22,"quantile",0.8,330.199357463544
"37601",2021-05-15,"48","7  day ahead inc hosp",2021-05-22,"quantile",0.85,342.675882779492
"37602",2021-05-15,"48","7  day ahead inc hosp",2021-05-22,"quantile",0.9,358.87261863948
"37603",2021-05-15,"48","7  day ahead inc hosp",2021-05-22,"quantile",0.95,383.926358475507
"37604",2021-05-15,"48","7  day ahead inc hosp",2021-05-22,"quantile",0.975,406.699419827037
"37605",2021-05-15,"48","7  day ahead inc hosp",2021-05-22,"quantile",0.99,434.435273824576
"37606",2021-05-15,"48","8  day ahead inc hosp",2021-05-23,"quantile",0.01,160.150461506661
"37607",2021-05-15,"48","8  day ahead inc hosp",2021-05-23,"quantile",0.025,174.817329615976
"37608",2021-05-15,"48","8  day ahead inc hosp",2021-05-23,"quantile",0.05,188.217978299143
"37609",2021-05-15,"48","8  day ahead inc hosp",2021-05-23,"quantile",0.1,204.60815552149
"37610",2021-05-15,"48","8  day ahead inc hosp",2021-05-23,"quantile",0.15,216.255852912128
"37611",2021-05-15,"48","8  day ahead inc hosp",2021-05-23,"quantile",0.2,225.862146413701
"37612",2021-05-15,"48","8  day ahead inc hosp",2021-05-23,"quantile",0.25,234.355503239981
"37613",2021-05-15,"48","8  day ahead inc hosp",2021-05-23,"quantile",0.3,242.184925722874
"37614",2021-05-15,"48","8  day ahead inc hosp",2021-05-23,"quantile",0.35,249.613656397231
"37615",2021-05-15,"48","8  day ahead inc hosp",2021-05-23,"quantile",0.4,256.819580951558
"37616",2021-05-15,"48","8  day ahead inc hosp",2021-05-23,"quantile",0.45,263.938809157945
"37617",2021-05-15,"48","8  day ahead inc hosp",2021-05-23,"quantile",0.5,271.088673842246
"37618",2021-05-15,"48","8  day ahead inc hosp",2021-05-23,"quantile",0.55,278.382826653718
"37619",2021-05-15,"48","8  day ahead inc hosp",2021-05-23,"quantile",0.6,285.944267926682
"37620",2021-05-15,"48","8  day ahead inc hosp",2021-05-23,"quantile",0.65,293.920436523104
"37621",2021-05-15,"48","8  day ahead inc hosp",2021-05-23,"quantile",0.7,302.505500650294
"37622",2021-05-15,"48","8  day ahead inc hosp",2021-05-23,"quantile",0.75,311.979678563024
"37623",2021-05-15,"48","8  day ahead inc hosp",2021-05-23,"quantile",0.8,322.789628012165
"37624",2021-05-15,"48","8  day ahead inc hosp",2021-05-23,"quantile",0.85,335.741802549868
"37625",2021-05-15,"48","8  day ahead inc hosp",2021-05-23,"quantile",0.9,352.587808522437
"37626",2021-05-15,"48","8  day ahead inc hosp",2021-05-23,"quantile",0.95,378.712389926072
"37627",2021-05-15,"48","8  day ahead inc hosp",2021-05-23,"quantile",0.975,402.524195542226
"37628",2021-05-15,"48","8  day ahead inc hosp",2021-05-23,"quantile",0.99,431.602967655806
"37629",2021-05-15,"48","9  day ahead inc hosp",2021-05-24,"quantile",0.01,167.916888454648
"37630",2021-05-15,"48","9  day ahead inc hosp",2021-05-24,"quantile",0.025,183.88723805014
"37631",2021-05-15,"48","9  day ahead inc hosp",2021-05-24,"quantile",0.05,198.510991654297
"37632",2021-05-15,"48","9  day ahead inc hosp",2021-05-24,"quantile",0.1,216.434885110287
"37633",2021-05-15,"48","9  day ahead inc hosp",2021-05-24,"quantile",0.15,229.195661620633
"37634",2021-05-15,"48","9  day ahead inc hosp",2021-05-24,"quantile",0.2,239.733383092993
"37635",2021-05-15,"48","9  day ahead inc hosp",2021-05-24,"quantile",0.25,249.059821853798
"37636",2021-05-15,"48","9  day ahead inc hosp",2021-05-24,"quantile",0.3,257.664793641687
"37637",2021-05-15,"48","9  day ahead inc hosp",2021-05-24,"quantile",0.35,265.835844020826
"37638",2021-05-15,"48","9  day ahead inc hosp",2021-05-24,"quantile",0.4,273.767613727844
"37639",2021-05-15,"48","9  day ahead inc hosp",2021-05-24,"quantile",0.45,281.609358632422
"37640",2021-05-15,"48","9  day ahead inc hosp",2021-05-24,"quantile",0.5,289.490075294489
"37641",2021-05-15,"48","9  day ahead inc hosp",2021-05-24,"quantile",0.55,297.535049957966
"37642",2021-05-15,"48","9  day ahead inc hosp",2021-05-24,"quantile",0.6,305.880212434509
"37643",2021-05-15,"48","9  day ahead inc hosp",2021-05-24,"quantile",0.65,314.688835416887
"37644",2021-05-15,"48","9  day ahead inc hosp",2021-05-24,"quantile",0.7,324.176275571731
"37645",2021-05-15,"48","9  day ahead inc hosp",2021-05-24,"quantile",0.75,334.653682796647
"37646",2021-05-15,"48","9  day ahead inc hosp",2021-05-24,"quantile",0.8,346.617430485065
"37647",2021-05-15,"48","9  day ahead inc hosp",2021-05-24,"quantile",0.85,360.964320017451
"37648",2021-05-15,"48","9  day ahead inc hosp",2021-05-24,"quantile",0.9,379.643358824907
"37649",2021-05-15,"48","9  day ahead inc hosp",2021-05-24,"quantile",0.95,408.650405987256
"37650",2021-05-15,"48","9  day ahead inc hosp",2021-05-24,"quantile",0.975,435.128635165284
"37651",2021-05-15,"48","9  day ahead inc hosp",2021-05-24,"quantile",0.99,467.510201279504
"37652",2021-05-15,"48","10  day ahead inc hosp",2021-05-25,"quantile",0.01,156.513318033209
"37653",2021-05-15,"48","10  day ahead inc hosp",2021-05-25,"quantile",0.025,172.381132156935
"37654",2021-05-15,"48","10  day ahead inc hosp",2021-05-25,"quantile",0.05,186.967692100937
"37655",2021-05-15,"48","10  day ahead inc hosp",2021-05-25,"quantile",0.1,204.912684920741
"37656",2021-05-15,"48","10  day ahead inc hosp",2021-05-25,"quantile",0.15,217.729418487753
"37657",2021-05-15,"48","10  day ahead inc hosp",2021-05-25,"quantile",0.2,228.337130648328
"37658",2021-05-15,"48","10  day ahead inc hosp",2021-05-25,"quantile",0.25,237.742466601814
"37659",2021-05-15,"48","10  day ahead inc hosp",2021-05-25,"quantile",0.3,246.433694879388
"37660",2021-05-15,"48","10  day ahead inc hosp",2021-05-25,"quantile",0.35,254.698119759887
"37661",2021-05-15,"48","10  day ahead inc hosp",2021-05-25,"quantile",0.4,262.730811236441
"37662",2021-05-15,"48","10  day ahead inc hosp",2021-05-25,"quantile",0.45,270.681935741111
"37663",2021-05-15,"48","10  day ahead inc hosp",2021-05-25,"quantile",0.5,278.681867131759
"37664",2021-05-15,"48","10  day ahead inc hosp",2021-05-25,"quantile",0.55,286.857828722032
"37665",2021-05-15,"48","10  day ahead inc hosp",2021-05-25,"quantile",0.6,295.348452163293
"37666",2021-05-15,"48","10  day ahead inc hosp",2021-05-25,"quantile",0.65,304.32085051994
"37667",2021-05-15,"48","10  day ahead inc hosp",2021-05-25,"quantile",0.7,313.996041939526
"37668",2021-05-15,"48","10  day ahead inc hosp",2021-05-25,"quantile",0.75,324.693982081072
"37669",2021-05-15,"48","10  day ahead inc hosp",2021-05-25,"quantile",0.8,336.925823277523
"37670",2021-05-15,"48","10  day ahead inc hosp",2021-05-25,"quantile",0.85,351.616109749532
"37671",2021-05-15,"48","10  day ahead inc hosp",2021-05-25,"quantile",0.9,370.776227899514
"37672",2021-05-15,"48","10  day ahead inc hosp",2021-05-25,"quantile",0.95,400.601593733593
"37673",2021-05-15,"48","10  day ahead inc hosp",2021-05-25,"quantile",0.975,427.896900465252
"37674",2021-05-15,"48","10  day ahead inc hosp",2021-05-25,"quantile",0.99,461.361244180928
"37675",2021-05-15,"48","11  day ahead inc hosp",2021-05-26,"quantile",0.01,153.892268851138
"37676",2021-05-15,"48","11  day ahead inc hosp",2021-05-26,"quantile",0.025,170.235902766652
"37677",2021-05-15,"48","11  day ahead inc hosp",2021-05-26,"quantile",0.05,185.304581207197
"37678",2021-05-15,"48","11  day ahead inc hosp",2021-05-26,"quantile",0.1,203.895331478142
"37679",2021-05-15,"48","11  day ahead inc hosp",2021-05-26,"quantile",0.15,217.205595729353
"37680",2021-05-15,"48","11  day ahead inc hosp",2021-05-26,"quantile",0.2,228.24055177967
"37681",2021-05-15,"48","11  day ahead inc hosp",2021-05-26,"quantile",0.25,238.038089032027
"37682",2021-05-15,"48","11  day ahead inc hosp",2021-05-26,"quantile",0.3,247.10237235201
"37683",2021-05-15,"48","11  day ahead inc hosp",2021-05-26,"quantile",0.35,255.730590606738
"37684",2021-05-15,"48","11  day ahead inc hosp",2021-05-26,"quantile",0.4,264.124997463705
"37685",2021-05-15,"48","11  day ahead inc hosp",2021-05-26,"quantile",0.45,272.441752517232
"37686",2021-05-15,"48","11  day ahead inc hosp",2021-05-26,"quantile",0.5,280.816901986988
"37687",2021-05-15,"48","11  day ahead inc hosp",2021-05-26,"quantile",0.55,289.383679183618
"37688",2021-05-15,"48","11  day ahead inc hosp",2021-05-26,"quantile",0.6,298.287738297548
"37689",2021-05-15,"48","11  day ahead inc hosp",2021-05-26,"quantile",0.65,307.705125731995
"37690",2021-05-15,"48","11  day ahead inc hosp",2021-05-26,"quantile",0.7,317.869142406791
"37691",2021-05-15,"48","11  day ahead inc hosp",2021-05-26,"quantile",0.75,329.118016124043
"37692",2021-05-15,"48","11  day ahead inc hosp",2021-05-26,"quantile",0.8,341.992664548537
"37693",2021-05-15,"48","11  day ahead inc hosp",2021-05-26,"quantile",0.85,357.47229009234
"37694",2021-05-15,"48","11  day ahead inc hosp",2021-05-26,"quantile",0.9,377.688838970514
"37695",2021-05-15,"48","11  day ahead inc hosp",2021-05-26,"quantile",0.95,409.215142170365
"37696",2021-05-15,"48","11  day ahead inc hosp",2021-05-26,"quantile",0.975,438.122670646816
"37697",2021-05-15,"48","11  day ahead inc hosp",2021-05-26,"quantile",0.99,473.629868475533
"37698",2021-05-15,"48","12  day ahead inc hosp",2021-05-27,"quantile",0.01,147.683005517999
"37699",2021-05-15,"48","12  day ahead inc hosp",2021-05-27,"quantile",0.025,164.165800014159
"37700",2021-05-15,"48","12  day ahead inc hosp",2021-05-27,"quantile",0.05,179.413262101581
"37701",2021-05-15,"48","12  day ahead inc hosp",2021-05-27,"quantile",0.1,198.284071372949
"37702",2021-05-15,"48","12  day ahead inc hosp",2021-05-27,"quantile",0.15,211.831395896589
"37703",2021-05-15,"48","12  day ahead inc hosp",2021-05-27,"quantile",0.2,223.084134784984
"37704",2021-05-15,"48","12  day ahead inc hosp",2021-05-27,"quantile",0.25,233.090187658124
"37705",2021-05-15,"48","12  day ahead inc hosp",2021-05-27,"quantile",0.3,242.359423356805
"37706",2021-05-15,"48","12  day ahead inc hosp",2021-05-27,"quantile",0.35,251.192997759096
"37707",2021-05-15,"48","12  day ahead inc hosp",2021-05-27,"quantile",0.4,259.796403123149
"37708",2021-05-15,"48","12  day ahead inc hosp",2021-05-27,"quantile",0.45,268.328827672583
"37709",2021-05-15,"48","12  day ahead inc hosp",2021-05-27,"quantile",0.5,276.929490291037
"37710",2021-05-15,"48","12  day ahead inc hosp",2021-05-27,"quantile",0.55,285.735270535141
"37711",2021-05-15,"48","12  day ahead inc hosp",2021-05-27,"quantile",0.6,294.896345294908
"37712",2021-05-15,"48","12  day ahead inc hosp",2021-05-27,"quantile",0.65,304.594756419102
"37713",2021-05-15,"48","12  day ahead inc hosp",2021-05-27,"quantile",0.7,315.072278245773
"37714",2021-05-15,"48","12  day ahead inc hosp",2021-05-27,"quantile",0.75,326.679977181756
"37715",2021-05-15,"48","12  day ahead inc hosp",2021-05-27,"quantile",0.8,339.979952357146
"37716",2021-05-15,"48","12  day ahead inc hosp",2021-05-27,"quantile",0.85,355.99067986662
"37717",2021-05-15,"48","12  day ahead inc hosp",2021-05-27,"quantile",0.9,376.931488415771
"37718",2021-05-15,"48","12  day ahead inc hosp",2021-05-27,"quantile",0.95,409.651534043547
"37719",2021-05-15,"48","12  day ahead inc hosp",2021-05-27,"quantile",0.975,439.716991885023
"37720",2021-05-15,"48","12  day ahead inc hosp",2021-05-27,"quantile",0.99,476.722057036064
"37721",2021-05-15,"48","13  day ahead inc hosp",2021-05-28,"quantile",0.01,134.158108497961
"37722",2021-05-15,"48","13  day ahead inc hosp",2021-05-28,"quantile",0.025,150.078321668929
"37723",2021-05-15,"48","13  day ahead inc hosp",2021-05-28,"quantile",0.05,164.868803822618
"37724",2021-05-15,"48","13  day ahead inc hosp",2021-05-28,"quantile",0.1,183.248928708486
"37725",2021-05-15,"48","13  day ahead inc hosp",2021-05-28,"quantile",0.15,196.490056063459
"37726",2021-05-15,"48","13  day ahead inc hosp",2021-05-28,"quantile",0.2,207.515262107499
"37727",2021-05-15,"48","13  day ahead inc hosp",2021-05-28,"quantile",0.25,217.338121008526
"37728",2021-05-15,"48","13  day ahead inc hosp",2021-05-28,"quantile",0.3,226.452864478551
"37729",2021-05-15,"48","13  day ahead inc hosp",2021-05-28,"quantile",0.35,235.152180607837
"37730",2021-05-15,"48","13  day ahead inc hosp",2021-05-28,"quantile",0.4,243.636469679098
"37731",2021-05-15,"48","13  day ahead inc hosp",2021-05-28,"quantile",0.45,252.061647583217
"37732",2021-05-15,"48","13  day ahead inc hosp",2021-05-28,"quantile",0.5,260.564750117412
"37733",2021-05-15,"48","13  day ahead inc hosp",2021-05-28,"quantile",0.55,269.28119383154
"37734",2021-05-15,"48","13  day ahead inc hosp",2021-05-28,"quantile",0.6,278.360228606
"37735",2021-05-15,"48","13  day ahead inc hosp",2021-05-28,"quantile",0.65,287.983439688331
"37736",2021-05-15,"48","13  day ahead inc hosp",2021-05-28,"quantile",0.7,298.392660065788
"37737",2021-05-15,"48","13  day ahead inc hosp",2021-05-28,"quantile",0.75,309.939739419709
"37738",2021-05-15,"48","13  day ahead inc hosp",2021-05-28,"quantile",0.8,323.188849973008
"37739",2021-05-15,"48","13  day ahead inc hosp",2021-05-28,"quantile",0.85,339.163401134279
"37740",2021-05-15,"48","13  day ahead inc hosp",2021-05-28,"quantile",0.9,360.095855025843
"37741",2021-05-15,"48","13  day ahead inc hosp",2021-05-28,"quantile",0.95,392.884731615598
"37742",2021-05-15,"48","13  day ahead inc hosp",2021-05-28,"quantile",0.975,423.094174267553
"37743",2021-05-15,"48","13  day ahead inc hosp",2021-05-28,"quantile",0.99,460.372894320031
"37744",2021-05-15,"48","14  day ahead inc hosp",2021-05-29,"quantile",0.01,124.370919183501
"37745",2021-05-15,"48","14  day ahead inc hosp",2021-05-29,"quantile",0.025,139.945299246139
"37746",2021-05-15,"48","14  day ahead inc hosp",2021-05-29,"quantile",0.05,154.471948675517
"37747",2021-05-15,"48","14  day ahead inc hosp",2021-05-29,"quantile",0.1,172.592123090957
"37748",2021-05-15,"48","14  day ahead inc hosp",2021-05-29,"quantile",0.15,185.687777536331
"37749",2021-05-15,"48","14  day ahead inc hosp",2021-05-29,"quantile",0.2,196.616184136905
"37750",2021-05-15,"48","14  day ahead inc hosp",2021-05-29,"quantile",0.25,206.370171842851
"37751",2021-05-15,"48","14  day ahead inc hosp",2021-05-29,"quantile",0.3,215.434827473023
"37752",2021-05-15,"48","14  day ahead inc hosp",2021-05-29,"quantile",0.35,224.098127281864
"37753",2021-05-15,"48","14  day ahead inc hosp",2021-05-29,"quantile",0.4,232.557874825068
"37754",2021-05-15,"48","14  day ahead inc hosp",2021-05-29,"quantile",0.45,240.968582011241
"37755",2021-05-15,"48","14  day ahead inc hosp",2021-05-29,"quantile",0.5,249.466671344157
"37756",2021-05-15,"48","14  day ahead inc hosp",2021-05-29,"quantile",0.55,258.187575987286
"37757",2021-05-15,"48","14  day ahead inc hosp",2021-05-29,"quantile",0.6,267.281179618158
"37758",2021-05-15,"48","14  day ahead inc hosp",2021-05-29,"quantile",0.65,276.930442143879
"37759",2021-05-15,"48","14  day ahead inc hosp",2021-05-29,"quantile",0.7,287.379627858856
"37760",2021-05-15,"48","14  day ahead inc hosp",2021-05-29,"quantile",0.75,298.984754056121
"37761",2021-05-15,"48","14  day ahead inc hosp",2021-05-29,"quantile",0.8,312.317416078428
"37762",2021-05-15,"48","14  day ahead inc hosp",2021-05-29,"quantile",0.85,328.415556907124
"37763",2021-05-15,"48","14  day ahead inc hosp",2021-05-29,"quantile",0.9,349.54551394732
"37764",2021-05-15,"48","14  day ahead inc hosp",2021-05-29,"quantile",0.95,382.718561776762
"37765",2021-05-15,"48","14  day ahead inc hosp",2021-05-29,"quantile",0.975,413.355752640163
"37766",2021-05-15,"48","14  day ahead inc hosp",2021-05-29,"quantile",0.99,451.250530837953
"37767",2021-05-15,"48","15  day ahead inc hosp",2021-05-30,"quantile",0.01,129.101036341257
"37768",2021-05-15,"48","15  day ahead inc hosp",2021-05-30,"quantile",0.025,146.14889979989
"37769",2021-05-15,"48","15  day ahead inc hosp",2021-05-30,"quantile",0.05,162.115147958933
"37770",2021-05-15,"48","15  day ahead inc hosp",2021-05-30,"quantile",0.1,182.1082602639
"37771",2021-05-15,"48","15  day ahead inc hosp",2021-05-30,"quantile",0.15,196.605066727747
"37772",2021-05-15,"48","15  day ahead inc hosp",2021-05-30,"quantile",0.2,208.73044138469
"37773",2021-05-15,"48","15  day ahead inc hosp",2021-05-30,"quantile",0.25,219.572553130815
"37774",2021-05-15,"48","15  day ahead inc hosp",2021-05-30,"quantile",0.3,229.664180786871
"37775",2021-05-15,"48","15  day ahead inc hosp",2021-05-30,"quantile",0.35,239.322421555007
"37776",2021-05-15,"48","15  day ahead inc hosp",2021-05-30,"quantile",0.4,248.765805288113
"37777",2021-05-15,"48","15  day ahead inc hosp",2021-05-30,"quantile",0.45,258.165742327212
"37778",2021-05-15,"48","15  day ahead inc hosp",2021-05-30,"quantile",0.5,267.674286900559
"37779",2021-05-15,"48","15  day ahead inc hosp",2021-05-30,"quantile",0.55,277.443102133611
"37780",2021-05-15,"48","15  day ahead inc hosp",2021-05-30,"quantile",0.6,287.640734368608
"37781",2021-05-15,"48","15  day ahead inc hosp",2021-05-30,"quantile",0.65,298.473610109378
"37782",2021-05-15,"48","15  day ahead inc hosp",2021-05-30,"quantile",0.7,310.218004174718
"37783",2021-05-15,"48","15  day ahead inc hosp",2021-05-30,"quantile",0.75,323.277304082353
"37784",2021-05-15,"48","15  day ahead inc hosp",2021-05-30,"quantile",0.8,338.300000554127
"37785",2021-05-15,"48","15  day ahead inc hosp",2021-05-30,"quantile",0.85,356.464885880608
"37786",2021-05-15,"48","15  day ahead inc hosp",2021-05-30,"quantile",0.9,380.348325917087
"37787",2021-05-15,"48","15  day ahead inc hosp",2021-05-30,"quantile",0.95,417.929992421187
"37788",2021-05-15,"48","15  day ahead inc hosp",2021-05-30,"quantile",0.975,452.723486007877
"37789",2021-05-15,"48","15  day ahead inc hosp",2021-05-30,"quantile",0.99,495.860466539264
"37790",2021-05-15,"48","16  day ahead inc hosp",2021-05-31,"quantile",0.01,141.39864812073
"37791",2021-05-15,"48","16  day ahead inc hosp",2021-05-31,"quantile",0.025,160.449962388259
"37792",2021-05-15,"48","16  day ahead inc hosp",2021-05-31,"quantile",0.05,178.321154728334
"37793",2021-05-15,"48","16  day ahead inc hosp",2021-05-31,"quantile",0.1,200.73350435458
"37794",2021-05-15,"48","16  day ahead inc hosp",2021-05-31,"quantile",0.15,217.005306323961
"37795",2021-05-15,"48","16  day ahead inc hosp",2021-05-31,"quantile",0.2,230.627441166278
"37796",2021-05-15,"48","16  day ahead inc hosp",2021-05-31,"quantile",0.25,242.816565119165
"37797",2021-05-15,"48","16  day ahead inc hosp",2021-05-31,"quantile",0.3,254.168854515759
"37798",2021-05-15,"48","16  day ahead inc hosp",2021-05-31,"quantile",0.35,265.039495990005
"37799",2021-05-15,"48","16  day ahead inc hosp",2021-05-31,"quantile",0.4,275.673588633081
"37800",2021-05-15,"48","16  day ahead inc hosp",2021-05-31,"quantile",0.45,286.26369543148
"37801",2021-05-15,"48","16  day ahead inc hosp",2021-05-31,"quantile",0.5,296.980947462208
"37802",2021-05-15,"48","16  day ahead inc hosp",2021-05-31,"quantile",0.55,307.996347231732
"37803",2021-05-15,"48","16  day ahead inc hosp",2021-05-31,"quantile",0.6,319.500239100041
"37804",2021-05-15,"48","16  day ahead inc hosp",2021-05-31,"quantile",0.65,331.726044639357
"37805",2021-05-15,"48","16  day ahead inc hosp",2021-05-31,"quantile",0.7,344.986463475268
"37806",2021-05-15,"48","16  day ahead inc hosp",2021-05-31,"quantile",0.75,359.738376618427
"37807",2021-05-15,"48","16  day ahead inc hosp",2021-05-31,"quantile",0.8,376.716636542857
"37808",2021-05-15,"48","16  day ahead inc hosp",2021-05-31,"quantile",0.85,397.257548555274
"37809",2021-05-15,"48","16  day ahead inc hosp",2021-05-31,"quantile",0.9,424.282821855227
"37810",2021-05-15,"48","16  day ahead inc hosp",2021-05-31,"quantile",0.95,466.845796516871
"37811",2021-05-15,"48","16  day ahead inc hosp",2021-05-31,"quantile",0.975,506.288046962902
"37812",2021-05-15,"48","16  day ahead inc hosp",2021-05-31,"quantile",0.99,555.232826174547
"37813",2021-05-15,"48","17  day ahead inc hosp",2021-06-01,"quantile",0.01,131.158704320536
"37814",2021-05-15,"48","17  day ahead inc hosp",2021-06-01,"quantile",0.025,149.92941068739
"37815",2021-05-15,"48","17  day ahead inc hosp",2021-06-01,"quantile",0.05,167.625114243744
"37816",2021-05-15,"48","17  day ahead inc hosp",2021-06-01,"quantile",0.1,189.921482927752
"37817",2021-05-15,"48","17  day ahead inc hosp",2021-06-01,"quantile",0.15,206.173288272452
"37818",2021-05-15,"48","17  day ahead inc hosp",2021-06-01,"quantile",0.2,219.816118536697
"37819",2021-05-15,"48","17  day ahead inc hosp",2021-06-01,"quantile",0.25,232.050531245562
"37820",2021-05-15,"48","17  day ahead inc hosp",2021-06-01,"quantile",0.3,243.466322700557
"37821",2021-05-15,"48","17  day ahead inc hosp",2021-06-01,"quantile",0.35,254.415984207082
"37822",2021-05-15,"48","17  day ahead inc hosp",2021-06-01,"quantile",0.4,265.14374779353
"37823",2021-05-15,"48","17  day ahead inc hosp",2021-06-01,"quantile",0.45,275.842465929138
"37824",2021-05-15,"48","17  day ahead inc hosp",2021-06-01,"quantile",0.5,286.684499020425
"37825",2021-05-15,"48","17  day ahead inc hosp",2021-06-01,"quantile",0.55,297.843045477313
"37826",2021-05-15,"48","17  day ahead inc hosp",2021-06-01,"quantile",0.6,309.511842485999
"37827",2021-05-15,"48","17  day ahead inc hosp",2021-06-01,"quantile",0.65,321.929396307795
"37828",2021-05-15,"48","17  day ahead inc hosp",2021-06-01,"quantile",0.7,335.416134306046
"37829",2021-05-15,"48","17  day ahead inc hosp",2021-06-01,"quantile",0.75,350.441190014227
"37830",2021-05-15,"48","17  day ahead inc hosp",2021-06-01,"quantile",0.8,367.760258256481
"37831",2021-05-15,"48","17  day ahead inc hosp",2021-06-01,"quantile",0.85,388.74919688211
"37832",2021-05-15,"48","17  day ahead inc hosp",2021-06-01,"quantile",0.9,416.419585945993
"37833",2021-05-15,"48","17  day ahead inc hosp",2021-06-01,"quantile",0.95,460.115968835429
"37834",2021-05-15,"48","17  day ahead inc hosp",2021-06-01,"quantile",0.975,500.724582180052
"37835",2021-05-15,"48","17  day ahead inc hosp",2021-06-01,"quantile",0.99,551.255768231392
"37836",2021-05-15,"48","18  day ahead inc hosp",2021-06-02,"quantile",0.01,123.462875922814
"37837",2021-05-15,"48","18  day ahead inc hosp",2021-06-02,"quantile",0.025,142.106941680369
"37838",2021-05-15,"48","18  day ahead inc hosp",2021-06-02,"quantile",0.05,159.765028062495
"37839",2021-05-15,"48","18  day ahead inc hosp",2021-06-02,"quantile",0.1,182.11115692182
"37840",2021-05-15,"48","18  day ahead inc hosp",2021-06-02,"quantile",0.15,198.45919659313
"37841",2021-05-15,"48","18  day ahead inc hosp",2021-06-02,"quantile",0.2,212.217789998302
"37842",2021-05-15,"48","18  day ahead inc hosp",2021-06-02,"quantile",0.25,224.58103913886
"37843",2021-05-15,"48","18  day ahead inc hosp",2021-06-02,"quantile",0.3,236.136986593493
"37844",2021-05-15,"48","18  day ahead inc hosp",2021-06-02,"quantile",0.35,247.238119621167
"37845",2021-05-15,"48","18  day ahead inc hosp",2021-06-02,"quantile",0.4,258.129606328729
"37846",2021-05-15,"48","18  day ahead inc hosp",2021-06-02,"quantile",0.45,269.005955120445
"37847",2021-05-15,"48","18  day ahead inc hosp",2021-06-02,"quantile",0.5,280.041921568722
"37848",2021-05-15,"48","18  day ahead inc hosp",2021-06-02,"quantile",0.55,291.414017971764
"37849",2021-05-15,"48","18  day ahead inc hosp",2021-06-02,"quantile",0.6,303.32057393475
"37850",2021-05-15,"48","18  day ahead inc hosp",2021-06-02,"quantile",0.65,316.006609118209
"37851",2021-05-15,"48","18  day ahead inc hosp",2021-06-02,"quantile",0.7,329.802152283439
"37852",2021-05-15,"48","18  day ahead inc hosp",2021-06-02,"quantile",0.75,345.191287344481
"37853",2021-05-15,"48","18  day ahead inc hosp",2021-06-02,"quantile",0.8,362.954848218214
"37854",2021-05-15,"48","18  day ahead inc hosp",2021-06-02,"quantile",0.85,384.516005273929
"37855",2021-05-15,"48","18  day ahead inc hosp",2021-06-02,"quantile",0.9,412.993084431317
"37856",2021-05-15,"48","18  day ahead inc hosp",2021-06-02,"quantile",0.95,458.073837109982
"37857",2021-05-15,"48","18  day ahead inc hosp",2021-06-02,"quantile",0.975,500.078276195669
"37858",2021-05-15,"48","18  day ahead inc hosp",2021-06-02,"quantile",0.99,552.477382088655
"37859",2021-05-15,"48","19  day ahead inc hosp",2021-06-03,"quantile",0.01,123.206381995954
"37860",2021-05-15,"48","19  day ahead inc hosp",2021-06-03,"quantile",0.025,142.491463094694
"37861",2021-05-15,"48","19  day ahead inc hosp",2021-06-03,"quantile",0.05,160.815574651267
"37862",2021-05-15,"48","19  day ahead inc hosp",2021-06-03,"quantile",0.1,184.074585488699
"37863",2021-05-15,"48","19  day ahead inc hosp",2021-06-03,"quantile",0.15,201.133696996765
"37864",2021-05-15,"48","19  day ahead inc hosp",2021-06-03,"quantile",0.2,215.515942634693
"37865",2021-05-15,"48","19  day ahead inc hosp",2021-06-03,"quantile",0.25,228.457632967764
"37866",2021-05-15,"48","19  day ahead inc hosp",2021-06-03,"quantile",0.3,240.568624604691
"37867",2021-05-15,"48","19  day ahead inc hosp",2021-06-03,"quantile",0.35,252.215240521421
"37868",2021-05-15,"48","19  day ahead inc hosp",2021-06-03,"quantile",0.4,263.652955888
"37869",2021-05-15,"48","19  day ahead inc hosp",2021-06-03,"quantile",0.45,275.085123061175
"37870",2021-05-15,"48","19  day ahead inc hosp",2021-06-03,"quantile",0.5,286.695106814088
"37871",2021-05-15,"48","19  day ahead inc hosp",2021-06-03,"quantile",0.55,298.668770015835
"37872",2021-05-15,"48","19  day ahead inc hosp",2021-06-03,"quantile",0.6,311.215585300768
"37873",2021-05-15,"48","19  day ahead inc hosp",2021-06-03,"quantile",0.65,324.594954782879
"37874",2021-05-15,"48","19  day ahead inc hosp",2021-06-03,"quantile",0.7,339.156888257378
"37875",2021-05-15,"48","19  day ahead inc hosp",2021-06-03,"quantile",0.75,355.415416405397
"37876",2021-05-15,"48","19  day ahead inc hosp",2021-06-03,"quantile",0.8,374.200434463404
"37877",2021-05-15,"48","19  day ahead inc hosp",2021-06-03,"quantile",0.85,397.02564190021
"37878",2021-05-15,"48","19  day ahead inc hosp",2021-06-03,"quantile",0.9,427.21002026189
"37879",2021-05-15,"48","19  day ahead inc hosp",2021-06-03,"quantile",0.95,475.073370104757
"37880",2021-05-15,"48","19  day ahead inc hosp",2021-06-03,"quantile",0.975,519.749536602353
"37881",2021-05-15,"48","19  day ahead inc hosp",2021-06-03,"quantile",0.99,575.576301432989
"37882",2021-05-15,"48","20  day ahead inc hosp",2021-06-04,"quantile",0.01,119.677174119444
"37883",2021-05-15,"48","20  day ahead inc hosp",2021-06-04,"quantile",0.025,139.190952147805
"37884",2021-05-15,"48","20  day ahead inc hosp",2021-06-04,"quantile",0.05,157.802670645112
"37885",2021-05-15,"48","20  day ahead inc hosp",2021-06-04,"quantile",0.1,181.510444840097
"37886",2021-05-15,"48","20  day ahead inc hosp",2021-06-04,"quantile",0.15,198.950399010671
"37887",2021-05-15,"48","20  day ahead inc hosp",2021-06-04,"quantile",0.2,213.683901578916
"37888",2021-05-15,"48","20  day ahead inc hosp",2021-06-04,"quantile",0.25,226.963267342199
"37889",2021-05-15,"48","20  day ahead inc hosp",2021-06-04,"quantile",0.3,239.407482393181
"37890",2021-05-15,"48","20  day ahead inc hosp",2021-06-04,"quantile",0.35,251.389269269825
"37891",2021-05-15,"48","20  day ahead inc hosp",2021-06-04,"quantile",0.4,263.169391289526
"37892",2021-05-15,"48","20  day ahead inc hosp",2021-06-04,"quantile",0.45,274.956213882579
"37893",2021-05-15,"48","20  day ahead inc hosp",2021-06-04,"quantile",0.5,286.93842046209
"37894",2021-05-15,"48","20  day ahead inc hosp",2021-06-04,"quantile",0.55,299.308050977713
"37895",2021-05-15,"48","20  day ahead inc hosp",2021-06-04,"quantile",0.6,312.282302090916
"37896",2021-05-15,"48","20  day ahead inc hosp",2021-06-04,"quantile",0.65,326.130877299033
"37897",2021-05-15,"48","20  day ahead inc hosp",2021-06-04,"quantile",0.7,341.218412569819
"37898",2021-05-15,"48","20  day ahead inc hosp",2021-06-04,"quantile",0.75,358.081181624381
"37899",2021-05-15,"48","20  day ahead inc hosp",2021-06-04,"quantile",0.8,377.58589610196
"37900",2021-05-15,"48","20  day ahead inc hosp",2021-06-04,"quantile",0.85,401.314737307918
"37901",2021-05-15,"48","20  day ahead inc hosp",2021-06-04,"quantile",0.9,432.739606281122
"37902",2021-05-15,"48","20  day ahead inc hosp",2021-06-04,"quantile",0.95,482.666244322903
"37903",2021-05-15,"48","20  day ahead inc hosp",2021-06-04,"quantile",0.975,529.363608159451
"37904",2021-05-15,"48","20  day ahead inc hosp",2021-06-04,"quantile",0.99,587.830429286245
"37905",2021-05-15,"48","21  day ahead inc hosp",2021-06-05,"quantile",0.01,110.206880505735
"37906",2021-05-15,"48","21  day ahead inc hosp",2021-06-05,"quantile",0.025,129.156698731979
"37907",2021-05-15,"48","21  day ahead inc hosp",2021-06-05,"quantile",0.05,147.323211104237
"37908",2021-05-15,"48","21  day ahead inc hosp",2021-06-05,"quantile",0.1,170.574450563582
"37909",2021-05-15,"48","21  day ahead inc hosp",2021-06-05,"quantile",0.15,187.746959623401
"37910",2021-05-15,"48","21  day ahead inc hosp",2021-06-05,"quantile",0.2,202.294479402397
"37911",2021-05-15,"48","21  day ahead inc hosp",2021-06-05,"quantile",0.25,215.434847177373
"37912",2021-05-15,"48","21  day ahead inc hosp",2021-06-05,"quantile",0.3,227.77164877415
"37913",2021-05-15,"48","21  day ahead inc hosp",2021-06-05,"quantile",0.35,239.669556012354
"37914",2021-05-15,"48","21  day ahead inc hosp",2021-06-05,"quantile",0.4,251.384803028229
"37915",2021-05-15,"48","21  day ahead inc hosp",2021-06-05,"quantile",0.45,263.123210273326
"37916",2021-05-15,"48","21  day ahead inc hosp",2021-06-05,"quantile",0.5,275.072220952493
"37917",2021-05-15,"48","21  day ahead inc hosp",2021-06-05,"quantile",0.55,287.423657614774
"37918",2021-05-15,"48","21  day ahead inc hosp",2021-06-05,"quantile",0.6,300.395481505395
"37919",2021-05-15,"48","21  day ahead inc hosp",2021-06-05,"quantile",0.65,314.259319460614
"37920",2021-05-15,"48","21  day ahead inc hosp",2021-06-05,"quantile",0.7,329.383368016297
"37921",2021-05-15,"48","21  day ahead inc hosp",2021-06-05,"quantile",0.75,346.310146186932
"37922",2021-05-15,"48","21  day ahead inc hosp",2021-06-05,"quantile",0.8,365.917659129459
"37923",2021-05-15,"48","21  day ahead inc hosp",2021-06-05,"quantile",0.85,389.810474106585
"37924",2021-05-15,"48","21  day ahead inc hosp",2021-06-05,"quantile",0.9,421.513308827386
"37925",2021-05-15,"48","21  day ahead inc hosp",2021-06-05,"quantile",0.95,472.010316668966
"37926",2021-05-15,"48","21  day ahead inc hosp",2021-06-05,"quantile",0.975,519.36877677517
"37927",2021-05-15,"48","21  day ahead inc hosp",2021-06-05,"quantile",0.99,578.816671991019
"37928",2021-05-15,"48","22  day ahead inc hosp",2021-06-06,"quantile",0.01,110.4652826184
"37929",2021-05-15,"48","22  day ahead inc hosp",2021-06-06,"quantile",0.025,130.018177874152
"37930",2021-05-15,"48","22  day ahead inc hosp",2021-06-06,"quantile",0.05,148.817028273924
"37931",2021-05-15,"48","22  day ahead inc hosp",2021-06-06,"quantile",0.1,172.942254121045
"37932",2021-05-15,"48","22  day ahead inc hosp",2021-06-06,"quantile",0.15,190.800235086346
"37933",2021-05-15,"48","22  day ahead inc hosp",2021-06-06,"quantile",0.2,205.951793726368
"37934",2021-05-15,"48","22  day ahead inc hosp",2021-06-06,"quantile",0.25,219.654498623802
"37935",2021-05-15,"48","22  day ahead inc hosp",2021-06-06,"quantile",0.3,232.532593368649
"37936",2021-05-15,"48","22  day ahead inc hosp",2021-06-06,"quantile",0.35,244.963952618771
"37937",2021-05-15,"48","22  day ahead inc hosp",2021-06-06,"quantile",0.4,257.214739004484
"37938",2021-05-15,"48","22  day ahead inc hosp",2021-06-06,"quantile",0.45,269.499381107444
"37939",2021-05-15,"48","22  day ahead inc hosp",2021-06-06,"quantile",0.5,282.013786622231
"37940",2021-05-15,"48","22  day ahead inc hosp",2021-06-06,"quantile",0.55,294.959051079002
"37941",2021-05-15,"48","22  day ahead inc hosp",2021-06-06,"quantile",0.6,308.564260335442
"37942",2021-05-15,"48","22  day ahead inc hosp",2021-06-06,"quantile",0.65,323.115469763343
"37943",2021-05-15,"48","22  day ahead inc hosp",2021-06-06,"quantile",0.7,339.000989969121
"37944",2021-05-15,"48","22  day ahead inc hosp",2021-06-06,"quantile",0.75,356.793560819593
"37945",2021-05-15,"48","22  day ahead inc hosp",2021-06-06,"quantile",0.8,377.420792020165
"37946",2021-05-15,"48","22  day ahead inc hosp",2021-06-06,"quantile",0.85,402.578932579313
"37947",2021-05-15,"48","22  day ahead inc hosp",2021-06-06,"quantile",0.9,435.996249771276
"37948",2021-05-15,"48","22  day ahead inc hosp",2021-06-06,"quantile",0.95,489.299426637439
"37949",2021-05-15,"48","22  day ahead inc hosp",2021-06-06,"quantile",0.975,539.364287719532
"37950",2021-05-15,"48","22  day ahead inc hosp",2021-06-06,"quantile",0.99,602.299168810326
"37951",2021-05-15,"48","23  day ahead inc hosp",2021-06-07,"quantile",0.01,108.944882916756
"37952",2021-05-15,"48","23  day ahead inc hosp",2021-06-07,"quantile",0.025,128.851180667562
"37953",2021-05-15,"48","23  day ahead inc hosp",2021-06-07,"quantile",0.05,148.051975088433
"37954",2021-05-15,"48","23  day ahead inc hosp",2021-06-07,"quantile",0.1,172.767297726927
"37955",2021-05-15,"48","23  day ahead inc hosp",2021-06-07,"quantile",0.15,191.108028627762
"37956",2021-05-15,"48","23  day ahead inc hosp",2021-06-07,"quantile",0.2,206.696023857785
"37957",2021-05-15,"48","23  day ahead inc hosp",2021-06-07,"quantile",0.25,220.812673093562
"37958",2021-05-15,"48","23  day ahead inc hosp",2021-06-07,"quantile",0.3,234.095159027449
"37959",2021-05-15,"48","23  day ahead inc hosp",2021-06-07,"quantile",0.35,246.930024004686
"37960",2021-05-15,"48","23  day ahead inc hosp",2021-06-07,"quantile",0.4,259.590290372167
"37961",2021-05-15,"48","23  day ahead inc hosp",2021-06-07,"quantile",0.45,272.296645506059
"37962",2021-05-15,"48","23  day ahead inc hosp",2021-06-07,"quantile",0.5,285.25143700745
"37963",2021-05-15,"48","23  day ahead inc hosp",2021-06-07,"quantile",0.55,298.663074485477
"37964",2021-05-15,"48","23  day ahead inc hosp",2021-06-07,"quantile",0.6,312.769651928656
"37965",2021-05-15,"48","23  day ahead inc hosp",2021-06-07,"quantile",0.65,327.869121309045
"37966",2021-05-15,"48","23  day ahead inc hosp",2021-06-07,"quantile",0.7,344.366579984843
"37967",2021-05-15,"48","23  day ahead inc hosp",2021-06-07,"quantile",0.75,362.860197290445
"37968",2021-05-15,"48","23  day ahead inc hosp",2021-06-07,"quantile",0.8,384.319567758277
"37969",2021-05-15,"48","23  day ahead inc hosp",2021-06-07,"quantile",0.85,410.518899886362
"37970",2021-05-15,"48","23  day ahead inc hosp",2021-06-07,"quantile",0.9,445.360300378424
"37971",2021-05-15,"48","23  day ahead inc hosp",2021-06-07,"quantile",0.95,501.022071310828
"37972",2021-05-15,"48","23  day ahead inc hosp",2021-06-07,"quantile",0.975,553.388593647135
"37973",2021-05-15,"48","23  day ahead inc hosp",2021-06-07,"quantile",0.99,619.320666322104
"37974",2021-05-15,"48","24  day ahead inc hosp",2021-06-08,"quantile",0.01,100.695892714498
"37975",2021-05-15,"48","24  day ahead inc hosp",2021-06-08,"quantile",0.025,119.993974523848
"37976",2021-05-15,"48","24  day ahead inc hosp",2021-06-08,"quantile",0.05,138.701944037788
"37977",2021-05-15,"48","24  day ahead inc hosp",2021-06-08,"quantile",0.1,162.895242482119
"37978",2021-05-15,"48","24  day ahead inc hosp",2021-06-08,"quantile",0.15,180.918196787807
"37979",2021-05-15,"48","24  day ahead inc hosp",2021-06-08,"quantile",0.2,196.276830602913
"37980",2021-05-15,"48","24  day ahead inc hosp",2021-06-08,"quantile",0.25,210.214977787095
"37981",2021-05-15,"48","24  day ahead inc hosp",2021-06-08,"quantile",0.3,223.352841363623
"37982",2021-05-15,"48","24  day ahead inc hosp",2021-06-08,"quantile",0.35,236.06793872662
"37983",2021-05-15,"48","24  day ahead inc hosp",2021-06-08,"quantile",0.4,248.628071669937
"37984",2021-05-15,"48","24  day ahead inc hosp",2021-06-08,"quantile",0.45,261.2508272569
"37985",2021-05-15,"48","24  day ahead inc hosp",2021-06-08,"quantile",0.5,274.136811554363
"37986",2021-05-15,"48","24  day ahead inc hosp",2021-06-08,"quantile",0.55,287.493711450632
"37987",2021-05-15,"48","24  day ahead inc hosp",2021-06-08,"quantile",0.6,301.559821883322
"37988",2021-05-15,"48","24  day ahead inc hosp",2021-06-08,"quantile",0.65,316.634329299984
"37989",2021-05-15,"48","24  day ahead inc hosp",2021-06-08,"quantile",0.7,333.12497563445
"37990",2021-05-15,"48","24  day ahead inc hosp",2021-06-08,"quantile",0.75,351.634851182434
"37991",2021-05-15,"48","24  day ahead inc hosp",2021-06-08,"quantile",0.8,373.142742152347
"37992",2021-05-15,"48","24  day ahead inc hosp",2021-06-08,"quantile",0.85,399.441484337863
"37993",2021-05-15,"48","24  day ahead inc hosp",2021-06-08,"quantile",0.9,434.477963340283
"37994",2021-05-15,"48","24  day ahead inc hosp",2021-06-08,"quantile",0.95,490.584820950478
"37995",2021-05-15,"48","24  day ahead inc hosp",2021-06-08,"quantile",0.975,543.502554771126
"37996",2021-05-15,"48","24  day ahead inc hosp",2021-06-08,"quantile",0.99,610.288115461455
"37997",2021-05-15,"48","25  day ahead inc hosp",2021-06-09,"quantile",0.01,97.5064670190858
"37998",2021-05-15,"48","25  day ahead inc hosp",2021-06-09,"quantile",0.025,116.841750795694
"37999",2021-05-15,"48","25  day ahead inc hosp",2021-06-09,"quantile",0.05,135.655548335754
"38000",2021-05-15,"48","25  day ahead inc hosp",2021-06-09,"quantile",0.1,160.069287486665
"38001",2021-05-15,"48","25  day ahead inc hosp",2021-06-09,"quantile",0.15,178.308252504225
"38002",2021-05-15,"48","25  day ahead inc hosp",2021-06-09,"quantile",0.2,193.881263153118
"38003",2021-05-15,"48","25  day ahead inc hosp",2021-06-09,"quantile",0.25,208.035696833246
"38004",2021-05-15,"48","25  day ahead inc hosp",2021-06-09,"quantile",0.3,221.394793750243
"38005",2021-05-15,"48","25  day ahead inc hosp",2021-06-09,"quantile",0.35,234.33887909419
"38006",2021-05-15,"48","25  day ahead inc hosp",2021-06-09,"quantile",0.4,247.138614297714
"38007",2021-05-15,"48","25  day ahead inc hosp",2021-06-09,"quantile",0.45,260.014750104352
"38008",2021-05-15,"48","25  day ahead inc hosp",2021-06-09,"quantile",0.5,273.171632809234
"38009",2021-05-15,"48","25  day ahead inc hosp",2021-06-09,"quantile",0.55,286.82161902888
"38010",2021-05-15,"48","25  day ahead inc hosp",2021-06-09,"quantile",0.6,301.209123021241
"38011",2021-05-15,"48","25  day ahead inc hosp",2021-06-09,"quantile",0.65,316.64174111601
"38012",2021-05-15,"48","25  day ahead inc hosp",2021-06-09,"quantile",0.7,333.539389912532
"38013",2021-05-15,"48","25  day ahead inc hosp",2021-06-09,"quantile",0.75,352.523917513178
"38014",2021-05-15,"48","25  day ahead inc hosp",2021-06-09,"quantile",0.8,374.605452205245
"38015",2021-05-15,"48","25  day ahead inc hosp",2021-06-09,"quantile",0.85,401.635580965273
"38016",2021-05-15,"48","25  day ahead inc hosp",2021-06-09,"quantile",0.9,437.69336800877
"38017",2021-05-15,"48","25  day ahead inc hosp",2021-06-09,"quantile",0.95,495.535364724092
"38018",2021-05-15,"48","25  day ahead inc hosp",2021-06-09,"quantile",0.975,550.188558304535
"38019",2021-05-15,"48","25  day ahead inc hosp",2021-06-09,"quantile",0.99,619.28354549536
"38020",2021-05-15,"48","26  day ahead inc hosp",2021-06-10,"quantile",0.01,91.8525998312551
"38021",2021-05-15,"48","26  day ahead inc hosp",2021-06-10,"quantile",0.025,110.817483028003
"38022",2021-05-15,"48","26  day ahead inc hosp",2021-06-10,"quantile",0.05,129.354666691629
"38023",2021-05-15,"48","26  day ahead inc hosp",2021-06-10,"quantile",0.1,153.510024530512
"38024",2021-05-15,"48","26  day ahead inc hosp",2021-06-10,"quantile",0.15,171.618337749366
"38025",2021-05-15,"48","26  day ahead inc hosp",2021-06-10,"quantile",0.2,187.116314848223
"38026",2021-05-15,"48","26  day ahead inc hosp",2021-06-10,"quantile",0.25,201.228767879169
"38027",2021-05-15,"48","26  day ahead inc hosp",2021-06-10,"quantile",0.3,214.569200065981
"38028",2021-05-15,"48","26  day ahead inc hosp",2021-06-10,"quantile",0.35,227.513159811354
"38029",2021-05-15,"48","26  day ahead inc hosp",2021-06-10,"quantile",0.4,240.328964368477
"38030",2021-05-15,"48","26  day ahead inc hosp",2021-06-10,"quantile",0.45,253.236473120337
"38031",2021-05-15,"48","26  day ahead inc hosp",2021-06-10,"quantile",0.5,266.440204996515
"38032",2021-05-15,"48","26  day ahead inc hosp",2021-06-10,"quantile",0.55,280.153659504077
"38033",2021-05-15,"48","26  day ahead inc hosp",2021-06-10,"quantile",0.6,294.623483755077
"38034",2021-05-15,"48","26  day ahead inc hosp",2021-06-10,"quantile",0.65,310.16095838179
"38035",2021-05-15,"48","26  day ahead inc hosp",2021-06-10,"quantile",0.7,327.191887038017
"38036",2021-05-15,"48","26  day ahead inc hosp",2021-06-10,"quantile",0.75,346.347738272496
"38037",2021-05-15,"48","26  day ahead inc hosp",2021-06-10,"quantile",0.8,368.655351482288
"38038",2021-05-15,"48","26  day ahead inc hosp",2021-06-10,"quantile",0.85,395.998568537837
"38039",2021-05-15,"48","26  day ahead inc hosp",2021-06-10,"quantile",0.9,432.530957288457
"38040",2021-05-15,"48","26  day ahead inc hosp",2021-06-10,"quantile",0.95,491.255327249649
"38041",2021-05-15,"48","26  day ahead inc hosp",2021-06-10,"quantile",0.975,546.86254775747
"38042",2021-05-15,"48","26  day ahead inc hosp",2021-06-10,"quantile",0.99,617.308660685817
"38043",2021-05-15,"48","27  day ahead inc hosp",2021-06-11,"quantile",0.01,87.6232483496811
"38044",2021-05-15,"48","27  day ahead inc hosp",2021-06-11,"quantile",0.025,106.37882763175
"38045",2021-05-15,"48","27  day ahead inc hosp",2021-06-11,"quantile",0.05,124.787962036207
"38046",2021-05-15,"48","27  day ahead inc hosp",2021-06-11,"quantile",0.1,148.868421203424
"38047",2021-05-15,"48","27  day ahead inc hosp",2021-06-11,"quantile",0.15,166.977654338734
"38048",2021-05-15,"48","27  day ahead inc hosp",2021-06-11,"quantile",0.2,182.50984256242
"38049",2021-05-15,"48","27  day ahead inc hosp",2021-06-11,"quantile",0.25,196.677451359749
"38050",2021-05-15,"48","27  day ahead inc hosp",2021-06-11,"quantile",0.3,210.089215212709
"38051",2021-05-15,"48","27  day ahead inc hosp",2021-06-11,"quantile",0.35,223.118839720539
"38052",2021-05-15,"48","27  day ahead inc hosp",2021-06-11,"quantile",0.4,236.034300815137
"38053",2021-05-15,"48","27  day ahead inc hosp",2021-06-11,"quantile",0.45,249.056119751608
"38054",2021-05-15,"48","27  day ahead inc hosp",2021-06-11,"quantile",0.5,262.390348754394
"38055",2021-05-15,"48","27  day ahead inc hosp",2021-06-11,"quantile",0.55,276.252970763603
"38056",2021-05-15,"48","27  day ahead inc hosp",2021-06-11,"quantile",0.6,290.89433967473
"38057",2021-05-15,"48","27  day ahead inc hosp",2021-06-11,"quantile",0.65,306.631210694048
"38058",2021-05-15,"48","27  day ahead inc hosp",2021-06-11,"quantile",0.7,323.897656482161
"38059",2021-05-15,"48","27  day ahead inc hosp",2021-06-11,"quantile",0.75,343.338230202861
"38060",2021-05-15,"48","27  day ahead inc hosp",2021-06-11,"quantile",0.8,366.002037097792
"38061",2021-05-15,"48","27  day ahead inc hosp",2021-06-11,"quantile",0.85,393.815253859949
"38062",2021-05-15,"48","27  day ahead inc hosp",2021-06-11,"quantile",0.9,431.027955492042
"38063",2021-05-15,"48","27  day ahead inc hosp",2021-06-11,"quantile",0.95,490.957284511531
"38064",2021-05-15,"48","27  day ahead inc hosp",2021-06-11,"quantile",0.975,547.816257399442
"38065",2021-05-15,"48","27  day ahead inc hosp",2021-06-11,"quantile",0.99,619.981730069508
"38066",2021-05-15,"48","28  day ahead inc hosp",2021-06-12,"quantile",0.01,81.316123071068
"38067",2021-05-15,"48","28  day ahead inc hosp",2021-06-12,"quantile",0.025,99.4784489320932
"38068",2021-05-15,"48","28  day ahead inc hosp",2021-06-12,"quantile",0.05,117.395948486613
"38069",2021-05-15,"48","28  day ahead inc hosp",2021-06-12,"quantile",0.1,140.942452170147
"38070",2021-05-15,"48","28  day ahead inc hosp",2021-06-12,"quantile",0.15,158.717939492931
"38071",2021-05-15,"48","28  day ahead inc hosp",2021-06-12,"quantile",0.2,174.003621967523
"38072",2021-05-15,"48","28  day ahead inc hosp",2021-06-12,"quantile",0.25,187.974945616173
"38073",2021-05-15,"48","28  day ahead inc hosp",2021-06-12,"quantile",0.3,201.223750344095
"38074",2021-05-15,"48","28  day ahead inc hosp",2021-06-12,"quantile",0.35,214.114661180743
"38075",2021-05-15,"48","28  day ahead inc hosp",2021-06-12,"quantile",0.4,226.910313485419
"38076",2021-05-15,"48","28  day ahead inc hosp",2021-06-12,"quantile",0.45,239.827962493834
"38077",2021-05-15,"48","28  day ahead inc hosp",2021-06-12,"quantile",0.5,253.071705798889
"38078",2021-05-15,"48","28  day ahead inc hosp",2021-06-12,"quantile",0.55,266.856529602892
"38079",2021-05-15,"48","28  day ahead inc hosp",2021-06-12,"quantile",0.6,281.432627994308
"38080",2021-05-15,"48","28  day ahead inc hosp",2021-06-12,"quantile",0.65,297.117498569342
"38081",2021-05-15,"48","28  day ahead inc hosp",2021-06-12,"quantile",0.7,314.347156179383
"38082",2021-05-15,"48","28  day ahead inc hosp",2021-06-12,"quantile",0.75,333.770012647066
"38083",2021-05-15,"48","28  day ahead inc hosp",2021-06-12,"quantile",0.8,356.442629582573
"38084",2021-05-15,"48","28  day ahead inc hosp",2021-06-12,"quantile",0.85,384.306647089481
"38085",2021-05-15,"48","28  day ahead inc hosp",2021-06-12,"quantile",0.9,421.650052598629
"38086",2021-05-15,"48","28  day ahead inc hosp",2021-06-12,"quantile",0.95,481.923460426936
"38087",2021-05-15,"48","28  day ahead inc hosp",2021-06-12,"quantile",0.975,539.241821942663
"38088",2021-05-15,"48","28  day ahead inc hosp",2021-06-12,"quantile",0.99,612.150824929194
"38089",2021-05-15,"48","29  day ahead inc hosp",2021-06-13,"quantile",0.01,87.5344833651312
"38090",2021-05-15,"48","29  day ahead inc hosp",2021-06-13,"quantile",0.025,107.652753089101
"38091",2021-05-15,"48","29  day ahead inc hosp",2021-06-13,"quantile",0.05,127.569467833273
"38092",2021-05-15,"48","29  day ahead inc hosp",2021-06-13,"quantile",0.1,153.827140433769
"38093",2021-05-15,"48","29  day ahead inc hosp",2021-06-13,"quantile",0.15,173.701421893632
"38094",2021-05-15,"48","29  day ahead inc hosp",2021-06-13,"quantile",0.2,190.822461734954
"38095",2021-05-15,"48","29  day ahead inc hosp",2021-06-13,"quantile",0.25,206.493276179284
"38096",2021-05-15,"48","29  day ahead inc hosp",2021-06-13,"quantile",0.3,221.371246578523
"38097",2021-05-15,"48","29  day ahead inc hosp",2021-06-13,"quantile",0.35,235.862379563793
"38098",2021-05-15,"48","29  day ahead inc hosp",2021-06-13,"quantile",0.4,250.26002608262
"38099",2021-05-15,"48","29  day ahead inc hosp",2021-06-13,"quantile",0.45,264.807723790471
"38100",2021-05-15,"48","29  day ahead inc hosp",2021-06-13,"quantile",0.5,279.735107272387
"38101",2021-05-15,"48","29  day ahead inc hosp",2021-06-13,"quantile",0.55,295.284870282826
"38102",2021-05-15,"48","29  day ahead inc hosp",2021-06-13,"quantile",0.6,311.740213906457
"38103",2021-05-15,"48","29  day ahead inc hosp",2021-06-13,"quantile",0.65,329.461242681842
"38104",2021-05-15,"48","29  day ahead inc hosp",2021-06-13,"quantile",0.7,348.943187910301
"38105",2021-05-15,"48","29  day ahead inc hosp",2021-06-13,"quantile",0.75,370.923267339998
"38106",2021-05-15,"48","29  day ahead inc hosp",2021-06-13,"quantile",0.8,396.603646659996
"38107",2021-05-15,"48","29  day ahead inc hosp",2021-06-13,"quantile",0.85,428.194901168399
"38108",2021-05-15,"48","29  day ahead inc hosp",2021-06-13,"quantile",0.9,470.581860380481
"38109",2021-05-15,"48","29  day ahead inc hosp",2021-06-13,"quantile",0.95,539.09863224026
"38110",2021-05-15,"48","29  day ahead inc hosp",2021-06-13,"quantile",0.975,604.358642046382
"38111",2021-05-15,"48","29  day ahead inc hosp",2021-06-13,"quantile",0.99,687.49311368387
"38112",2021-05-15,"48","30  day ahead inc hosp",2021-06-14,"quantile",0.01,91.3711618032822
"38113",2021-05-15,"48","30  day ahead inc hosp",2021-06-14,"quantile",0.025,112.834585808948
"38114",2021-05-15,"48","30  day ahead inc hosp",2021-06-14,"quantile",0.05,134.140977919146
"38115",2021-05-15,"48","30  day ahead inc hosp",2021-06-14,"quantile",0.1,162.300662773321
"38116",2021-05-15,"48","30  day ahead inc hosp",2021-06-14,"quantile",0.15,183.657994023404
"38117",2021-05-15,"48","30  day ahead inc hosp",2021-06-14,"quantile",0.2,202.082087769026
"38118",2021-05-15,"48","30  day ahead inc hosp",2021-06-14,"quantile",0.25,218.963878457068
"38119",2021-05-15,"48","30  day ahead inc hosp",2021-06-14,"quantile",0.3,235.006199858948
"38120",2021-05-15,"48","30  day ahead inc hosp",2021-06-14,"quantile",0.35,250.64397199545
"38121",2021-05-15,"48","30  day ahead inc hosp",2021-06-14,"quantile",0.4,266.192199457107
"38122",2021-05-15,"48","30  day ahead inc hosp",2021-06-14,"quantile",0.45,281.913129120189
"38123",2021-05-15,"48","30  day ahead inc hosp",2021-06-14,"quantile",0.5,298.054744135435
"38124",2021-05-15,"48","30  day ahead inc hosp",2021-06-14,"quantile",0.55,314.879803878493
"38125",2021-05-15,"48","30  day ahead inc hosp",2021-06-14,"quantile",0.6,332.695557514965
"38126",2021-05-15,"48","30  day ahead inc hosp",2021-06-14,"quantile",0.65,351.893286219158
"38127",2021-05-15,"48","30  day ahead inc hosp",2021-06-14,"quantile",0.7,373.011681365589
"38128",2021-05-15,"48","30  day ahead inc hosp",2021-06-14,"quantile",0.75,396.853273389499
"38129",2021-05-15,"48","30  day ahead inc hosp",2021-06-14,"quantile",0.8,424.727478354212
"38130",2021-05-15,"48","30  day ahead inc hosp",2021-06-14,"quantile",0.85,459.04321814778
"38131",2021-05-15,"48","30  day ahead inc hosp",2021-06-14,"quantile",0.9,505.126053513795
"38132",2021-05-15,"48","30  day ahead inc hosp",2021-06-14,"quantile",0.95,579.703062267962
"38133",2021-05-15,"48","30  day ahead inc hosp",2021-06-14,"quantile",0.975,650.820877122277
"38134",2021-05-15,"48","30  day ahead inc hosp",2021-06-14,"quantile",0.99,741.521001205137
"38135",2021-05-15,"48","31  day ahead inc hosp",2021-06-15,"quantile",0.01,86.2270833161038
"38136",2021-05-15,"48","31  day ahead inc hosp",2021-06-15,"quantile",0.025,107.461283293307
"38137",2021-05-15,"48","31  day ahead inc hosp",2021-06-15,"quantile",0.05,128.668112532569
"38138",2021-05-15,"48","31  day ahead inc hosp",2021-06-15,"quantile",0.1,156.850914445498
"38139",2021-05-15,"48","31  day ahead inc hosp",2021-06-15,"quantile",0.15,178.322104195336
"38140",2021-05-15,"48","31  day ahead inc hosp",2021-06-15,"quantile",0.2,196.900977928215
"38141",2021-05-15,"48","31  day ahead inc hosp",2021-06-15,"quantile",0.25,213.965297087739
"38142",2021-05-15,"48","31  day ahead inc hosp",2021-06-15,"quantile",0.3,230.213680963857
"38143",2021-05-15,"48","31  day ahead inc hosp",2021-06-15,"quantile",0.35,246.080322211336
"38144",2021-05-15,"48","31  day ahead inc hosp",2021-06-15,"quantile",0.4,261.88140616454
"38145",2021-05-15,"48","31  day ahead inc hosp",2021-06-15,"quantile",0.45,277.881801605893
"38146",2021-05-15,"48","31  day ahead inc hosp",2021-06-15,"quantile",0.5,294.333551488163
"38147",2021-05-15,"48","31  day ahead inc hosp",2021-06-15,"quantile",0.55,311.505219226973
"38148",2021-05-15,"48","31  day ahead inc hosp",2021-06-15,"quantile",0.6,329.71225134037
"38149",2021-05-15,"48","31  day ahead inc hosp",2021-06-15,"quantile",0.65,349.357699777836
"38150",2021-05-15,"48","31  day ahead inc hosp",2021-06-15,"quantile",0.7,370.997762541422
"38151",2021-05-15,"48","31  day ahead inc hosp",2021-06-15,"quantile",0.75,395.462425502804
"38152",2021-05-15,"48","31  day ahead inc hosp",2021-06-15,"quantile",0.8,424.107569405524
"38153",2021-05-15,"48","31  day ahead inc hosp",2021-06-15,"quantile",0.85,459.430135349627
"38154",2021-05-15,"48","31  day ahead inc hosp",2021-06-15,"quantile",0.9,506.955753431316
"38155",2021-05-15,"48","31  day ahead inc hosp",2021-06-15,"quantile",0.95,584.061251561662
"38156",2021-05-15,"48","31  day ahead inc hosp",2021-06-15,"quantile",0.975,657.783254045717
"38157",2021-05-15,"48","31  day ahead inc hosp",2021-06-15,"quantile",0.99,752.03802138418
"38158",2021-05-15,"48","32  day ahead inc hosp",2021-06-16,"quantile",0.01,80.1192827840434
"38159",2021-05-15,"48","32  day ahead inc hosp",2021-06-16,"quantile",0.025,100.857693048398
"38160",2021-05-15,"48","32  day ahead inc hosp",2021-06-16,"quantile",0.05,121.707122261693
"38161",2021-05-15,"48","32  day ahead inc hosp",2021-06-16,"quantile",0.1,149.581837855357
"38162",2021-05-15,"48","32  day ahead inc hosp",2021-06-16,"quantile",0.15,170.922339987861
"38163",2021-05-15,"48","32  day ahead inc hosp",2021-06-16,"quantile",0.2,189.449267665855
"38164",2021-05-15,"48","32  day ahead inc hosp",2021-06-16,"quantile",0.25,206.509909623822
"38165",2021-05-15,"48","32  day ahead inc hosp",2021-06-16,"quantile",0.3,222.790093612391
"38166",2021-05-15,"48","32  day ahead inc hosp",2021-06-16,"quantile",0.35,238.718120504372
"38167",2021-05-15,"48","32  day ahead inc hosp",2021-06-16,"quantile",0.4,254.607754710449
"38168",2021-05-15,"48","32  day ahead inc hosp",2021-06-16,"quantile",0.45,270.723626864731
"38169",2021-05-15,"48","32  day ahead inc hosp",2021-06-16,"quantile",0.5,287.319272100105
"38170",2021-05-15,"48","32  day ahead inc hosp",2021-06-16,"quantile",0.55,304.666470001193
"38171",2021-05-15,"48","32  day ahead inc hosp",2021-06-16,"quantile",0.6,323.085965481936
"38172",2021-05-15,"48","32  day ahead inc hosp",2021-06-16,"quantile",0.65,342.989012132519
"38173",2021-05-15,"48","32  day ahead inc hosp",2021-06-16,"quantile",0.7,364.944524289695
"38174",2021-05-15,"48","32  day ahead inc hosp",2021-06-16,"quantile",0.75,389.802942513886
"38175",2021-05-15,"48","32  day ahead inc hosp",2021-06-16,"quantile",0.8,418.955363342224
"38176",2021-05-15,"48","32  day ahead inc hosp",2021-06-16,"quantile",0.85,454.966333126608
"38177",2021-05-15,"48","32  day ahead inc hosp",2021-06-16,"quantile",0.9,503.51706088809
"38178",2021-05-15,"48","32  day ahead inc hosp",2021-06-16,"quantile",0.95,582.496982999586
"38179",2021-05-15,"48","32  day ahead inc hosp",2021-06-16,"quantile",0.975,658.221952401558
"38180",2021-05-15,"48","32  day ahead inc hosp",2021-06-16,"quantile",0.99,755.292730919383
"38181",2021-05-15,"48","33  day ahead inc hosp",2021-06-17,"quantile",0.01,79.3308152047596
"38182",2021-05-15,"48","33  day ahead inc hosp",2021-06-17,"quantile",0.025,100.514063779636
"38183",2021-05-15,"48","33  day ahead inc hosp",2021-06-17,"quantile",0.05,121.901722205104
"38184",2021-05-15,"48","33  day ahead inc hosp",2021-06-17,"quantile",0.1,150.606331657373
"38185",2021-05-15,"48","33  day ahead inc hosp",2021-06-17,"quantile",0.15,172.650931918289
"38186",2021-05-15,"48","33  day ahead inc hosp",2021-06-17,"quantile",0.2,191.829515986141
"38187",2021-05-15,"48","33  day ahead inc hosp",2021-06-17,"quantile",0.25,209.51932808611
"38188",2021-05-15,"48","33  day ahead inc hosp",2021-06-17,"quantile",0.3,226.42322023
"38189",2021-05-15,"48","33  day ahead inc hosp",2021-06-17,"quantile",0.35,242.981502762442
"38190",2021-05-15,"48","33  day ahead inc hosp",2021-06-17,"quantile",0.4,259.517988457432
"38191",2021-05-15,"48","33  day ahead inc hosp",2021-06-17,"quantile",0.45,276.306975710626
"38192",2021-05-15,"48","33  day ahead inc hosp",2021-06-17,"quantile",0.5,293.612401773701
"38193",2021-05-15,"48","33  day ahead inc hosp",2021-06-17,"quantile",0.55,311.718269354816
"38194",2021-05-15,"48","33  day ahead inc hosp",2021-06-17,"quantile",0.6,330.960747001927
"38195",2021-05-15,"48","33  day ahead inc hosp",2021-06-17,"quantile",0.65,351.771801193155
"38196",2021-05-15,"48","33  day ahead inc hosp",2021-06-17,"quantile",0.7,374.749913680396
"38197",2021-05-15,"48","33  day ahead inc hosp",2021-06-17,"quantile",0.75,400.790690882511
"38198",2021-05-15,"48","33  day ahead inc hosp",2021-06-17,"quantile",0.8,431.360289245484
"38199",2021-05-15,"48","33  day ahead inc hosp",2021-06-17,"quantile",0.85,469.163442982762
"38200",2021-05-15,"48","33  day ahead inc hosp",2021-06-17,"quantile",0.9,520.195861904207
"38201",2021-05-15,"48","33  day ahead inc hosp",2021-06-17,"quantile",0.95,603.35277166773
"38202",2021-05-15,"48","33  day ahead inc hosp",2021-06-17,"quantile",0.975,683.222176219587
"38203",2021-05-15,"48","33  day ahead inc hosp",2021-06-17,"quantile",0.99,785.774673356569
"38204",2021-05-15,"48","34  day ahead inc hosp",2021-06-18,"quantile",0.01,76.1625173431287
"38205",2021-05-15,"48","34  day ahead inc hosp",2021-06-18,"quantile",0.025,97.2918249941117
"38206",2021-05-15,"48","34  day ahead inc hosp",2021-06-18,"quantile",0.05,118.739932813926
"38207",2021-05-15,"48","34  day ahead inc hosp",2021-06-18,"quantile",0.1,147.665226806445
"38208",2021-05-15,"48","34  day ahead inc hosp",2021-06-18,"quantile",0.15,169.966381575611
"38209",2021-05-15,"48","34  day ahead inc hosp",2021-06-18,"quantile",0.2,189.419369807217
"38210",2021-05-15,"48","34  day ahead inc hosp",2021-06-18,"quantile",0.25,207.399190535475
"38211",2021-05-15,"48","34  day ahead inc hosp",2021-06-18,"quantile",0.3,224.609813131216
"38212",2021-05-15,"48","34  day ahead inc hosp",2021-06-18,"quantile",0.35,241.494009950078
"38213",2021-05-15,"48","34  day ahead inc hosp",2021-06-18,"quantile",0.4,258.37900408375
"38214",2021-05-15,"48","34  day ahead inc hosp",2021-06-18,"quantile",0.45,275.543506145386
"38215",2021-05-15,"48","34  day ahead inc hosp",2021-06-18,"quantile",0.5,293.257150144171
"38216",2021-05-15,"48","34  day ahead inc hosp",2021-06-18,"quantile",0.55,311.811429953219
"38217",2021-05-15,"48","34  day ahead inc hosp",2021-06-18,"quantile",0.6,331.552645212752
"38218",2021-05-15,"48","34  day ahead inc hosp",2021-06-18,"quantile",0.65,352.926964988678
"38219",2021-05-15,"48","34  day ahead inc hosp",2021-06-18,"quantile",0.7,376.553703455498
"38220",2021-05-15,"48","34  day ahead inc hosp",2021-06-18,"quantile",0.75,403.360865621454
"38221",2021-05-15,"48","34  day ahead inc hosp",2021-06-18,"quantile",0.8,434.869143715398
"38222",2021-05-15,"48","34  day ahead inc hosp",2021-06-18,"quantile",0.85,473.886184883994
"38223",2021-05-15,"48","34  day ahead inc hosp",2021-06-18,"quantile",0.9,526.640870006697
"38224",2021-05-15,"48","34  day ahead inc hosp",2021-06-18,"quantile",0.95,612.783061218239
"38225",2021-05-15,"48","34  day ahead inc hosp",2021-06-18,"quantile",0.975,695.698337408418
"38226",2021-05-15,"48","34  day ahead inc hosp",2021-06-18,"quantile",0.99,802.378193883856
"38227",2021-05-15,"48","35  day ahead inc hosp",2021-06-19,"quantile",0.01,70.4472997695639
"38228",2021-05-15,"48","35  day ahead inc hosp",2021-06-19,"quantile",0.025,90.9367236460904
"38229",2021-05-15,"48","35  day ahead inc hosp",2021-06-19,"quantile",0.05,111.878329027398
"38230",2021-05-15,"48","35  day ahead inc hosp",2021-06-19,"quantile",0.1,140.294703027535
"38231",2021-05-15,"48","35  day ahead inc hosp",2021-06-19,"quantile",0.15,162.312312926578
"38232",2021-05-15,"48","35  day ahead inc hosp",2021-06-19,"quantile",0.2,181.58204184053
"38233",2021-05-15,"48","35  day ahead inc hosp",2021-06-19,"quantile",0.25,199.438705839617
"38234",2021-05-15,"48","35  day ahead inc hosp",2021-06-19,"quantile",0.3,216.568552601608
"38235",2021-05-15,"48","35  day ahead inc hosp",2021-06-19,"quantile",0.35,233.405437189319
"38236",2021-05-15,"48","35  day ahead inc hosp",2021-06-19,"quantile",0.4,250.272016808209
"38237",2021-05-15,"48","35  day ahead inc hosp",2021-06-19,"quantile",0.45,267.445036361537
"38238",2021-05-15,"48","35  day ahead inc hosp",2021-06-19,"quantile",0.5,285.19405359786
"38239",2021-05-15,"48","35  day ahead inc hosp",2021-06-19,"quantile",0.55,303.81218566561
"38240",2021-05-15,"48","35  day ahead inc hosp",2021-06-19,"quantile",0.6,323.649239385387
"38241",2021-05-15,"48","35  day ahead inc hosp",2021-06-19,"quantile",0.65,345.157379105528
"38242",2021-05-15,"48","35  day ahead inc hosp",2021-06-19,"quantile",0.7,368.965680503669
"38243",2021-05-15,"48","35  day ahead inc hosp",2021-06-19,"quantile",0.75,396.018303145501
"38244",2021-05-15,"48","35  day ahead inc hosp",2021-06-19,"quantile",0.8,427.864286868449
"38245",2021-05-15,"48","35  day ahead inc hosp",2021-06-19,"quantile",0.85,467.366518653762
"38246",2021-05-15,"48","35  day ahead inc hosp",2021-06-19,"quantile",0.9,520.882798687516
"38247",2021-05-15,"48","35  day ahead inc hosp",2021-06-19,"quantile",0.95,608.494790009265
"38248",2021-05-15,"48","35  day ahead inc hosp",2021-06-19,"quantile",0.975,693.050906314612
"38249",2021-05-15,"48","35  day ahead inc hosp",2021-06-19,"quantile",0.99,802.116181277081
"38250",2021-05-15,"48","36  day ahead inc hosp",2021-06-20,"quantile",0.01,67.7986458803298
"38251",2021-05-15,"48","36  day ahead inc hosp",2021-06-20,"quantile",0.025,88.226867155521
"38252",2021-05-15,"48","36  day ahead inc hosp",2021-06-20,"quantile",0.05,109.216428486956
"38253",2021-05-15,"48","36  day ahead inc hosp",2021-06-20,"quantile",0.1,137.8325661717
"38254",2021-05-15,"48","36  day ahead inc hosp",2021-06-20,"quantile",0.15,160.089133793292
"38255",2021-05-15,"48","36  day ahead inc hosp",2021-06-20,"quantile",0.2,179.61755982963
"38256",2021-05-15,"48","36  day ahead inc hosp",2021-06-20,"quantile",0.25,197.749713287596
"38257",2021-05-15,"48","36  day ahead inc hosp",2021-06-20,"quantile",0.3,215.172555505417
"38258",2021-05-15,"48","36  day ahead inc hosp",2021-06-20,"quantile",0.35,232.322140498354
"38259",2021-05-15,"48","36  day ahead inc hosp",2021-06-20,"quantile",0.4,249.524346449059
"38260",2021-05-15,"48","36  day ahead inc hosp",2021-06-20,"quantile",0.45,267.060181732584
"38261",2021-05-15,"48","36  day ahead inc hosp",2021-06-20,"quantile",0.5,285.204773925242
"38262",2021-05-15,"48","36  day ahead inc hosp",2021-06-20,"quantile",0.55,304.258613928496
"38263",2021-05-15,"48","36  day ahead inc hosp",2021-06-20,"quantile",0.6,324.581522180818
"38264",2021-05-15,"48","36  day ahead inc hosp",2021-06-20,"quantile",0.65,346.639738963264
"38265",2021-05-15,"48","36  day ahead inc hosp",2021-06-20,"quantile",0.7,371.083026024798
"38266",2021-05-15,"48","36  day ahead inc hosp",2021-06-20,"quantile",0.75,398.887761483381
"38267",2021-05-15,"48","36  day ahead inc hosp",2021-06-20,"quantile",0.8,431.657287380187
"38268",2021-05-15,"48","36  day ahead inc hosp",2021-06-20,"quantile",0.85,472.357091465571
"38269",2021-05-15,"48","36  day ahead inc hosp",2021-06-20,"quantile",0.9,527.577763675707
"38270",2021-05-15,"48","36  day ahead inc hosp",2021-06-20,"quantile",0.95,618.155776978514
"38271",2021-05-15,"48","36  day ahead inc hosp",2021-06-20,"quantile",0.975,705.750186517294
"38272",2021-05-15,"48","36  day ahead inc hosp",2021-06-20,"quantile",0.99,818.947696794046
"38273",2021-05-15,"48","37  day ahead inc hosp",2021-06-21,"quantile",0.01,67.549835348546
"38274",2021-05-15,"48","37  day ahead inc hosp",2021-06-21,"quantile",0.025,88.4141644359687
"38275",2021-05-15,"48","37  day ahead inc hosp",2021-06-21,"quantile",0.05,109.933122018345
"38276",2021-05-15,"48","37  day ahead inc hosp",2021-06-21,"quantile",0.1,139.370166869814
"38277",2021-05-15,"48","37  day ahead inc hosp",2021-06-21,"quantile",0.15,162.327170254662
"38278",2021-05-15,"48","37  day ahead inc hosp",2021-06-21,"quantile",0.2,182.506656422556
"38279",2021-05-15,"48","37  day ahead inc hosp",2021-06-21,"quantile",0.25,201.269645530368
"38280",2021-05-15,"48","37  day ahead inc hosp",2021-06-21,"quantile",0.3,219.319789020655
"38281",2021-05-15,"48","37  day ahead inc hosp",2021-06-21,"quantile",0.35,237.105034984282
"38282",2021-05-15,"48","37  day ahead inc hosp",2021-06-21,"quantile",0.4,254.961328602137
"38283",2021-05-15,"48","37  day ahead inc hosp",2021-06-21,"quantile",0.45,273.179470898674
"38284",2021-05-15,"48","37  day ahead inc hosp",2021-06-21,"quantile",0.5,292.04522264365
"38285",2021-05-15,"48","37  day ahead inc hosp",2021-06-21,"quantile",0.55,311.871655962002
"38286",2021-05-15,"48","37  day ahead inc hosp",2021-06-21,"quantile",0.6,333.03454549001
"38287",2021-05-15,"48","37  day ahead inc hosp",2021-06-21,"quantile",0.65,356.021631787123
"38288",2021-05-15,"48","37  day ahead inc hosp",2021-06-21,"quantile",0.7,381.513445353101
"38289",2021-05-15,"48","37  day ahead inc hosp",2021-06-21,"quantile",0.75,410.533455970007
"38290",2021-05-15,"48","37  day ahead inc hosp",2021-06-21,"quantile",0.8,444.76339330343
"38291",2021-05-15,"48","37  day ahead inc hosp",2021-06-21,"quantile",0.85,487.315374988231
"38292",2021-05-15,"48","37  day ahead inc hosp",2021-06-21,"quantile",0.9,545.109504242762
"38293",2021-05-15,"48","37  day ahead inc hosp",2021-06-21,"quantile",0.95,640.038442502322
"38294",2021-05-15,"48","37  day ahead inc hosp",2021-06-21,"quantile",0.975,731.970174569807
"38295",2021-05-15,"48","37  day ahead inc hosp",2021-06-21,"quantile",0.99,850.930242070178
"38296",2021-05-15,"49","1  day ahead inc hosp",2021-05-16,"quantile",0.01,12.3210282936364
"38297",2021-05-15,"49","1  day ahead inc hosp",2021-05-16,"quantile",0.025,13.8406780680373
"38298",2021-05-15,"49","1  day ahead inc hosp",2021-05-16,"quantile",0.05,15.2564852121553
"38299",2021-05-15,"49","1  day ahead inc hosp",2021-05-16,"quantile",0.1,17.0206261975251
"38300",2021-05-15,"49","1  day ahead inc hosp",2021-05-16,"quantile",0.15,18.2944234061991
"38301",2021-05-15,"49","1  day ahead inc hosp",2021-05-16,"quantile",0.2,19.3567370266607
"38302",2021-05-15,"49","1  day ahead inc hosp",2021-05-16,"quantile",0.25,20.304405663291
"38303",2021-05-15,"49","1  day ahead inc hosp",2021-05-16,"quantile",0.3,21.1847164693734
"38304",2021-05-15,"49","1  day ahead inc hosp",2021-05-16,"quantile",0.35,22.0257221209774
"38305",2021-05-15,"49","1  day ahead inc hosp",2021-05-16,"quantile",0.4,22.8466736186188
"38306",2021-05-15,"49","1  day ahead inc hosp",2021-05-16,"quantile",0.45,23.6625913924936
"38307",2021-05-15,"49","1  day ahead inc hosp",2021-05-16,"quantile",0.5,24.4867200395172
"38308",2021-05-15,"49","1  day ahead inc hosp",2021-05-16,"quantile",0.55,25.3321907984301
"38309",2021-05-15,"49","1  day ahead inc hosp",2021-05-16,"quantile",0.6,26.2135189543713
"38310",2021-05-15,"49","1  day ahead inc hosp",2021-05-16,"quantile",0.65,27.148406370286
"38311",2021-05-15,"49","1  day ahead inc hosp",2021-05-16,"quantile",0.7,28.1604697551581
"38312",2021-05-15,"49","1  day ahead inc hosp",2021-05-16,"quantile",0.75,29.2841133568743
"38313",2021-05-15,"49","1  day ahead inc hosp",2021-05-16,"quantile",0.8,30.5745537945857
"38314",2021-05-15,"49","1  day ahead inc hosp",2021-05-16,"quantile",0.85,32.1320279600048
"38315",2021-05-15,"49","1  day ahead inc hosp",2021-05-16,"quantile",0.9,34.1753423562198
"38316",2021-05-15,"49","1  day ahead inc hosp",2021-05-16,"quantile",0.95,37.3811875654157
"38317",2021-05-15,"49","1  day ahead inc hosp",2021-05-16,"quantile",0.975,40.3399342768498
"38318",2021-05-15,"49","1  day ahead inc hosp",2021-05-16,"quantile",0.99,43.9971458119386
"38319",2021-05-15,"49","2  day ahead inc hosp",2021-05-17,"quantile",0.01,12.1439036431981
"38320",2021-05-15,"49","2  day ahead inc hosp",2021-05-17,"quantile",0.025,13.6831739109826
"38321",2021-05-15,"49","2  day ahead inc hosp",2021-05-17,"quantile",0.05,15.1202131865425
"38322",2021-05-15,"49","2  day ahead inc hosp",2021-05-17,"quantile",0.1,16.9142984860244
"38323",2021-05-15,"49","2  day ahead inc hosp",2021-05-17,"quantile",0.15,18.2118625987968
"38324",2021-05-15,"49","2  day ahead inc hosp",2021-05-17,"quantile",0.2,19.295245430452
"38325",2021-05-15,"49","2  day ahead inc hosp",2021-05-17,"quantile",0.25,20.2626005175538
"38326",2021-05-15,"49","2  day ahead inc hosp",2021-05-17,"quantile",0.3,21.1619071284295
"38327",2021-05-15,"49","2  day ahead inc hosp",2021-05-17,"quantile",0.35,22.0216648540484
"38328",2021-05-15,"49","2  day ahead inc hosp",2021-05-17,"quantile",0.4,22.8614638756623
"38329",2021-05-15,"49","2  day ahead inc hosp",2021-05-17,"quantile",0.45,23.6966210438355
"38330",2021-05-15,"49","2  day ahead inc hosp",2021-05-17,"quantile",0.5,24.540674266258
"38331",2021-05-15,"49","2  day ahead inc hosp",2021-05-17,"quantile",0.55,25.4070775345811
"38332",2021-05-15,"49","2  day ahead inc hosp",2021-05-17,"quantile",0.6,26.3107344032721
"38333",2021-05-15,"49","2  day ahead inc hosp",2021-05-17,"quantile",0.65,27.2698510574608
"38334",2021-05-15,"49","2  day ahead inc hosp",2021-05-17,"quantile",0.7,28.3087476550285
"38335",2021-05-15,"49","2  day ahead inc hosp",2021-05-17,"quantile",0.75,29.4628853181899
"38336",2021-05-15,"49","2  day ahead inc hosp",2021-05-17,"quantile",0.8,30.7892146247627
"38337",2021-05-15,"49","2  day ahead inc hosp",2021-05-17,"quantile",0.85,32.3911746896409
"38338",2021-05-15,"49","2  day ahead inc hosp",2021-05-17,"quantile",0.9,34.4946731397782
"38339",2021-05-15,"49","2  day ahead inc hosp",2021-05-17,"quantile",0.95,37.7987752104579
"38340",2021-05-15,"49","2  day ahead inc hosp",2021-05-17,"quantile",0.975,40.8519848103565
"38341",2021-05-15,"49","2  day ahead inc hosp",2021-05-17,"quantile",0.99,44.6304755950727
"38342",2021-05-15,"49","3  day ahead inc hosp",2021-05-18,"quantile",0.01,13.6325024170561
"38343",2021-05-15,"49","3  day ahead inc hosp",2021-05-18,"quantile",0.025,15.3162727962999
"38344",2021-05-15,"49","3  day ahead inc hosp",2021-05-18,"quantile",0.05,16.8851499415251
"38345",2021-05-15,"49","3  day ahead inc hosp",2021-05-18,"quantile",0.1,18.8402149142062
"38346",2021-05-15,"49","3  day ahead inc hosp",2021-05-18,"quantile",0.15,20.2519878168755
"38347",2021-05-15,"49","3  day ahead inc hosp",2021-05-18,"quantile",0.2,21.4294387970149
"38348",2021-05-15,"49","3  day ahead inc hosp",2021-05-18,"quantile",0.25,22.4798685466359
"38349",2021-05-15,"49","3  day ahead inc hosp",2021-05-18,"quantile",0.3,23.4556757277389
"38350",2021-05-15,"49","3  day ahead inc hosp",2021-05-18,"quantile",0.35,24.3879473869845
"38351",2021-05-15,"49","3  day ahead inc hosp",2021-05-18,"quantile",0.4,25.2980186454153
"38352",2021-05-15,"49","3  day ahead inc hosp",2021-05-18,"quantile",0.45,26.20253780997
"38353",2021-05-15,"49","3  day ahead inc hosp",2021-05-18,"quantile",0.5,27.1161866613082
"38354",2021-05-15,"49","3  day ahead inc hosp",2021-05-18,"quantile",0.55,28.0535230890856
"38355",2021-05-15,"49","3  day ahead inc hosp",2021-05-18,"quantile",0.6,29.0306411419919
"38356",2021-05-15,"49","3  day ahead inc hosp",2021-05-18,"quantile",0.65,30.0671697403586
"38357",2021-05-15,"49","3  day ahead inc hosp",2021-05-18,"quantile",0.7,31.1892982435912
"38358",2021-05-15,"49","3  day ahead inc hosp",2021-05-18,"quantile",0.75,32.4351804476886
"38359",2021-05-15,"49","3  day ahead inc hosp",2021-05-18,"quantile",0.8,33.8660528398995
"38360",2021-05-15,"49","3  day ahead inc hosp",2021-05-18,"quantile",0.85,35.5930834187121
"38361",2021-05-15,"49","3  day ahead inc hosp",2021-05-18,"quantile",0.9,37.8589462459225
"38362",2021-05-15,"49","3  day ahead inc hosp",2021-05-18,"quantile",0.95,41.4141684992002
"38363",2021-05-15,"49","3  day ahead inc hosp",2021-05-18,"quantile",0.975,44.6955712205414
"38364",2021-05-15,"49","3  day ahead inc hosp",2021-05-18,"quantile",0.99,48.7518559253371
"38365",2021-05-15,"49","4  day ahead inc hosp",2021-05-19,"quantile",0.01,15.355286845086
"38366",2021-05-15,"49","4  day ahead inc hosp",2021-05-19,"quantile",0.025,17.2244078955716
"38367",2021-05-15,"49","4  day ahead inc hosp",2021-05-19,"quantile",0.05,18.9641101556993
"38368",2021-05-15,"49","4  day ahead inc hosp",2021-05-19,"quantile",0.1,21.1298353426968
"38369",2021-05-15,"49","4  day ahead inc hosp",2021-05-19,"quantile",0.15,22.6923685037814
"38370",2021-05-15,"49","4  day ahead inc hosp",2021-05-19,"quantile",0.2,23.9947671339599
"38371",2021-05-15,"49","4  day ahead inc hosp",2021-05-19,"quantile",0.25,25.1561021761716
"38372",2021-05-15,"49","4  day ahead inc hosp",2021-05-19,"quantile",0.3,26.2344883913833
"38373",2021-05-15,"49","4  day ahead inc hosp",2021-05-19,"quantile",0.35,27.2643810873019
"38374",2021-05-15,"49","4  day ahead inc hosp",2021-05-19,"quantile",0.4,28.2694065075401
"38375",2021-05-15,"49","4  day ahead inc hosp",2021-05-19,"quantile",0.45,29.2679807219677
"38376",2021-05-15,"49","4  day ahead inc hosp",2021-05-19,"quantile",0.5,30.276324322618
"38377",2021-05-15,"49","4  day ahead inc hosp",2021-05-19,"quantile",0.55,31.3105008860645
"38378",2021-05-15,"49","4  day ahead inc hosp",2021-05-19,"quantile",0.6,32.388249187194
"38379",2021-05-15,"49","4  day ahead inc hosp",2021-05-19,"quantile",0.65,33.5311847171928
"38380",2021-05-15,"49","4  day ahead inc hosp",2021-05-19,"quantile",0.7,34.7681281039673
"38381",2021-05-15,"49","4  day ahead inc hosp",2021-05-19,"quantile",0.75,36.1410463093163
"38382",2021-05-15,"49","4  day ahead inc hosp",2021-05-19,"quantile",0.8,37.7172722248713
"38383",2021-05-15,"49","4  day ahead inc hosp",2021-05-19,"quantile",0.85,39.6190070397421
"38384",2021-05-15,"49","4  day ahead inc hosp",2021-05-19,"quantile",0.9,42.1129402792021
"38385",2021-05-15,"49","4  day ahead inc hosp",2021-05-19,"quantile",0.95,46.0236145116227
"38386",2021-05-15,"49","4  day ahead inc hosp",2021-05-19,"quantile",0.975,49.6307290780438
"38387",2021-05-15,"49","4  day ahead inc hosp",2021-05-19,"quantile",0.99,54.0868192117754
"38388",2021-05-15,"49","5  day ahead inc hosp",2021-05-20,"quantile",0.01,14.879093614826
"38389",2021-05-15,"49","5  day ahead inc hosp",2021-05-20,"quantile",0.025,16.771252675327
"38390",2021-05-15,"49","5  day ahead inc hosp",2021-05-20,"quantile",0.05,18.5381857622443
"38391",2021-05-15,"49","5  day ahead inc hosp",2021-05-20,"quantile",0.1,20.7446523399938
"38392",2021-05-15,"49","5  day ahead inc hosp",2021-05-20,"quantile",0.15,22.3407903509002
"38393",2021-05-15,"49","5  day ahead inc hosp",2021-05-20,"quantile",0.2,23.6736498760039
"38394",2021-05-15,"49","5  day ahead inc hosp",2021-05-20,"quantile",0.25,24.8638964676124
"38395",2021-05-15,"49","5  day ahead inc hosp",2021-05-20,"quantile",0.3,25.9705211896373
"38396",2021-05-15,"49","5  day ahead inc hosp",2021-05-20,"quantile",0.35,27.0285700718887
"38397",2021-05-15,"49","5  day ahead inc hosp",2021-05-20,"quantile",0.4,28.0621380945516
"38398",2021-05-15,"49","5  day ahead inc hosp",2021-05-20,"quantile",0.45,29.0900690129713
"38399",2021-05-15,"49","5  day ahead inc hosp",2021-05-20,"quantile",0.5,30.129022797107
"38400",2021-05-15,"49","5  day ahead inc hosp",2021-05-20,"quantile",0.55,31.195560923778
"38401",2021-05-15,"49","5  day ahead inc hosp",2021-05-20,"quantile",0.6,32.30803393771
"38402",2021-05-15,"49","5  day ahead inc hosp",2021-05-20,"quantile",0.65,33.488863455957
"38403",2021-05-15,"49","5  day ahead inc hosp",2021-05-20,"quantile",0.7,34.7680052406215
"38404",2021-05-15,"49","5  day ahead inc hosp",2021-05-20,"quantile",0.75,36.1891424371175
"38405",2021-05-15,"49","5  day ahead inc hosp",2021-05-20,"quantile",0.8,37.8224358062046
"38406",2021-05-15,"49","5  day ahead inc hosp",2021-05-20,"quantile",0.85,39.7953261735079
"38407",2021-05-15,"49","5  day ahead inc hosp",2021-05-20,"quantile",0.9,42.3861566406722
"38408",2021-05-15,"49","5  day ahead inc hosp",2021-05-20,"quantile",0.95,46.4563142413942
"38409",2021-05-15,"49","5  day ahead inc hosp",2021-05-20,"quantile",0.975,50.2179734378295
"38410",2021-05-15,"49","5  day ahead inc hosp",2021-05-20,"quantile",0.99,54.8738771458639
"38411",2021-05-15,"49","6  day ahead inc hosp",2021-05-21,"quantile",0.01,14.3324032603528
"38412",2021-05-15,"49","6  day ahead inc hosp",2021-05-21,"quantile",0.025,16.2573149549577
"38413",2021-05-15,"49","6  day ahead inc hosp",2021-05-21,"quantile",0.05,18.0625265815479
"38414",2021-05-15,"49","6  day ahead inc hosp",2021-05-21,"quantile",0.1,20.3259043261441
"38415",2021-05-15,"49","6  day ahead inc hosp",2021-05-21,"quantile",0.15,21.9688242236282
"38416",2021-05-15,"49","6  day ahead inc hosp",2021-05-21,"quantile",0.2,23.3440187303437
"38417",2021-05-15,"49","6  day ahead inc hosp",2021-05-21,"quantile",0.25,24.57440691033
"38418",2021-05-15,"49","6  day ahead inc hosp",2021-05-21,"quantile",0.3,25.7202126862707
"38419",2021-05-15,"49","6  day ahead inc hosp",2021-05-21,"quantile",0.35,26.8173101574396
"38420",2021-05-15,"49","6  day ahead inc hosp",2021-05-21,"quantile",0.4,27.8904493309736
"38421",2021-05-15,"49","6  day ahead inc hosp",2021-05-21,"quantile",0.45,28.9590700898033
"38422",2021-05-15,"49","6  day ahead inc hosp",2021-05-21,"quantile",0.5,30.0404436418633
"38423",2021-05-15,"49","6  day ahead inc hosp",2021-05-21,"quantile",0.55,31.1518231955853
"38424",2021-05-15,"49","6  day ahead inc hosp",2021-05-21,"quantile",0.6,32.3124085240002
"38425",2021-05-15,"49","6  day ahead inc hosp",2021-05-21,"quantile",0.65,33.545739748761
"38426",2021-05-15,"49","6  day ahead inc hosp",2021-05-21,"quantile",0.7,34.8833472882916
"38427",2021-05-15,"49","6  day ahead inc hosp",2021-05-21,"quantile",0.75,36.3712948199338
"38428",2021-05-15,"49","6  day ahead inc hosp",2021-05-21,"quantile",0.8,38.0836658155052
"38429",2021-05-15,"49","6  day ahead inc hosp",2021-05-21,"quantile",0.85,40.1551701631265
"38430",2021-05-15,"49","6  day ahead inc hosp",2021-05-21,"quantile",0.9,42.8803213032449
"38431",2021-05-15,"49","6  day ahead inc hosp",2021-05-21,"quantile",0.95,47.171646812497
"38432",2021-05-15,"49","6  day ahead inc hosp",2021-05-21,"quantile",0.975,51.1477366950457
"38433",2021-05-15,"49","6  day ahead inc hosp",2021-05-21,"quantile",0.99,56.0810450815002
"38434",2021-05-15,"49","7  day ahead inc hosp",2021-05-22,"quantile",0.01,12.1444536288004
"38435",2021-05-15,"49","7  day ahead inc hosp",2021-05-22,"quantile",0.025,13.9252489646326
"38436",2021-05-15,"49","7  day ahead inc hosp",2021-05-22,"quantile",0.05,15.6075437876503
"38437",2021-05-15,"49","7  day ahead inc hosp",2021-05-22,"quantile",0.1,17.7313495487315
"38438",2021-05-15,"49","7  day ahead inc hosp",2021-05-22,"quantile",0.15,19.2819383156783
"38439",2021-05-15,"49","7  day ahead inc hosp",2021-05-22,"quantile",0.2,20.5850889137397
"38440",2021-05-15,"49","7  day ahead inc hosp",2021-05-22,"quantile",0.25,21.7547701203975
"38441",2021-05-15,"49","7  day ahead inc hosp",2021-05-22,"quantile",0.3,22.8470315055642
"38442",2021-05-15,"49","7  day ahead inc hosp",2021-05-22,"quantile",0.35,23.8954153594373
"38443",2021-05-15,"49","7  day ahead inc hosp",2021-05-22,"quantile",0.4,24.9232020551626
"38444",2021-05-15,"49","7  day ahead inc hosp",2021-05-22,"quantile",0.45,25.9488132587566
"38445",2021-05-15,"49","7  day ahead inc hosp",2021-05-22,"quantile",0.5,26.9887519347017
"38446",2021-05-15,"49","7  day ahead inc hosp",2021-05-22,"quantile",0.55,28.0596396680985
"38447",2021-05-15,"49","7  day ahead inc hosp",2021-05-22,"quantile",0.6,29.1801065788705
"38448",2021-05-15,"49","7  day ahead inc hosp",2021-05-22,"quantile",0.65,30.3731242166507
"38449",2021-05-15,"49","7  day ahead inc hosp",2021-05-22,"quantile",0.7,31.6695902562296
"38450",2021-05-15,"49","7  day ahead inc hosp",2021-05-22,"quantile",0.75,33.1147792963027
"38451",2021-05-15,"49","7  day ahead inc hosp",2021-05-22,"quantile",0.8,34.7816656315961
"38452",2021-05-15,"49","7  day ahead inc hosp",2021-05-22,"quantile",0.85,36.8031751059975
"38453",2021-05-15,"49","7  day ahead inc hosp",2021-05-22,"quantile",0.9,39.4703996448824
"38454",2021-05-15,"49","7  day ahead inc hosp",2021-05-22,"quantile",0.95,43.6870634670853
"38455",2021-05-15,"49","7  day ahead inc hosp",2021-05-22,"quantile",0.975,47.610356119075
"38456",2021-05-15,"49","7  day ahead inc hosp",2021-05-22,"quantile",0.99,52.4977969221444
"38457",2021-05-15,"49","8  day ahead inc hosp",2021-05-23,"quantile",0.01,10.468485825653
"38458",2021-05-15,"49","8  day ahead inc hosp",2021-05-23,"quantile",0.025,12.1309191657018
"38459",2021-05-15,"49","8  day ahead inc hosp",2021-05-23,"quantile",0.05,13.7126057150648
"38460",2021-05-15,"49","8  day ahead inc hosp",2021-05-23,"quantile",0.1,15.722745309156
"38461",2021-05-15,"49","8  day ahead inc hosp",2021-05-23,"quantile",0.15,17.1985976874325
"38462",2021-05-15,"49","8  day ahead inc hosp",2021-05-23,"quantile",0.2,18.4437577272582
"38463",2021-05-15,"49","8  day ahead inc hosp",2021-05-23,"quantile",0.25,19.5648395123974
"38464",2021-05-15,"49","8  day ahead inc hosp",2021-05-23,"quantile",0.3,20.614471087659
"38465",2021-05-15,"49","8  day ahead inc hosp",2021-05-23,"quantile",0.35,21.6242917029108
"38466",2021-05-15,"49","8  day ahead inc hosp",2021-05-23,"quantile",0.4,22.6163911159546
"38467",2021-05-15,"49","8  day ahead inc hosp",2021-05-23,"quantile",0.45,23.6083760339221
"38468",2021-05-15,"49","8  day ahead inc hosp",2021-05-23,"quantile",0.5,24.6161461875804
"38469",2021-05-15,"49","8  day ahead inc hosp",2021-05-23,"quantile",0.55,25.6558411411828
"38470",2021-05-15,"49","8  day ahead inc hosp",2021-05-23,"quantile",0.6,26.7456731470128
"38471",2021-05-15,"49","8  day ahead inc hosp",2021-05-23,"quantile",0.65,27.9082172303205
"38472",2021-05-15,"49","8  day ahead inc hosp",2021-05-23,"quantile",0.7,29.1739551837084
"38473",2021-05-15,"49","8  day ahead inc hosp",2021-05-23,"quantile",0.75,30.587675607661
"38474",2021-05-15,"49","8  day ahead inc hosp",2021-05-23,"quantile",0.8,32.2217157289379
"38475",2021-05-15,"49","8  day ahead inc hosp",2021-05-23,"quantile",0.85,34.2080552072657
"38476",2021-05-15,"49","8  day ahead inc hosp",2021-05-23,"quantile",0.9,36.8361576875612
"38477",2021-05-15,"49","8  day ahead inc hosp",2021-05-23,"quantile",0.95,41.0063674584994
"38478",2021-05-15,"49","8  day ahead inc hosp",2021-05-23,"quantile",0.975,44.9016855463178
"38479",2021-05-15,"49","8  day ahead inc hosp",2021-05-23,"quantile",0.99,49.7725822633511
"38480",2021-05-15,"49","9  day ahead inc hosp",2021-05-24,"quantile",0.01,12.4805100516294
"38481",2021-05-15,"49","9  day ahead inc hosp",2021-05-24,"quantile",0.025,14.4436666673906
"38482",2021-05-15,"49","9  day ahead inc hosp",2021-05-24,"quantile",0.05,16.309836680418
"38483",2021-05-15,"49","9  day ahead inc hosp",2021-05-24,"quantile",0.1,18.6795824012771
"38484",2021-05-15,"49","9  day ahead inc hosp",2021-05-24,"quantile",0.15,20.4182639435203
"38485",2021-05-15,"49","9  day ahead inc hosp",2021-05-24,"quantile",0.2,21.8844738602907
"38486",2021-05-15,"49","9  day ahead inc hosp",2021-05-24,"quantile",0.25,23.2040805994297
"38487",2021-05-15,"49","9  day ahead inc hosp",2021-05-24,"quantile",0.3,24.4391881469334
"38488",2021-05-15,"49","9  day ahead inc hosp",2021-05-24,"quantile",0.35,25.6271113818755
"38489",2021-05-15,"49","9  day ahead inc hosp",2021-05-24,"quantile",0.4,26.7938836047087
"38490",2021-05-15,"49","9  day ahead inc hosp",2021-05-24,"quantile",0.45,27.9602362119802
"38491",2021-05-15,"49","9  day ahead inc hosp",2021-05-24,"quantile",0.5,29.1448723203212
"38492",2021-05-15,"49","9  day ahead inc hosp",2021-05-24,"quantile",0.55,30.3667591182577
"38493",2021-05-15,"49","9  day ahead inc hosp",2021-05-24,"quantile",0.6,31.6472821397438
"38494",2021-05-15,"49","9  day ahead inc hosp",2021-05-24,"quantile",0.65,33.0129330046427
"38495",2021-05-15,"49","9  day ahead inc hosp",2021-05-24,"quantile",0.7,34.4994652572923
"38496",2021-05-15,"49","9  day ahead inc hosp",2021-05-24,"quantile",0.75,36.1593961658686
"38497",2021-05-15,"49","9  day ahead inc hosp",2021-05-24,"quantile",0.8,38.0775247453642
"38498",2021-05-15,"49","9  day ahead inc hosp",2021-05-24,"quantile",0.85,40.4085369805949
"38499",2021-05-15,"49","9  day ahead inc hosp",2021-05-24,"quantile",0.9,43.4916342064099
"38500",2021-05-15,"49","9  day ahead inc hosp",2021-05-24,"quantile",0.95,48.3816266830264
"38501",2021-05-15,"49","9  day ahead inc hosp",2021-05-24,"quantile",0.975,52.9471132266989
"38502",2021-05-15,"49","9  day ahead inc hosp",2021-05-24,"quantile",0.99,58.6534232846654
"38503",2021-05-15,"49","10  day ahead inc hosp",2021-05-25,"quantile",0.01,10.8909430170796
"38504",2021-05-15,"49","10  day ahead inc hosp",2021-05-25,"quantile",0.025,12.7283191006431
"38505",2021-05-15,"49","10  day ahead inc hosp",2021-05-25,"quantile",0.05,14.4864757927131
"38506",2021-05-15,"49","10  day ahead inc hosp",2021-05-25,"quantile",0.1,16.7328432364186
"38507",2021-05-15,"49","10  day ahead inc hosp",2021-05-25,"quantile",0.15,18.3895288577115
"38508",2021-05-15,"49","10  day ahead inc hosp",2021-05-25,"quantile",0.2,19.7915756682571
"38509",2021-05-15,"49","10  day ahead inc hosp",2021-05-25,"quantile",0.25,21.0570054834057
"38510",2021-05-15,"49","10  day ahead inc hosp",2021-05-25,"quantile",0.3,22.2442543908815
"38511",2021-05-15,"49","10  day ahead inc hosp",2021-05-25,"quantile",0.35,23.3885848463208
"38512",2021-05-15,"49","10  day ahead inc hosp",2021-05-25,"quantile",0.4,24.5147348587233
"38513",2021-05-15,"49","10  day ahead inc hosp",2021-05-25,"quantile",0.45,25.6425375156825
"38514",2021-05-15,"49","10  day ahead inc hosp",2021-05-25,"quantile",0.5,26.7900178128147
"38515",2021-05-15,"49","10  day ahead inc hosp",2021-05-25,"quantile",0.55,27.9755855068539
"38516",2021-05-15,"49","10  day ahead inc hosp",2021-05-25,"quantile",0.6,29.220123965764
"38517",2021-05-15,"49","10  day ahead inc hosp",2021-05-25,"quantile",0.65,30.5496247918868
"38518",2021-05-15,"49","10  day ahead inc hosp",2021-05-25,"quantile",0.7,31.9992871896176
"38519",2021-05-15,"49","10  day ahead inc hosp",2021-05-25,"quantile",0.75,33.6209407783818
"38520",2021-05-15,"49","10  day ahead inc hosp",2021-05-25,"quantile",0.8,35.4984247065243
"38521",2021-05-15,"49","10  day ahead inc hosp",2021-05-25,"quantile",0.85,37.7848954923653
"38522",2021-05-15,"49","10  day ahead inc hosp",2021-05-25,"quantile",0.9,40.8166618115206
"38523",2021-05-15,"49","10  day ahead inc hosp",2021-05-25,"quantile",0.95,45.6412874286025
"38524",2021-05-15,"49","10  day ahead inc hosp",2021-05-25,"quantile",0.975,50.1616510702863
"38525",2021-05-15,"49","10  day ahead inc hosp",2021-05-25,"quantile",0.99,55.8306760782266
"38526",2021-05-15,"49","11  day ahead inc hosp",2021-05-26,"quantile",0.01,10.9351683356772
"38527",2021-05-15,"49","11  day ahead inc hosp",2021-05-26,"quantile",0.025,12.8377137196651
"38528",2021-05-15,"49","11  day ahead inc hosp",2021-05-26,"quantile",0.05,14.6637406720988
"38529",2021-05-15,"49","11  day ahead inc hosp",2021-05-26,"quantile",0.1,17.0033970120927
"38530",2021-05-15,"49","11  day ahead inc hosp",2021-05-26,"quantile",0.15,18.7329453051856
"38531",2021-05-15,"49","11  day ahead inc hosp",2021-05-26,"quantile",0.2,20.1990277817769
"38532",2021-05-15,"49","11  day ahead inc hosp",2021-05-26,"quantile",0.25,21.5239526771223
"38533",2021-05-15,"49","11  day ahead inc hosp",2021-05-26,"quantile",0.3,22.7683763442212
"38534",2021-05-15,"49","11  day ahead inc hosp",2021-05-26,"quantile",0.35,23.968974092101
"38535",2021-05-15,"49","11  day ahead inc hosp",2021-05-26,"quantile",0.4,25.1515410268301
"38536",2021-05-15,"49","11  day ahead inc hosp",2021-05-26,"quantile",0.45,26.3368218227021
"38537",2021-05-15,"49","11  day ahead inc hosp",2021-05-26,"quantile",0.5,27.5437333018772
"38538",2021-05-15,"49","11  day ahead inc hosp",2021-05-26,"quantile",0.55,28.7916580832292
"38539",2021-05-15,"49","11  day ahead inc hosp",2021-05-26,"quantile",0.6,30.1026428994034
"38540",2021-05-15,"49","11  day ahead inc hosp",2021-05-26,"quantile",0.65,31.5041847770401
"38541",2021-05-15,"49","11  day ahead inc hosp",2021-05-26,"quantile",0.7,33.0335782515141
"38542",2021-05-15,"49","11  day ahead inc hosp",2021-05-26,"quantile",0.75,34.7457976881418
"38543",2021-05-15,"49","11  day ahead inc hosp",2021-05-26,"quantile",0.8,36.7298399133184
"38544",2021-05-15,"49","11  day ahead inc hosp",2021-05-26,"quantile",0.85,39.1483879511113
"38545",2021-05-15,"49","11  day ahead inc hosp",2021-05-26,"quantile",0.9,42.3588877662976
"38546",2021-05-15,"49","11  day ahead inc hosp",2021-05-26,"quantile",0.95,47.4755745086049
"38547",2021-05-15,"49","11  day ahead inc hosp",2021-05-26,"quantile",0.975,52.2771443566278
"38548",2021-05-15,"49","11  day ahead inc hosp",2021-05-26,"quantile",0.99,58.3079200801314
"38549",2021-05-15,"49","12  day ahead inc hosp",2021-05-27,"quantile",0.01,11.6243550364649
"38550",2021-05-15,"49","12  day ahead inc hosp",2021-05-27,"quantile",0.025,13.6750702415397
"38551",2021-05-15,"49","12  day ahead inc hosp",2021-05-27,"quantile",0.05,15.6460391685923
"38552",2021-05-15,"49","12  day ahead inc hosp",2021-05-27,"quantile",0.1,18.1746642370317
"38553",2021-05-15,"49","12  day ahead inc hosp",2021-05-27,"quantile",0.15,20.0459167548111
"38554",2021-05-15,"49","12  day ahead inc hosp",2021-05-27,"quantile",0.2,21.6332921013966
"38555",2021-05-15,"49","12  day ahead inc hosp",2021-05-27,"quantile",0.25,23.0686727776988
"38556",2021-05-15,"49","12  day ahead inc hosp",2021-05-27,"quantile",0.3,24.4175120262665
"38557",2021-05-15,"49","12  day ahead inc hosp",2021-05-27,"quantile",0.35,25.7194219581819
"38558",2021-05-15,"49","12  day ahead inc hosp",2021-05-27,"quantile",0.4,27.0022960890473
"38559",2021-05-15,"49","12  day ahead inc hosp",2021-05-27,"quantile",0.45,28.2885985422202
"38560",2021-05-15,"49","12  day ahead inc hosp",2021-05-27,"quantile",0.5,29.5988455324558
"38561",2021-05-15,"49","12  day ahead inc hosp",2021-05-27,"quantile",0.55,30.954089149149
"38562",2021-05-15,"49","12  day ahead inc hosp",2021-05-27,"quantile",0.6,32.3783045842979
"38563",2021-05-15,"49","12  day ahead inc hosp",2021-05-27,"quantile",0.65,33.9014224015664
"38564",2021-05-15,"49","12  day ahead inc hosp",2021-05-27,"quantile",0.7,35.5640656339108
"38565",2021-05-15,"49","12  day ahead inc hosp",2021-05-27,"quantile",0.75,37.4261443037278
"38566",2021-05-15,"49","12  day ahead inc hosp",2021-05-27,"quantile",0.8,39.584680318902
"38567",2021-05-15,"49","12  day ahead inc hosp",2021-05-27,"quantile",0.85,42.2170778188451
"38568",2021-05-15,"49","12  day ahead inc hosp",2021-05-27,"quantile",0.9,45.7132358797085
"38569",2021-05-15,"49","12  day ahead inc hosp",2021-05-27,"quantile",0.95,51.2889641781844
"38570",2021-05-15,"49","12  day ahead inc hosp",2021-05-27,"quantile",0.975,56.5250488025884
"38571",2021-05-15,"49","12  day ahead inc hosp",2021-05-27,"quantile",0.99,63.1060733759095
"38572",2021-05-15,"49","13  day ahead inc hosp",2021-05-28,"quantile",0.01,10.7432588249108
"38573",2021-05-15,"49","13  day ahead inc hosp",2021-05-28,"quantile",0.025,12.7347247534819
"38574",2021-05-15,"49","13  day ahead inc hosp",2021-05-28,"quantile",0.05,14.6584891622391
"38575",2021-05-15,"49","13  day ahead inc hosp",2021-05-28,"quantile",0.1,17.1382028735292
"38576",2021-05-15,"49","13  day ahead inc hosp",2021-05-28,"quantile",0.15,18.980473451898
"38577",2021-05-15,"49","13  day ahead inc hosp",2021-05-28,"quantile",0.2,20.547482013249
"38578",2021-05-15,"49","13  day ahead inc hosp",2021-05-28,"quantile",0.25,21.9674709769628
"38579",2021-05-15,"49","13  day ahead inc hosp",2021-05-28,"quantile",0.3,23.3042618686338
"38580",2021-05-15,"49","13  day ahead inc hosp",2021-05-28,"quantile",0.35,24.5966104534846
"38581",2021-05-15,"49","13  day ahead inc hosp",2021-05-28,"quantile",0.4,25.8719258065068
"38582",2021-05-15,"49","13  day ahead inc hosp",2021-05-28,"quantile",0.45,27.152397073552
"38583",2021-05-15,"49","13  day ahead inc hosp",2021-05-28,"quantile",0.5,28.4584028843086
"38584",2021-05-15,"49","13  day ahead inc hosp",2021-05-28,"quantile",0.55,29.8109649146414
"38585",2021-05-15,"49","13  day ahead inc hosp",2021-05-28,"quantile",0.6,31.234130190471
"38586",2021-05-15,"49","13  day ahead inc hosp",2021-05-28,"quantile",0.65,32.7580211088393
"38587",2021-05-15,"49","13  day ahead inc hosp",2021-05-28,"quantile",0.7,34.4236215687393
"38588",2021-05-15,"49","13  day ahead inc hosp",2021-05-28,"quantile",0.75,36.2914794344814
"38589",2021-05-15,"49","13  day ahead inc hosp",2021-05-28,"quantile",0.8,38.4597757102525
"38590",2021-05-15,"49","13  day ahead inc hosp",2021-05-28,"quantile",0.85,41.1082210882552
"38591",2021-05-15,"49","13  day ahead inc hosp",2021-05-28,"quantile",0.9,44.6321772646372
"38592",2021-05-15,"49","13  day ahead inc hosp",2021-05-28,"quantile",0.95,50.265989541757
"38593",2021-05-15,"49","13  day ahead inc hosp",2021-05-28,"quantile",0.975,55.5702654774891
"38594",2021-05-15,"49","13  day ahead inc hosp",2021-05-28,"quantile",0.99,62.2534154234837
"38595",2021-05-15,"49","14  day ahead inc hosp",2021-05-29,"quantile",0.01,10.1917108938038
"38596",2021-05-15,"49","14  day ahead inc hosp",2021-05-29,"quantile",0.025,12.1604647865452
"38597",2021-05-15,"49","14  day ahead inc hosp",2021-05-29,"quantile",0.05,14.0706473921426
"38598",2021-05-15,"49","14  day ahead inc hosp",2021-05-29,"quantile",0.1,16.5428613247914
"38599",2021-05-15,"49","14  day ahead inc hosp",2021-05-29,"quantile",0.15,18.3857596951594
"38600",2021-05-15,"49","14  day ahead inc hosp",2021-05-29,"quantile",0.2,19.9569286932561
"38601",2021-05-15,"49","14  day ahead inc hosp",2021-05-29,"quantile",0.25,21.3832889967074
"38602",2021-05-15,"49","14  day ahead inc hosp",2021-05-29,"quantile",0.3,22.728155664678
"38603",2021-05-15,"49","14  day ahead inc hosp",2021-05-29,"quantile",0.35,24.0300908635077
"38604",2021-05-15,"49","14  day ahead inc hosp",2021-05-29,"quantile",0.4,25.316469832874
"38605",2021-05-15,"49","14  day ahead inc hosp",2021-05-29,"quantile",0.45,26.6095542683792
"38606",2021-05-15,"49","14  day ahead inc hosp",2021-05-29,"quantile",0.5,27.9298876191134
"38607",2021-05-15,"49","14  day ahead inc hosp",2021-05-29,"quantile",0.55,29.298756956948
"38608",2021-05-15,"49","14  day ahead inc hosp",2021-05-29,"quantile",0.6,30.7406042096199
"38609",2021-05-15,"49","14  day ahead inc hosp",2021-05-29,"quantile",0.65,32.2861337976579
"38610",2021-05-15,"49","14  day ahead inc hosp",2021-05-29,"quantile",0.7,33.9772073213375
"38611",2021-05-15,"49","14  day ahead inc hosp",2021-05-29,"quantile",0.75,35.8757595557065
"38612",2021-05-15,"49","14  day ahead inc hosp",2021-05-29,"quantile",0.8,38.0823284107033
"38613",2021-05-15,"49","14  day ahead inc hosp",2021-05-29,"quantile",0.85,40.7810994463596
"38614",2021-05-15,"49","14  day ahead inc hosp",2021-05-29,"quantile",0.9,44.3776182576101
"38615",2021-05-15,"49","14  day ahead inc hosp",2021-05-29,"quantile",0.95,50.1393243415894
"38616",2021-05-15,"49","14  day ahead inc hosp",2021-05-29,"quantile",0.975,55.5758145438185
"38617",2021-05-15,"49","14  day ahead inc hosp",2021-05-29,"quantile",0.99,62.4397564667997
"38618",2021-05-15,"49","15  day ahead inc hosp",2021-05-30,"quantile",0.01,10.1197829075251
"38619",2021-05-15,"49","15  day ahead inc hosp",2021-05-30,"quantile",0.025,12.1732189858973
"38620",2021-05-15,"49","15  day ahead inc hosp",2021-05-30,"quantile",0.05,14.1764005752354
"38621",2021-05-15,"49","15  day ahead inc hosp",2021-05-30,"quantile",0.1,16.7819772139011
"38622",2021-05-15,"49","15  day ahead inc hosp",2021-05-30,"quantile",0.15,18.7323544214566
"38623",2021-05-15,"49","15  day ahead inc hosp",2021-05-30,"quantile",0.2,20.399876579774
"38624",2021-05-15,"49","15  day ahead inc hosp",2021-05-30,"quantile",0.25,21.9170991169329
"38625",2021-05-15,"49","15  day ahead inc hosp",2021-05-30,"quantile",0.3,23.3503459893231
"38626",2021-05-15,"49","15  day ahead inc hosp",2021-05-30,"quantile",0.35,24.7401616893132
"38627",2021-05-15,"49","15  day ahead inc hosp",2021-05-30,"quantile",0.4,26.1154643330438
"38628",2021-05-15,"49","15  day ahead inc hosp",2021-05-30,"quantile",0.45,27.4999016199208
"38629",2021-05-15,"49","15  day ahead inc hosp",2021-05-30,"quantile",0.5,28.9154246918447
"38630",2021-05-15,"49","15  day ahead inc hosp",2021-05-30,"quantile",0.55,30.3849038198992
"38631",2021-05-15,"49","15  day ahead inc hosp",2021-05-30,"quantile",0.6,31.9347176341896
"38632",2021-05-15,"49","15  day ahead inc hosp",2021-05-30,"quantile",0.65,33.5981169351089
"38633",2021-05-15,"49","15  day ahead inc hosp",2021-05-30,"quantile",0.7,35.4205463546368
"38634",2021-05-15,"49","15  day ahead inc hosp",2021-05-30,"quantile",0.75,37.4693590043632
"38635",2021-05-15,"49","15  day ahead inc hosp",2021-05-30,"quantile",0.8,39.8540289009814
"38636",2021-05-15,"49","15  day ahead inc hosp",2021-05-30,"quantile",0.85,42.77532275677
"38637",2021-05-15,"49","15  day ahead inc hosp",2021-05-30,"quantile",0.9,46.6757404548064
"38638",2021-05-15,"49","15  day ahead inc hosp",2021-05-30,"quantile",0.95,52.9399251968236
"38639",2021-05-15,"49","15  day ahead inc hosp",2021-05-30,"quantile",0.975,58.8660596831494
"38640",2021-05-15,"49","15  day ahead inc hosp",2021-05-30,"quantile",0.99,66.3669245794993
"38641",2021-05-15,"49","16  day ahead inc hosp",2021-05-31,"quantile",0.01,10.9683991612396
"38642",2021-05-15,"49","16  day ahead inc hosp",2021-05-31,"quantile",0.025,13.2075543685759
"38643",2021-05-15,"49","16  day ahead inc hosp",2021-05-31,"quantile",0.05,15.3934015868861
"38644",2021-05-15,"49","16  day ahead inc hosp",2021-05-31,"quantile",0.1,18.2383620229415
"38645",2021-05-15,"49","16  day ahead inc hosp",2021-05-31,"quantile",0.15,20.3690341277036
"38646",2021-05-15,"49","16  day ahead inc hosp",2021-05-31,"quantile",0.2,22.1913507804063
"38647",2021-05-15,"49","16  day ahead inc hosp",2021-05-31,"quantile",0.25,23.8498796879565
"38648",2021-05-15,"49","16  day ahead inc hosp",2021-05-31,"quantile",0.3,25.4169825268216
"38649",2021-05-15,"49","16  day ahead inc hosp",2021-05-31,"quantile",0.35,26.9369154510213
"38650",2021-05-15,"49","16  day ahead inc hosp",2021-05-31,"quantile",0.4,28.4412626620739
"38651",2021-05-15,"49","16  day ahead inc hosp",2021-05-31,"quantile",0.45,29.9558701555615
"38652",2021-05-15,"49","16  day ahead inc hosp",2021-05-31,"quantile",0.5,31.5047473231534
"38653",2021-05-15,"49","16  day ahead inc hosp",2021-05-31,"quantile",0.55,33.112925882963
"38654",2021-05-15,"49","16  day ahead inc hosp",2021-05-31,"quantile",0.6,34.8092936466443
"38655",2021-05-15,"49","16  day ahead inc hosp",2021-05-31,"quantile",0.65,36.6302796616137
"38656",2021-05-15,"49","16  day ahead inc hosp",2021-05-31,"quantile",0.7,38.6256873994383
"38657",2021-05-15,"49","16  day ahead inc hosp",2021-05-31,"quantile",0.75,40.8693460058807
"38658",2021-05-15,"49","16  day ahead inc hosp",2021-05-31,"quantile",0.8,43.4812744869898
"38659",2021-05-15,"49","16  day ahead inc hosp",2021-05-31,"quantile",0.85,46.6816067071641
"38660",2021-05-15,"49","16  day ahead inc hosp",2021-05-31,"quantile",0.9,50.9555891819803
"38661",2021-05-15,"49","16  day ahead inc hosp",2021-05-31,"quantile",0.95,57.8218579205593
"38662",2021-05-15,"49","16  day ahead inc hosp",2021-05-31,"quantile",0.975,64.3196979187817
"38663",2021-05-15,"49","16  day ahead inc hosp",2021-05-31,"quantile",0.99,72.5467307998707
"38664",2021-05-15,"49","17  day ahead inc hosp",2021-06-01,"quantile",0.01,9.10184685702151
"38665",2021-05-15,"49","17  day ahead inc hosp",2021-06-01,"quantile",0.025,11.1032611347829
"38666",2021-05-15,"49","17  day ahead inc hosp",2021-06-01,"quantile",0.05,13.0739837351058
"38667",2021-05-15,"49","17  day ahead inc hosp",2021-06-01,"quantile",0.1,15.6593769948775
"38668",2021-05-15,"49","17  day ahead inc hosp",2021-06-01,"quantile",0.15,17.6083553881798
"38669",2021-05-15,"49","17  day ahead inc hosp",2021-06-01,"quantile",0.2,19.2827270389256
"38670",2021-05-15,"49","17  day ahead inc hosp",2021-06-01,"quantile",0.25,20.8119675479144
"38671",2021-05-15,"49","17  day ahead inc hosp",2021-06-01,"quantile",0.3,22.2611987651516
"38672",2021-05-15,"49","17  day ahead inc hosp",2021-06-01,"quantile",0.35,23.6704884807942
"38673",2021-05-15,"49","17  day ahead inc hosp",2021-06-01,"quantile",0.4,25.0686491661698
"38674",2021-05-15,"49","17  day ahead inc hosp",2021-06-01,"quantile",0.45,26.4794688355731
"38675",2021-05-15,"49","17  day ahead inc hosp",2021-06-01,"quantile",0.5,27.9252503100245
"38676",2021-05-15,"49","17  day ahead inc hosp",2021-06-01,"quantile",0.55,29.4294437854084
"38677",2021-05-15,"49","17  day ahead inc hosp",2021-06-01,"quantile",0.6,31.0192998344405
"38678",2021-05-15,"49","17  day ahead inc hosp",2021-06-01,"quantile",0.65,32.7293617388714
"38679",2021-05-15,"49","17  day ahead inc hosp",2021-06-01,"quantile",0.7,34.6070303278437
"38680",2021-05-15,"49","17  day ahead inc hosp",2021-06-01,"quantile",0.75,36.7227580055579
"38681",2021-05-15,"49","17  day ahead inc hosp",2021-06-01,"quantile",0.8,39.1912972753343
"38682",2021-05-15,"49","17  day ahead inc hosp",2021-06-01,"quantile",0.85,42.2234576656907
"38683",2021-05-15,"49","17  day ahead inc hosp",2021-06-01,"quantile",0.9,46.2846469528851
"38684",2021-05-15,"49","17  day ahead inc hosp",2021-06-01,"quantile",0.95,52.8341756622319
"38685",2021-05-15,"49","17  day ahead inc hosp",2021-06-01,"quantile",0.975,59.0572751749131
"38686",2021-05-15,"49","17  day ahead inc hosp",2021-06-01,"quantile",0.99,66.9666458632735
"38687",2021-05-15,"49","18  day ahead inc hosp",2021-06-02,"quantile",0.01,9.86894565439849
"38688",2021-05-15,"49","18  day ahead inc hosp",2021-06-02,"quantile",0.025,12.0454997282621
"38689",2021-05-15,"49","18  day ahead inc hosp",2021-06-02,"quantile",0.05,14.1894401612987
"38690",2021-05-15,"49","18  day ahead inc hosp",2021-06-02,"quantile",0.1,17.0029956454063
"38691",2021-05-15,"49","18  day ahead inc hosp",2021-06-02,"quantile",0.15,19.1245412333961
"38692",2021-05-15,"49","18  day ahead inc hosp",2021-06-02,"quantile",0.2,20.9474986604564
"38693",2021-05-15,"49","18  day ahead inc hosp",2021-06-02,"quantile",0.25,22.6126848168189
"38694",2021-05-15,"49","18  day ahead inc hosp",2021-06-02,"quantile",0.3,24.1909401033558
"38695",2021-05-15,"49","18  day ahead inc hosp",2021-06-02,"quantile",0.35,25.7258616677927
"38696",2021-05-15,"49","18  day ahead inc hosp",2021-06-02,"quantile",0.4,27.2488097707353
"38697",2021-05-15,"49","18  day ahead inc hosp",2021-06-02,"quantile",0.45,28.7856853957148
"38698",2021-05-15,"49","18  day ahead inc hosp",2021-06-02,"quantile",0.5,30.3607815925916
"38699",2021-05-15,"49","18  day ahead inc hosp",2021-06-02,"quantile",0.55,31.9996499513179
"38700",2021-05-15,"49","18  day ahead inc hosp",2021-06-02,"quantile",0.6,33.7319912757393
"38701",2021-05-15,"49","18  day ahead inc hosp",2021-06-02,"quantile",0.65,35.595462641561
"38702",2021-05-15,"49","18  day ahead inc hosp",2021-06-02,"quantile",0.7,37.6417453387915
"38703",2021-05-15,"49","18  day ahead inc hosp",2021-06-02,"quantile",0.75,39.9476619411043
"38704",2021-05-15,"49","18  day ahead inc hosp",2021-06-02,"quantile",0.8,42.638350383509
"38705",2021-05-15,"49","18  day ahead inc hosp",2021-06-02,"quantile",0.85,45.9437137450018
"38706",2021-05-15,"49","18  day ahead inc hosp",2021-06-02,"quantile",0.9,50.3713443647772
"38707",2021-05-15,"49","18  day ahead inc hosp",2021-06-02,"quantile",0.95,57.5129462359666
"38708",2021-05-15,"49","18  day ahead inc hosp",2021-06-02,"quantile",0.975,64.2997123537397
"38709",2021-05-15,"49","18  day ahead inc hosp",2021-06-02,"quantile",0.99,72.9268157127822
"38710",2021-05-15,"49","19  day ahead inc hosp",2021-06-03,"quantile",0.01,9.46364421427932
"38711",2021-05-15,"49","19  day ahead inc hosp",2021-06-03,"quantile",0.025,11.6283149730359
"38712",2021-05-15,"49","19  day ahead inc hosp",2021-06-03,"quantile",0.05,13.7700316613562
"38713",2021-05-15,"49","19  day ahead inc hosp",2021-06-03,"quantile",0.1,16.5920905956832
"38714",2021-05-15,"49","19  day ahead inc hosp",2021-06-03,"quantile",0.15,18.7271455956542
"38715",2021-05-15,"49","19  day ahead inc hosp",2021-06-03,"quantile",0.2,20.5658720241533
"38716",2021-05-15,"49","19  day ahead inc hosp",2021-06-03,"quantile",0.25,22.2484532016816
"38717",2021-05-15,"49","19  day ahead inc hosp",2021-06-03,"quantile",0.3,23.8455887666877
"38718",2021-05-15,"49","19  day ahead inc hosp",2021-06-03,"quantile",0.35,25.4009253844837
"38719",2021-05-15,"49","19  day ahead inc hosp",2021-06-03,"quantile",0.4,26.9459824151737
"38720",2021-05-15,"49","19  day ahead inc hosp",2021-06-03,"quantile",0.45,28.5069111011378
"38721",2021-05-15,"49","19  day ahead inc hosp",2021-06-03,"quantile",0.5,30.1083544331374
"38722",2021-05-15,"49","19  day ahead inc hosp",2021-06-03,"quantile",0.55,31.7763422420067
"38723",2021-05-15,"49","19  day ahead inc hosp",2021-06-03,"quantile",0.6,33.5412352105656
"38724",2021-05-15,"49","19  day ahead inc hosp",2021-06-03,"quantile",0.65,35.4416255388319
"38725",2021-05-15,"49","19  day ahead inc hosp",2021-06-03,"quantile",0.7,37.5305742422324
"38726",2021-05-15,"49","19  day ahead inc hosp",2021-06-03,"quantile",0.75,39.8870563870035
"38727",2021-05-15,"49","19  day ahead inc hosp",2021-06-03,"quantile",0.8,42.6398388710401
"38728",2021-05-15,"49","19  day ahead inc hosp",2021-06-03,"quantile",0.85,46.0256774240402
"38729",2021-05-15,"49","19  day ahead inc hosp",2021-06-03,"quantile",0.9,50.5676918187342
"38730",2021-05-15,"49","19  day ahead inc hosp",2021-06-03,"quantile",0.95,57.9078190981956
"38731",2021-05-15,"49","19  day ahead inc hosp",2021-06-03,"quantile",0.975,64.8972111588241
"38732",2021-05-15,"49","19  day ahead inc hosp",2021-06-03,"quantile",0.99,73.7987480238729
"38733",2021-05-15,"49","20  day ahead inc hosp",2021-06-04,"quantile",0.01,9.06888618935214
"38734",2021-05-15,"49","20  day ahead inc hosp",2021-06-04,"quantile",0.025,11.219999104077
"38735",2021-05-15,"49","20  day ahead inc hosp",2021-06-04,"quantile",0.05,13.3579980491507
"38736",2021-05-15,"49","20  day ahead inc hosp",2021-06-04,"quantile",0.1,16.1868555741212
"38737",2021-05-15,"49","20  day ahead inc hosp",2021-06-04,"quantile",0.15,18.3343280088927
"38738",2021-05-15,"49","20  day ahead inc hosp",2021-06-04,"quantile",0.2,20.1880151001733
"38739",2021-05-15,"49","20  day ahead inc hosp",2021-06-04,"quantile",0.25,21.8873547580955
"38740",2021-05-15,"49","20  day ahead inc hosp",2021-06-04,"quantile",0.3,23.5028542285909
"38741",2021-05-15,"49","20  day ahead inc hosp",2021-06-04,"quantile",0.35,25.0781822902637
"38742",2021-05-15,"49","20  day ahead inc hosp",2021-06-04,"quantile",0.4,26.6450021000221
"38743",2021-05-15,"49","20  day ahead inc hosp",2021-06-04,"quantile",0.45,28.2297070256617
"38744",2021-05-15,"49","20  day ahead inc hosp",2021-06-04,"quantile",0.5,29.8572869102645
"38745",2021-05-15,"49","20  day ahead inc hosp",2021-06-04,"quantile",0.55,31.5542510514017
"38746",2021-05-15,"49","20  day ahead inc hosp",2021-06-04,"quantile",0.6,33.3516257820602
"38747",2021-05-15,"49","20  day ahead inc hosp",2021-06-04,"quantile",0.65,35.2889499967671
"38748",2021-05-15,"49","20  day ahead inc hosp",2021-06-04,"quantile",0.7,37.4206846549388
"38749",2021-05-15,"49","20  day ahead inc hosp",2021-06-04,"quantile",0.75,39.8279922117549
"38750",2021-05-15,"49","20  day ahead inc hosp",2021-06-04,"quantile",0.8,42.6433316681426
"38751",2021-05-15,"49","20  day ahead inc hosp",2021-06-04,"quantile",0.85,46.110437751463
"38752",2021-05-15,"49","20  day ahead inc hosp",2021-06-04,"quantile",0.9,50.7682605629266
"38753",2021-05-15,"49","20  day ahead inc hosp",2021-06-04,"quantile",0.95,58.3100181736504
"38754",2021-05-15,"49","20  day ahead inc hosp",2021-06-04,"quantile",0.975,65.5058261405494
"38755",2021-05-15,"49","20  day ahead inc hosp",2021-06-04,"quantile",0.99,74.6876740473585
"38756",2021-05-15,"49","21  day ahead inc hosp",2021-06-05,"quantile",0.01,8.34263228771383
"38757",2021-05-15,"49","21  day ahead inc hosp",2021-06-05,"quantile",0.025,10.4158291185375
"38758",2021-05-15,"49","21  day ahead inc hosp",2021-06-05,"quantile",0.05,12.4888185943944
"38759",2021-05-15,"49","21  day ahead inc hosp",2021-06-05,"quantile",0.1,15.2466922863567
"38760",2021-05-15,"49","21  day ahead inc hosp",2021-06-05,"quantile",0.15,17.3496399840317
"38761",2021-05-15,"49","21  day ahead inc hosp",2021-06-05,"quantile",0.2,19.1703907912388
"38762",2021-05-15,"49","21  day ahead inc hosp",2021-06-05,"quantile",0.25,20.8434933950435
"38763",2021-05-15,"49","21  day ahead inc hosp",2021-06-05,"quantile",0.3,22.4372205139682
"38764",2021-05-15,"49","21  day ahead inc hosp",2021-06-05,"quantile",0.35,23.9940402112957
"38765",2021-05-15,"49","21  day ahead inc hosp",2021-06-05,"quantile",0.4,25.5449114239502
"38766",2021-05-15,"49","21  day ahead inc hosp",2021-06-05,"quantile",0.45,27.115800119079
"38767",2021-05-15,"49","21  day ahead inc hosp",2021-06-05,"quantile",0.5,28.7314452571119
"38768",2021-05-15,"49","21  day ahead inc hosp",2021-06-05,"quantile",0.55,30.418236040535
"38769",2021-05-15,"49","21  day ahead inc hosp",2021-06-05,"quantile",0.6,32.2071952519814
"38770",2021-05-15,"49","21  day ahead inc hosp",2021-06-05,"quantile",0.65,34.1379865127981
"38771",2021-05-15,"49","21  day ahead inc hosp",2021-06-05,"quantile",0.7,36.265368886112
"38772",2021-05-15,"49","21  day ahead inc hosp",2021-06-05,"quantile",0.75,38.6710825131995
"38773",2021-05-15,"49","21  day ahead inc hosp",2021-06-05,"quantile",0.8,41.4886912258382
"38774",2021-05-15,"49","21  day ahead inc hosp",2021-06-05,"quantile",0.85,44.9642095235831
"38775",2021-05-15,"49","21  day ahead inc hosp",2021-06-05,"quantile",0.9,49.6421617892793
"38776",2021-05-15,"49","21  day ahead inc hosp",2021-06-05,"quantile",0.95,57.2353578804654
"38777",2021-05-15,"49","21  day ahead inc hosp",2021-06-05,"quantile",0.975,64.4990328996823
"38778",2021-05-15,"49","21  day ahead inc hosp",2021-06-05,"quantile",0.99,73.7902052011649
"38779",2021-05-15,"49","22  day ahead inc hosp",2021-06-06,"quantile",0.01,8.92525586650925
"38780",2021-05-15,"49","22  day ahead inc hosp",2021-06-06,"quantile",0.025,11.1536113522475
"38781",2021-05-15,"49","22  day ahead inc hosp",2021-06-06,"quantile",0.05,13.3831130732377
"38782",2021-05-15,"49","22  day ahead inc hosp",2021-06-06,"quantile",0.1,16.3508610167218
"38783",2021-05-15,"49","22  day ahead inc hosp",2021-06-06,"quantile",0.15,18.6148702898748
"38784",2021-05-15,"49","22  day ahead inc hosp",2021-06-06,"quantile",0.2,20.5756718646735
"38785",2021-05-15,"49","22  day ahead inc hosp",2021-06-06,"quantile",0.25,22.3779012739545
"38786",2021-05-15,"49","22  day ahead inc hosp",2021-06-06,"quantile",0.3,24.0949758380254
"38787",2021-05-15,"49","22  day ahead inc hosp",2021-06-06,"quantile",0.35,25.7725840582895
"38788",2021-05-15,"49","22  day ahead inc hosp",2021-06-06,"quantile",0.4,27.4440509601011
"38789",2021-05-15,"49","22  day ahead inc hosp",2021-06-06,"quantile",0.45,29.1373445953592
"38790",2021-05-15,"49","22  day ahead inc hosp",2021-06-06,"quantile",0.5,30.879128265716
"38791",2021-05-15,"49","22  day ahead inc hosp",2021-06-06,"quantile",0.55,32.6978598086221
"38792",2021-05-15,"49","22  day ahead inc hosp",2021-06-06,"quantile",0.6,34.6270087383316
"38793",2021-05-15,"49","22  day ahead inc hosp",2021-06-06,"quantile",0.65,36.709380883793
"38794",2021-05-15,"49","22  day ahead inc hosp",2021-06-06,"quantile",0.7,39.0040870355999
"38795",2021-05-15,"49","22  day ahead inc hosp",2021-06-06,"quantile",0.75,41.5993776618086
"38796",2021-05-15,"49","22  day ahead inc hosp",2021-06-06,"quantile",0.8,44.6394720087532
"38797",2021-05-15,"49","22  day ahead inc hosp",2021-06-06,"quantile",0.85,48.3900377600764
"38798",2021-05-15,"49","22  day ahead inc hosp",2021-06-06,"quantile",0.9,53.4391571638375
"38799",2021-05-15,"49","22  day ahead inc hosp",2021-06-06,"quantile",0.95,61.6368778401112
"38800",2021-05-15,"49","22  day ahead inc hosp",2021-06-06,"quantile",0.975,69.4808857860459
"38801",2021-05-15,"49","22  day ahead inc hosp",2021-06-06,"quantile",0.99,79.5168476400159
"38802",2021-05-15,"49","23  day ahead inc hosp",2021-06-07,"quantile",0.01,7.3597256456959
"38803",2021-05-15,"49","23  day ahead inc hosp",2021-06-07,"quantile",0.025,9.33935191212549
"38804",2021-05-15,"49","23  day ahead inc hosp",2021-06-07,"quantile",0.05,11.3401104774629
"38805",2021-05-15,"49","23  day ahead inc hosp",2021-06-07,"quantile",0.1,14.0278083743511
"38806",2021-05-15,"49","23  day ahead inc hosp",2021-06-07,"quantile",0.15,16.0934399828572
"38807",2021-05-15,"49","23  day ahead inc hosp",2021-06-07,"quantile",0.2,17.8914172371268
"38808",2021-05-15,"49","23  day ahead inc hosp",2021-06-07,"quantile",0.25,19.5504698311204
"38809",2021-05-15,"49","23  day ahead inc hosp",2021-06-07,"quantile",0.3,21.1363324578926
"38810",2021-05-15,"49","23  day ahead inc hosp",2021-06-07,"quantile",0.35,22.6902163275292
"38811",2021-05-15,"49","23  day ahead inc hosp",2021-06-07,"quantile",0.4,24.2424569718507
"38812",2021-05-15,"49","23  day ahead inc hosp",2021-06-07,"quantile",0.45,25.8187779473028
"38813",2021-05-15,"49","23  day ahead inc hosp",2021-06-07,"quantile",0.5,27.4439565153344
"38814",2021-05-15,"49","23  day ahead inc hosp",2021-06-07,"quantile",0.55,29.1446773771571
"38815",2021-05-15,"49","23  day ahead inc hosp",2021-06-07,"quantile",0.6,30.9525487711075
"38816",2021-05-15,"49","23  day ahead inc hosp",2021-06-07,"quantile",0.65,32.9082070019607
"38817",2021-05-15,"49","23  day ahead inc hosp",2021-06-07,"quantile",0.7,35.0679730733904
"38818",2021-05-15,"49","23  day ahead inc hosp",2021-06-07,"quantile",0.75,37.5161506500102
"38819",2021-05-15,"49","23  day ahead inc hosp",2021-06-07,"quantile",0.8,40.3907754535339
"38820",2021-05-15,"49","23  day ahead inc hosp",2021-06-07,"quantile",0.85,43.9465328667417
"38821",2021-05-15,"49","23  day ahead inc hosp",2021-06-07,"quantile",0.9,48.748083066842
"38822",2021-05-15,"49","23  day ahead inc hosp",2021-06-07,"quantile",0.95,56.575271259675
"38823",2021-05-15,"49","23  day ahead inc hosp",2021-06-07,"quantile",0.975,64.096114877468
"38824",2021-05-15,"49","23  day ahead inc hosp",2021-06-07,"quantile",0.99,73.7566399172101
"38825",2021-05-15,"49","24  day ahead inc hosp",2021-06-08,"quantile",0.01,8.17923439470332
"38826",2021-05-15,"49","24  day ahead inc hosp",2021-06-08,"quantile",0.025,10.362678359386
"38827",2021-05-15,"49","24  day ahead inc hosp",2021-06-08,"quantile",0.05,12.5671063646999
"38828",2021-05-15,"49","24  day ahead inc hosp",2021-06-08,"quantile",0.1,15.5255899628481
"38829",2021-05-15,"49","24  day ahead inc hosp",2021-06-08,"quantile",0.15,17.7975854905047
"38830",2021-05-15,"49","24  day ahead inc hosp",2021-06-08,"quantile",0.2,19.7741614231871
"38831",2021-05-15,"49","24  day ahead inc hosp",2021-06-08,"quantile",0.25,21.5972749824965
"38832",2021-05-15,"49","24  day ahead inc hosp",2021-06-08,"quantile",0.3,23.3393698323428
"38833",2021-05-15,"49","24  day ahead inc hosp",2021-06-08,"quantile",0.35,25.0458279063962
"38834",2021-05-15,"49","24  day ahead inc hosp",2021-06-08,"quantile",0.4,26.750022784761
"38835",2021-05-15,"49","24  day ahead inc hosp",2021-06-08,"quantile",0.45,28.4802237587617
"38836",2021-05-15,"49","24  day ahead inc hosp",2021-06-08,"quantile",0.5,30.2636312328711
"38837",2021-05-15,"49","24  day ahead inc hosp",2021-06-08,"quantile",0.55,32.1295124867855
"38838",2021-05-15,"49","24  day ahead inc hosp",2021-06-08,"quantile",0.6,34.1125097119161
"38839",2021-05-15,"49","24  day ahead inc hosp",2021-06-08,"quantile",0.65,36.2571362165531
"38840",2021-05-15,"49","24  day ahead inc hosp",2021-06-08,"quantile",0.7,38.6250635413861
"38841",2021-05-15,"49","24  day ahead inc hosp",2021-06-08,"quantile",0.75,41.3085800366086
"38842",2021-05-15,"49","24  day ahead inc hosp",2021-06-08,"quantile",0.8,44.458765663595
"38843",2021-05-15,"49","24  day ahead inc hosp",2021-06-08,"quantile",0.85,48.3543278453008
"38844",2021-05-15,"49","24  day ahead inc hosp",2021-06-08,"quantile",0.9,53.6130866050802
"38845",2021-05-15,"49","24  day ahead inc hosp",2021-06-08,"quantile",0.95,62.1820612676368
"38846",2021-05-15,"49","24  day ahead inc hosp",2021-06-08,"quantile",0.975,70.4121427333338
"38847",2021-05-15,"49","24  day ahead inc hosp",2021-06-08,"quantile",0.99,80.9794294426639
"38848",2021-05-15,"49","25  day ahead inc hosp",2021-06-09,"quantile",0.01,8.31547258373869
"38849",2021-05-15,"49","25  day ahead inc hosp",2021-06-09,"quantile",0.025,10.5708694176511
"38850",2021-05-15,"49","25  day ahead inc hosp",2021-06-09,"quantile",0.05,12.8529963181954
"38851",2021-05-15,"49","25  day ahead inc hosp",2021-06-09,"quantile",0.1,15.9218826913343
"38852",2021-05-15,"49","25  day ahead inc hosp",2021-06-09,"quantile",0.15,18.2824789274161
"38853",2021-05-15,"49","25  day ahead inc hosp",2021-06-09,"quantile",0.2,20.3383761250034
"38854",2021-05-15,"49","25  day ahead inc hosp",2021-06-09,"quantile",0.25,22.2362661026959
"38855",2021-05-15,"49","25  day ahead inc hosp",2021-06-09,"quantile",0.3,24.0511078951775
"38856",2021-05-15,"49","25  day ahead inc hosp",2021-06-09,"quantile",0.35,25.8299362673142
"38857",2021-05-15,"49","25  day ahead inc hosp",2021-06-09,"quantile",0.4,27.6074101915762
"38858",2021-05-15,"49","25  day ahead inc hosp",2021-06-09,"quantile",0.45,29.4129542895947
"38859",2021-05-15,"49","25  day ahead inc hosp",2021-06-09,"quantile",0.5,31.2749439630843
"38860",2021-05-15,"49","25  day ahead inc hosp",2021-06-09,"quantile",0.55,33.2239701791616
"38861",2021-05-15,"49","25  day ahead inc hosp",2021-06-09,"quantile",0.6,35.2962970469963
"38862",2021-05-15,"49","25  day ahead inc hosp",2021-06-09,"quantile",0.65,37.53857359466
"38863",2021-05-15,"49","25  day ahead inc hosp",2021-06-09,"quantile",0.7,40.0154806531946
"38864",2021-05-15,"49","25  day ahead inc hosp",2021-06-09,"quantile",0.75,42.8238630967607
"38865",2021-05-15,"49","25  day ahead inc hosp",2021-06-09,"quantile",0.8,46.1223252297211
"38866",2021-05-15,"49","25  day ahead inc hosp",2021-06-09,"quantile",0.85,50.2035552911243
"38867",2021-05-15,"49","25  day ahead inc hosp",2021-06-09,"quantile",0.9,55.7165835550875
"38868",2021-05-15,"49","25  day ahead inc hosp",2021-06-09,"quantile",0.95,64.7076444104753
"38869",2021-05-15,"49","25  day ahead inc hosp",2021-06-09,"quantile",0.975,73.3508642974698
"38870",2021-05-15,"49","25  day ahead inc hosp",2021-06-09,"quantile",0.99,84.4579922432916
"38871",2021-05-15,"49","26  day ahead inc hosp",2021-06-10,"quantile",0.01,8.09452300504286
"38872",2021-05-15,"49","26  day ahead inc hosp",2021-06-10,"quantile",0.025,10.3502173356467
"38873",2021-05-15,"49","26  day ahead inc hosp",2021-06-10,"quantile",0.05,12.6414106090029
"38874",2021-05-15,"49","26  day ahead inc hosp",2021-06-10,"quantile",0.1,15.7331304626547
"38875",2021-05-15,"49","26  day ahead inc hosp",2021-06-10,"quantile",0.15,18.1179265876306
"38876",2021-05-15,"49","26  day ahead inc hosp",2021-06-10,"quantile",0.2,20.1988009813982
"38877",2021-05-15,"49","26  day ahead inc hosp",2021-06-10,"quantile",0.25,22.1225594665992
"38878",2021-05-15,"49","26  day ahead inc hosp",2021-06-10,"quantile",0.3,23.9643924153102
"38879",2021-05-15,"49","26  day ahead inc hosp",2021-06-10,"quantile",0.35,25.7716145623244
"38880",2021-05-15,"49","26  day ahead inc hosp",2021-06-10,"quantile",0.4,27.5792135018146
"38881",2021-05-15,"49","26  day ahead inc hosp",2021-06-10,"quantile",0.45,29.4170091676697
"38882",2021-05-15,"49","26  day ahead inc hosp",2021-06-10,"quantile",0.5,31.3138687881179
"38883",2021-05-15,"49","26  day ahead inc hosp",2021-06-10,"quantile",0.55,33.3010171268235
"38884",2021-05-15,"49","26  day ahead inc hosp",2021-06-10,"quantile",0.6,35.4155656381599
"38885",2021-05-15,"49","26  day ahead inc hosp",2021-06-10,"quantile",0.65,37.7053432230419
"38886",2021-05-15,"49","26  day ahead inc hosp",2021-06-10,"quantile",0.7,40.2367542497009
"38887",2021-05-15,"49","26  day ahead inc hosp",2021-06-10,"quantile",0.75,43.1093169997099
"38888",2021-05-15,"49","26  day ahead inc hosp",2021-06-10,"quantile",0.8,46.4861276931093
"38889",2021-05-15,"49","26  day ahead inc hosp",2021-06-10,"quantile",0.85,50.6683391201271
"38890",2021-05-15,"49","26  day ahead inc hosp",2021-06-10,"quantile",0.9,56.3241345833328
"38891",2021-05-15,"49","26  day ahead inc hosp",2021-06-10,"quantile",0.95,65.5616398967689
"38892",2021-05-15,"49","26  day ahead inc hosp",2021-06-10,"quantile",0.975,74.4553577687979
"38893",2021-05-15,"49","26  day ahead inc hosp",2021-06-10,"quantile",0.99,85.9008574276947
"38894",2021-05-15,"49","27  day ahead inc hosp",2021-06-11,"quantile",0.01,7.8175271026431
"38895",2021-05-15,"49","27  day ahead inc hosp",2021-06-11,"quantile",0.025,10.059225311484
"38896",2021-05-15,"49","27  day ahead inc hosp",2021-06-11,"quantile",0.05,12.3456323278388
"38897",2021-05-15,"49","27  day ahead inc hosp",2021-06-11,"quantile",0.1,15.4423575476372
"38898",2021-05-15,"49","27  day ahead inc hosp",2021-06-11,"quantile",0.15,17.8381686967162
"38899",2021-05-15,"49","27  day ahead inc hosp",2021-06-11,"quantile",0.2,19.9328619165779
"38900",2021-05-15,"49","27  day ahead inc hosp",2021-06-11,"quantile",0.25,21.8724291151923
"38901",2021-05-15,"49","27  day ahead inc hosp",2021-06-11,"quantile",0.3,23.731831459837
"38902",2021-05-15,"49","27  day ahead inc hosp",2021-06-11,"quantile",0.35,25.5583859887806
"38903",2021-05-15,"49","27  day ahead inc hosp",2021-06-11,"quantile",0.4,27.3872149435001
"38904",2021-05-15,"49","27  day ahead inc hosp",2021-06-11,"quantile",0.45,29.2483792152301
"38905",2021-05-15,"49","27  day ahead inc hosp",2021-06-11,"quantile",0.5,31.1710989665095
"38906",2021-05-15,"49","27  day ahead inc hosp",2021-06-11,"quantile",0.55,33.1870924547708
"38907",2021-05-15,"49","27  day ahead inc hosp",2021-06-11,"quantile",0.6,35.3341610051787
"38908",2021-05-15,"49","27  day ahead inc hosp",2021-06-11,"quantile",0.65,37.6611192174137
"38909",2021-05-15,"49","27  day ahead inc hosp",2021-06-11,"quantile",0.7,40.2358340986124
"38910",2021-05-15,"49","27  day ahead inc hosp",2021-06-11,"quantile",0.75,43.1601157515926
"38911",2021-05-15,"49","27  day ahead inc hosp",2021-06-11,"quantile",0.8,46.600938832419
"38912",2021-05-15,"49","27  day ahead inc hosp",2021-06-11,"quantile",0.85,50.8668068886123
"38913",2021-05-15,"49","27  day ahead inc hosp",2021-06-11,"quantile",0.9,56.6426278960498
"38914",2021-05-15,"49","27  day ahead inc hosp",2021-06-11,"quantile",0.95,66.0909303395103
"38915",2021-05-15,"49","27  day ahead inc hosp",2021-06-11,"quantile",0.975,75.2023462393491
"38916",2021-05-15,"49","27  day ahead inc hosp",2021-06-11,"quantile",0.99,86.9458838530529
"38917",2021-05-15,"49","28  day ahead inc hosp",2021-06-12,"quantile",0.01,7.72961027698917
"38918",2021-05-15,"49","28  day ahead inc hosp",2021-06-12,"quantile",0.025,9.994407234624
"38919",2021-05-15,"49","28  day ahead inc hosp",2021-06-12,"quantile",0.05,12.3117153192479
"38920",2021-05-15,"49","28  day ahead inc hosp",2021-06-12,"quantile",0.1,15.4592235671931
"38921",2021-05-15,"49","28  day ahead inc hosp",2021-06-12,"quantile",0.15,17.899897012868
"38922",2021-05-15,"49","28  day ahead inc hosp",2021-06-12,"quantile",0.2,20.0370920834716
"38923",2021-05-15,"49","28  day ahead inc hosp",2021-06-12,"quantile",0.25,22.0183770600441
"38924",2021-05-15,"49","28  day ahead inc hosp",2021-06-12,"quantile",0.3,23.9196696529385
"38925",2021-05-15,"49","28  day ahead inc hosp",2021-06-12,"quantile",0.35,25.7890057924138
"38926",2021-05-15,"49","28  day ahead inc hosp",2021-06-12,"quantile",0.4,27.6621457010704
"38927",2021-05-15,"49","28  day ahead inc hosp",2021-06-12,"quantile",0.45,29.5697951595815
"38928",2021-05-15,"49","28  day ahead inc hosp",2021-06-12,"quantile",0.5,31.5418946273116
"38929",2021-05-15,"49","28  day ahead inc hosp",2021-06-12,"quantile",0.55,33.6110312027906
"38930",2021-05-15,"49","28  day ahead inc hosp",2021-06-12,"quantile",0.6,35.8161219017447
"38931",2021-05-15,"49","28  day ahead inc hosp",2021-06-12,"quantile",0.65,38.2074969291171
"38932",2021-05-15,"49","28  day ahead inc hosp",2021-06-12,"quantile",0.7,40.8552033432638
"38933",2021-05-15,"49","28  day ahead inc hosp",2021-06-12,"quantile",0.75,43.8643989897654
"38934",2021-05-15,"49","28  day ahead inc hosp",2021-06-12,"quantile",0.8,47.4076441130764
"38935",2021-05-15,"49","28  day ahead inc hosp",2021-06-12,"quantile",0.85,51.8039096024457
"38936",2021-05-15,"49","28  day ahead inc hosp",2021-06-12,"quantile",0.9,57.7616658962391
"38937",2021-05-15,"49","28  day ahead inc hosp",2021-06-12,"quantile",0.95,67.519116403199
"38938",2021-05-15,"49","28  day ahead inc hosp",2021-06-12,"quantile",0.975,76.9401793197033
"38939",2021-05-15,"49","28  day ahead inc hosp",2021-06-12,"quantile",0.99,89.0967881527003
"38940",2021-05-15,"49","29  day ahead inc hosp",2021-06-13,"quantile",0.01,7.04752223429107
"38941",2021-05-15,"49","29  day ahead inc hosp",2021-06-13,"quantile",0.025,9.26344150870883
"38942",2021-05-15,"49","29  day ahead inc hosp",2021-06-13,"quantile",0.05,11.5552040829777
"38943",2021-05-15,"49","29  day ahead inc hosp",2021-06-13,"quantile",0.1,14.6979487961356
"38944",2021-05-15,"49","29  day ahead inc hosp",2021-06-13,"quantile",0.15,17.1536912381831
"38945",2021-05-15,"49","29  day ahead inc hosp",2021-06-13,"quantile",0.2,19.3151547585194
"38946",2021-05-15,"49","29  day ahead inc hosp",2021-06-13,"quantile",0.25,21.3269411669693
"38947",2021-05-15,"49","29  day ahead inc hosp",2021-06-13,"quantile",0.3,23.2639393999709
"38948",2021-05-15,"49","29  day ahead inc hosp",2021-06-13,"quantile",0.35,25.1739259369037
"38949",2021-05-15,"49","29  day ahead inc hosp",2021-06-13,"quantile",0.4,27.0928236394798
"38950",2021-05-15,"49","29  day ahead inc hosp",2021-06-13,"quantile",0.45,29.0518148829586
"38951",2021-05-15,"49","29  day ahead inc hosp",2021-06-13,"quantile",0.5,31.0816229781219
"38952",2021-05-15,"49","29  day ahead inc hosp",2021-06-13,"quantile",0.55,33.2159827233015
"38953",2021-05-15,"49","29  day ahead inc hosp",2021-06-13,"quantile",0.6,35.4954542185784
"38954",2021-05-15,"49","29  day ahead inc hosp",2021-06-13,"quantile",0.65,37.9727468668273
"38955",2021-05-15,"49","29  day ahead inc hosp",2021-06-13,"quantile",0.7,40.7214668747718
"38956",2021-05-15,"49","29  day ahead inc hosp",2021-06-13,"quantile",0.75,43.8523790258725
"38957",2021-05-15,"49","29  day ahead inc hosp",2021-06-13,"quantile",0.8,47.5475700210836
"38958",2021-05-15,"49","29  day ahead inc hosp",2021-06-13,"quantile",0.85,52.1441274995403
"38959",2021-05-15,"49","29  day ahead inc hosp",2021-06-13,"quantile",0.9,58.3918824942749
"38960",2021-05-15,"49","29  day ahead inc hosp",2021-06-13,"quantile",0.95,68.6641479592171
"38961",2021-05-15,"49","29  day ahead inc hosp",2021-06-13,"quantile",0.975,78.6221909117499
"38962",2021-05-15,"49","29  day ahead inc hosp",2021-06-13,"quantile",0.99,91.5202125875065
"38963",2021-05-15,"49","30  day ahead inc hosp",2021-06-14,"quantile",0.01,6.91176730980332
"38964",2021-05-15,"49","30  day ahead inc hosp",2021-06-14,"quantile",0.025,9.14336102771044
"38965",2021-05-15,"49","30  day ahead inc hosp",2021-06-14,"quantile",0.05,11.4609793838691
"38966",2021-05-15,"49","30  day ahead inc hosp",2021-06-14,"quantile",0.1,14.6509684942147
"38967",2021-05-15,"49","30  day ahead inc hosp",2021-06-14,"quantile",0.15,17.1510022444432
"38968",2021-05-15,"49","30  day ahead inc hosp",2021-06-14,"quantile",0.2,19.3557948204667
"38969",2021-05-15,"49","30  day ahead inc hosp",2021-06-14,"quantile",0.25,21.4110477606437
"38970",2021-05-15,"49","30  day ahead inc hosp",2021-06-14,"quantile",0.3,23.3924184362151
"38971",2021-05-15,"49","30  day ahead inc hosp",2021-06-14,"quantile",0.35,25.3483304083054
"38972",2021-05-15,"49","30  day ahead inc hosp",2021-06-14,"quantile",0.4,27.3153351424704
"38973",2021-05-15,"49","30  day ahead inc hosp",2021-06-14,"quantile",0.45,29.3252942733657
"38974",2021-05-15,"49","30  day ahead inc hosp",2021-06-14,"quantile",0.5,31.4097254209096
"38975",2021-05-15,"49","30  day ahead inc hosp",2021-06-14,"quantile",0.55,33.6033507619146
"38976",2021-05-15,"49","30  day ahead inc hosp",2021-06-14,"quantile",0.6,35.9480229758807
"38977",2021-05-15,"49","30  day ahead inc hosp",2021-06-14,"quantile",0.65,38.498229164376
"38978",2021-05-15,"49","30  day ahead inc hosp",2021-06-14,"quantile",0.7,41.3301533252236
"38979",2021-05-15,"49","30  day ahead inc hosp",2021-06-14,"quantile",0.75,44.5585408802388
"38980",2021-05-15,"49","30  day ahead inc hosp",2021-06-14,"quantile",0.8,48.3721480291368
"38981",2021-05-15,"49","30  day ahead inc hosp",2021-06-14,"quantile",0.85,53.1206060876391
"38982",2021-05-15,"49","30  day ahead inc hosp",2021-06-14,"quantile",0.9,59.5820854428287
"38983",2021-05-15,"49","30  day ahead inc hosp",2021-06-14,"quantile",0.95,70.2213323319312
"38984",2021-05-15,"49","30  day ahead inc hosp",2021-06-14,"quantile",0.975,80.5507299133535
"38985",2021-05-15,"49","30  day ahead inc hosp",2021-06-14,"quantile",0.99,93.9486967002751
"38986",2021-05-15,"49","31  day ahead inc hosp",2021-06-15,"quantile",0.01,6.76256866356142
"38987",2021-05-15,"49","31  day ahead inc hosp",2021-06-15,"quantile",0.025,8.99880299101323
"38988",2021-05-15,"49","31  day ahead inc hosp",2021-06-15,"quantile",0.05,11.3301471263925
"38989",2021-05-15,"49","31  day ahead inc hosp",2021-06-15,"quantile",0.1,14.5499244517441
"38990",2021-05-15,"49","31  day ahead inc hosp",2021-06-15,"quantile",0.15,17.0801227419878
"38991",2021-05-15,"49","31  day ahead inc hosp",2021-06-15,"quantile",0.2,19.3155367824271
"38992",2021-05-15,"49","31  day ahead inc hosp",2021-06-15,"quantile",0.25,21.4022375601401
"38993",2021-05-15,"49","31  day ahead inc hosp",2021-06-15,"quantile",0.3,23.416259410842
"38994",2021-05-15,"49","31  day ahead inc hosp",2021-06-15,"quantile",0.35,25.4064134323939
"38995",2021-05-15,"49","31  day ahead inc hosp",2021-06-15,"quantile",0.4,27.409676005424
"38996",2021-05-15,"49","31  day ahead inc hosp",2021-06-15,"quantile",0.45,29.4584033788185
"38997",2021-05-15,"49","31  day ahead inc hosp",2021-06-15,"quantile",0.5,31.5847183490843
"38998",2021-05-15,"49","31  day ahead inc hosp",2021-06-15,"quantile",0.55,33.8241162613936
"38999",2021-05-15,"49","31  day ahead inc hosp",2021-06-15,"quantile",0.6,36.2194789348604
"39000",2021-05-15,"49","31  day ahead inc hosp",2021-06-15,"quantile",0.65,38.8267234529326
"39001",2021-05-15,"49","31  day ahead inc hosp",2021-06-15,"quantile",0.7,41.7241209491961
"39002",2021-05-15,"49","31  day ahead inc hosp",2021-06-15,"quantile",0.75,45.0296539210647
"39003",2021-05-15,"49","31  day ahead inc hosp",2021-06-15,"quantile",0.8,48.937519604766
"39004",2021-05-15,"49","31  day ahead inc hosp",2021-06-15,"quantile",0.85,53.8076098355915
"39005",2021-05-15,"49","31  day ahead inc hosp",2021-06-15,"quantile",0.9,60.4413369487783
"39006",2021-05-15,"49","31  day ahead inc hosp",2021-06-15,"quantile",0.95,71.3786760339508
"39007",2021-05-15,"49","31  day ahead inc hosp",2021-06-15,"quantile",0.975,82.0119765003561
"39008",2021-05-15,"49","31  day ahead inc hosp",2021-06-15,"quantile",0.99,95.8217420921893
"39009",2021-05-15,"49","32  day ahead inc hosp",2021-06-16,"quantile",0.01,6.859495211351
"39010",2021-05-15,"49","32  day ahead inc hosp",2021-06-16,"quantile",0.025,9.16252628448262
"39011",2021-05-15,"49","32  day ahead inc hosp",2021-06-16,"quantile",0.05,11.5694400141963
"39012",2021-05-15,"49","32  day ahead inc hosp",2021-06-16,"quantile",0.1,14.9008439220539
"39013",2021-05-15,"49","32  day ahead inc hosp",2021-06-16,"quantile",0.15,17.5233037661954
"39014",2021-05-15,"49","32  day ahead inc hosp",2021-06-16,"quantile",0.2,19.8429069256818
"39015",2021-05-15,"49","32  day ahead inc hosp",2021-06-16,"quantile",0.25,22.0101294528825
"39016",2021-05-15,"49","32  day ahead inc hosp",2021-06-16,"quantile",0.3,24.103422720285
"39017",2021-05-15,"49","32  day ahead inc hosp",2021-06-16,"quantile",0.35,26.1732475995265
"39018",2021-05-15,"49","32  day ahead inc hosp",2021-06-16,"quantile",0.4,28.2579189736446
"39019",2021-05-15,"49","32  day ahead inc hosp",2021-06-16,"quantile",0.45,30.3910474080163
"39020",2021-05-15,"49","32  day ahead inc hosp",2021-06-16,"quantile",0.5,32.606078231729
"39021",2021-05-15,"49","32  day ahead inc hosp",2021-06-16,"quantile",0.55,34.9400389414691
"39022",2021-05-15,"49","32  day ahead inc hosp",2021-06-16,"quantile",0.6,37.4377268067423
"39023",2021-05-15,"49","32  day ahead inc hosp",2021-06-16,"quantile",0.65,40.1576163434457
"39024",2021-05-15,"49","32  day ahead inc hosp",2021-06-16,"quantile",0.7,43.1816165920706
"39025",2021-05-15,"49","32  day ahead inc hosp",2021-06-16,"quantile",0.75,46.6332556226282
"39026",2021-05-15,"49","32  day ahead inc hosp",2021-06-16,"quantile",0.8,50.7159355859251
"39027",2021-05-15,"49","32  day ahead inc hosp",2021-06-16,"quantile",0.85,55.8067282116195
"39028",2021-05-15,"49","32  day ahead inc hosp",2021-06-16,"quantile",0.9,62.7455721709243
"39029",2021-05-15,"49","32  day ahead inc hosp",2021-06-16,"quantile",0.95,74.1956227376118
"39030",2021-05-15,"49","32  day ahead inc hosp",2021-06-16,"quantile",0.975,85.3370452690411
"39031",2021-05-15,"49","32  day ahead inc hosp",2021-06-16,"quantile",0.99,99.818469931314
"39032",2021-05-15,"49","33  day ahead inc hosp",2021-06-17,"quantile",0.01,6.60088756080143
"39033",2021-05-15,"49","33  day ahead inc hosp",2021-06-17,"quantile",0.025,8.88717505105323
"39034",2021-05-15,"49","33  day ahead inc hosp",2021-06-17,"quantile",0.05,11.288889585092
"39035",2021-05-15,"49","33  day ahead inc hosp",2021-06-17,"quantile",0.1,14.6281848131036
"39036",2021-05-15,"49","33  day ahead inc hosp",2021-06-17,"quantile",0.15,17.2663131268931
"39037",2021-05-15,"49","33  day ahead inc hosp",2021-06-17,"quantile",0.2,19.605355320275
"39038",2021-05-15,"49","33  day ahead inc hosp",2021-06-17,"quantile",0.25,21.794774401212
"39039",2021-05-15,"49","33  day ahead inc hosp",2021-06-17,"quantile",0.3,23.9127528479428
"39040",2021-05-15,"49","33  day ahead inc hosp",2021-06-17,"quantile",0.35,26.009784168792
"39041",2021-05-15,"49","33  day ahead inc hosp",2021-06-17,"quantile",0.4,28.1243940101384
"39042",2021-05-15,"49","33  day ahead inc hosp",2021-06-17,"quantile",0.45,30.2905517603011
"39043",2021-05-15,"49","33  day ahead inc hosp",2021-06-17,"quantile",0.5,32.5422213823845
"39044",2021-05-15,"49","33  day ahead inc hosp",2021-06-17,"quantile",0.55,34.9171523283874
"39045",2021-05-15,"49","33  day ahead inc hosp",2021-06-17,"quantile",0.6,37.461149789566
"39046",2021-05-15,"49","33  day ahead inc hosp",2021-06-17,"quantile",0.65,40.2341284758548
"39047",2021-05-15,"49","33  day ahead inc hosp",2021-06-17,"quantile",0.7,43.320135986272
"39048",2021-05-15,"49","33  day ahead inc hosp",2021-06-17,"quantile",0.75,46.8460550004922
"39049",2021-05-15,"49","33  day ahead inc hosp",2021-06-17,"quantile",0.8,51.0209725992786
"39050",2021-05-15,"49","33  day ahead inc hosp",2021-06-17,"quantile",0.85,56.2327535810067
"39051",2021-05-15,"49","33  day ahead inc hosp",2021-06-17,"quantile",0.9,63.3459465580027
"39052",2021-05-15,"49","33  day ahead inc hosp",2021-06-17,"quantile",0.95,75.1040047229237
"39053",2021-05-15,"49","33  day ahead inc hosp",2021-06-17,"quantile",0.975,86.5654825290393
"39054",2021-05-15,"49","33  day ahead inc hosp",2021-06-17,"quantile",0.99,101.487669014197
"39055",2021-05-15,"49","34  day ahead inc hosp",2021-06-18,"quantile",0.01,6.34675673457435
"39056",2021-05-15,"49","34  day ahead inc hosp",2021-06-18,"quantile",0.025,8.61574051673174
"39057",2021-05-15,"49","34  day ahead inc hosp",2021-06-18,"quantile",0.05,11.0120256681977
"39058",2021-05-15,"49","34  day ahead inc hosp",2021-06-18,"quantile",0.1,14.3594345238051
"39059",2021-05-15,"49","34  day ahead inc hosp",2021-06-18,"quantile",0.15,17.0137971804856
"39060",2021-05-15,"49","34  day ahead inc hosp",2021-06-18,"quantile",0.2,19.3730337329778
"39061",2021-05-15,"49","34  day ahead inc hosp",2021-06-18,"quantile",0.25,21.5855514629582
"39062",2021-05-15,"49","34  day ahead inc hosp",2021-06-18,"quantile",0.3,23.7292521717569
"39063",2021-05-15,"49","34  day ahead inc hosp",2021-06-18,"quantile",0.35,25.854663950205
"39064",2021-05-15,"49","34  day ahead inc hosp",2021-06-18,"quantile",0.4,28.0005339269726
"39065",2021-05-15,"49","34  day ahead inc hosp",2021-06-18,"quantile",0.45,30.2012087163429
"39066",2021-05-15,"49","34  day ahead inc hosp",2021-06-18,"quantile",0.5,32.4911978241397
"39067",2021-05-15,"49","34  day ahead inc hosp",2021-06-18,"quantile",0.55,34.9090104945035
"39068",2021-05-15,"49","34  day ahead inc hosp",2021-06-18,"quantile",0.6,37.5015131119475
"39069",2021-05-15,"49","34  day ahead inc hosp",2021-06-18,"quantile",0.65,40.3301372527072
"39070",2021-05-15,"49","34  day ahead inc hosp",2021-06-18,"quantile",0.7,43.4811836738688
"39071",2021-05-15,"49","34  day ahead inc hosp",2021-06-18,"quantile",0.75,47.0850705625367
"39072",2021-05-15,"49","34  day ahead inc hosp",2021-06-18,"quantile",0.8,51.3568784684402
"39073",2021-05-15,"49","34  day ahead inc hosp",2021-06-18,"quantile",0.85,56.6958551742503
"39074",2021-05-15,"49","34  day ahead inc hosp",2021-06-18,"quantile",0.9,63.9925156371167
"39075",2021-05-15,"49","34  day ahead inc hosp",2021-06-18,"quantile",0.95,76.0750874451836
"39076",2021-05-15,"49","34  day ahead inc hosp",2021-06-18,"quantile",0.975,87.8741919350886
"39077",2021-05-15,"49","34  day ahead inc hosp",2021-06-18,"quantile",0.99,103.26187813724
"39078",2021-05-15,"49","35  day ahead inc hosp",2021-06-19,"quantile",0.01,5.87936684300508
"39079",2021-05-15,"49","35  day ahead inc hosp",2021-06-19,"quantile",0.025,8.07072612277188
"39080",2021-05-15,"49","35  day ahead inc hosp",2021-06-19,"quantile",0.05,10.4017478215805
"39081",2021-05-15,"49","35  day ahead inc hosp",2021-06-19,"quantile",0.1,13.6785831007395
"39082",2021-05-15,"49","35  day ahead inc hosp",2021-06-19,"quantile",0.15,16.2899221807138
"39083",2021-05-15,"49","35  day ahead inc hosp",2021-06-19,"quantile",0.2,18.6185674343022
"39084",2021-05-15,"49","35  day ahead inc hosp",2021-06-19,"quantile",0.25,20.8079347669052
"39085",2021-05-15,"49","35  day ahead inc hosp",2021-06-19,"quantile",0.3,22.9336665845151
"39086",2021-05-15,"49","35  day ahead inc hosp",2021-06-19,"quantile",0.35,25.0451131065486
"39087",2021-05-15,"49","35  day ahead inc hosp",2021-06-19,"quantile",0.4,27.1803780260184
"39088",2021-05-15,"49","35  day ahead inc hosp",2021-06-19,"quantile",0.45,29.3734792163831
"39089",2021-05-15,"49","35  day ahead inc hosp",2021-06-19,"quantile",0.5,31.6588186772253
"39090",2021-05-15,"49","35  day ahead inc hosp",2021-06-19,"quantile",0.55,34.0749880192702
"39091",2021-05-15,"49","35  day ahead inc hosp",2021-06-19,"quantile",0.6,36.6691370373635
"39092",2021-05-15,"49","35  day ahead inc hosp",2021-06-19,"quantile",0.65,39.5032379944406
"39093",2021-05-15,"49","35  day ahead inc hosp",2021-06-19,"quantile",0.7,42.6645159090097
"39094",2021-05-15,"49","35  day ahead inc hosp",2021-06-19,"quantile",0.75,46.284962184195
"39095",2021-05-15,"49","35  day ahead inc hosp",2021-06-19,"quantile",0.8,50.5824729984191
"39096",2021-05-15,"49","35  day ahead inc hosp",2021-06-19,"quantile",0.85,55.9618740831876
"39097",2021-05-15,"49","35  day ahead inc hosp",2021-06-19,"quantile",0.9,63.3269125726381
"39098",2021-05-15,"49","35  day ahead inc hosp",2021-06-19,"quantile",0.95,75.5510130087683
"39099",2021-05-15,"49","35  day ahead inc hosp",2021-06-19,"quantile",0.975,87.5167252743332
"39100",2021-05-15,"49","35  day ahead inc hosp",2021-06-19,"quantile",0.99,103.156298594176
"39101",2021-05-15,"49","36  day ahead inc hosp",2021-06-20,"quantile",0.01,5.66339687031709
"39102",2021-05-15,"49","36  day ahead inc hosp",2021-06-20,"quantile",0.025,7.83877501792401
"39103",2021-05-15,"49","36  day ahead inc hosp",2021-06-20,"quantile",0.05,10.1651463362953
"39104",2021-05-15,"49","36  day ahead inc hosp",2021-06-20,"quantile",0.1,13.450671170421
"39105",2021-05-15,"49","36  day ahead inc hosp",2021-06-20,"quantile",0.15,16.0785011813954
"39106",2021-05-15,"49","36  day ahead inc hosp",2021-06-20,"quantile",0.2,18.4275069604397
"39107",2021-05-15,"49","36  day ahead inc hosp",2021-06-20,"quantile",0.25,20.6401122219772
"39108",2021-05-15,"49","36  day ahead inc hosp",2021-06-20,"quantile",0.3,22.7917059048814
"39109",2021-05-15,"49","36  day ahead inc hosp",2021-06-20,"quantile",0.35,24.9316884187764
"39110",2021-05-15,"49","36  day ahead inc hosp",2021-06-20,"quantile",0.4,27.0983965111948
"39111",2021-05-15,"49","36  day ahead inc hosp",2021-06-20,"quantile",0.45,29.3262359937887
"39112",2021-05-15,"49","36  day ahead inc hosp",2021-06-20,"quantile",0.5,31.6501661331462
"39113",2021-05-15,"49","36  day ahead inc hosp",2021-06-20,"quantile",0.55,34.1095527126409
"39114",2021-05-15,"49","36  day ahead inc hosp",2021-06-20,"quantile",0.6,36.7526257957602
"39115",2021-05-15,"49","36  day ahead inc hosp",2021-06-20,"quantile",0.65,39.642901419368
"39116",2021-05-15,"49","36  day ahead inc hosp",2021-06-20,"quantile",0.7,42.8698980043501
"39117",2021-05-15,"49","36  day ahead inc hosp",2021-06-20,"quantile",0.75,46.5692067717779
"39118",2021-05-15,"49","36  day ahead inc hosp",2021-06-20,"quantile",0.8,50.9648292291891
"39119",2021-05-15,"49","36  day ahead inc hosp",2021-06-20,"quantile",0.85,56.4731934826719
"39120",2021-05-15,"49","36  day ahead inc hosp",2021-06-20,"quantile",0.9,64.0245339069724
"39121",2021-05-15,"49","36  day ahead inc hosp",2021-06-20,"quantile",0.95,76.5788453853632
"39122",2021-05-15,"49","36  day ahead inc hosp",2021-06-20,"quantile",0.975,88.8888641808422
"39123",2021-05-15,"49","36  day ahead inc hosp",2021-06-20,"quantile",0.99,105.004147695822
"39124",2021-05-15,"49","37  day ahead inc hosp",2021-06-21,"quantile",0.01,5.62983820729972
"39125",2021-05-15,"49","37  day ahead inc hosp",2021-06-21,"quantile",0.025,7.83728571107985
"39126",2021-05-15,"49","37  day ahead inc hosp",2021-06-21,"quantile",0.05,10.2066998327178
"39127",2021-05-15,"49","37  day ahead inc hosp",2021-06-21,"quantile",0.1,13.5638046075942
"39128",2021-05-15,"49","37  day ahead inc hosp",2021-06-21,"quantile",0.15,16.2556639396074
"39129",2021-05-15,"49","37  day ahead inc hosp",2021-06-21,"quantile",0.2,18.6659115559138
"39130",2021-05-15,"49","37  day ahead inc hosp",2021-06-21,"quantile",0.25,20.9391039009956
"39131",2021-05-15,"49","37  day ahead inc hosp",2021-06-21,"quantile",0.3,23.1519517353134
"39132",2021-05-15,"49","37  day ahead inc hosp",2021-06-21,"quantile",0.35,25.3548758800065
"39133",2021-05-15,"49","37  day ahead inc hosp",2021-06-21,"quantile",0.4,27.5871437636687
"39134",2021-05-15,"49","37  day ahead inc hosp",2021-06-21,"quantile",0.45,29.8841244957462
"39135",2021-05-15,"49","37  day ahead inc hosp",2021-06-21,"quantile",0.5,32.2818730782036
"39136",2021-05-15,"49","37  day ahead inc hosp",2021-06-21,"quantile",0.55,34.8210944144596
"39137",2021-05-15,"49","37  day ahead inc hosp",2021-06-21,"quantile",0.6,37.5517539072786
"39138",2021-05-15,"49","37  day ahead inc hosp",2021-06-21,"quantile",0.65,40.5397400737389
"39139",2021-05-15,"49","37  day ahead inc hosp",2021-06-21,"quantile",0.7,43.8779998478105
"39140",2021-05-15,"49","37  day ahead inc hosp",2021-06-21,"quantile",0.75,47.7074086025915
"39141",2021-05-15,"49","37  day ahead inc hosp",2021-06-21,"quantile",0.8,52.2608121731453
"39142",2021-05-15,"49","37  day ahead inc hosp",2021-06-21,"quantile",0.85,57.9712641186975
"39143",2021-05-15,"49","37  day ahead inc hosp",2021-06-21,"quantile",0.9,65.8065527557273
"39144",2021-05-15,"49","37  day ahead inc hosp",2021-06-21,"quantile",0.95,78.8478419957044
"39145",2021-05-15,"49","37  day ahead inc hosp",2021-06-21,"quantile",0.975,91.6503263284197
"39146",2021-05-15,"49","37  day ahead inc hosp",2021-06-21,"quantile",0.99,108.428550007251
"39147",2021-05-15,"50","1  day ahead inc hosp",2021-05-16,"quantile",0.01,0.000210492847737543
"39148",2021-05-15,"50","1  day ahead inc hosp",2021-05-16,"quantile",0.025,0.00422258016268244
"39149",2021-05-15,"50","1  day ahead inc hosp",2021-05-16,"quantile",0.05,0.0188554760025078
"39150",2021-05-15,"50","1  day ahead inc hosp",2021-05-16,"quantile",0.1,0.0644695748774417
"39151",2021-05-15,"50","1  day ahead inc hosp",2021-05-16,"quantile",0.15,0.124369542978296
"39152",2021-05-15,"50","1  day ahead inc hosp",2021-05-16,"quantile",0.2,0.195973710904493
"39153",2021-05-15,"50","1  day ahead inc hosp",2021-05-16,"quantile",0.25,0.278861484074183
"39154",2021-05-15,"50","1  day ahead inc hosp",2021-05-16,"quantile",0.3,0.373521224580751
"39155",2021-05-15,"50","1  day ahead inc hosp",2021-05-16,"quantile",0.35,0.481048318739178
"39156",2021-05-15,"50","1  day ahead inc hosp",2021-05-16,"quantile",0.4,0.603101566751707
"39157",2021-05-15,"50","1  day ahead inc hosp",2021-05-16,"quantile",0.45,0.741982870572846
"39158",2021-05-15,"50","1  day ahead inc hosp",2021-05-16,"quantile",0.5,0.900821433439849
"39159",2021-05-15,"50","1  day ahead inc hosp",2021-05-16,"quantile",0.55,1.0838928165415
"39160",2021-05-15,"50","1  day ahead inc hosp",2021-05-16,"quantile",0.6,1.29715313844204
"39161",2021-05-15,"50","1  day ahead inc hosp",2021-05-16,"quantile",0.65,1.5491570296389
"39162",2021-05-15,"50","1  day ahead inc hosp",2021-05-16,"quantile",0.7,1.85272182075583
"39163",2021-05-15,"50","1  day ahead inc hosp",2021-05-16,"quantile",0.75,2.22818419054313
"39164",2021-05-15,"50","1  day ahead inc hosp",2021-05-16,"quantile",0.8,2.71047847821548
"39165",2021-05-15,"50","1  day ahead inc hosp",2021-05-16,"quantile",0.85,3.36700347276693
"39166",2021-05-15,"50","1  day ahead inc hosp",2021-05-16,"quantile",0.9,4.3545211788134
"39167",2021-05-15,"50","1  day ahead inc hosp",2021-05-16,"quantile",0.95,6.19880710986192
"39168",2021-05-15,"50","1  day ahead inc hosp",2021-05-16,"quantile",0.975,8.2258187137318
"39169",2021-05-15,"50","1  day ahead inc hosp",2021-05-16,"quantile",0.99,11.1662111692847
"39170",2021-05-15,"50","2  day ahead inc hosp",2021-05-17,"quantile",0.01,0.000123455111781399
"39171",2021-05-15,"50","2  day ahead inc hosp",2021-05-17,"quantile",0.025,0.00358877253782381
"39172",2021-05-15,"50","2  day ahead inc hosp",2021-05-17,"quantile",0.05,0.017672288162563
"39173",2021-05-15,"50","2  day ahead inc hosp",2021-05-17,"quantile",0.1,0.0639027667083845
"39174",2021-05-15,"50","2  day ahead inc hosp",2021-05-17,"quantile",0.15,0.126186380736599
"39175",2021-05-15,"50","2  day ahead inc hosp",2021-05-17,"quantile",0.2,0.201635673351728
"39176",2021-05-15,"50","2  day ahead inc hosp",2021-05-17,"quantile",0.25,0.289735601113985
"39177",2021-05-15,"50","2  day ahead inc hosp",2021-05-17,"quantile",0.3,0.390989540384306
"39178",2021-05-15,"50","2  day ahead inc hosp",2021-05-17,"quantile",0.35,0.506583567570397
"39179",2021-05-15,"50","2  day ahead inc hosp",2021-05-17,"quantile",0.4,0.638335530567077
"39180",2021-05-15,"50","2  day ahead inc hosp",2021-05-17,"quantile",0.45,0.788781719366042
"39181",2021-05-15,"50","2  day ahead inc hosp",2021-05-17,"quantile",0.5,0.961380357426554
"39182",2021-05-15,"50","2  day ahead inc hosp",2021-05-17,"quantile",0.55,1.16086554366939
"39183",2021-05-15,"50","2  day ahead inc hosp",2021-05-17,"quantile",0.6,1.3938409220041
"39184",2021-05-15,"50","2  day ahead inc hosp",2021-05-17,"quantile",0.65,1.66980082417051
"39185",2021-05-15,"50","2  day ahead inc hosp",2021-05-17,"quantile",0.7,2.00298277579121
"39186",2021-05-15,"50","2  day ahead inc hosp",2021-05-17,"quantile",0.75,2.41599474314826
"39187",2021-05-15,"50","2  day ahead inc hosp",2021-05-17,"quantile",0.8,2.9477034442995
"39188",2021-05-15,"50","2  day ahead inc hosp",2021-05-17,"quantile",0.85,3.67315820970873
"39189",2021-05-15,"50","2  day ahead inc hosp",2021-05-17,"quantile",0.9,4.76708827580509
"39190",2021-05-15,"50","2  day ahead inc hosp",2021-05-17,"quantile",0.95,6.81630286103869
"39191",2021-05-15,"50","2  day ahead inc hosp",2021-05-17,"quantile",0.975,9.07496365353922
"39192",2021-05-15,"50","2  day ahead inc hosp",2021-05-17,"quantile",0.99,12.3594914559811
"39193",2021-05-15,"50","3  day ahead inc hosp",2021-05-18,"quantile",0.01,6.9624345807697e-06
"39194",2021-05-15,"50","3  day ahead inc hosp",2021-05-18,"quantile",0.025,0.00145888005431394
"39195",2021-05-15,"50","3  day ahead inc hosp",2021-05-18,"quantile",0.05,0.0103999036181813
"39196",2021-05-15,"50","3  day ahead inc hosp",2021-05-18,"quantile",0.1,0.0456371032453726
"39197",2021-05-15,"50","3  day ahead inc hosp",2021-05-18,"quantile",0.15,0.0973541911421893
"39198",2021-05-15,"50","3  day ahead inc hosp",2021-05-18,"quantile",0.2,0.162782728666355
"39199",2021-05-15,"50","3  day ahead inc hosp",2021-05-18,"quantile",0.25,0.241346367544253
"39200",2021-05-15,"50","3  day ahead inc hosp",2021-05-18,"quantile",0.3,0.333488911993076
"39201",2021-05-15,"50","3  day ahead inc hosp",2021-05-18,"quantile",0.35,0.440357427621267
"39202",2021-05-15,"50","3  day ahead inc hosp",2021-05-18,"quantile",0.4,0.563752738515071
"39203",2021-05-15,"50","3  day ahead inc hosp",2021-05-18,"quantile",0.45,0.706216936410197
"39204",2021-05-15,"50","3  day ahead inc hosp",2021-05-18,"quantile",0.5,0.871240328005971
"39205",2021-05-15,"50","3  day ahead inc hosp",2021-05-18,"quantile",0.55,1.06362320063779
"39206",2021-05-15,"50","3  day ahead inc hosp",2021-05-18,"quantile",0.6,1.29008451111642
"39207",2021-05-15,"50","3  day ahead inc hosp",2021-05-18,"quantile",0.65,1.56031112183185
"39208",2021-05-15,"50","3  day ahead inc hosp",2021-05-18,"quantile",0.7,1.88886459147218
"39209",2021-05-15,"50","3  day ahead inc hosp",2021-05-18,"quantile",0.75,2.29892079670416
"39210",2021-05-15,"50","3  day ahead inc hosp",2021-05-18,"quantile",0.8,2.8304163731403
"39211",2021-05-15,"50","3  day ahead inc hosp",2021-05-18,"quantile",0.85,3.56066333314291
"39212",2021-05-15,"50","3  day ahead inc hosp",2021-05-18,"quantile",0.9,4.67019614626801
"39213",2021-05-15,"50","3  day ahead inc hosp",2021-05-18,"quantile",0.95,6.76772933063938
"39214",2021-05-15,"50","3  day ahead inc hosp",2021-05-18,"quantile",0.975,9.09951639573459
"39215",2021-05-15,"50","3  day ahead inc hosp",2021-05-18,"quantile",0.99,12.5155885490337
"39216",2021-05-15,"50","4  day ahead inc hosp",2021-05-19,"quantile",0.01,7.08695798655139e-06
"39217",2021-05-15,"50","4  day ahead inc hosp",2021-05-19,"quantile",0.025,0.00160750380425999
"39218",2021-05-15,"50","4  day ahead inc hosp",2021-05-19,"quantile",0.05,0.011584362168666
"39219",2021-05-15,"50","4  day ahead inc hosp",2021-05-19,"quantile",0.1,0.0511037307235562
"39220",2021-05-15,"50","4  day ahead inc hosp",2021-05-19,"quantile",0.15,0.109237651145506
"39221",2021-05-15,"50","4  day ahead inc hosp",2021-05-19,"quantile",0.2,0.182867518358174
"39222",2021-05-15,"50","4  day ahead inc hosp",2021-05-19,"quantile",0.25,0.271342606433717
"39223",2021-05-15,"50","4  day ahead inc hosp",2021-05-19,"quantile",0.3,0.375163458197433
"39224",2021-05-15,"50","4  day ahead inc hosp",2021-05-19,"quantile",0.35,0.495625049661454
"39225",2021-05-15,"50","4  day ahead inc hosp",2021-05-19,"quantile",0.4,0.634761122830715
"39226",2021-05-15,"50","4  day ahead inc hosp",2021-05-19,"quantile",0.45,0.795443133237627
"39227",2021-05-15,"50","4  day ahead inc hosp",2021-05-19,"quantile",0.5,0.981614120410492
"39228",2021-05-15,"50","4  day ahead inc hosp",2021-05-19,"quantile",0.55,1.19869753334485
"39229",2021-05-15,"50","4  day ahead inc hosp",2021-05-19,"quantile",0.6,1.4542851244861
"39230",2021-05-15,"50","4  day ahead inc hosp",2021-05-19,"quantile",0.65,1.75932276277522
"39231",2021-05-15,"50","4  day ahead inc hosp",2021-05-19,"quantile",0.7,2.13026550848271
"39232",2021-05-15,"50","4  day ahead inc hosp",2021-05-19,"quantile",0.75,2.59330433369326
"39233",2021-05-15,"50","4  day ahead inc hosp",2021-05-19,"quantile",0.8,3.19357404089685
"39234",2021-05-15,"50","4  day ahead inc hosp",2021-05-19,"quantile",0.85,4.01845502667945
"39235",2021-05-15,"50","4  day ahead inc hosp",2021-05-19,"quantile",0.9,5.27200773154774
"39236",2021-05-15,"50","4  day ahead inc hosp",2021-05-19,"quantile",0.95,7.64233677640391
"39237",2021-05-15,"50","4  day ahead inc hosp",2021-05-19,"quantile",0.975,10.277936795003
"39238",2021-05-15,"50","4  day ahead inc hosp",2021-05-19,"quantile",0.99,14.1397924518138
"39239",2021-05-15,"50","5  day ahead inc hosp",2021-05-20,"quantile",0.01,0
"39240",2021-05-15,"50","5  day ahead inc hosp",2021-05-20,"quantile",0.025,0.000506450954419101
"39241",2021-05-15,"50","5  day ahead inc hosp",2021-05-20,"quantile",0.05,0.00629406284603792
"39242",2021-05-15,"50","5  day ahead inc hosp",2021-05-20,"quantile",0.1,0.0352981535415895
"39243",2021-05-15,"50","5  day ahead inc hosp",2021-05-20,"quantile",0.15,0.0824509324114698
"39244",2021-05-15,"50","5  day ahead inc hosp",2021-05-20,"quantile",0.2,0.145156889000858
"39245",2021-05-15,"50","5  day ahead inc hosp",2021-05-20,"quantile",0.25,0.222850095149303
"39246",2021-05-15,"50","5  day ahead inc hosp",2021-05-20,"quantile",0.3,0.316034042408621
"39247",2021-05-15,"50","5  day ahead inc hosp",2021-05-20,"quantile",0.35,0.42599011687254
"39248",2021-05-15,"50","5  day ahead inc hosp",2021-05-20,"quantile",0.4,0.554739515573855
"39249",2021-05-15,"50","5  day ahead inc hosp",2021-05-20,"quantile",0.45,0.705149086863407
"39250",2021-05-15,"50","5  day ahead inc hosp",2021-05-20,"quantile",0.5,0.881170247169941
"39251",2021-05-15,"50","5  day ahead inc hosp",2021-05-20,"quantile",0.55,1.0882544293943
"39252",2021-05-15,"50","5  day ahead inc hosp",2021-05-20,"quantile",0.6,1.33405210659552
"39253",2021-05-15,"50","5  day ahead inc hosp",2021-05-20,"quantile",0.65,1.62961906084161
"39254",2021-05-15,"50","5  day ahead inc hosp",2021-05-20,"quantile",0.7,1.99161155919182
"39255",2021-05-15,"50","5  day ahead inc hosp",2021-05-20,"quantile",0.75,2.4465980645206
"39256",2021-05-15,"50","5  day ahead inc hosp",2021-05-20,"quantile",0.8,3.04046756960401
"39257",2021-05-15,"50","5  day ahead inc hosp",2021-05-20,"quantile",0.85,3.86228258803102
"39258",2021-05-15,"50","5  day ahead inc hosp",2021-05-20,"quantile",0.9,5.12064409453492
"39259",2021-05-15,"50","5  day ahead inc hosp",2021-05-20,"quantile",0.95,7.52172580048455
"39260",2021-05-15,"50","5  day ahead inc hosp",2021-05-20,"quantile",0.975,10.2141109707421
"39261",2021-05-15,"50","5  day ahead inc hosp",2021-05-20,"quantile",0.99,14.1878964694238
"39262",2021-05-15,"50","6  day ahead inc hosp",2021-05-21,"quantile",0.01,0
"39263",2021-05-15,"50","6  day ahead inc hosp",2021-05-21,"quantile",0.025,0.000340505501888646
"39264",2021-05-15,"50","6  day ahead inc hosp",2021-05-21,"quantile",0.05,0.00540925720502317
"39265",2021-05-15,"50","6  day ahead inc hosp",2021-05-21,"quantile",0.1,0.0333227556236501
"39266",2021-05-15,"50","6  day ahead inc hosp",2021-05-21,"quantile",0.15,0.080430493454714
"39267",2021-05-15,"50","6  day ahead inc hosp",2021-05-21,"quantile",0.2,0.144197508039442
"39268",2021-05-15,"50","6  day ahead inc hosp",2021-05-21,"quantile",0.25,0.224076044753303
"39269",2021-05-15,"50","6  day ahead inc hosp",2021-05-21,"quantile",0.3,0.320624559469719
"39270",2021-05-15,"50","6  day ahead inc hosp",2021-05-21,"quantile",0.35,0.435225500222797
"39271",2021-05-15,"50","6  day ahead inc hosp",2021-05-21,"quantile",0.4,0.570053785905399
"39272",2021-05-15,"50","6  day ahead inc hosp",2021-05-21,"quantile",0.45,0.728194537098284
"39273",2021-05-15,"50","6  day ahead inc hosp",2021-05-21,"quantile",0.5,0.913902545419365
"39274",2021-05-15,"50","6  day ahead inc hosp",2021-05-21,"quantile",0.55,1.1330518113504
"39275",2021-05-15,"50","6  day ahead inc hosp",2021-05-21,"quantile",0.6,1.39389147349594
"39276",2021-05-15,"50","6  day ahead inc hosp",2021-05-21,"quantile",0.65,1.70835046460795
"39277",2021-05-15,"50","6  day ahead inc hosp",2021-05-21,"quantile",0.7,2.09441261145425
"39278",2021-05-15,"50","6  day ahead inc hosp",2021-05-21,"quantile",0.75,2.58078391481078
"39279",2021-05-15,"50","6  day ahead inc hosp",2021-05-21,"quantile",0.8,3.2170821811012
"39280",2021-05-15,"50","6  day ahead inc hosp",2021-05-21,"quantile",0.85,4.09968671583058
"39281",2021-05-15,"50","6  day ahead inc hosp",2021-05-21,"quantile",0.9,5.45455703209196
"39282",2021-05-15,"50","6  day ahead inc hosp",2021-05-21,"quantile",0.95,8.04762895250401
"39283",2021-05-15,"50","6  day ahead inc hosp",2021-05-21,"quantile",0.975,10.9634622851536
"39284",2021-05-15,"50","6  day ahead inc hosp",2021-05-21,"quantile",0.99,15.2774119279505
"39285",2021-05-15,"50","7  day ahead inc hosp",2021-05-22,"quantile",0.01,0
"39286",2021-05-15,"50","7  day ahead inc hosp",2021-05-22,"quantile",0.025,7.48862370466749e-05
"39287",2021-05-15,"50","7  day ahead inc hosp",2021-05-22,"quantile",0.05,0.00289640675871346
"39288",2021-05-15,"50","7  day ahead inc hosp",2021-05-22,"quantile",0.1,0.0236614560999519
"39289",2021-05-15,"50","7  day ahead inc hosp",2021-05-22,"quantile",0.15,0.0626494860833821
"39290",2021-05-15,"50","7  day ahead inc hosp",2021-05-22,"quantile",0.2,0.118090045211969
"39291",2021-05-15,"50","7  day ahead inc hosp",2021-05-22,"quantile",0.25,0.189649045788782
"39292",2021-05-15,"50","7  day ahead inc hosp",2021-05-22,"quantile",0.3,0.277967230345225
"39293",2021-05-15,"50","7  day ahead inc hosp",2021-05-22,"quantile",0.35,0.384470838269675
"39294",2021-05-15,"50","7  day ahead inc hosp",2021-05-22,"quantile",0.4,0.511370341010936
"39295",2021-05-15,"50","7  day ahead inc hosp",2021-05-22,"quantile",0.45,0.661792258622957
"39296",2021-05-15,"50","7  day ahead inc hosp",2021-05-22,"quantile",0.5,0.840049029745323
"39297",2021-05-15,"50","7  day ahead inc hosp",2021-05-22,"quantile",0.55,1.05210055025195
"39298",2021-05-15,"50","7  day ahead inc hosp",2021-05-22,"quantile",0.6,1.30632818544106
"39299",2021-05-15,"50","7  day ahead inc hosp",2021-05-22,"quantile",0.65,1.61487056936615
"39300",2021-05-15,"50","7  day ahead inc hosp",2021-05-22,"quantile",0.7,1.9960573322684
"39301",2021-05-15,"50","7  day ahead inc hosp",2021-05-22,"quantile",0.75,2.47919701906828
"39302",2021-05-15,"50","7  day ahead inc hosp",2021-05-22,"quantile",0.8,3.11504419215771
"39303",2021-05-15,"50","7  day ahead inc hosp",2021-05-22,"quantile",0.85,4.00239469581733
"39304",2021-05-15,"50","7  day ahead inc hosp",2021-05-22,"quantile",0.9,5.37345471388794
"39305",2021-05-15,"50","7  day ahead inc hosp",2021-05-22,"quantile",0.95,8.01796528586931
"39306",2021-05-15,"50","7  day ahead inc hosp",2021-05-22,"quantile",0.975,11.0130142061918
"39307",2021-05-15,"50","7  day ahead inc hosp",2021-05-22,"quantile",0.99,15.4714020182926
"39308",2021-05-15,"50","8  day ahead inc hosp",2021-05-23,"quantile",0.01,0
"39309",2021-05-15,"50","8  day ahead inc hosp",2021-05-23,"quantile",0.025,0.000212079568960857
"39310",2021-05-15,"50","8  day ahead inc hosp",2021-05-23,"quantile",0.05,0.00479564625761274
"39311",2021-05-15,"50","8  day ahead inc hosp",2021-05-23,"quantile",0.1,0.0333758372676184
"39312",2021-05-15,"50","8  day ahead inc hosp",2021-05-23,"quantile",0.15,0.0839361715159369
"39313",2021-05-15,"50","8  day ahead inc hosp",2021-05-23,"quantile",0.2,0.153899614101857
"39314",2021-05-15,"50","8  day ahead inc hosp",2021-05-23,"quantile",0.25,0.242728318013932
"39315",2021-05-15,"50","8  day ahead inc hosp",2021-05-23,"quantile",0.3,0.351112673351518
"39316",2021-05-15,"50","8  day ahead inc hosp",2021-05-23,"quantile",0.35,0.480688434242185
"39317",2021-05-15,"50","8  day ahead inc hosp",2021-05-23,"quantile",0.4,0.634014899440903
"39318",2021-05-15,"50","8  day ahead inc hosp",2021-05-23,"quantile",0.45,0.814719535910987
"39319",2021-05-15,"50","8  day ahead inc hosp",2021-05-23,"quantile",0.5,1.02780661408363
"39320",2021-05-15,"50","8  day ahead inc hosp",2021-05-23,"quantile",0.55,1.28018905536374
"39321",2021-05-15,"50","8  day ahead inc hosp",2021-05-23,"quantile",0.6,1.58158183276478
"39322",2021-05-15,"50","8  day ahead inc hosp",2021-05-23,"quantile",0.65,1.94604396363152
"39323",2021-05-15,"50","8  day ahead inc hosp",2021-05-23,"quantile",0.7,2.39478677854844
"39324",2021-05-15,"50","8  day ahead inc hosp",2021-05-23,"quantile",0.75,2.96169535834467
"39325",2021-05-15,"50","8  day ahead inc hosp",2021-05-23,"quantile",0.8,3.70539049863284
"39326",2021-05-15,"50","8  day ahead inc hosp",2021-05-23,"quantile",0.85,4.73985042553539
"39327",2021-05-15,"50","8  day ahead inc hosp",2021-05-23,"quantile",0.9,6.33260425472271
"39328",2021-05-15,"50","8  day ahead inc hosp",2021-05-23,"quantile",0.95,9.39189429096559
"39329",2021-05-15,"50","8  day ahead inc hosp",2021-05-23,"quantile",0.975,12.8433747834081
"39330",2021-05-15,"50","8  day ahead inc hosp",2021-05-23,"quantile",0.99,17.9643004234603
"39331",2021-05-15,"50","9  day ahead inc hosp",2021-05-24,"quantile",0.01,0
"39332",2021-05-15,"50","9  day ahead inc hosp",2021-05-24,"quantile",0.025,0.000246709671671469
"39333",2021-05-15,"50","9  day ahead inc hosp",2021-05-24,"quantile",0.05,0.00541242995220803
"39334",2021-05-15,"50","9  day ahead inc hosp",2021-05-24,"quantile",0.1,0.0372973338669267
"39335",2021-05-15,"50","9  day ahead inc hosp",2021-05-24,"quantile",0.15,0.0934919433390999
"39336",2021-05-15,"50","9  day ahead inc hosp",2021-05-24,"quantile",0.2,0.171116387313623
"39337",2021-05-15,"50","9  day ahead inc hosp",2021-05-24,"quantile",0.25,0.269567251051091
"39338",2021-05-15,"50","9  day ahead inc hosp",2021-05-24,"quantile",0.3,0.389603048675621
"39339",2021-05-15,"50","9  day ahead inc hosp",2021-05-24,"quantile",0.35,0.533027699835819
"39340",2021-05-15,"50","9  day ahead inc hosp",2021-05-24,"quantile",0.4,0.702665068285901
"39341",2021-05-15,"50","9  day ahead inc hosp",2021-05-24,"quantile",0.45,0.9025179872066
"39342",2021-05-15,"50","9  day ahead inc hosp",2021-05-24,"quantile",0.5,1.13810851784782
"39343",2021-05-15,"50","9  day ahead inc hosp",2021-05-24,"quantile",0.55,1.41706455772989
"39344",2021-05-15,"50","9  day ahead inc hosp",2021-05-24,"quantile",0.6,1.75010532100098
"39345",2021-05-15,"50","9  day ahead inc hosp",2021-05-24,"quantile",0.65,2.15274226028279
"39346",2021-05-15,"50","9  day ahead inc hosp",2021-05-24,"quantile",0.7,2.64837668752775
"39347",2021-05-15,"50","9  day ahead inc hosp",2021-05-24,"quantile",0.75,3.27438986878929
"39348",2021-05-15,"50","9  day ahead inc hosp",2021-05-24,"quantile",0.8,4.09544662138559
"39349",2021-05-15,"50","9  day ahead inc hosp",2021-05-24,"quantile",0.85,5.2372672737613
"39350",2021-05-15,"50","9  day ahead inc hosp",2021-05-24,"quantile",0.9,6.99491556717067
"39351",2021-05-15,"50","9  day ahead inc hosp",2021-05-24,"quantile",0.95,10.3699926630075
"39352",2021-05-15,"50","9  day ahead inc hosp",2021-05-24,"quantile",0.975,14.176770125941
"39353",2021-05-15,"50","9  day ahead inc hosp",2021-05-24,"quantile",0.99,19.823611033721
"39354",2021-05-15,"50","10  day ahead inc hosp",2021-05-25,"quantile",0.01,0
"39355",2021-05-15,"50","10  day ahead inc hosp",2021-05-25,"quantile",0.025,0
"39356",2021-05-15,"50","10  day ahead inc hosp",2021-05-25,"quantile",0.05,2.15055091396787e-05
"39357",2021-05-15,"50","10  day ahead inc hosp",2021-05-25,"quantile",0.1,0.00332810118425191
"39358",2021-05-15,"50","10  day ahead inc hosp",2021-05-25,"quantile",0.15,0.0161151320544278
"39359",2021-05-15,"50","10  day ahead inc hosp",2021-05-25,"quantile",0.2,0.0404883113107432
"39360",2021-05-15,"50","10  day ahead inc hosp",2021-05-25,"quantile",0.25,0.0775668552108693
"39361",2021-05-15,"50","10  day ahead inc hosp",2021-05-25,"quantile",0.3,0.128594516798791
"39362",2021-05-15,"50","10  day ahead inc hosp",2021-05-25,"quantile",0.35,0.195224449078023
"39363",2021-05-15,"50","10  day ahead inc hosp",2021-05-25,"quantile",0.4,0.279688838129127
"39364",2021-05-15,"50","10  day ahead inc hosp",2021-05-25,"quantile",0.45,0.384998205693085
"39365",2021-05-15,"50","10  day ahead inc hosp",2021-05-25,"quantile",0.5,0.515234948322483
"39366",2021-05-15,"50","10  day ahead inc hosp",2021-05-25,"quantile",0.55,0.676014676630992
"39367",2021-05-15,"50","10  day ahead inc hosp",2021-05-25,"quantile",0.6,0.875241865928817
"39368",2021-05-15,"50","10  day ahead inc hosp",2021-05-25,"quantile",0.65,1.12440757759572
"39369",2021-05-15,"50","10  day ahead inc hosp",2021-05-25,"quantile",0.7,1.4409574877271
"39370",2021-05-15,"50","10  day ahead inc hosp",2021-05-25,"quantile",0.75,1.85296977835932
"39371",2021-05-15,"50","10  day ahead inc hosp",2021-05-25,"quantile",0.8,2.40943747197268
"39372",2021-05-15,"50","10  day ahead inc hosp",2021-05-25,"quantile",0.85,3.20656482008142
"39373",2021-05-15,"50","10  day ahead inc hosp",2021-05-25,"quantile",0.9,4.47284676849748
"39374",2021-05-15,"50","10  day ahead inc hosp",2021-05-25,"quantile",0.95,6.99629914506951
"39375",2021-05-15,"50","10  day ahead inc hosp",2021-05-25,"quantile",0.975,9.94036969283423
"39376",2021-05-15,"50","10  day ahead inc hosp",2021-05-25,"quantile",0.99,14.4344219820913
"39377",2021-05-15,"50","11  day ahead inc hosp",2021-05-26,"quantile",0.01,0
"39378",2021-05-15,"50","11  day ahead inc hosp",2021-05-26,"quantile",0.025,2.09979597472471e-05
"39379",2021-05-15,"50","11  day ahead inc hosp",2021-05-26,"quantile",0.05,0.00235247493762004
"39380",2021-05-15,"50","11  day ahead inc hosp",2021-05-26,"quantile",0.1,0.0246162337370085
"39381",2021-05-15,"50","11  day ahead inc hosp",2021-05-26,"quantile",0.15,0.0702121059164096
"39382",2021-05-15,"50","11  day ahead inc hosp",2021-05-26,"quantile",0.2,0.137609632535764
"39383",2021-05-15,"50","11  day ahead inc hosp",2021-05-26,"quantile",0.25,0.226629659693267
"39384",2021-05-15,"50","11  day ahead inc hosp",2021-05-26,"quantile",0.3,0.338253022924024
"39385",2021-05-15,"50","11  day ahead inc hosp",2021-05-26,"quantile",0.35,0.47446909956402
"39386",2021-05-15,"50","11  day ahead inc hosp",2021-05-26,"quantile",0.4,0.638309789444961
"39387",2021-05-15,"50","11  day ahead inc hosp",2021-05-26,"quantile",0.45,0.834044190050848
"39388",2021-05-15,"50","11  day ahead inc hosp",2021-05-26,"quantile",0.5,1.06755455150209
"39389",2021-05-15,"50","11  day ahead inc hosp",2021-05-26,"quantile",0.55,1.34697173443677
"39390",2021-05-15,"50","11  day ahead inc hosp",2021-05-26,"quantile",0.6,1.68373789481273
"39391",2021-05-15,"50","11  day ahead inc hosp",2021-05-26,"quantile",0.65,2.09443981545316
"39392",2021-05-15,"50","11  day ahead inc hosp",2021-05-26,"quantile",0.7,2.60415058060726
"39393",2021-05-15,"50","11  day ahead inc hosp",2021-05-26,"quantile",0.75,3.2530087284733
"39394",2021-05-15,"50","11  day ahead inc hosp",2021-05-26,"quantile",0.8,4.11061481015988
"39395",2021-05-15,"50","11  day ahead inc hosp",2021-05-26,"quantile",0.85,5.31265134276167
"39396",2021-05-15,"50","11  day ahead inc hosp",2021-05-26,"quantile",0.9,7.1785883591769
"39397",2021-05-15,"50","11  day ahead inc hosp",2021-05-26,"quantile",0.95,10.7975258682064
"39398",2021-05-15,"50","11  day ahead inc hosp",2021-05-26,"quantile",0.975,14.9169735251522
"39399",2021-05-15,"50","11  day ahead inc hosp",2021-05-26,"quantile",0.99,21.0756598684594
"39400",2021-05-15,"50","12  day ahead inc hosp",2021-05-27,"quantile",0.01,0
"39401",2021-05-15,"50","12  day ahead inc hosp",2021-05-27,"quantile",0.025,2.30315321035508e-10
"39402",2021-05-15,"50","12  day ahead inc hosp",2021-05-27,"quantile",0.05,0.000649553181516992
"39403",2021-05-15,"50","12  day ahead inc hosp",2021-05-27,"quantile",0.1,0.0132400158706632
"39404",2021-05-15,"50","12  day ahead inc hosp",2021-05-27,"quantile",0.15,0.0449174688303535
"39405",2021-05-15,"50","12  day ahead inc hosp",2021-05-27,"quantile",0.2,0.0960167988622808
"39406",2021-05-15,"50","12  day ahead inc hosp",2021-05-27,"quantile",0.25,0.167001226020636
"39407",2021-05-15,"50","12  day ahead inc hosp",2021-05-27,"quantile",0.3,0.259088770728517
"39408",2021-05-15,"50","12  day ahead inc hosp",2021-05-27,"quantile",0.35,0.374325989522359
"39409",2021-05-15,"50","12  day ahead inc hosp",2021-05-27,"quantile",0.4,0.515698592170647
"39410",2021-05-15,"50","12  day ahead inc hosp",2021-05-27,"quantile",0.45,0.687352899623892
"39411",2021-05-15,"50","12  day ahead inc hosp",2021-05-27,"quantile",0.5,0.894976398679231
"39412",2021-05-15,"50","12  day ahead inc hosp",2021-05-27,"quantile",0.55,1.14642361751166
"39413",2021-05-15,"50","12  day ahead inc hosp",2021-05-27,"quantile",0.6,1.45275523232896
"39414",2021-05-15,"50","12  day ahead inc hosp",2021-05-27,"quantile",0.65,1.83002828088179
"39415",2021-05-15,"50","12  day ahead inc hosp",2021-05-27,"quantile",0.7,2.30256129159552
"39416",2021-05-15,"50","12  day ahead inc hosp",2021-05-27,"quantile",0.75,2.9093718176203
"39417",2021-05-15,"50","12  day ahead inc hosp",2021-05-27,"quantile",0.8,3.71828884092635
"39418",2021-05-15,"50","12  day ahead inc hosp",2021-05-27,"quantile",0.85,4.86192801838928
"39419",2021-05-15,"50","12  day ahead inc hosp",2021-05-27,"quantile",0.9,6.65363034130633
"39420",2021-05-15,"50","12  day ahead inc hosp",2021-05-27,"quantile",0.95,10.1665757485437
"39421",2021-05-15,"50","12  day ahead inc hosp",2021-05-27,"quantile",0.975,14.2052596348308
"39422",2021-05-15,"50","12  day ahead inc hosp",2021-05-27,"quantile",0.99,20.2942918480707
"39423",2021-05-15,"50","13  day ahead inc hosp",2021-05-28,"quantile",0.01,0
"39424",2021-05-15,"50","13  day ahead inc hosp",2021-05-28,"quantile",0.025,0
"39425",2021-05-15,"50","13  day ahead inc hosp",2021-05-28,"quantile",0.05,0.000583038229463251
"39426",2021-05-15,"50","13  day ahead inc hosp",2021-05-28,"quantile",0.1,0.0131421686908097
"39427",2021-05-15,"50","13  day ahead inc hosp",2021-05-28,"quantile",0.15,0.0456310660315497
"39428",2021-05-15,"50","13  day ahead inc hosp",2021-05-28,"quantile",0.2,0.0986386584089993
"39429",2021-05-15,"50","13  day ahead inc hosp",2021-05-28,"quantile",0.25,0.172747639485809
"39430",2021-05-15,"50","13  day ahead inc hosp",2021-05-28,"quantile",0.3,0.269299019299222
"39431",2021-05-15,"50","13  day ahead inc hosp",2021-05-28,"quantile",0.35,0.390499167712405
"39432",2021-05-15,"50","13  day ahead inc hosp",2021-05-28,"quantile",0.4,0.53954843226773
"39433",2021-05-15,"50","13  day ahead inc hosp",2021-05-28,"quantile",0.45,0.720882388692206
"39434",2021-05-15,"50","13  day ahead inc hosp",2021-05-28,"quantile",0.5,0.940580941235715
"39435",2021-05-15,"50","13  day ahead inc hosp",2021-05-28,"quantile",0.55,1.20703882224029
"39436",2021-05-15,"50","13  day ahead inc hosp",2021-05-28,"quantile",0.6,1.5320777074877
"39437",2021-05-15,"50","13  day ahead inc hosp",2021-05-28,"quantile",0.65,1.93286181381657
"39438",2021-05-15,"50","13  day ahead inc hosp",2021-05-28,"quantile",0.7,2.43539190637804
"39439",2021-05-15,"50","13  day ahead inc hosp",2021-05-28,"quantile",0.75,3.08139518524066
"39440",2021-05-15,"50","13  day ahead inc hosp",2021-05-28,"quantile",0.8,3.94343254274193
"39441",2021-05-15,"50","13  day ahead inc hosp",2021-05-28,"quantile",0.85,5.16341967908849
"39442",2021-05-15,"50","13  day ahead inc hosp",2021-05-28,"quantile",0.9,7.0768087921638
"39443",2021-05-15,"50","13  day ahead inc hosp",2021-05-28,"quantile",0.95,10.8331355265866
"39444",2021-05-15,"50","13  day ahead inc hosp",2021-05-28,"quantile",0.975,15.1566404239491
"39445",2021-05-15,"50","13  day ahead inc hosp",2021-05-28,"quantile",0.99,21.6814968186044
"39446",2021-05-15,"50","14  day ahead inc hosp",2021-05-29,"quantile",0.01,0
"39447",2021-05-15,"50","14  day ahead inc hosp",2021-05-29,"quantile",0.025,0
"39448",2021-05-15,"50","14  day ahead inc hosp",2021-05-29,"quantile",0.05,0
"39449",2021-05-15,"50","14  day ahead inc hosp",2021-05-29,"quantile",0.1,0.000689408270452727
"39450",2021-05-15,"50","14  day ahead inc hosp",2021-05-29,"quantile",0.15,0.00688328903991043
"39451",2021-05-15,"50","14  day ahead inc hosp",2021-05-29,"quantile",0.2,0.0227049271443332
"39452",2021-05-15,"50","14  day ahead inc hosp",2021-05-29,"quantile",0.25,0.0505168755649477
"39453",2021-05-15,"50","14  day ahead inc hosp",2021-05-29,"quantile",0.3,0.092333512099403
"39454",2021-05-15,"50","14  day ahead inc hosp",2021-05-29,"quantile",0.35,0.150383626087464
"39455",2021-05-15,"50","14  day ahead inc hosp",2021-05-29,"quantile",0.4,0.227419904303803
"39456",2021-05-15,"50","14  day ahead inc hosp",2021-05-29,"quantile",0.45,0.327005524464586
"39457",2021-05-15,"50","14  day ahead inc hosp",2021-05-29,"quantile",0.5,0.453883494053193
"39458",2021-05-15,"50","14  day ahead inc hosp",2021-05-29,"quantile",0.55,0.614527928216697
"39459",2021-05-15,"50","14  day ahead inc hosp",2021-05-29,"quantile",0.6,0.818031347259737
"39460",2021-05-15,"50","14  day ahead inc hosp",2021-05-29,"quantile",0.65,1.07762134700449
"39461",2021-05-15,"50","14  day ahead inc hosp",2021-05-29,"quantile",0.7,1.41342869453664
"39462",2021-05-15,"50","14  day ahead inc hosp",2021-05-29,"quantile",0.75,1.85796754453389
"39463",2021-05-15,"50","14  day ahead inc hosp",2021-05-29,"quantile",0.8,2.46821964388168
"39464",2021-05-15,"50","14  day ahead inc hosp",2021-05-29,"quantile",0.85,3.3566589396732
"39465",2021-05-15,"50","14  day ahead inc hosp",2021-05-29,"quantile",0.9,4.79210296057218
"39466",2021-05-15,"50","14  day ahead inc hosp",2021-05-29,"quantile",0.95,7.70936144203414
"39467",2021-05-15,"50","14  day ahead inc hosp",2021-05-29,"quantile",0.975,11.1730822999182
"39468",2021-05-15,"50","14  day ahead inc hosp",2021-05-29,"quantile",0.99,16.5383553573164
"39469",2021-05-15,"50","15  day ahead inc hosp",2021-05-30,"quantile",0.01,0
"39470",2021-05-15,"50","15  day ahead inc hosp",2021-05-30,"quantile",0.025,0
"39471",2021-05-15,"50","15  day ahead inc hosp",2021-05-30,"quantile",0.05,1.7799841081616e-06
"39472",2021-05-15,"50","15  day ahead inc hosp",2021-05-30,"quantile",0.1,0.00279733718481229
"39473",2021-05-15,"50","15  day ahead inc hosp",2021-05-30,"quantile",0.15,0.0168894714956693
"39474",2021-05-15,"50","15  day ahead inc hosp",2021-05-30,"quantile",0.2,0.0464455087774199
"39475",2021-05-15,"50","15  day ahead inc hosp",2021-05-30,"quantile",0.25,0.0936730747408599
"39476",2021-05-15,"50","15  day ahead inc hosp",2021-05-30,"quantile",0.3,0.160701094713298
"39477",2021-05-15,"50","15  day ahead inc hosp",2021-05-30,"quantile",0.35,0.250138707158102
"39478",2021-05-15,"50","15  day ahead inc hosp",2021-05-30,"quantile",0.4,0.365386966775433
"39479",2021-05-15,"50","15  day ahead inc hosp",2021-05-30,"quantile",0.45,0.510963653250004
"39480",2021-05-15,"50","15  day ahead inc hosp",2021-05-30,"quantile",0.5,0.692954949616522
"39481",2021-05-15,"50","15  day ahead inc hosp",2021-05-30,"quantile",0.55,0.919710988574672
"39482",2021-05-15,"50","15  day ahead inc hosp",2021-05-30,"quantile",0.6,1.20297759599901
"39483",2021-05-15,"50","15  day ahead inc hosp",2021-05-30,"quantile",0.65,1.55983655562721
"39484",2021-05-15,"50","15  day ahead inc hosp",2021-05-30,"quantile",0.7,2.01624648611275
"39485",2021-05-15,"50","15  day ahead inc hosp",2021-05-30,"quantile",0.75,2.61404349127056
"39486",2021-05-15,"50","15  day ahead inc hosp",2021-05-30,"quantile",0.8,3.42634755564498
"39487",2021-05-15,"50","15  day ahead inc hosp",2021-05-30,"quantile",0.85,4.59702102788716
"39488",2021-05-15,"50","15  day ahead inc hosp",2021-05-30,"quantile",0.9,6.46856000174634
"39489",2021-05-15,"50","15  day ahead inc hosp",2021-05-30,"quantile",0.95,10.2258460463821
"39490",2021-05-15,"50","15  day ahead inc hosp",2021-05-30,"quantile",0.975,14.6385793149192
"39491",2021-05-15,"50","15  day ahead inc hosp",2021-05-30,"quantile",0.99,21.412037190281
"39492",2021-05-15,"50","16  day ahead inc hosp",2021-05-31,"quantile",0.01,0
"39493",2021-05-15,"50","16  day ahead inc hosp",2021-05-31,"quantile",0.025,0
"39494",2021-05-15,"50","16  day ahead inc hosp",2021-05-31,"quantile",0.05,5.14134389190464e-06
"39495",2021-05-15,"50","16  day ahead inc hosp",2021-05-31,"quantile",0.1,0.00361410397925712
"39496",2021-05-15,"50","16  day ahead inc hosp",2021-05-31,"quantile",0.15,0.0205215966932183
"39497",2021-05-15,"50","16  day ahead inc hosp",2021-05-31,"quantile",0.2,0.0550717108030472
"39498",2021-05-15,"50","16  day ahead inc hosp",2021-05-31,"quantile",0.25,0.109556893571016
"39499",2021-05-15,"50","16  day ahead inc hosp",2021-05-31,"quantile",0.3,0.186255143681629
"39500",2021-05-15,"50","16  day ahead inc hosp",2021-05-31,"quantile",0.35,0.288012903757522
"39501",2021-05-15,"50","16  day ahead inc hosp",2021-05-31,"quantile",0.4,0.41857381069171
"39502",2021-05-15,"50","16  day ahead inc hosp",2021-05-31,"quantile",0.45,0.582930472767232
"39503",2021-05-15,"50","16  day ahead inc hosp",2021-05-31,"quantile",0.5,0.787820518559637
"39504",2021-05-15,"50","16  day ahead inc hosp",2021-05-31,"quantile",0.55,1.04249442418506
"39505",2021-05-15,"50","16  day ahead inc hosp",2021-05-31,"quantile",0.6,1.35996700730155
"39506",2021-05-15,"50","16  day ahead inc hosp",2021-05-31,"quantile",0.65,1.75916396203659
"39507",2021-05-15,"50","16  day ahead inc hosp",2021-05-31,"quantile",0.7,2.26883908374576
"39508",2021-05-15,"50","16  day ahead inc hosp",2021-05-31,"quantile",0.75,2.93531733941466
"39509",2021-05-15,"50","16  day ahead inc hosp",2021-05-31,"quantile",0.8,3.83952987177852
"39510",2021-05-15,"50","16  day ahead inc hosp",2021-05-31,"quantile",0.85,5.1406272562812
"39511",2021-05-15,"50","16  day ahead inc hosp",2021-05-31,"quantile",0.9,7.21727265101785
"39512",2021-05-15,"50","16  day ahead inc hosp",2021-05-31,"quantile",0.95,11.3784155641252
"39513",2021-05-15,"50","16  day ahead inc hosp",2021-05-31,"quantile",0.975,16.2571508055949
"39514",2021-05-15,"50","16  day ahead inc hosp",2021-05-31,"quantile",0.99,23.7352632958188
"39515",2021-05-15,"50","17  day ahead inc hosp",2021-06-01,"quantile",0.01,0
"39516",2021-05-15,"50","17  day ahead inc hosp",2021-06-01,"quantile",0.025,0
"39517",2021-05-15,"50","17  day ahead inc hosp",2021-06-01,"quantile",0.05,0
"39518",2021-05-15,"50","17  day ahead inc hosp",2021-06-01,"quantile",0.1,0.00146369871630095
"39519",2021-05-15,"50","17  day ahead inc hosp",2021-06-01,"quantile",0.15,0.0120937522797632
"39520",2021-05-15,"50","17  day ahead inc hosp",2021-06-01,"quantile",0.2,0.0373876488083392
"39521",2021-05-15,"50","17  day ahead inc hosp",2021-06-01,"quantile",0.25,0.0803868836463888
"39522",2021-05-15,"50","17  day ahead inc hosp",2021-06-01,"quantile",0.3,0.143762368625421
"39523",2021-05-15,"50","17  day ahead inc hosp",2021-06-01,"quantile",0.35,0.230557674655325
"39524",2021-05-15,"50","17  day ahead inc hosp",2021-06-01,"quantile",0.4,0.344595910692189
"39525",2021-05-15,"50","17  day ahead inc hosp",2021-06-01,"quantile",0.45,0.490867982170772
"39526",2021-05-15,"50","17  day ahead inc hosp",2021-06-01,"quantile",0.5,0.676044252454804
"39527",2021-05-15,"50","17  day ahead inc hosp",2021-06-01,"quantile",0.55,0.909245753877837
"39528",2021-05-15,"50","17  day ahead inc hosp",2021-06-01,"quantile",0.6,1.20328984065893
"39529",2021-05-15,"50","17  day ahead inc hosp",2021-06-01,"quantile",0.65,1.57682148390327
"39530",2021-05-15,"50","17  day ahead inc hosp",2021-06-01,"quantile",0.7,2.05820303160284
"39531",2021-05-15,"50","17  day ahead inc hosp",2021-06-01,"quantile",0.75,2.69321166843423
"39532",2021-05-15,"50","17  day ahead inc hosp",2021-06-01,"quantile",0.8,3.56200180187606
"39533",2021-05-15,"50","17  day ahead inc hosp",2021-06-01,"quantile",0.85,4.82261930608938
"39534",2021-05-15,"50","17  day ahead inc hosp",2021-06-01,"quantile",0.9,6.8523169175297
"39535",2021-05-15,"50","17  day ahead inc hosp",2021-06-01,"quantile",0.95,10.9607658895882
"39536",2021-05-15,"50","17  day ahead inc hosp",2021-06-01,"quantile",0.975,15.8214555513754
"39537",2021-05-15,"50","17  day ahead inc hosp",2021-06-01,"quantile",0.99,23.3283332473179
"39538",2021-05-15,"50","18  day ahead inc hosp",2021-06-02,"quantile",0.01,0
"39539",2021-05-15,"50","18  day ahead inc hosp",2021-06-02,"quantile",0.025,0
"39540",2021-05-15,"50","18  day ahead inc hosp",2021-06-02,"quantile",0.05,2.97607802500757e-08
"39541",2021-05-15,"50","18  day ahead inc hosp",2021-06-02,"quantile",0.1,0.00228749722320211
"39542",2021-05-15,"50","18  day ahead inc hosp",2021-06-02,"quantile",0.15,0.016313764373851
"39543",2021-05-15,"50","18  day ahead inc hosp",2021-06-02,"quantile",0.2,0.0478135195669458
"39544",2021-05-15,"50","18  day ahead inc hosp",2021-06-02,"quantile",0.25,0.0998849004287657
"39545",2021-05-15,"50","18  day ahead inc hosp",2021-06-02,"quantile",0.3,0.175343985200881
"39546",2021-05-15,"50","18  day ahead inc hosp",2021-06-02,"quantile",0.35,0.277495979599209
"39547",2021-05-15,"50","18  day ahead inc hosp",2021-06-02,"quantile",0.4,0.410558592831785
"39548",2021-05-15,"50","18  day ahead inc hosp",2021-06-02,"quantile",0.45,0.580079791373826
"39549",2021-05-15,"50","18  day ahead inc hosp",2021-06-02,"quantile",0.5,0.793500614640896
"39550",2021-05-15,"50","18  day ahead inc hosp",2021-06-02,"quantile",0.55,1.06101125998488
"39551",2021-05-15,"50","18  day ahead inc hosp",2021-06-02,"quantile",0.6,1.39693823700556
"39552",2021-05-15,"50","18  day ahead inc hosp",2021-06-02,"quantile",0.65,1.82211984249858
"39553",2021-05-15,"50","18  day ahead inc hosp",2021-06-02,"quantile",0.7,2.36824145557243
"39554",2021-05-15,"50","18  day ahead inc hosp",2021-06-02,"quantile",0.75,3.08641127090786
"39555",2021-05-15,"50","18  day ahead inc hosp",2021-06-02,"quantile",0.8,4.06604716960498
"39556",2021-05-15,"50","18  day ahead inc hosp",2021-06-02,"quantile",0.85,5.48329370696597
"39557",2021-05-15,"50","18  day ahead inc hosp",2021-06-02,"quantile",0.9,7.75812459020857
"39558",2021-05-15,"50","18  day ahead inc hosp",2021-06-02,"quantile",0.95,12.3463175394773
"39559",2021-05-15,"50","18  day ahead inc hosp",2021-06-02,"quantile",0.975,17.7573138163963
"39560",2021-05-15,"50","18  day ahead inc hosp",2021-06-02,"quantile",0.99,26.0919178390189
"39561",2021-05-15,"50","19  day ahead inc hosp",2021-06-03,"quantile",0.01,0
"39562",2021-05-15,"50","19  day ahead inc hosp",2021-06-03,"quantile",0.025,0
"39563",2021-05-15,"50","19  day ahead inc hosp",2021-06-03,"quantile",0.05,0
"39564",2021-05-15,"50","19  day ahead inc hosp",2021-06-03,"quantile",0.1,0.00127024969717689
"39565",2021-05-15,"50","19  day ahead inc hosp",2021-06-03,"quantile",0.15,0.0118731197685431
"39566",2021-05-15,"50","19  day ahead inc hosp",2021-06-03,"quantile",0.2,0.0383072234054633
"39567",2021-05-15,"50","19  day ahead inc hosp",2021-06-03,"quantile",0.25,0.0842495791281389
"39568",2021-05-15,"50","19  day ahead inc hosp",2021-06-03,"quantile",0.3,0.152863087096512
"39569",2021-05-15,"50","19  day ahead inc hosp",2021-06-03,"quantile",0.35,0.247680200977994
"39570",2021-05-15,"50","19  day ahead inc hosp",2021-06-03,"quantile",0.4,0.37308783127124
"39571",2021-05-15,"50","19  day ahead inc hosp",2021-06-03,"quantile",0.45,0.53478049901972
"39572",2021-05-15,"50","19  day ahead inc hosp",2021-06-03,"quantile",0.5,0.740348501678341
"39573",2021-05-15,"50","19  day ahead inc hosp",2021-06-03,"quantile",0.55,1.00015861367051
"39574",2021-05-15,"50","19  day ahead inc hosp",2021-06-03,"quantile",0.6,1.32877323785716
"39575",2021-05-15,"50","19  day ahead inc hosp",2021-06-03,"quantile",0.65,1.74737696613919
"39576",2021-05-15,"50","19  day ahead inc hosp",2021-06-03,"quantile",0.7,2.28820529332471
"39577",2021-05-15,"50","19  day ahead inc hosp",2021-06-03,"quantile",0.75,3.00331120605354
"39578",2021-05-15,"50","19  day ahead inc hosp",2021-06-03,"quantile",0.8,3.98389189228495
"39579",2021-05-15,"50","19  day ahead inc hosp",2021-06-03,"quantile",0.85,5.40989451206837
"39580",2021-05-15,"50","19  day ahead inc hosp",2021-06-03,"quantile",0.9,7.71121780697573
"39581",2021-05-15,"50","19  day ahead inc hosp",2021-06-03,"quantile",0.95,12.38199034751
"39582",2021-05-15,"50","19  day ahead inc hosp",2021-06-03,"quantile",0.975,17.9211509031411
"39583",2021-05-15,"50","19  day ahead inc hosp",2021-06-03,"quantile",0.99,26.4928463178319
"39584",2021-05-15,"50","20  day ahead inc hosp",2021-06-04,"quantile",0.01,0
"39585",2021-05-15,"50","20  day ahead inc hosp",2021-06-04,"quantile",0.025,0
"39586",2021-05-15,"50","20  day ahead inc hosp",2021-06-04,"quantile",0.05,0
"39587",2021-05-15,"50","20  day ahead inc hosp",2021-06-04,"quantile",0.1,0.000921718460410227
"39588",2021-05-15,"50","20  day ahead inc hosp",2021-06-04,"quantile",0.15,0.01024165428208
"39589",2021-05-15,"50","20  day ahead inc hosp",2021-06-04,"quantile",0.2,0.0349812268025291
"39590",2021-05-15,"50","20  day ahead inc hosp",2021-06-04,"quantile",0.25,0.0792485443280714
"39591",2021-05-15,"50","20  day ahead inc hosp",2021-06-04,"quantile",0.3,0.146505454333212
"39592",2021-05-15,"50","20  day ahead inc hosp",2021-06-04,"quantile",0.35,0.240531126122809
"39593",2021-05-15,"50","20  day ahead inc hosp",2021-06-04,"quantile",0.4,0.365955014231807
"39594",2021-05-15,"50","20  day ahead inc hosp",2021-06-04,"quantile",0.45,0.528744313840965
"39595",2021-05-15,"50","20  day ahead inc hosp",2021-06-04,"quantile",0.5,0.736825720396705
"39596",2021-05-15,"50","20  day ahead inc hosp",2021-06-04,"quantile",0.55,1.00100910244173
"39597",2021-05-15,"50","20  day ahead inc hosp",2021-06-04,"quantile",0.6,1.33647160306451
"39598",2021-05-15,"50","20  day ahead inc hosp",2021-06-04,"quantile",0.65,1.76529319688021
"39599",2021-05-15,"50","20  day ahead inc hosp",2021-06-04,"quantile",0.7,2.32108442463738
"39600",2021-05-15,"50","20  day ahead inc hosp",2021-06-04,"quantile",0.75,3.05815031717835
"39601",2021-05-15,"50","20  day ahead inc hosp",2021-06-04,"quantile",0.8,4.07170397154878
"39602",2021-05-15,"50","20  day ahead inc hosp",2021-06-04,"quantile",0.85,5.54978292640206
"39603",2021-05-15,"50","20  day ahead inc hosp",2021-06-04,"quantile",0.9,7.94209482590189
"39604",2021-05-15,"50","20  day ahead inc hosp",2021-06-04,"quantile",0.95,12.8138256945612
"39605",2021-05-15,"50","20  day ahead inc hosp",2021-06-04,"quantile",0.975,18.6084967868436
"39606",2021-05-15,"50","20  day ahead inc hosp",2021-06-04,"quantile",0.99,27.5977462979019
"39607",2021-05-15,"50","21  day ahead inc hosp",2021-06-05,"quantile",0.01,0
"39608",2021-05-15,"50","21  day ahead inc hosp",2021-06-05,"quantile",0.025,0
"39609",2021-05-15,"50","21  day ahead inc hosp",2021-06-05,"quantile",0.05,0
"39610",2021-05-15,"50","21  day ahead inc hosp",2021-06-05,"quantile",0.1,0.00046227689256527
"39611",2021-05-15,"50","21  day ahead inc hosp",2021-06-05,"quantile",0.15,0.00737377889337929
"39612",2021-05-15,"50","21  day ahead inc hosp",2021-06-05,"quantile",0.2,0.0280914637206594
"39613",2021-05-15,"50","21  day ahead inc hosp",2021-06-05,"quantile",0.25,0.0672399413074256
"39614",2021-05-15,"50","21  day ahead inc hosp",2021-06-05,"quantile",0.3,0.128624809379769
"39615",2021-05-15,"50","21  day ahead inc hosp",2021-06-05,"quantile",0.35,0.216262872579902
"39616",2021-05-15,"50","21  day ahead inc hosp",2021-06-05,"quantile",0.4,0.334967128079441
"39617",2021-05-15,"50","21  day ahead inc hosp",2021-06-05,"quantile",0.45,0.490867769415373
"39618",2021-05-15,"50","21  day ahead inc hosp",2021-06-05,"quantile",0.5,0.692059697907375
"39619",2021-05-15,"50","21  day ahead inc hosp",2021-06-05,"quantile",0.55,0.949552329046337
"39620",2021-05-15,"50","21  day ahead inc hosp",2021-06-05,"quantile",0.6,1.27878837386979
"39621",2021-05-15,"50","21  day ahead inc hosp",2021-06-05,"quantile",0.65,1.70223509157519
"39622",2021-05-15,"50","21  day ahead inc hosp",2021-06-05,"quantile",0.7,2.2541138514825
"39623",2021-05-15,"50","21  day ahead inc hosp",2021-06-05,"quantile",0.75,2.98977165001989
"39624",2021-05-15,"50","21  day ahead inc hosp",2021-06-05,"quantile",0.8,4.00637184552235
"39625",2021-05-15,"50","21  day ahead inc hosp",2021-06-05,"quantile",0.85,5.49609664875154
"39626",2021-05-15,"50","21  day ahead inc hosp",2021-06-05,"quantile",0.9,7.91941489901559
"39627",2021-05-15,"50","21  day ahead inc hosp",2021-06-05,"quantile",0.95,12.8828744209928
"39628",2021-05-15,"50","21  day ahead inc hosp",2021-06-05,"quantile",0.975,18.8168875472229
"39629",2021-05-15,"50","21  day ahead inc hosp",2021-06-05,"quantile",0.99,28.0613546335123
"39630",2021-05-15,"50","22  day ahead inc hosp",2021-06-06,"quantile",0.01,0
"39631",2021-05-15,"50","22  day ahead inc hosp",2021-06-06,"quantile",0.025,0
"39632",2021-05-15,"50","22  day ahead inc hosp",2021-06-06,"quantile",0.05,0
"39633",2021-05-15,"50","22  day ahead inc hosp",2021-06-06,"quantile",0.1,0.000954951008167974
"39634",2021-05-15,"50","22  day ahead inc hosp",2021-06-06,"quantile",0.15,0.0111126857940523
"39635",2021-05-15,"50","22  day ahead inc hosp",2021-06-06,"quantile",0.2,0.0385177219851384
"39636",2021-05-15,"50","22  day ahead inc hosp",2021-06-06,"quantile",0.25,0.0879200228606337
"39637",2021-05-15,"50","22  day ahead inc hosp",2021-06-06,"quantile",0.3,0.163305376242219
"39638",2021-05-15,"50","22  day ahead inc hosp",2021-06-06,"quantile",0.35,0.269002225355283
"39639",2021-05-15,"50","22  day ahead inc hosp",2021-06-06,"quantile",0.4,0.410295561854146
"39640",2021-05-15,"50","22  day ahead inc hosp",2021-06-06,"quantile",0.45,0.593985836550083
"39641",2021-05-15,"50","22  day ahead inc hosp",2021-06-06,"quantile",0.5,0.829099003473743
"39642",2021-05-15,"50","22  day ahead inc hosp",2021-06-06,"quantile",0.55,1.12793936043411
"39643",2021-05-15,"50","22  day ahead inc hosp",2021-06-06,"quantile",0.6,1.50778000576396
"39644",2021-05-15,"50","22  day ahead inc hosp",2021-06-06,"quantile",0.65,1.9937503768699
"39645",2021-05-15,"50","22  day ahead inc hosp",2021-06-06,"quantile",0.7,2.62410642466921
"39646",2021-05-15,"50","22  day ahead inc hosp",2021-06-06,"quantile",0.75,3.46066765347891
"39647",2021-05-15,"50","22  day ahead inc hosp",2021-06-06,"quantile",0.8,4.61184196283581
"39648",2021-05-15,"50","22  day ahead inc hosp",2021-06-06,"quantile",0.85,6.29177206102166
"39649",2021-05-15,"50","22  day ahead inc hosp",2021-06-06,"quantile",0.9,9.01273303869325
"39650",2021-05-15,"50","22  day ahead inc hosp",2021-06-06,"quantile",0.95,14.5582934822409
"39651",2021-05-15,"50","22  day ahead inc hosp",2021-06-06,"quantile",0.975,21.1592636979612
"39652",2021-05-15,"50","22  day ahead inc hosp",2021-06-06,"quantile",0.99,31.4055229089856
"39653",2021-05-15,"50","23  day ahead inc hosp",2021-06-07,"quantile",0.01,0
"39654",2021-05-15,"50","23  day ahead inc hosp",2021-06-07,"quantile",0.025,0
"39655",2021-05-15,"50","23  day ahead inc hosp",2021-06-07,"quantile",0.05,0
"39656",2021-05-15,"50","23  day ahead inc hosp",2021-06-07,"quantile",0.1,0.001228723407856
"39657",2021-05-15,"50","23  day ahead inc hosp",2021-06-07,"quantile",0.15,0.0131377741581822
"39658",2021-05-15,"50","23  day ahead inc hosp",2021-06-07,"quantile",0.2,0.0443204120146746
"39659",2021-05-15,"50","23  day ahead inc hosp",2021-06-07,"quantile",0.25,0.0997664796108363
"39660",2021-05-15,"50","23  day ahead inc hosp",2021-06-07,"quantile",0.3,0.183697236807834
"39661",2021-05-15,"50","23  day ahead inc hosp",2021-06-07,"quantile",0.35,0.300742162099673
"39662",2021-05-15,"50","23  day ahead inc hosp",2021-06-07,"quantile",0.4,0.456588468451824
"39663",2021-05-15,"50","23  day ahead inc hosp",2021-06-07,"quantile",0.45,0.658577630944108
"39664",2021-05-15,"50","23  day ahead inc hosp",2021-06-07,"quantile",0.5,0.916468964607555
"39665",2021-05-15,"50","23  day ahead inc hosp",2021-06-07,"quantile",0.55,1.24357583866609
"39666",2021-05-15,"50","23  day ahead inc hosp",2021-06-07,"quantile",0.6,1.65859238104846
"39667",2021-05-15,"50","23  day ahead inc hosp",2021-06-07,"quantile",0.65,2.18871489864378
"39668",2021-05-15,"50","23  day ahead inc hosp",2021-06-07,"quantile",0.7,2.87533886789265
"39669",2021-05-15,"50","23  day ahead inc hosp",2021-06-07,"quantile",0.75,3.78533934139522
"39670",2021-05-15,"50","23  day ahead inc hosp",2021-06-07,"quantile",0.8,5.03595017732619
"39671",2021-05-15,"50","23  day ahead inc hosp",2021-06-07,"quantile",0.85,6.85865472280303
"39672",2021-05-15,"50","23  day ahead inc hosp",2021-06-07,"quantile",0.9,9.80693987302115
"39673",2021-05-15,"50","23  day ahead inc hosp",2021-06-07,"quantile",0.95,15.8066154905885
"39674",2021-05-15,"50","23  day ahead inc hosp",2021-06-07,"quantile",0.975,22.9384455289963
"39675",2021-05-15,"50","23  day ahead inc hosp",2021-06-07,"quantile",0.99,33.9962672417359
"39676",2021-05-15,"50","24  day ahead inc hosp",2021-06-08,"quantile",0.01,0
"39677",2021-05-15,"50","24  day ahead inc hosp",2021-06-08,"quantile",0.025,0
"39678",2021-05-15,"50","24  day ahead inc hosp",2021-06-08,"quantile",0.05,0
"39679",2021-05-15,"50","24  day ahead inc hosp",2021-06-08,"quantile",0.1,0
"39680",2021-05-15,"50","24  day ahead inc hosp",2021-06-08,"quantile",0.15,0.000387826381700191
"39681",2021-05-15,"50","24  day ahead inc hosp",2021-06-08,"quantile",0.2,0.00474923451026256
"39682",2021-05-15,"50","24  day ahead inc hosp",2021-06-08,"quantile",0.25,0.0182081302349509
"39683",2021-05-15,"50","24  day ahead inc hosp",2021-06-08,"quantile",0.3,0.0453504701703148
"39684",2021-05-15,"50","24  day ahead inc hosp",2021-06-08,"quantile",0.35,0.0906448194119097
"39685",2021-05-15,"50","24  day ahead inc hosp",2021-06-08,"quantile",0.4,0.159007744958746
"39686",2021-05-15,"50","24  day ahead inc hosp",2021-06-08,"quantile",0.45,0.256350707216485
"39687",2021-05-15,"50","24  day ahead inc hosp",2021-06-08,"quantile",0.5,0.390227356227785
"39688",2021-05-15,"50","24  day ahead inc hosp",2021-06-08,"quantile",0.55,0.570743489909399
"39689",2021-05-15,"50","24  day ahead inc hosp",2021-06-08,"quantile",0.6,0.811983714585774
"39690",2021-05-15,"50","24  day ahead inc hosp",2021-06-08,"quantile",0.65,1.13443130052164
"39691",2021-05-15,"50","24  day ahead inc hosp",2021-06-08,"quantile",0.7,1.56938839295036
"39692",2021-05-15,"50","24  day ahead inc hosp",2021-06-08,"quantile",0.75,2.16776864898045
"39693",2021-05-15,"50","24  day ahead inc hosp",2021-06-08,"quantile",0.8,3.0196170362927
"39694",2021-05-15,"50","24  day ahead inc hosp",2021-06-08,"quantile",0.85,4.30463766892065
"39695",2021-05-15,"50","24  day ahead inc hosp",2021-06-08,"quantile",0.9,6.45808097545491
"39696",2021-05-15,"50","24  day ahead inc hosp",2021-06-08,"quantile",0.95,11.0201901788038
"39697",2021-05-15,"50","24  day ahead inc hosp",2021-06-08,"quantile",0.975,16.6373968919095
"39698",2021-05-15,"50","24  day ahead inc hosp",2021-06-08,"quantile",0.99,25.602409911665
"39699",2021-05-15,"50","25  day ahead inc hosp",2021-06-09,"quantile",0.01,0
"39700",2021-05-15,"50","25  day ahead inc hosp",2021-06-09,"quantile",0.025,0
"39701",2021-05-15,"50","25  day ahead inc hosp",2021-06-09,"quantile",0.05,0
"39702",2021-05-15,"50","25  day ahead inc hosp",2021-06-09,"quantile",0.1,0.000517289901798453
"39703",2021-05-15,"50","25  day ahead inc hosp",2021-06-09,"quantile",0.15,0.00887268098135129
"39704",2021-05-15,"50","25  day ahead inc hosp",2021-06-09,"quantile",0.2,0.0344993997080278
"39705",2021-05-15,"50","25  day ahead inc hosp",2021-06-09,"quantile",0.25,0.0834119167929733
"39706",2021-05-15,"50","25  day ahead inc hosp",2021-06-09,"quantile",0.3,0.160545802418705
"39707",2021-05-15,"50","25  day ahead inc hosp",2021-06-09,"quantile",0.35,0.271083862200282
"39708",2021-05-15,"50","25  day ahead inc hosp",2021-06-09,"quantile",0.4,0.421213827318415
"39709",2021-05-15,"50","25  day ahead inc hosp",2021-06-09,"quantile",0.45,0.618800923870772
"39710",2021-05-15,"50","25  day ahead inc hosp",2021-06-09,"quantile",0.5,0.874220441888276
"39711",2021-05-15,"50","25  day ahead inc hosp",2021-06-09,"quantile",0.55,1.20157648359857
"39712",2021-05-15,"50","25  day ahead inc hosp",2021-06-09,"quantile",0.6,1.62064923412919
"39713",2021-05-15,"50","25  day ahead inc hosp",2021-06-09,"quantile",0.65,2.16021650866685
"39714",2021-05-15,"50","25  day ahead inc hosp",2021-06-09,"quantile",0.7,2.86411629501225
"39715",2021-05-15,"50","25  day ahead inc hosp",2021-06-09,"quantile",0.75,3.80326086125277
"39716",2021-05-15,"50","25  day ahead inc hosp",2021-06-09,"quantile",0.8,5.10216615429232
"39717",2021-05-15,"50","25  day ahead inc hosp",2021-06-09,"quantile",0.85,7.00718078538968
"39718",2021-05-15,"50","25  day ahead inc hosp",2021-06-09,"quantile",0.9,10.1087445147679
"39719",2021-05-15,"50","25  day ahead inc hosp",2021-06-09,"quantile",0.95,16.4677317837066
"39720",2021-05-15,"50","25  day ahead inc hosp",2021-06-09,"quantile",0.975,24.076847999173
"39721",2021-05-15,"50","25  day ahead inc hosp",2021-06-09,"quantile",0.99,35.9395565395154
"39722",2021-05-15,"50","26  day ahead inc hosp",2021-06-10,"quantile",0.01,0
"39723",2021-05-15,"50","26  day ahead inc hosp",2021-06-10,"quantile",0.025,0
"39724",2021-05-15,"50","26  day ahead inc hosp",2021-06-10,"quantile",0.05,0
"39725",2021-05-15,"50","26  day ahead inc hosp",2021-06-10,"quantile",0.1,9.67346685823008e-05
"39726",2021-05-15,"50","26  day ahead inc hosp",2021-06-10,"quantile",0.15,0.00440370695332345
"39727",2021-05-15,"50","26  day ahead inc hosp",2021-06-10,"quantile",0.2,0.0216351400058486
"39728",2021-05-15,"50","26  day ahead inc hosp",2021-06-10,"quantile",0.25,0.0583793977506071
"39729",2021-05-15,"50","26  day ahead inc hosp",2021-06-10,"quantile",0.3,0.11999230289884
"39730",2021-05-15,"50","26  day ahead inc hosp",2021-06-10,"quantile",0.35,0.211872062438533
"39731",2021-05-15,"50","26  day ahead inc hosp",2021-06-10,"quantile",0.4,0.340258247685441
"39732",2021-05-15,"50","26  day ahead inc hosp",2021-06-10,"quantile",0.45,0.512930611839666
"39733",2021-05-15,"50","26  day ahead inc hosp",2021-06-10,"quantile",0.5,0.740047580608916
"39734",2021-05-15,"50","26  day ahead inc hosp",2021-06-10,"quantile",0.55,1.03535167465531
"39735",2021-05-15,"50","26  day ahead inc hosp",2021-06-10,"quantile",0.6,1.41808132642414
"39736",2021-05-15,"50","26  day ahead inc hosp",2021-06-10,"quantile",0.65,1.91622491081395
"39737",2021-05-15,"50","26  day ahead inc hosp",2021-06-10,"quantile",0.7,2.57246067950929
"39738",2021-05-15,"50","26  day ahead inc hosp",2021-06-10,"quantile",0.75,3.45594085194388
"39739",2021-05-15,"50","26  day ahead inc hosp",2021-06-10,"quantile",0.8,4.68835476694559
"39740",2021-05-15,"50","26  day ahead inc hosp",2021-06-10,"quantile",0.85,6.51108987650186
"39741",2021-05-15,"50","26  day ahead inc hosp",2021-06-10,"quantile",0.9,9.50452932789058
"39742",2021-05-15,"50","26  day ahead inc hosp",2021-06-10,"quantile",0.95,15.702904970106
"39743",2021-05-15,"50","26  day ahead inc hosp",2021-06-10,"quantile",0.975,23.1846744077612
"39744",2021-05-15,"50","26  day ahead inc hosp",2021-06-10,"quantile",0.99,34.9329218691808
"39745",2021-05-15,"50","27  day ahead inc hosp",2021-06-11,"quantile",0.01,0
"39746",2021-05-15,"50","27  day ahead inc hosp",2021-06-11,"quantile",0.025,0
"39747",2021-05-15,"50","27  day ahead inc hosp",2021-06-11,"quantile",0.05,0
"39748",2021-05-15,"50","27  day ahead inc hosp",2021-06-11,"quantile",0.1,8.53934455647086e-05
"39749",2021-05-15,"50","27  day ahead inc hosp",2021-06-11,"quantile",0.15,0.00435285524180541
"39750",2021-05-15,"50","27  day ahead inc hosp",2021-06-11,"quantile",0.2,0.0218796002157097
"39751",2021-05-15,"50","27  day ahead inc hosp",2021-06-11,"quantile",0.25,0.0596461888958941
"39752",2021-05-15,"50","27  day ahead inc hosp",2021-06-11,"quantile",0.3,0.123330767660653
"39753",2021-05-15,"50","27  day ahead inc hosp",2021-06-11,"quantile",0.35,0.218641069930695
"39754",2021-05-15,"50","27  day ahead inc hosp",2021-06-11,"quantile",0.4,0.352158326936701
"39755",2021-05-15,"50","27  day ahead inc hosp",2021-06-11,"quantile",0.45,0.53207556135673
"39756",2021-05-15,"50","27  day ahead inc hosp",2021-06-11,"quantile",0.5,0.769081709899617
"39757",2021-05-15,"50","27  day ahead inc hosp",2021-06-11,"quantile",0.55,1.07763096738961
"39758",2021-05-15,"50","27  day ahead inc hosp",2021-06-11,"quantile",0.6,1.47795483546473
"39759",2021-05-15,"50","27  day ahead inc hosp",2021-06-11,"quantile",0.65,1.99948617404147
"39760",2021-05-15,"50","27  day ahead inc hosp",2021-06-11,"quantile",0.7,2.68710957084671
"39761",2021-05-15,"50","27  day ahead inc hosp",2021-06-11,"quantile",0.75,3.61356246555124
"39762",2021-05-15,"50","27  day ahead inc hosp",2021-06-11,"quantile",0.8,4.90686673639419
"39763",2021-05-15,"50","27  day ahead inc hosp",2021-06-11,"quantile",0.85,6.82102766170901
"39764",2021-05-15,"50","27  day ahead inc hosp",2021-06-11,"quantile",0.9,9.96693006925149
"39765",2021-05-15,"50","27  day ahead inc hosp",2021-06-11,"quantile",0.95,16.4864685902128
"39766",2021-05-15,"50","27  day ahead inc hosp",2021-06-11,"quantile",0.975,24.3616808993682
"39767",2021-05-15,"50","27  day ahead inc hosp",2021-06-11,"quantile",0.99,36.735208526557
"39768",2021-05-15,"50","28  day ahead inc hosp",2021-06-12,"quantile",0.01,0
"39769",2021-05-15,"50","28  day ahead inc hosp",2021-06-12,"quantile",0.025,0
"39770",2021-05-15,"50","28  day ahead inc hosp",2021-06-12,"quantile",0.05,0
"39771",2021-05-15,"50","28  day ahead inc hosp",2021-06-12,"quantile",0.1,0
"39772",2021-05-15,"50","28  day ahead inc hosp",2021-06-12,"quantile",0.15,7.18104796978788e-05
"39773",2021-05-15,"50","28  day ahead inc hosp",2021-06-12,"quantile",0.2,0.00241132968811812
"39774",2021-05-15,"50","28  day ahead inc hosp",2021-06-12,"quantile",0.25,0.0122569565981571
"39775",2021-05-15,"50","28  day ahead inc hosp",2021-06-12,"quantile",0.3,0.0350017332814645
"39776",2021-05-15,"50","28  day ahead inc hosp",2021-06-12,"quantile",0.35,0.0759799943079701
"39777",2021-05-15,"50","28  day ahead inc hosp",2021-06-12,"quantile",0.4,0.140995802709606
"39778",2021-05-15,"50","28  day ahead inc hosp",2021-06-12,"quantile",0.45,0.236934916809578
"39779",2021-05-15,"50","28  day ahead inc hosp",2021-06-12,"quantile",0.5,0.372512483047659
"39780",2021-05-15,"50","28  day ahead inc hosp",2021-06-12,"quantile",0.55,0.559325784014514
"39781",2021-05-15,"50","28  day ahead inc hosp",2021-06-12,"quantile",0.6,0.813501642150159
"39782",2021-05-15,"50","28  day ahead inc hosp",2021-06-12,"quantile",0.65,1.15848915495716
"39783",2021-05-15,"50","28  day ahead inc hosp",2021-06-12,"quantile",0.7,1.63016497629995
"39784",2021-05-15,"50","28  day ahead inc hosp",2021-06-12,"quantile",0.75,2.28700471795168
"39785",2021-05-15,"50","28  day ahead inc hosp",2021-06-12,"quantile",0.8,3.232710332967
"39786",2021-05-15,"50","28  day ahead inc hosp",2021-06-12,"quantile",0.85,4.67492607752066
"39787",2021-05-15,"50","28  day ahead inc hosp",2021-06-12,"quantile",0.9,7.11857410414004
"39788",2021-05-15,"50","28  day ahead inc hosp",2021-06-12,"quantile",0.95,12.3596894234952
"39789",2021-05-15,"50","28  day ahead inc hosp",2021-06-12,"quantile",0.975,18.8816331699779
"39790",2021-05-15,"50","28  day ahead inc hosp",2021-06-12,"quantile",0.99,29.3804136376085
"39791",2021-05-15,"50","29  day ahead inc hosp",2021-06-13,"quantile",0.01,0
"39792",2021-05-15,"50","29  day ahead inc hosp",2021-06-13,"quantile",0.025,0
"39793",2021-05-15,"50","29  day ahead inc hosp",2021-06-13,"quantile",0.05,0
"39794",2021-05-15,"50","29  day ahead inc hosp",2021-06-13,"quantile",0.1,6.26817287971713e-08
"39795",2021-05-15,"50","29  day ahead inc hosp",2021-06-13,"quantile",0.15,0.00111950448384915
"39796",2021-05-15,"50","29  day ahead inc hosp",2021-06-13,"quantile",0.2,0.0099359171112277
"39797",2021-05-15,"50","29  day ahead inc hosp",2021-06-13,"quantile",0.25,0.0340775165107552
"39798",2021-05-15,"50","29  day ahead inc hosp",2021-06-13,"quantile",0.3,0.0800825910824405
"39799",2021-05-15,"50","29  day ahead inc hosp",2021-06-13,"quantile",0.35,0.154330239948107
"39800",2021-05-15,"50","29  day ahead inc hosp",2021-06-13,"quantile",0.4,0.263906987755636
"39801",2021-05-15,"50","29  day ahead inc hosp",2021-06-13,"quantile",0.45,0.417405122657996
"39802",2021-05-15,"50","29  day ahead inc hosp",2021-06-13,"quantile",0.5,0.625863104970452
"39803",2021-05-15,"50","29  day ahead inc hosp",2021-06-13,"quantile",0.55,0.904091581610015
"39804",2021-05-15,"50","29  day ahead inc hosp",2021-06-13,"quantile",0.6,1.27275687789456
"39805",2021-05-15,"50","29  day ahead inc hosp",2021-06-13,"quantile",0.65,1.76191727728615
"39806",2021-05-15,"50","29  day ahead inc hosp",2021-06-13,"quantile",0.7,2.41748084304295
"39807",2021-05-15,"50","29  day ahead inc hosp",2021-06-13,"quantile",0.75,3.31404171052908
"39808",2021-05-15,"50","29  day ahead inc hosp",2021-06-13,"quantile",0.8,4.58334805486892
"39809",2021-05-15,"50","29  day ahead inc hosp",2021-06-13,"quantile",0.85,6.48790319381747
"39810",2021-05-15,"50","29  day ahead inc hosp",2021-06-13,"quantile",0.9,9.66225244244979
"39811",2021-05-15,"50","29  day ahead inc hosp",2021-06-13,"quantile",0.95,16.3461436211851
"39812",2021-05-15,"50","29  day ahead inc hosp",2021-06-13,"quantile",0.975,24.5324267303137
"39813",2021-05-15,"50","29  day ahead inc hosp",2021-06-13,"quantile",0.99,37.5414540420979
"39814",2021-05-15,"50","30  day ahead inc hosp",2021-06-14,"quantile",0.01,0
"39815",2021-05-15,"50","30  day ahead inc hosp",2021-06-14,"quantile",0.025,0
"39816",2021-05-15,"50","30  day ahead inc hosp",2021-06-14,"quantile",0.05,0
"39817",2021-05-15,"50","30  day ahead inc hosp",2021-06-14,"quantile",0.1,9.09695453474195e-09
"39818",2021-05-15,"50","30  day ahead inc hosp",2021-06-14,"quantile",0.15,0.00103776969219031
"39819",2021-05-15,"50","30  day ahead inc hosp",2021-06-14,"quantile",0.2,0.00976707051248299
"39820",2021-05-15,"50","30  day ahead inc hosp",2021-06-14,"quantile",0.25,0.0342167476072032
"39821",2021-05-15,"50","30  day ahead inc hosp",2021-06-14,"quantile",0.3,0.0813205097044895
"39822",2021-05-15,"50","30  day ahead inc hosp",2021-06-14,"quantile",0.35,0.157838453116857
"39823",2021-05-15,"50","30  day ahead inc hosp",2021-06-14,"quantile",0.4,0.271264200404855
"39824",2021-05-15,"50","30  day ahead inc hosp",2021-06-14,"quantile",0.45,0.430667512131668
"39825",2021-05-15,"50","30  day ahead inc hosp",2021-06-14,"quantile",0.5,0.647687277925618
"39826",2021-05-15,"50","30  day ahead inc hosp",2021-06-14,"quantile",0.55,0.937930558174747
"39827",2021-05-15,"50","30  day ahead inc hosp",2021-06-14,"quantile",0.6,1.32316972495086
"39828",2021-05-15,"50","30  day ahead inc hosp",2021-06-14,"quantile",0.65,1.83507107363909
"39829",2021-05-15,"50","30  day ahead inc hosp",2021-06-14,"quantile",0.7,2.5220041957121
"39830",2021-05-15,"50","30  day ahead inc hosp",2021-06-14,"quantile",0.75,3.46257905404773
"39831",2021-05-15,"50","30  day ahead inc hosp",2021-06-14,"quantile",0.8,4.79567422713792
"39832",2021-05-15,"50","30  day ahead inc hosp",2021-06-14,"quantile",0.85,6.7980909370002
"39833",2021-05-15,"50","30  day ahead inc hosp",2021-06-14,"quantile",0.9,10.139201387033
"39834",2021-05-15,"50","30  day ahead inc hosp",2021-06-14,"quantile",0.95,17.1829028857218
"39835",2021-05-15,"50","30  day ahead inc hosp",2021-06-14,"quantile",0.975,25.8190884182041
"39836",2021-05-15,"50","30  day ahead inc hosp",2021-06-14,"quantile",0.99,39.5550278171451
"39837",2021-05-15,"50","31  day ahead inc hosp",2021-06-15,"quantile",0.01,0
"39838",2021-05-15,"50","31  day ahead inc hosp",2021-06-15,"quantile",0.025,0
"39839",2021-05-15,"50","31  day ahead inc hosp",2021-06-15,"quantile",0.05,0
"39840",2021-05-15,"50","31  day ahead inc hosp",2021-06-15,"quantile",0.1,0
"39841",2021-05-15,"50","31  day ahead inc hosp",2021-06-15,"quantile",0.15,0.000602954407290389
"39842",2021-05-15,"50","31  day ahead inc hosp",2021-06-15,"quantile",0.2,0.00743460661812422
"39843",2021-05-15,"50","31  day ahead inc hosp",2021-06-15,"quantile",0.25,0.0285678573694585
"39844",2021-05-15,"50","31  day ahead inc hosp",2021-06-15,"quantile",0.3,0.0712350099118232
"39845",2021-05-15,"50","31  day ahead inc hosp",2021-06-15,"quantile",0.35,0.14248344472034
"39846",2021-05-15,"50","31  day ahead inc hosp",2021-06-15,"quantile",0.4,0.250065880779302
"39847",2021-05-15,"50","31  day ahead inc hosp",2021-06-15,"quantile",0.45,0.403302467850351
"39848",2021-05-15,"50","31  day ahead inc hosp",2021-06-15,"quantile",0.5,0.614101309243373
"39849",2021-05-15,"50","31  day ahead inc hosp",2021-06-15,"quantile",0.55,0.89839304691709
"39850",2021-05-15,"50","31  day ahead inc hosp",2021-06-15,"quantile",0.6,1.27837997263233
"39851",2021-05-15,"50","31  day ahead inc hosp",2021-06-15,"quantile",0.65,1.78635085901171
"39852",2021-05-15,"50","31  day ahead inc hosp",2021-06-15,"quantile",0.7,2.47164933157355
"39853",2021-05-15,"50","31  day ahead inc hosp",2021-06-15,"quantile",0.75,3.4145354774786
"39854",2021-05-15,"50","31  day ahead inc hosp",2021-06-15,"quantile",0.8,4.75695943356075
"39855",2021-05-15,"50","31  day ahead inc hosp",2021-06-15,"quantile",0.85,6.78222196128441
"39856",2021-05-15,"50","31  day ahead inc hosp",2021-06-15,"quantile",0.9,10.1765140364901
"39857",2021-05-15,"50","31  day ahead inc hosp",2021-06-15,"quantile",0.95,17.3682123191668
"39858",2021-05-15,"50","31  day ahead inc hosp",2021-06-15,"quantile",0.975,26.2240435742205
"39859",2021-05-15,"50","31  day ahead inc hosp",2021-06-15,"quantile",0.99,40.3590158881713
"39860",2021-05-15,"50","32  day ahead inc hosp",2021-06-16,"quantile",0.01,0
"39861",2021-05-15,"50","32  day ahead inc hosp",2021-06-16,"quantile",0.025,0
"39862",2021-05-15,"50","32  day ahead inc hosp",2021-06-16,"quantile",0.05,0
"39863",2021-05-15,"50","32  day ahead inc hosp",2021-06-16,"quantile",0.1,0
"39864",2021-05-15,"50","32  day ahead inc hosp",2021-06-16,"quantile",0.15,0.000664541163842124
"39865",2021-05-15,"50","32  day ahead inc hosp",2021-06-16,"quantile",0.2,0.00804811711482211
"39866",2021-05-15,"50","32  day ahead inc hosp",2021-06-16,"quantile",0.25,0.0307436480084265
"39867",2021-05-15,"50","32  day ahead inc hosp",2021-06-16,"quantile",0.3,0.0764299911250378
"39868",2021-05-15,"50","32  day ahead inc hosp",2021-06-16,"quantile",0.35,0.152589110237281
"39869",2021-05-15,"50","32  day ahead inc hosp",2021-06-16,"quantile",0.4,0.267455177144572
"39870",2021-05-15,"50","32  day ahead inc hosp",2021-06-16,"quantile",0.45,0.4309309663181
"39871",2021-05-15,"50","32  day ahead inc hosp",2021-06-16,"quantile",0.5,0.65567222607104
"39872",2021-05-15,"50","32  day ahead inc hosp",2021-06-16,"quantile",0.55,0.958612156340786
"39873",2021-05-15,"50","32  day ahead inc hosp",2021-06-16,"quantile",0.6,1.36335166349602
"39874",2021-05-15,"50","32  day ahead inc hosp",2021-06-16,"quantile",0.65,1.90421370075624
"39875",2021-05-15,"50","32  day ahead inc hosp",2021-06-16,"quantile",0.7,2.63364903136599
"39876",2021-05-15,"50","32  day ahead inc hosp",2021-06-16,"quantile",0.75,3.63696735487342
"39877",2021-05-15,"50","32  day ahead inc hosp",2021-06-16,"quantile",0.8,5.06503963596479
"39878",2021-05-15,"50","32  day ahead inc hosp",2021-06-16,"quantile",0.85,7.21894634253017
"39879",2021-05-15,"50","32  day ahead inc hosp",2021-06-16,"quantile",0.9,10.8278724301742
"39880",2021-05-15,"50","32  day ahead inc hosp",2021-06-16,"quantile",0.95,18.47202055418
"39881",2021-05-15,"50","32  day ahead inc hosp",2021-06-16,"quantile",0.975,27.8825451181656
"39882",2021-05-15,"50","32  day ahead inc hosp",2021-06-16,"quantile",0.99,42.8996905924646
"39883",2021-05-15,"50","33  day ahead inc hosp",2021-06-17,"quantile",0.01,0
"39884",2021-05-15,"50","33  day ahead inc hosp",2021-06-17,"quantile",0.025,0
"39885",2021-05-15,"50","33  day ahead inc hosp",2021-06-17,"quantile",0.05,0
"39886",2021-05-15,"50","33  day ahead inc hosp",2021-06-17,"quantile",0.1,0
"39887",2021-05-15,"50","33  day ahead inc hosp",2021-06-17,"quantile",0.15,0.000343156311051905
"39888",2021-05-15,"50","33  day ahead inc hosp",2021-06-17,"quantile",0.2,0.00589234706327394
"39889",2021-05-15,"50","33  day ahead inc hosp",2021-06-17,"quantile",0.25,0.0250880588110958
"39890",2021-05-15,"50","33  day ahead inc hosp",2021-06-17,"quantile",0.3,0.0658557741115391
"39891",2021-05-15,"50","33  day ahead inc hosp",2021-06-17,"quantile",0.35,0.135942945861885
"39892",2021-05-15,"50","33  day ahead inc hosp",2021-06-17,"quantile",0.4,0.24382346002703
"39893",2021-05-15,"50","33  day ahead inc hosp",2021-06-17,"quantile",0.45,0.399624242883251
"39894",2021-05-15,"50","33  day ahead inc hosp",2021-06-17,"quantile",0.5,0.616232073213648
"39895",2021-05-15,"50","33  day ahead inc hosp",2021-06-17,"quantile",0.55,0.910848499010887
"39896",2021-05-15,"50","33  day ahead inc hosp",2021-06-17,"quantile",0.6,1.30742475663219
"39897",2021-05-15,"50","33  day ahead inc hosp",2021-06-17,"quantile",0.65,1.84079031665397
"39898",2021-05-15,"50","33  day ahead inc hosp",2021-06-17,"quantile",0.7,2.56419633074893
"39899",2021-05-15,"50","33  day ahead inc hosp",2021-06-17,"quantile",0.75,3.56433045840319
"39900",2021-05-15,"50","33  day ahead inc hosp",2021-06-17,"quantile",0.8,4.99467808065947
"39901",2021-05-15,"50","33  day ahead inc hosp",2021-06-17,"quantile",0.85,7.16196598573897
"39902",2021-05-15,"50","33  day ahead inc hosp",2021-06-17,"quantile",0.9,10.810305443378
"39903",2021-05-15,"50","33  day ahead inc hosp",2021-06-17,"quantile",0.95,18.5784929008865
"39904",2021-05-15,"50","33  day ahead inc hosp",2021-06-17,"quantile",0.975,28.184930660709
"39905",2021-05-15,"50","33  day ahead inc hosp",2021-06-17,"quantile",0.99,43.5709923586044
"39906",2021-05-15,"50","34  day ahead inc hosp",2021-06-18,"quantile",0.01,0
"39907",2021-05-15,"50","34  day ahead inc hosp",2021-06-18,"quantile",0.025,0
"39908",2021-05-15,"50","34  day ahead inc hosp",2021-06-18,"quantile",0.05,0
"39909",2021-05-15,"50","34  day ahead inc hosp",2021-06-18,"quantile",0.1,0
"39910",2021-05-15,"50","34  day ahead inc hosp",2021-06-18,"quantile",0.15,0.000290141717875625
"39911",2021-05-15,"50","34  day ahead inc hosp",2021-06-18,"quantile",0.2,0.00558983765610421
"39912",2021-05-15,"50","34  day ahead inc hosp",2021-06-18,"quantile",0.25,0.0246023458026194
"39913",2021-05-15,"50","34  day ahead inc hosp",2021-06-18,"quantile",0.3,0.0656344319753012
"39914",2021-05-15,"50","34  day ahead inc hosp",2021-06-18,"quantile",0.35,0.136819958362401
"39915",2021-05-15,"50","34  day ahead inc hosp",2021-06-18,"quantile",0.4,0.247043215843469
"39916",2021-05-15,"50","34  day ahead inc hosp",2021-06-18,"quantile",0.45,0.406904406967209
"39917",2021-05-15,"50","34  day ahead inc hosp",2021-06-18,"quantile",0.5,0.62987709067474
"39918",2021-05-15,"50","34  day ahead inc hosp",2021-06-18,"quantile",0.55,0.933934456979293
"39919",2021-05-15,"50","34  day ahead inc hosp",2021-06-18,"quantile",0.6,1.34409537116185
"39920",2021-05-15,"50","34  day ahead inc hosp",2021-06-18,"quantile",0.65,1.89674103191018
"39921",2021-05-15,"50","34  day ahead inc hosp",2021-06-18,"quantile",0.7,2.64750284244234
"39922",2021-05-15,"50","34  day ahead inc hosp",2021-06-18,"quantile",0.75,3.68696574441457
"39923",2021-05-15,"50","34  day ahead inc hosp",2021-06-18,"quantile",0.8,5.17556782080135
"39924",2021-05-15,"50","34  day ahead inc hosp",2021-06-18,"quantile",0.85,7.43405669250539
"39925",2021-05-15,"50","34  day ahead inc hosp",2021-06-18,"quantile",0.9,11.2409266692887
"39926",2021-05-15,"50","34  day ahead inc hosp",2021-06-18,"quantile",0.95,19.3586063883114
"39927",2021-05-15,"50","34  day ahead inc hosp",2021-06-18,"quantile",0.975,29.4099482256962
"39928",2021-05-15,"50","34  day ahead inc hosp",2021-06-18,"quantile",0.99,45.5251238603538
"39929",2021-05-15,"50","35  day ahead inc hosp",2021-06-19,"quantile",0.01,0
"39930",2021-05-15,"50","35  day ahead inc hosp",2021-06-19,"quantile",0.025,0
"39931",2021-05-15,"50","35  day ahead inc hosp",2021-06-19,"quantile",0.05,0
"39932",2021-05-15,"50","35  day ahead inc hosp",2021-06-19,"quantile",0.1,0
"39933",2021-05-15,"50","35  day ahead inc hosp",2021-06-19,"quantile",0.15,0.000144371780347486
"39934",2021-05-15,"50","35  day ahead inc hosp",2021-06-19,"quantile",0.2,0.00419344342796086
"39935",2021-05-15,"50","35  day ahead inc hosp",2021-06-19,"quantile",0.25,0.020578179693504
"39936",2021-05-15,"50","35  day ahead inc hosp",2021-06-19,"quantile",0.3,0.0578141086940255
"39937",2021-05-15,"50","35  day ahead inc hosp",2021-06-19,"quantile",0.35,0.124300301610989
"39938",2021-05-15,"50","35  day ahead inc hosp",2021-06-19,"quantile",0.4,0.229181491374715
"39939",2021-05-15,"50","35  day ahead inc hosp",2021-06-19,"quantile",0.45,0.38331983887418
"39940",2021-05-15,"50","35  day ahead inc hosp",2021-06-19,"quantile",0.5,0.600476229919437
"39941",2021-05-15,"50","35  day ahead inc hosp",2021-06-19,"quantile",0.55,0.898972362922985
"39942",2021-05-15,"50","35  day ahead inc hosp",2021-06-19,"quantile",0.6,1.3042917640951
"39943",2021-05-15,"50","35  day ahead inc hosp",2021-06-19,"quantile",0.65,1.85348913578277
"39944",2021-05-15,"50","35  day ahead inc hosp",2021-06-19,"quantile",0.7,2.60325007939517
"39945",2021-05-15,"50","35  day ahead inc hosp",2021-06-19,"quantile",0.75,3.6459458753525
"39946",2021-05-15,"50","35  day ahead inc hosp",2021-06-19,"quantile",0.8,5.14534099975593
"39947",2021-05-15,"50","35  day ahead inc hosp",2021-06-19,"quantile",0.85,7.42922607814429
"39948",2021-05-15,"50","35  day ahead inc hosp",2021-06-19,"quantile",0.9,11.2943358759935
"39949",2021-05-15,"50","35  day ahead inc hosp",2021-06-19,"quantile",0.95,19.5731141019063
"39950",2021-05-15,"50","35  day ahead inc hosp",2021-06-19,"quantile",0.975,29.8632850005278
"39951",2021-05-15,"50","35  day ahead inc hosp",2021-06-19,"quantile",0.99,46.4126833891788
"39952",2021-05-15,"50","36  day ahead inc hosp",2021-06-20,"quantile",0.01,0
"39953",2021-05-15,"50","36  day ahead inc hosp",2021-06-20,"quantile",0.025,0
"39954",2021-05-15,"50","36  day ahead inc hosp",2021-06-20,"quantile",0.05,0
"39955",2021-05-15,"50","36  day ahead inc hosp",2021-06-20,"quantile",0.1,0
"39956",2021-05-15,"50","36  day ahead inc hosp",2021-06-20,"quantile",0.15,0.000243363492712779
"39957",2021-05-15,"50","36  day ahead inc hosp",2021-06-20,"quantile",0.2,0.00544727783985787
"39958",2021-05-15,"50","36  day ahead inc hosp",2021-06-20,"quantile",0.25,0.0249883317497789
"39959",2021-05-15,"50","36  day ahead inc hosp",2021-06-20,"quantile",0.3,0.0680062337586448
"39960",2021-05-15,"50","36  day ahead inc hosp",2021-06-20,"quantile",0.35,0.143472622824328
"39961",2021-05-15,"50","36  day ahead inc hosp",2021-06-20,"quantile",0.4,0.261172782985175
"39962",2021-05-15,"50","36  day ahead inc hosp",2021-06-20,"quantile",0.45,0.432760377674656
"39963",2021-05-15,"50","36  day ahead inc hosp",2021-06-20,"quantile",0.5,0.673028173969011
"39964",2021-05-15,"50","36  day ahead inc hosp",2021-06-20,"quantile",0.55,1.00169414342996
"39965",2021-05-15,"50","36  day ahead inc hosp",2021-06-20,"quantile",0.6,1.44619709930934
"39966",2021-05-15,"50","36  day ahead inc hosp",2021-06-20,"quantile",0.65,2.04643622107225
"39967",2021-05-15,"50","36  day ahead inc hosp",2021-06-20,"quantile",0.7,2.86343263349303
"39968",2021-05-15,"50","36  day ahead inc hosp",2021-06-20,"quantile",0.75,3.99657697190495
"39969",2021-05-15,"50","36  day ahead inc hosp",2021-06-20,"quantile",0.8,5.62197228775351
"39970",2021-05-15,"50","36  day ahead inc hosp",2021-06-20,"quantile",0.85,8.09185008758856
"39971",2021-05-15,"50","36  day ahead inc hosp",2021-06-20,"quantile",0.9,12.2616055688879
"39972",2021-05-15,"50","36  day ahead inc hosp",2021-06-20,"quantile",0.95,21.1687846575587
"39973",2021-05-15,"50","36  day ahead inc hosp",2021-06-20,"quantile",0.975,32.214391966522
"39974",2021-05-15,"50","36  day ahead inc hosp",2021-06-20,"quantile",0.99,49.9454067192972
"39975",2021-05-15,"50","37  day ahead inc hosp",2021-06-21,"quantile",0.01,0
"39976",2021-05-15,"50","37  day ahead inc hosp",2021-06-21,"quantile",0.025,0
"39977",2021-05-15,"50","37  day ahead inc hosp",2021-06-21,"quantile",0.05,0
"39978",2021-05-15,"50","37  day ahead inc hosp",2021-06-21,"quantile",0.1,0
"39979",2021-05-15,"50","37  day ahead inc hosp",2021-06-21,"quantile",0.15,0.000269657984711474
"39980",2021-05-15,"50","37  day ahead inc hosp",2021-06-21,"quantile",0.2,0.00587083195765971
"39981",2021-05-15,"50","37  day ahead inc hosp",2021-06-21,"quantile",0.25,0.0267299901579709
"39982",2021-05-15,"50","37  day ahead inc hosp",2021-06-21,"quantile",0.3,0.0724855294953526
"39983",2021-05-15,"50","37  day ahead inc hosp",2021-06-21,"quantile",0.35,0.15259409627202
"39984",2021-05-15,"50","37  day ahead inc hosp",2021-06-21,"quantile",0.4,0.277372430635314
"39985",2021-05-15,"50","37  day ahead inc hosp",2021-06-21,"quantile",0.45,0.459111072744825
"39986",2021-05-15,"50","37  day ahead inc hosp",2021-06-21,"quantile",0.5,0.713414886685342
"39987",2021-05-15,"50","37  day ahead inc hosp",2021-06-21,"quantile",0.55,1.06108711483427
"39988",2021-05-15,"50","37  day ahead inc hosp",2021-06-21,"quantile",0.6,1.5310784351489
"39989",2021-05-15,"50","37  day ahead inc hosp",2021-06-21,"quantile",0.65,2.16548663143741
"39990",2021-05-15,"50","37  day ahead inc hosp",2021-06-21,"quantile",0.7,3.02869340154562
"39991",2021-05-15,"50","37  day ahead inc hosp",2021-06-21,"quantile",0.75,4.22555749493975
"39992",2021-05-15,"50","37  day ahead inc hosp",2021-06-21,"quantile",0.8,5.94185757912568
"39993",2021-05-15,"50","37  day ahead inc hosp",2021-06-21,"quantile",0.85,8.54914653151024
"39994",2021-05-15,"50","37  day ahead inc hosp",2021-06-21,"quantile",0.9,12.9496504194651
"39995",2021-05-15,"50","37  day ahead inc hosp",2021-06-21,"quantile",0.95,22.3467933481946
"39996",2021-05-15,"50","37  day ahead inc hosp",2021-06-21,"quantile",0.975,33.9968601745934
"39997",2021-05-15,"50","37  day ahead inc hosp",2021-06-21,"quantile",0.99,52.6941088261999
"39998",2021-05-15,"51","1  day ahead inc hosp",2021-05-16,"quantile",0.01,36.9528220698031
"39999",2021-05-15,"51","1  day ahead inc hosp",2021-05-16,"quantile",0.025,39.9491732974925
"40000",2021-05-15,"51","1  day ahead inc hosp",2021-05-16,"quantile",0.05,42.6688240924725
"40001",2021-05-15,"51","1  day ahead inc hosp",2021-05-16,"quantile",0.1,45.97416648733
"40002",2021-05-15,"51","1  day ahead inc hosp",2021-05-16,"quantile",0.15,48.3102840437978
"40003",2021-05-15,"51","1  day ahead inc hosp",2021-05-16,"quantile",0.2,50.229555274875
"40004",2021-05-15,"51","1  day ahead inc hosp",2021-05-16,"quantile",0.25,51.921206695662
"40005",2021-05-15,"51","1  day ahead inc hosp",2021-05-16,"quantile",0.3,53.4764543410637
"40006",2021-05-15,"51","1  day ahead inc hosp",2021-05-16,"quantile",0.35,54.9485699493159
"40007",2021-05-15,"51","1  day ahead inc hosp",2021-05-16,"quantile",0.4,56.3733694452758
"40008",2021-05-15,"51","1  day ahead inc hosp",2021-05-16,"quantile",0.45,57.778079190921
"40009",2021-05-15,"51","1  day ahead inc hosp",2021-05-16,"quantile",0.5,59.1859887302029
"40010",2021-05-15,"51","1  day ahead inc hosp",2021-05-16,"quantile",0.55,60.6194733291209
"40011",2021-05-15,"51","1  day ahead inc hosp",2021-05-16,"quantile",0.6,62.1025648642974
"40012",2021-05-15,"51","1  day ahead inc hosp",2021-05-16,"quantile",0.65,63.6638876914485
"40013",2021-05-15,"51","1  day ahead inc hosp",2021-05-16,"quantile",0.7,65.3409559587089
"40014",2021-05-15,"51","1  day ahead inc hosp",2021-05-16,"quantile",0.75,67.1877180485554
"40015",2021-05-15,"51","1  day ahead inc hosp",2021-05-16,"quantile",0.8,69.2899438595356
"40016",2021-05-15,"51","1  day ahead inc hosp",2021-05-16,"quantile",0.85,71.8021800427331
"40017",2021-05-15,"51","1  day ahead inc hosp",2021-05-16,"quantile",0.9,75.0594784991644
"40018",2021-05-15,"51","1  day ahead inc hosp",2021-05-16,"quantile",0.95,80.0895862760274
"40019",2021-05-15,"51","1  day ahead inc hosp",2021-05-16,"quantile",0.975,84.6535555303702
"40020",2021-05-15,"51","1  day ahead inc hosp",2021-05-16,"quantile",0.99,90.202346203916
"40021",2021-05-15,"51","2  day ahead inc hosp",2021-05-17,"quantile",0.01,42.2473045570184
"40022",2021-05-15,"51","2  day ahead inc hosp",2021-05-17,"quantile",0.025,45.7388133495233
"40023",2021-05-15,"51","2  day ahead inc hosp",2021-05-17,"quantile",0.05,48.9110213896813
"40024",2021-05-15,"51","2  day ahead inc hosp",2021-05-17,"quantile",0.1,52.7700397602492
"40025",2021-05-15,"51","2  day ahead inc hosp",2021-05-17,"quantile",0.15,55.4997172288742
"40026",2021-05-15,"51","2  day ahead inc hosp",2021-05-17,"quantile",0.2,57.7436202886965
"40027",2021-05-15,"51","2  day ahead inc hosp",2021-05-17,"quantile",0.25,59.722325704803
"40028",2021-05-15,"51","2  day ahead inc hosp",2021-05-17,"quantile",0.3,61.5422124606219
"40029",2021-05-15,"51","2  day ahead inc hosp",2021-05-17,"quantile",0.35,63.2654434003223
"40030",2021-05-15,"51","2  day ahead inc hosp",2021-05-17,"quantile",0.4,64.9338436654139
"40031",2021-05-15,"51","2  day ahead inc hosp",2021-05-17,"quantile",0.45,66.5792385697926
"40032",2021-05-15,"51","2  day ahead inc hosp",2021-05-17,"quantile",0.5,68.2288831176496
"40033",2021-05-15,"51","2  day ahead inc hosp",2021-05-17,"quantile",0.55,69.9089945608404
"40034",2021-05-15,"51","2  day ahead inc hosp",2021-05-17,"quantile",0.6,71.6477637038904
"40035",2021-05-15,"51","2  day ahead inc hosp",2021-05-17,"quantile",0.65,73.4788010259537
"40036",2021-05-15,"51","2  day ahead inc hosp",2021-05-17,"quantile",0.7,75.4461879361253
"40037",2021-05-15,"51","2  day ahead inc hosp",2021-05-17,"quantile",0.75,77.6133513219722
"40038",2021-05-15,"51","2  day ahead inc hosp",2021-05-17,"quantile",0.8,80.0811703196226
"40039",2021-05-15,"51","2  day ahead inc hosp",2021-05-17,"quantile",0.85,83.0314727425682
"40040",2021-05-15,"51","2  day ahead inc hosp",2021-05-17,"quantile",0.9,86.8585663358733
"40041",2021-05-15,"51","2  day ahead inc hosp",2021-05-17,"quantile",0.95,92.7723650591564
"40042",2021-05-15,"51","2  day ahead inc hosp",2021-05-17,"quantile",0.975,98.1418427539935
"40043",2021-05-15,"51","2  day ahead inc hosp",2021-05-17,"quantile",0.99,104.674360615937
"40044",2021-05-15,"51","3  day ahead inc hosp",2021-05-18,"quantile",0.01,41.9635985921615
"40045",2021-05-15,"51","3  day ahead inc hosp",2021-05-18,"quantile",0.025,45.5166782816923
"40046",2021-05-15,"51","3  day ahead inc hosp",2021-05-18,"quantile",0.05,48.7489567392166
"40047",2021-05-15,"51","3  day ahead inc hosp",2021-05-18,"quantile",0.1,52.6858879966999
"40048",2021-05-15,"51","3  day ahead inc hosp",2021-05-18,"quantile",0.15,55.4736375804248
"40049",2021-05-15,"51","3  day ahead inc hosp",2021-05-18,"quantile",0.2,57.7669941611982
"40050",2021-05-15,"51","3  day ahead inc hosp",2021-05-18,"quantile",0.25,59.7905292002186
"40051",2021-05-15,"51","3  day ahead inc hosp",2021-05-18,"quantile",0.3,61.65261530278
"40052",2021-05-15,"51","3  day ahead inc hosp",2021-05-18,"quantile",0.35,63.4166276018198
"40053",2021-05-15,"51","3  day ahead inc hosp",2021-05-18,"quantile",0.4,65.1252487047787
"40054",2021-05-15,"51","3  day ahead inc hosp",2021-05-18,"quantile",0.45,66.8109973803885
"40055",2021-05-15,"51","3  day ahead inc hosp",2021-05-18,"quantile",0.5,68.5017642791583
"40056",2021-05-15,"51","3  day ahead inc hosp",2021-05-18,"quantile",0.55,70.2244207688068
"40057",2021-05-15,"51","3  day ahead inc hosp",2021-05-18,"quantile",0.6,72.0079040323782
"40058",2021-05-15,"51","3  day ahead inc hosp",2021-05-18,"quantile",0.65,73.8867573235522
"40059",2021-05-15,"51","3  day ahead inc hosp",2021-05-18,"quantile",0.7,75.9063285474959
"40060",2021-05-15,"51","3  day ahead inc hosp",2021-05-18,"quantile",0.75,78.1319121968068
"40061",2021-05-15,"51","3  day ahead inc hosp",2021-05-18,"quantile",0.8,80.6674104876883
"40062",2021-05-15,"51","3  day ahead inc hosp",2021-05-18,"quantile",0.85,83.7001745699431
"40063",2021-05-15,"51","3  day ahead inc hosp",2021-05-18,"quantile",0.9,87.6366374646935
"40064",2021-05-15,"51","3  day ahead inc hosp",2021-05-18,"quantile",0.95,93.7244553570482
"40065",2021-05-15,"51","3  day ahead inc hosp",2021-05-18,"quantile",0.975,99.2568583822666
"40066",2021-05-15,"51","3  day ahead inc hosp",2021-05-18,"quantile",0.99,105.993440765491
"40067",2021-05-15,"51","4  day ahead inc hosp",2021-05-19,"quantile",0.01,33.3850529318786
"40068",2021-05-15,"51","4  day ahead inc hosp",2021-05-19,"quantile",0.025,36.4840127862078
"40069",2021-05-15,"51","4  day ahead inc hosp",2021-05-19,"quantile",0.05,39.3176336892537
"40070",2021-05-15,"51","4  day ahead inc hosp",2021-05-19,"quantile",0.1,42.7859831213478
"40071",2021-05-15,"51","4  day ahead inc hosp",2021-05-19,"quantile",0.15,45.2523501989765
"40072",2021-05-15,"51","4  day ahead inc hosp",2021-05-19,"quantile",0.2,47.2873724814864
"40073",2021-05-15,"51","4  day ahead inc hosp",2021-05-19,"quantile",0.25,49.0872799025117
"40074",2021-05-15,"51","4  day ahead inc hosp",2021-05-19,"quantile",0.3,50.7470043663345
"40075",2021-05-15,"51","4  day ahead inc hosp",2021-05-19,"quantile",0.35,52.3222284368524
"40076",2021-05-15,"51","4  day ahead inc hosp",2021-05-19,"quantile",0.4,53.8506021732864
"40077",2021-05-15,"51","4  day ahead inc hosp",2021-05-19,"quantile",0.45,55.3609558478836
"40078",2021-05-15,"51","4  day ahead inc hosp",2021-05-19,"quantile",0.5,56.8781650371125
"40079",2021-05-15,"51","4  day ahead inc hosp",2021-05-19,"quantile",0.55,58.4263478199376
"40080",2021-05-15,"51","4  day ahead inc hosp",2021-05-19,"quantile",0.6,60.031629175632
"40081",2021-05-15,"51","4  day ahead inc hosp",2021-05-19,"quantile",0.65,61.7253476097024
"40082",2021-05-15,"51","4  day ahead inc hosp",2021-05-19,"quantile",0.7,63.5487969579266
"40083",2021-05-15,"51","4  day ahead inc hosp",2021-05-19,"quantile",0.75,65.5615953779274
"40084",2021-05-15,"51","4  day ahead inc hosp",2021-05-19,"quantile",0.8,67.8588000506953
"40085",2021-05-15,"51","4  day ahead inc hosp",2021-05-19,"quantile",0.85,70.6120792094929
"40086",2021-05-15,"51","4  day ahead inc hosp",2021-05-19,"quantile",0.9,74.19437315687
"40087",2021-05-15,"51","4  day ahead inc hosp",2021-05-19,"quantile",0.95,79.7524550827567
"40088",2021-05-15,"51","4  day ahead inc hosp",2021-05-19,"quantile",0.975,84.8211432516382
"40089",2021-05-15,"51","4  day ahead inc hosp",2021-05-19,"quantile",0.99,91.0141407466535
"40090",2021-05-15,"51","5  day ahead inc hosp",2021-05-20,"quantile",0.01,33.3543830348851
"40091",2021-05-15,"51","5  day ahead inc hosp",2021-05-20,"quantile",0.025,36.5501241590605
"40092",2021-05-15,"51","5  day ahead inc hosp",2021-05-20,"quantile",0.05,39.4776864763521
"40093",2021-05-15,"51","5  day ahead inc hosp",2021-05-20,"quantile",0.1,43.0674148618158
"40094",2021-05-15,"51","5  day ahead inc hosp",2021-05-20,"quantile",0.15,45.6240152400438
"40095",2021-05-15,"51","5  day ahead inc hosp",2021-05-20,"quantile",0.2,47.735764520831
"40096",2021-05-15,"51","5  day ahead inc hosp",2021-05-20,"quantile",0.25,49.6051542866232
"40097",2021-05-15,"51","5  day ahead inc hosp",2021-05-20,"quantile",0.3,51.3302351219551
"40098",2021-05-15,"51","5  day ahead inc hosp",2021-05-20,"quantile",0.35,52.9685824486385
"40099",2021-05-15,"51","5  day ahead inc hosp",2021-05-20,"quantile",0.4,54.5591825817917
"40100",2021-05-15,"51","5  day ahead inc hosp",2021-05-20,"quantile",0.45,56.1319443169023
"40101",2021-05-15,"51","5  day ahead inc hosp",2021-05-20,"quantile",0.5,57.7127299728857
"40102",2021-05-15,"51","5  day ahead inc hosp",2021-05-20,"quantile",0.55,59.3266713946126
"40103",2021-05-15,"51","5  day ahead inc hosp",2021-05-20,"quantile",0.6,61.0010488904554
"40104",2021-05-15,"51","5  day ahead inc hosp",2021-05-20,"quantile",0.65,62.7686436128335
"40105",2021-05-15,"51","5  day ahead inc hosp",2021-05-20,"quantile",0.7,64.6727072006535
"40106",2021-05-15,"51","5  day ahead inc hosp",2021-05-20,"quantile",0.75,66.7757440967864
"40107",2021-05-15,"51","5  day ahead inc hosp",2021-05-20,"quantile",0.8,69.1774831043348
"40108",2021-05-15,"51","5  day ahead inc hosp",2021-05-20,"quantile",0.85,72.0581281062805
"40109",2021-05-15,"51","5  day ahead inc hosp",2021-05-20,"quantile",0.9,75.8093602094101
"40110",2021-05-15,"51","5  day ahead inc hosp",2021-05-20,"quantile",0.95,81.6363029358739
"40111",2021-05-15,"51","5  day ahead inc hosp",2021-05-20,"quantile",0.975,86.9568091097902
"40112",2021-05-15,"51","5  day ahead inc hosp",2021-05-20,"quantile",0.99,93.4653730772435
"40113",2021-05-15,"51","6  day ahead inc hosp",2021-05-21,"quantile",0.01,31.6236903273781
"40114",2021-05-15,"51","6  day ahead inc hosp",2021-05-21,"quantile",0.025,34.7995193466871
"40115",2021-05-15,"51","6  day ahead inc hosp",2021-05-21,"quantile",0.05,37.7171852417805
"40116",2021-05-15,"51","6  day ahead inc hosp",2021-05-21,"quantile",0.1,41.3045886059882
"40117",2021-05-15,"51","6  day ahead inc hosp",2021-05-21,"quantile",0.15,43.8655518140225
"40118",2021-05-15,"51","6  day ahead inc hosp",2021-05-21,"quantile",0.2,45.9843999032061
"40119",2021-05-15,"51","6  day ahead inc hosp",2021-05-21,"quantile",0.25,47.8625643229388
"40120",2021-05-15,"51","6  day ahead inc hosp",2021-05-21,"quantile",0.3,49.5977198813189
"40121",2021-05-15,"51","6  day ahead inc hosp",2021-05-21,"quantile",0.35,51.2473194509462
"40122",2021-05-15,"51","6  day ahead inc hosp",2021-05-21,"quantile",0.4,52.8503534959996
"40123",2021-05-15,"51","6  day ahead inc hosp",2021-05-21,"quantile",0.45,54.4368194478987
"40124",2021-05-15,"51","6  day ahead inc hosp",2021-05-21,"quantile",0.5,56.0327429949823
"40125",2021-05-15,"51","6  day ahead inc hosp",2021-05-21,"quantile",0.55,57.6635027457858
"40126",2021-05-15,"51","6  day ahead inc hosp",2021-05-21,"quantile",0.6,59.356734947765
"40127",2021-05-15,"51","6  day ahead inc hosp",2021-05-21,"quantile",0.65,61.1457357419269
"40128",2021-05-15,"51","6  day ahead inc hosp",2021-05-21,"quantile",0.7,63.0745236299066
"40129",2021-05-15,"51","6  day ahead inc hosp",2021-05-21,"quantile",0.75,65.2068030176878
"40130",2021-05-15,"51","6  day ahead inc hosp",2021-05-21,"quantile",0.8,67.6443244420337
"40131",2021-05-15,"51","6  day ahead inc hosp",2021-05-21,"quantile",0.85,70.5710975116172
"40132",2021-05-15,"51","6  day ahead inc hosp",2021-05-21,"quantile",0.9,74.3873807019291
"40133",2021-05-15,"51","6  day ahead inc hosp",2021-05-21,"quantile",0.95,80.3258093811968
"40134",2021-05-15,"51","6  day ahead inc hosp",2021-05-21,"quantile",0.975,85.7583806844375
"40135",2021-05-15,"51","6  day ahead inc hosp",2021-05-21,"quantile",0.99,92.4162658056928
"40136",2021-05-15,"51","7  day ahead inc hosp",2021-05-22,"quantile",0.01,24.4590646180073
"40137",2021-05-15,"51","7  day ahead inc hosp",2021-05-22,"quantile",0.025,27.1744289520479
"40138",2021-05-15,"51","7  day ahead inc hosp",2021-05-22,"quantile",0.05,29.6853752703042
"40139",2021-05-15,"51","7  day ahead inc hosp",2021-05-22,"quantile",0.1,32.791941850843
"40140",2021-05-15,"51","7  day ahead inc hosp",2021-05-22,"quantile",0.15,35.0214839979559
"40141",2021-05-15,"51","7  day ahead inc hosp",2021-05-22,"quantile",0.2,36.8730146835875
"40142",2021-05-15,"51","7  day ahead inc hosp",2021-05-22,"quantile",0.25,38.5191432124049
"40143",2021-05-15,"51","7  day ahead inc hosp",2021-05-22,"quantile",0.3,40.043839629388
"40144",2021-05-15,"51","7  day ahead inc hosp",2021-05-22,"quantile",0.35,41.4966902142332
"40145",2021-05-15,"51","7  day ahead inc hosp",2021-05-22,"quantile",0.4,42.911520189166
"40146",2021-05-15,"51","7  day ahead inc hosp",2021-05-22,"quantile",0.45,44.3145233357109
"40147",2021-05-15,"51","7  day ahead inc hosp",2021-05-22,"quantile",0.5,45.7285979514307
"40148",2021-05-15,"51","7  day ahead inc hosp",2021-05-22,"quantile",0.55,47.1762479006003
"40149",2021-05-15,"51","7  day ahead inc hosp",2021-05-22,"quantile",0.6,48.6821536264694
"40150",2021-05-15,"51","7  day ahead inc hosp",2021-05-22,"quantile",0.65,50.2762229150619
"40151",2021-05-15,"51","7  day ahead inc hosp",2021-05-22,"quantile",0.7,51.9981676601857
"40152",2021-05-15,"51","7  day ahead inc hosp",2021-05-22,"quantile",0.75,53.905641347183
"40153",2021-05-15,"51","7  day ahead inc hosp",2021-05-22,"quantile",0.8,56.0909425550286
"40154",2021-05-15,"51","7  day ahead inc hosp",2021-05-22,"quantile",0.85,58.7212919966414
"40155",2021-05-15,"51","7  day ahead inc hosp",2021-05-22,"quantile",0.9,62.161041658708
"40156",2021-05-15,"51","7  day ahead inc hosp",2021-05-22,"quantile",0.95,67.5345091127055
"40157",2021-05-15,"51","7  day ahead inc hosp",2021-05-22,"quantile",0.975,72.4708968218761
"40158",2021-05-15,"51","7  day ahead inc hosp",2021-05-22,"quantile",0.99,78.5453394350485
"40159",2021-05-15,"51","8  day ahead inc hosp",2021-05-23,"quantile",0.01,26.8589788527381
"40160",2021-05-15,"51","8  day ahead inc hosp",2021-05-23,"quantile",0.025,29.8696784660384
"40161",2021-05-15,"51","8  day ahead inc hosp",2021-05-23,"quantile",0.05,32.6555591275366
"40162",2021-05-15,"51","8  day ahead inc hosp",2021-05-23,"quantile",0.1,36.104434902987
"40163",2021-05-15,"51","8  day ahead inc hosp",2021-05-23,"quantile",0.15,38.5809723321423
"40164",2021-05-15,"51","8  day ahead inc hosp",2021-05-23,"quantile",0.2,40.6383903353709
"40165",2021-05-15,"51","8  day ahead inc hosp",2021-05-23,"quantile",0.25,42.4681141550935
"40166",2021-05-15,"51","8  day ahead inc hosp",2021-05-23,"quantile",0.3,44.1632979267644
"40167",2021-05-15,"51","8  day ahead inc hosp",2021-05-23,"quantile",0.35,45.7789733776645
"40168",2021-05-15,"51","8  day ahead inc hosp",2021-05-23,"quantile",0.4,47.3526999610686
"40169",2021-05-15,"51","8  day ahead inc hosp",2021-05-23,"quantile",0.45,48.9135824063295
"40170",2021-05-15,"51","8  day ahead inc hosp",2021-05-23,"quantile",0.5,50.4870831133376
"40171",2021-05-15,"51","8  day ahead inc hosp",2021-05-23,"quantile",0.55,52.098245393766
"40172",2021-05-15,"51","8  day ahead inc hosp",2021-05-23,"quantile",0.6,53.7745541122822
"40173",2021-05-15,"51","8  day ahead inc hosp",2021-05-23,"quantile",0.65,55.5493344929491
"40174",2021-05-15,"51","8  day ahead inc hosp",2021-05-23,"quantile",0.7,57.466855109964
"40175",2021-05-15,"51","8  day ahead inc hosp",2021-05-23,"quantile",0.75,59.591404698029
"40176",2021-05-15,"51","8  day ahead inc hosp",2021-05-23,"quantile",0.8,62.0259276259876
"40177",2021-05-15,"51","8  day ahead inc hosp",2021-05-23,"quantile",0.85,64.9569653655844
"40178",2021-05-15,"51","8  day ahead inc hosp",2021-05-23,"quantile",0.9,68.7910347290245
"40179",2021-05-15,"51","8  day ahead inc hosp",2021-05-23,"quantile",0.95,74.7828148118357
"40180",2021-05-15,"51","8  day ahead inc hosp",2021-05-23,"quantile",0.975,80.2895044975679
"40181",2021-05-15,"51","8  day ahead inc hosp",2021-05-23,"quantile",0.99,87.0684514902581
"40182",2021-05-15,"51","9  day ahead inc hosp",2021-05-24,"quantile",0.01,27.8839922120767
"40183",2021-05-15,"51","9  day ahead inc hosp",2021-05-24,"quantile",0.025,31.0862061448123
"40184",2021-05-15,"51","9  day ahead inc hosp",2021-05-24,"quantile",0.05,34.0542717009862
"40185",2021-05-15,"51","9  day ahead inc hosp",2021-05-24,"quantile",0.1,37.7345489375702
"40186",2021-05-15,"51","9  day ahead inc hosp",2021-05-24,"quantile",0.15,40.3808480114177
"40187",2021-05-15,"51","9  day ahead inc hosp",2021-05-24,"quantile",0.2,42.5813893953525
"40188",2021-05-15,"51","9  day ahead inc hosp",2021-05-24,"quantile",0.25,44.5398887408495
"40189",2021-05-15,"51","9  day ahead inc hosp",2021-05-24,"quantile",0.3,46.3555643554164
"40190",2021-05-15,"51","9  day ahead inc hosp",2021-05-24,"quantile",0.35,48.0870904151337
"40191",2021-05-15,"51","9  day ahead inc hosp",2021-05-24,"quantile",0.4,49.7745658480982
"40192",2021-05-15,"51","9  day ahead inc hosp",2021-05-24,"quantile",0.45,51.4491155838322
"40193",2021-05-15,"51","9  day ahead inc hosp",2021-05-24,"quantile",0.5,53.1380222377329
"40194",2021-05-15,"51","9  day ahead inc hosp",2021-05-24,"quantile",0.55,54.8681725385449
"40195",2021-05-15,"51","9  day ahead inc hosp",2021-05-24,"quantile",0.6,56.6691272048427
"40196",2021-05-15,"51","9  day ahead inc hosp",2021-05-24,"quantile",0.65,58.5767802464581
"40197",2021-05-15,"51","9  day ahead inc hosp",2021-05-24,"quantile",0.7,60.6388641951795
"40198",2021-05-15,"51","9  day ahead inc hosp",2021-05-24,"quantile",0.75,62.9247524490024
"40199",2021-05-15,"51","9  day ahead inc hosp",2021-05-24,"quantile",0.8,65.5455948195235
"40200",2021-05-15,"51","9  day ahead inc hosp",2021-05-24,"quantile",0.85,68.702892635503
"40201",2021-05-15,"51","9  day ahead inc hosp",2021-05-24,"quantile",0.9,72.8359478797205
"40202",2021-05-15,"51","9  day ahead inc hosp",2021-05-24,"quantile",0.95,79.3013100264058
"40203",2021-05-15,"51","9  day ahead inc hosp",2021-05-24,"quantile",0.975,85.2494812481554
"40204",2021-05-15,"51","9  day ahead inc hosp",2021-05-24,"quantile",0.99,92.579355001632
"40205",2021-05-15,"51","10  day ahead inc hosp",2021-05-25,"quantile",0.01,26.5533966937886
"40206",2021-05-15,"51","10  day ahead inc hosp",2021-05-25,"quantile",0.025,29.7480304083435
"40207",2021-05-15,"51","10  day ahead inc hosp",2021-05-25,"quantile",0.05,32.7189216445018
"40208",2021-05-15,"51","10  day ahead inc hosp",2021-05-25,"quantile",0.1,36.4143328481842
"40209",2021-05-15,"51","10  day ahead inc hosp",2021-05-25,"quantile",0.15,39.0786661569628
"40210",2021-05-15,"51","10  day ahead inc hosp",2021-05-25,"quantile",0.2,41.2983645381052
"40211",2021-05-15,"51","10  day ahead inc hosp",2021-05-25,"quantile",0.25,43.2768831668342
"40212",2021-05-15,"51","10  day ahead inc hosp",2021-05-25,"quantile",0.3,45.1134791638757
"40213",2021-05-15,"51","10  day ahead inc hosp",2021-05-25,"quantile",0.35,46.8669694213166
"40214",2021-05-15,"51","10  day ahead inc hosp",2021-05-25,"quantile",0.4,48.5776573627255
"40215",2021-05-15,"51","10  day ahead inc hosp",2021-05-25,"quantile",0.45,50.2769314041276
"40216",2021-05-15,"51","10  day ahead inc hosp",2021-05-25,"quantile",0.5,51.9924107458849
"40217",2021-05-15,"51","10  day ahead inc hosp",2021-05-25,"quantile",0.55,53.7514199750356
"40218",2021-05-15,"51","10  day ahead inc hosp",2021-05-25,"quantile",0.6,55.5841063544733
"40219",2021-05-15,"51","10  day ahead inc hosp",2021-05-25,"quantile",0.65,57.5271793677256
"40220",2021-05-15,"51","10  day ahead inc hosp",2021-05-25,"quantile",0.7,59.6295588185711
"40221",2021-05-15,"51","10  day ahead inc hosp",2021-05-25,"quantile",0.75,61.9624515685161
"40222",2021-05-15,"51","10  day ahead inc hosp",2021-05-25,"quantile",0.8,64.6400716392822
"40223",2021-05-15,"51","10  day ahead inc hosp",2021-05-25,"quantile",0.85,67.8696576162905
"40224",2021-05-15,"51","10  day ahead inc hosp",2021-05-25,"quantile",0.9,72.1033890094067
"40225",2021-05-15,"51","10  day ahead inc hosp",2021-05-25,"quantile",0.95,78.7389514933068
"40226",2021-05-15,"51","10  day ahead inc hosp",2021-05-25,"quantile",0.975,84.8562418232943
"40227",2021-05-15,"51","10  day ahead inc hosp",2021-05-25,"quantile",0.99,92.4094902279332
"40228",2021-05-15,"51","11  day ahead inc hosp",2021-05-26,"quantile",0.01,26.1464609462797
"40229",2021-05-15,"51","11  day ahead inc hosp",2021-05-26,"quantile",0.025,29.4122634804129
"40230",2021-05-15,"51","11  day ahead inc hosp",2021-05-26,"quantile",0.05,32.4577776831331
"40231",2021-05-15,"51","11  day ahead inc hosp",2021-05-26,"quantile",0.1,36.2559798079144
"40232",2021-05-15,"51","11  day ahead inc hosp",2021-05-26,"quantile",0.15,39.0005562285636
"40233",2021-05-15,"51","11  day ahead inc hosp",2021-05-26,"quantile",0.2,41.2906743961052
"40234",2021-05-15,"51","11  day ahead inc hosp",2021-05-26,"quantile",0.25,43.3345084081273
"40235",2021-05-15,"51","11  day ahead inc hosp",2021-05-26,"quantile",0.3,45.2337601809264
"40236",2021-05-15,"51","11  day ahead inc hosp",2021-05-26,"quantile",0.35,47.0487987533295
"40237",2021-05-15,"51","11  day ahead inc hosp",2021-05-26,"quantile",0.4,48.8210836100633
"40238",2021-05-15,"51","11  day ahead inc hosp",2021-05-26,"quantile",0.45,50.5829940138948
"40239",2021-05-15,"51","11  day ahead inc hosp",2021-05-26,"quantile",0.5,52.3631120938231
"40240",2021-05-15,"51","11  day ahead inc hosp",2021-05-26,"quantile",0.55,54.1898063575499
"40241",2021-05-15,"51","11  day ahead inc hosp",2021-05-26,"quantile",0.6,56.0944659453686
"40242",2021-05-15,"51","11  day ahead inc hosp",2021-05-26,"quantile",0.65,58.1154008301829
"40243",2021-05-15,"51","11  day ahead inc hosp",2021-05-26,"quantile",0.7,60.3037514534856
"40244",2021-05-15,"51","11  day ahead inc hosp",2021-05-26,"quantile",0.75,62.7340490976891
"40245",2021-05-15,"51","11  day ahead inc hosp",2021-05-26,"quantile",0.8,65.5259482841117
"40246",2021-05-15,"51","11  day ahead inc hosp",2021-05-26,"quantile",0.85,68.8967153337098
"40247",2021-05-15,"51","11  day ahead inc hosp",2021-05-26,"quantile",0.9,73.3207270142305
"40248",2021-05-15,"51","11  day ahead inc hosp",2021-05-26,"quantile",0.95,80.2654615548715
"40249",2021-05-15,"51","11  day ahead inc hosp",2021-05-26,"quantile",0.975,86.6785708683231
"40250",2021-05-15,"51","11  day ahead inc hosp",2021-05-26,"quantile",0.99,94.6099777981266
"40251",2021-05-15,"51","12  day ahead inc hosp",2021-05-27,"quantile",0.01,25.0580502231412
"40252",2021-05-15,"51","12  day ahead inc hosp",2021-05-27,"quantile",0.025,28.3289968985758
"40253",2021-05-15,"51","12  day ahead inc hosp",2021-05-27,"quantile",0.05,31.3896395202422
"40254",2021-05-15,"51","12  day ahead inc hosp",2021-05-27,"quantile",0.1,35.2189305475866
"40255",2021-05-15,"51","12  day ahead inc hosp",2021-05-27,"quantile",0.15,37.9934957136733
"40256",2021-05-15,"51","12  day ahead inc hosp",2021-05-27,"quantile",0.2,40.3130172970577
"40257",2021-05-15,"51","12  day ahead inc hosp",2021-05-27,"quantile",0.25,42.3862211946337
"40258",2021-05-15,"51","12  day ahead inc hosp",2021-05-27,"quantile",0.3,44.3152544603045
"40259",2021-05-15,"51","12  day ahead inc hosp",2021-05-27,"quantile",0.35,46.1608781054823
"40260",2021-05-15,"51","12  day ahead inc hosp",2021-05-27,"quantile",0.4,47.9649351798647
"40261",2021-05-15,"51","12  day ahead inc hosp",2021-05-27,"quantile",0.45,49.7602164018
"40262",2021-05-15,"51","12  day ahead inc hosp",2021-05-27,"quantile",0.5,51.5757795249259
"40263",2021-05-15,"51","12  day ahead inc hosp",2021-05-27,"quantile",0.55,53.4405775422334
"40264",2021-05-15,"51","12  day ahead inc hosp",2021-05-27,"quantile",0.6,55.3867570609672
"40265",2021-05-15,"51","12  day ahead inc hosp",2021-05-27,"quantile",0.65,57.4536608276465
"40266",2021-05-15,"51","12  day ahead inc hosp",2021-05-27,"quantile",0.7,59.6939155245384
"40267",2021-05-15,"51","12  day ahead inc hosp",2021-05-27,"quantile",0.75,62.1843313273812
"40268",2021-05-15,"51","12  day ahead inc hosp",2021-05-27,"quantile",0.8,65.0483541662824
"40269",2021-05-15,"51","12  day ahead inc hosp",2021-05-27,"quantile",0.85,68.5103268048834
"40270",2021-05-15,"51","12  day ahead inc hosp",2021-05-27,"quantile",0.9,73.0604685745254
"40271",2021-05-15,"51","12  day ahead inc hosp",2021-05-27,"quantile",0.95,80.2167282577354
"40272",2021-05-15,"51","12  day ahead inc hosp",2021-05-27,"quantile",0.975,86.8385235829269
"40273",2021-05-15,"51","12  day ahead inc hosp",2021-05-27,"quantile",0.99,95.0439924969569
"40274",2021-05-15,"51","13  day ahead inc hosp",2021-05-28,"quantile",0.01,22.9132614916349
"40275",2021-05-15,"51","13  day ahead inc hosp",2021-05-28,"quantile",0.025,26.0760782204519
"40276",2021-05-15,"51","13  day ahead inc hosp",2021-05-28,"quantile",0.05,29.0488047455381
"40277",2021-05-15,"51","13  day ahead inc hosp",2021-05-28,"quantile",0.1,32.7838174035347
"40278",2021-05-15,"51","13  day ahead inc hosp",2021-05-28,"quantile",0.15,35.499759120713
"40279",2021-05-15,"51","13  day ahead inc hosp",2021-05-28,"quantile",0.2,37.7759168222023
"40280",2021-05-15,"51","13  day ahead inc hosp",2021-05-28,"quantile",0.25,39.8143967077246
"40281",2021-05-15,"51","13  day ahead inc hosp",2021-05-28,"quantile",0.3,41.714333177627
"40282",2021-05-15,"51","13  day ahead inc hosp",2021-05-28,"quantile",0.35,43.5348610380909
"40283",2021-05-15,"51","13  day ahead inc hosp",2021-05-28,"quantile",0.4,45.3168521959274
"40284",2021-05-15,"51","13  day ahead inc hosp",2021-05-28,"quantile",0.45,47.0924818001816
"40285",2021-05-15,"51","13  day ahead inc hosp",2021-05-28,"quantile",0.5,48.8904080043
"40286",2021-05-15,"51","13  day ahead inc hosp",2021-05-28,"quantile",0.55,50.7393311403918
"40287",2021-05-15,"51","13  day ahead inc hosp",2021-05-28,"quantile",0.6,52.6712602297283
"40288",2021-05-15,"51","13  day ahead inc hosp",2021-05-28,"quantile",0.65,54.725509110767
"40289",2021-05-15,"51","13  day ahead inc hosp",2021-05-28,"quantile",0.7,56.9548041969059
"40290",2021-05-15,"51","13  day ahead inc hosp",2021-05-28,"quantile",0.75,59.436246476477
"40291",2021-05-15,"51","13  day ahead inc hosp",2021-05-28,"quantile",0.8,62.2939205112092
"40292",2021-05-15,"51","13  day ahead inc hosp",2021-05-28,"quantile",0.85,65.7535781954512
"40293",2021-05-15,"51","13  day ahead inc hosp",2021-05-28,"quantile",0.9,70.3090271814436
"40294",2021-05-15,"51","13  day ahead inc hosp",2021-05-28,"quantile",0.95,77.4912328032217
"40295",2021-05-15,"51","13  day ahead inc hosp",2021-05-28,"quantile",0.975,84.1544243535696
"40296",2021-05-15,"51","13  day ahead inc hosp",2021-05-28,"quantile",0.99,92.432007585207
"40297",2021-05-15,"51","14  day ahead inc hosp",2021-05-29,"quantile",0.01,19.8309886357341
"40298",2021-05-15,"51","14  day ahead inc hosp",2021-05-29,"quantile",0.025,22.7661392564412
"40299",2021-05-15,"51","14  day ahead inc hosp",2021-05-29,"quantile",0.05,25.5411787141415
"40300",2021-05-15,"51","14  day ahead inc hosp",2021-05-29,"quantile",0.1,29.0471714763012
"40301",2021-05-15,"51","14  day ahead inc hosp",2021-05-29,"quantile",0.15,31.6085303199108
"40302",2021-05-15,"51","14  day ahead inc hosp",2021-05-29,"quantile",0.2,33.7621086039043
"40303",2021-05-15,"51","14  day ahead inc hosp",2021-05-29,"quantile",0.25,35.6957974591119
"40304",2021-05-15,"51","14  day ahead inc hosp",2021-05-29,"quantile",0.3,37.502040110841
"40305",2021-05-15,"51","14  day ahead inc hosp",2021-05-29,"quantile",0.35,39.2361868247558
"40306",2021-05-15,"51","14  day ahead inc hosp",2021-05-29,"quantile",0.4,40.9366796825463
"40307",2021-05-15,"51","14  day ahead inc hosp",2021-05-29,"quantile",0.45,42.6339627627938
"40308",2021-05-15,"51","14  day ahead inc hosp",2021-05-29,"quantile",0.5,44.3553341715532
"40309",2021-05-15,"51","14  day ahead inc hosp",2021-05-29,"quantile",0.55,46.1283128704149
"40310",2021-05-15,"51","14  day ahead inc hosp",2021-05-29,"quantile",0.6,47.9837671853224
"40311",2021-05-15,"51","14  day ahead inc hosp",2021-05-29,"quantile",0.65,49.9597820330879
"40312",2021-05-15,"51","14  day ahead inc hosp",2021-05-29,"quantile",0.7,52.1076061664643
"40313",2021-05-15,"51","14  day ahead inc hosp",2021-05-29,"quantile",0.75,54.5023588710948
"40314",2021-05-15,"51","14  day ahead inc hosp",2021-05-29,"quantile",0.8,57.2651470551592
"40315",2021-05-15,"51","14  day ahead inc hosp",2021-05-29,"quantile",0.85,60.6166137916254
"40316",2021-05-15,"51","14  day ahead inc hosp",2021-05-29,"quantile",0.9,65.0400272039243
"40317",2021-05-15,"51","14  day ahead inc hosp",2021-05-29,"quantile",0.95,72.0360648360638
"40318",2021-05-15,"51","14  day ahead inc hosp",2021-05-29,"quantile",0.975,78.5483064691045
"40319",2021-05-15,"51","14  day ahead inc hosp",2021-05-29,"quantile",0.99,86.6644607593628
"40320",2021-05-15,"51","15  day ahead inc hosp",2021-05-30,"quantile",0.01,20.6881677282602
"40321",2021-05-15,"51","15  day ahead inc hosp",2021-05-30,"quantile",0.025,23.9528058785173
"40322",2021-05-15,"51","15  day ahead inc hosp",2021-05-30,"quantile",0.05,27.0570698219779
"40323",2021-05-15,"51","15  day ahead inc hosp",2021-05-30,"quantile",0.1,31.0000833411477
"40324",2021-05-15,"51","15  day ahead inc hosp",2021-05-30,"quantile",0.15,33.8937373918149
"40325",2021-05-15,"51","15  day ahead inc hosp",2021-05-30,"quantile",0.2,36.334310601494
"40326",2021-05-15,"51","15  day ahead inc hosp",2021-05-30,"quantile",0.25,38.5311338892436
"40327",2021-05-15,"51","15  day ahead inc hosp",2021-05-30,"quantile",0.3,40.5875078897137
"40328",2021-05-15,"51","15  day ahead inc hosp",2021-05-30,"quantile",0.35,42.5655120831575
"40329",2021-05-15,"51","15  day ahead inc hosp",2021-05-30,"quantile",0.4,44.5084677863977
"40330",2021-05-15,"51","15  day ahead inc hosp",2021-05-30,"quantile",0.45,46.4508838863824
"40331",2021-05-15,"51","15  day ahead inc hosp",2021-05-30,"quantile",0.5,48.423903299058
"40332",2021-05-15,"51","15  day ahead inc hosp",2021-05-30,"quantile",0.55,50.4591187299074
"40333",2021-05-15,"51","15  day ahead inc hosp",2021-05-30,"quantile",0.6,52.5921607687406
"40334",2021-05-15,"51","15  day ahead inc hosp",2021-05-30,"quantile",0.65,54.8671767164985
"40335",2021-05-15,"51","15  day ahead inc hosp",2021-05-30,"quantile",0.7,57.3437578203974
"40336",2021-05-15,"51","15  day ahead inc hosp",2021-05-30,"quantile",0.75,60.1094455545176
"40337",2021-05-15,"51","15  day ahead inc hosp",2021-05-30,"quantile",0.8,63.3056036601066
"40338",2021-05-15,"51","15  day ahead inc hosp",2021-05-30,"quantile",0.85,67.1901175217003
"40339",2021-05-15,"51","15  day ahead inc hosp",2021-05-30,"quantile",0.9,72.3285232237252
"40340",2021-05-15,"51","15  day ahead inc hosp",2021-05-30,"quantile",0.95,80.4795943813822
"40341",2021-05-15,"51","15  day ahead inc hosp",2021-05-30,"quantile",0.975,88.0909630115087
"40342",2021-05-15,"51","15  day ahead inc hosp",2021-05-30,"quantile",0.99,97.6057138184567
"40343",2021-05-15,"51","16  day ahead inc hosp",2021-05-31,"quantile",0.01,23.9334601870196
"40344",2021-05-15,"51","16  day ahead inc hosp",2021-05-31,"quantile",0.025,27.7136798242953
"40345",2021-05-15,"51","16  day ahead inc hosp",2021-05-31,"quantile",0.05,31.308500085587
"40346",2021-05-15,"51","16  day ahead inc hosp",2021-05-31,"quantile",0.1,35.8749741235032
"40347",2021-05-15,"51","16  day ahead inc hosp",2021-05-31,"quantile",0.15,39.2263879137771
"40348",2021-05-15,"51","16  day ahead inc hosp",2021-05-31,"quantile",0.2,42.0531751631423
"40349",2021-05-15,"51","16  day ahead inc hosp",2021-05-31,"quantile",0.25,44.5977320681507
"40350",2021-05-15,"51","16  day ahead inc hosp",2021-05-31,"quantile",0.3,46.9796816198242
"40351",2021-05-15,"51","16  day ahead inc hosp",2021-05-31,"quantile",0.35,49.2709162943065
"40352",2021-05-15,"51","16  day ahead inc hosp",2021-05-31,"quantile",0.4,51.5216088031767
"40353",2021-05-15,"51","16  day ahead inc hosp",2021-05-31,"quantile",0.45,53.7717291507811
"40354",2021-05-15,"51","16  day ahead inc hosp",2021-05-31,"quantile",0.5,56.0573521041087
"40355",2021-05-15,"51","16  day ahead inc hosp",2021-05-31,"quantile",0.55,58.415076799682
"40356",2021-05-15,"51","16  day ahead inc hosp",2021-05-31,"quantile",0.6,60.8861833794157
"40357",2021-05-15,"51","16  day ahead inc hosp",2021-05-31,"quantile",0.65,63.5218222297094
"40358",2021-05-15,"51","16  day ahead inc hosp",2021-05-31,"quantile",0.7,66.3910406436032
"40359",2021-05-15,"51","16  day ahead inc hosp",2021-05-31,"quantile",0.75,69.5952745709847
"40360",2021-05-15,"51","16  day ahead inc hosp",2021-05-31,"quantile",0.8,73.2983286717732
"40361",2021-05-15,"51","16  day ahead inc hosp",2021-05-31,"quantile",0.85,77.7990322169193
"40362",2021-05-15,"51","16  day ahead inc hosp",2021-05-31,"quantile",0.9,83.7527218779702
"40363",2021-05-15,"51","16  day ahead inc hosp",2021-05-31,"quantile",0.95,93.1974883572149
"40364",2021-05-15,"51","16  day ahead inc hosp",2021-05-31,"quantile",0.975,102.017296605664
"40365",2021-05-15,"51","16  day ahead inc hosp",2021-05-31,"quantile",0.99,113.043165893502
"40366",2021-05-15,"51","17  day ahead inc hosp",2021-06-01,"quantile",0.01,22.7578828736228
"40367",2021-05-15,"51","17  day ahead inc hosp",2021-06-01,"quantile",0.025,26.5262183017716
"40368",2021-05-15,"51","17  day ahead inc hosp",2021-06-01,"quantile",0.05,30.1256072261869
"40369",2021-05-15,"51","17  day ahead inc hosp",2021-06-01,"quantile",0.1,34.7167912893852
"40370",2021-05-15,"51","17  day ahead inc hosp",2021-06-01,"quantile",0.15,38.0980242330505
"40371",2021-05-15,"51","17  day ahead inc hosp",2021-06-01,"quantile",0.2,40.956784704354
"40372",2021-05-15,"51","17  day ahead inc hosp",2021-06-01,"quantile",0.25,43.5350075961263
"40373",2021-05-15,"51","17  day ahead inc hosp",2021-06-01,"quantile",0.3,45.9523675639383
"40374",2021-05-15,"51","17  day ahead inc hosp",2021-06-01,"quantile",0.35,48.2809955408856
"40375",2021-05-15,"51","17  day ahead inc hosp",2021-06-01,"quantile",0.4,50.571417618488
"40376",2021-05-15,"51","17  day ahead inc hosp",2021-06-01,"quantile",0.45,52.8640674639107
"40377",2021-05-15,"51","17  day ahead inc hosp",2021-06-01,"quantile",0.5,55.1956191374143
"40378",2021-05-15,"51","17  day ahead inc hosp",2021-06-01,"quantile",0.55,57.6034576999714
"40379",2021-05-15,"51","17  day ahead inc hosp",2021-06-01,"quantile",0.6,60.1299221927125
"40380",2021-05-15,"51","17  day ahead inc hosp",2021-06-01,"quantile",0.65,62.8276415900269
"40381",2021-05-15,"51","17  day ahead inc hosp",2021-06-01,"quantile",0.7,65.767823400773
"40382",2021-05-15,"51","17  day ahead inc hosp",2021-06-01,"quantile",0.75,69.0552496181797
"40383",2021-05-15,"51","17  day ahead inc hosp",2021-06-01,"quantile",0.8,72.8593331756602
"40384",2021-05-15,"51","17  day ahead inc hosp",2021-06-01,"quantile",0.85,77.4894358396341
"40385",2021-05-15,"51","17  day ahead inc hosp",2021-06-01,"quantile",0.9,83.6246191065469
"40386",2021-05-15,"51","17  day ahead inc hosp",2021-06-01,"quantile",0.95,93.3791329920999
"40387",2021-05-15,"51","17  day ahead inc hosp",2021-06-01,"quantile",0.975,102.509817555189
"40388",2021-05-15,"51","17  day ahead inc hosp",2021-06-01,"quantile",0.99,113.95028796091
"40389",2021-05-15,"51","18  day ahead inc hosp",2021-06-02,"quantile",0.01,16.2011105916763
"40390",2021-05-15,"51","18  day ahead inc hosp",2021-06-02,"quantile",0.025,19.2400545634421
"40391",2021-05-15,"51","18  day ahead inc hosp",2021-06-02,"quantile",0.05,22.1793417390506
"40392",2021-05-15,"51","18  day ahead inc hosp",2021-06-02,"quantile",0.1,25.9724210324855
"40393",2021-05-15,"51","18  day ahead inc hosp",2021-06-02,"quantile",0.15,28.7931398583898
"40394",2021-05-15,"51","18  day ahead inc hosp",2021-06-02,"quantile",0.2,31.1939797826732
"40395",2021-05-15,"51","18  day ahead inc hosp",2021-06-02,"quantile",0.25,33.3706989506266
"40396",2021-05-15,"51","18  day ahead inc hosp",2021-06-02,"quantile",0.3,35.4207849236426
"40397",2021-05-15,"51","18  day ahead inc hosp",2021-06-02,"quantile",0.35,37.4034867977894
"40398",2021-05-15,"51","18  day ahead inc hosp",2021-06-02,"quantile",0.4,39.3607518262206
"40399",2021-05-15,"51","18  day ahead inc hosp",2021-06-02,"quantile",0.45,41.3265819725394
"40400",2021-05-15,"51","18  day ahead inc hosp",2021-06-02,"quantile",0.5,43.3322474044764
"40401",2021-05-15,"51","18  day ahead inc hosp",2021-06-02,"quantile",0.55,45.4100463626144
"40402",2021-05-15,"51","18  day ahead inc hosp",2021-06-02,"quantile",0.6,47.5969648791243
"40403",2021-05-15,"51","18  day ahead inc hosp",2021-06-02,"quantile",0.65,49.9393711703501
"40404",2021-05-15,"51","18  day ahead inc hosp",2021-06-02,"quantile",0.7,52.5003899967319
"40405",2021-05-15,"51","18  day ahead inc hosp",2021-06-02,"quantile",0.75,55.3733182061785
"40406",2021-05-15,"51","18  day ahead inc hosp",2021-06-02,"quantile",0.8,58.7094873382511
"40407",2021-05-15,"51","18  day ahead inc hosp",2021-06-02,"quantile",0.85,62.7859642495996
"40408",2021-05-15,"51","18  day ahead inc hosp",2021-06-02,"quantile",0.9,68.2124392362212
"40409",2021-05-15,"51","18  day ahead inc hosp",2021-06-02,"quantile",0.95,76.8929642226033
"40410",2021-05-15,"51","18  day ahead inc hosp",2021-06-02,"quantile",0.975,85.0708226363685
"40411",2021-05-15,"51","18  day ahead inc hosp",2021-06-02,"quantile",0.99,95.3806672513557
"40412",2021-05-15,"51","19  day ahead inc hosp",2021-06-03,"quantile",0.01,18.460350599436
"40413",2021-05-15,"51","19  day ahead inc hosp",2021-06-03,"quantile",0.025,21.9178928547299
"40414",2021-05-15,"51","19  day ahead inc hosp",2021-06-03,"quantile",0.05,25.2615226529819
"40415",2021-05-15,"51","19  day ahead inc hosp",2021-06-03,"quantile",0.1,29.5757652720909
"40416",2021-05-15,"51","19  day ahead inc hosp",2021-06-03,"quantile",0.15,32.7836564800378
"40417",2021-05-15,"51","19  day ahead inc hosp",2021-06-03,"quantile",0.2,35.5138083739402
"40418",2021-05-15,"51","19  day ahead inc hosp",2021-06-03,"quantile",0.25,37.9889347604922
"40419",2021-05-15,"51","19  day ahead inc hosp",2021-06-03,"quantile",0.3,40.3199375771687
"40420",2021-05-15,"51","19  day ahead inc hosp",2021-06-03,"quantile",0.35,42.574211476671
"40421",2021-05-15,"51","19  day ahead inc hosp",2021-06-03,"quantile",0.4,44.7994641371845
"40422",2021-05-15,"51","19  day ahead inc hosp",2021-06-03,"quantile",0.45,47.0343605875062
"40423",2021-05-15,"51","19  day ahead inc hosp",2021-06-03,"quantile",0.5,49.3144532697192
"40424",2021-05-15,"51","19  day ahead inc hosp",2021-06-03,"quantile",0.55,51.6764575241579
"40425",2021-05-15,"51","19  day ahead inc hosp",2021-06-03,"quantile",0.6,54.1624118836059
"40426",2021-05-15,"51","19  day ahead inc hosp",2021-06-03,"quantile",0.65,56.8250132786317
"40427",2021-05-15,"51","19  day ahead inc hosp",2021-06-03,"quantile",0.7,59.7359969112671
"40428",2021-05-15,"51","19  day ahead inc hosp",2021-06-03,"quantile",0.75,63.0013800392591
"40429",2021-05-15,"51","19  day ahead inc hosp",2021-06-03,"quantile",0.8,66.7931205530683
"40430",2021-05-15,"51","19  day ahead inc hosp",2021-06-03,"quantile",0.85,71.4260392961426
"40431",2021-05-15,"51","19  day ahead inc hosp",2021-06-03,"quantile",0.9,77.5928838354069
"40432",2021-05-15,"51","19  day ahead inc hosp",2021-06-03,"quantile",0.95,87.4570120678986
"40433",2021-05-15,"51","19  day ahead inc hosp",2021-06-03,"quantile",0.975,96.7492028568557
"40434",2021-05-15,"51","19  day ahead inc hosp",2021-06-03,"quantile",0.99,108.463009294234
"40435",2021-05-15,"51","20  day ahead inc hosp",2021-06-04,"quantile",0.01,17.0775043595561
"40436",2021-05-15,"51","20  day ahead inc hosp",2021-06-04,"quantile",0.025,20.4509715751347
"40437",2021-05-15,"51","20  day ahead inc hosp",2021-06-04,"quantile",0.05,23.7320671899387
"40438",2021-05-15,"51","20  day ahead inc hosp",2021-06-04,"quantile",0.1,27.9881245422424
"40439",2021-05-15,"51","20  day ahead inc hosp",2021-06-04,"quantile",0.15,31.1667046722274
"40440",2021-05-15,"51","20  day ahead inc hosp",2021-06-04,"quantile",0.2,33.8800783274686
"40441",2021-05-15,"51","20  day ahead inc hosp",2021-06-04,"quantile",0.25,36.3458555675316
"40442",2021-05-15,"51","20  day ahead inc hosp",2021-06-04,"quantile",0.3,38.6727378651973
"40443",2021-05-15,"51","20  day ahead inc hosp",2021-06-04,"quantile",0.35,40.9270399305689
"40444",2021-05-15,"51","20  day ahead inc hosp",2021-06-04,"quantile",0.4,43.1559378725671
"40445",2021-05-15,"51","20  day ahead inc hosp",2021-06-04,"quantile",0.45,45.3978917097742
"40446",2021-05-15,"51","20  day ahead inc hosp",2021-06-04,"quantile",0.5,47.6884871128949
"40447",2021-05-15,"51","20  day ahead inc hosp",2021-06-04,"quantile",0.55,50.0646889685974
"40448",2021-05-15,"51","20  day ahead inc hosp",2021-06-04,"quantile",0.6,52.5690274615947
"40449",2021-05-15,"51","20  day ahead inc hosp",2021-06-04,"quantile",0.65,55.255012745325
"40450",2021-05-15,"51","20  day ahead inc hosp",2021-06-04,"quantile",0.7,58.1956804944598
"40451",2021-05-15,"51","20  day ahead inc hosp",2021-06-04,"quantile",0.75,61.4991734495559
"40452",2021-05-15,"51","20  day ahead inc hosp",2021-06-04,"quantile",0.8,65.341140778278
"40453",2021-05-15,"51","20  day ahead inc hosp",2021-06-04,"quantile",0.85,70.0435249176759
"40454",2021-05-15,"51","20  day ahead inc hosp",2021-06-04,"quantile",0.9,76.3155125480895
"40455",2021-05-15,"51","20  day ahead inc hosp",2021-06-04,"quantile",0.95,86.3747457316214
"40456",2021-05-15,"51","20  day ahead inc hosp",2021-06-04,"quantile",0.975,95.87747486751
"40457",2021-05-15,"51","20  day ahead inc hosp",2021-06-04,"quantile",0.99,107.888907397023
"40458",2021-05-15,"51","21  day ahead inc hosp",2021-06-05,"quantile",0.01,12.6311093254246
"40459",2021-05-15,"51","21  day ahead inc hosp",2021-06-05,"quantile",0.025,15.4232955663805
"40460",2021-05-15,"51","21  day ahead inc hosp",2021-06-05,"quantile",0.05,18.1744073121873
"40461",2021-05-15,"51","21  day ahead inc hosp",2021-06-05,"quantile",0.1,21.7856890211204
"40462",2021-05-15,"51","21  day ahead inc hosp",2021-06-05,"quantile",0.15,24.5093245017194
"40463",2021-05-15,"51","21  day ahead inc hosp",2021-06-05,"quantile",0.2,26.8499661199463
"40464",2021-05-15,"51","21  day ahead inc hosp",2021-06-05,"quantile",0.25,28.9882715299854
"40465",2021-05-15,"51","21  day ahead inc hosp",2021-06-05,"quantile",0.3,31.015138000591
"40466",2021-05-15,"51","21  day ahead inc hosp",2021-06-05,"quantile",0.35,32.9865171224554
"40467",2021-05-15,"51","21  day ahead inc hosp",2021-06-05,"quantile",0.4,34.9426658036375
"40468",2021-05-15,"51","21  day ahead inc hosp",2021-06-05,"quantile",0.45,36.9168424052249
"40469",2021-05-15,"51","21  day ahead inc hosp",2021-06-05,"quantile",0.5,38.9402497940196
"40470",2021-05-15,"51","21  day ahead inc hosp",2021-06-05,"quantile",0.55,41.0457161293121
"40471",2021-05-15,"51","21  day ahead inc hosp",2021-06-05,"quantile",0.6,43.2714086758954
"40472",2021-05-15,"51","21  day ahead inc hosp",2021-06-05,"quantile",0.65,45.6657268092322
"40473",2021-05-15,"51","21  day ahead inc hosp",2021-06-05,"quantile",0.7,48.2951024178808
"40474",2021-05-15,"51","21  day ahead inc hosp",2021-06-05,"quantile",0.75,51.2582924329732
"40475",2021-05-15,"51","21  day ahead inc hosp",2021-06-05,"quantile",0.8,54.7161738651217
"40476",2021-05-15,"51","21  day ahead inc hosp",2021-06-05,"quantile",0.85,58.9643242090302
"40477",2021-05-15,"51","21  day ahead inc hosp",2021-06-05,"quantile",0.9,64.6553667138269
"40478",2021-05-15,"51","21  day ahead inc hosp",2021-06-05,"quantile",0.95,73.8359137467299
"40479",2021-05-15,"51","21  day ahead inc hosp",2021-06-05,"quantile",0.975,82.5614214125589
"40480",2021-05-15,"51","21  day ahead inc hosp",2021-06-05,"quantile",0.99,93.6543163548654
"40481",2021-05-15,"51","22  day ahead inc hosp",2021-06-06,"quantile",0.01,14.5245041873427
"40482",2021-05-15,"51","22  day ahead inc hosp",2021-06-06,"quantile",0.025,17.7135331585603
"40483",2021-05-15,"51","22  day ahead inc hosp",2021-06-06,"quantile",0.05,20.8530958831776
"40484",2021-05-15,"51","22  day ahead inc hosp",2021-06-06,"quantile",0.1,24.9712163620094
"40485",2021-05-15,"51","22  day ahead inc hosp",2021-06-06,"quantile",0.15,28.0752104292728
"40486",2021-05-15,"51","22  day ahead inc hosp",2021-06-06,"quantile",0.2,30.741613637183
"40487",2021-05-15,"51","22  day ahead inc hosp",2021-06-06,"quantile",0.25,33.1767225994269
"40488",2021-05-15,"51","22  day ahead inc hosp",2021-06-06,"quantile",0.3,35.4842870383106
"40489",2021-05-15,"51","22  day ahead inc hosp",2021-06-06,"quantile",0.35,37.7281334687881
"40490",2021-05-15,"51","22  day ahead inc hosp",2021-06-06,"quantile",0.4,39.9541518494211
"40491",2021-05-15,"51","22  day ahead inc hosp",2021-06-06,"quantile",0.45,42.2002226579634
"40492",2021-05-15,"51","22  day ahead inc hosp",2021-06-06,"quantile",0.5,44.5018545698347
"40493",2021-05-15,"51","22  day ahead inc hosp",2021-06-06,"quantile",0.55,46.8963765592712
"40494",2021-05-15,"51","22  day ahead inc hosp",2021-06-06,"quantile",0.6,49.4271611046893
"40495",2021-05-15,"51","22  day ahead inc hosp",2021-06-06,"quantile",0.65,52.1491821204392
"40496",2021-05-15,"51","22  day ahead inc hosp",2021-06-06,"quantile",0.7,55.1378700329515
"40497",2021-05-15,"51","22  day ahead inc hosp",2021-06-06,"quantile",0.75,58.5053320304442
"40498",2021-05-15,"51","22  day ahead inc hosp",2021-06-06,"quantile",0.8,62.4341605546511
"40499",2021-05-15,"51","22  day ahead inc hosp",2021-06-06,"quantile",0.85,67.2597817406172
"40500",2021-05-15,"51","22  day ahead inc hosp",2021-06-06,"quantile",0.9,73.7226984926709
"40501",2021-05-15,"51","22  day ahead inc hosp",2021-06-06,"quantile",0.95,84.1447072868705
"40502",2021-05-15,"51","22  day ahead inc hosp",2021-06-06,"quantile",0.975,94.0464722675255
"40503",2021-05-15,"51","22  day ahead inc hosp",2021-06-06,"quantile",0.99,106.630338712294
"40504",2021-05-15,"51","23  day ahead inc hosp",2021-06-07,"quantile",0.01,13.4147390908967
"40505",2021-05-15,"51","23  day ahead inc hosp",2021-06-07,"quantile",0.025,16.5150955331976
"40506",2021-05-15,"51","23  day ahead inc hosp",2021-06-07,"quantile",0.05,19.5865128262579
"40507",2021-05-15,"51","23  day ahead inc hosp",2021-06-07,"quantile",0.1,23.6383422344949
"40508",2021-05-15,"51","23  day ahead inc hosp",2021-06-07,"quantile",0.15,26.7067335069882
"40509",2021-05-15,"51","23  day ahead inc hosp",2021-06-07,"quantile",0.2,29.3509798477038
"40510",2021-05-15,"51","23  day ahead inc hosp",2021-06-07,"quantile",0.25,31.7719139322141
"40511",2021-05-15,"51","23  day ahead inc hosp",2021-06-07,"quantile",0.3,34.0708973819769
"40512",2021-05-15,"51","23  day ahead inc hosp",2021-06-07,"quantile",0.35,36.3105630291673
"40513",2021-05-15,"51","23  day ahead inc hosp",2021-06-07,"quantile",0.4,38.5361926076494
"40514",2021-05-15,"51","23  day ahead inc hosp",2021-06-07,"quantile",0.45,40.7854053294869
"40515",2021-05-15,"51","23  day ahead inc hosp",2021-06-07,"quantile",0.5,43.0936985510545
"40516",2021-05-15,"51","23  day ahead inc hosp",2021-06-07,"quantile",0.55,45.4986128511174
"40517",2021-05-15,"51","23  day ahead inc hosp",2021-06-07,"quantile",0.6,48.0439776418093
"40518",2021-05-15,"51","23  day ahead inc hosp",2021-06-07,"quantile",0.65,50.7855460012773
"40519",2021-05-15,"51","23  day ahead inc hosp",2021-06-07,"quantile",0.7,53.8000132212304
"40520",2021-05-15,"51","23  day ahead inc hosp",2021-06-07,"quantile",0.75,57.2015728594222
"40521",2021-05-15,"51","23  day ahead inc hosp",2021-06-07,"quantile",0.8,61.176465075588
"40522",2021-05-15,"51","23  day ahead inc hosp",2021-06-07,"quantile",0.85,66.0671944345809
"40523",2021-05-15,"51","23  day ahead inc hosp",2021-06-07,"quantile",0.9,72.6307002502197
"40524",2021-05-15,"51","23  day ahead inc hosp",2021-06-07,"quantile",0.95,83.2434547822938
"40525",2021-05-15,"51","23  day ahead inc hosp",2021-06-07,"quantile",0.975,93.3548628157049
"40526",2021-05-15,"51","23  day ahead inc hosp",2021-06-07,"quantile",0.99,106.239490942048
"40527",2021-05-15,"51","24  day ahead inc hosp",2021-06-08,"quantile",0.01,14.0726491609189
"40528",2021-05-15,"51","24  day ahead inc hosp",2021-06-08,"quantile",0.025,17.3777935488303
"40529",2021-05-15,"51","24  day ahead inc hosp",2021-06-08,"quantile",0.05,20.6586850342664
"40530",2021-05-15,"51","24  day ahead inc hosp",2021-06-08,"quantile",0.1,24.9948031579116
"40531",2021-05-15,"51","24  day ahead inc hosp",2021-06-08,"quantile",0.15,28.2834196496176
"40532",2021-05-15,"51","24  day ahead inc hosp",2021-06-08,"quantile",0.2,31.120342878365
"40533",2021-05-15,"51","24  day ahead inc hosp",2021-06-08,"quantile",0.25,33.7197613337087
"40534",2021-05-15,"51","24  day ahead inc hosp",2021-06-08,"quantile",0.3,36.189902269423
"40535",2021-05-15,"51","24  day ahead inc hosp",2021-06-08,"quantile",0.35,38.5977366668354
"40536",2021-05-15,"51","24  day ahead inc hosp",2021-06-08,"quantile",0.4,40.9917694352598
"40537",2021-05-15,"51","24  day ahead inc hosp",2021-06-08,"quantile",0.45,43.4123808626359
"40538",2021-05-15,"51","24  day ahead inc hosp",2021-06-08,"quantile",0.5,45.8977540635788
"40539",2021-05-15,"51","24  day ahead inc hosp",2021-06-08,"quantile",0.55,48.4883464889502
"40540",2021-05-15,"51","24  day ahead inc hosp",2021-06-08,"quantile",0.6,51.2314649721489
"40541",2021-05-15,"51","24  day ahead inc hosp",2021-06-08,"quantile",0.65,54.1873539350592
"40542",2021-05-15,"51","24  day ahead inc hosp",2021-06-08,"quantile",0.7,57.4389534036347
"40543",2021-05-15,"51","24  day ahead inc hosp",2021-06-08,"quantile",0.75,61.1098248312525
"40544",2021-05-15,"51","24  day ahead inc hosp",2021-06-08,"quantile",0.8,65.4015713128911
"40545",2021-05-15,"51","24  day ahead inc hosp",2021-06-08,"quantile",0.85,70.6850790082366
"40546",2021-05-15,"51","24  day ahead inc hosp",2021-06-08,"quantile",0.9,77.7802871617811
"40547",2021-05-15,"51","24  day ahead inc hosp",2021-06-08,"quantile",0.95,89.2625350656989
"40548",2021-05-15,"51","24  day ahead inc hosp",2021-06-08,"quantile",0.975,100.212083268395
"40549",2021-05-15,"51","24  day ahead inc hosp",2021-06-08,"quantile",0.99,114.176465749672
"40550",2021-05-15,"51","25  day ahead inc hosp",2021-06-09,"quantile",0.01,11.8157301145349
"40551",2021-05-15,"51","25  day ahead inc hosp",2021-06-09,"quantile",0.025,14.8085291041636
"40552",2021-05-15,"51","25  day ahead inc hosp",2021-06-09,"quantile",0.05,17.8085898096601
"40553",2021-05-15,"51","25  day ahead inc hosp",2021-06-09,"quantile",0.1,21.8089637676487
"40554",2021-05-15,"51","25  day ahead inc hosp",2021-06-09,"quantile",0.15,24.8650346376427
"40555",2021-05-15,"51","25  day ahead inc hosp",2021-06-09,"quantile",0.2,27.5143439896116
"40556",2021-05-15,"51","25  day ahead inc hosp",2021-06-09,"quantile",0.25,29.9512158506064
"40557",2021-05-15,"51","25  day ahead inc hosp",2021-06-09,"quantile",0.3,32.2743998708119
"40558",2021-05-15,"51","25  day ahead inc hosp",2021-06-09,"quantile",0.35,34.545434390449
"40559",2021-05-15,"51","25  day ahead inc hosp",2021-06-09,"quantile",0.4,36.8092825252786
"40560",2021-05-15,"51","25  day ahead inc hosp",2021-06-09,"quantile",0.45,39.1037534469339
"40561",2021-05-15,"51","25  day ahead inc hosp",2021-06-09,"quantile",0.5,41.4649632432688
"40562",2021-05-15,"51","25  day ahead inc hosp",2021-06-09,"quantile",0.55,43.9315255664118
"40563",2021-05-15,"51","25  day ahead inc hosp",2021-06-09,"quantile",0.6,46.5489166536397
"40564",2021-05-15,"51","25  day ahead inc hosp",2021-06-09,"quantile",0.65,49.3753569727706
"40565",2021-05-15,"51","25  day ahead inc hosp",2021-06-09,"quantile",0.7,52.4913006749968
"40566",2021-05-15,"51","25  day ahead inc hosp",2021-06-09,"quantile",0.75,56.0169236003582
"40567",2021-05-15,"51","25  day ahead inc hosp",2021-06-09,"quantile",0.8,60.1486910829922
"40568",2021-05-15,"51","25  day ahead inc hosp",2021-06-09,"quantile",0.85,65.248626158127
"40569",2021-05-15,"51","25  day ahead inc hosp",2021-06-09,"quantile",0.9,72.1183468028808
"40570",2021-05-15,"51","25  day ahead inc hosp",2021-06-09,"quantile",0.95,83.2806137944739
"40571",2021-05-15,"51","25  day ahead inc hosp",2021-06-09,"quantile",0.975,93.9698546790555
"40572",2021-05-15,"51","25  day ahead inc hosp",2021-06-09,"quantile",0.99,107.656530094072
"40573",2021-05-15,"51","26  day ahead inc hosp",2021-06-10,"quantile",0.01,11.4501654113117
"40574",2021-05-15,"51","26  day ahead inc hosp",2021-06-10,"quantile",0.025,14.4565650568808
"40575",2021-05-15,"51","26  day ahead inc hosp",2021-06-10,"quantile",0.05,17.4849384341413
"40576",2021-05-15,"51","26  day ahead inc hosp",2021-06-10,"quantile",0.1,21.5408480379868
"40577",2021-05-15,"51","26  day ahead inc hosp",2021-06-10,"quantile",0.15,24.6504260882044
"40578",2021-05-15,"51","26  day ahead inc hosp",2021-06-10,"quantile",0.2,27.3526307410582
"40579",2021-05-15,"51","26  day ahead inc hosp",2021-06-10,"quantile",0.25,29.8428444662819
"40580",2021-05-15,"51","26  day ahead inc hosp",2021-06-10,"quantile",0.3,32.2206397529129
"40581",2021-05-15,"51","26  day ahead inc hosp",2021-06-10,"quantile",0.35,34.5482884946153
"40582",2021-05-15,"51","26  day ahead inc hosp",2021-06-10,"quantile",0.4,36.8714902041925
"40583",2021-05-15,"51","26  day ahead inc hosp",2021-06-10,"quantile",0.45,39.2288647671406
"40584",2021-05-15,"51","26  day ahead inc hosp",2021-06-10,"quantile",0.5,41.657486023654
"40585",2021-05-15,"51","26  day ahead inc hosp",2021-06-10,"quantile",0.55,44.1971645359333
"40586",2021-05-15,"51","26  day ahead inc hosp",2021-06-10,"quantile",0.6,46.8949474584679
"40587",2021-05-15,"51","26  day ahead inc hosp",2021-06-10,"quantile",0.65,49.8112179792235
"40588",2021-05-15,"51","26  day ahead inc hosp",2021-06-10,"quantile",0.7,53.0295667938401
"40589",2021-05-15,"51","26  day ahead inc hosp",2021-06-10,"quantile",0.75,56.6750113027568
"40590",2021-05-15,"51","26  day ahead inc hosp",2021-06-10,"quantile",0.8,60.9521226288295
"40591",2021-05-15,"51","26  day ahead inc hosp",2021-06-10,"quantile",0.85,66.2381523713998
"40592",2021-05-15,"51","26  day ahead inc hosp",2021-06-10,"quantile",0.9,73.3690736441042
"40593",2021-05-15,"51","26  day ahead inc hosp",2021-06-10,"quantile",0.95,84.9782519111758
"40594",2021-05-15,"51","26  day ahead inc hosp",2021-06-10,"quantile",0.975,96.1179115665249
"40595",2021-05-15,"51","26  day ahead inc hosp",2021-06-10,"quantile",0.99,110.408483765582
"40596",2021-05-15,"51","27  day ahead inc hosp",2021-06-11,"quantile",0.01,10.8046851257365
"40597",2021-05-15,"51","27  day ahead inc hosp",2021-06-11,"quantile",0.025,13.7646538990619
"40598",2021-05-15,"51","27  day ahead inc hosp",2021-06-11,"quantile",0.05,16.7639178337561
"40599",2021-05-15,"51","27  day ahead inc hosp",2021-06-11,"quantile",0.1,20.802281911262
"40600",2021-05-15,"51","27  day ahead inc hosp",2021-06-11,"quantile",0.15,23.9117851904475
"40601",2021-05-15,"51","27  day ahead inc hosp",2021-06-11,"quantile",0.2,26.6217911981172
"40602",2021-05-15,"51","27  day ahead inc hosp",2021-06-11,"quantile",0.25,29.1248635404106
"40603",2021-05-15,"51","27  day ahead inc hosp",2021-06-11,"quantile",0.3,31.5194845964684
"40604",2021-05-15,"51","27  day ahead inc hosp",2021-06-11,"quantile",0.35,33.8675139554596
"40605",2021-05-15,"51","27  day ahead inc hosp",2021-06-11,"quantile",0.4,36.2145932334528
"40606",2021-05-15,"51","27  day ahead inc hosp",2021-06-11,"quantile",0.45,38.5995266785519
"40607",2021-05-15,"51","27  day ahead inc hosp",2021-06-11,"quantile",0.5,41.059787741393
"40608",2021-05-15,"51","27  day ahead inc hosp",2021-06-11,"quantile",0.55,43.6358253167382
"40609",2021-05-15,"51","27  day ahead inc hosp",2021-06-11,"quantile",0.6,46.3756354819106
"40610",2021-05-15,"51","27  day ahead inc hosp",2021-06-11,"quantile",0.65,49.3410018314011
"40611",2021-05-15,"51","27  day ahead inc hosp",2021-06-11,"quantile",0.7,52.6176317228299
"40612",2021-05-15,"51","27  day ahead inc hosp",2021-06-11,"quantile",0.75,56.3338967572003
"40613",2021-05-15,"51","27  day ahead inc hosp",2021-06-11,"quantile",0.8,60.7000871950269
"40614",2021-05-15,"51","27  day ahead inc hosp",2021-06-11,"quantile",0.85,66.1043558944282
"40615",2021-05-15,"51","27  day ahead inc hosp",2021-06-11,"quantile",0.9,73.4076061890891
"40616",2021-05-15,"51","27  day ahead inc hosp",2021-06-11,"quantile",0.95,85.3247726270799
"40617",2021-05-15,"51","27  day ahead inc hosp",2021-06-11,"quantile",0.975,96.787357584032
"40618",2021-05-15,"51","27  day ahead inc hosp",2021-06-11,"quantile",0.99,111.525388548935
"40619",2021-05-15,"51","28  day ahead inc hosp",2021-06-12,"quantile",0.01,9.36921751109876
"40620",2021-05-15,"51","28  day ahead inc hosp",2021-06-12,"quantile",0.025,12.1081745327803
"40621",2021-05-15,"51","28  day ahead inc hosp",2021-06-12,"quantile",0.05,14.9096901206302
"40622",2021-05-15,"51","28  day ahead inc hosp",2021-06-12,"quantile",0.1,18.7137287380998
"40623",2021-05-15,"51","28  day ahead inc hosp",2021-06-12,"quantile",0.15,21.6627792764362
"40624",2021-05-15,"51","28  day ahead inc hosp",2021-06-12,"quantile",0.2,24.2447178485288
"40625",2021-05-15,"51","28  day ahead inc hosp",2021-06-12,"quantile",0.25,26.6379986569536
"40626",2021-05-15,"51","28  day ahead inc hosp",2021-06-12,"quantile",0.3,28.9344099135292
"40627",2021-05-15,"51","28  day ahead inc hosp",2021-06-12,"quantile",0.35,31.1920145289402
"40628",2021-05-15,"51","28  day ahead inc hosp",2021-06-12,"quantile",0.4,33.454023821361
"40629",2021-05-15,"51","28  day ahead inc hosp",2021-06-12,"quantile",0.45,35.7575287880909
"40630",2021-05-15,"51","28  day ahead inc hosp",2021-06-12,"quantile",0.5,38.1386839649777
"40631",2021-05-15,"51","28  day ahead inc hosp",2021-06-12,"quantile",0.55,40.6368287008441
"40632",2021-05-15,"51","28  day ahead inc hosp",2021-06-12,"quantile",0.6,43.2989336168749
"40633",2021-05-15,"51","28  day ahead inc hosp",2021-06-12,"quantile",0.65,46.1857348600364
"40634",2021-05-15,"51","28  day ahead inc hosp",2021-06-12,"quantile",0.7,49.3817526724724
"40635",2021-05-15,"51","28  day ahead inc hosp",2021-06-12,"quantile",0.75,53.0138628547454
"40636",2021-05-15,"51","28  day ahead inc hosp",2021-06-12,"quantile",0.8,57.2902519228652
"40637",2021-05-15,"51","28  day ahead inc hosp",2021-06-12,"quantile",0.85,62.5957257572918
"40638",2021-05-15,"51","28  day ahead inc hosp",2021-06-12,"quantile",0.9,69.7849404421652
"40639",2021-05-15,"51","28  day ahead inc hosp",2021-06-12,"quantile",0.95,81.5577666381814
"40640",2021-05-15,"51","28  day ahead inc hosp",2021-06-12,"quantile",0.975,92.9232540206282
"40641",2021-05-15,"51","28  day ahead inc hosp",2021-06-12,"quantile",0.99,107.587096586808
"40642",2021-05-15,"51","29  day ahead inc hosp",2021-06-13,"quantile",0.01,9.70967430803634
"40643",2021-05-15,"51","29  day ahead inc hosp",2021-06-13,"quantile",0.025,12.7111229255437
"40644",2021-05-15,"51","29  day ahead inc hosp",2021-06-13,"quantile",0.05,15.8071234712439
"40645",2021-05-15,"51","29  day ahead inc hosp",2021-06-13,"quantile",0.1,20.042787157899
"40646",2021-05-15,"51","29  day ahead inc hosp",2021-06-13,"quantile",0.15,23.34633373752
"40647",2021-05-15,"51","29  day ahead inc hosp",2021-06-13,"quantile",0.2,26.2503613805523
"40648",2021-05-15,"51","29  day ahead inc hosp",2021-06-13,"quantile",0.25,28.9506635913371
"40649",2021-05-15,"51","29  day ahead inc hosp",2021-06-13,"quantile",0.3,31.5484739502758
"40650",2021-05-15,"51","29  day ahead inc hosp",2021-06-13,"quantile",0.35,34.1082443671197
"40651",2021-05-15,"51","29  day ahead inc hosp",2021-06-13,"quantile",0.4,36.6783170053286
"40652",2021-05-15,"51","29  day ahead inc hosp",2021-06-13,"quantile",0.45,39.3005430230495
"40653",2021-05-15,"51","29  day ahead inc hosp",2021-06-13,"quantile",0.5,42.0160530675074
"40654",2021-05-15,"51","29  day ahead inc hosp",2021-06-13,"quantile",0.55,44.8699133048234
"40655",2021-05-15,"51","29  day ahead inc hosp",2021-06-13,"quantile",0.6,47.9162199279207
"40656",2021-05-15,"51","29  day ahead inc hosp",2021-06-13,"quantile",0.65,51.2251914701897
"40657",2021-05-15,"51","29  day ahead inc hosp",2021-06-13,"quantile",0.7,54.8948055674554
"40658",2021-05-15,"51","29  day ahead inc hosp",2021-06-13,"quantile",0.75,59.0724176123143
"40659",2021-05-15,"51","29  day ahead inc hosp",2021-06-13,"quantile",0.8,64.00016170021
"40660",2021-05-15,"51","29  day ahead inc hosp",2021-06-13,"quantile",0.85,70.1261256571267
"40661",2021-05-15,"51","29  day ahead inc hosp",2021-06-13,"quantile",0.9,78.4466941854278
"40662",2021-05-15,"51","29  day ahead inc hosp",2021-06-13,"quantile",0.95,92.1141287712941
"40663",2021-05-15,"51","29  day ahead inc hosp",2021-06-13,"quantile",0.975,105.350640272163
"40664",2021-05-15,"51","29  day ahead inc hosp",2021-06-13,"quantile",0.99,122.479473871776
"40665",2021-05-15,"51","30  day ahead inc hosp",2021-06-14,"quantile",0.01,10.2795468891048
"40666",2021-05-15,"51","30  day ahead inc hosp",2021-06-14,"quantile",0.025,13.5130922419262
"40667",2021-05-15,"51","30  day ahead inc hosp",2021-06-14,"quantile",0.05,16.8575359014528
"40668",2021-05-15,"51","30  day ahead inc hosp",2021-06-14,"quantile",0.1,21.4441199364351
"40669",2021-05-15,"51","30  day ahead inc hosp",2021-06-14,"quantile",0.15,25.0282505626411
"40670",2021-05-15,"51","30  day ahead inc hosp",2021-06-14,"quantile",0.2,28.1829849496792
"40671",2021-05-15,"51","30  day ahead inc hosp",2021-06-14,"quantile",0.25,31.1193328681415
"40672",2021-05-15,"51","30  day ahead inc hosp",2021-06-14,"quantile",0.3,33.9465804038023
"40673",2021-05-15,"51","30  day ahead inc hosp",2021-06-14,"quantile",0.35,36.7344518319226
"40674",2021-05-15,"51","30  day ahead inc hosp",2021-06-14,"quantile",0.4,39.5353757266326
"40675",2021-05-15,"51","30  day ahead inc hosp",2021-06-14,"quantile",0.45,42.3948651250293
"40676",2021-05-15,"51","30  day ahead inc hosp",2021-06-14,"quantile",0.5,45.3577659169212
"40677",2021-05-15,"51","30  day ahead inc hosp",2021-06-14,"quantile",0.55,48.473322432881
"40678",2021-05-15,"51","30  day ahead inc hosp",2021-06-14,"quantile",0.6,51.8007446653395
"40679",2021-05-15,"51","30  day ahead inc hosp",2021-06-14,"quantile",0.65,55.4169805278596
"40680",2021-05-15,"51","30  day ahead inc hosp",2021-06-14,"quantile",0.7,59.4294863687094
"40681",2021-05-15,"51","30  day ahead inc hosp",2021-06-14,"quantile",0.75,63.9999679986166
"40682",2021-05-15,"51","30  day ahead inc hosp",2021-06-14,"quantile",0.8,69.3942571838575
"40683",2021-05-15,"51","30  day ahead inc hosp",2021-06-14,"quantile",0.85,76.1044789680005
"40684",2021-05-15,"51","30  day ahead inc hosp",2021-06-14,"quantile",0.9,85.2253457147349
"40685",2021-05-15,"51","30  day ahead inc hosp",2021-06-14,"quantile",0.95,100.221804501561
"40686",2021-05-15,"51","30  day ahead inc hosp",2021-06-14,"quantile",0.975,114.759888324494
"40687",2021-05-15,"51","30  day ahead inc hosp",2021-06-14,"quantile",0.99,133.590580888615
"40688",2021-05-15,"51","31  day ahead inc hosp",2021-06-15,"quantile",0.01,9.75427805740905
"40689",2021-05-15,"51","31  day ahead inc hosp",2021-06-15,"quantile",0.025,12.9568056635604
"40690",2021-05-15,"51","31  day ahead inc hosp",2021-06-15,"quantile",0.05,16.2916944163988
"40691",2021-05-15,"51","31  day ahead inc hosp",2021-06-15,"quantile",0.1,20.8927534132816
"40692",2021-05-15,"51","31  day ahead inc hosp",2021-06-15,"quantile",0.15,24.5054717491281
"40693",2021-05-15,"51","31  day ahead inc hosp",2021-06-15,"quantile",0.2,27.6955595339184
"40694",2021-05-15,"51","31  day ahead inc hosp",2021-06-15,"quantile",0.25,30.6721780514988
"40695",2021-05-15,"51","31  day ahead inc hosp",2021-06-15,"quantile",0.3,33.5441218929754
"40696",2021-05-15,"51","31  day ahead inc hosp",2021-06-15,"quantile",0.35,36.3811697135395
"40697",2021-05-15,"51","31  day ahead inc hosp",2021-06-15,"quantile",0.4,39.2361245323295
"40698",2021-05-15,"51","31  day ahead inc hosp",2021-06-15,"quantile",0.45,42.1551382838851
"40699",2021-05-15,"51","31  day ahead inc hosp",2021-06-15,"quantile",0.5,45.1839802216264
"40700",2021-05-15,"51","31  day ahead inc hosp",2021-06-15,"quantile",0.55,48.373179385818
"40701",2021-05-15,"51","31  day ahead inc hosp",2021-06-15,"quantile",0.6,51.7837383346992
"40702",2021-05-15,"51","31  day ahead inc hosp",2021-06-15,"quantile",0.65,55.4951648983383
"40703",2021-05-15,"51","31  day ahead inc hosp",2021-06-15,"quantile",0.7,59.6187145835883
"40704",2021-05-15,"51","31  day ahead inc hosp",2021-06-15,"quantile",0.75,64.3220493757994
"40705",2021-05-15,"51","31  day ahead inc hosp",2021-06-15,"quantile",0.8,69.8810888246147
"40706",2021-05-15,"51","31  day ahead inc hosp",2021-06-15,"quantile",0.85,76.8070974600714
"40707",2021-05-15,"51","31  day ahead inc hosp",2021-06-15,"quantile",0.9,86.2383941891753
"40708",2021-05-15,"51","31  day ahead inc hosp",2021-06-15,"quantile",0.95,101.782050667471
"40709",2021-05-15,"51","31  day ahead inc hosp",2021-06-15,"quantile",0.975,116.887450566472
"40710",2021-05-15,"51","31  day ahead inc hosp",2021-06-15,"quantile",0.99,136.497762411998
"40711",2021-05-15,"51","32  day ahead inc hosp",2021-06-16,"quantile",0.01,7.81787503122737
"40712",2021-05-15,"51","32  day ahead inc hosp",2021-06-16,"quantile",0.025,10.6279526958501
"40713",2021-05-15,"51","32  day ahead inc hosp",2021-06-16,"quantile",0.05,13.598430329765
"40714",2021-05-15,"51","32  day ahead inc hosp",2021-06-16,"quantile",0.1,17.7513004886296
"40715",2021-05-15,"51","32  day ahead inc hosp",2021-06-16,"quantile",0.15,21.0464680823594
"40716",2021-05-15,"51","32  day ahead inc hosp",2021-06-16,"quantile",0.2,23.9765034032892
"40717",2021-05-15,"51","32  day ahead inc hosp",2021-06-16,"quantile",0.25,26.725220175152
"40718",2021-05-15,"51","32  day ahead inc hosp",2021-06-16,"quantile",0.3,29.3891644516755
"40719",2021-05-15,"51","32  day ahead inc hosp",2021-06-16,"quantile",0.35,32.0310039033306
"40720",2021-05-15,"51","32  day ahead inc hosp",2021-06-16,"quantile",0.4,34.6988369064432
"40721",2021-05-15,"51","32  day ahead inc hosp",2021-06-16,"quantile",0.45,37.4353384017825
"40722",2021-05-15,"51","32  day ahead inc hosp",2021-06-16,"quantile",0.5,40.2834217440321
"40723",2021-05-15,"51","32  day ahead inc hosp",2021-06-16,"quantile",0.55,43.291006746511
"40724",2021-05-15,"51","32  day ahead inc hosp",2021-06-16,"quantile",0.6,46.5164421862853
"40725",2021-05-15,"51","32  day ahead inc hosp",2021-06-16,"quantile",0.65,50.0362378385633
"40726",2021-05-15,"51","32  day ahead inc hosp",2021-06-16,"quantile",0.7,53.9579032616674
"40727",2021-05-15,"51","32  day ahead inc hosp",2021-06-16,"quantile",0.75,58.4439358870886
"40728",2021-05-15,"51","32  day ahead inc hosp",2021-06-16,"quantile",0.8,63.7623555879819
"40729",2021-05-15,"51","32  day ahead inc hosp",2021-06-16,"quantile",0.85,70.4107361366795
"40730",2021-05-15,"51","32  day ahead inc hosp",2021-06-16,"quantile",0.9,79.4990331480906
"40731",2021-05-15,"51","32  day ahead inc hosp",2021-06-16,"quantile",0.95,94.552911918335
"40732",2021-05-15,"51","32  day ahead inc hosp",2021-06-16,"quantile",0.975,109.258152041684
"40733",2021-05-15,"51","32  day ahead inc hosp",2021-06-16,"quantile",0.99,128.441368916672
"40734",2021-05-15,"51","33  day ahead inc hosp",2021-06-17,"quantile",0.01,7.80288854591882
"40735",2021-05-15,"51","33  day ahead inc hosp",2021-06-17,"quantile",0.025,10.6887679842957
"40736",2021-05-15,"51","33  day ahead inc hosp",2021-06-17,"quantile",0.05,13.7544294736501
"40737",2021-05-15,"51","33  day ahead inc hosp",2021-06-17,"quantile",0.1,18.0588968606894
"40738",2021-05-15,"51","33  day ahead inc hosp",2021-06-17,"quantile",0.15,21.4859790524688
"40739",2021-05-15,"51","33  day ahead inc hosp",2021-06-17,"quantile",0.2,24.5401796696978
"40740",2021-05-15,"51","33  day ahead inc hosp",2021-06-17,"quantile",0.25,27.4103484931886
"40741",2021-05-15,"51","33  day ahead inc hosp",2021-06-17,"quantile",0.3,30.1960013713651
"40742",2021-05-15,"51","33  day ahead inc hosp",2021-06-17,"quantile",0.35,32.9619923275487
"40743",2021-05-15,"51","33  day ahead inc hosp",2021-06-17,"quantile",0.4,35.758331265746
"40744",2021-05-15,"51","33  day ahead inc hosp",2021-06-17,"quantile",0.45,38.6296060348886
"40745",2021-05-15,"51","33  day ahead inc hosp",2021-06-17,"quantile",0.5,41.6208534080335
"40746",2021-05-15,"51","33  day ahead inc hosp",2021-06-17,"quantile",0.55,44.7825456556019
"40747",2021-05-15,"51","33  day ahead inc hosp",2021-06-17,"quantile",0.6,48.1763035308705
"40748",2021-05-15,"51","33  day ahead inc hosp",2021-06-17,"quantile",0.65,51.8830786071653
"40749",2021-05-15,"51","33  day ahead inc hosp",2021-06-17,"quantile",0.7,56.0167692670571
"40750",2021-05-15,"51","33  day ahead inc hosp",2021-06-17,"quantile",0.75,60.7496872594852
"40751",2021-05-15,"51","33  day ahead inc hosp",2021-06-17,"quantile",0.8,66.3662376803991
"40752",2021-05-15,"51","33  day ahead inc hosp",2021-06-17,"quantile",0.85,73.3947271830156
"40753",2021-05-15,"51","33  day ahead inc hosp",2021-06-17,"quantile",0.9,83.0143747573194
"40754",2021-05-15,"51","33  day ahead inc hosp",2021-06-17,"quantile",0.95,98.9736877620912
"40755",2021-05-15,"51","33  day ahead inc hosp",2021-06-17,"quantile",0.975,114.588774798668
"40756",2021-05-15,"51","33  day ahead inc hosp",2021-06-17,"quantile",0.99,134.989819124984
"40757",2021-05-15,"51","34  day ahead inc hosp",2021-06-18,"quantile",0.01,7.20616188766378
"40758",2021-05-15,"51","34  day ahead inc hosp",2021-06-18,"quantile",0.025,10.0074651064424
"40759",2021-05-15,"51","34  day ahead inc hosp",2021-06-18,"quantile",0.05,13.0096411053274
"40760",2021-05-15,"51","34  day ahead inc hosp",2021-06-18,"quantile",0.1,17.2575312593019
"40761",2021-05-15,"51","34  day ahead inc hosp",2021-06-18,"quantile",0.15,20.6600575692979
"40762",2021-05-15,"51","34  day ahead inc hosp",2021-06-18,"quantile",0.2,23.7045007932511
"40763",2021-05-15,"51","34  day ahead inc hosp",2021-06-18,"quantile",0.25,26.5742894382363
"40764",2021-05-15,"51","34  day ahead inc hosp",2021-06-18,"quantile",0.3,29.3666591072148
"40765",2021-05-15,"51","34  day ahead inc hosp",2021-06-18,"quantile",0.35,32.1454389447874
"40766",2021-05-15,"51","34  day ahead inc hosp",2021-06-18,"quantile",0.4,34.9602647879816
"40767",2021-05-15,"51","34  day ahead inc hosp",2021-06-18,"quantile",0.45,37.8557768486585
"40768",2021-05-15,"51","34  day ahead inc hosp",2021-06-18,"quantile",0.5,40.8774191521568
"40769",2021-05-15,"51","34  day ahead inc hosp",2021-06-18,"quantile",0.55,44.076440972534
"40770",2021-05-15,"51","34  day ahead inc hosp",2021-06-18,"quantile",0.6,47.5157011390253
"40771",2021-05-15,"51","34  day ahead inc hosp",2021-06-18,"quantile",0.65,51.2780447231882
"40772",2021-05-15,"51","34  day ahead inc hosp",2021-06-18,"quantile",0.7,55.4802942541436
"40773",2021-05-15,"51","34  day ahead inc hosp",2021-06-18,"quantile",0.75,60.2994644521679
"40774",2021-05-15,"51","34  day ahead inc hosp",2021-06-18,"quantile",0.8,66.028073861925
"40775",2021-05-15,"51","34  day ahead inc hosp",2021-06-18,"quantile",0.85,73.2100607908187
"40776",2021-05-15,"51","34  day ahead inc hosp",2021-06-18,"quantile",0.9,83.0608007610161
"40777",2021-05-15,"51","34  day ahead inc hosp",2021-06-18,"quantile",0.95,99.4488267245577
"40778",2021-05-15,"51","34  day ahead inc hosp",2021-06-18,"quantile",0.975,115.52889853447
"40779",2021-05-15,"51","34  day ahead inc hosp",2021-06-18,"quantile",0.99,136.592963049032
"40780",2021-05-15,"51","35  day ahead inc hosp",2021-06-19,"quantile",0.01,5.75939745646925
"40781",2021-05-15,"51","35  day ahead inc hosp",2021-06-19,"quantile",0.025,8.20976587621889
"40782",2021-05-15,"51","35  day ahead inc hosp",2021-06-19,"quantile",0.05,10.8801203145191
"40783",2021-05-15,"51","35  day ahead inc hosp",2021-06-19,"quantile",0.1,14.7136132735668
"40784",2021-05-15,"51","35  day ahead inc hosp",2021-06-19,"quantile",0.15,17.8190598865703
"40785",2021-05-15,"51","35  day ahead inc hosp",2021-06-19,"quantile",0.2,20.6183933681876
"40786",2021-05-15,"51","35  day ahead inc hosp",2021-06-19,"quantile",0.25,23.2721830898441
"40787",2021-05-15,"51","35  day ahead inc hosp",2021-06-19,"quantile",0.3,25.8665413675976
"40788",2021-05-15,"51","35  day ahead inc hosp",2021-06-19,"quantile",0.35,28.4587965288529
"40789",2021-05-15,"51","35  day ahead inc hosp",2021-06-19,"quantile",0.4,31.0942520449247
"40790",2021-05-15,"51","35  day ahead inc hosp",2021-06-19,"quantile",0.45,33.8143193119956
"40791",2021-05-15,"51","35  day ahead inc hosp",2021-06-19,"quantile",0.5,36.6617650621321
"40792",2021-05-15,"51","35  day ahead inc hosp",2021-06-19,"quantile",0.55,39.6853680766665
"40793",2021-05-15,"51","35  day ahead inc hosp",2021-06-19,"quantile",0.6,42.9454508829749
"40794",2021-05-15,"51","35  day ahead inc hosp",2021-06-19,"quantile",0.65,46.5219709596539
"40795",2021-05-15,"51","35  day ahead inc hosp",2021-06-19,"quantile",0.7,50.5281228467443
"40796",2021-05-15,"51","35  day ahead inc hosp",2021-06-19,"quantile",0.75,55.135902721421
"40797",2021-05-15,"51","35  day ahead inc hosp",2021-06-19,"quantile",0.8,60.6301422699555
"40798",2021-05-15,"51","35  day ahead inc hosp",2021-06-19,"quantile",0.85,67.5414617335666
"40799",2021-05-15,"51","35  day ahead inc hosp",2021-06-19,"quantile",0.9,77.0576990488053
"40800",2021-05-15,"51","35  day ahead inc hosp",2021-06-19,"quantile",0.95,92.968712392712
"40801",2021-05-15,"51","35  day ahead inc hosp",2021-06-19,"quantile",0.975,108.660734750332
"40802",2021-05-15,"51","35  day ahead inc hosp",2021-06-19,"quantile",0.99,129.314285435148
"40803",2021-05-15,"51","36  day ahead inc hosp",2021-06-20,"quantile",0.01,5.66531953358112
"40804",2021-05-15,"51","36  day ahead inc hosp",2021-06-20,"quantile",0.025,8.15153451561995
"40805",2021-05-15,"51","36  day ahead inc hosp",2021-06-20,"quantile",0.05,10.8771624978582
"40806",2021-05-15,"51","36  day ahead inc hosp",2021-06-20,"quantile",0.1,14.8101338485218
"40807",2021-05-15,"51","36  day ahead inc hosp",2021-06-20,"quantile",0.15,18.0088531947951
"40808",2021-05-15,"51","36  day ahead inc hosp",2021-06-20,"quantile",0.2,20.8997835999279
"40809",2021-05-15,"51","36  day ahead inc hosp",2021-06-20,"quantile",0.25,23.645864669958
"40810",2021-05-15,"51","36  day ahead inc hosp",2021-06-20,"quantile",0.3,26.3348524203432
"40811",2021-05-15,"51","36  day ahead inc hosp",2021-06-20,"quantile",0.35,29.0254693712855
"40812",2021-05-15,"51","36  day ahead inc hosp",2021-06-20,"quantile",0.4,31.7643893161075
"40813",2021-05-15,"51","36  day ahead inc hosp",2021-06-20,"quantile",0.45,34.594521214068
"40814",2021-05-15,"51","36  day ahead inc hosp",2021-06-20,"quantile",0.5,37.5603991190899
"40815",2021-05-15,"51","36  day ahead inc hosp",2021-06-20,"quantile",0.55,40.7130139459038
"40816",2021-05-15,"51","36  day ahead inc hosp",2021-06-20,"quantile",0.6,44.1155990346032
"40817",2021-05-15,"51","36  day ahead inc hosp",2021-06-20,"quantile",0.65,47.8521307844867
"40818",2021-05-15,"51","36  day ahead inc hosp",2021-06-20,"quantile",0.7,52.041649725239
"40819",2021-05-15,"51","36  day ahead inc hosp",2021-06-20,"quantile",0.75,56.8652039658161
"40820",2021-05-15,"51","36  day ahead inc hosp",2021-06-20,"quantile",0.8,62.6228307176937
"40821",2021-05-15,"51","36  day ahead inc hosp",2021-06-20,"quantile",0.85,69.8738254217718
"40822",2021-05-15,"51","36  day ahead inc hosp",2021-06-20,"quantile",0.9,79.8710151073235
"40823",2021-05-15,"51","36  day ahead inc hosp",2021-06-20,"quantile",0.95,96.6148432998923
"40824",2021-05-15,"51","36  day ahead inc hosp",2021-06-20,"quantile",0.975,113.157056027775
"40825",2021-05-15,"51","36  day ahead inc hosp",2021-06-20,"quantile",0.99,134.964849306677
"40826",2021-05-15,"51","37  day ahead inc hosp",2021-06-21,"quantile",0.01,5.42466078549412
"40827",2021-05-15,"51","37  day ahead inc hosp",2021-06-21,"quantile",0.025,7.89763294877764
"40828",2021-05-15,"51","37  day ahead inc hosp",2021-06-21,"quantile",0.05,10.6291085637481
"40829",2021-05-15,"51","37  day ahead inc hosp",2021-06-21,"quantile",0.1,14.5958750318059
"40830",2021-05-15,"51","37  day ahead inc hosp",2021-06-21,"quantile",0.15,17.8380853455019
"40831",2021-05-15,"51","37  day ahead inc hosp",2021-06-21,"quantile",0.2,20.7778170834944
"40832",2021-05-15,"51","37  day ahead inc hosp",2021-06-21,"quantile",0.25,23.5771518610725
"40833",2021-05-15,"51","37  day ahead inc hosp",2021-06-21,"quantile",0.3,26.32385832496
"40834",2021-05-15,"51","37  day ahead inc hosp",2021-06-21,"quantile",0.35,29.0770504285138
"40835",2021-05-15,"51","37  day ahead inc hosp",2021-06-21,"quantile",0.4,31.8840554876278
"40836",2021-05-15,"51","37  day ahead inc hosp",2021-06-21,"quantile",0.45,34.7886944699839
"40837",2021-05-15,"51","37  day ahead inc hosp",2021-06-21,"quantile",0.5,37.8367272582517
"40838",2021-05-15,"51","37  day ahead inc hosp",2021-06-21,"quantile",0.55,41.0807958833684
"40839",2021-05-15,"51","37  day ahead inc hosp",2021-06-21,"quantile",0.6,44.5864015382839
"40840",2021-05-15,"51","37  day ahead inc hosp",2021-06-21,"quantile",0.65,48.4407342922697
"40841",2021-05-15,"51","37  day ahead inc hosp",2021-06-21,"quantile",0.7,52.7675869581296
"40842",2021-05-15,"51","37  day ahead inc hosp",2021-06-21,"quantile",0.75,57.7554484700058
"40843",2021-05-15,"51","37  day ahead inc hosp",2021-06-21,"quantile",0.8,63.7169593005441
"40844",2021-05-15,"51","37  day ahead inc hosp",2021-06-21,"quantile",0.85,71.2353508622878
"40845",2021-05-15,"51","37  day ahead inc hosp",2021-06-21,"quantile",0.9,81.618082742226
"40846",2021-05-15,"51","37  day ahead inc hosp",2021-06-21,"quantile",0.95,99.0441776654919
"40847",2021-05-15,"51","37  day ahead inc hosp",2021-06-21,"quantile",0.975,116.297223858788
"40848",2021-05-15,"51","37  day ahead inc hosp",2021-06-21,"quantile",0.99,139.087098333951
"40849",2021-05-15,"53","1  day ahead inc hosp",2021-05-16,"quantile",0.01,40.3815792641622
"40850",2021-05-15,"53","1  day ahead inc hosp",2021-05-16,"quantile",0.025,43.9357808587608
"40851",2021-05-15,"53","1  day ahead inc hosp",2021-05-16,"quantile",0.05,47.1758915711478
"40852",2021-05-15,"53","1  day ahead inc hosp",2021-05-16,"quantile",0.1,51.130347231565
"40853",2021-05-15,"53","1  day ahead inc hosp",2021-05-16,"quantile",0.15,53.9353965346703
"40854",2021-05-15,"53","1  day ahead inc hosp",2021-05-16,"quantile",0.2,56.2458211952399
"40855",2021-05-15,"53","1  day ahead inc hosp",2021-05-16,"quantile",0.25,58.2864350560017
"40856",2021-05-15,"53","1  day ahead inc hosp",2021-05-16,"quantile",0.3,60.1658386275847
"40857",2021-05-15,"53","1  day ahead inc hosp",2021-05-16,"quantile",0.35,61.9476187440137
"40858",2021-05-15,"53","1  day ahead inc hosp",2021-05-16,"quantile",0.4,63.6746699616376
"40859",2021-05-15,"53","1  day ahead inc hosp",2021-05-16,"quantile",0.45,65.3797405816391
"40860",2021-05-15,"53","1  day ahead inc hosp",2021-05-16,"quantile",0.5,67.0909874331016
"40861",2021-05-15,"53","1  day ahead inc hosp",2021-05-16,"quantile",0.55,68.835609071168
"40862",2021-05-15,"53","1  day ahead inc hosp",2021-05-16,"quantile",0.6,70.6429662619879
"40863",2021-05-15,"53","1  day ahead inc hosp",2021-05-16,"quantile",0.65,72.5481788859788
"40864",2021-05-15,"53","1  day ahead inc hosp",2021-05-16,"quantile",0.7,74.5974231488967
"40865",2021-05-15,"53","1  day ahead inc hosp",2021-05-16,"quantile",0.75,76.8572610856212
"40866",2021-05-15,"53","1  day ahead inc hosp",2021-05-16,"quantile",0.8,79.4336991480028
"40867",2021-05-15,"53","1  day ahead inc hosp",2021-05-16,"quantile",0.85,82.5180061401519
"40868",2021-05-15,"53","1  day ahead inc hosp",2021-05-16,"quantile",0.9,86.5253589172376
"40869",2021-05-15,"53","1  day ahead inc hosp",2021-05-16,"quantile",0.95,92.7311479264807
"40870",2021-05-15,"53","1  day ahead inc hosp",2021-05-16,"quantile",0.975,98.3789473431242
"40871",2021-05-15,"53","1  day ahead inc hosp",2021-05-16,"quantile",0.99,105.265778058898
"40872",2021-05-15,"53","2  day ahead inc hosp",2021-05-17,"quantile",0.01,37.4372814193261
"40873",2021-05-15,"53","2  day ahead inc hosp",2021-05-17,"quantile",0.025,41.1468039213388
"40874",2021-05-15,"53","2  day ahead inc hosp",2021-05-17,"quantile",0.05,44.5519524069308
"40875",2021-05-15,"53","2  day ahead inc hosp",2021-05-17,"quantile",0.1,48.7354195728527
"40876",2021-05-15,"53","2  day ahead inc hosp",2021-05-17,"quantile",0.15,51.7198660808107
"40877",2021-05-15,"53","2  day ahead inc hosp",2021-05-17,"quantile",0.2,54.1879101284314
"40878",2021-05-15,"53","2  day ahead inc hosp",2021-05-17,"quantile",0.25,56.3747655448221
"40879",2021-05-15,"53","2  day ahead inc hosp",2021-05-17,"quantile",0.3,58.3944416811457
"40880",2021-05-15,"53","2  day ahead inc hosp",2021-05-17,"quantile",0.35,60.3139662015284
"40881",2021-05-15,"53","2  day ahead inc hosp",2021-05-17,"quantile",0.4,62.1787979766058
"40882",2021-05-15,"53","2  day ahead inc hosp",2021-05-17,"quantile",0.45,64.0238820018144
"40883",2021-05-15,"53","2  day ahead inc hosp",2021-05-17,"quantile",0.5,65.8795071738757
"40884",2021-05-15,"53","2  day ahead inc hosp",2021-05-17,"quantile",0.55,67.7751796841569
"40885",2021-05-15,"53","2  day ahead inc hosp",2021-05-17,"quantile",0.6,69.743000986515
"40886",2021-05-15,"53","2  day ahead inc hosp",2021-05-17,"quantile",0.65,71.8216176944955
"40887",2021-05-15,"53","2  day ahead inc hosp",2021-05-17,"quantile",0.7,74.0620926173448
"40888",2021-05-15,"53","2  day ahead inc hosp",2021-05-17,"quantile",0.75,76.5382942236168
"40889",2021-05-15,"53","2  day ahead inc hosp",2021-05-17,"quantile",0.8,79.3681716811063
"40890",2021-05-15,"53","2  day ahead inc hosp",2021-05-17,"quantile",0.85,82.7649779687467
"40891",2021-05-15,"53","2  day ahead inc hosp",2021-05-17,"quantile",0.9,87.1924799810445
"40892",2021-05-15,"53","2  day ahead inc hosp",2021-05-17,"quantile",0.95,94.0785194256165
"40893",2021-05-15,"53","2  day ahead inc hosp",2021-05-17,"quantile",0.975,100.374548300045
"40894",2021-05-15,"53","2  day ahead inc hosp",2021-05-17,"quantile",0.99,108.08655902546
"40895",2021-05-15,"53","3  day ahead inc hosp",2021-05-18,"quantile",0.01,35.7247532094337
"40896",2021-05-15,"53","3  day ahead inc hosp",2021-05-18,"quantile",0.025,39.437961847758
"40897",2021-05-15,"53","3  day ahead inc hosp",2021-05-18,"quantile",0.05,42.8567385595477
"40898",2021-05-15,"53","3  day ahead inc hosp",2021-05-18,"quantile",0.1,47.0690015066098
"40899",2021-05-15,"53","3  day ahead inc hosp",2021-05-18,"quantile",0.15,50.0813886170558
"40900",2021-05-15,"53","3  day ahead inc hosp",2021-05-18,"quantile",0.2,52.5768361580849
"40901",2021-05-15,"53","3  day ahead inc hosp",2021-05-18,"quantile",0.25,54.7910361596796
"40902",2021-05-15,"53","3  day ahead inc hosp",2021-05-18,"quantile",0.3,56.8383992291576
"40903",2021-05-15,"53","3  day ahead inc hosp",2021-05-18,"quantile",0.35,58.7863100942119
"40904",2021-05-15,"53","3  day ahead inc hosp",2021-05-18,"quantile",0.4,60.6805775093361
"40905",2021-05-15,"53","3  day ahead inc hosp",2021-05-18,"quantile",0.45,62.5565210583322
"40906",2021-05-15,"53","3  day ahead inc hosp",2021-05-18,"quantile",0.5,64.4448613989016
"40907",2021-05-15,"53","3  day ahead inc hosp",2021-05-18,"quantile",0.55,66.3756338129134
"40908",2021-05-15,"53","3  day ahead inc hosp",2021-05-18,"quantile",0.6,68.3816237581775
"40909",2021-05-15,"53","3  day ahead inc hosp",2021-05-18,"quantile",0.65,70.5024085336671
"40910",2021-05-15,"53","3  day ahead inc hosp",2021-05-18,"quantile",0.7,72.7903878871095
"40911",2021-05-15,"53","3  day ahead inc hosp",2021-05-18,"quantile",0.75,75.3214769116646
"40912",2021-05-15,"53","3  day ahead inc hosp",2021-05-18,"quantile",0.8,78.2170242998102
"40913",2021-05-15,"53","3  day ahead inc hosp",2021-05-18,"quantile",0.85,81.696617133919
"40914",2021-05-15,"53","3  day ahead inc hosp",2021-05-18,"quantile",0.9,86.2381739686723
"40915",2021-05-15,"53","3  day ahead inc hosp",2021-05-18,"quantile",0.95,93.3144918325065
"40916",2021-05-15,"53","3  day ahead inc hosp",2021-05-18,"quantile",0.975,99.7971809226877
"40917",2021-05-15,"53","3  day ahead inc hosp",2021-05-18,"quantile",0.99,107.752950292934
"40918",2021-05-15,"53","4  day ahead inc hosp",2021-05-19,"quantile",0.01,35.4392773747427
"40919",2021-05-15,"53","4  day ahead inc hosp",2021-05-19,"quantile",0.025,39.1961625270285
"40920",2021-05-15,"53","4  day ahead inc hosp",2021-05-19,"quantile",0.05,42.6595650783914
"40921",2021-05-15,"53","4  day ahead inc hosp",2021-05-19,"quantile",0.1,46.9320019255029
"40922",2021-05-15,"53","4  day ahead inc hosp",2021-05-19,"quantile",0.15,49.9906068173933
"40923",2021-05-15,"53","4  day ahead inc hosp",2021-05-19,"quantile",0.2,52.5261901067089
"40924",2021-05-15,"53","4  day ahead inc hosp",2021-05-19,"quantile",0.25,54.7773201427623
"40925",2021-05-15,"53","4  day ahead inc hosp",2021-05-19,"quantile",0.3,56.8598769992525
"40926",2021-05-15,"53","4  day ahead inc hosp",2021-05-19,"quantile",0.35,58.8421633399362
"40927",2021-05-15,"53","4  day ahead inc hosp",2021-05-19,"quantile",0.4,60.7706586048259
"40928",2021-05-15,"53","4  day ahead inc hosp",2021-05-19,"quantile",0.45,62.6812452066114
"40929",2021-05-15,"53","4  day ahead inc hosp",2021-05-19,"quantile",0.5,64.605179597034
"40930",2021-05-15,"53","4  day ahead inc hosp",2021-05-19,"quantile",0.55,66.5730676253132
"40931",2021-05-15,"53","4  day ahead inc hosp",2021-05-19,"quantile",0.6,68.6183641013653
"40932",2021-05-15,"53","4  day ahead inc hosp",2021-05-19,"quantile",0.65,70.7815002640021
"40933",2021-05-15,"53","4  day ahead inc hosp",2021-05-19,"quantile",0.7,73.1160523181816
"40934",2021-05-15,"53","4  day ahead inc hosp",2021-05-19,"quantile",0.75,75.6996878707262
"40935",2021-05-15,"53","4  day ahead inc hosp",2021-05-19,"quantile",0.8,78.6566132135102
"40936",2021-05-15,"53","4  day ahead inc hosp",2021-05-19,"quantile",0.85,82.2116667766902
"40937",2021-05-15,"53","4  day ahead inc hosp",2021-05-19,"quantile",0.9,86.8543579669697
"40938",2021-05-15,"53","4  day ahead inc hosp",2021-05-19,"quantile",0.95,94.0937985216572
"40939",2021-05-15,"53","4  day ahead inc hosp",2021-05-19,"quantile",0.975,100.731379843925
"40940",2021-05-15,"53","4  day ahead inc hosp",2021-05-19,"quantile",0.99,108.883737404448
"40941",2021-05-15,"53","5  day ahead inc hosp",2021-05-20,"quantile",0.01,34.8265727835218
"40942",2021-05-15,"53","5  day ahead inc hosp",2021-05-20,"quantile",0.025,38.6669428035615
"40943",2021-05-15,"53","5  day ahead inc hosp",2021-05-20,"quantile",0.05,42.2165822940047
"40944",2021-05-15,"53","5  day ahead inc hosp",2021-05-20,"quantile",0.1,46.6063238937936
"40945",2021-05-15,"53","5  day ahead inc hosp",2021-05-20,"quantile",0.15,49.7556147794343
"40946",2021-05-15,"53","5  day ahead inc hosp",2021-05-20,"quantile",0.2,52.3702751485132
"40947",2021-05-15,"53","5  day ahead inc hosp",2021-05-20,"quantile",0.25,54.6943908615814
"40948",2021-05-15,"53","5  day ahead inc hosp",2021-05-20,"quantile",0.3,56.8466764618857
"40949",2021-05-15,"53","5  day ahead inc hosp",2021-05-20,"quantile",0.35,58.8972162379367
"40950",2021-05-15,"53","5  day ahead inc hosp",2021-05-20,"quantile",0.4,60.89380080141
"40951",2021-05-15,"53","5  day ahead inc hosp",2021-05-20,"quantile",0.45,62.8734216053272
"40952",2021-05-15,"53","5  day ahead inc hosp",2021-05-20,"quantile",0.5,64.8683990639107
"40953",2021-05-15,"53","5  day ahead inc hosp",2021-05-20,"quantile",0.55,66.9104796675985
"40954",2021-05-15,"53","5  day ahead inc hosp",2021-05-20,"quantile",0.6,69.0344633835752
"40955",2021-05-15,"53","5  day ahead inc hosp",2021-05-20,"quantile",0.65,71.2825040815909
"40956",2021-05-15,"53","5  day ahead inc hosp",2021-05-20,"quantile",0.7,73.710557442407
"40957",2021-05-15,"53","5  day ahead inc hosp",2021-05-20,"quantile",0.75,76.3998420771216
"40958",2021-05-15,"53","5  day ahead inc hosp",2021-05-20,"quantile",0.8,79.4803619403765
"40959",2021-05-15,"53","5  day ahead inc hosp",2021-05-20,"quantile",0.85,83.1876205979138
"40960",2021-05-15,"53","5  day ahead inc hosp",2021-05-20,"quantile",0.9,88.0346901765911
"40961",2021-05-15,"53","5  day ahead inc hosp",2021-05-20,"quantile",0.95,95.604590092612
"40962",2021-05-15,"53","5  day ahead inc hosp",2021-05-20,"quantile",0.975,102.556746097618
"40963",2021-05-15,"53","5  day ahead inc hosp",2021-05-20,"quantile",0.99,111.109289871801
"40964",2021-05-15,"53","6  day ahead inc hosp",2021-05-21,"quantile",0.01,33.5346845171554
"40965",2021-05-15,"53","6  day ahead inc hosp",2021-05-21,"quantile",0.025,37.4277418133073
"40966",2021-05-15,"53","6  day ahead inc hosp",2021-05-21,"quantile",0.05,41.038882292575
"40967",2021-05-15,"53","6  day ahead inc hosp",2021-05-21,"quantile",0.1,45.5197824633754
"40968",2021-05-15,"53","6  day ahead inc hosp",2021-05-21,"quantile",0.15,48.7437562487709
"40969",2021-05-15,"53","6  day ahead inc hosp",2021-05-21,"quantile",0.2,51.4258204306154
"40970",2021-05-15,"53","6  day ahead inc hosp",2021-05-21,"quantile",0.25,53.8137024369821
"40971",2021-05-15,"53","6  day ahead inc hosp",2021-05-21,"quantile",0.3,56.0281022789382
"40972",2021-05-15,"53","6  day ahead inc hosp",2021-05-21,"quantile",0.35,58.1404308828354
"40973",2021-05-15,"53","6  day ahead inc hosp",2021-05-21,"quantile",0.4,60.1995213314334
"40974",2021-05-15,"53","6  day ahead inc hosp",2021-05-21,"quantile",0.45,62.2433070444918
"40975",2021-05-15,"53","6  day ahead inc hosp",2021-05-21,"quantile",0.5,64.3050678656544
"40976",2021-05-15,"53","6  day ahead inc hosp",2021-05-21,"quantile",0.55,66.4176300970985
"40977",2021-05-15,"53","6  day ahead inc hosp",2021-05-21,"quantile",0.6,68.6171138203715
"40978",2021-05-15,"53","6  day ahead inc hosp",2021-05-21,"quantile",0.65,70.9474062765706
"40979",2021-05-15,"53","6  day ahead inc hosp",2021-05-21,"quantile",0.7,73.4668979599433
"40980",2021-05-15,"53","6  day ahead inc hosp",2021-05-21,"quantile",0.75,76.2604821037149
"40981",2021-05-15,"53","6  day ahead inc hosp",2021-05-21,"quantile",0.8,79.4642092665029
"40982",2021-05-15,"53","6  day ahead inc hosp",2021-05-21,"quantile",0.85,83.3247730262379
"40983",2021-05-15,"53","6  day ahead inc hosp",2021-05-21,"quantile",0.9,88.3801025557696
"40984",2021-05-15,"53","6  day ahead inc hosp",2021-05-21,"quantile",0.95,96.2916809952476
"40985",2021-05-15,"53","6  day ahead inc hosp",2021-05-21,"quantile",0.975,103.573824631374
"40986",2021-05-15,"53","6  day ahead inc hosp",2021-05-21,"quantile",0.99,112.551650032823
"40987",2021-05-15,"53","7  day ahead inc hosp",2021-05-22,"quantile",0.01,32.7459490467125
"40988",2021-05-15,"53","7  day ahead inc hosp",2021-05-22,"quantile",0.025,36.7232430521464
"40989",2021-05-15,"53","7  day ahead inc hosp",2021-05-22,"quantile",0.05,40.4245525415508
"40990",2021-05-15,"53","7  day ahead inc hosp",2021-05-22,"quantile",0.1,45.0315469491538
"40991",2021-05-15,"53","7  day ahead inc hosp",2021-05-22,"quantile",0.15,48.3549825741787
"40992",2021-05-15,"53","7  day ahead inc hosp",2021-05-22,"quantile",0.2,51.1248736957392
"40993",2021-05-15,"53","7  day ahead inc hosp",2021-05-22,"quantile",0.25,53.5945776286875
"40994",2021-05-15,"53","7  day ahead inc hosp",2021-05-22,"quantile",0.3,55.8877400248865
"40995",2021-05-15,"53","7  day ahead inc hosp",2021-05-22,"quantile",0.35,58.0776611338317
"40996",2021-05-15,"53","7  day ahead inc hosp",2021-05-22,"quantile",0.4,60.2145969527555
"40997",2021-05-15,"53","7  day ahead inc hosp",2021-05-22,"quantile",0.45,62.3377144355286
"40998",2021-05-15,"53","7  day ahead inc hosp",2021-05-22,"quantile",0.5,64.4815048550957
"40999",2021-05-15,"53","7  day ahead inc hosp",2021-05-22,"quantile",0.55,66.6801192226704
"41000",2021-05-15,"53","7  day ahead inc hosp",2021-05-22,"quantile",0.6,68.9712637068013
"41001",2021-05-15,"53","7  day ahead inc hosp",2021-05-22,"quantile",0.65,71.400878797712
"41002",2021-05-15,"53","7  day ahead inc hosp",2021-05-22,"quantile",0.7,74.0302123017273
"41003",2021-05-15,"53","7  day ahead inc hosp",2021-05-22,"quantile",0.75,76.9484433788603
"41004",2021-05-15,"53","7  day ahead inc hosp",2021-05-22,"quantile",0.8,80.2986458732797
"41005",2021-05-15,"53","7  day ahead inc hosp",2021-05-22,"quantile",0.85,84.3404709381487
"41006",2021-05-15,"53","7  day ahead inc hosp",2021-05-22,"quantile",0.9,89.640554199248
"41007",2021-05-15,"53","7  day ahead inc hosp",2021-05-22,"quantile",0.95,97.9507204843038
"41008",2021-05-15,"53","7  day ahead inc hosp",2021-05-22,"quantile",0.975,105.615073359497
"41009",2021-05-15,"53","7  day ahead inc hosp",2021-05-22,"quantile",0.99,115.082423327655
"41010",2021-05-15,"53","8  day ahead inc hosp",2021-05-23,"quantile",0.01,32.6369766047618
"41011",2021-05-15,"53","8  day ahead inc hosp",2021-05-23,"quantile",0.025,36.736345770208
"41012",2021-05-15,"53","8  day ahead inc hosp",2021-05-23,"quantile",0.05,40.5608136797329
"41013",2021-05-15,"53","8  day ahead inc hosp",2021-05-23,"quantile",0.1,45.3323903144409
"41014",2021-05-15,"53","8  day ahead inc hosp",2021-05-23,"quantile",0.15,48.7814969705995
"41015",2021-05-15,"53","8  day ahead inc hosp",2021-05-23,"quantile",0.2,51.6601671321741
"41016",2021-05-15,"53","8  day ahead inc hosp",2021-05-23,"quantile",0.25,54.2297447540186
"41017",2021-05-15,"53","8  day ahead inc hosp",2021-05-23,"quantile",0.3,56.6179348324647
"41018",2021-05-15,"53","8  day ahead inc hosp",2021-05-23,"quantile",0.35,58.9005613702412
"41019",2021-05-15,"53","8  day ahead inc hosp",2021-05-23,"quantile",0.4,61.1297155596809
"41020",2021-05-15,"53","8  day ahead inc hosp",2021-05-23,"quantile",0.45,63.3460972179406
"41021",2021-05-15,"53","8  day ahead inc hosp",2021-05-23,"quantile",0.5,65.5856506863363
"41022",2021-05-15,"53","8  day ahead inc hosp",2021-05-23,"quantile",0.55,67.8840690650485
"41023",2021-05-15,"53","8  day ahead inc hosp",2021-05-23,"quantile",0.6,70.2808631367506
"41024",2021-05-15,"53","8  day ahead inc hosp",2021-05-23,"quantile",0.65,72.8242719685577
"41025",2021-05-15,"53","8  day ahead inc hosp",2021-05-23,"quantile",0.7,75.5787070993567
"41026",2021-05-15,"53","8  day ahead inc hosp",2021-05-23,"quantile",0.75,78.6380583350307
"41027",2021-05-15,"53","8  day ahead inc hosp",2021-05-23,"quantile",0.8,82.153079376885
"41028",2021-05-15,"53","8  day ahead inc hosp",2021-05-23,"quantile",0.85,86.3975354018175
"41029",2021-05-15,"53","8  day ahead inc hosp",2021-05-23,"quantile",0.9,91.9692223673015
"41030",2021-05-15,"53","8  day ahead inc hosp",2021-05-23,"quantile",0.95,100.717638451687
"41031",2021-05-15,"53","8  day ahead inc hosp",2021-05-23,"quantile",0.975,108.798408180534
"41032",2021-05-15,"53","8  day ahead inc hosp",2021-05-23,"quantile",0.99,118.794743970551
"41033",2021-05-15,"53","9  day ahead inc hosp",2021-05-24,"quantile",0.01,31.4663267850368
"41034",2021-05-15,"53","9  day ahead inc hosp",2021-05-24,"quantile",0.025,35.5761353508891
"41035",2021-05-15,"53","9  day ahead inc hosp",2021-05-24,"quantile",0.05,39.4218781999692
"41036",2021-05-15,"53","9  day ahead inc hosp",2021-05-24,"quantile",0.1,44.2336431108414
"41037",2021-05-15,"53","9  day ahead inc hosp",2021-05-24,"quantile",0.15,47.7201985513189
"41038",2021-05-15,"53","9  day ahead inc hosp",2021-05-24,"quantile",0.2,50.6350131003305
"41039",2021-05-15,"53","9  day ahead inc hosp",2021-05-24,"quantile",0.25,53.2403458731104
"41040",2021-05-15,"53","9  day ahead inc hosp",2021-05-24,"quantile",0.3,55.6645451484384
"41041",2021-05-15,"53","9  day ahead inc hosp",2021-05-24,"quantile",0.35,57.983959579042
"41042",2021-05-15,"53","9  day ahead inc hosp",2021-05-24,"quantile",0.4,60.2511685547274
"41043",2021-05-15,"53","9  day ahead inc hosp",2021-05-24,"quantile",0.45,62.5073783042494
"41044",2021-05-15,"53","9  day ahead inc hosp",2021-05-24,"quantile",0.5,64.7891059274646
"41045",2021-05-15,"53","9  day ahead inc hosp",2021-05-24,"quantile",0.55,67.132738739705
"41046",2021-05-15,"53","9  day ahead inc hosp",2021-05-24,"quantile",0.6,69.5786795367595
"41047",2021-05-15,"53","9  day ahead inc hosp",2021-05-24,"quantile",0.65,72.1763772218511
"41048",2021-05-15,"53","9  day ahead inc hosp",2021-05-24,"quantile",0.7,74.9919787148794
"41049",2021-05-15,"53","9  day ahead inc hosp",2021-05-24,"quantile",0.75,78.1220292313445
"41050",2021-05-15,"53","9  day ahead inc hosp",2021-05-24,"quantile",0.8,81.7216941753789
"41051",2021-05-15,"53","9  day ahead inc hosp",2021-05-24,"quantile",0.85,86.0729644273582
"41052",2021-05-15,"53","9  day ahead inc hosp",2021-05-24,"quantile",0.9,91.7920347339569
"41053",2021-05-15,"53","9  day ahead inc hosp",2021-05-24,"quantile",0.95,100.786956957014
"41054",2021-05-15,"53","9  day ahead inc hosp",2021-05-24,"quantile",0.975,109.110315465464
"41055",2021-05-15,"53","9  day ahead inc hosp",2021-05-24,"quantile",0.99,119.42455874584
"41056",2021-05-15,"53","10  day ahead inc hosp",2021-05-25,"quantile",0.01,30.3915436697891
"41057",2021-05-15,"53","10  day ahead inc hosp",2021-05-25,"quantile",0.025,34.5121468375698
"41058",2021-05-15,"53","10  day ahead inc hosp",2021-05-25,"quantile",0.05,38.3794570984031
"41059",2021-05-15,"53","10  day ahead inc hosp",2021-05-25,"quantile",0.1,43.2317829252115
"41060",2021-05-15,"53","10  day ahead inc hosp",2021-05-25,"quantile",0.15,46.7560890811849
"41061",2021-05-15,"53","10  day ahead inc hosp",2021-05-25,"quantile",0.2,49.7073324607033
"41062",2021-05-15,"53","10  day ahead inc hosp",2021-05-25,"quantile",0.25,52.3487044720382
"41063",2021-05-15,"53","10  day ahead inc hosp",2021-05-25,"quantile",0.3,54.8092055685429
"41064",2021-05-15,"53","10  day ahead inc hosp",2021-05-25,"quantile",0.35,57.1657153725617
"41065",2021-05-15,"53","10  day ahead inc hosp",2021-05-25,"quantile",0.4,59.4713071239818
"41066",2021-05-15,"53","10  day ahead inc hosp",2021-05-25,"quantile",0.45,61.7676993911832
"41067",2021-05-15,"53","10  day ahead inc hosp",2021-05-25,"quantile",0.5,64.0919889387739
"41068",2021-05-15,"53","10  day ahead inc hosp",2021-05-25,"quantile",0.55,66.4812659423069
"41069",2021-05-15,"53","10  day ahead inc hosp",2021-05-25,"quantile",0.6,68.9768366466012
"41070",2021-05-15,"53","10  day ahead inc hosp",2021-05-25,"quantile",0.65,71.6293756932551
"41071",2021-05-15,"53","10  day ahead inc hosp",2021-05-25,"quantile",0.7,74.5067886933396
"41072",2021-05-15,"53","10  day ahead inc hosp",2021-05-25,"quantile",0.75,77.7083126534117
"41073",2021-05-15,"53","10  day ahead inc hosp",2021-05-25,"quantile",0.8,81.3935863070939
"41074",2021-05-15,"53","10  day ahead inc hosp",2021-05-25,"quantile",0.85,85.852943529489
"41075",2021-05-15,"53","10  day ahead inc hosp",2021-05-25,"quantile",0.9,91.72124658578
"41076",2021-05-15,"53","10  day ahead inc hosp",2021-05-25,"quantile",0.95,100.96598464271
"41077",2021-05-15,"53","10  day ahead inc hosp",2021-05-25,"quantile",0.975,109.535422111265
"41078",2021-05-15,"53","10  day ahead inc hosp",2021-05-25,"quantile",0.99,120.172450561981
"41079",2021-05-15,"53","11  day ahead inc hosp",2021-05-26,"quantile",0.01,30.5708909003574
"41080",2021-05-15,"53","11  day ahead inc hosp",2021-05-26,"quantile",0.025,34.8246580008732
"41081",2021-05-15,"53","11  day ahead inc hosp",2021-05-26,"quantile",0.05,38.8254013260765
"41082",2021-05-15,"53","11  day ahead inc hosp",2021-05-26,"quantile",0.1,43.8551602458698
"41083",2021-05-15,"53","11  day ahead inc hosp",2021-05-26,"quantile",0.15,47.5145057206554
"41084",2021-05-15,"53","11  day ahead inc hosp",2021-05-26,"quantile",0.2,50.5824219759823
"41085",2021-05-15,"53","11  day ahead inc hosp",2021-05-26,"quantile",0.25,53.3307824614244
"41086",2021-05-15,"53","11  day ahead inc hosp",2021-05-26,"quantile",0.3,55.8929881128157
"41087",2021-05-15,"53","11  day ahead inc hosp",2021-05-26,"quantile",0.35,58.348647239933
"41088",2021-05-15,"53","11  day ahead inc hosp",2021-05-26,"quantile",0.4,60.7528120173999
"41089",2021-05-15,"53","11  day ahead inc hosp",2021-05-26,"quantile",0.45,63.1488495591712
"41090",2021-05-15,"53","11  day ahead inc hosp",2021-05-26,"quantile",0.5,65.5754155813996
"41091",2021-05-15,"53","11  day ahead inc hosp",2021-05-26,"quantile",0.55,68.071251458127
"41092",2021-05-15,"53","11  day ahead inc hosp",2021-05-26,"quantile",0.6,70.679592961529
"41093",2021-05-15,"53","11  day ahead inc hosp",2021-05-26,"quantile",0.65,73.4535701062913
"41094",2021-05-15,"53","11  day ahead inc hosp",2021-05-26,"quantile",0.7,76.4644661789161
"41095",2021-05-15,"53","11  day ahead inc hosp",2021-05-26,"quantile",0.75,79.8165459722884
"41096",2021-05-15,"53","11  day ahead inc hosp",2021-05-26,"quantile",0.8,83.6776443313853
"41097",2021-05-15,"53","11  day ahead inc hosp",2021-05-26,"quantile",0.85,88.3531584133905
"41098",2021-05-15,"53","11  day ahead inc hosp",2021-05-26,"quantile",0.9,94.5112111059418
"41099",2021-05-15,"53","11  day ahead inc hosp",2021-05-26,"quantile",0.95,104.223576507262
"41100",2021-05-15,"53","11  day ahead inc hosp",2021-05-26,"quantile",0.975,113.237510029662
"41101",2021-05-15,"53","11  day ahead inc hosp",2021-05-26,"quantile",0.99,124.439478589031
"41102",2021-05-15,"53","12  day ahead inc hosp",2021-05-27,"quantile",0.01,29.550911994401
"41103",2021-05-15,"53","12  day ahead inc hosp",2021-05-27,"quantile",0.025,33.8100821340248
"41104",2021-05-15,"53","12  day ahead inc hosp",2021-05-27,"quantile",0.05,37.827735356456
"41105",2021-05-15,"53","12  day ahead inc hosp",2021-05-27,"quantile",0.1,42.8927809673889
"41106",2021-05-15,"53","12  day ahead inc hosp",2021-05-27,"quantile",0.15,46.5864449582915
"41107",2021-05-15,"53","12  day ahead inc hosp",2021-05-27,"quantile",0.2,49.6881710959086
"41108",2021-05-15,"53","12  day ahead inc hosp",2021-05-27,"quantile",0.25,52.470421134719
"41109",2021-05-15,"53","12  day ahead inc hosp",2021-05-27,"quantile",0.3,55.067088553529
"41110",2021-05-15,"53","12  day ahead inc hosp",2021-05-27,"quantile",0.35,57.5582251967043
"41111",2021-05-15,"53","12  day ahead inc hosp",2021-05-27,"quantile",0.4,59.9993242818042
"41112",2021-05-15,"53","12  day ahead inc hosp",2021-05-27,"quantile",0.45,62.4342315190694
"41113",2021-05-15,"53","12  day ahead inc hosp",2021-05-27,"quantile",0.5,64.9021603133201
"41114",2021-05-15,"53","12  day ahead inc hosp",2021-05-27,"quantile",0.55,67.4425411093968
"41115",2021-05-15,"53","12  day ahead inc hosp",2021-05-27,"quantile",0.6,70.0995059677183
"41116",2021-05-15,"53","12  day ahead inc hosp",2021-05-27,"quantile",0.65,72.927410030922
"41117",2021-05-15,"53","12  day ahead inc hosp",2021-05-27,"quantile",0.7,75.9993028112401
"41118",2021-05-15,"53","12  day ahead inc hosp",2021-05-27,"quantile",0.75,79.4221610453794
"41119",2021-05-15,"53","12  day ahead inc hosp",2021-05-27,"quantile",0.8,83.3683367568848
"41120",2021-05-15,"53","12  day ahead inc hosp",2021-05-27,"quantile",0.85,88.1516676911826
"41121",2021-05-15,"53","12  day ahead inc hosp",2021-05-27,"quantile",0.9,94.4591970178239
"41122",2021-05-15,"53","12  day ahead inc hosp",2021-05-27,"quantile",0.95,104.423075568457
"41123",2021-05-15,"53","12  day ahead inc hosp",2021-05-27,"quantile",0.975,113.686012920011
"41124",2021-05-15,"53","12  day ahead inc hosp",2021-05-27,"quantile",0.99,125.216085640461
"41125",2021-05-15,"53","13  day ahead inc hosp",2021-05-28,"quantile",0.01,28.8588144923732
"41126",2021-05-15,"53","13  day ahead inc hosp",2021-05-28,"quantile",0.025,33.150100263151
"41127",2021-05-15,"53","13  day ahead inc hosp",2021-05-28,"quantile",0.05,37.2089445756749
"41128",2021-05-15,"53","13  day ahead inc hosp",2021-05-28,"quantile",0.1,42.3388524511696
"41129",2021-05-15,"53","13  day ahead inc hosp",2021-05-28,"quantile",0.15,46.0877910964286
"41130",2021-05-15,"53","13  day ahead inc hosp",2021-05-28,"quantile",0.2,49.240581278425
"41131",2021-05-15,"53","13  day ahead inc hosp",2021-05-28,"quantile",0.25,52.0719588820948
"41132",2021-05-15,"53","13  day ahead inc hosp",2021-05-28,"quantile",0.3,54.7171236783245
"41133",2021-05-15,"53","13  day ahead inc hosp",2021-05-28,"quantile",0.35,57.2570473885084
"41134",2021-05-15,"53","13  day ahead inc hosp",2021-05-28,"quantile",0.4,59.7479856954485
"41135",2021-05-15,"53","13  day ahead inc hosp",2021-05-28,"quantile",0.45,62.2345085076604
"41136",2021-05-15,"53","13  day ahead inc hosp",2021-05-28,"quantile",0.5,64.756598380392
"41137",2021-05-15,"53","13  day ahead inc hosp",2021-05-28,"quantile",0.55,67.3545794582036
"41138",2021-05-15,"53","13  day ahead inc hosp",2021-05-28,"quantile",0.6,70.0737014111217
"41139",2021-05-15,"53","13  day ahead inc hosp",2021-05-28,"quantile",0.65,72.9698097315444
"41140",2021-05-15,"53","13  day ahead inc hosp",2021-05-28,"quantile",0.7,76.1180694515947
"41141",2021-05-15,"53","13  day ahead inc hosp",2021-05-28,"quantile",0.75,79.6286734882606
"41142",2021-05-15,"53","13  day ahead inc hosp",2021-05-28,"quantile",0.8,83.6792951742905
"41143",2021-05-15,"53","13  day ahead inc hosp",2021-05-28,"quantile",0.85,88.593665732315
"41144",2021-05-15,"53","13  day ahead inc hosp",2021-05-28,"quantile",0.9,95.0809072994141
"41145",2021-05-15,"53","13  day ahead inc hosp",2021-05-28,"quantile",0.95,105.34327221518
"41146",2021-05-15,"53","13  day ahead inc hosp",2021-05-28,"quantile",0.975,114.898131706474
"41147",2021-05-15,"53","13  day ahead inc hosp",2021-05-28,"quantile",0.99,126.808871000026
"41148",2021-05-15,"53","14  day ahead inc hosp",2021-05-29,"quantile",0.01,27.8172103470382
"41149",2021-05-15,"53","14  day ahead inc hosp",2021-05-29,"quantile",0.025,32.094373018203
"41150",2021-05-15,"53","14  day ahead inc hosp",2021-05-29,"quantile",0.05,36.1518577632728
"41151",2021-05-15,"53","14  day ahead inc hosp",2021-05-29,"quantile",0.1,41.2943029418764
"41152",2021-05-15,"53","14  day ahead inc hosp",2021-05-29,"quantile",0.15,45.0611988750727
"41153",2021-05-15,"53","14  day ahead inc hosp",2021-05-29,"quantile",0.2,48.234219179732
"41154",2021-05-15,"53","14  day ahead inc hosp",2021-05-29,"quantile",0.25,51.0874328544915
"41155",2021-05-15,"53","14  day ahead inc hosp",2021-05-29,"quantile",0.3,53.755920352378
"41156",2021-05-15,"53","14  day ahead inc hosp",2021-05-29,"quantile",0.35,56.3207360571073
"41157",2021-05-15,"53","14  day ahead inc hosp",2021-05-29,"quantile",0.4,58.838331707266
"41158",2021-05-15,"53","14  day ahead inc hosp",2021-05-29,"quantile",0.45,61.3535677286487
"41159",2021-05-15,"53","14  day ahead inc hosp",2021-05-29,"quantile",0.5,63.9068219216998
"41160",2021-05-15,"53","14  day ahead inc hosp",2021-05-29,"quantile",0.55,66.5389500917921
"41161",2021-05-15,"53","14  day ahead inc hosp",2021-05-29,"quantile",0.6,69.2959280085155
"41162",2021-05-15,"53","14  day ahead inc hosp",2021-05-29,"quantile",0.65,72.2346227138232
"41163",2021-05-15,"53","14  day ahead inc hosp",2021-05-29,"quantile",0.7,75.4316981256792
"41164",2021-05-15,"53","14  day ahead inc hosp",2021-05-29,"quantile",0.75,78.9996745951363
"41165",2021-05-15,"53","14  day ahead inc hosp",2021-05-29,"quantile",0.8,83.1201321444781
"41166",2021-05-15,"53","14  day ahead inc hosp",2021-05-29,"quantile",0.85,88.1241454680246
"41167",2021-05-15,"53","14  day ahead inc hosp",2021-05-29,"quantile",0.9,94.7373882535312
"41168",2021-05-15,"53","14  day ahead inc hosp",2021-05-29,"quantile",0.95,105.21527245529
"41169",2021-05-15,"53","14  day ahead inc hosp",2021-05-29,"quantile",0.975,114.986812767897
"41170",2021-05-15,"53","14  day ahead inc hosp",2021-05-29,"quantile",0.99,127.186865990324
"41171",2021-05-15,"53","15  day ahead inc hosp",2021-05-30,"quantile",0.01,26.3226590272286
"41172",2021-05-15,"53","15  day ahead inc hosp",2021-05-30,"quantile",0.025,30.5488332321398
"41173",2021-05-15,"53","15  day ahead inc hosp",2021-05-30,"quantile",0.05,34.5738167392434
"41174",2021-05-15,"53","15  day ahead inc hosp",2021-05-30,"quantile",0.1,39.6939538409437
"41175",2021-05-15,"53","15  day ahead inc hosp",2021-05-30,"quantile",0.15,43.4561713190949
"41176",2021-05-15,"53","15  day ahead inc hosp",2021-05-30,"quantile",0.2,46.6320566289082
"41177",2021-05-15,"53","15  day ahead inc hosp",2021-05-30,"quantile",0.25,49.4927179931318
"41178",2021-05-15,"53","15  day ahead inc hosp",2021-05-30,"quantile",0.3,52.1720545399086
"41179",2021-05-15,"53","15  day ahead inc hosp",2021-05-30,"quantile",0.35,54.7506176492028
"41180",2021-05-15,"53","15  day ahead inc hosp",2021-05-30,"quantile",0.4,57.2846941259896
"41181",2021-05-15,"53","15  day ahead inc hosp",2021-05-30,"quantile",0.45,59.819194035449
"41182",2021-05-15,"53","15  day ahead inc hosp",2021-05-30,"quantile",0.5,62.3947195132213
"41183",2021-05-15,"53","15  day ahead inc hosp",2021-05-30,"quantile",0.55,65.0525304794229
"41184",2021-05-15,"53","15  day ahead inc hosp",2021-05-30,"quantile",0.6,67.8392294747347
"41185",2021-05-15,"53","15  day ahead inc hosp",2021-05-30,"quantile",0.65,70.8126251046029
"41186",2021-05-15,"53","15  day ahead inc hosp",2021-05-30,"quantile",0.7,74.0508148478288
"41187",2021-05-15,"53","15  day ahead inc hosp",2021-05-30,"quantile",0.75,77.6685954963678
"41188",2021-05-15,"53","15  day ahead inc hosp",2021-05-30,"quantile",0.8,81.8514251529918
"41189",2021-05-15,"53","15  day ahead inc hosp",2021-05-30,"quantile",0.85,86.9377494297053
"41190",2021-05-15,"53","15  day ahead inc hosp",2021-05-30,"quantile",0.9,93.6700207876098
"41191",2021-05-15,"53","15  day ahead inc hosp",2021-05-30,"quantile",0.95,104.358154474483
"41192",2021-05-15,"53","15  day ahead inc hosp",2021-05-30,"quantile",0.975,114.347217836194
"41193",2021-05-15,"53","15  day ahead inc hosp",2021-05-30,"quantile",0.99,126.844592717347
"41194",2021-05-15,"53","16  day ahead inc hosp",2021-05-31,"quantile",0.01,25.8618540336169
"41195",2021-05-15,"53","16  day ahead inc hosp",2021-05-31,"quantile",0.025,30.135488685761
"41196",2021-05-15,"53","16  day ahead inc hosp",2021-05-31,"quantile",0.05,34.2167341775818
"41197",2021-05-15,"53","16  day ahead inc hosp",2021-05-31,"quantile",0.1,39.4216103631311
"41198",2021-05-15,"53","16  day ahead inc hosp",2021-05-31,"quantile",0.15,43.2542257651671
"41199",2021-05-15,"53","16  day ahead inc hosp",2021-05-31,"quantile",0.2,46.4942832416395
"41200",2021-05-15,"53","16  day ahead inc hosp",2021-05-31,"quantile",0.25,49.4161442182291
"41201",2021-05-15,"53","16  day ahead inc hosp",2021-05-31,"quantile",0.3,52.1555094233462
"41202",2021-05-15,"53","16  day ahead inc hosp",2021-05-31,"quantile",0.35,54.7941587637031
"41203",2021-05-15,"53","16  day ahead inc hosp",2021-05-31,"quantile",0.4,57.3893679030217
"41204",2021-05-15,"53","16  day ahead inc hosp",2021-05-31,"quantile",0.45,59.9869628223076
"41205",2021-05-15,"53","16  day ahead inc hosp",2021-05-31,"quantile",0.5,62.6284995533971
"41206",2021-05-15,"53","16  day ahead inc hosp",2021-05-31,"quantile",0.55,65.3563310034762
"41207",2021-05-15,"53","16  day ahead inc hosp",2021-05-31,"quantile",0.6,68.218413893264
"41208",2021-05-15,"53","16  day ahead inc hosp",2021-05-31,"quantile",0.65,71.2743520308942
"41209",2021-05-15,"53","16  day ahead inc hosp",2021-05-31,"quantile",0.7,74.6047819219653
"41210",2021-05-15,"53","16  day ahead inc hosp",2021-05-31,"quantile",0.75,78.3283519342008
"41211",2021-05-15,"53","16  day ahead inc hosp",2021-05-31,"quantile",0.8,82.6368843479077
"41212",2021-05-15,"53","16  day ahead inc hosp",2021-05-31,"quantile",0.85,87.8806475031267
"41213",2021-05-15,"53","16  day ahead inc hosp",2021-05-31,"quantile",0.9,94.8284638112471
"41214",2021-05-15,"53","16  day ahead inc hosp",2021-05-31,"quantile",0.95,105.873936567496
"41215",2021-05-15,"53","16  day ahead inc hosp",2021-05-31,"quantile",0.975,116.211959416934
"41216",2021-05-15,"53","16  day ahead inc hosp",2021-05-31,"quantile",0.99,129.163916236911
"41217",2021-05-15,"53","17  day ahead inc hosp",2021-06-01,"quantile",0.01,25.4538725113309
"41218",2021-05-15,"53","17  day ahead inc hosp",2021-06-01,"quantile",0.025,29.7729860019075
"41219",2021-05-15,"53","17  day ahead inc hosp",2021-06-01,"quantile",0.05,33.9081976453185
"41220",2021-05-15,"53","17  day ahead inc hosp",2021-06-01,"quantile",0.1,39.1944495568821
"41221",2021-05-15,"53","17  day ahead inc hosp",2021-06-01,"quantile",0.15,43.0947403690891
"41222",2021-05-15,"53","17  day ahead inc hosp",2021-06-01,"quantile",0.2,46.3965359893414
"41223",2021-05-15,"53","17  day ahead inc hosp",2021-06-01,"quantile",0.25,49.3773124901454
"41224",2021-05-15,"53","17  day ahead inc hosp",2021-06-01,"quantile",0.3,52.1744975775708
"41225",2021-05-15,"53","17  day ahead inc hosp",2021-06-01,"quantile",0.35,54.8710507284249
"41226",2021-05-15,"53","17  day ahead inc hosp",2021-06-01,"quantile",0.4,57.5251988913055
"41227",2021-05-15,"53","17  day ahead inc hosp",2021-06-01,"quantile",0.45,60.1836508865094
"41228",2021-05-15,"53","17  day ahead inc hosp",2021-06-01,"quantile",0.5,62.8888837857406
"41229",2021-05-15,"53","17  day ahead inc hosp",2021-06-01,"quantile",0.55,65.684307284349
"41230",2021-05-15,"53","17  day ahead inc hosp",2021-06-01,"quantile",0.6,68.6191887597938
"41231",2021-05-15,"53","17  day ahead inc hosp",2021-06-01,"quantile",0.65,71.7548707818673
"41232",2021-05-15,"53","17  day ahead inc hosp",2021-06-01,"quantile",0.7,75.1744503335889
"41233",2021-05-15,"53","17  day ahead inc hosp",2021-06-01,"quantile",0.75,79.0003096608098
"41234",2021-05-15,"53","17  day ahead inc hosp",2021-06-01,"quantile",0.8,83.4304427200512
"41235",2021-05-15,"53","17  day ahead inc hosp",2021-06-01,"quantile",0.85,88.8265863801203
"41236",2021-05-15,"53","17  day ahead inc hosp",2021-06-01,"quantile",0.9,95.9831511920068
"41237",2021-05-15,"53","17  day ahead inc hosp",2021-06-01,"quantile",0.95,107.374981796519
"41238",2021-05-15,"53","17  day ahead inc hosp",2021-06-01,"quantile",0.975,118.051536694732
"41239",2021-05-15,"53","17  day ahead inc hosp",2021-06-01,"quantile",0.99,131.444864431213
"41240",2021-05-15,"53","18  day ahead inc hosp",2021-06-02,"quantile",0.01,24.8904697287137
"41241",2021-05-15,"53","18  day ahead inc hosp",2021-06-02,"quantile",0.025,29.2292632489623
"41242",2021-05-15,"53","18  day ahead inc hosp",2021-06-02,"quantile",0.05,33.3943429329757
"41243",2021-05-15,"53","18  day ahead inc hosp",2021-06-02,"quantile",0.1,38.7319254907632
"41244",2021-05-15,"53","18  day ahead inc hosp",2021-06-02,"quantile",0.15,42.6782158625557
"41245",2021-05-15,"53","18  day ahead inc hosp",2021-06-02,"quantile",0.2,46.0236975693151
"41246",2021-05-15,"53","18  day ahead inc hosp",2021-06-02,"quantile",0.25,49.0473112127143
"41247",2021-05-15,"53","18  day ahead inc hosp",2021-06-02,"quantile",0.3,51.8874059122822
"41248",2021-05-15,"53","18  day ahead inc hosp",2021-06-02,"quantile",0.35,54.6276436789753
"41249",2021-05-15,"53","18  day ahead inc hosp",2021-06-02,"quantile",0.4,57.3268765619273
"41250",2021-05-15,"53","18  day ahead inc hosp",2021-06-02,"quantile",0.45,60.0324431219071
"41251",2021-05-15,"53","18  day ahead inc hosp",2021-06-02,"quantile",0.5,62.7875198742177
"41252",2021-05-15,"53","18  day ahead inc hosp",2021-06-02,"quantile",0.55,65.63635531338
"41253",2021-05-15,"53","18  day ahead inc hosp",2021-06-02,"quantile",0.6,68.6292883148234
"41254",2021-05-15,"53","18  day ahead inc hosp",2021-06-02,"quantile",0.65,71.8291104479786
"41255",2021-05-15,"53","18  day ahead inc hosp",2021-06-02,"quantile",0.7,75.320994651878
"41256",2021-05-15,"53","18  day ahead inc hosp",2021-06-02,"quantile",0.75,79.2304993125541
"41257",2021-05-15,"53","18  day ahead inc hosp",2021-06-02,"quantile",0.8,83.7608982273059
"41258",2021-05-15,"53","18  day ahead inc hosp",2021-06-02,"quantile",0.85,89.2837834390967
"41259",2021-05-15,"53","18  day ahead inc hosp",2021-06-02,"quantile",0.9,96.6156452633108
"41260",2021-05-15,"53","18  day ahead inc hosp",2021-06-02,"quantile",0.95,108.301775660398
"41261",2021-05-15,"53","18  day ahead inc hosp",2021-06-02,"quantile",0.975,119.269276124228
"41262",2021-05-15,"53","18  day ahead inc hosp",2021-06-02,"quantile",0.99,133.045755058882
"41263",2021-05-15,"53","19  day ahead inc hosp",2021-06-03,"quantile",0.01,24.3793307093464
"41264",2021-05-15,"53","19  day ahead inc hosp",2021-06-03,"quantile",0.025,28.741756131095
"41265",2021-05-15,"53","19  day ahead inc hosp",2021-06-03,"quantile",0.05,32.9405645345721
"41266",2021-05-15,"53","19  day ahead inc hosp",2021-06-03,"quantile",0.1,38.3345508013863
"41267",2021-05-15,"53","19  day ahead inc hosp",2021-06-03,"quantile",0.15,42.3306923265019
"41268",2021-05-15,"53","19  day ahead inc hosp",2021-06-03,"quantile",0.2,45.7231953654454
"41269",2021-05-15,"53","19  day ahead inc hosp",2021-06-03,"quantile",0.25,48.7927164205427
"41270",2021-05-15,"53","19  day ahead inc hosp",2021-06-03,"quantile",0.3,51.6786529672683
"41271",2021-05-15,"53","19  day ahead inc hosp",2021-06-03,"quantile",0.35,54.4654485636378
"41272",2021-05-15,"53","19  day ahead inc hosp",2021-06-03,"quantile",0.4,57.2126382778953
"41273",2021-05-15,"53","19  day ahead inc hosp",2021-06-03,"quantile",0.45,59.9682394499548
"41274",2021-05-15,"53","19  day ahead inc hosp",2021-06-03,"quantile",0.5,62.7761753036132
"41275",2021-05-15,"53","19  day ahead inc hosp",2021-06-03,"quantile",0.55,65.68158414058
"41276",2021-05-15,"53","19  day ahead inc hosp",2021-06-03,"quantile",0.6,68.7359369191862
"41277",2021-05-15,"53","19  day ahead inc hosp",2021-06-03,"quantile",0.65,72.003552327042
"41278",2021-05-15,"53","19  day ahead inc hosp",2021-06-03,"quantile",0.7,75.5717878475291
"41279",2021-05-15,"53","19  day ahead inc hosp",2021-06-03,"quantile",0.75,79.5695410213115
"41280",2021-05-15,"53","19  day ahead inc hosp",2021-06-03,"quantile",0.8,84.205633207229
"41281",2021-05-15,"53","19  day ahead inc hosp",2021-06-03,"quantile",0.85,89.8620072352977
"41282",2021-05-15,"53","19  day ahead inc hosp",2021-06-03,"quantile",0.9,97.3783364447008
"41283",2021-05-15,"53","19  day ahead inc hosp",2021-06-03,"quantile",0.95,109.373857567427
"41284",2021-05-15,"53","19  day ahead inc hosp",2021-06-03,"quantile",0.975,120.646961892201
"41285",2021-05-15,"53","19  day ahead inc hosp",2021-06-03,"quantile",0.99,134.825632328406
"41286",2021-05-15,"53","20  day ahead inc hosp",2021-06-04,"quantile",0.01,24.1405784012875
"41287",2021-05-15,"53","20  day ahead inc hosp",2021-06-04,"quantile",0.025,28.5595849706043
"41288",2021-05-15,"53","20  day ahead inc hosp",2021-06-04,"quantile",0.05,32.8227822789321
"41289",2021-05-15,"53","20  day ahead inc hosp",2021-06-04,"quantile",0.1,38.3113447132788
"41290",2021-05-15,"53","20  day ahead inc hosp",2021-06-04,"quantile",0.15,42.3848878326381
"41291",2021-05-15,"53","20  day ahead inc hosp",2021-06-04,"quantile",0.2,45.8473852010758
"41292",2021-05-15,"53","20  day ahead inc hosp",2021-06-04,"quantile",0.25,48.9833069591231
"41293",2021-05-15,"53","20  day ahead inc hosp",2021-06-04,"quantile",0.3,51.9341229594726
"41294",2021-05-15,"53","20  day ahead inc hosp",2021-06-04,"quantile",0.35,54.7856657422886
"41295",2021-05-15,"53","20  day ahead inc hosp",2021-06-04,"quantile",0.4,57.5985702977916
"41296",2021-05-15,"53","20  day ahead inc hosp",2021-06-04,"quantile",0.45,60.4218581463473
"41297",2021-05-15,"53","20  day ahead inc hosp",2021-06-04,"quantile",0.5,63.3004863103515
"41298",2021-05-15,"53","20  day ahead inc hosp",2021-06-04,"quantile",0.55,66.2807677260641
"41299",2021-05-15,"53","20  day ahead inc hosp",2021-06-04,"quantile",0.6,69.4156205065911
"41300",2021-05-15,"53","20  day ahead inc hosp",2021-06-04,"quantile",0.65,72.7712749522246
"41301",2021-05-15,"53","20  day ahead inc hosp",2021-06-04,"quantile",0.7,76.4377863584136
"41302",2021-05-15,"53","20  day ahead inc hosp",2021-06-04,"quantile",0.75,80.5481395220352
"41303",2021-05-15,"53","20  day ahead inc hosp",2021-06-04,"quantile",0.8,85.3179045954982
"41304",2021-05-15,"53","20  day ahead inc hosp",2021-06-04,"quantile",0.85,91.1415569114239
"41305",2021-05-15,"53","20  day ahead inc hosp",2021-06-04,"quantile",0.9,98.8867180081177
"41306",2021-05-15,"53","20  day ahead inc hosp",2021-06-04,"quantile",0.95,111.261318248461
"41307",2021-05-15,"53","20  day ahead inc hosp",2021-06-04,"quantile",0.975,122.904436418919
"41308",2021-05-15,"53","20  day ahead inc hosp",2021-06-04,"quantile",0.99,137.565039391745
"41309",2021-05-15,"53","21  day ahead inc hosp",2021-06-05,"quantile",0.01,23.6018735208717
"41310",2021-05-15,"53","21  day ahead inc hosp",2021-06-05,"quantile",0.025,28.0335068962168
"41311",2021-05-15,"53","21  day ahead inc hosp",2021-06-05,"quantile",0.05,32.3202708930802
"41312",2021-05-15,"53","21  day ahead inc hosp",2021-06-05,"quantile",0.1,37.8527838386589
"41313",2021-05-15,"53","21  day ahead inc hosp",2021-06-05,"quantile",0.15,41.9673687300115
"41314",2021-05-15,"53","21  day ahead inc hosp",2021-06-05,"quantile",0.2,45.4696734803651
"41315",2021-05-15,"53","21  day ahead inc hosp",2021-06-05,"quantile",0.25,48.6451761918247
"41316",2021-05-15,"53","21  day ahead inc hosp",2021-06-05,"quantile",0.3,51.6360532438923
"41317",2021-05-15,"53","21  day ahead inc hosp",2021-06-05,"quantile",0.35,54.5287200557895
"41318",2021-05-15,"53","21  day ahead inc hosp",2021-06-05,"quantile",0.4,57.3843627489139
"41319",2021-05-15,"53","21  day ahead inc hosp",2021-06-05,"quantile",0.45,60.2525835327785
"41320",2021-05-15,"53","21  day ahead inc hosp",2021-06-05,"quantile",0.5,63.179004796954
"41321",2021-05-15,"53","21  day ahead inc hosp",2021-06-05,"quantile",0.55,66.2107540377839
"41322",2021-05-15,"53","21  day ahead inc hosp",2021-06-05,"quantile",0.6,69.4018038190994
"41323",2021-05-15,"53","21  day ahead inc hosp",2021-06-05,"quantile",0.65,72.8198225590541
"41324",2021-05-15,"53","21  day ahead inc hosp",2021-06-05,"quantile",0.7,76.5569373226244
"41325",2021-05-15,"53","21  day ahead inc hosp",2021-06-05,"quantile",0.75,80.7493145227086
"41326",2021-05-15,"53","21  day ahead inc hosp",2021-06-05,"quantile",0.8,85.6178278160491
"41327",2021-05-15,"53","21  day ahead inc hosp",2021-06-05,"quantile",0.85,91.5668745946815
"41328",2021-05-15,"53","21  day ahead inc hosp",2021-06-05,"quantile",0.9,99.4863563920914
"41329",2021-05-15,"53","21  day ahead inc hosp",2021-06-05,"quantile",0.95,112.155489645394
"41330",2021-05-15,"53","21  day ahead inc hosp",2021-06-05,"quantile",0.975,124.09162149503
"41331",2021-05-15,"53","21  day ahead inc hosp",2021-06-05,"quantile",0.99,139.140293602582
"41332",2021-05-15,"53","22  day ahead inc hosp",2021-06-06,"quantile",0.01,22.7908960247112
"41333",2021-05-15,"53","22  day ahead inc hosp",2021-06-06,"quantile",0.025,27.1917714351398
"41334",2021-05-15,"53","22  day ahead inc hosp",2021-06-06,"quantile",0.05,31.4615417597035
"41335",2021-05-15,"53","22  day ahead inc hosp",2021-06-06,"quantile",0.1,36.9873910624298
"41336",2021-05-15,"53","22  day ahead inc hosp",2021-06-06,"quantile",0.15,41.1064742801636
"41337",2021-05-15,"53","22  day ahead inc hosp",2021-06-06,"quantile",0.2,44.6181355791509
"41338",2021-05-15,"53","22  day ahead inc hosp",2021-06-06,"quantile",0.25,47.8060855424382
"41339",2021-05-15,"53","22  day ahead inc hosp",2021-06-06,"quantile",0.3,50.8118514948782
"41340",2021-05-15,"53","22  day ahead inc hosp",2021-06-06,"quantile",0.35,53.7216285185974
"41341",2021-05-15,"53","22  day ahead inc hosp",2021-06-06,"quantile",0.4,56.5966042171406
"41342",2021-05-15,"53","22  day ahead inc hosp",2021-06-06,"quantile",0.45,59.4865345680069
"41343",2021-05-15,"53","22  day ahead inc hosp",2021-06-06,"quantile",0.5,62.4373331101475
"41344",2021-05-15,"53","22  day ahead inc hosp",2021-06-06,"quantile",0.55,65.496573334907
"41345",2021-05-15,"53","22  day ahead inc hosp",2021-06-06,"quantile",0.6,68.718877462101
"41346",2021-05-15,"53","22  day ahead inc hosp",2021-06-06,"quantile",0.65,72.1728611523506
"41347",2021-05-15,"53","22  day ahead inc hosp",2021-06-06,"quantile",0.7,75.9520714060205
"41348",2021-05-15,"53","22  day ahead inc hosp",2021-06-06,"quantile",0.75,80.1949103318434
"41349",2021-05-15,"53","22  day ahead inc hosp",2021-06-06,"quantile",0.8,85.1260420124858
"41350",2021-05-15,"53","22  day ahead inc hosp",2021-06-06,"quantile",0.85,91.1570479372138
"41351",2021-05-15,"53","22  day ahead inc hosp",2021-06-06,"quantile",0.9,99.1941541679584
"41352",2021-05-15,"53","22  day ahead inc hosp",2021-06-06,"quantile",0.95,112.06953469361
"41353",2021-05-15,"53","22  day ahead inc hosp",2021-06-06,"quantile",0.975,124.217925397928
"41354",2021-05-15,"53","22  day ahead inc hosp",2021-06-06,"quantile",0.99,139.555805048865
"41355",2021-05-15,"53","23  day ahead inc hosp",2021-06-07,"quantile",0.01,22.5794947812719
"41356",2021-05-15,"53","23  day ahead inc hosp",2021-06-07,"quantile",0.025,27.0299873070658
"41357",2021-05-15,"53","23  day ahead inc hosp",2021-06-07,"quantile",0.05,31.357567292547
"41358",2021-05-15,"53","23  day ahead inc hosp",2021-06-07,"quantile",0.1,36.9698107146156
"41359",2021-05-15,"53","23  day ahead inc hosp",2021-06-07,"quantile",0.15,41.1604634009266
"41360",2021-05-15,"53","23  day ahead inc hosp",2021-06-07,"quantile",0.2,44.737332045148
"41361",2021-05-15,"53","23  day ahead inc hosp",2021-06-07,"quantile",0.25,47.9874846175451
"41362",2021-05-15,"53","23  day ahead inc hosp",2021-06-07,"quantile",0.3,51.0542993357267
"41363",2021-05-15,"53","23  day ahead inc hosp",2021-06-07,"quantile",0.35,54.0252314338604
"41364",2021-05-15,"53","23  day ahead inc hosp",2021-06-07,"quantile",0.4,56.9624832606522
"41365",2021-05-15,"53","23  day ahead inc hosp",2021-06-07,"quantile",0.45,59.9167522501926
"41366",2021-05-15,"53","23  day ahead inc hosp",2021-06-07,"quantile",0.5,62.9349345722257
"41367",2021-05-15,"53","23  day ahead inc hosp",2021-06-07,"quantile",0.55,66.0657320670533
"41368",2021-05-15,"53","23  day ahead inc hosp",2021-06-07,"quantile",0.6,69.3651676054605
"41369",2021-05-15,"53","23  day ahead inc hosp",2021-06-07,"quantile",0.65,72.9037166171183
"41370",2021-05-15,"53","23  day ahead inc hosp",2021-06-07,"quantile",0.7,76.7775599926673
"41371",2021-05-15,"53","23  day ahead inc hosp",2021-06-07,"quantile",0.75,81.1291000960319
"41372",2021-05-15,"53","23  day ahead inc hosp",2021-06-07,"quantile",0.8,86.1896184273257
"41373",2021-05-15,"53","23  day ahead inc hosp",2021-06-07,"quantile",0.85,92.3830044581691
"41374",2021-05-15,"53","23  day ahead inc hosp",2021-06-07,"quantile",0.9,100.642975410793
"41375",2021-05-15,"53","23  day ahead inc hosp",2021-06-07,"quantile",0.95,113.889123352741
"41376",2021-05-15,"53","23  day ahead inc hosp",2021-06-07,"quantile",0.975,126.400987329837
"41377",2021-05-15,"53","23  day ahead inc hosp",2021-06-07,"quantile",0.99,142.214190436407
"41378",2021-05-15,"53","24  day ahead inc hosp",2021-06-08,"quantile",0.01,22.3803353221929
"41379",2021-05-15,"53","24  day ahead inc hosp",2021-06-08,"quantile",0.025,26.8800034411089
"41380",2021-05-15,"53","24  day ahead inc hosp",2021-06-08,"quantile",0.05,31.2650278155068
"41381",2021-05-15,"53","24  day ahead inc hosp",2021-06-08,"quantile",0.1,36.9633017332744
"41382",2021-05-15,"53","24  day ahead inc hosp",2021-06-08,"quantile",0.15,41.2253374645132
"41383",2021-05-15,"53","24  day ahead inc hosp",2021-06-08,"quantile",0.2,44.8673121626982
"41384",2021-05-15,"53","24  day ahead inc hosp",2021-06-08,"quantile",0.25,48.1796209203662
"41385",2021-05-15,"53","24  day ahead inc hosp",2021-06-08,"quantile",0.3,51.3074797091588
"41386",2021-05-15,"53","24  day ahead inc hosp",2021-06-08,"quantile",0.35,54.3395977986755
"41387",2021-05-15,"53","24  day ahead inc hosp",2021-06-08,"quantile",0.4,57.3391898694911
"41388",2021-05-15,"53","24  day ahead inc hosp",2021-06-08,"quantile",0.45,60.3578948476865
"41389",2021-05-15,"53","24  day ahead inc hosp",2021-06-08,"quantile",0.5,63.4435936099931
"41390",2021-05-15,"53","24  day ahead inc hosp",2021-06-08,"quantile",0.55,66.6461205415359
"41391",2021-05-15,"53","24  day ahead inc hosp",2021-06-08,"quantile",0.6,70.022905993921
"41392",2021-05-15,"53","24  day ahead inc hosp",2021-06-08,"quantile",0.65,73.6462957334613
"41393",2021-05-15,"53","24  day ahead inc hosp",2021-06-08,"quantile",0.7,77.6151209872703
"41394",2021-05-15,"53","24  day ahead inc hosp",2021-06-08,"quantile",0.75,82.0758109830888
"41395",2021-05-15,"53","24  day ahead inc hosp",2021-06-08,"quantile",0.8,87.2663107824685
"41396",2021-05-15,"53","24  day ahead inc hosp",2021-06-08,"quantile",0.85,93.6229071971207
"41397",2021-05-15,"53","24  day ahead inc hosp",2021-06-08,"quantile",0.9,102.107016459522
"41398",2021-05-15,"53","24  day ahead inc hosp",2021-06-08,"quantile",0.95,115.726343663343
"41399",2021-05-15,"53","24  day ahead inc hosp",2021-06-08,"quantile",0.975,128.604343700328
"41400",2021-05-15,"53","24  day ahead inc hosp",2021-06-08,"quantile",0.99,144.896721766953
"41401",2021-05-15,"53","25  day ahead inc hosp",2021-06-09,"quantile",0.01,21.5124665954438
"41402",2021-05-15,"53","25  day ahead inc hosp",2021-06-09,"quantile",0.025,25.958467358703
"41403",2021-05-15,"53","25  day ahead inc hosp",2021-06-09,"quantile",0.05,30.3046809641707
"41404",2021-05-15,"53","25  day ahead inc hosp",2021-06-09,"quantile",0.1,35.9687023503596
"41405",2021-05-15,"53","25  day ahead inc hosp",2021-06-09,"quantile",0.15,40.2151505121646
"41406",2021-05-15,"53","25  day ahead inc hosp",2021-06-09,"quantile",0.2,43.8496760193266
"41407",2021-05-15,"53","25  day ahead inc hosp",2021-06-09,"quantile",0.25,47.1594231131914
"41408",2021-05-15,"53","25  day ahead inc hosp",2021-06-09,"quantile",0.3,50.2882299790908
"41409",2021-05-15,"53","25  day ahead inc hosp",2021-06-09,"quantile",0.35,53.324152082853
"41410",2021-05-15,"53","25  day ahead inc hosp",2021-06-09,"quantile",0.4,56.3301082847767
"41411",2021-05-15,"53","25  day ahead inc hosp",2021-06-09,"quantile",0.45,59.3576601987478
"41412",2021-05-15,"53","25  day ahead inc hosp",2021-06-09,"quantile",0.5,62.454777476395
"41413",2021-05-15,"53","25  day ahead inc hosp",2021-06-09,"quantile",0.55,65.6715416275479
"41414",2021-05-15,"53","25  day ahead inc hosp",2021-06-09,"quantile",0.6,69.0658149334443
"41415",2021-05-15,"53","25  day ahead inc hosp",2021-06-09,"quantile",0.65,72.7106273366396
"41416",2021-05-15,"53","25  day ahead inc hosp",2021-06-09,"quantile",0.7,76.7058820004197
"41417",2021-05-15,"53","25  day ahead inc hosp",2021-06-09,"quantile",0.75,81.199740801837
"41418",2021-05-15,"53","25  day ahead inc hosp",2021-06-09,"quantile",0.8,86.4331378410484
"41419",2021-05-15,"53","25  day ahead inc hosp",2021-06-09,"quantile",0.85,92.8481005138916
"41420",2021-05-15,"53","25  day ahead inc hosp",2021-06-09,"quantile",0.9,101.419247481883
"41421",2021-05-15,"53","25  day ahead inc hosp",2021-06-09,"quantile",0.95,115.197712779759
"41422",2021-05-15,"53","25  day ahead inc hosp",2021-06-09,"quantile",0.975,128.245483967466
"41423",2021-05-15,"53","25  day ahead inc hosp",2021-06-09,"quantile",0.99,144.775897822318
"41424",2021-05-15,"53","26  day ahead inc hosp",2021-06-10,"quantile",0.01,21.3149360074789
"41425",2021-05-15,"53","26  day ahead inc hosp",2021-06-10,"quantile",0.025,25.8043626794137
"41426",2021-05-15,"53","26  day ahead inc hosp",2021-06-10,"quantile",0.05,30.2025914034833
"41427",2021-05-15,"53","26  day ahead inc hosp",2021-06-10,"quantile",0.1,35.9458761280254
"41428",2021-05-15,"53","26  day ahead inc hosp",2021-06-10,"quantile",0.15,40.2588647202752
"41429",2021-05-15,"53","26  day ahead inc hosp",2021-06-10,"quantile",0.2,43.9545055046364
"41430",2021-05-15,"53","26  day ahead inc hosp",2021-06-10,"quantile",0.25,47.3228948201642
"41431",2021-05-15,"53","26  day ahead inc hosp",2021-06-10,"quantile",0.3,50.5095262011662
"41432",2021-05-15,"53","26  day ahead inc hosp",2021-06-10,"quantile",0.35,53.6036025704385
"41433",2021-05-15,"53","26  day ahead inc hosp",2021-06-10,"quantile",0.4,56.6689840860562
"41434",2021-05-15,"53","26  day ahead inc hosp",2021-06-10,"quantile",0.45,59.7581208836376
"41435",2021-05-15,"53","26  day ahead inc hosp",2021-06-10,"quantile",0.5,62.9199233471474
"41436",2021-05-15,"53","26  day ahead inc hosp",2021-06-10,"quantile",0.55,66.2055648765584
"41437",2021-05-15,"53","26  day ahead inc hosp",2021-06-10,"quantile",0.6,69.6742733902568
"41438",2021-05-15,"53","26  day ahead inc hosp",2021-06-10,"quantile",0.65,73.4009013831597
"41439",2021-05-15,"53","26  day ahead inc hosp",2021-06-10,"quantile",0.7,77.4879421138288
"41440",2021-05-15,"53","26  day ahead inc hosp",2021-06-10,"quantile",0.75,82.0875006800527
"41441",2021-05-15,"53","26  day ahead inc hosp",2021-06-10,"quantile",0.8,87.4470460857938
"41442",2021-05-15,"53","26  day ahead inc hosp",2021-06-10,"quantile",0.85,94.0207790180508
"41443",2021-05-15,"53","26  day ahead inc hosp",2021-06-10,"quantile",0.9,102.810550688288
"41444",2021-05-15,"53","26  day ahead inc hosp",2021-06-10,"quantile",0.95,116.954260217718
"41445",2021-05-15,"53","26  day ahead inc hosp",2021-06-10,"quantile",0.975,130.361616689304
"41446",2021-05-15,"53","26  day ahead inc hosp",2021-06-10,"quantile",0.99,147.364120160034
"41447",2021-05-15,"53","27  day ahead inc hosp",2021-06-11,"quantile",0.01,20.9616291852408
"41448",2021-05-15,"53","27  day ahead inc hosp",2021-06-11,"quantile",0.025,25.468010362597
"41449",2021-05-15,"53","27  day ahead inc hosp",2021-06-11,"quantile",0.05,29.8934146912032
"41450",2021-05-15,"53","27  day ahead inc hosp",2021-06-11,"quantile",0.1,35.6848749666875
"41451",2021-05-15,"53","27  day ahead inc hosp",2021-06-11,"quantile",0.15,40.0419115348115
"41452",2021-05-15,"53","27  day ahead inc hosp",2021-06-11,"quantile",0.2,43.7799023189957
"41453",2021-05-15,"53","27  day ahead inc hosp",2021-06-11,"quantile",0.25,47.1901989130461
"41454",2021-05-15,"53","27  day ahead inc hosp",2021-06-11,"quantile",0.3,50.4191202967894
"41455",2021-05-15,"53","27  day ahead inc hosp",2021-06-11,"quantile",0.35,53.5565245107803
"41456",2021-05-15,"53","27  day ahead inc hosp",2021-06-11,"quantile",0.4,56.6668756946324
"41457",2021-05-15,"53","27  day ahead inc hosp",2021-06-11,"quantile",0.45,59.8032501934768
"41458",2021-05-15,"53","27  day ahead inc hosp",2021-06-11,"quantile",0.5,63.0152689336894
"41459",2021-05-15,"53","27  day ahead inc hosp",2021-06-11,"quantile",0.55,66.3549702751118
"41460",2021-05-15,"53","27  day ahead inc hosp",2021-06-11,"quantile",0.6,69.8826983618127
"41461",2021-05-15,"53","27  day ahead inc hosp",2021-06-11,"quantile",0.65,73.674825667102
"41462",2021-05-15,"53","27  day ahead inc hosp",2021-06-11,"quantile",0.7,77.8360336944514
"41463",2021-05-15,"53","27  day ahead inc hosp",2021-06-11,"quantile",0.75,82.5217876407674
"41464",2021-05-15,"53","27  day ahead inc hosp",2021-06-11,"quantile",0.8,87.9851588633728
"41465",2021-05-15,"53","27  day ahead inc hosp",2021-06-11,"quantile",0.85,94.6908344748028
"41466",2021-05-15,"53","27  day ahead inc hosp",2021-06-11,"quantile",0.9,103.664231037685
"41467",2021-05-15,"53","27  day ahead inc hosp",2021-06-11,"quantile",0.95,118.118736357337
"41468",2021-05-15,"53","27  day ahead inc hosp",2021-06-11,"quantile",0.975,131.835941290134
"41469",2021-05-15,"53","27  day ahead inc hosp",2021-06-11,"quantile",0.99,149.249746837187
"41470",2021-05-15,"53","28  day ahead inc hosp",2021-06-12,"quantile",0.01,20.8169910690182
"41471",2021-05-15,"53","28  day ahead inc hosp",2021-06-12,"quantile",0.025,25.3708827842133
"41472",2021-05-15,"53","28  day ahead inc hosp",2021-06-12,"quantile",0.05,29.8521750132373
"41473",2021-05-15,"53","28  day ahead inc hosp",2021-06-12,"quantile",0.1,35.7278673318637
"41474",2021-05-15,"53","28  day ahead inc hosp",2021-06-12,"quantile",0.15,40.1551543452393
"41475",2021-05-15,"53","28  day ahead inc hosp",2021-06-12,"quantile",0.2,43.9574428909945
"41476",2021-05-15,"53","28  day ahead inc hosp",2021-06-12,"quantile",0.25,47.429293078983
"41477",2021-05-15,"53","28  day ahead inc hosp",2021-06-12,"quantile",0.3,50.7188070857012
"41478",2021-05-15,"53","28  day ahead inc hosp",2021-06-12,"quantile",0.35,53.9170690175215
"41479",2021-05-15,"53","28  day ahead inc hosp",2021-06-12,"quantile",0.4,57.0895412254821
"41480",2021-05-15,"53","28  day ahead inc hosp",2021-06-12,"quantile",0.45,60.2902361905829
"41481",2021-05-15,"53","28  day ahead inc hosp",2021-06-12,"quantile",0.5,63.5697609862467
"41482",2021-05-15,"53","28  day ahead inc hosp",2021-06-12,"quantile",0.55,66.98129448179
"41483",2021-05-15,"53","28  day ahead inc hosp",2021-06-12,"quantile",0.6,70.586603895024
"41484",2021-05-15,"53","28  day ahead inc hosp",2021-06-12,"quantile",0.65,74.4639580781907
"41485",2021-05-15,"53","28  day ahead inc hosp",2021-06-12,"quantile",0.7,78.7207311028033
"41486",2021-05-15,"53","28  day ahead inc hosp",2021-06-12,"quantile",0.75,83.5164851764123
"41487",2021-05-15,"53","28  day ahead inc hosp",2021-06-12,"quantile",0.8,89.111079267142
"41488",2021-05-15,"53","28  day ahead inc hosp",2021-06-12,"quantile",0.85,95.9818421510143
"41489",2021-05-15,"53","28  day ahead inc hosp",2021-06-12,"quantile",0.9,105.182467484392
"41490",2021-05-15,"53","28  day ahead inc hosp",2021-06-12,"quantile",0.95,120.01642915669
"41491",2021-05-15,"53","28  day ahead inc hosp",2021-06-12,"quantile",0.975,134.107091542497
"41492",2021-05-15,"53","28  day ahead inc hosp",2021-06-12,"quantile",0.99,152.011105900791
"41493",2021-05-15,"53","29  day ahead inc hosp",2021-06-13,"quantile",0.01,19.6046115226113
"41494",2021-05-15,"53","29  day ahead inc hosp",2021-06-13,"quantile",0.025,24.0184266947138
"41495",2021-05-15,"53","29  day ahead inc hosp",2021-06-13,"quantile",0.05,28.3769636821369
"41496",2021-05-15,"53","29  day ahead inc hosp",2021-06-13,"quantile",0.1,34.1098629134891
"41497",2021-05-15,"53","29  day ahead inc hosp",2021-06-13,"quantile",0.15,38.4408327920442
"41498",2021-05-15,"53","29  day ahead inc hosp",2021-06-13,"quantile",0.2,42.167008584685
"41499",2021-05-15,"53","29  day ahead inc hosp",2021-06-13,"quantile",0.25,45.5741079258121
"41500",2021-05-15,"53","29  day ahead inc hosp",2021-06-13,"quantile",0.3,48.8060694727004
"41501",2021-05-15,"53","29  day ahead inc hosp",2021-06-13,"quantile",0.35,51.951632473405
"41502",2021-05-15,"53","29  day ahead inc hosp",2021-06-13,"quantile",0.4,55.0747696031741
"41503",2021-05-15,"53","29  day ahead inc hosp",2021-06-13,"quantile",0.45,58.2284525071312
"41504",2021-05-15,"53","29  day ahead inc hosp",2021-06-13,"quantile",0.5,61.4624956629773
"41505",2021-05-15,"53","29  day ahead inc hosp",2021-06-13,"quantile",0.55,64.8294197956199
"41506",2021-05-15,"53","29  day ahead inc hosp",2021-06-13,"quantile",0.6,68.3903926907842
"41507",2021-05-15,"53","29  day ahead inc hosp",2021-06-13,"quantile",0.65,72.2230799464621
"41508",2021-05-15,"53","29  day ahead inc hosp",2021-06-13,"quantile",0.7,76.434180983915
"41509",2021-05-15,"53","29  day ahead inc hosp",2021-06-13,"quantile",0.75,81.1824166205741
"41510",2021-05-15,"53","29  day ahead inc hosp",2021-06-13,"quantile",0.8,86.7264701086705
"41511",2021-05-15,"53","29  day ahead inc hosp",2021-06-13,"quantile",0.85,93.5418043453015
"41512",2021-05-15,"53","29  day ahead inc hosp",2021-06-13,"quantile",0.9,102.678623166497
"41513",2021-05-15,"53","29  day ahead inc hosp",2021-06-13,"quantile",0.95,117.431896078634
"41514",2021-05-15,"53","29  day ahead inc hosp",2021-06-13,"quantile",0.975,131.467987558401
"41515",2021-05-15,"53","29  day ahead inc hosp",2021-06-13,"quantile",0.99,149.329306793948
"41516",2021-05-15,"53","30  day ahead inc hosp",2021-06-14,"quantile",0.01,19.2114632849306
"41517",2021-05-15,"53","30  day ahead inc hosp",2021-06-14,"quantile",0.025,23.6202322460014
"41518",2021-05-15,"53","30  day ahead inc hosp",2021-06-14,"quantile",0.05,27.9840177146288
"41519",2021-05-15,"53","30  day ahead inc hosp",2021-06-14,"quantile",0.1,33.7361382494897
"41520",2021-05-15,"53","30  day ahead inc hosp",2021-06-14,"quantile",0.15,38.0892776632666
"41521",2021-05-15,"53","30  day ahead inc hosp",2021-06-14,"quantile",0.2,41.8390084241923
"41522",2021-05-15,"53","30  day ahead inc hosp",2021-06-14,"quantile",0.25,45.2708655081766
"41523",2021-05-15,"53","30  day ahead inc hosp",2021-06-14,"quantile",0.3,48.5288880757931
"41524",2021-05-15,"53","30  day ahead inc hosp",2021-06-14,"quantile",0.35,51.7020246915039
"41525",2021-05-15,"53","30  day ahead inc hosp",2021-06-14,"quantile",0.4,54.8545324920793
"41526",2021-05-15,"53","30  day ahead inc hosp",2021-06-14,"quantile",0.45,58.0397470341746
"41527",2021-05-15,"53","30  day ahead inc hosp",2021-06-14,"quantile",0.5,61.3079491964311
"41528",2021-05-15,"53","30  day ahead inc hosp",2021-06-14,"quantile",0.55,64.7122699140877
"41529",2021-05-15,"53","30  day ahead inc hosp",2021-06-14,"quantile",0.6,68.3146992363689
"41530",2021-05-15,"53","30  day ahead inc hosp",2021-06-14,"quantile",0.65,72.1940523256399
"41531",2021-05-15,"53","30  day ahead inc hosp",2021-06-14,"quantile",0.7,76.4587110609747
"41532",2021-05-15,"53","30  day ahead inc hosp",2021-06-14,"quantile",0.75,81.2700077330351
"41533",2021-05-15,"53","30  day ahead inc hosp",2021-06-14,"quantile",0.8,86.8910131988951
"41534",2021-05-15,"53","30  day ahead inc hosp",2021-06-14,"quantile",0.85,93.8054536875268
"41535",2021-05-15,"53","30  day ahead inc hosp",2021-06-14,"quantile",0.9,103.082211885677
"41536",2021-05-15,"53","30  day ahead inc hosp",2021-06-14,"quantile",0.95,118.076517170163
"41537",2021-05-15,"53","30  day ahead inc hosp",2021-06-14,"quantile",0.975,132.356922513092
"41538",2021-05-15,"53","30  day ahead inc hosp",2021-06-14,"quantile",0.99,150.547244355292
"41539",2021-05-15,"53","31  day ahead inc hosp",2021-06-15,"quantile",0.01,18.8115538388927
"41540",2021-05-15,"53","31  day ahead inc hosp",2021-06-15,"quantile",0.025,23.2131795281465
"41541",2021-05-15,"53","31  day ahead inc hosp",2021-06-15,"quantile",0.05,27.5804496857594
"41542",2021-05-15,"53","31  day ahead inc hosp",2021-06-15,"quantile",0.1,33.3498807501376
"41543",2021-05-15,"53","31  day ahead inc hosp",2021-06-15,"quantile",0.15,37.7240202479412
"41544",2021-05-15,"53","31  day ahead inc hosp",2021-06-15,"quantile",0.2,41.4964698942183
"41545",2021-05-15,"53","31  day ahead inc hosp",2021-06-15,"quantile",0.25,44.9524472749271
"41546",2021-05-15,"53","31  day ahead inc hosp",2021-06-15,"quantile",0.3,48.2360309499031
"41547",2021-05-15,"53","31  day ahead inc hosp",2021-06-15,"quantile",0.35,51.4363467872171
"41548",2021-05-15,"53","31  day ahead inc hosp",2021-06-15,"quantile",0.4,54.6179186922549
"41549",2021-05-15,"53","31  day ahead inc hosp",2021-06-15,"quantile",0.45,57.8344368084919
"41550",2021-05-15,"53","31  day ahead inc hosp",2021-06-15,"quantile",0.5,61.1366448975196
"41551",2021-05-15,"53","31  day ahead inc hosp",2021-06-15,"quantile",0.55,64.5782854820193
"41552",2021-05-15,"53","31  day ahead inc hosp",2021-06-15,"quantile",0.6,68.2221773400421
"41553",2021-05-15,"53","31  day ahead inc hosp",2021-06-15,"quantile",0.65,72.1482980832865
"41554",2021-05-15,"53","31  day ahead inc hosp",2021-06-15,"quantile",0.7,76.4667344235022
"41555",2021-05-15,"53","31  day ahead inc hosp",2021-06-15,"quantile",0.75,81.3414684874742
"41556",2021-05-15,"53","31  day ahead inc hosp",2021-06-15,"quantile",0.8,87.0400276561235
"41557",2021-05-15,"53","31  day ahead inc hosp",2021-06-15,"quantile",0.85,94.0545383143036
"41558",2021-05-15,"53","31  day ahead inc hosp",2021-06-15,"quantile",0.9,103.472887004563
"41559",2021-05-15,"53","31  day ahead inc hosp",2021-06-15,"quantile",0.95,118.711674127688
"41560",2021-05-15,"53","31  day ahead inc hosp",2021-06-15,"quantile",0.975,133.240475293273
"41561",2021-05-15,"53","31  day ahead inc hosp",2021-06-15,"quantile",0.99,151.765986633383
"41562",2021-05-15,"53","32  day ahead inc hosp",2021-06-16,"quantile",0.01,18.5144371701912
"41563",2021-05-15,"53","32  day ahead inc hosp",2021-06-16,"quantile",0.025,22.9248405292971
"41564",2021-05-15,"53","32  day ahead inc hosp",2021-06-16,"quantile",0.05,27.3107410634473
"41565",2021-05-15,"53","32  day ahead inc hosp",2021-06-16,"quantile",0.1,33.1167451554541
"41566",2021-05-15,"53","32  day ahead inc hosp",2021-06-16,"quantile",0.15,37.526044879841
"41567",2021-05-15,"53","32  day ahead inc hosp",2021-06-16,"quantile",0.2,41.3331748215115
"41568",2021-05-15,"53","32  day ahead inc hosp",2021-06-16,"quantile",0.25,44.8240548205347
"41569",2021-05-15,"53","32  day ahead inc hosp",2021-06-16,"quantile",0.3,48.1433065390509
"41570",2021-05-15,"53","32  day ahead inc hosp",2021-06-16,"quantile",0.35,51.3805364660007
"41571",2021-05-15,"53","32  day ahead inc hosp",2021-06-16,"quantile",0.4,54.6007476181257
"41572",2021-05-15,"53","32  day ahead inc hosp",2021-06-16,"quantile",0.45,57.8581546088334
"41573",2021-05-15,"53","32  day ahead inc hosp",2021-06-16,"quantile",0.5,61.2041181766145
"41574",2021-05-15,"53","32  day ahead inc hosp",2021-06-16,"quantile",0.55,64.6931495601253
"41575",2021-05-15,"53","32  day ahead inc hosp",2021-06-16,"quantile",0.6,68.3890742997028
"41576",2021-05-15,"53","32  day ahead inc hosp",2021-06-16,"quantile",0.65,72.373253881501
"41577",2021-05-15,"53","32  day ahead inc hosp",2021-06-16,"quantile",0.7,76.7577796180332
"41578",2021-05-15,"53","32  day ahead inc hosp",2021-06-16,"quantile",0.75,81.7097248542189
"41579",2021-05-15,"53","32  day ahead inc hosp",2021-06-16,"quantile",0.8,87.5017875983328
"41580",2021-05-15,"53","32  day ahead inc hosp",2021-06-16,"quantile",0.85,94.6357993763875
"41581",2021-05-15,"53","32  day ahead inc hosp",2021-06-16,"quantile",0.9,104.22151773022
"41582",2021-05-15,"53","32  day ahead inc hosp",2021-06-16,"quantile",0.95,119.745852901176
"41583",2021-05-15,"53","32  day ahead inc hosp",2021-06-16,"quantile",0.975,134.561581036762
"41584",2021-05-15,"53","32  day ahead inc hosp",2021-06-16,"quantile",0.99,153.470686761349
"41585",2021-05-15,"53","33  day ahead inc hosp",2021-06-17,"quantile",0.01,18.2056454352326
"41586",2021-05-15,"53","33  day ahead inc hosp",2021-06-17,"quantile",0.025,22.6195954380771
"41587",2021-05-15,"53","33  day ahead inc hosp",2021-06-17,"quantile",0.05,27.0189466463723
"41588",2021-05-15,"53","33  day ahead inc hosp",2021-06-17,"quantile",0.1,32.8547290267161
"41589",2021-05-15,"53","33  day ahead inc hosp",2021-06-17,"quantile",0.15,37.2940850823403
"41590",2021-05-15,"53","33  day ahead inc hosp",2021-06-17,"quantile",0.2,41.1315298282073
"41591",2021-05-15,"53","33  day ahead inc hosp",2021-06-17,"quantile",0.25,44.6533436003826
"41592",2021-05-15,"53","33  day ahead inc hosp",2021-06-17,"quantile",0.3,48.0045196184471
"41593",2021-05-15,"53","33  day ahead inc hosp",2021-06-17,"quantile",0.35,51.2750401405967
"41594",2021-05-15,"53","33  day ahead inc hosp",2021-06-17,"quantile",0.4,54.5303127600364
"41595",2021-05-15,"53","33  day ahead inc hosp",2021-06-17,"quantile",0.45,57.8250159900475
"41596",2021-05-15,"53","33  day ahead inc hosp",2021-06-17,"quantile",0.5,61.2110717855692
"41597",2021-05-15,"53","33  day ahead inc hosp",2021-06-17,"quantile",0.55,64.7437025253183
"41598",2021-05-15,"53","33  day ahead inc hosp",2021-06-17,"quantile",0.6,68.487674664219
"41599",2021-05-15,"53","33  day ahead inc hosp",2021-06-17,"quantile",0.65,72.5256511685263
"41600",2021-05-15,"53","33  day ahead inc hosp",2021-06-17,"quantile",0.7,76.9716160351174
"41601",2021-05-15,"53","33  day ahead inc hosp",2021-06-17,"quantile",0.75,81.9955688343665
"41602",2021-05-15,"53","33  day ahead inc hosp",2021-06-17,"quantile",0.8,87.8751113300665
"41603",2021-05-15,"53","33  day ahead inc hosp",2021-06-17,"quantile",0.85,95.1212931854929
"41604",2021-05-15,"53","33  day ahead inc hosp",2021-06-17,"quantile",0.9,104.864675698323
"41605",2021-05-15,"53","33  day ahead inc hosp",2021-06-17,"quantile",0.95,120.659166112859
"41606",2021-05-15,"53","33  day ahead inc hosp",2021-06-17,"quantile",0.975,135.747472976501
"41607",2021-05-15,"53","33  day ahead inc hosp",2021-06-17,"quantile",0.99,155.022296643604
"41608",2021-05-15,"53","34  day ahead inc hosp",2021-06-18,"quantile",0.01,17.7653483973
"41609",2021-05-15,"53","34  day ahead inc hosp",2021-06-18,"quantile",0.025,22.1565754039796
"41610",2021-05-15,"53","34  day ahead inc hosp",2021-06-18,"quantile",0.05,26.5442809075519
"41611",2021-05-15,"53","34  day ahead inc hosp",2021-06-18,"quantile",0.1,32.3778999654075
"41612",2021-05-15,"53","34  day ahead inc hosp",2021-06-18,"quantile",0.15,36.823871477009
"41613",2021-05-15,"53","34  day ahead inc hosp",2021-06-18,"quantile",0.2,40.671880185216
"41614",2021-05-15,"53","34  day ahead inc hosp",2021-06-18,"quantile",0.25,44.2068739884445
"41615",2021-05-15,"53","34  day ahead inc hosp",2021-06-18,"quantile",0.3,47.5733819982747
"41616",2021-05-15,"53","34  day ahead inc hosp",2021-06-18,"quantile",0.35,50.8612608426679
"41617",2021-05-15,"53","34  day ahead inc hosp",2021-06-18,"quantile",0.4,54.1359740729544
"41618",2021-05-15,"53","34  day ahead inc hosp",2021-06-18,"quantile",0.45,57.4523879769775
"41619",2021-05-15,"53","34  day ahead inc hosp",2021-06-18,"quantile",0.5,60.8627383239105
"41620",2021-05-15,"53","34  day ahead inc hosp",2021-06-18,"quantile",0.55,64.4227095941
"41621",2021-05-15,"53","34  day ahead inc hosp",2021-06-18,"quantile",0.6,68.1977303299729
"41622",2021-05-15,"53","34  day ahead inc hosp",2021-06-18,"quantile",0.65,72.2714216567445
"41623",2021-05-15,"53","34  day ahead inc hosp",2021-06-18,"quantile",0.7,76.7591991969984
"41624",2021-05-15,"53","34  day ahead inc hosp",2021-06-18,"quantile",0.75,81.8333142856861
"41625",2021-05-15,"53","34  day ahead inc hosp",2021-06-18,"quantile",0.8,87.7751873154006
"41626",2021-05-15,"53","34  day ahead inc hosp",2021-06-18,"quantile",0.85,95.10311360142
"41627",2021-05-15,"53","34  day ahead inc hosp",2021-06-18,"quantile",0.9,104.96414992121
"41628",2021-05-15,"53","34  day ahead inc hosp",2021-06-18,"quantile",0.95,120.965876016209
"41629",2021-05-15,"53","34  day ahead inc hosp",2021-06-18,"quantile",0.975,136.268605901455
"41630",2021-05-15,"53","34  day ahead inc hosp",2021-06-18,"quantile",0.99,155.837237501238
"41631",2021-05-15,"53","35  day ahead inc hosp",2021-06-19,"quantile",0.01,17.5039775884777
"41632",2021-05-15,"53","35  day ahead inc hosp",2021-06-19,"quantile",0.025,21.9022719813884
"41633",2021-05-15,"53","35  day ahead inc hosp",2021-06-19,"quantile",0.05,26.306559334649
"41634",2021-05-15,"53","35  day ahead inc hosp",2021-06-19,"quantile",0.1,32.1737261065585
"41635",2021-05-15,"53","35  day ahead inc hosp",2021-06-19,"quantile",0.15,36.6524188126135
"41636",2021-05-15,"53","35  day ahead inc hosp",2021-06-19,"quantile",0.2,40.53294420463
"41637",2021-05-15,"53","35  day ahead inc hosp",2021-06-19,"quantile",0.25,44.1008281764178
"41638",2021-05-15,"53","35  day ahead inc hosp",2021-06-19,"quantile",0.3,47.5010761642699
"41639",2021-05-15,"53","35  day ahead inc hosp",2021-06-19,"quantile",0.35,50.8239822921239
"41640",2021-05-15,"53","35  day ahead inc hosp",2021-06-19,"quantile",0.4,54.1354570319375
"41641",2021-05-15,"53","35  day ahead inc hosp",2021-06-19,"quantile",0.45,57.4908638204203
"41642",2021-05-15,"53","35  day ahead inc hosp",2021-06-19,"quantile",0.5,60.943029327127
"41643",2021-05-15,"53","35  day ahead inc hosp",2021-06-19,"quantile",0.55,64.5483790911035
"41644",2021-05-15,"53","35  day ahead inc hosp",2021-06-19,"quantile",0.6,68.3733162391895
"41645",2021-05-15,"53","35  day ahead inc hosp",2021-06-19,"quantile",0.65,72.5028051540971
"41646",2021-05-15,"53","35  day ahead inc hosp",2021-06-19,"quantile",0.7,77.0542107658207
"41647",2021-05-15,"53","35  day ahead inc hosp",2021-06-19,"quantile",0.75,82.2027943199284
"41648",2021-05-15,"53","35  day ahead inc hosp",2021-06-19,"quantile",0.8,88.2350161472508
"41649",2021-05-15,"53","35  day ahead inc hosp",2021-06-19,"quantile",0.85,95.6786405269205
"41650",2021-05-15,"53","35  day ahead inc hosp",2021-06-19,"quantile",0.9,105.702084912056
"41651",2021-05-15,"53","35  day ahead inc hosp",2021-06-19,"quantile",0.95,121.981689995222
"41652",2021-05-15,"53","35  day ahead inc hosp",2021-06-19,"quantile",0.975,137.564446920658
"41653",2021-05-15,"53","35  day ahead inc hosp",2021-06-19,"quantile",0.99,157.508442723764
"41654",2021-05-15,"53","36  day ahead inc hosp",2021-06-20,"quantile",0.01,17.4084063354721
"41655",2021-05-15,"53","36  day ahead inc hosp",2021-06-20,"quantile",0.025,21.8429034055961
"41656",2021-05-15,"53","36  day ahead inc hosp",2021-06-20,"quantile",0.05,26.2915369453455
"41657",2021-05-15,"53","36  day ahead inc hosp",2021-06-20,"quantile",0.1,32.2275624815216
"41658",2021-05-15,"53","36  day ahead inc hosp",2021-06-20,"quantile",0.15,36.7649039065673
"41659",2021-05-15,"53","36  day ahead inc hosp",2021-06-20,"quantile",0.2,40.6998151403385
"41660",2021-05-15,"53","36  day ahead inc hosp",2021-06-20,"quantile",0.25,44.3202716672573
"41661",2021-05-15,"53","36  day ahead inc hosp",2021-06-20,"quantile",0.3,47.7726792721379
"41662",2021-05-15,"53","36  day ahead inc hosp",2021-06-20,"quantile",0.35,51.1483248575363
"41663",2021-05-15,"53","36  day ahead inc hosp",2021-06-20,"quantile",0.4,54.5139531064685
"41664",2021-05-15,"53","36  day ahead inc hosp",2021-06-20,"quantile",0.45,57.925732798122
"41665",2021-05-15,"53","36  day ahead inc hosp",2021-06-20,"quantile",0.5,61.4373592474242
"41666",2021-05-15,"53","36  day ahead inc hosp",2021-06-20,"quantile",0.55,65.106280368367
"41667",2021-05-15,"53","36  day ahead inc hosp",2021-06-20,"quantile",0.6,69.0001906629111
"41668",2021-05-15,"53","36  day ahead inc hosp",2021-06-20,"quantile",0.65,73.2057897598603
"41669",2021-05-15,"53","36  day ahead inc hosp",2021-06-20,"quantile",0.7,77.84292041844
"41670",2021-05-15,"53","36  day ahead inc hosp",2021-06-20,"quantile",0.75,83.0906294676877
"41671",2021-05-15,"53","36  day ahead inc hosp",2021-06-20,"quantile",0.8,89.2416686666081
"41672",2021-05-15,"53","36  day ahead inc hosp",2021-06-20,"quantile",0.85,96.8355523403608
"41673",2021-05-15,"53","36  day ahead inc hosp",2021-06-20,"quantile",0.9,107.067056038945
"41674",2021-05-15,"53","36  day ahead inc hosp",2021-06-20,"quantile",0.95,123.696801699315
"41675",2021-05-15,"53","36  day ahead inc hosp",2021-06-20,"quantile",0.975,139.6268919991
"41676",2021-05-15,"53","36  day ahead inc hosp",2021-06-20,"quantile",0.99,160.030162694479
"41677",2021-05-15,"53","37  day ahead inc hosp",2021-06-21,"quantile",0.01,16.9976184546591
"41678",2021-05-15,"53","37  day ahead inc hosp",2021-06-21,"quantile",0.025,21.4080535952451
"41679",2021-05-15,"53","37  day ahead inc hosp",2021-06-21,"quantile",0.05,25.8435599707271
"41680",2021-05-15,"53","37  day ahead inc hosp",2021-06-21,"quantile",0.1,31.7753914354247
"41681",2021-05-15,"53","37  day ahead inc hosp",2021-06-21,"quantile",0.15,36.3178190579165
"41682",2021-05-15,"53","37  day ahead inc hosp",2021-06-21,"quantile",0.2,40.2620081806626
"41683",2021-05-15,"53","37  day ahead inc hosp",2021-06-21,"quantile",0.25,43.8945038587564
"41684",2021-05-15,"53","37  day ahead inc hosp",2021-06-21,"quantile",0.3,47.3611981986829
"41685",2021-05-15,"53","37  day ahead inc hosp",2021-06-21,"quantile",0.35,50.7532230980923
"41686",2021-05-15,"53","37  day ahead inc hosp",2021-06-21,"quantile",0.4,54.1373598226303
"41687",2021-05-15,"53","37  day ahead inc hosp",2021-06-21,"quantile",0.45,57.5699510387789
"41688",2021-05-15,"53","37  day ahead inc hosp",2021-06-21,"quantile",0.5,61.1049951846636
"41689",2021-05-15,"53","37  day ahead inc hosp",2021-06-21,"quantile",0.55,64.8003934834037
"41690",2021-05-15,"53","37  day ahead inc hosp",2021-06-21,"quantile",0.6,68.7244948239293
"41691",2021-05-15,"53","37  day ahead inc hosp",2021-06-21,"quantile",0.65,72.9649498459179
"41692",2021-05-15,"53","37  day ahead inc hosp",2021-06-21,"quantile",0.7,77.6430259830398
"41693",2021-05-15,"53","37  day ahead inc hosp",2021-06-21,"quantile",0.75,82.9400149609431
"41694",2021-05-15,"53","37  day ahead inc hosp",2021-06-21,"quantile",0.8,89.1524809216353
"41695",2021-05-15,"53","37  day ahead inc hosp",2021-06-21,"quantile",0.85,96.8271812396884
"41696",2021-05-15,"53","37  day ahead inc hosp",2021-06-21,"quantile",0.9,107.175403206239
"41697",2021-05-15,"53","37  day ahead inc hosp",2021-06-21,"quantile",0.95,124.011586694782
"41698",2021-05-15,"53","37  day ahead inc hosp",2021-06-21,"quantile",0.975,140.156111436013
"41699",2021-05-15,"53","37  day ahead inc hosp",2021-06-21,"quantile",0.99,160.85421389097
"41700",2021-05-15,"54","1  day ahead inc hosp",2021-05-16,"quantile",0.01,17.5516698089444
"41701",2021-05-15,"54","1  day ahead inc hosp",2021-05-16,"quantile",0.025,19.4215376568565
"41702",2021-05-15,"54","1  day ahead inc hosp",2021-05-16,"quantile",0.05,21.1458917906714
"41703",2021-05-15,"54","1  day ahead inc hosp",2021-05-16,"quantile",0.1,23.2737027547846
"41704",2021-05-15,"54","1  day ahead inc hosp",2021-05-16,"quantile",0.15,24.7973886824675
"41705",2021-05-15,"54","1  day ahead inc hosp",2021-05-16,"quantile",0.2,26.0607577752379
"41706",2021-05-15,"54","1  day ahead inc hosp",2021-05-16,"quantile",0.25,27.1825627822752
"41707",2021-05-15,"54","1  day ahead inc hosp",2021-05-16,"quantile",0.3,28.2204948776338
"41708",2021-05-15,"54","1  day ahead inc hosp",2021-05-16,"quantile",0.35,29.2085653501651
"41709",2021-05-15,"54","1  day ahead inc hosp",2021-05-16,"quantile",0.4,30.1699245312195
"41710",2021-05-15,"54","1  day ahead inc hosp",2021-05-16,"quantile",0.45,31.1224504051772
"41711",2021-05-15,"54","1  day ahead inc hosp",2021-05-16,"quantile",0.5,32.0817219754931
"41712",2021-05-15,"54","1  day ahead inc hosp",2021-05-16,"quantile",0.55,33.062999870957
"41713",2021-05-15,"54","1  day ahead inc hosp",2021-05-16,"quantile",0.6,34.0829711345577
"41714",2021-05-15,"54","1  day ahead inc hosp",2021-05-16,"quantile",0.65,35.1618083936503
"41715",2021-05-15,"54","1  day ahead inc hosp",2021-05-16,"quantile",0.7,36.3262485543239
"41716",2021-05-15,"54","1  day ahead inc hosp",2021-05-16,"quantile",0.75,37.6150572560739
"41717",2021-05-15,"54","1  day ahead inc hosp",2021-05-16,"quantile",0.8,39.0902357161967
"41718",2021-05-15,"54","1  day ahead inc hosp",2021-05-16,"quantile",0.85,40.8640287592661
"41719",2021-05-15,"54","1  day ahead inc hosp",2021-05-16,"quantile",0.9,43.1808317781771
"41720",2021-05-15,"54","1  day ahead inc hosp",2021-05-16,"quantile",0.95,46.7941679896774
"41721",2021-05-15,"54","1  day ahead inc hosp",2021-05-16,"quantile",0.975,50.1077933014864
"41722",2021-05-15,"54","1  day ahead inc hosp",2021-05-16,"quantile",0.99,54.178447688342
"41723",2021-05-15,"54","2  day ahead inc hosp",2021-05-17,"quantile",0.01,17.9479218695614
"41724",2021-05-15,"54","2  day ahead inc hosp",2021-05-17,"quantile",0.025,19.9265831177302
"41725",2021-05-15,"54","2  day ahead inc hosp",2021-05-17,"quantile",0.05,21.7554223617126
"41726",2021-05-15,"54","2  day ahead inc hosp",2021-05-17,"quantile",0.1,24.0170624426847
"41727",2021-05-15,"54","2  day ahead inc hosp",2021-05-17,"quantile",0.15,25.6395879767409
"41728",2021-05-15,"54","2  day ahead inc hosp",2021-05-17,"quantile",0.2,26.9866575034596
"41729",2021-05-15,"54","2  day ahead inc hosp",2021-05-17,"quantile",0.25,28.1840298895332
"41730",2021-05-15,"54","2  day ahead inc hosp",2021-05-17,"quantile",0.3,29.2928692055393
"41731",2021-05-15,"54","2  day ahead inc hosp",2021-05-17,"quantile",0.35,30.349283899003
"41732",2021-05-15,"54","2  day ahead inc hosp",2021-05-17,"quantile",0.4,31.3778960711256
"41733",2021-05-15,"54","2  day ahead inc hosp",2021-05-17,"quantile",0.45,32.3977636990223
"41734",2021-05-15,"54","2  day ahead inc hosp",2021-05-17,"quantile",0.5,33.4255379280897
"41735",2021-05-15,"54","2  day ahead inc hosp",2021-05-17,"quantile",0.55,34.4775739069474
"41736",2021-05-15,"54","2  day ahead inc hosp",2021-05-17,"quantile",0.6,35.5717995588453
"41737",2021-05-15,"54","2  day ahead inc hosp",2021-05-17,"quantile",0.65,36.7299310125472
"41738",2021-05-15,"54","2  day ahead inc hosp",2021-05-17,"quantile",0.7,37.9807942755522
"41739",2021-05-15,"54","2  day ahead inc hosp",2021-05-17,"quantile",0.75,39.3662294285452
"41740",2021-05-15,"54","2  day ahead inc hosp",2021-05-17,"quantile",0.8,40.9532081315404
"41741",2021-05-15,"54","2  day ahead inc hosp",2021-05-17,"quantile",0.85,42.8630497266121
"41742",2021-05-15,"54","2  day ahead inc hosp",2021-05-17,"quantile",0.9,45.3600615292372
"41743",2021-05-15,"54","2  day ahead inc hosp",2021-05-17,"quantile",0.95,49.2597264257873
"41744",2021-05-15,"54","2  day ahead inc hosp",2021-05-17,"quantile",0.975,52.8411209943439
"41745",2021-05-15,"54","2  day ahead inc hosp",2021-05-17,"quantile",0.99,57.2469092055726
"41746",2021-05-15,"54","3  day ahead inc hosp",2021-05-18,"quantile",0.01,16.5067031504299
"41747",2021-05-15,"54","3  day ahead inc hosp",2021-05-18,"quantile",0.025,18.4370814691932
"41748",2021-05-15,"54","3  day ahead inc hosp",2021-05-18,"quantile",0.05,20.2286016411838
"41749",2021-05-15,"54","3  day ahead inc hosp",2021-05-18,"quantile",0.1,22.4527146309552
"41750",2021-05-15,"54","3  day ahead inc hosp",2021-05-18,"quantile",0.15,24.0536207477509
"41751",2021-05-15,"54","3  day ahead inc hosp",2021-05-18,"quantile",0.2,25.3858259954647
"41752",2021-05-15,"54","3  day ahead inc hosp",2021-05-18,"quantile",0.25,26.5721874241828
"41753",2021-05-15,"54","3  day ahead inc hosp",2021-05-18,"quantile",0.3,27.6725801916058
"41754",2021-05-15,"54","3  day ahead inc hosp",2021-05-18,"quantile",0.35,28.7224401034228
"41755",2021-05-15,"54","3  day ahead inc hosp",2021-05-18,"quantile",0.4,29.746009364664
"41756",2021-05-15,"54","3  day ahead inc hosp",2021-05-18,"quantile",0.45,30.762129107818
"41757",2021-05-15,"54","3  day ahead inc hosp",2021-05-18,"quantile",0.5,31.7873390009036
"41758",2021-05-15,"54","3  day ahead inc hosp",2021-05-18,"quantile",0.55,32.837963264698
"41759",2021-05-15,"54","3  day ahead inc hosp",2021-05-18,"quantile",0.6,33.9319739374867
"41760",2021-05-15,"54","3  day ahead inc hosp",2021-05-18,"quantile",0.65,35.0912173790898
"41761",2021-05-15,"54","3  day ahead inc hosp",2021-05-18,"quantile",0.7,36.3447690515039
"41762",2021-05-15,"54","3  day ahead inc hosp",2021-05-18,"quantile",0.75,37.7349114994396
"41763",2021-05-15,"54","3  day ahead inc hosp",2021-05-18,"quantile",0.8,39.3294188810148
"41764",2021-05-15,"54","3  day ahead inc hosp",2021-05-18,"quantile",0.85,41.2511996317143
"41765",2021-05-15,"54","3  day ahead inc hosp",2021-05-18,"quantile",0.9,43.7682969037115
"41766",2021-05-15,"54","3  day ahead inc hosp",2021-05-18,"quantile",0.95,47.7087338556169
"41767",2021-05-15,"54","3  day ahead inc hosp",2021-05-18,"quantile",0.975,51.3368429349304
"41768",2021-05-15,"54","3  day ahead inc hosp",2021-05-18,"quantile",0.99,55.8111683161223
"41769",2021-05-15,"54","4  day ahead inc hosp",2021-05-19,"quantile",0.01,17.146327778884
"41770",2021-05-15,"54","4  day ahead inc hosp",2021-05-19,"quantile",0.025,19.2020365788766
"41771",2021-05-15,"54","4  day ahead inc hosp",2021-05-19,"quantile",0.05,21.1132861931758
"41772",2021-05-15,"54","4  day ahead inc hosp",2021-05-19,"quantile",0.1,23.4900677268677
"41773",2021-05-15,"54","4  day ahead inc hosp",2021-05-19,"quantile",0.15,25.2033396883308
"41774",2021-05-15,"54","4  day ahead inc hosp",2021-05-19,"quantile",0.2,26.6304903484138
"41775",2021-05-15,"54","4  day ahead inc hosp",2021-05-19,"quantile",0.25,27.9024299094523
"41776",2021-05-15,"54","4  day ahead inc hosp",2021-05-19,"quantile",0.3,29.0830157390127
"41777",2021-05-15,"54","4  day ahead inc hosp",2021-05-19,"quantile",0.35,30.2100819669626
"41778",2021-05-15,"54","4  day ahead inc hosp",2021-05-19,"quantile",0.4,31.3095486206825
"41779",2021-05-15,"54","4  day ahead inc hosp",2021-05-19,"quantile",0.45,32.4015971429681
"41780",2021-05-15,"54","4  day ahead inc hosp",2021-05-19,"quantile",0.5,33.503980354274
"41781",2021-05-15,"54","4  day ahead inc hosp",2021-05-19,"quantile",0.55,34.6342565236034
"41782",2021-05-15,"54","4  day ahead inc hosp",2021-05-19,"quantile",0.6,35.8117926034809
"41783",2021-05-15,"54","4  day ahead inc hosp",2021-05-19,"quantile",0.65,37.0601661843353
"41784",2021-05-15,"54","4  day ahead inc hosp",2021-05-19,"quantile",0.7,38.4107922646955
"41785",2021-05-15,"54","4  day ahead inc hosp",2021-05-19,"quantile",0.75,39.9093927826586
"41786",2021-05-15,"54","4  day ahead inc hosp",2021-05-19,"quantile",0.8,41.6292984597638
"41787",2021-05-15,"54","4  day ahead inc hosp",2021-05-19,"quantile",0.85,43.7035573062314
"41788",2021-05-15,"54","4  day ahead inc hosp",2021-05-19,"quantile",0.9,46.4224525039839
"41789",2021-05-15,"54","4  day ahead inc hosp",2021-05-19,"quantile",0.95,50.6831821591796
"41790",2021-05-15,"54","4  day ahead inc hosp",2021-05-19,"quantile",0.975,54.6105182060822
"41791",2021-05-15,"54","4  day ahead inc hosp",2021-05-19,"quantile",0.99,59.4590216648261
"41792",2021-05-15,"54","5  day ahead inc hosp",2021-05-20,"quantile",0.01,16.0844435521682
"41793",2021-05-15,"54","5  day ahead inc hosp",2021-05-20,"quantile",0.025,18.1103902523378
"41794",2021-05-15,"54","5  day ahead inc hosp",2021-05-20,"quantile",0.05,20.0008784302357
"41795",2021-05-15,"54","5  day ahead inc hosp",2021-05-20,"quantile",0.1,22.3600083079855
"41796",2021-05-15,"54","5  day ahead inc hosp",2021-05-20,"quantile",0.15,24.0655821655461
"41797",2021-05-15,"54","5  day ahead inc hosp",2021-05-20,"quantile",0.2,25.4892455719188
"41798",2021-05-15,"54","5  day ahead inc hosp",2021-05-20,"quantile",0.25,26.7601658991548
"41799",2021-05-15,"54","5  day ahead inc hosp",2021-05-20,"quantile",0.3,27.9414672088696
"41800",2021-05-15,"54","5  day ahead inc hosp",2021-05-20,"quantile",0.35,29.0706339247823
"41801",2021-05-15,"54","5  day ahead inc hosp",2021-05-20,"quantile",0.4,30.1734223013369
"41802",2021-05-15,"54","5  day ahead inc hosp",2021-05-20,"quantile",0.45,31.2699604838876
"41803",2021-05-15,"54","5  day ahead inc hosp",2021-05-20,"quantile",0.5,32.3780291123668
"41804",2021-05-15,"54","5  day ahead inc hosp",2021-05-20,"quantile",0.55,33.515288862101
"41805",2021-05-15,"54","5  day ahead inc hosp",2021-05-20,"quantile",0.6,34.7012936183842
"41806",2021-05-15,"54","5  day ahead inc hosp",2021-05-20,"quantile",0.65,35.9599210464927
"41807",2021-05-15,"54","5  day ahead inc hosp",2021-05-20,"quantile",0.7,37.3230580809028
"41808",2021-05-15,"54","5  day ahead inc hosp",2021-05-20,"quantile",0.75,38.8371891929663
"41809",2021-05-15,"54","5  day ahead inc hosp",2021-05-20,"quantile",0.8,40.5769570206482
"41810",2021-05-15,"54","5  day ahead inc hosp",2021-05-20,"quantile",0.85,42.677918171117
"41811",2021-05-15,"54","5  day ahead inc hosp",2021-05-20,"quantile",0.9,45.4360901362371
"41812",2021-05-15,"54","5  day ahead inc hosp",2021-05-20,"quantile",0.95,49.7673658113279
"41813",2021-05-15,"54","5  day ahead inc hosp",2021-05-20,"quantile",0.975,53.7686037330787
"41814",2021-05-15,"54","5  day ahead inc hosp",2021-05-20,"quantile",0.99,58.7189528068478
"41815",2021-05-15,"54","6  day ahead inc hosp",2021-05-21,"quantile",0.01,14.3977692655757
"41816",2021-05-15,"54","6  day ahead inc hosp",2021-05-21,"quantile",0.025,16.3229906037772
"41817",2021-05-15,"54","6  day ahead inc hosp",2021-05-21,"quantile",0.05,18.1278593585237
"41818",2021-05-15,"54","6  day ahead inc hosp",2021-05-21,"quantile",0.1,20.3900585537147
"41819",2021-05-15,"54","6  day ahead inc hosp",2021-05-21,"quantile",0.15,22.0316625976231
"41820",2021-05-15,"54","6  day ahead inc hosp",2021-05-21,"quantile",0.2,23.4054879249366
"41821",2021-05-15,"54","6  day ahead inc hosp",2021-05-21,"quantile",0.25,24.6344599742233
"41822",2021-05-15,"54","6  day ahead inc hosp",2021-05-21,"quantile",0.3,25.7787949668547
"41823",2021-05-15,"54","6  day ahead inc hosp",2021-05-21,"quantile",0.35,26.8743545148495
"41824",2021-05-15,"54","6  day ahead inc hosp",2021-05-21,"quantile",0.4,27.9458729358821
"41825",2021-05-15,"54","6  day ahead inc hosp",2021-05-21,"quantile",0.45,29.0127708839373
"41826",2021-05-15,"54","6  day ahead inc hosp",2021-05-21,"quantile",0.5,30.0922955739933
"41827",2021-05-15,"54","6  day ahead inc hosp",2021-05-21,"quantile",0.55,31.2016693740171
"41828",2021-05-15,"54","6  day ahead inc hosp",2021-05-21,"quantile",0.6,32.360051002805
"41829",2021-05-15,"54","6  day ahead inc hosp",2021-05-21,"quantile",0.65,33.5909236912431
"41830",2021-05-15,"54","6  day ahead inc hosp",2021-05-21,"quantile",0.7,34.925735163417
"41831",2021-05-15,"54","6  day ahead inc hosp",2021-05-21,"quantile",0.75,36.4104214814329
"41832",2021-05-15,"54","6  day ahead inc hosp",2021-05-21,"quantile",0.8,38.1188528615567
"41833",2021-05-15,"54","6  day ahead inc hosp",2021-05-21,"quantile",0.85,40.1853397980348
"41834",2021-05-15,"54","6  day ahead inc hosp",2021-05-21,"quantile",0.9,42.9034987548293
"41835",2021-05-15,"54","6  day ahead inc hosp",2021-05-21,"quantile",0.95,47.1829891292271
"41836",2021-05-15,"54","6  day ahead inc hosp",2021-05-21,"quantile",0.975,51.1472997838405
"41837",2021-05-15,"54","6  day ahead inc hosp",2021-05-21,"quantile",0.99,56.0650206236924
"41838",2021-05-15,"54","7  day ahead inc hosp",2021-05-22,"quantile",0.01,14.861236450745
"41839",2021-05-15,"54","7  day ahead inc hosp",2021-05-22,"quantile",0.025,16.8902854091732
"41840",2021-05-15,"54","7  day ahead inc hosp",2021-05-22,"quantile",0.05,18.7956847551388
"41841",2021-05-15,"54","7  day ahead inc hosp",2021-05-22,"quantile",0.1,21.1876679154685
"41842",2021-05-15,"54","7  day ahead inc hosp",2021-05-22,"quantile",0.15,22.9257790390303
"41843",2021-05-15,"54","7  day ahead inc hosp",2021-05-22,"quantile",0.2,24.3817238306519
"41844",2021-05-15,"54","7  day ahead inc hosp",2021-05-22,"quantile",0.25,25.6851244067183
"41845",2021-05-15,"54","7  day ahead inc hosp",2021-05-22,"quantile",0.3,26.899532090396
"41846",2021-05-15,"54","7  day ahead inc hosp",2021-05-22,"quantile",0.35,28.0628346504075
"41847",2021-05-15,"54","7  day ahead inc hosp",2021-05-22,"quantile",0.4,29.2011996796797
"41848",2021-05-15,"54","7  day ahead inc hosp",2021-05-22,"quantile",0.45,30.3352081709652
"41849",2021-05-15,"54","7  day ahead inc hosp",2021-05-22,"quantile",0.5,31.4831728330313
"41850",2021-05-15,"54","7  day ahead inc hosp",2021-05-22,"quantile",0.55,32.663414841013
"41851",2021-05-15,"54","7  day ahead inc hosp",2021-05-22,"quantile",0.6,33.8963494297081
"41852",2021-05-15,"54","7  day ahead inc hosp",2021-05-22,"quantile",0.65,35.2070332475401
"41853",2021-05-15,"54","7  day ahead inc hosp",2021-05-22,"quantile",0.7,36.6290540512927
"41854",2021-05-15,"54","7  day ahead inc hosp",2021-05-22,"quantile",0.75,38.2115084588764
"41855",2021-05-15,"54","7  day ahead inc hosp",2021-05-22,"quantile",0.8,40.0333899665599
"41856",2021-05-15,"54","7  day ahead inc hosp",2021-05-22,"quantile",0.85,42.2383833453931
"41857",2021-05-15,"54","7  day ahead inc hosp",2021-05-22,"quantile",0.9,45.1407193994217
"41858",2021-05-15,"54","7  day ahead inc hosp",2021-05-22,"quantile",0.95,49.714376893454
"41859",2021-05-15,"54","7  day ahead inc hosp",2021-05-22,"quantile",0.975,53.9553337497141
"41860",2021-05-15,"54","7  day ahead inc hosp",2021-05-22,"quantile",0.99,59.2211917776417
"41861",2021-05-15,"54","8  day ahead inc hosp",2021-05-23,"quantile",0.01,13.8318187325186
"41862",2021-05-15,"54","8  day ahead inc hosp",2021-05-23,"quantile",0.025,15.8101782374581
"41863",2021-05-15,"54","8  day ahead inc hosp",2021-05-23,"quantile",0.05,17.6751431809021
"41864",2021-05-15,"54","8  day ahead inc hosp",2021-05-23,"quantile",0.1,20.0248653744265
"41865",2021-05-15,"54","8  day ahead inc hosp",2021-05-23,"quantile",0.15,21.7375078725028
"41866",2021-05-15,"54","8  day ahead inc hosp",2021-05-23,"quantile",0.2,23.1751725439099
"41867",2021-05-15,"54","8  day ahead inc hosp",2021-05-23,"quantile",0.25,24.4643915774784
"41868",2021-05-15,"54","8  day ahead inc hosp",2021-05-23,"quantile",0.3,25.6673246613521
"41869",2021-05-15,"54","8  day ahead inc hosp",2021-05-23,"quantile",0.35,26.8211203021033
"41870",2021-05-15,"54","8  day ahead inc hosp",2021-05-23,"quantile",0.4,27.9515166690673
"41871",2021-05-15,"54","8  day ahead inc hosp",2021-05-23,"quantile",0.45,29.0788363084628
"41872",2021-05-15,"54","8  day ahead inc hosp",2021-05-23,"quantile",0.5,30.221241306748
"41873",2021-05-15,"54","8  day ahead inc hosp",2021-05-23,"quantile",0.55,31.3969810305258
"41874",2021-05-15,"54","8  day ahead inc hosp",2021-05-23,"quantile",0.6,32.6264679544163
"41875",2021-05-15,"54","8  day ahead inc hosp",2021-05-23,"quantile",0.65,33.9348305299694
"41876",2021-05-15,"54","8  day ahead inc hosp",2021-05-23,"quantile",0.7,35.3558272640618
"41877",2021-05-15,"54","8  day ahead inc hosp",2021-05-23,"quantile",0.75,36.9388825443653
"41878",2021-05-15,"54","8  day ahead inc hosp",2021-05-23,"quantile",0.8,38.7636095209462
"41879",2021-05-15,"54","8  day ahead inc hosp",2021-05-23,"quantile",0.85,40.974954368463
"41880",2021-05-15,"54","8  day ahead inc hosp",2021-05-23,"quantile",0.9,43.8901825110583
"41881",2021-05-15,"54","8  day ahead inc hosp",2021-05-23,"quantile",0.95,48.493714190094
"41882",2021-05-15,"54","8  day ahead inc hosp",2021-05-23,"quantile",0.975,52.7718192208531
"41883",2021-05-15,"54","8  day ahead inc hosp",2021-05-23,"quantile",0.99,58.0951184705392
"41884",2021-05-15,"54","9  day ahead inc hosp",2021-05-24,"quantile",0.01,14.6374052798251
"41885",2021-05-15,"54","9  day ahead inc hosp",2021-05-24,"quantile",0.025,16.7550471426002
"41886",2021-05-15,"54","9  day ahead inc hosp",2021-05-24,"quantile",0.05,18.7532479007413
"41887",2021-05-15,"54","9  day ahead inc hosp",2021-05-24,"quantile",0.1,21.2731332548347
"41888",2021-05-15,"54","9  day ahead inc hosp",2021-05-24,"quantile",0.15,23.1112165277749
"41889",2021-05-15,"54","9  day ahead inc hosp",2021-05-24,"quantile",0.2,24.6550048625345
"41890",2021-05-15,"54","9  day ahead inc hosp",2021-05-24,"quantile",0.25,26.0399781293499
"41891",2021-05-15,"54","9  day ahead inc hosp",2021-05-24,"quantile",0.3,27.3327250672307
"41892",2021-05-15,"54","9  day ahead inc hosp",2021-05-24,"quantile",0.35,28.5730656819448
"41893",2021-05-15,"54","9  day ahead inc hosp",2021-05-24,"quantile",0.4,29.7886111294697
"41894",2021-05-15,"54","9  day ahead inc hosp",2021-05-24,"quantile",0.45,31.0011843524883
"41895",2021-05-15,"54","9  day ahead inc hosp",2021-05-24,"quantile",0.5,32.2303097858194
"41896",2021-05-15,"54","9  day ahead inc hosp",2021-05-24,"quantile",0.55,33.49562694714
"41897",2021-05-15,"54","9  day ahead inc hosp",2021-05-24,"quantile",0.6,34.8191239790685
"41898",2021-05-15,"54","9  day ahead inc hosp",2021-05-24,"quantile",0.65,36.2278891603951
"41899",2021-05-15,"54","9  day ahead inc hosp",2021-05-24,"quantile",0.7,37.7583338054591
"41900",2021-05-15,"54","9  day ahead inc hosp",2021-05-24,"quantile",0.75,39.463787032367
"41901",2021-05-15,"54","9  day ahead inc hosp",2021-05-24,"quantile",0.8,41.4301764068986
"41902",2021-05-15,"54","9  day ahead inc hosp",2021-05-24,"quantile",0.85,43.8139802461415
"41903",2021-05-15,"54","9  day ahead inc hosp",2021-05-24,"quantile",0.9,46.9577800794949
"41904",2021-05-15,"54","9  day ahead inc hosp",2021-05-24,"quantile",0.95,51.9248256641613
"41905",2021-05-15,"54","9  day ahead inc hosp",2021-05-24,"quantile",0.975,56.5432856921645
"41906",2021-05-15,"54","9  day ahead inc hosp",2021-05-24,"quantile",0.99,62.2931319068208
"41907",2021-05-15,"54","10  day ahead inc hosp",2021-05-25,"quantile",0.01,14.4942403356193
"41908",2021-05-15,"54","10  day ahead inc hosp",2021-05-25,"quantile",0.025,16.6499664721069
"41909",2021-05-15,"54","10  day ahead inc hosp",2021-05-25,"quantile",0.05,18.6889622508463
"41910",2021-05-15,"54","10  day ahead inc hosp",2021-05-25,"quantile",0.1,21.26605946484
"41911",2021-05-15,"54","10  day ahead inc hosp",2021-05-25,"quantile",0.15,23.1494297869889
"41912",2021-05-15,"54","10  day ahead inc hosp",2021-05-25,"quantile",0.2,24.7333260001564
"41913",2021-05-15,"54","10  day ahead inc hosp",2021-05-25,"quantile",0.25,26.1557623247494
"41914",2021-05-15,"54","10  day ahead inc hosp",2021-05-25,"quantile",0.3,27.4846573190049
"41915",2021-05-15,"54","10  day ahead inc hosp",2021-05-25,"quantile",0.35,28.7606881650335
"41916",2021-05-15,"54","10  day ahead inc hosp",2021-05-25,"quantile",0.4,30.0121160455402
"41917",2021-05-15,"54","10  day ahead inc hosp",2021-05-25,"quantile",0.45,31.2613319662496
"41918",2021-05-15,"54","10  day ahead inc hosp",2021-05-25,"quantile",0.5,32.5284227476318
"41919",2021-05-15,"54","10  day ahead inc hosp",2021-05-25,"quantile",0.55,33.8336472228127
"41920",2021-05-15,"54","10  day ahead inc hosp",2021-05-25,"quantile",0.6,35.1997391977006
"41921",2021-05-15,"54","10  day ahead inc hosp",2021-05-25,"quantile",0.65,36.6547562848047
"41922",2021-05-15,"54","10  day ahead inc hosp",2021-05-25,"quantile",0.7,38.2364628966774
"41923",2021-05-15,"54","10  day ahead inc hosp",2021-05-25,"quantile",0.75,40.0002225462123
"41924",2021-05-15,"54","10  day ahead inc hosp",2021-05-25,"quantile",0.8,42.0353029573741
"41925",2021-05-15,"54","10  day ahead inc hosp",2021-05-25,"quantile",0.85,44.504355830293
"41926",2021-05-15,"54","10  day ahead inc hosp",2021-05-25,"quantile",0.9,47.7636655312371
"41927",2021-05-15,"54","10  day ahead inc hosp",2021-05-25,"quantile",0.95,52.919715371001
"41928",2021-05-15,"54","10  day ahead inc hosp",2021-05-25,"quantile",0.975,57.7203461317939
"41929",2021-05-15,"54","10  day ahead inc hosp",2021-05-25,"quantile",0.99,63.7046948471148
"41930",2021-05-15,"54","11  day ahead inc hosp",2021-05-26,"quantile",0.01,12.7229827756924
"41931",2021-05-15,"54","11  day ahead inc hosp",2021-05-26,"quantile",0.025,14.7289169326782
"41932",2021-05-15,"54","11  day ahead inc hosp",2021-05-26,"quantile",0.05,16.6361551692963
"41933",2021-05-15,"54","11  day ahead inc hosp",2021-05-26,"quantile",0.1,19.0585310975999
"41934",2021-05-15,"54","11  day ahead inc hosp",2021-05-26,"quantile",0.15,20.8361233056448
"41935",2021-05-15,"54","11  day ahead inc hosp",2021-05-26,"quantile",0.2,22.3353185650913
"41936",2021-05-15,"54","11  day ahead inc hosp",2021-05-26,"quantile",0.25,23.6847358120036
"41937",2021-05-15,"54","11  day ahead inc hosp",2021-05-26,"quantile",0.3,24.9478432098386
"41938",2021-05-15,"54","11  day ahead inc hosp",2021-05-26,"quantile",0.35,26.1627805330275
"41939",2021-05-15,"54","11  day ahead inc hosp",2021-05-26,"quantile",0.4,27.3561612932435
"41940",2021-05-15,"54","11  day ahead inc hosp",2021-05-26,"quantile",0.45,28.5491835171308
"41941",2021-05-15,"54","11  day ahead inc hosp",2021-05-26,"quantile",0.5,29.7609758460768
"41942",2021-05-15,"54","11  day ahead inc hosp",2021-05-26,"quantile",0.55,31.0109414751403
"41943",2021-05-15,"54","11  day ahead inc hosp",2021-05-26,"quantile",0.6,32.3209618714344
"41944",2021-05-15,"54","11  day ahead inc hosp",2021-05-26,"quantile",0.65,33.7181471824161
"41945",2021-05-15,"54","11  day ahead inc hosp",2021-05-26,"quantile",0.7,35.2390898528053
"41946",2021-05-15,"54","11  day ahead inc hosp",2021-05-26,"quantile",0.75,36.9375437114588
"41947",2021-05-15,"54","11  day ahead inc hosp",2021-05-26,"quantile",0.8,38.9003095611796
"41948",2021-05-15,"54","11  day ahead inc hosp",2021-05-26,"quantile",0.85,41.2857324661646
"41949",2021-05-15,"54","11  day ahead inc hosp",2021-05-26,"quantile",0.9,44.4410531366901
"41950",2021-05-15,"54","11  day ahead inc hosp",2021-05-26,"quantile",0.95,49.4461407786818
"41951",2021-05-15,"54","11  day ahead inc hosp",2021-05-26,"quantile",0.975,54.1196227962035
"41952",2021-05-15,"54","11  day ahead inc hosp",2021-05-26,"quantile",0.99,59.9615594295378
"41953",2021-05-15,"54","12  day ahead inc hosp",2021-05-27,"quantile",0.01,13.2737754842063
"41954",2021-05-15,"54","12  day ahead inc hosp",2021-05-27,"quantile",0.025,15.3913597751838
"41955",2021-05-15,"54","12  day ahead inc hosp",2021-05-27,"quantile",0.05,17.4069409617934
"41956",2021-05-15,"54","12  day ahead inc hosp",2021-05-27,"quantile",0.1,19.9695215058706
"41957",2021-05-15,"54","12  day ahead inc hosp",2021-05-27,"quantile",0.15,21.851601881533
"41958",2021-05-15,"54","12  day ahead inc hosp",2021-05-27,"quantile",0.2,23.4398554228156
"41959",2021-05-15,"54","12  day ahead inc hosp",2021-05-27,"quantile",0.25,24.8701019548001
"41960",2021-05-15,"54","12  day ahead inc hosp",2021-05-27,"quantile",0.3,26.209401319344
"41961",2021-05-15,"54","12  day ahead inc hosp",2021-05-27,"quantile",0.35,27.498080021217
"41962",2021-05-15,"54","12  day ahead inc hosp",2021-05-27,"quantile",0.4,28.7643030010958
"41963",2021-05-15,"54","12  day ahead inc hosp",2021-05-27,"quantile",0.45,30.0305288918233
"41964",2021-05-15,"54","12  day ahead inc hosp",2021-05-27,"quantile",0.5,31.3170485562929
"41965",2021-05-15,"54","12  day ahead inc hosp",2021-05-27,"quantile",0.55,32.6444683663287
"41966",2021-05-15,"54","12  day ahead inc hosp",2021-05-27,"quantile",0.6,34.0360501621497
"41967",2021-05-15,"54","12  day ahead inc hosp",2021-05-27,"quantile",0.65,35.5206370101039
"41968",2021-05-15,"54","12  day ahead inc hosp",2021-05-27,"quantile",0.7,37.1371827785948
"41969",2021-05-15,"54","12  day ahead inc hosp",2021-05-27,"quantile",0.75,38.9429336779217
"41970",2021-05-15,"54","12  day ahead inc hosp",2021-05-27,"quantile",0.8,41.0303577968416
"41971",2021-05-15,"54","12  day ahead inc hosp",2021-05-27,"quantile",0.85,43.5681795311087
"41972",2021-05-15,"54","12  day ahead inc hosp",2021-05-27,"quantile",0.9,46.926485670737
"41973",2021-05-15,"54","12  day ahead inc hosp",2021-05-27,"quantile",0.95,52.2565144723435
"41974",2021-05-15,"54","12  day ahead inc hosp",2021-05-27,"quantile",0.975,57.2363358553683
"41975",2021-05-15,"54","12  day ahead inc hosp",2021-05-27,"quantile",0.99,63.4647123083734
"41976",2021-05-15,"54","13  day ahead inc hosp",2021-05-28,"quantile",0.01,13.2799479153869
"41977",2021-05-15,"54","13  day ahead inc hosp",2021-05-28,"quantile",0.025,15.4454478564894
"41978",2021-05-15,"54","13  day ahead inc hosp",2021-05-28,"quantile",0.05,17.5108578987448
"41979",2021-05-15,"54","13  day ahead inc hosp",2021-05-28,"quantile",0.1,20.1418126885959
"41980",2021-05-15,"54","13  day ahead inc hosp",2021-05-28,"quantile",0.15,22.0772106762866
"41981",2021-05-15,"54","13  day ahead inc hosp",2021-05-28,"quantile",0.2,23.7122664267989
"41982",2021-05-15,"54","13  day ahead inc hosp",2021-05-28,"quantile",0.25,25.1859531749455
"41983",2021-05-15,"54","13  day ahead inc hosp",2021-05-28,"quantile",0.3,26.5669619669226
"41984",2021-05-15,"54","13  day ahead inc hosp",2021-05-28,"quantile",0.35,27.896655309203
"41985",2021-05-15,"54","13  day ahead inc hosp",2021-05-28,"quantile",0.4,29.2039713146003
"41986",2021-05-15,"54","13  day ahead inc hosp",2021-05-28,"quantile",0.45,30.5120334226549
"41987",2021-05-15,"54","13  day ahead inc hosp",2021-05-28,"quantile",0.5,31.8417810141956
"41988",2021-05-15,"54","13  day ahead inc hosp",2021-05-28,"quantile",0.55,33.2145261241362
"41989",2021-05-15,"54","13  day ahead inc hosp",2021-05-28,"quantile",0.6,34.6543727589515
"41990",2021-05-15,"54","13  day ahead inc hosp",2021-05-28,"quantile",0.65,36.1912521651861
"41991",2021-05-15,"54","13  day ahead inc hosp",2021-05-28,"quantile",0.7,37.8656311824099
"41992",2021-05-15,"54","13  day ahead inc hosp",2021-05-28,"quantile",0.75,39.7370249435708
"41993",2021-05-15,"54","13  day ahead inc hosp",2021-05-28,"quantile",0.8,41.901620439071
"41994",2021-05-15,"54","13  day ahead inc hosp",2021-05-28,"quantile",0.85,44.5350071975188
"41995",2021-05-15,"54","13  day ahead inc hosp",2021-05-28,"quantile",0.9,48.0224952583163
"41996",2021-05-15,"54","13  day ahead inc hosp",2021-05-28,"quantile",0.95,53.5633030986202
"41997",2021-05-15,"54","13  day ahead inc hosp",2021-05-28,"quantile",0.975,58.7457484430919
"41998",2021-05-15,"54","13  day ahead inc hosp",2021-05-28,"quantile",0.99,65.2343839786467
"41999",2021-05-15,"54","14  day ahead inc hosp",2021-05-29,"quantile",0.01,12.1903924290037
"42000",2021-05-15,"54","14  day ahead inc hosp",2021-05-29,"quantile",0.025,14.2673112119049
"42001",2021-05-15,"54","14  day ahead inc hosp",2021-05-29,"quantile",0.05,16.2565841502347
"42002",2021-05-15,"54","14  day ahead inc hosp",2021-05-29,"quantile",0.1,18.8005096823301
"42003",2021-05-15,"54","14  day ahead inc hosp",2021-05-29,"quantile",0.15,20.6780413575105
"42004",2021-05-15,"54","14  day ahead inc hosp",2021-05-29,"quantile",0.2,22.2678051337401
"42005",2021-05-15,"54","14  day ahead inc hosp",2021-05-29,"quantile",0.25,23.7032444740354
"42006",2021-05-15,"54","14  day ahead inc hosp",2021-05-29,"quantile",0.3,25.050464899995
"42007",2021-05-15,"54","14  day ahead inc hosp",2021-05-29,"quantile",0.35,26.3493820023748
"42008",2021-05-15,"54","14  day ahead inc hosp",2021-05-29,"quantile",0.4,27.6280207933105
"42009",2021-05-15,"54","14  day ahead inc hosp",2021-05-29,"quantile",0.45,28.9088716343609
"42010",2021-05-15,"54","14  day ahead inc hosp",2021-05-29,"quantile",0.5,30.2123962816326
"42011",2021-05-15,"54","14  day ahead inc hosp",2021-05-29,"quantile",0.55,31.559514537074
"42012",2021-05-15,"54","14  day ahead inc hosp",2021-05-29,"quantile",0.6,32.973977578314
"42013",2021-05-15,"54","14  day ahead inc hosp",2021-05-29,"quantile",0.65,34.4853660174467
"42014",2021-05-15,"54","14  day ahead inc hosp",2021-05-29,"quantile",0.7,36.1337588854689
"42015",2021-05-15,"54","14  day ahead inc hosp",2021-05-29,"quantile",0.75,37.978191538403
"42016",2021-05-15,"54","14  day ahead inc hosp",2021-05-29,"quantile",0.8,40.1141832785502
"42017",2021-05-15,"54","14  day ahead inc hosp",2021-05-29,"quantile",0.85,42.7162635380995
"42018",2021-05-15,"54","14  day ahead inc hosp",2021-05-29,"quantile",0.9,46.1677473067241
"42019",2021-05-15,"54","14  day ahead inc hosp",2021-05-29,"quantile",0.95,51.6629012466897
"42020",2021-05-15,"54","14  day ahead inc hosp",2021-05-29,"quantile",0.975,56.8140892656441
"42021",2021-05-15,"54","14  day ahead inc hosp",2021-05-29,"quantile",0.99,63.2773368919871
"42022",2021-05-15,"54","15  day ahead inc hosp",2021-05-30,"quantile",0.01,12.2417640186285
"42023",2021-05-15,"54","15  day ahead inc hosp",2021-05-30,"quantile",0.025,14.4385246623463
"42024",2021-05-15,"54","15  day ahead inc hosp",2021-05-30,"quantile",0.05,16.5535044510005
"42025",2021-05-15,"54","15  day ahead inc hosp",2021-05-30,"quantile",0.1,19.2712351983289
"42026",2021-05-15,"54","15  day ahead inc hosp",2021-05-30,"quantile",0.15,21.2851195054211
"42027",2021-05-15,"54","15  day ahead inc hosp",2021-05-30,"quantile",0.2,22.9950585155738
"42028",2021-05-15,"54","15  day ahead inc hosp",2021-05-30,"quantile",0.25,24.5423915108063
"42029",2021-05-15,"54","15  day ahead inc hosp",2021-05-30,"quantile",0.3,25.9973303296433
"42030",2021-05-15,"54","15  day ahead inc hosp",2021-05-30,"quantile",0.35,27.4024157626511
"42031",2021-05-15,"54","15  day ahead inc hosp",2021-05-30,"quantile",0.4,28.7876476442713
"42032",2021-05-15,"54","15  day ahead inc hosp",2021-05-30,"quantile",0.45,30.1772291675757
"42033",2021-05-15,"54","15  day ahead inc hosp",2021-05-30,"quantile",0.5,31.5933069322622
"42034",2021-05-15,"54","15  day ahead inc hosp",2021-05-30,"quantile",0.55,33.0586470592251
"42035",2021-05-15,"54","15  day ahead inc hosp",2021-05-30,"quantile",0.6,34.5992162185038
"42036",2021-05-15,"54","15  day ahead inc hosp",2021-05-30,"quantile",0.65,36.2474689628612
"42037",2021-05-15,"54","15  day ahead inc hosp",2021-05-30,"quantile",0.7,38.0474911856752
"42038",2021-05-15,"54","15  day ahead inc hosp",2021-05-30,"quantile",0.75,40.0643389255641
"42039",2021-05-15,"54","15  day ahead inc hosp",2021-05-30,"quantile",0.8,42.4034144323719
"42040",2021-05-15,"54","15  day ahead inc hosp",2021-05-30,"quantile",0.85,45.2575142438244
"42041",2021-05-15,"54","15  day ahead inc hosp",2021-05-30,"quantile",0.9,49.050511561661
"42042",2021-05-15,"54","15  day ahead inc hosp",2021-05-30,"quantile",0.95,55.104708167688
"42043",2021-05-15,"54","15  day ahead inc hosp",2021-05-30,"quantile",0.975,60.7951355385658
"42044",2021-05-15,"54","15  day ahead inc hosp",2021-05-30,"quantile",0.99,67.9532387957945
"42045",2021-05-15,"54","16  day ahead inc hosp",2021-05-31,"quantile",0.01,12.3768110357009
"42046",2021-05-15,"54","16  day ahead inc hosp",2021-05-31,"quantile",0.025,14.6489033353732
"42047",2021-05-15,"54","16  day ahead inc hosp",2021-05-31,"quantile",0.05,16.8415331965092
"42048",2021-05-15,"54","16  day ahead inc hosp",2021-05-31,"quantile",0.1,19.6651623806687
"42049",2021-05-15,"54","16  day ahead inc hosp",2021-05-31,"quantile",0.15,21.7613037723865
"42050",2021-05-15,"54","16  day ahead inc hosp",2021-05-31,"quantile",0.2,23.5432960983773
"42051",2021-05-15,"54","16  day ahead inc hosp",2021-05-31,"quantile",0.25,25.1574147738558
"42052",2021-05-15,"54","16  day ahead inc hosp",2021-05-31,"quantile",0.3,26.6764157013109
"42053",2021-05-15,"54","16  day ahead inc hosp",2021-05-31,"quantile",0.35,28.144450071703
"42054",2021-05-15,"54","16  day ahead inc hosp",2021-05-31,"quantile",0.4,29.5927156735777
"42055",2021-05-15,"54","16  day ahead inc hosp",2021-05-31,"quantile",0.45,31.0464426153012
"42056",2021-05-15,"54","16  day ahead inc hosp",2021-05-31,"quantile",0.5,32.5287766382867
"42057",2021-05-15,"54","16  day ahead inc hosp",2021-05-31,"quantile",0.55,34.0635688776957
"42058",2021-05-15,"54","16  day ahead inc hosp",2021-05-31,"quantile",0.6,35.6780791354241
"42059",2021-05-15,"54","16  day ahead inc hosp",2021-05-31,"quantile",0.65,37.4064314454823
"42060",2021-05-15,"54","16  day ahead inc hosp",2021-05-31,"quantile",0.7,39.2950318447618
"42061",2021-05-15,"54","16  day ahead inc hosp",2021-05-31,"quantile",0.75,41.4124151108251
"42062",2021-05-15,"54","16  day ahead inc hosp",2021-05-31,"quantile",0.8,43.8696852928187
"42063",2021-05-15,"54","16  day ahead inc hosp",2021-05-31,"quantile",0.85,46.870165744719
"42064",2021-05-15,"54","16  day ahead inc hosp",2021-05-31,"quantile",0.9,50.8610780402552
"42065",2021-05-15,"54","16  day ahead inc hosp",2021-05-31,"quantile",0.95,57.2383421479881
"42066",2021-05-15,"54","16  day ahead inc hosp",2021-05-31,"quantile",0.975,63.2395313369198
"42067",2021-05-15,"54","16  day ahead inc hosp",2021-05-31,"quantile",0.99,70.7970927510447
"42068",2021-05-15,"54","17  day ahead inc hosp",2021-06-01,"quantile",0.01,11.51547546129
"42069",2021-05-15,"54","17  day ahead inc hosp",2021-06-01,"quantile",0.025,13.7239619865224
"42070",2021-05-15,"54","17  day ahead inc hosp",2021-06-01,"quantile",0.05,15.8650801238532
"42071",2021-05-15,"54","17  day ahead inc hosp",2021-06-01,"quantile",0.1,18.6341881321763
"42072",2021-05-15,"54","17  day ahead inc hosp",2021-06-01,"quantile",0.15,20.6971746577319
"42073",2021-05-15,"54","17  day ahead inc hosp",2021-06-01,"quantile",0.2,22.4552623711041
"42074",2021-05-15,"54","17  day ahead inc hosp",2021-06-01,"quantile",0.25,24.0507992656281
"42075",2021-05-15,"54","17  day ahead inc hosp",2021-06-01,"quantile",0.3,25.5547661773288
"42076",2021-05-15,"54","17  day ahead inc hosp",2021-06-01,"quantile",0.35,27.0103713668843
"42077",2021-05-15,"54","17  day ahead inc hosp",2021-06-01,"quantile",0.4,28.4482677693906
"42078",2021-05-15,"54","17  day ahead inc hosp",2021-06-01,"quantile",0.45,29.8933626416341
"42079",2021-05-15,"54","17  day ahead inc hosp",2021-06-01,"quantile",0.5,31.3686213439719
"42080",2021-05-15,"54","17  day ahead inc hosp",2021-06-01,"quantile",0.55,32.8978217101845
"42081",2021-05-15,"54","17  day ahead inc hosp",2021-06-01,"quantile",0.6,34.5082476311743
"42082",2021-05-15,"54","17  day ahead inc hosp",2021-06-01,"quantile",0.65,36.2341565462058
"42083",2021-05-15,"54","17  day ahead inc hosp",2021-06-01,"quantile",0.7,38.1222373746176
"42084",2021-05-15,"54","17  day ahead inc hosp",2021-06-01,"quantile",0.75,40.2415493521617
"42085",2021-05-15,"54","17  day ahead inc hosp",2021-06-01,"quantile",0.8,42.704174348462
"42086",2021-05-15,"54","17  day ahead inc hosp",2021-06-01,"quantile",0.85,45.7154150474028
"42087",2021-05-15,"54","17  day ahead inc hosp",2021-06-01,"quantile",0.9,49.7272470274259
"42088",2021-05-15,"54","17  day ahead inc hosp",2021-06-01,"quantile",0.95,56.1519616295393
"42089",2021-05-15,"54","17  day ahead inc hosp",2021-06-01,"quantile",0.975,62.2117234401607
"42090",2021-05-15,"54","17  day ahead inc hosp",2021-06-01,"quantile",0.99,69.8598055958291
"42091",2021-05-15,"54","18  day ahead inc hosp",2021-06-02,"quantile",0.01,11.7381834903516
"42092",2021-05-15,"54","18  day ahead inc hosp",2021-06-02,"quantile",0.025,14.031137192904
"42093",2021-05-15,"54","18  day ahead inc hosp",2021-06-02,"quantile",0.05,16.2585742406599
"42094",2021-05-15,"54","18  day ahead inc hosp",2021-06-02,"quantile",0.1,19.1446181635804
"42095",2021-05-15,"54","18  day ahead inc hosp",2021-06-02,"quantile",0.15,21.2980029010006
"42096",2021-05-15,"54","18  day ahead inc hosp",2021-06-02,"quantile",0.2,23.1350463590673
"42097",2021-05-15,"54","18  day ahead inc hosp",2021-06-02,"quantile",0.25,24.8036140530657
"42098",2021-05-15,"54","18  day ahead inc hosp",2021-06-02,"quantile",0.3,26.3775185933473
"42099",2021-05-15,"54","18  day ahead inc hosp",2021-06-02,"quantile",0.35,27.9017527388408
"42100",2021-05-15,"54","18  day ahead inc hosp",2021-06-02,"quantile",0.4,29.4082902845083
"42101",2021-05-15,"54","18  day ahead inc hosp",2021-06-02,"quantile",0.45,30.9231648852612
"42102",2021-05-15,"54","18  day ahead inc hosp",2021-06-02,"quantile",0.5,32.4704325239083
"42103",2021-05-15,"54","18  day ahead inc hosp",2021-06-02,"quantile",0.55,34.0750506285922
"42104",2021-05-15,"54","18  day ahead inc hosp",2021-06-02,"quantile",0.6,35.7657047098225
"42105",2021-05-15,"54","18  day ahead inc hosp",2021-06-02,"quantile",0.65,37.5784579697963
"42106",2021-05-15,"54","18  day ahead inc hosp",2021-06-02,"quantile",0.7,39.5625054038919
"42107",2021-05-15,"54","18  day ahead inc hosp",2021-06-02,"quantile",0.75,41.7906604104502
"42108",2021-05-15,"54","18  day ahead inc hosp",2021-06-02,"quantile",0.8,44.381154482292
"42109",2021-05-15,"54","18  day ahead inc hosp",2021-06-02,"quantile",0.85,47.550639246691
"42110",2021-05-15,"54","18  day ahead inc hosp",2021-06-02,"quantile",0.9,51.7762537969694
"42111",2021-05-15,"54","18  day ahead inc hosp",2021-06-02,"quantile",0.95,58.5496035863071
"42112",2021-05-15,"54","18  day ahead inc hosp",2021-06-02,"quantile",0.975,64.9444250092025
"42113",2021-05-15,"54","18  day ahead inc hosp",2021-06-02,"quantile",0.99,73.0228861803236
"42114",2021-05-15,"54","19  day ahead inc hosp",2021-06-03,"quantile",0.01,11.2225040040811
"42115",2021-05-15,"54","19  day ahead inc hosp",2021-06-03,"quantile",0.025,13.4917667173467
"42116",2021-05-15,"54","19  day ahead inc hosp",2021-06-03,"quantile",0.05,15.7046261783743
"42117",2021-05-15,"54","19  day ahead inc hosp",2021-06-03,"quantile",0.1,18.5818971380719
"42118",2021-05-15,"54","19  day ahead inc hosp",2021-06-03,"quantile",0.15,20.7350060811067
"42119",2021-05-15,"54","19  day ahead inc hosp",2021-06-03,"quantile",0.2,22.5754833416685
"42120",2021-05-15,"54","19  day ahead inc hosp",2021-06-03,"quantile",0.25,24.2498028527617
"42121",2021-05-15,"54","19  day ahead inc hosp",2021-06-03,"quantile",0.3,25.831236781115
"42122",2021-05-15,"54","19  day ahead inc hosp",2021-06-03,"quantile",0.35,27.3645650980142
"42123",2021-05-15,"54","19  day ahead inc hosp",2021-06-03,"quantile",0.4,28.8817159709229
"42124",2021-05-15,"54","19  day ahead inc hosp",2021-06-03,"quantile",0.45,30.408788061415
"42125",2021-05-15,"54","19  day ahead inc hosp",2021-06-03,"quantile",0.5,31.9699973972273
"42126",2021-05-15,"54","19  day ahead inc hosp",2021-06-03,"quantile",0.55,33.5905641114
"42127",2021-05-15,"54","19  day ahead inc hosp",2021-06-03,"quantile",0.6,35.29956780773
"42128",2021-05-15,"54","19  day ahead inc hosp",2021-06-03,"quantile",0.65,37.1336550150646
"42129",2021-05-15,"54","19  day ahead inc hosp",2021-06-03,"quantile",0.7,39.1429026665348
"42130",2021-05-15,"54","19  day ahead inc hosp",2021-06-03,"quantile",0.75,41.4015202023968
"42131",2021-05-15,"54","19  day ahead inc hosp",2021-06-03,"quantile",0.8,44.0301147398167
"42132",2021-05-15,"54","19  day ahead inc hosp",2021-06-03,"quantile",0.85,47.2498537522607
"42133",2021-05-15,"54","19  day ahead inc hosp",2021-06-03,"quantile",0.9,51.5481664750361
"42134",2021-05-15,"54","19  day ahead inc hosp",2021-06-03,"quantile",0.95,58.4501518114914
"42135",2021-05-15,"54","19  day ahead inc hosp",2021-06-03,"quantile",0.975,64.9784460981853
"42136",2021-05-15,"54","19  day ahead inc hosp",2021-06-03,"quantile",0.99,73.2400098827242
"42137",2021-05-15,"54","20  day ahead inc hosp",2021-06-04,"quantile",0.01,10.6579702794742
"42138",2021-05-15,"54","20  day ahead inc hosp",2021-06-04,"quantile",0.025,12.8909408080973
"42139",2021-05-15,"54","20  day ahead inc hosp",2021-06-04,"quantile",0.05,15.0772138917376
"42140",2021-05-15,"54","20  day ahead inc hosp",2021-06-04,"quantile",0.1,17.9304852908077
"42141",2021-05-15,"54","20  day ahead inc hosp",2021-06-04,"quantile",0.15,20.0721913398653
"42142",2021-05-15,"54","20  day ahead inc hosp",2021-06-04,"quantile",0.2,21.9067600863332
"42143",2021-05-15,"54","20  day ahead inc hosp",2021-06-04,"quantile",0.25,23.5784604329629
"42144",2021-05-15,"54","20  day ahead inc hosp",2021-06-04,"quantile",0.3,25.1596236058298
"42145",2021-05-15,"54","20  day ahead inc hosp",2021-06-04,"quantile",0.35,26.6945775335149
"42146",2021-05-15,"54","20  day ahead inc hosp",2021-06-04,"quantile",0.4,28.2150395005783
"42147",2021-05-15,"54","20  day ahead inc hosp",2021-06-04,"quantile",0.45,29.7470434486747
"42148",2021-05-15,"54","20  day ahead inc hosp",2021-06-04,"quantile",0.5,31.3148504440541
"42149",2021-05-15,"54","20  day ahead inc hosp",2021-06-04,"quantile",0.55,32.9438288214803
"42150",2021-05-15,"54","20  day ahead inc hosp",2021-06-04,"quantile",0.6,34.6633253587247
"42151",2021-05-15,"54","20  day ahead inc hosp",2021-06-04,"quantile",0.65,36.5104149306329
"42152",2021-05-15,"54","20  day ahead inc hosp",2021-06-04,"quantile",0.7,38.5358496320568
"42153",2021-05-15,"54","20  day ahead inc hosp",2021-06-04,"quantile",0.75,40.8149339916177
"42154",2021-05-15,"54","20  day ahead inc hosp",2021-06-04,"quantile",0.8,43.4701685489401
"42155",2021-05-15,"54","20  day ahead inc hosp",2021-06-04,"quantile",0.85,46.7263633778087
"42156",2021-05-15,"54","20  day ahead inc hosp",2021-06-04,"quantile",0.9,51.0793380840796
"42157",2021-05-15,"54","20  day ahead inc hosp",2021-06-04,"quantile",0.95,58.0818404915199
"42158",2021-05-15,"54","20  day ahead inc hosp",2021-06-04,"quantile",0.975,64.7178771245746
"42159",2021-05-15,"54","20  day ahead inc hosp",2021-06-04,"quantile",0.99,73.1310605740947
"42160",2021-05-15,"54","21  day ahead inc hosp",2021-06-05,"quantile",0.01,10.281796710597
"42161",2021-05-15,"54","21  day ahead inc hosp",2021-06-05,"quantile",0.025,12.502694264282
"42162",2021-05-15,"54","21  day ahead inc hosp",2021-06-05,"quantile",0.05,14.684901141432
"42163",2021-05-15,"54","21  day ahead inc hosp",2021-06-05,"quantile",0.1,17.5421840557723
"42164",2021-05-15,"54","21  day ahead inc hosp",2021-06-05,"quantile",0.15,19.6926835728886
"42165",2021-05-15,"54","21  day ahead inc hosp",2021-06-05,"quantile",0.2,21.5381710988488
"42166",2021-05-15,"54","21  day ahead inc hosp",2021-06-05,"quantile",0.25,23.2222527496895
"42167",2021-05-15,"54","21  day ahead inc hosp",2021-06-05,"quantile",0.3,24.8170712357547
"42168",2021-05-15,"54","21  day ahead inc hosp",2021-06-05,"quantile",0.35,26.3669483758837
"42169",2021-05-15,"54","21  day ahead inc hosp",2021-06-05,"quantile",0.4,27.9036962300095
"42170",2021-05-15,"54","21  day ahead inc hosp",2021-06-05,"quantile",0.45,29.453522173142
"42171",2021-05-15,"54","21  day ahead inc hosp",2021-06-05,"quantile",0.5,31.0409419849709
"42172",2021-05-15,"54","21  day ahead inc hosp",2021-06-05,"quantile",0.55,32.6916797716893
"42173",2021-05-15,"54","21  day ahead inc hosp",2021-06-05,"quantile",0.6,34.4355786381577
"42174",2021-05-15,"54","21  day ahead inc hosp",2021-06-05,"quantile",0.65,36.3104209904568
"42175",2021-05-15,"54","21  day ahead inc hosp",2021-06-05,"quantile",0.7,38.3680063030184
"42176",2021-05-15,"54","21  day ahead inc hosp",2021-06-05,"quantile",0.75,40.6852761951718
"42177",2021-05-15,"54","21  day ahead inc hosp",2021-06-05,"quantile",0.8,43.3874942844939
"42178",2021-05-15,"54","21  day ahead inc hosp",2021-06-05,"quantile",0.85,46.7046917469306
"42179",2021-05-15,"54","21  day ahead inc hosp",2021-06-05,"quantile",0.9,51.1445240581404
"42180",2021-05-15,"54","21  day ahead inc hosp",2021-06-05,"quantile",0.95,58.2980437087724
"42181",2021-05-15,"54","21  day ahead inc hosp",2021-06-05,"quantile",0.975,65.0884230168205
"42182",2021-05-15,"54","21  day ahead inc hosp",2021-06-05,"quantile",0.99,73.7108257787088
"42183",2021-05-15,"54","22  day ahead inc hosp",2021-06-06,"quantile",0.01,10.1304621634917
"42184",2021-05-15,"54","22  day ahead inc hosp",2021-06-06,"quantile",0.025,12.3720669678319
"42185",2021-05-15,"54","22  day ahead inc hosp",2021-06-06,"quantile",0.05,14.5809576849354
"42186",2021-05-15,"54","22  day ahead inc hosp",2021-06-06,"quantile",0.1,17.4807997220192
"42187",2021-05-15,"54","22  day ahead inc hosp",2021-06-06,"quantile",0.15,19.6680605120534
"42188",2021-05-15,"54","22  day ahead inc hosp",2021-06-06,"quantile",0.2,21.5478654987294
"42189",2021-05-15,"54","22  day ahead inc hosp",2021-06-06,"quantile",0.25,23.2652528741339
"42190",2021-05-15,"54","22  day ahead inc hosp",2021-06-06,"quantile",0.3,24.8932029795339
"42191",2021-05-15,"54","22  day ahead inc hosp",2021-06-06,"quantile",0.35,26.4766424087983
"42192",2021-05-15,"54","22  day ahead inc hosp",2021-06-06,"quantile",0.4,28.0478990080935
"42193",2021-05-15,"54","22  day ahead inc hosp",2021-06-06,"quantile",0.45,29.6336837628825
"42194",2021-05-15,"54","22  day ahead inc hosp",2021-06-06,"quantile",0.5,31.2590599570268
"42195",2021-05-15,"54","22  day ahead inc hosp",2021-06-06,"quantile",0.55,32.9503993685981
"42196",2021-05-15,"54","22  day ahead inc hosp",2021-06-06,"quantile",0.6,34.7383656574717
"42197",2021-05-15,"54","22  day ahead inc hosp",2021-06-06,"quantile",0.65,36.6618456597967
"42198",2021-05-15,"54","22  day ahead inc hosp",2021-06-06,"quantile",0.7,38.7742171846027
"42199",2021-05-15,"54","22  day ahead inc hosp",2021-06-06,"quantile",0.75,41.1548338644829
"42200",2021-05-15,"54","22  day ahead inc hosp",2021-06-06,"quantile",0.8,43.9329676738911
"42201",2021-05-15,"54","22  day ahead inc hosp",2021-06-06,"quantile",0.85,47.3461335514511
"42202",2021-05-15,"54","22  day ahead inc hosp",2021-06-06,"quantile",0.9,51.9187656865332
"42203",2021-05-15,"54","22  day ahead inc hosp",2021-06-06,"quantile",0.95,59.2955198901323
"42204",2021-05-15,"54","22  day ahead inc hosp",2021-06-06,"quantile",0.975,66.3070177056505
"42205",2021-05-15,"54","22  day ahead inc hosp",2021-06-06,"quantile",0.99,75.2213156173033
"42206",2021-05-15,"54","23  day ahead inc hosp",2021-06-07,"quantile",0.01,10.2799768253061
"42207",2021-05-15,"54","23  day ahead inc hosp",2021-06-07,"quantile",0.025,12.5901460904625
"42208",2021-05-15,"54","23  day ahead inc hosp",2021-06-07,"quantile",0.05,14.8708684425155
"42209",2021-05-15,"54","23  day ahead inc hosp",2021-06-07,"quantile",0.1,17.8701445370577
"42210",2021-05-15,"54","23  day ahead inc hosp",2021-06-07,"quantile",0.15,20.1355909175473
"42211",2021-05-15,"54","23  day ahead inc hosp",2021-06-07,"quantile",0.2,22.0844567915827
"42212",2021-05-15,"54","23  day ahead inc hosp",2021-06-07,"quantile",0.25,23.8662780418763
"42213",2021-05-15,"54","23  day ahead inc hosp",2021-06-07,"quantile",0.3,25.5563781084795
"42214",2021-05-15,"54","23  day ahead inc hosp",2021-06-07,"quantile",0.35,27.2011870713445
"42215",2021-05-15,"54","23  day ahead inc hosp",2021-06-07,"quantile",0.4,28.8341699822876
"42216",2021-05-15,"54","23  day ahead inc hosp",2021-06-07,"quantile",0.45,30.4830306742942
"42217",2021-05-15,"54","23  day ahead inc hosp",2021-06-07,"quantile",0.5,32.1738155964825
"42218",2021-05-15,"54","23  day ahead inc hosp",2021-06-07,"quantile",0.55,33.9339802927061
"42219",2021-05-15,"54","23  day ahead inc hosp",2021-06-07,"quantile",0.6,35.7954950405368
"42220",2021-05-15,"54","23  day ahead inc hosp",2021-06-07,"quantile",0.65,37.7989476834869
"42221",2021-05-15,"54","23  day ahead inc hosp",2021-06-07,"quantile",0.7,40.0000939206454
"42222",2021-05-15,"54","23  day ahead inc hosp",2021-06-07,"quantile",0.75,42.4818677700538
"42223",2021-05-15,"54","23  day ahead inc hosp",2021-06-07,"quantile",0.8,45.3794285821354
"42224",2021-05-15,"54","23  day ahead inc hosp",2021-06-07,"quantile",0.85,48.9411909599978
"42225",2021-05-15,"54","23  day ahead inc hosp",2021-06-07,"quantile",0.9,53.7158326016137
"42226",2021-05-15,"54","23  day ahead inc hosp",2021-06-07,"quantile",0.95,61.4247240769919
"42227",2021-05-15,"54","23  day ahead inc hosp",2021-06-07,"quantile",0.975,68.7581281970439
"42228",2021-05-15,"54","23  day ahead inc hosp",2021-06-07,"quantile",0.99,78.0891912972856
"42229",2021-05-15,"54","24  day ahead inc hosp",2021-06-08,"quantile",0.01,10.1853360527827
"42230",2021-05-15,"54","24  day ahead inc hosp",2021-06-08,"quantile",0.025,12.5234212404882
"42231",2021-05-15,"54","24  day ahead inc hosp",2021-06-08,"quantile",0.05,14.8377349506745
"42232",2021-05-15,"54","24  day ahead inc hosp",2021-06-08,"quantile",0.1,17.8884474086729
"42233",2021-05-15,"54","24  day ahead inc hosp",2021-06-08,"quantile",0.15,20.1972549276885
"42234",2021-05-15,"54","24  day ahead inc hosp",2021-06-08,"quantile",0.2,22.1860649257714
"42235",2021-05-15,"54","24  day ahead inc hosp",2021-06-08,"quantile",0.25,24.0063052243421
"42236",2021-05-15,"54","24  day ahead inc hosp",2021-06-08,"quantile",0.3,25.7343657326049
"42237",2021-05-15,"54","24  day ahead inc hosp",2021-06-08,"quantile",0.35,27.4174207627271
"42238",2021-05-15,"54","24  day ahead inc hosp",2021-06-08,"quantile",0.4,29.0895505097489
"42239",2021-05-15,"54","24  day ahead inc hosp",2021-06-08,"quantile",0.45,30.7790437263184
"42240",2021-05-15,"54","24  day ahead inc hosp",2021-06-08,"quantile",0.5,32.5125700110681
"42241",2021-05-15,"54","24  day ahead inc hosp",2021-06-08,"quantile",0.55,34.318311641486
"42242",2021-05-15,"54","24  day ahead inc hosp",2021-06-08,"quantile",0.6,36.2291509561323
"42243",2021-05-15,"54","24  day ahead inc hosp",2021-06-08,"quantile",0.65,38.2868959623529
"42244",2021-05-15,"54","24  day ahead inc hosp",2021-06-08,"quantile",0.7,40.5490393657909
"42245",2021-05-15,"54","24  day ahead inc hosp",2021-06-08,"quantile",0.75,43.1011630588699
"42246",2021-05-15,"54","24  day ahead inc hosp",2021-06-08,"quantile",0.8,46.0828192367682
"42247",2021-05-15,"54","24  day ahead inc hosp",2021-06-08,"quantile",0.85,49.7506136151225
"42248",2021-05-15,"54","24  day ahead inc hosp",2021-06-08,"quantile",0.9,54.6715675424194
"42249",2021-05-15,"54","24  day ahead inc hosp",2021-06-08,"quantile",0.95,62.6255781214263
"42250",2021-05-15,"54","24  day ahead inc hosp",2021-06-08,"quantile",0.975,70.2010101227719
"42251",2021-05-15,"54","24  day ahead inc hosp",2021-06-08,"quantile",0.99,79.850712868518
"42252",2021-05-15,"54","25  day ahead inc hosp",2021-06-09,"quantile",0.01,9.02357456948153
"42253",2021-05-15,"54","25  day ahead inc hosp",2021-06-09,"quantile",0.025,11.203134523292
"42254",2021-05-15,"54","25  day ahead inc hosp",2021-06-09,"quantile",0.05,13.3744349923936
"42255",2021-05-15,"54","25  day ahead inc hosp",2021-06-09,"quantile",0.1,16.2534199967163
"42256",2021-05-15,"54","25  day ahead inc hosp",2021-06-09,"quantile",0.15,18.4427153830018
"42257",2021-05-15,"54","25  day ahead inc hosp",2021-06-09,"quantile",0.2,20.3347140067158
"42258",2021-05-15,"54","25  day ahead inc hosp",2021-06-09,"quantile",0.25,22.0707642448651
"42259",2021-05-15,"54","25  day ahead inc hosp",2021-06-09,"quantile",0.3,23.7224351507422
"42260",2021-05-15,"54","25  day ahead inc hosp",2021-06-09,"quantile",0.35,25.3341267842435
"42261",2021-05-15,"54","25  day ahead inc hosp",2021-06-09,"quantile",0.4,26.93809931815
"42262",2021-05-15,"54","25  day ahead inc hosp",2021-06-09,"quantile",0.45,28.5613077812521
"42263",2021-05-15,"54","25  day ahead inc hosp",2021-06-09,"quantile",0.5,30.2293354468318
"42264",2021-05-15,"54","25  day ahead inc hosp",2021-06-09,"quantile",0.55,31.9693796285841
"42265",2021-05-15,"54","25  day ahead inc hosp",2021-06-09,"quantile",0.6,33.8133267687906
"42266",2021-05-15,"54","25  day ahead inc hosp",2021-06-09,"quantile",0.65,35.8018635803434
"42267",2021-05-15,"54","25  day ahead inc hosp",2021-06-09,"quantile",0.7,37.9910825382981
"42268",2021-05-15,"54","25  day ahead inc hosp",2021-06-09,"quantile",0.75,40.464630824444
"42269",2021-05-15,"54","25  day ahead inc hosp",2021-06-09,"quantile",0.8,43.3590872064462
"42270",2021-05-15,"54","25  day ahead inc hosp",2021-06-09,"quantile",0.85,46.9258653764198
"42271",2021-05-15,"54","25  day ahead inc hosp",2021-06-09,"quantile",0.9,51.7211072557871
"42272",2021-05-15,"54","25  day ahead inc hosp",2021-06-09,"quantile",0.95,59.4928678324119
"42273",2021-05-15,"54","25  day ahead inc hosp",2021-06-09,"quantile",0.975,66.9155975412503
"42274",2021-05-15,"54","25  day ahead inc hosp",2021-06-09,"quantile",0.99,76.396022834249
"42275",2021-05-15,"54","26  day ahead inc hosp",2021-06-10,"quantile",0.01,9.23826616657987
"42276",2021-05-15,"54","26  day ahead inc hosp",2021-06-10,"quantile",0.025,11.4949512865383
"42277",2021-05-15,"54","26  day ahead inc hosp",2021-06-10,"quantile",0.05,13.7463572902381
"42278",2021-05-15,"54","26  day ahead inc hosp",2021-06-10,"quantile",0.1,16.7355046778803
"42279",2021-05-15,"54","26  day ahead inc hosp",2021-06-10,"quantile",0.15,19.011025661685
"42280",2021-05-15,"54","26  day ahead inc hosp",2021-06-10,"quantile",0.2,20.9789792963894
"42281",2021-05-15,"54","26  day ahead inc hosp",2021-06-10,"quantile",0.25,22.7857581371978
"42282",2021-05-15,"54","26  day ahead inc hosp",2021-06-10,"quantile",0.3,24.5055478176711
"42283",2021-05-15,"54","26  day ahead inc hosp",2021-06-10,"quantile",0.35,26.1844198314487
"42284",2021-05-15,"54","26  day ahead inc hosp",2021-06-10,"quantile",0.4,27.8558924380473
"42285",2021-05-15,"54","26  day ahead inc hosp",2021-06-10,"quantile",0.45,29.5480136559582
"42286",2021-05-15,"54","26  day ahead inc hosp",2021-06-10,"quantile",0.5,31.2874442990603
"42287",2021-05-15,"54","26  day ahead inc hosp",2021-06-10,"quantile",0.55,33.1025652616347
"42288",2021-05-15,"54","26  day ahead inc hosp",2021-06-10,"quantile",0.6,35.026686257221
"42289",2021-05-15,"54","26  day ahead inc hosp",2021-06-10,"quantile",0.65,37.1023436289532
"42290",2021-05-15,"54","26  day ahead inc hosp",2021-06-10,"quantile",0.7,39.3882125802852
"42291",2021-05-15,"54","26  day ahead inc hosp",2021-06-10,"quantile",0.75,41.9718263174393
"42292",2021-05-15,"54","26  day ahead inc hosp",2021-06-10,"quantile",0.8,44.9961506424374
"42293",2021-05-15,"54","26  day ahead inc hosp",2021-06-10,"quantile",0.85,48.7244203453372
"42294",2021-05-15,"54","26  day ahead inc hosp",2021-06-10,"quantile",0.9,53.7390642568478
"42295",2021-05-15,"54","26  day ahead inc hosp",2021-06-10,"quantile",0.95,61.8712995713145
"42296",2021-05-15,"54","26  day ahead inc hosp",2021-06-10,"quantile",0.975,69.6431803125362
"42297",2021-05-15,"54","26  day ahead inc hosp",2021-06-10,"quantile",0.99,79.5754259987267
"42298",2021-05-15,"54","27  day ahead inc hosp",2021-06-11,"quantile",0.01,9.06769969519295
"42299",2021-05-15,"54","27  day ahead inc hosp",2021-06-11,"quantile",0.025,11.3323117584168
"42300",2021-05-15,"54","27  day ahead inc hosp",2021-06-11,"quantile",0.05,13.5981801538038
"42301",2021-05-15,"54","27  day ahead inc hosp",2021-06-11,"quantile",0.1,16.6144470978697
"42302",2021-05-15,"54","27  day ahead inc hosp",2021-06-11,"quantile",0.15,18.9155386995137
"42303",2021-05-15,"54","27  day ahead inc hosp",2021-06-11,"quantile",0.2,20.9084965490298
"42304",2021-05-15,"54","27  day ahead inc hosp",2021-06-11,"quantile",0.25,22.7403106232431
"42305",2021-05-15,"54","27  day ahead inc hosp",2021-06-11,"quantile",0.3,24.4855951233505
"42306",2021-05-15,"54","27  day ahead inc hosp",2021-06-11,"quantile",0.35,26.1907847420399
"42307",2021-05-15,"54","27  day ahead inc hosp",2021-06-11,"quantile",0.4,27.8897500040597
"42308",2021-05-15,"54","27  day ahead inc hosp",2021-06-11,"quantile",0.45,29.6109179471474
"42309",2021-05-15,"54","27  day ahead inc hosp",2021-06-11,"quantile",0.5,31.3813905722538
"42310",2021-05-15,"54","27  day ahead inc hosp",2021-06-11,"quantile",0.55,33.2300950049383
"42311",2021-05-15,"54","27  day ahead inc hosp",2021-06-11,"quantile",0.6,35.1910536852333
"42312",2021-05-15,"54","27  day ahead inc hosp",2021-06-11,"quantile",0.65,37.3077805386118
"42313",2021-05-15,"54","27  day ahead inc hosp",2021-06-11,"quantile",0.7,39.6403650788467
"42314",2021-05-15,"54","27  day ahead inc hosp",2021-06-11,"quantile",0.75,42.2785199353829
"42315",2021-05-15,"54","27  day ahead inc hosp",2021-06-11,"quantile",0.8,45.3688549910651
"42316",2021-05-15,"54","27  day ahead inc hosp",2021-06-11,"quantile",0.85,49.1814435254853
"42317",2021-05-15,"54","27  day ahead inc hosp",2021-06-11,"quantile",0.9,54.3141238749563
"42318",2021-05-15,"54","27  day ahead inc hosp",2021-06-11,"quantile",0.95,62.6476503929291
"42319",2021-05-15,"54","27  day ahead inc hosp",2021-06-11,"quantile",0.975,70.6217407273424
"42320",2021-05-15,"54","27  day ahead inc hosp",2021-06-11,"quantile",0.99,80.8243002830686
"42321",2021-05-15,"54","28  day ahead inc hosp",2021-06-12,"quantile",0.01,8.61038585158265
"42322",2021-05-15,"54","28  day ahead inc hosp",2021-06-12,"quantile",0.025,10.8277239319321
"42323",2021-05-15,"54","28  day ahead inc hosp",2021-06-12,"quantile",0.05,13.055385373403
"42324",2021-05-15,"54","28  day ahead inc hosp",2021-06-12,"quantile",0.1,16.0317963156424
"42325",2021-05-15,"54","28  day ahead inc hosp",2021-06-12,"quantile",0.15,18.3093344368468
"42326",2021-05-15,"54","28  day ahead inc hosp",2021-06-12,"quantile",0.2,20.2859163894546
"42327",2021-05-15,"54","28  day ahead inc hosp",2021-06-12,"quantile",0.25,22.1055750087054
"42328",2021-05-15,"54","28  day ahead inc hosp",2021-06-12,"quantile",0.3,23.8415991656997
"42329",2021-05-15,"54","28  day ahead inc hosp",2021-06-12,"quantile",0.35,25.5397346928162
"42330",2021-05-15,"54","28  day ahead inc hosp",2021-06-12,"quantile",0.4,27.2334730079237
"42331",2021-05-15,"54","28  day ahead inc hosp",2021-06-12,"quantile",0.45,28.9510409096746
"42332",2021-05-15,"54","28  day ahead inc hosp",2021-06-12,"quantile",0.5,30.7194625570486
"42333",2021-05-15,"54","28  day ahead inc hosp",2021-06-12,"quantile",0.55,32.5676887755179
"42334",2021-05-15,"54","28  day ahead inc hosp",2021-06-12,"quantile",0.6,34.5298695890479
"42335",2021-05-15,"54","28  day ahead inc hosp",2021-06-12,"quantile",0.65,36.6497758652236
"42336",2021-05-15,"54","28  day ahead inc hosp",2021-06-12,"quantile",0.7,38.9879434432424
"42337",2021-05-15,"54","28  day ahead inc hosp",2021-06-12,"quantile",0.75,41.6348480429196
"42338",2021-05-15,"54","28  day ahead inc hosp",2021-06-12,"quantile",0.8,44.7384643878824
"42339",2021-05-15,"54","28  day ahead inc hosp",2021-06-12,"quantile",0.85,48.5715600859757
"42340",2021-05-15,"54","28  day ahead inc hosp",2021-06-12,"quantile",0.9,53.7383284426787
"42341",2021-05-15,"54","28  day ahead inc hosp",2021-06-12,"quantile",0.95,62.1410442075661
"42342",2021-05-15,"54","28  day ahead inc hosp",2021-06-12,"quantile",0.975,70.1951444459818
"42343",2021-05-15,"54","28  day ahead inc hosp",2021-06-12,"quantile",0.99,80.5167781768295
"42344",2021-05-15,"54","29  day ahead inc hosp",2021-06-13,"quantile",0.01,8.5558078115542
"42345",2021-05-15,"54","29  day ahead inc hosp",2021-06-13,"quantile",0.025,10.8281990777626
"42346",2021-05-15,"54","29  day ahead inc hosp",2021-06-13,"quantile",0.05,13.1208165389447
"42347",2021-05-15,"54","29  day ahead inc hosp",2021-06-13,"quantile",0.1,16.1957052451402
"42348",2021-05-15,"54","29  day ahead inc hosp",2021-06-13,"quantile",0.15,18.5558818698273
"42349",2021-05-15,"54","29  day ahead inc hosp",2021-06-13,"quantile",0.2,20.6084613334328
"42350",2021-05-15,"54","29  day ahead inc hosp",2021-06-13,"quantile",0.25,22.5011654399994
"42351",2021-05-15,"54","29  day ahead inc hosp",2021-06-13,"quantile",0.3,24.3093480814819
"42352",2021-05-15,"54","29  day ahead inc hosp",2021-06-13,"quantile",0.35,26.0801898111513
"42353",2021-05-15,"54","29  day ahead inc hosp",2021-06-13,"quantile",0.4,27.8483647284642
"42354",2021-05-15,"54","29  day ahead inc hosp",2021-06-13,"quantile",0.45,29.6432226490541
"42355",2021-05-15,"54","29  day ahead inc hosp",2021-06-13,"quantile",0.5,31.4929835745115
"42356",2021-05-15,"54","29  day ahead inc hosp",2021-06-13,"quantile",0.55,33.4279930429218
"42357",2021-05-15,"54","29  day ahead inc hosp",2021-06-13,"quantile",0.6,35.4841520691534
"42358",2021-05-15,"54","29  day ahead inc hosp",2021-06-13,"quantile",0.65,37.7075751366169
"42359",2021-05-15,"54","29  day ahead inc hosp",2021-06-13,"quantile",0.7,40.1621362366117
"42360",2021-05-15,"54","29  day ahead inc hosp",2021-06-13,"quantile",0.75,42.9434027403352
"42361",2021-05-15,"54","29  day ahead inc hosp",2021-06-13,"quantile",0.8,46.2078019502133
"42362",2021-05-15,"54","29  day ahead inc hosp",2021-06-13,"quantile",0.85,50.2438743179824
"42363",2021-05-15,"54","29  day ahead inc hosp",2021-06-13,"quantile",0.9,55.6911682708922
"42364",2021-05-15,"54","29  day ahead inc hosp",2021-06-13,"quantile",0.95,64.564908892541
"42365",2021-05-15,"54","29  day ahead inc hosp",2021-06-13,"quantile",0.975,73.0852644279887
"42366",2021-05-15,"54","29  day ahead inc hosp",2021-06-13,"quantile",0.99,84.0223075192212
"42367",2021-05-15,"54","30  day ahead inc hosp",2021-06-14,"quantile",0.01,8.43538407902961
"42368",2021-05-15,"54","30  day ahead inc hosp",2021-06-14,"quantile",0.025,10.7264625205426
"42369",2021-05-15,"54","30  day ahead inc hosp",2021-06-14,"quantile",0.05,13.0451426396396
"42370",2021-05-15,"54","30  day ahead inc hosp",2021-06-14,"quantile",0.1,16.1637273788225
"42371",2021-05-15,"54","30  day ahead inc hosp",2021-06-14,"quantile",0.15,18.5628900316707
"42372",2021-05-15,"54","30  day ahead inc hosp",2021-06-14,"quantile",0.2,20.6525741552688
"42373",2021-05-15,"54","30  day ahead inc hosp",2021-06-14,"quantile",0.25,22.5817972640963
"42374",2021-05-15,"54","30  day ahead inc hosp",2021-06-14,"quantile",0.3,24.4267156423495
"42375",2021-05-15,"54","30  day ahead inc hosp",2021-06-14,"quantile",0.35,26.2351221563128
"42376",2021-05-15,"54","30  day ahead inc hosp",2021-06-14,"quantile",0.4,28.0422406241428
"42377",2021-05-15,"54","30  day ahead inc hosp",2021-06-14,"quantile",0.45,29.8779811142875
"42378",2021-05-15,"54","30  day ahead inc hosp",2021-06-14,"quantile",0.5,31.7711927788814
"42379",2021-05-15,"54","30  day ahead inc hosp",2021-06-14,"quantile",0.55,33.7529825799719
"42380",2021-05-15,"54","30  day ahead inc hosp",2021-06-14,"quantile",0.6,35.8602311819622
"42381",2021-05-15,"54","30  day ahead inc hosp",2021-06-14,"quantile",0.65,38.1403852851702
"42382",2021-05-15,"54","30  day ahead inc hosp",2021-06-14,"quantile",0.7,40.6592361625247
"42383",2021-05-15,"54","30  day ahead inc hosp",2021-06-14,"quantile",0.75,43.5152960178925
"42384",2021-05-15,"54","30  day ahead inc hosp",2021-06-14,"quantile",0.8,46.8699055074984
"42385",2021-05-15,"54","30  day ahead inc hosp",2021-06-14,"quantile",0.85,51.0208113671281
"42386",2021-05-15,"54","30  day ahead inc hosp",2021-06-14,"quantile",0.9,56.6282802762829
"42387",2021-05-15,"54","30  day ahead inc hosp",2021-06-14,"quantile",0.95,65.7740480556596
"42388",2021-05-15,"54","30  day ahead inc hosp",2021-06-14,"quantile",0.975,74.5666739881605
"42389",2021-05-15,"54","30  day ahead inc hosp",2021-06-14,"quantile",0.99,85.8666273333213
"42390",2021-05-15,"54","31  day ahead inc hosp",2021-06-15,"quantile",0.01,8.09381609466141
"42391",2021-05-15,"54","31  day ahead inc hosp",2021-06-15,"quantile",0.025,10.3573118988972
"42392",2021-05-15,"54","31  day ahead inc hosp",2021-06-15,"quantile",0.05,12.6575953754863
"42393",2021-05-15,"54","31  day ahead inc hosp",2021-06-15,"quantile",0.1,15.7629955664536
"42394",2021-05-15,"54","31  day ahead inc hosp",2021-06-15,"quantile",0.15,18.1592248212751
"42395",2021-05-15,"54","31  day ahead inc hosp",2021-06-15,"quantile",0.2,20.2505925443112
"42396",2021-05-15,"54","31  day ahead inc hosp",2021-06-15,"quantile",0.25,22.1844245604077
"42397",2021-05-15,"54","31  day ahead inc hosp",2021-06-15,"quantile",0.3,24.0362006881719
"42398",2021-05-15,"54","31  day ahead inc hosp",2021-06-15,"quantile",0.35,25.8534358102904
"42399",2021-05-15,"54","31  day ahead inc hosp",2021-06-15,"quantile",0.4,27.6712818415507
"42400",2021-05-15,"54","31  day ahead inc hosp",2021-06-15,"quantile",0.45,29.5197142445979
"42401",2021-05-15,"54","31  day ahead inc hosp",2021-06-15,"quantile",0.5,31.4277654779653
"42402",2021-05-15,"54","31  day ahead inc hosp",2021-06-15,"quantile",0.55,33.4268527208465
"42403",2021-05-15,"54","31  day ahead inc hosp",2021-06-15,"quantile",0.6,35.5543287753262
"42404",2021-05-15,"54","31  day ahead inc hosp",2021-06-15,"quantile",0.65,37.8583454139071
"42405",2021-05-15,"54","31  day ahead inc hosp",2021-06-15,"quantile",0.7,40.4057667843157
"42406",2021-05-15,"54","31  day ahead inc hosp",2021-06-15,"quantile",0.75,43.2968124226252
"42407",2021-05-15,"54","31  day ahead inc hosp",2021-06-15,"quantile",0.8,46.6957427500075
"42408",2021-05-15,"54","31  day ahead inc hosp",2021-06-15,"quantile",0.85,50.9058832904411
"42409",2021-05-15,"54","31  day ahead inc hosp",2021-06-15,"quantile",0.9,56.6002886100786
"42410",2021-05-15,"54","31  day ahead inc hosp",2021-06-15,"quantile",0.95,65.9026522269179
"42411",2021-05-15,"54","31  day ahead inc hosp",2021-06-15,"quantile",0.975,74.8606086516772
"42412",2021-05-15,"54","31  day ahead inc hosp",2021-06-15,"quantile",0.99,86.3909512209654
"42413",2021-05-15,"54","32  day ahead inc hosp",2021-06-16,"quantile",0.01,8.00717615599764
"42414",2021-05-15,"54","32  day ahead inc hosp",2021-06-16,"quantile",0.025,10.292450858155
"42415",2021-05-15,"54","32  day ahead inc hosp",2021-06-16,"quantile",0.05,12.621701048238
"42416",2021-05-15,"54","32  day ahead inc hosp",2021-06-16,"quantile",0.1,15.774509038157
"42417",2021-05-15,"54","32  day ahead inc hosp",2021-06-16,"quantile",0.15,18.2124981229252
"42418",2021-05-15,"54","32  day ahead inc hosp",2021-06-16,"quantile",0.2,20.3433569988044
"42419",2021-05-15,"54","32  day ahead inc hosp",2021-06-16,"quantile",0.25,22.3158993935474
"42420",2021-05-15,"54","32  day ahead inc hosp",2021-06-16,"quantile",0.3,24.2065033853793
"42421",2021-05-15,"54","32  day ahead inc hosp",2021-06-16,"quantile",0.35,26.0633554330917
"42422",2021-05-15,"54","32  day ahead inc hosp",2021-06-16,"quantile",0.4,27.9222005225108
"42423",2021-05-15,"54","32  day ahead inc hosp",2021-06-16,"quantile",0.45,29.813611155891
"42424",2021-05-15,"54","32  day ahead inc hosp",2021-06-16,"quantile",0.5,31.7672845871093
"42425",2021-05-15,"54","32  day ahead inc hosp",2021-06-16,"quantile",0.55,33.8154381514707
"42426",2021-05-15,"54","32  day ahead inc hosp",2021-06-16,"quantile",0.6,35.996450632841
"42427",2021-05-15,"54","32  day ahead inc hosp",2021-06-16,"quantile",0.65,38.3598661622445
"42428",2021-05-15,"54","32  day ahead inc hosp",2021-06-16,"quantile",0.7,40.9745502826777
"42429",2021-05-15,"54","32  day ahead inc hosp",2021-06-16,"quantile",0.75,43.943794365844
"42430",2021-05-15,"54","32  day ahead inc hosp",2021-06-16,"quantile",0.8,47.4369819683197
"42431",2021-05-15,"54","32  day ahead inc hosp",2021-06-16,"quantile",0.85,51.7670356700841
"42432",2021-05-15,"54","32  day ahead inc hosp",2021-06-16,"quantile",0.9,57.6286046273674
"42433",2021-05-15,"54","32  day ahead inc hosp",2021-06-16,"quantile",0.95,67.2147000884988
"42434",2021-05-15,"54","32  day ahead inc hosp",2021-06-16,"quantile",0.975,76.456523620814
"42435",2021-05-15,"54","32  day ahead inc hosp",2021-06-16,"quantile",0.99,88.3651460363919
"42436",2021-05-15,"54","33  day ahead inc hosp",2021-06-17,"quantile",0.01,7.74131803835664
"42437",2021-05-15,"54","33  day ahead inc hosp",2021-06-17,"quantile",0.025,10.0092509688398
"42438",2021-05-15,"54","33  day ahead inc hosp",2021-06-17,"quantile",0.05,12.3297230607326
"42439",2021-05-15,"54","33  day ahead inc hosp",2021-06-17,"quantile",0.1,15.4814745726207
"42440",2021-05-15,"54","33  day ahead inc hosp",2021-06-17,"quantile",0.15,17.9254045369527
"42441",2021-05-15,"54","33  day ahead inc hosp",2021-06-17,"quantile",0.2,20.0654313221888
"42442",2021-05-15,"54","33  day ahead inc hosp",2021-06-17,"quantile",0.25,22.0493271117944
"42443",2021-05-15,"54","33  day ahead inc hosp",2021-06-17,"quantile",0.3,23.953113617476
"42444",2021-05-15,"54","33  day ahead inc hosp",2021-06-17,"quantile",0.35,25.8248918726081
"42445",2021-05-15,"54","33  day ahead inc hosp",2021-06-17,"quantile",0.4,27.7004699296246
"42446",2021-05-15,"54","33  day ahead inc hosp",2021-06-17,"quantile",0.45,29.6105940376338
"42447",2021-05-15,"54","33  day ahead inc hosp",2021-06-17,"quantile",0.5,31.5852435491972
"42448",2021-05-15,"54","33  day ahead inc hosp",2021-06-17,"quantile",0.55,33.657047368212
"42449",2021-05-15,"54","33  day ahead inc hosp",2021-06-17,"quantile",0.6,35.8649719523349
"42450",2021-05-15,"54","33  day ahead inc hosp",2021-06-17,"quantile",0.65,38.259410997341
"42451",2021-05-15,"54","33  day ahead inc hosp",2021-06-17,"quantile",0.7,40.9104994861976
"42452",2021-05-15,"54","33  day ahead inc hosp",2021-06-17,"quantile",0.75,43.923526795447
"42453",2021-05-15,"54","33  day ahead inc hosp",2021-06-17,"quantile",0.8,47.4712684346848
"42454",2021-05-15,"54","33  day ahead inc hosp",2021-06-17,"quantile",0.85,51.8730923144898
"42455",2021-05-15,"54","33  day ahead inc hosp",2021-06-17,"quantile",0.9,57.8383487491398
"42456",2021-05-15,"54","33  day ahead inc hosp",2021-06-17,"quantile",0.95,67.608013140528
"42457",2021-05-15,"54","33  day ahead inc hosp",2021-06-17,"quantile",0.975,77.0407993148986
"42458",2021-05-15,"54","33  day ahead inc hosp",2021-06-17,"quantile",0.99,89.2124511143038
"42459",2021-05-15,"54","34  day ahead inc hosp",2021-06-18,"quantile",0.01,7.44018741869676
"42460",2021-05-15,"54","34  day ahead inc hosp",2021-06-18,"quantile",0.025,9.68027958913632
"42461",2021-05-15,"54","34  day ahead inc hosp",2021-06-18,"quantile",0.05,11.981663942247
"42462",2021-05-15,"54","34  day ahead inc hosp",2021-06-18,"quantile",0.1,15.118939041097
"42463",2021-05-15,"54","34  day ahead inc hosp",2021-06-18,"quantile",0.15,17.5587957495869
"42464",2021-05-15,"54","34  day ahead inc hosp",2021-06-18,"quantile",0.2,19.6994652466042
"42465",2021-05-15,"54","34  day ahead inc hosp",2021-06-18,"quantile",0.25,21.6869935628889
"42466",2021-05-15,"54","34  day ahead inc hosp",2021-06-18,"quantile",0.3,23.5967040905017
"42467",2021-05-15,"54","34  day ahead inc hosp",2021-06-18,"quantile",0.35,25.4764047635941
"42468",2021-05-15,"54","34  day ahead inc hosp",2021-06-18,"quantile",0.4,27.3618203226202
"42469",2021-05-15,"54","34  day ahead inc hosp",2021-06-18,"quantile",0.45,29.2837530482646
"42470",2021-05-15,"54","34  day ahead inc hosp",2021-06-18,"quantile",0.5,31.2723572613601
"42471",2021-05-15,"54","34  day ahead inc hosp",2021-06-18,"quantile",0.55,33.3605640388895
"42472",2021-05-15,"54","34  day ahead inc hosp",2021-06-18,"quantile",0.6,35.5878035950295
"42473",2021-05-15,"54","34  day ahead inc hosp",2021-06-18,"quantile",0.65,38.0051653088252
"42474",2021-05-15,"54","34  day ahead inc hosp",2021-06-18,"quantile",0.7,40.6838457853786
"42475",2021-05-15,"54","34  day ahead inc hosp",2021-06-18,"quantile",0.75,43.730827365189
"42476",2021-05-15,"54","34  day ahead inc hosp",2021-06-18,"quantile",0.8,47.3217858388524
"42477",2021-05-15,"54","34  day ahead inc hosp",2021-06-18,"quantile",0.85,51.7816400302461
"42478",2021-05-15,"54","34  day ahead inc hosp",2021-06-18,"quantile",0.9,57.8324878394603
"42479",2021-05-15,"54","34  day ahead inc hosp",2021-06-18,"quantile",0.95,67.7572314439979
"42480",2021-05-15,"54","34  day ahead inc hosp",2021-06-18,"quantile",0.975,77.3546461154389
"42481",2021-05-15,"54","34  day ahead inc hosp",2021-06-18,"quantile",0.99,89.7568039852182
"42482",2021-05-15,"54","35  day ahead inc hosp",2021-06-19,"quantile",0.01,7.27780469497822
"42483",2021-05-15,"54","35  day ahead inc hosp",2021-06-19,"quantile",0.025,9.51786406084499
"42484",2021-05-15,"54","35  day ahead inc hosp",2021-06-19,"quantile",0.05,11.826962358556
"42485",2021-05-15,"54","35  day ahead inc hosp",2021-06-19,"quantile",0.1,14.9841988418777
"42486",2021-05-15,"54","35  day ahead inc hosp",2021-06-19,"quantile",0.15,17.4454810120658
"42487",2021-05-15,"54","35  day ahead inc hosp",2021-06-19,"quantile",0.2,19.6084225364166
"42488",2021-05-15,"54","35  day ahead inc hosp",2021-06-19,"quantile",0.25,21.6191360507523
"42489",2021-05-15,"54","35  day ahead inc hosp",2021-06-19,"quantile",0.3,23.5531368335961
"42490",2021-05-15,"54","35  day ahead inc hosp",2021-06-19,"quantile",0.35,25.4584783578823
"42491",2021-05-15,"54","35  day ahead inc hosp",2021-06-19,"quantile",0.4,27.3711809867601
"42492",2021-05-15,"54","35  day ahead inc hosp",2021-06-19,"quantile",0.45,29.3224077114229
"42493",2021-05-15,"54","35  day ahead inc hosp",2021-06-19,"quantile",0.5,31.3427654895438
"42494",2021-05-15,"54","35  day ahead inc hosp",2021-06-19,"quantile",0.55,33.4657718376459
"42495",2021-05-15,"54","35  day ahead inc hosp",2021-06-19,"quantile",0.6,35.7316437620484
"42496",2021-05-15,"54","35  day ahead inc hosp",2021-06-19,"quantile",0.65,38.192568848784
"42497",2021-05-15,"54","35  day ahead inc hosp",2021-06-19,"quantile",0.7,40.9213508018614
"42498",2021-05-15,"54","35  day ahead inc hosp",2021-06-19,"quantile",0.75,44.027468337538
"42499",2021-05-15,"54","35  day ahead inc hosp",2021-06-19,"quantile",0.8,47.6907971055766
"42500",2021-05-15,"54","35  day ahead inc hosp",2021-06-19,"quantile",0.85,52.244180366194
"42501",2021-05-15,"54","35  day ahead inc hosp",2021-06-19,"quantile",0.9,58.4276732694002
"42502",2021-05-15,"54","35  day ahead inc hosp",2021-06-19,"quantile",0.95,68.5823202864588
"42503",2021-05-15,"54","35  day ahead inc hosp",2021-06-19,"quantile",0.975,78.4143913544265
"42504",2021-05-15,"54","35  day ahead inc hosp",2021-06-19,"quantile",0.99,91.1347547473041
"42505",2021-05-15,"54","36  day ahead inc hosp",2021-06-20,"quantile",0.01,7.07520512327805
"42506",2021-05-15,"54","36  day ahead inc hosp",2021-06-20,"quantile",0.025,9.30434092655351
"42507",2021-05-15,"54","36  day ahead inc hosp",2021-06-20,"quantile",0.05,11.6105013907507
"42508",2021-05-15,"54","36  day ahead inc hosp",2021-06-20,"quantile",0.1,14.7738790117339
"42509",2021-05-15,"54","36  day ahead inc hosp",2021-06-20,"quantile",0.15,17.2462989404712
"42510",2021-05-15,"54","36  day ahead inc hosp",2021-06-20,"quantile",0.2,19.4227679021429
"42511",2021-05-15,"54","36  day ahead inc hosp",2021-06-20,"quantile",0.25,21.4487561530548
"42512",2021-05-15,"54","36  day ahead inc hosp",2021-06-20,"quantile",0.3,23.3996173676695
"42513",2021-05-15,"54","36  day ahead inc hosp",2021-06-20,"quantile",0.35,25.3234362928728
"42514",2021-05-15,"54","36  day ahead inc hosp",2021-06-20,"quantile",0.4,27.2563782325766
"42515",2021-05-15,"54","36  day ahead inc hosp",2021-06-20,"quantile",0.45,29.2298460262866
"42516",2021-05-15,"54","36  day ahead inc hosp",2021-06-20,"quantile",0.5,31.2747895722421
"42517",2021-05-15,"54","36  day ahead inc hosp",2021-06-20,"quantile",0.55,33.4252010941088
"42518",2021-05-15,"54","36  day ahead inc hosp",2021-06-20,"quantile",0.6,35.7219580920421
"42519",2021-05-15,"54","36  day ahead inc hosp",2021-06-20,"quantile",0.65,38.2181897695697
"42520",2021-05-15,"54","36  day ahead inc hosp",2021-06-20,"quantile",0.7,40.9880956907467
"42521",2021-05-15,"54","36  day ahead inc hosp",2021-06-20,"quantile",0.75,44.1433411203133
"42522",2021-05-15,"54","36  day ahead inc hosp",2021-06-20,"quantile",0.8,47.8675024385698
"42523",2021-05-15,"54","36  day ahead inc hosp",2021-06-20,"quantile",0.85,52.5004397010172
"42524",2021-05-15,"54","36  day ahead inc hosp",2021-06-20,"quantile",0.9,58.7981834776041
"42525",2021-05-15,"54","36  day ahead inc hosp",2021-06-20,"quantile",0.95,69.1537979406152
"42526",2021-05-15,"54","36  day ahead inc hosp",2021-06-20,"quantile",0.975,79.1938000417042
"42527",2021-05-15,"54","36  day ahead inc hosp",2021-06-20,"quantile",0.99,92.1993860188264
"42528",2021-05-15,"54","37  day ahead inc hosp",2021-06-21,"quantile",0.01,7.0093577634207
"42529",2021-05-15,"54","37  day ahead inc hosp",2021-06-21,"quantile",0.025,9.25726967509633
"42530",2021-05-15,"54","37  day ahead inc hosp",2021-06-21,"quantile",0.05,11.5893451550571
"42531",2021-05-15,"54","37  day ahead inc hosp",2021-06-21,"quantile",0.1,14.7961963769817
"42532",2021-05-15,"54","37  day ahead inc hosp",2021-06-21,"quantile",0.15,17.3075493503907
"42533",2021-05-15,"54","37  day ahead inc hosp",2021-06-21,"quantile",0.2,19.5212092176689
"42534",2021-05-15,"54","37  day ahead inc hosp",2021-06-21,"quantile",0.25,21.5839235807497
"42535",2021-05-15,"54","37  day ahead inc hosp",2021-06-21,"quantile",0.3,23.571841501694
"42536",2021-05-15,"54","37  day ahead inc hosp",2021-06-21,"quantile",0.35,25.5336606710485
"42537",2021-05-15,"54","37  day ahead inc hosp",2021-06-21,"quantile",0.4,27.5061028094981
"42538",2021-05-15,"54","37  day ahead inc hosp",2021-06-21,"quantile",0.45,29.5211435924812
"42539",2021-05-15,"54","37  day ahead inc hosp",2021-06-21,"quantile",0.5,31.6103814026398
"42540",2021-05-15,"54","37  day ahead inc hosp",2021-06-21,"quantile",0.55,33.8085979719657
"42541",2021-05-15,"54","37  day ahead inc hosp",2021-06-21,"quantile",0.6,36.1576909225547
"42542",2021-05-15,"54","37  day ahead inc hosp",2021-06-21,"quantile",0.65,38.7121809814468
"42543",2021-05-15,"54","37  day ahead inc hosp",2021-06-21,"quantile",0.7,41.5482749727205
"42544",2021-05-15,"54","37  day ahead inc hosp",2021-06-21,"quantile",0.75,44.7807269500759
"42545",2021-05-15,"54","37  day ahead inc hosp",2021-06-21,"quantile",0.8,48.5982754157401
"42546",2021-05-15,"54","37  day ahead inc hosp",2021-06-21,"quantile",0.85,53.350468942902
"42547",2021-05-15,"54","37  day ahead inc hosp",2021-06-21,"quantile",0.9,59.8151828108769
"42548",2021-05-15,"54","37  day ahead inc hosp",2021-06-21,"quantile",0.95,70.4557874684834
"42549",2021-05-15,"54","37  day ahead inc hosp",2021-06-21,"quantile",0.975,80.782534888763
"42550",2021-05-15,"54","37  day ahead inc hosp",2021-06-21,"quantile",0.99,94.1722462544089
"42551",2021-05-15,"55","1  day ahead inc hosp",2021-05-16,"quantile",0.01,54.8483078553472
"42552",2021-05-15,"55","1  day ahead inc hosp",2021-05-16,"quantile",0.025,58.9057856035689
"42553",2021-05-15,"55","1  day ahead inc hosp",2021-05-16,"quantile",0.05,62.5719683958177
"42554",2021-05-15,"55","1  day ahead inc hosp",2021-05-16,"quantile",0.1,67.0083214203578
"42555",2021-05-15,"55","1  day ahead inc hosp",2021-05-16,"quantile",0.15,70.1319940335679
"42556",2021-05-15,"55","1  day ahead inc hosp",2021-05-16,"quantile",0.2,72.691467538313
"42557",2021-05-15,"55","1  day ahead inc hosp",2021-05-16,"quantile",0.25,74.9425501873844
"42558",2021-05-15,"55","1  day ahead inc hosp",2021-05-16,"quantile",0.3,77.008285840958
"42559",2021-05-15,"55","1  day ahead inc hosp",2021-05-16,"quantile",0.35,78.9603465734283
"42560",2021-05-15,"55","1  day ahead inc hosp",2021-05-16,"quantile",0.4,80.8467541564051
"42561",2021-05-15,"55","1  day ahead inc hosp",2021-05-16,"quantile",0.45,82.7038518680885
"42562",2021-05-15,"55","1  day ahead inc hosp",2021-05-16,"quantile",0.5,84.5625633147551
"42563",2021-05-15,"55","1  day ahead inc hosp",2021-05-16,"quantile",0.55,86.4524300540803
"42564",2021-05-15,"55","1  day ahead inc hosp",2021-05-16,"quantile",0.6,88.4050113676581
"42565",2021-05-15,"55","1  day ahead inc hosp",2021-05-16,"quantile",0.65,90.4577285311156
"42566",2021-05-15,"55","1  day ahead inc hosp",2021-05-16,"quantile",0.7,92.6594549290877
"42567",2021-05-15,"55","1  day ahead inc hosp",2021-05-16,"quantile",0.75,95.0802964850318
"42568",2021-05-15,"55","1  day ahead inc hosp",2021-05-16,"quantile",0.8,97.8315047904814
"42569",2021-05-15,"55","1  day ahead inc hosp",2021-05-16,"quantile",0.85,101.113251084739
"42570",2021-05-15,"55","1  day ahead inc hosp",2021-05-16,"quantile",0.9,105.358927859417
"42571",2021-05-15,"55","1  day ahead inc hosp",2021-05-16,"quantile",0.95,111.895864547566
"42572",2021-05-15,"55","1  day ahead inc hosp",2021-05-16,"quantile",0.975,117.807958528346
"42573",2021-05-15,"55","1  day ahead inc hosp",2021-05-16,"quantile",0.99,124.973190335188
"42574",2021-05-15,"55","2  day ahead inc hosp",2021-05-17,"quantile",0.01,59.464901839256
"42575",2021-05-15,"55","2  day ahead inc hosp",2021-05-17,"quantile",0.025,63.9812004278469
"42576",2021-05-15,"55","2  day ahead inc hosp",2021-05-17,"quantile",0.05,68.0670911198948
"42577",2021-05-15,"55","2  day ahead inc hosp",2021-05-17,"quantile",0.1,73.0173236085375
"42578",2021-05-15,"55","2  day ahead inc hosp",2021-05-17,"quantile",0.15,76.5064927421962
"42579",2021-05-15,"55","2  day ahead inc hosp",2021-05-17,"quantile",0.2,79.3675721110848
"42580",2021-05-15,"55","2  day ahead inc hosp",2021-05-17,"quantile",0.25,81.8854312570865
"42581",2021-05-15,"55","2  day ahead inc hosp",2021-05-17,"quantile",0.3,84.1971751885403
"42582",2021-05-15,"55","2  day ahead inc hosp",2021-05-17,"quantile",0.35,86.3827243990051
"42583",2021-05-15,"55","2  day ahead inc hosp",2021-05-17,"quantile",0.4,88.4956782757158
"42584",2021-05-15,"55","2  day ahead inc hosp",2021-05-17,"quantile",0.45,90.5766513184016
"42585",2021-05-15,"55","2  day ahead inc hosp",2021-05-17,"quantile",0.5,92.6602525386704
"42586",2021-05-15,"55","2  day ahead inc hosp",2021-05-17,"quantile",0.55,94.7795966503123
"42587",2021-05-15,"55","2  day ahead inc hosp",2021-05-17,"quantile",0.6,96.9701133067674
"42588",2021-05-15,"55","2  day ahead inc hosp",2021-05-17,"quantile",0.65,99.2738663248222
"42589",2021-05-15,"55","2  day ahead inc hosp",2021-05-17,"quantile",0.7,101.745846102576
"42590",2021-05-15,"55","2  day ahead inc hosp",2021-05-17,"quantile",0.75,104.46498950296
"42591",2021-05-15,"55","2  day ahead inc hosp",2021-05-17,"quantile",0.8,107.556627538676
"42592",2021-05-15,"55","2  day ahead inc hosp",2021-05-17,"quantile",0.85,111.246356223955
"42593",2021-05-15,"55","2  day ahead inc hosp",2021-05-17,"quantile",0.9,116.022796869096
"42594",2021-05-15,"55","2  day ahead inc hosp",2021-05-17,"quantile",0.95,123.383081489639
"42595",2021-05-15,"55","2  day ahead inc hosp",2021-05-17,"quantile",0.975,130.045848190968
"42596",2021-05-15,"55","2  day ahead inc hosp",2021-05-17,"quantile",0.99,138.128015823262
"42597",2021-05-15,"55","3  day ahead inc hosp",2021-05-18,"quantile",0.01,60.2003682314778
"42598",2021-05-15,"55","3  day ahead inc hosp",2021-05-18,"quantile",0.025,65.1376570773031
"42599",2021-05-15,"55","3  day ahead inc hosp",2021-05-18,"quantile",0.05,69.621640963007
"42600",2021-05-15,"55","3  day ahead inc hosp",2021-05-18,"quantile",0.1,75.0743559853594
"42601",2021-05-15,"55","3  day ahead inc hosp",2021-05-18,"quantile",0.15,78.9300571468448
"42602",2021-05-15,"55","3  day ahead inc hosp",2021-05-18,"quantile",0.2,82.0988561589527
"42603",2021-05-15,"55","3  day ahead inc hosp",2021-05-18,"quantile",0.25,84.8926216251537
"42604",2021-05-15,"55","3  day ahead inc hosp",2021-05-18,"quantile",0.3,87.4617314669484
"42605",2021-05-15,"55","3  day ahead inc hosp",2021-05-18,"quantile",0.35,89.8940390227411
"42606",2021-05-15,"55","3  day ahead inc hosp",2021-05-18,"quantile",0.4,92.2486368075516
"42607",2021-05-15,"55","3  day ahead inc hosp",2021-05-18,"quantile",0.45,94.5704714593429
"42608",2021-05-15,"55","3  day ahead inc hosp",2021-05-18,"quantile",0.5,96.898017022753
"42609",2021-05-15,"55","3  day ahead inc hosp",2021-05-18,"quantile",0.55,99.2682642560488
"42610",2021-05-15,"55","3  day ahead inc hosp",2021-05-18,"quantile",0.6,101.720969958353
"42611",2021-05-15,"55","3  day ahead inc hosp",2021-05-18,"quantile",0.65,104.303515711093
"42612",2021-05-15,"55","3  day ahead inc hosp",2021-05-18,"quantile",0.7,107.078025702052
"42613",2021-05-15,"55","3  day ahead inc hosp",2021-05-18,"quantile",0.75,110.133868351746
"42614",2021-05-15,"55","3  day ahead inc hosp",2021-05-18,"quantile",0.8,113.613159637057
"42615",2021-05-15,"55","3  day ahead inc hosp",2021-05-18,"quantile",0.85,117.772022058455
"42616",2021-05-15,"55","3  day ahead inc hosp",2021-05-18,"quantile",0.9,123.165813981905
"42617",2021-05-15,"55","3  day ahead inc hosp",2021-05-18,"quantile",0.95,131.49839575608
"42618",2021-05-15,"55","3  day ahead inc hosp",2021-05-18,"quantile",0.975,139.061916821678
"42619",2021-05-15,"55","3  day ahead inc hosp",2021-05-18,"quantile",0.99,148.261209106573
"42620",2021-05-15,"55","4  day ahead inc hosp",2021-05-19,"quantile",0.01,56.7103587155438
"42621",2021-05-15,"55","4  day ahead inc hosp",2021-05-19,"quantile",0.025,61.827129682745
"42622",2021-05-15,"55","4  day ahead inc hosp",2021-05-19,"quantile",0.05,66.4981954741466
"42623",2021-05-15,"55","4  day ahead inc hosp",2021-05-19,"quantile",0.1,72.2066769370208
"42624",2021-05-15,"55","4  day ahead inc hosp",2021-05-19,"quantile",0.15,76.2605732097825
"42625",2021-05-15,"55","4  day ahead inc hosp",2021-05-19,"quantile",0.2,79.6023266656795
"42626",2021-05-15,"55","4  day ahead inc hosp",2021-05-19,"quantile",0.25,82.5557496865474
"42627",2021-05-15,"55","4  day ahead inc hosp",2021-05-19,"quantile",0.3,85.2773715706318
"42628",2021-05-15,"55","4  day ahead inc hosp",2021-05-19,"quantile",0.35,87.8589168666237
"42629",2021-05-15,"55","4  day ahead inc hosp",2021-05-19,"quantile",0.4,90.3623276058421
"42630",2021-05-15,"55","4  day ahead inc hosp",2021-05-19,"quantile",0.45,92.834959071558
"42631",2021-05-15,"55","4  day ahead inc hosp",2021-05-19,"quantile",0.5,95.3175932096722
"42632",2021-05-15,"55","4  day ahead inc hosp",2021-05-19,"quantile",0.55,97.8496913529175
"42633",2021-05-15,"55","4  day ahead inc hosp",2021-05-19,"quantile",0.6,100.473919581178
"42634",2021-05-15,"55","4  day ahead inc hosp",2021-05-19,"quantile",0.65,103.241380233338
"42635",2021-05-15,"55","4  day ahead inc hosp",2021-05-19,"quantile",0.7,106.2193310544
"42636",2021-05-15,"55","4  day ahead inc hosp",2021-05-19,"quantile",0.75,109.504793584384
"42637",2021-05-15,"55","4  day ahead inc hosp",2021-05-19,"quantile",0.8,113.252366564576
"42638",2021-05-15,"55","4  day ahead inc hosp",2021-05-19,"quantile",0.85,117.74111151913
"42639",2021-05-15,"55","4  day ahead inc hosp",2021-05-19,"quantile",0.9,123.577004999359
"42640",2021-05-15,"55","4  day ahead inc hosp",2021-05-19,"quantile",0.95,132.622408550944
"42641",2021-05-15,"55","4  day ahead inc hosp",2021-05-19,"quantile",0.975,140.862293619131
"42642",2021-05-15,"55","4  day ahead inc hosp",2021-05-19,"quantile",0.99,150.919136358467
"42643",2021-05-15,"55","5  day ahead inc hosp",2021-05-20,"quantile",0.01,52.375225430973
"42644",2021-05-15,"55","5  day ahead inc hosp",2021-05-20,"quantile",0.025,57.5924399136216
"42645",2021-05-15,"55","5  day ahead inc hosp",2021-05-20,"quantile",0.05,62.3831327722084
"42646",2021-05-15,"55","5  day ahead inc hosp",2021-05-20,"quantile",0.1,68.2706737448232
"42647",2021-05-15,"55","5  day ahead inc hosp",2021-05-20,"quantile",0.15,72.4719146389592
"42648",2021-05-15,"55","5  day ahead inc hosp",2021-05-20,"quantile",0.2,75.946861745577
"42649",2021-05-15,"55","5  day ahead inc hosp",2021-05-20,"quantile",0.25,79.0263663548941
"42650",2021-05-15,"55","5  day ahead inc hosp",2021-05-20,"quantile",0.3,81.8708195512893
"42651",2021-05-15,"55","5  day ahead inc hosp",2021-05-20,"quantile",0.35,84.5745358368035
"42652",2021-05-15,"55","5  day ahead inc hosp",2021-05-20,"quantile",0.4,87.2014966212994
"42653",2021-05-15,"55","5  day ahead inc hosp",2021-05-20,"quantile",0.45,89.8009014722034
"42654",2021-05-15,"55","5  day ahead inc hosp",2021-05-20,"quantile",0.5,92.41541076437
"42655",2021-05-15,"55","5  day ahead inc hosp",2021-05-20,"quantile",0.55,95.0865988733611
"42656",2021-05-15,"55","5  day ahead inc hosp",2021-05-20,"quantile",0.6,97.8597132911346
"42657",2021-05-15,"55","5  day ahead inc hosp",2021-05-20,"quantile",0.65,100.789243208933
"42658",2021-05-15,"55","5  day ahead inc hosp",2021-05-20,"quantile",0.7,103.947200030934
"42659",2021-05-15,"55","5  day ahead inc hosp",2021-05-20,"quantile",0.75,107.437773859714
"42660",2021-05-15,"55","5  day ahead inc hosp",2021-05-20,"quantile",0.8,111.427349630697
"42661",2021-05-15,"55","5  day ahead inc hosp",2021-05-20,"quantile",0.85,116.216780793285
"42662",2021-05-15,"55","5  day ahead inc hosp",2021-05-20,"quantile",0.9,122.460397865203
"42663",2021-05-15,"55","5  day ahead inc hosp",2021-05-20,"quantile",0.95,132.172955938773
"42664",2021-05-15,"55","5  day ahead inc hosp",2021-05-20,"quantile",0.975,141.055225624972
"42665",2021-05-15,"55","5  day ahead inc hosp",2021-05-20,"quantile",0.99,151.937391699186
"42666",2021-05-15,"55","6  day ahead inc hosp",2021-05-21,"quantile",0.01,50.561594545142
"42667",2021-05-15,"55","6  day ahead inc hosp",2021-05-21,"quantile",0.025,56.0442533905609
"42668",2021-05-15,"55","6  day ahead inc hosp",2021-05-21,"quantile",0.05,61.1061545555105
"42669",2021-05-15,"55","6  day ahead inc hosp",2021-05-21,"quantile",0.1,67.3593660318585
"42670",2021-05-15,"55","6  day ahead inc hosp",2021-05-21,"quantile",0.15,71.8414389915562
"42671",2021-05-15,"55","6  day ahead inc hosp",2021-05-21,"quantile",0.2,75.5602407038746
"42672",2021-05-15,"55","6  day ahead inc hosp",2021-05-21,"quantile",0.25,78.8641052391407
"42673",2021-05-15,"55","6  day ahead inc hosp",2021-05-21,"quantile",0.3,81.9223547246906
"42674",2021-05-15,"55","6  day ahead inc hosp",2021-05-21,"quantile",0.35,84.8348819259009
"42675",2021-05-15,"55","6  day ahead inc hosp",2021-05-21,"quantile",0.4,87.6697432135804
"42676",2021-05-15,"55","6  day ahead inc hosp",2021-05-21,"quantile",0.45,90.4795569955321
"42677",2021-05-15,"55","6  day ahead inc hosp",2021-05-21,"quantile",0.5,93.3102374518833
"42678",2021-05-15,"55","6  day ahead inc hosp",2021-05-21,"quantile",0.55,96.2068231329311
"42679",2021-05-15,"55","6  day ahead inc hosp",2021-05-21,"quantile",0.6,99.218624690538
"42680",2021-05-15,"55","6  day ahead inc hosp",2021-05-21,"quantile",0.65,102.405314207788
"42681",2021-05-15,"55","6  day ahead inc hosp",2021-05-21,"quantile",0.7,105.846042672444
"42682",2021-05-15,"55","6  day ahead inc hosp",2021-05-21,"quantile",0.75,109.655634797706
"42683",2021-05-15,"55","6  day ahead inc hosp",2021-05-21,"quantile",0.8,114.017814830717
"42684",2021-05-15,"55","6  day ahead inc hosp",2021-05-21,"quantile",0.85,119.265298312412
"42685",2021-05-15,"55","6  day ahead inc hosp",2021-05-21,"quantile",0.9,126.122737588432
"42686",2021-05-15,"55","6  day ahead inc hosp",2021-05-21,"quantile",0.95,136.825190287928
"42687",2021-05-15,"55","6  day ahead inc hosp",2021-05-21,"quantile",0.975,146.647244413673
"42688",2021-05-15,"55","6  day ahead inc hosp",2021-05-21,"quantile",0.99,158.72197103211
"42689",2021-05-15,"55","7  day ahead inc hosp",2021-05-22,"quantile",0.01,45.4160048392356
"42690",2021-05-15,"55","7  day ahead inc hosp",2021-05-22,"quantile",0.025,50.8609797339051
"42691",2021-05-15,"55","7  day ahead inc hosp",2021-05-22,"quantile",0.05,55.9233212694306
"42692",2021-05-15,"55","7  day ahead inc hosp",2021-05-22,"quantile",0.1,62.2187172632988
"42693",2021-05-15,"55","7  day ahead inc hosp",2021-05-22,"quantile",0.15,66.7566691794462
"42694",2021-05-15,"55","7  day ahead inc hosp",2021-05-22,"quantile",0.2,70.536768936303
"42695",2021-05-15,"55","7  day ahead inc hosp",2021-05-22,"quantile",0.25,73.9057595300103
"42696",2021-05-15,"55","7  day ahead inc hosp",2021-05-22,"quantile",0.3,77.0327804775037
"42697",2021-05-15,"55","7  day ahead inc hosp",2021-05-22,"quantile",0.35,80.0180433029168
"42698",2021-05-15,"55","7  day ahead inc hosp",2021-05-22,"quantile",0.4,82.930202531468
"42699",2021-05-15,"55","7  day ahead inc hosp",2021-05-22,"quantile",0.45,85.8227128347705
"42700",2021-05-15,"55","7  day ahead inc hosp",2021-05-22,"quantile",0.5,88.7425961504466
"42701",2021-05-15,"55","7  day ahead inc hosp",2021-05-22,"quantile",0.55,91.7363590752885
"42702",2021-05-15,"55","7  day ahead inc hosp",2021-05-22,"quantile",0.6,94.8552988355964
"42703",2021-05-15,"55","7  day ahead inc hosp",2021-05-22,"quantile",0.65,98.1618653388686
"42704",2021-05-15,"55","7  day ahead inc hosp",2021-05-22,"quantile",0.7,101.739267386037
"42705",2021-05-15,"55","7  day ahead inc hosp",2021-05-22,"quantile",0.75,105.708608488568
"42706",2021-05-15,"55","7  day ahead inc hosp",2021-05-22,"quantile",0.8,110.264119392581
"42707",2021-05-15,"55","7  day ahead inc hosp",2021-05-22,"quantile",0.85,115.758203698729
"42708",2021-05-15,"55","7  day ahead inc hosp",2021-05-22,"quantile",0.9,122.959732911888
"42709",2021-05-15,"55","7  day ahead inc hosp",2021-05-22,"quantile",0.95,134.245110427382
"42710",2021-05-15,"55","7  day ahead inc hosp",2021-05-22,"quantile",0.975,144.647425881842
"42711",2021-05-15,"55","7  day ahead inc hosp",2021-05-22,"quantile",0.99,157.489628402021
"42712",2021-05-15,"55","8  day ahead inc hosp",2021-05-23,"quantile",0.01,43.588780473387
"42713",2021-05-15,"55","8  day ahead inc hosp",2021-05-23,"quantile",0.025,49.2485504019787
"42714",2021-05-15,"55","8  day ahead inc hosp",2021-05-23,"quantile",0.05,54.5422396641508
"42715",2021-05-15,"55","8  day ahead inc hosp",2021-05-23,"quantile",0.1,61.1627986252505
"42716",2021-05-15,"55","8  day ahead inc hosp",2021-05-23,"quantile",0.15,65.958226159593
"42717",2021-05-15,"55","8  day ahead inc hosp",2021-05-23,"quantile",0.2,69.9662539883898
"42718",2021-05-15,"55","8  day ahead inc hosp",2021-05-23,"quantile",0.25,73.5479967984487
"42719",2021-05-15,"55","8  day ahead inc hosp",2021-05-23,"quantile",0.3,76.8801409771248
"42720",2021-05-15,"55","8  day ahead inc hosp",2021-05-23,"quantile",0.35,80.0677592829318
"42721",2021-05-15,"55","8  day ahead inc hosp",2021-05-23,"quantile",0.4,83.1831857636511
"42722",2021-05-15,"55","8  day ahead inc hosp",2021-05-23,"quantile",0.45,86.2830820057495
"42723",2021-05-15,"55","8  day ahead inc hosp",2021-05-23,"quantile",0.5,89.4176353736643
"42724",2021-05-15,"55","8  day ahead inc hosp",2021-05-23,"quantile",0.55,92.6368286282244
"42725",2021-05-15,"55","8  day ahead inc hosp",2021-05-23,"quantile",0.6,95.996134566404
"42726",2021-05-15,"55","8  day ahead inc hosp",2021-05-23,"quantile",0.65,99.5634211278294
"42727",2021-05-15,"55","8  day ahead inc hosp",2021-05-23,"quantile",0.7,103.429449161695
"42728",2021-05-15,"55","8  day ahead inc hosp",2021-05-23,"quantile",0.75,107.726663239718
"42729",2021-05-15,"55","8  day ahead inc hosp",2021-05-23,"quantile",0.8,112.667894757231
"42730",2021-05-15,"55","8  day ahead inc hosp",2021-05-23,"quantile",0.85,118.639889859454
"42731",2021-05-15,"55","8  day ahead inc hosp",2021-05-23,"quantile",0.9,126.487659431012
"42732",2021-05-15,"55","8  day ahead inc hosp",2021-05-23,"quantile",0.95,138.827447705841
"42733",2021-05-15,"55","8  day ahead inc hosp",2021-05-23,"quantile",0.975,150.242846249774
"42734",2021-05-15,"55","8  day ahead inc hosp",2021-05-23,"quantile",0.99,164.385021241653
"42735",2021-05-15,"55","9  day ahead inc hosp",2021-05-24,"quantile",0.01,43.8743590295533
"42736",2021-05-15,"55","9  day ahead inc hosp",2021-05-24,"quantile",0.025,49.9462838837414
"42737",2021-05-15,"55","9  day ahead inc hosp",2021-05-24,"quantile",0.05,55.6544934126298
"42738",2021-05-15,"55","9  day ahead inc hosp",2021-05-24,"quantile",0.1,62.8278797752481
"42739",2021-05-15,"55","9  day ahead inc hosp",2021-05-24,"quantile",0.15,68.0449462262854
"42740",2021-05-15,"55","9  day ahead inc hosp",2021-05-24,"quantile",0.2,72.4177449791919
"42741",2021-05-15,"55","9  day ahead inc hosp",2021-05-24,"quantile",0.25,76.3343016070496
"42742",2021-05-15,"55","9  day ahead inc hosp",2021-05-24,"quantile",0.3,79.9849660584078
"42743",2021-05-15,"55","9  day ahead inc hosp",2021-05-24,"quantile",0.35,83.4832995471719
"42744",2021-05-15,"55","9  day ahead inc hosp",2021-05-24,"quantile",0.4,86.9078053115564
"42745",2021-05-15,"55","9  day ahead inc hosp",2021-05-24,"quantile",0.45,90.3202959803609
"42746",2021-05-15,"55","9  day ahead inc hosp",2021-05-24,"quantile",0.5,93.7758409422129
"42747",2021-05-15,"55","9  day ahead inc hosp",2021-05-24,"quantile",0.55,97.3296039058019
"42748",2021-05-15,"55","9  day ahead inc hosp",2021-05-24,"quantile",0.6,101.043121052377
"42749",2021-05-15,"55","9  day ahead inc hosp",2021-05-24,"quantile",0.65,104.9919844266
"42750",2021-05-15,"55","9  day ahead inc hosp",2021-05-24,"quantile",0.7,109.277588054271
"42751",2021-05-15,"55","9  day ahead inc hosp",2021-05-24,"quantile",0.75,114.048211882985
"42752",2021-05-15,"55","9  day ahead inc hosp",2021-05-24,"quantile",0.8,119.542509694485
"42753",2021-05-15,"55","9  day ahead inc hosp",2021-05-24,"quantile",0.85,126.194696074707
"42754",2021-05-15,"55","9  day ahead inc hosp",2021-05-24,"quantile",0.9,134.954614121548
"42755",2021-05-15,"55","9  day ahead inc hosp",2021-05-24,"quantile",0.95,148.767260830366
"42756",2021-05-15,"55","9  day ahead inc hosp",2021-05-24,"quantile",0.975,161.58332864648
"42757",2021-05-15,"55","9  day ahead inc hosp",2021-05-24,"quantile",0.99,177.506424170958
"42758",2021-05-15,"55","10  day ahead inc hosp",2021-05-25,"quantile",0.01,42.5320792768411
"42759",2021-05-15,"55","10  day ahead inc hosp",2021-05-25,"quantile",0.025,48.84596218435
"42760",2021-05-15,"55","10  day ahead inc hosp",2021-05-25,"quantile",0.05,54.8169736474043
"42761",2021-05-15,"55","10  day ahead inc hosp",2021-05-25,"quantile",0.1,62.3626023014945
"42762",2021-05-15,"55","10  day ahead inc hosp",2021-05-25,"quantile",0.15,67.8763122777888
"42763",2021-05-15,"55","10  day ahead inc hosp",2021-05-25,"quantile",0.2,72.5128718185507
"42764",2021-05-15,"55","10  day ahead inc hosp",2021-05-25,"quantile",0.25,76.6764896673843
"42765",2021-05-15,"55","10  day ahead inc hosp",2021-05-25,"quantile",0.3,80.5660650773642
"42766",2021-05-15,"55","10  day ahead inc hosp",2021-05-25,"quantile",0.35,84.3007084957045
"42767",2021-05-15,"55","10  day ahead inc hosp",2021-05-25,"quantile",0.4,87.9631627286922
"42768",2021-05-15,"55","10  day ahead inc hosp",2021-05-25,"quantile",0.45,91.6189729695031
"42769",2021-05-15,"55","10  day ahead inc hosp",2021-05-25,"quantile",0.5,95.3269284535611
"42770",2021-05-15,"55","10  day ahead inc hosp",2021-05-25,"quantile",0.55,99.1463110736159
"42771",2021-05-15,"55","10  day ahead inc hosp",2021-05-25,"quantile",0.6,103.143634558202
"42772",2021-05-15,"55","10  day ahead inc hosp",2021-05-25,"quantile",0.65,107.400978677351
"42773",2021-05-15,"55","10  day ahead inc hosp",2021-05-25,"quantile",0.7,112.028809456638
"42774",2021-05-15,"55","10  day ahead inc hosp",2021-05-25,"quantile",0.75,117.189062162997
"42775",2021-05-15,"55","10  day ahead inc hosp",2021-05-25,"quantile",0.8,123.142827608428
"42776",2021-05-15,"55","10  day ahead inc hosp",2021-05-25,"quantile",0.85,130.365812375915
"42777",2021-05-15,"55","10  day ahead inc hosp",2021-05-25,"quantile",0.9,139.900002020758
"42778",2021-05-15,"55","10  day ahead inc hosp",2021-05-25,"quantile",0.95,154.981265005376
"42779",2021-05-15,"55","10  day ahead inc hosp",2021-05-25,"quantile",0.975,169.021651168624
"42780",2021-05-15,"55","10  day ahead inc hosp",2021-05-25,"quantile",0.99,186.522509395754
"42781",2021-05-15,"55","11  day ahead inc hosp",2021-05-26,"quantile",0.01,39.1845255748274
"42782",2021-05-15,"55","11  day ahead inc hosp",2021-05-26,"quantile",0.025,45.4877367333169
"42783",2021-05-15,"55","11  day ahead inc hosp",2021-05-26,"quantile",0.05,51.4919457292165
"42784",2021-05-15,"55","11  day ahead inc hosp",2021-05-26,"quantile",0.1,59.1311027616137
"42785",2021-05-15,"55","11  day ahead inc hosp",2021-05-26,"quantile",0.15,64.745049547471
"42786",2021-05-15,"55","11  day ahead inc hosp",2021-05-26,"quantile",0.2,69.4845329453309
"42787",2021-05-15,"55","11  day ahead inc hosp",2021-05-26,"quantile",0.25,73.7539230000074
"42788",2021-05-15,"55","11  day ahead inc hosp",2021-05-26,"quantile",0.3,77.752955012473
"42789",2021-05-15,"55","11  day ahead inc hosp",2021-05-26,"quantile",0.35,81.6018001625858
"42790",2021-05-15,"55","11  day ahead inc hosp",2021-05-26,"quantile",0.4,85.3844428588628
"42791",2021-05-15,"55","11  day ahead inc hosp",2021-05-26,"quantile",0.45,89.1679046797955
"42792",2021-05-15,"55","11  day ahead inc hosp",2021-05-26,"quantile",0.5,93.0127903254282
"42793",2021-05-15,"55","11  day ahead inc hosp",2021-05-26,"quantile",0.55,96.9806981854112
"42794",2021-05-15,"55","11  day ahead inc hosp",2021-05-26,"quantile",0.6,101.141214300248
"42795",2021-05-15,"55","11  day ahead inc hosp",2021-05-26,"quantile",0.65,105.58066844716
"42796",2021-05-15,"55","11  day ahead inc hosp",2021-05-26,"quantile",0.7,110.415700136556
"42797",2021-05-15,"55","11  day ahead inc hosp",2021-05-26,"quantile",0.75,115.817771159462
"42798",2021-05-15,"55","11  day ahead inc hosp",2021-05-26,"quantile",0.8,122.063897392597
"42799",2021-05-15,"55","11  day ahead inc hosp",2021-05-26,"quantile",0.85,129.659629675471
"42800",2021-05-15,"55","11  day ahead inc hosp",2021-05-26,"quantile",0.9,139.714042714997
"42801",2021-05-15,"55","11  day ahead inc hosp",2021-05-26,"quantile",0.95,155.677842108716
"42802",2021-05-15,"55","11  day ahead inc hosp",2021-05-26,"quantile",0.975,170.598938167996
"42803",2021-05-15,"55","11  day ahead inc hosp",2021-05-26,"quantile",0.99,189.268520580877
"42804",2021-05-15,"55","12  day ahead inc hosp",2021-05-27,"quantile",0.01,39.9953009878242
"42805",2021-05-15,"55","12  day ahead inc hosp",2021-05-27,"quantile",0.025,46.7595138486003
"42806",2021-05-15,"55","12  day ahead inc hosp",2021-05-27,"quantile",0.05,53.2336394906007
"42807",2021-05-15,"55","12  day ahead inc hosp",2021-05-27,"quantile",0.1,61.50737306391
"42808",2021-05-15,"55","12  day ahead inc hosp",2021-05-27,"quantile",0.15,67.6103560489494
"42809",2021-05-15,"55","12  day ahead inc hosp",2021-05-27,"quantile",0.2,72.7759540036587
"42810",2021-05-15,"55","12  day ahead inc hosp",2021-05-27,"quantile",0.25,77.4386872491106
"42811",2021-05-15,"55","12  day ahead inc hosp",2021-05-27,"quantile",0.3,81.8137271925442
"42812",2021-05-15,"55","12  day ahead inc hosp",2021-05-27,"quantile",0.35,86.0309365876815
"42813",2021-05-15,"55","12  day ahead inc hosp",2021-05-27,"quantile",0.4,90.1814377897139
"42814",2021-05-15,"55","12  day ahead inc hosp",2021-05-27,"quantile",0.45,94.3383038572699
"42815",2021-05-15,"55","12  day ahead inc hosp",2021-05-27,"quantile",0.5,98.5679638569893
"42816",2021-05-15,"55","12  day ahead inc hosp",2021-05-27,"quantile",0.55,102.938282209522
"42817",2021-05-15,"55","12  day ahead inc hosp",2021-05-27,"quantile",0.6,107.526258614852
"42818",2021-05-15,"55","12  day ahead inc hosp",2021-05-27,"quantile",0.65,112.427743584574
"42819",2021-05-15,"55","12  day ahead inc hosp",2021-05-27,"quantile",0.7,117.772558786316
"42820",2021-05-15,"55","12  day ahead inc hosp",2021-05-27,"quantile",0.75,123.751878774867
"42821",2021-05-15,"55","12  day ahead inc hosp",2021-05-27,"quantile",0.8,130.674965620764
"42822",2021-05-15,"55","12  day ahead inc hosp",2021-05-27,"quantile",0.85,139.106805306962
"42823",2021-05-15,"55","12  day ahead inc hosp",2021-05-27,"quantile",0.9,150.288082861561
"42824",2021-05-15,"55","12  day ahead inc hosp",2021-05-27,"quantile",0.95,168.083623792075
"42825",2021-05-15,"55","12  day ahead inc hosp",2021-05-27,"quantile",0.975,184.759004527981
"42826",2021-05-15,"55","12  day ahead inc hosp",2021-05-27,"quantile",0.99,205.674261807951
"42827",2021-05-15,"55","13  day ahead inc hosp",2021-05-28,"quantile",0.01,37.3388438613425
"42828",2021-05-15,"55","13  day ahead inc hosp",2021-05-28,"quantile",0.025,44.1170956696039
"42829",2021-05-15,"55","13  day ahead inc hosp",2021-05-28,"quantile",0.05,50.6507310281821
"42830",2021-05-15,"55","13  day ahead inc hosp",2021-05-28,"quantile",0.1,59.0556143627678
"42831",2021-05-15,"55","13  day ahead inc hosp",2021-05-28,"quantile",0.15,65.2894727643681
"42832",2021-05-15,"55","13  day ahead inc hosp",2021-05-28,"quantile",0.2,70.5858137211386
"42833",2021-05-15,"55","13  day ahead inc hosp",2021-05-28,"quantile",0.25,75.3808842794236
"42834",2021-05-15,"55","13  day ahead inc hosp",2021-05-28,"quantile",0.3,79.8915334667359
"42835",2021-05-15,"55","13  day ahead inc hosp",2021-05-28,"quantile",0.35,84.249252153191
"42836",2021-05-15,"55","13  day ahead inc hosp",2021-05-28,"quantile",0.4,88.546861603406
"42837",2021-05-15,"55","13  day ahead inc hosp",2021-05-28,"quantile",0.45,92.8593387884917
"42838",2021-05-15,"55","13  day ahead inc hosp",2021-05-28,"quantile",0.5,97.2553791528505
"42839",2021-05-15,"55","13  day ahead inc hosp",2021-05-28,"quantile",0.55,101.80568685554
"42840",2021-05-15,"55","13  day ahead inc hosp",2021-05-28,"quantile",0.6,106.590989440564
"42841",2021-05-15,"55","13  day ahead inc hosp",2021-05-28,"quantile",0.65,111.712264581477
"42842",2021-05-15,"55","13  day ahead inc hosp",2021-05-28,"quantile",0.7,117.306757811158
"42843",2021-05-15,"55","13  day ahead inc hosp",2021-05-28,"quantile",0.75,123.577080207001
"42844",2021-05-15,"55","13  day ahead inc hosp",2021-05-28,"quantile",0.8,130.85159592523
"42845",2021-05-15,"55","13  day ahead inc hosp",2021-05-28,"quantile",0.85,139.731078345938
"42846",2021-05-15,"55","13  day ahead inc hosp",2021-05-28,"quantile",0.9,151.536665667555
"42847",2021-05-15,"55","13  day ahead inc hosp",2021-05-28,"quantile",0.95,170.390910505484
"42848",2021-05-15,"55","13  day ahead inc hosp",2021-05-28,"quantile",0.975,188.122940779389
"42849",2021-05-15,"55","13  day ahead inc hosp",2021-05-28,"quantile",0.99,210.44122198042
"42850",2021-05-15,"55","14  day ahead inc hosp",2021-05-29,"quantile",0.01,33.4330096592007
"42851",2021-05-15,"55","14  day ahead inc hosp",2021-05-29,"quantile",0.025,40.0030755792823
"42852",2021-05-15,"55","14  day ahead inc hosp",2021-05-29,"quantile",0.05,46.3895936933185
"42853",2021-05-15,"55","14  day ahead inc hosp",2021-05-29,"quantile",0.1,54.6694725116671
"42854",2021-05-15,"55","14  day ahead inc hosp",2021-05-29,"quantile",0.15,60.8504922087414
"42855",2021-05-15,"55","14  day ahead inc hosp",2021-05-29,"quantile",0.2,66.1253021682261
"42856",2021-05-15,"55","14  day ahead inc hosp",2021-05-29,"quantile",0.25,70.9176540195705
"42857",2021-05-15,"55","14  day ahead inc hosp",2021-05-29,"quantile",0.3,75.4391553989516
"42858",2021-05-15,"55","14  day ahead inc hosp",2021-05-29,"quantile",0.35,79.8188500118181
"42859",2021-05-15,"55","14  day ahead inc hosp",2021-05-29,"quantile",0.4,84.1484938281845
"42860",2021-05-15,"55","14  day ahead inc hosp",2021-05-29,"quantile",0.45,88.502846473881
"42861",2021-05-15,"55","14  day ahead inc hosp",2021-05-29,"quantile",0.5,92.9510375065123
"42862",2021-05-15,"55","14  day ahead inc hosp",2021-05-29,"quantile",0.55,97.5648344337899
"42863",2021-05-15,"55","14  day ahead inc hosp",2021-05-29,"quantile",0.6,102.426770460339
"42864",2021-05-15,"55","14  day ahead inc hosp",2021-05-29,"quantile",0.65,107.64064881018
"42865",2021-05-15,"55","14  day ahead inc hosp",2021-05-29,"quantile",0.7,113.348113130043
"42866",2021-05-15,"55","14  day ahead inc hosp",2021-05-29,"quantile",0.75,119.758854279501
"42867",2021-05-15,"55","14  day ahead inc hosp",2021-05-29,"quantile",0.8,127.21341314036
"42868",2021-05-15,"55","14  day ahead inc hosp",2021-05-29,"quantile",0.85,136.335888495171
"42869",2021-05-15,"55","14  day ahead inc hosp",2021-05-29,"quantile",0.9,148.500921999538
"42870",2021-05-15,"55","14  day ahead inc hosp",2021-05-29,"quantile",0.95,168.006486567599
"42871",2021-05-15,"55","14  day ahead inc hosp",2021-05-29,"quantile",0.975,186.427848334785
"42872",2021-05-15,"55","14  day ahead inc hosp",2021-05-29,"quantile",0.99,209.706277042266
"42873",2021-05-15,"55","15  day ahead inc hosp",2021-05-30,"quantile",0.01,31.2752104973306
"42874",2021-05-15,"55","15  day ahead inc hosp",2021-05-30,"quantile",0.025,37.9434362833194
"42875",2021-05-15,"55","15  day ahead inc hosp",2021-05-30,"quantile",0.05,44.4854894817985
"42876",2021-05-15,"55","15  day ahead inc hosp",2021-05-30,"quantile",0.1,53.0393626721468
"42877",2021-05-15,"55","15  day ahead inc hosp",2021-05-30,"quantile",0.15,59.4699048374191
"42878",2021-05-15,"55","15  day ahead inc hosp",2021-05-30,"quantile",0.2,64.9840414905462
"42879",2021-05-15,"55","15  day ahead inc hosp",2021-05-30,"quantile",0.25,70.0127988561669
"42880",2021-05-15,"55","15  day ahead inc hosp",2021-05-30,"quantile",0.3,74.7725237528101
"42881",2021-05-15,"55","15  day ahead inc hosp",2021-05-30,"quantile",0.35,79.3959904162077
"42882",2021-05-15,"55","15  day ahead inc hosp",2021-05-30,"quantile",0.4,83.9783699877074
"42883",2021-05-15,"55","15  day ahead inc hosp",2021-05-30,"quantile",0.45,88.5979433015564
"42884",2021-05-15,"55","15  day ahead inc hosp",2021-05-30,"quantile",0.5,93.3278191621807
"42885",2021-05-15,"55","15  day ahead inc hosp",2021-05-30,"quantile",0.55,98.2445955564535
"42886",2021-05-15,"55","15  day ahead inc hosp",2021-05-30,"quantile",0.6,103.43702763354
"42887",2021-05-15,"55","15  day ahead inc hosp",2021-05-30,"quantile",0.65,109.017380299286
"42888",2021-05-15,"55","15  day ahead inc hosp",2021-05-30,"quantile",0.7,115.139468230042
"42889",2021-05-15,"55","15  day ahead inc hosp",2021-05-30,"quantile",0.75,122.031658719746
"42890",2021-05-15,"55","15  day ahead inc hosp",2021-05-30,"quantile",0.8,130.065615092664
"42891",2021-05-15,"55","15  day ahead inc hosp",2021-05-30,"quantile",0.85,139.923660812619
"42892",2021-05-15,"55","15  day ahead inc hosp",2021-05-30,"quantile",0.9,153.111208397125
"42893",2021-05-15,"55","15  day ahead inc hosp",2021-05-30,"quantile",0.95,174.344830455935
"42894",2021-05-15,"55","15  day ahead inc hosp",2021-05-30,"quantile",0.975,194.4863078551
"42895",2021-05-15,"55","15  day ahead inc hosp",2021-05-30,"quantile",0.99,220.04473155309
"42896",2021-05-15,"55","16  day ahead inc hosp",2021-05-31,"quantile",0.01,32.8728988223413
"42897",2021-05-15,"55","16  day ahead inc hosp",2021-05-31,"quantile",0.025,40.129391399484
"42898",2021-05-15,"55","16  day ahead inc hosp",2021-05-31,"quantile",0.05,47.2779227335887
"42899",2021-05-15,"55","16  day ahead inc hosp",2021-05-31,"quantile",0.1,56.6600742553929
"42900",2021-05-15,"55","16  day ahead inc hosp",2021-05-31,"quantile",0.15,63.7352063562128
"42901",2021-05-15,"55","16  day ahead inc hosp",2021-05-31,"quantile",0.2,69.8149140402597
"42902",2021-05-15,"55","16  day ahead inc hosp",2021-05-31,"quantile",0.25,75.3686830568934
"42903",2021-05-15,"55","16  day ahead inc hosp",2021-05-31,"quantile",0.3,80.6327108258321
"42904",2021-05-15,"55","16  day ahead inc hosp",2021-05-31,"quantile",0.35,85.7523707739593
"42905",2021-05-15,"55","16  day ahead inc hosp",2021-05-31,"quantile",0.4,90.8322427265124
"42906",2021-05-15,"55","16  day ahead inc hosp",2021-05-31,"quantile",0.45,95.9587105380771
"42907",2021-05-15,"55","16  day ahead inc hosp",2021-05-31,"quantile",0.5,101.212804614101
"42908",2021-05-15,"55","16  day ahead inc hosp",2021-05-31,"quantile",0.55,106.679762120847
"42909",2021-05-15,"55","16  day ahead inc hosp",2021-05-31,"quantile",0.6,112.458669874646
"42910",2021-05-15,"55","16  day ahead inc hosp",2021-05-31,"quantile",0.65,118.675166039236
"42911",2021-05-15,"55","16  day ahead inc hosp",2021-05-31,"quantile",0.7,125.50168655504
"42912",2021-05-15,"55","16  day ahead inc hosp",2021-05-31,"quantile",0.75,133.194560029802
"42913",2021-05-15,"55","16  day ahead inc hosp",2021-05-31,"quantile",0.8,142.171335431187
"42914",2021-05-15,"55","16  day ahead inc hosp",2021-05-31,"quantile",0.85,153.199147404475
"42915",2021-05-15,"55","16  day ahead inc hosp",2021-05-31,"quantile",0.9,167.97174859959
"42916",2021-05-15,"55","16  day ahead inc hosp",2021-05-31,"quantile",0.95,191.800517587217
"42917",2021-05-15,"55","16  day ahead inc hosp",2021-05-31,"quantile",0.975,214.446448322008
"42918",2021-05-15,"55","16  day ahead inc hosp",2021-05-31,"quantile",0.99,243.234516231375
"42919",2021-05-15,"55","17  day ahead inc hosp",2021-06-01,"quantile",0.01,32.4074713258982
"42920",2021-05-15,"55","17  day ahead inc hosp",2021-06-01,"quantile",0.025,39.9347459752981
"42921",2021-05-15,"55","17  day ahead inc hosp",2021-06-01,"quantile",0.05,47.396390439897
"42922",2021-05-15,"55","17  day ahead inc hosp",2021-06-01,"quantile",0.1,57.2454038661053
"42923",2021-05-15,"55","17  day ahead inc hosp",2021-06-01,"quantile",0.15,64.7073775139264
"42924",2021-05-15,"55","17  day ahead inc hosp",2021-06-01,"quantile",0.2,71.1399057539781
"42925",2021-05-15,"55","17  day ahead inc hosp",2021-06-01,"quantile",0.25,77.030648739628
"42926",2021-05-15,"55","17  day ahead inc hosp",2021-06-01,"quantile",0.3,82.6258193792012
"42927",2021-05-15,"55","17  day ahead inc hosp",2021-06-01,"quantile",0.35,88.077623295954
"42928",2021-05-15,"55","17  day ahead inc hosp",2021-06-01,"quantile",0.4,93.4961615259383
"42929",2021-05-15,"55","17  day ahead inc hosp",2021-06-01,"quantile",0.45,98.972962225563
"42930",2021-05-15,"55","17  day ahead inc hosp",2021-06-01,"quantile",0.5,104.594447284831
"42931",2021-05-15,"55","17  day ahead inc hosp",2021-06-01,"quantile",0.55,110.452066533903
"42932",2021-05-15,"55","17  day ahead inc hosp",2021-06-01,"quantile",0.6,116.652639842016
"42933",2021-05-15,"55","17  day ahead inc hosp",2021-06-01,"quantile",0.65,123.332094579679
"42934",2021-05-15,"55","17  day ahead inc hosp",2021-06-01,"quantile",0.7,130.677462100297
"42935",2021-05-15,"55","17  day ahead inc hosp",2021-06-01,"quantile",0.75,138.967266975605
"42936",2021-05-15,"55","17  day ahead inc hosp",2021-06-01,"quantile",0.8,148.65581864881
"42937",2021-05-15,"55","17  day ahead inc hosp",2021-06-01,"quantile",0.85,160.578703520026
"42938",2021-05-15,"55","17  day ahead inc hosp",2021-06-01,"quantile",0.9,176.582770452037
"42939",2021-05-15,"55","17  day ahead inc hosp",2021-06-01,"quantile",0.95,202.467099156504
"42940",2021-05-15,"55","17  day ahead inc hosp",2021-06-01,"quantile",0.975,227.13543042147
"42941",2021-05-15,"55","17  day ahead inc hosp",2021-06-01,"quantile",0.99,258.577639986702
"42942",2021-05-15,"55","18  day ahead inc hosp",2021-06-02,"quantile",0.01,29.7410427598054
"42943",2021-05-15,"55","18  day ahead inc hosp",2021-06-02,"quantile",0.025,37.1358452366551
"42944",2021-05-15,"55","18  day ahead inc hosp",2021-06-02,"quantile",0.05,44.5304294675168
"42945",2021-05-15,"55","18  day ahead inc hosp",2021-06-02,"quantile",0.1,54.3687010845662
"42946",2021-05-15,"55","18  day ahead inc hosp",2021-06-02,"quantile",0.15,61.871020278479
"42947",2021-05-15,"55","18  day ahead inc hosp",2021-06-02,"quantile",0.2,68.3668240442541
"42948",2021-05-15,"55","18  day ahead inc hosp",2021-06-02,"quantile",0.25,74.3360352495044
"42949",2021-05-15,"55","18  day ahead inc hosp",2021-06-02,"quantile",0.3,80.0221864621876
"42950",2021-05-15,"55","18  day ahead inc hosp",2021-06-02,"quantile",0.35,85.5767713439136
"42951",2021-05-15,"55","18  day ahead inc hosp",2021-06-02,"quantile",0.4,91.1102347737272
"42952",2021-05-15,"55","18  day ahead inc hosp",2021-06-02,"quantile",0.45,96.7152160838853
"42953",2021-05-15,"55","18  day ahead inc hosp",2021-06-02,"quantile",0.5,102.479983401999
"42954",2021-05-15,"55","18  day ahead inc hosp",2021-06-02,"quantile",0.55,108.498698944157
"42955",2021-05-15,"55","18  day ahead inc hosp",2021-06-02,"quantile",0.6,114.882064168777
"42956",2021-05-15,"55","18  day ahead inc hosp",2021-06-02,"quantile",0.65,121.771619753013
"42957",2021-05-15,"55","18  day ahead inc hosp",2021-06-02,"quantile",0.7,129.362780040213
"42958",2021-05-15,"55","18  day ahead inc hosp",2021-06-02,"quantile",0.75,137.947250090134
"42959",2021-05-15,"55","18  day ahead inc hosp",2021-06-02,"quantile",0.8,148.001684196635
"42960",2021-05-15,"55","18  day ahead inc hosp",2021-06-02,"quantile",0.85,160.404053751019
"42961",2021-05-15,"55","18  day ahead inc hosp",2021-06-02,"quantile",0.9,177.097667930008
"42962",2021-05-15,"55","18  day ahead inc hosp",2021-06-02,"quantile",0.95,204.195321528869
"42963",2021-05-15,"55","18  day ahead inc hosp",2021-06-02,"quantile",0.975,230.117797278457
"42964",2021-05-15,"55","18  day ahead inc hosp",2021-06-02,"quantile",0.99,263.276907498074
"42965",2021-05-15,"55","19  day ahead inc hosp",2021-06-03,"quantile",0.01,27.1510353184546
"42966",2021-05-15,"55","19  day ahead inc hosp",2021-06-03,"quantile",0.025,34.3742173660275
"42967",2021-05-15,"55","19  day ahead inc hosp",2021-06-03,"quantile",0.05,41.6633615830234
"42968",2021-05-15,"55","19  day ahead inc hosp",2021-06-03,"quantile",0.1,51.4416783731133
"42969",2021-05-15,"55","19  day ahead inc hosp",2021-06-03,"quantile",0.15,58.9484283123133
"42970",2021-05-15,"55","19  day ahead inc hosp",2021-06-03,"quantile",0.2,65.4775760405508
"42971",2021-05-15,"55","19  day ahead inc hosp",2021-06-03,"quantile",0.25,71.49869948359
"42972",2021-05-15,"55","19  day ahead inc hosp",2021-06-03,"quantile",0.3,77.2513661800084
"42973",2021-05-15,"55","19  day ahead inc hosp",2021-06-03,"quantile",0.35,82.8855994127321
"42974",2021-05-15,"55","19  day ahead inc hosp",2021-06-03,"quantile",0.4,88.5116777858056
"42975",2021-05-15,"55","19  day ahead inc hosp",2021-06-03,"quantile",0.45,94.2229682312587
"42976",2021-05-15,"55","19  day ahead inc hosp",2021-06-03,"quantile",0.5,100.109264352551
"42977",2021-05-15,"55","19  day ahead inc hosp",2021-06-03,"quantile",0.55,106.267142544951
"42978",2021-05-15,"55","19  day ahead inc hosp",2021-06-03,"quantile",0.6,112.81087794286
"42979",2021-05-15,"55","19  day ahead inc hosp",2021-06-03,"quantile",0.65,119.887272749712
"42980",2021-05-15,"55","19  day ahead inc hosp",2021-06-03,"quantile",0.7,127.699681843051
"42981",2021-05-15,"55","19  day ahead inc hosp",2021-06-03,"quantile",0.75,136.552379431203
"42982",2021-05-15,"55","19  day ahead inc hosp",2021-06-03,"quantile",0.8,146.943431263262
"42983",2021-05-15,"55","19  day ahead inc hosp",2021-06-03,"quantile",0.85,159.791585179894
"42984",2021-05-15,"55","19  day ahead inc hosp",2021-06-03,"quantile",0.9,177.133312499733
"42985",2021-05-15,"55","19  day ahead inc hosp",2021-06-03,"quantile",0.95,205.385840077763
"42986",2021-05-15,"55","19  day ahead inc hosp",2021-06-03,"quantile",0.975,232.515780027981
"42987",2021-05-15,"55","19  day ahead inc hosp",2021-06-03,"quantile",0.99,267.3438373482
"42988",2021-05-15,"55","20  day ahead inc hosp",2021-06-04,"quantile",0.01,25.4926806538694
"42989",2021-05-15,"55","20  day ahead inc hosp",2021-06-04,"quantile",0.025,32.6809567158661
"42990",2021-05-15,"55","20  day ahead inc hosp",2021-06-04,"quantile",0.05,39.9947346363248
"42991",2021-05-15,"55","20  day ahead inc hosp",2021-06-04,"quantile",0.1,49.8789163117598
"42992",2021-05-15,"55","20  day ahead inc hosp",2021-06-04,"quantile",0.15,57.5124362114846
"42993",2021-05-15,"55","20  day ahead inc hosp",2021-06-04,"quantile",0.2,64.1786306654695
"42994",2021-05-15,"55","20  day ahead inc hosp",2021-06-04,"quantile",0.25,70.345458599979
"42995",2021-05-15,"55","20  day ahead inc hosp",2021-06-04,"quantile",0.3,76.252842858322
"42996",2021-05-15,"55","20  day ahead inc hosp",2021-06-04,"quantile",0.35,82.0519502385823
"42997",2021-05-15,"55","20  day ahead inc hosp",2021-06-04,"quantile",0.4,87.8547369393426
"42998",2021-05-15,"55","20  day ahead inc hosp",2021-06-04,"quantile",0.45,93.756787986224
"42999",2021-05-15,"55","20  day ahead inc hosp",2021-06-04,"quantile",0.5,99.8507907595654
"43000",2021-05-15,"55","20  day ahead inc hosp",2021-06-04,"quantile",0.55,106.237148014715
"43001",2021-05-15,"55","20  day ahead inc hosp",2021-06-04,"quantile",0.6,113.035325840182
"43002",2021-05-15,"55","20  day ahead inc hosp",2021-06-04,"quantile",0.65,120.399416963788
"43003",2021-05-15,"55","20  day ahead inc hosp",2021-06-04,"quantile",0.7,128.543482253982
"43004",2021-05-15,"55","20  day ahead inc hosp",2021-06-04,"quantile",0.75,137.788458427009
"43005",2021-05-15,"55","20  day ahead inc hosp",2021-06-04,"quantile",0.8,148.66047415325
"43006",2021-05-15,"55","20  day ahead inc hosp",2021-06-04,"quantile",0.85,162.131257936597
"43007",2021-05-15,"55","20  day ahead inc hosp",2021-06-04,"quantile",0.9,180.357373149762
"43008",2021-05-15,"55","20  day ahead inc hosp",2021-06-04,"quantile",0.95,210.144923862949
"43009",2021-05-15,"55","20  day ahead inc hosp",2021-06-04,"quantile",0.975,238.843031492437
"43010",2021-05-15,"55","20  day ahead inc hosp",2021-06-04,"quantile",0.99,275.79838452763
"43011",2021-05-15,"55","21  day ahead inc hosp",2021-06-05,"quantile",0.01,22.6229301425958
"43012",2021-05-15,"55","21  day ahead inc hosp",2021-06-05,"quantile",0.025,29.4781886692073
"43013",2021-05-15,"55","21  day ahead inc hosp",2021-06-05,"quantile",0.05,36.5278852119139
"43014",2021-05-15,"55","21  day ahead inc hosp",2021-06-05,"quantile",0.1,46.1464776427682
"43015",2021-05-15,"55","21  day ahead inc hosp",2021-06-05,"quantile",0.15,53.6320675458138
"43016",2021-05-15,"55","21  day ahead inc hosp",2021-06-05,"quantile",0.2,60.2028056613623
"43017",2021-05-15,"55","21  day ahead inc hosp",2021-06-05,"quantile",0.25,66.305692418014
"43018",2021-05-15,"55","21  day ahead inc hosp",2021-06-05,"quantile",0.3,72.1714080507165
"43019",2021-05-15,"55","21  day ahead inc hosp",2021-06-05,"quantile",0.35,77.9464751196717
"43020",2021-05-15,"55","21  day ahead inc hosp",2021-06-05,"quantile",0.4,83.7404823558199
"43021",2021-05-15,"55","21  day ahead inc hosp",2021-06-05,"quantile",0.45,89.6480117424436
"43022",2021-05-15,"55","21  day ahead inc hosp",2021-06-05,"quantile",0.5,95.7617433583557
"43023",2021-05-15,"55","21  day ahead inc hosp",2021-06-05,"quantile",0.55,102.182972904806
"43024",2021-05-15,"55","21  day ahead inc hosp",2021-06-05,"quantile",0.6,109.033061925395
"43025",2021-05-15,"55","21  day ahead inc hosp",2021-06-05,"quantile",0.65,116.469326873617
"43026",2021-05-15,"55","21  day ahead inc hosp",2021-06-05,"quantile",0.7,124.711066674313
"43027",2021-05-15,"55","21  day ahead inc hosp",2021-06-05,"quantile",0.75,134.087878743185
"43028",2021-05-15,"55","21  day ahead inc hosp",2021-06-05,"quantile",0.8,145.141083664567
"43029",2021-05-15,"55","21  day ahead inc hosp",2021-06-05,"quantile",0.85,158.87201128351
"43030",2021-05-15,"55","21  day ahead inc hosp",2021-06-05,"quantile",0.9,177.506315390975
"43031",2021-05-15,"55","21  day ahead inc hosp",2021-06-05,"quantile",0.95,208.081570246955
"43032",2021-05-15,"55","21  day ahead inc hosp",2021-06-05,"quantile",0.975,237.659242100338
"43033",2021-05-15,"55","21  day ahead inc hosp",2021-06-05,"quantile",0.99,275.893805541084
"43034",2021-05-15,"55","22  day ahead inc hosp",2021-06-06,"quantile",0.01,21.5410737959739
"43035",2021-05-15,"55","22  day ahead inc hosp",2021-06-06,"quantile",0.025,28.4105655924559
"43036",2021-05-15,"55","22  day ahead inc hosp",2021-06-06,"quantile",0.05,35.5309321294551
"43037",2021-05-15,"55","22  day ahead inc hosp",2021-06-06,"quantile",0.1,45.3144802808089
"43038",2021-05-15,"55","22  day ahead inc hosp",2021-06-06,"quantile",0.15,52.971369824582
"43039",2021-05-15,"55","22  day ahead inc hosp",2021-06-06,"quantile",0.2,59.7177882933557
"43040",2021-05-15,"55","22  day ahead inc hosp",2021-06-06,"quantile",0.25,66.0021381178252
"43041",2021-05-15,"55","22  day ahead inc hosp",2021-06-06,"quantile",0.3,72.0569700869407
"43042",2021-05-15,"55","22  day ahead inc hosp",2021-06-06,"quantile",0.35,78.0308987472217
"43043",2021-05-15,"55","22  day ahead inc hosp",2021-06-06,"quantile",0.4,84.0358977209132
"43044",2021-05-15,"55","22  day ahead inc hosp",2021-06-06,"quantile",0.45,90.1693816068592
"43045",2021-05-15,"55","22  day ahead inc hosp",2021-06-06,"quantile",0.5,96.5275342416674
"43046",2021-05-15,"55","22  day ahead inc hosp",2021-06-06,"quantile",0.55,103.216154690852
"43047",2021-05-15,"55","22  day ahead inc hosp",2021-06-06,"quantile",0.6,110.362618913807
"43048",2021-05-15,"55","22  day ahead inc hosp",2021-06-06,"quantile",0.65,118.132616010185
"43049",2021-05-15,"55","22  day ahead inc hosp",2021-06-06,"quantile",0.7,126.757677870186
"43050",2021-05-15,"55","22  day ahead inc hosp",2021-06-06,"quantile",0.75,136.586385286542
"43051",2021-05-15,"55","22  day ahead inc hosp",2021-06-06,"quantile",0.8,148.191975672239
"43052",2021-05-15,"55","22  day ahead inc hosp",2021-06-06,"quantile",0.85,162.635972641244
"43053",2021-05-15,"55","22  day ahead inc hosp",2021-06-06,"quantile",0.9,182.280378588158
"43054",2021-05-15,"55","22  day ahead inc hosp",2021-06-06,"quantile",0.95,214.604048778087
"43055",2021-05-15,"55","22  day ahead inc hosp",2021-06-06,"quantile",0.975,245.964227201583
"43056",2021-05-15,"55","22  day ahead inc hosp",2021-06-06,"quantile",0.99,286.613767376293
"43057",2021-05-15,"55","23  day ahead inc hosp",2021-06-07,"quantile",0.01,21.5192866937821
"43058",2021-05-15,"55","23  day ahead inc hosp",2021-06-07,"quantile",0.025,28.6351287323377
"43059",2021-05-15,"55","23  day ahead inc hosp",2021-06-07,"quantile",0.05,36.0535964764339
"43060",2021-05-15,"55","23  day ahead inc hosp",2021-06-07,"quantile",0.1,46.2990841948785
"43061",2021-05-15,"55","23  day ahead inc hosp",2021-06-07,"quantile",0.15,54.3502828033906
"43062",2021-05-15,"55","23  day ahead inc hosp",2021-06-07,"quantile",0.2,61.463456466917
"43063",2021-05-15,"55","23  day ahead inc hosp",2021-06-07,"quantile",0.25,68.103412355845
"43064",2021-05-15,"55","23  day ahead inc hosp",2021-06-07,"quantile",0.3,74.5120961479025
"43065",2021-05-15,"55","23  day ahead inc hosp",2021-06-07,"quantile",0.35,80.8448272679179
"43066",2021-05-15,"55","23  day ahead inc hosp",2021-06-07,"quantile",0.4,87.2192661661223
"43067",2021-05-15,"55","23  day ahead inc hosp",2021-06-07,"quantile",0.45,93.7383715563261
"43068",2021-05-15,"55","23  day ahead inc hosp",2021-06-07,"quantile",0.5,100.504359041662
"43069",2021-05-15,"55","23  day ahead inc hosp",2021-06-07,"quantile",0.55,107.630175530526
"43070",2021-05-15,"55","23  day ahead inc hosp",2021-06-07,"quantile",0.6,115.252271626906
"43071",2021-05-15,"55","23  day ahead inc hosp",2021-06-07,"quantile",0.65,123.548576146679
"43072",2021-05-15,"55","23  day ahead inc hosp",2021-06-07,"quantile",0.7,132.768148562678
"43073",2021-05-15,"55","23  day ahead inc hosp",2021-06-07,"quantile",0.75,143.286410069988
"43074",2021-05-15,"55","23  day ahead inc hosp",2021-06-07,"quantile",0.8,155.721297481048
"43075",2021-05-15,"55","23  day ahead inc hosp",2021-06-07,"quantile",0.85,171.21798845093
"43076",2021-05-15,"55","23  day ahead inc hosp",2021-06-07,"quantile",0.9,192.326580223437
"43077",2021-05-15,"55","23  day ahead inc hosp",2021-06-07,"quantile",0.95,227.129280094648
"43078",2021-05-15,"55","23  day ahead inc hosp",2021-06-07,"quantile",0.975,260.964494672767
"43079",2021-05-15,"55","23  day ahead inc hosp",2021-06-07,"quantile",0.99,304.907198092807
"43080",2021-05-15,"55","24  day ahead inc hosp",2021-06-08,"quantile",0.01,20.5156596269906
"43081",2021-05-15,"55","24  day ahead inc hosp",2021-06-08,"quantile",0.025,27.6314493362418
"43082",2021-05-15,"55","24  day ahead inc hosp",2021-06-08,"quantile",0.05,35.1082399841809
"43083",2021-05-15,"55","24  day ahead inc hosp",2021-06-08,"quantile",0.1,45.5059593312318
"43084",2021-05-15,"55","24  day ahead inc hosp",2021-06-08,"quantile",0.15,53.7217621150942
"43085",2021-05-15,"55","24  day ahead inc hosp",2021-06-08,"quantile",0.2,61.0069239337715
"43086",2021-05-15,"55","24  day ahead inc hosp",2021-06-08,"quantile",0.25,67.8266410030468
"43087",2021-05-15,"55","24  day ahead inc hosp",2021-06-08,"quantile",0.3,74.4242894619122
"43088",2021-05-15,"55","24  day ahead inc hosp",2021-06-08,"quantile",0.35,80.9570811454961
"43089",2021-05-15,"55","24  day ahead inc hosp",2021-06-08,"quantile",0.4,87.5449923794936
"43090",2021-05-15,"55","24  day ahead inc hosp",2021-06-08,"quantile",0.45,94.2938351076796
"43091",2021-05-15,"55","24  day ahead inc hosp",2021-06-08,"quantile",0.5,101.309427207411
"43092",2021-05-15,"55","24  day ahead inc hosp",2021-06-08,"quantile",0.55,108.709401393619
"43093",2021-05-15,"55","24  day ahead inc hosp",2021-06-08,"quantile",0.6,116.636512084051
"43094",2021-05-15,"55","24  day ahead inc hosp",2021-06-08,"quantile",0.65,125.27750422468
"43095",2021-05-15,"55","24  day ahead inc hosp",2021-06-08,"quantile",0.7,134.894358213408
"43096",2021-05-15,"55","24  day ahead inc hosp",2021-06-08,"quantile",0.75,145.88259154567
"43097",2021-05-15,"55","24  day ahead inc hosp",2021-06-08,"quantile",0.8,158.893991063585
"43098",2021-05-15,"55","24  day ahead inc hosp",2021-06-08,"quantile",0.85,175.137682746065
"43099",2021-05-15,"55","24  day ahead inc hosp",2021-06-08,"quantile",0.9,197.30888180938
"43100",2021-05-15,"55","24  day ahead inc hosp",2021-06-08,"quantile",0.95,233.960574293108
"43101",2021-05-15,"55","24  day ahead inc hosp",2021-06-08,"quantile",0.975,269.690639818167
"43102",2021-05-15,"55","24  day ahead inc hosp",2021-06-08,"quantile",0.99,316.212612990804
"43103",2021-05-15,"55","25  day ahead inc hosp",2021-06-09,"quantile",0.01,18.9522651361169
"43104",2021-05-15,"55","25  day ahead inc hosp",2021-06-09,"quantile",0.025,25.8992466929775
"43105",2021-05-15,"55","25  day ahead inc hosp",2021-06-09,"quantile",0.05,33.267542945187
"43106",2021-05-15,"55","25  day ahead inc hosp",2021-06-09,"quantile",0.1,43.5992349026047
"43107",2021-05-15,"55","25  day ahead inc hosp",2021-06-09,"quantile",0.15,51.8161997564062
"43108",2021-05-15,"55","25  day ahead inc hosp",2021-06-09,"quantile",0.2,59.1339326495637
"43109",2021-05-15,"55","25  day ahead inc hosp",2021-06-09,"quantile",0.25,66.0069821050191
"43110",2021-05-15,"55","25  day ahead inc hosp",2021-06-09,"quantile",0.3,72.6746280064102
"43111",2021-05-15,"55","25  day ahead inc hosp",2021-06-09,"quantile",0.35,79.2926106917225
"43112",2021-05-15,"55","25  day ahead inc hosp",2021-06-09,"quantile",0.4,85.9808463412001
"43113",2021-05-15,"55","25  day ahead inc hosp",2021-06-09,"quantile",0.45,92.846085605135
"43114",2021-05-15,"55","25  day ahead inc hosp",2021-06-09,"quantile",0.5,99.9960032849826
"43115",2021-05-15,"55","25  day ahead inc hosp",2021-06-09,"quantile",0.55,107.55113333955
"43116",2021-05-15,"55","25  day ahead inc hosp",2021-06-09,"quantile",0.6,115.658510910392
"43117",2021-05-15,"55","25  day ahead inc hosp",2021-06-09,"quantile",0.65,124.511183908179
"43118",2021-05-15,"55","25  day ahead inc hosp",2021-06-09,"quantile",0.7,134.380659705299
"43119",2021-05-15,"55","25  day ahead inc hosp",2021-06-09,"quantile",0.75,145.677571952625
"43120",2021-05-15,"55","25  day ahead inc hosp",2021-06-09,"quantile",0.8,159.079534900788
"43121",2021-05-15,"55","25  day ahead inc hosp",2021-06-09,"quantile",0.85,175.845040292517
"43122",2021-05-15,"55","25  day ahead inc hosp",2021-06-09,"quantile",0.9,198.782605982942
"43123",2021-05-15,"55","25  day ahead inc hosp",2021-06-09,"quantile",0.95,236.817846278188
"43124",2021-05-15,"55","25  day ahead inc hosp",2021-06-09,"quantile",0.975,274.013725142257
"43125",2021-05-15,"55","25  day ahead inc hosp",2021-06-09,"quantile",0.99,322.586882016577
"43126",2021-05-15,"55","26  day ahead inc hosp",2021-06-10,"quantile",0.01,19.0847572099172
"43127",2021-05-15,"55","26  day ahead inc hosp",2021-06-10,"quantile",0.025,26.2924374690015
"43128",2021-05-15,"55","26  day ahead inc hosp",2021-06-10,"quantile",0.05,33.9772791059178
"43129",2021-05-15,"55","26  day ahead inc hosp",2021-06-10,"quantile",0.1,44.802146557126
"43130",2021-05-15,"55","26  day ahead inc hosp",2021-06-10,"quantile",0.15,53.4423149712336
"43131",2021-05-15,"55","26  day ahead inc hosp",2021-06-10,"quantile",0.2,61.1552409922342
"43132",2021-05-15,"55","26  day ahead inc hosp",2021-06-10,"quantile",0.25,68.4127198710746
"43133",2021-05-15,"55","26  day ahead inc hosp",2021-06-10,"quantile",0.3,75.4639799588057
"43134",2021-05-15,"55","26  day ahead inc hosp",2021-06-10,"quantile",0.35,82.4719306006185
"43135",2021-05-15,"55","26  day ahead inc hosp",2021-06-10,"quantile",0.4,89.5626337639624
"43136",2021-05-15,"55","26  day ahead inc hosp",2021-06-10,"quantile",0.45,96.8488914914624
"43137",2021-05-15,"55","26  day ahead inc hosp",2021-06-10,"quantile",0.5,104.445015679931
"43138",2021-05-15,"55","26  day ahead inc hosp",2021-06-10,"quantile",0.55,112.47945284247
"43139",2021-05-15,"55","26  day ahead inc hosp",2021-06-10,"quantile",0.6,121.109326418915
"43140",2021-05-15,"55","26  day ahead inc hosp",2021-06-10,"quantile",0.65,130.541331856672
"43141",2021-05-15,"55","26  day ahead inc hosp",2021-06-10,"quantile",0.7,141.066562140939
"43142",2021-05-15,"55","26  day ahead inc hosp",2021-06-10,"quantile",0.75,153.125692264939
"43143",2021-05-15,"55","26  day ahead inc hosp",2021-06-10,"quantile",0.8,167.44643638913
"43144",2021-05-15,"55","26  day ahead inc hosp",2021-06-10,"quantile",0.85,185.381172255831
"43145",2021-05-15,"55","26  day ahead inc hosp",2021-06-10,"quantile",0.9,209.949828885589
"43146",2021-05-15,"55","26  day ahead inc hosp",2021-06-10,"quantile",0.95,250.757488490015
"43147",2021-05-15,"55","26  day ahead inc hosp",2021-06-10,"quantile",0.975,290.732571285932
"43148",2021-05-15,"55","26  day ahead inc hosp",2021-06-10,"quantile",0.99,343.017843929447
"43149",2021-05-15,"55","27  day ahead inc hosp",2021-06-11,"quantile",0.01,17.6920889182934
"43150",2021-05-15,"55","27  day ahead inc hosp",2021-06-11,"quantile",0.025,24.7300627958243
"43151",2021-05-15,"55","27  day ahead inc hosp",2021-06-11,"quantile",0.05,32.3042985613326
"43152",2021-05-15,"55","27  day ahead inc hosp",2021-06-11,"quantile",0.1,43.0603706435683
"43153",2021-05-15,"55","27  day ahead inc hosp",2021-06-11,"quantile",0.15,51.7004123667461
"43154",2021-05-15,"55","27  day ahead inc hosp",2021-06-11,"quantile",0.2,59.4456673924374
"43155",2021-05-15,"55","27  day ahead inc hosp",2021-06-11,"quantile",0.25,66.7570904111102
"43156",2021-05-15,"55","27  day ahead inc hosp",2021-06-11,"quantile",0.3,73.8797339760955
"43157",2021-05-15,"55","27  day ahead inc hosp",2021-06-11,"quantile",0.35,80.9750202591601
"43158",2021-05-15,"55","27  day ahead inc hosp",2021-06-11,"quantile",0.4,88.1689809475433
"43159",2021-05-15,"55","27  day ahead inc hosp",2021-06-11,"quantile",0.45,95.5754275920706
"43160",2021-05-15,"55","27  day ahead inc hosp",2021-06-11,"quantile",0.5,103.31064457163
"43161",2021-05-15,"55","27  day ahead inc hosp",2021-06-11,"quantile",0.55,111.506151714395
"43162",2021-05-15,"55","27  day ahead inc hosp",2021-06-11,"quantile",0.6,120.323604253754
"43163",2021-05-15,"55","27  day ahead inc hosp",2021-06-11,"quantile",0.65,129.976371133401
"43164",2021-05-15,"55","27  day ahead inc hosp",2021-06-11,"quantile",0.7,140.765637058445
"43165",2021-05-15,"55","27  day ahead inc hosp",2021-06-11,"quantile",0.75,153.148099752826
"43166",2021-05-15,"55","27  day ahead inc hosp",2021-06-11,"quantile",0.8,167.878871830262
"43167",2021-05-15,"55","27  day ahead inc hosp",2021-06-11,"quantile",0.85,186.36275042785
"43168",2021-05-15,"55","27  day ahead inc hosp",2021-06-11,"quantile",0.9,211.740121040048
"43169",2021-05-15,"55","27  day ahead inc hosp",2021-06-11,"quantile",0.95,254.012888701956
"43170",2021-05-15,"55","27  day ahead inc hosp",2021-06-11,"quantile",0.975,295.545627335612
"43171",2021-05-15,"55","27  day ahead inc hosp",2021-06-11,"quantile",0.99,350.017639707445
"43172",2021-05-15,"55","28  day ahead inc hosp",2021-06-12,"quantile",0.01,15.8036459995276
"43173",2021-05-15,"55","28  day ahead inc hosp",2021-06-12,"quantile",0.025,22.4890703989498
"43174",2021-05-15,"55","28  day ahead inc hosp",2021-06-12,"quantile",0.05,29.7667706050669
"43175",2021-05-15,"55","28  day ahead inc hosp",2021-06-12,"quantile",0.1,40.2046610881887
"43176",2021-05-15,"55","28  day ahead inc hosp",2021-06-12,"quantile",0.15,48.6540665878492
"43177",2021-05-15,"55","28  day ahead inc hosp",2021-06-12,"quantile",0.2,56.2669543569322
"43178",2021-05-15,"55","28  day ahead inc hosp",2021-06-12,"quantile",0.25,63.4813975061681
"43179",2021-05-15,"55","28  day ahead inc hosp",2021-06-12,"quantile",0.3,70.5321511319083
"43180",2021-05-15,"55","28  day ahead inc hosp",2021-06-12,"quantile",0.35,77.5753558987493
"43181",2021-05-15,"55","28  day ahead inc hosp",2021-06-12,"quantile",0.4,84.7342717531791
"43182",2021-05-15,"55","28  day ahead inc hosp",2021-06-12,"quantile",0.45,92.1214511942937
"43183",2021-05-15,"55","28  day ahead inc hosp",2021-06-12,"quantile",0.5,99.8530241271882
"43184",2021-05-15,"55","28  day ahead inc hosp",2021-06-12,"quantile",0.55,108.061351265622
"43185",2021-05-15,"55","28  day ahead inc hosp",2021-06-12,"quantile",0.6,116.910032956271
"43186",2021-05-15,"55","28  day ahead inc hosp",2021-06-12,"quantile",0.65,126.61584423155
"43187",2021-05-15,"55","28  day ahead inc hosp",2021-06-12,"quantile",0.7,137.48559504505
"43188",2021-05-15,"55","28  day ahead inc hosp",2021-06-12,"quantile",0.75,149.985394241183
"43189",2021-05-15,"55","28  day ahead inc hosp",2021-06-12,"quantile",0.8,164.887031591081
"43190",2021-05-15,"55","28  day ahead inc hosp",2021-06-12,"quantile",0.85,183.62812802869
"43191",2021-05-15,"55","28  day ahead inc hosp",2021-06-12,"quantile",0.9,209.42653967782
"43192",2021-05-15,"55","28  day ahead inc hosp",2021-06-12,"quantile",0.95,252.54746738375
"43193",2021-05-15,"55","28  day ahead inc hosp",2021-06-12,"quantile",0.975,295.061189118944
"43194",2021-05-15,"55","28  day ahead inc hosp",2021-06-12,"quantile",0.99,351.000234431227
"43195",2021-05-15,"55","29  day ahead inc hosp",2021-06-13,"quantile",0.01,15.0099386318035
"43196",2021-05-15,"55","29  day ahead inc hosp",2021-06-13,"quantile",0.025,21.7159969651022
"43197",2021-05-15,"55","29  day ahead inc hosp",2021-06-13,"quantile",0.05,29.0935808278209
"43198",2021-05-15,"55","29  day ahead inc hosp",2021-06-13,"quantile",0.1,39.7711267076368
"43199",2021-05-15,"55","29  day ahead inc hosp",2021-06-13,"quantile",0.15,48.4754186959161
"43200",2021-05-15,"55","29  day ahead inc hosp",2021-06-13,"quantile",0.2,56.3540991491023
"43201",2021-05-15,"55","29  day ahead inc hosp",2021-06-13,"quantile",0.25,63.8466832801924
"43202",2021-05-15,"55","29  day ahead inc hosp",2021-06-13,"quantile",0.3,71.1904830995768
"43203",2021-05-15,"55","29  day ahead inc hosp",2021-06-13,"quantile",0.35,78.5447789571671
"43204",2021-05-15,"55","29  day ahead inc hosp",2021-06-13,"quantile",0.4,86.0365999389341
"43205",2021-05-15,"55","29  day ahead inc hosp",2021-06-13,"quantile",0.45,93.7831191731974
"43206",2021-05-15,"55","29  day ahead inc hosp",2021-06-13,"quantile",0.5,101.906297821072
"43207",2021-05-15,"55","29  day ahead inc hosp",2021-06-13,"quantile",0.55,110.546090234955
"43208",2021-05-15,"55","29  day ahead inc hosp",2021-06-13,"quantile",0.6,119.876328579043
"43209",2021-05-15,"55","29  day ahead inc hosp",2021-06-13,"quantile",0.65,130.128121768226
"43210",2021-05-15,"55","29  day ahead inc hosp",2021-06-13,"quantile",0.7,141.629323920967
"43211",2021-05-15,"55","29  day ahead inc hosp",2021-06-13,"quantile",0.75,154.878833083814
"43212",2021-05-15,"55","29  day ahead inc hosp",2021-06-13,"quantile",0.8,170.703774761864
"43213",2021-05-15,"55","29  day ahead inc hosp",2021-06-13,"quantile",0.85,190.646534483301
"43214",2021-05-15,"55","29  day ahead inc hosp",2021-06-13,"quantile",0.9,218.163335486577
"43215",2021-05-15,"55","29  day ahead inc hosp",2021-06-13,"quantile",0.95,264.295498853407
"43216",2021-05-15,"55","29  day ahead inc hosp",2021-06-13,"quantile",0.975,309.917998206217
"43217",2021-05-15,"55","29  day ahead inc hosp",2021-06-13,"quantile",0.99,370.118668979225
"43218",2021-05-15,"55","30  day ahead inc hosp",2021-06-14,"quantile",0.01,15.6612790569416
"43219",2021-05-15,"55","30  day ahead inc hosp",2021-06-14,"quantile",0.025,22.785439463487
"43220",2021-05-15,"55","30  day ahead inc hosp",2021-06-14,"quantile",0.05,30.6509138209889
"43221",2021-05-15,"55","30  day ahead inc hosp",2021-06-14,"quantile",0.1,42.0692920747564
"43222",2021-05-15,"55","30  day ahead inc hosp",2021-06-14,"quantile",0.15,51.3993834776453
"43223",2021-05-15,"55","30  day ahead inc hosp",2021-06-14,"quantile",0.2,59.8574686223003
"43224",2021-05-15,"55","30  day ahead inc hosp",2021-06-14,"quantile",0.25,67.9104734926148
"43225",2021-05-15,"55","30  day ahead inc hosp",2021-06-14,"quantile",0.3,75.8111632006744
"43226",2021-05-15,"55","30  day ahead inc hosp",2021-06-14,"quantile",0.35,83.7297161542962
"43227",2021-05-15,"55","30  day ahead inc hosp",2021-06-14,"quantile",0.4,91.8023222131677
"43228",2021-05-15,"55","30  day ahead inc hosp",2021-06-14,"quantile",0.45,100.155029872175
"43229",2021-05-15,"55","30  day ahead inc hosp",2021-06-14,"quantile",0.5,108.919418929634
"43230",2021-05-15,"55","30  day ahead inc hosp",2021-06-14,"quantile",0.55,118.246817942707
"43231",2021-05-15,"55","30  day ahead inc hosp",2021-06-14,"quantile",0.6,128.325485482654
"43232",2021-05-15,"55","30  day ahead inc hosp",2021-06-14,"quantile",0.65,139.405983872465
"43233",2021-05-15,"55","30  day ahead inc hosp",2021-06-14,"quantile",0.7,151.844030597883
"43234",2021-05-15,"55","30  day ahead inc hosp",2021-06-14,"quantile",0.75,166.181212268474
"43235",2021-05-15,"55","30  day ahead inc hosp",2021-06-14,"quantile",0.8,183.315796796748
"43236",2021-05-15,"55","30  day ahead inc hosp",2021-06-14,"quantile",0.85,204.923432755303
"43237",2021-05-15,"55","30  day ahead inc hosp",2021-06-14,"quantile",0.9,234.760341485445
"43238",2021-05-15,"55","30  day ahead inc hosp",2021-06-14,"quantile",0.95,284.831830173395
"43239",2021-05-15,"55","30  day ahead inc hosp",2021-06-14,"quantile",0.975,334.400084782104
"43240",2021-05-15,"55","30  day ahead inc hosp",2021-06-14,"quantile",0.99,399.868393825477
"43241",2021-05-15,"55","31  day ahead inc hosp",2021-06-15,"quantile",0.01,15.3189904088476
"43242",2021-05-15,"55","31  day ahead inc hosp",2021-06-15,"quantile",0.025,22.5464390635858
"43243",2021-05-15,"55","31  day ahead inc hosp",2021-06-15,"quantile",0.05,30.5846459123567
"43244",2021-05-15,"55","31  day ahead inc hosp",2021-06-15,"quantile",0.1,42.3269971105442
"43245",2021-05-15,"55","31  day ahead inc hosp",2021-06-15,"quantile",0.15,51.968057069635
"43246",2021-05-15,"55","31  day ahead inc hosp",2021-06-15,"quantile",0.2,60.7354987281213
"43247",2021-05-15,"55","31  day ahead inc hosp",2021-06-15,"quantile",0.25,69.1029962534594
"43248",2021-05-15,"55","31  day ahead inc hosp",2021-06-15,"quantile",0.3,77.3283562002789
"43249",2021-05-15,"55","31  day ahead inc hosp",2021-06-15,"quantile",0.35,85.5862728166149
"43250",2021-05-15,"55","31  day ahead inc hosp",2021-06-15,"quantile",0.4,94.0175501107934
"43251",2021-05-15,"55","31  day ahead inc hosp",2021-06-15,"quantile",0.45,102.75341202722
"43252",2021-05-15,"55","31  day ahead inc hosp",2021-06-15,"quantile",0.5,111.931648893539
"43253",2021-05-15,"55","31  day ahead inc hosp",2021-06-15,"quantile",0.55,121.711445057356
"43254",2021-05-15,"55","31  day ahead inc hosp",2021-06-15,"quantile",0.6,132.291464842307
"43255",2021-05-15,"55","31  day ahead inc hosp",2021-06-15,"quantile",0.65,143.936699232978
"43256",2021-05-15,"55","31  day ahead inc hosp",2021-06-15,"quantile",0.7,157.023914477282
"43257",2021-05-15,"55","31  day ahead inc hosp",2021-06-15,"quantile",0.75,172.127357261577
"43258",2021-05-15,"55","31  day ahead inc hosp",2021-06-15,"quantile",0.8,190.200250512275
"43259",2021-05-15,"55","31  day ahead inc hosp",2021-06-15,"quantile",0.85,213.022039027499
"43260",2021-05-15,"55","31  day ahead inc hosp",2021-06-15,"quantile",0.9,244.584572651064
"43261",2021-05-15,"55","31  day ahead inc hosp",2021-06-15,"quantile",0.95,297.65828949209
"43262",2021-05-15,"55","31  day ahead inc hosp",2021-06-15,"quantile",0.975,350.305688374786
"43263",2021-05-15,"55","31  day ahead inc hosp",2021-06-15,"quantile",0.99,419.971877194835
"43264",2021-05-15,"55","32  day ahead inc hosp",2021-06-16,"quantile",0.01,13.9248511667488
"43265",2021-05-15,"55","32  day ahead inc hosp",2021-06-16,"quantile",0.025,20.878767199891
"43266",2021-05-15,"55","32  day ahead inc hosp",2021-06-16,"quantile",0.05,28.70406716833
"43267",2021-05-15,"55","32  day ahead inc hosp",2021-06-16,"quantile",0.1,40.2498409894888
"43268",2021-05-15,"55","32  day ahead inc hosp",2021-06-16,"quantile",0.15,49.8019996052034
"43269",2021-05-15,"55","32  day ahead inc hosp",2021-06-16,"quantile",0.2,58.5317275460633
"43270",2021-05-15,"55","32  day ahead inc hosp",2021-06-16,"quantile",0.25,66.8946329900394
"43271",2021-05-15,"55","32  day ahead inc hosp",2021-06-16,"quantile",0.3,75.1408933408824
"43272",2021-05-15,"55","32  day ahead inc hosp",2021-06-16,"quantile",0.35,83.4418191592661
"43273",2021-05-15,"55","32  day ahead inc hosp",2021-06-16,"quantile",0.4,91.9370772084125
"43274",2021-05-15,"55","32  day ahead inc hosp",2021-06-16,"quantile",0.45,100.758264067597
"43275",2021-05-15,"55","32  day ahead inc hosp",2021-06-16,"quantile",0.5,110.044834402405
"43276",2021-05-15,"55","32  day ahead inc hosp",2021-06-16,"quantile",0.55,119.959014562952
"43277",2021-05-15,"55","32  day ahead inc hosp",2021-06-16,"quantile",0.6,130.704256256079
"43278",2021-05-15,"55","32  day ahead inc hosp",2021-06-16,"quantile",0.65,142.552842541185
"43279",2021-05-15,"55","32  day ahead inc hosp",2021-06-16,"quantile",0.7,155.892792625525
"43280",2021-05-15,"55","32  day ahead inc hosp",2021-06-16,"quantile",0.75,171.31646815425
"43281",2021-05-15,"55","32  day ahead inc hosp",2021-06-16,"quantile",0.8,189.808403313418
"43282",2021-05-15,"55","32  day ahead inc hosp",2021-06-16,"quantile",0.85,213.20853085271
"43283",2021-05-15,"55","32  day ahead inc hosp",2021-06-16,"quantile",0.9,245.649109533039
"43284",2021-05-15,"55","32  day ahead inc hosp",2021-06-16,"quantile",0.95,300.36903987711
"43285",2021-05-15,"55","32  day ahead inc hosp",2021-06-16,"quantile",0.975,354.820601229257
"43286",2021-05-15,"55","32  day ahead inc hosp",2021-06-16,"quantile",0.99,427.083901405169
"43287",2021-05-15,"55","33  day ahead inc hosp",2021-06-17,"quantile",0.01,12.5677758851869
"43288",2021-05-15,"55","33  day ahead inc hosp",2021-06-17,"quantile",0.025,19.220896499085
"43289",2021-05-15,"55","33  day ahead inc hosp",2021-06-17,"quantile",0.05,26.8015309488805
"43290",2021-05-15,"55","33  day ahead inc hosp",2021-06-17,"quantile",0.1,38.1043252391682
"43291",2021-05-15,"55","33  day ahead inc hosp",2021-06-17,"quantile",0.15,47.5303400165311
"43292",2021-05-15,"55","33  day ahead inc hosp",2021-06-17,"quantile",0.2,56.189389073756
"43293",2021-05-15,"55","33  day ahead inc hosp",2021-06-17,"quantile",0.25,64.5170931706521
"43294",2021-05-15,"55","33  day ahead inc hosp",2021-06-17,"quantile",0.3,72.7549775437492
"43295",2021-05-15,"55","33  day ahead inc hosp",2021-06-17,"quantile",0.35,81.0703141872448
"43296",2021-05-15,"55","33  day ahead inc hosp",2021-06-17,"quantile",0.4,89.6011486390901
"43297",2021-05-15,"55","33  day ahead inc hosp",2021-06-17,"quantile",0.45,98.4790440371633
"43298",2021-05-15,"55","33  day ahead inc hosp",2021-06-17,"quantile",0.5,107.844736570676
"43299",2021-05-15,"55","33  day ahead inc hosp",2021-06-17,"quantile",0.55,117.863093518619
"43300",2021-05-15,"55","33  day ahead inc hosp",2021-06-17,"quantile",0.6,128.741892618752
"43301",2021-05-15,"55","33  day ahead inc hosp",2021-06-17,"quantile",0.65,140.760132589883
"43302",2021-05-15,"55","33  day ahead inc hosp",2021-06-17,"quantile",0.7,154.316308196259
"43303",2021-05-15,"55","33  day ahead inc hosp",2021-06-17,"quantile",0.75,170.019763095089
"43304",2021-05-15,"55","33  day ahead inc hosp",2021-06-17,"quantile",0.8,188.884538599095
"43305",2021-05-15,"55","33  day ahead inc hosp",2021-06-17,"quantile",0.85,212.807829700464
"43306",2021-05-15,"55","33  day ahead inc hosp",2021-06-17,"quantile",0.9,246.055429595186
"43307",2021-05-15,"55","33  day ahead inc hosp",2021-06-17,"quantile",0.95,302.314282127683
"43308",2021-05-15,"55","33  day ahead inc hosp",2021-06-17,"quantile",0.975,358.47653600635
"43309",2021-05-15,"55","33  day ahead inc hosp",2021-06-17,"quantile",0.99,433.23005693822
"43310",2021-05-15,"55","34  day ahead inc hosp",2021-06-18,"quantile",0.01,11.6932971589535
"43311",2021-05-15,"55","34  day ahead inc hosp",2021-06-18,"quantile",0.025,18.1935399676865
"43312",2021-05-15,"55","34  day ahead inc hosp",2021-06-18,"quantile",0.05,25.6800932619478
"43313",2021-05-15,"55","34  day ahead inc hosp",2021-06-18,"quantile",0.1,36.9435958861274
"43314",2021-05-15,"55","34  day ahead inc hosp",2021-06-18,"quantile",0.15,46.4009528315994
"43315",2021-05-15,"55","34  day ahead inc hosp",2021-06-18,"quantile",0.2,55.1269978557492
"43316",2021-05-15,"55","34  day ahead inc hosp",2021-06-18,"quantile",0.25,63.5469916991985
"43317",2021-05-15,"55","34  day ahead inc hosp",2021-06-18,"quantile",0.3,71.8987490398047
"43318",2021-05-15,"55","34  day ahead inc hosp",2021-06-18,"quantile",0.35,80.34862323776
"43319",2021-05-15,"55","34  day ahead inc hosp",2021-06-18,"quantile",0.4,89.035356234139
"43320",2021-05-15,"55","34  day ahead inc hosp",2021-06-18,"quantile",0.45,98.0924637878046
"43321",2021-05-15,"55","34  day ahead inc hosp",2021-06-18,"quantile",0.5,107.663896953265
"43322",2021-05-15,"55","34  day ahead inc hosp",2021-06-18,"quantile",0.55,117.919265663988
"43323",2021-05-15,"55","34  day ahead inc hosp",2021-06-18,"quantile",0.6,129.07318184243
"43324",2021-05-15,"55","34  day ahead inc hosp",2021-06-18,"quantile",0.65,141.41460249329
"43325",2021-05-15,"55","34  day ahead inc hosp",2021-06-18,"quantile",0.7,155.35701064943
"43326",2021-05-15,"55","34  day ahead inc hosp",2021-06-18,"quantile",0.75,171.533507768285
"43327",2021-05-15,"55","34  day ahead inc hosp",2021-06-18,"quantile",0.8,190.998764724058
"43328",2021-05-15,"55","34  day ahead inc hosp",2021-06-18,"quantile",0.85,215.727807937263
"43329",2021-05-15,"55","34  day ahead inc hosp",2021-06-18,"quantile",0.9,250.165682033433
"43330",2021-05-15,"55","34  day ahead inc hosp",2021-06-18,"quantile",0.95,308.59195211154
"43331",2021-05-15,"55","34  day ahead inc hosp",2021-06-18,"quantile",0.975,367.072750979824
"43332",2021-05-15,"55","34  day ahead inc hosp",2021-06-18,"quantile",0.99,445.102370494968
"43333",2021-05-15,"55","35  day ahead inc hosp",2021-06-19,"quantile",0.01,10.2423584646452
"43334",2021-05-15,"55","35  day ahead inc hosp",2021-06-19,"quantile",0.025,16.3248379784519
"43335",2021-05-15,"55","35  day ahead inc hosp",2021-06-19,"quantile",0.05,23.436164294263
"43336",2021-05-15,"55","35  day ahead inc hosp",2021-06-19,"quantile",0.1,34.2693963314271
"43337",2021-05-15,"55","35  day ahead inc hosp",2021-06-19,"quantile",0.15,43.4509743502263
"43338",2021-05-15,"55","35  day ahead inc hosp",2021-06-19,"quantile",0.2,51.9736344229102
"43339",2021-05-15,"55","35  day ahead inc hosp",2021-06-19,"quantile",0.25,60.2346811935078
"43340",2021-05-15,"55","35  day ahead inc hosp",2021-06-19,"quantile",0.3,68.4590596199077
"43341",2021-05-15,"55","35  day ahead inc hosp",2021-06-19,"quantile",0.35,76.8063692082318
"43342",2021-05-15,"55","35  day ahead inc hosp",2021-06-19,"quantile",0.4,85.4116915546027
"43343",2021-05-15,"55","35  day ahead inc hosp",2021-06-19,"quantile",0.45,94.4067558828706
"43344",2021-05-15,"55","35  day ahead inc hosp",2021-06-19,"quantile",0.5,103.93509327974
"43345",2021-05-15,"55","35  day ahead inc hosp",2021-06-19,"quantile",0.55,114.167118152982
"43346",2021-05-15,"55","35  day ahead inc hosp",2021-06-19,"quantile",0.6,125.319597414095
"43347",2021-05-15,"55","35  day ahead inc hosp",2021-06-19,"quantile",0.65,137.685425840639
"43348",2021-05-15,"55","35  day ahead inc hosp",2021-06-19,"quantile",0.7,151.684737421755
"43349",2021-05-15,"55","35  day ahead inc hosp",2021-06-19,"quantile",0.75,167.961936988229
"43350",2021-05-15,"55","35  day ahead inc hosp",2021-06-19,"quantile",0.8,187.591993392778
"43351",2021-05-15,"55","35  day ahead inc hosp",2021-06-19,"quantile",0.85,212.590400385008
"43352",2021-05-15,"55","35  day ahead inc hosp",2021-06-19,"quantile",0.9,247.499057314672
"43353",2021-05-15,"55","35  day ahead inc hosp",2021-06-19,"quantile",0.95,306.932531967871
"43354",2021-05-15,"55","35  day ahead inc hosp",2021-06-19,"quantile",0.975,366.63229838725
"43355",2021-05-15,"55","35  day ahead inc hosp",2021-06-19,"quantile",0.99,446.547472850989
"43356",2021-05-15,"55","36  day ahead inc hosp",2021-06-20,"quantile",0.01,9.63227835105275
"43357",2021-05-15,"55","36  day ahead inc hosp",2021-06-20,"quantile",0.025,15.6133109757365
"43358",2021-05-15,"55","36  day ahead inc hosp",2021-06-20,"quantile",0.05,22.6793781169217
"43359",2021-05-15,"55","36  day ahead inc hosp",2021-06-20,"quantile",0.1,33.5367190708858
"43360",2021-05-15,"55","36  day ahead inc hosp",2021-06-20,"quantile",0.15,42.7979515361954
"43361",2021-05-15,"55","36  day ahead inc hosp",2021-06-20,"quantile",0.2,51.4299088352829
"43362",2021-05-15,"55","36  day ahead inc hosp",2021-06-20,"quantile",0.25,59.8227265578113
"43363",2021-05-15,"55","36  day ahead inc hosp",2021-06-20,"quantile",0.3,68.1992586035353
"43364",2021-05-15,"55","36  day ahead inc hosp",2021-06-20,"quantile",0.35,76.7192180613819
"43365",2021-05-15,"55","36  day ahead inc hosp",2021-06-20,"quantile",0.4,85.5191715816034
"43366",2021-05-15,"55","36  day ahead inc hosp",2021-06-20,"quantile",0.45,94.7335053159807
"43367",2021-05-15,"55","36  day ahead inc hosp",2021-06-20,"quantile",0.5,104.509683069262
"43368",2021-05-15,"55","36  day ahead inc hosp",2021-06-20,"quantile",0.55,115.023676606273
"43369",2021-05-15,"55","36  day ahead inc hosp",2021-06-20,"quantile",0.6,126.500095176818
"43370",2021-05-15,"55","36  day ahead inc hosp",2021-06-20,"quantile",0.65,139.243133690803
"43371",2021-05-15,"55","36  day ahead inc hosp",2021-06-20,"quantile",0.7,153.689826035205
"43372",2021-05-15,"55","36  day ahead inc hosp",2021-06-20,"quantile",0.75,170.5112623207
"43373",2021-05-15,"55","36  day ahead inc hosp",2021-06-20,"quantile",0.8,190.827933972963
"43374",2021-05-15,"55","36  day ahead inc hosp",2021-06-20,"quantile",0.85,216.742382437367
"43375",2021-05-15,"55","36  day ahead inc hosp",2021-06-20,"quantile",0.9,252.996677133088
"43376",2021-05-15,"55","36  day ahead inc hosp",2021-06-20,"quantile",0.95,314.866080307719
"43377",2021-05-15,"55","36  day ahead inc hosp",2021-06-20,"quantile",0.975,377.159268730184
"43378",2021-05-15,"55","36  day ahead inc hosp",2021-06-20,"quantile",0.99,460.726257476394
"43379",2021-05-15,"55","37  day ahead inc hosp",2021-06-21,"quantile",0.01,9.53258431688527
"43380",2021-05-15,"55","37  day ahead inc hosp",2021-06-21,"quantile",0.025,15.6245341748671
"43381",2021-05-15,"55","37  day ahead inc hosp",2021-06-21,"quantile",0.05,22.8712092881439
"43382",2021-05-15,"55","37  day ahead inc hosp",2021-06-21,"quantile",0.1,34.0689759837225
"43383",2021-05-15,"55","37  day ahead inc hosp",2021-06-21,"quantile",0.15,43.6606024796541
"43384",2021-05-15,"55","37  day ahead inc hosp",2021-06-21,"quantile",0.2,52.6243852056137
"43385",2021-05-15,"55","37  day ahead inc hosp",2021-06-21,"quantile",0.25,61.3572779682545
"43386",2021-05-15,"55","37  day ahead inc hosp",2021-06-21,"quantile",0.3,70.0873850477243
"43387",2021-05-15,"55","37  day ahead inc hosp",2021-06-21,"quantile",0.35,78.9792801039131
"43388",2021-05-15,"55","37  day ahead inc hosp",2021-06-21,"quantile",0.4,88.1746344318636
"43389",2021-05-15,"55","37  day ahead inc hosp",2021-06-21,"quantile",0.45,97.8136762734662
"43390",2021-05-15,"55","37  day ahead inc hosp",2021-06-21,"quantile",0.5,108.050978083441
"43391",2021-05-15,"55","37  day ahead inc hosp",2021-06-21,"quantile",0.55,119.071588676728
"43392",2021-05-15,"55","37  day ahead inc hosp",2021-06-21,"quantile",0.6,131.112218985398
"43393",2021-05-15,"55","37  day ahead inc hosp",2021-06-21,"quantile",0.65,144.493922321363
"43394",2021-05-15,"55","37  day ahead inc hosp",2021-06-21,"quantile",0.7,159.678413465994
"43395",2021-05-15,"55","37  day ahead inc hosp",2021-06-21,"quantile",0.75,177.375192226482
"43396",2021-05-15,"55","37  day ahead inc hosp",2021-06-21,"quantile",0.8,198.769557076806
"43397",2021-05-15,"55","37  day ahead inc hosp",2021-06-21,"quantile",0.85,226.086799046311
"43398",2021-05-15,"55","37  day ahead inc hosp",2021-06-21,"quantile",0.9,264.348546358111
"43399",2021-05-15,"55","37  day ahead inc hosp",2021-06-21,"quantile",0.95,329.741825623489
"43400",2021-05-15,"55","37  day ahead inc hosp",2021-06-21,"quantile",0.975,395.682237355859
"43401",2021-05-15,"55","37  day ahead inc hosp",2021-06-21,"quantile",0.99,484.264011340383
"43402",2021-05-15,"56","1  day ahead inc hosp",2021-05-16,"quantile",0.01,1.14131647325573
"43403",2021-05-15,"56","1  day ahead inc hosp",2021-05-16,"quantile",0.025,1.59579959371707
"43404",2021-05-15,"56","1  day ahead inc hosp",2021-05-16,"quantile",0.05,2.08500346828272
"43405",2021-05-15,"56","1  day ahead inc hosp",2021-05-16,"quantile",0.1,2.77982785887156
"43406",2021-05-15,"56","1  day ahead inc hosp",2021-05-16,"quantile",0.15,3.33803076138486
"43407",2021-05-15,"56","1  day ahead inc hosp",2021-05-16,"quantile",0.2,3.83846629457527
"43408",2021-05-15,"56","1  day ahead inc hosp",2021-05-16,"quantile",0.25,4.31090129124286
"43409",2021-05-15,"56","1  day ahead inc hosp",2021-05-16,"quantile",0.3,4.77116241321262
"43410",2021-05-15,"56","1  day ahead inc hosp",2021-05-16,"quantile",0.35,5.22967669725118
"43411",2021-05-15,"56","1  day ahead inc hosp",2021-05-16,"quantile",0.4,5.69458659500654
"43412",2021-05-15,"56","1  day ahead inc hosp",2021-05-16,"quantile",0.45,6.17324639741997
"43413",2021-05-15,"56","1  day ahead inc hosp",2021-05-16,"quantile",0.5,6.67317140092804
"43414",2021-05-15,"56","1  day ahead inc hosp",2021-05-16,"quantile",0.55,7.20286263734005
"43415",2021-05-15,"56","1  day ahead inc hosp",2021-05-16,"quantile",0.6,7.7727699738879
"43416",2021-05-15,"56","1  day ahead inc hosp",2021-05-16,"quantile",0.65,8.39668710062515
"43417",2021-05-15,"56","1  day ahead inc hosp",2021-05-16,"quantile",0.7,9.0940856171565
"43418",2021-05-15,"56","1  day ahead inc hosp",2021-05-16,"quantile",0.75,9.89449198220525
"43419",2021-05-15,"56","1  day ahead inc hosp",2021-05-16,"quantile",0.8,10.8467269825247
"43420",2021-05-15,"56","1  day ahead inc hosp",2021-05-16,"quantile",0.85,12.0416177794712
"43421",2021-05-15,"56","1  day ahead inc hosp",2021-05-16,"quantile",0.9,13.6822103104869
"43422",2021-05-15,"56","1  day ahead inc hosp",2021-05-16,"quantile",0.95,16.4152088599789
"43423",2021-05-15,"56","1  day ahead inc hosp",2021-05-16,"quantile",0.975,19.1005188584965
"43424",2021-05-15,"56","1  day ahead inc hosp",2021-05-16,"quantile",0.99,22.6226104648519
"43425",2021-05-15,"56","2  day ahead inc hosp",2021-05-17,"quantile",0.01,1.25511035295774
"43426",2021-05-15,"56","2  day ahead inc hosp",2021-05-17,"quantile",0.025,1.76127836653446
"43427",2021-05-15,"56","2  day ahead inc hosp",2021-05-17,"quantile",0.05,2.3073835674947
"43428",2021-05-15,"56","2  day ahead inc hosp",2021-05-17,"quantile",0.1,3.08459140282705
"43429",2021-05-15,"56","2  day ahead inc hosp",2021-05-17,"quantile",0.15,3.70996242527856
"43430",2021-05-15,"56","2  day ahead inc hosp",2021-05-17,"quantile",0.2,4.27119633714086
"43431",2021-05-15,"56","2  day ahead inc hosp",2021-05-17,"quantile",0.25,4.80144900871431
"43432",2021-05-15,"56","2  day ahead inc hosp",2021-05-17,"quantile",0.3,5.31837730849372
"43433",2021-05-15,"56","2  day ahead inc hosp",2021-05-17,"quantile",0.35,5.83363672325029
"43434",2021-05-15,"56","2  day ahead inc hosp",2021-05-17,"quantile",0.4,6.35634934496515
"43435",2021-05-15,"56","2  day ahead inc hosp",2021-05-17,"quantile",0.45,6.89477297016005
"43436",2021-05-15,"56","2  day ahead inc hosp",2021-05-17,"quantile",0.5,7.45736316761263
"43437",2021-05-15,"56","2  day ahead inc hosp",2021-05-17,"quantile",0.55,8.05369979508226
"43438",2021-05-15,"56","2  day ahead inc hosp",2021-05-17,"quantile",0.6,8.69557251209802
"43439",2021-05-15,"56","2  day ahead inc hosp",2021-05-17,"quantile",0.65,9.39855605910533
"43440",2021-05-15,"56","2  day ahead inc hosp",2021-05-17,"quantile",0.7,10.1846484222067
"43441",2021-05-15,"56","2  day ahead inc hosp",2021-05-17,"quantile",0.75,11.0872201627966
"43442",2021-05-15,"56","2  day ahead inc hosp",2021-05-17,"quantile",0.8,12.1614647147039
"43443",2021-05-15,"56","2  day ahead inc hosp",2021-05-17,"quantile",0.85,13.510091651032
"43444",2021-05-15,"56","2  day ahead inc hosp",2021-05-17,"quantile",0.9,15.3627707053915
"43445",2021-05-15,"56","2  day ahead inc hosp",2021-05-17,"quantile",0.95,18.4512472325691
"43446",2021-05-15,"56","2  day ahead inc hosp",2021-05-17,"quantile",0.975,21.4880128530601
"43447",2021-05-15,"56","2  day ahead inc hosp",2021-05-17,"quantile",0.99,25.4737381152898
"43448",2021-05-15,"56","3  day ahead inc hosp",2021-05-18,"quantile",0.01,0.761688782861582
"43449",2021-05-15,"56","3  day ahead inc hosp",2021-05-18,"quantile",0.025,1.12338603976752
"43450",2021-05-15,"56","3  day ahead inc hosp",2021-05-18,"quantile",0.05,1.5261880343486
"43451",2021-05-15,"56","3  day ahead inc hosp",2021-05-18,"quantile",0.1,2.11526850949862
"43452",2021-05-15,"56","3  day ahead inc hosp",2021-05-18,"quantile",0.15,2.59934942076241
"43453",2021-05-15,"56","3  day ahead inc hosp",2021-05-18,"quantile",0.2,3.03981235821529
"43454",2021-05-15,"56","3  day ahead inc hosp",2021-05-18,"quantile",0.25,3.46036184599436
"43455",2021-05-15,"56","3  day ahead inc hosp",2021-05-18,"quantile",0.3,3.87391220207069
"43456",2021-05-15,"56","3  day ahead inc hosp",2021-05-18,"quantile",0.35,4.28922460818364
"43457",2021-05-15,"56","3  day ahead inc hosp",2021-05-18,"quantile",0.4,4.71336966827016
"43458",2021-05-15,"56","3  day ahead inc hosp",2021-05-18,"quantile",0.45,5.15294507206903
"43459",2021-05-15,"56","3  day ahead inc hosp",2021-05-18,"quantile",0.5,5.61488589548612
"43460",2021-05-15,"56","3  day ahead inc hosp",2021-05-18,"quantile",0.55,6.10721034849713
"43461",2021-05-15,"56","3  day ahead inc hosp",2021-05-18,"quantile",0.6,6.63993089448973
"43462",2021-05-15,"56","3  day ahead inc hosp",2021-05-18,"quantile",0.65,7.22640792392091
"43463",2021-05-15,"56","3  day ahead inc hosp",2021-05-18,"quantile",0.7,7.88564234980774
"43464",2021-05-15,"56","3  day ahead inc hosp",2021-05-18,"quantile",0.75,8.6465997705041
"43465",2021-05-15,"56","3  day ahead inc hosp",2021-05-18,"quantile",0.8,9.5573687182848
"43466",2021-05-15,"56","3  day ahead inc hosp",2021-05-18,"quantile",0.85,10.7077306779734
"43467",2021-05-15,"56","3  day ahead inc hosp",2021-05-18,"quantile",0.9,12.2991198770755
"43468",2021-05-15,"56","3  day ahead inc hosp",2021-05-18,"quantile",0.95,14.9760576447929
"43469",2021-05-15,"56","3  day ahead inc hosp",2021-05-18,"quantile",0.975,17.6324494974358
"43470",2021-05-15,"56","3  day ahead inc hosp",2021-05-18,"quantile",0.99,21.1487163212601
"43471",2021-05-15,"56","4  day ahead inc hosp",2021-05-19,"quantile",0.01,0.910073766361698
"43472",2021-05-15,"56","4  day ahead inc hosp",2021-05-19,"quantile",0.025,1.32865987227862
"43473",2021-05-15,"56","4  day ahead inc hosp",2021-05-19,"quantile",0.05,1.79182197001118
"43474",2021-05-15,"56","4  day ahead inc hosp",2021-05-19,"quantile",0.1,2.46546596049345
"43475",2021-05-15,"56","4  day ahead inc hosp",2021-05-19,"quantile",0.15,3.01670703345534
"43476",2021-05-15,"56","4  day ahead inc hosp",2021-05-19,"quantile",0.2,3.51690133374512
"43477",2021-05-15,"56","4  day ahead inc hosp",2021-05-19,"quantile",0.25,3.99348344115296
"43478",2021-05-15,"56","4  day ahead inc hosp",2021-05-19,"quantile",0.3,4.46132874015878
"43479",2021-05-15,"56","4  day ahead inc hosp",2021-05-19,"quantile",0.35,4.93047166599154
"43480",2021-05-15,"56","4  day ahead inc hosp",2021-05-19,"quantile",0.4,5.40895976149675
"43481",2021-05-15,"56","4  day ahead inc hosp",2021-05-19,"quantile",0.45,5.90425687202348
"43482",2021-05-15,"56","4  day ahead inc hosp",2021-05-19,"quantile",0.5,6.42416826075849
"43483",2021-05-15,"56","4  day ahead inc hosp",2021-05-19,"quantile",0.55,6.97768292981745
"43484",2021-05-15,"56","4  day ahead inc hosp",2021-05-19,"quantile",0.6,7.57599440991571
"43485",2021-05-15,"56","4  day ahead inc hosp",2021-05-19,"quantile",0.65,8.2340106414868
"43486",2021-05-15,"56","4  day ahead inc hosp",2021-05-19,"quantile",0.7,8.97290575896164
"43487",2021-05-15,"56","4  day ahead inc hosp",2021-05-19,"quantile",0.75,9.82492827476331
"43488",2021-05-15,"56","4  day ahead inc hosp",2021-05-19,"quantile",0.8,10.843578539799
"43489",2021-05-15,"56","4  day ahead inc hosp",2021-05-19,"quantile",0.85,12.1286791457407
"43490",2021-05-15,"56","4  day ahead inc hosp",2021-05-19,"quantile",0.9,13.9040479360555
"43491",2021-05-15,"56","4  day ahead inc hosp",2021-05-19,"quantile",0.95,16.8852367879837
"43492",2021-05-15,"56","4  day ahead inc hosp",2021-05-19,"quantile",0.975,19.8382882889215
"43493",2021-05-15,"56","4  day ahead inc hosp",2021-05-19,"quantile",0.99,23.7408232501344
"43494",2021-05-15,"56","5  day ahead inc hosp",2021-05-20,"quantile",0.01,0.619169116360155
"43495",2021-05-15,"56","5  day ahead inc hosp",2021-05-20,"quantile",0.025,0.943390738862598
"43496",2021-05-15,"56","5  day ahead inc hosp",2021-05-20,"quantile",0.05,1.31194157968299
"43497",2021-05-15,"56","5  day ahead inc hosp",2021-05-20,"quantile",0.1,1.86036574660775
"43498",2021-05-15,"56","5  day ahead inc hosp",2021-05-20,"quantile",0.15,2.3170397422916
"43499",2021-05-15,"56","5  day ahead inc hosp",2021-05-20,"quantile",0.2,2.73614826814764
"43500",2021-05-15,"56","5  day ahead inc hosp",2021-05-20,"quantile",0.25,3.13892323238826
"43501",2021-05-15,"56","5  day ahead inc hosp",2021-05-20,"quantile",0.3,3.53711463833885
"43502",2021-05-15,"56","5  day ahead inc hosp",2021-05-20,"quantile",0.35,3.93884252634115
"43503",2021-05-15,"56","5  day ahead inc hosp",2021-05-20,"quantile",0.4,4.35079270883752
"43504",2021-05-15,"56","5  day ahead inc hosp",2021-05-20,"quantile",0.45,4.77932336873845
"43505",2021-05-15,"56","5  day ahead inc hosp",2021-05-20,"quantile",0.5,5.23122407439003
"43506",2021-05-15,"56","5  day ahead inc hosp",2021-05-20,"quantile",0.55,5.7144382239798
"43507",2021-05-15,"56","5  day ahead inc hosp",2021-05-20,"quantile",0.6,6.2389676102763
"43508",2021-05-15,"56","5  day ahead inc hosp",2021-05-20,"quantile",0.65,6.8182341474401
"43509",2021-05-15,"56","5  day ahead inc hosp",2021-05-20,"quantile",0.7,7.47140035257438
"43510",2021-05-15,"56","5  day ahead inc hosp",2021-05-20,"quantile",0.75,8.22775908789095
"43511",2021-05-15,"56","5  day ahead inc hosp",2021-05-20,"quantile",0.8,9.13604675391218
"43512",2021-05-15,"56","5  day ahead inc hosp",2021-05-20,"quantile",0.85,10.2874265920747
"43513",2021-05-15,"56","5  day ahead inc hosp",2021-05-20,"quantile",0.9,11.8868327048761
"43514",2021-05-15,"56","5  day ahead inc hosp",2021-05-20,"quantile",0.95,14.5916223287967
"43515",2021-05-15,"56","5  day ahead inc hosp",2021-05-20,"quantile",0.975,17.2901614989224
"43516",2021-05-15,"56","5  day ahead inc hosp",2021-05-20,"quantile",0.99,20.8800249688211
"43517",2021-05-15,"56","6  day ahead inc hosp",2021-05-21,"quantile",0.01,1.09928970882365
"43518",2021-05-15,"56","6  day ahead inc hosp",2021-05-21,"quantile",0.025,1.5959500636137
"43519",2021-05-15,"56","6  day ahead inc hosp",2021-05-21,"quantile",0.05,2.14355098849988
"43520",2021-05-15,"56","6  day ahead inc hosp",2021-05-21,"quantile",0.1,2.93758999210571
"43521",2021-05-15,"56","6  day ahead inc hosp",2021-05-21,"quantile",0.15,3.58583115340602
"43522",2021-05-15,"56","6  day ahead inc hosp",2021-05-21,"quantile",0.2,4.17314492010327
"43523",2021-05-15,"56","6  day ahead inc hosp",2021-05-21,"quantile",0.25,4.73208288351516
"43524",2021-05-15,"56","6  day ahead inc hosp",2021-05-21,"quantile",0.3,5.28024913377724
"43525",2021-05-15,"56","6  day ahead inc hosp",2021-05-21,"quantile",0.35,5.82948196670432
"43526",2021-05-15,"56","6  day ahead inc hosp",2021-05-21,"quantile",0.4,6.38924287865098
"43527",2021-05-15,"56","6  day ahead inc hosp",2021-05-21,"quantile",0.45,6.96827759664214
"43528",2021-05-15,"56","6  day ahead inc hosp",2021-05-21,"quantile",0.5,7.57570562278407
"43529",2021-05-15,"56","6  day ahead inc hosp",2021-05-21,"quantile",0.55,8.22200637648868
"43530",2021-05-15,"56","6  day ahead inc hosp",2021-05-21,"quantile",0.6,8.9202088363975
"43531",2021-05-15,"56","6  day ahead inc hosp",2021-05-21,"quantile",0.65,9.687646740993
"43532",2021-05-15,"56","6  day ahead inc hosp",2021-05-21,"quantile",0.7,10.5489214325709
"43533",2021-05-15,"56","6  day ahead inc hosp",2021-05-21,"quantile",0.75,11.5414813812449
"43534",2021-05-15,"56","6  day ahead inc hosp",2021-05-21,"quantile",0.8,12.7274284564859
"43535",2021-05-15,"56","6  day ahead inc hosp",2021-05-21,"quantile",0.85,14.2225931629358
"43536",2021-05-15,"56","6  day ahead inc hosp",2021-05-21,"quantile",0.9,16.2865911789188
"43537",2021-05-15,"56","6  day ahead inc hosp",2021-05-21,"quantile",0.95,19.7490369441211
"43538",2021-05-15,"56","6  day ahead inc hosp",2021-05-21,"quantile",0.975,23.1753772175563
"43539",2021-05-15,"56","6  day ahead inc hosp",2021-05-21,"quantile",0.99,27.6991912892303
"43540",2021-05-15,"56","7  day ahead inc hosp",2021-05-22,"quantile",0.01,0.69052320114508
"43541",2021-05-15,"56","7  day ahead inc hosp",2021-05-22,"quantile",0.025,1.0535284342151
"43542",2021-05-15,"56","7  day ahead inc hosp",2021-05-22,"quantile",0.05,1.46651503949678
"43543",2021-05-15,"56","7  day ahead inc hosp",2021-05-22,"quantile",0.1,2.08149960873396
"43544",2021-05-15,"56","7  day ahead inc hosp",2021-05-22,"quantile",0.15,2.5938749837534
"43545",2021-05-15,"56","7  day ahead inc hosp",2021-05-22,"quantile",0.2,3.0642670455988
"43546",2021-05-15,"56","7  day ahead inc hosp",2021-05-22,"quantile",0.25,3.51644625594273
"43547",2021-05-15,"56","7  day ahead inc hosp",2021-05-22,"quantile",0.3,3.96357622031116
"43548",2021-05-15,"56","7  day ahead inc hosp",2021-05-22,"quantile",0.35,4.41476093544473
"43549",2021-05-15,"56","7  day ahead inc hosp",2021-05-22,"quantile",0.4,4.87750258964464
"43550",2021-05-15,"56","7  day ahead inc hosp",2021-05-22,"quantile",0.45,5.35894124362104
"43551",2021-05-15,"56","7  day ahead inc hosp",2021-05-22,"quantile",0.5,5.8667062060652
"43552",2021-05-15,"56","7  day ahead inc hosp",2021-05-22,"quantile",0.55,6.40972749841272
"43553",2021-05-15,"56","7  day ahead inc hosp",2021-05-22,"quantile",0.6,6.99925286740763
"43554",2021-05-15,"56","7  day ahead inc hosp",2021-05-22,"quantile",0.65,7.65037957349225
"43555",2021-05-15,"56","7  day ahead inc hosp",2021-05-22,"quantile",0.7,8.38466529109887
"43556",2021-05-15,"56","7  day ahead inc hosp",2021-05-22,"quantile",0.75,9.23506781379516
"43557",2021-05-15,"56","7  day ahead inc hosp",2021-05-22,"quantile",0.8,10.2564257453421
"43558",2021-05-15,"56","7  day ahead inc hosp",2021-05-22,"quantile",0.85,11.5513243759921
"43559",2021-05-15,"56","7  day ahead inc hosp",2021-05-22,"quantile",0.9,13.3503923015665
"43560",2021-05-15,"56","7  day ahead inc hosp",2021-05-22,"quantile",0.95,16.3934789633085
"43561",2021-05-15,"56","7  day ahead inc hosp",2021-05-22,"quantile",0.975,19.4301833736131
"43562",2021-05-15,"56","7  day ahead inc hosp",2021-05-22,"quantile",0.99,23.4707039641819
"43563",2021-05-15,"56","8  day ahead inc hosp",2021-05-23,"quantile",0.01,0.727753574272144
"43564",2021-05-15,"56","8  day ahead inc hosp",2021-05-23,"quantile",0.025,1.11100493562524
"43565",2021-05-15,"56","8  day ahead inc hosp",2021-05-23,"quantile",0.05,1.54719146942545
"43566",2021-05-15,"56","8  day ahead inc hosp",2021-05-23,"quantile",0.1,2.1969314067693
"43567",2021-05-15,"56","8  day ahead inc hosp",2021-05-23,"quantile",0.15,2.73839465783208
"43568",2021-05-15,"56","8  day ahead inc hosp",2021-05-23,"quantile",0.2,3.23556917049895
"43569",2021-05-15,"56","8  day ahead inc hosp",2021-05-23,"quantile",0.25,3.71355057880989
"43570",2021-05-15,"56","8  day ahead inc hosp",2021-05-23,"quantile",0.3,4.1862405009039
"43571",2021-05-15,"56","8  day ahead inc hosp",2021-05-23,"quantile",0.35,4.66325670762679
"43572",2021-05-15,"56","8  day ahead inc hosp",2021-05-23,"quantile",0.4,5.15252772161325
"43573",2021-05-15,"56","8  day ahead inc hosp",2021-05-23,"quantile",0.45,5.66160197760886
"43574",2021-05-15,"56","8  day ahead inc hosp",2021-05-23,"quantile",0.5,6.19854742842633
"43575",2021-05-15,"56","8  day ahead inc hosp",2021-05-23,"quantile",0.55,6.77280950701937
"43576",2021-05-15,"56","8  day ahead inc hosp",2021-05-23,"quantile",0.6,7.39628688292631
"43577",2021-05-15,"56","8  day ahead inc hosp",2021-05-23,"quantile",0.65,8.08495210037492
"43578",2021-05-15,"56","8  day ahead inc hosp",2021-05-23,"quantile",0.7,8.86161421587512
"43579",2021-05-15,"56","8  day ahead inc hosp",2021-05-23,"quantile",0.75,9.76114585252729
"43580",2021-05-15,"56","8  day ahead inc hosp",2021-05-23,"quantile",0.8,10.8415739023605
"43581",2021-05-15,"56","8  day ahead inc hosp",2021-05-23,"quantile",0.85,12.2114515467925
"43582",2021-05-15,"56","8  day ahead inc hosp",2021-05-23,"quantile",0.9,14.1148326572687
"43583",2021-05-15,"56","8  day ahead inc hosp",2021-05-23,"quantile",0.95,17.3346693431382
"43584",2021-05-15,"56","8  day ahead inc hosp",2021-05-23,"quantile",0.975,20.5480619769633
"43585",2021-05-15,"56","8  day ahead inc hosp",2021-05-23,"quantile",0.99,24.8240554721247
"43586",2021-05-15,"56","9  day ahead inc hosp",2021-05-24,"quantile",0.01,0.745023751500539
"43587",2021-05-15,"56","9  day ahead inc hosp",2021-05-24,"quantile",0.025,1.14120870388445
"43588",2021-05-15,"56","9  day ahead inc hosp",2021-05-24,"quantile",0.05,1.59306924779504
"43589",2021-05-15,"56","9  day ahead inc hosp",2021-05-24,"quantile",0.1,2.26735278753201
"43590",2021-05-15,"56","9  day ahead inc hosp",2021-05-24,"quantile",0.15,2.83002546772377
"43591",2021-05-15,"56","9  day ahead inc hosp",2021-05-24,"quantile",0.2,3.34712362715111
"43592",2021-05-15,"56","9  day ahead inc hosp",2021-05-24,"quantile",0.25,3.84458625465984
"43593",2021-05-15,"56","9  day ahead inc hosp",2021-05-24,"quantile",0.3,4.33680608179397
"43594",2021-05-15,"56","9  day ahead inc hosp",2021-05-24,"quantile",0.35,4.83376002248233
"43595",2021-05-15,"56","9  day ahead inc hosp",2021-05-24,"quantile",0.4,5.34368970006995
"43596",2021-05-15,"56","9  day ahead inc hosp",2021-05-24,"quantile",0.45,5.87445673012113
"43597",2021-05-15,"56","9  day ahead inc hosp",2021-05-24,"quantile",0.5,6.43447698235254
"43598",2021-05-15,"56","9  day ahead inc hosp",2021-05-24,"quantile",0.55,7.03361463628996
"43599",2021-05-15,"56","9  day ahead inc hosp",2021-05-24,"quantile",0.6,7.68430589292769
"43600",2021-05-15,"56","9  day ahead inc hosp",2021-05-24,"quantile",0.65,8.40325399901376
"43601",2021-05-15,"56","9  day ahead inc hosp",2021-05-24,"quantile",0.7,9.21432038654152
"43602",2021-05-15,"56","9  day ahead inc hosp",2021-05-24,"quantile",0.75,10.1539964104759
"43603",2021-05-15,"56","9  day ahead inc hosp",2021-05-24,"quantile",0.8,11.2830151549493
"43604",2021-05-15,"56","9  day ahead inc hosp",2021-05-24,"quantile",0.85,12.715013381001
"43605",2021-05-15,"56","9  day ahead inc hosp",2021-05-24,"quantile",0.9,14.705523072177
"43606",2021-05-15,"56","9  day ahead inc hosp",2021-05-24,"quantile",0.95,18.0745206385501
"43607",2021-05-15,"56","9  day ahead inc hosp",2021-05-24,"quantile",0.975,21.4385612234336
"43608",2021-05-15,"56","9  day ahead inc hosp",2021-05-24,"quantile",0.99,25.9172070271775
"43609",2021-05-15,"56","10  day ahead inc hosp",2021-05-25,"quantile",0.01,0.821173769739205
"43610",2021-05-15,"56","10  day ahead inc hosp",2021-05-25,"quantile",0.025,1.25254841090764
"43611",2021-05-15,"56","10  day ahead inc hosp",2021-05-25,"quantile",0.05,1.74324107874393
"43612",2021-05-15,"56","10  day ahead inc hosp",2021-05-25,"quantile",0.1,2.47384258535268
"43613",2021-05-15,"56","10  day ahead inc hosp",2021-05-25,"quantile",0.15,3.08248356542809
"43614",2021-05-15,"56","10  day ahead inc hosp",2021-05-25,"quantile",0.2,3.64121726105723
"43615",2021-05-15,"56","10  day ahead inc hosp",2021-05-25,"quantile",0.25,4.17829140061443
"43616",2021-05-15,"56","10  day ahead inc hosp",2021-05-25,"quantile",0.3,4.70934708472257
"43617",2021-05-15,"56","10  day ahead inc hosp",2021-05-25,"quantile",0.35,5.24520019835274
"43618",2021-05-15,"56","10  day ahead inc hosp",2021-05-25,"quantile",0.4,5.79476225036296
"43619",2021-05-15,"56","10  day ahead inc hosp",2021-05-25,"quantile",0.45,6.36651338273481
"43620",2021-05-15,"56","10  day ahead inc hosp",2021-05-25,"quantile",0.5,6.96951375117818
"43621",2021-05-15,"56","10  day ahead inc hosp",2021-05-25,"quantile",0.55,7.61436724989466
"43622",2021-05-15,"56","10  day ahead inc hosp",2021-05-25,"quantile",0.6,8.31442913544855
"43623",2021-05-15,"56","10  day ahead inc hosp",2021-05-25,"quantile",0.65,9.08762473513281
"43624",2021-05-15,"56","10  day ahead inc hosp",2021-05-25,"quantile",0.7,9.95954925972803
"43625",2021-05-15,"56","10  day ahead inc hosp",2021-05-25,"quantile",0.75,10.9693323844225
"43626",2021-05-15,"56","10  day ahead inc hosp",2021-05-25,"quantile",0.8,12.1820811157694
"43627",2021-05-15,"56","10  day ahead inc hosp",2021-05-25,"quantile",0.85,13.719587923397
"43628",2021-05-15,"56","10  day ahead inc hosp",2021-05-25,"quantile",0.9,15.8556583810377
"43629",2021-05-15,"56","10  day ahead inc hosp",2021-05-25,"quantile",0.95,19.4686362596657
"43630",2021-05-15,"56","10  day ahead inc hosp",2021-05-25,"quantile",0.975,23.0738938304169
"43631",2021-05-15,"56","10  day ahead inc hosp",2021-05-25,"quantile",0.99,27.8707341429692
"43632",2021-05-15,"56","11  day ahead inc hosp",2021-05-26,"quantile",0.01,0.843158301136364
"43633",2021-05-15,"56","11  day ahead inc hosp",2021-05-26,"quantile",0.025,1.28962949695244
"43634",2021-05-15,"56","11  day ahead inc hosp",2021-05-26,"quantile",0.05,1.7983732453097
"43635",2021-05-15,"56","11  day ahead inc hosp",2021-05-26,"quantile",0.1,2.55695213413385
"43636",2021-05-15,"56","11  day ahead inc hosp",2021-05-26,"quantile",0.15,3.18959592697553
"43637",2021-05-15,"56","11  day ahead inc hosp",2021-05-26,"quantile",0.2,3.7707774620577
"43638",2021-05-15,"56","11  day ahead inc hosp",2021-05-26,"quantile",0.25,4.32972984543539
"43639",2021-05-15,"56","11  day ahead inc hosp",2021-05-26,"quantile",0.3,4.88266180705527
"43640",2021-05-15,"56","11  day ahead inc hosp",2021-05-26,"quantile",0.35,5.44079955628273
"43641",2021-05-15,"56","11  day ahead inc hosp",2021-05-26,"quantile",0.4,6.01340834489695
"43642",2021-05-15,"56","11  day ahead inc hosp",2021-05-26,"quantile",0.45,6.60931881403098
"43643",2021-05-15,"56","11  day ahead inc hosp",2021-05-26,"quantile",0.5,7.23797771957099
"43644",2021-05-15,"56","11  day ahead inc hosp",2021-05-26,"quantile",0.55,7.91045194522476
"43645",2021-05-15,"56","11  day ahead inc hosp",2021-05-26,"quantile",0.6,8.64068909496518
"43646",2021-05-15,"56","11  day ahead inc hosp",2021-05-26,"quantile",0.65,9.44741794464226
"43647",2021-05-15,"56","11  day ahead inc hosp",2021-05-26,"quantile",0.7,10.3573891423492
"43648",2021-05-15,"56","11  day ahead inc hosp",2021-05-26,"quantile",0.75,11.4115077644097
"43649",2021-05-15,"56","11  day ahead inc hosp",2021-05-26,"quantile",0.8,12.6778465265235
"43650",2021-05-15,"56","11  day ahead inc hosp",2021-05-26,"quantile",0.85,14.2837650106378
"43651",2021-05-15,"56","11  day ahead inc hosp",2021-05-26,"quantile",0.9,16.5156294211801
"43652",2021-05-15,"56","11  day ahead inc hosp",2021-05-26,"quantile",0.95,20.2922618096516
"43653",2021-05-15,"56","11  day ahead inc hosp",2021-05-26,"quantile",0.975,24.0624651213435
"43654",2021-05-15,"56","11  day ahead inc hosp",2021-05-26,"quantile",0.99,29.0807785803686
"43655",2021-05-15,"56","12  day ahead inc hosp",2021-05-27,"quantile",0.01,0.599422937724229
"43656",2021-05-15,"56","12  day ahead inc hosp",2021-05-27,"quantile",0.025,0.955655025935382
"43657",2021-05-15,"56","12  day ahead inc hosp",2021-05-27,"quantile",0.05,1.37221426588948
"43658",2021-05-15,"56","12  day ahead inc hosp",2021-05-27,"quantile",0.1,2.00688029741395
"43659",2021-05-15,"56","12  day ahead inc hosp",2021-05-27,"quantile",0.15,2.54484050572656
"43660",2021-05-15,"56","12  day ahead inc hosp",2021-05-27,"quantile",0.2,3.04422749682932
"43661",2021-05-15,"56","12  day ahead inc hosp",2021-05-27,"quantile",0.25,3.52830969904912
"43662",2021-05-15,"56","12  day ahead inc hosp",2021-05-27,"quantile",0.3,4.01026305201776
"43663",2021-05-15,"56","12  day ahead inc hosp",2021-05-27,"quantile",0.35,4.49943746555745
"43664",2021-05-15,"56","12  day ahead inc hosp",2021-05-27,"quantile",0.4,5.00374782038085
"43665",2021-05-15,"56","12  day ahead inc hosp",2021-05-27,"quantile",0.45,5.53091371572316
"43666",2021-05-15,"56","12  day ahead inc hosp",2021-05-27,"quantile",0.5,6.08934734601373
"43667",2021-05-15,"56","12  day ahead inc hosp",2021-05-27,"quantile",0.55,6.68903734628941
"43668",2021-05-15,"56","12  day ahead inc hosp",2021-05-27,"quantile",0.6,7.34268997809909
"43669",2021-05-15,"56","12  day ahead inc hosp",2021-05-27,"quantile",0.65,8.06747456613396
"43670",2021-05-15,"56","12  day ahead inc hosp",2021-05-27,"quantile",0.7,8.88801977528916
"43671",2021-05-15,"56","12  day ahead inc hosp",2021-05-27,"quantile",0.75,9.84210196379017
"43672",2021-05-15,"56","12  day ahead inc hosp",2021-05-27,"quantile",0.8,10.9927389959904
"43673",2021-05-15,"56","12  day ahead inc hosp",2021-05-27,"quantile",0.85,12.4580866801251
"43674",2021-05-15,"56","12  day ahead inc hosp",2021-05-27,"quantile",0.9,14.5044119362496
"43675",2021-05-15,"56","12  day ahead inc hosp",2021-05-27,"quantile",0.95,17.988503029478
"43676",2021-05-15,"56","12  day ahead inc hosp",2021-05-27,"quantile",0.975,21.4883411646678
"43677",2021-05-15,"56","12  day ahead inc hosp",2021-05-27,"quantile",0.99,26.1734547009369
"43678",2021-05-15,"56","13  day ahead inc hosp",2021-05-28,"quantile",0.01,0.534010979970855
"43679",2021-05-15,"56","13  day ahead inc hosp",2021-05-28,"quantile",0.025,0.867426357048836
"43680",2021-05-15,"56","13  day ahead inc hosp",2021-05-28,"quantile",0.05,1.26184134371834
"43681",2021-05-15,"56","13  day ahead inc hosp",2021-05-28,"quantile",0.1,1.86852826401991
"43682",2021-05-15,"56","13  day ahead inc hosp",2021-05-28,"quantile",0.15,2.38644008597969
"43683",2021-05-15,"56","13  day ahead inc hosp",2021-05-28,"quantile",0.2,2.8694068367386
"43684",2021-05-15,"56","13  day ahead inc hosp",2021-05-28,"quantile",0.25,3.33917264788369
"43685",2021-05-15,"56","13  day ahead inc hosp",2021-05-28,"quantile",0.3,3.80817221225249
"43686",2021-05-15,"56","13  day ahead inc hosp",2021-05-28,"quantile",0.35,4.28532841445998
"43687",2021-05-15,"56","13  day ahead inc hosp",2021-05-28,"quantile",0.4,4.77828073411863
"43688",2021-05-15,"56","13  day ahead inc hosp",2021-05-28,"quantile",0.45,5.29455508262335
"43689",2021-05-15,"56","13  day ahead inc hosp",2021-05-28,"quantile",0.5,5.84241691035527
"43690",2021-05-15,"56","13  day ahead inc hosp",2021-05-28,"quantile",0.55,6.43173565211186
"43691",2021-05-15,"56","13  day ahead inc hosp",2021-05-28,"quantile",0.6,7.07511387861426
"43692",2021-05-15,"56","13  day ahead inc hosp",2021-05-28,"quantile",0.65,7.78962442242052
"43693",2021-05-15,"56","13  day ahead inc hosp",2021-05-28,"quantile",0.7,8.5998003694156
"43694",2021-05-15,"56","13  day ahead inc hosp",2021-05-28,"quantile",0.75,9.54331887173258
"43695",2021-05-15,"56","13  day ahead inc hosp",2021-05-28,"quantile",0.8,10.683094809279
"43696",2021-05-15,"56","13  day ahead inc hosp",2021-05-28,"quantile",0.85,12.1371961841198
"43697",2021-05-15,"56","13  day ahead inc hosp",2021-05-28,"quantile",0.9,14.1719409888903
"43698",2021-05-15,"56","13  day ahead inc hosp",2021-05-28,"quantile",0.95,17.645313099292
"43699",2021-05-15,"56","13  day ahead inc hosp",2021-05-28,"quantile",0.975,21.1434861825186
"43700",2021-05-15,"56","13  day ahead inc hosp",2021-05-28,"quantile",0.99,25.8375637349188
"43701",2021-05-15,"56","14  day ahead inc hosp",2021-05-29,"quantile",0.01,0.503908293724934
"43702",2021-05-15,"56","14  day ahead inc hosp",2021-05-29,"quantile",0.025,0.828794945099992
"43703",2021-05-15,"56","14  day ahead inc hosp",2021-05-29,"quantile",0.05,1.21608625206229
"43704",2021-05-15,"56","14  day ahead inc hosp",2021-05-29,"quantile",0.1,1.8155824467406
"43705",2021-05-15,"56","14  day ahead inc hosp",2021-05-29,"quantile",0.15,2.32975271873994
"43706",2021-05-15,"56","14  day ahead inc hosp",2021-05-29,"quantile",0.2,2.81066148136714
"43707",2021-05-15,"56","14  day ahead inc hosp",2021-05-29,"quantile",0.25,3.27947112778481
"43708",2021-05-15,"56","14  day ahead inc hosp",2021-05-29,"quantile",0.3,3.7483650779616
"43709",2021-05-15,"56","14  day ahead inc hosp",2021-05-29,"quantile",0.35,4.22615183569422
"43710",2021-05-15,"56","14  day ahead inc hosp",2021-05-29,"quantile",0.4,4.72042988199137
"43711",2021-05-15,"56","14  day ahead inc hosp",2021-05-29,"quantile",0.45,5.23873385375711
"43712",2021-05-15,"56","14  day ahead inc hosp",2021-05-29,"quantile",0.5,5.78938061589167
"43713",2021-05-15,"56","14  day ahead inc hosp",2021-05-29,"quantile",0.55,6.38233658136889
"43714",2021-05-15,"56","14  day ahead inc hosp",2021-05-29,"quantile",0.6,7.03035904094876
"43715",2021-05-15,"56","14  day ahead inc hosp",2021-05-29,"quantile",0.65,7.75075849746179
"43716",2021-05-15,"56","14  day ahead inc hosp",2021-05-29,"quantile",0.7,8.56843715201372
"43717",2021-05-15,"56","14  day ahead inc hosp",2021-05-29,"quantile",0.75,9.52166964998483
"43718",2021-05-15,"56","14  day ahead inc hosp",2021-05-29,"quantile",0.8,10.6744091418773
"43719",2021-05-15,"56","14  day ahead inc hosp",2021-05-29,"quantile",0.85,12.1467406876407
"43720",2021-05-15,"56","14  day ahead inc hosp",2021-05-29,"quantile",0.9,14.2096948141653
"43721",2021-05-15,"56","14  day ahead inc hosp",2021-05-29,"quantile",0.95,17.7371133351803
"43722",2021-05-15,"56","14  day ahead inc hosp",2021-05-29,"quantile",0.975,21.2956800878787
"43723",2021-05-15,"56","14  day ahead inc hosp",2021-05-29,"quantile",0.99,26.0781298006135
"43724",2021-05-15,"56","15  day ahead inc hosp",2021-05-30,"quantile",0.01,0.593115298621957
"43725",2021-05-15,"56","15  day ahead inc hosp",2021-05-30,"quantile",0.025,0.981925016937503
"43726",2021-05-15,"56","15  day ahead inc hosp",2021-05-30,"quantile",0.05,1.44728846156077
"43727",2021-05-15,"56","15  day ahead inc hosp",2021-05-30,"quantile",0.1,2.17000949006547
"43728",2021-05-15,"56","15  day ahead inc hosp",2021-05-30,"quantile",0.15,2.79137618356072
"43729",2021-05-15,"56","15  day ahead inc hosp",2021-05-30,"quantile",0.2,3.37344787941204
"43730",2021-05-15,"56","15  day ahead inc hosp",2021-05-30,"quantile",0.25,3.94153340199638
"43731",2021-05-15,"56","15  day ahead inc hosp",2021-05-30,"quantile",0.3,4.51025534934157
"43732",2021-05-15,"56","15  day ahead inc hosp",2021-05-30,"quantile",0.35,5.09022777041185
"43733",2021-05-15,"56","15  day ahead inc hosp",2021-05-30,"quantile",0.4,5.69064278213385
"43734",2021-05-15,"56","15  day ahead inc hosp",2021-05-30,"quantile",0.45,6.32064624120874
"43735",2021-05-15,"56","15  day ahead inc hosp",2021-05-30,"quantile",0.5,6.99035974594336
"43736",2021-05-15,"56","15  day ahead inc hosp",2021-05-30,"quantile",0.55,7.71193462539358
"43737",2021-05-15,"56","15  day ahead inc hosp",2021-05-30,"quantile",0.6,8.50094417917039
"43738",2021-05-15,"56","15  day ahead inc hosp",2021-05-30,"quantile",0.65,9.37853746662781
"43739",2021-05-15,"56","15  day ahead inc hosp",2021-05-30,"quantile",0.7,10.375155878856
"43740",2021-05-15,"56","15  day ahead inc hosp",2021-05-30,"quantile",0.75,11.5376069013953
"43741",2021-05-15,"56","15  day ahead inc hosp",2021-05-30,"quantile",0.8,12.9441265955742
"43742",2021-05-15,"56","15  day ahead inc hosp",2021-05-30,"quantile",0.85,14.7416621427723
"43743",2021-05-15,"56","15  day ahead inc hosp",2021-05-30,"quantile",0.9,17.2619739081327
"43744",2021-05-15,"56","15  day ahead inc hosp",2021-05-30,"quantile",0.95,21.5751309346764
"43745",2021-05-15,"56","15  day ahead inc hosp",2021-05-30,"quantile",0.975,25.9301264146715
"43746",2021-05-15,"56","15  day ahead inc hosp",2021-05-30,"quantile",0.99,31.7875317191534
"43747",2021-05-15,"56","16  day ahead inc hosp",2021-05-31,"quantile",0.01,0.580067080839596
"43748",2021-05-15,"56","16  day ahead inc hosp",2021-05-31,"quantile",0.025,0.97153628191818
"43749",2021-05-15,"56","16  day ahead inc hosp",2021-05-31,"quantile",0.05,1.44343294810834
"43750",2021-05-15,"56","16  day ahead inc hosp",2021-05-31,"quantile",0.1,2.18056671792671
"43751",2021-05-15,"56","16  day ahead inc hosp",2021-05-31,"quantile",0.15,2.81704212824624
"43752",2021-05-15,"56","16  day ahead inc hosp",2021-05-31,"quantile",0.2,3.41489052435708
"43753",2021-05-15,"56","16  day ahead inc hosp",2021-05-31,"quantile",0.25,3.99956056449739
"43754",2021-05-15,"56","16  day ahead inc hosp",2021-05-31,"quantile",0.3,4.58584995357505
"43755",2021-05-15,"56","16  day ahead inc hosp",2021-05-31,"quantile",0.35,5.18457608779223
"43756",2021-05-15,"56","16  day ahead inc hosp",2021-05-31,"quantile",0.4,5.80517257734683
"43757",2021-05-15,"56","16  day ahead inc hosp",2021-05-31,"quantile",0.45,6.45708149226752
"43758",2021-05-15,"56","16  day ahead inc hosp",2021-05-31,"quantile",0.5,7.15079952689915
"43759",2021-05-15,"56","16  day ahead inc hosp",2021-05-31,"quantile",0.55,7.89896833012476
"43760",2021-05-15,"56","16  day ahead inc hosp",2021-05-31,"quantile",0.6,8.71782421989482
"43761",2021-05-15,"56","16  day ahead inc hosp",2021-05-31,"quantile",0.65,9.62944810086673
"43762",2021-05-15,"56","16  day ahead inc hosp",2021-05-31,"quantile",0.7,10.6656535985882
"43763",2021-05-15,"56","16  day ahead inc hosp",2021-05-31,"quantile",0.75,11.8753926689122
"43764",2021-05-15,"56","16  day ahead inc hosp",2021-05-31,"quantile",0.8,13.34053164575
"43765",2021-05-15,"56","16  day ahead inc hosp",2021-05-31,"quantile",0.85,15.2149143746213
"43766",2021-05-15,"56","16  day ahead inc hosp",2021-05-31,"quantile",0.9,17.8460577812117
"43767",2021-05-15,"56","16  day ahead inc hosp",2021-05-31,"quantile",0.95,22.3556269227934
"43768",2021-05-15,"56","16  day ahead inc hosp",2021-05-31,"quantile",0.975,26.9157622434483
"43769",2021-05-15,"56","16  day ahead inc hosp",2021-05-31,"quantile",0.99,33.0574743519834
"43770",2021-05-15,"56","17  day ahead inc hosp",2021-06-01,"quantile",0.01,0.476592374453684
"43771",2021-05-15,"56","17  day ahead inc hosp",2021-06-01,"quantile",0.025,0.824506783553191
"43772",2021-05-15,"56","17  day ahead inc hosp",2021-06-01,"quantile",0.05,1.25227234770909
"43773",2021-05-15,"56","17  day ahead inc hosp",2021-06-01,"quantile",0.1,1.9312354308419
"43774",2021-05-15,"56","17  day ahead inc hosp",2021-06-01,"quantile",0.15,2.52438314313336
"43775",2021-05-15,"56","17  day ahead inc hosp",2021-06-01,"quantile",0.2,3.08567521497105
"43776",2021-05-15,"56","17  day ahead inc hosp",2021-06-01,"quantile",0.25,3.63763275481386
"43777",2021-05-15,"56","17  day ahead inc hosp",2021-06-01,"quantile",0.3,4.19359371690788
"43778",2021-05-15,"56","17  day ahead inc hosp",2021-06-01,"quantile",0.35,4.76350507628239
"43779",2021-05-15,"56","17  day ahead inc hosp",2021-06-01,"quantile",0.4,5.35620973923986
"43780",2021-05-15,"56","17  day ahead inc hosp",2021-06-01,"quantile",0.45,5.9807020637799
"43781",2021-05-15,"56","17  day ahead inc hosp",2021-06-01,"quantile",0.5,6.64710194590497
"43782",2021-05-15,"56","17  day ahead inc hosp",2021-06-01,"quantile",0.55,7.36769934878272
"43783",2021-05-15,"56","17  day ahead inc hosp",2021-06-01,"quantile",0.6,8.15836723721347
"43784",2021-05-15,"56","17  day ahead inc hosp",2021-06-01,"quantile",0.65,9.04077272128448
"43785",2021-05-15,"56","17  day ahead inc hosp",2021-06-01,"quantile",0.7,10.0462126295159
"43786",2021-05-15,"56","17  day ahead inc hosp",2021-06-01,"quantile",0.75,11.2229326091853
"43787",2021-05-15,"56","17  day ahead inc hosp",2021-06-01,"quantile",0.8,12.6517368949607
"43788",2021-05-15,"56","17  day ahead inc hosp",2021-06-01,"quantile",0.85,14.4846773524841
"43789",2021-05-15,"56","17  day ahead inc hosp",2021-06-01,"quantile",0.9,17.0657113908071
"43790",2021-05-15,"56","17  day ahead inc hosp",2021-06-01,"quantile",0.95,21.5070543053593
"43791",2021-05-15,"56","17  day ahead inc hosp",2021-06-01,"quantile",0.975,26.0161088608773
"43792",2021-05-15,"56","17  day ahead inc hosp",2021-06-01,"quantile",0.99,32.1111131886287
"43793",2021-05-15,"56","18  day ahead inc hosp",2021-06-02,"quantile",0.01,0.374660570318408
"43794",2021-05-15,"56","18  day ahead inc hosp",2021-06-02,"quantile",0.025,0.674563629522361
"43795",2021-05-15,"56","18  day ahead inc hosp",2021-06-02,"quantile",0.05,1.05230670915158
"43796",2021-05-15,"56","18  day ahead inc hosp",2021-06-02,"quantile",0.1,1.66354222178325
"43797",2021-05-15,"56","18  day ahead inc hosp",2021-06-02,"quantile",0.15,2.2050291183103
"43798",2021-05-15,"56","18  day ahead inc hosp",2021-06-02,"quantile",0.2,2.7219536085435
"43799",2021-05-15,"56","18  day ahead inc hosp",2021-06-02,"quantile",0.25,3.23360300201058
"43800",2021-05-15,"56","18  day ahead inc hosp",2021-06-02,"quantile",0.3,3.75167397346333
"43801",2021-05-15,"56","18  day ahead inc hosp",2021-06-02,"quantile",0.35,4.28511082870641
"43802",2021-05-15,"56","18  day ahead inc hosp",2021-06-02,"quantile",0.4,4.8420523511456
"43803",2021-05-15,"56","18  day ahead inc hosp",2021-06-02,"quantile",0.45,5.43093414144226
"43804",2021-05-15,"56","18  day ahead inc hosp",2021-06-02,"quantile",0.5,6.0613784969007
"43805",2021-05-15,"56","18  day ahead inc hosp",2021-06-02,"quantile",0.55,6.7451808983329
"43806",2021-05-15,"56","18  day ahead inc hosp",2021-06-02,"quantile",0.6,7.49767032271663
"43807",2021-05-15,"56","18  day ahead inc hosp",2021-06-02,"quantile",0.65,8.33985745111956
"43808",2021-05-15,"56","18  day ahead inc hosp",2021-06-02,"quantile",0.7,9.30217638593228
"43809",2021-05-15,"56","18  day ahead inc hosp",2021-06-02,"quantile",0.75,10.4316392337143
"43810",2021-05-15,"56","18  day ahead inc hosp",2021-06-02,"quantile",0.8,11.8071146598285
"43811",2021-05-15,"56","18  day ahead inc hosp",2021-06-02,"quantile",0.85,13.5772377416051
"43812",2021-05-15,"56","18  day ahead inc hosp",2021-06-02,"quantile",0.9,16.0787805970763
"43813",2021-05-15,"56","18  day ahead inc hosp",2021-06-02,"quantile",0.95,20.4030050730805
"43814",2021-05-15,"56","18  day ahead inc hosp",2021-06-02,"quantile",0.975,24.8131335902698
"43815",2021-05-15,"56","18  day ahead inc hosp",2021-06-02,"quantile",0.99,30.7990951885143
"43816",2021-05-15,"56","19  day ahead inc hosp",2021-06-03,"quantile",0.01,0.303953061086403
"43817",2021-05-15,"56","19  day ahead inc hosp",2021-06-03,"quantile",0.025,0.568315166721765
"43818",2021-05-15,"56","19  day ahead inc hosp",2021-06-03,"quantile",0.05,0.908903274834493
"43819",2021-05-15,"56","19  day ahead inc hosp",2021-06-03,"quantile",0.1,1.46992345750154
"43820",2021-05-15,"56","19  day ahead inc hosp",2021-06-03,"quantile",0.15,1.97330534215922
"43821",2021-05-15,"56","19  day ahead inc hosp",2021-06-03,"quantile",0.2,2.45769818144681
"43822",2021-05-15,"56","19  day ahead inc hosp",2021-06-03,"quantile",0.25,2.93997725312712
"43823",2021-05-15,"56","19  day ahead inc hosp",2021-06-03,"quantile",0.3,3.43062045637766
"43824",2021-05-15,"56","19  day ahead inc hosp",2021-06-03,"quantile",0.35,3.93783552364173
"43825",2021-05-15,"56","19  day ahead inc hosp",2021-06-03,"quantile",0.4,4.46925355980788
"43826",2021-05-15,"56","19  day ahead inc hosp",2021-06-03,"quantile",0.45,5.03291822920423
"43827",2021-05-15,"56","19  day ahead inc hosp",2021-06-03,"quantile",0.5,5.63811495084656
"43828",2021-05-15,"56","19  day ahead inc hosp",2021-06-03,"quantile",0.55,6.29631770364545
"43829",2021-05-15,"56","19  day ahead inc hosp",2021-06-03,"quantile",0.6,7.02251613665475
"43830",2021-05-15,"56","19  day ahead inc hosp",2021-06-03,"quantile",0.65,7.8373272529136
"43831",2021-05-15,"56","19  day ahead inc hosp",2021-06-03,"quantile",0.7,8.77068605789049
"43832",2021-05-15,"56","19  day ahead inc hosp",2021-06-03,"quantile",0.75,9.86891457662322
"43833",2021-05-15,"56","19  day ahead inc hosp",2021-06-03,"quantile",0.8,11.2098342856626
"43834",2021-05-15,"56","19  day ahead inc hosp",2021-06-03,"quantile",0.85,12.9402995629353
"43835",2021-05-15,"56","19  day ahead inc hosp",2021-06-03,"quantile",0.9,15.3935163439182
"43836",2021-05-15,"56","19  day ahead inc hosp",2021-06-03,"quantile",0.95,19.6511635409782
"43837",2021-05-15,"56","19  day ahead inc hosp",2021-06-03,"quantile",0.975,24.0106357624634
"43838",2021-05-15,"56","19  day ahead inc hosp",2021-06-03,"quantile",0.99,29.949162464617
"43839",2021-05-15,"56","20  day ahead inc hosp",2021-06-04,"quantile",0.01,0.401282198218885
"43840",2021-05-15,"56","20  day ahead inc hosp",2021-06-04,"quantile",0.025,0.727268250194509
"43841",2021-05-15,"56","20  day ahead inc hosp",2021-06-04,"quantile",0.05,1.13949223701519
"43842",2021-05-15,"56","20  day ahead inc hosp",2021-06-04,"quantile",0.1,1.80861708361979
"43843",2021-05-15,"56","20  day ahead inc hosp",2021-06-04,"quantile",0.15,2.40272589297457
"43844",2021-05-15,"56","20  day ahead inc hosp",2021-06-04,"quantile",0.2,2.97068710855808
"43845",2021-05-15,"56","20  day ahead inc hosp",2021-06-04,"quantile",0.25,3.53344015833331
"43846",2021-05-15,"56","20  day ahead inc hosp",2021-06-04,"quantile",0.3,4.10373487495181
"43847",2021-05-15,"56","20  day ahead inc hosp",2021-06-04,"quantile",0.35,4.69136170248029
"43848",2021-05-15,"56","20  day ahead inc hosp",2021-06-04,"quantile",0.4,5.30526319273529
"43849",2021-05-15,"56","20  day ahead inc hosp",2021-06-04,"quantile",0.45,5.95473591056554
"43850",2021-05-15,"56","20  day ahead inc hosp",2021-06-04,"quantile",0.5,6.6504070811135
"43851",2021-05-15,"56","20  day ahead inc hosp",2021-06-04,"quantile",0.55,7.40532300414213
"43852",2021-05-15,"56","20  day ahead inc hosp",2021-06-04,"quantile",0.6,8.23645438793362
"43853",2021-05-15,"56","20  day ahead inc hosp",2021-06-04,"quantile",0.65,9.16707687236592
"43854",2021-05-15,"56","20  day ahead inc hosp",2021-06-04,"quantile",0.7,10.2309199810919
"43855",2021-05-15,"56","20  day ahead inc hosp",2021-06-04,"quantile",0.75,11.4801028639504
"43856",2021-05-15,"56","20  day ahead inc hosp",2021-06-04,"quantile",0.8,13.0020843927774
"43857",2021-05-15,"56","20  day ahead inc hosp",2021-06-04,"quantile",0.85,14.9617277615884
"43858",2021-05-15,"56","20  day ahead inc hosp",2021-06-04,"quantile",0.9,17.7326688721408
"43859",2021-05-15,"56","20  day ahead inc hosp",2021-06-04,"quantile",0.95,22.5260192687227
"43860",2021-05-15,"56","20  day ahead inc hosp",2021-06-04,"quantile",0.975,27.418081330014
"43861",2021-05-15,"56","20  day ahead inc hosp",2021-06-04,"quantile",0.99,34.0624855472991
"43862",2021-05-15,"56","21  day ahead inc hosp",2021-06-05,"quantile",0.01,0.348766191745031
"43863",2021-05-15,"56","21  day ahead inc hosp",2021-06-05,"quantile",0.025,0.649821702278868
"43864",2021-05-15,"56","21  day ahead inc hosp",2021-06-05,"quantile",0.05,1.03687377788591
"43865",2021-05-15,"56","21  day ahead inc hosp",2021-06-05,"quantile",0.1,1.67338654756856
"43866",2021-05-15,"56","21  day ahead inc hosp",2021-06-05,"quantile",0.15,2.24383898405623
"43867",2021-05-15,"56","21  day ahead inc hosp",2021-06-05,"quantile",0.2,2.79237339023361
"43868",2021-05-15,"56","21  day ahead inc hosp",2021-06-05,"quantile",0.25,3.33822168489975
"43869",2021-05-15,"56","21  day ahead inc hosp",2021-06-05,"quantile",0.3,3.8932983308504
"43870",2021-05-15,"56","21  day ahead inc hosp",2021-06-05,"quantile",0.35,4.46691537450231
"43871",2021-05-15,"56","21  day ahead inc hosp",2021-06-05,"quantile",0.4,5.06771353850503
"43872",2021-05-15,"56","21  day ahead inc hosp",2021-06-05,"quantile",0.45,5.70478682206147
"43873",2021-05-15,"56","21  day ahead inc hosp",2021-06-05,"quantile",0.5,6.38862191385235
"43874",2021-05-15,"56","21  day ahead inc hosp",2021-06-05,"quantile",0.55,7.13216798659091
"43875",2021-05-15,"56","21  day ahead inc hosp",2021-06-05,"quantile",0.6,7.95233402758472
"43876",2021-05-15,"56","21  day ahead inc hosp",2021-06-05,"quantile",0.65,8.87236979285276
"43877",2021-05-15,"56","21  day ahead inc hosp",2021-06-05,"quantile",0.7,9.92602582296771
"43878",2021-05-15,"56","21  day ahead inc hosp",2021-06-05,"quantile",0.75,11.1655202781103
"43879",2021-05-15,"56","21  day ahead inc hosp",2021-06-05,"quantile",0.8,12.6785690980396
"43880",2021-05-15,"56","21  day ahead inc hosp",2021-06-05,"quantile",0.85,14.6306787407289
"43881",2021-05-15,"56","21  day ahead inc hosp",2021-06-05,"quantile",0.9,17.3973285288753
"43882",2021-05-15,"56","21  day ahead inc hosp",2021-06-05,"quantile",0.95,22.1972289707437
"43883",2021-05-15,"56","21  day ahead inc hosp",2021-06-05,"quantile",0.975,27.1101758803958
"43884",2021-05-15,"56","21  day ahead inc hosp",2021-06-05,"quantile",0.99,33.8004959251691
"43885",2021-05-15,"56","22  day ahead inc hosp",2021-06-06,"quantile",0.01,0.296973570002295
"43886",2021-05-15,"56","22  day ahead inc hosp",2021-06-06,"quantile",0.025,0.571147591723031
"43887",2021-05-15,"56","22  day ahead inc hosp",2021-06-06,"quantile",0.05,0.930338036468821
"43888",2021-05-15,"56","22  day ahead inc hosp",2021-06-06,"quantile",0.1,1.5297717750966
"43889",2021-05-15,"56","22  day ahead inc hosp",2021-06-06,"quantile",0.15,2.07262227295627
"43890",2021-05-15,"56","22  day ahead inc hosp",2021-06-06,"quantile",0.2,2.59800782064158
"43891",2021-05-15,"56","22  day ahead inc hosp",2021-06-06,"quantile",0.25,3.12331813135005
"43892",2021-05-15,"56","22  day ahead inc hosp",2021-06-06,"quantile",0.3,3.6595506148626
"43893",2021-05-15,"56","22  day ahead inc hosp",2021-06-06,"quantile",0.35,4.21547833102577
"43894",2021-05-15,"56","22  day ahead inc hosp",2021-06-06,"quantile",0.4,4.79938745974732
"43895",2021-05-15,"56","22  day ahead inc hosp",2021-06-06,"quantile",0.45,5.4201172714333
"43896",2021-05-15,"56","22  day ahead inc hosp",2021-06-06,"quantile",0.5,6.08795676339175
"43897",2021-05-15,"56","22  day ahead inc hosp",2021-06-06,"quantile",0.55,6.81569012195027
"43898",2021-05-15,"56","22  day ahead inc hosp",2021-06-06,"quantile",0.6,7.62007856819251
"43899",2021-05-15,"56","22  day ahead inc hosp",2021-06-06,"quantile",0.65,8.52423027534357
"43900",2021-05-15,"56","22  day ahead inc hosp",2021-06-06,"quantile",0.7,9.56175181985077
"43901",2021-05-15,"56","22  day ahead inc hosp",2021-06-06,"quantile",0.75,10.7847090323142
"43902",2021-05-15,"56","22  day ahead inc hosp",2021-06-06,"quantile",0.8,12.2806588891226
"43903",2021-05-15,"56","22  day ahead inc hosp",2021-06-06,"quantile",0.85,14.2149782228943
"43904",2021-05-15,"56","22  day ahead inc hosp",2021-06-06,"quantile",0.9,16.9632682093739
"43905",2021-05-15,"56","22  day ahead inc hosp",2021-06-06,"quantile",0.95,21.7463916014206
"43906",2021-05-15,"56","22  day ahead inc hosp",2021-06-06,"quantile",0.975,26.6575006508243
"43907",2021-05-15,"56","22  day ahead inc hosp",2021-06-06,"quantile",0.99,33.3642895491371
"43908",2021-05-15,"56","23  day ahead inc hosp",2021-06-07,"quantile",0.01,0.345917052641684
"43909",2021-05-15,"56","23  day ahead inc hosp",2021-06-07,"quantile",0.025,0.655452653826264
"43910",2021-05-15,"56","23  day ahead inc hosp",2021-06-07,"quantile",0.05,1.05741139318468
"43911",2021-05-15,"56","23  day ahead inc hosp",2021-06-07,"quantile",0.1,1.72363470831303
"43912",2021-05-15,"56","23  day ahead inc hosp",2021-06-07,"quantile",0.15,2.32404825589877
"43913",2021-05-15,"56","23  day ahead inc hosp",2021-06-07,"quantile",0.2,2.90339660177326
"43914",2021-05-15,"56","23  day ahead inc hosp",2021-06-07,"quantile",0.25,3.48138062952403
"43915",2021-05-15,"56","23  day ahead inc hosp",2021-06-07,"quantile",0.3,4.07033821974638
"43916",2021-05-15,"56","23  day ahead inc hosp",2021-06-07,"quantile",0.35,4.68001742970935
"43917",2021-05-15,"56","23  day ahead inc hosp",2021-06-07,"quantile",0.4,5.31954949609452
"43918",2021-05-15,"56","23  day ahead inc hosp",2021-06-07,"quantile",0.45,5.99861449084216
"43919",2021-05-15,"56","23  day ahead inc hosp",2021-06-07,"quantile",0.5,6.72843152193619
"43920",2021-05-15,"56","23  day ahead inc hosp",2021-06-07,"quantile",0.55,7.52290075439874
"43921",2021-05-15,"56","23  day ahead inc hosp",2021-06-07,"quantile",0.6,8.40021278462466
"43922",2021-05-15,"56","23  day ahead inc hosp",2021-06-07,"quantile",0.65,9.38541576340669
"43923",2021-05-15,"56","23  day ahead inc hosp",2021-06-07,"quantile",0.7,10.5149069916979
"43924",2021-05-15,"56","23  day ahead inc hosp",2021-06-07,"quantile",0.75,11.8450408738772
"43925",2021-05-15,"56","23  day ahead inc hosp",2021-06-07,"quantile",0.8,13.4705380394656
"43926",2021-05-15,"56","23  day ahead inc hosp",2021-06-07,"quantile",0.85,15.5702210539123
"43927",2021-05-15,"56","23  day ahead inc hosp",2021-06-07,"quantile",0.9,18.5500213241365
"43928",2021-05-15,"56","23  day ahead inc hosp",2021-06-07,"quantile",0.95,23.7285112827571
"43929",2021-05-15,"56","23  day ahead inc hosp",2021-06-07,"quantile",0.975,29.0378984723915
"43930",2021-05-15,"56","23  day ahead inc hosp",2021-06-07,"quantile",0.99,36.2791234136945
"43931",2021-05-15,"56","24  day ahead inc hosp",2021-06-08,"quantile",0.01,0.335589769299075
"43932",2021-05-15,"56","24  day ahead inc hosp",2021-06-08,"quantile",0.025,0.643682019851404
"43933",2021-05-15,"56","24  day ahead inc hosp",2021-06-08,"quantile",0.05,1.04666665810517
"43934",2021-05-15,"56","24  day ahead inc hosp",2021-06-08,"quantile",0.1,1.71835611052716
"43935",2021-05-15,"56","24  day ahead inc hosp",2021-06-08,"quantile",0.15,2.32611104496811
"43936",2021-05-15,"56","24  day ahead inc hosp",2021-06-08,"quantile",0.2,2.91399461366005
"43937",2021-05-15,"56","24  day ahead inc hosp",2021-06-08,"quantile",0.25,3.50156039326598
"43938",2021-05-15,"56","24  day ahead inc hosp",2021-06-08,"quantile",0.3,4.10115224946025
"43939",2021-05-15,"56","24  day ahead inc hosp",2021-06-08,"quantile",0.35,4.72260019869215
"43940",2021-05-15,"56","24  day ahead inc hosp",2021-06-08,"quantile",0.4,5.37517490835028
"43941",2021-05-15,"56","24  day ahead inc hosp",2021-06-08,"quantile",0.45,6.06875479233095
"43942",2021-05-15,"56","24  day ahead inc hosp",2021-06-08,"quantile",0.5,6.81482955837269
"43943",2021-05-15,"56","24  day ahead inc hosp",2021-06-08,"quantile",0.55,7.62766804325607
"43944",2021-05-15,"56","24  day ahead inc hosp",2021-06-08,"quantile",0.6,8.52597180976049
"43945",2021-05-15,"56","24  day ahead inc hosp",2021-06-08,"quantile",0.65,9.53551851453113
"43946",2021-05-15,"56","24  day ahead inc hosp",2021-06-08,"quantile",0.7,10.6937914008715
"43947",2021-05-15,"56","24  day ahead inc hosp",2021-06-08,"quantile",0.75,12.0588559006507
"43948",2021-05-15,"56","24  day ahead inc hosp",2021-06-08,"quantile",0.8,13.728349409517
"43949",2021-05-15,"56","24  day ahead inc hosp",2021-06-08,"quantile",0.85,15.8866729462585
"43950",2021-05-15,"56","24  day ahead inc hosp",2021-06-08,"quantile",0.9,18.952596894703
"43951",2021-05-15,"56","24  day ahead inc hosp",2021-06-08,"quantile",0.95,24.287140669337
"43952",2021-05-15,"56","24  day ahead inc hosp",2021-06-08,"quantile",0.975,29.763013186223
"43953",2021-05-15,"56","24  day ahead inc hosp",2021-06-08,"quantile",0.99,37.2393192439253
"43954",2021-05-15,"56","25  day ahead inc hosp",2021-06-09,"quantile",0.01,0.316622495093058
"43955",2021-05-15,"56","25  day ahead inc hosp",2021-06-09,"quantile",0.025,0.617390894257271
"43956",2021-05-15,"56","25  day ahead inc hosp",2021-06-09,"quantile",0.05,1.01464160459115
"43957",2021-05-15,"56","25  day ahead inc hosp",2021-06-09,"quantile",0.1,1.68178302469308
"43958",2021-05-15,"56","25  day ahead inc hosp",2021-06-09,"quantile",0.15,2.28864071580032
"43959",2021-05-15,"56","25  day ahead inc hosp",2021-06-09,"quantile",0.2,2.87759255590326
"43960",2021-05-15,"56","25  day ahead inc hosp",2021-06-09,"quantile",0.25,3.46765022210664
"43961",2021-05-15,"56","25  day ahead inc hosp",2021-06-09,"quantile",0.3,4.07094827921706
"43962",2021-05-15,"56","25  day ahead inc hosp",2021-06-09,"quantile",0.35,4.6972541344789
"43963",2021-05-15,"56","25  day ahead inc hosp",2021-06-09,"quantile",0.4,5.35586340471671
"43964",2021-05-15,"56","25  day ahead inc hosp",2021-06-09,"quantile",0.45,6.05674849634557
"43965",2021-05-15,"56","25  day ahead inc hosp",2021-06-09,"quantile",0.5,6.81156257168654
"43966",2021-05-15,"56","25  day ahead inc hosp",2021-06-09,"quantile",0.55,7.63482177358853
"43967",2021-05-15,"56","25  day ahead inc hosp",2021-06-09,"quantile",0.6,8.54558958384039
"43968",2021-05-15,"56","25  day ahead inc hosp",2021-06-09,"quantile",0.65,9.57017689768282
"43969",2021-05-15,"56","25  day ahead inc hosp",2021-06-09,"quantile",0.7,10.7468767711675
"43970",2021-05-15,"56","25  day ahead inc hosp",2021-06-09,"quantile",0.75,12.1350486479627
"43971",2021-05-15,"56","25  day ahead inc hosp",2021-06-09,"quantile",0.8,13.8345604842947
"43972",2021-05-15,"56","25  day ahead inc hosp",2021-06-09,"quantile",0.85,16.0341225098083
"43973",2021-05-15,"56","25  day ahead inc hosp",2021-06-09,"quantile",0.9,19.1625276586454
"43974",2021-05-15,"56","25  day ahead inc hosp",2021-06-09,"quantile",0.95,24.6143693488192
"43975",2021-05-15,"56","25  day ahead inc hosp",2021-06-09,"quantile",0.975,30.2193766527784
"43976",2021-05-15,"56","25  day ahead inc hosp",2021-06-09,"quantile",0.99,37.8827909489603
"43977",2021-05-15,"56","26  day ahead inc hosp",2021-06-10,"quantile",0.01,0.260199727055642
"43978",2021-05-15,"56","26  day ahead inc hosp",2021-06-10,"quantile",0.025,0.52739106598476
"43979",2021-05-15,"56","26  day ahead inc hosp",2021-06-10,"quantile",0.05,0.888390734047013
"43980",2021-05-15,"56","26  day ahead inc hosp",2021-06-10,"quantile",0.1,1.50530587010212
"43981",2021-05-15,"56","26  day ahead inc hosp",2021-06-10,"quantile",0.15,2.07336188599187
"43982",2021-05-15,"56","26  day ahead inc hosp",2021-06-10,"quantile",0.2,2.62881895533973
"43983",2021-05-15,"56","26  day ahead inc hosp",2021-06-10,"quantile",0.25,3.1883897995316
"43984",2021-05-15,"56","26  day ahead inc hosp",2021-06-10,"quantile",0.3,3.76303122511945
"43985",2021-05-15,"56","26  day ahead inc hosp",2021-06-10,"quantile",0.35,4.36178912328201
"43986",2021-05-15,"56","26  day ahead inc hosp",2021-06-10,"quantile",0.4,4.99345422604435
"43987",2021-05-15,"56","26  day ahead inc hosp",2021-06-10,"quantile",0.45,5.6676023644873
"43988",2021-05-15,"56","26  day ahead inc hosp",2021-06-10,"quantile",0.5,6.39553933311187
"43989",2021-05-15,"56","26  day ahead inc hosp",2021-06-10,"quantile",0.55,7.19144340217959
"43990",2021-05-15,"56","26  day ahead inc hosp",2021-06-10,"quantile",0.6,8.07401522540445
"43991",2021-05-15,"56","26  day ahead inc hosp",2021-06-10,"quantile",0.65,9.06913869706377
"43992",2021-05-15,"56","26  day ahead inc hosp",2021-06-10,"quantile",0.7,10.2145595974691
"43993",2021-05-15,"56","26  day ahead inc hosp",2021-06-10,"quantile",0.75,11.5688746856346
"43994",2021-05-15,"56","26  day ahead inc hosp",2021-06-10,"quantile",0.8,13.2307880385951
"43995",2021-05-15,"56","26  day ahead inc hosp",2021-06-10,"quantile",0.85,15.3870224676919
"43996",2021-05-15,"56","26  day ahead inc hosp",2021-06-10,"quantile",0.9,18.4623763693891
"43997",2021-05-15,"56","26  day ahead inc hosp",2021-06-10,"quantile",0.95,23.8406632063256
"43998",2021-05-15,"56","26  day ahead inc hosp",2021-06-10,"quantile",0.975,29.3892978810912
"43999",2021-05-15,"56","26  day ahead inc hosp",2021-06-10,"quantile",0.99,36.9994888266338
"44000",2021-05-15,"56","27  day ahead inc hosp",2021-06-11,"quantile",0.01,0.252022017526825
"44001",2021-05-15,"56","27  day ahead inc hosp",2021-06-11,"quantile",0.025,0.517510289483639
"44002",2021-05-15,"56","27  day ahead inc hosp",2021-06-11,"quantile",0.05,0.878938402868565
"44003",2021-05-15,"56","27  day ahead inc hosp",2021-06-11,"quantile",0.1,1.50016182058734
"44004",2021-05-15,"56","27  day ahead inc hosp",2021-06-11,"quantile",0.15,2.0744855439307
"44005",2021-05-15,"56","27  day ahead inc hosp",2021-06-11,"quantile",0.2,2.63745753172988
"44006",2021-05-15,"56","27  day ahead inc hosp",2021-06-11,"quantile",0.25,3.20562004488011
"44007",2021-05-15,"56","27  day ahead inc hosp",2021-06-11,"quantile",0.3,3.78991965878596
"44008",2021-05-15,"56","27  day ahead inc hosp",2021-06-11,"quantile",0.35,4.39947174282215
"44009",2021-05-15,"56","27  day ahead inc hosp",2021-06-11,"quantile",0.4,5.04319580578247
"44010",2021-05-15,"56","27  day ahead inc hosp",2021-06-11,"quantile",0.45,5.73085598763012
"44011",2021-05-15,"56","27  day ahead inc hosp",2021-06-11,"quantile",0.5,6.47401835504937
"44012",2021-05-15,"56","27  day ahead inc hosp",2021-06-11,"quantile",0.55,7.28721835296208
"44013",2021-05-15,"56","27  day ahead inc hosp",2021-06-11,"quantile",0.6,8.18965389135165
"44014",2021-05-15,"56","27  day ahead inc hosp",2021-06-11,"quantile",0.65,9.20792096995753
"44015",2021-05-15,"56","27  day ahead inc hosp",2021-06-11,"quantile",0.7,10.3808278497732
"44016",2021-05-15,"56","27  day ahead inc hosp",2021-06-11,"quantile",0.75,11.7686485698137
"44017",2021-05-15,"56","27  day ahead inc hosp",2021-06-11,"quantile",0.8,13.4729515501586
"44018",2021-05-15,"56","27  day ahead inc hosp",2021-06-11,"quantile",0.85,15.6859478558262
"44019",2021-05-15,"56","27  day ahead inc hosp",2021-06-11,"quantile",0.9,18.8450937633162
"44020",2021-05-15,"56","27  day ahead inc hosp",2021-06-11,"quantile",0.95,24.3761676725504
"44021",2021-05-15,"56","27  day ahead inc hosp",2021-06-11,"quantile",0.975,30.0887899633283
"44022",2021-05-15,"56","27  day ahead inc hosp",2021-06-11,"quantile",0.99,37.9317756354298
"44023",2021-05-15,"56","28  day ahead inc hosp",2021-06-12,"quantile",0.01,0.212990330320819
"44024",2021-05-15,"56","28  day ahead inc hosp",2021-06-12,"quantile",0.025,0.453481155289529
"44025",2021-05-15,"56","28  day ahead inc hosp",2021-06-12,"quantile",0.05,0.787805513260614
"44026",2021-05-15,"56","28  day ahead inc hosp",2021-06-12,"quantile",0.1,1.37160751389965
"44027",2021-05-15,"56","28  day ahead inc hosp",2021-06-12,"quantile",0.15,1.91726649399558
"44028",2021-05-15,"56","28  day ahead inc hosp",2021-06-12,"quantile",0.2,2.45572986677907
"44029",2021-05-15,"56","28  day ahead inc hosp",2021-06-12,"quantile",0.25,3.00180955715039
"44030",2021-05-15,"56","28  day ahead inc hosp",2021-06-12,"quantile",0.3,3.56557278246422
"44031",2021-05-15,"56","28  day ahead inc hosp",2021-06-12,"quantile",0.35,4.15560616470912
"44032",2021-05-15,"56","28  day ahead inc hosp",2021-06-12,"quantile",0.4,4.78047110749798
"44033",2021-05-15,"56","28  day ahead inc hosp",2021-06-12,"quantile",0.45,5.44966413258863
"44034",2021-05-15,"56","28  day ahead inc hosp",2021-06-12,"quantile",0.5,6.17453233452391
"44035",2021-05-15,"56","28  day ahead inc hosp",2021-06-12,"quantile",0.55,6.96941542063761
"44036",2021-05-15,"56","28  day ahead inc hosp",2021-06-12,"quantile",0.6,7.85332035687387
"44037",2021-05-15,"56","28  day ahead inc hosp",2021-06-12,"quantile",0.65,8.8526403704953
"44038",2021-05-15,"56","28  day ahead inc hosp",2021-06-12,"quantile",0.7,10.0059503336262
"44039",2021-05-15,"56","28  day ahead inc hosp",2021-06-12,"quantile",0.75,11.3732346593181
"44040",2021-05-15,"56","28  day ahead inc hosp",2021-06-12,"quantile",0.8,13.0556762824502
"44041",2021-05-15,"56","28  day ahead inc hosp",2021-06-12,"quantile",0.85,15.2449407385323
"44042",2021-05-15,"56","28  day ahead inc hosp",2021-06-12,"quantile",0.9,18.3776986494198
"44043",2021-05-15,"56","28  day ahead inc hosp",2021-06-12,"quantile",0.95,23.8791096981087
"44044",2021-05-15,"56","28  day ahead inc hosp",2021-06-12,"quantile",0.975,29.5779561652615
"44045",2021-05-15,"56","28  day ahead inc hosp",2021-06-12,"quantile",0.99,37.4229433449013
"44046",2021-05-15,"56","29  day ahead inc hosp",2021-06-13,"quantile",0.01,0.209486292887513
"44047",2021-05-15,"56","29  day ahead inc hosp",2021-06-13,"quantile",0.025,0.456423657800524
"44048",2021-05-15,"56","29  day ahead inc hosp",2021-06-13,"quantile",0.05,0.804283076305915
"44049",2021-05-15,"56","29  day ahead inc hosp",2021-06-13,"quantile",0.1,1.41776935116124
"44050",2021-05-15,"56","29  day ahead inc hosp",2021-06-13,"quantile",0.15,1.99508135645944
"44051",2021-05-15,"56","29  day ahead inc hosp",2021-06-13,"quantile",0.2,2.56714307105419
"44052",2021-05-15,"56","29  day ahead inc hosp",2021-06-13,"quantile",0.25,3.14904118320956
"44053",2021-05-15,"56","29  day ahead inc hosp",2021-06-13,"quantile",0.3,3.75121280505761
"44054",2021-05-15,"56","29  day ahead inc hosp",2021-06-13,"quantile",0.35,4.38269780159997
"44055",2021-05-15,"56","29  day ahead inc hosp",2021-06-13,"quantile",0.4,5.05261526542131
"44056",2021-05-15,"56","29  day ahead inc hosp",2021-06-13,"quantile",0.45,5.77116167991916
"44057",2021-05-15,"56","29  day ahead inc hosp",2021-06-13,"quantile",0.5,6.55058396897776
"44058",2021-05-15,"56","29  day ahead inc hosp",2021-06-13,"quantile",0.55,7.4064101332283
"44059",2021-05-15,"56","29  day ahead inc hosp",2021-06-13,"quantile",0.6,8.35926561326141
"44060",2021-05-15,"56","29  day ahead inc hosp",2021-06-13,"quantile",0.65,9.43783077502803
"44061",2021-05-15,"56","29  day ahead inc hosp",2021-06-13,"quantile",0.7,10.6840635684068
"44062",2021-05-15,"56","29  day ahead inc hosp",2021-06-13,"quantile",0.75,12.1632563938311
"44063",2021-05-15,"56","29  day ahead inc hosp",2021-06-13,"quantile",0.8,13.9856127404967
"44064",2021-05-15,"56","29  day ahead inc hosp",2021-06-13,"quantile",0.85,16.3600060061566
"44065",2021-05-15,"56","29  day ahead inc hosp",2021-06-13,"quantile",0.9,19.7626116110654
"44066",2021-05-15,"56","29  day ahead inc hosp",2021-06-13,"quantile",0.95,25.7488020704609
"44067",2021-05-15,"56","29  day ahead inc hosp",2021-06-13,"quantile",0.975,31.9609412835825
"44068",2021-05-15,"56","29  day ahead inc hosp",2021-06-13,"quantile",0.99,40.526313079503
"44069",2021-05-15,"56","30  day ahead inc hosp",2021-06-14,"quantile",0.01,0.194899379191966
"44070",2021-05-15,"56","30  day ahead inc hosp",2021-06-14,"quantile",0.025,0.434674880164724
"44071",2021-05-15,"56","30  day ahead inc hosp",2021-06-14,"quantile",0.05,0.776975326282322
"44072",2021-05-15,"56","30  day ahead inc hosp",2021-06-14,"quantile",0.1,1.38666651577556
"44073",2021-05-15,"56","30  day ahead inc hosp",2021-06-14,"quantile",0.15,1.96429268527086
"44074",2021-05-15,"56","30  day ahead inc hosp",2021-06-14,"quantile",0.2,2.53901653174714
"44075",2021-05-15,"56","30  day ahead inc hosp",2021-06-14,"quantile",0.25,3.12535979656112
"44076",2021-05-15,"56","30  day ahead inc hosp",2021-06-14,"quantile",0.3,3.73355614078966
"44077",2021-05-15,"56","30  day ahead inc hosp",2021-06-14,"quantile",0.35,4.37260855629494
"44078",2021-05-15,"56","30  day ahead inc hosp",2021-06-14,"quantile",0.4,5.05170470080841
"44079",2021-05-15,"56","30  day ahead inc hosp",2021-06-14,"quantile",0.45,5.78119834221101
"44080",2021-05-15,"56","30  day ahead inc hosp",2021-06-14,"quantile",0.5,6.57358784943706
"44081",2021-05-15,"56","30  day ahead inc hosp",2021-06-14,"quantile",0.55,7.44477028421292
"44082",2021-05-15,"56","30  day ahead inc hosp",2021-06-14,"quantile",0.6,8.41590393383911
"44083",2021-05-15,"56","30  day ahead inc hosp",2021-06-14,"quantile",0.65,9.51644915097686
"44084",2021-05-15,"56","30  day ahead inc hosp",2021-06-14,"quantile",0.7,10.7895447335499
"44085",2021-05-15,"56","30  day ahead inc hosp",2021-06-14,"quantile",0.75,12.3023674513119
"44086",2021-05-15,"56","30  day ahead inc hosp",2021-06-14,"quantile",0.8,14.1683679221283
"44087",2021-05-15,"56","30  day ahead inc hosp",2021-06-14,"quantile",0.85,16.602694567246
"44088",2021-05-15,"56","30  day ahead inc hosp",2021-06-14,"quantile",0.9,20.0961290035704
"44089",2021-05-15,"56","30  day ahead inc hosp",2021-06-14,"quantile",0.95,26.2530390884492
"44090",2021-05-15,"56","30  day ahead inc hosp",2021-06-14,"quantile",0.975,32.6534854755199
"44091",2021-05-15,"56","30  day ahead inc hosp",2021-06-14,"quantile",0.99,41.4923293206528
"44092",2021-05-15,"56","31  day ahead inc hosp",2021-06-15,"quantile",0.01,0.180915047177117
"44093",2021-05-15,"56","31  day ahead inc hosp",2021-06-15,"quantile",0.025,0.413029371887471
"44094",2021-05-15,"56","31  day ahead inc hosp",2021-06-15,"quantile",0.05,0.74881398611081
"44095",2021-05-15,"56","31  day ahead inc hosp",2021-06-15,"quantile",0.1,1.35277982181923
"44096",2021-05-15,"56","31  day ahead inc hosp",2021-06-15,"quantile",0.15,1.92878721790452
"44097",2021-05-15,"56","31  day ahead inc hosp",2021-06-15,"quantile",0.2,2.50420451969878
"44098",2021-05-15,"56","31  day ahead inc hosp",2021-06-15,"quantile",0.25,3.09295907404392
"44099",2021-05-15,"56","31  day ahead inc hosp",2021-06-15,"quantile",0.3,3.70505465231445
"44100",2021-05-15,"56","31  day ahead inc hosp",2021-06-15,"quantile",0.35,4.34943081164055
"44101",2021-05-15,"56","31  day ahead inc hosp",2021-06-15,"quantile",0.4,5.03531457861701
"44102",2021-05-15,"56","31  day ahead inc hosp",2021-06-15,"quantile",0.45,5.77318273611984
"44103",2021-05-15,"56","31  day ahead inc hosp",2021-06-15,"quantile",0.5,6.57574281668209
"44104",2021-05-15,"56","31  day ahead inc hosp",2021-06-15,"quantile",0.55,7.45920654728827
"44105",2021-05-15,"56","31  day ahead inc hosp",2021-06-15,"quantile",0.6,8.44519225442335
"44106",2021-05-15,"56","31  day ahead inc hosp",2021-06-15,"quantile",0.65,9.56383865790193
"44107",2021-05-15,"56","31  day ahead inc hosp",2021-06-15,"quantile",0.7,10.8593165223866
"44108",2021-05-15,"56","31  day ahead inc hosp",2021-06-15,"quantile",0.75,12.4004552866614
"44109",2021-05-15,"56","31  day ahead inc hosp",2021-06-15,"quantile",0.8,14.3035619402129
"44110",2021-05-15,"56","31  day ahead inc hosp",2021-06-15,"quantile",0.85,16.7893204252629
"44111",2021-05-15,"56","31  day ahead inc hosp",2021-06-15,"quantile",0.9,20.3614364462623
"44112",2021-05-15,"56","31  day ahead inc hosp",2021-06-15,"quantile",0.95,26.6677975607883
"44113",2021-05-15,"56","31  day ahead inc hosp",2021-06-15,"quantile",0.975,33.2346079672768
"44114",2021-05-15,"56","31  day ahead inc hosp",2021-06-15,"quantile",0.99,42.3168578328156
"44115",2021-05-15,"56","32  day ahead inc hosp",2021-06-16,"quantile",0.01,0.167827420096003
"44116",2021-05-15,"56","32  day ahead inc hosp",2021-06-16,"quantile",0.025,0.392372974110502
"44117",2021-05-15,"56","32  day ahead inc hosp",2021-06-16,"quantile",0.05,0.721591245663798
"44118",2021-05-15,"56","32  day ahead inc hosp",2021-06-16,"quantile",0.1,1.31959212102024
"44119",2021-05-15,"56","32  day ahead inc hosp",2021-06-16,"quantile",0.15,1.89369693726125
"44120",2021-05-15,"56","32  day ahead inc hosp",2021-06-16,"quantile",0.2,2.46950782904107
"44121",2021-05-15,"56","32  day ahead inc hosp",2021-06-16,"quantile",0.25,3.06036274090831
"44122",2021-05-15,"56","32  day ahead inc hosp",2021-06-16,"quantile",0.3,3.67603576658654
"44123",2021-05-15,"56","32  day ahead inc hosp",2021-06-16,"quantile",0.35,4.32540162247363
"44124",2021-05-15,"56","32  day ahead inc hosp",2021-06-16,"quantile",0.4,5.01772444571382
"44125",2021-05-15,"56","32  day ahead inc hosp",2021-06-16,"quantile",0.45,5.76360107031557
"44126",2021-05-15,"56","32  day ahead inc hosp",2021-06-16,"quantile",0.5,6.5759444278209
"44127",2021-05-15,"56","32  day ahead inc hosp",2021-06-16,"quantile",0.55,7.47127608431693
"44128",2021-05-15,"56","32  day ahead inc hosp",2021-06-16,"quantile",0.6,8.47166806070641
"44129",2021-05-15,"56","32  day ahead inc hosp",2021-06-16,"quantile",0.65,9.60792880968829
"44130",2021-05-15,"56","32  day ahead inc hosp",2021-06-16,"quantile",0.7,10.9252487892208
"44131",2021-05-15,"56","32  day ahead inc hosp",2021-06-16,"quantile",0.75,12.4940916618921
"44132",2021-05-15,"56","32  day ahead inc hosp",2021-06-16,"quantile",0.8,14.4335909294161
"44133",2021-05-15,"56","32  day ahead inc hosp",2021-06-16,"quantile",0.85,16.9699123035466
"44134",2021-05-15,"56","32  day ahead inc hosp",2021-06-16,"quantile",0.9,20.6195710944392
"44135",2021-05-15,"56","32  day ahead inc hosp",2021-06-16,"quantile",0.95,27.0736377517794
"44136",2021-05-15,"56","32  day ahead inc hosp",2021-06-16,"quantile",0.975,33.8052881269842
"44137",2021-05-15,"56","32  day ahead inc hosp",2021-06-16,"quantile",0.99,43.1292295459399
"44138",2021-05-15,"56","33  day ahead inc hosp",2021-06-17,"quantile",0.01,0.155609713240071
"44139",2021-05-15,"56","33  day ahead inc hosp",2021-06-17,"quantile",0.025,0.372735827453715
"44140",2021-05-15,"56","33  day ahead inc hosp",2021-06-17,"quantile",0.05,0.695426450133757
"44141",2021-05-15,"56","33  day ahead inc hosp",2021-06-17,"quantile",0.1,1.28738889868526
"44142",2021-05-15,"56","33  day ahead inc hosp",2021-06-17,"quantile",0.15,1.85946840807174
"44143",2021-05-15,"56","33  day ahead inc hosp",2021-06-17,"quantile",0.2,2.43553520546401
"44144",2021-05-15,"56","33  day ahead inc hosp",2021-06-17,"quantile",0.25,3.02834630562234
"44145",2021-05-15,"56","33  day ahead inc hosp",2021-06-17,"quantile",0.3,3.64744898705503
"44146",2021-05-15,"56","33  day ahead inc hosp",2021-06-17,"quantile",0.35,4.30165417808366
"44147",2021-05-15,"56","33  day ahead inc hosp",2021-06-17,"quantile",0.4,5.00026346544042
"44148",2021-05-15,"56","33  day ahead inc hosp",2021-06-17,"quantile",0.45,5.75399376088569
"44149",2021-05-15,"56","33  day ahead inc hosp",2021-06-17,"quantile",0.5,6.57596328755045
"44150",2021-05-15,"56","33  day ahead inc hosp",2021-06-17,"quantile",0.55,7.48300331302147
"44151",2021-05-15,"56","33  day ahead inc hosp",2021-06-17,"quantile",0.6,8.49763947876759
"44152",2021-05-15,"56","33  day ahead inc hosp",2021-06-17,"quantile",0.65,9.6513500953245
"44153",2021-05-15,"56","33  day ahead inc hosp",2021-06-17,"quantile",0.7,10.9903458947655
"44154",2021-05-15,"56","33  day ahead inc hosp",2021-06-17,"quantile",0.75,12.5867263685007
"44155",2021-05-15,"56","33  day ahead inc hosp",2021-06-17,"quantile",0.8,14.5624555806133
"44156",2021-05-15,"56","33  day ahead inc hosp",2021-06-17,"quantile",0.85,17.1491916554035
"44157",2021-05-15,"56","33  day ahead inc hosp",2021-06-17,"quantile",0.9,20.8762921427032
"44158",2021-05-15,"56","33  day ahead inc hosp",2021-06-17,"quantile",0.95,27.4781554702153
"44159",2021-05-15,"56","33  day ahead inc hosp",2021-06-17,"quantile",0.975,34.3750390648297
"44160",2021-05-15,"56","33  day ahead inc hosp",2021-06-17,"quantile",0.99,43.9416156018837
"44161",2021-05-15,"56","34  day ahead inc hosp",2021-06-18,"quantile",0.01,0.144207605667869
"44162",2021-05-15,"56","34  day ahead inc hosp",2021-06-18,"quantile",0.025,0.354069719602064
"44163",2021-05-15,"56","34  day ahead inc hosp",2021-06-18,"quantile",0.05,0.670283416552705
"44164",2021-05-15,"56","34  day ahead inc hosp",2021-06-18,"quantile",0.1,1.25615662481924
"44165",2021-05-15,"56","34  day ahead inc hosp",2021-06-18,"quantile",0.15,1.82610938569765
"44166",2021-05-15,"56","34  day ahead inc hosp",2021-06-18,"quantile",0.2,2.40231517725857
"44167",2021-05-15,"56","34  day ahead inc hosp",2021-06-18,"quantile",0.25,2.99695908626079
"44168",2021-05-15,"56","34  day ahead inc hosp",2021-06-18,"quantile",0.3,3.61936481721209
"44169",2021-05-15,"56","34  day ahead inc hosp",2021-06-18,"quantile",0.35,4.2782808831148
"44170",2021-05-15,"56","34  day ahead inc hosp",2021-06-18,"quantile",0.4,4.98304696953366
"44171",2021-05-15,"56","34  day ahead inc hosp",2021-06-18,"quantile",0.45,5.74450042671473
"44172",2021-05-15,"56","34  day ahead inc hosp",2021-06-18,"quantile",0.5,6.5759650517652
"44173",2021-05-15,"56","34  day ahead inc hosp",2021-06-18,"quantile",0.55,7.49458216023436
"44174",2021-05-15,"56","34  day ahead inc hosp",2021-06-18,"quantile",0.6,8.52333157406887
"44175",2021-05-15,"56","34  day ahead inc hosp",2021-06-18,"quantile",0.65,9.69436245908341
"44176",2021-05-15,"56","34  day ahead inc hosp",2021-06-18,"quantile",0.7,11.0549076696006
"44177",2021-05-15,"56","34  day ahead inc hosp",2021-06-18,"quantile",0.75,12.6787060923599
"44178",2021-05-15,"56","34  day ahead inc hosp",2021-06-18,"quantile",0.8,14.6905596999619
"44179",2021-05-15,"56","34  day ahead inc hosp",2021-06-18,"quantile",0.85,17.3276358938915
"44180",2021-05-15,"56","34  day ahead inc hosp",2021-06-18,"quantile",0.9,21.1321812209944
"44181",2021-05-15,"56","34  day ahead inc hosp",2021-06-18,"quantile",0.95,27.8821130620895
"44182",2021-05-15,"56","34  day ahead inc hosp",2021-06-18,"quantile",0.975,34.9448081868644
"44183",2021-05-15,"56","34  day ahead inc hosp",2021-06-18,"quantile",0.99,44.7552158001601
"44184",2021-05-15,"56","35  day ahead inc hosp",2021-06-19,"quantile",0.01,0.133568007196627
"44185",2021-05-15,"56","35  day ahead inc hosp",2021-06-19,"quantile",0.025,0.336322649254274
"44186",2021-05-15,"56","35  day ahead inc hosp",2021-06-19,"quantile",0.05,0.646114624198153
"44187",2021-05-15,"56","35  day ahead inc hosp",2021-06-19,"quantile",0.1,1.22585651966783
"44188",2021-05-15,"56","35  day ahead inc hosp",2021-06-19,"quantile",0.15,1.79358890191467
"44189",2021-05-15,"56","35  day ahead inc hosp",2021-06-19,"quantile",0.2,2.36982396607271
"44190",2021-05-15,"56","35  day ahead inc hosp",2021-06-19,"quantile",0.25,2.96618410518878
"44191",2021-05-15,"56","35  day ahead inc hosp",2021-06-19,"quantile",0.3,3.59177284587333
"44192",2021-05-15,"56","35  day ahead inc hosp",2021-06-19,"quantile",0.35,4.25527777097357
"44193",2021-05-15,"56","35  day ahead inc hosp",2021-06-19,"quantile",0.4,4.96607740435584
"44194",2021-05-15,"56","35  day ahead inc hosp",2021-06-19,"quantile",0.45,5.73512997562868
"44195",2021-05-15,"56","35  day ahead inc hosp",2021-06-19,"quantile",0.5,6.57596521679675
"44196",2021-05-15,"56","35  day ahead inc hosp",2021-06-19,"quantile",0.55,7.50603492219693
"44197",2021-05-15,"56","35  day ahead inc hosp",2021-06-19,"quantile",0.6,8.54877375270099
"44198",2021-05-15,"56","35  day ahead inc hosp",2021-06-19,"quantile",0.65,9.73700285107931
"44199",2021-05-15,"56","35  day ahead inc hosp",2021-06-19,"quantile",0.7,11.1189792105401
"44200",2021-05-15,"56","35  day ahead inc hosp",2021-06-19,"quantile",0.75,12.7700849262431
"44201",2021-05-15,"56","35  day ahead inc hosp",2021-06-19,"quantile",0.8,14.8179676196679
"44202",2021-05-15,"56","35  day ahead inc hosp",2021-06-19,"quantile",0.85,17.5053215423632
"44203",2021-05-15,"56","35  day ahead inc hosp",2021-06-19,"quantile",0.9,21.3873305156497
"44204",2021-05-15,"56","35  day ahead inc hosp",2021-06-19,"quantile",0.95,28.2856264228481
"44205",2021-05-15,"56","35  day ahead inc hosp",2021-06-19,"quantile",0.975,35.5147322598591
"44206",2021-05-15,"56","35  day ahead inc hosp",2021-06-19,"quantile",0.99,45.5701913349932
"44207",2021-05-15,"56","36  day ahead inc hosp",2021-06-20,"quantile",0.01,0.123539711156491
"44208",2021-05-15,"56","36  day ahead inc hosp",2021-06-20,"quantile",0.025,0.319238211128269
"44209",2021-05-15,"56","36  day ahead inc hosp",2021-06-20,"quantile",0.05,0.622532386637693
"44210",2021-05-15,"56","36  day ahead inc hosp",2021-06-20,"quantile",0.1,1.19589186275428
"44211",2021-05-15,"56","36  day ahead inc hosp",2021-06-20,"quantile",0.15,1.76112850533393
"44212",2021-05-15,"56","36  day ahead inc hosp",2021-06-20,"quantile",0.2,2.33711240189748
"44213",2021-05-15,"56","36  day ahead inc hosp",2021-06-20,"quantile",0.25,2.93490563322997
"44214",2021-05-15,"56","36  day ahead inc hosp",2021-06-20,"quantile",0.3,3.56339092452238
"44215",2021-05-15,"56","36  day ahead inc hosp",2021-06-20,"quantile",0.35,4.23119348048224
"44216",2021-05-15,"56","36  day ahead inc hosp",2021-06-20,"quantile",0.4,4.9477288665987
"44217",2021-05-15,"56","36  day ahead inc hosp",2021-06-20,"quantile",0.45,5.72407412333387
"44218",2021-05-15,"56","36  day ahead inc hosp",2021-06-20,"quantile",0.5,6.5739625209476
"44219",2021-05-15,"56","36  day ahead inc hosp",2021-06-20,"quantile",0.55,7.51515347621331
"44220",2021-05-15,"56","36  day ahead inc hosp",2021-06-20,"quantile",0.6,8.57153296198207
"44221",2021-05-15,"56","36  day ahead inc hosp",2021-06-20,"quantile",0.65,9.77658956968224
"44222",2021-05-15,"56","36  day ahead inc hosp",2021-06-20,"quantile",0.7,11.1795983613773
"44223",2021-05-15,"56","36  day ahead inc hosp",2021-06-20,"quantile",0.75,12.8575760889167
"44224",2021-05-15,"56","36  day ahead inc hosp",2021-06-20,"quantile",0.8,14.9410032178454
"44225",2021-05-15,"56","36  day ahead inc hosp",2021-06-20,"quantile",0.85,17.6780800911526
"44226",2021-05-15,"56","36  day ahead inc hosp",2021-06-20,"quantile",0.9,21.6368902530448
"44227",2021-05-15,"56","36  day ahead inc hosp",2021-06-20,"quantile",0.95,28.6827020537636
"44228",2021-05-15,"56","36  day ahead inc hosp",2021-06-20,"quantile",0.975,36.0776878957446
"44229",2021-05-15,"56","36  day ahead inc hosp",2021-06-20,"quantile",0.99,46.377933080218
"44230",2021-05-15,"56","37  day ahead inc hosp",2021-06-21,"quantile",0.01,0.114285753067971
"44231",2021-05-15,"56","37  day ahead inc hosp",2021-06-21,"quantile",0.025,0.30319259929215
"44232",2021-05-15,"56","37  day ahead inc hosp",2021-06-21,"quantile",0.05,0.600186706765443
"44233",2021-05-15,"56","37  day ahead inc hosp",2021-06-21,"quantile",0.1,1.16735168864572
"44234",2021-05-15,"56","37  day ahead inc hosp",2021-06-21,"quantile",0.15,1.73019850941885
"44235",2021-05-15,"56","37  day ahead inc hosp",2021-06-21,"quantile",0.2,2.30600792518958
"44236",2021-05-15,"56","37  day ahead inc hosp",2021-06-21,"quantile",0.25,2.90529845939512
"44237",2021-05-15,"56","37  day ahead inc hosp",2021-06-21,"quantile",0.3,3.53673986066784
"44238",2021-05-15,"56","37  day ahead inc hosp",2021-06-21,"quantile",0.35,4.20889964164824
"44239",2021-05-15,"56","37  day ahead inc hosp",2021-06-21,"quantile",0.4,4.93123387145968
"44240",2021-05-15,"56","37  day ahead inc hosp",2021-06-21,"quantile",0.45,5.71494148810743
"44241",2021-05-15,"56","37  day ahead inc hosp",2021-06-21,"quantile",0.5,6.57396252239137
"44242",2021-05-15,"56","37  day ahead inc hosp",2021-06-21,"quantile",0.55,7.52636781250575
"44243",2021-05-15,"56","37  day ahead inc hosp",2021-06-21,"quantile",0.6,8.59649955040903
"44244",2021-05-15,"56","37  day ahead inc hosp",2021-06-21,"quantile",0.65,9.81852059466933
"44245",2021-05-15,"56","37  day ahead inc hosp",2021-06-21,"quantile",0.7,11.2427342061311
"44246",2021-05-15,"56","37  day ahead inc hosp",2021-06-21,"quantile",0.75,12.9478079642634
"44247",2021-05-15,"56","37  day ahead inc hosp",2021-06-21,"quantile",0.8,15.0670833857856
"44248",2021-05-15,"56","37  day ahead inc hosp",2021-06-21,"quantile",0.85,17.8543225450569
"44249",2021-05-15,"56","37  day ahead inc hosp",2021-06-21,"quantile",0.9,21.8906419358416
"44250",2021-05-15,"56","37  day ahead inc hosp",2021-06-21,"quantile",0.95,29.0854115011261
"44251",2021-05-15,"56","37  day ahead inc hosp",2021-06-21,"quantile",0.975,36.6479981189826
"44252",2021-05-15,"56","37  day ahead inc hosp",2021-06-21,"quantile",0.99,47.1957114097315
"44253",2021-05-15,"72","1  day ahead inc hosp",2021-05-16,"quantile",0.01,0.550411149911314
"44254",2021-05-15,"72","1  day ahead inc hosp",2021-05-16,"quantile",0.025,1.53375039760646
"44255",2021-05-15,"72","1  day ahead inc hosp",2021-05-16,"quantile",0.05,3.12126952720919
"44256",2021-05-15,"72","1  day ahead inc hosp",2021-05-16,"quantile",0.1,6.20967323248033
"44257",2021-05-15,"72","1  day ahead inc hosp",2021-05-16,"quantile",0.15,9.31165862258975
"44258",2021-05-15,"72","1  day ahead inc hosp",2021-05-16,"quantile",0.2,12.5077316933427
"44259",2021-05-15,"72","1  day ahead inc hosp",2021-05-16,"quantile",0.25,15.8509939331738
"44260",2021-05-15,"72","1  day ahead inc hosp",2021-05-16,"quantile",0.3,19.3875210013821
"44261",2021-05-15,"72","1  day ahead inc hosp",2021-05-16,"quantile",0.35,23.1643565743983
"44262",2021-05-15,"72","1  day ahead inc hosp",2021-05-16,"quantile",0.4,27.2344590040804
"44263",2021-05-15,"72","1  day ahead inc hosp",2021-05-16,"quantile",0.45,31.6612852107529
"44264",2021-05-15,"72","1  day ahead inc hosp",2021-05-16,"quantile",0.5,36.5243750086881
"44265",2021-05-15,"72","1  day ahead inc hosp",2021-05-16,"quantile",0.55,41.9272740010776
"44266",2021-05-15,"72","1  day ahead inc hosp",2021-05-16,"quantile",0.6,48.0098330418107
"44267",2021-05-15,"72","1  day ahead inc hosp",2021-05-16,"quantile",0.65,54.9686694249858
"44268",2021-05-15,"72","1  day ahead inc hosp",2021-05-16,"quantile",0.7,63.0936541799467
"44269",2021-05-15,"72","1  day ahead inc hosp",2021-05-16,"quantile",0.75,72.8385473859399
"44270",2021-05-15,"72","1  day ahead inc hosp",2021-05-16,"quantile",0.8,84.9731230706485
"44271",2021-05-15,"72","1  day ahead inc hosp",2021-05-16,"quantile",0.85,100.96355328743
"44272",2021-05-15,"72","1  day ahead inc hosp",2021-05-16,"quantile",0.9,124.17047741568
"44273",2021-05-15,"72","1  day ahead inc hosp",2021-05-16,"quantile",0.95,165.649317901401
"44274",2021-05-15,"72","1  day ahead inc hosp",2021-05-16,"quantile",0.975,209.363706952024
"44275",2021-05-15,"72","1  day ahead inc hosp",2021-05-16,"quantile",0.99,270.476577166224
"44276",2021-05-15,"72","2  day ahead inc hosp",2021-05-17,"quantile",0.01,0.166098630435306
"44277",2021-05-15,"72","2  day ahead inc hosp",2021-05-17,"quantile",0.025,0.668496385668278
"44278",2021-05-15,"72","2  day ahead inc hosp",2021-05-17,"quantile",0.05,1.64695086856548
"44279",2021-05-15,"72","2  day ahead inc hosp",2021-05-17,"quantile",0.1,3.80258213603226
"44280",2021-05-15,"72","2  day ahead inc hosp",2021-05-17,"quantile",0.15,6.14214235657411
"44281",2021-05-15,"72","2  day ahead inc hosp",2021-05-17,"quantile",0.2,8.66322488009548
"44282",2021-05-15,"72","2  day ahead inc hosp",2021-05-17,"quantile",0.25,11.3846055278694
"44283",2021-05-15,"72","2  day ahead inc hosp",2021-05-17,"quantile",0.3,14.3339291730739
"44284",2021-05-15,"72","2  day ahead inc hosp",2021-05-17,"quantile",0.35,17.5467456533236
"44285",2021-05-15,"72","2  day ahead inc hosp",2021-05-17,"quantile",0.4,21.0680467969334
"44286",2021-05-15,"72","2  day ahead inc hosp",2021-05-17,"quantile",0.45,24.9552795638009
"44287",2021-05-15,"72","2  day ahead inc hosp",2021-05-17,"quantile",0.5,29.2831038743341
"44288",2021-05-15,"72","2  day ahead inc hosp",2021-05-17,"quantile",0.55,34.1508339800902
"44289",2021-05-15,"72","2  day ahead inc hosp",2021-05-17,"quantile",0.6,39.6944372683476
"44290",2021-05-15,"72","2  day ahead inc hosp",2021-05-17,"quantile",0.65,46.1068130281916
"44291",2021-05-15,"72","2  day ahead inc hosp",2021-05-17,"quantile",0.7,53.6742259100103
"44292",2021-05-15,"72","2  day ahead inc hosp",2021-05-17,"quantile",0.75,62.8471500739741
"44293",2021-05-15,"72","2  day ahead inc hosp",2021-05-17,"quantile",0.8,74.3933737003707
"44294",2021-05-15,"72","2  day ahead inc hosp",2021-05-17,"quantile",0.85,89.782145670789
"44295",2021-05-15,"72","2  day ahead inc hosp",2021-05-17,"quantile",0.9,112.39889781928
"44296",2021-05-15,"72","2  day ahead inc hosp",2021-05-17,"quantile",0.95,153.45804352375
"44297",2021-05-15,"72","2  day ahead inc hosp",2021-05-17,"quantile",0.975,197.386295649967
"44298",2021-05-15,"72","2  day ahead inc hosp",2021-05-17,"quantile",0.99,259.623404395487
"44299",2021-05-15,"72","3  day ahead inc hosp",2021-05-18,"quantile",0.01,0.197306152406198
"44300",2021-05-15,"72","3  day ahead inc hosp",2021-05-18,"quantile",0.025,0.762969800133688
"44301",2021-05-15,"72","3  day ahead inc hosp",2021-05-18,"quantile",0.05,1.84335551688753
"44302",2021-05-15,"72","3  day ahead inc hosp",2021-05-18,"quantile",0.1,4.19420190494978
"44303",2021-05-15,"72","3  day ahead inc hosp",2021-05-18,"quantile",0.15,6.72659774434874
"44304",2021-05-15,"72","3  day ahead inc hosp",2021-05-18,"quantile",0.2,9.4438690985414
"44305",2021-05-15,"72","3  day ahead inc hosp",2021-05-18,"quantile",0.25,12.3683715789696
"44306",2021-05-15,"72","3  day ahead inc hosp",2021-05-18,"quantile",0.3,15.5306747395491
"44307",2021-05-15,"72","3  day ahead inc hosp",2021-05-18,"quantile",0.35,18.9691754108628
"44308",2021-05-15,"72","3  day ahead inc hosp",2021-05-18,"quantile",0.4,22.7319664068089
"44309",2021-05-15,"72","3  day ahead inc hosp",2021-05-18,"quantile",0.45,26.8801313144907
"44310",2021-05-15,"72","3  day ahead inc hosp",2021-05-18,"quantile",0.5,31.4928254901615
"44311",2021-05-15,"72","3  day ahead inc hosp",2021-05-18,"quantile",0.55,36.6751621684501
"44312",2021-05-15,"72","3  day ahead inc hosp",2021-05-18,"quantile",0.6,42.5708920809245
"44313",2021-05-15,"72","3  day ahead inc hosp",2021-05-18,"quantile",0.65,49.3838073080852
"44314",2021-05-15,"72","3  day ahead inc hosp",2021-05-18,"quantile",0.7,57.4161737045002
"44315",2021-05-15,"72","3  day ahead inc hosp",2021-05-18,"quantile",0.75,67.1434349221018
"44316",2021-05-15,"72","3  day ahead inc hosp",2021-05-18,"quantile",0.8,79.3756108756933
"44317",2021-05-15,"72","3  day ahead inc hosp",2021-05-18,"quantile",0.85,95.6621332755839
"44318",2021-05-15,"72","3  day ahead inc hosp",2021-05-18,"quantile",0.9,119.571542773993
"44319",2021-05-15,"72","3  day ahead inc hosp",2021-05-18,"quantile",0.95,162.917599785244
"44320",2021-05-15,"72","3  day ahead inc hosp",2021-05-18,"quantile",0.975,209.231179630773
"44321",2021-05-15,"72","3  day ahead inc hosp",2021-05-18,"quantile",0.99,274.77106794701
"44322",2021-05-15,"72","4  day ahead inc hosp",2021-05-19,"quantile",0.01,0.0881819353884041
"44323",2021-05-15,"72","4  day ahead inc hosp",2021-05-19,"quantile",0.025,0.441937780117188
"44324",2021-05-15,"72","4  day ahead inc hosp",2021-05-19,"quantile",0.05,1.20584977787191
"44325",2021-05-15,"72","4  day ahead inc hosp",2021-05-19,"quantile",0.1,2.99970309157294
"44326",2021-05-15,"72","4  day ahead inc hosp",2021-05-19,"quantile",0.15,5.02144472773212
"44327",2021-05-15,"72","4  day ahead inc hosp",2021-05-19,"quantile",0.2,7.24683002124889
"44328",2021-05-15,"72","4  day ahead inc hosp",2021-05-19,"quantile",0.25,9.68441073204085
"44329",2021-05-15,"72","4  day ahead inc hosp",2021-05-19,"quantile",0.3,12.3557340372292
"44330",2021-05-15,"72","4  day ahead inc hosp",2021-05-19,"quantile",0.35,15.2920561276805
"44331",2021-05-15,"72","4  day ahead inc hosp",2021-05-19,"quantile",0.4,18.5349090105822
"44332",2021-05-15,"72","4  day ahead inc hosp",2021-05-19,"quantile",0.45,22.1386047722734
"44333",2021-05-15,"72","4  day ahead inc hosp",2021-05-19,"quantile",0.5,26.174655727115
"44334",2021-05-15,"72","4  day ahead inc hosp",2021-05-19,"quantile",0.55,30.7389231701676
"44335",2021-05-15,"72","4  day ahead inc hosp",2021-05-19,"quantile",0.6,35.963287089776
"44336",2021-05-15,"72","4  day ahead inc hosp",2021-05-19,"quantile",0.65,42.0354710033487
"44337",2021-05-15,"72","4  day ahead inc hosp",2021-05-19,"quantile",0.7,49.2347520653592
"44338",2021-05-15,"72","4  day ahead inc hosp",2021-05-19,"quantile",0.75,58.0015138675926
"44339",2021-05-15,"72","4  day ahead inc hosp",2021-05-19,"quantile",0.8,69.0877689188322
"44340",2021-05-15,"72","4  day ahead inc hosp",2021-05-19,"quantile",0.85,83.9353630319639
"44341",2021-05-15,"72","4  day ahead inc hosp",2021-05-19,"quantile",0.9,105.873892875436
"44342",2021-05-15,"72","4  day ahead inc hosp",2021-05-19,"quantile",0.95,145.964918645853
"44343",2021-05-15,"72","4  day ahead inc hosp",2021-05-19,"quantile",0.975,189.128791587697
"44344",2021-05-15,"72","4  day ahead inc hosp",2021-05-19,"quantile",0.99,250.623823619363
"44345",2021-05-15,"72","5  day ahead inc hosp",2021-05-20,"quantile",0.01,0.182539917549679
"44346",2021-05-15,"72","5  day ahead inc hosp",2021-05-20,"quantile",0.025,0.736256888665069
"44347",2021-05-15,"72","5  day ahead inc hosp",2021-05-20,"quantile",0.05,1.81579007425759
"44348",2021-05-15,"72","5  day ahead inc hosp",2021-05-20,"quantile",0.1,4.19568589199785
"44349",2021-05-15,"72","5  day ahead inc hosp",2021-05-20,"quantile",0.15,6.77967671233875
"44350",2021-05-15,"72","5  day ahead inc hosp",2021-05-20,"quantile",0.2,9.56478605373165
"44351",2021-05-15,"72","5  day ahead inc hosp",2021-05-20,"quantile",0.25,12.5716420896054
"44352",2021-05-15,"72","5  day ahead inc hosp",2021-05-20,"quantile",0.3,15.8307434309894
"44353",2021-05-15,"72","5  day ahead inc hosp",2021-05-20,"quantile",0.35,19.3813590539587
"44354",2021-05-15,"72","5  day ahead inc hosp",2021-05-20,"quantile",0.4,23.2732149155825
"44355",2021-05-15,"72","5  day ahead inc hosp",2021-05-20,"quantile",0.45,27.5698201702071
"44356",2021-05-15,"72","5  day ahead inc hosp",2021-05-20,"quantile",0.5,32.3537259065619
"44357",2021-05-15,"72","5  day ahead inc hosp",2021-05-20,"quantile",0.55,37.7347532316743
"44358",2021-05-15,"72","5  day ahead inc hosp",2021-05-20,"quantile",0.6,43.8632625735088
"44359",2021-05-15,"72","5  day ahead inc hosp",2021-05-20,"quantile",0.65,50.9525810590955
"44360",2021-05-15,"72","5  day ahead inc hosp",2021-05-20,"quantile",0.7,59.3192974595356
"44361",2021-05-15,"72","5  day ahead inc hosp",2021-05-20,"quantile",0.75,69.4616164079383
"44362",2021-05-15,"72","5  day ahead inc hosp",2021-05-20,"quantile",0.8,82.2286958990655
"44363",2021-05-15,"72","5  day ahead inc hosp",2021-05-20,"quantile",0.85,99.2455300289805
"44364",2021-05-15,"72","5  day ahead inc hosp",2021-05-20,"quantile",0.9,124.256508702703
"44365",2021-05-15,"72","5  day ahead inc hosp",2021-05-20,"quantile",0.95,169.665511158664
"44366",2021-05-15,"72","5  day ahead inc hosp",2021-05-20,"quantile",0.975,218.250970912448
"44367",2021-05-15,"72","5  day ahead inc hosp",2021-05-20,"quantile",0.99,287.090611178991
"44368",2021-05-15,"72","6  day ahead inc hosp",2021-05-21,"quantile",0.01,0.036244946500054
"44369",2021-05-15,"72","6  day ahead inc hosp",2021-05-21,"quantile",0.025,0.25589989218823
"44370",2021-05-15,"72","6  day ahead inc hosp",2021-05-21,"quantile",0.05,0.806594767091657
"44371",2021-05-15,"72","6  day ahead inc hosp",2021-05-21,"quantile",0.1,2.21742463372049
"44372",2021-05-15,"72","6  day ahead inc hosp",2021-05-21,"quantile",0.15,3.88803552252425
"44373",2021-05-15,"72","6  day ahead inc hosp",2021-05-21,"quantile",0.2,5.77779563916424
"44374",2021-05-15,"72","6  day ahead inc hosp",2021-05-21,"quantile",0.25,7.88649216882561
"44375",2021-05-15,"72","6  day ahead inc hosp",2021-05-21,"quantile",0.3,10.2299309301168
"44376",2021-05-15,"72","6  day ahead inc hosp",2021-05-21,"quantile",0.35,12.8349460993644
"44377",2021-05-15,"72","6  day ahead inc hosp",2021-05-21,"quantile",0.4,15.7391736179157
"44378",2021-05-15,"72","6  day ahead inc hosp",2021-05-21,"quantile",0.45,18.9930844967812
"44379",2021-05-15,"72","6  day ahead inc hosp",2021-05-21,"quantile",0.5,22.6640374544504
"44380",2021-05-15,"72","6  day ahead inc hosp",2021-05-21,"quantile",0.55,26.8430492135483
"44381",2021-05-15,"72","6  day ahead inc hosp",2021-05-21,"quantile",0.6,31.6559770125048
"44382",2021-05-15,"72","6  day ahead inc hosp",2021-05-21,"quantile",0.65,37.2826121921905
"44383",2021-05-15,"72","6  day ahead inc hosp",2021-05-21,"quantile",0.7,43.9911649542619
"44384",2021-05-15,"72","6  day ahead inc hosp",2021-05-21,"quantile",0.75,52.2055528796103
"44385",2021-05-15,"72","6  day ahead inc hosp",2021-05-21,"quantile",0.8,62.6512555471144
"44386",2021-05-15,"72","6  day ahead inc hosp",2021-05-21,"quantile",0.85,76.722400897463
"44387",2021-05-15,"72","6  day ahead inc hosp",2021-05-21,"quantile",0.9,97.6467472480843
"44388",2021-05-15,"72","6  day ahead inc hosp",2021-05-21,"quantile",0.95,136.184422477834
"44389",2021-05-15,"72","6  day ahead inc hosp",2021-05-21,"quantile",0.975,177.986017093178
"44390",2021-05-15,"72","6  day ahead inc hosp",2021-05-21,"quantile",0.99,237.930769440138
"44391",2021-05-15,"72","7  day ahead inc hosp",2021-05-22,"quantile",0.01,0.00846480962875197
"44392",2021-05-15,"72","7  day ahead inc hosp",2021-05-22,"quantile",0.025,0.113527618636428
"44393",2021-05-15,"72","7  day ahead inc hosp",2021-05-22,"quantile",0.05,0.449527999405521
"44394",2021-05-15,"72","7  day ahead inc hosp",2021-05-22,"quantile",0.1,1.43049048211471
"44395",2021-05-15,"72","7  day ahead inc hosp",2021-05-22,"quantile",0.15,2.67635697595381
"44396",2021-05-15,"72","7  day ahead inc hosp",2021-05-22,"quantile",0.2,4.13973917195029
"44397",2021-05-15,"72","7  day ahead inc hosp",2021-05-22,"quantile",0.25,5.81425638090406
"44398",2021-05-15,"72","7  day ahead inc hosp",2021-05-22,"quantile",0.3,7.71037010640128
"44399",2021-05-15,"72","7  day ahead inc hosp",2021-05-22,"quantile",0.35,9.84978814175308
"44400",2021-05-15,"72","7  day ahead inc hosp",2021-05-22,"quantile",0.4,12.2647452530917
"44401",2021-05-15,"72","7  day ahead inc hosp",2021-05-22,"quantile",0.45,14.9995858015203
"44402",2021-05-15,"72","7  day ahead inc hosp",2021-05-22,"quantile",0.5,18.1143061511198
"44403",2021-05-15,"72","7  day ahead inc hosp",2021-05-22,"quantile",0.55,21.6906422749686
"44404",2021-05-15,"72","7  day ahead inc hosp",2021-05-22,"quantile",0.6,25.8422303840119
"44405",2021-05-15,"72","7  day ahead inc hosp",2021-05-22,"quantile",0.65,30.7320391204088
"44406",2021-05-15,"72","7  day ahead inc hosp",2021-05-22,"quantile",0.7,36.6039409270835
"44407",2021-05-15,"72","7  day ahead inc hosp",2021-05-22,"quantile",0.75,43.844443196579
"44408",2021-05-15,"72","7  day ahead inc hosp",2021-05-22,"quantile",0.8,53.1167534060589
"44409",2021-05-15,"72","7  day ahead inc hosp",2021-05-22,"quantile",0.85,65.6988861053551
"44410",2021-05-15,"72","7  day ahead inc hosp",2021-05-22,"quantile",0.9,84.5592853314049
"44411",2021-05-15,"72","7  day ahead inc hosp",2021-05-22,"quantile",0.95,119.635900703887
"44412",2021-05-15,"72","7  day ahead inc hosp",2021-05-22,"quantile",0.975,158.036130632121
"44413",2021-05-15,"72","7  day ahead inc hosp",2021-05-22,"quantile",0.99,213.548981374104
"44414",2021-05-15,"72","8  day ahead inc hosp",2021-05-23,"quantile",0.01,0.0804930284182286
"44415",2021-05-15,"72","8  day ahead inc hosp",2021-05-23,"quantile",0.025,0.434729416421268
"44416",2021-05-15,"72","8  day ahead inc hosp",2021-05-23,"quantile",0.05,1.22597929415677
"44417",2021-05-15,"72","8  day ahead inc hosp",2021-05-23,"quantile",0.1,3.12200461764873
"44418",2021-05-15,"72","8  day ahead inc hosp",2021-05-23,"quantile",0.15,5.28402068640425
"44419",2021-05-15,"72","8  day ahead inc hosp",2021-05-23,"quantile",0.2,7.67935239533784
"44420",2021-05-15,"72","8  day ahead inc hosp",2021-05-23,"quantile",0.25,10.3147809122715
"44421",2021-05-15,"72","8  day ahead inc hosp",2021-05-23,"quantile",0.3,13.2126650722435
"44422",2021-05-15,"72","8  day ahead inc hosp",2021-05-23,"quantile",0.35,16.4066808198873
"44423",2021-05-15,"72","8  day ahead inc hosp",2021-05-23,"quantile",0.4,19.9421975614918
"44424",2021-05-15,"72","8  day ahead inc hosp",2021-05-23,"quantile",0.45,23.8789356303064
"44425",2021-05-15,"72","8  day ahead inc hosp",2021-05-23,"quantile",0.5,28.2958068118617
"44426",2021-05-15,"72","8  day ahead inc hosp",2021-05-23,"quantile",0.55,33.298811887317
"44427",2021-05-15,"72","8  day ahead inc hosp",2021-05-23,"quantile",0.6,39.0339737737369
"44428",2021-05-15,"72","8  day ahead inc hosp",2021-05-23,"quantile",0.65,45.7093384773998
"44429",2021-05-15,"72","8  day ahead inc hosp",2021-05-23,"quantile",0.7,53.6346326250723
"44430",2021-05-15,"72","8  day ahead inc hosp",2021-05-23,"quantile",0.75,63.2985404638879
"44431",2021-05-15,"72","8  day ahead inc hosp",2021-05-23,"quantile",0.8,75.5360092660961
"44432",2021-05-15,"72","8  day ahead inc hosp",2021-05-23,"quantile",0.85,91.9487960190523
"44433",2021-05-15,"72","8  day ahead inc hosp",2021-05-23,"quantile",0.9,116.238143982269
"44434",2021-05-15,"72","8  day ahead inc hosp",2021-05-23,"quantile",0.95,160.71073080811
"44435",2021-05-15,"72","8  day ahead inc hosp",2021-05-23,"quantile",0.975,208.68018335325
"44436",2021-05-15,"72","8  day ahead inc hosp",2021-05-23,"quantile",0.99,277.13231605503
"44437",2021-05-15,"72","9  day ahead inc hosp",2021-05-24,"quantile",0.01,0.0366379242712749
"44438",2021-05-15,"72","9  day ahead inc hosp",2021-05-24,"quantile",0.025,0.267317902237586
"44439",2021-05-15,"72","9  day ahead inc hosp",2021-05-24,"quantile",0.05,0.853558965588306
"44440",2021-05-15,"72","9  day ahead inc hosp",2021-05-24,"quantile",0.1,2.36697404959652
"44441",2021-05-15,"72","9  day ahead inc hosp",2021-05-24,"quantile",0.15,4.16665172977898
"44442",2021-05-15,"72","9  day ahead inc hosp",2021-05-24,"quantile",0.2,6.2071102105621
"44443",2021-05-15,"72","9  day ahead inc hosp",2021-05-24,"quantile",0.25,8.4875073525733
"44444",2021-05-15,"72","9  day ahead inc hosp",2021-05-24,"quantile",0.3,11.0247165428724
"44445",2021-05-15,"72","9  day ahead inc hosp",2021-05-24,"quantile",0.35,13.8477623790073
"44446",2021-05-15,"72","9  day ahead inc hosp",2021-05-24,"quantile",0.4,16.9975197941075
"44447",2021-05-15,"72","9  day ahead inc hosp",2021-05-24,"quantile",0.45,20.5289052100206
"44448",2021-05-15,"72","9  day ahead inc hosp",2021-05-24,"quantile",0.5,24.5152829289865
"44449",2021-05-15,"72","9  day ahead inc hosp",2021-05-24,"quantile",0.55,29.0558429331943
"44450",2021-05-15,"72","9  day ahead inc hosp",2021-05-24,"quantile",0.6,34.2877967364614
"44451",2021-05-15,"72","9  day ahead inc hosp",2021-05-24,"quantile",0.65,40.4072086865004
"44452",2021-05-15,"72","9  day ahead inc hosp",2021-05-24,"quantile",0.7,47.7066266078378
"44453",2021-05-15,"72","9  day ahead inc hosp",2021-05-24,"quantile",0.75,56.6485190287617
"44454",2021-05-15,"72","9  day ahead inc hosp",2021-05-24,"quantile",0.8,68.0244778316797
"44455",2021-05-15,"72","9  day ahead inc hosp",2021-05-24,"quantile",0.85,83.3559523164521
"44456",2021-05-15,"72","9  day ahead inc hosp",2021-05-24,"quantile",0.9,106.166215471697
"44457",2021-05-15,"72","9  day ahead inc hosp",2021-05-24,"quantile",0.95,148.203774041443
"44458",2021-05-15,"72","9  day ahead inc hosp",2021-05-24,"quantile",0.975,193.828969121028
"44459",2021-05-15,"72","9  day ahead inc hosp",2021-05-24,"quantile",0.99,259.291176851518
"44460",2021-05-15,"72","10  day ahead inc hosp",2021-05-25,"quantile",0.01,0.0238446685119939
"44461",2021-05-15,"72","10  day ahead inc hosp",2021-05-25,"quantile",0.025,0.209663391532373
"44462",2021-05-15,"72","10  day ahead inc hosp",2021-05-25,"quantile",0.05,0.71853664744997
"44463",2021-05-15,"72","10  day ahead inc hosp",2021-05-25,"quantile",0.1,2.08757862185966
"44464",2021-05-15,"72","10  day ahead inc hosp",2021-05-25,"quantile",0.15,3.75269900138072
"44465",2021-05-15,"72","10  day ahead inc hosp",2021-05-25,"quantile",0.2,5.66382394080113
"44466",2021-05-15,"72","10  day ahead inc hosp",2021-05-25,"quantile",0.25,7.81729173524826
"44467",2021-05-15,"72","10  day ahead inc hosp",2021-05-25,"quantile",0.3,10.2280324797348
"44468",2021-05-15,"72","10  day ahead inc hosp",2021-05-25,"quantile",0.35,12.9235405153564
"44469",2021-05-15,"72","10  day ahead inc hosp",2021-05-25,"quantile",0.4,15.9433336208741
"44470",2021-05-15,"72","10  day ahead inc hosp",2021-05-25,"quantile",0.45,19.3409941599357
"44471",2021-05-15,"72","10  day ahead inc hosp",2021-05-25,"quantile",0.5,23.1884560331796
"44472",2021-05-15,"72","10  day ahead inc hosp",2021-05-25,"quantile",0.55,27.583259781981
"44473",2021-05-15,"72","10  day ahead inc hosp",2021-05-25,"quantile",0.6,32.6605926036631
"44474",2021-05-15,"72","10  day ahead inc hosp",2021-05-25,"quantile",0.65,38.6138895291666
"44475",2021-05-15,"72","10  day ahead inc hosp",2021-05-25,"quantile",0.7,45.7320848435411
"44476",2021-05-15,"72","10  day ahead inc hosp",2021-05-25,"quantile",0.75,54.4723609777925
"44477",2021-05-15,"72","10  day ahead inc hosp",2021-05-25,"quantile",0.8,65.6179612903565
"44478",2021-05-15,"72","10  day ahead inc hosp",2021-05-25,"quantile",0.85,80.6756994962955
"44479",2021-05-15,"72","10  day ahead inc hosp",2021-05-25,"quantile",0.9,103.138719303025
"44480",2021-05-15,"72","10  day ahead inc hosp",2021-05-25,"quantile",0.95,144.671730492069
"44481",2021-05-15,"72","10  day ahead inc hosp",2021-05-25,"quantile",0.975,189.889180711236
"44482",2021-05-15,"72","10  day ahead inc hosp",2021-05-25,"quantile",0.99,254.942400824153
"44483",2021-05-15,"72","11  day ahead inc hosp",2021-05-26,"quantile",0.01,0.0176107405517664
"44484",2021-05-15,"72","11  day ahead inc hosp",2021-05-26,"quantile",0.025,0.178684028310592
"44485",2021-05-15,"72","11  day ahead inc hosp",2021-05-26,"quantile",0.05,0.644597920562343
"44486",2021-05-15,"72","11  day ahead inc hosp",2021-05-26,"quantile",0.1,1.93548636082397
"44487",2021-05-15,"72","11  day ahead inc hosp",2021-05-26,"quantile",0.15,3.53051956638042
"44488",2021-05-15,"72","11  day ahead inc hosp",2021-05-26,"quantile",0.2,5.37679985667678
"44489",2021-05-15,"72","11  day ahead inc hosp",2021-05-26,"quantile",0.25,7.46902308873268
"44490",2021-05-15,"72","11  day ahead inc hosp",2021-05-26,"quantile",0.3,9.82110708212215
"44491",2021-05-15,"72","11  day ahead inc hosp",2021-05-26,"quantile",0.35,12.4598767125281
"44492",2021-05-15,"72","11  day ahead inc hosp",2021-05-26,"quantile",0.4,15.4243868982947
"44493",2021-05-15,"72","11  day ahead inc hosp",2021-05-26,"quantile",0.45,18.7678967618737
"44494",2021-05-15,"72","11  day ahead inc hosp",2021-05-26,"quantile",0.5,22.5621259484325
"44495",2021-05-15,"72","11  day ahead inc hosp",2021-05-26,"quantile",0.55,26.9045036252278
"44496",2021-05-15,"72","11  day ahead inc hosp",2021-05-26,"quantile",0.6,31.9302265415807
"44497",2021-05-15,"72","11  day ahead inc hosp",2021-05-26,"quantile",0.65,37.8329132540774
"44498",2021-05-15,"72","11  day ahead inc hosp",2021-05-26,"quantile",0.7,44.9019746590379
"44499",2021-05-15,"72","11  day ahead inc hosp",2021-05-26,"quantile",0.75,53.5956293911446
"44500",2021-05-15,"72","11  day ahead inc hosp",2021-05-26,"quantile",0.8,64.699363039666
"44501",2021-05-15,"72","11  day ahead inc hosp",2021-05-26,"quantile",0.85,79.7252500641807
"44502",2021-05-15,"72","11  day ahead inc hosp",2021-05-26,"quantile",0.9,102.181164838096
"44503",2021-05-15,"72","11  day ahead inc hosp",2021-05-26,"quantile",0.95,143.792255391759
"44504",2021-05-15,"72","11  day ahead inc hosp",2021-05-26,"quantile",0.975,189.188948720413
"44505",2021-05-15,"72","11  day ahead inc hosp",2021-05-26,"quantile",0.99,254.618679371995
"44506",2021-05-15,"72","12  day ahead inc hosp",2021-05-27,"quantile",0.01,0.00414558706013247
"44507",2021-05-15,"72","12  day ahead inc hosp",2021-05-27,"quantile",0.025,0.0861447299434308
"44508",2021-05-15,"72","12  day ahead inc hosp",2021-05-27,"quantile",0.05,0.38845631341523
"44509",2021-05-15,"72","12  day ahead inc hosp",2021-05-27,"quantile",0.1,1.33578264262947
"44510",2021-05-15,"72","12  day ahead inc hosp",2021-05-27,"quantile",0.15,2.58307200769695
"44511",2021-05-15,"72","12  day ahead inc hosp",2021-05-27,"quantile",0.2,4.0761191259219
"44512",2021-05-15,"72","12  day ahead inc hosp",2021-05-27,"quantile",0.25,5.80599607275653
"44513",2021-05-15,"72","12  day ahead inc hosp",2021-05-27,"quantile",0.3,7.78285708428767
"44514",2021-05-15,"72","12  day ahead inc hosp",2021-05-27,"quantile",0.35,10.0296032341054
"44515",2021-05-15,"72","12  day ahead inc hosp",2021-05-27,"quantile",0.4,12.5809615943003
"44516",2021-05-15,"72","12  day ahead inc hosp",2021-05-27,"quantile",0.45,15.4851516370779
"44517",2021-05-15,"72","12  day ahead inc hosp",2021-05-27,"quantile",0.5,18.8077446423734
"44518",2021-05-15,"72","12  day ahead inc hosp",2021-05-27,"quantile",0.55,22.6383519974699
"44519",2021-05-15,"72","12  day ahead inc hosp",2021-05-27,"quantile",0.6,27.1018257850355
"44520",2021-05-15,"72","12  day ahead inc hosp",2021-05-27,"quantile",0.65,32.377507679736
"44521",2021-05-15,"72","12  day ahead inc hosp",2021-05-27,"quantile",0.7,38.7341284083889
"44522",2021-05-15,"72","12  day ahead inc hosp",2021-05-27,"quantile",0.75,46.5981066281867
"44523",2021-05-15,"72","12  day ahead inc hosp",2021-05-27,"quantile",0.8,56.7020052160673
"44524",2021-05-15,"72","12  day ahead inc hosp",2021-05-27,"quantile",0.85,70.4592833239832
"44525",2021-05-15,"72","12  day ahead inc hosp",2021-05-27,"quantile",0.9,91.1578295346785
"44526",2021-05-15,"72","12  day ahead inc hosp",2021-05-27,"quantile",0.95,129.826656026455
"44527",2021-05-15,"72","12  day ahead inc hosp",2021-05-27,"quantile",0.975,172.339348568007
"44528",2021-05-15,"72","12  day ahead inc hosp",2021-05-27,"quantile",0.99,234.024456016244
"44529",2021-05-15,"72","13  day ahead inc hosp",2021-05-28,"quantile",0.01,0.0197383413414407
"44530",2021-05-15,"72","13  day ahead inc hosp",2021-05-28,"quantile",0.025,0.195522977802418
"44531",2021-05-15,"72","13  day ahead inc hosp",2021-05-28,"quantile",0.05,0.699426930486737
"44532",2021-05-15,"72","13  day ahead inc hosp",2021-05-28,"quantile",0.1,2.08888451370447
"44533",2021-05-15,"72","13  day ahead inc hosp",2021-05-28,"quantile",0.15,3.80132254275543
"44534",2021-05-15,"72","13  day ahead inc hosp",2021-05-28,"quantile",0.2,5.78078322457721
"44535",2021-05-15,"72","13  day ahead inc hosp",2021-05-28,"quantile",0.25,8.02187673634472
"44536",2021-05-15,"72","13  day ahead inc hosp",2021-05-28,"quantile",0.3,10.5396077832969
"44537",2021-05-15,"72","13  day ahead inc hosp",2021-05-28,"quantile",0.35,13.3626872223659
"44538",2021-05-15,"72","13  day ahead inc hosp",2021-05-28,"quantile",0.4,16.5328318862999
"44539",2021-05-15,"72","13  day ahead inc hosp",2021-05-28,"quantile",0.45,20.1068801790845
"44540",2021-05-15,"72","13  day ahead inc hosp",2021-05-28,"quantile",0.5,24.1613350542956
"44541",2021-05-15,"72","13  day ahead inc hosp",2021-05-28,"quantile",0.55,28.8000937620422
"44542",2021-05-15,"72","13  day ahead inc hosp",2021-05-28,"quantile",0.6,34.1673009758798
"44543",2021-05-15,"72","13  day ahead inc hosp",2021-05-28,"quantile",0.65,40.4693612241406
"44544",2021-05-15,"72","13  day ahead inc hosp",2021-05-28,"quantile",0.7,48.0147630047548
"44545",2021-05-15,"72","13  day ahead inc hosp",2021-05-28,"quantile",0.75,57.2918823264699
"44546",2021-05-15,"72","13  day ahead inc hosp",2021-05-28,"quantile",0.8,69.137821627304
"44547",2021-05-15,"72","13  day ahead inc hosp",2021-05-28,"quantile",0.85,85.1638574802551
"44548",2021-05-15,"72","13  day ahead inc hosp",2021-05-28,"quantile",0.9,109.107572052993
"44549",2021-05-15,"72","13  day ahead inc hosp",2021-05-28,"quantile",0.95,153.459999598866
"44550",2021-05-15,"72","13  day ahead inc hosp",2021-05-28,"quantile",0.975,201.83135174603
"44551",2021-05-15,"72","13  day ahead inc hosp",2021-05-28,"quantile",0.99,271.528207801044
"44552",2021-05-15,"72","14  day ahead inc hosp",2021-05-29,"quantile",0.01,0.009899557342793
"44553",2021-05-15,"72","14  day ahead inc hosp",2021-05-29,"quantile",0.025,0.136366624286414
"44554",2021-05-15,"72","14  day ahead inc hosp",2021-05-29,"quantile",0.05,0.544559503323885
"44555",2021-05-15,"72","14  day ahead inc hosp",2021-05-29,"quantile",0.1,1.74189875542833
"44556",2021-05-15,"72","14  day ahead inc hosp",2021-05-29,"quantile",0.15,3.26627411258731
"44557",2021-05-15,"72","14  day ahead inc hosp",2021-05-29,"quantile",0.2,5.05909426707934
"44558",2021-05-15,"72","14  day ahead inc hosp",2021-05-29,"quantile",0.25,7.11232550138593
"44559",2021-05-15,"72","14  day ahead inc hosp",2021-05-29,"quantile",0.3,9.43873209753663
"44560",2021-05-15,"72","14  day ahead inc hosp",2021-05-29,"quantile",0.35,12.0649631084363
"44561",2021-05-15,"72","14  day ahead inc hosp",2021-05-29,"quantile",0.4,15.0306535514404
"44562",2021-05-15,"72","14  day ahead inc hosp",2021-05-29,"quantile",0.45,18.3903663272869
"44563",2021-05-15,"72","14  day ahead inc hosp",2021-05-29,"quantile",0.5,22.2179511365509
"44564",2021-05-15,"72","14  day ahead inc hosp",2021-05-29,"quantile",0.55,26.6140403484667
"44565",2021-05-15,"72","14  day ahead inc hosp",2021-05-29,"quantile",0.6,31.7185634007063
"44566",2021-05-15,"72","14  day ahead inc hosp",2021-05-29,"quantile",0.65,37.7322200161844
"44567",2021-05-15,"72","14  day ahead inc hosp",2021-05-29,"quantile",0.7,44.955373342774
"44568",2021-05-15,"72","14  day ahead inc hosp",2021-05-29,"quantile",0.75,53.8641020692448
"44569",2021-05-15,"72","14  day ahead inc hosp",2021-05-29,"quantile",0.8,65.2753772236729
"44570",2021-05-15,"72","14  day ahead inc hosp",2021-05-29,"quantile",0.85,80.7636588501146
"44571",2021-05-15,"72","14  day ahead inc hosp",2021-05-29,"quantile",0.9,103.986321559649
"44572",2021-05-15,"72","14  day ahead inc hosp",2021-05-29,"quantile",0.95,147.189437308834
"44573",2021-05-15,"72","14  day ahead inc hosp",2021-05-29,"quantile",0.975,194.500182418283
"44574",2021-05-15,"72","14  day ahead inc hosp",2021-05-29,"quantile",0.99,262.9120550282
"44575",2021-05-15,"72","15  day ahead inc hosp",2021-05-30,"quantile",0.01,0.00892353502801434
"44576",2021-05-15,"72","15  day ahead inc hosp",2021-05-30,"quantile",0.025,0.140024461762818
"44577",2021-05-15,"72","15  day ahead inc hosp",2021-05-30,"quantile",0.05,0.582145546484767
"44578",2021-05-15,"72","15  day ahead inc hosp",2021-05-30,"quantile",0.1,1.90805089871575
"44579",2021-05-15,"72","15  day ahead inc hosp",2021-05-30,"quantile",0.15,3.61544324087317
"44580",2021-05-15,"72","15  day ahead inc hosp",2021-05-30,"quantile",0.2,5.63561089878934
"44581",2021-05-15,"72","15  day ahead inc hosp",2021-05-30,"quantile",0.25,7.9584034330616
"44582",2021-05-15,"72","15  day ahead inc hosp",2021-05-30,"quantile",0.3,10.5979500075347
"44583",2021-05-15,"72","15  day ahead inc hosp",2021-05-30,"quantile",0.35,13.5845806891194
"44584",2021-05-15,"72","15  day ahead inc hosp",2021-05-30,"quantile",0.4,16.9637262844406
"44585",2021-05-15,"72","15  day ahead inc hosp",2021-05-30,"quantile",0.45,20.7981250086415
"44586",2021-05-15,"72","15  day ahead inc hosp",2021-05-30,"quantile",0.5,25.1728364766917
"44587",2021-05-15,"72","15  day ahead inc hosp",2021-05-30,"quantile",0.55,30.2038896313212
"44588",2021-05-15,"72","15  day ahead inc hosp",2021-05-30,"quantile",0.6,36.0527371988382
"44589",2021-05-15,"72","15  day ahead inc hosp",2021-05-30,"quantile",0.65,42.9510719945343
"44590",2021-05-15,"72","15  day ahead inc hosp",2021-05-30,"quantile",0.7,51.245791371958
"44591",2021-05-15,"72","15  day ahead inc hosp",2021-05-30,"quantile",0.75,61.486946618061
"44592",2021-05-15,"72","15  day ahead inc hosp",2021-05-30,"quantile",0.8,74.6188125186735
"44593",2021-05-15,"72","15  day ahead inc hosp",2021-05-30,"quantile",0.85,92.4619346613956
"44594",2021-05-15,"72","15  day ahead inc hosp",2021-05-30,"quantile",0.9,119.247341914205
"44595",2021-05-15,"72","15  day ahead inc hosp",2021-05-30,"quantile",0.95,169.15084548592
"44596",2021-05-15,"72","15  day ahead inc hosp",2021-05-30,"quantile",0.975,223.873810654426
"44597",2021-05-15,"72","15  day ahead inc hosp",2021-05-30,"quantile",0.99,303.098090039979
"44598",2021-05-15,"72","16  day ahead inc hosp",2021-05-31,"quantile",0.01,0.00228070191896881
"44599",2021-05-15,"72","16  day ahead inc hosp",2021-05-31,"quantile",0.025,0.0773293041416671
"44600",2021-05-15,"72","16  day ahead inc hosp",2021-05-31,"quantile",0.05,0.395292349818189
"44601",2021-05-15,"72","16  day ahead inc hosp",2021-05-31,"quantile",0.1,1.45944280802791
"44602",2021-05-15,"72","16  day ahead inc hosp",2021-05-31,"quantile",0.15,2.90668618229088
"44603",2021-05-15,"72","16  day ahead inc hosp",2021-05-31,"quantile",0.2,4.66838331808755
"44604",2021-05-15,"72","16  day ahead inc hosp",2021-05-31,"quantile",0.25,6.73196723088241
"44605",2021-05-15,"72","16  day ahead inc hosp",2021-05-31,"quantile",0.3,9.10913356261871
"44606",2021-05-15,"72","16  day ahead inc hosp",2021-05-31,"quantile",0.35,11.8278755327271
"44607",2021-05-15,"72","16  day ahead inc hosp",2021-05-31,"quantile",0.4,14.9312608955098
"44608",2021-05-15,"72","16  day ahead inc hosp",2021-05-31,"quantile",0.45,18.4794832594594
"44609",2021-05-15,"72","16  day ahead inc hosp",2021-05-31,"quantile",0.5,22.5546973989099
"44610",2021-05-15,"72","16  day ahead inc hosp",2021-05-31,"quantile",0.55,27.2694394013617
"44611",2021-05-15,"72","16  day ahead inc hosp",2021-05-31,"quantile",0.6,32.7807575150579
"44612",2021-05-15,"72","16  day ahead inc hosp",2021-05-31,"quantile",0.65,39.314525606201
"44613",2021-05-15,"72","16  day ahead inc hosp",2021-05-31,"quantile",0.7,47.2095614454844
"44614",2021-05-15,"72","16  day ahead inc hosp",2021-05-31,"quantile",0.75,57.0040285373028
"44615",2021-05-15,"72","16  day ahead inc hosp",2021-05-31,"quantile",0.8,69.6233753874492
"44616",2021-05-15,"72","16  day ahead inc hosp",2021-05-31,"quantile",0.85,86.8551280098253
"44617",2021-05-15,"72","16  day ahead inc hosp",2021-05-31,"quantile",0.9,112.862455741977
"44618",2021-05-15,"72","16  day ahead inc hosp",2021-05-31,"quantile",0.95,161.633462195613
"44619",2021-05-15,"72","16  day ahead inc hosp",2021-05-31,"quantile",0.975,215.443668892276
"44620",2021-05-15,"72","16  day ahead inc hosp",2021-05-31,"quantile",0.99,293.76276369228
"44621",2021-05-15,"72","17  day ahead inc hosp",2021-06-01,"quantile",0.01,0.00641433972170022
"44622",2021-05-15,"72","17  day ahead inc hosp",2021-06-01,"quantile",0.025,0.125037683392768
"44623",2021-05-15,"72","17  day ahead inc hosp",2021-06-01,"quantile",0.05,0.55386448085349
"44624",2021-05-15,"72","17  day ahead inc hosp",2021-06-01,"quantile",0.1,1.88485484571437
"44625",2021-05-15,"72","17  day ahead inc hosp",2021-06-01,"quantile",0.15,3.62891123558469
"44626",2021-05-15,"72","17  day ahead inc hosp",2021-06-01,"quantile",0.2,5.7113897436853
"44627",2021-05-15,"72","17  day ahead inc hosp",2021-06-01,"quantile",0.25,8.12024307849643
"44628",2021-05-15,"72","17  day ahead inc hosp",2021-06-01,"quantile",0.3,10.8697090284895
"44629",2021-05-15,"72","17  day ahead inc hosp",2021-06-01,"quantile",0.35,13.9915759082214
"44630",2021-05-15,"72","17  day ahead inc hosp",2021-06-01,"quantile",0.4,17.5339278274709
"44631",2021-05-15,"72","17  day ahead inc hosp",2021-06-01,"quantile",0.45,21.5634569086937
"44632",2021-05-15,"72","17  day ahead inc hosp",2021-06-01,"quantile",0.5,26.170799097485
"44633",2021-05-15,"72","17  day ahead inc hosp",2021-06-01,"quantile",0.55,31.4797725441724
"44634",2021-05-15,"72","17  day ahead inc hosp",2021-06-01,"quantile",0.6,37.6628428108906
"44635",2021-05-15,"72","17  day ahead inc hosp",2021-06-01,"quantile",0.65,44.967695455384
"44636",2021-05-15,"72","17  day ahead inc hosp",2021-06-01,"quantile",0.7,53.7654073586422
"44637",2021-05-15,"72","17  day ahead inc hosp",2021-06-01,"quantile",0.75,64.6447083572725
"44638",2021-05-15,"72","17  day ahead inc hosp",2021-06-01,"quantile",0.8,78.6168483107608
"44639",2021-05-15,"72","17  day ahead inc hosp",2021-06-01,"quantile",0.85,97.6326859540792
"44640",2021-05-15,"72","17  day ahead inc hosp",2021-06-01,"quantile",0.9,126.229308079954
"44641",2021-05-15,"72","17  day ahead inc hosp",2021-06-01,"quantile",0.95,179.622236452898
"44642",2021-05-15,"72","17  day ahead inc hosp",2021-06-01,"quantile",0.975,238.290617732684
"44643",2021-05-15,"72","17  day ahead inc hosp",2021-06-01,"quantile",0.99,323.376918439221
"44644",2021-05-15,"72","18  day ahead inc hosp",2021-06-02,"quantile",0.01,0.0021174174726209
"44645",2021-05-15,"72","18  day ahead inc hosp",2021-06-02,"quantile",0.025,0.0782989717138203
"44646",2021-05-15,"72","18  day ahead inc hosp",2021-06-02,"quantile",0.05,0.40845284597995
"44647",2021-05-15,"72","18  day ahead inc hosp",2021-06-02,"quantile",0.1,1.52498509225729
"44648",2021-05-15,"72","18  day ahead inc hosp",2021-06-02,"quantile",0.15,3.05113866156376
"44649",2021-05-15,"72","18  day ahead inc hosp",2021-06-02,"quantile",0.2,4.91370476619337
"44650",2021-05-15,"72","18  day ahead inc hosp",2021-06-02,"quantile",0.25,7.09910855110975
"44651",2021-05-15,"72","18  day ahead inc hosp",2021-06-02,"quantile",0.3,9.61969139297929
"44652",2021-05-15,"72","18  day ahead inc hosp",2021-06-02,"quantile",0.35,12.5052241032639
"44653",2021-05-15,"72","18  day ahead inc hosp",2021-06-02,"quantile",0.4,15.8015967247731
"44654",2021-05-15,"72","18  day ahead inc hosp",2021-06-02,"quantile",0.45,19.5730039100916
"44655",2021-05-15,"72","18  day ahead inc hosp",2021-06-02,"quantile",0.5,23.9071052285041
"44656",2021-05-15,"72","18  day ahead inc hosp",2021-06-02,"quantile",0.55,28.9240162346942
"44657",2021-05-15,"72","18  day ahead inc hosp",2021-06-02,"quantile",0.6,34.791401475585
"44658",2021-05-15,"72","18  day ahead inc hosp",2021-06-02,"quantile",0.65,41.7504475713318
"44659",2021-05-15,"72","18  day ahead inc hosp",2021-06-02,"quantile",0.7,50.162998531628
"44660",2021-05-15,"72","18  day ahead inc hosp",2021-06-02,"quantile",0.75,60.603875829073
"44661",2021-05-15,"72","18  day ahead inc hosp",2021-06-02,"quantile",0.8,74.0617122149649
"44662",2021-05-15,"72","18  day ahead inc hosp",2021-06-02,"quantile",0.85,92.4463794629777
"44663",2021-05-15,"72","18  day ahead inc hosp",2021-06-02,"quantile",0.9,120.20681761189
"44664",2021-05-15,"72","18  day ahead inc hosp",2021-06-02,"quantile",0.95,172.295001941571
"44665",2021-05-15,"72","18  day ahead inc hosp",2021-06-02,"quantile",0.975,229.795788160289
"44666",2021-05-15,"72","18  day ahead inc hosp",2021-06-02,"quantile",0.99,313.525111076717
"44667",2021-05-15,"72","19  day ahead inc hosp",2021-06-03,"quantile",0.01,0.00279337734841477
"44668",2021-05-15,"72","19  day ahead inc hosp",2021-06-03,"quantile",0.025,0.0896304837972901
"44669",2021-05-15,"72","19  day ahead inc hosp",2021-06-03,"quantile",0.05,0.452172802764559
"44670",2021-05-15,"72","19  day ahead inc hosp",2021-06-03,"quantile",0.1,1.6572874826383
"44671",2021-05-15,"72","19  day ahead inc hosp",2021-06-03,"quantile",0.15,3.29083622410703
"44672",2021-05-15,"72","19  day ahead inc hosp",2021-06-03,"quantile",0.2,5.27594213601765
"44673",2021-05-15,"72","19  day ahead inc hosp",2021-06-03,"quantile",0.25,7.59865305915814
"44674",2021-05-15,"72","19  day ahead inc hosp",2021-06-03,"quantile",0.3,10.2721680683481
"44675",2021-05-15,"72","19  day ahead inc hosp",2021-06-03,"quantile",0.35,13.3279105065165
"44676",2021-05-15,"72","19  day ahead inc hosp",2021-06-03,"quantile",0.4,16.8141626275278
"44677",2021-05-15,"72","19  day ahead inc hosp",2021-06-03,"quantile",0.45,20.7983658494959
"44678",2021-05-15,"72","19  day ahead inc hosp",2021-06-03,"quantile",0.5,25.3725359003708
"44679",2021-05-15,"72","19  day ahead inc hosp",2021-06-03,"quantile",0.55,30.6626889999963
"44680",2021-05-15,"72","19  day ahead inc hosp",2021-06-03,"quantile",0.6,36.8446581472116
"44681",2021-05-15,"72","19  day ahead inc hosp",2021-06-03,"quantile",0.65,44.1713036003726
"44682",2021-05-15,"72","19  day ahead inc hosp",2021-06-03,"quantile",0.7,53.0218841139321
"44683",2021-05-15,"72","19  day ahead inc hosp",2021-06-03,"quantile",0.75,63.9987395005089
"44684",2021-05-15,"72","19  day ahead inc hosp",2021-06-03,"quantile",0.8,78.1375775353305
"44685",2021-05-15,"72","19  day ahead inc hosp",2021-06-03,"quantile",0.85,97.4386822025924
"44686",2021-05-15,"72","19  day ahead inc hosp",2021-06-03,"quantile",0.9,126.560167006102
"44687",2021-05-15,"72","19  day ahead inc hosp",2021-06-03,"quantile",0.95,181.150576335915
"44688",2021-05-15,"72","19  day ahead inc hosp",2021-06-03,"quantile",0.975,241.360239394883
"44689",2021-05-15,"72","19  day ahead inc hosp",2021-06-03,"quantile",0.99,328.966761387147
"44690",2021-05-15,"72","20  day ahead inc hosp",2021-06-04,"quantile",0.01,0.00568214746528341
"44691",2021-05-15,"72","20  day ahead inc hosp",2021-06-04,"quantile",0.025,0.124986956123337
"44692",2021-05-15,"72","20  day ahead inc hosp",2021-06-04,"quantile",0.05,0.572462566626073
"44693",2021-05-15,"72","20  day ahead inc hosp",2021-06-04,"quantile",0.1,1.98637570609988
"44694",2021-05-15,"72","20  day ahead inc hosp",2021-06-04,"quantile",0.15,3.85573139522647
"44695",2021-05-15,"72","20  day ahead inc hosp",2021-06-04,"quantile",0.2,6.09825190653371
"44696",2021-05-15,"72","20  day ahead inc hosp",2021-06-04,"quantile",0.25,8.70016142710924
"44697",2021-05-15,"72","20  day ahead inc hosp",2021-06-04,"quantile",0.3,11.6766472949281
"44698",2021-05-15,"72","20  day ahead inc hosp",2021-06-04,"quantile",0.35,15.0622532903509
"44699",2021-05-15,"72","20  day ahead inc hosp",2021-06-04,"quantile",0.4,18.909470252142
"44700",2021-05-15,"72","20  day ahead inc hosp",2021-06-04,"quantile",0.45,23.2912508462325
"44701",2021-05-15,"72","20  day ahead inc hosp",2021-06-04,"quantile",0.5,28.3068507660001
"44702",2021-05-15,"72","20  day ahead inc hosp",2021-06-04,"quantile",0.55,34.0919590569108
"44703",2021-05-15,"72","20  day ahead inc hosp",2021-06-04,"quantile",0.6,40.8356682459668
"44704",2021-05-15,"72","20  day ahead inc hosp",2021-06-04,"quantile",0.65,48.8096434402535
"44705",2021-05-15,"72","20  day ahead inc hosp",2021-06-04,"quantile",0.7,58.4210137221164
"44706",2021-05-15,"72","20  day ahead inc hosp",2021-06-04,"quantile",0.75,70.3158914372968
"44707",2021-05-15,"72","20  day ahead inc hosp",2021-06-04,"quantile",0.8,85.6044057409136
"44708",2021-05-15,"72","20  day ahead inc hosp",2021-06-04,"quantile",0.85,106.4288193644
"44709",2021-05-15,"72","20  day ahead inc hosp",2021-06-04,"quantile",0.9,137.773124693559
"44710",2021-05-15,"72","20  day ahead inc hosp",2021-06-04,"quantile",0.95,196.359430046737
"44711",2021-05-15,"72","20  day ahead inc hosp",2021-06-04,"quantile",0.975,260.79967621502
"44712",2021-05-15,"72","20  day ahead inc hosp",2021-06-04,"quantile",0.99,354.339309202264
"44713",2021-05-15,"72","21  day ahead inc hosp",2021-06-05,"quantile",0.01,0.00013105031914093
"44714",2021-05-15,"72","21  day ahead inc hosp",2021-06-05,"quantile",0.025,0.0341164844727353
"44715",2021-05-15,"72","21  day ahead inc hosp",2021-06-05,"quantile",0.05,0.250392699194056
"44716",2021-05-15,"72","21  day ahead inc hosp",2021-06-05,"quantile",0.1,1.11440488831411
"44717",2021-05-15,"72","21  day ahead inc hosp",2021-06-05,"quantile",0.15,2.39022785198549
"44718",2021-05-15,"72","21  day ahead inc hosp",2021-06-05,"quantile",0.2,4.00918577049505
"44719",2021-05-15,"72","21  day ahead inc hosp",2021-06-05,"quantile",0.25,5.95689633915974
"44720",2021-05-15,"72","21  day ahead inc hosp",2021-06-05,"quantile",0.3,8.24440833616181
"44721",2021-05-15,"72","21  day ahead inc hosp",2021-06-05,"quantile",0.35,10.9003486975183
"44722",2021-05-15,"72","21  day ahead inc hosp",2021-06-05,"quantile",0.4,13.9697005004936
"44723",2021-05-15,"72","21  day ahead inc hosp",2021-06-05,"quantile",0.45,17.5159961048098
"44724",2021-05-15,"72","21  day ahead inc hosp",2021-06-05,"quantile",0.5,21.6264957697578
"44725",2021-05-15,"72","21  day ahead inc hosp",2021-06-05,"quantile",0.55,26.4212400215078
"44726",2021-05-15,"72","21  day ahead inc hosp",2021-06-05,"quantile",0.6,32.0682821072599
"44727",2021-05-15,"72","21  day ahead inc hosp",2021-06-05,"quantile",0.65,38.8099478290934
"44728",2021-05-15,"72","21  day ahead inc hosp",2021-06-05,"quantile",0.7,47.0105626445024
"44729",2021-05-15,"72","21  day ahead inc hosp",2021-06-05,"quantile",0.75,57.250064125893
"44730",2021-05-15,"72","21  day ahead inc hosp",2021-06-05,"quantile",0.8,70.527950696
"44731",2021-05-15,"72","21  day ahead inc hosp",2021-06-05,"quantile",0.85,88.7794382771349
"44732",2021-05-15,"72","21  day ahead inc hosp",2021-06-05,"quantile",0.9,116.52440679619
"44733",2021-05-15,"72","21  day ahead inc hosp",2021-06-05,"quantile",0.95,169.006635306308
"44734",2021-05-15,"72","21  day ahead inc hosp",2021-06-05,"quantile",0.975,227.382619788228
"44735",2021-05-15,"72","21  day ahead inc hosp",2021-06-05,"quantile",0.99,312.944662599006
"44736",2021-05-15,"72","22  day ahead inc hosp",2021-06-06,"quantile",0.01,4.9098001279976e-05
"44737",2021-05-15,"72","22  day ahead inc hosp",2021-06-06,"quantile",0.025,0.0280411583815444
"44738",2021-05-15,"72","22  day ahead inc hosp",2021-06-06,"quantile",0.05,0.225575539852166
"44739",2021-05-15,"72","22  day ahead inc hosp",2021-06-06,"quantile",0.1,1.04858687487714
"44740",2021-05-15,"72","22  day ahead inc hosp",2021-06-06,"quantile",0.15,2.28663946806544
"44741",2021-05-15,"72","22  day ahead inc hosp",2021-06-06,"quantile",0.2,3.8721688956483
"44742",2021-05-15,"72","22  day ahead inc hosp",2021-06-06,"quantile",0.25,5.79080739844024
"44743",2021-05-15,"72","22  day ahead inc hosp",2021-06-06,"quantile",0.3,8.05361883843714
"44744",2021-05-15,"72","22  day ahead inc hosp",2021-06-06,"quantile",0.35,10.6893973263277
"44745",2021-05-15,"72","22  day ahead inc hosp",2021-06-06,"quantile",0.4,13.7434882636418
"44746",2021-05-15,"72","22  day ahead inc hosp",2021-06-06,"quantile",0.45,17.280024157238
"44747",2021-05-15,"72","22  day ahead inc hosp",2021-06-06,"quantile",0.5,21.3871731188689
"44748",2021-05-15,"72","22  day ahead inc hosp",2021-06-06,"quantile",0.55,26.1863098348478
"44749",2021-05-15,"72","22  day ahead inc hosp",2021-06-06,"quantile",0.6,31.8474506236386
"44750",2021-05-15,"72","22  day ahead inc hosp",2021-06-06,"quantile",0.65,38.6158699365082
"44751",2021-05-15,"72","22  day ahead inc hosp",2021-06-06,"quantile",0.7,46.8604896523318
"44752",2021-05-15,"72","22  day ahead inc hosp",2021-06-06,"quantile",0.75,57.1688187945648
"44753",2021-05-15,"72","22  day ahead inc hosp",2021-06-06,"quantile",0.8,70.5538608034238
"44754",2021-05-15,"72","22  day ahead inc hosp",2021-06-06,"quantile",0.85,88.977949231084
"44755",2021-05-15,"72","22  day ahead inc hosp",2021-06-06,"quantile",0.9,117.026961663788
"44756",2021-05-15,"72","22  day ahead inc hosp",2021-06-06,"quantile",0.95,170.179219514736
"44757",2021-05-15,"72","22  day ahead inc hosp",2021-06-06,"quantile",0.975,229.399025789048
"44758",2021-05-15,"72","22  day ahead inc hosp",2021-06-06,"quantile",0.99,316.322641425953
"44759",2021-05-15,"72","23  day ahead inc hosp",2021-06-07,"quantile",0.01,0.000980178819810984
"44760",2021-05-15,"72","23  day ahead inc hosp",2021-06-07,"quantile",0.025,0.0651130952820201
"44761",2021-05-15,"72","23  day ahead inc hosp",2021-06-07,"quantile",0.05,0.384440487940433
"44762",2021-05-15,"72","23  day ahead inc hosp",2021-06-07,"quantile",0.1,1.53381468494429
"44763",2021-05-15,"72","23  day ahead inc hosp",2021-06-07,"quantile",0.15,3.1520638338003
"44764",2021-05-15,"72","23  day ahead inc hosp",2021-06-07,"quantile",0.2,5.15705770180215
"44765",2021-05-15,"72","23  day ahead inc hosp",2021-06-07,"quantile",0.25,7.53261834597101
"44766",2021-05-15,"72","23  day ahead inc hosp",2021-06-07,"quantile",0.3,10.2920103802111
"44767",2021-05-15,"72","23  day ahead inc hosp",2021-06-07,"quantile",0.35,13.4684723364237
"44768",2021-05-15,"72","23  day ahead inc hosp",2021-06-07,"quantile",0.4,17.1137277574229
"44769",2021-05-15,"72","23  day ahead inc hosp",2021-06-07,"quantile",0.45,21.3004575221824
"44770",2021-05-15,"72","23  day ahead inc hosp",2021-06-07,"quantile",0.5,26.1281697824784
"44771",2021-05-15,"72","23  day ahead inc hosp",2021-06-07,"quantile",0.55,31.7334512189935
"44772",2021-05-15,"72","23  day ahead inc hosp",2021-06-07,"quantile",0.6,38.3071973171783
"44773",2021-05-15,"72","23  day ahead inc hosp",2021-06-07,"quantile",0.65,46.1242877187751
"44774",2021-05-15,"72","23  day ahead inc hosp",2021-06-07,"quantile",0.7,55.5974746534445
"44775",2021-05-15,"72","23  day ahead inc hosp",2021-06-07,"quantile",0.75,67.3829914086425
"44776",2021-05-15,"72","23  day ahead inc hosp",2021-06-07,"quantile",0.8,82.6104317500078
"44777",2021-05-15,"72","23  day ahead inc hosp",2021-06-07,"quantile",0.85,103.463952213739
"44778",2021-05-15,"72","23  day ahead inc hosp",2021-06-07,"quantile",0.9,135.036797034973
"44779",2021-05-15,"72","23  day ahead inc hosp",2021-06-07,"quantile",0.95,194.470368467541
"44780",2021-05-15,"72","23  day ahead inc hosp",2021-06-07,"quantile",0.975,260.278991241245
"44781",2021-05-15,"72","23  day ahead inc hosp",2021-06-07,"quantile",0.99,356.357582535676
"44782",2021-05-15,"72","24  day ahead inc hosp",2021-06-08,"quantile",0.01,0.000758962189161491
"44783",2021-05-15,"72","24  day ahead inc hosp",2021-06-08,"quantile",0.025,0.060947192701906
"44784",2021-05-15,"72","24  day ahead inc hosp",2021-06-08,"quantile",0.05,0.372900410488166
"44785",2021-05-15,"72","24  day ahead inc hosp",2021-06-08,"quantile",0.1,1.51559217487323
"44786",2021-05-15,"72","24  day ahead inc hosp",2021-06-08,"quantile",0.15,3.13763254554844
"44787",2021-05-15,"72","24  day ahead inc hosp",2021-06-08,"quantile",0.2,5.15564603683632
"44788",2021-05-15,"72","24  day ahead inc hosp",2021-06-08,"quantile",0.25,7.55299125106042
"44789",2021-05-15,"72","24  day ahead inc hosp",2021-06-08,"quantile",0.3,10.3430520809531
"44790",2021-05-15,"72","24  day ahead inc hosp",2021-06-08,"quantile",0.35,13.5596393487393
"44791",2021-05-15,"72","24  day ahead inc hosp",2021-06-08,"quantile",0.4,17.2554792250871
"44792",2021-05-15,"72","24  day ahead inc hosp",2021-06-08,"quantile",0.45,21.5047392868761
"44793",2021-05-15,"72","24  day ahead inc hosp",2021-06-08,"quantile",0.5,26.4090272304948
"44794",2021-05-15,"72","24  day ahead inc hosp",2021-06-08,"quantile",0.55,32.1078710544084
"44795",2021-05-15,"72","24  day ahead inc hosp",2021-06-08,"quantile",0.6,38.7963388270906
"44796",2021-05-15,"72","24  day ahead inc hosp",2021-06-08,"quantile",0.65,46.7553907423382
"44797",2021-05-15,"72","24  day ahead inc hosp",2021-06-08,"quantile",0.7,56.4070052750733
"44798",2021-05-15,"72","24  day ahead inc hosp",2021-06-08,"quantile",0.75,68.422229764628
"44799",2021-05-15,"72","24  day ahead inc hosp",2021-06-08,"quantile",0.8,83.9564129954089
"44800",2021-05-15,"72","24  day ahead inc hosp",2021-06-08,"quantile",0.85,105.244047456697
"44801",2021-05-15,"72","24  day ahead inc hosp",2021-06-08,"quantile",0.9,137.497221107091
"44802",2021-05-15,"72","24  day ahead inc hosp",2021-06-08,"quantile",0.95,198.263869865304
"44803",2021-05-15,"72","24  day ahead inc hosp",2021-06-08,"quantile",0.975,265.60289002701
"44804",2021-05-15,"72","24  day ahead inc hosp",2021-06-08,"quantile",0.99,363.984481032618
"44805",2021-05-15,"72","25  day ahead inc hosp",2021-06-09,"quantile",0.01,0.00112119178368573
"44806",2021-05-15,"72","25  day ahead inc hosp",2021-06-09,"quantile",0.025,0.0711839157802126
"44807",2021-05-15,"72","25  day ahead inc hosp",2021-06-09,"quantile",0.05,0.416597956086463
"44808",2021-05-15,"72","25  day ahead inc hosp",2021-06-09,"quantile",0.1,1.65445713310336
"44809",2021-05-15,"72","25  day ahead inc hosp",2021-06-09,"quantile",0.15,3.3937308862733
"44810",2021-05-15,"72","25  day ahead inc hosp",2021-06-09,"quantile",0.2,5.54644281730307
"44811",2021-05-15,"72","25  day ahead inc hosp",2021-06-09,"quantile",0.25,8.09532408253884
"44812",2021-05-15,"72","25  day ahead inc hosp",2021-06-09,"quantile",0.3,11.0546104923497
"44813",2021-05-15,"72","25  day ahead inc hosp",2021-06-09,"quantile",0.35,14.4598961809717
"44814",2021-05-15,"72","25  day ahead inc hosp",2021-06-09,"quantile",0.4,18.3665390972076
"44815",2021-05-15,"72","25  day ahead inc hosp",2021-06-09,"quantile",0.45,22.8523057411859
"44816",2021-05-15,"72","25  day ahead inc hosp",2021-06-09,"quantile",0.5,28.023649613025
"44817",2021-05-15,"72","25  day ahead inc hosp",2021-06-09,"quantile",0.55,34.0266746615123
"44818",2021-05-15,"72","25  day ahead inc hosp",2021-06-09,"quantile",0.6,41.0655612815497
"44819",2021-05-15,"72","25  day ahead inc hosp",2021-06-09,"quantile",0.65,49.4342994275966
"44820",2021-05-15,"72","25  day ahead inc hosp",2021-06-09,"quantile",0.7,59.5743114268822
"44821",2021-05-15,"72","25  day ahead inc hosp",2021-06-09,"quantile",0.75,72.1873745789525
"44822",2021-05-15,"72","25  day ahead inc hosp",2021-06-09,"quantile",0.8,88.4814114692935
"44823",2021-05-15,"72","25  day ahead inc hosp",2021-06-09,"quantile",0.85,110.79189178542
"44824",2021-05-15,"72","25  day ahead inc hosp",2021-06-09,"quantile",0.9,144.564521118525
"44825",2021-05-15,"72","25  day ahead inc hosp",2021-06-09,"quantile",0.95,208.125186221848
"44826",2021-05-15,"72","25  day ahead inc hosp",2021-06-09,"quantile",0.975,278.489251400426
"44827",2021-05-15,"72","25  day ahead inc hosp",2021-06-09,"quantile",0.99,381.20054092185
"44828",2021-05-15,"72","26  day ahead inc hosp",2021-06-10,"quantile",0.01,9.48318871520889e-05
"44829",2021-05-15,"72","26  day ahead inc hosp",2021-06-10,"quantile",0.025,0.0357606402957563
"44830",2021-05-15,"72","26  day ahead inc hosp",2021-06-10,"quantile",0.05,0.274752831945059
"44831",2021-05-15,"72","26  day ahead inc hosp",2021-06-10,"quantile",0.1,1.24988484112577
"44832",2021-05-15,"72","26  day ahead inc hosp",2021-06-10,"quantile",0.15,2.70334525148864
"44833",2021-05-15,"72","26  day ahead inc hosp",2021-06-10,"quantile",0.2,4.55630463588533
"44834",2021-05-15,"72","26  day ahead inc hosp",2021-06-10,"quantile",0.25,6.79211778025911
"44835",2021-05-15,"72","26  day ahead inc hosp",2021-06-10,"quantile",0.3,9.42356478101911
"44836",2021-05-15,"72","26  day ahead inc hosp",2021-06-10,"quantile",0.35,12.4838514413919
"44837",2021-05-15,"72","26  day ahead inc hosp",2021-06-10,"quantile",0.4,16.0252191329866
"44838",2021-05-15,"72","26  day ahead inc hosp",2021-06-10,"quantile",0.45,20.1215057885343
"44839",2021-05-15,"72","26  day ahead inc hosp",2021-06-10,"quantile",0.5,24.8741765721012
"44840",2021-05-15,"72","26  day ahead inc hosp",2021-06-10,"quantile",0.55,30.4228640804204
"44841",2021-05-15,"72","26  day ahead inc hosp",2021-06-10,"quantile",0.6,36.9631064078702
"44842",2021-05-15,"72","26  day ahead inc hosp",2021-06-10,"quantile",0.65,44.7769309754768
"44843",2021-05-15,"72","26  day ahead inc hosp",2021-06-10,"quantile",0.7,54.2884487248833
"44844",2021-05-15,"72","26  day ahead inc hosp",2021-06-10,"quantile",0.75,66.172913861902
"44845",2021-05-15,"72","26  day ahead inc hosp",2021-06-10,"quantile",0.8,81.5943659562255
"44846",2021-05-15,"72","26  day ahead inc hosp",2021-06-10,"quantile",0.85,102.807170223616
"44847",2021-05-15,"72","26  day ahead inc hosp",2021-06-10,"quantile",0.9,135.078165603178
"44848",2021-05-15,"72","26  day ahead inc hosp",2021-06-10,"quantile",0.95,196.177316426967
"44849",2021-05-15,"72","26  day ahead inc hosp",2021-06-10,"quantile",0.975,264.195520907659
"44850",2021-05-15,"72","26  day ahead inc hosp",2021-06-10,"quantile",0.99,363.963139895644
"44851",2021-05-15,"72","27  day ahead inc hosp",2021-06-11,"quantile",0.01,9.29190827323528e-05
"44852",2021-05-15,"72","27  day ahead inc hosp",2021-06-11,"quantile",0.025,0.0364613544871721
"44853",2021-05-15,"72","27  day ahead inc hosp",2021-06-11,"quantile",0.05,0.28143870312975
"44854",2021-05-15,"72","27  day ahead inc hosp",2021-06-11,"quantile",0.1,1.28311588126255
"44855",2021-05-15,"72","27  day ahead inc hosp",2021-06-11,"quantile",0.15,2.77754287690672
"44856",2021-05-15,"72","27  day ahead inc hosp",2021-06-11,"quantile",0.2,4.68361280985469
"44857",2021-05-15,"72","27  day ahead inc hosp",2021-06-11,"quantile",0.25,6.9841864552525
"44858",2021-05-15,"72","27  day ahead inc hosp",2021-06-11,"quantile",0.3,9.69242510149143
"44859",2021-05-15,"72","27  day ahead inc hosp",2021-06-11,"quantile",0.35,12.842532422501
"44860",2021-05-15,"72","27  day ahead inc hosp",2021-06-11,"quantile",0.4,16.4883256026669
"44861",2021-05-15,"72","27  day ahead inc hosp",2021-06-11,"quantile",0.45,20.7058750867201
"44862",2021-05-15,"72","27  day ahead inc hosp",2021-06-11,"quantile",0.5,25.5997188470369
"44863",2021-05-15,"72","27  day ahead inc hosp",2021-06-11,"quantile",0.55,31.3137232501259
"44864",2021-05-15,"72","27  day ahead inc hosp",2021-06-11,"quantile",0.6,38.0493609451174
"44865",2021-05-15,"72","27  day ahead inc hosp",2021-06-11,"quantile",0.65,46.0972258913786
"44866",2021-05-15,"72","27  day ahead inc hosp",2021-06-11,"quantile",0.7,55.8943210841246
"44867",2021-05-15,"72","27  day ahead inc hosp",2021-06-11,"quantile",0.75,68.1364422140426
"44868",2021-05-15,"72","27  day ahead inc hosp",2021-06-11,"quantile",0.8,84.0230666026182
"44869",2021-05-15,"72","27  day ahead inc hosp",2021-06-11,"quantile",0.85,105.877248737636
"44870",2021-05-15,"72","27  day ahead inc hosp",2021-06-11,"quantile",0.9,139.12646420938
"44871",2021-05-15,"72","27  day ahead inc hosp",2021-06-11,"quantile",0.95,202.083368650724
"44872",2021-05-15,"72","27  day ahead inc hosp",2021-06-11,"quantile",0.975,272.175592679234
"44873",2021-05-15,"72","27  day ahead inc hosp",2021-06-11,"quantile",0.99,374.992788031341
"44874",2021-05-15,"72","28  day ahead inc hosp",2021-06-12,"quantile",0.01,0.000115334844383503
"44875",2021-05-15,"72","28  day ahead inc hosp",2021-06-12,"quantile",0.025,0.0392220557275952
"44876",2021-05-15,"72","28  day ahead inc hosp",2021-06-12,"quantile",0.05,0.297665980192814
"44877",2021-05-15,"72","28  day ahead inc hosp",2021-06-12,"quantile",0.1,1.34623263349006
"44878",2021-05-15,"72","28  day ahead inc hosp",2021-06-12,"quantile",0.15,2.90525472079065
"44879",2021-05-15,"72","28  day ahead inc hosp",2021-06-12,"quantile",0.2,4.89033683651564
"44880",2021-05-15,"72","28  day ahead inc hosp",2021-06-12,"quantile",0.25,7.28369566010403
"44881",2021-05-15,"72","28  day ahead inc hosp",2021-06-12,"quantile",0.3,10.0989822767562
"44882",2021-05-15,"72","28  day ahead inc hosp",2021-06-12,"quantile",0.35,13.371643029536
"44883",2021-05-15,"72","28  day ahead inc hosp",2021-06-12,"quantile",0.4,17.1574274011151
"44884",2021-05-15,"72","28  day ahead inc hosp",2021-06-12,"quantile",0.45,21.5351168871757
"44885",2021-05-15,"72","28  day ahead inc hosp",2021-06-12,"quantile",0.5,26.6129559779549
"44886",2021-05-15,"72","28  day ahead inc hosp",2021-06-12,"quantile",0.55,32.5398925637733
"44887",2021-05-15,"72","28  day ahead inc hosp",2021-06-12,"quantile",0.6,39.5244938539969
"44888",2021-05-15,"72","28  day ahead inc hosp",2021-06-12,"quantile",0.65,47.8675598227243
"44889",2021-05-15,"72","28  day ahead inc hosp",2021-06-12,"quantile",0.7,58.021404458651
"44890",2021-05-15,"72","28  day ahead inc hosp",2021-06-12,"quantile",0.75,70.7061437536521
"44891",2021-05-15,"72","28  day ahead inc hosp",2021-06-12,"quantile",0.8,87.1630771708638
"44892",2021-05-15,"72","28  day ahead inc hosp",2021-06-12,"quantile",0.85,109.796037194629
"44893",2021-05-15,"72","28  day ahead inc hosp",2021-06-12,"quantile",0.9,144.22062178417
"44894",2021-05-15,"72","28  day ahead inc hosp",2021-06-12,"quantile",0.95,209.381513278755
"44895",2021-05-15,"72","28  day ahead inc hosp",2021-06-12,"quantile",0.975,281.905155132845
"44896",2021-05-15,"72","28  day ahead inc hosp",2021-06-12,"quantile",0.99,388.260674530575
"44897",2021-05-15,"72","29  day ahead inc hosp",2021-06-13,"quantile",0.01,1.53708313892131e-06
"44898",2021-05-15,"72","29  day ahead inc hosp",2021-06-13,"quantile",0.025,0.0228380405682534
"44899",2021-05-15,"72","29  day ahead inc hosp",2021-06-13,"quantile",0.05,0.230378084374361
"44900",2021-05-15,"72","29  day ahead inc hosp",2021-06-13,"quantile",0.1,1.18506984766783
"44901",2021-05-15,"72","29  day ahead inc hosp",2021-06-13,"quantile",0.15,2.68339696893468
"44902",2021-05-15,"72","29  day ahead inc hosp",2021-06-13,"quantile",0.2,4.64242817013448
"44903",2021-05-15,"72","29  day ahead inc hosp",2021-06-13,"quantile",0.25,7.04415445663609
"44904",2021-05-15,"72","29  day ahead inc hosp",2021-06-13,"quantile",0.3,9.90321444043617
"44905",2021-05-15,"72","29  day ahead inc hosp",2021-06-13,"quantile",0.35,13.2575130923388
"44906",2021-05-15,"72","29  day ahead inc hosp",2021-06-13,"quantile",0.4,17.1668770930972
"44907",2021-05-15,"72","29  day ahead inc hosp",2021-06-13,"quantile",0.45,21.7160970506352
"44908",2021-05-15,"72","29  day ahead inc hosp",2021-06-13,"quantile",0.5,27.0219342881853
"44909",2021-05-15,"72","29  day ahead inc hosp",2021-06-13,"quantile",0.55,33.2453384763316
"44910",2021-05-15,"72","29  day ahead inc hosp",2021-06-13,"quantile",0.6,40.6120111833054
"44911",2021-05-15,"72","29  day ahead inc hosp",2021-06-13,"quantile",0.65,49.4478826599233
"44912",2021-05-15,"72","29  day ahead inc hosp",2021-06-13,"quantile",0.7,60.2436465222362
"44913",2021-05-15,"72","29  day ahead inc hosp",2021-06-13,"quantile",0.75,73.7814567373021
"44914",2021-05-15,"72","29  day ahead inc hosp",2021-06-13,"quantile",0.8,91.4112373445531
"44915",2021-05-15,"72","29  day ahead inc hosp",2021-06-13,"quantile",0.85,115.750780883094
"44916",2021-05-15,"72","29  day ahead inc hosp",2021-06-13,"quantile",0.9,152.925440632561
"44917",2021-05-15,"72","29  day ahead inc hosp",2021-06-13,"quantile",0.95,223.644250288635
"44918",2021-05-15,"72","29  day ahead inc hosp",2021-06-13,"quantile",0.975,302.720552115789
"44919",2021-05-15,"72","29  day ahead inc hosp",2021-06-13,"quantile",0.99,419.150819864242
"44920",2021-05-15,"72","30  day ahead inc hosp",2021-06-14,"quantile",0.01,3.97811641294617e-11
"44921",2021-05-15,"72","30  day ahead inc hosp",2021-06-14,"quantile",0.025,0.016973374619115
"44922",2021-05-15,"72","30  day ahead inc hosp",2021-06-14,"quantile",0.05,0.200573541371801
"44923",2021-05-15,"72","30  day ahead inc hosp",2021-06-14,"quantile",0.1,1.10225736274084
"44924",2021-05-15,"72","30  day ahead inc hosp",2021-06-14,"quantile",0.15,2.55617669032079
"44925",2021-05-15,"72","30  day ahead inc hosp",2021-06-14,"quantile",0.2,4.48208833662377
"44926",2021-05-15,"72","30  day ahead inc hosp",2021-06-14,"quantile",0.25,6.86249403980252
"44927",2021-05-15,"72","30  day ahead inc hosp",2021-06-14,"quantile",0.3,9.71258593907326
"44928",2021-05-15,"72","30  day ahead inc hosp",2021-06-14,"quantile",0.35,13.0712180178957
"44929",2021-05-15,"72","30  day ahead inc hosp",2021-06-14,"quantile",0.4,16.9996962771464
"44930",2021-05-15,"72","30  day ahead inc hosp",2021-06-14,"quantile",0.45,21.5849664995834
"44931",2021-05-15,"72","30  day ahead inc hosp",2021-06-14,"quantile",0.5,26.9468457294299
"44932",2021-05-15,"72","30  day ahead inc hosp",2021-06-14,"quantile",0.55,33.250605900654
"44933",2021-05-15,"72","30  day ahead inc hosp",2021-06-14,"quantile",0.6,40.7281488084568
"44934",2021-05-15,"72","30  day ahead inc hosp",2021-06-14,"quantile",0.65,49.714544954088
"44935",2021-05-15,"72","30  day ahead inc hosp",2021-06-14,"quantile",0.7,60.7145212463871
"44936",2021-05-15,"72","30  day ahead inc hosp",2021-06-14,"quantile",0.75,74.5330404831667
"44937",2021-05-15,"72","30  day ahead inc hosp",2021-06-14,"quantile",0.8,92.5601965386612
"44938",2021-05-15,"72","30  day ahead inc hosp",2021-06-14,"quantile",0.85,117.493409314064
"44939",2021-05-15,"72","30  day ahead inc hosp",2021-06-14,"quantile",0.9,155.649129414482
"44940",2021-05-15,"72","30  day ahead inc hosp",2021-06-14,"quantile",0.95,228.403993237555
"44941",2021-05-15,"72","30  day ahead inc hosp",2021-06-14,"quantile",0.975,309.933524703923
"44942",2021-05-15,"72","30  day ahead inc hosp",2021-06-14,"quantile",0.99,430.199821148413
"44943",2021-05-15,"72","31  day ahead inc hosp",2021-06-15,"quantile",0.01,0
"44944",2021-05-15,"72","31  day ahead inc hosp",2021-06-15,"quantile",0.025,0.0138630213365053
"44945",2021-05-15,"72","31  day ahead inc hosp",2021-06-15,"quantile",0.05,0.183244984730173
"44946",2021-05-15,"72","31  day ahead inc hosp",2021-06-15,"quantile",0.1,1.05299173419204
"44947",2021-05-15,"72","31  day ahead inc hosp",2021-06-15,"quantile",0.15,2.48086090025121
"44948",2021-05-15,"72","31  day ahead inc hosp",2021-06-15,"quantile",0.2,4.38858906946438
"44949",2021-05-15,"72","31  day ahead inc hosp",2021-06-15,"quantile",0.25,6.75912844639148
"44950",2021-05-15,"72","31  day ahead inc hosp",2021-06-15,"quantile",0.3,9.60813500802738
"44951",2021-05-15,"72","31  day ahead inc hosp",2021-06-15,"quantile",0.35,12.9751970140313
"44952",2021-05-15,"72","31  day ahead inc hosp",2021-06-15,"quantile",0.4,16.9227274094164
"44953",2021-05-15,"72","31  day ahead inc hosp",2021-06-15,"quantile",0.45,21.5392600926903
"44954",2021-05-15,"72","31  day ahead inc hosp",2021-06-15,"quantile",0.5,26.9468457294299
"44955",2021-05-15,"72","31  day ahead inc hosp",2021-06-15,"quantile",0.55,33.3139007179896
"44956",2021-05-15,"72","31  day ahead inc hosp",2021-06-15,"quantile",0.6,40.8768236837907
"44957",2021-05-15,"72","31  day ahead inc hosp",2021-06-15,"quantile",0.65,49.9772997368991
"44958",2021-05-15,"72","31  day ahead inc hosp",2021-06-15,"quantile",0.7,61.1301939568709
"44959",2021-05-15,"72","31  day ahead inc hosp",2021-06-15,"quantile",0.75,75.1569228399708
"44960",2021-05-15,"72","31  day ahead inc hosp",2021-06-15,"quantile",0.8,93.4765180108504
"44961",2021-05-15,"72","31  day ahead inc hosp",2021-06-15,"quantile",0.85,118.843682671777
"44962",2021-05-15,"72","31  day ahead inc hosp",2021-06-15,"quantile",0.9,157.712135170655
"44963",2021-05-15,"72","31  day ahead inc hosp",2021-06-15,"quantile",0.95,231.937175249127
"44964",2021-05-15,"72","31  day ahead inc hosp",2021-06-15,"quantile",0.975,315.229804034118
"44965",2021-05-15,"72","31  day ahead inc hosp",2021-06-15,"quantile",0.99,438.243544447059
"44966",2021-05-15,"72","32  day ahead inc hosp",2021-06-16,"quantile",0.01,0
"44967",2021-05-15,"72","32  day ahead inc hosp",2021-06-16,"quantile",0.025,0.0112234871660553
"44968",2021-05-15,"72","32  day ahead inc hosp",2021-06-16,"quantile",0.05,0.167206812778538
"44969",2021-05-15,"72","32  day ahead inc hosp",2021-06-16,"quantile",0.1,1.00582295026634
"44970",2021-05-15,"72","32  day ahead inc hosp",2021-06-16,"quantile",0.15,2.40788593204971
"44971",2021-05-15,"72","32  day ahead inc hosp",2021-06-16,"quantile",0.2,4.29739303854828
"44972",2021-05-15,"72","32  day ahead inc hosp",2021-06-16,"quantile",0.25,6.65786171404814
"44973",2021-05-15,"72","32  day ahead inc hosp",2021-06-16,"quantile",0.3,9.50546990472557
"44974",2021-05-15,"72","32  day ahead inc hosp",2021-06-16,"quantile",0.35,12.8805745051065
"44975",2021-05-15,"72","32  day ahead inc hosp",2021-06-16,"quantile",0.4,16.8467185979256
"44976",2021-05-15,"72","32  day ahead inc hosp",2021-06-16,"quantile",0.45,21.4940421666619
"44977",2021-05-15,"72","32  day ahead inc hosp",2021-06-16,"quantile",0.5,26.9468457294299
"44978",2021-05-15,"72","32  day ahead inc hosp",2021-06-16,"quantile",0.55,33.3767073727282
"44979",2021-05-15,"72","32  day ahead inc hosp",2021-06-16,"quantile",0.6,41.0245437612331
"44980",2021-05-15,"72","32  day ahead inc hosp",2021-06-16,"quantile",0.65,50.2386841615145
"44981",2021-05-15,"72","32  day ahead inc hosp",2021-06-16,"quantile",0.7,61.5441773641996
"44982",2021-05-15,"72","32  day ahead inc hosp",2021-06-16,"quantile",0.75,75.7789705078067
"44983",2021-05-15,"72","32  day ahead inc hosp",2021-06-16,"quantile",0.8,94.3911766481864
"44984",2021-05-15,"72","32  day ahead inc hosp",2021-06-16,"quantile",0.85,120.193088032505
"44985",2021-05-15,"72","32  day ahead inc hosp",2021-06-16,"quantile",0.9,159.776487025517
"44986",2021-05-15,"72","32  day ahead inc hosp",2021-06-16,"quantile",0.95,235.478410052603
"44987",2021-05-15,"72","32  day ahead inc hosp",2021-06-16,"quantile",0.975,320.544448077341
"44988",2021-05-15,"72","32  day ahead inc hosp",2021-06-16,"quantile",0.99,446.324649394872
"44989",2021-05-15,"72","33  day ahead inc hosp",2021-06-17,"quantile",0.01,0
"44990",2021-05-15,"72","33  day ahead inc hosp",2021-06-17,"quantile",0.025,0.00899859029379141
"44991",2021-05-15,"72","33  day ahead inc hosp",2021-06-17,"quantile",0.05,0.152374573638659
"44992",2021-05-15,"72","33  day ahead inc hosp",2021-06-17,"quantile",0.1,0.960658009912697
"44993",2021-05-15,"72","33  day ahead inc hosp",2021-06-17,"quantile",0.15,2.33716481575228
"44994",2021-05-15,"72","33  day ahead inc hosp",2021-06-17,"quantile",0.2,4.20842347351338
"44995",2021-05-15,"72","33  day ahead inc hosp",2021-06-17,"quantile",0.25,6.55862890551238
"44996",2021-05-15,"72","33  day ahead inc hosp",2021-06-17,"quantile",0.3,9.40453825801682
"44997",2021-05-15,"72","33  day ahead inc hosp",2021-06-17,"quantile",0.35,12.787311036369
"44998",2021-05-15,"72","33  day ahead inc hosp",2021-06-17,"quantile",0.4,16.7716434749603
"44999",2021-05-15,"72","33  day ahead inc hosp",2021-06-17,"quantile",0.45,21.4492995215777
"45000",2021-05-15,"72","33  day ahead inc hosp",2021-06-17,"quantile",0.5,26.9468457294299
"45001",2021-05-15,"72","33  day ahead inc hosp",2021-06-17,"quantile",0.55,33.4390390647902
"45002",2021-05-15,"72","33  day ahead inc hosp",2021-06-17,"quantile",0.6,41.1713354084979
"45003",2021-05-15,"72","33  day ahead inc hosp",2021-06-17,"quantile",0.65,50.4987376826867
"45004",2021-05-15,"72","33  day ahead inc hosp",2021-06-17,"quantile",0.7,61.9565238395241
"45005",2021-05-15,"72","33  day ahead inc hosp",2021-06-17,"quantile",0.75,76.3992484239346
"45006",2021-05-15,"72","33  day ahead inc hosp",2021-06-17,"quantile",0.8,95.3042492210312
"45007",2021-05-15,"72","33  day ahead inc hosp",2021-06-17,"quantile",0.85,121.541712366213
"45008",2021-05-15,"72","33  day ahead inc hosp",2021-06-17,"quantile",0.9,161.842277980121
"45009",2021-05-15,"72","33  day ahead inc hosp",2021-06-17,"quantile",0.95,239.027782099861
"45010",2021-05-15,"72","33  day ahead inc hosp",2021-06-17,"quantile",0.975,325.877513015405
"45011",2021-05-15,"72","33  day ahead inc hosp",2021-06-17,"quantile",0.99,454.443129736786
"45012",2021-05-15,"72","34  day ahead inc hosp",2021-06-18,"quantile",0.01,0
"45013",2021-05-15,"72","34  day ahead inc hosp",2021-06-18,"quantile",0.025,0.00713723101529813
"45014",2021-05-15,"72","34  day ahead inc hosp",2021-06-18,"quantile",0.05,0.138669074002933
"45015",2021-05-15,"72","34  day ahead inc hosp",2021-06-18,"quantile",0.1,0.917408733692715
"45016",2021-05-15,"72","34  day ahead inc hosp",2021-06-18,"quantile",0.15,2.26861479393107
"45017",2021-05-15,"72","34  day ahead inc hosp",2021-06-18,"quantile",0.2,4.12160718846629
"45018",2021-05-15,"72","34  day ahead inc hosp",2021-06-18,"quantile",0.25,6.46136804705982
"45019",2021-05-15,"72","34  day ahead inc hosp",2021-06-18,"quantile",0.3,9.30529005100854
"45020",2021-05-15,"72","34  day ahead inc hosp",2021-06-18,"quantile",0.35,12.6953689088592
"45021",2021-05-15,"72","34  day ahead inc hosp",2021-06-18,"quantile",0.4,16.69747683859
"45022",2021-05-15,"72","34  day ahead inc hosp",2021-06-18,"quantile",0.45,21.4050195389847
"45023",2021-05-15,"72","34  day ahead inc hosp",2021-06-18,"quantile",0.5,26.9468457294299
"45024",2021-05-15,"72","34  day ahead inc hosp",2021-06-18,"quantile",0.55,33.5009084126285
"45025",2021-05-15,"72","34  day ahead inc hosp",2021-06-18,"quantile",0.6,41.3172238275152
"45026",2021-05-15,"72","34  day ahead inc hosp",2021-06-18,"quantile",0.65,50.7574979993751
"45027",2021-05-15,"72","34  day ahead inc hosp",2021-06-18,"quantile",0.7,62.3672833997371
"45028",2021-05-15,"72","34  day ahead inc hosp",2021-06-18,"quantile",0.75,77.0178185620787
"45029",2021-05-15,"72","34  day ahead inc hosp",2021-06-18,"quantile",0.8,96.2158089152785
"45030",2021-05-15,"72","34  day ahead inc hosp",2021-06-18,"quantile",0.85,122.889638430327
"45031",2021-05-15,"72","34  day ahead inc hosp",2021-06-18,"quantile",0.9,163.909596213904
"45032",2021-05-15,"72","34  day ahead inc hosp",2021-06-18,"quantile",0.95,242.585370584209
"45033",2021-05-15,"72","34  day ahead inc hosp",2021-06-18,"quantile",0.975,331.229049948015
"45034",2021-05-15,"72","34  day ahead inc hosp",2021-06-18,"quantile",0.99,462.59897512829
"45035",2021-05-15,"72","35  day ahead inc hosp",2021-06-19,"quantile",0.01,0
"45036",2021-05-15,"72","35  day ahead inc hosp",2021-06-19,"quantile",0.025,0.00559301636312959
"45037",2021-05-15,"72","35  day ahead inc hosp",2021-06-19,"quantile",0.05,0.12601602077516
"45038",2021-05-15,"72","35  day ahead inc hosp",2021-06-19,"quantile",0.1,0.87599145297048
"45039",2021-05-15,"72","35  day ahead inc hosp",2021-06-19,"quantile",0.15,2.20215705667317
"45040",2021-05-15,"72","35  day ahead inc hosp",2021-06-19,"quantile",0.2,4.03687435963355
"45041",2021-05-15,"72","35  day ahead inc hosp",2021-06-19,"quantile",0.25,6.36601994634363
"45042",2021-05-15,"72","35  day ahead inc hosp",2021-06-19,"quantile",0.3,9.20767747725399
"45043",2021-05-15,"72","35  day ahead inc hosp",2021-06-19,"quantile",0.35,12.6047120726083
"45044",2021-05-15,"72","35  day ahead inc hosp",2021-06-19,"quantile",0.4,16.6241945819509
"45045",2021-05-15,"72","35  day ahead inc hosp",2021-06-19,"quantile",0.45,21.3611901466809
"45046",2021-05-15,"72","35  day ahead inc hosp",2021-06-19,"quantile",0.5,26.9468457294299
"45047",2021-05-15,"72","35  day ahead inc hosp",2021-06-19,"quantile",0.55,33.562327488445
"45048",2021-05-15,"72","35  day ahead inc hosp",2021-06-19,"quantile",0.6,41.4622331251491
"45049",2021-05-15,"72","35  day ahead inc hosp",2021-06-19,"quantile",0.65,51.0150011615487
"45050",2021-05-15,"72","35  day ahead inc hosp",2021-06-19,"quantile",0.7,62.7765038512853
"45051",2021-05-15,"72","35  day ahead inc hosp",2021-06-19,"quantile",0.75,77.6347401145858
"45052",2021-05-15,"72","35  day ahead inc hosp",2021-06-19,"quantile",0.8,97.1259255547014
"45053",2021-05-15,"72","35  day ahead inc hosp",2021-06-19,"quantile",0.85,124.236945034762
"45054",2021-05-15,"72","35  day ahead inc hosp",2021-06-19,"quantile",0.9,165.978525395502
"45055",2021-05-15,"72","35  day ahead inc hosp",2021-06-19,"quantile",0.95,246.151249798743
"45056",2021-05-15,"72","35  day ahead inc hosp",2021-06-19,"quantile",0.975,336.599105268139
"45057",2021-05-15,"72","35  day ahead inc hosp",2021-06-19,"quantile",0.99,470.792171496238
"45058",2021-05-15,"72","36  day ahead inc hosp",2021-06-20,"quantile",0.01,0
"45059",2021-05-15,"72","36  day ahead inc hosp",2021-06-20,"quantile",0.025,0.00433156009486155
"45060",2021-05-15,"72","36  day ahead inc hosp",2021-06-20,"quantile",0.05,0.114434797060144
"45061",2021-05-15,"72","36  day ahead inc hosp",2021-06-20,"quantile",0.1,0.836722974889349
"45062",2021-05-15,"72","36  day ahead inc hosp",2021-06-20,"quantile",0.15,2.13851750195307
"45063",2021-05-15,"72","36  day ahead inc hosp",2021-06-20,"quantile",0.2,3.95542876073103
"45064",2021-05-15,"72","36  day ahead inc hosp",2021-06-20,"quantile",0.25,6.27432375016251
"45065",2021-05-15,"72","36  day ahead inc hosp",2021-06-20,"quantile",0.3,9.11403083773171
"45066",2021-05-15,"72","36  day ahead inc hosp",2021-06-20,"quantile",0.35,12.5183206425961
"45067",2021-05-15,"72","36  day ahead inc hosp",2021-06-20,"quantile",0.4,16.5554913887455
"45068",2021-05-15,"72","36  day ahead inc hosp",2021-06-20,"quantile",0.45,21.3222945055727
"45069",2021-05-15,"72","36  day ahead inc hosp",2021-06-20,"quantile",0.5,26.9522040019336
"45070",2021-05-15,"72","36  day ahead inc hosp",2021-06-20,"quantile",0.55,33.6296337522678
"45071",2021-05-15,"72","36  day ahead inc hosp",2021-06-20,"quantile",0.6,41.6138082000928
"45072",2021-05-15,"72","36  day ahead inc hosp",2021-06-20,"quantile",0.65,51.279962167261
"45073",2021-05-15,"72","36  day ahead inc hosp",2021-06-20,"quantile",0.7,63.1943839176094
"45074",2021-05-15,"72","36  day ahead inc hosp",2021-06-20,"quantile",0.75,78.2619889349416
"45075",2021-05-15,"72","36  day ahead inc hosp",2021-06-20,"quantile",0.8,98.0487804414599
"45076",2021-05-15,"72","36  day ahead inc hosp",2021-06-20,"quantile",0.85,125.600702767869
"45077",2021-05-15,"72","36  day ahead inc hosp",2021-06-20,"quantile",0.9,168.070290041764
"45078",2021-05-15,"72","36  day ahead inc hosp",2021-06-20,"quantile",0.95,249.753948959768
"45079",2021-05-15,"72","36  day ahead inc hosp",2021-06-20,"quantile",0.975,342.023748702986
"45080",2021-05-15,"72","36  day ahead inc hosp",2021-06-20,"quantile",0.99,479.069088155599
"45081",2021-05-15,"72","37  day ahead inc hosp",2021-06-21,"quantile",0.01,0
"45082",2021-05-15,"72","37  day ahead inc hosp",2021-06-21,"quantile",0.025,0.00329817894155036
"45083",2021-05-15,"72","37  day ahead inc hosp",2021-06-21,"quantile",0.05,0.103675377437503
"45084",2021-05-15,"72","37  day ahead inc hosp",2021-06-21,"quantile",0.1,0.798721737377697
"45085",2021-05-15,"72","37  day ahead inc hosp",2021-06-21,"quantile",0.15,2.07600486445783
"45086",2021-05-15,"72","37  day ahead inc hosp",2021-06-21,"quantile",0.2,3.87464630086523
"45087",2021-05-15,"72","37  day ahead inc hosp",2021-06-21,"quantile",0.25,6.18261416311211
"45088",2021-05-15,"72","37  day ahead inc hosp",2021-06-21,"quantile",0.3,9.01953579838673
"45089",2021-05-15,"72","37  day ahead inc hosp",2021-06-21,"quantile",0.35,12.4301164040066
"45090",2021-05-15,"72","37  day ahead inc hosp",2021-06-21,"quantile",0.4,16.4838975647656
"45091",2021-05-15,"72","37  day ahead inc hosp",2021-06-21,"quantile",0.45,21.2793253067908
"45092",2021-05-15,"72","37  day ahead inc hosp",2021-06-21,"quantile",0.5,26.9522040019336
"45093",2021-05-15,"72","37  day ahead inc hosp",2021-06-21,"quantile",0.55,33.6901950179923
"45094",2021-05-15,"72","37  day ahead inc hosp",2021-06-21,"quantile",0.6,41.7571466823645
"45095",2021-05-15,"72","37  day ahead inc hosp",2021-06-21,"quantile",0.65,51.5350854303383
"45096",2021-05-15,"72","37  day ahead inc hosp",2021-06-21,"quantile",0.7,63.600710306046
"45097",2021-05-15,"72","37  day ahead inc hosp",2021-06-21,"quantile",0.75,78.8758506464799
"45098",2021-05-15,"72","37  day ahead inc hosp",2021-06-21,"quantile",0.8,98.9563058750933
"45099",2021-05-15,"72","37  day ahead inc hosp",2021-06-21,"quantile",0.85,126.947128757768
"45100",2021-05-15,"72","37  day ahead inc hosp",2021-06-21,"quantile",0.9,170.142870758621
"45101",2021-05-15,"72","37  day ahead inc hosp",2021-06-21,"quantile",0.95,253.336920201504
"45102",2021-05-15,"72","37  day ahead inc hosp",2021-06-21,"quantile",0.975,347.431389225034
"45103",2021-05-15,"72","37  day ahead inc hosp",2021-06-21,"quantile",0.99,487.337530132154
